medicine_id,h,feature,contrib
MED00001,1,lag_1,0.00062
MED00002,1,lag_1,0.00054
MED00003,1,lag_1,0.00056
MED00004,1,lag_1,0.00049
MED00005,1,lag_1,0.00054
MED00006,1,lag_1,0.0009
MED00007,1,lag_1,0.00026
MED00008,1,lag_1,0.00196
MED00009,1,lag_1,0.00046
MED00010,1,lag_1,0.00089
MED00011,1,lag_1,0.00078
MED00012,1,lag_1,0.00042
MED00013,1,lag_1,0.00067
MED00014,1,lag_1,0.00033
MED00015,1,lag_1,0.00098
MED00016,1,lag_1,0.00023
MED00017,1,lag_1,0.00048
MED00018,1,lag_1,-0.00173
MED00020,1,lag_1,0.00051
MED00021,1,lag_1,0.00027
MED00022,1,lag_1,0.00068
MED00023,1,lag_1,0.00077
MED00024,1,lag_1,0.00099
MED00025,1,lag_1,0.00028
MED00026,1,lag_1,0.00083
MED00027,1,lag_1,0.00045
MED00028,1,lag_1,0.00196
MED00029,1,lag_1,0.00063
MED00030,1,lag_1,0.00063
MED00031,1,lag_1,0.00083
MED00032,1,lag_1,0.00058
MED00033,1,lag_1,0.00053
MED00034,1,lag_1,0.001
MED00035,1,lag_1,0.00031
MED00036,1,lag_1,0.00091
MED00037,1,lag_1,0.00054
MED00038,1,lag_1,0.00024
MED00039,1,lag_1,0.00068
MED00040,1,lag_1,0.00179
MED00041,1,lag_1,0.00057
MED00042,1,lag_1,0.00108
MED00043,1,lag_1,0.00056
MED00044,1,lag_1,0.00096
MED00045,1,lag_1,0.00039
MED00046,1,lag_1,0.0005
MED00047,1,lag_1,0.00054
MED00049,1,lag_1,0.00052
MED00050,1,lag_1,0.00092
MED00051,1,lag_1,0.00044
MED00052,1,lag_1,0.00072
MED00053,1,lag_1,0.00113
MED00054,1,lag_1,0.00034
MED00055,1,lag_1,0.0015
MED00056,1,lag_1,0.00119
MED00057,1,lag_1,0.00067
MED00058,1,lag_1,0.00041
MED00059,1,lag_1,0.0006
MED00060,1,lag_1,0.00071
MED00061,1,lag_1,0.00082
MED00062,1,lag_1,0.00034
MED00063,1,lag_1,0.00041
MED00064,1,lag_1,0.0004
MED00065,1,lag_1,-0.00127
MED00066,1,lag_1,0.00084
MED00067,1,lag_1,0.00064
MED00068,1,lag_1,0.00064
MED00069,1,lag_1,0.00028
MED00070,1,lag_1,0.00061
MED00071,1,lag_1,0.00084
MED00072,1,lag_1,0.00098
MED00073,1,lag_1,0.00084
MED00074,1,lag_1,0.00053
MED00075,1,lag_1,0.00062
MED00076,1,lag_1,0.00054
MED00077,1,lag_1,0.00115
MED00078,1,lag_1,0.00097
MED00079,1,lag_1,0.00059
MED00080,1,lag_1,0.00086
MED00081,1,lag_1,0.00055
MED00082,1,lag_1,0.00035
MED00083,1,lag_1,0.00049
MED00085,1,lag_1,0.00046
MED00086,1,lag_1,0.00049
MED00087,1,lag_1,0.0009
MED00088,1,lag_1,-0.0002
MED00089,1,lag_1,0.00102
MED00090,1,lag_1,0.00062
MED00091,1,lag_1,0.00097
MED00092,1,lag_1,0.00047
MED00093,1,lag_1,0.00085
MED00094,1,lag_1,0.0018
MED00095,1,lag_1,0.00065
MED00097,1,lag_1,0.00058
MED00098,1,lag_1,0.00064
MED00099,1,lag_1,0.00046
MED00100,1,lag_1,0.00045
MED00101,1,lag_1,0.00064
MED00102,1,lag_1,0.00092
MED00103,1,lag_1,0.0009
MED00104,1,lag_1,0.00062
MED00105,1,lag_1,0.00069
MED00106,1,lag_1,0.00041
MED00107,1,lag_1,0.00038
MED00108,1,lag_1,0.00041
MED00109,1,lag_1,0.00042
MED00110,1,lag_1,0.0005
MED00111,1,lag_1,0.00114
MED00112,1,lag_1,0.00092
MED00113,1,lag_1,0.00046
MED00114,1,lag_1,0.00075
MED00115,1,lag_1,0.00044
MED00116,1,lag_1,0.00065
MED00117,1,lag_1,0.00043
MED00118,1,lag_1,0.00096
MED00119,1,lag_1,0.00044
MED00120,1,lag_1,0.00133
MED00121,1,lag_1,0.00067
MED00122,1,lag_1,0.00048
MED00123,1,lag_1,0.00057
MED00124,1,lag_1,0.00061
MED00125,1,lag_1,0.00056
MED00126,1,lag_1,0.00049
MED00127,1,lag_1,0.00036
MED00128,1,lag_1,0.00092
MED00129,1,lag_1,0.00052
MED00130,1,lag_1,0.00051
MED00131,1,lag_1,0.00091
MED00132,1,lag_1,0.00055
MED00133,1,lag_1,0.0003
MED00134,1,lag_1,0.00049
MED00135,1,lag_1,0.00126
MED00136,1,lag_1,0.00053
MED00137,1,lag_1,0.00058
MED00138,1,lag_1,0.00094
MED00139,1,lag_1,0.0004
MED00140,1,lag_1,0.0009
MED00141,1,lag_1,0.00093
MED00142,1,lag_1,0.00031
MED00143,1,lag_1,0.00089
MED00144,1,lag_1,0.0009
MED00145,1,lag_1,0.00081
MED00147,1,lag_1,0.00066
MED00148,1,lag_1,0.0006
MED00149,1,lag_1,0.00088
MED00150,1,lag_1,0.00031
MED00151,1,lag_1,0.00038
MED00152,1,lag_1,0.00038
MED00153,1,lag_1,0.00044
MED00154,1,lag_1,-0.00021
MED00155,1,lag_1,0.00038
MED00156,1,lag_1,0.0007
MED00157,1,lag_1,0.00095
MED00158,1,lag_1,0.00048
MED00159,1,lag_1,0.00026
MED00160,1,lag_1,0.00088
MED00161,1,lag_1,0.00085
MED00162,1,lag_1,0.00093
MED00163,1,lag_1,0.00062
MED00164,1,lag_1,0.00098
MED00165,1,lag_1,0.00056
MED00166,1,lag_1,0.0009
MED00167,1,lag_1,0.00046
MED00168,1,lag_1,0.0003
MED00169,1,lag_1,0.00092
MED00170,1,lag_1,0.00063
MED00171,1,lag_1,0.00089
MED00172,1,lag_1,0.00058
MED00173,1,lag_1,0.00092
MED00174,1,lag_1,0.00071
MED00175,1,lag_1,0.00113
MED00176,1,lag_1,0.00049
MED00177,1,lag_1,0.00032
MED00178,1,lag_1,0.00088
MED00179,1,lag_1,0.00048
MED00180,1,lag_1,0.00042
MED00181,1,lag_1,0.00041
MED00182,1,lag_1,0.00045
MED00183,1,lag_1,0.001
MED00184,1,lag_1,0.00065
MED00185,1,lag_1,0.0012
MED00186,1,lag_1,0.00044
MED00187,1,lag_1,0.00051
MED00188,1,lag_1,0.00093
MED00189,1,lag_1,0.00056
MED00190,1,lag_1,0.00065
MED00191,1,lag_1,0.0006
MED00192,1,lag_1,0.00056
MED00193,1,lag_1,0.00051
MED00194,1,lag_1,0.00046
MED00195,1,lag_1,0.00053
MED00196,1,lag_1,0.00062
MED00197,1,lag_1,0.00055
MED00198,1,lag_1,0.00037
MED00199,1,lag_1,0.00045
MED00200,1,lag_1,0.00029
MED00201,1,lag_1,0.00109
MED00202,1,lag_1,0.00041
MED00203,1,lag_1,0.00068
MED00204,1,lag_1,0.00039
MED00205,1,lag_1,0.0004
MED00206,1,lag_1,0.00014
MED00207,1,lag_1,0.00091
MED00208,1,lag_1,0.00092
MED00209,1,lag_1,0.00062
MED00210,1,lag_1,0.00114
MED00211,1,lag_1,0.00036
MED00212,1,lag_1,0.00036
MED00213,1,lag_1,0.00049
MED00214,1,lag_1,0.00065
MED00215,1,lag_1,0.00092
MED00216,1,lag_1,0.00041
MED00217,1,lag_1,0.00066
MED00218,1,lag_1,0.00086
MED00219,1,lag_1,0.0013
MED00220,1,lag_1,0.00093
MED00221,1,lag_1,0.00078
MED00222,1,lag_1,0.00042
MED00223,1,lag_1,0.00066
MED00224,1,lag_1,0.00042
MED00225,1,lag_1,0.00048
MED00226,1,lag_1,0.00044
MED00227,1,lag_1,0.00048
MED00229,1,lag_1,0.00039
MED00230,1,lag_1,0.00033
MED00231,1,lag_1,0.00187
MED00232,1,lag_1,0.0003
MED00233,1,lag_1,0.00051
MED00234,1,lag_1,0.00045
MED00235,1,lag_1,-0.00054
MED00236,1,lag_1,0.00089
MED00237,1,lag_1,0.00083
MED00238,1,lag_1,0.00054
MED00239,1,lag_1,0.00042
MED00240,1,lag_1,0.00084
MED00241,1,lag_1,0.00095
MED00242,1,lag_1,0.00049
MED00243,1,lag_1,0.00054
MED00244,1,lag_1,0.00092
MED00245,1,lag_1,-0.00047
MED00246,1,lag_1,0.00098
MED00247,1,lag_1,0.00061
MED00248,1,lag_1,0.00092
MED00249,1,lag_1,0.00141
MED00250,1,lag_1,0.00052
MED00251,1,lag_1,0.00095
MED00252,1,lag_1,0.00038
MED00253,1,lag_1,0.00088
MED00254,1,lag_1,0.00037
MED00255,1,lag_1,0.00059
MED00256,1,lag_1,0.00054
MED00257,1,lag_1,0.00061
MED00258,1,lag_1,0.00095
MED00259,1,lag_1,0.00048
MED00260,1,lag_1,0.00092
MED00261,1,lag_1,0.00071
MED00262,1,lag_1,0.00067
MED00263,1,lag_1,0.00062
MED00264,1,lag_1,0.00039
MED00265,1,lag_1,0.00064
MED00266,1,lag_1,0.00146
MED00267,1,lag_1,0.00065
MED00268,1,lag_1,0.00092
MED00269,1,lag_1,0.00043
MED00270,1,lag_1,0.00062
MED00271,1,lag_1,0.00056
MED00272,1,lag_1,0.0004
MED00273,1,lag_1,0.00088
MED00274,1,lag_1,0.00055
MED00275,1,lag_1,0.00065
MED00276,1,lag_1,0.00088
MED00277,1,lag_1,0.00056
MED00278,1,lag_1,0.00064
MED00279,1,lag_1,0.00048
MED00280,1,lag_1,0.00054
MED00281,1,lag_1,0.00056
MED00282,1,lag_1,0.00089
MED00283,1,lag_1,0.00035
MED00284,1,lag_1,0.00098
MED00285,1,lag_1,0.00058
MED00286,1,lag_1,0.0009
MED00287,1,lag_1,0.00063
MED00288,1,lag_1,0.00034
MED00289,1,lag_1,0.00089
MED00290,1,lag_1,0.00037
MED00291,1,lag_1,0.00032
MED00292,1,lag_1,0.00043
MED00293,1,lag_1,0.00068
MED00294,1,lag_1,0.0005
MED00295,1,lag_1,0.00048
MED00296,1,lag_1,0.00044
MED00297,1,lag_1,0.00058
MED00298,1,lag_1,0.00049
MED00299,1,lag_1,0.00044
MED00300,1,lag_1,0.00042
MED00301,1,lag_1,0.00088
MED00302,1,lag_1,0.00069
MED00303,1,lag_1,0.00044
MED00304,1,lag_1,0.00035
MED00305,1,lag_1,0.00042
MED00306,1,lag_1,0.00051
MED00307,1,lag_1,-0.00051
MED00308,1,lag_1,0.00064
MED00309,1,lag_1,0.00052
MED00310,1,lag_1,0.00119
MED00311,1,lag_1,0.00077
MED00312,1,lag_1,0.00055
MED00313,1,lag_1,0.00028
MED00314,1,lag_1,0.00127
MED00315,1,lag_1,0.00065
MED00316,1,lag_1,0.00088
MED00317,1,lag_1,0.00041
MED00318,1,lag_1,0.00089
MED00319,1,lag_1,0.0006
MED00320,1,lag_1,0.00063
MED00321,1,lag_1,0.00452
MED00322,1,lag_1,0.00052
MED00323,1,lag_1,0.00057
MED00324,1,lag_1,0.00046
MED00325,1,lag_1,0.00094
MED00326,1,lag_1,0.0006
MED00327,1,lag_1,0.0004
MED00328,1,lag_1,0.00092
MED00329,1,lag_1,0.00056
MED00330,1,lag_1,0.00087
MED00331,1,lag_1,0.00092
MED00332,1,lag_1,0.00046
MED00333,1,lag_1,-0.0003
MED00334,1,lag_1,0.00062
MED00335,1,lag_1,0.00073
MED00336,1,lag_1,0.00086
MED00337,1,lag_1,-0.00139
MED00338,1,lag_1,0.00127
MED00339,1,lag_1,0.00094
MED00340,1,lag_1,0.00146
MED00341,1,lag_1,0.00069
MED00342,1,lag_1,0.00044
MED00343,1,lag_1,0.00062
MED00344,1,lag_1,0.00074
MED00345,1,lag_1,0.00052
MED00346,1,lag_1,0.00068
MED00347,1,lag_1,0.00045
MED00348,1,lag_1,0.00044
MED00349,1,lag_1,0.00086
MED00350,1,lag_1,0.00067
MED00351,1,lag_1,0.0005
MED00352,1,lag_1,0.00049
MED00353,1,lag_1,0.00052
MED00354,1,lag_1,0.00048
MED00355,1,lag_1,0.00067
MED00356,1,lag_1,0.00062
MED00357,1,lag_1,0.00067
MED00358,1,lag_1,0.0007
MED00359,1,lag_1,0.00042
MED00360,1,lag_1,0.00054
MED00361,1,lag_1,0.00048
MED00362,1,lag_1,0.00065
MED00363,1,lag_1,0.00089
MED00364,1,lag_1,0.00045
MED00365,1,lag_1,0.00094
MED00366,1,lag_1,0.0007
MED00367,1,lag_1,0.00039
MED00368,1,lag_1,0.00064
MED00369,1,lag_1,0.00061
MED00370,1,lag_1,0.00059
MED00371,1,lag_1,0.00106
MED00372,1,lag_1,0.00056
MED00373,1,lag_1,0.0019
MED00374,1,lag_1,0.00059
MED00375,1,lag_1,0.00094
MED00376,1,lag_1,0.00042
MED00377,1,lag_1,0.00064
MED00378,1,lag_1,0.00067
MED00379,1,lag_1,0.00029
MED00380,1,lag_1,0.00048
MED00381,1,lag_1,0.00044
MED00382,1,lag_1,0.00066
MED00383,1,lag_1,0.00065
MED00384,1,lag_1,0.00091
MED00385,1,lag_1,0.00032
MED00386,1,lag_1,0.0004
MED00387,1,lag_1,0.00022
MED00388,1,lag_1,0.00106
MED00389,1,lag_1,0.00053
MED00390,1,lag_1,0.00026
MED00391,1,lag_1,0.00033
MED00392,1,lag_1,0.0003
MED00393,1,lag_1,0.00029
MED00394,1,lag_1,0.00032
MED00395,1,lag_1,0.00031
MED00396,1,lag_1,-0.00019
MED00397,1,lag_1,-0.00129
MED00398,1,lag_1,-0.00071
MED00399,1,lag_1,-0.00095
MED00400,1,lag_1,-0.00099
MED00401,1,lag_1,0.00017
MED00402,1,lag_1,0.00015
MED00403,1,lag_1,0.00062
MED00404,1,lag_1,0.00058
MED00405,1,lag_1,0.00064
MED00406,1,lag_1,0.00033
MED00407,1,lag_1,0.00034
MED00408,1,lag_1,0.0006
MED00409,1,lag_1,0.00059
MED00410,1,lag_1,0.00057
MED00411,1,lag_1,0.0003
MED00412,1,lag_1,0.00055
MED00413,1,lag_1,0.00057
MED00415,1,lag_1,0.00114
MED00416,1,lag_1,0.00022
MED00417,1,lag_1,0.00058
MED00418,1,lag_1,0.00057
MED00419,1,lag_1,0.00057
MED00420,1,lag_1,0.00034
MED00422,1,lag_1,0.00032
MED00423,1,lag_1,0.00085
MED00424,1,lag_1,-0.00088
MED00001,2,lag_1,0.00054
MED00002,2,lag_1,0.00063
MED00003,2,lag_1,0.00062
MED00004,2,lag_1,0.0006
MED00005,2,lag_1,0.00059
MED00006,2,lag_1,0.00089
MED00008,2,lag_1,0.002
MED00009,2,lag_1,0.00034
MED00010,2,lag_1,0.0027
MED00011,2,lag_1,0.00097
MED00012,2,lag_1,0.00059
MED00013,2,lag_1,0.0007
MED00014,2,lag_1,0.00024
MED00015,2,lag_1,0.00092
MED00016,2,lag_1,0.00023
MED00017,2,lag_1,0.00057
MED00018,2,lag_1,-0.00329
MED00020,2,lag_1,0.00087
MED00021,2,lag_1,0.00027
MED00022,2,lag_1,0.00065
MED00023,2,lag_1,0.00074
MED00024,2,lag_1,0.00081
MED00025,2,lag_1,0.00049
MED00026,2,lag_1,0.00083
MED00027,2,lag_1,0.00053
MED00028,2,lag_1,0.00192
MED00029,2,lag_1,0.00061
MED00030,2,lag_1,0.0007
MED00031,2,lag_1,0.00106
MED00032,2,lag_1,0.00044
MED00033,2,lag_1,0.00053
MED00034,2,lag_1,0.00139
MED00035,2,lag_1,0.00038
MED00036,2,lag_1,0.00114
MED00037,2,lag_1,0.00045
MED00039,2,lag_1,0.00108
MED00040,2,lag_1,0.00179
MED00041,2,lag_1,0.00061
MED00042,2,lag_1,0.00159
MED00043,2,lag_1,0.00062
MED00044,2,lag_1,0.00083
MED00045,2,lag_1,0.00058
MED00046,2,lag_1,0.00047
MED00047,2,lag_1,0.00054
MED00049,2,lag_1,0.00059
MED00050,2,lag_1,0.00092
MED00051,2,lag_1,0.00066
MED00052,2,lag_1,0.00076
MED00053,2,lag_1,0.00147
MED00054,2,lag_1,0.00121
MED00055,2,lag_1,0.00147
MED00056,2,lag_1,0.00118
MED00057,2,lag_1,0.00064
MED00058,2,lag_1,0.00053
MED00059,2,lag_1,0.00059
MED00060,2,lag_1,0.00084
MED00061,2,lag_1,0.00072
MED00062,2,lag_1,0.00011
MED00063,2,lag_1,0.00062
MED00064,2,lag_1,0.00028
MED00065,2,lag_1,-0.00404
MED00066,2,lag_1,0.00077
MED00067,2,lag_1,0.00062
MED00068,2,lag_1,0.00049
MED00069,2,lag_1,0.00036
MED00070,2,lag_1,0.00051
MED00071,2,lag_1,0.00077
MED00072,2,lag_1,0.00098
MED00073,2,lag_1,0.00079
MED00074,2,lag_1,0.00045
MED00075,2,lag_1,0.00061
MED00076,2,lag_1,0.00061
MED00077,2,lag_1,0.00058
MED00078,2,lag_1,0.00312
MED00079,2,lag_1,0.00181
MED00080,2,lag_1,0.00081
MED00081,2,lag_1,0.00061
MED00082,2,lag_1,0.0004
MED00083,2,lag_1,0.0005
MED00084,2,lag_1,0.00049
MED00085,2,lag_1,0.00064
MED00086,2,lag_1,0.00053
MED00087,2,lag_1,0.0009
MED00088,2,lag_1,-0.00025
MED00089,2,lag_1,0.00204
MED00090,2,lag_1,0.0006
MED00091,2,lag_1,0.00091
MED00092,2,lag_1,0.0006
MED00093,2,lag_1,0.00086
MED00094,2,lag_1,0.0018
MED00095,2,lag_1,0.00065
MED00097,2,lag_1,0.00063
MED00098,2,lag_1,0.00062
MED00099,2,lag_1,0.00054
MED00100,2,lag_1,0.00058
MED00101,2,lag_1,0.00132
MED00102,2,lag_1,0.00089
MED00103,2,lag_1,0.0009
MED00104,2,lag_1,0.00058
MED00105,2,lag_1,0.00067
MED00106,2,lag_1,0.00062
MED00107,2,lag_1,0.00052
MED00108,2,lag_1,0.00056
MED00109,2,lag_1,0.00061
MED00110,2,lag_1,0.00056
MED00111,2,lag_1,0.00109
MED00112,2,lag_1,0.00087
MED00113,2,lag_1,0.00063
MED00114,2,lag_1,0.00099
MED00115,2,lag_1,0.00058
MED00116,2,lag_1,0.00061
MED00117,2,lag_1,0.00038
MED00118,2,lag_1,0.00094
MED00119,2,lag_1,0.00058
MED00120,2,lag_1,0.00175
MED00121,2,lag_1,0.0007
MED00122,2,lag_1,0.00057
MED00123,2,lag_1,0.00066
MED00124,2,lag_1,0.00052
MED00125,2,lag_1,0.00061
MED00126,2,lag_1,0.0006
MED00127,2,lag_1,0.00111
MED00128,2,lag_1,0.00092
MED00129,2,lag_1,0.00051
MED00130,2,lag_1,0.00056
MED00131,2,lag_1,0.00085
MED00132,2,lag_1,0.00064
MED00133,2,lag_1,0.00052
MED00134,2,lag_1,0.00056
MED00135,2,lag_1,0.00173
MED00136,2,lag_1,0.0009
MED00137,2,lag_1,0.00118
MED00138,2,lag_1,0.00099
MED00139,2,lag_1,0.00082
MED00140,2,lag_1,0.00085
MED00141,2,lag_1,0.00089
MED00142,2,lag_1,0.00047
MED00143,2,lag_1,0.00089
MED00144,2,lag_1,0.00094
MED00145,2,lag_1,0.00083
MED00146,2,lag_1,0.00014
MED00147,2,lag_1,0.00087
MED00148,2,lag_1,0.00042
MED00149,2,lag_1,0.00154
MED00150,2,lag_1,0.00037
MED00151,2,lag_1,0.00052
MED00152,2,lag_1,0.00052
MED00153,2,lag_1,0.00053
MED00154,2,lag_1,-0.00036
MED00155,2,lag_1,0.00052
MED00156,2,lag_1,0.0009
MED00157,2,lag_1,0.00098
MED00158,2,lag_1,0.00056
MED00159,2,lag_1,0.00075
MED00160,2,lag_1,0.00083
MED00161,2,lag_1,0.0008
MED00162,2,lag_1,0.00093
MED00163,2,lag_1,0.00065
MED00164,2,lag_1,0.00092
MED00165,2,lag_1,0.00058
MED00166,2,lag_1,0.0009
MED00167,2,lag_1,0.00063
MED00168,2,lag_1,0.00045
MED00169,2,lag_1,0.00157
MED00170,2,lag_1,0.00066
MED00171,2,lag_1,0.00089
MED00172,2,lag_1,0.00051
MED00173,2,lag_1,0.00093
MED00174,2,lag_1,0.00056
MED00175,2,lag_1,0.00119
MED00176,2,lag_1,0.00087
MED00177,2,lag_1,0.00053
MED00178,2,lag_1,0.00088
MED00179,2,lag_1,0.00055
MED00180,2,lag_1,0.00059
MED00181,2,lag_1,0.00051
MED00182,2,lag_1,0.00053
MED00183,2,lag_1,0.00143
MED00184,2,lag_1,0.00121
MED00185,2,lag_1,0.00312
MED00186,2,lag_1,0.00058
MED00187,2,lag_1,0.00063
MED00188,2,lag_1,0.00091
MED00189,2,lag_1,0.00061
MED00190,2,lag_1,0.0006
MED00191,2,lag_1,0.00096
MED00192,2,lag_1,0.00054
MED00193,2,lag_1,0.00059
MED00194,2,lag_1,0.00041
MED00195,2,lag_1,0.00034
MED00196,2,lag_1,0.00043
MED00197,2,lag_1,0.00024
MED00198,2,lag_1,0.00052
MED00199,2,lag_1,0.00068
MED00200,2,lag_1,0.00039
MED00201,2,lag_1,0.00086
MED00202,2,lag_1,0.00059
MED00203,2,lag_1,0.00067
MED00204,2,lag_1,0.00054
MED00205,2,lag_1,0.00041
MED00206,2,lag_1,0.00015
MED00207,2,lag_1,0.00087
MED00208,2,lag_1,0.00096
MED00209,2,lag_1,0.00071
MED00210,2,lag_1,0.00119
MED00211,2,lag_1,0.00057
MED00212,2,lag_1,0.00047
MED00213,2,lag_1,0.00055
MED00214,2,lag_1,0.00061
MED00215,2,lag_1,0.00087
MED00216,2,lag_1,0.00062
MED00217,2,lag_1,0.00067
MED00218,2,lag_1,0.00086
MED00219,2,lag_1,0.00133
MED00220,2,lag_1,0.001
MED00221,2,lag_1,0.00075
MED00222,2,lag_1,0.00058
MED00223,2,lag_1,0.00137
MED00224,2,lag_1,0.00055
MED00225,2,lag_1,0.00061
MED00226,2,lag_1,0.00053
MED00227,2,lag_1,0.00037
MED00228,2,lag_1,0.00014
MED00229,2,lag_1,0.00046
MED00230,2,lag_1,0.00041
MED00231,2,lag_1,0.00187
MED00232,2,lag_1,0.00046
MED00233,2,lag_1,0.00054
MED00234,2,lag_1,0.0006
MED00235,2,lag_1,-0.00316
MED00236,2,lag_1,-0.00058
MED00237,2,lag_1,0.00086
MED00238,2,lag_1,0.00058
MED00239,2,lag_1,0.00056
MED00240,2,lag_1,0.00079
MED00241,2,lag_1,0.0009
MED00242,2,lag_1,0.0003
MED00243,2,lag_1,0.00063
MED00244,2,lag_1,0.00087
MED00245,2,lag_1,-0.00335
MED00246,2,lag_1,0.00097
MED00247,2,lag_1,0.00052
MED00248,2,lag_1,-0.0006
MED00249,2,lag_1,0.00176
MED00250,2,lag_1,0.00042
MED00251,2,lag_1,0.0009
MED00252,2,lag_1,0.00054
MED00253,2,lag_1,0.00088
MED00254,2,lag_1,0.00052
MED00255,2,lag_1,0.00094
MED00256,2,lag_1,0.00033
MED00257,2,lag_1,0.00051
MED00258,2,lag_1,0.00093
MED00259,2,lag_1,0.00063
MED00260,2,lag_1,0.00094
MED00261,2,lag_1,0.00077
MED00262,2,lag_1,0.00061
MED00263,2,lag_1,0.00066
MED00264,2,lag_1,0.00058
MED00265,2,lag_1,0.00063
MED00266,2,lag_1,0.00193
MED00267,2,lag_1,0.00067
MED00268,2,lag_1,0.00092
MED00269,2,lag_1,0.00053
MED00270,2,lag_1,0.00065
MED00271,2,lag_1,0.00051
MED00272,2,lag_1,0.00028
MED00273,2,lag_1,0.00059
MED00274,2,lag_1,0.00065
MED00275,2,lag_1,0.00053
MED00276,2,lag_1,0.00088
MED00277,2,lag_1,0.00061
MED00278,2,lag_1,0.0006
MED00279,2,lag_1,0.00062
MED00280,2,lag_1,0.00055
MED00281,2,lag_1,0.00045
MED00282,2,lag_1,0.00081
MED00283,2,lag_1,0.00061
MED00284,2,lag_1,0.00087
MED00285,2,lag_1,0.00058
MED00286,2,lag_1,0.00089
MED00287,2,lag_1,0.00059
MED00288,2,lag_1,-0.00113
MED00289,2,lag_1,0.00087
MED00290,2,lag_1,0.00062
MED00291,2,lag_1,0.00114
MED00292,2,lag_1,0.00057
MED00293,2,lag_1,0.00067
MED00294,2,lag_1,0.0004
MED00295,2,lag_1,0.00056
MED00296,2,lag_1,0.00057
MED00297,2,lag_1,0.00053
MED00298,2,lag_1,0.00067
MED00299,2,lag_1,0.00056
MED00300,2,lag_1,0.0006
MED00301,2,lag_1,0.00159
MED00302,2,lag_1,0.0014
MED00303,2,lag_1,0.00063
MED00304,2,lag_1,0.00037
MED00305,2,lag_1,0.00059
MED00306,2,lag_1,0.00056
MED00307,2,lag_1,-0.0005
MED00308,2,lag_1,0.00091
MED00309,2,lag_1,0.00041
MED00310,2,lag_1,0.00096
MED00311,2,lag_1,0.001
MED00312,2,lag_1,0.00064
MED00313,2,lag_1,0.00036
MED00314,2,lag_1,0.00174
MED00315,2,lag_1,0.00061
MED00316,2,lag_1,0.00088
MED00317,2,lag_1,0.00051
MED00318,2,lag_1,0.00098
MED00319,2,lag_1,0.00056
MED00320,2,lag_1,0.00061
MED00321,2,lag_1,0.00461
MED00322,2,lag_1,0.00059
MED00323,2,lag_1,0.00068
MED00324,2,lag_1,0.00091
MED00325,2,lag_1,0.00094
MED00326,2,lag_1,0.00051
MED00327,2,lag_1,0.00057
MED00328,2,lag_1,0.0009
MED00329,2,lag_1,0.00056
MED00330,2,lag_1,0.00082
MED00331,2,lag_1,0.00095
MED00332,2,lag_1,0.00056
MED00334,2,lag_1,0.00036
MED00335,2,lag_1,0.00132
MED00336,2,lag_1,0.00157
MED00337,2,lag_1,-0.00491
MED00338,2,lag_1,0.00205
MED00339,2,lag_1,0.00081
MED00340,2,lag_1,0.00146
MED00341,2,lag_1,0.00067
MED00342,2,lag_1,0.00053
MED00343,2,lag_1,0.00058
MED00344,2,lag_1,0.00076
MED00345,2,lag_1,0.00059
MED00346,2,lag_1,0.00068
MED00347,2,lag_1,0.00064
MED00348,2,lag_1,0.00129
MED00349,2,lag_1,0.00086
MED00350,2,lag_1,0.0008
MED00351,2,lag_1,0.00057
MED00352,2,lag_1,0.00055
MED00353,2,lag_1,0.00053
MED00354,2,lag_1,0.00055
MED00355,2,lag_1,0.0006
MED00356,2,lag_1,0.0006
MED00357,2,lag_1,0.00073
MED00358,2,lag_1,0.00044
MED00359,2,lag_1,0.00059
MED00360,2,lag_1,0.00055
MED00361,2,lag_1,0.00066
MED00362,2,lag_1,0.00048
MED00363,2,lag_1,0.00089
MED00364,2,lag_1,0.00064
MED00365,2,lag_1,0.00095
MED00366,2,lag_1,0.00066
MED00367,2,lag_1,0.00054
MED00368,2,lag_1,0.00058
MED00369,2,lag_1,0.00056
MED00370,2,lag_1,0.00084
MED00371,2,lag_1,0.00133
MED00372,2,lag_1,0.00061
MED00373,2,lag_1,0.00182
MED00374,2,lag_1,0.00039
MED00375,2,lag_1,0.00192
MED00376,2,lag_1,0.00051
MED00377,2,lag_1,0.00069
MED00378,2,lag_1,0.00066
MED00379,2,lag_1,0.00037
MED00380,2,lag_1,0.00059
MED00381,2,lag_1,0.00063
MED00382,2,lag_1,0.00088
MED00383,2,lag_1,0.00066
MED00384,2,lag_1,0.00091
MED00385,2,lag_1,0.00012
MED00386,2,lag_1,0.00036
MED00387,2,lag_1,-0.0015
MED00388,2,lag_1,-0.00017
MED00389,2,lag_1,0.00027
MED00390,2,lag_1,0.00011
MED00391,2,lag_1,0.00023
MED00393,2,lag_1,-0.00121
MED00394,2,lag_1,-0.00117
MED00395,2,lag_1,-0.00121
MED00396,2,lag_1,-0.0007
MED00397,2,lag_1,-0.00472
MED00398,2,lag_1,-0.00294
MED00399,2,lag_1,-0.00319
MED00400,2,lag_1,-0.0034
MED00401,2,lag_1,-0.00011
MED00402,2,lag_1,-0.00011
MED00403,2,lag_1,0.0006
MED00404,2,lag_1,-0.00111
MED00405,2,lag_1,-0.00092
MED00406,2,lag_1,-0.00123
MED00408,2,lag_1,0.00032
MED00409,2,lag_1,0.00141
MED00410,2,lag_1,-0.00012
MED00412,2,lag_1,0.00036
MED00413,2,lag_1,0.00035
MED00415,2,lag_1,0.00096
MED00417,2,lag_1,0.00047
MED00418,2,lag_1,-0.00118
MED00419,2,lag_1,-0.00099
MED00420,2,lag_1,-0.00027
MED00421,2,lag_1,-0.00052
MED00423,2,lag_1,0.00056
MED00424,2,lag_1,-0.00269
MED00001,3,lag_1,0.00068
MED00002,3,lag_1,0.00078
MED00003,3,lag_1,0.00076
MED00004,3,lag_1,0.00074
MED00005,3,lag_1,0.00074
MED00006,3,lag_1,0.00104
MED00007,3,lag_1,0.00022
MED00008,3,lag_1,0.00214
MED00009,3,lag_1,0.00048
MED00010,3,lag_1,0.00285
MED00011,3,lag_1,0.00151
MED00012,3,lag_1,0.00073
MED00013,3,lag_1,0.00085
MED00014,3,lag_1,0.00039
MED00015,3,lag_1,0.00106
MED00016,3,lag_1,0.00037
MED00017,3,lag_1,0.00072
MED00018,3,lag_1,-0.00332
MED00019,3,lag_1,0.00054
MED00020,3,lag_1,0.00102
MED00021,3,lag_1,0.00041
MED00022,3,lag_1,0.0008
MED00023,3,lag_1,0.00089
MED00024,3,lag_1,0.00095
MED00025,3,lag_1,0.00064
MED00026,3,lag_1,0.00098
MED00027,3,lag_1,0.00068
MED00028,3,lag_1,0.00207
MED00029,3,lag_1,0.00076
MED00030,3,lag_1,0.00082
MED00031,3,lag_1,0.00121
MED00032,3,lag_1,0.00059
MED00033,3,lag_1,0.00068
MED00034,3,lag_1,0.00154
MED00035,3,lag_1,0.00052
MED00036,3,lag_1,0.00129
MED00037,3,lag_1,0.0006
MED00038,3,lag_1,0.00024
MED00039,3,lag_1,0.00123
MED00040,3,lag_1,0.00193
MED00041,3,lag_1,0.00076
MED00042,3,lag_1,0.00174
MED00043,3,lag_1,0.00076
MED00044,3,lag_1,0.00098
MED00045,3,lag_1,0.00073
MED00046,3,lag_1,0.00061
MED00047,3,lag_1,0.00069
MED00048,3,lag_1,0.00012
MED00049,3,lag_1,0.00074
MED00050,3,lag_1,0.00106
MED00051,3,lag_1,0.0008
MED00052,3,lag_1,0.00095
MED00053,3,lag_1,0.00162
MED00054,3,lag_1,0.00128
MED00055,3,lag_1,0.00162
MED00056,3,lag_1,0.00132
MED00057,3,lag_1,0.00079
MED00058,3,lag_1,0.00068
MED00059,3,lag_1,0.00075
MED00060,3,lag_1,0.00094
MED00061,3,lag_1,0.00087
MED00062,3,lag_1,0.00026
MED00063,3,lag_1,0.00076
MED00064,3,lag_1,0.00081
MED00065,3,lag_1,-0.00407
MED00066,3,lag_1,0.00092
MED00067,3,lag_1,0.00076
MED00068,3,lag_1,0.00064
MED00069,3,lag_1,0.00041
MED00070,3,lag_1,0.00066
MED00071,3,lag_1,0.00092
MED00072,3,lag_1,0.00113
MED00073,3,lag_1,0.00096
MED00074,3,lag_1,0.0006
MED00075,3,lag_1,0.00078
MED00076,3,lag_1,0.00076
MED00077,3,lag_1,0.00072
MED00078,3,lag_1,0.00326
MED00079,3,lag_1,0.00195
MED00080,3,lag_1,0.00096
MED00081,3,lag_1,0.00075
MED00082,3,lag_1,0.00055
MED00083,3,lag_1,0.00064
MED00084,3,lag_1,0.00101
MED00085,3,lag_1,0.00079
MED00086,3,lag_1,0.00068
MED00087,3,lag_1,0.00104
MED00088,3,lag_1,-0.00011
MED00089,3,lag_1,0.00218
MED00090,3,lag_1,0.00075
MED00091,3,lag_1,0.00106
MED00092,3,lag_1,0.00074
MED00093,3,lag_1,0.001
MED00094,3,lag_1,0.00195
MED00095,3,lag_1,0.00079
MED00097,3,lag_1,0.00077
MED00098,3,lag_1,0.00077
MED00099,3,lag_1,0.00069
MED00100,3,lag_1,0.00072
MED00101,3,lag_1,0.00147
MED00102,3,lag_1,0.00104
MED00103,3,lag_1,0.00105
MED00104,3,lag_1,0.00073
MED00105,3,lag_1,0.00085
MED00106,3,lag_1,0.00076
MED00107,3,lag_1,0.00067
MED00108,3,lag_1,0.0007
MED00109,3,lag_1,0.00076
MED00110,3,lag_1,0.00068
MED00111,3,lag_1,0.00123
MED00112,3,lag_1,0.00102
MED00113,3,lag_1,0.00078
MED00114,3,lag_1,0.00114
MED00115,3,lag_1,0.00073
MED00116,3,lag_1,0.00075
MED00117,3,lag_1,0.00052
MED00118,3,lag_1,0.00108
MED00119,3,lag_1,0.00072
MED00120,3,lag_1,0.0019
MED00121,3,lag_1,0.00085
MED00122,3,lag_1,0.00072
MED00123,3,lag_1,0.00076
MED00124,3,lag_1,0.00067
MED00125,3,lag_1,0.00076
MED00126,3,lag_1,0.00074
MED00127,3,lag_1,0.00118
MED00128,3,lag_1,0.00107
MED00129,3,lag_1,0.00066
MED00130,3,lag_1,0.00071
MED00131,3,lag_1,0.00099
MED00132,3,lag_1,0.00078
MED00133,3,lag_1,0.00067
MED00134,3,lag_1,0.00067
MED00135,3,lag_1,0.00187
MED00136,3,lag_1,0.00104
MED00137,3,lag_1,0.00133
MED00138,3,lag_1,0.00114
MED00139,3,lag_1,0.00097
MED00140,3,lag_1,0.00099
MED00141,3,lag_1,0.00104
MED00142,3,lag_1,0.00061
MED00143,3,lag_1,0.00103
MED00144,3,lag_1,0.00108
MED00145,3,lag_1,0.00097
MED00146,3,lag_1,0.00029
MED00147,3,lag_1,0.00102
MED00148,3,lag_1,0.00056
MED00149,3,lag_1,0.00169
MED00150,3,lag_1,0.00045
MED00151,3,lag_1,0.00067
MED00152,3,lag_1,0.00067
MED00153,3,lag_1,0.00068
MED00154,3,lag_1,-0.00022
MED00155,3,lag_1,0.00067
MED00156,3,lag_1,0.00105
MED00157,3,lag_1,0.00113
MED00158,3,lag_1,0.00071
MED00159,3,lag_1,0.00094
MED00160,3,lag_1,0.00097
MED00161,3,lag_1,0.00095
MED00162,3,lag_1,0.00107
MED00163,3,lag_1,0.0008
MED00164,3,lag_1,0.00106
MED00165,3,lag_1,0.00073
MED00166,3,lag_1,0.00105
MED00167,3,lag_1,0.00078
MED00168,3,lag_1,0.00059
MED00169,3,lag_1,0.00171
MED00170,3,lag_1,0.00081
MED00171,3,lag_1,0.00103
MED00172,3,lag_1,0.00066
MED00173,3,lag_1,0.0011
MED00174,3,lag_1,0.00071
MED00175,3,lag_1,0.00134
MED00176,3,lag_1,0.00101
MED00177,3,lag_1,0.00067
MED00178,3,lag_1,0.00103
MED00179,3,lag_1,0.0007
MED00180,3,lag_1,0.00074
MED00181,3,lag_1,0.00065
MED00182,3,lag_1,0.00068
MED00183,3,lag_1,0.00157
MED00184,3,lag_1,0.00136
MED00185,3,lag_1,0.00326
MED00186,3,lag_1,0.00073
MED00187,3,lag_1,0.00078
MED00188,3,lag_1,0.00105
MED00189,3,lag_1,0.00076
MED00190,3,lag_1,0.00075
MED00191,3,lag_1,0.00111
MED00192,3,lag_1,0.00069
MED00193,3,lag_1,0.00073
MED00194,3,lag_1,0.00056
MED00195,3,lag_1,0.00049
MED00196,3,lag_1,0.00058
MED00197,3,lag_1,0.00039
MED00198,3,lag_1,0.00066
MED00199,3,lag_1,0.00078
MED00200,3,lag_1,0.00054
MED00201,3,lag_1,0.00101
MED00202,3,lag_1,0.00074
MED00203,3,lag_1,0.00081
MED00204,3,lag_1,0.00069
MED00205,3,lag_1,0.00056
MED00206,3,lag_1,0.0003
MED00207,3,lag_1,0.00102
MED00208,3,lag_1,0.00108
MED00209,3,lag_1,0.00086
MED00210,3,lag_1,0.00134
MED00211,3,lag_1,0.00072
MED00212,3,lag_1,0.00062
MED00213,3,lag_1,0.00074
MED00214,3,lag_1,0.00075
MED00215,3,lag_1,0.00101
MED00216,3,lag_1,0.00076
MED00217,3,lag_1,0.00082
MED00218,3,lag_1,0.001
MED00219,3,lag_1,0.00148
MED00220,3,lag_1,0.00115
MED00221,3,lag_1,0.0009
MED00222,3,lag_1,0.00072
MED00223,3,lag_1,0.00151
MED00224,3,lag_1,0.0007
MED00225,3,lag_1,0.00066
MED00226,3,lag_1,0.00068
MED00227,3,lag_1,0.00052
MED00228,3,lag_1,0.00028
MED00229,3,lag_1,0.0006
MED00230,3,lag_1,0.00056
MED00231,3,lag_1,0.00201
MED00232,3,lag_1,0.0006
MED00233,3,lag_1,0.00069
MED00234,3,lag_1,0.00074
MED00235,3,lag_1,-0.0032
MED00236,3,lag_1,-0.00043
MED00237,3,lag_1,0.001
MED00238,3,lag_1,0.00072
MED00239,3,lag_1,0.00071
MED00240,3,lag_1,0.00093
MED00241,3,lag_1,0.00104
MED00242,3,lag_1,0.00045
MED00243,3,lag_1,0.00078
MED00244,3,lag_1,0.00102
MED00245,3,lag_1,-0.00339
MED00246,3,lag_1,0.00111
MED00247,3,lag_1,0.00067
MED00248,3,lag_1,-0.00047
MED00249,3,lag_1,0.0023
MED00250,3,lag_1,0.00057
MED00251,3,lag_1,0.00104
MED00252,3,lag_1,0.00069
MED00253,3,lag_1,0.00102
MED00254,3,lag_1,0.00067
MED00255,3,lag_1,0.00108
MED00256,3,lag_1,0.00048
MED00257,3,lag_1,0.00065
MED00258,3,lag_1,0.00108
MED00259,3,lag_1,0.00077
MED00260,3,lag_1,0.00109
MED00261,3,lag_1,0.00091
MED00262,3,lag_1,0.00076
MED00263,3,lag_1,0.0008
MED00264,3,lag_1,0.0007
MED00265,3,lag_1,0.00078
MED00266,3,lag_1,0.00207
MED00267,3,lag_1,0.00081
MED00268,3,lag_1,0.00107
MED00269,3,lag_1,0.00067
MED00270,3,lag_1,0.00079
MED00271,3,lag_1,0.00066
MED00272,3,lag_1,0.00033
MED00273,3,lag_1,0.00074
MED00274,3,lag_1,0.00079
MED00275,3,lag_1,0.00068
MED00276,3,lag_1,0.00103
MED00277,3,lag_1,0.00076
MED00278,3,lag_1,0.00075
MED00279,3,lag_1,0.00077
MED00280,3,lag_1,0.0007
MED00281,3,lag_1,0.00059
MED00282,3,lag_1,0.00096
MED00283,3,lag_1,0.00076
MED00284,3,lag_1,0.00101
MED00285,3,lag_1,0.00072
MED00286,3,lag_1,0.00103
MED00287,3,lag_1,0.00073
MED00288,3,lag_1,-0.00059
MED00289,3,lag_1,0.00102
MED00290,3,lag_1,0.00076
MED00291,3,lag_1,0.00128
MED00292,3,lag_1,0.00065
MED00293,3,lag_1,0.00081
MED00294,3,lag_1,0.00055
MED00295,3,lag_1,0.00071
MED00296,3,lag_1,0.00071
MED00297,3,lag_1,0.00068
MED00298,3,lag_1,0.0008
MED00299,3,lag_1,0.00071
MED00300,3,lag_1,0.00075
MED00301,3,lag_1,0.00173
MED00302,3,lag_1,0.00155
MED00303,3,lag_1,0.00078
MED00304,3,lag_1,0.00043
MED00305,3,lag_1,0.00073
MED00306,3,lag_1,0.00071
MED00308,3,lag_1,0.00106
MED00309,3,lag_1,0.00055
MED00310,3,lag_1,0.00104
MED00311,3,lag_1,0.00114
MED00312,3,lag_1,0.00075
MED00313,3,lag_1,0.00048
MED00314,3,lag_1,0.00189
MED00315,3,lag_1,0.00075
MED00316,3,lag_1,0.00103
MED00317,3,lag_1,0.00065
MED00318,3,lag_1,0.00113
MED00319,3,lag_1,0.00071
MED00320,3,lag_1,0.00076
MED00321,3,lag_1,0.00475
MED00322,3,lag_1,0.00074
MED00323,3,lag_1,0.00078
MED00324,3,lag_1,0.00107
MED00325,3,lag_1,0.00109
MED00326,3,lag_1,0.00066
MED00327,3,lag_1,0.00072
MED00328,3,lag_1,0.00105
MED00329,3,lag_1,0.0007
MED00330,3,lag_1,0.00095
MED00331,3,lag_1,0.0011
MED00332,3,lag_1,0.0007
MED00334,3,lag_1,0.00051
MED00335,3,lag_1,0.00146
MED00336,3,lag_1,0.00171
MED00337,3,lag_1,-0.00495
MED00338,3,lag_1,0.00219
MED00339,3,lag_1,0.00095
MED00340,3,lag_1,0.00161
MED00341,3,lag_1,0.00081
MED00342,3,lag_1,0.00068
MED00343,3,lag_1,0.00073
MED00344,3,lag_1,0.0009
MED00345,3,lag_1,0.00074
MED00346,3,lag_1,0.00082
MED00347,3,lag_1,0.00078
MED00348,3,lag_1,0.00144
MED00349,3,lag_1,0.00101
MED00350,3,lag_1,0.00095
MED00351,3,lag_1,0.00071
MED00352,3,lag_1,0.00066
MED00353,3,lag_1,0.00067
MED00354,3,lag_1,0.00074
MED00355,3,lag_1,0.00075
MED00356,3,lag_1,0.00075
MED00357,3,lag_1,0.00088
MED00358,3,lag_1,0.00058
MED00359,3,lag_1,0.00073
MED00360,3,lag_1,0.00072
MED00361,3,lag_1,0.00081
MED00362,3,lag_1,0.00062
MED00363,3,lag_1,0.00103
MED00364,3,lag_1,0.00078
MED00365,3,lag_1,0.00109
MED00366,3,lag_1,0.0008
MED00367,3,lag_1,0.00069
MED00368,3,lag_1,0.00072
MED00369,3,lag_1,0.00069
MED00370,3,lag_1,0.00099
MED00371,3,lag_1,0.00147
MED00372,3,lag_1,0.00076
MED00373,3,lag_1,0.00196
MED00374,3,lag_1,0.00054
MED00375,3,lag_1,0.00206
MED00376,3,lag_1,0.00066
MED00377,3,lag_1,0.00088
MED00378,3,lag_1,0.0008
MED00379,3,lag_1,0.00052
MED00380,3,lag_1,0.00074
MED00381,3,lag_1,0.00078
MED00382,3,lag_1,0.00103
MED00383,3,lag_1,0.00081
MED00384,3,lag_1,0.00106
MED00385,3,lag_1,0.00026
MED00386,3,lag_1,0.00051
MED00387,3,lag_1,-0.00135
MED00388,3,lag_1,0.00602
MED00389,3,lag_1,0.00042
MED00390,3,lag_1,0.00065
MED00391,3,lag_1,0.00038
MED00392,3,lag_1,0.00016
MED00393,3,lag_1,-0.00106
MED00394,3,lag_1,-0.00103
MED00395,3,lag_1,-0.00107
MED00396,3,lag_1,-0.00016
MED00397,3,lag_1,-0.00418
MED00398,3,lag_1,-0.00323
MED00399,3,lag_1,-0.00347
MED00400,3,lag_1,-0.00344
MED00403,3,lag_1,0.00074
MED00404,3,lag_1,-0.00096
MED00405,3,lag_1,-0.00077
MED00406,3,lag_1,-0.00108
MED00407,3,lag_1,0.0006
MED00408,3,lag_1,0.00047
MED00409,3,lag_1,0.00148
MED00411,3,lag_1,0.00021
MED00412,3,lag_1,0.00052
MED00413,3,lag_1,0.00049
MED00414,3,lag_1,0.00021
MED00415,3,lag_1,0.0011
MED00416,3,lag_1,0.00016
MED00417,3,lag_1,0.00062
MED00418,3,lag_1,-0.00103
MED00419,3,lag_1,-0.00084
MED00420,3,lag_1,0.00026
MED00422,3,lag_1,0.0002
MED00423,3,lag_1,0.00071
MED00424,3,lag_1,-0.00297
MED00001,4,lag_1,0.00053
MED00002,4,lag_1,0.00199
MED00003,4,lag_1,0.00097
MED00004,4,lag_1,0.00043
MED00005,4,lag_1,0.00076
MED00006,4,lag_1,0.0025
MED00007,4,lag_1,0.00022
MED00008,4,lag_1,-0.00447
MED00009,4,lag_1,0.0035
MED00010,4,lag_1,0.0047
MED00011,4,lag_1,0.00157
MED00012,4,lag_1,0.00084
MED00013,4,lag_1,0.00093
MED00014,4,lag_1,0.00028
MED00015,4,lag_1,-0.00496
MED00016,4,lag_1,0.00035
MED00017,4,lag_1,0.00077
MED00018,4,lag_1,-0.00335
MED00019,4,lag_1,0.00052
MED00020,4,lag_1,0.00096
MED00021,4,lag_1,0.00045
MED00022,4,lag_1,0.0008
MED00023,4,lag_1,0.00066
MED00024,4,lag_1,0.00145
MED00025,4,lag_1,0.00192
MED00026,4,lag_1,-0.00474
MED00027,4,lag_1,0.00195
MED00028,4,lag_1,-0.00458
MED00029,4,lag_1,0.0005
MED00030,4,lag_1,0.0006
MED00031,4,lag_1,0.00105
MED00032,4,lag_1,0.00061
MED00033,4,lag_1,0.00037
MED00034,4,lag_1,0.00159
MED00035,4,lag_1,0.00016
MED00036,4,lag_1,0.00101
MED00037,4,lag_1,0.00055
MED00038,4,lag_1,0.00018
MED00039,4,lag_1,0.00251
MED00040,4,lag_1,0.0034
MED00041,4,lag_1,0.00338
MED00042,4,lag_1,0.00143
MED00043,4,lag_1,0.00097
MED00044,4,lag_1,0.00149
MED00045,4,lag_1,0.00032
MED00046,4,lag_1,0.00097
MED00047,4,lag_1,0.00076
MED00049,4,lag_1,0.00199
MED00050,4,lag_1,0.00107
MED00051,4,lag_1,0.00101
MED00052,4,lag_1,0.0028
MED00053,4,lag_1,0.00148
MED00054,4,lag_1,0.00129
MED00055,4,lag_1,0.00122
MED00056,4,lag_1,0.00333
MED00057,4,lag_1,0.00141
MED00058,4,lag_1,0.00089
MED00059,4,lag_1,0.0008
MED00060,4,lag_1,0.00138
MED00061,4,lag_1,-0.00518
MED00062,4,lag_1,0.00016
MED00063,4,lag_1,0.00202
MED00064,4,lag_1,0.00127
MED00065,4,lag_1,-0.00413
MED00066,4,lag_1,-0.00511
MED00067,4,lag_1,0.00078
MED00068,4,lag_1,0.00055
MED00069,4,lag_1,0.00072
MED00070,4,lag_1,0.00058
MED00071,4,lag_1,0.00089
MED00072,4,lag_1,0.00112
MED00073,4,lag_1,0.00093
MED00074,4,lag_1,0.0006
MED00075,4,lag_1,0.00078
MED00076,4,lag_1,0.00093
MED00077,4,lag_1,0.00059
MED00078,4,lag_1,0.00445
MED00079,4,lag_1,0.00424
MED00080,4,lag_1,0.00097
MED00081,4,lag_1,0.00097
MED00082,4,lag_1,0.00085
MED00083,4,lag_1,0.00108
MED00084,4,lag_1,0.001
MED00085,4,lag_1,0.00096
MED00086,4,lag_1,0.00193
MED00087,4,lag_1,0.00264
MED00088,4,lag_1,-0.00013
MED00089,4,lag_1,0.00216
MED00090,4,lag_1,0.00075
MED00091,4,lag_1,0.00155
MED00092,4,lag_1,0.00091
MED00093,4,lag_1,-0.00558
MED00094,4,lag_1,-0.00463
MED00095,4,lag_1,0.0008
MED00097,4,lag_1,0.00203
MED00098,4,lag_1,0.00084
MED00099,4,lag_1,0.00197
MED00100,4,lag_1,0.00093
MED00101,4,lag_1,0.0015
MED00102,4,lag_1,0.00103
MED00103,4,lag_1,0.00251
MED00104,4,lag_1,0.00069
MED00105,4,lag_1,0.00084
MED00106,4,lag_1,0.00202
MED00107,4,lag_1,0.00111
MED00108,4,lag_1,0.00114
MED00109,4,lag_1,0.00045
MED00110,4,lag_1,0.0004
MED00111,4,lag_1,-0.00726
MED00112,4,lag_1,0.00246
MED00113,4,lag_1,0.00095
MED00114,4,lag_1,0.00416
MED00115,4,lag_1,0.00078
MED00116,4,lag_1,0.00118
MED00117,4,lag_1,0.0032
MED00118,4,lag_1,0.00254
MED00119,4,lag_1,0.00078
MED00120,4,lag_1,0.00209
MED00121,4,lag_1,0.00095
MED00122,4,lag_1,0.00115
MED00123,4,lag_1,0.00344
MED00124,4,lag_1,0.00063
MED00125,4,lag_1,0.00097
MED00126,4,lag_1,0.00043
MED00127,4,lag_1,0.00408
MED00128,4,lag_1,0.00251
MED00129,4,lag_1,0.00212
MED00130,4,lag_1,0.00196
MED00131,4,lag_1,0.00148
MED00132,4,lag_1,0.00346
MED00133,4,lag_1,0.00329
MED00134,4,lag_1,0.0004
MED00135,4,lag_1,0.00193
MED00136,4,lag_1,0.00631
MED00137,4,lag_1,0.00103
MED00138,4,lag_1,0.00072
MED00139,4,lag_1,0.001
MED00140,4,lag_1,0.00243
MED00141,4,lag_1,0.00105
MED00142,4,lag_1,0.00083
MED00143,4,lag_1,0.00247
MED00144,4,lag_1,0.00117
MED00145,4,lag_1,0.00282
MED00146,4,lag_1,0.00029
MED00147,4,lag_1,0.00118
MED00148,4,lag_1,0.00058
MED00149,4,lag_1,0.00174
MED00150,4,lag_1,0.00081
MED00151,4,lag_1,0.00072
MED00152,4,lag_1,0.00072
MED00153,4,lag_1,0.00073
MED00154,4,lag_1,-0.00026
MED00155,4,lag_1,0.0011
MED00156,4,lag_1,0.00123
MED00157,4,lag_1,0.00122
MED00158,4,lag_1,0.00199
MED00159,4,lag_1,0.00086
MED00160,4,lag_1,0.00103
MED00161,4,lag_1,0.00096
MED00162,4,lag_1,0.00068
MED00163,4,lag_1,0.00247
MED00164,4,lag_1,0.00155
MED00165,4,lag_1,0.00375
MED00166,4,lag_1,0.00251
MED00167,4,lag_1,0.00095
MED00168,4,lag_1,0.00039
MED00169,4,lag_1,0.00315
MED00170,4,lag_1,0.00083
MED00171,4,lag_1,0.00247
MED00172,4,lag_1,0.00064
MED00173,4,lag_1,0.00101
MED00174,4,lag_1,0.00067
MED00175,4,lag_1,0.00104
MED00176,4,lag_1,0.0008
MED00177,4,lag_1,0.00191
MED00178,4,lag_1,0.00102
MED00179,4,lag_1,0.00039
MED00180,4,lag_1,0.00095
MED00181,4,lag_1,0.00073
MED00182,4,lag_1,0.00196
MED00183,4,lag_1,0.00165
MED00184,4,lag_1,0.00122
MED00185,4,lag_1,0.00605
MED00186,4,lag_1,0.00078
MED00187,4,lag_1,0.0036
MED00188,4,lag_1,0.0011
MED00189,4,lag_1,0.00097
MED00190,4,lag_1,0.00219
MED00191,4,lag_1,0.00074
MED00192,4,lag_1,0.00132
MED00193,4,lag_1,0.00198
MED00194,4,lag_1,0.00357
MED00195,4,lag_1,0.00351
MED00196,4,lag_1,0.00359
MED00197,4,lag_1,0.00033
MED00198,4,lag_1,0.00072
MED00199,4,lag_1,0.00365
MED00200,4,lag_1,0.00023
MED00201,4,lag_1,0.00102
MED00202,4,lag_1,0.00084
MED00203,4,lag_1,0.00082
MED00204,4,lag_1,0.00035
MED00205,4,lag_1,0.00057
MED00206,4,lag_1,0.00031
MED00207,4,lag_1,0.00246
MED00208,4,lag_1,0.00118
MED00209,4,lag_1,0.00153
MED00210,4,lag_1,0.00098
MED00211,4,lag_1,0.0008
MED00212,4,lag_1,0.00347
MED00213,4,lag_1,0.00043
MED00214,4,lag_1,0.00068
MED00215,4,lag_1,0.0006
MED00216,4,lag_1,0.00202
MED00217,4,lag_1,0.00099
MED00218,4,lag_1,0.00102
MED00219,4,lag_1,0.00151
MED00220,4,lag_1,0.0009
MED00221,4,lag_1,0.00141
MED00222,4,lag_1,0.00093
MED00223,4,lag_1,0.00921
MED00224,4,lag_1,0.00077
MED00225,4,lag_1,0.0011
MED00226,4,lag_1,0.001
MED00227,4,lag_1,0.00044
MED00228,4,lag_1,0.00087
MED00229,4,lag_1,0.00029
MED00230,4,lag_1,0.001
MED00231,4,lag_1,0.00345
MED00232,4,lag_1,0.0003
MED00233,4,lag_1,0.00331
MED00234,4,lag_1,0.0008
MED00235,4,lag_1,-0.00323
MED00236,4,lag_1,0.00085
MED00237,4,lag_1,0.00082
MED00238,4,lag_1,0.00216
MED00239,4,lag_1,0.00111
MED00240,4,lag_1,0.00094
MED00241,4,lag_1,0.00063
MED00242,4,lag_1,0.00347
MED00243,4,lag_1,0.00199
MED00244,4,lag_1,0.00248
MED00245,4,lag_1,-0.0036
MED00246,4,lag_1,0.00121
MED00247,4,lag_1,0.00063
MED00248,4,lag_1,-0.00066
MED00249,4,lag_1,0.00236
MED00250,4,lag_1,0.00049
MED00251,4,lag_1,0.00248
MED00252,4,lag_1,0.00253
MED00253,4,lag_1,0.00103
MED00254,4,lag_1,0.00251
MED00255,4,lag_1,0.00087
MED00256,4,lag_1,0.00191
MED00257,4,lag_1,0.00057
MED00258,4,lag_1,0.00252
MED00259,4,lag_1,0.0012
MED00260,4,lag_1,0.00253
MED00261,4,lag_1,0.00113
MED00262,4,lag_1,0.00075
MED00263,4,lag_1,0.00085
MED00264,4,lag_1,0.00042
MED00265,4,lag_1,0.00076
MED00266,4,lag_1,0.0025
MED00267,4,lag_1,0.0009
MED00268,4,lag_1,0.00107
MED00269,4,lag_1,0.00073
MED00270,4,lag_1,0.00082
MED00271,4,lag_1,0.00067
MED00272,4,lag_1,0.00334
MED00273,4,lag_1,0.00106
MED00274,4,lag_1,0.00342
MED00275,4,lag_1,0.00042
MED00276,4,lag_1,0.00246
MED00277,4,lag_1,0.00097
MED00278,4,lag_1,0.00067
MED00279,4,lag_1,0.00067
MED00280,4,lag_1,0.00086
MED00281,4,lag_1,0.00034
MED00282,4,lag_1,0.00126
MED00283,4,lag_1,0.00112
MED00284,4,lag_1,0.0015
MED00285,4,lag_1,0.00079
MED00286,4,lag_1,0.00102
MED00287,4,lag_1,0.0007
MED00288,4,lag_1,-0.00068
MED00289,4,lag_1,0.00108
MED00290,4,lag_1,0.00082
MED00292,4,lag_1,0.00125
MED00293,4,lag_1,0.00086
MED00294,4,lag_1,0.0009
MED00295,4,lag_1,0.00199
MED00296,4,lag_1,-0.00081
MED00297,4,lag_1,0.00075
MED00298,4,lag_1,0.00097
MED00299,4,lag_1,0.00038
MED00300,4,lag_1,0.00085
MED00301,4,lag_1,0.00181
MED00302,4,lag_1,0.0016
MED00303,4,lag_1,0.00364
MED00304,4,lag_1,0.00086
MED00305,4,lag_1,0.00084
MED00306,4,lag_1,0.0004
MED00307,4,lag_1,-0.00019
MED00308,4,lag_1,0.00111
MED00309,4,lag_1,0.00085
MED00310,4,lag_1,0.00152
MED00311,4,lag_1,0.00093
MED00312,4,lag_1,0.00342
MED00313,4,lag_1,0.00052
MED00314,4,lag_1,0.00033
MED00315,4,lag_1,0.00072
MED00316,4,lag_1,0.00104
MED00317,4,lag_1,0.00073
MED00318,4,lag_1,0.00147
MED00319,4,lag_1,0.00068
MED00320,4,lag_1,-0.00071
MED00321,4,lag_1,0.00477
MED00322,4,lag_1,0.00199
MED00323,4,lag_1,0.00357
MED00324,4,lag_1,0.00395
MED00325,4,lag_1,0.00112
MED00326,4,lag_1,0.00062
MED00327,4,lag_1,0.00074
MED00328,4,lag_1,0.00112
MED00329,4,lag_1,0.00077
MED00330,4,lag_1,0.00096
MED00331,4,lag_1,0.00112
MED00332,4,lag_1,0.00113
MED00333,4,lag_1,0.00027
MED00334,4,lag_1,0.00047
MED00335,4,lag_1,0.00152
MED00336,4,lag_1,0.00172
MED00337,4,lag_1,-0.00517
MED00338,4,lag_1,0.00067
MED00339,4,lag_1,0.00146
MED00340,4,lag_1,0.00322
MED00341,4,lag_1,0.00081
MED00342,4,lag_1,0.00073
MED00343,4,lag_1,0.00069
MED00344,4,lag_1,0.00091
MED00345,4,lag_1,0.00199
MED00346,4,lag_1,0.00227
MED00347,4,lag_1,0.001
MED00348,4,lag_1,0.00174
MED00349,4,lag_1,0.00245
MED00350,4,lag_1,0.00096
MED00351,4,lag_1,0.0004
MED00352,4,lag_1,0.00039
MED00353,4,lag_1,0.00036
MED00354,4,lag_1,0.00043
MED00355,4,lag_1,0.00065
MED00356,4,lag_1,0.00077
MED00357,4,lag_1,0.00208
MED00358,4,lag_1,0.00046
MED00359,4,lag_1,0.00084
MED00360,4,lag_1,0.0007
MED00361,4,lag_1,0.00098
MED00362,4,lag_1,0.0006
MED00363,4,lag_1,0.00062
MED00364,4,lag_1,0.001
MED00365,4,lag_1,0.00253
MED00366,4,lag_1,0.00077
MED00367,4,lag_1,0.00035
MED00368,4,lag_1,0.00066
MED00369,4,lag_1,0.0007
MED00370,4,lag_1,0.00418
MED00371,4,lag_1,0.00147
MED00372,4,lag_1,0.00097
MED00373,4,lag_1,-0.0059
MED00374,4,lag_1,0.00053
MED00375,4,lag_1,0.00212
MED00376,4,lag_1,0.00073
MED00377,4,lag_1,0.00512
MED00378,4,lag_1,0.00224
MED00379,4,lag_1,0.00053
MED00380,4,lag_1,0.00043
MED00381,4,lag_1,0.00042
MED00382,4,lag_1,0.00136
MED00383,4,lag_1,0.0008
MED00384,4,lag_1,0.00106
MED00385,4,lag_1,0.00032
MED00386,4,lag_1,0.00049
MED00387,4,lag_1,-0.00156
MED00388,4,lag_1,0.006
MED00389,4,lag_1,0.00036
MED00390,4,lag_1,0.00057
MED00391,4,lag_1,0.00012
MED00393,4,lag_1,-0.0012
MED00394,4,lag_1,-0.00118
MED00395,4,lag_1,-0.00118
MED00396,4,lag_1,-0.00037
MED00397,4,lag_1,-0.00439
MED00398,4,lag_1,-0.00344
MED00399,4,lag_1,-0.00369
MED00400,4,lag_1,-0.00346
MED00403,4,lag_1,0.00085
MED00404,4,lag_1,-0.00106
MED00405,4,lag_1,-0.00103
MED00406,4,lag_1,-0.00134
MED00407,4,lag_1,0.00054
MED00408,4,lag_1,0.00043
MED00409,4,lag_1,0.00124
MED00410,4,lag_1,-0.00019
MED00411,4,lag_1,0.00011
MED00412,4,lag_1,0.00042
MED00413,4,lag_1,0.00053
MED00414,4,lag_1,0.00012
MED00415,4,lag_1,0.00112
MED00417,4,lag_1,0.00053
MED00418,4,lag_1,-0.00129
MED00419,4,lag_1,-0.0011
MED00421,4,lag_1,-0.00018
MED00422,4,lag_1,0.00011
MED00423,4,lag_1,0.0006
MED00424,4,lag_1,-0.00302
MED00001,5,lag_1,0.00058
MED00002,5,lag_1,0.00138
MED00003,5,lag_1,0.00115
MED00004,5,lag_1,0.00114
MED00005,5,lag_1,0.00144
MED00006,5,lag_1,0.00138
MED00007,5,lag_1,0.00031
MED00008,5,lag_1,0.00308
MED00009,5,lag_1,0.00343
MED00010,5,lag_1,0.00415
MED00011,5,lag_1,0.00112
MED00012,5,lag_1,0.00093
MED00013,5,lag_1,0.00086
MED00014,5,lag_1,0.00041
MED00015,5,lag_1,0.00199
MED00016,5,lag_1,0.00035
MED00017,5,lag_1,0.0012
MED00018,5,lag_1,-0.00321
MED00019,5,lag_1,0.00031
MED00020,5,lag_1,0.00095
MED00021,5,lag_1,0.0023
MED00022,5,lag_1,0.00081
MED00023,5,lag_1,0.00096
MED00024,5,lag_1,0.0011
MED00025,5,lag_1,0.00104
MED00026,5,lag_1,0.00155
MED00027,5,lag_1,0.00108
MED00028,5,lag_1,0.00301
MED00029,5,lag_1,0.00047
MED00030,5,lag_1,0.00065
MED00031,5,lag_1,0.00109
MED00032,5,lag_1,0.00043
MED00033,5,lag_1,0.00108
MED00034,5,lag_1,0.0022
MED00035,5,lag_1,0.00103
MED00036,5,lag_1,0.00207
MED00037,5,lag_1,0.00034
MED00038,5,lag_1,0.00017
MED00039,5,lag_1,0.00143
MED00040,5,lag_1,0.00223
MED00041,5,lag_1,0.0037
MED00042,5,lag_1,0.00175
MED00043,5,lag_1,0.00115
MED00044,5,lag_1,0.00113
MED00045,5,lag_1,0.00047
MED00046,5,lag_1,0.0022
MED00047,5,lag_1,0.00077
MED00049,5,lag_1,0.00112
MED00050,5,lag_1,0.00158
MED00051,5,lag_1,0.00118
MED00052,5,lag_1,0.00154
MED00053,5,lag_1,0.00107
MED00054,5,lag_1,-0.00237
MED00055,5,lag_1,0.0018
MED00056,5,lag_1,0.00098
MED00057,5,lag_1,0.00082
MED00058,5,lag_1,0.00129
MED00059,5,lag_1,0.00086
MED00060,5,lag_1,0.00267
MED00061,5,lag_1,0.00183
MED00063,5,lag_1,0.00114
MED00064,5,lag_1,0.00141
MED00065,5,lag_1,-0.00322
MED00066,5,lag_1,0.00184
MED00067,5,lag_1,0.00078
MED00068,5,lag_1,0.00061
MED00069,5,lag_1,0.00233
MED00070,5,lag_1,0.0005
MED00071,5,lag_1,0.00109
MED00072,5,lag_1,0.00115
MED00073,5,lag_1,0.00105
MED00074,5,lag_1,0.00069
MED00075,5,lag_1,0.00057
MED00076,5,lag_1,0.00135
MED00077,5,lag_1,0.00052
MED00078,5,lag_1,0.00692
MED00079,5,lag_1,0.00502
MED00080,5,lag_1,0.00097
MED00081,5,lag_1,0.00114
MED00082,5,lag_1,0.00238
MED00083,5,lag_1,0.00247
MED00084,5,lag_1,0.00184
MED00085,5,lag_1,0.00098
MED00086,5,lag_1,0.00042
MED00087,5,lag_1,0.00154
MED00088,5,lag_1,0.00072
MED00089,5,lag_1,0.00235
MED00090,5,lag_1,0.00072
MED00091,5,lag_1,0.00118
MED00092,5,lag_1,0.00094
MED00093,5,lag_1,0.00195
MED00094,5,lag_1,0.00284
MED00095,5,lag_1,0.00086
MED00097,5,lag_1,0.00052
MED00098,5,lag_1,0.00093
MED00099,5,lag_1,0.0011
MED00100,5,lag_1,0.0011
MED00101,5,lag_1,0.00149
MED00102,5,lag_1,0.00148
MED00103,5,lag_1,0.00139
MED00104,5,lag_1,0.00067
MED00105,5,lag_1,0.0009
MED00106,5,lag_1,0.00114
MED00107,5,lag_1,0.0012
MED00108,5,lag_1,0.00119
MED00109,5,lag_1,0.00116
MED00110,5,lag_1,0.00111
MED00111,5,lag_1,0.00184
MED00112,5,lag_1,0.00134
MED00113,5,lag_1,0.00098
MED00114,5,lag_1,0.00418
MED00115,5,lag_1,0.00116
MED00116,5,lag_1,0.00133
MED00117,5,lag_1,0.00327
MED00118,5,lag_1,0.00138
MED00119,5,lag_1,0.00116
MED00120,5,lag_1,0.00221
MED00121,5,lag_1,0.00104
MED00122,5,lag_1,0.0012
MED00123,5,lag_1,0.00351
MED00124,5,lag_1,0.00061
MED00125,5,lag_1,0.00114
MED00126,5,lag_1,0.00114
MED00127,5,lag_1,0.00421
MED00128,5,lag_1,0.00139
MED00129,5,lag_1,0.00106
MED00130,5,lag_1,0.00109
MED00131,5,lag_1,0.00112
MED00132,5,lag_1,0.00344
MED00133,5,lag_1,0.00361
MED00134,5,lag_1,0.0011
MED00135,5,lag_1,0.00214
MED00136,5,lag_1,0.00402
MED00137,5,lag_1,0.00191
MED00138,5,lag_1,0.00117
MED00139,5,lag_1,0.00149
MED00140,5,lag_1,0.00129
MED00141,5,lag_1,0.00105
MED00142,5,lag_1,0.00036
MED00143,5,lag_1,0.00136
MED00144,5,lag_1,0.00126
MED00145,5,lag_1,0.00158
MED00146,5,lag_1,0.00024
MED00147,5,lag_1,0.00261
MED00148,5,lag_1,0.00053
MED00149,5,lag_1,0.00178
MED00150,5,lag_1,0.00111
MED00151,5,lag_1,0.0011
MED00152,5,lag_1,0.0011
MED00153,5,lag_1,0.00111
MED00154,5,lag_1,-0.00033
MED00155,5,lag_1,0.00117
MED00156,5,lag_1,0.00238
MED00157,5,lag_1,0.00122
MED00158,5,lag_1,0.00109
MED00159,5,lag_1,0.00166
MED00160,5,lag_1,0.00107
MED00161,5,lag_1,0.00102
MED00162,5,lag_1,0.00108
MED00163,5,lag_1,0.00161
MED00164,5,lag_1,0.00123
MED00165,5,lag_1,0.00377
MED00166,5,lag_1,0.00139
MED00167,5,lag_1,0.00098
MED00168,5,lag_1,0.00084
MED00169,5,lag_1,0.00201
MED00170,5,lag_1,0.00083
MED00171,5,lag_1,0.00136
MED00172,5,lag_1,0.00072
MED00173,5,lag_1,0.00187
MED00174,5,lag_1,0.00076
MED00175,5,lag_1,0.00128
MED00176,5,lag_1,0.00064
MED00177,5,lag_1,0.00132
MED00178,5,lag_1,0.00101
MED00179,5,lag_1,0.00112
MED00180,5,lag_1,0.00135
MED00181,5,lag_1,0.00111
MED00182,5,lag_1,0.0011
MED00183,5,lag_1,0.00186
MED00184,5,lag_1,0.00184
MED00185,5,lag_1,0.00749
MED00186,5,lag_1,0.00116
MED00187,5,lag_1,0.00383
MED00188,5,lag_1,0.00112
MED00189,5,lag_1,0.00114
MED00190,5,lag_1,0.00107
MED00191,5,lag_1,0.00069
MED00192,5,lag_1,0.00148
MED00193,5,lag_1,0.00111
MED00194,5,lag_1,0.0036
MED00195,5,lag_1,0.00353
MED00196,5,lag_1,0.00361
MED00197,5,lag_1,0.00028
MED00198,5,lag_1,0.0011
MED00199,5,lag_1,0.00432
MED00200,5,lag_1,0.00037
MED00201,5,lag_1,0.00096
MED00202,5,lag_1,0.00093
MED00203,5,lag_1,0.0008
MED00204,5,lag_1,0.00078
MED00205,5,lag_1,0.00063
MED00206,5,lag_1,0.00019
MED00207,5,lag_1,0.00134
MED00208,5,lag_1,0.00126
MED00209,5,lag_1,0.00151
MED00210,5,lag_1,0.00151
MED00211,5,lag_1,0.00123
MED00212,5,lag_1,0.00332
MED00213,5,lag_1,0.00114
MED00214,5,lag_1,0.00068
MED00215,5,lag_1,0.00104
MED00216,5,lag_1,0.00114
MED00217,5,lag_1,0.00142
MED00218,5,lag_1,0.00109
MED00219,5,lag_1,0.00177
MED00220,5,lag_1,0.00132
MED00221,5,lag_1,0.00106
MED00222,5,lag_1,0.00046
MED00223,5,lag_1,0.00316
MED00224,5,lag_1,0.00115
MED00225,5,lag_1,0.00114
MED00226,5,lag_1,0.00226
MED00227,5,lag_1,0.00053
MED00228,5,lag_1,0.0009
MED00229,5,lag_1,0.001
MED00230,5,lag_1,0.00116
MED00231,5,lag_1,0.00236
MED00232,5,lag_1,-0.00116
MED00233,5,lag_1,0.00364
MED00234,5,lag_1,0.00116
MED00235,5,lag_1,-0.00337
MED00236,5,lag_1,-0.00028
MED00237,5,lag_1,0.001
MED00238,5,lag_1,0.00104
MED00239,5,lag_1,0.00124
MED00240,5,lag_1,0.00097
MED00241,5,lag_1,0.00104
MED00242,5,lag_1,0.00349
MED00243,5,lag_1,0.00138
MED00244,5,lag_1,0.00136
MED00245,5,lag_1,-0.00352
MED00246,5,lag_1,0.00127
MED00247,5,lag_1,0.00061
MED00248,5,lag_1,-0.0006
MED00249,5,lag_1,0.00192
MED00250,5,lag_1,0.00044
MED00251,5,lag_1,0.00137
MED00252,5,lag_1,0.00065
MED00253,5,lag_1,0.00112
MED00254,5,lag_1,0.00062
MED00255,5,lag_1,0.00096
MED00256,5,lag_1,0.00079
MED00257,5,lag_1,0.00063
MED00258,5,lag_1,0.0014
MED00259,5,lag_1,0.00125
MED00260,5,lag_1,0.00208
MED00261,5,lag_1,0.00221
MED00262,5,lag_1,0.0008
MED00263,5,lag_1,0.00086
MED00264,5,lag_1,0.00112
MED00265,5,lag_1,0.00071
MED00266,5,lag_1,0.00276
MED00267,5,lag_1,0.00099
MED00268,5,lag_1,0.00112
MED00269,5,lag_1,0.00111
MED00270,5,lag_1,0.00083
MED00271,5,lag_1,-0.00308
MED00272,5,lag_1,0.00337
MED00273,5,lag_1,0.00075
MED00274,5,lag_1,0.00346
MED00275,5,lag_1,0.00046
MED00276,5,lag_1,0.00136
MED00277,5,lag_1,0.00114
MED00278,5,lag_1,0.00068
MED00279,5,lag_1,0.00128
MED00280,5,lag_1,0.00129
MED00281,5,lag_1,0.00035
MED00282,5,lag_1,0.00095
MED00283,5,lag_1,0.001
MED00284,5,lag_1,0.00116
MED00285,5,lag_1,0.00083
MED00286,5,lag_1,0.00113
MED00287,5,lag_1,0.00073
MED00288,5,lag_1,0.00045
MED00289,5,lag_1,0.00092
MED00290,5,lag_1,0.0012
MED00292,5,lag_1,0.00239
MED00293,5,lag_1,0.00099
MED00294,5,lag_1,0.00213
MED00295,5,lag_1,0.00106
MED00296,5,lag_1,0.00093
MED00297,5,lag_1,0.00078
MED00298,5,lag_1,0.00099
MED00299,5,lag_1,0.00045
MED00300,5,lag_1,0.00094
MED00301,5,lag_1,0.00184
MED00302,5,lag_1,0.00226
MED00303,5,lag_1,0.00359
MED00304,5,lag_1,0.00239
MED00305,5,lag_1,0.00093
MED00306,5,lag_1,0.00107
MED00308,5,lag_1,0.00213
MED00309,5,lag_1,0.00247
MED00310,5,lag_1,0.00098
MED00311,5,lag_1,0.00104
MED00312,5,lag_1,0.00346
MED00313,5,lag_1,0.00106
MED00314,5,lag_1,0.00227
MED00315,5,lag_1,0.00069
MED00316,5,lag_1,0.00111
MED00317,5,lag_1,0.00111
MED00318,5,lag_1,0.00298
MED00319,5,lag_1,0.00065
MED00320,5,lag_1,-0.00069
MED00321,5,lag_1,0.00136
MED00322,5,lag_1,0.00112
MED00323,5,lag_1,0.00394
MED00324,5,lag_1,0.00459
MED00325,5,lag_1,0.0012
MED00326,5,lag_1,0.0006
MED00327,5,lag_1,0.00086
MED00328,5,lag_1,0.00116
MED00329,5,lag_1,0.00079
MED00330,5,lag_1,0.00103
MED00331,5,lag_1,0.00113
MED00332,5,lag_1,0.00118
MED00333,5,lag_1,0.0003
MED00334,5,lag_1,0.00042
MED00335,5,lag_1,0.00208
MED00336,5,lag_1,0.00179
MED00337,5,lag_1,-0.00489
MED00338,5,lag_1,0.00283
MED00339,5,lag_1,0.0011
MED00340,5,lag_1,0.0023
MED00341,5,lag_1,0.00087
MED00342,5,lag_1,0.00111
MED00343,5,lag_1,0.00067
MED00344,5,lag_1,0.00139
MED00345,5,lag_1,0.00112
MED00346,5,lag_1,0.0012
MED00347,5,lag_1,0.00116
MED00348,5,lag_1,0.00212
MED00349,5,lag_1,0.00133
MED00350,5,lag_1,0.00151
MED00351,5,lag_1,0.00111
MED00352,5,lag_1,0.0011
MED00353,5,lag_1,0.00107
MED00354,5,lag_1,0.00114
MED00355,5,lag_1,0.00071
MED00356,5,lag_1,0.00077
MED00357,5,lag_1,0.00147
MED00358,5,lag_1,0.00042
MED00359,5,lag_1,0.00093
MED00360,5,lag_1,0.0009
MED00361,5,lag_1,0.00101
MED00362,5,lag_1,0.00069
MED00363,5,lag_1,0.00102
MED00364,5,lag_1,0.00116
MED00365,5,lag_1,0.00142
MED00366,5,lag_1,0.00079
MED00367,5,lag_1,0.00069
MED00368,5,lag_1,0.00065
MED00369,5,lag_1,0.00071
MED00370,5,lag_1,0.00381
MED00371,5,lag_1,0.00162
MED00372,5,lag_1,0.00114
MED00373,5,lag_1,0.0026
MED00374,5,lag_1,0.00049
MED00375,5,lag_1,0.00233
MED00376,5,lag_1,0.00111
MED00377,5,lag_1,0.00416
MED00378,5,lag_1,0.00113
MED00379,5,lag_1,0.00108
MED00380,5,lag_1,0.00114
MED00381,5,lag_1,0.00141
MED00382,5,lag_1,0.00267
MED00383,5,lag_1,0.00084
MED00384,5,lag_1,0.0011
MED00385,5,lag_1,0.00034
MED00386,5,lag_1,0.00053
MED00387,5,lag_1,-0.00168
MED00388,5,lag_1,0.00632
MED00389,5,lag_1,0.00033
MED00390,5,lag_1,0.00051
MED00391,5,lag_1,0.00015
MED00393,5,lag_1,-0.00114
MED00394,5,lag_1,-0.00114
MED00395,5,lag_1,-0.00114
MED00396,5,lag_1,-0.00028
MED00397,5,lag_1,-0.00428
MED00398,5,lag_1,-0.00354
MED00399,5,lag_1,-0.00363
MED00400,5,lag_1,-0.00579
MED00403,5,lag_1,0.00091
MED00404,5,lag_1,-0.00106
MED00405,5,lag_1,-0.00102
MED00406,5,lag_1,-0.00135
MED00407,5,lag_1,0.00066
MED00408,5,lag_1,0.00036
MED00409,5,lag_1,0.00138
MED00410,5,lag_1,-1e-04
MED00411,5,lag_1,0.00024
MED00412,5,lag_1,0.00031
MED00413,5,lag_1,0.0004
MED00414,5,lag_1,0.00019
MED00415,5,lag_1,0.00099
MED00416,5,lag_1,0.00016
MED00417,5,lag_1,0.00054
MED00418,5,lag_1,-0.00125
MED00419,5,lag_1,-0.00109
MED00421,5,lag_1,-0.00027
MED00422,5,lag_1,0.00025
MED00423,5,lag_1,0.00061
MED00424,5,lag_1,-0.00193
MED00001,6,lag_1,0.00057
MED00002,6,lag_1,0.00129
MED00003,6,lag_1,0.00131
MED00004,6,lag_1,0.0013
MED00005,6,lag_1,0.00128
MED00006,6,lag_1,0.00098
MED00007,6,lag_1,0.00015
MED00008,6,lag_1,0.00266
MED00009,6,lag_1,0.00028
MED00010,6,lag_1,0.00329
MED00011,6,lag_1,0.00052
MED00012,6,lag_1,0.00068
MED00013,6,lag_1,0.00067
MED00014,6,lag_1,0.00036
MED00015,6,lag_1,0.00158
MED00016,6,lag_1,0.00024
MED00017,6,lag_1,0.0007
MED00018,6,lag_1,-0.00311
MED00019,6,lag_1,-0.00017
MED00020,6,lag_1,0.00091
MED00021,6,lag_1,0.0018
MED00022,6,lag_1,0.00065
MED00023,6,lag_1,0.00089
MED00024,6,lag_1,0.00085
MED00025,6,lag_1,0.00118
MED00026,6,lag_1,0.0015
MED00027,6,lag_1,0.00122
MED00028,6,lag_1,0.00261
MED00029,6,lag_1,0.00059
MED00030,6,lag_1,0.00075
MED00031,6,lag_1,0.00109
MED00032,6,lag_1,0.00028
MED00033,6,lag_1,0.00124
MED00034,6,lag_1,0.00199
MED00035,6,lag_1,0.00094
MED00036,6,lag_1,0.00184
MED00037,6,lag_1,0.00025
MED00038,6,lag_1,0.00012
MED00039,6,lag_1,0.00156
MED00040,6,lag_1,0.0018
MED00041,6,lag_1,0.00062
MED00042,6,lag_1,0.00163
MED00043,6,lag_1,0.00131
MED00044,6,lag_1,0.00087
MED00045,6,lag_1,0.00063
MED00046,6,lag_1,0.00192
MED00047,6,lag_1,0.0006
MED00049,6,lag_1,0.00128
MED00050,6,lag_1,0.00106
MED00051,6,lag_1,0.00134
MED00052,6,lag_1,0.00145
MED00053,6,lag_1,0.00107
MED00054,6,lag_1,-0.00245
MED00055,6,lag_1,0.00171
MED00056,6,lag_1,0.00073
MED00057,6,lag_1,0.00056
MED00058,6,lag_1,0.00062
MED00059,6,lag_1,0.00069
MED00060,6,lag_1,0.00208
MED00061,6,lag_1,0.00143
MED00063,6,lag_1,0.00131
MED00064,6,lag_1,0.00042
MED00065,6,lag_1,-0.0031
MED00066,6,lag_1,0.00143
MED00067,6,lag_1,0.00062
MED00068,6,lag_1,0.00056
MED00069,6,lag_1,0.00179
MED00070,6,lag_1,0.00045
MED00071,6,lag_1,0.00096
MED00072,6,lag_1,0.00101
MED00073,6,lag_1,0.00092
MED00074,6,lag_1,0.00053
MED00075,6,lag_1,0.00041
MED00076,6,lag_1,0.00127
MED00077,6,lag_1,0.00054
MED00078,6,lag_1,0.00307
MED00079,6,lag_1,0.00232
MED00080,6,lag_1,0.00083
MED00081,6,lag_1,0.00131
MED00082,6,lag_1,0.00184
MED00083,6,lag_1,0.00189
MED00084,6,lag_1,0.00137
MED00085,6,lag_1,0.00066
MED00086,6,lag_1,0.00058
MED00087,6,lag_1,0.00098
MED00088,6,lag_1,0.00063
MED00089,6,lag_1,0.00221
MED00090,6,lag_1,0.00061
MED00091,6,lag_1,0.00094
MED00092,6,lag_1,0.00063
MED00093,6,lag_1,0.00153
MED00094,6,lag_1,0.00242
MED00095,6,lag_1,0.0007
MED00097,6,lag_1,0.00068
MED00098,6,lag_1,0.00075
MED00099,6,lag_1,0.00124
MED00100,6,lag_1,0.00126
MED00101,6,lag_1,0.00132
MED00102,6,lag_1,0.00134
MED00103,6,lag_1,0.00099
MED00104,6,lag_1,0.00061
MED00105,6,lag_1,0.00082
MED00106,6,lag_1,0.00131
MED00107,6,lag_1,0.00059
MED00108,6,lag_1,0.00061
MED00109,6,lag_1,0.00132
MED00110,6,lag_1,0.00127
MED00111,6,lag_1,0.00178
MED00112,6,lag_1,0.00094
MED00113,6,lag_1,0.00066
MED00114,6,lag_1,0.001
MED00115,6,lag_1,0.00065
MED00116,6,lag_1,0.00075
MED00117,6,lag_1,0.00044
MED00118,6,lag_1,0.00096
MED00119,6,lag_1,0.00065
MED00120,6,lag_1,0.00206
MED00121,6,lag_1,0.00078
MED00122,6,lag_1,0.00062
MED00123,6,lag_1,0.00068
MED00124,6,lag_1,0.00056
MED00125,6,lag_1,0.0013
MED00126,6,lag_1,0.00131
MED00127,6,lag_1,0.00109
MED00128,6,lag_1,0.00097
MED00129,6,lag_1,0.00063
MED00130,6,lag_1,0.00125
MED00131,6,lag_1,0.00088
MED00132,6,lag_1,0.00062
MED00133,6,lag_1,0.00053
MED00134,6,lag_1,0.00126
MED00135,6,lag_1,0.00195
MED00136,6,lag_1,0.00091
MED00137,6,lag_1,0.00179
MED00138,6,lag_1,0.00108
MED00139,6,lag_1,0.00097
MED00140,6,lag_1,0.00089
MED00141,6,lag_1,0.00091
MED00142,6,lag_1,0.00052
MED00143,6,lag_1,0.00095
MED00144,6,lag_1,0.00106
MED00145,6,lag_1,0.00149
MED00147,6,lag_1,0.00206
MED00148,6,lag_1,0.00039
MED00149,6,lag_1,0.00161
MED00150,6,lag_1,0.00041
MED00151,6,lag_1,0.00059
MED00152,6,lag_1,0.00059
MED00153,6,lag_1,0.0006
MED00154,6,lag_1,-0.00043
MED00155,6,lag_1,0.00059
MED00156,6,lag_1,0.00205
MED00157,6,lag_1,0.00101
MED00158,6,lag_1,0.00123
MED00159,6,lag_1,0.00158
MED00160,6,lag_1,0.0009
MED00161,6,lag_1,0.00085
MED00162,6,lag_1,0.00102
MED00163,6,lag_1,0.00135
MED00164,6,lag_1,0.00096
MED00165,6,lag_1,0.00054
MED00166,6,lag_1,0.00099
MED00167,6,lag_1,0.00066
MED00168,6,lag_1,0.00059
MED00169,6,lag_1,0.00164
MED00170,6,lag_1,0.00068
MED00171,6,lag_1,0.00096
MED00172,6,lag_1,0.00061
MED00173,6,lag_1,0.00105
MED00174,6,lag_1,0.0007
MED00175,6,lag_1,0.00145
MED00176,6,lag_1,0.00075
MED00177,6,lag_1,0.0012
MED00178,6,lag_1,0.00088
MED00179,6,lag_1,0.00128
MED00180,6,lag_1,0.00068
MED00181,6,lag_1,0.0006
MED00182,6,lag_1,0.00123
MED00183,6,lag_1,0.00164
MED00184,6,lag_1,0.00188
MED00185,6,lag_1,0.00437
MED00186,6,lag_1,0.00065
MED00187,6,lag_1,0.00071
MED00188,6,lag_1,0.00092
MED00189,6,lag_1,0.0013
MED00190,6,lag_1,0.00067
MED00191,6,lag_1,0.00096
MED00192,6,lag_1,0.00123
MED00193,6,lag_1,0.00127
MED00194,6,lag_1,0.00037
MED00195,6,lag_1,0.0003
MED00196,6,lag_1,0.00045
MED00197,6,lag_1,0.00019
MED00198,6,lag_1,0.00059
MED00199,6,lag_1,0.00118
MED00200,6,lag_1,0.00053
MED00201,6,lag_1,0.00082
MED00202,6,lag_1,0.00068
MED00203,6,lag_1,0.00067
MED00204,6,lag_1,0.00069
MED00205,6,lag_1,0.00055
MED00207,6,lag_1,0.00093
MED00208,6,lag_1,0.00106
MED00209,6,lag_1,0.00069
MED00210,6,lag_1,0.00142
MED00211,6,lag_1,0.00072
MED00212,6,lag_1,0.00046
MED00213,6,lag_1,0.0013
MED00214,6,lag_1,0.00064
MED00215,6,lag_1,0.00097
MED00216,6,lag_1,0.0013
MED00217,6,lag_1,0.00133
MED00218,6,lag_1,0.00093
MED00219,6,lag_1,0.00158
MED00220,6,lag_1,0.00109
MED00221,6,lag_1,0.00079
MED00222,6,lag_1,0.00063
MED00223,6,lag_1,0.00203
MED00224,6,lag_1,0.00064
MED00225,6,lag_1,0.00056
MED00226,6,lag_1,0.00197
MED00227,6,lag_1,0.00047
MED00229,6,lag_1,0.00117
MED00230,6,lag_1,0.00055
MED00231,6,lag_1,0.00196
MED00232,6,lag_1,0.00063
MED00233,6,lag_1,0.00056
MED00234,6,lag_1,0.00065
MED00235,6,lag_1,-0.00326
MED00236,6,lag_1,-0.00052
MED00237,6,lag_1,0.00103
MED00238,6,lag_1,0.00065
MED00239,6,lag_1,0.00057
MED00240,6,lag_1,0.00083
MED00241,6,lag_1,0.00097
MED00242,6,lag_1,0.00032
MED00243,6,lag_1,0.00129
MED00244,6,lag_1,0.00096
MED00245,6,lag_1,-0.00323
MED00246,6,lag_1,0.0011
MED00247,6,lag_1,0.00055
MED00248,6,lag_1,-0.00058
MED00249,6,lag_1,0.00131
MED00250,6,lag_1,0.00039
MED00251,6,lag_1,0.00097
MED00252,6,lag_1,0.00056
MED00253,6,lag_1,0.00096
MED00254,6,lag_1,0.00054
MED00255,6,lag_1,0.00102
MED00256,6,lag_1,0.00039
MED00257,6,lag_1,0.00059
MED00258,6,lag_1,0.00103
MED00259,6,lag_1,0.00067
MED00260,6,lag_1,0.00166
MED00261,6,lag_1,0.00154
MED00262,6,lag_1,0.00065
MED00263,6,lag_1,0.00067
MED00264,6,lag_1,0.00128
MED00265,6,lag_1,0.00064
MED00266,6,lag_1,0.00214
MED00267,6,lag_1,0.0008
MED00268,6,lag_1,0.00098
MED00269,6,lag_1,0.0006
MED00270,6,lag_1,0.00066
MED00271,6,lag_1,-0.00325
MED00272,6,lag_1,0.00022
MED00273,6,lag_1,0.00064
MED00274,6,lag_1,0.00064
MED00275,6,lag_1,0.00057
MED00276,6,lag_1,0.00096
MED00277,6,lag_1,0.0013
MED00278,6,lag_1,0.00063
MED00279,6,lag_1,0.00127
MED00280,6,lag_1,0.00121
MED00281,6,lag_1,0.00047
MED00282,6,lag_1,0.00084
MED00283,6,lag_1,0.00071
MED00284,6,lag_1,0.00089
MED00285,6,lag_1,0.00066
MED00286,6,lag_1,0.001
MED00287,6,lag_1,0.00062
MED00289,6,lag_1,0.00074
MED00290,6,lag_1,0.00067
MED00291,6,lag_1,0.0013
MED00292,6,lag_1,0.00185
MED00293,6,lag_1,0.00083
MED00294,6,lag_1,0.00184
MED00295,6,lag_1,0.00123
MED00296,6,lag_1,0.00054
MED00297,6,lag_1,0.00061
MED00298,6,lag_1,0.00067
MED00299,6,lag_1,0.00061
MED00300,6,lag_1,0.00069
MED00301,6,lag_1,0.00165
MED00302,6,lag_1,0.00208
MED00303,6,lag_1,0.00074
MED00304,6,lag_1,0.00181
MED00305,6,lag_1,0.00068
MED00306,6,lag_1,0.00123
MED00307,6,lag_1,-0.00033
MED00308,6,lag_1,0.00163
MED00309,6,lag_1,0.00193
MED00310,6,lag_1,0.0007
MED00311,6,lag_1,0.00106
MED00312,6,lag_1,0.00064
MED00313,6,lag_1,0.00091
MED00314,6,lag_1,0.00196
MED00315,6,lag_1,0.00064
MED00316,6,lag_1,0.00096
MED00317,6,lag_1,0.0006
MED00318,6,lag_1,0.0024
MED00319,6,lag_1,0.0006
MED00320,6,lag_1,0.00078
MED00321,6,lag_1,0.00119
MED00322,6,lag_1,0.00128
MED00323,6,lag_1,0.0007
MED00324,6,lag_1,0.00145
MED00325,6,lag_1,0.00102
MED00326,6,lag_1,0.00054
MED00327,6,lag_1,0.0007
MED00328,6,lag_1,0.00097
MED00329,6,lag_1,0.00062
MED00330,6,lag_1,0.00088
MED00331,6,lag_1,0.00097
MED00332,6,lag_1,0.00061
MED00334,6,lag_1,0.00035
MED00335,6,lag_1,0.0019
MED00336,6,lag_1,0.00164
MED00337,6,lag_1,-0.0046
MED00338,6,lag_1,0.00241
MED00339,6,lag_1,0.00086
MED00340,6,lag_1,0.00171
MED00341,6,lag_1,0.00079
MED00342,6,lag_1,0.00061
MED00343,6,lag_1,0.00061
MED00344,6,lag_1,0.00124
MED00345,6,lag_1,0.00128
MED00346,6,lag_1,0.00078
MED00347,6,lag_1,0.00133
MED00348,6,lag_1,0.00137
MED00349,6,lag_1,0.00093
MED00350,6,lag_1,0.00135
MED00351,6,lag_1,0.00127
MED00352,6,lag_1,0.00127
MED00353,6,lag_1,0.00124
MED00354,6,lag_1,0.0013
MED00355,6,lag_1,0.00069
MED00356,6,lag_1,0.00061
MED00357,6,lag_1,0.00138
MED00358,6,lag_1,0.00031
MED00359,6,lag_1,0.00068
MED00360,6,lag_1,0.00074
MED00361,6,lag_1,0.00069
MED00362,6,lag_1,0.00055
MED00363,6,lag_1,0.00096
MED00364,6,lag_1,0.00133
MED00365,6,lag_1,0.00102
MED00366,6,lag_1,0.00074
MED00367,6,lag_1,0.00056
MED00368,6,lag_1,0.00058
MED00369,6,lag_1,0.00055
MED00370,6,lag_1,0.00099
MED00371,6,lag_1,0.00154
MED00372,6,lag_1,0.0013
MED00373,6,lag_1,0.00251
MED00374,6,lag_1,0.00036
MED00375,6,lag_1,0.00212
MED00376,6,lag_1,0.00061
MED00377,6,lag_1,0.00134
MED00378,6,lag_1,0.00073
MED00379,6,lag_1,0.00093
MED00380,6,lag_1,0.0013
MED00381,6,lag_1,0.00132
MED00382,6,lag_1,0.00202
MED00383,6,lag_1,0.00075
MED00384,6,lag_1,0.00096
MED00385,6,lag_1,0.00016
MED00386,6,lag_1,0.00045
MED00387,6,lag_1,-0.00157
MED00388,6,lag_1,0.00233
MED00389,6,lag_1,0.00028
MED00391,6,lag_1,0.00027
MED00393,6,lag_1,-0.00114
MED00394,6,lag_1,-0.00114
MED00395,6,lag_1,-0.00115
MED00396,6,lag_1,-0.00057
MED00397,6,lag_1,-0.00456
MED00398,6,lag_1,-0.003
MED00399,6,lag_1,-0.00309
MED00400,6,lag_1,-0.00573
MED00403,6,lag_1,0.00071
MED00404,6,lag_1,-0.00107
MED00405,6,lag_1,-0.00091
MED00406,6,lag_1,-0.00124
MED00407,6,lag_1,0.00022
MED00408,6,lag_1,0.00032
MED00409,6,lag_1,0.00149
MED00411,6,lag_1,0.0002
MED00412,6,lag_1,0.00026
MED00413,6,lag_1,0.00026
MED00414,6,lag_1,0.00014
MED00415,6,lag_1,0.00082
MED00416,6,lag_1,0.00012
MED00417,6,lag_1,0.00049
MED00418,6,lag_1,-0.00113
MED00419,6,lag_1,-0.00097
MED00420,6,lag_1,0.0008
MED00421,6,lag_1,-0.00054
MED00422,6,lag_1,0.0002
MED00423,6,lag_1,0.0006
MED00424,6,lag_1,-0.00156
MED00001,7,lag_1,0.00064
MED00002,7,lag_1,0.00118
MED00003,7,lag_1,0.00121
MED00004,7,lag_1,0.0012
MED00005,7,lag_1,0.00119
MED00006,7,lag_1,0.00095
MED00007,7,lag_1,0.00024
MED00008,7,lag_1,0.0026
MED00009,7,lag_1,0.00038
MED00010,7,lag_1,0.00147
MED00011,7,lag_1,0.00032
MED00012,7,lag_1,0.00047
MED00013,7,lag_1,0.00062
MED00014,7,lag_1,0.00043
MED00015,7,lag_1,0.00162
MED00016,7,lag_1,0.00023
MED00017,7,lag_1,0.00056
MED00018,7,lag_1,-0.00155
MED00019,7,lag_1,-0.00013
MED00020,7,lag_1,0.00054
MED00021,7,lag_1,0.00166
MED00022,7,lag_1,0.00066
MED00023,7,lag_1,0.00088
MED00024,7,lag_1,0.00091
MED00025,7,lag_1,0.00092
MED00026,7,lag_1,0.00146
MED00027,7,lag_1,0.00109
MED00028,7,lag_1,0.00261
MED00029,7,lag_1,0.00066
MED00030,7,lag_1,0.00067
MED00031,7,lag_1,0.00085
MED00032,7,lag_1,0.0004
MED00033,7,lag_1,0.00119
MED00034,7,lag_1,0.00159
MED00035,7,lag_1,0.00086
MED00036,7,lag_1,0.00157
MED00037,7,lag_1,0.00033
MED00038,7,lag_1,0.00022
MED00039,7,lag_1,0.00115
MED00040,7,lag_1,0.00178
MED00041,7,lag_1,0.00053
MED00042,7,lag_1,0.0011
MED00043,7,lag_1,0.00121
MED00044,7,lag_1,0.00088
MED00045,7,lag_1,0.0004
MED00046,7,lag_1,0.00183
MED00047,7,lag_1,0.00056
MED00049,7,lag_1,0.00116
MED00050,7,lag_1,0.00103
MED00051,7,lag_1,0.00109
MED00052,7,lag_1,0.00136
MED00053,7,lag_1,0.00092
MED00054,7,lag_1,-0.00333
MED00055,7,lag_1,0.00169
MED00056,7,lag_1,0.00073
MED00057,7,lag_1,0.00056
MED00058,7,lag_1,0.00046
MED00059,7,lag_1,0.00066
MED00060,7,lag_1,0.00181
MED00061,7,lag_1,0.00149
MED00062,7,lag_1,0.00017
MED00063,7,lag_1,0.00106
MED00064,7,lag_1,0.0005
MED00065,7,lag_1,-0.00152
MED00066,7,lag_1,0.00148
MED00067,7,lag_1,0.00063
MED00068,7,lag_1,0.00067
MED00069,7,lag_1,0.00166
MED00070,7,lag_1,0.0005
MED00071,7,lag_1,0.00097
MED00072,7,lag_1,0.00096
MED00073,7,lag_1,0.00092
MED00074,7,lag_1,0.00056
MED00075,7,lag_1,0.00043
MED00076,7,lag_1,0.00118
MED00077,7,lag_1,0.0011
MED00078,7,lag_1,0.0009
MED00079,7,lag_1,0.00106
MED00080,7,lag_1,0.00084
MED00081,7,lag_1,0.00121
MED00082,7,lag_1,0.00167
MED00083,7,lag_1,0.00184
MED00084,7,lag_1,0.00081
MED00085,7,lag_1,0.00047
MED00086,7,lag_1,0.00049
MED00087,7,lag_1,0.00095
MED00088,7,lag_1,0.00062
MED00089,7,lag_1,0.00119
MED00090,7,lag_1,0.00062
MED00091,7,lag_1,0.00089
MED00092,7,lag_1,0.00048
MED00093,7,lag_1,0.00147
MED00094,7,lag_1,0.00236
MED00095,7,lag_1,0.00066
MED00097,7,lag_1,0.00059
MED00098,7,lag_1,0.00073
MED00099,7,lag_1,0.00112
MED00100,7,lag_1,0.00109
MED00101,7,lag_1,0.00062
MED00102,7,lag_1,0.00136
MED00103,7,lag_1,0.00095
MED00104,7,lag_1,0.00061
MED00105,7,lag_1,0.00076
MED00106,7,lag_1,0.00106
MED00107,7,lag_1,0.00041
MED00108,7,lag_1,0.00042
MED00109,7,lag_1,0.00109
MED00110,7,lag_1,0.00117
MED00111,7,lag_1,0.00179
MED00112,7,lag_1,0.00095
MED00113,7,lag_1,0.00047
MED00114,7,lag_1,0.00075
MED00115,7,lag_1,0.00046
MED00116,7,lag_1,0.00075
MED00117,7,lag_1,0.00048
MED00118,7,lag_1,0.00097
MED00119,7,lag_1,0.00047
MED00120,7,lag_1,0.0015
MED00121,7,lag_1,0.00075
MED00122,7,lag_1,0.00049
MED00123,7,lag_1,0.00057
MED00124,7,lag_1,0.00061
MED00125,7,lag_1,0.0012
MED00126,7,lag_1,0.0012
MED00127,7,lag_1,0.00033
MED00128,7,lag_1,0.00095
MED00129,7,lag_1,0.00054
MED00130,7,lag_1,0.00116
MED00131,7,lag_1,0.00089
MED00132,7,lag_1,0.00051
MED00133,7,lag_1,0.0003
MED00134,7,lag_1,0.00115
MED00135,7,lag_1,0.00147
MED00136,7,lag_1,0.00053
MED00137,7,lag_1,0.00118
MED00138,7,lag_1,0.00102
MED00139,7,lag_1,0.0005
MED00140,7,lag_1,0.0009
MED00141,7,lag_1,0.00092
MED00142,7,lag_1,0.00032
MED00143,7,lag_1,0.00092
MED00144,7,lag_1,0.00099
MED00145,7,lag_1,0.00145
MED00147,7,lag_1,0.0018
MED00148,7,lag_1,0.00052
MED00149,7,lag_1,0.00091
MED00150,7,lag_1,0.0003
MED00151,7,lag_1,0.00041
MED00152,7,lag_1,0.00041
MED00153,7,lag_1,0.00047
MED00154,7,lag_1,-0.00032
MED00155,7,lag_1,0.00041
MED00156,7,lag_1,0.00183
MED00157,7,lag_1,0.00097
MED00158,7,lag_1,0.00111
MED00159,7,lag_1,0.00109
MED00160,7,lag_1,0.00091
MED00161,7,lag_1,0.00088
MED00162,7,lag_1,0.00097
MED00163,7,lag_1,0.00128
MED00164,7,lag_1,0.00091
MED00165,7,lag_1,0.00052
MED00166,7,lag_1,0.00095
MED00167,7,lag_1,0.00047
MED00168,7,lag_1,0.0004
MED00169,7,lag_1,0.00096
MED00170,7,lag_1,0.00063
MED00171,7,lag_1,0.00092
MED00172,7,lag_1,0.00064
MED00173,7,lag_1,0.001
MED00174,7,lag_1,0.0008
MED00175,7,lag_1,0.00134
MED00176,7,lag_1,0.00036
MED00177,7,lag_1,0.00096
MED00178,7,lag_1,0.00087
MED00179,7,lag_1,0.00117
MED00180,7,lag_1,0.00047
MED00181,7,lag_1,0.00047
MED00182,7,lag_1,0.00111
MED00183,7,lag_1,0.0012
MED00184,7,lag_1,0.0013
MED00185,7,lag_1,0.00244
MED00186,7,lag_1,0.00047
MED00187,7,lag_1,0.00059
MED00188,7,lag_1,0.00093
MED00189,7,lag_1,0.0012
MED00190,7,lag_1,0.00068
MED00191,7,lag_1,0.00059
MED00192,7,lag_1,0.00121
MED00193,7,lag_1,0.00115
MED00194,7,lag_1,0.00046
MED00195,7,lag_1,0.0005
MED00196,7,lag_1,0.00062
MED00197,7,lag_1,0.00055
MED00198,7,lag_1,0.0004
MED00199,7,lag_1,0.00094
MED00200,7,lag_1,0.00039
MED00201,7,lag_1,0.001
MED00202,7,lag_1,0.00046
MED00203,7,lag_1,0.00066
MED00204,7,lag_1,0.00049
MED00205,7,lag_1,0.00049
MED00207,7,lag_1,0.00094
MED00208,7,lag_1,0.00099
MED00209,7,lag_1,0.00059
MED00210,7,lag_1,0.00133
MED00211,7,lag_1,0.00046
MED00212,7,lag_1,0.00033
MED00213,7,lag_1,0.0012
MED00214,7,lag_1,0.00064
MED00215,7,lag_1,0.00102
MED00216,7,lag_1,0.00105
MED00217,7,lag_1,0.0013
MED00218,7,lag_1,0.00088
MED00219,7,lag_1,0.00151
MED00220,7,lag_1,0.00098
MED00221,7,lag_1,0.0008
MED00222,7,lag_1,0.00043
MED00223,7,lag_1,0.00131
MED00224,7,lag_1,0.00046
MED00225,7,lag_1,0.00039
MED00226,7,lag_1,0.00183
MED00227,7,lag_1,0.00057
MED00229,7,lag_1,0.00106
MED00230,7,lag_1,0.00043
MED00231,7,lag_1,0.00192
MED00232,7,lag_1,0.0004
MED00233,7,lag_1,0.00047
MED00234,7,lag_1,0.00046
MED00235,7,lag_1,-0.00058
MED00236,7,lag_1,0.00094
MED00237,7,lag_1,0.001
MED00238,7,lag_1,0.00057
MED00239,7,lag_1,0.0004
MED00240,7,lag_1,0.00084
MED00241,7,lag_1,0.00098
MED00242,7,lag_1,0.00049
MED00243,7,lag_1,0.00118
MED00244,7,lag_1,0.00097
MED00245,7,lag_1,-0.00049
MED00246,7,lag_1,0.00107
MED00247,7,lag_1,0.0006
MED00248,7,lag_1,0.00093
MED00249,7,lag_1,0.00095
MED00250,7,lag_1,0.00044
MED00251,7,lag_1,0.00098
MED00252,7,lag_1,0.00038
MED00253,7,lag_1,0.00091
MED00254,7,lag_1,0.00037
MED00255,7,lag_1,0.00066
MED00256,7,lag_1,0.00056
MED00257,7,lag_1,0.00064
MED00258,7,lag_1,0.001
MED00259,7,lag_1,0.00049
MED00260,7,lag_1,0.00162
MED00261,7,lag_1,0.00143
MED00262,7,lag_1,0.00066
MED00263,7,lag_1,0.00062
MED00264,7,lag_1,0.00105
MED00265,7,lag_1,0.00064
MED00266,7,lag_1,0.00167
MED00267,7,lag_1,0.00074
MED00268,7,lag_1,0.00094
MED00269,7,lag_1,0.00046
MED00270,7,lag_1,0.00061
MED00271,7,lag_1,-0.0032
MED00272,7,lag_1,0.00033
MED00273,7,lag_1,0.00091
MED00274,7,lag_1,0.00053
MED00275,7,lag_1,0.00068
MED00276,7,lag_1,0.00091
MED00277,7,lag_1,0.0012
MED00278,7,lag_1,0.00063
MED00279,7,lag_1,0.00111
MED00280,7,lag_1,0.00118
MED00281,7,lag_1,0.00057
MED00282,7,lag_1,0.00091
MED00283,7,lag_1,0.00041
MED00284,7,lag_1,0.00095
MED00285,7,lag_1,0.00062
MED00286,7,lag_1,0.00097
MED00287,7,lag_1,0.00062
MED00288,7,lag_1,0.00026
MED00289,7,lag_1,0.00074
MED00290,7,lag_1,0.0004
MED00291,7,lag_1,0.00044
MED00292,7,lag_1,0.00157
MED00293,7,lag_1,0.00081
MED00294,7,lag_1,0.00183
MED00295,7,lag_1,0.00111
MED00296,7,lag_1,0.00037
MED00297,7,lag_1,0.00061
MED00298,7,lag_1,0.0005
MED00299,7,lag_1,0.00049
MED00300,7,lag_1,0.00047
MED00301,7,lag_1,0.00091
MED00302,7,lag_1,0.00135
MED00303,7,lag_1,0.0005
MED00304,7,lag_1,0.00167
MED00305,7,lag_1,0.00047
MED00306,7,lag_1,0.00114
MED00307,7,lag_1,-0.0004
MED00308,7,lag_1,0.00131
MED00309,7,lag_1,0.00192
MED00310,7,lag_1,0.00088
MED00311,7,lag_1,0.00084
MED00312,7,lag_1,0.00053
MED00313,7,lag_1,0.00081
MED00314,7,lag_1,0.00148
MED00315,7,lag_1,0.00063
MED00316,7,lag_1,0.00092
MED00317,7,lag_1,0.00047
MED00318,7,lag_1,0.00227
MED00319,7,lag_1,0.0006
MED00320,7,lag_1,0.00075
MED00321,7,lag_1,0.00109
MED00322,7,lag_1,0.00116
MED00323,7,lag_1,0.00058
MED00324,7,lag_1,0.00099
MED00325,7,lag_1,0.00098
MED00326,7,lag_1,0.00059
MED00327,7,lag_1,0.00049
MED00328,7,lag_1,0.00094
MED00329,7,lag_1,0.00058
MED00330,7,lag_1,0.00091
MED00331,7,lag_1,0.00092
MED00332,7,lag_1,0.00047
MED00333,7,lag_1,-0.00029
MED00334,7,lag_1,0.00056
MED00335,7,lag_1,0.0013
MED00336,7,lag_1,0.00089
MED00337,7,lag_1,-0.00121
MED00338,7,lag_1,0.00151
MED00339,7,lag_1,0.00088
MED00340,7,lag_1,0.00167
MED00341,7,lag_1,0.00077
MED00342,7,lag_1,0.00047
MED00343,7,lag_1,0.00061
MED00344,7,lag_1,0.00118
MED00345,7,lag_1,0.00116
MED00346,7,lag_1,0.00074
MED00347,7,lag_1,0.0011
MED00348,7,lag_1,0.00047
MED00349,7,lag_1,0.00089
MED00350,7,lag_1,0.00126
MED00351,7,lag_1,0.00117
MED00352,7,lag_1,0.00116
MED00353,7,lag_1,0.00119
MED00354,7,lag_1,0.00119
MED00355,7,lag_1,0.00071
MED00356,7,lag_1,0.00061
MED00357,7,lag_1,0.0013
MED00358,7,lag_1,0.00053
MED00359,7,lag_1,0.00047
MED00360,7,lag_1,0.00071
MED00361,7,lag_1,0.00049
MED00362,7,lag_1,0.00068
MED00363,7,lag_1,0.00091
MED00364,7,lag_1,0.0011
MED00365,7,lag_1,0.00098
MED00366,7,lag_1,0.00073
MED00367,7,lag_1,0.0004
MED00368,7,lag_1,0.00063
MED00369,7,lag_1,0.00061
MED00370,7,lag_1,0.00073
MED00371,7,lag_1,0.00126
MED00372,7,lag_1,0.0012
MED00373,7,lag_1,0.00255
MED00374,7,lag_1,0.00054
MED00375,7,lag_1,0.00123
MED00376,7,lag_1,0.00047
MED00377,7,lag_1,0.00126
MED00378,7,lag_1,0.0007
MED00379,7,lag_1,0.00083
MED00380,7,lag_1,0.0012
MED00381,7,lag_1,0.00108
MED00382,7,lag_1,0.00176
MED00383,7,lag_1,0.00069
MED00384,7,lag_1,0.00091
MED00385,7,lag_1,0.00032
MED00386,7,lag_1,0.00045
MED00387,7,lag_1,0.00014
MED00388,7,lag_1,0.0003
MED00389,7,lag_1,0.00049
MED00390,7,lag_1,0.00017
MED00391,7,lag_1,0.00038
MED00392,7,lag_1,0.00037
MED00393,7,lag_1,0.00037
MED00394,7,lag_1,0.00036
MED00395,7,lag_1,0.00035
MED00396,7,lag_1,-0.0002
MED00397,7,lag_1,-0.00128
MED00398,7,lag_1,-0.0007
MED00399,7,lag_1,-0.00079
MED00400,7,lag_1,-0.0032
MED00401,7,lag_1,0.00022
MED00402,7,lag_1,0.00022
MED00403,7,lag_1,0.00073
MED00404,7,lag_1,0.0006
MED00405,7,lag_1,0.00064
MED00406,7,lag_1,0.00037
MED00407,7,lag_1,0.00045
MED00408,7,lag_1,0.00054
MED00409,7,lag_1,0.00066
MED00410,7,lag_1,0.00062
MED00411,7,lag_1,0.00042
MED00412,7,lag_1,0.00044
MED00413,7,lag_1,0.00044
MED00414,7,lag_1,0.00016
MED00415,7,lag_1,0.00101
MED00416,7,lag_1,0.00029
MED00417,7,lag_1,0.00061
MED00418,7,lag_1,0.00063
MED00419,7,lag_1,0.00058
MED00420,7,lag_1,0.00141
MED00422,7,lag_1,0.00042
MED00423,7,lag_1,0.00091
MED00424,7,lag_1,-0.00065
MED00001,8,lag_1,0.00106
MED00002,8,lag_1,0.00096
MED00003,8,lag_1,0.001
MED00004,8,lag_1,0.00098
MED00005,8,lag_1,0.00097
MED00006,8,lag_1,0.00136
MED00007,8,lag_1,0.00042
MED00008,8,lag_1,0.00238
MED00009,8,lag_1,0.00079
MED00010,8,lag_1,0.00125
MED00011,8,lag_1,0.00036
MED00012,8,lag_1,0.00089
MED00013,8,lag_1,0.00104
MED00014,8,lag_1,0.00027
MED00015,8,lag_1,0.0014
MED00016,8,lag_1,0.00065
MED00017,8,lag_1,0.00098
MED00018,8,lag_1,-0.00094
MED00019,8,lag_1,-0.00029
MED00020,8,lag_1,0.00096
MED00021,8,lag_1,0.00208
MED00022,8,lag_1,0.00107
MED00023,8,lag_1,0.00129
MED00024,8,lag_1,0.00133
MED00025,8,lag_1,0.00081
MED00026,8,lag_1,0.00124
MED00027,8,lag_1,0.00092
MED00028,8,lag_1,0.00239
MED00029,8,lag_1,0.00108
MED00030,8,lag_1,0.00109
MED00031,8,lag_1,0.00127
MED00032,8,lag_1,0.00082
MED00033,8,lag_1,0.00098
MED00034,8,lag_1,0.00079
MED00035,8,lag_1,0.00065
MED00036,8,lag_1,0.00135
MED00037,8,lag_1,0.00074
MED00039,8,lag_1,0.00157
MED00040,8,lag_1,0.0022
MED00041,8,lag_1,0.00095
MED00042,8,lag_1,0.00152
MED00043,8,lag_1,0.00099
MED00044,8,lag_1,0.0013
MED00045,8,lag_1,0.00082
MED00046,8,lag_1,0.00225
MED00047,8,lag_1,0.00097
MED00049,8,lag_1,0.00094
MED00050,8,lag_1,0.00144
MED00051,8,lag_1,0.00087
MED00052,8,lag_1,0.00115
MED00053,8,lag_1,0.00134
MED00054,8,lag_1,-0.00291
MED00055,8,lag_1,0.00148
MED00056,8,lag_1,0.00115
MED00057,8,lag_1,0.00097
MED00058,8,lag_1,0.00088
MED00059,8,lag_1,0.00108
MED00060,8,lag_1,0.00223
MED00061,8,lag_1,0.00127
MED00063,8,lag_1,0.00084
MED00064,8,lag_1,0.00033
MED00065,8,lag_1,-0.0009
MED00066,8,lag_1,0.00127
MED00067,8,lag_1,0.00105
MED00068,8,lag_1,0.00108
MED00069,8,lag_1,0.00208
MED00070,8,lag_1,0.00092
MED00071,8,lag_1,0.00139
MED00072,8,lag_1,0.00138
MED00073,8,lag_1,0.00134
MED00074,8,lag_1,0.00098
MED00075,8,lag_1,0.00085
MED00076,8,lag_1,0.00096
MED00077,8,lag_1,0.00152
MED00078,8,lag_1,0.00132
MED00079,8,lag_1,0.0009
MED00080,8,lag_1,0.00126
MED00081,8,lag_1,0.00099
MED00082,8,lag_1,0.00208
MED00083,8,lag_1,0.00226
MED00085,8,lag_1,0.00089
MED00086,8,lag_1,0.00091
MED00087,8,lag_1,0.00137
MED00088,8,lag_1,-0.00016
MED00089,8,lag_1,0.00039
MED00090,8,lag_1,0.00103
MED00091,8,lag_1,0.00131
MED00092,8,lag_1,0.0009
MED00093,8,lag_1,0.00124
MED00094,8,lag_1,0.00214
MED00095,8,lag_1,0.00108
MED00096,8,lag_1,0.0004
MED00097,8,lag_1,0.00101
MED00098,8,lag_1,0.00115
MED00099,8,lag_1,0.00094
MED00100,8,lag_1,0.00088
MED00101,8,lag_1,0.00104
MED00102,8,lag_1,0.00178
MED00103,8,lag_1,0.00137
MED00104,8,lag_1,0.00103
MED00105,8,lag_1,0.00114
MED00106,8,lag_1,0.00084
MED00107,8,lag_1,0.00082
MED00108,8,lag_1,0.00084
MED00109,8,lag_1,0.00087
MED00110,8,lag_1,0.00095
MED00111,8,lag_1,0.00157
MED00112,8,lag_1,0.00136
MED00113,8,lag_1,0.00089
MED00114,8,lag_1,0.00117
MED00115,8,lag_1,0.00088
MED00116,8,lag_1,0.00117
MED00117,8,lag_1,0.0009
MED00118,8,lag_1,0.00138
MED00119,8,lag_1,0.00089
MED00120,8,lag_1,0.00128
MED00121,8,lag_1,0.00112
MED00122,8,lag_1,0.00091
MED00123,8,lag_1,0.00099
MED00124,8,lag_1,0.00103
MED00125,8,lag_1,0.00098
MED00126,8,lag_1,0.00098
MED00127,8,lag_1,0.00075
MED00128,8,lag_1,0.00136
MED00129,8,lag_1,0.00074
MED00130,8,lag_1,0.00094
MED00131,8,lag_1,0.00131
MED00132,8,lag_1,0.00093
MED00133,8,lag_1,0.00072
MED00134,8,lag_1,0.00094
MED00135,8,lag_1,0.00126
MED00136,8,lag_1,0.00095
MED00137,8,lag_1,0.00096
MED00138,8,lag_1,0.00144
MED00139,8,lag_1,0.00092
MED00140,8,lag_1,0.00132
MED00141,8,lag_1,0.00134
MED00142,8,lag_1,0.00074
MED00143,8,lag_1,0.00134
MED00144,8,lag_1,0.00141
MED00145,8,lag_1,0.00124
MED00146,8,lag_1,0.00014
MED00147,8,lag_1,0.00222
MED00148,8,lag_1,0.00094
MED00149,8,lag_1,0.00133
MED00150,8,lag_1,0.00072
MED00151,8,lag_1,0.00082
MED00152,8,lag_1,0.00082
MED00153,8,lag_1,0.00089
MED00154,8,lag_1,-0.00049
MED00155,8,lag_1,0.00082
MED00156,8,lag_1,0.00225
MED00157,8,lag_1,0.00138
MED00158,8,lag_1,0.00093
MED00159,8,lag_1,0.00087
MED00160,8,lag_1,0.00133
MED00161,8,lag_1,0.0013
MED00162,8,lag_1,0.00139
MED00163,8,lag_1,0.00106
MED00164,8,lag_1,0.00133
MED00165,8,lag_1,0.00094
MED00166,8,lag_1,0.00136
MED00167,8,lag_1,0.00089
MED00168,8,lag_1,0.00082
MED00169,8,lag_1,0.00137
MED00170,8,lag_1,0.00104
MED00171,8,lag_1,0.00134
MED00172,8,lag_1,0.00105
MED00173,8,lag_1,0.00142
MED00174,8,lag_1,0.00122
MED00175,8,lag_1,0.00112
MED00176,8,lag_1,0.0002
MED00177,8,lag_1,0.00085
MED00178,8,lag_1,0.00129
MED00179,8,lag_1,0.00095
MED00180,8,lag_1,0.00089
MED00181,8,lag_1,0.00088
MED00182,8,lag_1,0.00093
MED00183,8,lag_1,0.0004
MED00184,8,lag_1,0.00109
MED00185,8,lag_1,0.00286
MED00186,8,lag_1,0.00088
MED00187,8,lag_1,0.001
MED00188,8,lag_1,0.00134
MED00189,8,lag_1,0.00098
MED00190,8,lag_1,0.0011
MED00191,8,lag_1,0.001
MED00192,8,lag_1,0.00099
MED00193,8,lag_1,0.00094
MED00194,8,lag_1,0.00088
MED00195,8,lag_1,0.00092
MED00196,8,lag_1,0.00104
MED00197,8,lag_1,0.00099
MED00198,8,lag_1,0.00082
MED00199,8,lag_1,0.00135
MED00200,8,lag_1,0.00081
MED00201,8,lag_1,0.00142
MED00202,8,lag_1,0.00088
MED00203,8,lag_1,0.00108
MED00204,8,lag_1,0.00091
MED00205,8,lag_1,0.00033
MED00206,8,lag_1,0.00045
MED00207,8,lag_1,0.00136
MED00208,8,lag_1,0.0014
MED00209,8,lag_1,0.00101
MED00210,8,lag_1,0.00112
MED00211,8,lag_1,0.00088
MED00212,8,lag_1,0.00075
MED00213,8,lag_1,0.00098
MED00214,8,lag_1,0.00106
MED00215,8,lag_1,0.00144
MED00216,8,lag_1,0.00084
MED00217,8,lag_1,0.00108
MED00218,8,lag_1,0.0013
MED00219,8,lag_1,0.0013
MED00220,8,lag_1,0.00139
MED00221,8,lag_1,0.00122
MED00222,8,lag_1,0.00085
MED00223,8,lag_1,0.00109
MED00224,8,lag_1,0.00088
MED00225,8,lag_1,0.00081
MED00226,8,lag_1,0.00225
MED00227,8,lag_1,0.00041
MED00228,8,lag_1,0.00038
MED00229,8,lag_1,0.00084
MED00230,8,lag_1,0.00027
MED00231,8,lag_1,0.00234
MED00232,8,lag_1,0.00082
MED00233,8,lag_1,0.00089
MED00234,8,lag_1,0.00088
MED00236,8,lag_1,0.00135
MED00237,8,lag_1,0.00142
MED00238,8,lag_1,0.00075
MED00239,8,lag_1,0.00082
MED00240,8,lag_1,0.00125
MED00241,8,lag_1,0.00139
MED00242,8,lag_1,0.00088
MED00243,8,lag_1,0.00096
MED00244,8,lag_1,0.00139
MED00245,8,lag_1,0.00013
MED00246,8,lag_1,0.00149
MED00247,8,lag_1,0.00102
MED00248,8,lag_1,0.00134
MED00249,8,lag_1,0.00078
MED00250,8,lag_1,0.00086
MED00251,8,lag_1,0.00139
MED00252,8,lag_1,0.0008
MED00253,8,lag_1,0.00133
MED00254,8,lag_1,0.00079
MED00255,8,lag_1,0.00108
MED00256,8,lag_1,0.00098
MED00257,8,lag_1,0.00106
MED00258,8,lag_1,0.00142
MED00259,8,lag_1,0.0009
MED00260,8,lag_1,0.00141
MED00261,8,lag_1,0.00121
MED00262,8,lag_1,0.00108
MED00263,8,lag_1,0.00104
MED00264,8,lag_1,0.00083
MED00265,8,lag_1,0.00105
MED00266,8,lag_1,0.00145
MED00267,8,lag_1,0.00115
MED00268,8,lag_1,0.00136
MED00269,8,lag_1,0.00088
MED00270,8,lag_1,0.00103
MED00271,8,lag_1,-0.00278
MED00272,8,lag_1,0.00075
MED00273,8,lag_1,0.00132
MED00274,8,lag_1,0.00095
MED00275,8,lag_1,0.0011
MED00276,8,lag_1,0.00133
MED00277,8,lag_1,0.00098
MED00278,8,lag_1,0.00105
MED00279,8,lag_1,0.00031
MED00280,8,lag_1,0.00096
MED00281,8,lag_1,0.00099
MED00282,8,lag_1,0.00133
MED00283,8,lag_1,0.00082
MED00284,8,lag_1,0.00137
MED00285,8,lag_1,0.00103
MED00286,8,lag_1,0.00139
MED00287,8,lag_1,0.00104
MED00289,8,lag_1,0.00116
MED00290,8,lag_1,0.00082
MED00291,8,lag_1,0.00037
MED00292,8,lag_1,0.00166
MED00293,8,lag_1,0.00122
MED00294,8,lag_1,0.00225
MED00295,8,lag_1,0.00089
MED00296,8,lag_1,0.00079
MED00297,8,lag_1,0.00103
MED00298,8,lag_1,0.00092
MED00299,8,lag_1,0.00091
MED00300,8,lag_1,0.00089
MED00301,8,lag_1,0.00133
MED00302,8,lag_1,0.00114
MED00303,8,lag_1,0.00092
MED00304,8,lag_1,0.00208
MED00305,8,lag_1,0.00089
MED00306,8,lag_1,0.00092
MED00307,8,lag_1,-0.00057
MED00308,8,lag_1,0.0011
MED00309,8,lag_1,0.00234
MED00310,8,lag_1,0.0013
MED00311,8,lag_1,0.00126
MED00312,8,lag_1,0.00095
MED00313,8,lag_1,0.00059
MED00314,8,lag_1,0.00126
MED00315,8,lag_1,0.00105
MED00316,8,lag_1,0.00134
MED00317,8,lag_1,0.00088
MED00318,8,lag_1,0.00268
MED00319,8,lag_1,0.00101
MED00320,8,lag_1,0.00116
MED00321,8,lag_1,0.00088
MED00322,8,lag_1,0.00094
MED00323,8,lag_1,0.00099
MED00324,8,lag_1,0.00141
MED00325,8,lag_1,0.0014
MED00326,8,lag_1,0.00101
MED00327,8,lag_1,0.0009
MED00328,8,lag_1,0.00136
MED00329,8,lag_1,0.00099
MED00330,8,lag_1,0.00135
MED00331,8,lag_1,0.00134
MED00332,8,lag_1,0.00089
MED00333,8,lag_1,-0.00011
MED00334,8,lag_1,0.00096
MED00335,8,lag_1,0.00108
MED00336,8,lag_1,0.00131
MED00337,8,lag_1,-0.00059
MED00338,8,lag_1,0.00129
MED00339,8,lag_1,0.0013
MED00340,8,lag_1,0.00145
MED00341,8,lag_1,0.00118
MED00342,8,lag_1,0.00089
MED00343,8,lag_1,0.00103
MED00344,8,lag_1,0.00159
MED00345,8,lag_1,0.00094
MED00346,8,lag_1,0.00116
MED00347,8,lag_1,0.00088
MED00348,8,lag_1,0.00089
MED00349,8,lag_1,0.00131
MED00350,8,lag_1,0.00104
MED00351,8,lag_1,0.00095
MED00352,8,lag_1,0.00094
MED00353,8,lag_1,0.00097
MED00354,8,lag_1,0.00098
MED00355,8,lag_1,0.00113
MED00356,8,lag_1,0.00103
MED00357,8,lag_1,0.00109
MED00358,8,lag_1,0.00095
MED00359,8,lag_1,0.00089
MED00360,8,lag_1,0.00112
MED00361,8,lag_1,0.00091
MED00362,8,lag_1,0.0011
MED00363,8,lag_1,0.00133
MED00364,8,lag_1,0.00088
MED00365,8,lag_1,0.0014
MED00366,8,lag_1,0.00115
MED00367,8,lag_1,0.00082
MED00368,8,lag_1,0.00104
MED00369,8,lag_1,0.00105
MED00370,8,lag_1,0.00114
MED00371,8,lag_1,0.00046
MED00372,8,lag_1,0.00098
MED00373,8,lag_1,0.00233
MED00374,8,lag_1,0.00096
MED00375,8,lag_1,0.00043
MED00376,8,lag_1,0.00089
MED00377,8,lag_1,0.00104
MED00378,8,lag_1,0.00079
MED00379,8,lag_1,0.00061
MED00380,8,lag_1,0.00098
MED00381,8,lag_1,0.00087
MED00382,8,lag_1,0.00218
MED00383,8,lag_1,0.00111
MED00384,8,lag_1,0.00133
MED00385,8,lag_1,0.00016
MED00386,8,lag_1,0.00029
MED00388,8,lag_1,0.00019
MED00389,8,lag_1,0.00091
MED00391,8,lag_1,0.00021
MED00392,8,lag_1,0.0002
MED00393,8,lag_1,0.00021
MED00394,8,lag_1,0.0002
MED00395,8,lag_1,0.00018
MED00396,8,lag_1,-0.00035
MED00397,8,lag_1,-0.00066
MED00399,8,lag_1,-0.00018
MED00400,8,lag_1,-0.00028
MED00401,8,lag_1,0.00026
MED00403,8,lag_1,0.00057
MED00404,8,lag_1,0.00102
MED00405,8,lag_1,0.00112
MED00406,8,lag_1,0.00021
MED00407,8,lag_1,0.00028
MED00408,8,lag_1,0.00096
MED00409,8,lag_1,0.00108
MED00410,8,lag_1,0.00104
MED00411,8,lag_1,0.00026
MED00412,8,lag_1,0.00085
MED00413,8,lag_1,0.00086
MED00415,8,lag_1,0.00142
MED00416,8,lag_1,0.00013
MED00417,8,lag_1,0.00104
MED00418,8,lag_1,0.00105
MED00419,8,lag_1,0.00106
MED00420,8,lag_1,0.00124
MED00422,8,lag_1,0.00026
MED00423,8,lag_1,0.00132
MED00424,8,lag_1,-0.00031
MED00001,9,lag_1,0.00107
MED00002,9,lag_1,0.00098
MED00003,9,lag_1,0.00101
MED00004,9,lag_1,0.001
MED00005,9,lag_1,0.00099
MED00006,9,lag_1,0.00137
MED00007,9,lag_1,0.00042
MED00008,9,lag_1,0.0024
MED00009,9,lag_1,0.00082
MED00010,9,lag_1,0.00126
MED00011,9,lag_1,0.00038
MED00012,9,lag_1,0.00091
MED00013,9,lag_1,0.00106
MED00014,9,lag_1,0.00027
MED00015,9,lag_1,0.00142
MED00016,9,lag_1,0.00068
MED00017,9,lag_1,0.001
MED00018,9,lag_1,-0.00097
MED00019,9,lag_1,-0.00029
MED00020,9,lag_1,0.00095
MED00021,9,lag_1,0.0021
MED00022,9,lag_1,0.00109
MED00023,9,lag_1,0.00131
MED00024,9,lag_1,0.00134
MED00025,9,lag_1,0.00083
MED00026,9,lag_1,0.00125
MED00027,9,lag_1,0.00093
MED00028,9,lag_1,0.0024
MED00029,9,lag_1,0.00109
MED00030,9,lag_1,0.0011
MED00031,9,lag_1,0.00127
MED00032,9,lag_1,0.00084
MED00033,9,lag_1,0.001
MED00034,9,lag_1,0.00081
MED00035,9,lag_1,0.00099
MED00036,9,lag_1,0.00138
MED00037,9,lag_1,0.00075
MED00039,9,lag_1,0.0016
MED00040,9,lag_1,0.00221
MED00041,9,lag_1,0.00097
MED00042,9,lag_1,0.00155
MED00043,9,lag_1,0.00101
MED00044,9,lag_1,0.00131
MED00045,9,lag_1,0.00084
MED00046,9,lag_1,0.00227
MED00047,9,lag_1,0.00085
MED00049,9,lag_1,0.00096
MED00050,9,lag_1,0.00147
MED00051,9,lag_1,0.00088
MED00052,9,lag_1,0.00116
MED00053,9,lag_1,0.00135
MED00054,9,lag_1,-0.00289
MED00055,9,lag_1,0.00149
MED00056,9,lag_1,0.00117
MED00057,9,lag_1,0.00099
MED00058,9,lag_1,0.0009
MED00059,9,lag_1,0.00109
MED00060,9,lag_1,0.00225
MED00061,9,lag_1,0.00127
MED00063,9,lag_1,0.00085
MED00064,9,lag_1,0.00035
MED00065,9,lag_1,-0.00198
MED00066,9,lag_1,0.00128
MED00067,9,lag_1,0.00106
MED00068,9,lag_1,0.00109
MED00069,9,lag_1,0.0021
MED00070,9,lag_1,0.00092
MED00071,9,lag_1,0.00141
MED00072,9,lag_1,0.00138
MED00073,9,lag_1,0.00136
MED00074,9,lag_1,0.00085
MED00075,9,lag_1,0.00086
MED00076,9,lag_1,0.00098
MED00077,9,lag_1,0.00153
MED00078,9,lag_1,0.00135
MED00079,9,lag_1,0.0009
MED00080,9,lag_1,0.00127
MED00081,9,lag_1,0.001
MED00082,9,lag_1,0.0021
MED00083,9,lag_1,0.00228
MED00085,9,lag_1,0.00091
MED00086,9,lag_1,0.00093
MED00087,9,lag_1,0.00137
MED00088,9,lag_1,-0.0002
MED00089,9,lag_1,0.00039
MED00090,9,lag_1,0.00104
MED00091,9,lag_1,0.00131
MED00092,9,lag_1,0.00093
MED00093,9,lag_1,0.00159
MED00094,9,lag_1,0.00214
MED00095,9,lag_1,0.00109
MED00096,9,lag_1,0.00041
MED00097,9,lag_1,0.00103
MED00098,9,lag_1,0.00115
MED00099,9,lag_1,0.00095
MED00100,9,lag_1,0.00089
MED00101,9,lag_1,0.00105
MED00102,9,lag_1,0.0018
MED00103,9,lag_1,0.00137
MED00104,9,lag_1,0.00104
MED00105,9,lag_1,0.00115
MED00106,9,lag_1,0.00085
MED00107,9,lag_1,0.00085
MED00108,9,lag_1,0.00086
MED00109,9,lag_1,0.00089
MED00110,9,lag_1,0.00097
MED00111,9,lag_1,0.00158
MED00112,9,lag_1,0.00137
MED00113,9,lag_1,0.00091
MED00114,9,lag_1,0.00119
MED00115,9,lag_1,0.0009
MED00116,9,lag_1,0.00122
MED00117,9,lag_1,0.00092
MED00118,9,lag_1,0.00139
MED00119,9,lag_1,0.00091
MED00120,9,lag_1,0.00129
MED00121,9,lag_1,0.00113
MED00122,9,lag_1,0.00093
MED00123,9,lag_1,0.001
MED00124,9,lag_1,0.00104
MED00125,9,lag_1,0.001
MED00126,9,lag_1,0.001
MED00127,9,lag_1,0.00077
MED00128,9,lag_1,0.00137
MED00129,9,lag_1,0.00075
MED00130,9,lag_1,0.00095
MED00131,9,lag_1,0.00132
MED00132,9,lag_1,0.00094
MED00133,9,lag_1,0.00074
MED00134,9,lag_1,0.00096
MED00135,9,lag_1,0.00128
MED00136,9,lag_1,0.00096
MED00137,9,lag_1,0.00098
MED00138,9,lag_1,0.00146
MED00139,9,lag_1,0.00094
MED00140,9,lag_1,0.00132
MED00141,9,lag_1,0.00134
MED00142,9,lag_1,0.00076
MED00143,9,lag_1,0.00137
MED00144,9,lag_1,0.00141
MED00145,9,lag_1,0.00125
MED00146,9,lag_1,0.00015
MED00147,9,lag_1,0.00224
MED00148,9,lag_1,0.00094
MED00149,9,lag_1,0.00134
MED00150,9,lag_1,0.00074
MED00151,9,lag_1,0.00085
MED00152,9,lag_1,0.00085
MED00153,9,lag_1,0.00091
MED00154,9,lag_1,-0.00049
MED00155,9,lag_1,0.00084
MED00156,9,lag_1,0.00227
MED00157,9,lag_1,0.00139
MED00158,9,lag_1,0.00095
MED00159,9,lag_1,0.00087
MED00160,9,lag_1,0.00134
MED00161,9,lag_1,0.0013
MED00162,9,lag_1,0.00141
MED00163,9,lag_1,0.00107
MED00164,9,lag_1,0.00134
MED00165,9,lag_1,0.00089
MED00166,9,lag_1,0.00137
MED00167,9,lag_1,0.00091
MED00168,9,lag_1,0.00084
MED00169,9,lag_1,0.00138
MED00170,9,lag_1,0.00106
MED00171,9,lag_1,0.00134
MED00172,9,lag_1,0.00106
MED00173,9,lag_1,0.00144
MED00174,9,lag_1,0.0012
MED00175,9,lag_1,0.00114
MED00176,9,lag_1,0.00021
MED00177,9,lag_1,0.00086
MED00178,9,lag_1,0.0013
MED00179,9,lag_1,0.00097
MED00180,9,lag_1,0.00091
MED00181,9,lag_1,0.00091
MED00182,9,lag_1,0.00095
MED00183,9,lag_1,0.00042
MED00184,9,lag_1,0.00109
MED00185,9,lag_1,0.00403
MED00186,9,lag_1,0.00091
MED00187,9,lag_1,0.00103
MED00188,9,lag_1,0.00136
MED00189,9,lag_1,0.001
MED00190,9,lag_1,0.0011
MED00191,9,lag_1,0.00101
MED00192,9,lag_1,0.001
MED00193,9,lag_1,0.00095
MED00194,9,lag_1,0.00079
MED00195,9,lag_1,0.00093
MED00196,9,lag_1,0.00106
MED00197,9,lag_1,0.00102
MED00198,9,lag_1,0.00084
MED00199,9,lag_1,0.00138
MED00200,9,lag_1,0.00083
MED00201,9,lag_1,0.00143
MED00202,9,lag_1,0.0009
MED00203,9,lag_1,0.00108
MED00204,9,lag_1,0.00093
MED00205,9,lag_1,0.00034
MED00206,9,lag_1,0.00046
MED00207,9,lag_1,0.00137
MED00208,9,lag_1,0.00141
MED00209,9,lag_1,0.00103
MED00210,9,lag_1,0.00114
MED00211,9,lag_1,0.0009
MED00212,9,lag_1,0.00077
MED00213,9,lag_1,0.00099
MED00214,9,lag_1,0.00107
MED00215,9,lag_1,0.00146
MED00216,9,lag_1,0.00085
MED00217,9,lag_1,0.0011
MED00218,9,lag_1,0.00131
MED00219,9,lag_1,0.00133
MED00220,9,lag_1,0.00141
MED00221,9,lag_1,0.00122
MED00222,9,lag_1,0.00087
MED00223,9,lag_1,0.0011
MED00224,9,lag_1,0.0009
MED00225,9,lag_1,0.00083
MED00226,9,lag_1,0.00227
MED00227,9,lag_1,0.00039
MED00228,9,lag_1,0.00041
MED00229,9,lag_1,0.00086
MED00230,9,lag_1,0.00029
MED00231,9,lag_1,0.00234
MED00232,9,lag_1,0.00084
MED00233,9,lag_1,0.0009
MED00234,9,lag_1,0.0009
MED00235,9,lag_1,-0.00107
MED00236,9,lag_1,0.00136
MED00237,9,lag_1,0.00144
MED00238,9,lag_1,0.00075
MED00239,9,lag_1,0.00084
MED00240,9,lag_1,0.00126
MED00241,9,lag_1,0.00142
MED00242,9,lag_1,0.00089
MED00243,9,lag_1,0.00098
MED00244,9,lag_1,0.0014
MED00245,9,lag_1,-0.00096
MED00246,9,lag_1,0.0015
MED00247,9,lag_1,0.00102
MED00248,9,lag_1,0.00135
MED00249,9,lag_1,0.00081
MED00250,9,lag_1,0.00087
MED00251,9,lag_1,0.0014
MED00252,9,lag_1,0.00083
MED00253,9,lag_1,0.00134
MED00254,9,lag_1,0.00081
MED00255,9,lag_1,0.00109
MED00256,9,lag_1,0.00098
MED00257,9,lag_1,0.00106
MED00258,9,lag_1,0.00143
MED00259,9,lag_1,0.00093
MED00260,9,lag_1,0.00175
MED00261,9,lag_1,0.00123
MED00262,9,lag_1,0.00109
MED00263,9,lag_1,0.00106
MED00264,9,lag_1,0.00085
MED00265,9,lag_1,0.00106
MED00266,9,lag_1,0.00147
MED00267,9,lag_1,0.00116
MED00268,9,lag_1,0.00136
MED00269,9,lag_1,0.0009
MED00270,9,lag_1,0.00105
MED00271,9,lag_1,-0.00276
MED00272,9,lag_1,0.00077
MED00273,9,lag_1,0.00135
MED00274,9,lag_1,0.00096
MED00275,9,lag_1,0.0011
MED00276,9,lag_1,0.00134
MED00277,9,lag_1,0.001
MED00278,9,lag_1,0.00106
MED00279,9,lag_1,0.00032
MED00280,9,lag_1,0.00098
MED00281,9,lag_1,0.00107
MED00282,9,lag_1,0.00133
MED00283,9,lag_1,0.00085
MED00284,9,lag_1,0.00138
MED00285,9,lag_1,0.00104
MED00286,9,lag_1,0.00141
MED00287,9,lag_1,0.00104
MED00289,9,lag_1,0.00118
MED00290,9,lag_1,0.00084
MED00291,9,lag_1,0.00039
MED00292,9,lag_1,0.00168
MED00293,9,lag_1,0.00123
MED00294,9,lag_1,0.00227
MED00295,9,lag_1,0.00095
MED00296,9,lag_1,0.00081
MED00297,9,lag_1,0.00104
MED00298,9,lag_1,0.00094
MED00299,9,lag_1,0.00092
MED00300,9,lag_1,0.00091
MED00301,9,lag_1,0.00134
MED00302,9,lag_1,0.00116
MED00303,9,lag_1,0.00094
MED00304,9,lag_1,0.00211
MED00305,9,lag_1,0.00091
MED00306,9,lag_1,0.00094
MED00307,9,lag_1,-0.00056
MED00308,9,lag_1,0.00116
MED00309,9,lag_1,0.00236
MED00310,9,lag_1,0.00131
MED00311,9,lag_1,0.00128
MED00312,9,lag_1,0.00096
MED00313,9,lag_1,0.00062
MED00314,9,lag_1,0.00129
MED00315,9,lag_1,0.00107
MED00316,9,lag_1,0.00137
MED00317,9,lag_1,0.0009
MED00318,9,lag_1,0.00385
MED00319,9,lag_1,0.00102
MED00320,9,lag_1,0.00119
MED00321,9,lag_1,0.0009
MED00322,9,lag_1,0.00096
MED00323,9,lag_1,0.00101
MED00324,9,lag_1,0.00143
MED00325,9,lag_1,0.0014
MED00326,9,lag_1,0.00102
MED00327,9,lag_1,0.00083
MED00328,9,lag_1,0.00137
MED00329,9,lag_1,0.001
MED00330,9,lag_1,0.00135
MED00331,9,lag_1,0.00135
MED00332,9,lag_1,0.00091
MED00334,9,lag_1,0.00092
MED00335,9,lag_1,0.00109
MED00336,9,lag_1,0.00131
MED00337,9,lag_1,-0.00182
MED00338,9,lag_1,0.00132
MED00339,9,lag_1,0.00131
MED00340,9,lag_1,0.00147
MED00341,9,lag_1,0.00119
MED00342,9,lag_1,0.00091
MED00343,9,lag_1,0.00104
MED00344,9,lag_1,0.00161
MED00345,9,lag_1,0.00096
MED00346,9,lag_1,0.00117
MED00347,9,lag_1,0.00089
MED00348,9,lag_1,0.00091
MED00349,9,lag_1,0.00131
MED00350,9,lag_1,0.00107
MED00351,9,lag_1,0.00097
MED00352,9,lag_1,0.00096
MED00353,9,lag_1,0.00099
MED00354,9,lag_1,0.001
MED00355,9,lag_1,0.00114
MED00356,9,lag_1,0.00104
MED00357,9,lag_1,0.0011
MED00358,9,lag_1,0.00096
MED00359,9,lag_1,0.00091
MED00360,9,lag_1,0.00116
MED00361,9,lag_1,0.00095
MED00362,9,lag_1,0.00111
MED00363,9,lag_1,0.00135
MED00364,9,lag_1,0.00089
MED00365,9,lag_1,0.0014
MED00366,9,lag_1,0.00116
MED00367,9,lag_1,0.00084
MED00368,9,lag_1,0.00106
MED00369,9,lag_1,0.00106
MED00370,9,lag_1,0.00117
MED00371,9,lag_1,0.00043
MED00372,9,lag_1,0.001
MED00373,9,lag_1,0.00234
MED00374,9,lag_1,0.00097
MED00375,9,lag_1,0.00045
MED00376,9,lag_1,0.00091
MED00377,9,lag_1,0.00106
MED00378,9,lag_1,0.00079
MED00379,9,lag_1,0.00063
MED00380,9,lag_1,0.001
MED00381,9,lag_1,0.00089
MED00382,9,lag_1,0.0022
MED00383,9,lag_1,0.00112
MED00384,9,lag_1,0.00134
MED00385,9,lag_1,0.00017
MED00386,9,lag_1,0.0003
MED00388,9,lag_1,0.00026
MED00389,9,lag_1,0.00079
MED00391,9,lag_1,0.00022
MED00392,9,lag_1,0.00021
MED00393,9,lag_1,0.0002
MED00394,9,lag_1,0.0002
MED00395,9,lag_1,0.00019
MED00396,9,lag_1,-0.0003
MED00397,9,lag_1,-0.00069
MED00398,9,lag_1,-0.00098
MED00399,9,lag_1,-0.00128
MED00400,9,lag_1,-0.00138
MED00401,9,lag_1,0.00026
MED00403,9,lag_1,0.00057
MED00404,9,lag_1,0.00103
MED00405,9,lag_1,0.00113
MED00406,9,lag_1,0.00022
MED00407,9,lag_1,0.00029
MED00408,9,lag_1,0.00097
MED00409,9,lag_1,0.00108
MED00410,9,lag_1,0.00104
MED00411,9,lag_1,0.00026
MED00412,9,lag_1,0.00086
MED00413,9,lag_1,0.00087
MED00415,9,lag_1,0.00143
MED00416,9,lag_1,0.00013
MED00417,9,lag_1,0.00105
MED00418,9,lag_1,0.00105
MED00419,9,lag_1,0.00107
MED00420,9,lag_1,0.00125
MED00422,9,lag_1,0.00027
MED00423,9,lag_1,0.00133
MED00424,9,lag_1,-0.00141
MED00001,10,lag_1,0.00063
MED00002,10,lag_1,0.00099
MED00003,10,lag_1,0.00102
MED00004,10,lag_1,0.00102
MED00005,10,lag_1,0.00101
MED00006,10,lag_1,0.00142
MED00007,10,lag_1,0.0008
MED00008,10,lag_1,0.00241
MED00009,10,lag_1,0.00117
MED00010,10,lag_1,0.00132
MED00011,10,lag_1,0.00038
MED00012,10,lag_1,0.00095
MED00013,10,lag_1,0.00114
MED00014,10,lag_1,-0.00014
MED00015,10,lag_1,0.00144
MED00016,10,lag_1,0.00067
MED00017,10,lag_1,0.00104
MED00018,10,lag_1,-0.00098
MED00019,10,lag_1,-0.00029
MED00020,10,lag_1,0.00095
MED00021,10,lag_1,0.00246
MED00022,10,lag_1,0.00145
MED00023,10,lag_1,0.00136
MED00024,10,lag_1,0.00169
MED00025,10,lag_1,0.00085
MED00026,10,lag_1,0.00126
MED00027,10,lag_1,0.00095
MED00028,10,lag_1,0.00241
MED00029,10,lag_1,0.00106
MED00030,10,lag_1,0.00107
MED00031,10,lag_1,0.0013
MED00032,10,lag_1,0.00041
MED00033,10,lag_1,0.00101
MED00034,10,lag_1,0.00082
MED00035,10,lag_1,0.001
MED00036,10,lag_1,0.00141
MED00037,10,lag_1,0.00071
MED00038,10,lag_1,-0.00051
MED00039,10,lag_1,0.0016
MED00040,10,lag_1,0.00226
MED00041,10,lag_1,0.00132
MED00042,10,lag_1,0.00159
MED00043,10,lag_1,0.00102
MED00044,10,lag_1,0.00166
MED00045,10,lag_1,0.00084
MED00046,10,lag_1,0.00263
MED00047,10,lag_1,0.0009
MED00049,10,lag_1,0.00097
MED00050,10,lag_1,0.00147
MED00051,10,lag_1,0.0009
MED00052,10,lag_1,0.00116
MED00053,10,lag_1,0.00139
MED00054,10,lag_1,0.00042
MED00055,10,lag_1,0.0015
MED00056,10,lag_1,0.00117
MED00057,10,lag_1,0.00099
MED00058,10,lag_1,0.00095
MED00059,10,lag_1,0.00106
MED00060,10,lag_1,0.0026
MED00061,10,lag_1,0.0013
MED00062,10,lag_1,-0.00043
MED00063,10,lag_1,0.00087
MED00064,10,lag_1,0.00043
MED00065,10,lag_1,-0.00196
MED00066,10,lag_1,0.00132
MED00067,10,lag_1,0.00106
MED00068,10,lag_1,0.00065
MED00069,10,lag_1,0.00246
MED00070,10,lag_1,0.0005
MED00071,10,lag_1,0.00177
MED00072,10,lag_1,0.00174
MED00073,10,lag_1,0.00172
MED00074,10,lag_1,0.00041
MED00075,10,lag_1,0.00083
MED00076,10,lag_1,0.00098
MED00077,10,lag_1,0.00155
MED00078,10,lag_1,0.00138
MED00079,10,lag_1,0.00086
MED00080,10,lag_1,0.00162
MED00081,10,lag_1,0.00101
MED00082,10,lag_1,0.00246
MED00083,10,lag_1,0.00264
MED00085,10,lag_1,0.00096
MED00086,10,lag_1,0.00094
MED00087,10,lag_1,0.00142
MED00088,10,lag_1,-0.00018
MED00089,10,lag_1,0.00041
MED00090,10,lag_1,0.00103
MED00091,10,lag_1,0.00167
MED00092,10,lag_1,0.00097
MED00093,10,lag_1,0.00161
MED00094,10,lag_1,0.00215
MED00095,10,lag_1,0.00113
MED00097,10,lag_1,0.00104
MED00098,10,lag_1,0.00116
MED00099,10,lag_1,0.00098
MED00100,10,lag_1,0.0009
MED00101,10,lag_1,0.00105
MED00102,10,lag_1,0.00176
MED00103,10,lag_1,0.00142
MED00104,10,lag_1,0.00103
MED00105,10,lag_1,0.00114
MED00106,10,lag_1,0.00087
MED00107,10,lag_1,0.00089
MED00108,10,lag_1,0.00091
MED00109,10,lag_1,0.00091
MED00110,10,lag_1,0.00099
MED00111,10,lag_1,0.0016
MED00112,10,lag_1,0.00142
MED00113,10,lag_1,0.00096
MED00114,10,lag_1,0.00124
MED00115,10,lag_1,0.00095
MED00116,10,lag_1,0.00126
MED00117,10,lag_1,0.00096
MED00118,10,lag_1,0.00144
MED00119,10,lag_1,0.00095
MED00120,10,lag_1,0.00128
MED00121,10,lag_1,0.00115
MED00122,10,lag_1,0.00098
MED00123,10,lag_1,0.00136
MED00124,10,lag_1,0.00103
MED00125,10,lag_1,0.00101
MED00126,10,lag_1,0.00102
MED00127,10,lag_1,0.00113
MED00128,10,lag_1,0.00142
MED00129,10,lag_1,0.00075
MED00130,10,lag_1,0.00097
MED00131,10,lag_1,0.00167
MED00132,10,lag_1,0.0013
MED00133,10,lag_1,0.00109
MED00134,10,lag_1,0.00097
MED00135,10,lag_1,0.00129
MED00136,10,lag_1,0.00099
MED00137,10,lag_1,0.00103
MED00138,10,lag_1,0.00147
MED00139,10,lag_1,0.00097
MED00140,10,lag_1,0.00137
MED00141,10,lag_1,0.0017
MED00142,10,lag_1,0.00077
MED00143,10,lag_1,0.00139
MED00144,10,lag_1,0.00144
MED00145,10,lag_1,0.00126
MED00146,10,lag_1,0.00061
MED00147,10,lag_1,0.0026
MED00148,10,lag_1,0.0013
MED00149,10,lag_1,0.00139
MED00150,10,lag_1,0.00077
MED00151,10,lag_1,0.00089
MED00152,10,lag_1,0.00089
MED00153,10,lag_1,0.00095
MED00154,10,lag_1,-0.0005
MED00155,10,lag_1,0.00089
MED00156,10,lag_1,0.00263
MED00157,10,lag_1,0.00144
MED00158,10,lag_1,0.00097
MED00159,10,lag_1,0.00089
MED00160,10,lag_1,0.00138
MED00161,10,lag_1,0.00135
MED00162,10,lag_1,0.00146
MED00163,10,lag_1,0.00109
MED00164,10,lag_1,0.00169
MED00165,10,lag_1,0.00091
MED00166,10,lag_1,0.00142
MED00167,10,lag_1,0.00096
MED00168,10,lag_1,0.00085
MED00169,10,lag_1,0.00141
MED00170,10,lag_1,0.00106
MED00171,10,lag_1,0.00139
MED00172,10,lag_1,0.00104
MED00173,10,lag_1,0.00146
MED00174,10,lag_1,0.00115
MED00175,10,lag_1,0.00115
MED00176,10,lag_1,0.0002
MED00177,10,lag_1,0.00088
MED00178,10,lag_1,0.00166
MED00179,10,lag_1,0.00102
MED00180,10,lag_1,0.00096
MED00181,10,lag_1,0.00095
MED00182,10,lag_1,0.00097
MED00183,10,lag_1,0.00043
MED00184,10,lag_1,0.00109
MED00185,10,lag_1,0.00406
MED00186,10,lag_1,0.00095
MED00187,10,lag_1,0.00105
MED00188,10,lag_1,0.00142
MED00189,10,lag_1,0.001
MED00190,10,lag_1,0.00115
MED00191,10,lag_1,0.00101
MED00192,10,lag_1,0.00102
MED00193,10,lag_1,0.00096
MED00194,10,lag_1,0.00082
MED00195,10,lag_1,0.00096
MED00196,10,lag_1,0.00098
MED00197,10,lag_1,0.00097
MED00198,10,lag_1,0.00089
MED00199,10,lag_1,0.0014
MED00200,10,lag_1,0.00084
MED00201,10,lag_1,0.00178
MED00202,10,lag_1,0.00095
MED00203,10,lag_1,0.00144
MED00204,10,lag_1,0.00096
MED00205,10,lag_1,0.00033
MED00206,10,lag_1,0.0011
MED00207,10,lag_1,0.00141
MED00208,10,lag_1,0.00144
MED00209,10,lag_1,0.00138
MED00210,10,lag_1,0.00114
MED00211,10,lag_1,0.00091
MED00212,10,lag_1,0.00113
MED00213,10,lag_1,0.00101
MED00214,10,lag_1,0.00106
MED00215,10,lag_1,0.00149
MED00216,10,lag_1,0.00086
MED00217,10,lag_1,0.0011
MED00218,10,lag_1,0.00136
MED00219,10,lag_1,0.00134
MED00220,10,lag_1,0.00146
MED00221,10,lag_1,0.00158
MED00222,10,lag_1,0.00087
MED00223,10,lag_1,0.00109
MED00224,10,lag_1,0.00095
MED00225,10,lag_1,0.00086
MED00226,10,lag_1,0.00263
MED00227,10,lag_1,0.00034
MED00228,10,lag_1,0.00076
MED00229,10,lag_1,0.00087
MED00230,10,lag_1,0.00043
MED00231,10,lag_1,0.00239
MED00232,10,lag_1,0.00085
MED00233,10,lag_1,0.00125
MED00234,10,lag_1,0.00095
MED00235,10,lag_1,-0.00109
MED00236,10,lag_1,0.00142
MED00237,10,lag_1,0.00146
MED00238,10,lag_1,0.0008
MED00239,10,lag_1,0.00087
MED00240,10,lag_1,0.00162
MED00241,10,lag_1,0.00146
MED00242,10,lag_1,0.0009
MED00243,10,lag_1,0.00099
MED00244,10,lag_1,0.00144
MED00245,10,lag_1,-0.00097
MED00246,10,lag_1,0.00151
MED00247,10,lag_1,0.00102
MED00248,10,lag_1,0.00171
MED00249,10,lag_1,0.00081
MED00250,10,lag_1,0.00043
MED00251,10,lag_1,0.00145
MED00252,10,lag_1,0.00074
MED00253,10,lag_1,0.00139
MED00254,10,lag_1,0.00073
MED00255,10,lag_1,0.00106
MED00256,10,lag_1,0.00057
MED00257,10,lag_1,0.00062
MED00258,10,lag_1,0.00145
MED00259,10,lag_1,0.00097
MED00260,10,lag_1,0.00176
MED00261,10,lag_1,0.00124
MED00262,10,lag_1,0.00144
MED00263,10,lag_1,0.00106
MED00264,10,lag_1,0.00087
MED00265,10,lag_1,0.00106
MED00266,10,lag_1,0.00148
MED00267,10,lag_1,0.00117
MED00268,10,lag_1,0.00141
MED00269,10,lag_1,0.00095
MED00270,10,lag_1,0.00105
MED00271,10,lag_1,0.0006
MED00272,10,lag_1,0.00112
MED00273,10,lag_1,0.00171
MED00274,10,lag_1,0.00131
MED00275,10,lag_1,0.00066
MED00276,10,lag_1,0.00138
MED00277,10,lag_1,0.00101
MED00278,10,lag_1,0.00105
MED00279,10,lag_1,0.00034
MED00280,10,lag_1,0.00098
MED00281,10,lag_1,0.00062
MED00282,10,lag_1,0.00169
MED00283,10,lag_1,0.0012
MED00284,10,lag_1,0.00174
MED00285,10,lag_1,0.00109
MED00286,10,lag_1,0.00144
MED00287,10,lag_1,0.00105
MED00289,10,lag_1,0.0016
MED00290,10,lag_1,0.00089
MED00291,10,lag_1,0.00043
MED00292,10,lag_1,0.00203
MED00293,10,lag_1,0.00121
MED00294,10,lag_1,0.00262
MED00295,10,lag_1,0.00097
MED00296,10,lag_1,0.00084
MED00297,10,lag_1,0.00109
MED00298,10,lag_1,0.00099
MED00299,10,lag_1,0.00098
MED00300,10,lag_1,0.00096
MED00301,10,lag_1,0.00139
MED00302,10,lag_1,0.00119
MED00303,10,lag_1,0.00097
MED00304,10,lag_1,0.00246
MED00305,10,lag_1,0.00095
MED00306,10,lag_1,0.00095
MED00307,10,lag_1,-0.00054
MED00308,10,lag_1,0.00117
MED00309,10,lag_1,0.00272
MED00310,10,lag_1,0.00166
MED00311,10,lag_1,0.00131
MED00312,10,lag_1,0.00131
MED00313,10,lag_1,0.00062
MED00314,10,lag_1,0.00129
MED00315,10,lag_1,0.00106
MED00316,10,lag_1,0.00139
MED00317,10,lag_1,0.00095
MED00318,10,lag_1,0.00421
MED00319,10,lag_1,0.00102
MED00320,10,lag_1,0.00121
MED00321,10,lag_1,0.00073
MED00322,10,lag_1,0.00097
MED00323,10,lag_1,0.00136
MED00324,10,lag_1,0.00146
MED00325,10,lag_1,0.00145
MED00326,10,lag_1,0.00101
MED00327,10,lag_1,0.00084
MED00328,10,lag_1,0.0014
MED00329,10,lag_1,0.001
MED00330,10,lag_1,0.00138
MED00331,10,lag_1,0.0014
MED00332,10,lag_1,0.00096
MED00334,10,lag_1,0.00091
MED00335,10,lag_1,0.00112
MED00336,10,lag_1,0.00136
MED00337,10,lag_1,-0.00183
MED00338,10,lag_1,0.00134
MED00339,10,lag_1,0.00166
MED00340,10,lag_1,0.00148
MED00341,10,lag_1,0.00119
MED00342,10,lag_1,0.00095
MED00343,10,lag_1,0.00104
MED00344,10,lag_1,0.00164
MED00345,10,lag_1,0.00097
MED00346,10,lag_1,0.00118
MED00347,10,lag_1,0.00091
MED00348,10,lag_1,0.00096
MED00349,10,lag_1,0.00136
MED00350,10,lag_1,0.00107
MED00351,10,lag_1,0.00099
MED00352,10,lag_1,0.00097
MED00353,10,lag_1,0.001
MED00354,10,lag_1,0.00101
MED00355,10,lag_1,0.00108
MED00356,10,lag_1,0.00104
MED00357,10,lag_1,0.00111
MED00358,10,lag_1,0.00052
MED00359,10,lag_1,0.00095
MED00360,10,lag_1,0.00119
MED00361,10,lag_1,0.00099
MED00362,10,lag_1,0.00148
MED00363,10,lag_1,0.0014
MED00364,10,lag_1,0.00091
MED00365,10,lag_1,0.00145
MED00366,10,lag_1,0.00123
MED00367,10,lag_1,0.00084
MED00368,10,lag_1,0.00106
MED00369,10,lag_1,0.00062
MED00370,10,lag_1,0.00118
MED00371,10,lag_1,0.00043
MED00372,10,lag_1,0.00101
MED00373,10,lag_1,0.00236
MED00374,10,lag_1,0.00053
MED00375,10,lag_1,0.00048
MED00376,10,lag_1,0.00095
MED00377,10,lag_1,0.00107
MED00378,10,lag_1,0.00084
MED00379,10,lag_1,0.00064
MED00380,10,lag_1,0.00101
MED00381,10,lag_1,0.0009
MED00382,10,lag_1,0.00256
MED00383,10,lag_1,0.00113
MED00384,10,lag_1,0.00139
MED00385,10,lag_1,0.00057
MED00386,10,lag_1,0.00028
MED00388,10,lag_1,0.00023
MED00389,10,lag_1,0.00035
MED00390,10,lag_1,-0.00043
MED00391,10,lag_1,-0.00022
MED00392,10,lag_1,-0.00023
MED00393,10,lag_1,0.00056
MED00394,10,lag_1,-0.00024
MED00395,10,lag_1,-0.00025
MED00396,10,lag_1,-0.00033
MED00397,10,lag_1,-0.0007
MED00398,10,lag_1,-0.00123
MED00399,10,lag_1,-0.00127
MED00400,10,lag_1,-0.00139
MED00401,10,lag_1,0.00023
MED00403,10,lag_1,0.00058
MED00404,10,lag_1,0.00108
MED00405,10,lag_1,0.0011
MED00406,10,lag_1,0.00016
MED00407,10,lag_1,0.00026
MED00408,10,lag_1,0.00094
MED00409,10,lag_1,0.00106
MED00410,10,lag_1,0.00104
MED00411,10,lag_1,-0.00018
MED00412,10,lag_1,0.00042
MED00413,10,lag_1,0.00122
MED00414,10,lag_1,-0.00044
MED00415,10,lag_1,0.00179
MED00416,10,lag_1,-0.00031
MED00417,10,lag_1,0.00061
MED00418,10,lag_1,0.00061
MED00419,10,lag_1,0.00063
MED00420,10,lag_1,0.0003
MED00421,10,lag_1,-0.00012
MED00422,10,lag_1,-0.00017
MED00423,10,lag_1,0.00169
MED00424,10,lag_1,-0.00146
MED00001,11,lag_1,0.00063
MED00002,11,lag_1,0.00098
MED00003,11,lag_1,0.00102
MED00004,11,lag_1,0.00102
MED00005,11,lag_1,0.00101
MED00006,11,lag_1,0.00142
MED00007,11,lag_1,0.0008
MED00008,11,lag_1,0.00241
MED00009,11,lag_1,0.00117
MED00010,11,lag_1,0.00132
MED00011,11,lag_1,0.00038
MED00012,11,lag_1,0.00095
MED00013,11,lag_1,0.00119
MED00014,11,lag_1,-0.00014
MED00015,11,lag_1,0.00144
MED00016,11,lag_1,0.00066
MED00017,11,lag_1,0.00104
MED00018,11,lag_1,-0.00098
MED00019,11,lag_1,-0.00029
MED00020,11,lag_1,0.00097
MED00021,11,lag_1,0.00246
MED00022,11,lag_1,0.00144
MED00023,11,lag_1,0.00136
MED00024,11,lag_1,0.00169
MED00025,11,lag_1,0.00084
MED00026,11,lag_1,0.00126
MED00027,11,lag_1,0.00095
MED00028,11,lag_1,0.00242
MED00029,11,lag_1,0.00106
MED00030,11,lag_1,0.00107
MED00031,11,lag_1,0.0013
MED00032,11,lag_1,0.0004
MED00033,11,lag_1,0.00101
MED00034,11,lag_1,0.00082
MED00035,11,lag_1,0.00072
MED00036,11,lag_1,0.0014
MED00037,11,lag_1,0.00071
MED00038,11,lag_1,-0.00051
MED00039,11,lag_1,0.0016
MED00040,11,lag_1,0.00225
MED00041,11,lag_1,0.00132
MED00042,11,lag_1,0.00157
MED00043,11,lag_1,0.00102
MED00044,11,lag_1,0.00166
MED00045,11,lag_1,0.00084
MED00046,11,lag_1,0.00263
MED00047,11,lag_1,0.00089
MED00049,11,lag_1,0.00097
MED00050,11,lag_1,0.00147
MED00051,11,lag_1,0.00089
MED00052,11,lag_1,0.00116
MED00053,11,lag_1,0.0014
MED00054,11,lag_1,0.00041
MED00055,11,lag_1,0.0015
MED00056,11,lag_1,0.00118
MED00057,11,lag_1,0.00099
MED00058,11,lag_1,0.00095
MED00059,11,lag_1,0.00107
MED00060,11,lag_1,0.0026
MED00061,11,lag_1,0.0013
MED00062,11,lag_1,-0.00043
MED00063,11,lag_1,0.00087
MED00064,11,lag_1,0.00043
MED00065,11,lag_1,-0.00196
MED00066,11,lag_1,0.00132
MED00067,11,lag_1,0.00105
MED00068,11,lag_1,0.00065
MED00069,11,lag_1,0.00246
MED00070,11,lag_1,0.00055
MED00071,11,lag_1,0.00177
MED00072,11,lag_1,0.00174
MED00073,11,lag_1,0.00172
MED00074,11,lag_1,0.00041
MED00075,11,lag_1,0.00083
MED00076,11,lag_1,0.00098
MED00077,11,lag_1,0.00155
MED00078,11,lag_1,0.00138
MED00079,11,lag_1,0.00086
MED00080,11,lag_1,0.00162
MED00081,11,lag_1,0.00101
MED00082,11,lag_1,0.00246
MED00083,11,lag_1,0.00264
MED00085,11,lag_1,0.00096
MED00086,11,lag_1,0.00094
MED00087,11,lag_1,0.00142
MED00088,11,lag_1,-0.00017
MED00089,11,lag_1,0.00041
MED00090,11,lag_1,0.00103
MED00091,11,lag_1,0.00167
MED00092,11,lag_1,0.00097
MED00093,11,lag_1,0.00128
MED00094,11,lag_1,0.00215
MED00095,11,lag_1,0.00114
MED00097,11,lag_1,0.00104
MED00098,11,lag_1,0.00116
MED00099,11,lag_1,0.00097
MED00100,11,lag_1,0.0009
MED00101,11,lag_1,0.00104
MED00102,11,lag_1,0.00175
MED00103,11,lag_1,0.00142
MED00104,11,lag_1,0.00103
MED00105,11,lag_1,0.00114
MED00106,11,lag_1,0.00087
MED00107,11,lag_1,0.00089
MED00108,11,lag_1,0.00091
MED00109,11,lag_1,0.00091
MED00110,11,lag_1,0.00099
MED00111,11,lag_1,0.0016
MED00112,11,lag_1,0.00142
MED00113,11,lag_1,0.00095
MED00114,11,lag_1,0.00124
MED00115,11,lag_1,0.00095
MED00116,11,lag_1,0.00126
MED00117,11,lag_1,0.00097
MED00118,11,lag_1,0.00144
MED00119,11,lag_1,0.00095
MED00120,11,lag_1,0.00128
MED00121,11,lag_1,0.00115
MED00122,11,lag_1,0.00098
MED00123,11,lag_1,0.00136
MED00124,11,lag_1,0.00103
MED00125,11,lag_1,0.00101
MED00126,11,lag_1,0.00102
MED00127,11,lag_1,0.00113
MED00128,11,lag_1,0.00142
MED00129,11,lag_1,0.00075
MED00130,11,lag_1,0.00097
MED00131,11,lag_1,0.00167
MED00132,11,lag_1,0.0013
MED00133,11,lag_1,0.00109
MED00134,11,lag_1,0.00098
MED00135,11,lag_1,0.00129
MED00136,11,lag_1,0.001
MED00137,11,lag_1,0.00103
MED00138,11,lag_1,0.00147
MED00139,11,lag_1,0.00097
MED00140,11,lag_1,0.00137
MED00141,11,lag_1,0.0017
MED00142,11,lag_1,0.00077
MED00143,11,lag_1,0.00139
MED00144,11,lag_1,0.00144
MED00145,11,lag_1,0.00126
MED00146,11,lag_1,0.00061
MED00147,11,lag_1,0.0026
MED00148,11,lag_1,0.0013
MED00149,11,lag_1,0.00139
MED00150,11,lag_1,0.00077
MED00151,11,lag_1,0.00089
MED00152,11,lag_1,0.00089
MED00153,11,lag_1,0.00095
MED00154,11,lag_1,-0.00052
MED00155,11,lag_1,0.00089
MED00156,11,lag_1,0.00263
MED00157,11,lag_1,0.00144
MED00158,11,lag_1,0.00096
MED00159,11,lag_1,0.00089
MED00160,11,lag_1,0.00138
MED00161,11,lag_1,0.00135
MED00162,11,lag_1,0.00146
MED00163,11,lag_1,0.00109
MED00164,11,lag_1,0.00169
MED00165,11,lag_1,0.00091
MED00166,11,lag_1,0.00142
MED00167,11,lag_1,0.00095
MED00168,11,lag_1,0.00085
MED00169,11,lag_1,0.0014
MED00170,11,lag_1,0.00105
MED00171,11,lag_1,0.00139
MED00172,11,lag_1,0.00108
MED00173,11,lag_1,0.00146
MED00174,11,lag_1,0.00114
MED00175,11,lag_1,0.00114
MED00176,11,lag_1,0.0002
MED00177,11,lag_1,0.00087
MED00178,11,lag_1,0.00166
MED00179,11,lag_1,0.00103
MED00180,11,lag_1,0.00096
MED00181,11,lag_1,0.00095
MED00182,11,lag_1,0.00096
MED00183,11,lag_1,0.00043
MED00184,11,lag_1,0.00109
MED00185,11,lag_1,0.00406
MED00186,11,lag_1,0.00095
MED00187,11,lag_1,0.00105
MED00188,11,lag_1,0.0014
MED00189,11,lag_1,0.00101
MED00190,11,lag_1,0.00115
MED00191,11,lag_1,0.00101
MED00192,11,lag_1,0.00102
MED00193,11,lag_1,0.00096
MED00194,11,lag_1,0.00082
MED00195,11,lag_1,0.00096
MED00196,11,lag_1,0.00098
MED00197,11,lag_1,0.00098
MED00198,11,lag_1,0.00089
MED00199,11,lag_1,0.0014
MED00200,11,lag_1,0.00084
MED00201,11,lag_1,0.00178
MED00202,11,lag_1,0.00095
MED00203,11,lag_1,0.00144
MED00204,11,lag_1,0.00096
MED00205,11,lag_1,0.00033
MED00206,11,lag_1,0.00114
MED00207,11,lag_1,0.00141
MED00208,11,lag_1,0.00144
MED00209,11,lag_1,0.00137
MED00210,11,lag_1,0.00119
MED00211,11,lag_1,0.0009
MED00212,11,lag_1,0.00113
MED00213,11,lag_1,0.00101
MED00214,11,lag_1,0.00106
MED00215,11,lag_1,0.00149
MED00216,11,lag_1,0.00087
MED00217,11,lag_1,0.0011
MED00218,11,lag_1,0.00136
MED00219,11,lag_1,0.00133
MED00220,11,lag_1,0.00146
MED00221,11,lag_1,0.00158
MED00222,11,lag_1,0.00088
MED00223,11,lag_1,0.00109
MED00224,11,lag_1,0.00095
MED00225,11,lag_1,0.00086
MED00226,11,lag_1,0.00263
MED00227,11,lag_1,0.00034
MED00228,11,lag_1,0.00076
MED00229,11,lag_1,0.00087
MED00230,11,lag_1,0.00043
MED00231,11,lag_1,0.0024
MED00232,11,lag_1,0.00085
MED00233,11,lag_1,0.00125
MED00234,11,lag_1,0.00095
MED00235,11,lag_1,-0.00109
MED00236,11,lag_1,0.00143
MED00237,11,lag_1,0.00146
MED00238,11,lag_1,0.0008
MED00239,11,lag_1,0.00087
MED00240,11,lag_1,0.00162
MED00241,11,lag_1,0.00146
MED00242,11,lag_1,0.0009
MED00243,11,lag_1,0.00098
MED00244,11,lag_1,0.00144
MED00245,11,lag_1,-0.00097
MED00246,11,lag_1,0.00151
MED00247,11,lag_1,0.00102
MED00248,11,lag_1,0.00171
MED00249,11,lag_1,0.00081
MED00250,11,lag_1,0.00043
MED00251,11,lag_1,0.00145
MED00252,11,lag_1,0.00078
MED00253,11,lag_1,0.00139
MED00254,11,lag_1,0.00077
MED00255,11,lag_1,0.00106
MED00256,11,lag_1,0.00057
MED00257,11,lag_1,0.00062
MED00258,11,lag_1,0.00145
MED00259,11,lag_1,0.00098
MED00260,11,lag_1,0.00143
MED00261,11,lag_1,0.00124
MED00262,11,lag_1,0.00145
MED00263,11,lag_1,0.00106
MED00264,11,lag_1,0.00086
MED00265,11,lag_1,0.00106
MED00266,11,lag_1,0.00148
MED00267,11,lag_1,0.00117
MED00268,11,lag_1,0.00141
MED00269,11,lag_1,0.00095
MED00270,11,lag_1,0.00104
MED00271,11,lag_1,0.00064
MED00272,11,lag_1,0.00112
MED00273,11,lag_1,0.00171
MED00274,11,lag_1,0.00131
MED00275,11,lag_1,0.00066
MED00276,11,lag_1,0.00138
MED00277,11,lag_1,0.00101
MED00278,11,lag_1,0.00106
MED00279,11,lag_1,0.00034
MED00280,11,lag_1,0.00098
MED00281,11,lag_1,0.00062
MED00282,11,lag_1,0.00169
MED00283,11,lag_1,0.0012
MED00284,11,lag_1,0.00174
MED00285,11,lag_1,0.00109
MED00286,11,lag_1,0.00144
MED00287,11,lag_1,0.00105
MED00289,11,lag_1,0.00159
MED00290,11,lag_1,0.00089
MED00291,11,lag_1,0.00043
MED00292,11,lag_1,0.00203
MED00293,11,lag_1,0.00121
MED00294,11,lag_1,0.00262
MED00295,11,lag_1,0.00096
MED00296,11,lag_1,0.00084
MED00297,11,lag_1,0.00109
MED00298,11,lag_1,0.00099
MED00299,11,lag_1,0.00098
MED00300,11,lag_1,0.00096
MED00301,11,lag_1,0.00139
MED00302,11,lag_1,0.00119
MED00303,11,lag_1,0.00097
MED00304,11,lag_1,0.00246
MED00305,11,lag_1,0.00095
MED00306,11,lag_1,0.001
MED00307,11,lag_1,-0.0005
MED00308,11,lag_1,0.00117
MED00309,11,lag_1,0.00272
MED00310,11,lag_1,0.00166
MED00311,11,lag_1,0.00131
MED00312,11,lag_1,0.00131
MED00313,11,lag_1,0.00066
MED00314,11,lag_1,0.00129
MED00315,11,lag_1,0.00106
MED00316,11,lag_1,0.00139
MED00317,11,lag_1,0.00095
MED00318,11,lag_1,0.00421
MED00319,11,lag_1,0.00102
MED00320,11,lag_1,0.00126
MED00321,11,lag_1,0.00077
MED00322,11,lag_1,0.00097
MED00323,11,lag_1,0.00136
MED00324,11,lag_1,0.00146
MED00325,11,lag_1,0.00145
MED00326,11,lag_1,0.00101
MED00327,11,lag_1,0.00084
MED00328,11,lag_1,0.0014
MED00329,11,lag_1,0.001
MED00330,11,lag_1,0.00138
MED00331,11,lag_1,0.0014
MED00332,11,lag_1,0.00096
MED00334,11,lag_1,0.0009
MED00335,11,lag_1,0.00112
MED00336,11,lag_1,0.00136
MED00337,11,lag_1,-0.00183
MED00338,11,lag_1,0.00134
MED00339,11,lag_1,0.00166
MED00340,11,lag_1,0.00146
MED00341,11,lag_1,0.00119
MED00342,11,lag_1,0.00095
MED00343,11,lag_1,0.00104
MED00344,11,lag_1,0.00164
MED00345,11,lag_1,0.00097
MED00346,11,lag_1,0.00118
MED00347,11,lag_1,0.00091
MED00348,11,lag_1,0.00096
MED00349,11,lag_1,0.00136
MED00350,11,lag_1,0.0011
MED00351,11,lag_1,0.00099
MED00352,11,lag_1,0.00097
MED00353,11,lag_1,0.00101
MED00354,11,lag_1,0.00102
MED00355,11,lag_1,0.00108
MED00356,11,lag_1,0.00104
MED00357,11,lag_1,0.0011
MED00358,11,lag_1,0.00052
MED00359,11,lag_1,0.00095
MED00360,11,lag_1,0.00118
MED00361,11,lag_1,0.00098
MED00362,11,lag_1,0.00149
MED00363,11,lag_1,0.0014
MED00364,11,lag_1,0.00091
MED00365,11,lag_1,0.00145
MED00366,11,lag_1,0.00123
MED00367,11,lag_1,0.00084
MED00368,11,lag_1,0.00105
MED00369,11,lag_1,0.00062
MED00370,11,lag_1,0.00117
MED00371,11,lag_1,0.00042
MED00372,11,lag_1,0.00101
MED00373,11,lag_1,0.00236
MED00374,11,lag_1,0.00053
MED00375,11,lag_1,0.00048
MED00376,11,lag_1,0.00095
MED00377,11,lag_1,0.00107
MED00378,11,lag_1,0.00084
MED00379,11,lag_1,0.00068
MED00380,11,lag_1,0.00102
MED00381,11,lag_1,0.0009
MED00382,11,lag_1,0.00256
MED00383,11,lag_1,0.00119
MED00384,11,lag_1,0.00139
MED00385,11,lag_1,0.00057
MED00386,11,lag_1,0.00028
MED00388,11,lag_1,0.00023
MED00389,11,lag_1,0.00035
MED00390,11,lag_1,-0.00043
MED00391,11,lag_1,-0.00022
MED00392,11,lag_1,-0.00023
MED00393,11,lag_1,0.00056
MED00394,11,lag_1,-0.00024
MED00395,11,lag_1,-0.00025
MED00397,11,lag_1,-0.0007
MED00398,11,lag_1,-0.00129
MED00399,11,lag_1,-0.00131
MED00400,11,lag_1,-0.00139
MED00401,11,lag_1,0.00023
MED00403,11,lag_1,0.00058
MED00404,11,lag_1,0.00108
MED00405,11,lag_1,0.0011
MED00406,11,lag_1,0.00016
MED00407,11,lag_1,0.00026
MED00408,11,lag_1,0.00094
MED00409,11,lag_1,0.00106
MED00410,11,lag_1,0.00104
MED00411,11,lag_1,-0.00018
MED00412,11,lag_1,0.00042
MED00413,11,lag_1,0.00122
MED00414,11,lag_1,-0.00044
MED00415,11,lag_1,0.00179
MED00416,11,lag_1,-0.00031
MED00417,11,lag_1,0.00061
MED00418,11,lag_1,0.00061
MED00419,11,lag_1,0.00063
MED00420,11,lag_1,0.0003
MED00421,11,lag_1,-0.00012
MED00422,11,lag_1,-0.00017
MED00423,11,lag_1,0.00168
MED00424,11,lag_1,-0.00151
MED00001,12,lag_1,0.00063
MED00002,12,lag_1,0.00099
MED00003,12,lag_1,0.00097
MED00004,12,lag_1,0.00102
MED00005,12,lag_1,0.00101
MED00006,12,lag_1,0.00142
MED00007,12,lag_1,0.0008
MED00008,12,lag_1,0.00242
MED00009,12,lag_1,0.00118
MED00010,12,lag_1,0.00132
MED00011,12,lag_1,0.00039
MED00012,12,lag_1,0.00096
MED00013,12,lag_1,0.0012
MED00014,12,lag_1,-0.00014
MED00015,12,lag_1,0.00145
MED00016,12,lag_1,0.00067
MED00017,12,lag_1,0.00105
MED00018,12,lag_1,-0.00098
MED00019,12,lag_1,-0.00029
MED00020,12,lag_1,0.00097
MED00021,12,lag_1,0.00246
MED00022,12,lag_1,0.00145
MED00023,12,lag_1,0.00136
MED00024,12,lag_1,0.0017
MED00025,12,lag_1,0.00092
MED00026,12,lag_1,0.00133
MED00027,12,lag_1,0.00102
MED00028,12,lag_1,0.00242
MED00029,12,lag_1,0.00107
MED00030,12,lag_1,0.00107
MED00031,12,lag_1,0.00131
MED00032,12,lag_1,0.0004
MED00033,12,lag_1,0.00102
MED00034,12,lag_1,0.00082
MED00035,12,lag_1,0.0008
MED00036,12,lag_1,0.0014
MED00037,12,lag_1,0.00071
MED00038,12,lag_1,-0.0005
MED00039,12,lag_1,0.00167
MED00040,12,lag_1,0.00226
MED00041,12,lag_1,0.00132
MED00042,12,lag_1,0.00165
MED00043,12,lag_1,0.00097
MED00044,12,lag_1,0.00166
MED00045,12,lag_1,0.00085
MED00046,12,lag_1,0.00263
MED00047,12,lag_1,0.0009
MED00049,12,lag_1,0.00097
MED00050,12,lag_1,0.00147
MED00051,12,lag_1,0.0009
MED00052,12,lag_1,0.00117
MED00053,12,lag_1,0.00141
MED00054,12,lag_1,0.00042
MED00055,12,lag_1,0.00157
MED00056,12,lag_1,0.00118
MED00057,12,lag_1,0.00105
MED00058,12,lag_1,0.00095
MED00059,12,lag_1,0.00107
MED00060,12,lag_1,0.00261
MED00061,12,lag_1,0.00131
MED00062,12,lag_1,-0.00043
MED00063,12,lag_1,0.00087
MED00064,12,lag_1,0.00043
MED00065,12,lag_1,-0.00196
MED00066,12,lag_1,0.00133
MED00067,12,lag_1,0.00106
MED00068,12,lag_1,0.00066
MED00069,12,lag_1,0.00246
MED00070,12,lag_1,0.00056
MED00071,12,lag_1,0.00178
MED00072,12,lag_1,0.00175
MED00073,12,lag_1,0.00172
MED00074,12,lag_1,0.00042
MED00075,12,lag_1,0.00084
MED00076,12,lag_1,0.00099
MED00077,12,lag_1,0.00156
MED00078,12,lag_1,0.00138
MED00079,12,lag_1,0.00087
MED00080,12,lag_1,0.00163
MED00081,12,lag_1,0.00102
MED00082,12,lag_1,0.00246
MED00083,12,lag_1,0.00264
MED00085,12,lag_1,0.00097
MED00086,12,lag_1,0.00097
MED00087,12,lag_1,0.00142
MED00088,12,lag_1,-0.00017
MED00089,12,lag_1,0.00043
MED00090,12,lag_1,0.00103
MED00091,12,lag_1,0.00167
MED00092,12,lag_1,0.00098
MED00093,12,lag_1,0.00135
MED00094,12,lag_1,0.00222
MED00095,12,lag_1,0.00114
MED00097,12,lag_1,0.00109
MED00098,12,lag_1,0.00116
MED00099,12,lag_1,0.00104
MED00100,12,lag_1,0.0009
MED00101,12,lag_1,0.00106
MED00102,12,lag_1,0.00175
MED00103,12,lag_1,0.00142
MED00104,12,lag_1,0.00104
MED00105,12,lag_1,0.00114
MED00106,12,lag_1,0.00087
MED00107,12,lag_1,0.00089
MED00108,12,lag_1,0.00092
MED00109,12,lag_1,0.00091
MED00110,12,lag_1,0.00099
MED00111,12,lag_1,0.0016
MED00112,12,lag_1,0.00142
MED00113,12,lag_1,0.00096
MED00114,12,lag_1,0.00124
MED00115,12,lag_1,0.00095
MED00116,12,lag_1,0.00127
MED00117,12,lag_1,0.00097
MED00118,12,lag_1,0.00145
MED00119,12,lag_1,0.00096
MED00120,12,lag_1,0.00129
MED00121,12,lag_1,0.00115
MED00122,12,lag_1,0.00099
MED00123,12,lag_1,0.00136
MED00124,12,lag_1,0.00103
MED00125,12,lag_1,0.00101
MED00126,12,lag_1,0.00102
MED00127,12,lag_1,0.00113
MED00128,12,lag_1,0.00142
MED00129,12,lag_1,0.00075
MED00130,12,lag_1,0.00097
MED00131,12,lag_1,0.00167
MED00132,12,lag_1,0.0013
MED00133,12,lag_1,0.00109
MED00134,12,lag_1,0.00097
MED00135,12,lag_1,0.00134
MED00136,12,lag_1,0.001
MED00137,12,lag_1,0.00099
MED00138,12,lag_1,0.00147
MED00139,12,lag_1,0.00097
MED00140,12,lag_1,0.00138
MED00141,12,lag_1,0.0017
MED00142,12,lag_1,0.0008
MED00143,12,lag_1,0.0014
MED00144,12,lag_1,0.00145
MED00145,12,lag_1,0.00126
MED00146,12,lag_1,0.00062
MED00147,12,lag_1,0.0026
MED00148,12,lag_1,0.0013
MED00149,12,lag_1,0.00139
MED00150,12,lag_1,0.00077
MED00151,12,lag_1,0.00089
MED00152,12,lag_1,0.0009
MED00153,12,lag_1,0.00095
MED00154,12,lag_1,-0.00051
MED00155,12,lag_1,0.00089
MED00156,12,lag_1,0.00263
MED00157,12,lag_1,0.00145
MED00158,12,lag_1,0.00104
MED00159,12,lag_1,0.00089
MED00160,12,lag_1,0.00139
MED00161,12,lag_1,0.00135
MED00162,12,lag_1,0.00146
MED00163,12,lag_1,0.00109
MED00164,12,lag_1,0.00169
MED00165,12,lag_1,0.00092
MED00166,12,lag_1,0.00142
MED00167,12,lag_1,0.00096
MED00168,12,lag_1,0.00085
MED00169,12,lag_1,0.00141
MED00170,12,lag_1,0.00107
MED00171,12,lag_1,0.00139
MED00172,12,lag_1,0.00109
MED00173,12,lag_1,0.00147
MED00174,12,lag_1,0.00114
MED00175,12,lag_1,0.00127
MED00176,12,lag_1,0.00021
MED00177,12,lag_1,0.00095
MED00178,12,lag_1,0.00168
MED00179,12,lag_1,0.00103
MED00180,12,lag_1,0.00096
MED00181,12,lag_1,0.00095
MED00182,12,lag_1,0.00103
MED00183,12,lag_1,0.00044
MED00184,12,lag_1,0.00109
MED00185,12,lag_1,0.00406
MED00186,12,lag_1,0.00095
MED00187,12,lag_1,0.00105
MED00188,12,lag_1,0.00141
MED00189,12,lag_1,0.00096
MED00190,12,lag_1,0.00115
MED00191,12,lag_1,0.00101
MED00192,12,lag_1,0.00102
MED00193,12,lag_1,0.00096
MED00194,12,lag_1,0.00082
MED00195,12,lag_1,0.00096
MED00196,12,lag_1,0.00098
MED00197,12,lag_1,0.00098
MED00198,12,lag_1,0.00089
MED00199,12,lag_1,0.0014
MED00200,12,lag_1,0.00084
MED00201,12,lag_1,0.00178
MED00202,12,lag_1,0.00095
MED00203,12,lag_1,0.00145
MED00204,12,lag_1,0.00096
MED00205,12,lag_1,0.00029
MED00206,12,lag_1,0.00115
MED00207,12,lag_1,0.00141
MED00208,12,lag_1,0.00145
MED00209,12,lag_1,0.00138
MED00210,12,lag_1,0.00126
MED00211,12,lag_1,0.00091
MED00212,12,lag_1,0.00113
MED00213,12,lag_1,0.00101
MED00214,12,lag_1,0.00107
MED00215,12,lag_1,0.00149
MED00216,12,lag_1,0.00087
MED00217,12,lag_1,0.00111
MED00218,12,lag_1,0.00136
MED00219,12,lag_1,0.00139
MED00220,12,lag_1,0.00146
MED00221,12,lag_1,0.00158
MED00222,12,lag_1,0.00099
MED00223,12,lag_1,0.0011
MED00224,12,lag_1,0.00095
MED00225,12,lag_1,0.00087
MED00226,12,lag_1,0.00263
MED00227,12,lag_1,0.00034
MED00228,12,lag_1,0.00076
MED00229,12,lag_1,0.00088
MED00230,12,lag_1,0.00044
MED00231,12,lag_1,0.0024
MED00232,12,lag_1,0.00085
MED00233,12,lag_1,0.00125
MED00234,12,lag_1,0.00096
MED00235,12,lag_1,-0.00109
MED00236,12,lag_1,0.00143
MED00237,12,lag_1,0.00147
MED00238,12,lag_1,0.0008
MED00239,12,lag_1,0.00087
MED00240,12,lag_1,0.00162
MED00241,12,lag_1,0.00146
MED00242,12,lag_1,0.00091
MED00243,12,lag_1,0.00099
MED00244,12,lag_1,0.00145
MED00245,12,lag_1,-0.00098
MED00246,12,lag_1,0.00152
MED00247,12,lag_1,0.00104
MED00248,12,lag_1,0.00171
MED00249,12,lag_1,0.00082
MED00250,12,lag_1,0.00043
MED00251,12,lag_1,0.00145
MED00252,12,lag_1,0.00093
MED00253,12,lag_1,0.00139
MED00254,12,lag_1,0.00092
MED00255,12,lag_1,0.00106
MED00256,12,lag_1,0.00057
MED00257,12,lag_1,0.00063
MED00258,12,lag_1,0.00146
MED00259,12,lag_1,0.00098
MED00260,12,lag_1,0.00144
MED00261,12,lag_1,0.00124
MED00262,12,lag_1,0.00145
MED00263,12,lag_1,0.00106
MED00264,12,lag_1,0.00087
MED00265,12,lag_1,0.00107
MED00266,12,lag_1,0.00149
MED00267,12,lag_1,0.00117
MED00268,12,lag_1,0.00142
MED00269,12,lag_1,0.00095
MED00270,12,lag_1,0.00105
MED00271,12,lag_1,0.00064
MED00272,12,lag_1,0.00113
MED00273,12,lag_1,0.00171
MED00274,12,lag_1,0.00131
MED00275,12,lag_1,0.00067
MED00276,12,lag_1,0.00139
MED00277,12,lag_1,0.00101
MED00278,12,lag_1,0.00107
MED00279,12,lag_1,0.00034
MED00280,12,lag_1,0.00099
MED00281,12,lag_1,0.00063
MED00282,12,lag_1,0.00169
MED00283,12,lag_1,0.00132
MED00284,12,lag_1,0.00174
MED00285,12,lag_1,0.00109
MED00286,12,lag_1,0.00145
MED00287,12,lag_1,0.00105
MED00289,12,lag_1,0.0016
MED00290,12,lag_1,0.00089
MED00291,12,lag_1,0.00044
MED00292,12,lag_1,0.00203
MED00293,12,lag_1,0.00121
MED00294,12,lag_1,0.00263
MED00295,12,lag_1,0.00104
MED00296,12,lag_1,0.00084
MED00297,12,lag_1,0.00109
MED00298,12,lag_1,0.001
MED00299,12,lag_1,0.00098
MED00300,12,lag_1,0.00096
MED00301,12,lag_1,0.00139
MED00302,12,lag_1,0.00119
MED00303,12,lag_1,0.00097
MED00304,12,lag_1,0.00246
MED00305,12,lag_1,0.00096
MED00306,12,lag_1,0.00107
MED00307,12,lag_1,-0.0005
MED00308,12,lag_1,0.00118
MED00309,12,lag_1,0.00272
MED00310,12,lag_1,0.00166
MED00311,12,lag_1,0.00131
MED00312,12,lag_1,0.00132
MED00313,12,lag_1,0.00067
MED00314,12,lag_1,0.00135
MED00315,12,lag_1,0.00107
MED00316,12,lag_1,0.00139
MED00317,12,lag_1,0.00095
MED00318,12,lag_1,0.00422
MED00319,12,lag_1,0.00102
MED00320,12,lag_1,0.00126
MED00321,12,lag_1,0.00078
MED00322,12,lag_1,0.00097
MED00323,12,lag_1,0.00136
MED00324,12,lag_1,0.00147
MED00325,12,lag_1,0.00145
MED00326,12,lag_1,0.00102
MED00327,12,lag_1,0.00084
MED00328,12,lag_1,0.00141
MED00329,12,lag_1,0.001
MED00330,12,lag_1,0.00138
MED00331,12,lag_1,0.00141
MED00332,12,lag_1,0.00096
MED00334,12,lag_1,0.0009
MED00335,12,lag_1,0.00113
MED00336,12,lag_1,0.00137
MED00337,12,lag_1,-0.00183
MED00338,12,lag_1,0.00135
MED00339,12,lag_1,0.00166
MED00340,12,lag_1,0.00154
MED00341,12,lag_1,0.00119
MED00342,12,lag_1,0.00096
MED00343,12,lag_1,0.00105
MED00344,12,lag_1,0.00165
MED00345,12,lag_1,0.00097
MED00346,12,lag_1,0.00118
MED00347,12,lag_1,0.00091
MED00348,12,lag_1,0.00096
MED00349,12,lag_1,0.00136
MED00350,12,lag_1,0.00111
MED00351,12,lag_1,0.00099
MED00352,12,lag_1,0.00098
MED00353,12,lag_1,0.00101
MED00354,12,lag_1,0.00102
MED00355,12,lag_1,0.00109
MED00356,12,lag_1,0.00104
MED00357,12,lag_1,0.00111
MED00358,12,lag_1,0.00052
MED00359,12,lag_1,0.00096
MED00360,12,lag_1,0.00118
MED00361,12,lag_1,0.00099
MED00362,12,lag_1,0.00149
MED00363,12,lag_1,0.0014
MED00364,12,lag_1,0.0009
MED00365,12,lag_1,0.00145
MED00366,12,lag_1,0.00124
MED00367,12,lag_1,0.00085
MED00368,12,lag_1,0.00106
MED00369,12,lag_1,0.00063
MED00370,12,lag_1,0.00124
MED00371,12,lag_1,0.00043
MED00372,12,lag_1,0.00101
MED00373,12,lag_1,0.00236
MED00374,12,lag_1,0.00053
MED00375,12,lag_1,0.00048
MED00376,12,lag_1,0.00096
MED00377,12,lag_1,0.00114
MED00378,12,lag_1,0.00084
MED00379,12,lag_1,0.00069
MED00380,12,lag_1,0.00102
MED00381,12,lag_1,0.00091
MED00382,12,lag_1,0.00256
MED00383,12,lag_1,0.00115
MED00384,12,lag_1,0.0014
MED00385,12,lag_1,0.00057
MED00386,12,lag_1,0.00028
MED00388,12,lag_1,0.00028
MED00389,12,lag_1,0.00036
MED00390,12,lag_1,-0.00043
MED00391,12,lag_1,-0.00021
MED00392,12,lag_1,-0.00023
MED00393,12,lag_1,0.00056
MED00394,12,lag_1,-0.00023
MED00395,12,lag_1,-0.00024
MED00397,12,lag_1,-0.0007
MED00398,12,lag_1,-0.00129
MED00399,12,lag_1,-0.00135
MED00400,12,lag_1,-0.00139
MED00401,12,lag_1,0.00023
MED00403,12,lag_1,0.00059
MED00404,12,lag_1,0.00108
MED00405,12,lag_1,0.0011
MED00406,12,lag_1,0.00016
MED00407,12,lag_1,0.00026
MED00408,12,lag_1,0.00094
MED00409,12,lag_1,0.00106
MED00410,12,lag_1,0.00104
MED00411,12,lag_1,-0.00018
MED00412,12,lag_1,0.00043
MED00413,12,lag_1,0.00123
MED00414,12,lag_1,-0.00044
MED00415,12,lag_1,0.00179
MED00416,12,lag_1,-0.00031
MED00417,12,lag_1,0.00061
MED00418,12,lag_1,0.00062
MED00419,12,lag_1,0.00063
MED00420,12,lag_1,0.0003
MED00421,12,lag_1,-0.00012
MED00422,12,lag_1,-0.00017
MED00423,12,lag_1,0.00169
MED00424,12,lag_1,-0.00151
MED00001,1,lag_2,-0.00078
MED00002,1,lag_2,-0.00091
MED00003,1,lag_2,-0.00088
MED00004,1,lag_2,-0.00092
MED00005,1,lag_2,-0.00094
MED00006,1,lag_2,-0.00111
MED00007,1,lag_2,-0.03272
MED00008,1,lag_2,-0.00085
MED00009,1,lag_2,-0.00077
MED00010,1,lag_2,-0.0008
MED00011,1,lag_2,-0.03222
MED00012,1,lag_2,-0.00106
MED00013,1,lag_2,-0.00077
MED00014,1,lag_2,-0.01882
MED00015,1,lag_2,-0.00092
MED00016,1,lag_2,-0.00078
MED00017,1,lag_2,-0.00086
MED00018,1,lag_2,-0.00163
MED00019,1,lag_2,-0.00065
MED00020,1,lag_2,-0.00067
MED00021,1,lag_2,-0.00079
MED00022,1,lag_2,-0.00082
MED00023,1,lag_2,-0.00129
MED00024,1,lag_2,-0.00106
MED00025,1,lag_2,-0.00084
MED00026,1,lag_2,-0.00082
MED00027,1,lag_2,-0.00082
MED00028,1,lag_2,-0.00094
MED00029,1,lag_2,-0.00067
MED00030,1,lag_2,-0.00081
MED00031,1,lag_2,-0.00081
MED00032,1,lag_2,-0.00087
MED00033,1,lag_2,-0.00093
MED00034,1,lag_2,-0.0005
MED00035,1,lag_2,-0.00082
MED00036,1,lag_2,-0.00071
MED00037,1,lag_2,-0.00084
MED00038,1,lag_2,-0.00066
MED00039,1,lag_2,-0.00084
MED00040,1,lag_2,-0.00111
MED00041,1,lag_2,-0.0011
MED00042,1,lag_2,-0.00061
MED00043,1,lag_2,-0.00088
MED00044,1,lag_2,-0.00111
MED00045,1,lag_2,-0.00108
MED00046,1,lag_2,-0.00111
MED00047,1,lag_2,-0.00082
MED00048,1,lag_2,-0.00061
MED00049,1,lag_2,-0.0009
MED00050,1,lag_2,-0.00099
MED00051,1,lag_2,-0.00092
MED00052,1,lag_2,-0.00092
MED00053,1,lag_2,-0.00083
MED00054,1,lag_2,-0.00076
MED00055,1,lag_2,-0.00082
MED00056,1,lag_2,-0.00089
MED00057,1,lag_2,-0.00091
MED00058,1,lag_2,-0.00086
MED00059,1,lag_2,-0.00078
MED00060,1,lag_2,-0.00102
MED00061,1,lag_2,-0.00089
MED00062,1,lag_2,-0.00063
MED00063,1,lag_2,-0.00094
MED00064,1,lag_2,-0.00067
MED00065,1,lag_2,-0.00144
MED00066,1,lag_2,-0.00092
MED00067,1,lag_2,-0.00108
MED00068,1,lag_2,-0.00094
MED00069,1,lag_2,-0.00091
MED00070,1,lag_2,-0.00066
MED00071,1,lag_2,-0.00106
MED00072,1,lag_2,-0.00085
MED00073,1,lag_2,-0.00081
MED00074,1,lag_2,-0.0008
MED00075,1,lag_2,-0.00109
MED00076,1,lag_2,-0.00091
MED00077,1,lag_2,-0.00103
MED00078,1,lag_2,-0.001
MED00079,1,lag_2,-0.00079
MED00080,1,lag_2,-0.00083
MED00081,1,lag_2,-0.00088
MED00082,1,lag_2,-0.00105
MED00083,1,lag_2,-0.00079
MED00084,1,lag_2,-0.0005
MED00085,1,lag_2,-0.00079
MED00086,1,lag_2,-0.00093
MED00087,1,lag_2,-0.00107
MED00088,1,lag_2,-0.00047
MED00089,1,lag_2,-0.00058
MED00090,1,lag_2,-0.00121
MED00091,1,lag_2,-0.00112
MED00092,1,lag_2,-0.00111
MED00093,1,lag_2,-0.00083
MED00094,1,lag_2,-0.00083
MED00095,1,lag_2,-0.00079
MED00096,1,lag_2,-0.00111
MED00097,1,lag_2,-0.00093
MED00098,1,lag_2,-0.0008
MED00099,1,lag_2,-0.00082
MED00100,1,lag_2,-0.0009
MED00101,1,lag_2,-0.00077
MED00102,1,lag_2,-0.00083
MED00103,1,lag_2,-0.00081
MED00104,1,lag_2,-0.00078
MED00105,1,lag_2,-0.00079
MED00106,1,lag_2,-0.00094
MED00107,1,lag_2,-0.00076
MED00108,1,lag_2,-0.00079
MED00109,1,lag_2,-0.00095
MED00110,1,lag_2,-0.00095
MED00111,1,lag_2,-0.0009
MED00112,1,lag_2,-0.00078
MED00113,1,lag_2,-0.00087
MED00114,1,lag_2,-0.00071
MED00115,1,lag_2,-0.00082
MED00116,1,lag_2,-0.00095
MED00117,1,lag_2,-0.00083
MED00118,1,lag_2,-0.00112
MED00119,1,lag_2,-0.00111
MED00120,1,lag_2,-0.00067
MED00121,1,lag_2,-0.00079
MED00122,1,lag_2,-0.0008
MED00123,1,lag_2,-0.0011
MED00124,1,lag_2,-0.00078
MED00125,1,lag_2,-0.00088
MED00126,1,lag_2,-0.00092
MED00127,1,lag_2,-0.00083
MED00128,1,lag_2,-0.00087
MED00129,1,lag_2,-0.03773
MED00130,1,lag_2,-0.0009
MED00131,1,lag_2,-0.00109
MED00132,1,lag_2,-0.0011
MED00133,1,lag_2,-0.00116
MED00134,1,lag_2,-0.00092
MED00135,1,lag_2,-0.00072
MED00136,1,lag_2,-0.00101
MED00137,1,lag_2,-0.00078
MED00138,1,lag_2,-0.0011
MED00139,1,lag_2,-0.00103
MED00140,1,lag_2,-0.00109
MED00141,1,lag_2,-0.00102
MED00142,1,lag_2,-0.00094
MED00143,1,lag_2,-0.0011
MED00144,1,lag_2,-0.00071
MED00145,1,lag_2,-0.0009
MED00146,1,lag_2,-0.0376
MED00147,1,lag_2,-0.00106
MED00148,1,lag_2,-0.00102
MED00149,1,lag_2,-0.00082
MED00150,1,lag_2,-0.00107
MED00151,1,lag_2,-0.0011
MED00152,1,lag_2,-0.00088
MED00153,1,lag_2,-0.00104
MED00154,1,lag_2,-0.00122
MED00155,1,lag_2,-0.00087
MED00156,1,lag_2,-0.00101
MED00157,1,lag_2,-0.00077
MED00158,1,lag_2,-0.00082
MED00159,1,lag_2,-0.00074
MED00160,1,lag_2,-0.00078
MED00161,1,lag_2,-0.0007
MED00162,1,lag_2,-0.00084
MED00163,1,lag_2,-0.0009
MED00164,1,lag_2,-0.00112
MED00165,1,lag_2,-0.00073
MED00166,1,lag_2,-0.00105
MED00167,1,lag_2,-0.00108
MED00168,1,lag_2,-0.00085
MED00169,1,lag_2,-0.0011
MED00170,1,lag_2,-0.00111
MED00171,1,lag_2,-0.00107
MED00172,1,lag_2,-0.00108
MED00173,1,lag_2,-0.00099
MED00174,1,lag_2,-0.00084
MED00175,1,lag_2,-0.00084
MED00176,1,lag_2,-0.0007
MED00177,1,lag_2,-0.00086
MED00178,1,lag_2,-0.00084
MED00179,1,lag_2,-0.00079
MED00180,1,lag_2,-0.00107
MED00181,1,lag_2,-0.00074
MED00182,1,lag_2,-0.00082
MED00183,1,lag_2,-0.00069
MED00184,1,lag_2,-0.00088
MED00185,1,lag_2,-0.00077
MED00186,1,lag_2,-0.00082
MED00187,1,lag_2,-0.0011
MED00188,1,lag_2,-0.00078
MED00189,1,lag_2,-0.00088
MED00190,1,lag_2,-0.00102
MED00191,1,lag_2,-0.0008
MED00192,1,lag_2,-0.00088
MED00193,1,lag_2,-0.0009
MED00194,1,lag_2,-0.0009
MED00195,1,lag_2,-0.0009
MED00196,1,lag_2,-0.00091
MED00197,1,lag_2,-0.00063
MED00198,1,lag_2,-0.00112
MED00199,1,lag_2,-0.0009
MED00200,1,lag_2,-0.00104
MED00201,1,lag_2,-0.00078
MED00202,1,lag_2,-0.00107
MED00203,1,lag_2,-0.0008
MED00204,1,lag_2,-0.00106
MED00205,1,lag_2,-0.0008
MED00206,1,lag_2,-0.00114
MED00207,1,lag_2,-0.00112
MED00208,1,lag_2,-0.00079
MED00209,1,lag_2,-0.00078
MED00210,1,lag_2,-0.00087
MED00211,1,lag_2,-0.00106
MED00212,1,lag_2,-0.00104
MED00213,1,lag_2,-0.00087
MED00214,1,lag_2,-0.00079
MED00215,1,lag_2,-0.00076
MED00216,1,lag_2,-0.00092
MED00217,1,lag_2,-0.00089
MED00218,1,lag_2,-0.00077
MED00219,1,lag_2,-0.0018
MED00220,1,lag_2,-0.00105
MED00221,1,lag_2,-0.00106
MED00222,1,lag_2,-0.00092
MED00223,1,lag_2,-0.00111
MED00224,1,lag_2,-0.00108
MED00225,1,lag_2,-0.00076
MED00226,1,lag_2,-0.00107
MED00227,1,lag_2,-0.00076
MED00228,1,lag_2,-0.00112
MED00229,1,lag_2,-0.00092
MED00230,1,lag_2,-0.00083
MED00231,1,lag_2,-0.00112
MED00232,1,lag_2,-0.00103
MED00233,1,lag_2,-0.00089
MED00234,1,lag_2,-0.00087
MED00235,1,lag_2,-0.00047
MED00236,1,lag_2,-0.00107
MED00237,1,lag_2,-0.00082
MED00238,1,lag_2,-0.03467
MED00239,1,lag_2,-0.00078
MED00240,1,lag_2,-0.00082
MED00241,1,lag_2,-0.00078
MED00242,1,lag_2,-0.00092
MED00243,1,lag_2,-0.00091
MED00244,1,lag_2,-0.00104
MED00245,1,lag_2,-0.00048
MED00246,1,lag_2,-0.00081
MED00247,1,lag_2,-0.00077
MED00248,1,lag_2,-0.00107
MED00249,1,lag_2,-0.0005
MED00250,1,lag_2,-0.00067
MED00251,1,lag_2,-0.00106
MED00252,1,lag_2,-0.00059
MED00253,1,lag_2,-0.00073
MED00254,1,lag_2,-0.00107
MED00255,1,lag_2,-0.00081
MED00256,1,lag_2,-0.00109
MED00257,1,lag_2,-0.0008
MED00258,1,lag_2,-0.0008
MED00259,1,lag_2,-0.00082
MED00260,1,lag_2,-0.00083
MED00261,1,lag_2,-0.00079
MED00262,1,lag_2,-0.00083
MED00263,1,lag_2,-0.00103
MED00264,1,lag_2,-0.00095
MED00265,1,lag_2,-0.00079
MED00266,1,lag_2,-0.00067
MED00267,1,lag_2,-0.00078
MED00268,1,lag_2,-0.00078
MED00269,1,lag_2,-0.00109
MED00270,1,lag_2,-0.00081
MED00271,1,lag_2,-0.00109
MED00272,1,lag_2,-0.00072
MED00273,1,lag_2,-0.00082
MED00274,1,lag_2,-0.0011
MED00275,1,lag_2,-0.0008
MED00276,1,lag_2,-0.00112
MED00277,1,lag_2,-0.00088
MED00278,1,lag_2,-0.00077
MED00279,1,lag_2,-0.00069
MED00280,1,lag_2,-0.00089
MED00281,1,lag_2,-0.00063
MED00282,1,lag_2,-0.00095
MED00283,1,lag_2,-0.00099
MED00284,1,lag_2,-0.00111
MED00285,1,lag_2,-0.00078
MED00286,1,lag_2,-0.00076
MED00287,1,lag_2,-0.00081
MED00288,1,lag_2,-0.00146
MED00289,1,lag_2,-0.00079
MED00290,1,lag_2,-0.00087
MED00291,1,lag_2,-0.00117
MED00292,1,lag_2,-0.00106
MED00293,1,lag_2,-0.00075
MED00294,1,lag_2,-0.00099
MED00295,1,lag_2,-0.00082
MED00296,1,lag_2,-0.00096
MED00297,1,lag_2,-0.00078
MED00298,1,lag_2,-0.0011
MED00299,1,lag_2,-0.00111
MED00300,1,lag_2,-0.00107
MED00301,1,lag_2,-0.00076
MED00302,1,lag_2,-0.0009
MED00303,1,lag_2,-0.001
MED00304,1,lag_2,-0.00077
MED00305,1,lag_2,-0.00107
MED00306,1,lag_2,-0.00081
MED00307,1,lag_2,-0.00055
MED00308,1,lag_2,-0.00084
MED00309,1,lag_2,-0.00104
MED00310,1,lag_2,-0.00077
MED00311,1,lag_2,-0.0008
MED00312,1,lag_2,-0.00113
MED00313,1,lag_2,-0.00061
MED00314,1,lag_2,-0.00066
MED00315,1,lag_2,-0.00076
MED00316,1,lag_2,-0.00104
MED00317,1,lag_2,-0.00078
MED00318,1,lag_2,-0.0008
MED00319,1,lag_2,-0.0008
MED00320,1,lag_2,-0.00094
MED00321,1,lag_2,-0.00497
MED00322,1,lag_2,-0.0009
MED00323,1,lag_2,-0.00111
MED00324,1,lag_2,-0.00129
MED00325,1,lag_2,-0.00076
MED00326,1,lag_2,-0.00077
MED00327,1,lag_2,-0.00086
MED00328,1,lag_2,-0.00075
MED00329,1,lag_2,-0.0008
MED00330,1,lag_2,-0.00073
MED00331,1,lag_2,-0.00083
MED00332,1,lag_2,-0.00083
MED00333,1,lag_2,-0.03248
MED00334,1,lag_2,-0.00078
MED00335,1,lag_2,-0.00064
MED00336,1,lag_2,-0.00073
MED00337,1,lag_2,-0.00145
MED00338,1,lag_2,-0.00077
MED00339,1,lag_2,-0.00113
MED00340,1,lag_2,-0.00076
MED00341,1,lag_2,-0.00079
MED00342,1,lag_2,-0.00082
MED00343,1,lag_2,-0.0008
MED00344,1,lag_2,-0.00084
MED00345,1,lag_2,-0.0009
MED00346,1,lag_2,-0.00106
MED00347,1,lag_2,-0.00092
MED00348,1,lag_2,-0.00112
MED00349,1,lag_2,-0.00106
MED00350,1,lag_2,-0.00197
MED00351,1,lag_2,-0.00092
MED00352,1,lag_2,-0.00092
MED00353,1,lag_2,-0.00092
MED00354,1,lag_2,-0.00095
MED00355,1,lag_2,-0.00077
MED00356,1,lag_2,-0.00087
MED00357,1,lag_2,-0.00091
MED00358,1,lag_2,-0.00073
MED00359,1,lag_2,-0.00105
MED00360,1,lag_2,-0.00078
MED00361,1,lag_2,-0.00079
MED00362,1,lag_2,-0.00081
MED00363,1,lag_2,-0.0011
MED00364,1,lag_2,-0.0009
MED00365,1,lag_2,-0.0011
MED00366,1,lag_2,-0.00079
MED00367,1,lag_2,-0.00087
MED00368,1,lag_2,-0.00078
MED00369,1,lag_2,-0.0008
MED00370,1,lag_2,-0.00083
MED00371,1,lag_2,-0.00079
MED00372,1,lag_2,-0.00088
MED00373,1,lag_2,-0.00088
MED00374,1,lag_2,-0.00087
MED00375,1,lag_2,-0.00069
MED00376,1,lag_2,-0.00081
MED00377,1,lag_2,-0.00082
MED00378,1,lag_2,-0.00086
MED00379,1,lag_2,-0.00037
MED00380,1,lag_2,-0.00095
MED00381,1,lag_2,-0.00098
MED00382,1,lag_2,-0.00098
MED00383,1,lag_2,-0.00082
MED00384,1,lag_2,-0.00087
MED00385,1,lag_2,-0.00159
MED00386,1,lag_2,-0.00078
MED00387,1,lag_2,-0.0014
MED00388,1,lag_2,-0.03347
MED00389,1,lag_2,-0.00079
MED00390,1,lag_2,-0.00068
MED00391,1,lag_2,-0.00059
MED00392,1,lag_2,-0.0016
MED00393,1,lag_2,-0.00071
MED00394,1,lag_2,-0.00063
MED00395,1,lag_2,-0.00065
MED00396,1,lag_2,-0.0005
MED00397,1,lag_2,-0.0022
MED00398,1,lag_2,-0.0014
MED00399,1,lag_2,-0.0014
MED00400,1,lag_2,-0.00253
MED00401,1,lag_2,-0.03364
MED00402,1,lag_2,-0.00062
MED00403,1,lag_2,-0.00074
MED00404,1,lag_2,-0.00079
MED00405,1,lag_2,-0.00079
MED00406,1,lag_2,-0.00065
MED00407,1,lag_2,-0.00073
MED00408,1,lag_2,-0.00078
MED00409,1,lag_2,-0.0003
MED00410,1,lag_2,-0.00078
MED00411,1,lag_2,-0.00065
MED00412,1,lag_2,-0.0008
MED00413,1,lag_2,-0.00075
MED00414,1,lag_2,-0.00156
MED00415,1,lag_2,-0.00063
MED00416,1,lag_2,-0.00159
MED00417,1,lag_2,-0.00077
MED00418,1,lag_2,-0.00077
MED00419,1,lag_2,-0.00078
MED00420,1,lag_2,-0.00062
MED00421,1,lag_2,-0.00062
MED00422,1,lag_2,-0.00059
MED00423,1,lag_2,-0.00077
MED00424,1,lag_2,-0.00069
MED00001,2,lag_2,0.00021
MED00002,2,lag_2,0.00015
MED00003,2,lag_2,0.00054
MED00005,2,lag_2,-0.00012
MED00006,2,lag_2,0.00032
MED00009,2,lag_2,0.00015
MED00011,2,lag_2,0.00011
MED00012,2,lag_2,0.00037
MED00013,2,lag_2,0.00013
MED00014,2,lag_2,-0.01773
MED00015,2,lag_2,0.00015
MED00016,2,lag_2,0.00014
MED00017,2,lag_2,0.00032
MED00018,2,lag_2,-0.00018
MED00019,2,lag_2,0.00042
MED00021,2,lag_2,0.00051
MED00023,2,lag_2,0.00126
MED00024,2,lag_2,0.0002
MED00025,2,lag_2,0.00018
MED00026,2,lag_2,0.0002
MED00027,2,lag_2,0.0002
MED00028,2,lag_2,0.00016
MED00029,2,lag_2,0.00025
MED00032,2,lag_2,0.00011
MED00034,2,lag_2,0.00029
MED00036,2,lag_2,0.00065
MED00037,2,lag_2,0.00013
MED00038,2,lag_2,0.00042
MED00039,2,lag_2,0.00018
MED00040,2,lag_2,-0.00011
MED00042,2,lag_2,0.00029
MED00043,2,lag_2,0.00054
MED00044,2,lag_2,0.0004
MED00045,2,lag_2,0.00034
MED00046,2,lag_2,0.0004
MED00047,2,lag_2,0.00022
MED00048,2,lag_2,0.00156
MED00049,2,lag_2,0.00052
MED00050,2,lag_2,0.00046
MED00051,2,lag_2,0.0005
MED00052,2,lag_2,0.00017
MED00054,2,lag_2,0.00011
MED00056,2,lag_2,0.00031
MED00057,2,lag_2,0.001
MED00058,2,lag_2,0.00044
MED00059,2,lag_2,0.0003
MED00060,2,lag_2,0.00027
MED00061,2,lag_2,0.00034
MED00062,2,lag_2,0.00049
MED00063,2,lag_2,0.00048
MED00064,2,lag_2,-0.00203
MED00065,2,lag_2,-0.00274
MED00066,2,lag_2,0.00015
MED00068,2,lag_2,0.00025
MED00069,2,lag_2,0.00047
MED00070,2,lag_2,0.00042
MED00071,2,lag_2,0.00017
MED00072,2,lag_2,0.00025
MED00073,2,lag_2,0.0003
MED00074,2,lag_2,0.00028
MED00077,2,lag_2,0.00054
MED00079,2,lag_2,0.0006
MED00080,2,lag_2,0.00027
MED00081,2,lag_2,0.00054
MED00082,2,lag_2,0.00041
MED00083,2,lag_2,0.00031
MED00084,2,lag_2,0.0009
MED00087,2,lag_2,0.00036
MED00088,2,lag_2,0.00071
MED00089,2,lag_2,0.00021
MED00090,2,lag_2,0.00123
MED00091,2,lag_2,0.00019
MED00093,2,lag_2,0.00013
MED00094,2,lag_2,0.00016
MED00095,2,lag_2,0.00031
MED00096,2,lag_2,0.00019
MED00098,2,lag_2,0.00052
MED00099,2,lag_2,0.0002
MED00100,2,lag_2,0.00052
MED00101,2,lag_2,0.00123
MED00102,2,lag_2,0.00014
MED00103,2,lag_2,0.00048
MED00104,2,lag_2,0.00031
MED00105,2,lag_2,0.00052
MED00106,2,lag_2,0.00048
MED00107,2,lag_2,0.00031
MED00108,2,lag_2,0.00023
MED00109,2,lag_2,-0.00011
MED00110,2,lag_2,-0.00011
MED00111,2,lag_2,0.00048
MED00112,2,lag_2,0.00043
MED00114,2,lag_2,0.0004
MED00115,2,lag_2,0.00048
MED00116,2,lag_2,0.00052
MED00117,2,lag_2,0.00015
MED00119,2,lag_2,0.00012
MED00120,2,lag_2,0.00022
MED00121,2,lag_2,0.00022
MED00122,2,lag_2,-0.00283
MED00124,2,lag_2,0.00024
MED00125,2,lag_2,0.00054
MED00127,2,lag_2,0.00024
MED00128,2,lag_2,0.00023
MED00129,2,lag_2,0.00013
MED00130,2,lag_2,0.00052
MED00131,2,lag_2,0.00017
MED00133,2,lag_2,-0.00015
MED00135,2,lag_2,0.00017
MED00136,2,lag_2,-1e-04
MED00138,2,lag_2,0.00012
MED00139,2,lag_2,0.00038
MED00140,2,lag_2,0.00013
MED00141,2,lag_2,0.0004
MED00143,2,lag_2,0.00013
MED00144,2,lag_2,0.00057
MED00146,2,lag_2,-0.00017
MED00147,2,lag_2,0.0005
MED00148,2,lag_2,0.00021
MED00149,2,lag_2,0.00022
MED00150,2,lag_2,0.00148
MED00151,2,lag_2,0.00013
MED00152,2,lag_2,0.00023
MED00153,2,lag_2,0.00038
MED00154,2,lag_2,-0.00039
MED00155,2,lag_2,0.00023
MED00157,2,lag_2,0.00016
MED00158,2,lag_2,0.0002
MED00159,2,lag_2,0.00014
MED00160,2,lag_2,0.00024
MED00161,2,lag_2,0.0018
MED00162,2,lag_2,0.00046
MED00163,2,lag_2,0.00053
MED00164,2,lag_2,0.00039
MED00166,2,lag_2,0.00038
MED00168,2,lag_2,0.00052
MED00169,2,lag_2,0.00014
MED00171,2,lag_2,0.00012
MED00172,2,lag_2,0.00062
MED00173,2,lag_2,0.00047
MED00174,2,lag_2,0.00031
MED00176,2,lag_2,0.00012
MED00177,2,lag_2,0.00016
MED00179,2,lag_2,0.0006
MED00180,2,lag_2,0.00036
MED00181,2,lag_2,0.00047
MED00182,2,lag_2,0.0002
MED00183,2,lag_2,0.00037
MED00186,2,lag_2,0.00048
MED00188,2,lag_2,0.00015
MED00189,2,lag_2,0.00054
MED00190,2,lag_2,0.00037
MED00191,2,lag_2,1e-04
MED00192,2,lag_2,0.00055
MED00193,2,lag_2,0.00052
MED00197,2,lag_2,0.00028
MED00198,2,lag_2,0.00011
MED00200,2,lag_2,0.00046
MED00201,2,lag_2,0.00041
MED00202,2,lag_2,0.00036
MED00203,2,lag_2,0.00011
MED00204,2,lag_2,0.00035
MED00205,2,lag_2,0.00023
MED00207,2,lag_2,0.00031
MED00208,2,lag_2,0.00044
MED00211,2,lag_2,0.00044
MED00214,2,lag_2,0.00139
MED00215,2,lag_2,0.00049
MED00216,2,lag_2,0.0005
MED00217,2,lag_2,0.00017
MED00218,2,lag_2,0.00152
MED00219,2,lag_2,-0.00012
MED00220,2,lag_2,0.00034
MED00221,2,lag_2,0.0004
MED00223,2,lag_2,-0.00015
MED00224,2,lag_2,0.00034
MED00225,2,lag_2,0.00131
MED00226,2,lag_2,0.0004
MED00227,2,lag_2,-0.00134
MED00230,2,lag_2,0.00032
MED00231,2,lag_2,1e-04
MED00232,2,lag_2,0.00047
MED00234,2,lag_2,0.00031
MED00235,2,lag_2,-0.00095
MED00239,2,lag_2,0.00032
MED00240,2,lag_2,0.0003
MED00241,2,lag_2,0.00047
MED00243,2,lag_2,0.00015
MED00244,2,lag_2,0.00039
MED00245,2,lag_2,-0.00121
MED00246,2,lag_2,0.00028
MED00247,2,lag_2,0.00032
MED00249,2,lag_2,0.00027
MED00250,2,lag_2,0.00043
MED00251,2,lag_2,0.00014
MED00252,2,lag_2,0.00029
MED00253,2,lag_2,0.00048
MED00255,2,lag_2,0.00012
MED00256,2,lag_2,0.00014
MED00257,2,lag_2,0.00027
MED00258,2,lag_2,0.00054
MED00259,2,lag_2,0.00019
MED00260,2,lag_2,0.0002
MED00261,2,lag_2,0.00061
MED00262,2,lag_2,0.00025
MED00264,2,lag_2,-1e-04
MED00265,2,lag_2,0.00016
MED00266,2,lag_2,0.00016
MED00267,2,lag_2,0.00031
MED00268,2,lag_2,0.00031
MED00269,2,lag_2,0.00014
MED00272,2,lag_2,0.00026
MED00273,2,lag_2,0.00014
MED00275,2,lag_2,0.00016
MED00276,2,lag_2,0.00011
MED00277,2,lag_2,0.00054
MED00278,2,lag_2,0.00141
MED00279,2,lag_2,0.00038
MED00280,2,lag_2,0.00017
MED00281,2,lag_2,0.00033
MED00283,2,lag_2,0.0022
MED00284,2,lag_2,0.00017
MED00285,2,lag_2,0.00024
MED00286,2,lag_2,0.00031
MED00287,2,lag_2,0.0002
MED00288,2,lag_2,-0.0068
MED00289,2,lag_2,0.00012
MED00290,2,lag_2,0.00023
MED00291,2,lag_2,0.00029
MED00292,2,lag_2,0.00045
MED00293,2,lag_2,0.00092
MED00294,2,lag_2,0.00051
MED00295,2,lag_2,0.0002
MED00296,2,lag_2,0.00046
MED00297,2,lag_2,0.00053
MED00299,2,lag_2,-0.00022
MED00300,2,lag_2,0.00036
MED00301,2,lag_2,0.00034
MED00304,2,lag_2,0.00053
MED00305,2,lag_2,0.00036
MED00307,2,lag_2,0.00044
MED00308,2,lag_2,0.00035
MED00309,2,lag_2,0.00042
MED00310,2,lag_2,0.00063
MED00311,2,lag_2,0.00011
MED00313,2,lag_2,0.00029
MED00314,2,lag_2,0.00023
MED00315,2,lag_2,0.00031
MED00316,2,lag_2,0.00013
MED00317,2,lag_2,0.00048
MED00318,2,lag_2,0.00028
MED00319,2,lag_2,0.00032
MED00320,2,lag_2,0.00053
MED00321,2,lag_2,-0.00408
MED00322,2,lag_2,0.00052
MED00324,2,lag_2,-0.00033
MED00325,2,lag_2,0.00152
MED00326,2,lag_2,0.00033
MED00327,2,lag_2,0.00031
MED00328,2,lag_2,0.00028
MED00329,2,lag_2,0.00032
MED00330,2,lag_2,-0.00245
MED00332,2,lag_2,0.00032
MED00333,2,lag_2,0.00106
MED00334,2,lag_2,0.00056
MED00335,2,lag_2,0.00012
MED00336,2,lag_2,0.00087
MED00337,2,lag_2,-0.0016
MED00338,2,lag_2,0.00016
MED00339,2,lag_2,0.00037
MED00341,2,lag_2,0.00032
MED00342,2,lag_2,0.00048
MED00343,2,lag_2,0.00031
MED00345,2,lag_2,0.00052
MED00346,2,lag_2,0.00036
MED00347,2,lag_2,0.0005
MED00349,2,lag_2,0.00012
MED00350,2,lag_2,-0.00109
MED00354,2,lag_2,-1e-04
MED00355,2,lag_2,0.00163
MED00357,2,lag_2,0.00015
MED00358,2,lag_2,0.00062
MED00359,2,lag_2,0.00038
MED00360,2,lag_2,0.0002
MED00362,2,lag_2,0.0013
MED00363,2,lag_2,0.00013
MED00364,2,lag_2,0.00052
MED00365,2,lag_2,0.00013
MED00366,2,lag_2,0.00033
MED00367,2,lag_2,0.00042
MED00368,2,lag_2,0.00015
MED00369,2,lag_2,0.00028
MED00370,2,lag_2,0.00015
MED00371,2,lag_2,0.00027
MED00372,2,lag_2,0.00054
MED00373,2,lag_2,0.00054
MED00374,2,lag_2,0.00017
MED00375,2,lag_2,0.00012
MED00376,2,lag_2,0.00048
MED00377,2,lag_2,0.00021
MED00378,2,lag_2,0.0002
MED00379,2,lag_2,0.00058
MED00380,2,lag_2,-0.00011
MED00381,2,lag_2,-0.00017
MED00382,2,lag_2,0.0005
MED00383,2,lag_2,0.00029
MED00384,2,lag_2,0.00031
MED00385,2,lag_2,-0.0005
MED00386,2,lag_2,0.00025
MED00387,2,lag_2,-0.00046
MED00388,2,lag_2,0.00016
MED00389,2,lag_2,0.00029
MED00390,2,lag_2,0.00036
MED00391,2,lag_2,0.00025
MED00392,2,lag_2,-0.00079
MED00393,2,lag_2,0.0003
MED00394,2,lag_2,0.00036
MED00395,2,lag_2,0.00024
MED00396,2,lag_2,-0.00124
MED00397,2,lag_2,-0.00156
MED00398,2,lag_2,-0.00138
MED00399,2,lag_2,-0.00137
MED00400,2,lag_2,-0.00161
MED00401,2,lag_2,0.00029
MED00402,2,lag_2,0.00046
MED00403,2,lag_2,0.00018
MED00404,2,lag_2,1e-04
MED00405,2,lag_2,0.0002
MED00406,2,lag_2,0.00011
MED00407,2,lag_2,0.00036
MED00408,2,lag_2,0.00032
MED00409,2,lag_2,0.00065
MED00410,2,lag_2,0.00012
MED00411,2,lag_2,0.00053
MED00412,2,lag_2,0.00035
MED00413,2,lag_2,0.00063
MED00414,2,lag_2,-0.00045
MED00415,2,lag_2,0.00037
MED00416,2,lag_2,-0.00051
MED00417,2,lag_2,0.00039
MED00418,2,lag_2,0.00018
MED00419,2,lag_2,0.0002
MED00420,2,lag_2,0.00024
MED00421,2,lag_2,0.00034
MED00422,2,lag_2,0.00036
MED00423,2,lag_2,0.00011
MED00424,2,lag_2,-0.0029
MED00001,3,lag_2,0.0002
MED00002,3,lag_2,0.00018
MED00003,3,lag_2,0.00057
MED00006,3,lag_2,0.00032
MED00007,3,lag_2,0.00137
MED00009,3,lag_2,0.00014
MED00012,3,lag_2,0.00037
MED00013,3,lag_2,0.00013
MED00014,3,lag_2,-0.0177
MED00015,3,lag_2,0.00017
MED00016,3,lag_2,0.00014
MED00017,3,lag_2,0.00032
MED00018,3,lag_2,-0.00018
MED00019,3,lag_2,0.00041
MED00021,3,lag_2,0.00051
MED00023,3,lag_2,0.00129
MED00024,3,lag_2,0.00021
MED00025,3,lag_2,0.00021
MED00026,3,lag_2,0.00023
MED00027,3,lag_2,0.00023
MED00028,3,lag_2,0.00019
MED00029,3,lag_2,0.00025
MED00032,3,lag_2,0.00011
MED00034,3,lag_2,0.00028
MED00035,3,lag_2,0.00012
MED00036,3,lag_2,0.00065
MED00037,3,lag_2,0.00015
MED00038,3,lag_2,0.00042
MED00039,3,lag_2,0.00019
MED00042,3,lag_2,0.0003
MED00043,3,lag_2,0.00057
MED00044,3,lag_2,0.0004
MED00045,3,lag_2,0.00034
MED00046,3,lag_2,0.0004
MED00047,3,lag_2,0.00022
MED00048,3,lag_2,0.00155
MED00049,3,lag_2,0.00055
MED00050,3,lag_2,0.00047
MED00051,3,lag_2,0.00052
MED00052,3,lag_2,0.0002
MED00054,3,lag_2,0.00011
MED00056,3,lag_2,0.00034
MED00057,3,lag_2,0.00103
MED00058,3,lag_2,0.00044
MED00059,3,lag_2,0.0003
MED00060,3,lag_2,0.00027
MED00061,3,lag_2,0.00037
MED00062,3,lag_2,0.00049
MED00063,3,lag_2,0.00051
MED00064,3,lag_2,-0.00204
MED00065,3,lag_2,-0.00275
MED00066,3,lag_2,0.00017
MED00068,3,lag_2,0.00026
MED00069,3,lag_2,0.00048
MED00070,3,lag_2,0.00042
MED00071,3,lag_2,0.00017
MED00072,3,lag_2,0.00026
MED00073,3,lag_2,0.00029
MED00074,3,lag_2,0.00027
MED00077,3,lag_2,0.00054
MED00079,3,lag_2,0.00062
MED00080,3,lag_2,0.00027
MED00081,3,lag_2,0.00057
MED00082,3,lag_2,0.00042
MED00083,3,lag_2,0.00031
MED00084,3,lag_2,0.00089
MED00087,3,lag_2,0.00036
MED00088,3,lag_2,0.0007
MED00089,3,lag_2,0.00021
MED00090,3,lag_2,0.00126
MED00091,3,lag_2,0.00019
MED00093,3,lag_2,0.00016
MED00094,3,lag_2,0.00018
MED00095,3,lag_2,0.00031
MED00096,3,lag_2,0.00022
MED00098,3,lag_2,0.00052
MED00099,3,lag_2,0.00023
MED00100,3,lag_2,0.00054
MED00101,3,lag_2,0.00119
MED00102,3,lag_2,0.00016
MED00103,3,lag_2,0.00049
MED00104,3,lag_2,0.00031
MED00105,3,lag_2,0.00051
MED00106,3,lag_2,0.00051
MED00107,3,lag_2,0.00031
MED00108,3,lag_2,0.00023
MED00111,3,lag_2,0.00051
MED00112,3,lag_2,0.00043
MED00114,3,lag_2,0.00041
MED00115,3,lag_2,0.00048
MED00116,3,lag_2,0.00055
MED00117,3,lag_2,0.00015
MED00119,3,lag_2,0.00012
MED00120,3,lag_2,0.00023
MED00121,3,lag_2,0.00022
MED00122,3,lag_2,-0.00284
MED00124,3,lag_2,0.00023
MED00125,3,lag_2,0.00057
MED00127,3,lag_2,0.00027
MED00128,3,lag_2,0.00023
MED00129,3,lag_2,0.00024
MED00130,3,lag_2,0.00055
MED00131,3,lag_2,0.00018
MED00133,3,lag_2,-0.00014
MED00135,3,lag_2,0.00018
MED00138,3,lag_2,0.00012
MED00139,3,lag_2,0.00039
MED00140,3,lag_2,0.00014
MED00141,3,lag_2,0.00041
MED00143,3,lag_2,0.00013
MED00144,3,lag_2,0.00057
MED00146,3,lag_2,-0.00066
MED00147,3,lag_2,0.0005
MED00148,3,lag_2,0.00021
MED00149,3,lag_2,0.00023
MED00150,3,lag_2,0.0015
MED00151,3,lag_2,0.00014
MED00152,3,lag_2,0.00023
MED00153,3,lag_2,0.00039
MED00154,3,lag_2,-0.0004
MED00155,3,lag_2,0.00023
MED00157,3,lag_2,0.00016
MED00158,3,lag_2,0.00023
MED00159,3,lag_2,0.00015
MED00160,3,lag_2,0.00024
MED00161,3,lag_2,0.0018
MED00162,3,lag_2,0.00046
MED00163,3,lag_2,0.00056
MED00164,3,lag_2,0.00039
MED00166,3,lag_2,0.00039
MED00168,3,lag_2,0.00053
MED00169,3,lag_2,0.00026
MED00171,3,lag_2,0.00012
MED00172,3,lag_2,0.00065
MED00173,3,lag_2,0.00047
MED00174,3,lag_2,0.0003
MED00176,3,lag_2,0.00013
MED00177,3,lag_2,0.00019
MED00179,3,lag_2,0.00061
MED00180,3,lag_2,0.00036
MED00181,3,lag_2,0.00048
MED00182,3,lag_2,0.00023
MED00183,3,lag_2,0.00037
MED00186,3,lag_2,0.00048
MED00188,3,lag_2,0.00015
MED00189,3,lag_2,0.00057
MED00190,3,lag_2,0.00038
MED00192,3,lag_2,0.00057
MED00193,3,lag_2,0.00055
MED00197,3,lag_2,0.00028
MED00198,3,lag_2,0.00012
MED00200,3,lag_2,0.00046
MED00201,3,lag_2,0.0004
MED00202,3,lag_2,0.00036
MED00203,3,lag_2,0.00011
MED00204,3,lag_2,0.00036
MED00205,3,lag_2,0.00023
MED00207,3,lag_2,0.00031
MED00208,3,lag_2,0.00043
MED00211,3,lag_2,0.00045
MED00212,3,lag_2,0.00011
MED00214,3,lag_2,0.00139
MED00215,3,lag_2,0.0005
MED00216,3,lag_2,0.00053
MED00217,3,lag_2,0.00019
MED00218,3,lag_2,0.00152
MED00219,3,lag_2,-0.00013
MED00220,3,lag_2,0.00035
MED00221,3,lag_2,0.0004
MED00223,3,lag_2,-0.00015
MED00224,3,lag_2,0.00035
MED00225,3,lag_2,0.00131
MED00226,3,lag_2,0.0004
MED00227,3,lag_2,-0.00135
MED00230,3,lag_2,0.00031
MED00231,3,lag_2,0.00011
MED00232,3,lag_2,0.00047
MED00234,3,lag_2,0.00031
MED00235,3,lag_2,-0.00096
MED00238,3,lag_2,0.00013
MED00239,3,lag_2,0.00032
MED00240,3,lag_2,0.0003
MED00241,3,lag_2,0.00048
MED00243,3,lag_2,0.00018
MED00244,3,lag_2,0.00039
MED00245,3,lag_2,-0.00121
MED00246,3,lag_2,0.00028
MED00247,3,lag_2,0.00032
MED00249,3,lag_2,0.00027
MED00250,3,lag_2,0.00042
MED00251,3,lag_2,0.00014
MED00252,3,lag_2,0.00032
MED00253,3,lag_2,0.00049
MED00255,3,lag_2,0.00012
MED00256,3,lag_2,0.00017
MED00257,3,lag_2,0.00026
MED00258,3,lag_2,0.00055
MED00259,3,lag_2,0.0002
MED00260,3,lag_2,0.0002
MED00261,3,lag_2,0.00062
MED00262,3,lag_2,0.00025
MED00265,3,lag_2,0.00016
MED00266,3,lag_2,0.00016
MED00267,3,lag_2,0.00031
MED00268,3,lag_2,0.00031
MED00269,3,lag_2,0.00014
MED00272,3,lag_2,0.00026
MED00273,3,lag_2,0.00017
MED00275,3,lag_2,0.00015
MED00276,3,lag_2,0.00012
MED00277,3,lag_2,0.00057
MED00278,3,lag_2,0.00141
MED00279,3,lag_2,0.00039
MED00280,3,lag_2,0.00019
MED00281,3,lag_2,0.00032
MED00282,3,lag_2,0.00012
MED00283,3,lag_2,0.00223
MED00284,3,lag_2,0.00017
MED00285,3,lag_2,0.00024
MED00286,3,lag_2,0.00031
MED00287,3,lag_2,0.00021
MED00288,3,lag_2,-0.00681
MED00289,3,lag_2,0.00011
MED00290,3,lag_2,0.00023
MED00291,3,lag_2,0.00174
MED00292,3,lag_2,0.00056
MED00293,3,lag_2,0.00092
MED00294,3,lag_2,0.00052
MED00295,3,lag_2,0.00023
MED00296,3,lag_2,0.00046
MED00297,3,lag_2,0.00053
MED00299,3,lag_2,-0.00019
MED00300,3,lag_2,0.00036
MED00301,3,lag_2,0.00034
MED00304,3,lag_2,0.00053
MED00305,3,lag_2,0.00037
MED00307,3,lag_2,0.00045
MED00308,3,lag_2,0.00035
MED00309,3,lag_2,0.00043
MED00310,3,lag_2,0.00063
MED00311,3,lag_2,1e-04
MED00313,3,lag_2,0.00028
MED00314,3,lag_2,0.00023
MED00315,3,lag_2,0.00031
MED00316,3,lag_2,0.00014
MED00317,3,lag_2,0.00048
MED00318,3,lag_2,0.00028
MED00319,3,lag_2,0.00032
MED00320,3,lag_2,0.00055
MED00321,3,lag_2,-0.00409
MED00322,3,lag_2,0.00055
MED00324,3,lag_2,-0.00032
MED00325,3,lag_2,0.00152
MED00326,3,lag_2,0.00033
MED00327,3,lag_2,0.00031
MED00328,3,lag_2,0.00028
MED00329,3,lag_2,0.00032
MED00330,3,lag_2,0.00231
MED00332,3,lag_2,0.00032
MED00333,3,lag_2,0.00101
MED00334,3,lag_2,0.00055
MED00335,3,lag_2,0.00012
MED00336,3,lag_2,0.00083
MED00337,3,lag_2,-0.00138
MED00338,3,lag_2,0.00016
MED00339,3,lag_2,0.00038
MED00341,3,lag_2,0.00032
MED00342,3,lag_2,0.00048
MED00343,3,lag_2,0.00031
MED00345,3,lag_2,0.00055
MED00346,3,lag_2,0.00037
MED00347,3,lag_2,0.00052
MED00349,3,lag_2,0.00012
MED00350,3,lag_2,-0.0011
MED00355,3,lag_2,0.00162
MED00357,3,lag_2,0.00018
MED00358,3,lag_2,0.00063
MED00359,3,lag_2,0.00038
MED00360,3,lag_2,0.00019
MED00362,3,lag_2,0.00133
MED00363,3,lag_2,0.00014
MED00364,3,lag_2,0.00054
MED00365,3,lag_2,0.00014
MED00366,3,lag_2,0.00033
MED00367,3,lag_2,0.00042
MED00368,3,lag_2,0.00015
MED00369,3,lag_2,0.00027
MED00370,3,lag_2,0.00015
MED00371,3,lag_2,0.00028
MED00372,3,lag_2,0.00057
MED00373,3,lag_2,0.00057
MED00374,3,lag_2,0.00017
MED00375,3,lag_2,0.00012
MED00376,3,lag_2,0.00048
MED00377,3,lag_2,0.00024
MED00378,3,lag_2,0.00032
MED00379,3,lag_2,0.00061
MED00381,3,lag_2,-0.00014
MED00382,3,lag_2,0.00051
MED00383,3,lag_2,0.00029
MED00384,3,lag_2,0.00031
MED00385,3,lag_2,-0.00051
MED00386,3,lag_2,0.00025
MED00387,3,lag_2,-0.00047
MED00388,3,lag_2,0.00012
MED00389,3,lag_2,0.00029
MED00390,3,lag_2,0.00036
MED00391,3,lag_2,0.00024
MED00392,3,lag_2,-0.0008
MED00393,3,lag_2,0.00029
MED00394,3,lag_2,0.00035
MED00395,3,lag_2,0.00024
MED00396,3,lag_2,-0.00124
MED00397,3,lag_2,-0.00156
MED00398,3,lag_2,-0.00138
MED00399,3,lag_2,-0.00137
MED00400,3,lag_2,-0.00161
MED00401,3,lag_2,0.00025
MED00402,3,lag_2,0.00045
MED00403,3,lag_2,0.00018
MED00404,3,lag_2,1e-04
MED00405,3,lag_2,0.0002
MED00406,3,lag_2,1e-04
MED00407,3,lag_2,0.00035
MED00408,3,lag_2,0.00031
MED00409,3,lag_2,0.00065
MED00410,3,lag_2,0.00011
MED00411,3,lag_2,0.00053
MED00412,3,lag_2,0.00035
MED00413,3,lag_2,0.00063
MED00414,3,lag_2,-0.00045
MED00415,3,lag_2,0.00037
MED00416,3,lag_2,-0.00051
MED00417,3,lag_2,0.00039
MED00418,3,lag_2,0.00017
MED00419,3,lag_2,0.0002
MED00420,3,lag_2,0.00024
MED00421,3,lag_2,0.00033
MED00422,3,lag_2,0.00036
MED00423,3,lag_2,1e-04
MED00424,3,lag_2,-0.00291
MED00001,4,lag_2,0.00019
MED00002,4,lag_2,0.00013
MED00003,4,lag_2,0.00048
MED00004,4,lag_2,-0.00013
MED00005,4,lag_2,-0.00018
MED00006,4,lag_2,0.00026
MED00007,4,lag_2,-0.00014
MED00009,4,lag_2,0.00013
MED00012,4,lag_2,0.00031
MED00013,4,lag_2,0.00011
MED00014,4,lag_2,-0.01759
MED00015,4,lag_2,0.00012
MED00016,4,lag_2,0.00012
MED00017,4,lag_2,0.00027
MED00018,4,lag_2,-0.0002
MED00019,4,lag_2,0.00036
MED00021,4,lag_2,0.00045
MED00023,4,lag_2,0.0012
MED00024,4,lag_2,0.00014
MED00025,4,lag_2,0.00016
MED00026,4,lag_2,0.00019
MED00027,4,lag_2,0.00019
MED00028,4,lag_2,0.00011
MED00029,4,lag_2,0.00023
MED00033,4,lag_2,-0.00015
MED00034,4,lag_2,0.00027
MED00036,4,lag_2,0.00059
MED00037,4,lag_2,1e-04
MED00038,4,lag_2,0.00036
MED00039,4,lag_2,0.00016
MED00040,4,lag_2,-0.00013
MED00042,4,lag_2,0.00027
MED00043,4,lag_2,0.00048
MED00044,4,lag_2,0.00034
MED00045,4,lag_2,0.00028
MED00046,4,lag_2,0.00034
MED00047,4,lag_2,0.00016
MED00048,4,lag_2,0.0015
MED00049,4,lag_2,0.00047
MED00050,4,lag_2,0.0004
MED00051,4,lag_2,0.00044
MED00052,4,lag_2,0.00012
MED00054,4,lag_2,1e-04
MED00056,4,lag_2,0.00028
MED00057,4,lag_2,0.00094
MED00058,4,lag_2,0.00038
MED00059,4,lag_2,0.00025
MED00060,4,lag_2,0.00021
MED00061,4,lag_2,0.00028
MED00062,4,lag_2,0.00044
MED00063,4,lag_2,0.00043
MED00064,4,lag_2,-0.00209
MED00065,4,lag_2,-0.00234
MED00066,4,lag_2,0.00012
MED00068,4,lag_2,0.0002
MED00069,4,lag_2,0.00042
MED00070,4,lag_2,0.00037
MED00071,4,lag_2,0.00011
MED00072,4,lag_2,0.0002
MED00073,4,lag_2,0.00024
MED00074,4,lag_2,0.00022
MED00077,4,lag_2,0.00052
MED00079,4,lag_2,0.00054
MED00080,4,lag_2,0.00022
MED00081,4,lag_2,0.00048
MED00082,4,lag_2,0.00035
MED00083,4,lag_2,0.00026
MED00084,4,lag_2,0.0008
MED00087,4,lag_2,0.0003
MED00088,4,lag_2,0.00065
MED00089,4,lag_2,0.00015
MED00090,4,lag_2,0.00117
MED00091,4,lag_2,0.00013
MED00095,4,lag_2,0.00025
MED00096,4,lag_2,0.00014
MED00098,4,lag_2,0.00046
MED00099,4,lag_2,0.00019
MED00100,4,lag_2,0.00046
MED00101,4,lag_2,0.0012
MED00102,4,lag_2,0.00011
MED00103,4,lag_2,0.00043
MED00104,4,lag_2,0.00026
MED00105,4,lag_2,0.00046
MED00106,4,lag_2,0.00043
MED00107,4,lag_2,0.00025
MED00108,4,lag_2,0.00017
MED00109,4,lag_2,-0.00016
MED00110,4,lag_2,-0.00016
MED00111,4,lag_2,0.00042
MED00112,4,lag_2,0.00038
MED00114,4,lag_2,0.00039
MED00115,4,lag_2,0.00042
MED00116,4,lag_2,0.00047
MED00117,4,lag_2,0.00013
MED00120,4,lag_2,0.0002
MED00121,4,lag_2,0.00017
MED00122,4,lag_2,-0.00289
MED00124,4,lag_2,0.00018
MED00125,4,lag_2,0.00048
MED00126,4,lag_2,-0.00013
MED00127,4,lag_2,0.00022
MED00128,4,lag_2,0.00018
MED00130,4,lag_2,0.00047
MED00131,4,lag_2,0.00011
MED00133,4,lag_2,-0.00017
MED00134,4,lag_2,-0.00013
MED00135,4,lag_2,0.00015
MED00136,4,lag_2,-0.00012
MED00138,4,lag_2,0.00014
MED00139,4,lag_2,0.00033
MED00141,4,lag_2,0.00035
MED00144,4,lag_2,0.00051
MED00146,4,lag_2,-0.0002
MED00147,4,lag_2,0.00044
MED00148,4,lag_2,0.00015
MED00149,4,lag_2,0.00017
MED00150,4,lag_2,0.00142
MED00152,4,lag_2,0.00017
MED00153,4,lag_2,0.00033
MED00154,4,lag_2,-0.00044
MED00155,4,lag_2,0.00017
MED00157,4,lag_2,0.00014
MED00158,4,lag_2,0.00019
MED00159,4,lag_2,0.00012
MED00160,4,lag_2,0.00018
MED00161,4,lag_2,0.00234
MED00162,4,lag_2,0.0004
MED00163,4,lag_2,0.00048
MED00164,4,lag_2,0.00033
MED00166,4,lag_2,0.00032
MED00168,4,lag_2,0.00047
MED00172,4,lag_2,0.00056
MED00173,4,lag_2,0.00041
MED00174,4,lag_2,0.00025
MED00176,4,lag_2,1e-04
MED00177,4,lag_2,0.00014
MED00179,4,lag_2,0.00055
MED00180,4,lag_2,0.0003
MED00181,4,lag_2,0.00042
MED00182,4,lag_2,0.00019
MED00183,4,lag_2,0.00035
MED00186,4,lag_2,0.00042
MED00188,4,lag_2,0.00013
MED00189,4,lag_2,0.00048
MED00190,4,lag_2,0.00032
MED00192,4,lag_2,0.00049
MED00193,4,lag_2,0.00047
MED00197,4,lag_2,0.00027
MED00200,4,lag_2,0.0004
MED00201,4,lag_2,0.00035
MED00202,4,lag_2,0.0003
MED00204,4,lag_2,0.0003
MED00205,4,lag_2,0.00018
MED00207,4,lag_2,0.00025
MED00208,4,lag_2,0.00038
MED00210,4,lag_2,-0.00013
MED00211,4,lag_2,0.00039
MED00214,4,lag_2,0.00134
MED00215,4,lag_2,0.00043
MED00216,4,lag_2,0.00044
MED00217,4,lag_2,0.00014
MED00218,4,lag_2,0.00146
MED00219,4,lag_2,-0.00018
MED00220,4,lag_2,0.00029
MED00221,4,lag_2,0.00034
MED00223,4,lag_2,-0.00017
MED00224,4,lag_2,0.00028
MED00225,4,lag_2,0.00126
MED00226,4,lag_2,0.00034
MED00227,4,lag_2,-0.00137
MED00229,4,lag_2,-0.00013
MED00230,4,lag_2,0.00027
MED00232,4,lag_2,0.00041
MED00234,4,lag_2,0.00025
MED00235,4,lag_2,-0.00082
MED00239,4,lag_2,0.00027
MED00240,4,lag_2,0.00025
MED00241,4,lag_2,0.00042
MED00243,4,lag_2,0.00012
MED00244,4,lag_2,0.00033
MED00245,4,lag_2,-0.00108
MED00246,4,lag_2,0.00022
MED00247,4,lag_2,0.00027
MED00249,4,lag_2,0.00025
MED00250,4,lag_2,0.00037
MED00252,4,lag_2,0.00027
MED00253,4,lag_2,0.00043
MED00255,4,lag_2,1e-04
MED00257,4,lag_2,0.00021
MED00258,4,lag_2,0.00049
MED00259,4,lag_2,0.00014
MED00260,4,lag_2,0.00017
MED00261,4,lag_2,0.00056
MED00262,4,lag_2,0.00019
MED00264,4,lag_2,-0.00016
MED00265,4,lag_2,0.00014
MED00266,4,lag_2,0.00015
MED00267,4,lag_2,0.00026
MED00268,4,lag_2,0.00026
MED00272,4,lag_2,0.00025
MED00273,4,lag_2,0.00012
MED00275,4,lag_2,0.00014
MED00277,4,lag_2,0.00048
MED00278,4,lag_2,0.00136
MED00279,4,lag_2,0.00037
MED00280,4,lag_2,0.00014
MED00281,4,lag_2,0.00031
MED00283,4,lag_2,0.00214
MED00284,4,lag_2,0.00011
MED00285,4,lag_2,0.00018
MED00286,4,lag_2,0.00026
MED00287,4,lag_2,0.00015
MED00288,4,lag_2,-0.00641
MED00290,4,lag_2,0.00017
MED00291,4,lag_2,0.00023
MED00292,4,lag_2,0.00039
MED00293,4,lag_2,0.00087
MED00294,4,lag_2,0.00046
MED00295,4,lag_2,0.00019
MED00296,4,lag_2,0.0004
MED00297,4,lag_2,0.00047
MED00299,4,lag_2,-0.00027
MED00300,4,lag_2,0.0003
MED00301,4,lag_2,0.00029
MED00304,4,lag_2,0.00048
MED00305,4,lag_2,0.00031
MED00307,4,lag_2,0.00042
MED00308,4,lag_2,0.00029
MED00309,4,lag_2,0.00037
MED00310,4,lag_2,0.00058
MED00312,4,lag_2,-0.00011
MED00313,4,lag_2,0.00026
MED00314,4,lag_2,0.00021
MED00315,4,lag_2,0.00026
MED00317,4,lag_2,0.00043
MED00318,4,lag_2,0.00022
MED00319,4,lag_2,0.00027
MED00320,4,lag_2,0.00047
MED00321,4,lag_2,-0.00411
MED00322,4,lag_2,0.00047
MED00324,4,lag_2,-0.00035
MED00325,4,lag_2,0.00147
MED00326,4,lag_2,0.00027
MED00327,4,lag_2,0.00026
MED00328,4,lag_2,0.00023
MED00329,4,lag_2,0.00027
MED00330,4,lag_2,0.00225
MED00332,4,lag_2,0.00026
MED00333,4,lag_2,0.00103
MED00334,4,lag_2,0.0005
MED00336,4,lag_2,0.00082
MED00337,4,lag_2,-0.00124
MED00338,4,lag_2,0.00014
MED00339,4,lag_2,0.00032
MED00341,4,lag_2,0.00027
MED00342,4,lag_2,0.00043
MED00343,4,lag_2,0.00026
MED00345,4,lag_2,0.00047
MED00346,4,lag_2,0.00031
MED00347,4,lag_2,0.00044
MED00350,4,lag_2,-0.00111
MED00351,4,lag_2,-0.00013
MED00352,4,lag_2,-0.00013
MED00353,4,lag_2,-0.00013
MED00354,4,lag_2,-0.00016
MED00355,4,lag_2,0.00157
MED00357,4,lag_2,0.00013
MED00358,4,lag_2,0.00057
MED00359,4,lag_2,0.00032
MED00360,4,lag_2,0.00017
MED00362,4,lag_2,0.00124
MED00364,4,lag_2,0.00046
MED00366,4,lag_2,0.00027
MED00367,4,lag_2,0.00036
MED00368,4,lag_2,0.00013
MED00369,4,lag_2,0.00022
MED00370,4,lag_2,0.00013
MED00371,4,lag_2,0.00025
MED00372,4,lag_2,0.00048
MED00373,4,lag_2,0.00048
MED00374,4,lag_2,0.00015
MED00375,4,lag_2,1e-04
MED00376,4,lag_2,0.00043
MED00377,4,lag_2,0.00019
MED00378,4,lag_2,0.00015
MED00379,4,lag_2,0.00056
MED00380,4,lag_2,-0.00016
MED00381,4,lag_2,-0.00023
MED00382,4,lag_2,0.00045
MED00383,4,lag_2,0.00024
MED00384,4,lag_2,0.00025
MED00385,4,lag_2,-0.00056
MED00386,4,lag_2,0.0002
MED00387,4,lag_2,-0.00049
MED00388,4,lag_2,0.00014
MED00389,4,lag_2,0.00023
MED00390,4,lag_2,0.0003
MED00391,4,lag_2,0.00023
MED00392,4,lag_2,-0.00081
MED00393,4,lag_2,0.00028
MED00394,4,lag_2,0.00034
MED00395,4,lag_2,0.00023
MED00396,4,lag_2,-0.0011
MED00397,4,lag_2,-0.0012
MED00398,4,lag_2,-0.00125
MED00399,4,lag_2,-0.00123
MED00400,4,lag_2,-0.00148
MED00401,4,lag_2,0.00024
MED00402,4,lag_2,0.0004
MED00403,4,lag_2,0.00016
MED00405,4,lag_2,0.00018
MED00407,4,lag_2,0.0003
MED00408,4,lag_2,0.00026
MED00409,4,lag_2,0.00064
MED00411,4,lag_2,0.00047
MED00412,4,lag_2,0.0003
MED00413,4,lag_2,0.00058
MED00414,4,lag_2,-0.00051
MED00415,4,lag_2,0.00031
MED00416,4,lag_2,-0.00057
MED00417,4,lag_2,0.00033
MED00418,4,lag_2,0.00016
MED00419,4,lag_2,0.00019
MED00420,4,lag_2,0.00023
MED00421,4,lag_2,0.00032
MED00422,4,lag_2,0.0003
MED00424,4,lag_2,-0.0025
MED00001,5,lag_2,0.00022
MED00002,5,lag_2,0.00032
MED00003,5,lag_2,0.00082
MED00004,5,lag_2,0.00029
MED00005,5,lag_2,0.00024
MED00006,5,lag_2,0.00086
MED00007,5,lag_2,0.00031
MED00009,5,lag_2,0.00017
MED00011,5,lag_2,0.00011
MED00012,5,lag_2,0.00091
MED00013,5,lag_2,0.00014
MED00014,5,lag_2,-0.00131
MED00015,5,lag_2,0.00022
MED00016,5,lag_2,0.00016
MED00017,5,lag_2,0.00045
MED00018,5,lag_2,-0.00017
MED00019,5,lag_2,0.00033
MED00021,5,lag_2,0.00064
MED00022,5,lag_2,1e-04
MED00023,5,lag_2,0.0018
MED00024,5,lag_2,0.00074
MED00025,5,lag_2,0.00034
MED00026,5,lag_2,0.00044
MED00027,5,lag_2,0.00036
MED00028,5,lag_2,0.0003
MED00029,5,lag_2,0.00012
MED00033,5,lag_2,0.00028
MED00034,5,lag_2,0.0003
MED00035,5,lag_2,0.00035
MED00036,5,lag_2,0.00102
MED00037,5,lag_2,0.00038
MED00038,5,lag_2,0.0004
MED00039,5,lag_2,0.00042
MED00040,5,lag_2,0.00014
MED00042,5,lag_2,0.00036
MED00043,5,lag_2,0.00082
MED00044,5,lag_2,0.00094
MED00045,5,lag_2,0.00088
MED00046,5,lag_2,0.00094
MED00047,5,lag_2,0.00035
MED00048,5,lag_2,0.00154
MED00049,5,lag_2,0.00081
MED00050,5,lag_2,0.001
MED00051,5,lag_2,0.0007
MED00052,5,lag_2,0.00031
MED00054,5,lag_2,0.00027
MED00055,5,lag_2,0.00034
MED00056,5,lag_2,0.00056
MED00057,5,lag_2,0.00137
MED00058,5,lag_2,0.00057
MED00059,5,lag_2,0.00044
MED00060,5,lag_2,0.00053
MED00061,5,lag_2,0.00062
MED00062,5,lag_2,0.00029
MED00063,5,lag_2,0.00068
MED00064,5,lag_2,-0.00211
MED00065,5,lag_2,-0.00378
MED00066,5,lag_2,0.00022
MED00067,5,lag_2,0.00037
MED00068,5,lag_2,0.0008
MED00069,5,lag_2,0.00061
MED00070,5,lag_2,0.0004
MED00071,5,lag_2,0.00071
MED00072,5,lag_2,0.00039
MED00073,5,lag_2,0.00043
MED00074,5,lag_2,0.00041
MED00075,5,lag_2,0.00014
MED00077,5,lag_2,0.00075
MED00078,5,lag_2,0.00021
MED00079,5,lag_2,0.00113
MED00080,5,lag_2,0.0004
MED00081,5,lag_2,0.00082
MED00082,5,lag_2,0.00096
MED00083,5,lag_2,0.00044
MED00084,5,lag_2,0.00171
MED00086,5,lag_2,0.00034
MED00087,5,lag_2,0.0009
MED00088,5,lag_2,0.00079
MED00089,5,lag_2,0.00018
MED00090,5,lag_2,0.00178
MED00091,5,lag_2,0.00073
MED00092,5,lag_2,0.00036
MED00093,5,lag_2,0.00029
MED00094,5,lag_2,0.00032
MED00095,5,lag_2,0.00044
MED00096,5,lag_2,0.00073
MED00097,5,lag_2,0.00034
MED00098,5,lag_2,0.00065
MED00099,5,lag_2,0.00036
MED00100,5,lag_2,0.00071
MED00101,5,lag_2,0.00125
MED00102,5,lag_2,0.00038
MED00103,5,lag_2,0.00062
MED00104,5,lag_2,0.00044
MED00105,5,lag_2,0.00064
MED00106,5,lag_2,0.00068
MED00107,5,lag_2,0.00044
MED00108,5,lag_2,0.00036
MED00109,5,lag_2,0.00026
MED00110,5,lag_2,0.00026
MED00111,5,lag_2,0.00068
MED00112,5,lag_2,0.00057
MED00114,5,lag_2,0.00088
MED00115,5,lag_2,0.00061
MED00116,5,lag_2,0.00098
MED00117,5,lag_2,0.00016
MED00118,5,lag_2,0.00036
MED00119,5,lag_2,0.00066
MED00120,5,lag_2,0.00029
MED00121,5,lag_2,0.00035
MED00122,5,lag_2,-0.0027
MED00124,5,lag_2,0.00037
MED00125,5,lag_2,0.00082
MED00126,5,lag_2,0.00029
MED00127,5,lag_2,0.00026
MED00128,5,lag_2,0.00036
MED00129,5,lag_2,0.00052
MED00130,5,lag_2,0.00081
MED00131,5,lag_2,0.00072
MED00134,5,lag_2,0.00029
MED00135,5,lag_2,0.00024
MED00138,5,lag_2,0.00073
MED00139,5,lag_2,0.00092
MED00140,5,lag_2,0.00067
MED00141,5,lag_2,0.00095
MED00142,5,lag_2,0.00033
MED00143,5,lag_2,0.00067
MED00144,5,lag_2,0.0007
MED00146,5,lag_2,-0.00014
MED00147,5,lag_2,0.00087
MED00148,5,lag_2,0.00048
MED00149,5,lag_2,0.00036
MED00150,5,lag_2,0.00202
MED00151,5,lag_2,0.00067
MED00152,5,lag_2,0.00036
MED00153,5,lag_2,0.00092
MED00154,5,lag_2,-0.00026
MED00155,5,lag_2,0.00036
MED00156,5,lag_2,0.00034
MED00157,5,lag_2,0.00018
MED00158,5,lag_2,0.00036
MED00159,5,lag_2,0.00022
MED00160,5,lag_2,0.00037
MED00161,5,lag_2,0.00253
MED00162,5,lag_2,0.00059
MED00163,5,lag_2,0.00082
MED00164,5,lag_2,0.00093
MED00166,5,lag_2,0.00092
MED00167,5,lag_2,0.00037
MED00168,5,lag_2,0.00065
MED00169,5,lag_2,0.00054
MED00170,5,lag_2,0.00038
MED00171,5,lag_2,0.00066
MED00172,5,lag_2,0.00116
MED00173,5,lag_2,0.00101
MED00174,5,lag_2,0.00044
MED00175,5,lag_2,0.00035
MED00176,5,lag_2,0.00019
MED00177,5,lag_2,0.00032
MED00179,5,lag_2,0.00097
MED00180,5,lag_2,0.0009
MED00181,5,lag_2,0.00061
MED00182,5,lag_2,0.00036
MED00183,5,lag_2,0.00084
MED00184,5,lag_2,0.00014
MED00186,5,lag_2,0.00061
MED00187,5,lag_2,0.00021
MED00188,5,lag_2,0.00017
MED00189,5,lag_2,0.00082
MED00190,5,lag_2,0.00091
MED00191,5,lag_2,0.00011
MED00192,5,lag_2,0.00083
MED00193,5,lag_2,0.00081
MED00194,5,lag_2,0.00015
MED00195,5,lag_2,0.00015
MED00197,5,lag_2,0.00026
MED00198,5,lag_2,0.00065
MED00199,5,lag_2,1e-04
MED00200,5,lag_2,0.001
MED00201,5,lag_2,0.00022
MED00202,5,lag_2,0.0009
MED00203,5,lag_2,0.00012
MED00204,5,lag_2,0.00089
MED00205,5,lag_2,0.00036
MED00207,5,lag_2,0.00085
MED00208,5,lag_2,0.00056
MED00210,5,lag_2,0.00029
MED00211,5,lag_2,0.00099
MED00212,5,lag_2,0.00033
MED00213,5,lag_2,0.00034
MED00214,5,lag_2,0.00153
MED00215,5,lag_2,0.0007
MED00216,5,lag_2,0.0007
MED00217,5,lag_2,0.00033
MED00218,5,lag_2,0.00165
MED00220,5,lag_2,0.00088
MED00221,5,lag_2,0.00094
MED00222,5,lag_2,0.00035
MED00224,5,lag_2,0.00088
MED00225,5,lag_2,0.00145
MED00226,5,lag_2,0.00094
MED00227,5,lag_2,-0.00133
MED00228,5,lag_2,0.00015
MED00229,5,lag_2,0.00029
MED00230,5,lag_2,0.00045
MED00231,5,lag_2,0.00064
MED00232,5,lag_2,0.00101
MED00234,5,lag_2,0.00044
MED00235,5,lag_2,-0.00126
MED00236,5,lag_2,0.00022
MED00238,5,lag_2,0.00016
MED00239,5,lag_2,0.00045
MED00240,5,lag_2,0.00044
MED00241,5,lag_2,0.00061
MED00243,5,lag_2,0.00031
MED00244,5,lag_2,0.00093
MED00245,5,lag_2,-0.00134
MED00246,5,lag_2,0.00041
MED00247,5,lag_2,0.00045
MED00248,5,lag_2,0.00019
MED00249,5,lag_2,0.00026
MED00250,5,lag_2,0.0004
MED00251,5,lag_2,0.00068
MED00252,5,lag_2,0.0003
MED00253,5,lag_2,0.00061
MED00254,5,lag_2,0.00019
MED00255,5,lag_2,0.00014
MED00256,5,lag_2,0.00068
MED00257,5,lag_2,0.0004
MED00258,5,lag_2,0.00068
MED00259,5,lag_2,0.00033
MED00260,5,lag_2,0.00046
MED00261,5,lag_2,0.0009
MED00262,5,lag_2,0.00038
MED00263,5,lag_2,0.00037
MED00264,5,lag_2,0.00027
MED00265,5,lag_2,0.00018
MED00266,5,lag_2,0.00018
MED00267,5,lag_2,0.00044
MED00268,5,lag_2,0.00045
MED00269,5,lag_2,0.00068
MED00271,5,lag_2,-0.00105
MED00272,5,lag_2,0.00028
MED00273,5,lag_2,0.00015
MED00275,5,lag_2,0.00017
MED00276,5,lag_2,0.00066
MED00277,5,lag_2,0.00082
MED00278,5,lag_2,0.00155
MED00279,5,lag_2,0.00086
MED00280,5,lag_2,0.00033
MED00281,5,lag_2,0.00019
MED00282,5,lag_2,0.00033
MED00283,5,lag_2,0.00274
MED00284,5,lag_2,0.00072
MED00285,5,lag_2,0.00037
MED00286,5,lag_2,0.00045
MED00287,5,lag_2,0.00033
MED00288,5,lag_2,-0.00805
MED00289,5,lag_2,0.00013
MED00290,5,lag_2,0.00036
MED00291,5,lag_2,0.00068
MED00292,5,lag_2,0.00072
MED00293,5,lag_2,0.00106
MED00294,5,lag_2,0.00097
MED00295,5,lag_2,0.00044
MED00296,5,lag_2,0.001
MED00297,5,lag_2,0.00066
MED00298,5,lag_2,0.00042
MED00299,5,lag_2,0.00015
MED00300,5,lag_2,0.0009
MED00301,5,lag_2,0.00049
MED00302,5,lag_2,0.00011
MED00303,5,lag_2,0.00022
MED00304,5,lag_2,0.00067
MED00305,5,lag_2,0.0009
MED00306,5,lag_2,0.00038
MED00307,5,lag_2,0.00091
MED00308,5,lag_2,0.00072
MED00309,5,lag_2,0.00097
MED00310,5,lag_2,0.00054
MED00311,5,lag_2,0.00012
MED00314,5,lag_2,0.0003
MED00315,5,lag_2,0.00044
MED00316,5,lag_2,0.00067
MED00317,5,lag_2,0.00062
MED00318,5,lag_2,0.00041
MED00319,5,lag_2,0.00045
MED00320,5,lag_2,0.00098
MED00321,5,lag_2,-0.00239
MED00322,5,lag_2,0.00081
MED00325,5,lag_2,0.00166
MED00326,5,lag_2,0.00046
MED00327,5,lag_2,0.00044
MED00328,5,lag_2,0.00041
MED00329,5,lag_2,0.00046
MED00330,5,lag_2,0.00244
MED00332,5,lag_2,0.00045
MED00333,5,lag_2,0.00108
MED00334,5,lag_2,0.00069
MED00336,5,lag_2,0.00101
MED00337,5,lag_2,-0.00151
MED00338,5,lag_2,0.00022
MED00339,5,lag_2,0.00092
MED00340,5,lag_2,0.00043
MED00341,5,lag_2,0.00045
MED00342,5,lag_2,0.00061
MED00343,5,lag_2,0.00044
MED00344,5,lag_2,0.00037
MED00345,5,lag_2,0.00081
MED00346,5,lag_2,0.00091
MED00347,5,lag_2,0.0007
MED00348,5,lag_2,0.00045
MED00349,5,lag_2,0.00066
MED00350,5,lag_2,-0.00073
MED00351,5,lag_2,0.00029
MED00352,5,lag_2,0.00029
MED00353,5,lag_2,0.00029
MED00354,5,lag_2,0.00026
MED00355,5,lag_2,0.00174
MED00357,5,lag_2,0.00032
MED00358,5,lag_2,0.00053
MED00359,5,lag_2,0.00092
MED00360,5,lag_2,0.00019
MED00362,5,lag_2,0.00143
MED00363,5,lag_2,0.00067
MED00364,5,lag_2,0.00071
MED00365,5,lag_2,0.00067
MED00366,5,lag_2,0.00046
MED00367,5,lag_2,0.00055
MED00368,5,lag_2,0.00016
MED00369,5,lag_2,0.00041
MED00370,5,lag_2,0.00024
MED00371,5,lag_2,0.00075
MED00372,5,lag_2,0.00082
MED00373,5,lag_2,0.00082
MED00375,5,lag_2,0.00013
MED00376,5,lag_2,0.00062
MED00377,5,lag_2,0.00037
MED00378,5,lag_2,0.00034
MED00379,5,lag_2,0.00058
MED00380,5,lag_2,0.00026
MED00381,5,lag_2,0.0002
MED00382,5,lag_2,0.00075
MED00383,5,lag_2,0.00043
MED00384,5,lag_2,0.00044
MED00385,5,lag_2,-0.00037
MED00386,5,lag_2,0.00039
MED00387,5,lag_2,-0.00044
MED00388,5,lag_2,0.00017
MED00389,5,lag_2,0.00042
MED00390,5,lag_2,0.0005
MED00391,5,lag_2,0.00022
MED00392,5,lag_2,-0.00078
MED00393,5,lag_2,0.00031
MED00394,5,lag_2,0.00022
MED00395,5,lag_2,0.00026
MED00396,5,lag_2,-0.00137
MED00397,5,lag_2,-0.00147
MED00398,5,lag_2,-0.00168
MED00399,5,lag_2,-0.00167
MED00400,5,lag_2,-0.00191
MED00402,5,lag_2,0.00078
MED00403,5,lag_2,0.00019
MED00404,5,lag_2,0.00012
MED00405,5,lag_2,0.00021
MED00406,5,lag_2,0.00011
MED00407,5,lag_2,0.00079
MED00408,5,lag_2,0.00022
MED00409,5,lag_2,0.00067
MED00410,5,lag_2,0.00013
MED00411,5,lag_2,0.00042
MED00412,5,lag_2,0.0003
MED00413,5,lag_2,0.00045
MED00415,5,lag_2,0.00057
MED00417,5,lag_2,0.00035
MED00418,5,lag_2,0.0002
MED00419,5,lag_2,0.00022
MED00421,5,lag_2,0.00035
MED00422,5,lag_2,0.0002
MED00423,5,lag_2,0.00012
MED00424,5,lag_2,-0.00416
MED00001,6,lag_2,0.00025
MED00002,6,lag_2,0.00038
MED00003,6,lag_2,0.00106
MED00004,6,lag_2,0.00053
MED00005,6,lag_2,0.00048
MED00006,6,lag_2,0.00109
MED00007,6,lag_2,0.00053
MED00008,6,lag_2,1e-04
MED00009,6,lag_2,0.0002
MED00010,6,lag_2,0.00013
MED00011,6,lag_2,0.00015
MED00012,6,lag_2,0.00113
MED00013,6,lag_2,0.00018
MED00014,6,lag_2,-0.00107
MED00015,6,lag_2,0.00029
MED00016,6,lag_2,0.00021
MED00017,6,lag_2,0.00067
MED00018,6,lag_2,-0.00013
MED00019,6,lag_2,0.00056
MED00021,6,lag_2,0.00087
MED00022,6,lag_2,0.00017
MED00023,6,lag_2,0.00202
MED00024,6,lag_2,0.00098
MED00025,6,lag_2,0.00037
MED00026,6,lag_2,0.00041
MED00027,6,lag_2,0.00041
MED00028,6,lag_2,0.00053
MED00029,6,lag_2,0.00016
MED00030,6,lag_2,0.00013
MED00031,6,lag_2,0.00012
MED00033,6,lag_2,0.00051
MED00034,6,lag_2,0.00034
MED00035,6,lag_2,0.00042
MED00036,6,lag_2,0.00125
MED00037,6,lag_2,0.00044
MED00038,6,lag_2,0.00063
MED00039,6,lag_2,0.00047
MED00040,6,lag_2,0.00021
MED00042,6,lag_2,0.00041
MED00043,6,lag_2,0.00106
MED00044,6,lag_2,0.00118
MED00045,6,lag_2,0.0011
MED00046,6,lag_2,0.00118
MED00047,6,lag_2,0.00057
MED00048,6,lag_2,0.00175
MED00049,6,lag_2,0.00104
MED00050,6,lag_2,0.00122
MED00051,6,lag_2,0.00093
MED00052,6,lag_2,0.00054
MED00053,6,lag_2,0.00013
MED00054,6,lag_2,0.00029
MED00055,6,lag_2,0.00058
MED00056,6,lag_2,0.00062
MED00057,6,lag_2,0.0016
MED00058,6,lag_2,0.00078
MED00059,6,lag_2,0.00065
MED00060,6,lag_2,0.00075
MED00061,6,lag_2,0.00086
MED00062,6,lag_2,0.0005
MED00063,6,lag_2,0.00091
MED00064,6,lag_2,-0.00188
MED00065,6,lag_2,-0.00544
MED00066,6,lag_2,0.00029
MED00067,6,lag_2,0.00044
MED00068,6,lag_2,0.00103
MED00069,6,lag_2,0.00085
MED00070,6,lag_2,0.00063
MED00071,6,lag_2,0.00095
MED00072,6,lag_2,0.00063
MED00073,6,lag_2,0.00066
MED00074,6,lag_2,0.00064
MED00075,6,lag_2,0.00019
MED00077,6,lag_2,0.00078
MED00078,6,lag_2,0.00026
MED00079,6,lag_2,0.00135
MED00080,6,lag_2,0.00064
MED00081,6,lag_2,0.00106
MED00082,6,lag_2,0.00119
MED00083,6,lag_2,0.00068
MED00084,6,lag_2,0.00194
MED00085,6,lag_2,0.00012
MED00086,6,lag_2,0.00057
MED00087,6,lag_2,0.00113
MED00088,6,lag_2,0.00103
MED00089,6,lag_2,0.00022
MED00090,6,lag_2,0.00199
MED00091,6,lag_2,0.00097
MED00092,6,lag_2,0.00043
MED00093,6,lag_2,0.00031
MED00094,6,lag_2,0.00037
MED00095,6,lag_2,0.00066
MED00096,6,lag_2,0.00097
MED00097,6,lag_2,0.00057
MED00098,6,lag_2,0.00087
MED00099,6,lag_2,0.00041
MED00100,6,lag_2,0.00093
MED00101,6,lag_2,0.0013
MED00102,6,lag_2,0.00044
MED00103,6,lag_2,0.00083
MED00104,6,lag_2,0.00066
MED00105,6,lag_2,0.00086
MED00106,6,lag_2,0.00091
MED00107,6,lag_2,0.00066
MED00108,6,lag_2,0.00058
MED00109,6,lag_2,0.00048
MED00110,6,lag_2,0.0005
MED00111,6,lag_2,0.00091
MED00112,6,lag_2,0.00078
MED00113,6,lag_2,0.00012
MED00114,6,lag_2,0.00092
MED00115,6,lag_2,0.00082
MED00116,6,lag_2,0.00121
MED00117,6,lag_2,0.00018
MED00118,6,lag_2,0.00043
MED00119,6,lag_2,0.00087
MED00120,6,lag_2,0.00033
MED00121,6,lag_2,0.00057
MED00122,6,lag_2,-0.00248
MED00124,6,lag_2,0.00059
MED00125,6,lag_2,0.00106
MED00126,6,lag_2,0.00053
MED00127,6,lag_2,0.00028
MED00128,6,lag_2,0.00066
MED00129,6,lag_2,0.00074
MED00130,6,lag_2,0.00104
MED00131,6,lag_2,0.00095
MED00134,6,lag_2,0.00053
MED00135,6,lag_2,0.00029
MED00138,6,lag_2,0.00095
MED00139,6,lag_2,0.00114
MED00140,6,lag_2,0.00089
MED00141,6,lag_2,0.00118
MED00142,6,lag_2,0.00057
MED00143,6,lag_2,0.00097
MED00144,6,lag_2,0.00092
MED00145,6,lag_2,1e-04
MED00147,6,lag_2,0.00109
MED00148,6,lag_2,0.00069
MED00149,6,lag_2,0.00058
MED00150,6,lag_2,0.00224
MED00151,6,lag_2,0.00089
MED00152,6,lag_2,0.00058
MED00153,6,lag_2,0.00114
MED00155,6,lag_2,0.00058
MED00156,6,lag_2,0.00039
MED00157,6,lag_2,0.00022
MED00158,6,lag_2,0.00041
MED00159,6,lag_2,0.00022
MED00160,6,lag_2,0.00059
MED00161,6,lag_2,0.00274
MED00162,6,lag_2,0.00082
MED00163,6,lag_2,0.00105
MED00164,6,lag_2,0.00117
MED00166,6,lag_2,0.00114
MED00167,6,lag_2,0.00041
MED00168,6,lag_2,0.00087
MED00169,6,lag_2,0.00076
MED00170,6,lag_2,0.00043
MED00171,6,lag_2,0.00087
MED00172,6,lag_2,0.00138
MED00173,6,lag_2,0.00123
MED00174,6,lag_2,0.00067
MED00175,6,lag_2,0.00059
MED00176,6,lag_2,0.00024
MED00177,6,lag_2,0.00036
MED00179,6,lag_2,0.00121
MED00180,6,lag_2,0.00112
MED00181,6,lag_2,0.00082
MED00182,6,lag_2,0.00041
MED00183,6,lag_2,0.00089
MED00184,6,lag_2,0.00019
MED00185,6,lag_2,0.00011
MED00186,6,lag_2,0.00083
MED00187,6,lag_2,0.00025
MED00188,6,lag_2,0.00021
MED00189,6,lag_2,0.00106
MED00190,6,lag_2,0.00115
MED00191,6,lag_2,0.00014
MED00192,6,lag_2,0.00107
MED00193,6,lag_2,0.00104
MED00194,6,lag_2,0.0002
MED00195,6,lag_2,0.0002
MED00197,6,lag_2,0.00027
MED00198,6,lag_2,0.00087
MED00199,6,lag_2,0.00015
MED00200,6,lag_2,0.00122
MED00201,6,lag_2,0.00057
MED00202,6,lag_2,0.00112
MED00203,6,lag_2,0.00019
MED00204,6,lag_2,0.00111
MED00205,6,lag_2,0.00058
MED00206,6,lag_2,0.00013
MED00207,6,lag_2,0.00117
MED00208,6,lag_2,0.00078
MED00210,6,lag_2,0.00053
MED00211,6,lag_2,0.0012
MED00212,6,lag_2,0.00035
MED00213,6,lag_2,0.00058
MED00214,6,lag_2,0.00174
MED00215,6,lag_2,0.00092
MED00216,6,lag_2,0.00092
MED00217,6,lag_2,0.0004
MED00218,6,lag_2,0.00187
MED00219,6,lag_2,0.00024
MED00220,6,lag_2,0.00112
MED00221,6,lag_2,0.00118
MED00222,6,lag_2,0.00057
MED00224,6,lag_2,0.00112
MED00225,6,lag_2,0.00166
MED00226,6,lag_2,0.00118
MED00227,6,lag_2,-0.00126
MED00228,6,lag_2,0.00015
MED00229,6,lag_2,0.00053
MED00230,6,lag_2,0.00069
MED00231,6,lag_2,0.00086
MED00232,6,lag_2,0.00114
MED00233,6,lag_2,0.00012
MED00234,6,lag_2,0.00066
MED00235,6,lag_2,-0.00156
MED00236,6,lag_2,0.00024
MED00237,6,lag_2,0.00014
MED00238,6,lag_2,0.00039
MED00239,6,lag_2,0.00067
MED00240,6,lag_2,0.00067
MED00241,6,lag_2,0.00082
MED00243,6,lag_2,0.00038
MED00244,6,lag_2,0.00114
MED00245,6,lag_2,-0.00164
MED00246,6,lag_2,0.00063
MED00247,6,lag_2,0.00067
MED00248,6,lag_2,0.00022
MED00249,6,lag_2,0.0003
MED00250,6,lag_2,0.00064
MED00251,6,lag_2,0.0009
MED00252,6,lag_2,0.00037
MED00253,6,lag_2,0.00083
MED00254,6,lag_2,0.00024
MED00255,6,lag_2,0.00018
MED00256,6,lag_2,0.0009
MED00257,6,lag_2,0.00063
MED00258,6,lag_2,0.00091
MED00259,6,lag_2,0.00054
MED00260,6,lag_2,0.00052
MED00261,6,lag_2,0.00113
MED00262,6,lag_2,0.00062
MED00263,6,lag_2,0.00041
MED00264,6,lag_2,0.00049
MED00265,6,lag_2,0.00023
MED00266,6,lag_2,0.00022
MED00267,6,lag_2,0.00066
MED00268,6,lag_2,0.00066
MED00269,6,lag_2,0.0009
MED00270,6,lag_2,0.00012
MED00271,6,lag_2,-0.001
MED00272,6,lag_2,0.00031
MED00273,6,lag_2,0.00018
MED00275,6,lag_2,0.0002
MED00276,6,lag_2,0.00087
MED00277,6,lag_2,0.00106
MED00278,6,lag_2,0.00177
MED00279,6,lag_2,0.0009
MED00280,6,lag_2,0.0004
MED00281,6,lag_2,0.00022
MED00282,6,lag_2,0.00036
MED00283,6,lag_2,0.00296
MED00284,6,lag_2,0.00095
MED00285,6,lag_2,0.00059
MED00286,6,lag_2,0.00066
MED00287,6,lag_2,0.00055
MED00288,6,lag_2,-0.00972
MED00289,6,lag_2,0.0002
MED00290,6,lag_2,0.00066
MED00291,6,lag_2,0.00092
MED00292,6,lag_2,0.00094
MED00293,6,lag_2,0.00127
MED00294,6,lag_2,0.00121
MED00295,6,lag_2,0.00041
MED00296,6,lag_2,0.00122
MED00297,6,lag_2,0.00088
MED00298,6,lag_2,0.00048
MED00299,6,lag_2,0.00039
MED00300,6,lag_2,0.00112
MED00301,6,lag_2,0.0007
MED00302,6,lag_2,0.00016
MED00303,6,lag_2,0.00027
MED00304,6,lag_2,0.0009
MED00305,6,lag_2,0.00112
MED00306,6,lag_2,0.00061
MED00307,6,lag_2,0.00095
MED00308,6,lag_2,0.00095
MED00309,6,lag_2,0.0012
MED00310,6,lag_2,0.00076
MED00311,6,lag_2,0.00016
MED00313,6,lag_2,0.00018
MED00314,6,lag_2,0.00034
MED00315,6,lag_2,0.00066
MED00316,6,lag_2,0.00089
MED00317,6,lag_2,0.00083
MED00318,6,lag_2,0.00065
MED00319,6,lag_2,0.00067
MED00320,6,lag_2,0.00122
MED00321,6,lag_2,-0.00077
MED00322,6,lag_2,0.00104
MED00325,6,lag_2,0.00188
MED00326,6,lag_2,0.00068
MED00327,6,lag_2,0.00066
MED00328,6,lag_2,0.00063
MED00329,6,lag_2,0.00067
MED00330,6,lag_2,0.00266
MED00331,6,lag_2,0.00012
MED00332,6,lag_2,0.00067
MED00333,6,lag_2,0.00113
MED00334,6,lag_2,0.00092
MED00335,6,lag_2,0.00012
MED00336,6,lag_2,0.00123
MED00337,6,lag_2,-0.00181
MED00338,6,lag_2,0.00027
MED00339,6,lag_2,0.00115
MED00340,6,lag_2,0.00066
MED00341,6,lag_2,0.00067
MED00342,6,lag_2,0.00083
MED00343,6,lag_2,0.00066
MED00344,6,lag_2,0.0006
MED00345,6,lag_2,0.00104
MED00346,6,lag_2,0.00112
MED00347,6,lag_2,0.00093
MED00348,6,lag_2,0.00067
MED00349,6,lag_2,0.00087
MED00350,6,lag_2,-0.00067
MED00351,6,lag_2,0.00053
MED00352,6,lag_2,0.00053
MED00353,6,lag_2,0.00053
MED00354,6,lag_2,0.0005
MED00355,6,lag_2,0.00196
MED00356,6,lag_2,0.00013
MED00357,6,lag_2,0.00038
MED00358,6,lag_2,0.00075
MED00359,6,lag_2,0.00114
MED00360,6,lag_2,0.00024
MED00361,6,lag_2,0.00013
MED00362,6,lag_2,0.00165
MED00363,6,lag_2,0.00089
MED00364,6,lag_2,0.00093
MED00365,6,lag_2,0.00089
MED00366,6,lag_2,0.00068
MED00367,6,lag_2,0.00087
MED00368,6,lag_2,0.00021
MED00369,6,lag_2,0.00064
MED00370,6,lag_2,0.00029
MED00371,6,lag_2,0.00079
MED00372,6,lag_2,0.00106
MED00373,6,lag_2,0.00106
MED00374,6,lag_2,0.00012
MED00375,6,lag_2,0.00018
MED00376,6,lag_2,0.00083
MED00377,6,lag_2,0.00041
MED00378,6,lag_2,0.00056
MED00379,6,lag_2,0.00041
MED00380,6,lag_2,0.0005
MED00381,6,lag_2,0.00043
MED00382,6,lag_2,0.0011
MED00383,6,lag_2,0.00066
MED00384,6,lag_2,0.00066
MED00385,6,lag_2,-0.00015
MED00386,6,lag_2,0.0006
MED00387,6,lag_2,-0.00042
MED00388,6,lag_2,0.00017
MED00389,6,lag_2,0.00066
MED00390,6,lag_2,0.00073
MED00391,6,lag_2,0.00025
MED00392,6,lag_2,-0.00075
MED00393,6,lag_2,0.00034
MED00394,6,lag_2,0.00024
MED00395,6,lag_2,0.00028
MED00396,6,lag_2,-0.00167
MED00397,6,lag_2,-0.00178
MED00398,6,lag_2,-0.00198
MED00399,6,lag_2,-0.00197
MED00400,6,lag_2,-0.00222
MED00401,6,lag_2,0.00031
MED00402,6,lag_2,0.00099
MED00403,6,lag_2,0.00022
MED00404,6,lag_2,0.00015
MED00405,6,lag_2,0.00024
MED00406,6,lag_2,0.00014
MED00407,6,lag_2,0.00101
MED00408,6,lag_2,0.00044
MED00409,6,lag_2,0.0007
MED00410,6,lag_2,0.00016
MED00411,6,lag_2,0.00063
MED00412,6,lag_2,0.00051
MED00413,6,lag_2,0.00079
MED00414,6,lag_2,0.0002
MED00415,6,lag_2,0.00079
MED00416,6,lag_2,0.00015
MED00417,6,lag_2,0.00057
MED00418,6,lag_2,0.00022
MED00419,6,lag_2,0.00024
MED00421,6,lag_2,0.00037
MED00422,6,lag_2,0.00041
MED00423,6,lag_2,0.00015
MED00424,6,lag_2,-0.00581
MED00001,7,lag_2,-0.0008
MED00002,7,lag_2,-0.00099
MED00003,7,lag_2,-0.00096
MED00004,7,lag_2,-0.00092
MED00005,7,lag_2,-0.00095
MED00006,7,lag_2,-0.00094
MED00007,7,lag_2,-0.03256
MED00008,7,lag_2,-0.00086
MED00009,7,lag_2,-0.00079
MED00010,7,lag_2,-0.00082
MED00011,7,lag_2,-0.03234
MED00012,7,lag_2,-0.0009
MED00013,7,lag_2,-0.0008
MED00014,7,lag_2,-0.00296
MED00015,7,lag_2,-0.00109
MED00016,7,lag_2,-0.0008
MED00017,7,lag_2,-0.00088
MED00018,7,lag_2,-0.00104
MED00019,7,lag_2,-0.00066
MED00020,7,lag_2,-0.00082
MED00021,7,lag_2,-0.00079
MED00022,7,lag_2,-0.00085
MED00023,7,lag_2,-0.00113
MED00024,7,lag_2,-0.00089
MED00025,7,lag_2,-0.00097
MED00026,7,lag_2,-0.00093
MED00027,7,lag_2,-0.00093
MED00028,7,lag_2,-0.00094
MED00029,7,lag_2,-0.00082
MED00030,7,lag_2,-0.00081
MED00031,7,lag_2,-0.00084
MED00032,7,lag_2,-0.00101
MED00033,7,lag_2,-0.00094
MED00034,7,lag_2,-0.00061
MED00035,7,lag_2,-0.00092
MED00036,7,lag_2,-0.00081
MED00037,7,lag_2,-0.00085
MED00038,7,lag_2,-0.00082
MED00039,7,lag_2,-0.00095
MED00040,7,lag_2,-0.00112
MED00041,7,lag_2,-0.00111
MED00042,7,lag_2,-0.00072
MED00043,7,lag_2,-0.00096
MED00044,7,lag_2,-0.00094
MED00045,7,lag_2,-0.00093
MED00046,7,lag_2,-0.00094
MED00047,7,lag_2,-0.00084
MED00048,7,lag_2,-0.00078
MED00049,7,lag_2,-0.00098
MED00050,7,lag_2,-0.00084
MED00051,7,lag_2,-0.00109
MED00052,7,lag_2,-0.00092
MED00053,7,lag_2,-0.00083
MED00054,7,lag_2,-0.00061
MED00055,7,lag_2,-0.00093
MED00056,7,lag_2,-0.0009
MED00057,7,lag_2,-0.00091
MED00058,7,lag_2,-0.00088
MED00059,7,lag_2,-0.0008
MED00060,7,lag_2,-0.00114
MED00061,7,lag_2,-0.00097
MED00062,7,lag_2,-0.00099
MED00063,7,lag_2,-0.00111
MED00064,7,lag_2,-0.00066
MED00065,7,lag_2,-0.00142
MED00066,7,lag_2,-0.00109
MED00067,7,lag_2,-0.00091
MED00068,7,lag_2,-0.00077
MED00069,7,lag_2,-0.0009
MED00070,7,lag_2,-0.00082
MED00071,7,lag_2,-0.00089
MED00072,7,lag_2,-0.00085
MED00073,7,lag_2,-0.00081
MED00074,7,lag_2,-0.0008
MED00075,7,lag_2,-0.00121
MED00076,7,lag_2,-0.00092
MED00077,7,lag_2,-0.00091
MED00078,7,lag_2,-0.00088
MED00079,7,lag_2,-0.00064
MED00080,7,lag_2,-0.00083
MED00081,7,lag_2,-0.00096
MED00082,7,lag_2,-0.00087
MED00083,7,lag_2,-0.0008
MED00084,7,lag_2,-0.00065
MED00085,7,lag_2,-0.00081
MED00086,7,lag_2,-0.00093
MED00087,7,lag_2,-0.0009
MED00088,7,lag_2,-0.00063
MED00089,7,lag_2,-0.00073
MED00090,7,lag_2,-0.00105
MED00091,7,lag_2,-0.00095
MED00092,7,lag_2,-0.00095
MED00093,7,lag_2,-0.00094
MED00094,7,lag_2,-0.00094
MED00095,7,lag_2,-0.0008
MED00096,7,lag_2,-0.00094
MED00097,7,lag_2,-0.00093
MED00098,7,lag_2,-0.00082
MED00099,7,lag_2,-0.00093
MED00100,7,lag_2,-0.00109
MED00101,7,lag_2,-0.00079
MED00102,7,lag_2,-0.00085
MED00103,7,lag_2,-0.00083
MED00104,7,lag_2,-0.0008
MED00105,7,lag_2,-0.00081
MED00106,7,lag_2,-0.00111
MED00107,7,lag_2,-0.00078
MED00108,7,lag_2,-0.0008
MED00109,7,lag_2,-0.00097
MED00110,7,lag_2,-0.00095
MED00111,7,lag_2,-0.00107
MED00112,7,lag_2,-0.0008
MED00113,7,lag_2,-0.00089
MED00114,7,lag_2,-0.00071
MED00115,7,lag_2,-0.00084
MED00116,7,lag_2,-0.00087
MED00117,7,lag_2,-0.00085
MED00118,7,lag_2,-0.00095
MED00119,7,lag_2,-0.00096
MED00120,7,lag_2,-0.00078
MED00121,7,lag_2,-0.00081
MED00122,7,lag_2,-0.00082
MED00123,7,lag_2,-0.00111
MED00124,7,lag_2,-0.0008
MED00125,7,lag_2,-0.00096
MED00126,7,lag_2,-0.00092
MED00127,7,lag_2,-0.00085
MED00128,7,lag_2,-0.00089
MED00129,7,lag_2,-0.03758
MED00130,7,lag_2,-0.00098
MED00131,7,lag_2,-0.00092
MED00132,7,lag_2,-0.00111
MED00133,7,lag_2,-0.00117
MED00134,7,lag_2,-0.00092
MED00135,7,lag_2,-0.00083
MED00136,7,lag_2,-0.00093
MED00137,7,lag_2,-0.00087
MED00138,7,lag_2,-0.00094
MED00139,7,lag_2,-0.00088
MED00140,7,lag_2,-0.00094
MED00141,7,lag_2,-0.00085
MED00142,7,lag_2,-0.00094
MED00143,7,lag_2,-0.00095
MED00144,7,lag_2,-0.00073
MED00145,7,lag_2,-0.00091
MED00146,7,lag_2,-0.03759
MED00147,7,lag_2,-0.00108
MED00148,7,lag_2,-0.00114
MED00149,7,lag_2,-0.00084
MED00150,7,lag_2,-0.00092
MED00151,7,lag_2,-0.00095
MED00152,7,lag_2,-0.00089
MED00153,7,lag_2,-0.00089
MED00154,7,lag_2,-0.00118
MED00155,7,lag_2,-0.00089
MED00156,7,lag_2,-0.00102
MED00157,7,lag_2,-0.00078
MED00158,7,lag_2,-0.00093
MED00159,7,lag_2,-0.00089
MED00160,7,lag_2,-0.0008
MED00161,7,lag_2,-0.00072
MED00162,7,lag_2,-0.00084
MED00163,7,lag_2,-0.00098
MED00164,7,lag_2,-0.00095
MED00165,7,lag_2,-0.00074
MED00166,7,lag_2,-0.00089
MED00167,7,lag_2,-0.00093
MED00168,7,lag_2,-0.00087
MED00169,7,lag_2,-0.00095
MED00170,7,lag_2,-0.00095
MED00171,7,lag_2,-0.00091
MED00172,7,lag_2,-0.00092
MED00173,7,lag_2,-0.00083
MED00174,7,lag_2,-0.00084
MED00175,7,lag_2,-0.00095
MED00176,7,lag_2,-0.00081
MED00177,7,lag_2,-0.00097
MED00178,7,lag_2,-0.00085
MED00179,7,lag_2,-0.0009
MED00180,7,lag_2,-0.00091
MED00181,7,lag_2,-0.00076
MED00182,7,lag_2,-0.00093
MED00183,7,lag_2,-0.0008
MED00184,7,lag_2,-0.00089
MED00185,7,lag_2,-0.00083
MED00186,7,lag_2,-0.00084
MED00187,7,lag_2,-0.00094
MED00188,7,lag_2,-0.0008
MED00189,7,lag_2,-0.00096
MED00190,7,lag_2,-0.00084
MED00191,7,lag_2,-0.00083
MED00192,7,lag_2,-0.00096
MED00193,7,lag_2,-0.00098
MED00194,7,lag_2,-0.0009
MED00195,7,lag_2,-0.0009
MED00196,7,lag_2,-0.00092
MED00197,7,lag_2,-0.00064
MED00198,7,lag_2,-0.00096
MED00199,7,lag_2,-0.00091
MED00200,7,lag_2,-0.00089
MED00201,7,lag_2,-0.00098
MED00202,7,lag_2,-0.00091
MED00203,7,lag_2,-0.00084
MED00204,7,lag_2,-0.00091
MED00205,7,lag_2,-0.00082
MED00206,7,lag_2,-0.0013
MED00207,7,lag_2,-0.00094
MED00208,7,lag_2,-0.00082
MED00209,7,lag_2,-0.0008
MED00210,7,lag_2,-0.00098
MED00211,7,lag_2,-0.00091
MED00212,7,lag_2,-0.00089
MED00213,7,lag_2,-0.00088
MED00214,7,lag_2,-0.00081
MED00215,7,lag_2,-0.00078
MED00216,7,lag_2,-0.00111
MED00217,7,lag_2,-0.00098
MED00218,7,lag_2,-0.00078
MED00219,7,lag_2,-0.00121
MED00220,7,lag_2,-0.00088
MED00221,7,lag_2,-0.00089
MED00222,7,lag_2,-0.00094
MED00223,7,lag_2,-0.00111
MED00224,7,lag_2,-0.00091
MED00225,7,lag_2,-0.00078
MED00226,7,lag_2,-0.00094
MED00227,7,lag_2,-0.00072
MED00228,7,lag_2,-0.00097
MED00229,7,lag_2,-0.00092
MED00230,7,lag_2,-0.00083
MED00231,7,lag_2,-0.00097
MED00232,7,lag_2,-0.00088
MED00233,7,lag_2,-0.0009
MED00234,7,lag_2,-0.00089
MED00235,7,lag_2,-0.00045
MED00236,7,lag_2,-0.00091
MED00237,7,lag_2,-0.00082
MED00238,7,lag_2,-0.03467
MED00239,7,lag_2,-0.0008
MED00240,7,lag_2,-0.00083
MED00241,7,lag_2,-0.00079
MED00242,7,lag_2,-0.00093
MED00243,7,lag_2,-0.00099
MED00244,7,lag_2,-0.00089
MED00245,7,lag_2,-0.00045
MED00246,7,lag_2,-0.00083
MED00247,7,lag_2,-0.00079
MED00248,7,lag_2,-0.00092
MED00249,7,lag_2,-0.00061
MED00250,7,lag_2,-0.00083
MED00251,7,lag_2,-0.0009
MED00252,7,lag_2,-0.00059
MED00253,7,lag_2,-0.00075
MED00254,7,lag_2,-0.00109
MED00255,7,lag_2,-0.00081
MED00256,7,lag_2,-0.00094
MED00257,7,lag_2,-0.00081
MED00258,7,lag_2,-0.0008
MED00259,7,lag_2,-0.00084
MED00260,7,lag_2,-0.00093
MED00261,7,lag_2,-0.0009
MED00262,7,lag_2,-0.00083
MED00263,7,lag_2,-0.00087
MED00264,7,lag_2,-0.00096
MED00265,7,lag_2,-0.0008
MED00266,7,lag_2,-0.00078
MED00267,7,lag_2,-0.0008
MED00268,7,lag_2,-0.0008
MED00269,7,lag_2,-0.00094
MED00270,7,lag_2,-0.00083
MED00271,7,lag_2,-0.00214
MED00272,7,lag_2,-0.00074
MED00273,7,lag_2,-0.00085
MED00274,7,lag_2,-0.00111
MED00275,7,lag_2,-0.00082
MED00276,7,lag_2,-0.00096
MED00277,7,lag_2,-0.00096
MED00278,7,lag_2,-0.00079
MED00279,7,lag_2,-0.00068
MED00280,7,lag_2,-0.00098
MED00281,7,lag_2,-0.0008
MED00282,7,lag_2,-0.00084
MED00283,7,lag_2,-0.00083
MED00284,7,lag_2,-0.00094
MED00285,7,lag_2,-0.0008
MED00286,7,lag_2,-0.00078
MED00287,7,lag_2,-0.00083
MED00288,7,lag_2,-0.00144
MED00289,7,lag_2,-0.00079
MED00290,7,lag_2,-0.00089
MED00291,7,lag_2,-0.001
MED00292,7,lag_2,-0.00103
MED00293,7,lag_2,-0.00077
MED00294,7,lag_2,-0.0009
MED00295,7,lag_2,-0.00093
MED00296,7,lag_2,-0.00081
MED00297,7,lag_2,-0.00081
MED00298,7,lag_2,-0.00093
MED00299,7,lag_2,-0.00111
MED00300,7,lag_2,-0.00091
MED00301,7,lag_2,-0.00078
MED00302,7,lag_2,-0.00091
MED00303,7,lag_2,-0.00084
MED00304,7,lag_2,-0.00077
MED00305,7,lag_2,-0.00091
MED00306,7,lag_2,-0.00092
MED00307,7,lag_2,-0.00065
MED00308,7,lag_2,-0.00095
MED00309,7,lag_2,-0.00086
MED00310,7,lag_2,-0.00106
MED00311,7,lag_2,-0.0008
MED00312,7,lag_2,-0.00114
MED00313,7,lag_2,-0.00081
MED00314,7,lag_2,-0.00078
MED00315,7,lag_2,-0.00078
MED00316,7,lag_2,-0.00089
MED00317,7,lag_2,-0.00083
MED00318,7,lag_2,-0.0008
MED00319,7,lag_2,-0.00082
MED00320,7,lag_2,-0.00086
MED00321,7,lag_2,-0.00169
MED00322,7,lag_2,-0.00098
MED00323,7,lag_2,-0.00111
MED00324,7,lag_2,-0.00112
MED00325,7,lag_2,-0.00078
MED00326,7,lag_2,-0.00079
MED00327,7,lag_2,-0.00088
MED00328,7,lag_2,-0.00078
MED00329,7,lag_2,-0.00082
MED00330,7,lag_2,-0.00072
MED00331,7,lag_2,-0.00085
MED00332,7,lag_2,-0.00084
MED00333,7,lag_2,-0.03249
MED00334,7,lag_2,-0.00079
MED00335,7,lag_2,-0.00081
MED00336,7,lag_2,-0.00074
MED00337,7,lag_2,-0.00063
MED00338,7,lag_2,-0.00088
MED00339,7,lag_2,-0.00096
MED00340,7,lag_2,-0.00087
MED00341,7,lag_2,-0.00081
MED00342,7,lag_2,-0.00084
MED00343,7,lag_2,-0.00082
MED00344,7,lag_2,-0.00084
MED00345,7,lag_2,-0.00098
MED00346,7,lag_2,-0.00091
MED00347,7,lag_2,-0.00109
MED00348,7,lag_2,-0.00097
MED00349,7,lag_2,-0.00091
MED00350,7,lag_2,-0.00163
MED00351,7,lag_2,-0.00093
MED00352,7,lag_2,-0.00092
MED00353,7,lag_2,-0.00092
MED00354,7,lag_2,-0.00095
MED00355,7,lag_2,-0.00081
MED00356,7,lag_2,-0.00089
MED00357,7,lag_2,-0.00099
MED00358,7,lag_2,-0.00101
MED00359,7,lag_2,-0.00089
MED00360,7,lag_2,-0.00082
MED00361,7,lag_2,-0.0008
MED00362,7,lag_2,-0.0008
MED00363,7,lag_2,-0.00094
MED00364,7,lag_2,-0.00109
MED00365,7,lag_2,-0.00094
MED00366,7,lag_2,-0.0008
MED00367,7,lag_2,-0.00087
MED00368,7,lag_2,-0.0008
MED00369,7,lag_2,-0.0008
MED00370,7,lag_2,-0.00094
MED00371,7,lag_2,-0.00089
MED00372,7,lag_2,-0.00096
MED00373,7,lag_2,-0.00096
MED00374,7,lag_2,-0.001
MED00375,7,lag_2,-0.0008
MED00376,7,lag_2,-0.00083
MED00377,7,lag_2,-0.00093
MED00378,7,lag_2,-0.00087
MED00379,7,lag_2,-0.00085
MED00380,7,lag_2,-0.00095
MED00381,7,lag_2,-0.00099
MED00382,7,lag_2,-0.00099
MED00383,7,lag_2,-0.00082
MED00384,7,lag_2,-0.00089
MED00385,7,lag_2,-0.00157
MED00386,7,lag_2,-0.0008
MED00387,7,lag_2,-0.00137
MED00388,7,lag_2,-0.03363
MED00389,7,lag_2,-0.00079
MED00390,7,lag_2,-0.00067
MED00391,7,lag_2,-0.00065
MED00392,7,lag_2,-0.00157
MED00393,7,lag_2,-0.00073
MED00394,7,lag_2,-0.0008
MED00395,7,lag_2,-0.00068
MED00396,7,lag_2,-0.0005
MED00397,7,lag_2,-0.00139
MED00398,7,lag_2,-0.00081
MED00399,7,lag_2,-0.0008
MED00400,7,lag_2,-0.00195
MED00401,7,lag_2,-0.03401
MED00402,7,lag_2,-0.00046
MED00403,7,lag_2,-0.00076
MED00404,7,lag_2,-0.00081
MED00405,7,lag_2,-0.00081
MED00406,7,lag_2,-0.00068
MED00407,7,lag_2,-0.0004
MED00408,7,lag_2,-0.00103
MED00409,7,lag_2,-0.00032
MED00410,7,lag_2,-0.0008
MED00411,7,lag_2,-0.00092
MED00412,7,lag_2,-0.00101
MED00413,7,lag_2,-0.00096
MED00414,7,lag_2,-0.00125
MED00415,7,lag_2,-0.00058
MED00416,7,lag_2,-0.00127
MED00417,7,lag_2,-0.00096
MED00418,7,lag_2,-0.0008
MED00419,7,lag_2,-0.0008
MED00420,7,lag_2,-0.00088
MED00421,7,lag_2,-0.00065
MED00422,7,lag_2,-0.00085
MED00423,7,lag_2,-0.0008
MED00424,7,lag_2,-0.00065
MED00007,8,lag_2,-0.00021
MED00014,8,lag_2,-0.00215
MED00015,8,lag_2,-0.00019
MED00018,8,lag_2,-0.0002
MED00019,8,lag_2,0.00017
MED00023,8,lag_2,-0.00024
MED00032,8,lag_2,-0.00011
MED00034,8,lag_2,0.0002
MED00040,8,lag_2,-0.00022
MED00041,8,lag_2,-0.00021
MED00042,8,lag_2,0.00012
MED00051,8,lag_2,-0.0002
MED00054,8,lag_2,0.00022
MED00060,8,lag_2,-0.00033
MED00062,8,lag_2,-0.00016
MED00063,8,lag_2,-0.00021
MED00064,8,lag_2,0.00015
MED00065,8,lag_2,-0.00084
MED00066,8,lag_2,-0.00019
MED00075,8,lag_2,-0.00035
MED00077,8,lag_2,-1e-04
MED00079,8,lag_2,0.00017
MED00084,8,lag_2,0.00016
MED00088,8,lag_2,0.00018
MED00090,8,lag_2,-0.00024
MED00100,8,lag_2,-0.00019
MED00106,8,lag_2,-0.00021
MED00111,8,lag_2,-0.00022
MED00114,8,lag_2,0.00015
MED00123,8,lag_2,-0.00021
MED00129,8,lag_2,-0.00019
MED00132,8,lag_2,-0.00021
MED00133,8,lag_2,-0.00027
MED00146,8,lag_2,-0.00021
MED00147,8,lag_2,-0.00018
MED00148,8,lag_2,-0.00033
MED00154,8,lag_2,-0.00062
MED00156,8,lag_2,-0.00021
MED00161,8,lag_2,0.00011
MED00165,8,lag_2,-0.00013
MED00172,8,lag_2,-0.00011
MED00197,8,lag_2,0.00022
MED00201,8,lag_2,-0.00015
MED00206,8,lag_2,-0.00041
MED00216,8,lag_2,-0.00021
MED00219,8,lag_2,-0.00035
MED00223,8,lag_2,-0.00025
MED00235,8,lag_2,-0.0007
MED00238,8,lag_2,-0.00019
MED00245,8,lag_2,-0.0007
MED00249,8,lag_2,0.0002
MED00252,8,lag_2,0.0003
MED00254,8,lag_2,-0.00019
MED00271,8,lag_2,-0.00133
MED00274,8,lag_2,-0.00021
MED00279,8,lag_2,0.00013
MED00288,8,lag_2,-0.00088
MED00291,8,lag_2,-1e-04
MED00292,8,lag_2,-0.00014
MED00299,8,lag_2,-0.00021
MED00307,8,lag_2,0.00016
MED00310,8,lag_2,-0.00016
MED00312,8,lag_2,-0.00024
MED00321,8,lag_2,-0.00083
MED00323,8,lag_2,-0.00021
MED00324,8,lag_2,-0.00027
MED00333,8,lag_2,-0.00013
MED00337,8,lag_2,-0.00087
MED00347,8,lag_2,-0.0002
MED00350,8,lag_2,-0.00074
MED00358,8,lag_2,-0.00016
MED00364,8,lag_2,-0.00019
MED00374,8,lag_2,-0.00011
MED00382,8,lag_2,-0.00018
MED00385,8,lag_2,-0.00073
MED00387,8,lag_2,-0.00054
MED00390,8,lag_2,0.00016
MED00391,8,lag_2,0.00018
MED00392,8,lag_2,-0.00074
MED00395,8,lag_2,0.00016
MED00396,8,lag_2,-0.00075
MED00397,8,lag_2,-0.00084
MED00398,8,lag_2,-0.00106
MED00399,8,lag_2,-0.00105
MED00400,8,lag_2,-0.00137
MED00401,8,lag_2,-0.00034
MED00402,8,lag_2,0.00038
MED00406,8,lag_2,0.00015
MED00407,8,lag_2,0.00044
MED00408,8,lag_2,-0.00019
MED00409,8,lag_2,0.00051
MED00412,8,lag_2,-0.00018
MED00413,8,lag_2,-0.00012
MED00414,8,lag_2,-0.00042
MED00415,8,lag_2,0.00026
MED00416,8,lag_2,-0.00044
MED00421,8,lag_2,0.00018
MED00424,8,lag_2,-0.0009
MED00007,9,lag_2,-0.00021
MED00014,9,lag_2,-0.00215
MED00015,9,lag_2,-0.00019
MED00018,9,lag_2,-0.0002
MED00019,9,lag_2,0.00017
MED00023,9,lag_2,-0.00024
MED00032,9,lag_2,-0.00011
MED00034,9,lag_2,0.0002
MED00040,9,lag_2,-0.00022
MED00041,9,lag_2,-0.00021
MED00042,9,lag_2,0.00012
MED00051,9,lag_2,-0.0002
MED00054,9,lag_2,0.00022
MED00060,9,lag_2,-0.00033
MED00062,9,lag_2,-0.00016
MED00063,9,lag_2,-0.00021
MED00064,9,lag_2,0.00015
MED00065,9,lag_2,-0.00084
MED00066,9,lag_2,-0.00019
MED00075,9,lag_2,-0.00035
MED00077,9,lag_2,-1e-04
MED00079,9,lag_2,0.00017
MED00084,9,lag_2,0.00016
MED00088,9,lag_2,0.00018
MED00090,9,lag_2,-0.00024
MED00100,9,lag_2,-0.00019
MED00106,9,lag_2,-0.00021
MED00111,9,lag_2,-0.00022
MED00114,9,lag_2,0.00015
MED00123,9,lag_2,-0.00021
MED00129,9,lag_2,-0.00019
MED00132,9,lag_2,-0.00021
MED00133,9,lag_2,-0.00027
MED00146,9,lag_2,-0.00021
MED00147,9,lag_2,-0.00018
MED00148,9,lag_2,-0.00033
MED00154,9,lag_2,-0.00062
MED00156,9,lag_2,-0.00021
MED00161,9,lag_2,0.00011
MED00165,9,lag_2,-0.00013
MED00172,9,lag_2,-0.00011
MED00197,9,lag_2,0.00022
MED00201,9,lag_2,-0.00015
MED00206,9,lag_2,-0.00041
MED00216,9,lag_2,-0.00021
MED00219,9,lag_2,-0.00035
MED00223,9,lag_2,-0.00025
MED00235,9,lag_2,-0.0007
MED00238,9,lag_2,-0.00019
MED00245,9,lag_2,-0.0007
MED00249,9,lag_2,0.0002
MED00252,9,lag_2,0.0003
MED00254,9,lag_2,-0.00019
MED00271,9,lag_2,-0.00133
MED00274,9,lag_2,-0.00021
MED00279,9,lag_2,0.00013
MED00288,9,lag_2,-0.00088
MED00291,9,lag_2,-1e-04
MED00292,9,lag_2,-0.00014
MED00299,9,lag_2,-0.00021
MED00307,9,lag_2,0.00016
MED00310,9,lag_2,-0.00016
MED00312,9,lag_2,-0.00024
MED00321,9,lag_2,-0.00239
MED00323,9,lag_2,-0.00021
MED00324,9,lag_2,-0.00027
MED00333,9,lag_2,-0.00013
MED00337,9,lag_2,-0.00087
MED00347,9,lag_2,-0.0002
MED00350,9,lag_2,-0.00074
MED00358,9,lag_2,-0.00016
MED00364,9,lag_2,-0.00019
MED00374,9,lag_2,-0.00011
MED00382,9,lag_2,-0.00018
MED00385,9,lag_2,-0.00073
MED00387,9,lag_2,-0.00054
MED00390,9,lag_2,0.00016
MED00391,9,lag_2,0.00018
MED00392,9,lag_2,-0.00074
MED00395,9,lag_2,0.00016
MED00396,9,lag_2,-0.00075
MED00397,9,lag_2,-0.00084
MED00398,9,lag_2,-0.00107
MED00399,9,lag_2,-0.00105
MED00400,9,lag_2,-0.00137
MED00401,9,lag_2,-0.00034
MED00402,9,lag_2,0.00038
MED00406,9,lag_2,0.00015
MED00407,9,lag_2,0.00044
MED00408,9,lag_2,-0.00019
MED00409,9,lag_2,0.00051
MED00412,9,lag_2,-0.00018
MED00413,9,lag_2,-0.00012
MED00414,9,lag_2,-0.00042
MED00415,9,lag_2,0.00026
MED00416,9,lag_2,-0.00044
MED00421,9,lag_2,0.00018
MED00424,9,lag_2,-0.0009
MED00007,10,lag_2,-0.00022
MED00011,10,lag_2,-0.00013
MED00014,10,lag_2,-0.0023
MED00015,10,lag_2,-0.00019
MED00018,10,lag_2,-0.00035
MED00023,10,lag_2,-0.00025
MED00032,10,lag_2,-0.00012
MED00040,10,lag_2,-0.00022
MED00041,10,lag_2,-0.00022
MED00042,10,lag_2,0.00012
MED00051,10,lag_2,-0.0002
MED00054,10,lag_2,0.00022
MED00060,10,lag_2,-0.00034
MED00062,10,lag_2,-0.00017
MED00063,10,lag_2,-0.00021
MED00065,10,lag_2,-0.00035
MED00066,10,lag_2,-0.00019
MED00075,10,lag_2,-0.00037
MED00077,10,lag_2,-0.00012
MED00090,10,lag_2,-0.00025
MED00100,10,lag_2,-0.0002
MED00106,10,lag_2,-0.00021
MED00111,10,lag_2,-0.00023
MED00123,10,lag_2,-0.00021
MED00129,10,lag_2,-0.0002
MED00132,10,lag_2,-0.00021
MED00133,10,lag_2,-0.00027
MED00146,10,lag_2,-0.00021
MED00147,10,lag_2,-0.00019
MED00148,10,lag_2,-0.00034
MED00154,10,lag_2,-0.00012
MED00156,10,lag_2,-0.00022
MED00165,10,lag_2,-0.00011
MED00172,10,lag_2,-0.00012
MED00197,10,lag_2,0.00024
MED00201,10,lag_2,-0.00017
MED00206,10,lag_2,-0.00042
MED00216,10,lag_2,-0.00022
MED00219,10,lag_2,-0.00035
MED00223,10,lag_2,-0.00025
MED00235,10,lag_2,-0.00022
MED00238,10,lag_2,-0.00019
MED00245,10,lag_2,-0.00022
MED00252,10,lag_2,0.0003
MED00254,10,lag_2,-0.0002
MED00271,10,lag_2,-0.00134
MED00274,10,lag_2,-0.00021
MED00288,10,lag_2,-0.00036
MED00291,10,lag_2,-1e-04
MED00292,10,lag_2,-0.00015
MED00299,10,lag_2,-0.00021
MED00310,10,lag_2,-0.00017
MED00312,10,lag_2,-0.00024
MED00321,10,lag_2,-0.00239
MED00323,10,lag_2,-0.00022
MED00324,10,lag_2,-0.00028
MED00333,10,lag_2,-0.00015
MED00337,10,lag_2,-0.00036
MED00347,10,lag_2,-0.0002
MED00350,10,lag_2,-0.00074
MED00358,10,lag_2,-0.00017
MED00364,10,lag_2,-0.0002
MED00374,10,lag_2,-0.00012
MED00379,10,lag_2,0.00027
MED00382,10,lag_2,-0.00019
MED00385,10,lag_2,-0.00024
MED00388,10,lag_2,-0.00011
MED00392,10,lag_2,-0.00025
MED00396,10,lag_2,-0.00024
MED00397,10,lag_2,-0.00034
MED00398,10,lag_2,-0.00056
MED00399,10,lag_2,-0.00055
MED00400,10,lag_2,-0.00087
MED00401,10,lag_2,-0.00035
MED00402,10,lag_2,0.00022
MED00407,10,lag_2,0.00028
MED00408,10,lag_2,-0.0002
MED00409,10,lag_2,0.0005
MED00411,10,lag_2,-0.00018
MED00412,10,lag_2,-0.00019
MED00413,10,lag_2,-0.00013
MED00415,10,lag_2,0.00025
MED00420,10,lag_2,-0.00021
MED00422,10,lag_2,-0.00017
MED00424,10,lag_2,-0.0004
MED00002,11,lag_2,-0.00011
MED00007,11,lag_2,-0.00022
MED00011,11,lag_2,-0.00013
MED00014,11,lag_2,-0.0023
MED00015,11,lag_2,-0.00021
MED00018,11,lag_2,-0.00035
MED00023,11,lag_2,-0.00027
MED00032,11,lag_2,-0.00013
MED00040,11,lag_2,-0.00024
MED00041,11,lag_2,-0.00022
MED00042,11,lag_2,0.00012
MED00051,11,lag_2,-0.0002
MED00054,11,lag_2,0.00021
MED00060,11,lag_2,-0.00034
MED00062,11,lag_2,-0.00017
MED00063,11,lag_2,-0.00021
MED00065,11,lag_2,-0.00034
MED00066,11,lag_2,-0.0002
MED00075,11,lag_2,-0.00038
MED00077,11,lag_2,-0.00012
MED00090,11,lag_2,-0.00027
MED00100,11,lag_2,-0.00021
MED00106,11,lag_2,-0.00022
MED00109,11,lag_2,-1e-04
MED00111,11,lag_2,-0.00023
MED00123,11,lag_2,-0.00022
MED00129,11,lag_2,-0.0002
MED00132,11,lag_2,-0.00022
MED00133,11,lag_2,-0.00027
MED00146,11,lag_2,-0.00022
MED00147,11,lag_2,-0.00019
MED00148,11,lag_2,-0.00034
MED00156,11,lag_2,-0.00023
MED00165,11,lag_2,-1e-04
MED00172,11,lag_2,-0.00077
MED00197,11,lag_2,0.00023
MED00201,11,lag_2,-0.00017
MED00206,11,lag_2,-0.00106
MED00216,11,lag_2,-0.00022
MED00219,11,lag_2,-0.00013
MED00223,11,lag_2,-0.00026
MED00235,11,lag_2,-0.00021
MED00238,11,lag_2,-0.00019
MED00243,11,lag_2,-0.00011
MED00245,11,lag_2,-0.00021
MED00252,11,lag_2,-0.00034
MED00254,11,lag_2,-0.00085
MED00271,11,lag_2,-0.00198
MED00274,11,lag_2,-0.00022
MED00288,11,lag_2,-0.00035
MED00291,11,lag_2,-0.00011
MED00292,11,lag_2,-0.00015
MED00299,11,lag_2,-0.00021
MED00310,11,lag_2,-0.00017
MED00312,11,lag_2,-0.00024
MED00313,11,lag_2,-0.00062
MED00321,11,lag_2,-0.00304
MED00323,11,lag_2,-0.00022
MED00324,11,lag_2,-0.00029
MED00333,11,lag_2,-0.00016
MED00337,11,lag_2,-0.00059
MED00347,11,lag_2,-0.0002
MED00350,11,lag_2,-0.00275
MED00357,11,lag_2,-0.00011
MED00358,11,lag_2,-0.00017
MED00364,11,lag_2,-0.00021
MED00374,11,lag_2,-0.00013
MED00379,11,lag_2,-0.00037
MED00381,11,lag_2,-0.00011
MED00382,11,lag_2,-0.00019
MED00385,11,lag_2,-0.00024
MED00388,11,lag_2,-0.00011
MED00392,11,lag_2,-0.00025
MED00396,11,lag_2,-0.00024
MED00397,11,lag_2,-0.00056
MED00398,11,lag_2,-0.00056
MED00399,11,lag_2,-0.00054
MED00400,11,lag_2,-0.00087
MED00401,11,lag_2,-0.00036
MED00402,11,lag_2,0.00022
MED00407,11,lag_2,0.00028
MED00408,11,lag_2,-0.00021
MED00409,11,lag_2,0.0005
MED00411,11,lag_2,-0.00018
MED00412,11,lag_2,-0.00019
MED00413,11,lag_2,-0.00013
MED00415,11,lag_2,0.00024
MED00420,11,lag_2,-0.00021
MED00422,11,lag_2,-0.00017
MED00424,11,lag_2,-0.00039
MED00002,12,lag_2,-0.00011
MED00007,12,lag_2,-0.00022
MED00011,12,lag_2,-0.00013
MED00014,12,lag_2,-0.0023
MED00015,12,lag_2,-0.0002
MED00018,12,lag_2,-0.00035
MED00023,12,lag_2,-0.00027
MED00032,12,lag_2,-0.00013
MED00040,12,lag_2,-0.00024
MED00041,12,lag_2,-0.00022
MED00042,12,lag_2,0.00012
MED00051,12,lag_2,-0.0002
MED00054,12,lag_2,0.00021
MED00060,12,lag_2,-0.00034
MED00062,12,lag_2,-0.00017
MED00063,12,lag_2,-0.00021
MED00065,12,lag_2,-0.00034
MED00066,12,lag_2,-0.00021
MED00075,12,lag_2,-0.00038
MED00077,12,lag_2,-0.00012
MED00090,12,lag_2,-0.00027
MED00100,12,lag_2,-0.00021
MED00106,12,lag_2,-0.00022
MED00109,12,lag_2,-1e-04
MED00111,12,lag_2,-0.00023
MED00123,12,lag_2,-0.00022
MED00129,12,lag_2,-0.0002
MED00132,12,lag_2,-0.00022
MED00133,12,lag_2,-0.00027
MED00146,12,lag_2,-0.00022
MED00147,12,lag_2,-0.00019
MED00148,12,lag_2,-0.00034
MED00156,12,lag_2,-0.00023
MED00165,12,lag_2,-1e-04
MED00172,12,lag_2,-0.00077
MED00197,12,lag_2,0.00023
MED00201,12,lag_2,-0.00017
MED00206,12,lag_2,-0.00106
MED00216,12,lag_2,-0.00022
MED00219,12,lag_2,-0.00013
MED00223,12,lag_2,-0.00026
MED00235,12,lag_2,-0.00021
MED00238,12,lag_2,-0.00019
MED00243,12,lag_2,-0.00011
MED00245,12,lag_2,-0.00021
MED00252,12,lag_2,-0.00039
MED00254,12,lag_2,-0.00089
MED00271,12,lag_2,-0.00198
MED00274,12,lag_2,-0.00022
MED00288,12,lag_2,-0.00033
MED00291,12,lag_2,-0.00011
MED00292,12,lag_2,-0.00015
MED00299,12,lag_2,-0.00021
MED00310,12,lag_2,-0.00017
MED00312,12,lag_2,-0.00024
MED00313,12,lag_2,-0.00062
MED00321,12,lag_2,-0.00304
MED00323,12,lag_2,-0.00022
MED00324,12,lag_2,-0.00029
MED00333,12,lag_2,-0.00016
MED00337,12,lag_2,-0.00059
MED00347,12,lag_2,-0.0002
MED00350,12,lag_2,-0.00275
MED00357,12,lag_2,-0.00011
MED00358,12,lag_2,-0.00017
MED00364,12,lag_2,-0.00021
MED00374,12,lag_2,-0.00013
MED00379,12,lag_2,-0.00037
MED00381,12,lag_2,-0.00011
MED00382,12,lag_2,-0.00019
MED00385,12,lag_2,-0.00024
MED00388,12,lag_2,-0.00011
MED00392,12,lag_2,-0.00025
MED00396,12,lag_2,-0.00024
MED00397,12,lag_2,-0.00056
MED00398,12,lag_2,-0.00056
MED00399,12,lag_2,-0.00054
MED00400,12,lag_2,-0.00087
MED00401,12,lag_2,-0.00036
MED00402,12,lag_2,0.00022
MED00407,12,lag_2,0.00028
MED00408,12,lag_2,-0.00021
MED00409,12,lag_2,0.0005
MED00411,12,lag_2,-0.00018
MED00412,12,lag_2,-0.00019
MED00413,12,lag_2,-0.00013
MED00415,12,lag_2,0.00024
MED00420,12,lag_2,-0.00021
MED00422,12,lag_2,-0.00017
MED00424,12,lag_2,-0.00039
MED00001,1,lag_3,0.00066
MED00002,1,lag_3,-0.00011
MED00004,1,lag_3,-0.00055
MED00005,1,lag_3,0.01157
MED00006,1,lag_3,0.00013
MED00007,1,lag_3,0.00036
MED00011,1,lag_3,0.00041
MED00013,1,lag_3,0.00019
MED00014,1,lag_3,0.00046
MED00018,1,lag_3,0.00057
MED00019,1,lag_3,0.00056
MED00021,1,lag_3,0.00013
MED00022,1,lag_3,1e-04
MED00024,1,lag_3,0.00015
MED00025,1,lag_3,-0.00051
MED00026,1,lag_3,0.00014
MED00027,1,lag_3,0.00013
MED00029,1,lag_3,0.00056
MED00032,1,lag_3,0.00015
MED00033,1,lag_3,-0.00055
MED00035,1,lag_3,-0.00047
MED00036,1,lag_3,0.00012
MED00037,1,lag_3,-0.00013
MED00038,1,lag_3,0.00062
MED00039,1,lag_3,-0.00028
MED00041,1,lag_3,-0.00058
MED00042,1,lag_3,0.00016
MED00044,1,lag_3,0.00014
MED00046,1,lag_3,0.00013
MED00047,1,lag_3,0.00057
MED00048,1,lag_3,0.00013
MED00050,1,lag_3,0.00019
MED00053,1,lag_3,-0.00016
MED00054,1,lag_3,0.00021
MED00055,1,lag_3,-0.0004
MED00056,1,lag_3,-0.00035
MED00057,1,lag_3,-0.00039
MED00060,1,lag_3,0.00016
MED00062,1,lag_3,0.00064
MED00064,1,lag_3,0.00057
MED00065,1,lag_3,0.00053
MED00067,1,lag_3,0.00016
MED00068,1,lag_3,0.00014
MED00069,1,lag_3,0.00013
MED00070,1,lag_3,0.00053
MED00071,1,lag_3,0.00012
MED00072,1,lag_3,0.00014
MED00073,1,lag_3,0.00016
MED00074,1,lag_3,0.00014
MED00079,1,lag_3,0.00068
MED00080,1,lag_3,0.00014
MED00081,1,lag_3,-0.00073
MED00082,1,lag_3,0.00016
MED00084,1,lag_3,0.00123
MED00086,1,lag_3,0.00024
MED00087,1,lag_3,0.00011
MED00088,1,lag_3,0.00074
MED00089,1,lag_3,0.00036
MED00091,1,lag_3,0.00014
MED00092,1,lag_3,0.00014
MED00093,1,lag_3,0.00015
MED00094,1,lag_3,0.00016
MED00095,1,lag_3,0.00014
MED00096,1,lag_3,0.00026
MED00097,1,lag_3,0.00024
MED00098,1,lag_3,0.00015
MED00099,1,lag_3,0.00013
MED00101,1,lag_3,0.00039
MED00102,1,lag_3,-0.00013
MED00105,1,lag_3,0.00014
MED00107,1,lag_3,0.00015
MED00109,1,lag_3,-0.00053
MED00110,1,lag_3,-0.00054
MED00113,1,lag_3,1e-04
MED00114,1,lag_3,0.00017
MED00116,1,lag_3,0.00031
MED00118,1,lag_3,0.00011
MED00119,1,lag_3,0.00012
MED00120,1,lag_3,0.00035
MED00121,1,lag_3,0.00022
MED00122,1,lag_3,0.00014
MED00123,1,lag_3,-0.0007
MED00126,1,lag_3,-0.00054
MED00127,1,lag_3,0.00022
MED00128,1,lag_3,0.00013
MED00129,1,lag_3,0.00021
MED00131,1,lag_3,0.00017
MED00132,1,lag_3,-0.0007
MED00133,1,lag_3,-0.00038
MED00134,1,lag_3,-0.00054
MED00135,1,lag_3,0.00078
MED00137,1,lag_3,0.00024
MED00138,1,lag_3,0.0002
MED00140,1,lag_3,0.00013
MED00142,1,lag_3,0.00028
MED00146,1,lag_3,0.00038
MED00147,1,lag_3,0.00012
MED00148,1,lag_3,0.00017
MED00149,1,lag_3,0.00012
MED00151,1,lag_3,0.00017
MED00153,1,lag_3,0.00012
MED00154,1,lag_3,0.00021
MED00158,1,lag_3,0.00014
MED00159,1,lag_3,0.00014
MED00160,1,lag_3,0.00017
MED00161,1,lag_3,0.00013
MED00162,1,lag_3,1e-04
MED00164,1,lag_3,0.00013
MED00165,1,lag_3,1e-04
MED00168,1,lag_3,0.00019
MED00169,1,lag_3,0.00011
MED00170,1,lag_3,0.00011
MED00171,1,lag_3,0.00011
MED00174,1,lag_3,0.0003
MED00175,1,lag_3,-0.00036
MED00176,1,lag_3,0.00049
MED00177,1,lag_3,0.00018
MED00178,1,lag_3,-0.00054
MED00179,1,lag_3,0.00017
MED00182,1,lag_3,0.00013
MED00183,1,lag_3,0.00076
MED00186,1,lag_3,0.00011
MED00187,1,lag_3,0.00013
MED00188,1,lag_3,0.00013
MED00190,1,lag_3,0.00011
MED00191,1,lag_3,0.00054
MED00192,1,lag_3,-0.00074
MED00194,1,lag_3,0.00079
MED00195,1,lag_3,0.00073
MED00196,1,lag_3,0.00016
MED00198,1,lag_3,0.00011
MED00200,1,lag_3,0.00023
MED00203,1,lag_3,1e-04
MED00204,1,lag_3,0.00011
MED00205,1,lag_3,0.00073
MED00207,1,lag_3,0.00012
MED00208,1,lag_3,0.00012
MED00209,1,lag_3,-0.00053
MED00210,1,lag_3,-0.00024
MED00211,1,lag_3,0.00018
MED00212,1,lag_3,0.00022
MED00213,1,lag_3,-0.00054
MED00214,1,lag_3,0.00059
MED00215,1,lag_3,0.00011
MED00216,1,lag_3,-0.00067
MED00218,1,lag_3,0.00015
MED00219,1,lag_3,0.00094
MED00220,1,lag_3,1e-04
MED00221,1,lag_3,0.00013
MED00222,1,lag_3,0.00024
MED00224,1,lag_3,1e-04
MED00225,1,lag_3,0.00011
MED00226,1,lag_3,0.00011
MED00227,1,lag_3,0.00075
MED00229,1,lag_3,-0.00066
MED00230,1,lag_3,0.00087
MED00231,1,lag_3,0.00011
MED00232,1,lag_3,0.00021
MED00233,1,lag_3,-0.00067
MED00235,1,lag_3,0.00055
MED00238,1,lag_3,0.00023
MED00239,1,lag_3,0.00019
MED00241,1,lag_3,0.00012
MED00243,1,lag_3,-0.00011
MED00245,1,lag_3,0.00052
MED00246,1,lag_3,0.00015
MED00248,1,lag_3,0.00025
MED00249,1,lag_3,0.00052
MED00252,1,lag_3,0.00028
MED00253,1,lag_3,0.00019
MED00254,1,lag_3,0.00023
MED00256,1,lag_3,0.00021
MED00258,1,lag_3,0.00014
MED00260,1,lag_3,0.0002
MED00261,1,lag_3,0.00025
MED00263,1,lag_3,0.00015
MED00264,1,lag_3,-0.00131
MED00265,1,lag_3,0.00015
MED00266,1,lag_3,0.00035
MED00267,1,lag_3,0.00032
MED00269,1,lag_3,0.00012
MED00270,1,lag_3,0.00019
MED00272,1,lag_3,0.00013
MED00274,1,lag_3,-0.0007
MED00275,1,lag_3,0.0002
MED00278,1,lag_3,0.00068
MED00279,1,lag_3,0.00018
MED00282,1,lag_3,0.0002
MED00283,1,lag_3,0.00028
MED00284,1,lag_3,0.00012
MED00285,1,lag_3,0.00015
MED00287,1,lag_3,0.00012
MED00288,1,lag_3,0.00059
MED00291,1,lag_3,0.00026
MED00292,1,lag_3,0.00013
MED00295,1,lag_3,0.00013
MED00296,1,lag_3,0.00014
MED00297,1,lag_3,0.00013
MED00298,1,lag_3,0.00017
MED00301,1,lag_3,0.00014
MED00302,1,lag_3,0.0002
MED00303,1,lag_3,0.00013
MED00304,1,lag_3,0.00014
MED00306,1,lag_3,-0.00041
MED00307,1,lag_3,0.00067
MED00308,1,lag_3,0.00026
MED00309,1,lag_3,0.00015
MED00310,1,lag_3,0.00026
MED00312,1,lag_3,-0.00058
MED00313,1,lag_3,-0.00064
MED00314,1,lag_3,0.0003
MED00315,1,lag_3,0.00013
MED00318,1,lag_3,0.00011
MED00319,1,lag_3,0.00058
MED00320,1,lag_3,0.00021
MED00321,1,lag_3,-0.00073
MED00323,1,lag_3,-0.00072
MED00326,1,lag_3,0.00013
MED00329,1,lag_3,0.00077
MED00331,1,lag_3,0.00017
MED00332,1,lag_3,1e-04
MED00333,1,lag_3,0.00011
MED00334,1,lag_3,0.00029
MED00335,1,lag_3,0.00028
MED00337,1,lag_3,0.00253
MED00338,1,lag_3,0.00032
MED00339,1,lag_3,0.00013
MED00340,1,lag_3,-0.00031
MED00341,1,lag_3,0.00022
MED00342,1,lag_3,1e-04
MED00343,1,lag_3,0.00061
MED00344,1,lag_3,-0.00013
MED00348,1,lag_3,0.00012
MED00349,1,lag_3,0.00015
MED00350,1,lag_3,-0.00058
MED00351,1,lag_3,-0.00066
MED00352,1,lag_3,-0.0005
MED00353,1,lag_3,-0.00066
MED00354,1,lag_3,-0.00041
MED00356,1,lag_3,0.00014
MED00358,1,lag_3,0.00026
MED00361,1,lag_3,0.00015
MED00362,1,lag_3,0.00017
MED00363,1,lag_3,0.00013
MED00365,1,lag_3,0.00011
MED00366,1,lag_3,0.00082
MED00367,1,lag_3,0.00012
MED00368,1,lag_3,0.00013
MED00370,1,lag_3,-0.00039
MED00371,1,lag_3,0.00019
MED00374,1,lag_3,0.00011
MED00375,1,lag_3,0.00014
MED00377,1,lag_3,0.00013
MED00379,1,lag_3,-0.00074
MED00380,1,lag_3,-0.00042
MED00381,1,lag_3,-0.00053
MED00383,1,lag_3,0.00012
MED00386,1,lag_3,0.00028
MED00388,1,lag_3,0.00085
MED00389,1,lag_3,0.00066
MED00390,1,lag_3,-0.00011
MED00391,1,lag_3,0.00054
MED00392,1,lag_3,0.00052
MED00393,1,lag_3,0.00018
MED00395,1,lag_3,0.00063
MED00396,1,lag_3,0.00091
MED00397,1,lag_3,0.00045
MED00398,1,lag_3,0.00056
MED00399,1,lag_3,0.00138
MED00400,1,lag_3,0.00053
MED00401,1,lag_3,0.00066
MED00402,1,lag_3,0.00057
MED00403,1,lag_3,0.00032
MED00404,1,lag_3,0.00018
MED00405,1,lag_3,0.00019
MED00406,1,lag_3,0.00048
MED00407,1,lag_3,0.00054
MED00411,1,lag_3,0.00047
MED00413,1,lag_3,0.00018
MED00414,1,lag_3,0.00051
MED00415,1,lag_3,0.00059
MED00416,1,lag_3,0.00054
MED00420,1,lag_3,0.00069
MED00421,1,lag_3,0.00056
MED00422,1,lag_3,-0.00011
MED00423,1,lag_3,0.00049
MED00424,1,lag_3,0.00052
MED00001,2,lag_3,-0.00281
MED00004,2,lag_3,-0.00067
MED00005,2,lag_3,0.01195
MED00008,2,lag_3,0.00012
MED00009,2,lag_3,-0.00352
MED00010,2,lag_3,0.00052
MED00011,2,lag_3,0.00112
MED00012,2,lag_3,-0.00115
MED00014,2,lag_3,0.0011
MED00015,2,lag_3,-0.00021
MED00016,2,lag_3,-0.00014
MED00018,2,lag_3,0.00091
MED00019,2,lag_3,0.00021
MED00020,2,lag_3,-0.00364
MED00023,2,lag_3,-0.00013
MED00025,2,lag_3,0.00041
MED00026,2,lag_3,0.00132
MED00027,2,lag_3,0.00106
MED00028,2,lag_3,-0.00014
MED00029,2,lag_3,-0.0029
MED00030,2,lag_3,-0.00351
MED00031,2,lag_3,-0.00352
MED00033,2,lag_3,-0.00114
MED00034,2,lag_3,0.00088
MED00035,2,lag_3,-0.00038
MED00036,2,lag_3,-0.00472
MED00038,2,lag_3,0.00056
MED00039,2,lag_3,0.001
MED00040,2,lag_3,0.00011
MED00041,2,lag_3,-0.00394
MED00042,2,lag_3,0.00063
MED00046,2,lag_3,-0.00107
MED00047,2,lag_3,0.00052
MED00050,2,lag_3,-0.0004
MED00052,2,lag_3,0.00035
MED00053,2,lag_3,-0.00366
MED00054,2,lag_3,-0.00339
MED00055,2,lag_3,-0.00018
MED00056,2,lag_3,-0.00079
MED00057,2,lag_3,-0.00104
MED00058,2,lag_3,-0.00034
MED00060,2,lag_3,0.00024
MED00061,2,lag_3,-0.00019
MED00062,2,lag_3,0.00133
MED00064,2,lag_3,0.00122
MED00065,2,lag_3,-0.00195
MED00066,2,lag_3,-0.00019
MED00070,2,lag_3,0.00048
MED00072,2,lag_3,0.00011
MED00075,2,lag_3,-0.00015
MED00077,2,lag_3,-0.00347
MED00078,2,lag_3,-0.00458
MED00079,2,lag_3,0.00683
MED00080,2,lag_3,0.00012
MED00081,2,lag_3,-0.00073
MED00082,2,lag_3,0.00014
MED00084,2,lag_3,0.00121
MED00085,2,lag_3,-0.00016
MED00086,2,lag_3,0.0002
MED00087,2,lag_3,-0.00112
MED00088,2,lag_3,0.00083
MED00089,2,lag_3,0.00083
MED00090,2,lag_3,-0.00015
MED00093,2,lag_3,0.00047
MED00094,2,lag_3,0.00134
MED00097,2,lag_3,0.0002
MED00099,2,lag_3,0.00106
MED00100,2,lag_3,0.0002
MED00103,2,lag_3,-0.00116
MED00104,2,lag_3,-0.00014
MED00105,2,lag_3,0.00052
MED00109,2,lag_3,-0.00053
MED00110,2,lag_3,-0.00054
MED00111,2,lag_3,-0.00014
MED00113,2,lag_3,-0.00013
MED00114,2,lag_3,-0.00362
MED00115,2,lag_3,-1e-04
MED00117,2,lag_3,-0.00454
MED00118,2,lag_3,-0.00011
MED00120,2,lag_3,0.00082
MED00121,2,lag_3,0.00034
MED00123,2,lag_3,-0.00444
MED00126,2,lag_3,-0.00053
MED00127,2,lag_3,-0.00442
MED00129,2,lag_3,0.00039
MED00130,2,lag_3,0.0002
MED00131,2,lag_3,0.00012
MED00132,2,lag_3,-0.00444
MED00133,2,lag_3,-0.00387
MED00134,2,lag_3,-0.00054
MED00135,2,lag_3,0.00811
MED00136,2,lag_3,-0.00342
MED00137,2,lag_3,0.00175
MED00138,2,lag_3,0.00045
MED00139,2,lag_3,-0.00071
MED00141,2,lag_3,0.00015
MED00142,2,lag_3,0.00025
MED00144,2,lag_3,0.00034
MED00145,2,lag_3,0.00029
MED00146,2,lag_3,-0.00013
MED00147,2,lag_3,-0.00031
MED00148,2,lag_3,0.00011
MED00149,2,lag_3,-0.00027
MED00150,2,lag_3,-0.0012
MED00151,2,lag_3,0.00011
MED00152,2,lag_3,-1e-04
MED00154,2,lag_3,1e-04
MED00156,2,lag_3,-0.00011
MED00157,2,lag_3,-0.00015
MED00158,2,lag_3,0.00106
MED00159,2,lag_3,0.00169
MED00160,2,lag_3,0.00011
MED00162,2,lag_3,-0.00113
MED00163,2,lag_3,-0.00045
MED00165,2,lag_3,-0.00368
MED00166,2,lag_3,-0.00114
MED00167,2,lag_3,-0.00014
MED00168,2,lag_3,-0.00061
MED00169,2,lag_3,-0.00014
MED00170,2,lag_3,-0.00012
MED00172,2,lag_3,-0.00017
MED00173,2,lag_3,-0.00116
MED00174,2,lag_3,0.00011
MED00175,2,lag_3,-0.00039
MED00176,2,lag_3,0.00268
MED00177,2,lag_3,0.00136
MED00178,2,lag_3,-0.00414
MED00179,2,lag_3,0.00014
MED00180,2,lag_3,-0.00115
MED00181,2,lag_3,-0.00116
MED00182,2,lag_3,0.00106
MED00183,2,lag_3,0.00038
MED00184,2,lag_3,-0.00458
MED00185,2,lag_3,-0.00349
MED00187,2,lag_3,-0.00344
MED00191,2,lag_3,-0.00296
MED00192,2,lag_3,-0.00117
MED00194,2,lag_3,-0.00287
MED00195,2,lag_3,0.00263
MED00196,2,lag_3,-0.00344
MED00197,2,lag_3,-0.00385
MED00199,2,lag_3,-0.00358
MED00200,2,lag_3,-0.00036
MED00202,2,lag_3,-0.00115
MED00203,2,lag_3,-0.00012
MED00204,2,lag_3,-0.00048
MED00205,2,lag_3,0.00111
MED00206,2,lag_3,-0.00016
MED00208,2,lag_3,0.0005
MED00209,2,lag_3,-0.00413
MED00211,2,lag_3,-0.00105
MED00212,2,lag_3,-0.00442
MED00213,2,lag_3,-0.00134
MED00214,2,lag_3,0.00128
MED00216,2,lag_3,-0.00066
MED00217,2,lag_3,0.00029
MED00219,2,lag_3,0.00129
MED00220,2,lag_3,-0.00112
MED00221,2,lag_3,-0.00097
MED00222,2,lag_3,0.0002
MED00223,2,lag_3,-0.00457
MED00224,2,lag_3,-0.00033
MED00226,2,lag_3,-0.00109
MED00227,2,lag_3,0.00063
MED00228,2,lag_3,-0.00375
MED00229,2,lag_3,-0.00066
MED00230,2,lag_3,0.00081
MED00232,2,lag_3,-0.00059
MED00233,2,lag_3,-0.00403
MED00235,2,lag_3,-0.0004
MED00236,2,lag_3,-0.00351
MED00237,2,lag_3,-0.0035
MED00238,2,lag_3,-0.00023
MED00239,2,lag_3,0.00013
MED00242,2,lag_3,-0.00359
MED00245,2,lag_3,0.00019
MED00248,2,lag_3,-0.00322
MED00249,2,lag_3,0.00138
MED00250,2,lag_3,-0.00015
MED00252,2,lag_3,0.00044
MED00253,2,lag_3,0.00013
MED00254,2,lag_3,0.00032
MED00255,2,lag_3,-0.00354
MED00257,2,lag_3,-0.00012
MED00260,2,lag_3,-0.00362
MED00261,2,lag_3,-0.00378
MED00262,2,lag_3,-0.00014
MED00264,2,lag_3,-0.00131
MED00266,2,lag_3,0.00083
MED00267,2,lag_3,0.0007
MED00271,2,lag_3,-0.00025
MED00272,2,lag_3,-0.00334
MED00273,2,lag_3,-0.00352
MED00274,2,lag_3,-0.00444
MED00275,2,lag_3,-0.00327
MED00276,2,lag_3,-1e-04
MED00278,2,lag_3,0.00062
MED00279,2,lag_3,-0.00348
MED00280,2,lag_3,0.00028
MED00281,2,lag_3,-0.00351
MED00282,2,lag_3,-0.00327
MED00283,2,lag_3,-0.00096
MED00286,2,lag_3,-0.00016
MED00288,2,lag_3,0.00124
MED00291,2,lag_3,-0.00116
MED00292,2,lag_3,-0.00116
MED00293,2,lag_3,-0.00037
MED00294,2,lag_3,-0.00031
MED00295,2,lag_3,0.00106
MED00299,2,lag_3,-0.00011
MED00300,2,lag_3,-0.00115
MED00301,2,lag_3,-0.00011
MED00302,2,lag_3,0.00027
MED00303,2,lag_3,-0.00451
MED00305,2,lag_3,-0.00112
MED00306,2,lag_3,-0.00044
MED00307,2,lag_3,0.00266
MED00308,2,lag_3,-0.00352
MED00309,2,lag_3,-0.00109
MED00311,2,lag_3,-0.00356
MED00312,2,lag_3,-0.00432
MED00313,2,lag_3,-0.00051
MED00316,2,lag_3,-1e-04
MED00317,2,lag_3,-0.00116
MED00319,2,lag_3,0.00053
MED00320,2,lag_3,-0.00102
MED00321,2,lag_3,-0.0006
MED00323,2,lag_3,-0.00446
MED00324,2,lag_3,-0.0035
MED00327,2,lag_3,0.00034
MED00328,2,lag_3,-0.00013
MED00329,2,lag_3,0.00071
MED00333,2,lag_3,-0.00027
MED00334,2,lag_3,1e-04
MED00335,2,lag_3,0.00179
MED00336,2,lag_3,-0.0003
MED00337,2,lag_3,0.00202
MED00338,2,lag_3,0.00079
MED00340,2,lag_3,-0.00114
MED00341,2,lag_3,0.00047
MED00343,2,lag_3,0.00056
MED00346,2,lag_3,-0.00012
MED00348,2,lag_3,-0.00018
MED00350,2,lag_3,-0.00059
MED00351,2,lag_3,-0.00066
MED00352,2,lag_3,-0.0005
MED00353,2,lag_3,-0.00045
MED00354,2,lag_3,-0.00041
MED00357,2,lag_3,0.0003
MED00359,2,lag_3,-0.00116
MED00360,2,lag_3,-0.00043
MED00362,2,lag_3,0.00011
MED00366,2,lag_3,0.00077
MED00367,2,lag_3,-0.00047
MED00369,2,lag_3,-0.00014
MED00370,2,lag_3,-0.00416
MED00371,2,lag_3,0.00666
MED00373,2,lag_3,0.00047
MED00374,2,lag_3,-0.00012
MED00375,2,lag_3,0.00083
MED00376,2,lag_3,-0.00012
MED00377,2,lag_3,-0.00011
MED00378,2,lag_3,-0.00029
MED00379,2,lag_3,-0.0006
MED00380,2,lag_3,-0.00054
MED00381,2,lag_3,-0.00028
MED00382,2,lag_3,-0.0011
MED00383,2,lag_3,0.00037
MED00386,2,lag_3,0.00066
MED00387,2,lag_3,-0.00353
MED00388,2,lag_3,-0.00065
MED00389,2,lag_3,0.00059
MED00390,2,lag_3,-0.00021
MED00391,2,lag_3,-0.0028
MED00392,2,lag_3,-0.00294
MED00393,2,lag_3,0.00253
MED00394,2,lag_3,-0.00339
MED00395,2,lag_3,-0.00284
MED00396,2,lag_3,-0.00276
MED00397,2,lag_3,0.00132
MED00398,2,lag_3,0.00116
MED00399,2,lag_3,0.00087
MED00400,2,lag_3,-0.00096
MED00401,2,lag_3,0.00045
MED00402,2,lag_3,0.00052
MED00403,2,lag_3,0.00156
MED00404,2,lag_3,-0.00342
MED00405,2,lag_3,-0.00328
MED00406,2,lag_3,-0.00298
MED00407,2,lag_3,0.00047
MED00409,2,lag_3,-0.00337
MED00410,2,lag_3,-0.00336
MED00411,2,lag_3,0.00129
MED00413,2,lag_3,0.00582
MED00414,2,lag_3,0.00046
MED00415,2,lag_3,0.00066
MED00416,2,lag_3,0.00048
MED00418,2,lag_3,-0.00341
MED00419,2,lag_3,-0.00358
MED00420,2,lag_3,0.00269
MED00421,2,lag_3,-0.00282
MED00423,2,lag_3,-0.00298
MED00424,2,lag_3,-0.00212
MED00001,3,lag_3,-0.00279
MED00002,3,lag_3,-0.00034
MED00003,3,lag_3,-0.00113
MED00004,3,lag_3,-0.00178
MED00005,3,lag_3,0.01157
MED00007,3,lag_3,0.00046
MED00008,3,lag_3,-0.00024
MED00009,3,lag_3,-0.00388
MED00010,3,lag_3,0.00049
MED00011,3,lag_3,0.00152
MED00012,3,lag_3,-0.00108
MED00013,3,lag_3,0.00068
MED00014,3,lag_3,0.00062
MED00015,3,lag_3,-0.00057
MED00016,3,lag_3,0.00042
MED00017,3,lag_3,0.0005
MED00018,3,lag_3,0.0015
MED00019,3,lag_3,0.00138
MED00020,3,lag_3,-0.00278
MED00021,3,lag_3,0.00065
MED00022,3,lag_3,0.00051
MED00023,3,lag_3,-0.00124
MED00024,3,lag_3,0.0007
MED00025,3,lag_3,-0.0007
MED00026,3,lag_3,0.00073
MED00028,3,lag_3,-0.0005
MED00029,3,lag_3,-0.00274
MED00030,3,lag_3,-0.0034
MED00031,3,lag_3,-0.00343
MED00032,3,lag_3,0.00078
MED00033,3,lag_3,-0.00224
MED00034,3,lag_3,0.00122
MED00035,3,lag_3,-0.00075
MED00036,3,lag_3,-0.00409
MED00037,3,lag_3,-0.00038
MED00038,3,lag_3,0.00122
MED00039,3,lag_3,0.00096
MED00040,3,lag_3,-0.00025
MED00041,3,lag_3,-0.00335
MED00042,3,lag_3,0.00126
MED00043,3,lag_3,-0.00112
MED00044,3,lag_3,0.00057
MED00045,3,lag_3,0.00015
MED00046,3,lag_3,-0.00101
MED00047,3,lag_3,0.00118
MED00048,3,lag_3,0.00067
MED00049,3,lag_3,-0.00113
MED00050,3,lag_3,-0.00034
MED00051,3,lag_3,-0.00121
MED00052,3,lag_3,-0.00014
MED00053,3,lag_3,-0.00356
MED00054,3,lag_3,-0.00329
MED00055,3,lag_3,-0.00077
MED00056,3,lag_3,-0.00089
MED00057,3,lag_3,-0.00208
MED00058,3,lag_3,-0.00027
MED00059,3,lag_3,0.00086
MED00060,3,lag_3,0.00108
MED00061,3,lag_3,-0.00055
MED00062,3,lag_3,0.00226
MED00063,3,lag_3,-0.00108
MED00064,3,lag_3,0.00237
MED00065,3,lag_3,-0.00077
MED00066,3,lag_3,-0.00055
MED00067,3,lag_3,0.00053
MED00068,3,lag_3,0.00071
MED00069,3,lag_3,0.00065
MED00070,3,lag_3,0.00114
MED00071,3,lag_3,0.00056
MED00072,3,lag_3,0.00071
MED00073,3,lag_3,0.0007
MED00074,3,lag_3,0.00059
MED00075,3,lag_3,0.00083
MED00076,3,lag_3,-0.0003
MED00077,3,lag_3,-0.00337
MED00078,3,lag_3,-0.00461
MED00079,3,lag_3,0.00786
MED00080,3,lag_3,0.00071
MED00081,3,lag_3,-0.00184
MED00082,3,lag_3,0.00071
MED00083,3,lag_3,0.00054
MED00084,3,lag_3,0.00159
MED00085,3,lag_3,0.00043
MED00086,3,lag_3,-0.00091
MED00087,3,lag_3,-0.00105
MED00088,3,lag_3,-0.00026
MED00089,3,lag_3,0.00096
MED00090,3,lag_3,-0.00071
MED00091,3,lag_3,0.00069
MED00092,3,lag_3,0.00053
MED00093,3,lag_3,0.00011
MED00094,3,lag_3,0.00098
MED00095,3,lag_3,0.00068
MED00096,3,lag_3,-0.00083
MED00097,3,lag_3,-0.00091
MED00098,3,lag_3,0.00067
MED00100,3,lag_3,-0.00091
MED00101,3,lag_3,0.00074
MED00102,3,lag_3,-0.0004
MED00103,3,lag_3,-0.00109
MED00104,3,lag_3,0.00045
MED00105,3,lag_3,0.0011
MED00106,3,lag_3,-0.00107
MED00107,3,lag_3,0.00067
MED00108,3,lag_3,0.00051
MED00109,3,lag_3,-0.00164
MED00110,3,lag_3,-0.00165
MED00111,3,lag_3,-0.00073
MED00112,3,lag_3,0.00049
MED00113,3,lag_3,0.00047
MED00114,3,lag_3,-0.00364
MED00115,3,lag_3,0.00049
MED00116,3,lag_3,-0.00102
MED00117,3,lag_3,-0.00441
MED00118,3,lag_3,0.0005
MED00119,3,lag_3,0.00052
MED00120,3,lag_3,0.00095
MED00121,3,lag_3,0.00095
MED00122,3,lag_3,0.00068
MED00123,3,lag_3,-0.00424
MED00124,3,lag_3,0.00053
MED00125,3,lag_3,-0.00112
MED00126,3,lag_3,-0.00177
MED00127,3,lag_3,-0.00553
MED00128,3,lag_3,0.00053
MED00129,3,lag_3,0.00105
MED00130,3,lag_3,-0.00091
MED00131,3,lag_3,0.00073
MED00132,3,lag_3,-0.00437
MED00133,3,lag_3,-0.00327
MED00134,3,lag_3,-0.00165
MED00135,3,lag_3,0.00843
MED00136,3,lag_3,-0.00265
MED00137,3,lag_3,0.00186
MED00138,3,lag_3,0.00105
MED00139,3,lag_3,-0.00064
MED00140,3,lag_3,0.00056
MED00141,3,lag_3,0.00072
MED00142,3,lag_3,-0.00086
MED00143,3,lag_3,0.0005
MED00144,3,lag_3,0.00093
MED00146,3,lag_3,0.00031
MED00147,3,lag_3,-0.00018
MED00148,3,lag_3,0.00095
MED00149,3,lag_3,0.00032
MED00150,3,lag_3,-0.00231
MED00151,3,lag_3,0.00071
MED00152,3,lag_3,0.0005
MED00153,3,lag_3,0.00064
MED00154,3,lag_3,-0.00077
MED00155,3,lag_3,0.00052
MED00156,3,lag_3,0.00075
MED00157,3,lag_3,0.00045
MED00159,3,lag_3,0.00254
MED00160,3,lag_3,0.0007
MED00161,3,lag_3,0.00065
MED00162,3,lag_3,-0.00106
MED00163,3,lag_3,-0.00156
MED00164,3,lag_3,0.00055
MED00165,3,lag_3,-0.00333
MED00166,3,lag_3,-0.00107
MED00167,3,lag_3,0.00045
MED00168,3,lag_3,-0.00054
MED00169,3,lag_3,0.00051
MED00170,3,lag_3,0.00047
MED00171,3,lag_3,0.00052
MED00172,3,lag_3,-0.00054
MED00173,3,lag_3,-0.00096
MED00174,3,lag_3,-0.00048
MED00175,3,lag_3,-0.0015
MED00176,3,lag_3,0.00361
MED00177,3,lag_3,0.00076
MED00178,3,lag_3,-0.00354
MED00179,3,lag_3,0.00025
MED00180,3,lag_3,-0.00108
MED00181,3,lag_3,-0.00109
MED00183,3,lag_3,0.00039
MED00184,3,lag_3,-0.00461
MED00185,3,lag_3,-0.00339
MED00186,3,lag_3,0.00051
MED00187,3,lag_3,-0.00347
MED00188,3,lag_3,0.00062
MED00189,3,lag_3,-0.00113
MED00190,3,lag_3,0.00052
MED00191,3,lag_3,-0.002
MED00192,3,lag_3,-0.00227
MED00193,3,lag_3,-0.00117
MED00194,3,lag_3,-0.00244
MED00195,3,lag_3,0.00328
MED00196,3,lag_3,-0.00259
MED00197,3,lag_3,-0.00349
MED00198,3,lag_3,0.00054
MED00199,3,lag_3,-0.0035
MED00200,3,lag_3,-0.00029
MED00201,3,lag_3,0.00082
MED00202,3,lag_3,-0.00108
MED00203,3,lag_3,0.00047
MED00204,3,lag_3,-0.00041
MED00205,3,lag_3,0.00177
MED00206,3,lag_3,-0.00053
MED00207,3,lag_3,0.00051
MED00208,3,lag_3,0.00095
MED00209,3,lag_3,-0.00353
MED00210,3,lag_3,-0.00061
MED00211,3,lag_3,-0.00099
MED00212,3,lag_3,-0.00553
MED00213,3,lag_3,-0.00257
MED00214,3,lag_3,0.00194
MED00215,3,lag_3,0.0005
MED00216,3,lag_3,-0.00177
MED00218,3,lag_3,0.00067
MED00219,3,lag_3,0.0013
MED00220,3,lag_3,-0.00105
MED00221,3,lag_3,-0.0009
MED00222,3,lag_3,-0.00091
MED00223,3,lag_3,-0.0046
MED00224,3,lag_3,-0.00026
MED00225,3,lag_3,0.00078
MED00226,3,lag_3,-0.00102
MED00227,3,lag_3,0.00014
MED00228,3,lag_3,-0.00412
MED00229,3,lag_3,-0.00177
MED00230,3,lag_3,0.00247
MED00231,3,lag_3,0.00054
MED00232,3,lag_3,-0.00052
MED00233,3,lag_3,-0.00343
MED00234,3,lag_3,0.0005
MED00235,3,lag_3,-0.00071
MED00236,3,lag_3,-0.00338
MED00237,3,lag_3,-0.0034
MED00238,3,lag_3,0.00042
MED00239,3,lag_3,0.00073
MED00240,3,lag_3,0.00053
MED00241,3,lag_3,0.00064
MED00242,3,lag_3,-0.00272
MED00243,3,lag_3,-0.00034
MED00246,3,lag_3,0.00069
MED00247,3,lag_3,0.0005
MED00248,3,lag_3,-0.00359
MED00249,3,lag_3,0.00191
MED00250,3,lag_3,0.00053
MED00251,3,lag_3,0.0005
MED00253,3,lag_3,0.00071
MED00255,3,lag_3,-0.00346
MED00256,3,lag_3,0.00066
MED00257,3,lag_3,0.00057
MED00258,3,lag_3,0.00054
MED00259,3,lag_3,0.00053
MED00260,3,lag_3,-0.00339
MED00261,3,lag_3,-0.00368
MED00262,3,lag_3,0.00045
MED00263,3,lag_3,0.00064
MED00264,3,lag_3,-0.00242
MED00265,3,lag_3,0.00064
MED00266,3,lag_3,0.00096
MED00267,3,lag_3,0.00127
MED00268,3,lag_3,0.00049
MED00269,3,lag_3,0.00064
MED00270,3,lag_3,0.00068
MED00271,3,lag_3,-0.00058
MED00272,3,lag_3,-0.00381
MED00273,3,lag_3,-0.00411
MED00274,3,lag_3,-0.00437
MED00275,3,lag_3,-0.00364
MED00276,3,lag_3,0.00049
MED00277,3,lag_3,-0.00113
MED00278,3,lag_3,0.00129
MED00279,3,lag_3,-0.00351
MED00281,3,lag_3,-0.00388
MED00282,3,lag_3,-0.00387
MED00283,3,lag_3,-0.00105
MED00284,3,lag_3,0.00057
MED00285,3,lag_3,0.00069
MED00286,3,lag_3,0.00071
MED00287,3,lag_3,0.00065
MED00288,3,lag_3,0.00271
MED00289,3,lag_3,0.00067
MED00290,3,lag_3,0.0005
MED00291,3,lag_3,-0.00129
MED00292,3,lag_3,-0.00096
MED00293,3,lag_3,-0.00074
MED00294,3,lag_3,-0.00025
MED00296,3,lag_3,0.00066
MED00297,3,lag_3,0.00053
MED00298,3,lag_3,0.00067
MED00299,3,lag_3,-0.00122
MED00300,3,lag_3,-0.00108
MED00301,3,lag_3,0.00048
MED00302,3,lag_3,0.00024
MED00303,3,lag_3,-0.00452
MED00304,3,lag_3,0.00066
MED00305,3,lag_3,-0.00105
MED00306,3,lag_3,-0.00155
MED00307,3,lag_3,0.00318
MED00308,3,lag_3,-0.00328
MED00309,3,lag_3,-0.00103
MED00310,3,lag_3,0.00093
MED00311,3,lag_3,-0.0034
MED00312,3,lag_3,-0.00413
MED00313,3,lag_3,-0.00087
MED00315,3,lag_3,0.00067
MED00316,3,lag_3,0.00049
MED00317,3,lag_3,-0.00109
MED00318,3,lag_3,0.00055
MED00319,3,lag_3,0.00119
MED00320,3,lag_3,-0.00213
MED00321,3,lag_3,-0.00096
MED00322,3,lag_3,-0.00113
MED00323,3,lag_3,-0.00427
MED00324,3,lag_3,-0.0034
MED00325,3,lag_3,0.00061
MED00326,3,lag_3,0.00052
MED00327,3,lag_3,0.00093
MED00328,3,lag_3,0.00046
MED00329,3,lag_3,0.00138
MED00330,3,lag_3,0.00049
MED00331,3,lag_3,0.0006
MED00332,3,lag_3,0.00064
MED00333,3,lag_3,0.00038
MED00334,3,lag_3,-0.00049
MED00335,3,lag_3,0.0019
MED00336,3,lag_3,0.00035
MED00337,3,lag_3,0.00014
MED00338,3,lag_3,0.00092
MED00340,3,lag_3,-0.00225
MED00341,3,lag_3,0.00106
MED00342,3,lag_3,0.00051
MED00343,3,lag_3,0.00122
MED00344,3,lag_3,-0.00028
MED00345,3,lag_3,-0.00113
MED00346,3,lag_3,0.00047
MED00347,3,lag_3,-0.00108
MED00348,3,lag_3,0.00039
MED00349,3,lag_3,0.00069
MED00350,3,lag_3,-0.00095
MED00351,3,lag_3,-0.00177
MED00352,3,lag_3,-0.00161
MED00353,3,lag_3,-0.00156
MED00354,3,lag_3,-0.00152
MED00355,3,lag_3,-0.00061
MED00356,3,lag_3,0.00051
MED00358,3,lag_3,0.00093
MED00359,3,lag_3,-0.00109
MED00360,3,lag_3,-0.00066
MED00361,3,lag_3,0.00065
MED00362,3,lag_3,-0.00026
MED00363,3,lag_3,0.00066
MED00364,3,lag_3,-0.00113
MED00365,3,lag_3,0.00051
MED00366,3,lag_3,0.00143
MED00367,3,lag_3,-0.0004
MED00368,3,lag_3,0.0005
MED00369,3,lag_3,0.00046
MED00370,3,lag_3,-0.00419
MED00371,3,lag_3,0.00667
MED00372,3,lag_3,-0.00112
MED00373,3,lag_3,-0.00012
MED00374,3,lag_3,0.00078
MED00375,3,lag_3,0.00118
MED00377,3,lag_3,-0.00134
MED00378,3,lag_3,0.00036
MED00379,3,lag_3,-0.00096
MED00380,3,lag_3,-0.00165
MED00381,3,lag_3,-0.00064
MED00382,3,lag_3,-0.00097
MED00383,3,lag_3,0.00095
MED00384,3,lag_3,0.00052
MED00385,3,lag_3,-0.00056
MED00387,3,lag_3,-0.00267
MED00388,3,lag_3,-0.00118
MED00389,3,lag_3,0.00125
MED00390,3,lag_3,-0.00015
MED00391,3,lag_3,-0.00279
MED00392,3,lag_3,-0.0028
MED00393,3,lag_3,0.00142
MED00394,3,lag_3,-0.00376
MED00395,3,lag_3,-0.00118
MED00396,3,lag_3,-0.00222
MED00397,3,lag_3,-0.00063
MED00398,3,lag_3,0.00142
MED00399,3,lag_3,-0.00107
MED00400,3,lag_3,-0.00291
MED00401,3,lag_3,0.00141
MED00402,3,lag_3,0.00157
MED00403,3,lag_3,0.00168
MED00404,3,lag_3,-0.00257
MED00405,3,lag_3,-0.00242
MED00406,3,lag_3,-0.00194
MED00407,3,lag_3,0.00132
MED00408,3,lag_3,0.00086
MED00409,3,lag_3,-0.00329
MED00410,3,lag_3,-0.00328
MED00411,3,lag_3,0.00233
MED00412,3,lag_3,0.0009
MED00413,3,lag_3,0.00602
MED00414,3,lag_3,0.00144
MED00415,3,lag_3,0.00159
MED00416,3,lag_3,0.00134
MED00417,3,lag_3,0.00096
MED00418,3,lag_3,-0.00378
MED00419,3,lag_3,-0.00395
MED00420,3,lag_3,0.00299
MED00421,3,lag_3,-0.00266
MED00422,3,lag_3,0.00076
MED00423,3,lag_3,-0.00334
MED00424,3,lag_3,-0.00175
MED00001,4,lag_3,-0.00276
MED00002,4,lag_3,-0.00037
MED00003,4,lag_3,-0.00135
MED00004,4,lag_3,-0.002
MED00005,4,lag_3,0.01159
MED00007,4,lag_3,0.00047
MED00008,4,lag_3,-0.00024
MED00009,4,lag_3,-0.00387
MED00010,4,lag_3,0.00048
MED00011,4,lag_3,0.00156
MED00012,4,lag_3,-0.0013
MED00013,4,lag_3,0.00057
MED00014,4,lag_3,0.00065
MED00015,4,lag_3,-0.00059
MED00016,4,lag_3,0.0004
MED00017,4,lag_3,0.00049
MED00018,4,lag_3,0.00155
MED00019,4,lag_3,0.00143
MED00020,4,lag_3,-0.00276
MED00021,4,lag_3,0.00066
MED00022,4,lag_3,0.00049
MED00023,4,lag_3,-0.00125
MED00024,4,lag_3,0.00071
MED00025,4,lag_3,-0.00092
MED00026,4,lag_3,0.00073
MED00027,4,lag_3,-0.00027
MED00028,4,lag_3,-0.00051
MED00029,4,lag_3,-0.00272
MED00030,4,lag_3,-0.00341
MED00031,4,lag_3,-0.00329
MED00032,4,lag_3,0.00089
MED00033,4,lag_3,-0.00246
MED00034,4,lag_3,0.00126
MED00035,4,lag_3,-0.00074
MED00036,4,lag_3,-0.00421
MED00037,4,lag_3,-0.00038
MED00038,4,lag_3,0.00125
MED00039,4,lag_3,0.00075
MED00040,4,lag_3,-0.00026
MED00041,4,lag_3,-0.00334
MED00042,4,lag_3,0.00128
MED00043,4,lag_3,-0.00134
MED00044,4,lag_3,0.00069
MED00046,4,lag_3,-0.00123
MED00047,4,lag_3,0.00121
MED00048,4,lag_3,0.0007
MED00049,4,lag_3,-0.00135
MED00050,4,lag_3,-0.00033
MED00051,4,lag_3,-0.00143
MED00052,4,lag_3,-0.00014
MED00053,4,lag_3,-0.00344
MED00054,4,lag_3,-0.00328
MED00055,4,lag_3,-0.00077
MED00056,4,lag_3,-0.00089
MED00057,4,lag_3,-0.0023
MED00058,4,lag_3,-0.00027
MED00059,4,lag_3,0.00102
MED00060,4,lag_3,0.00111
MED00061,4,lag_3,-0.00055
MED00062,4,lag_3,0.0023
MED00063,4,lag_3,-0.0013
MED00064,4,lag_3,0.00241
MED00065,4,lag_3,-0.0007
MED00066,4,lag_3,-0.00058
MED00067,4,lag_3,0.00038
MED00068,4,lag_3,0.00075
MED00069,4,lag_3,0.00065
MED00070,4,lag_3,0.00117
MED00071,4,lag_3,0.00057
MED00072,4,lag_3,0.00071
MED00073,4,lag_3,0.00068
MED00074,4,lag_3,0.00058
MED00075,4,lag_3,0.00084
MED00076,4,lag_3,-0.00032
MED00077,4,lag_3,-0.00327
MED00078,4,lag_3,-0.00523
MED00079,4,lag_3,0.00789
MED00080,4,lag_3,0.00085
MED00081,4,lag_3,-0.00206
MED00082,4,lag_3,0.00072
MED00083,4,lag_3,0.00055
MED00084,4,lag_3,0.00166
MED00085,4,lag_3,0.00044
MED00086,4,lag_3,-0.00112
MED00087,4,lag_3,-0.00105
MED00088,4,lag_3,-0.00028
MED00089,4,lag_3,0.00081
MED00090,4,lag_3,-0.00072
MED00091,4,lag_3,0.0007
MED00092,4,lag_3,0.00052
MED00093,4,lag_3,1e-04
MED00094,4,lag_3,0.00097
MED00095,4,lag_3,0.00069
MED00096,4,lag_3,-0.00085
MED00097,4,lag_3,-0.00112
MED00098,4,lag_3,0.0007
MED00099,4,lag_3,-0.00027
MED00100,4,lag_3,-0.00113
MED00101,4,lag_3,0.00063
MED00102,4,lag_3,-0.00043
MED00103,4,lag_3,-0.00109
MED00104,4,lag_3,0.00048
MED00105,4,lag_3,0.00113
MED00106,4,lag_3,-0.0013
MED00107,4,lag_3,0.0007
MED00108,4,lag_3,0.00052
MED00109,4,lag_3,-0.00185
MED00110,4,lag_3,-0.00187
MED00111,4,lag_3,-0.00073
MED00112,4,lag_3,0.0005
MED00113,4,lag_3,0.00046
MED00114,4,lag_3,-0.00366
MED00115,4,lag_3,0.00048
MED00116,4,lag_3,-0.00104
MED00117,4,lag_3,-0.00463
MED00118,4,lag_3,0.00049
MED00119,4,lag_3,0.00053
MED00120,4,lag_3,0.00094
MED00121,4,lag_3,0.00096
MED00122,4,lag_3,0.00069
MED00123,4,lag_3,-0.00446
MED00124,4,lag_3,0.00056
MED00125,4,lag_3,-0.00134
MED00126,4,lag_3,-0.00199
MED00127,4,lag_3,-0.00552
MED00128,4,lag_3,0.00052
MED00129,4,lag_3,0.00104
MED00130,4,lag_3,-0.00113
MED00131,4,lag_3,0.00073
MED00132,4,lag_3,-0.00459
MED00133,4,lag_3,-0.00327
MED00134,4,lag_3,-0.00187
MED00135,4,lag_3,0.00846
MED00136,4,lag_3,-0.00266
MED00137,4,lag_3,0.00172
MED00138,4,lag_3,0.00104
MED00139,4,lag_3,-0.00065
MED00140,4,lag_3,0.00055
MED00141,4,lag_3,0.00075
MED00142,4,lag_3,-0.00108
MED00143,4,lag_3,0.00049
MED00144,4,lag_3,0.00092
MED00145,4,lag_3,-0.00011
MED00146,4,lag_3,0.00029
MED00148,4,lag_3,0.00111
MED00149,4,lag_3,0.00033
MED00150,4,lag_3,-0.00219
MED00151,4,lag_3,0.00071
MED00152,4,lag_3,0.0005
MED00153,4,lag_3,0.00065
MED00154,4,lag_3,-0.00074
MED00155,4,lag_3,0.00052
MED00156,4,lag_3,0.00076
MED00157,4,lag_3,0.00044
MED00158,4,lag_3,-0.00027
MED00159,4,lag_3,0.00252
MED00160,4,lag_3,0.00071
MED00161,4,lag_3,0.00069
MED00162,4,lag_3,-0.00105
MED00163,4,lag_3,-0.00178
MED00164,4,lag_3,0.00055
MED00165,4,lag_3,-0.00335
MED00166,4,lag_3,-0.00106
MED00167,4,lag_3,0.00044
MED00168,4,lag_3,-0.00054
MED00169,4,lag_3,0.00064
MED00170,4,lag_3,0.00034
MED00171,4,lag_3,0.00053
MED00172,4,lag_3,-0.00053
MED00173,4,lag_3,-0.00118
MED00174,4,lag_3,-0.00049
MED00175,4,lag_3,-0.00172
MED00176,4,lag_3,0.00364
MED00177,4,lag_3,0.00077
MED00178,4,lag_3,-0.00355
MED00180,4,lag_3,-0.00108
MED00181,4,lag_3,-0.00108
MED00182,4,lag_3,-0.00027
MED00183,4,lag_3,0.00037
MED00184,4,lag_3,-0.00462
MED00185,4,lag_3,-0.00327
MED00186,4,lag_3,0.00051
MED00187,4,lag_3,-0.00348
MED00188,4,lag_3,0.00049
MED00189,4,lag_3,-0.00135
MED00190,4,lag_3,0.00051
MED00191,4,lag_3,-0.00197
MED00192,4,lag_3,-0.00249
MED00193,4,lag_3,-0.00139
MED00194,4,lag_3,-0.00241
MED00195,4,lag_3,0.00347
MED00196,4,lag_3,-0.0026
MED00197,4,lag_3,-0.00351
MED00198,4,lag_3,0.00054
MED00199,4,lag_3,-0.00347
MED00200,4,lag_3,-0.00051
MED00201,4,lag_3,0.00085
MED00202,4,lag_3,-0.0013
MED00203,4,lag_3,0.00051
MED00204,4,lag_3,-0.00042
MED00205,4,lag_3,0.0018
MED00206,4,lag_3,-0.00054
MED00207,4,lag_3,0.00052
MED00208,4,lag_3,0.00098
MED00209,4,lag_3,-0.00354
MED00210,4,lag_3,-0.00061
MED00211,4,lag_3,-0.00098
MED00212,4,lag_3,-0.00575
MED00213,4,lag_3,-0.00279
MED00214,4,lag_3,0.00198
MED00215,4,lag_3,0.00051
MED00216,4,lag_3,-0.00199
MED00218,4,lag_3,0.00068
MED00219,4,lag_3,0.00133
MED00220,4,lag_3,-0.00105
MED00221,4,lag_3,-0.00091
MED00222,4,lag_3,-0.00112
MED00223,4,lag_3,-0.00461
MED00224,4,lag_3,-0.00025
MED00225,4,lag_3,0.00079
MED00226,4,lag_3,-0.00112
MED00227,4,lag_3,0.00017
MED00228,4,lag_3,-0.004
MED00229,4,lag_3,-0.00199
MED00230,4,lag_3,0.0025
MED00231,4,lag_3,0.00055
MED00232,4,lag_3,-0.00115
MED00233,4,lag_3,-0.00343
MED00234,4,lag_3,0.0005
MED00235,4,lag_3,-0.00067
MED00236,4,lag_3,-0.00338
MED00237,4,lag_3,-0.00337
MED00238,4,lag_3,0.00041
MED00239,4,lag_3,0.00074
MED00240,4,lag_3,0.00056
MED00241,4,lag_3,0.00064
MED00242,4,lag_3,-0.00274
MED00243,4,lag_3,-0.00037
MED00246,4,lag_3,0.00085
MED00247,4,lag_3,0.00053
MED00248,4,lag_3,-0.00358
MED00249,4,lag_3,0.00195
MED00250,4,lag_3,0.00056
MED00251,4,lag_3,0.0005
MED00253,4,lag_3,0.00072
MED00255,4,lag_3,-0.00343
MED00256,4,lag_3,0.00066
MED00257,4,lag_3,0.00055
MED00258,4,lag_3,0.00055
MED00259,4,lag_3,0.00053
MED00260,4,lag_3,-0.0034
MED00261,4,lag_3,-0.00368
MED00262,4,lag_3,0.00046
MED00263,4,lag_3,0.00052
MED00264,4,lag_3,-0.00263
MED00265,4,lag_3,0.00067
MED00266,4,lag_3,0.00094
MED00267,4,lag_3,0.00128
MED00268,4,lag_3,0.0005
MED00269,4,lag_3,0.00065
MED00270,4,lag_3,0.00054
MED00271,4,lag_3,-0.00058
MED00272,4,lag_3,-0.0038
MED00273,4,lag_3,-0.00406
MED00274,4,lag_3,-0.00446
MED00275,4,lag_3,-0.00361
MED00276,4,lag_3,0.00049
MED00277,4,lag_3,-0.00135
MED00278,4,lag_3,0.00132
MED00279,4,lag_3,-0.00348
MED00280,4,lag_3,-1e-04
MED00281,4,lag_3,-0.00385
MED00282,4,lag_3,-0.00386
MED00283,4,lag_3,-0.00127
MED00284,4,lag_3,0.00057
MED00285,4,lag_3,0.00072
MED00286,4,lag_3,0.00082
MED00287,4,lag_3,0.00067
MED00288,4,lag_3,0.00275
MED00289,4,lag_3,0.00081
MED00290,4,lag_3,0.00051
MED00291,4,lag_3,-0.00191
MED00292,4,lag_3,-0.00118
MED00293,4,lag_3,-0.00058
MED00294,4,lag_3,-0.00047
MED00295,4,lag_3,-0.00027
MED00296,4,lag_3,0.00067
MED00297,4,lag_3,0.00056
MED00298,4,lag_3,0.00067
MED00299,4,lag_3,-0.00144
MED00300,4,lag_3,-0.0013
MED00301,4,lag_3,0.00049
MED00302,4,lag_3,0.00023
MED00303,4,lag_3,-0.00474
MED00304,4,lag_3,0.00068
MED00305,4,lag_3,-0.00127
MED00306,4,lag_3,-0.00177
MED00307,4,lag_3,0.00323
MED00308,4,lag_3,-0.00328
MED00309,4,lag_3,-0.00089
MED00310,4,lag_3,0.00092
MED00311,4,lag_3,-0.00338
MED00312,4,lag_3,-0.00434
MED00313,4,lag_3,-0.00088
MED00314,4,lag_3,-0.00338
MED00315,4,lag_3,0.0007
MED00316,4,lag_3,0.0005
MED00317,4,lag_3,-0.0011
MED00318,4,lag_3,0.00067
MED00319,4,lag_3,0.00122
MED00320,4,lag_3,-0.00276
MED00321,4,lag_3,-0.00098
MED00322,4,lag_3,-0.00135
MED00323,4,lag_3,-0.00426
MED00324,4,lag_3,-0.00336
MED00325,4,lag_3,0.00062
MED00326,4,lag_3,0.00055
MED00327,4,lag_3,0.00094
MED00328,4,lag_3,0.00047
MED00329,4,lag_3,0.00141
MED00330,4,lag_3,0.00053
MED00331,4,lag_3,0.00047
MED00332,4,lag_3,0.00065
MED00333,4,lag_3,0.00038
MED00334,4,lag_3,-0.0005
MED00335,4,lag_3,0.00193
MED00336,4,lag_3,0.00033
MED00337,4,lag_3,0.0002
MED00338,4,lag_3,0.00091
MED00340,4,lag_3,-0.00225
MED00341,4,lag_3,0.00109
MED00342,4,lag_3,0.00051
MED00343,4,lag_3,0.00126
MED00344,4,lag_3,-0.00029
MED00345,4,lag_3,-0.00134
MED00346,4,lag_3,0.00046
MED00347,4,lag_3,-0.0013
MED00348,4,lag_3,0.0004
MED00349,4,lag_3,0.0007
MED00350,4,lag_3,-0.00097
MED00351,4,lag_3,-0.00199
MED00352,4,lag_3,-0.00182
MED00353,4,lag_3,-0.00178
MED00354,4,lag_3,-0.00187
MED00355,4,lag_3,-0.00057
MED00356,4,lag_3,0.00038
MED00358,4,lag_3,0.00095
MED00359,4,lag_3,-0.00131
MED00360,4,lag_3,-0.00068
MED00361,4,lag_3,0.00064
MED00362,4,lag_3,-0.00025
MED00363,4,lag_3,0.00067
MED00364,4,lag_3,-0.00135
MED00365,4,lag_3,0.00051
MED00366,4,lag_3,0.00146
MED00367,4,lag_3,-0.0004
MED00368,4,lag_3,0.00036
MED00369,4,lag_3,0.00045
MED00370,4,lag_3,-0.00441
MED00371,4,lag_3,0.0067
MED00372,4,lag_3,-0.00134
MED00373,4,lag_3,-0.00012
MED00374,4,lag_3,0.00076
MED00375,4,lag_3,0.00122
MED00377,4,lag_3,-0.00156
MED00378,4,lag_3,0.00037
MED00379,4,lag_3,-0.00098
MED00380,4,lag_3,-0.00187
MED00381,4,lag_3,-0.00065
MED00382,4,lag_3,-0.00098
MED00383,4,lag_3,0.00096
MED00384,4,lag_3,0.00051
MED00385,4,lag_3,-0.00052
MED00387,4,lag_3,-0.00264
MED00388,4,lag_3,-0.00113
MED00389,4,lag_3,0.00128
MED00390,4,lag_3,-0.00012
MED00391,4,lag_3,-0.00275
MED00392,4,lag_3,-0.00277
MED00393,4,lag_3,0.00145
MED00394,4,lag_3,-0.00373
MED00395,4,lag_3,-0.00115
MED00396,4,lag_3,-0.00219
MED00397,4,lag_3,-0.00055
MED00398,4,lag_3,0.00146
MED00399,4,lag_3,-0.00103
MED00400,4,lag_3,-0.00286
MED00401,4,lag_3,0.00144
MED00402,4,lag_3,0.0016
MED00403,4,lag_3,0.00171
MED00404,4,lag_3,-0.00254
MED00405,4,lag_3,-0.00239
MED00406,4,lag_3,-0.00191
MED00407,4,lag_3,0.00135
MED00408,4,lag_3,0.00102
MED00409,4,lag_3,-0.00317
MED00410,4,lag_3,-0.00324
MED00411,4,lag_3,0.00238
MED00412,4,lag_3,0.00093
MED00413,4,lag_3,0.00606
MED00414,4,lag_3,0.00148
MED00415,4,lag_3,0.00162
MED00416,4,lag_3,0.00137
MED00417,4,lag_3,0.00099
MED00418,4,lag_3,-0.00375
MED00419,4,lag_3,-0.00384
MED00420,4,lag_3,0.00303
MED00421,4,lag_3,-0.0025
MED00422,4,lag_3,0.00079
MED00423,4,lag_3,-0.00331
MED00424,4,lag_3,-0.00171
MED00001,5,lag_3,-0.00217
MED00002,5,lag_3,0.00053
MED00003,5,lag_3,-1e-04
MED00004,5,lag_3,-0.00076
MED00005,5,lag_3,0.01247
MED00007,5,lag_3,0.00065
MED00008,5,lag_3,0.00063
MED00009,5,lag_3,-0.00287
MED00010,5,lag_3,0.0006
MED00011,5,lag_3,0.00157
MED00012,5,lag_3,-0.00111
MED00013,5,lag_3,0.00061
MED00014,5,lag_3,0.00123
MED00015,5,lag_3,0.00028
MED00016,5,lag_3,0.00048
MED00017,5,lag_3,0.00059
MED00018,5,lag_3,0.00144
MED00019,5,lag_3,-0.00037
MED00020,5,lag_3,-0.00272
MED00021,5,lag_3,0.00067
MED00022,5,lag_3,0.00068
MED00023,5,lag_3,-0.00018
MED00024,5,lag_3,0.00074
MED00025,5,lag_3,0.00037
MED00026,5,lag_3,0.00187
MED00027,5,lag_3,0.00102
MED00028,5,lag_3,0.00039
MED00029,5,lag_3,-0.00273
MED00030,5,lag_3,-0.00324
MED00031,5,lag_3,-0.00327
MED00032,5,lag_3,0.00073
MED00033,5,lag_3,-0.00122
MED00034,5,lag_3,0.00131
MED00035,5,lag_3,0.00014
MED00036,5,lag_3,-0.00413
MED00037,5,lag_3,0.00051
MED00038,5,lag_3,0.00141
MED00039,5,lag_3,0.00094
MED00040,5,lag_3,0.00063
MED00041,5,lag_3,-0.00327
MED00042,5,lag_3,0.00134
MED00044,5,lag_3,0.00076
MED00045,5,lag_3,0.00026
MED00046,5,lag_3,-0.00093
MED00047,5,lag_3,0.00121
MED00048,5,lag_3,0.00071
MED00050,5,lag_3,-0.0003
MED00051,5,lag_3,-0.00018
MED00052,5,lag_3,0.00086
MED00053,5,lag_3,-0.00331
MED00054,5,lag_3,-0.00326
MED00055,5,lag_3,0.00032
MED00057,5,lag_3,-0.00106
MED00058,5,lag_3,-0.00023
MED00059,5,lag_3,0.00104
MED00060,5,lag_3,0.00108
MED00061,5,lag_3,0.00034
MED00062,5,lag_3,0.00229
MED00064,5,lag_3,0.00154
MED00065,5,lag_3,-0.00232
MED00066,5,lag_3,0.00032
MED00067,5,lag_3,0.00056
MED00068,5,lag_3,0.00086
MED00069,5,lag_3,0.00069
MED00070,5,lag_3,0.00121
MED00071,5,lag_3,0.00073
MED00072,5,lag_3,0.00087
MED00073,5,lag_3,0.00076
MED00074,5,lag_3,0.00075
MED00075,5,lag_3,0.00078
MED00076,5,lag_3,0.00055
MED00077,5,lag_3,-0.00317
MED00078,5,lag_3,-0.00469
MED00079,5,lag_3,0.00699
MED00080,5,lag_3,0.00089
MED00081,5,lag_3,-0.00081
MED00082,5,lag_3,0.00085
MED00083,5,lag_3,0.00072
MED00084,5,lag_3,0.00021
MED00085,5,lag_3,0.00049
MED00086,5,lag_3,0.00012
MED00087,5,lag_3,-0.00101
MED00088,5,lag_3,0.00082
MED00089,5,lag_3,0.00091
MED00090,5,lag_3,0.00036
MED00091,5,lag_3,0.00075
MED00092,5,lag_3,0.0006
MED00093,5,lag_3,0.001
MED00094,5,lag_3,0.00187
MED00095,5,lag_3,0.00073
MED00097,5,lag_3,0.00012
MED00098,5,lag_3,0.00075
MED00099,5,lag_3,0.00102
MED00100,5,lag_3,0.00012
MED00101,5,lag_3,0.00061
MED00102,5,lag_3,0.00047
MED00103,5,lag_3,-0.00105
MED00104,5,lag_3,0.00053
MED00105,5,lag_3,0.00118
MED00107,5,lag_3,0.00075
MED00108,5,lag_3,0.00058
MED00109,5,lag_3,-0.00061
MED00110,5,lag_3,-0.00062
MED00111,5,lag_3,0.00037
MED00112,5,lag_3,0.00057
MED00113,5,lag_3,0.00051
MED00114,5,lag_3,-0.00356
MED00115,5,lag_3,0.00056
MED00117,5,lag_3,-0.0044
MED00118,5,lag_3,0.00057
MED00119,5,lag_3,0.00059
MED00120,5,lag_3,0.00103
MED00121,5,lag_3,0.00101
MED00122,5,lag_3,0.00073
MED00123,5,lag_3,-0.00423
MED00124,5,lag_3,0.0006
MED00126,5,lag_3,-0.00074
MED00127,5,lag_3,-0.0045
MED00128,5,lag_3,0.00061
MED00129,5,lag_3,0.00104
MED00130,5,lag_3,0.00012
MED00131,5,lag_3,0.00079
MED00132,5,lag_3,-0.00423
MED00133,5,lag_3,-0.0032
MED00134,5,lag_3,-0.00062
MED00135,5,lag_3,0.00838
MED00136,5,lag_3,-0.00258
MED00137,5,lag_3,0.00182
MED00138,5,lag_3,0.00111
MED00139,5,lag_3,-0.00061
MED00140,5,lag_3,0.00063
MED00141,5,lag_3,0.00075
MED00142,5,lag_3,0.00016
MED00143,5,lag_3,0.00058
MED00144,5,lag_3,0.00096
MED00145,5,lag_3,0.00077
MED00146,5,lag_3,0.00049
MED00148,5,lag_3,0.00108
MED00149,5,lag_3,0.0004
MED00150,5,lag_3,-0.00112
MED00151,5,lag_3,0.00076
MED00152,5,lag_3,0.00057
MED00153,5,lag_3,0.00068
MED00154,5,lag_3,0.00011
MED00155,5,lag_3,0.00057
MED00156,5,lag_3,0.00092
MED00157,5,lag_3,0.00051
MED00158,5,lag_3,0.00102
MED00159,5,lag_3,0.00262
MED00160,5,lag_3,0.00076
MED00161,5,lag_3,0.00074
MED00162,5,lag_3,-0.00101
MED00163,5,lag_3,-0.00053
MED00164,5,lag_3,0.0007
MED00165,5,lag_3,-0.00325
MED00166,5,lag_3,-0.00102
MED00167,5,lag_3,0.0005
MED00168,5,lag_3,-0.0005
MED00169,5,lag_3,0.00066
MED00170,5,lag_3,0.00039
MED00171,5,lag_3,0.0006
MED00172,5,lag_3,0.00035
MED00173,5,lag_3,-0.00099
MED00174,5,lag_3,0.00061
MED00175,5,lag_3,-0.00047
MED00176,5,lag_3,0.00364
MED00177,5,lag_3,0.00188
MED00178,5,lag_3,-0.00349
MED00179,5,lag_3,0.00026
MED00180,5,lag_3,-0.00103
MED00181,5,lag_3,-0.00104
MED00182,5,lag_3,0.00102
MED00183,5,lag_3,0.00047
MED00184,5,lag_3,-0.00453
MED00185,5,lag_3,-0.00319
MED00186,5,lag_3,0.00059
MED00187,5,lag_3,-0.00335
MED00188,5,lag_3,0.00053
MED00189,5,lag_3,-1e-04
MED00190,5,lag_3,0.00054
MED00191,5,lag_3,-0.00199
MED00192,5,lag_3,-0.00125
MED00193,5,lag_3,-0.00015
MED00194,5,lag_3,-0.0024
MED00195,5,lag_3,0.00323
MED00196,5,lag_3,-0.00251
MED00197,5,lag_3,-0.00342
MED00198,5,lag_3,0.00062
MED00199,5,lag_3,-0.0034
MED00200,5,lag_3,-0.00032
MED00201,5,lag_3,0.00114
MED00202,5,lag_3,-0.0011
MED00203,5,lag_3,0.00056
MED00204,5,lag_3,-0.00037
MED00205,5,lag_3,0.0018
MED00206,5,lag_3,0.00031
MED00207,5,lag_3,0.00058
MED00208,5,lag_3,0.00103
MED00209,5,lag_3,-0.00335
MED00210,5,lag_3,0.00048
MED00211,5,lag_3,-0.00094
MED00212,5,lag_3,-0.00457
MED00213,5,lag_3,-0.00155
MED00214,5,lag_3,0.00198
MED00215,5,lag_3,0.00054
MED00216,5,lag_3,-0.00075
MED00217,5,lag_3,0.00078
MED00218,5,lag_3,0.00073
MED00219,5,lag_3,0.00193
MED00220,5,lag_3,-0.00101
MED00221,5,lag_3,-0.00089
MED00222,5,lag_3,0.00012
MED00223,5,lag_3,-0.00452
MED00224,5,lag_3,-0.00023
MED00225,5,lag_3,0.00083
MED00226,5,lag_3,-0.00095
MED00227,5,lag_3,0.00075
MED00228,5,lag_3,-0.00312
MED00229,5,lag_3,-0.00074
MED00230,5,lag_3,0.00164
MED00231,5,lag_3,0.0006
MED00232,5,lag_3,-0.00063
MED00233,5,lag_3,-0.00336
MED00234,5,lag_3,0.00058
MED00235,5,lag_3,-0.00074
MED00236,5,lag_3,-0.0033
MED00237,5,lag_3,-0.00337
MED00238,5,lag_3,0.00045
MED00239,5,lag_3,0.0008
MED00240,5,lag_3,0.00074
MED00241,5,lag_3,0.00067
MED00242,5,lag_3,-0.00266
MED00243,5,lag_3,0.00051
MED00245,5,lag_3,-0.00013
MED00246,5,lag_3,0.00089
MED00247,5,lag_3,0.00057
MED00248,5,lag_3,-0.00273
MED00249,5,lag_3,0.00187
MED00250,5,lag_3,0.00071
MED00251,5,lag_3,0.00057
MED00252,5,lag_3,0.00096
MED00253,5,lag_3,0.00079
MED00254,5,lag_3,0.00084
MED00255,5,lag_3,-0.00331
MED00256,5,lag_3,0.00156
MED00257,5,lag_3,0.00073
MED00258,5,lag_3,0.00062
MED00259,5,lag_3,0.00058
MED00260,5,lag_3,-0.00333
MED00261,5,lag_3,-0.00372
MED00262,5,lag_3,0.00061
MED00263,5,lag_3,0.00056
MED00264,5,lag_3,-0.00139
MED00265,5,lag_3,0.00072
MED00266,5,lag_3,0.00103
MED00267,5,lag_3,0.00135
MED00268,5,lag_3,0.00057
MED00269,5,lag_3,0.00072
MED00270,5,lag_3,0.00059
MED00271,5,lag_3,0.00028
MED00272,5,lag_3,-0.00275
MED00273,5,lag_3,-0.00301
MED00274,5,lag_3,-0.00423
MED00275,5,lag_3,-0.00276
MED00276,5,lag_3,0.00055
MED00277,5,lag_3,-1e-04
MED00278,5,lag_3,0.00132
MED00279,5,lag_3,-0.00342
MED00280,5,lag_3,0.00077
MED00281,5,lag_3,-0.00302
MED00282,5,lag_3,-0.00284
MED00284,5,lag_3,0.00076
MED00285,5,lag_3,0.00076
MED00286,5,lag_3,0.00088
MED00287,5,lag_3,0.00071
MED00288,5,lag_3,0.00166
MED00289,5,lag_3,0.0008
MED00290,5,lag_3,0.00057
MED00291,5,lag_3,-0.0012
MED00292,5,lag_3,-0.00044
MED00293,5,lag_3,0.00024
MED00294,5,lag_3,-0.00017
MED00295,5,lag_3,0.00101
MED00296,5,lag_3,0.00083
MED00297,5,lag_3,0.00062
MED00298,5,lag_3,0.00072
MED00299,5,lag_3,-0.00019
MED00300,5,lag_3,-0.0011
MED00301,5,lag_3,0.00055
MED00302,5,lag_3,0.00032
MED00303,5,lag_3,-0.00459
MED00304,5,lag_3,0.00069
MED00305,5,lag_3,-0.00108
MED00306,5,lag_3,-0.00052
MED00307,5,lag_3,0.00308
MED00308,5,lag_3,-0.00321
MED00309,5,lag_3,-0.00088
MED00310,5,lag_3,0.00077
MED00311,5,lag_3,-0.00338
MED00312,5,lag_3,-0.00411
MED00314,5,lag_3,-0.0004
MED00315,5,lag_3,0.00074
MED00316,5,lag_3,0.00056
MED00317,5,lag_3,-0.00105
MED00318,5,lag_3,0.00073
MED00319,5,lag_3,0.00122
MED00320,5,lag_3,-0.00118
MED00322,5,lag_3,-1e-04
MED00323,5,lag_3,-0.00418
MED00324,5,lag_3,-0.00332
MED00325,5,lag_3,0.00069
MED00326,5,lag_3,0.00061
MED00327,5,lag_3,0.001
MED00328,5,lag_3,0.00066
MED00329,5,lag_3,0.00141
MED00330,5,lag_3,0.00054
MED00331,5,lag_3,0.0005
MED00332,5,lag_3,0.00069
MED00333,5,lag_3,0.00038
MED00334,5,lag_3,0.0006
MED00335,5,lag_3,0.00189
MED00336,5,lag_3,0.00034
MED00338,5,lag_3,0.001
MED00340,5,lag_3,-0.00115
MED00341,5,lag_3,0.00114
MED00342,5,lag_3,0.00057
MED00343,5,lag_3,0.00126
MED00344,5,lag_3,0.00061
MED00346,5,lag_3,0.00054
MED00348,5,lag_3,0.00047
MED00349,5,lag_3,0.00076
MED00350,5,lag_3,-0.00017
MED00351,5,lag_3,-0.00074
MED00352,5,lag_3,-0.00057
MED00353,5,lag_3,-0.00053
MED00354,5,lag_3,-0.00062
MED00355,5,lag_3,0.00048
MED00356,5,lag_3,0.00043
MED00357,5,lag_3,0.00079
MED00358,5,lag_3,0.00148
MED00359,5,lag_3,-0.00112
MED00360,5,lag_3,0.00019
MED00361,5,lag_3,0.00071
MED00362,5,lag_3,0.00061
MED00363,5,lag_3,0.0007
MED00365,5,lag_3,0.0006
MED00366,5,lag_3,0.00146
MED00367,5,lag_3,-0.00023
MED00368,5,lag_3,0.00043
MED00369,5,lag_3,0.00059
MED00370,5,lag_3,-0.00422
MED00371,5,lag_3,0.00676
MED00373,5,lag_3,0.00096
MED00374,5,lag_3,0.00061
MED00375,5,lag_3,0.00126
MED00377,5,lag_3,-0.00027
MED00378,5,lag_3,0.0004
MED00380,5,lag_3,-0.00062
MED00381,5,lag_3,0.00025
MED00382,5,lag_3,-0.00035
MED00383,5,lag_3,0.00103
MED00384,5,lag_3,0.00059
MED00385,5,lag_3,0.00054
MED00386,5,lag_3,0.00115
MED00387,5,lag_3,-0.00259
MED00388,5,lag_3,-0.00119
MED00389,5,lag_3,0.00145
MED00391,5,lag_3,-0.00216
MED00392,5,lag_3,-0.00218
MED00393,5,lag_3,0.00245
MED00394,5,lag_3,-0.00287
MED00395,5,lag_3,-0.00201
MED00396,5,lag_3,-0.00226
MED00397,5,lag_3,-0.00066
MED00398,5,lag_3,0.00135
MED00399,5,lag_3,-0.00114
MED00400,5,lag_3,-0.00297
MED00401,5,lag_3,0.00139
MED00402,5,lag_3,0.00161
MED00403,5,lag_3,0.00177
MED00404,5,lag_3,-0.00248
MED00405,5,lag_3,-0.00234
MED00406,5,lag_3,-0.00199
MED00407,5,lag_3,0.00148
MED00408,5,lag_3,0.00094
MED00409,5,lag_3,-0.00301
MED00410,5,lag_3,-0.00309
MED00411,5,lag_3,0.00229
MED00412,5,lag_3,0.00096
MED00413,5,lag_3,0.00168
MED00414,5,lag_3,0.00148
MED00415,5,lag_3,0.00163
MED00416,5,lag_3,0.00153
MED00417,5,lag_3,0.00103
MED00418,5,lag_3,-0.0029
MED00419,5,lag_3,-0.00299
MED00420,5,lag_3,0.00317
MED00421,5,lag_3,-0.00245
MED00422,5,lag_3,0.00089
MED00423,5,lag_3,-0.00245
MED00424,5,lag_3,-0.0028
MED00001,6,lag_3,-0.00281
MED00004,6,lag_3,-0.00067
MED00005,6,lag_3,0.01195
MED00008,6,lag_3,0.00011
MED00009,6,lag_3,-0.0034
MED00010,6,lag_3,0.00056
MED00011,6,lag_3,0.00112
MED00012,6,lag_3,-0.00119
MED00014,6,lag_3,0.0011
MED00015,6,lag_3,-0.00025
MED00016,6,lag_3,-0.00019
MED00018,6,lag_3,0.00092
MED00019,6,lag_3,0.0002
MED00020,6,lag_3,-0.00365
MED00024,6,lag_3,0.00021
MED00025,6,lag_3,0.00046
MED00026,6,lag_3,0.00138
MED00027,6,lag_3,0.00111
MED00028,6,lag_3,-0.00014
MED00029,6,lag_3,-0.00293
MED00030,6,lag_3,-0.00341
MED00031,6,lag_3,-0.00344
MED00032,6,lag_3,-0.00021
MED00033,6,lag_3,-0.00113
MED00034,6,lag_3,0.00088
MED00035,6,lag_3,-0.00038
MED00036,6,lag_3,-0.00484
MED00038,6,lag_3,0.00071
MED00039,6,lag_3,0.00096
MED00040,6,lag_3,0.00011
MED00041,6,lag_3,-0.00394
MED00042,6,lag_3,0.00062
MED00045,6,lag_3,0.00018
MED00046,6,lag_3,-0.00101
MED00047,6,lag_3,0.00051
MED00048,6,lag_3,0.00017
MED00050,6,lag_3,-0.00044
MED00052,6,lag_3,0.00034
MED00053,6,lag_3,-0.00348
MED00054,6,lag_3,-0.00331
MED00055,6,lag_3,-0.00017
MED00056,6,lag_3,-0.00079
MED00057,6,lag_3,-0.00103
MED00058,6,lag_3,-0.00037
MED00059,6,lag_3,1e-04
MED00060,6,lag_3,0.00015
MED00061,6,lag_3,-0.00018
MED00062,6,lag_3,0.00132
MED00064,6,lag_3,0.0012
MED00065,6,lag_3,-0.00178
MED00066,6,lag_3,-0.00021
MED00067,6,lag_3,-0.00011
MED00068,6,lag_3,0.00019
MED00070,6,lag_3,0.0005
MED00072,6,lag_3,0.0002
MED00075,6,lag_3,-0.00015
MED00077,6,lag_3,-0.00334
MED00078,6,lag_3,-0.0046
MED00079,6,lag_3,0.00678
MED00080,6,lag_3,0.00022
MED00081,6,lag_3,-0.00072
MED00082,6,lag_3,0.00018
MED00084,6,lag_3,0.00088
MED00085,6,lag_3,-0.00017
MED00086,6,lag_3,0.00021
MED00087,6,lag_3,-0.00115
MED00088,6,lag_3,0.00083
MED00089,6,lag_3,0.0007
MED00090,6,lag_3,-0.00013
MED00091,6,lag_3,0.00021
MED00093,6,lag_3,0.00048
MED00094,6,lag_3,0.00135
MED00097,6,lag_3,0.00021
MED00099,6,lag_3,0.00111
MED00100,6,lag_3,0.00021
MED00103,6,lag_3,-0.0012
MED00104,6,lag_3,-0.00014
MED00105,6,lag_3,0.00052
MED00109,6,lag_3,-0.00052
MED00110,6,lag_3,-0.00053
MED00111,6,lag_3,-0.00013
MED00113,6,lag_3,-0.00015
MED00114,6,lag_3,-0.00361
MED00115,6,lag_3,-1e-04
MED00117,6,lag_3,-0.00453
MED00118,6,lag_3,-1e-04
MED00120,6,lag_3,0.00082
MED00121,6,lag_3,0.00034
MED00123,6,lag_3,-0.00431
MED00126,6,lag_3,-0.00065
MED00127,6,lag_3,-0.00448
MED00129,6,lag_3,0.00036
MED00130,6,lag_3,0.00021
MED00131,6,lag_3,0.00026
MED00132,6,lag_3,-0.00431
MED00133,6,lag_3,-0.00387
MED00134,6,lag_3,-0.00053
MED00135,6,lag_3,0.00811
MED00136,6,lag_3,-0.00341
MED00137,6,lag_3,0.00165
MED00138,6,lag_3,0.00044
MED00139,6,lag_3,-0.00076
MED00142,6,lag_3,0.00026
MED00144,6,lag_3,0.0003
MED00145,6,lag_3,0.00025
MED00146,6,lag_3,-0.00014
MED00147,6,lag_3,-0.00027
MED00148,6,lag_3,0.00015
MED00149,6,lag_3,-0.00027
MED00150,6,lag_3,-0.00109
MED00157,6,lag_3,-0.00015
MED00158,6,lag_3,0.00111
MED00159,6,lag_3,0.00169
MED00162,6,lag_3,-0.00117
MED00163,6,lag_3,-0.00044
MED00165,6,lag_3,-0.00369
MED00166,6,lag_3,-0.00118
MED00167,6,lag_3,-0.00017
MED00168,6,lag_3,-0.00065
MED00170,6,lag_3,-0.00028
MED00173,6,lag_3,-0.00107
MED00174,6,lag_3,0.00012
MED00175,6,lag_3,-0.00038
MED00176,6,lag_3,0.00268
MED00177,6,lag_3,0.00139
MED00178,6,lag_3,-0.00415
MED00179,6,lag_3,0.00015
MED00180,6,lag_3,-0.00118
MED00181,6,lag_3,-0.0012
MED00182,6,lag_3,0.00111
MED00183,6,lag_3,0.00038
MED00184,6,lag_3,-0.00458
MED00185,6,lag_3,-0.00336
MED00187,6,lag_3,-0.0034
MED00188,6,lag_3,-0.00014
MED00190,6,lag_3,-0.00012
MED00191,6,lag_3,-0.00296
MED00192,6,lag_3,-0.00116
MED00194,6,lag_3,-0.00287
MED00195,6,lag_3,0.00271
MED00196,6,lag_3,-0.00344
MED00197,6,lag_3,-0.00385
MED00199,6,lag_3,-0.00344
MED00200,6,lag_3,-0.0004
MED00201,6,lag_3,0.00032
MED00202,6,lag_3,-0.00118
MED00204,6,lag_3,-0.00052
MED00205,6,lag_3,0.0011
MED00208,6,lag_3,0.00036
MED00209,6,lag_3,-0.00401
MED00211,6,lag_3,-0.00109
MED00212,6,lag_3,-0.00448
MED00213,6,lag_3,-0.00145
MED00214,6,lag_3,0.00128
MED00215,6,lag_3,-0.00012
MED00216,6,lag_3,-0.00065
MED00217,6,lag_3,0.00025
MED00219,6,lag_3,0.00129
MED00220,6,lag_3,-0.00116
MED00221,6,lag_3,-0.00103
MED00222,6,lag_3,0.00021
MED00223,6,lag_3,-0.00457
MED00224,6,lag_3,-0.00038
MED00225,6,lag_3,0.00016
MED00226,6,lag_3,-0.00103
MED00227,6,lag_3,0.00061
MED00228,6,lag_3,-0.00364
MED00229,6,lag_3,-0.00065
MED00230,6,lag_3,0.00079
MED00232,6,lag_3,-0.00063
MED00233,6,lag_3,-0.00403
MED00235,6,lag_3,-0.00037
MED00236,6,lag_3,-0.00351
MED00237,6,lag_3,-0.00341
MED00238,6,lag_3,-0.00023
MED00239,6,lag_3,0.00026
MED00242,6,lag_3,-0.00359
MED00244,6,lag_3,-0.00015
MED00245,6,lag_3,0.00023
MED00246,6,lag_3,0.00022
MED00248,6,lag_3,-0.00325
MED00249,6,lag_3,0.00138
MED00251,6,lag_3,-1e-04
MED00252,6,lag_3,0.00044
MED00253,6,lag_3,0.00013
MED00254,6,lag_3,0.00032
MED00255,6,lag_3,-0.00335
MED00260,6,lag_3,-0.00363
MED00261,6,lag_3,-0.0039
MED00263,6,lag_3,-0.00011
MED00264,6,lag_3,-0.0013
MED00266,6,lag_3,0.00083
MED00267,6,lag_3,0.00069
MED00271,6,lag_3,-0.00025
MED00272,6,lag_3,-0.00324
MED00273,6,lag_3,-0.00351
MED00274,6,lag_3,-0.00431
MED00275,6,lag_3,-0.00328
MED00276,6,lag_3,-0.00012
MED00278,6,lag_3,0.00062
MED00279,6,lag_3,-0.00348
MED00280,6,lag_3,0.00024
MED00281,6,lag_3,-0.00354
MED00282,6,lag_3,-0.00332
MED00283,6,lag_3,-0.00101
MED00288,6,lag_3,0.00123
MED00289,6,lag_3,0.00013
MED00291,6,lag_3,-0.00116
MED00292,6,lag_3,-0.0006
MED00293,6,lag_3,-0.00029
MED00294,6,lag_3,-0.00025
MED00295,6,lag_3,0.00111
MED00296,6,lag_3,0.00016
MED00300,6,lag_3,-0.00118
MED00301,6,lag_3,-0.00011
MED00302,6,lag_3,0.00027
MED00303,6,lag_3,-0.00457
MED00305,6,lag_3,-0.00116
MED00306,6,lag_3,-0.00043
MED00307,6,lag_3,0.00255
MED00308,6,lag_3,-0.00351
MED00309,6,lag_3,-0.00102
MED00310,6,lag_3,-0.00016
MED00311,6,lag_3,-0.00354
MED00312,6,lag_3,-0.00419
MED00313,6,lag_3,-0.00053
MED00317,6,lag_3,-0.0012
MED00319,6,lag_3,0.00052
MED00320,6,lag_3,-0.00101
MED00321,6,lag_3,-0.00061
MED00323,6,lag_3,-0.00434
MED00324,6,lag_3,-0.00337
MED00327,6,lag_3,0.00034
MED00329,6,lag_3,0.00071
MED00330,6,lag_3,-0.00013
MED00331,6,lag_3,-0.00017
MED00333,6,lag_3,-0.0003
MED00334,6,lag_3,0.00011
MED00335,6,lag_3,0.00171
MED00336,6,lag_3,-0.00034
MED00337,6,lag_3,0.00206
MED00338,6,lag_3,0.00079
MED00340,6,lag_3,-0.00113
MED00341,6,lag_3,0.00047
MED00343,6,lag_3,0.00055
MED00346,6,lag_3,-0.00012
MED00348,6,lag_3,-0.00019
MED00350,6,lag_3,-0.0007
MED00351,6,lag_3,-0.00065
MED00352,6,lag_3,-0.00048
MED00353,6,lag_3,-0.00044
MED00354,6,lag_3,-0.00053
MED00355,6,lag_3,0.00011
MED00356,6,lag_3,-0.00024
MED00357,6,lag_3,0.00026
MED00358,6,lag_3,0.00054
MED00359,6,lag_3,-0.0012
MED00360,6,lag_3,-0.00033
MED00366,6,lag_3,0.00076
MED00367,6,lag_3,-0.00038
MED00368,6,lag_3,-0.00024
MED00370,6,lag_3,-0.0042
MED00371,6,lag_3,0.00666
MED00373,6,lag_3,0.00046
MED00374,6,lag_3,-0.0002
MED00375,6,lag_3,0.00083
MED00376,6,lag_3,-0.00016
MED00377,6,lag_3,-0.00018
MED00378,6,lag_3,-0.00029
MED00379,6,lag_3,-0.00061
MED00380,6,lag_3,-0.00053
MED00381,6,lag_3,-0.00028
MED00382,6,lag_3,-0.00044
MED00383,6,lag_3,0.00036
MED00386,6,lag_3,0.00066
MED00387,6,lag_3,-0.00353
MED00388,6,lag_3,-0.00061
MED00389,6,lag_3,0.00075
MED00391,6,lag_3,-0.0028
MED00392,6,lag_3,-0.00282
MED00393,6,lag_3,0.00248
MED00394,6,lag_3,-0.00339
MED00395,6,lag_3,-0.00285
MED00396,6,lag_3,-0.00276
MED00397,6,lag_3,0.00136
MED00398,6,lag_3,0.00117
MED00399,6,lag_3,0.00089
MED00400,6,lag_3,-0.00095
MED00401,6,lag_3,0.00042
MED00402,6,lag_3,0.00065
MED00403,6,lag_3,0.00156
MED00404,6,lag_3,-0.00342
MED00405,6,lag_3,-0.00328
MED00406,6,lag_3,-0.00298
MED00407,6,lag_3,0.00055
MED00409,6,lag_3,-0.00318
MED00410,6,lag_3,-0.00327
MED00411,6,lag_3,0.00129
MED00413,6,lag_3,0.0016
MED00414,6,lag_3,0.00054
MED00415,6,lag_3,0.00066
MED00416,6,lag_3,0.00059
MED00418,6,lag_3,-0.00342
MED00419,6,lag_3,-0.00351
MED00420,6,lag_3,0.00301
MED00421,6,lag_3,-0.00265
MED00423,6,lag_3,-0.00298
MED00424,6,lag_3,-0.00213
MED00001,7,lag_3,0.00066
MED00002,7,lag_3,-0.00013
MED00004,7,lag_3,-0.00067
MED00005,7,lag_3,0.01157
MED00007,7,lag_3,0.00036
MED00009,7,lag_3,0.00019
MED00011,7,lag_3,0.00041
MED00014,7,lag_3,0.00044
MED00017,7,lag_3,1e-04
MED00018,7,lag_3,0.00058
MED00019,7,lag_3,0.00055
MED00021,7,lag_3,0.0002
MED00022,7,lag_3,0.00024
MED00023,7,lag_3,0.00015
MED00024,7,lag_3,0.00026
MED00025,7,lag_3,-0.00046
MED00026,7,lag_3,0.0002
MED00027,7,lag_3,0.00019
MED00029,7,lag_3,0.00066
MED00030,7,lag_3,0.00021
MED00033,7,lag_3,-0.00054
MED00035,7,lag_3,-0.00048
MED00037,7,lag_3,-0.00012
MED00038,7,lag_3,0.00076
MED00039,7,lag_3,-0.00032
MED00041,7,lag_3,-0.00045
MED00042,7,lag_3,0.00014
MED00044,7,lag_3,0.00028
MED00045,7,lag_3,0.00017
MED00046,7,lag_3,0.00022
MED00047,7,lag_3,0.00056
MED00048,7,lag_3,0.00022
MED00050,7,lag_3,0.00014
MED00054,7,lag_3,0.00029
MED00055,7,lag_3,-0.00039
MED00056,7,lag_3,-0.00035
MED00057,7,lag_3,-0.00038
MED00059,7,lag_3,0.00016
MED00060,7,lag_3,0.00026
MED00062,7,lag_3,0.00068
MED00064,7,lag_3,0.00055
MED00065,7,lag_3,0.0007
MED00067,7,lag_3,0.00012
MED00068,7,lag_3,0.00024
MED00069,7,lag_3,0.0002
MED00070,7,lag_3,0.00055
MED00071,7,lag_3,0.00025
MED00072,7,lag_3,0.00026
MED00073,7,lag_3,0.00028
MED00074,7,lag_3,0.00027
MED00076,7,lag_3,-0.00011
MED00077,7,lag_3,0.00016
MED00079,7,lag_3,0.00063
MED00080,7,lag_3,0.00027
MED00081,7,lag_3,-0.00072
MED00082,7,lag_3,0.00024
MED00083,7,lag_3,0.00023
MED00084,7,lag_3,0.00077
MED00086,7,lag_3,0.00024
MED00088,7,lag_3,0.00062
MED00089,7,lag_3,0.00023
MED00090,7,lag_3,0.00018
MED00091,7,lag_3,0.00027
MED00092,7,lag_3,0.00015
MED00095,7,lag_3,0.00012
MED00096,7,lag_3,0.00026
MED00097,7,lag_3,0.00024
MED00098,7,lag_3,0.00014
MED00099,7,lag_3,0.00019
MED00101,7,lag_3,0.00022
MED00102,7,lag_3,-0.00014
MED00105,7,lag_3,0.00014
MED00107,7,lag_3,0.00014
MED00109,7,lag_3,-0.00052
MED00110,7,lag_3,-0.00054
MED00114,7,lag_3,0.00018
MED00116,7,lag_3,0.00032
MED00117,7,lag_3,0.00011
MED00118,7,lag_3,0.00012
MED00119,7,lag_3,0.00011
MED00120,7,lag_3,0.00035
MED00122,7,lag_3,0.00012
MED00123,7,lag_3,-0.00057
MED00126,7,lag_3,-0.00065
MED00127,7,lag_3,0.00016
MED00128,7,lag_3,0.00013
MED00129,7,lag_3,0.00017
MED00131,7,lag_3,0.00031
MED00132,7,lag_3,-0.00057
MED00133,7,lag_3,-0.00038
MED00134,7,lag_3,-0.00054
MED00135,7,lag_3,0.00078
MED00137,7,lag_3,0.00014
MED00138,7,lag_3,0.0002
MED00140,7,lag_3,0.00014
MED00141,7,lag_3,0.00013
MED00142,7,lag_3,0.00029
MED00146,7,lag_3,0.00037
MED00148,7,lag_3,0.00026
MED00149,7,lag_3,0.00011
MED00150,7,lag_3,0.00013
MED00151,7,lag_3,0.00015
MED00154,7,lag_3,0.00019
MED00156,7,lag_3,0.00015
MED00158,7,lag_3,0.00019
MED00159,7,lag_3,0.00014
MED00160,7,lag_3,0.00014
MED00161,7,lag_3,0.00013
MED00164,7,lag_3,0.00022
MED00165,7,lag_3,0.00022
MED00168,7,lag_3,0.00015
MED00169,7,lag_3,0.00023
MED00171,7,lag_3,0.00011
MED00172,7,lag_3,0.00013
MED00173,7,lag_3,0.00016
MED00174,7,lag_3,0.0003
MED00175,7,lag_3,-0.00034
MED00176,7,lag_3,0.00049
MED00177,7,lag_3,0.00021
MED00178,7,lag_3,-0.00055
MED00179,7,lag_3,0.00017
MED00182,7,lag_3,0.00019
MED00183,7,lag_3,0.00076
MED00185,7,lag_3,0.00014
MED00186,7,lag_3,0.00011
MED00187,7,lag_3,0.0002
MED00191,7,lag_3,0.00053
MED00192,7,lag_3,-0.00073
MED00194,7,lag_3,0.00079
MED00195,7,lag_3,0.00093
MED00196,7,lag_3,0.00016
MED00198,7,lag_3,0.00012
MED00200,7,lag_3,0.00019
MED00201,7,lag_3,0.0005
MED00203,7,lag_3,0.00025
MED00205,7,lag_3,0.00073
MED00207,7,lag_3,0.00012
MED00209,7,lag_3,-0.00041
MED00210,7,lag_3,-0.00023
MED00211,7,lag_3,0.00014
MED00212,7,lag_3,0.00016
MED00213,7,lag_3,-0.00066
MED00214,7,lag_3,0.00059
MED00215,7,lag_3,0.00019
MED00216,7,lag_3,-0.00066
MED00218,7,lag_3,0.00013
MED00219,7,lag_3,0.00094
MED00221,7,lag_3,0.00019
MED00222,7,lag_3,0.00024
MED00225,7,lag_3,0.00022
MED00226,7,lag_3,0.0002
MED00227,7,lag_3,0.00073
MED00228,7,lag_3,0.00012
MED00229,7,lag_3,-0.00065
MED00230,7,lag_3,0.00085
MED00231,7,lag_3,0.00012
MED00232,7,lag_3,0.00017
MED00233,7,lag_3,-0.00054
MED00235,7,lag_3,0.00059
MED00238,7,lag_3,0.00023
MED00239,7,lag_3,0.00031
MED00240,7,lag_3,0.00026
MED00243,7,lag_3,-0.00015
MED00245,7,lag_3,0.00056
MED00246,7,lag_3,0.00027
MED00248,7,lag_3,0.00022
MED00249,7,lag_3,0.00052
MED00252,7,lag_3,0.00028
MED00253,7,lag_3,0.00019
MED00254,7,lag_3,0.00022
MED00255,7,lag_3,0.00015
MED00256,7,lag_3,0.00021
MED00257,7,lag_3,0.00025
MED00258,7,lag_3,0.00026
MED00261,7,lag_3,0.00013
MED00262,7,lag_3,0.00013
MED00264,7,lag_3,-0.0013
MED00265,7,lag_3,0.00015
MED00266,7,lag_3,0.00035
MED00267,7,lag_3,0.00031
MED00269,7,lag_3,0.00012
MED00271,7,lag_3,0.00011
MED00272,7,lag_3,0.00023
MED00274,7,lag_3,-0.00057
MED00275,7,lag_3,0.00019
MED00278,7,lag_3,0.00067
MED00279,7,lag_3,0.00018
MED00282,7,lag_3,0.00014
MED00283,7,lag_3,0.00022
MED00284,7,lag_3,0.00027
MED00285,7,lag_3,0.00015
MED00286,7,lag_3,0.00013
MED00288,7,lag_3,0.00058
MED00289,7,lag_3,0.00023
MED00291,7,lag_3,0.00027
MED00293,7,lag_3,0.00012
MED00294,7,lag_3,0.00018
MED00295,7,lag_3,0.00019
MED00296,7,lag_3,0.00022
MED00297,7,lag_3,0.00013
MED00298,7,lag_3,0.00016
MED00301,7,lag_3,0.00014
MED00302,7,lag_3,0.0002
MED00303,7,lag_3,0.00019
MED00304,7,lag_3,0.00021
MED00306,7,lag_3,-0.00039
MED00307,7,lag_3,0.00055
MED00308,7,lag_3,0.00027
MED00309,7,lag_3,0.0002
MED00311,7,lag_3,0.00018
MED00312,7,lag_3,-0.00045
MED00313,7,lag_3,-0.00066
MED00314,7,lag_3,0.0003
MED00315,7,lag_3,0.00012
MED00318,7,lag_3,0.00025
MED00319,7,lag_3,0.00057
MED00320,7,lag_3,0.00022
MED00321,7,lag_3,-0.00074
MED00323,7,lag_3,-0.00059
MED00324,7,lag_3,0.00012
MED00326,7,lag_3,0.00013
MED00328,7,lag_3,0.00018
MED00329,7,lag_3,0.00076
MED00334,7,lag_3,0.0003
MED00335,7,lag_3,0.00019
MED00337,7,lag_3,0.00257
MED00338,7,lag_3,0.00019
MED00339,7,lag_3,0.00022
MED00340,7,lag_3,-0.00029
MED00341,7,lag_3,0.00022
MED00343,7,lag_3,0.00061
MED00344,7,lag_3,-0.00012
MED00348,7,lag_3,0.00011
MED00349,7,lag_3,0.00015
MED00350,7,lag_3,-0.00082
MED00351,7,lag_3,-0.00065
MED00352,7,lag_3,-0.00049
MED00353,7,lag_3,-0.00065
MED00354,7,lag_3,-0.00053
MED00355,7,lag_3,0.00017
MED00358,7,lag_3,0.00071
MED00360,7,lag_3,0.00012
MED00361,7,lag_3,0.00014
MED00362,7,lag_3,0.00015
MED00365,7,lag_3,0.00011
MED00366,7,lag_3,0.00082
MED00367,7,lag_3,0.0002
MED00369,7,lag_3,1e-04
MED00370,7,lag_3,-0.00043
MED00371,7,lag_3,0.00019
MED00379,7,lag_3,-0.00084
MED00380,7,lag_3,-0.00053
MED00381,7,lag_3,-0.00052
MED00383,7,lag_3,0.00012
MED00384,7,lag_3,1e-04
MED00386,7,lag_3,0.00028
MED00388,7,lag_3,0.00089
MED00389,7,lag_3,0.0008
MED00391,7,lag_3,0.00067
MED00392,7,lag_3,0.00065
MED00393,7,lag_3,0.00025
MED00395,7,lag_3,0.00062
MED00396,7,lag_3,0.0009
MED00397,7,lag_3,0.00049
MED00398,7,lag_3,0.00058
MED00399,7,lag_3,0.00139
MED00400,7,lag_3,0.00054
MED00401,7,lag_3,0.00081
MED00402,7,lag_3,0.00076
MED00403,7,lag_3,0.00032
MED00404,7,lag_3,0.00018
MED00405,7,lag_3,0.00019
MED00406,7,lag_3,0.00048
MED00407,7,lag_3,0.00066
MED00408,7,lag_3,0.00011
MED00409,7,lag_3,0.00019
MED00410,7,lag_3,1e-04
MED00411,7,lag_3,0.00066
MED00412,7,lag_3,0.00013
MED00413,7,lag_3,0.0003
MED00414,7,lag_3,0.00065
MED00415,7,lag_3,0.00077
MED00416,7,lag_3,0.0007
MED00417,7,lag_3,0.00015
MED00418,7,lag_3,0.00018
MED00420,7,lag_3,0.00107
MED00421,7,lag_3,0.00072
MED00423,7,lag_3,0.00062
MED00424,7,lag_3,0.00052
MED00001,8,lag_3,0.00058
MED00002,8,lag_3,-0.00013
MED00007,8,lag_3,0.00028
MED00009,8,lag_3,0.00019
MED00011,8,lag_3,0.00033
MED00013,8,lag_3,0.00013
MED00014,8,lag_3,0.00036
MED00017,8,lag_3,1e-04
MED00018,8,lag_3,0.0005
MED00019,8,lag_3,0.00047
MED00020,8,lag_3,-0.00014
MED00021,8,lag_3,0.00019
MED00022,8,lag_3,0.00024
MED00023,8,lag_3,0.00015
MED00024,8,lag_3,0.00026
MED00025,8,lag_3,-0.00059
MED00026,8,lag_3,0.0002
MED00029,8,lag_3,0.00058
MED00030,8,lag_3,0.00021
MED00037,8,lag_3,-0.00012
MED00038,8,lag_3,0.00068
MED00039,8,lag_3,0.00026
MED00041,8,lag_3,0.00012
MED00042,8,lag_3,0.00014
MED00044,8,lag_3,0.00028
MED00045,8,lag_3,0.00017
MED00046,8,lag_3,0.00022
MED00047,8,lag_3,0.00048
MED00048,8,lag_3,0.00022
MED00050,8,lag_3,0.00014
MED00054,8,lag_3,0.00021
MED00055,8,lag_3,0.00018
MED00056,8,lag_3,0.00022
MED00057,8,lag_3,0.00019
MED00059,8,lag_3,0.00016
MED00060,8,lag_3,0.00026
MED00062,8,lag_3,0.0006
MED00064,8,lag_3,0.00047
MED00065,8,lag_3,0.00062
MED00067,8,lag_3,0.00012
MED00068,8,lag_3,0.00024
MED00069,8,lag_3,0.0002
MED00070,8,lag_3,0.00046
MED00071,8,lag_3,0.00025
MED00072,8,lag_3,0.00026
MED00073,8,lag_3,0.00028
MED00074,8,lag_3,0.00027
MED00076,8,lag_3,-0.00011
MED00077,8,lag_3,0.00016
MED00079,8,lag_3,0.00054
MED00080,8,lag_3,0.00027
MED00081,8,lag_3,-0.00072
MED00082,8,lag_3,0.00024
MED00083,8,lag_3,0.00023
MED00084,8,lag_3,0.00069
MED00086,8,lag_3,0.00024
MED00088,8,lag_3,0.00062
MED00089,8,lag_3,0.00023
MED00090,8,lag_3,0.00018
MED00091,8,lag_3,0.00027
MED00092,8,lag_3,0.00015
MED00095,8,lag_3,0.00012
MED00096,8,lag_3,0.00026
MED00097,8,lag_3,0.00024
MED00101,8,lag_3,0.00014
MED00102,8,lag_3,-0.00014
MED00107,8,lag_3,0.00014
MED00114,8,lag_3,0.00018
MED00116,8,lag_3,0.00032
MED00117,8,lag_3,0.00011
MED00118,8,lag_3,0.00012
MED00119,8,lag_3,0.00011
MED00120,8,lag_3,0.00035
MED00122,8,lag_3,0.00012
MED00127,8,lag_3,0.00016
MED00128,8,lag_3,0.00013
MED00129,8,lag_3,0.00021
MED00131,8,lag_3,0.00031
MED00133,8,lag_3,0.00019
MED00135,8,lag_3,0.00069
MED00137,8,lag_3,0.00014
MED00138,8,lag_3,0.0002
MED00140,8,lag_3,0.00013
MED00141,8,lag_3,0.00013
MED00142,8,lag_3,0.00029
MED00146,8,lag_3,0.00029
MED00148,8,lag_3,0.00026
MED00149,8,lag_3,0.00011
MED00150,8,lag_3,0.00013
MED00151,8,lag_3,0.00015
MED00154,8,lag_3,0.00019
MED00155,8,lag_3,-0.00013
MED00159,8,lag_3,0.00014
MED00160,8,lag_3,0.00015
MED00161,8,lag_3,0.00013
MED00164,8,lag_3,0.00022
MED00165,8,lag_3,0.00022
MED00168,8,lag_3,0.00015
MED00169,8,lag_3,0.00023
MED00171,8,lag_3,0.00011
MED00172,8,lag_3,0.00013
MED00173,8,lag_3,0.00016
MED00174,8,lag_3,0.0003
MED00175,8,lag_3,0.00023
MED00176,8,lag_3,0.0004
MED00179,8,lag_3,0.00017
MED00183,8,lag_3,0.00076
MED00185,8,lag_3,0.00014
MED00186,8,lag_3,0.00011
MED00187,8,lag_3,0.0002
MED00191,8,lag_3,0.00045
MED00192,8,lag_3,-0.00073
MED00194,8,lag_3,0.00071
MED00195,8,lag_3,0.00085
MED00196,8,lag_3,0.00016
MED00198,8,lag_3,0.00012
MED00200,8,lag_3,0.00019
MED00201,8,lag_3,0.0005
MED00203,8,lag_3,0.00025
MED00205,8,lag_3,0.00064
MED00207,8,lag_3,0.00012
MED00209,8,lag_3,0.00016
MED00210,8,lag_3,0.00034
MED00211,8,lag_3,0.00014
MED00212,8,lag_3,0.00016
MED00214,8,lag_3,0.00051
MED00215,8,lag_3,0.00019
MED00216,8,lag_3,-0.00066
MED00218,8,lag_3,0.00013
MED00219,8,lag_3,0.00085
MED00221,8,lag_3,0.00019
MED00222,8,lag_3,0.00024
MED00225,8,lag_3,0.00022
MED00226,8,lag_3,0.0002
MED00227,8,lag_3,0.00065
MED00228,8,lag_3,0.00012
MED00230,8,lag_3,0.00077
MED00231,8,lag_3,0.00012
MED00232,8,lag_3,0.00017
MED00235,8,lag_3,0.0005
MED00238,8,lag_3,0.00015
MED00239,8,lag_3,0.00031
MED00240,8,lag_3,0.00026
MED00242,8,lag_3,0.00013
MED00243,8,lag_3,-0.00015
MED00245,8,lag_3,0.00047
MED00246,8,lag_3,0.00027
MED00247,8,lag_3,-0.00013
MED00248,8,lag_3,0.00022
MED00249,8,lag_3,0.00043
MED00252,8,lag_3,0.00028
MED00253,8,lag_3,0.00019
MED00254,8,lag_3,0.00022
MED00255,8,lag_3,0.00015
MED00256,8,lag_3,0.00021
MED00257,8,lag_3,0.00025
MED00258,8,lag_3,0.00026
MED00259,8,lag_3,-0.00011
MED00261,8,lag_3,0.00013
MED00262,8,lag_3,0.00013
MED00264,8,lag_3,-0.00073
MED00265,8,lag_3,0.00015
MED00266,8,lag_3,0.00035
MED00267,8,lag_3,0.00031
MED00269,8,lag_3,0.00012
MED00270,8,lag_3,0.00011
MED00271,8,lag_3,0.00011
MED00272,8,lag_3,0.00023
MED00275,8,lag_3,0.00019
MED00278,8,lag_3,0.00059
MED00279,8,lag_3,0.00018
MED00281,8,lag_3,-0.00016
MED00282,8,lag_3,0.00014
MED00283,8,lag_3,0.00021
MED00284,8,lag_3,0.00027
MED00285,8,lag_3,0.00015
MED00286,8,lag_3,0.00013
MED00288,8,lag_3,0.00037
MED00289,8,lag_3,0.00023
MED00291,8,lag_3,0.00014
MED00293,8,lag_3,0.00012
MED00294,8,lag_3,0.00018
MED00295,8,lag_3,0.00019
MED00296,8,lag_3,0.00022
MED00297,8,lag_3,0.00013
MED00298,8,lag_3,0.00016
MED00301,8,lag_3,0.00014
MED00302,8,lag_3,0.0002
MED00303,8,lag_3,0.00019
MED00304,8,lag_3,0.00021
MED00306,8,lag_3,0.00018
MED00307,8,lag_3,0.00047
MED00308,8,lag_3,0.00027
MED00309,8,lag_3,0.0002
MED00311,8,lag_3,0.00018
MED00312,8,lag_3,0.00012
MED00314,8,lag_3,0.0003
MED00315,8,lag_3,0.00012
MED00318,8,lag_3,0.00025
MED00319,8,lag_3,0.00049
MED00320,8,lag_3,0.00022
MED00321,8,lag_3,-0.00017
MED00324,8,lag_3,0.00012
MED00326,8,lag_3,0.00013
MED00328,8,lag_3,0.00018
MED00329,8,lag_3,0.00068
MED00330,8,lag_3,0.00018
MED00334,8,lag_3,0.00017
MED00335,8,lag_3,0.00019
MED00337,8,lag_3,0.0025
MED00338,8,lag_3,0.00019
MED00339,8,lag_3,0.00022
MED00340,8,lag_3,0.00028
MED00341,8,lag_3,0.00022
MED00343,8,lag_3,0.00053
MED00344,8,lag_3,-0.00012
MED00348,8,lag_3,0.00011
MED00349,8,lag_3,0.00015
MED00350,8,lag_3,-0.00025
MED00355,8,lag_3,0.00017
MED00358,8,lag_3,0.00071
MED00360,8,lag_3,0.00012
MED00361,8,lag_3,0.00014
MED00362,8,lag_3,0.00015
MED00365,8,lag_3,0.00011
MED00366,8,lag_3,0.00074
MED00367,8,lag_3,0.0002
MED00369,8,lag_3,0.00023
MED00370,8,lag_3,0.00014
MED00371,8,lag_3,1e-04
MED00379,8,lag_3,-0.00017
MED00383,8,lag_3,0.00012
MED00384,8,lag_3,1e-04
MED00385,8,lag_3,-0.00011
MED00386,8,lag_3,0.00028
MED00387,8,lag_3,-0.00014
MED00388,8,lag_3,0.00072
MED00389,8,lag_3,0.00072
MED00391,8,lag_3,0.00058
MED00392,8,lag_3,0.00056
MED00393,8,lag_3,0.00025
MED00395,8,lag_3,0.00054
MED00396,8,lag_3,0.00081
MED00397,8,lag_3,0.00041
MED00398,8,lag_3,0.00049
MED00399,8,lag_3,0.00133
MED00400,8,lag_3,0.00046
MED00401,8,lag_3,0.00064
MED00402,8,lag_3,0.00067
MED00403,8,lag_3,0.00032
MED00404,8,lag_3,0.00018
MED00405,8,lag_3,0.00019
MED00406,8,lag_3,0.0004
MED00407,8,lag_3,0.00057
MED00408,8,lag_3,0.00011
MED00409,8,lag_3,0.00019
MED00411,8,lag_3,0.00057
MED00413,8,lag_3,0.0003
MED00414,8,lag_3,0.00056
MED00415,8,lag_3,0.00069
MED00416,8,lag_3,0.00062
MED00417,8,lag_3,0.00028
MED00418,8,lag_3,0.00018
MED00419,8,lag_3,0.00021
MED00420,8,lag_3,0.00099
MED00421,8,lag_3,0.00063
MED00423,8,lag_3,0.00053
MED00424,8,lag_3,0.00043
MED00001,9,lag_3,0.00058
MED00002,9,lag_3,-0.00013
MED00004,9,lag_3,-0.00042
MED00007,9,lag_3,0.00027
MED00009,9,lag_3,0.00019
MED00010,9,lag_3,-0.00024
MED00011,9,lag_3,0.0003
MED00013,9,lag_3,0.00013
MED00014,9,lag_3,0.00036
MED00018,9,lag_3,0.0005
MED00019,9,lag_3,0.00051
MED00020,9,lag_3,-0.00013
MED00021,9,lag_3,0.00017
MED00022,9,lag_3,0.00023
MED00023,9,lag_3,0.00012
MED00024,9,lag_3,0.00026
MED00025,9,lag_3,-0.00061
MED00029,9,lag_3,0.00059
MED00030,9,lag_3,0.00021
MED00033,9,lag_3,-0.00029
MED00037,9,lag_3,-0.00013
MED00038,9,lag_3,0.00068
MED00039,9,lag_3,0.00023
MED00042,9,lag_3,0.00012
MED00044,9,lag_3,0.00027
MED00045,9,lag_3,0.00015
MED00046,9,lag_3,0.0002
MED00047,9,lag_3,0.00048
MED00048,9,lag_3,0.00022
MED00050,9,lag_3,0.00012
MED00051,9,lag_3,-0.00011
MED00054,9,lag_3,0.00021
MED00055,9,lag_3,0.00018
MED00056,9,lag_3,0.00022
MED00057,9,lag_3,0.00017
MED00059,9,lag_3,0.00013
MED00060,9,lag_3,0.00025
MED00062,9,lag_3,0.0006
MED00064,9,lag_3,0.00094
MED00065,9,lag_3,0.00063
MED00067,9,lag_3,0.00011
MED00068,9,lag_3,0.00024
MED00069,9,lag_3,0.00018
MED00070,9,lag_3,0.00047
MED00071,9,lag_3,0.00025
MED00072,9,lag_3,0.00025
MED00073,9,lag_3,0.00027
MED00074,9,lag_3,0.00026
MED00076,9,lag_3,-0.00011
MED00077,9,lag_3,0.00013
MED00078,9,lag_3,0.00014
MED00079,9,lag_3,0.00057
MED00080,9,lag_3,0.00027
MED00081,9,lag_3,-0.00074
MED00082,9,lag_3,0.00022
MED00083,9,lag_3,0.00022
MED00084,9,lag_3,0.00107
MED00086,9,lag_3,0.00022
MED00088,9,lag_3,0.00029
MED00089,9,lag_3,0.00021
MED00090,9,lag_3,0.00018
MED00091,9,lag_3,0.00026
MED00092,9,lag_3,0.00014
MED00095,9,lag_3,0.00012
MED00096,9,lag_3,0.00026
MED00097,9,lag_3,0.00022
MED00101,9,lag_3,0.00024
MED00102,9,lag_3,-0.00014
MED00107,9,lag_3,0.00015
MED00109,9,lag_3,-0.00027
MED00110,9,lag_3,-0.00029
MED00114,9,lag_3,-0.00014
MED00116,9,lag_3,-0.00014
MED00118,9,lag_3,0.00012
MED00119,9,lag_3,1e-04
MED00120,9,lag_3,0.00032
MED00122,9,lag_3,0.00012
MED00126,9,lag_3,-0.00041
MED00127,9,lag_3,0.00014
MED00128,9,lag_3,0.00013
MED00129,9,lag_3,0.00019
MED00131,9,lag_3,0.00031
MED00133,9,lag_3,0.00019
MED00134,9,lag_3,-0.00029
MED00135,9,lag_3,0.00072
MED00137,9,lag_3,0.00011
MED00138,9,lag_3,0.00019
MED00140,9,lag_3,0.00013
MED00141,9,lag_3,0.00011
MED00142,9,lag_3,0.00027
MED00143,9,lag_3,0.00021
MED00146,9,lag_3,0.00028
MED00148,9,lag_3,0.00025
MED00149,9,lag_3,0.00011
MED00150,9,lag_3,0.00011
MED00151,9,lag_3,0.00015
MED00155,9,lag_3,-0.00012
MED00159,9,lag_3,0.00014
MED00160,9,lag_3,0.00014
MED00161,9,lag_3,0.00011
MED00164,9,lag_3,0.0002
MED00165,9,lag_3,0.00022
MED00168,9,lag_3,0.00013
MED00169,9,lag_3,0.00023
MED00171,9,lag_3,0.00011
MED00172,9,lag_3,0.00013
MED00173,9,lag_3,0.00013
MED00174,9,lag_3,0.00015
MED00175,9,lag_3,0.00021
MED00176,9,lag_3,0.00041
MED00179,9,lag_3,0.00015
MED00183,9,lag_3,0.00074
MED00184,9,lag_3,-0.00026
MED00185,9,lag_3,0.00011
MED00187,9,lag_3,0.00018
MED00191,9,lag_3,0.00046
MED00192,9,lag_3,-0.00075
MED00194,9,lag_3,0.00084
MED00195,9,lag_3,0.00085
MED00196,9,lag_3,0.00015
MED00198,9,lag_3,0.00012
MED00200,9,lag_3,0.00017
MED00201,9,lag_3,0.00049
MED00203,9,lag_3,0.00025
MED00205,9,lag_3,0.00065
MED00207,9,lag_3,0.00011
MED00209,9,lag_3,0.00015
MED00210,9,lag_3,0.00034
MED00211,9,lag_3,0.00012
MED00212,9,lag_3,0.00014
MED00213,9,lag_3,-0.00041
MED00214,9,lag_3,0.00051
MED00215,9,lag_3,0.00017
MED00216,9,lag_3,-0.00068
MED00218,9,lag_3,0.00012
MED00219,9,lag_3,0.00089
MED00221,9,lag_3,0.00017
MED00222,9,lag_3,0.00022
MED00223,9,lag_3,-0.00026
MED00225,9,lag_3,0.00021
MED00226,9,lag_3,0.00018
MED00227,9,lag_3,0.00056
MED00228,9,lag_3,0.00011
MED00229,9,lag_3,-0.00041
MED00230,9,lag_3,0.0008
MED00231,9,lag_3,0.00011
MED00232,9,lag_3,0.00014
MED00235,9,lag_3,0.00054
MED00238,9,lag_3,0.00014
MED00239,9,lag_3,0.00031
MED00240,9,lag_3,0.00025
MED00242,9,lag_3,0.00012
MED00243,9,lag_3,-0.00016
MED00245,9,lag_3,0.00051
MED00246,9,lag_3,0.00027
MED00247,9,lag_3,-0.00012
MED00248,9,lag_3,0.00021
MED00249,9,lag_3,0.00046
MED00252,9,lag_3,0.00027
MED00253,9,lag_3,0.00017
MED00254,9,lag_3,0.00022
MED00255,9,lag_3,0.00015
MED00256,9,lag_3,0.0002
MED00257,9,lag_3,0.00024
MED00258,9,lag_3,0.00024
MED00259,9,lag_3,-0.00011
MED00261,9,lag_3,0.00011
MED00262,9,lag_3,0.00013
MED00264,9,lag_3,-0.00105
MED00265,9,lag_3,0.00014
MED00266,9,lag_3,0.00033
MED00267,9,lag_3,0.00031
MED00269,9,lag_3,0.00011
MED00270,9,lag_3,0.00011
MED00271,9,lag_3,1e-04
MED00272,9,lag_3,0.00021
MED00273,9,lag_3,0.00021
MED00275,9,lag_3,0.00018
MED00278,9,lag_3,0.00059
MED00279,9,lag_3,-0.00015
MED00280,9,lag_3,-1e-04
MED00282,9,lag_3,0.00012
MED00283,9,lag_3,0.00019
MED00284,9,lag_3,0.00026
MED00285,9,lag_3,0.00014
MED00286,9,lag_3,0.00011
MED00288,9,lag_3,0.00084
MED00289,9,lag_3,0.00022
MED00291,9,lag_3,-0.00019
MED00293,9,lag_3,0.00011
MED00294,9,lag_3,0.00016
MED00296,9,lag_3,0.0002
MED00297,9,lag_3,0.00012
MED00298,9,lag_3,0.00015
MED00301,9,lag_3,0.00013
MED00302,9,lag_3,-0.00012
MED00303,9,lag_3,0.00017
MED00304,9,lag_3,0.00019
MED00306,9,lag_3,0.00016
MED00307,9,lag_3,0.00047
MED00308,9,lag_3,0.00014
MED00309,9,lag_3,0.00018
MED00311,9,lag_3,0.00018
MED00312,9,lag_3,1e-04
MED00314,9,lag_3,0.00028
MED00315,9,lag_3,0.00012
MED00316,9,lag_3,0.00021
MED00318,9,lag_3,0.00025
MED00319,9,lag_3,0.00049
MED00320,9,lag_3,-0.00011
MED00321,9,lag_3,-0.00019
MED00324,9,lag_3,0.00011
MED00326,9,lag_3,0.00012
MED00327,9,lag_3,0.00021
MED00328,9,lag_3,0.00018
MED00329,9,lag_3,0.00068
MED00330,9,lag_3,0.00016
MED00334,9,lag_3,-0.00016
MED00335,9,lag_3,0.00016
MED00337,9,lag_3,0.00251
MED00338,9,lag_3,0.00017
MED00339,9,lag_3,0.0002
MED00340,9,lag_3,0.00025
MED00341,9,lag_3,0.00022
MED00343,9,lag_3,0.00053
MED00344,9,lag_3,-0.00013
MED00348,9,lag_3,0.00011
MED00349,9,lag_3,0.00015
MED00350,9,lag_3,-0.00027
MED00351,9,lag_3,-0.00041
MED00352,9,lag_3,-0.00024
MED00353,9,lag_3,-0.0004
MED00354,9,lag_3,-0.00029
MED00355,9,lag_3,0.00016
MED00358,9,lag_3,0.00069
MED00360,9,lag_3,0.00012
MED00361,9,lag_3,0.00014
MED00362,9,lag_3,0.00014
MED00363,9,lag_3,1e-04
MED00365,9,lag_3,0.00011
MED00366,9,lag_3,0.00074
MED00367,9,lag_3,0.00018
MED00369,9,lag_3,0.00023
MED00370,9,lag_3,0.00012
MED00371,9,lag_3,0.00013
MED00379,9,lag_3,-0.0002
MED00380,9,lag_3,-0.00029
MED00383,9,lag_3,0.00011
MED00384,9,lag_3,1e-04
MED00385,9,lag_3,-0.00011
MED00386,9,lag_3,0.00027
MED00387,9,lag_3,-0.00014
MED00388,9,lag_3,0.00076
MED00389,9,lag_3,0.00072
MED00391,9,lag_3,0.00059
MED00392,9,lag_3,0.00057
MED00393,9,lag_3,0.00023
MED00395,9,lag_3,0.00054
MED00396,9,lag_3,0.00095
MED00397,9,lag_3,0.00041
MED00398,9,lag_3,0.00037
MED00399,9,lag_3,0.00134
MED00400,9,lag_3,0.00047
MED00401,9,lag_3,0.00065
MED00402,9,lag_3,0.00068
MED00403,9,lag_3,0.0003
MED00404,9,lag_3,0.00018
MED00405,9,lag_3,0.00018
MED00406,9,lag_3,0.00041
MED00407,9,lag_3,0.00058
MED00408,9,lag_3,1e-04
MED00409,9,lag_3,0.00017
MED00411,9,lag_3,0.00058
MED00413,9,lag_3,0.00028
MED00414,9,lag_3,0.00057
MED00415,9,lag_3,0.0007
MED00416,9,lag_3,0.00063
MED00417,9,lag_3,0.00027
MED00418,9,lag_3,0.00017
MED00419,9,lag_3,0.0002
MED00420,9,lag_3,0.00103
MED00421,9,lag_3,0.00067
MED00423,9,lag_3,0.00054
MED00424,9,lag_3,0.00047
MED00001,10,lag_3,0.00062
MED00003,10,lag_3,0.00018
MED00004,10,lag_3,-0.00021
MED00005,10,lag_3,0.00029
MED00006,10,lag_3,0.00031
MED00007,10,lag_3,0.00034
MED00008,10,lag_3,0.00013
MED00009,10,lag_3,0.00023
MED00011,10,lag_3,0.00034
MED00012,10,lag_3,0.00027
MED00013,10,lag_3,0.00034
MED00014,10,lag_3,0.00057
MED00015,10,lag_3,0.00018
MED00016,10,lag_3,0.00024
MED00017,10,lag_3,0.0003
MED00018,10,lag_3,0.00051
MED00019,10,lag_3,0.00052
MED00021,10,lag_3,0.00026
MED00022,10,lag_3,0.00027
MED00023,10,lag_3,0.00017
MED00024,10,lag_3,0.0003
MED00025,10,lag_3,-0.0004
MED00026,10,lag_3,0.00027
MED00027,10,lag_3,0.00025
MED00028,10,lag_3,0.00024
MED00029,10,lag_3,0.00063
MED00030,10,lag_3,0.00025
MED00035,10,lag_3,0.00011
MED00036,10,lag_3,0.00019
MED00038,10,lag_3,0.00072
MED00039,10,lag_3,0.00032
MED00041,10,lag_3,0.00015
MED00042,10,lag_3,0.00021
MED00043,10,lag_3,0.00019
MED00044,10,lag_3,0.00031
MED00045,10,lag_3,0.00023
MED00046,10,lag_3,0.00028
MED00047,10,lag_3,0.00069
MED00048,10,lag_3,0.00026
MED00049,10,lag_3,0.00018
MED00050,10,lag_3,0.0002
MED00051,10,lag_3,1e-04
MED00052,10,lag_3,0.00011
MED00054,10,lag_3,0.00025
MED00055,10,lag_3,0.00022
MED00056,10,lag_3,0.00025
MED00057,10,lag_3,0.00022
MED00058,10,lag_3,0.00029
MED00059,10,lag_3,0.00017
MED00060,10,lag_3,0.00029
MED00061,10,lag_3,0.0002
MED00062,10,lag_3,0.00064
MED00063,10,lag_3,0.00022
MED00064,10,lag_3,0.00097
MED00065,10,lag_3,0.00063
MED00066,10,lag_3,0.00022
MED00067,10,lag_3,0.00032
MED00068,10,lag_3,0.00028
MED00069,10,lag_3,0.00027
MED00070,10,lag_3,0.00068
MED00071,10,lag_3,0.00029
MED00072,10,lag_3,0.00029
MED00073,10,lag_3,0.00031
MED00074,10,lag_3,0.0003
MED00077,10,lag_3,0.00017
MED00078,10,lag_3,0.00022
MED00079,10,lag_3,0.00066
MED00080,10,lag_3,0.00031
MED00081,10,lag_3,-0.00052
MED00082,10,lag_3,0.0003
MED00083,10,lag_3,0.00026
MED00084,10,lag_3,0.00119
MED00085,10,lag_3,0.00028
MED00086,10,lag_3,0.0003
MED00087,10,lag_3,0.0003
MED00088,10,lag_3,0.0005
MED00089,10,lag_3,0.00042
MED00090,10,lag_3,0.00021
MED00091,10,lag_3,0.0003
MED00092,10,lag_3,0.00035
MED00093,10,lag_3,0.00021
MED00094,10,lag_3,0.00025
MED00095,10,lag_3,0.00033
MED00096,10,lag_3,0.0003
MED00097,10,lag_3,0.0003
MED00098,10,lag_3,0.00013
MED00099,10,lag_3,0.00025
MED00100,10,lag_3,0.00019
MED00101,10,lag_3,0.00045
MED00102,10,lag_3,-1e-04
MED00103,10,lag_3,0.00026
MED00104,10,lag_3,0.00025
MED00105,10,lag_3,1e-04
MED00106,10,lag_3,0.00023
MED00107,10,lag_3,0.00035
MED00108,10,lag_3,0.0003
MED00111,10,lag_3,0.00024
MED00112,10,lag_3,0.0003
MED00113,10,lag_3,0.0003
MED00115,10,lag_3,0.00027
MED00117,10,lag_3,0.0003
MED00118,10,lag_3,0.00032
MED00119,10,lag_3,0.00031
MED00120,10,lag_3,0.00036
MED00121,10,lag_3,0.00029
MED00122,10,lag_3,0.00033
MED00124,10,lag_3,0.00012
MED00125,10,lag_3,0.00019
MED00126,10,lag_3,-0.0002
MED00127,10,lag_3,0.00022
MED00128,10,lag_3,0.00033
MED00129,10,lag_3,0.00027
MED00130,10,lag_3,0.00018
MED00131,10,lag_3,0.00035
MED00133,10,lag_3,0.00022
MED00135,10,lag_3,0.00076
MED00136,10,lag_3,0.00029
MED00137,10,lag_3,0.00032
MED00138,10,lag_3,0.00023
MED00139,10,lag_3,0.00027
MED00140,10,lag_3,0.00034
MED00141,10,lag_3,0.0002
MED00142,10,lag_3,0.00035
MED00143,10,lag_3,0.00025
MED00144,10,lag_3,0.00024
MED00145,10,lag_3,0.00011
MED00146,10,lag_3,0.00035
MED00148,10,lag_3,0.00029
MED00149,10,lag_3,0.00032
MED00150,10,lag_3,0.00016
MED00151,10,lag_3,0.00035
MED00152,10,lag_3,0.00029
MED00153,10,lag_3,0.0003
MED00154,10,lag_3,0.00029
MED00156,10,lag_3,0.00011
MED00157,10,lag_3,0.00028
MED00158,10,lag_3,0.00026
MED00159,10,lag_3,0.00034
MED00160,10,lag_3,0.00035
MED00161,10,lag_3,0.00032
MED00162,10,lag_3,0.00028
MED00163,10,lag_3,0.00018
MED00164,10,lag_3,0.00028
MED00165,10,lag_3,0.00026
MED00166,10,lag_3,0.00027
MED00167,10,lag_3,0.00027
MED00168,10,lag_3,0.00021
MED00169,10,lag_3,0.00027
MED00170,10,lag_3,0.00026
MED00171,10,lag_3,0.00032
MED00172,10,lag_3,0.00016
MED00173,10,lag_3,0.00022
MED00174,10,lag_3,0.00035
MED00175,10,lag_3,0.00025
MED00176,10,lag_3,0.00062
MED00177,10,lag_3,0.00028
MED00179,10,lag_3,0.00025
MED00180,10,lag_3,0.00028
MED00181,10,lag_3,0.00025
MED00182,10,lag_3,0.00025
MED00183,10,lag_3,0.00078
MED00185,10,lag_3,0.00015
MED00186,10,lag_3,0.0003
MED00187,10,lag_3,0.00026
MED00188,10,lag_3,0.00017
MED00189,10,lag_3,0.00018
MED00190,10,lag_3,0.00029
MED00191,10,lag_3,0.00066
MED00192,10,lag_3,-0.00053
MED00193,10,lag_3,0.00013
MED00194,10,lag_3,0.00088
MED00195,10,lag_3,0.00083
MED00196,10,lag_3,0.00032
MED00197,10,lag_3,0.00014
MED00198,10,lag_3,0.00032
MED00200,10,lag_3,0.00025
MED00201,10,lag_3,0.00053
MED00202,10,lag_3,0.00027
MED00203,10,lag_3,0.00029
MED00204,10,lag_3,0.0003
MED00205,10,lag_3,0.00069
MED00206,10,lag_3,0.00011
MED00207,10,lag_3,0.00032
MED00209,10,lag_3,0.00019
MED00210,10,lag_3,0.00037
MED00211,10,lag_3,0.0002
MED00212,10,lag_3,0.00022
MED00213,10,lag_3,-0.00021
MED00214,10,lag_3,0.00073
MED00215,10,lag_3,0.00026
MED00216,10,lag_3,-0.00047
MED00217,10,lag_3,0.00011
MED00218,10,lag_3,0.00033
MED00219,10,lag_3,0.00093
MED00220,10,lag_3,0.00029
MED00221,10,lag_3,0.00025
MED00222,10,lag_3,0.0003
MED00224,10,lag_3,0.00028
MED00225,10,lag_3,0.00025
MED00226,10,lag_3,0.00026
MED00227,10,lag_3,0.00077
MED00228,10,lag_3,0.00015
MED00229,10,lag_3,-0.0002
MED00230,10,lag_3,0.0008
MED00231,10,lag_3,0.00032
MED00232,10,lag_3,0.00023
MED00234,10,lag_3,0.00028
MED00235,10,lag_3,0.00068
MED00236,10,lag_3,0.00028
MED00238,10,lag_3,0.00035
MED00239,10,lag_3,0.00035
MED00240,10,lag_3,0.00029
MED00241,10,lag_3,0.0003
MED00242,10,lag_3,0.00016
MED00244,10,lag_3,0.00027
MED00245,10,lag_3,0.00067
MED00246,10,lag_3,0.00031
MED00248,10,lag_3,0.00025
MED00249,10,lag_3,0.0005
MED00251,10,lag_3,0.00029
MED00252,10,lag_3,0.00031
MED00253,10,lag_3,0.00038
MED00254,10,lag_3,0.00026
MED00255,10,lag_3,0.00019
MED00256,10,lag_3,0.00041
MED00257,10,lag_3,0.00028
MED00258,10,lag_3,0.00028
MED00259,10,lag_3,1e-04
MED00260,10,lag_3,0.00028
MED00261,10,lag_3,0.00033
MED00262,10,lag_3,0.00017
MED00263,10,lag_3,0.00028
MED00264,10,lag_3,-0.00085
MED00265,10,lag_3,0.00035
MED00266,10,lag_3,0.00037
MED00267,10,lag_3,0.00035
MED00268,10,lag_3,0.00029
MED00269,10,lag_3,0.00032
MED00270,10,lag_3,0.00032
MED00271,10,lag_3,0.00014
MED00272,10,lag_3,0.00025
MED00273,10,lag_3,0.00025
MED00275,10,lag_3,0.00022
MED00276,10,lag_3,0.00027
MED00277,10,lag_3,0.00018
MED00278,10,lag_3,0.0008
MED00280,10,lag_3,1e-04
MED00282,10,lag_3,0.0002
MED00283,10,lag_3,0.00028
MED00284,10,lag_3,0.0003
MED00285,10,lag_3,0.00035
MED00286,10,lag_3,0.00014
MED00287,10,lag_3,0.0003
MED00288,10,lag_3,0.00093
MED00289,10,lag_3,0.00026
MED00290,10,lag_3,0.0003
MED00293,10,lag_3,0.00015
MED00294,10,lag_3,0.00024
MED00295,10,lag_3,0.00025
MED00296,10,lag_3,0.00028
MED00297,10,lag_3,0.00033
MED00298,10,lag_3,0.00036
MED00299,10,lag_3,0.00012
MED00300,10,lag_3,0.00027
MED00301,10,lag_3,0.00034
MED00303,10,lag_3,0.00025
MED00304,10,lag_3,0.00027
MED00305,10,lag_3,0.00029
MED00306,10,lag_3,0.0002
MED00307,10,lag_3,0.00065
MED00308,10,lag_3,0.00035
MED00309,10,lag_3,0.00026
MED00311,10,lag_3,0.00022
MED00312,10,lag_3,0.00015
MED00313,10,lag_3,0.00011
MED00314,10,lag_3,0.00032
MED00315,10,lag_3,0.00033
MED00316,10,lag_3,0.00025
MED00317,10,lag_3,0.00026
MED00318,10,lag_3,0.00028
MED00319,10,lag_3,0.0007
MED00322,10,lag_3,0.00018
MED00324,10,lag_3,0.00015
MED00325,10,lag_3,0.00021
MED00326,10,lag_3,0.00033
MED00327,10,lag_3,0.00025
MED00328,10,lag_3,0.00022
MED00329,10,lag_3,0.00089
MED00330,10,lag_3,0.00024
MED00331,10,lag_3,0.00029
MED00332,10,lag_3,0.00029
MED00333,10,lag_3,0.00012
MED00335,10,lag_3,0.0002
MED00336,10,lag_3,0.00026
MED00337,10,lag_3,0.00068
MED00338,10,lag_3,0.00038
MED00339,10,lag_3,0.00028
MED00340,10,lag_3,0.00029
MED00341,10,lag_3,0.00026
MED00342,10,lag_3,0.00028
MED00343,10,lag_3,0.00074
MED00345,10,lag_3,0.00018
MED00346,10,lag_3,0.00025
MED00347,10,lag_3,0.00022
MED00348,10,lag_3,0.00032
MED00349,10,lag_3,0.00036
MED00351,10,lag_3,-0.0002
MED00352,10,lag_3,-0.00019
MED00353,10,lag_3,-0.0002
MED00355,10,lag_3,0.0002
MED00356,10,lag_3,0.00029
MED00357,10,lag_3,0.00012
MED00358,10,lag_3,0.00073
MED00359,10,lag_3,0.00025
MED00360,10,lag_3,0.00016
MED00361,10,lag_3,0.00035
MED00362,10,lag_3,0.00035
MED00363,10,lag_3,0.00031
MED00364,10,lag_3,0.00018
MED00365,10,lag_3,0.00032
MED00366,10,lag_3,0.00095
MED00367,10,lag_3,0.00027
MED00368,10,lag_3,0.0003
MED00369,10,lag_3,0.00027
MED00370,10,lag_3,0.0002
MED00371,10,lag_3,0.00017
MED00372,10,lag_3,0.00019
MED00373,10,lag_3,0.00018
MED00375,10,lag_3,0.00014
MED00376,10,lag_3,0.00025
MED00377,10,lag_3,0.00029
MED00378,10,lag_3,0.0003
MED00381,10,lag_3,0.00023
MED00383,10,lag_3,0.00032
MED00384,10,lag_3,0.00031
MED00385,10,lag_3,1e-04
MED00386,10,lag_3,0.00031
MED00388,10,lag_3,0.0007
MED00389,10,lag_3,0.00076
MED00391,10,lag_3,0.00063
MED00392,10,lag_3,0.00061
MED00393,10,lag_3,0.00031
MED00395,10,lag_3,0.00058
MED00396,10,lag_3,0.00099
MED00397,10,lag_3,0.00059
MED00398,10,lag_3,0.00054
MED00399,10,lag_3,0.00099
MED00400,10,lag_3,0.00048
MED00401,10,lag_3,0.00069
MED00402,10,lag_3,0.00072
MED00403,10,lag_3,0.00034
MED00404,10,lag_3,0.00038
MED00405,10,lag_3,0.00039
MED00406,10,lag_3,0.00061
MED00407,10,lag_3,0.00062
MED00408,10,lag_3,0.00014
MED00409,10,lag_3,0.00021
MED00411,10,lag_3,0.00062
MED00413,10,lag_3,0.00032
MED00414,10,lag_3,0.00061
MED00415,10,lag_3,0.00073
MED00416,10,lag_3,0.00066
MED00417,10,lag_3,0.00031
MED00418,10,lag_3,0.00021
MED00419,10,lag_3,0.00024
MED00420,10,lag_3,0.0009
MED00421,10,lag_3,0.00071
MED00423,10,lag_3,0.00058
MED00424,10,lag_3,0.00052
MED00001,11,lag_3,0.00062
MED00003,11,lag_3,0.0002
MED00004,11,lag_3,-0.0002
MED00005,11,lag_3,0.00029
MED00006,11,lag_3,0.00033
MED00007,11,lag_3,0.00036
MED00008,11,lag_3,0.00015
MED00009,11,lag_3,0.00025
MED00011,11,lag_3,0.00036
MED00012,11,lag_3,0.00029
MED00013,11,lag_3,0.00035
MED00014,11,lag_3,0.00057
MED00015,11,lag_3,0.0002
MED00016,11,lag_3,0.00026
MED00017,11,lag_3,0.00032
MED00018,11,lag_3,0.00051
MED00019,11,lag_3,0.00052
MED00021,11,lag_3,0.00027
MED00022,11,lag_3,0.00029
MED00023,11,lag_3,0.00018
MED00024,11,lag_3,0.00032
MED00025,11,lag_3,-0.00038
MED00026,11,lag_3,0.00028
MED00027,11,lag_3,0.00027
MED00028,11,lag_3,0.00026
MED00029,11,lag_3,0.00063
MED00030,11,lag_3,0.00027
MED00035,11,lag_3,0.00016
MED00036,11,lag_3,0.0002
MED00038,11,lag_3,0.00072
MED00039,11,lag_3,0.00033
MED00041,11,lag_3,0.00016
MED00042,11,lag_3,0.00022
MED00043,11,lag_3,0.00021
MED00044,11,lag_3,0.00033
MED00045,11,lag_3,0.00025
MED00046,11,lag_3,0.0003
MED00047,11,lag_3,0.00069
MED00048,11,lag_3,0.00027
MED00049,11,lag_3,0.0002
MED00050,11,lag_3,0.00022
MED00051,11,lag_3,0.00012
MED00052,11,lag_3,0.00013
MED00054,11,lag_3,0.00025
MED00055,11,lag_3,0.00028
MED00056,11,lag_3,0.00027
MED00057,11,lag_3,0.00024
MED00058,11,lag_3,0.0003
MED00059,11,lag_3,0.00018
MED00060,11,lag_3,0.00031
MED00061,11,lag_3,0.00022
MED00062,11,lag_3,0.00064
MED00063,11,lag_3,0.00024
MED00064,11,lag_3,0.00102
MED00065,11,lag_3,0.00063
MED00066,11,lag_3,0.00023
MED00067,11,lag_3,0.00034
MED00068,11,lag_3,0.0003
MED00069,11,lag_3,0.00028
MED00070,11,lag_3,0.00068
MED00071,11,lag_3,0.00031
MED00072,11,lag_3,0.00031
MED00073,11,lag_3,0.00033
MED00074,11,lag_3,0.00032
MED00076,11,lag_3,0.00011
MED00077,11,lag_3,0.00018
MED00078,11,lag_3,0.00024
MED00079,11,lag_3,0.00066
MED00080,11,lag_3,0.00033
MED00081,11,lag_3,-0.00051
MED00082,11,lag_3,0.00032
MED00083,11,lag_3,0.00028
MED00084,11,lag_3,0.00119
MED00085,11,lag_3,0.0003
MED00086,11,lag_3,0.00032
MED00087,11,lag_3,0.00032
MED00088,11,lag_3,0.00052
MED00089,11,lag_3,0.00044
MED00090,11,lag_3,0.00022
MED00091,11,lag_3,0.00032
MED00092,11,lag_3,0.00036
MED00093,11,lag_3,0.00023
MED00094,11,lag_3,0.00026
MED00095,11,lag_3,0.00035
MED00096,11,lag_3,0.00032
MED00097,11,lag_3,0.00032
MED00098,11,lag_3,0.00013
MED00099,11,lag_3,0.00027
MED00100,11,lag_3,0.00021
MED00101,11,lag_3,0.00045
MED00103,11,lag_3,0.00027
MED00104,11,lag_3,0.00026
MED00105,11,lag_3,1e-04
MED00106,11,lag_3,0.00024
MED00107,11,lag_3,0.00037
MED00108,11,lag_3,0.00031
MED00111,11,lag_3,0.00025
MED00112,11,lag_3,0.00032
MED00113,11,lag_3,0.00032
MED00115,11,lag_3,0.00029
MED00117,11,lag_3,0.00031
MED00118,11,lag_3,0.00034
MED00119,11,lag_3,0.00033
MED00120,11,lag_3,0.00038
MED00121,11,lag_3,0.00027
MED00122,11,lag_3,0.00035
MED00124,11,lag_3,0.00012
MED00125,11,lag_3,0.00021
MED00126,11,lag_3,-0.00019
MED00127,11,lag_3,0.00024
MED00128,11,lag_3,0.00035
MED00129,11,lag_3,0.00029
MED00130,11,lag_3,0.0002
MED00131,11,lag_3,0.00036
MED00133,11,lag_3,0.00023
MED00135,11,lag_3,0.00076
MED00136,11,lag_3,0.00031
MED00137,11,lag_3,0.00033
MED00138,11,lag_3,0.00025
MED00139,11,lag_3,0.00029
MED00140,11,lag_3,0.00035
MED00141,11,lag_3,0.00021
MED00142,11,lag_3,0.00037
MED00143,11,lag_3,0.00027
MED00144,11,lag_3,0.00026
MED00145,11,lag_3,0.00013
MED00146,11,lag_3,0.00037
MED00148,11,lag_3,0.00031
MED00149,11,lag_3,0.00033
MED00150,11,lag_3,0.00016
MED00151,11,lag_3,0.00037
MED00152,11,lag_3,0.00031
MED00153,11,lag_3,0.00032
MED00154,11,lag_3,0.0003
MED00156,11,lag_3,0.00011
MED00157,11,lag_3,0.0003
MED00158,11,lag_3,0.00028
MED00159,11,lag_3,0.00036
MED00160,11,lag_3,0.00037
MED00161,11,lag_3,0.00033
MED00162,11,lag_3,0.0003
MED00163,11,lag_3,0.0002
MED00164,11,lag_3,0.0003
MED00165,11,lag_3,0.00027
MED00166,11,lag_3,0.00029
MED00167,11,lag_3,0.00029
MED00168,11,lag_3,0.00023
MED00169,11,lag_3,0.00033
MED00170,11,lag_3,0.00027
MED00171,11,lag_3,0.00034
MED00172,11,lag_3,0.00017
MED00173,11,lag_3,0.00024
MED00174,11,lag_3,0.0004
MED00175,11,lag_3,0.00027
MED00176,11,lag_3,0.00062
MED00177,11,lag_3,0.00029
MED00179,11,lag_3,0.00027
MED00180,11,lag_3,0.00029
MED00181,11,lag_3,0.00027
MED00182,11,lag_3,0.00027
MED00183,11,lag_3,0.0008
MED00185,11,lag_3,0.00016
MED00186,11,lag_3,0.00032
MED00187,11,lag_3,0.00028
MED00188,11,lag_3,0.00028
MED00189,11,lag_3,0.0002
MED00190,11,lag_3,0.00031
MED00191,11,lag_3,0.00066
MED00192,11,lag_3,-0.00051
MED00193,11,lag_3,0.00015
MED00194,11,lag_3,0.00088
MED00195,11,lag_3,0.00083
MED00196,11,lag_3,0.00033
MED00197,11,lag_3,0.00015
MED00198,11,lag_3,0.00034
MED00199,11,lag_3,1e-04
MED00200,11,lag_3,0.00027
MED00201,11,lag_3,0.00055
MED00202,11,lag_3,0.00029
MED00203,11,lag_3,0.0003
MED00204,11,lag_3,0.00032
MED00205,11,lag_3,0.00069
MED00206,11,lag_3,0.00011
MED00207,11,lag_3,0.00034
MED00209,11,lag_3,0.0002
MED00210,11,lag_3,0.00044
MED00211,11,lag_3,0.00022
MED00212,11,lag_3,0.00024
MED00213,11,lag_3,-0.0002
MED00214,11,lag_3,0.00073
MED00215,11,lag_3,0.00027
MED00216,11,lag_3,-0.00045
MED00217,11,lag_3,0.00015
MED00218,11,lag_3,0.00038
MED00219,11,lag_3,0.00093
MED00220,11,lag_3,0.00031
MED00221,11,lag_3,0.00027
MED00222,11,lag_3,0.00032
MED00224,11,lag_3,0.0003
MED00225,11,lag_3,0.00027
MED00226,11,lag_3,0.00028
MED00227,11,lag_3,0.00077
MED00228,11,lag_3,0.00017
MED00229,11,lag_3,-0.00019
MED00230,11,lag_3,0.0008
MED00231,11,lag_3,0.0003
MED00232,11,lag_3,0.00024
MED00234,11,lag_3,0.0003
MED00235,11,lag_3,0.00065
MED00236,11,lag_3,0.0003
MED00238,11,lag_3,0.00037
MED00239,11,lag_3,0.00037
MED00240,11,lag_3,0.00031
MED00241,11,lag_3,0.00032
MED00242,11,lag_3,0.00018
MED00244,11,lag_3,0.00028
MED00245,11,lag_3,0.00065
MED00246,11,lag_3,0.00033
MED00248,11,lag_3,0.00027
MED00249,11,lag_3,0.0005
MED00251,11,lag_3,0.00031
MED00252,11,lag_3,0.00032
MED00253,11,lag_3,0.00039
MED00254,11,lag_3,0.00026
MED00255,11,lag_3,0.00019
MED00256,11,lag_3,0.00043
MED00257,11,lag_3,0.0003
MED00258,11,lag_3,0.0003
MED00259,11,lag_3,1e-04
MED00260,11,lag_3,0.00029
MED00261,11,lag_3,0.00035
MED00262,11,lag_3,0.00019
MED00263,11,lag_3,0.0003
MED00264,11,lag_3,-0.00084
MED00265,11,lag_3,0.00037
MED00266,11,lag_3,0.00039
MED00267,11,lag_3,0.00036
MED00268,11,lag_3,0.00031
MED00269,11,lag_3,0.00034
MED00270,11,lag_3,0.00034
MED00271,11,lag_3,0.00015
MED00272,11,lag_3,0.00027
MED00273,11,lag_3,0.00027
MED00275,11,lag_3,0.00024
MED00276,11,lag_3,0.00029
MED00277,11,lag_3,0.0002
MED00278,11,lag_3,0.0008
MED00280,11,lag_3,0.00012
MED00282,11,lag_3,0.00022
MED00283,11,lag_3,0.00029
MED00284,11,lag_3,0.00032
MED00285,11,lag_3,0.00037
MED00286,11,lag_3,0.00015
MED00287,11,lag_3,0.00032
MED00288,11,lag_3,0.00093
MED00289,11,lag_3,0.00028
MED00290,11,lag_3,0.00032
MED00293,11,lag_3,0.00016
MED00294,11,lag_3,0.00026
MED00295,11,lag_3,0.00027
MED00296,11,lag_3,0.0003
MED00297,11,lag_3,0.00035
MED00298,11,lag_3,0.00038
MED00299,11,lag_3,0.00013
MED00300,11,lag_3,0.00029
MED00301,11,lag_3,0.00036
MED00302,11,lag_3,0.00011
MED00303,11,lag_3,0.00027
MED00304,11,lag_3,0.00029
MED00305,11,lag_3,0.00031
MED00306,11,lag_3,0.00026
MED00307,11,lag_3,0.00065
MED00308,11,lag_3,0.00036
MED00309,11,lag_3,0.00028
MED00311,11,lag_3,0.00024
MED00312,11,lag_3,0.00016
MED00313,11,lag_3,0.00012
MED00314,11,lag_3,0.00034
MED00315,11,lag_3,0.00035
MED00316,11,lag_3,0.00027
MED00317,11,lag_3,0.00027
MED00318,11,lag_3,0.0003
MED00319,11,lag_3,0.0007
MED00322,11,lag_3,0.0002
MED00324,11,lag_3,0.00016
MED00325,11,lag_3,0.00021
MED00326,11,lag_3,0.00035
MED00327,11,lag_3,0.00027
MED00328,11,lag_3,0.00023
MED00329,11,lag_3,0.00089
MED00330,11,lag_3,0.00026
MED00331,11,lag_3,0.00031
MED00332,11,lag_3,0.0003
MED00333,11,lag_3,0.00012
MED00335,11,lag_3,0.00022
MED00336,11,lag_3,0.00028
MED00337,11,lag_3,0.00065
MED00338,11,lag_3,0.0004
MED00339,11,lag_3,0.0003
MED00340,11,lag_3,0.00031
MED00341,11,lag_3,0.00027
MED00342,11,lag_3,0.00029
MED00343,11,lag_3,0.00074
MED00345,11,lag_3,0.0002
MED00346,11,lag_3,0.00027
MED00347,11,lag_3,0.00024
MED00348,11,lag_3,0.00035
MED00349,11,lag_3,0.00038
MED00351,11,lag_3,-0.00019
MED00352,11,lag_3,-0.00018
MED00353,11,lag_3,-0.00019
MED00355,11,lag_3,0.00021
MED00356,11,lag_3,0.00031
MED00357,11,lag_3,0.00014
MED00358,11,lag_3,0.00075
MED00359,11,lag_3,0.00027
MED00360,11,lag_3,0.00016
MED00361,11,lag_3,0.00036
MED00362,11,lag_3,0.00037
MED00363,11,lag_3,0.00033
MED00364,11,lag_3,0.0002
MED00365,11,lag_3,0.00033
MED00366,11,lag_3,0.00091
MED00367,11,lag_3,0.00028
MED00368,11,lag_3,0.00032
MED00369,11,lag_3,0.00028
MED00370,11,lag_3,0.00022
MED00371,11,lag_3,0.00021
MED00372,11,lag_3,0.00021
MED00373,11,lag_3,0.00019
MED00375,11,lag_3,0.00014
MED00376,11,lag_3,0.00027
MED00377,11,lag_3,0.00031
MED00378,11,lag_3,0.00031
MED00381,11,lag_3,0.00024
MED00383,11,lag_3,0.00034
MED00384,11,lag_3,0.00033
MED00386,11,lag_3,0.00033
MED00388,11,lag_3,0.00069
MED00389,11,lag_3,0.00076
MED00391,11,lag_3,0.00063
MED00392,11,lag_3,0.00061
MED00393,11,lag_3,0.00033
MED00395,11,lag_3,0.00058
MED00396,11,lag_3,0.00099
MED00397,11,lag_3,0.00056
MED00398,11,lag_3,0.00054
MED00399,11,lag_3,0.00061
MED00400,11,lag_3,0.00048
MED00401,11,lag_3,0.00069
MED00402,11,lag_3,0.00072
MED00403,11,lag_3,0.0004
MED00404,11,lag_3,0.0004
MED00405,11,lag_3,0.00041
MED00406,11,lag_3,0.00061
MED00407,11,lag_3,0.00062
MED00408,11,lag_3,0.00015
MED00409,11,lag_3,0.00021
MED00411,11,lag_3,0.00062
MED00413,11,lag_3,0.00034
MED00414,11,lag_3,0.00061
MED00415,11,lag_3,0.00073
MED00416,11,lag_3,0.00066
MED00417,11,lag_3,0.00033
MED00418,11,lag_3,0.00023
MED00419,11,lag_3,0.00026
MED00420,11,lag_3,0.0009
MED00421,11,lag_3,0.00071
MED00423,11,lag_3,0.00058
MED00424,11,lag_3,0.00052
MED00001,12,lag_3,0.00062
MED00002,12,lag_3,-0.00055
MED00003,12,lag_3,0.00015
MED00004,12,lag_3,-0.00021
MED00005,12,lag_3,0.00028
MED00006,12,lag_3,0.00033
MED00007,12,lag_3,0.00035
MED00008,12,lag_3,0.00016
MED00009,12,lag_3,0.00024
MED00011,12,lag_3,0.00036
MED00012,12,lag_3,0.00029
MED00013,12,lag_3,0.00022
MED00014,12,lag_3,0.00057
MED00015,12,lag_3,-0.00045
MED00016,12,lag_3,0.00017
MED00017,12,lag_3,0.00032
MED00018,12,lag_3,0.00054
MED00019,12,lag_3,0.00057
MED00021,12,lag_3,0.00027
MED00022,12,lag_3,0.00029
MED00023,12,lag_3,0.00017
MED00024,12,lag_3,0.00031
MED00025,12,lag_3,-0.00038
MED00026,12,lag_3,0.00028
MED00027,12,lag_3,0.00027
MED00028,12,lag_3,0.00026
MED00029,12,lag_3,0.00062
MED00030,12,lag_3,0.00027
MED00036,12,lag_3,0.0002
MED00038,12,lag_3,0.00072
MED00039,12,lag_3,0.00033
MED00041,12,lag_3,0.00016
MED00042,12,lag_3,0.00022
MED00043,12,lag_3,0.00016
MED00044,12,lag_3,0.00033
MED00045,12,lag_3,0.00025
MED00046,12,lag_3,0.00029
MED00047,12,lag_3,0.00069
MED00048,12,lag_3,0.00027
MED00049,12,lag_3,0.0002
MED00050,12,lag_3,0.00026
MED00051,12,lag_3,0.00012
MED00052,12,lag_3,0.00013
MED00054,12,lag_3,0.00025
MED00055,12,lag_3,0.00027
MED00056,12,lag_3,0.00027
MED00057,12,lag_3,0.00028
MED00058,12,lag_3,0.0003
MED00059,12,lag_3,0.00022
MED00060,12,lag_3,0.0003
MED00061,12,lag_3,0.00022
MED00062,12,lag_3,0.00066
MED00063,12,lag_3,0.00024
MED00064,12,lag_3,0.00101
MED00065,12,lag_3,0.00066
MED00066,12,lag_3,0.00025
MED00067,12,lag_3,0.00025
MED00068,12,lag_3,0.00029
MED00069,12,lag_3,0.00028
MED00070,12,lag_3,0.00063
MED00071,12,lag_3,0.0003
MED00072,12,lag_3,0.00031
MED00073,12,lag_3,0.00033
MED00074,12,lag_3,0.00032
MED00076,12,lag_3,-0.00053
MED00077,12,lag_3,0.00018
MED00078,12,lag_3,0.00024
MED00079,12,lag_3,0.00066
MED00080,12,lag_3,0.00032
MED00081,12,lag_3,-0.00051
MED00082,12,lag_3,0.00032
MED00083,12,lag_3,0.00028
MED00084,12,lag_3,0.00123
MED00085,12,lag_3,0.00029
MED00086,12,lag_3,0.00032
MED00087,12,lag_3,0.00032
MED00088,12,lag_3,0.00052
MED00089,12,lag_3,0.00043
MED00090,12,lag_3,0.00022
MED00091,12,lag_3,0.00032
MED00092,12,lag_3,0.00028
MED00093,12,lag_3,0.00014
MED00094,12,lag_3,0.00026
MED00095,12,lag_3,0.00035
MED00096,12,lag_3,0.00032
MED00097,12,lag_3,0.00036
MED00098,12,lag_3,0.00013
MED00099,12,lag_3,0.00027
MED00100,12,lag_3,0.00021
MED00101,12,lag_3,0.00036
MED00103,12,lag_3,0.00027
MED00104,12,lag_3,0.00026
MED00106,12,lag_3,0.00024
MED00107,12,lag_3,0.00037
MED00108,12,lag_3,0.00031
MED00111,12,lag_3,0.00025
MED00112,12,lag_3,0.00032
MED00113,12,lag_3,0.00031
MED00115,12,lag_3,0.00029
MED00116,12,lag_3,0.00012
MED00117,12,lag_3,0.00031
MED00118,12,lag_3,0.00034
MED00119,12,lag_3,0.00033
MED00120,12,lag_3,0.00038
MED00121,12,lag_3,0.00027
MED00122,12,lag_3,0.00034
MED00124,12,lag_3,0.00012
MED00125,12,lag_3,0.0002
MED00126,12,lag_3,-0.0002
MED00127,12,lag_3,0.00024
MED00128,12,lag_3,0.00035
MED00129,12,lag_3,0.00029
MED00130,12,lag_3,0.0002
MED00131,12,lag_3,0.00036
MED00133,12,lag_3,0.00023
MED00135,12,lag_3,0.0008
MED00136,12,lag_3,0.00031
MED00137,12,lag_3,0.00029
MED00138,12,lag_3,0.00025
MED00139,12,lag_3,0.00029
MED00140,12,lag_3,0.00035
MED00141,12,lag_3,0.00021
MED00142,12,lag_3,0.00037
MED00143,12,lag_3,0.00027
MED00144,12,lag_3,0.00026
MED00145,12,lag_3,-0.00054
MED00146,12,lag_3,-0.0003
MED00148,12,lag_3,0.0003
MED00149,12,lag_3,0.00033
MED00150,12,lag_3,0.00016
MED00151,12,lag_3,0.00037
MED00152,12,lag_3,0.00031
MED00153,12,lag_3,0.00032
MED00154,12,lag_3,0.0003
MED00156,12,lag_3,1e-04
MED00157,12,lag_3,0.0003
MED00158,12,lag_3,0.00027
MED00159,12,lag_3,0.00036
MED00160,12,lag_3,0.00037
MED00161,12,lag_3,0.00033
MED00162,12,lag_3,0.0003
MED00163,12,lag_3,0.0002
MED00164,12,lag_3,0.0003
MED00165,12,lag_3,0.00027
MED00166,12,lag_3,0.00029
MED00167,12,lag_3,0.00029
MED00168,12,lag_3,0.00023
MED00169,12,lag_3,0.00033
MED00170,12,lag_3,0.00029
MED00171,12,lag_3,0.00034
MED00172,12,lag_3,0.00017
MED00173,12,lag_3,0.00023
MED00174,12,lag_3,0.0004
MED00175,12,lag_3,0.00031
MED00176,12,lag_3,0.00061
MED00177,12,lag_3,0.00029
MED00179,12,lag_3,0.00026
MED00180,12,lag_3,0.00029
MED00181,12,lag_3,0.00027
MED00182,12,lag_3,0.00027
MED00183,12,lag_3,0.00079
MED00185,12,lag_3,0.00016
MED00186,12,lag_3,0.00032
MED00187,12,lag_3,0.00028
MED00188,12,lag_3,0.00028
MED00189,12,lag_3,0.00015
MED00190,12,lag_3,0.00031
MED00191,12,lag_3,0.00066
MED00192,12,lag_3,-0.00052
MED00193,12,lag_3,0.00015
MED00194,12,lag_3,0.00087
MED00195,12,lag_3,0.00085
MED00196,12,lag_3,0.00033
MED00197,12,lag_3,0.00015
MED00198,12,lag_3,0.00034
MED00199,12,lag_3,1e-04
MED00200,12,lag_3,0.00027
MED00201,12,lag_3,0.00055
MED00202,12,lag_3,0.00029
MED00203,12,lag_3,0.0003
MED00204,12,lag_3,0.00031
MED00205,12,lag_3,0.00069
MED00206,12,lag_3,-0.00055
MED00207,12,lag_3,0.00034
MED00209,12,lag_3,0.00011
MED00210,12,lag_3,0.00044
MED00211,12,lag_3,0.00022
MED00212,12,lag_3,0.00024
MED00213,12,lag_3,-0.0002
MED00214,12,lag_3,0.00075
MED00215,12,lag_3,0.00027
MED00216,12,lag_3,-0.00045
MED00217,12,lag_3,-0.00052
MED00218,12,lag_3,0.00038
MED00219,12,lag_3,0.00097
MED00220,12,lag_3,0.00031
MED00221,12,lag_3,0.00027
MED00222,12,lag_3,0.00036
MED00224,12,lag_3,0.0003
MED00225,12,lag_3,0.00027
MED00226,12,lag_3,0.00028
MED00227,12,lag_3,0.00077
MED00229,12,lag_3,-0.0002
MED00230,12,lag_3,0.0008
MED00231,12,lag_3,0.00029
MED00232,12,lag_3,0.00024
MED00234,12,lag_3,0.0003
MED00235,12,lag_3,0.00069
MED00236,12,lag_3,0.0003
MED00238,12,lag_3,0.00037
MED00239,12,lag_3,0.00037
MED00240,12,lag_3,0.00031
MED00241,12,lag_3,0.00032
MED00242,12,lag_3,0.00018
MED00243,12,lag_3,-0.00058
MED00244,12,lag_3,0.00028
MED00245,12,lag_3,0.00068
MED00246,12,lag_3,0.00033
MED00248,12,lag_3,0.00027
MED00249,12,lag_3,0.0005
MED00251,12,lag_3,0.00031
MED00252,12,lag_3,-0.00031
MED00253,12,lag_3,0.00039
MED00254,12,lag_3,-0.00036
MED00255,12,lag_3,0.00019
MED00256,12,lag_3,0.00042
MED00257,12,lag_3,0.0003
MED00258,12,lag_3,0.0003
MED00259,12,lag_3,1e-04
MED00260,12,lag_3,0.00029
MED00261,12,lag_3,0.00034
MED00262,12,lag_3,0.00018
MED00263,12,lag_3,0.00022
MED00264,12,lag_3,-0.00084
MED00265,12,lag_3,0.00037
MED00266,12,lag_3,0.00039
MED00267,12,lag_3,0.00036
MED00268,12,lag_3,0.00031
MED00269,12,lag_3,0.00034
MED00270,12,lag_3,0.00025
MED00271,12,lag_3,-0.00052
MED00272,12,lag_3,0.00027
MED00273,12,lag_3,0.00027
MED00275,12,lag_3,0.00024
MED00276,12,lag_3,0.0003
MED00277,12,lag_3,0.0002
MED00278,12,lag_3,0.0008
MED00280,12,lag_3,-0.00052
MED00282,12,lag_3,0.00022
MED00283,12,lag_3,0.00033
MED00284,12,lag_3,0.00032
MED00285,12,lag_3,0.00037
MED00286,12,lag_3,0.00015
MED00287,12,lag_3,0.00032
MED00288,12,lag_3,0.001
MED00289,12,lag_3,0.00028
MED00290,12,lag_3,0.00032
MED00293,12,lag_3,0.00016
MED00294,12,lag_3,0.00026
MED00295,12,lag_3,0.00027
MED00296,12,lag_3,0.0003
MED00297,12,lag_3,0.00035
MED00298,12,lag_3,0.00038
MED00299,12,lag_3,0.00013
MED00300,12,lag_3,0.00029
MED00301,12,lag_3,0.00036
MED00302,12,lag_3,0.00011
MED00303,12,lag_3,0.00027
MED00304,12,lag_3,0.00028
MED00305,12,lag_3,0.00031
MED00306,12,lag_3,0.00026
MED00307,12,lag_3,0.00067
MED00308,12,lag_3,0.00036
MED00309,12,lag_3,0.00028
MED00311,12,lag_3,0.00024
MED00312,12,lag_3,0.00016
MED00313,12,lag_3,-0.00055
MED00314,12,lag_3,0.00038
MED00315,12,lag_3,0.00035
MED00316,12,lag_3,0.00026
MED00317,12,lag_3,0.00027
MED00318,12,lag_3,0.0003
MED00319,12,lag_3,0.0007
MED00321,12,lag_3,-0.00065
MED00322,12,lag_3,0.0002
MED00324,12,lag_3,0.00016
MED00325,12,lag_3,0.00021
MED00326,12,lag_3,0.00035
MED00327,12,lag_3,0.00027
MED00328,12,lag_3,0.00023
MED00329,12,lag_3,0.00089
MED00330,12,lag_3,0.00026
MED00331,12,lag_3,0.00022
MED00332,12,lag_3,0.0003
MED00335,12,lag_3,0.00022
MED00336,12,lag_3,0.00028
MED00337,12,lag_3,0.00069
MED00338,12,lag_3,0.00039
MED00339,12,lag_3,0.00029
MED00340,12,lag_3,0.00031
MED00341,12,lag_3,0.00027
MED00342,12,lag_3,0.00029
MED00343,12,lag_3,0.00074
MED00345,12,lag_3,0.0002
MED00346,12,lag_3,0.00027
MED00347,12,lag_3,0.00024
MED00348,12,lag_3,0.00035
MED00349,12,lag_3,0.00038
MED00350,12,lag_3,-0.00063
MED00351,12,lag_3,-0.00019
MED00352,12,lag_3,-0.00049
MED00353,12,lag_3,-0.00019
MED00355,12,lag_3,0.0002
MED00356,12,lag_3,0.00031
MED00357,12,lag_3,0.00016
MED00358,12,lag_3,0.00075
MED00359,12,lag_3,0.00027
MED00361,12,lag_3,0.00036
MED00362,12,lag_3,0.00037
MED00363,12,lag_3,0.00033
MED00364,12,lag_3,0.0002
MED00365,12,lag_3,0.00033
MED00366,12,lag_3,0.00091
MED00367,12,lag_3,0.00028
MED00368,12,lag_3,0.00023
MED00369,12,lag_3,0.00028
MED00370,12,lag_3,0.00022
MED00371,12,lag_3,0.00021
MED00372,12,lag_3,0.0002
MED00373,12,lag_3,0.00019
MED00375,12,lag_3,0.00014
MED00376,12,lag_3,0.00027
MED00377,12,lag_3,0.00031
MED00378,12,lag_3,0.00031
MED00379,12,lag_3,-0.00065
MED00381,12,lag_3,0.00023
MED00383,12,lag_3,0.0003
MED00384,12,lag_3,0.00033
MED00386,12,lag_3,0.00033
MED00388,12,lag_3,0.00076
MED00389,12,lag_3,0.00076
MED00391,12,lag_3,0.00063
MED00392,12,lag_3,0.00061
MED00393,12,lag_3,0.00033
MED00395,12,lag_3,0.00058
MED00396,12,lag_3,0.00098
MED00397,12,lag_3,0.00061
MED00398,12,lag_3,0.00057
MED00399,12,lag_3,0.00066
MED00400,12,lag_3,0.00053
MED00401,12,lag_3,0.00068
MED00402,12,lag_3,0.00072
MED00403,12,lag_3,0.0004
MED00404,12,lag_3,0.0004
MED00405,12,lag_3,0.0004
MED00406,12,lag_3,0.00061
MED00407,12,lag_3,0.00062
MED00408,12,lag_3,0.00015
MED00409,12,lag_3,0.00021
MED00411,12,lag_3,0.00064
MED00413,12,lag_3,0.00034
MED00414,12,lag_3,0.0006
MED00415,12,lag_3,0.00073
MED00416,12,lag_3,0.00066
MED00417,12,lag_3,0.00033
MED00418,12,lag_3,0.00023
MED00419,12,lag_3,0.00026
MED00420,12,lag_3,0.00092
MED00421,12,lag_3,0.00071
MED00423,12,lag_3,0.00058
MED00424,12,lag_3,0.00055
MED00002,1,lag_4,-0.00155
MED00003,1,lag_4,-0.00551
MED00004,1,lag_4,-0.00185
MED00005,1,lag_4,-0.00154
MED00006,1,lag_4,-0.00077
MED00007,1,lag_4,-0.00093
MED00008,1,lag_4,-0.00198
MED00009,1,lag_4,-0.00017
MED00010,1,lag_4,-0.00053
MED00011,1,lag_4,-0.00075
MED00012,1,lag_4,0.00246
MED00013,1,lag_4,-0.00265
MED00014,1,lag_4,-0.00027
MED00015,1,lag_4,-0.00324
MED00016,1,lag_4,-0.00259
MED00017,1,lag_4,-0.00102
MED00018,1,lag_4,-0.00012
MED00019,1,lag_4,0.00069
MED00020,1,lag_4,-0.00065
MED00021,1,lag_4,-0.00089
MED00022,1,lag_4,-0.00123
MED00023,1,lag_4,-0.00123
MED00024,1,lag_4,-0.00061
MED00025,1,lag_4,-0.00247
MED00026,1,lag_4,-0.00138
MED00027,1,lag_4,-0.00206
MED00028,1,lag_4,-0.00211
MED00029,1,lag_4,0.00011
MED00030,1,lag_4,-0.00082
MED00032,1,lag_4,-0.00153
MED00033,1,lag_4,-0.00159
MED00035,1,lag_4,0.00073
MED00036,1,lag_4,-0.001
MED00037,1,lag_4,-0.0003
MED00039,1,lag_4,-0.00188
MED00040,1,lag_4,-0.00175
MED00041,1,lag_4,-1e-04
MED00042,1,lag_4,-0.00072
MED00043,1,lag_4,-0.00373
MED00044,1,lag_4,-0.00066
MED00045,1,lag_4,-0.00085
MED00046,1,lag_4,-0.00072
MED00048,1,lag_4,-0.00044
MED00049,1,lag_4,-0.00372
MED00050,1,lag_4,-0.00129
MED00051,1,lag_4,-0.00703
MED00052,1,lag_4,-0.00173
MED00054,1,lag_4,-0.00076
MED00055,1,lag_4,-0.00037
MED00056,1,lag_4,-0.0005
MED00057,1,lag_4,0.00034
MED00058,1,lag_4,-0.0008
MED00059,1,lag_4,-0.00022
MED00061,1,lag_4,-0.00213
MED00063,1,lag_4,-0.007
MED00064,1,lag_4,1e-04
MED00066,1,lag_4,-0.00329
MED00067,1,lag_4,-0.00152
MED00068,1,lag_4,-0.00067
MED00069,1,lag_4,-0.00079
MED00070,1,lag_4,-0.00019
MED00071,1,lag_4,-0.00017
MED00072,1,lag_4,-0.00077
MED00073,1,lag_4,-0.00055
MED00074,1,lag_4,-0.0007
MED00075,1,lag_4,-0.00071
MED00076,1,lag_4,-0.00254
MED00077,1,lag_4,0.00011
MED00078,1,lag_4,-0.00065
MED00079,1,lag_4,-0.00104
MED00080,1,lag_4,-0.00021
MED00081,1,lag_4,-0.00492
MED00082,1,lag_4,-0.00084
MED00083,1,lag_4,-0.0003
MED00084,1,lag_4,0.00045
MED00085,1,lag_4,-0.00017
MED00086,1,lag_4,0.00043
MED00087,1,lag_4,-0.00132
MED00088,1,lag_4,-0.00025
MED00089,1,lag_4,-0.00153
MED00091,1,lag_4,-0.00074
MED00092,1,lag_4,-0.00258
MED00093,1,lag_4,-1e-04
MED00094,1,lag_4,-0.00155
MED00095,1,lag_4,-0.00107
MED00096,1,lag_4,-0.00022
MED00097,1,lag_4,0.00046
MED00098,1,lag_4,-0.00076
MED00099,1,lag_4,-0.00099
MED00100,1,lag_4,-0.0065
MED00101,1,lag_4,-0.00139
MED00102,1,lag_4,-0.0013
MED00103,1,lag_4,-0.00134
MED00104,1,lag_4,-0.00035
MED00105,1,lag_4,-0.00089
MED00106,1,lag_4,-0.00701
MED00107,1,lag_4,-0.00032
MED00109,1,lag_4,-0.00022
MED00110,1,lag_4,0.00038
MED00111,1,lag_4,-0.00409
MED00112,1,lag_4,-0.00114
MED00113,1,lag_4,-0.00184
MED00114,1,lag_4,-0.00031
MED00115,1,lag_4,-0.00111
MED00116,1,lag_4,-0.00077
MED00117,1,lag_4,-0.00141
MED00118,1,lag_4,-0.00104
MED00119,1,lag_4,-0.00088
MED00120,1,lag_4,-0.00093
MED00122,1,lag_4,-0.00017
MED00123,1,lag_4,-0.00238
MED00124,1,lag_4,-0.00107
MED00125,1,lag_4,-0.0046
MED00126,1,lag_4,0.0004
MED00127,1,lag_4,-0.00162
MED00128,1,lag_4,-0.00095
MED00129,1,lag_4,-0.00044
MED00130,1,lag_4,-0.00549
MED00131,1,lag_4,-0.00056
MED00132,1,lag_4,-0.00221
MED00133,1,lag_4,-0.00057
MED00134,1,lag_4,0.00037
MED00135,1,lag_4,-0.00148
MED00136,1,lag_4,-0.00025
MED00137,1,lag_4,-0.00014
MED00139,1,lag_4,-0.0013
MED00140,1,lag_4,-0.00105
MED00141,1,lag_4,-0.00095
MED00142,1,lag_4,-0.00014
MED00143,1,lag_4,-0.00101
MED00145,1,lag_4,-0.00286
MED00146,1,lag_4,-0.00155
MED00147,1,lag_4,-0.00111
MED00148,1,lag_4,-0.00023
MED00149,1,lag_4,-0.00018
MED00150,1,lag_4,-0.00092
MED00151,1,lag_4,-0.001
MED00152,1,lag_4,-0.00098
MED00153,1,lag_4,-0.00136
MED00154,1,lag_4,-0.00012
MED00155,1,lag_4,-0.00075
MED00156,1,lag_4,-0.00124
MED00157,1,lag_4,-0.00036
MED00158,1,lag_4,-0.00147
MED00159,1,lag_4,-0.00046
MED00160,1,lag_4,-0.00014
MED00161,1,lag_4,-0.00123
MED00162,1,lag_4,-0.00134
MED00163,1,lag_4,-0.00525
MED00164,1,lag_4,-0.00082
MED00165,1,lag_4,-0.00128
MED00166,1,lag_4,-0.00138
MED00167,1,lag_4,-0.00153
MED00168,1,lag_4,-0.00132
MED00169,1,lag_4,-0.00105
MED00170,1,lag_4,-0.00203
MED00171,1,lag_4,-0.001
MED00172,1,lag_4,-0.00076
MED00173,1,lag_4,-0.00145
MED00174,1,lag_4,-0.00176
MED00175,1,lag_4,-0.00078
MED00176,1,lag_4,-0.00011
MED00177,1,lag_4,-0.00167
MED00178,1,lag_4,-0.00211
MED00179,1,lag_4,-0.00308
MED00180,1,lag_4,-0.00083
MED00181,1,lag_4,-0.00129
MED00182,1,lag_4,-0.00206
MED00183,1,lag_4,-0.00062
MED00184,1,lag_4,-0.00309
MED00185,1,lag_4,-0.00097
MED00186,1,lag_4,-0.0011
MED00187,1,lag_4,-0.00096
MED00188,1,lag_4,-0.00177
MED00189,1,lag_4,-0.00551
MED00190,1,lag_4,-0.00135
MED00191,1,lag_4,-0.00013
MED00192,1,lag_4,-0.00441
MED00193,1,lag_4,-0.00551
MED00194,1,lag_4,-0.00011
MED00195,1,lag_4,-0.00198
MED00196,1,lag_4,-0.00159
MED00197,1,lag_4,-0.0018
MED00199,1,lag_4,-0.00047
MED00200,1,lag_4,-0.00141
MED00201,1,lag_4,-0.00043
MED00202,1,lag_4,-0.00059
MED00203,1,lag_4,-0.00093
MED00204,1,lag_4,-0.00136
MED00206,1,lag_4,-0.00162
MED00207,1,lag_4,-0.00097
MED00208,1,lag_4,-0.00017
MED00209,1,lag_4,-0.00153
MED00210,1,lag_4,-0.00044
MED00211,1,lag_4,-0.00134
MED00212,1,lag_4,-0.00114
MED00213,1,lag_4,0.00031
MED00214,1,lag_4,-0.00017
MED00215,1,lag_4,-0.0014
MED00216,1,lag_4,-0.00705
MED00217,1,lag_4,-0.00338
MED00218,1,lag_4,-0.00107
MED00219,1,lag_4,-0.00042
MED00220,1,lag_4,-0.00131
MED00221,1,lag_4,-0.00076
MED00222,1,lag_4,-0.00099
MED00223,1,lag_4,-0.00138
MED00224,1,lag_4,-0.00132
MED00225,1,lag_4,-0.0002
MED00226,1,lag_4,-0.00076
MED00228,1,lag_4,-0.00144
MED00229,1,lag_4,-0.00796
MED00230,1,lag_4,-0.00018
MED00231,1,lag_4,-0.00104
MED00232,1,lag_4,-0.00142
MED00233,1,lag_4,-0.00119
MED00234,1,lag_4,-0.001
MED00236,1,lag_4,-0.00156
MED00237,1,lag_4,-0.00068
MED00238,1,lag_4,-0.00102
MED00239,1,lag_4,-0.00107
MED00240,1,lag_4,-0.00063
MED00241,1,lag_4,-0.00133
MED00243,1,lag_4,-0.00148
MED00244,1,lag_4,-0.0014
MED00246,1,lag_4,-0.0003
MED00247,1,lag_4,-0.0002
MED00249,1,lag_4,-0.00032
MED00250,1,lag_4,0.00011
MED00251,1,lag_4,-0.00102
MED00252,1,lag_4,-0.00285
MED00253,1,lag_4,-0.00118
MED00254,1,lag_4,-0.00294
MED00255,1,lag_4,-0.00053
MED00256,1,lag_4,-0.00087
MED00257,1,lag_4,-0.00019
MED00258,1,lag_4,-0.00095
MED00259,1,lag_4,-0.00081
MED00260,1,lag_4,-0.00112
MED00261,1,lag_4,0.00059
MED00262,1,lag_4,-0.00065
MED00263,1,lag_4,-0.00165
MED00264,1,lag_4,-0.00025
MED00265,1,lag_4,-0.00042
MED00266,1,lag_4,-0.00176
MED00267,1,lag_4,-0.00104
MED00268,1,lag_4,-0.00103
MED00269,1,lag_4,-0.00097
MED00270,1,lag_4,-0.00247
MED00271,1,lag_4,-0.00228
MED00272,1,lag_4,-0.00132
MED00273,1,lag_4,-0.00112
MED00274,1,lag_4,-0.00238
MED00275,1,lag_4,-0.0003
MED00276,1,lag_4,-0.00102
MED00277,1,lag_4,-0.00551
MED00278,1,lag_4,-0.00015
MED00279,1,lag_4,-0.00035
MED00280,1,lag_4,-0.00165
MED00281,1,lag_4,-0.00022
MED00282,1,lag_4,-0.00209
MED00283,1,lag_4,-0.00153
MED00284,1,lag_4,0.0003
MED00285,1,lag_4,-0.00014
MED00287,1,lag_4,-0.00115
MED00289,1,lag_4,-0.00197
MED00290,1,lag_4,-0.00097
MED00291,1,lag_4,-0.0018
MED00292,1,lag_4,-0.00113
MED00293,1,lag_4,-0.0007
MED00294,1,lag_4,0.00312
MED00295,1,lag_4,-0.00206
MED00296,1,lag_4,-0.00142
MED00297,1,lag_4,-0.00034
MED00298,1,lag_4,-0.00107
MED00299,1,lag_4,-0.00413
MED00300,1,lag_4,0.00214
MED00301,1,lag_4,-0.00111
MED00302,1,lag_4,-0.0004
MED00303,1,lag_4,-0.0011
MED00304,1,lag_4,-0.00098
MED00305,1,lag_4,-0.00147
MED00306,1,lag_4,-0.00102
MED00307,1,lag_4,0.00023
MED00308,1,lag_4,-0.00124
MED00309,1,lag_4,-0.0009
MED00310,1,lag_4,-0.00115
MED00311,1,lag_4,-0.00014
MED00312,1,lag_4,0.00022
MED00313,1,lag_4,-0.00299
MED00314,1,lag_4,-0.00184
MED00315,1,lag_4,-0.00036
MED00317,1,lag_4,-0.0014
MED00318,1,lag_4,-0.00067
MED00320,1,lag_4,0.00194
MED00321,1,lag_4,-0.003
MED00322,1,lag_4,-0.00548
MED00323,1,lag_4,-0.00306
MED00324,1,lag_4,-0.00089
MED00325,1,lag_4,-0.00107
MED00326,1,lag_4,-0.00034
MED00328,1,lag_4,-0.00113
MED00329,1,lag_4,-0.00011
MED00330,1,lag_4,-0.00201
MED00331,1,lag_4,-0.00186
MED00332,1,lag_4,-0.00103
MED00333,1,lag_4,-0.00145
MED00334,1,lag_4,-0.00253
MED00335,1,lag_4,-0.00037
MED00336,1,lag_4,-0.0004
MED00337,1,lag_4,-0.00037
MED00338,1,lag_4,-0.00326
MED00339,1,lag_4,0.00011
MED00340,1,lag_4,0.00194
MED00341,1,lag_4,-0.00017
MED00342,1,lag_4,-0.00114
MED00343,1,lag_4,-0.00109
MED00344,1,lag_4,-0.00031
MED00345,1,lag_4,-0.00549
MED00346,1,lag_4,-0.00114
MED00347,1,lag_4,-0.00702
MED00348,1,lag_4,-0.00099
MED00349,1,lag_4,-0.00101
MED00350,1,lag_4,-0.00282
MED00351,1,lag_4,0.00037
MED00352,1,lag_4,-0.00759
MED00353,1,lag_4,0.00028
MED00354,1,lag_4,0.00131
MED00355,1,lag_4,-0.00081
MED00356,1,lag_4,-0.00206
MED00357,1,lag_4,-0.00245
MED00358,1,lag_4,-0.00117
MED00359,1,lag_4,-0.00132
MED00360,1,lag_4,-0.00254
MED00361,1,lag_4,-0.00169
MED00362,1,lag_4,-0.00103
MED00363,1,lag_4,-0.00102
MED00364,1,lag_4,-0.00708
MED00365,1,lag_4,-0.00099
MED00366,1,lag_4,-0.00011
MED00367,1,lag_4,-0.00128
MED00368,1,lag_4,-0.00255
MED00369,1,lag_4,-0.00023
MED00370,1,lag_4,-0.00263
MED00371,1,lag_4,-0.00124
MED00372,1,lag_4,-0.00493
MED00373,1,lag_4,-0.00308
MED00374,1,lag_4,-0.00291
MED00376,1,lag_4,-0.0014
MED00377,1,lag_4,-0.00121
MED00378,1,lag_4,-0.00105
MED00379,1,lag_4,-0.00103
MED00380,1,lag_4,0.00042
MED00381,1,lag_4,-0.00033
MED00382,1,lag_4,-0.00112
MED00383,1,lag_4,-0.00028
MED00384,1,lag_4,-0.00099
MED00385,1,lag_4,-0.00016
MED00386,1,lag_4,-0.00044
MED00387,1,lag_4,-0.00013
MED00388,1,lag_4,0.00328
MED00389,1,lag_4,-0.001
MED00390,1,lag_4,-0.00011
MED00391,1,lag_4,-0.00024
MED00392,1,lag_4,-0.00012
MED00393,1,lag_4,-0.00211
MED00394,1,lag_4,-0.00025
MED00395,1,lag_4,-0.00024
MED00396,1,lag_4,-1e-04
MED00397,1,lag_4,-0.00046
MED00398,1,lag_4,0.00205
MED00399,1,lag_4,0.00115
MED00400,1,lag_4,0.00052
MED00403,1,lag_4,-0.00031
MED00404,1,lag_4,-0.00107
MED00405,1,lag_4,-0.00126
MED00406,1,lag_4,-0.00025
MED00408,1,lag_4,-0.00075
MED00409,1,lag_4,-0.00054
MED00411,1,lag_4,-0.00013
MED00412,1,lag_4,-0.00032
MED00413,1,lag_4,-0.00096
MED00415,1,lag_4,-0.00023
MED00417,1,lag_4,-0.00044
MED00418,1,lag_4,-0.00032
MED00419,1,lag_4,-0.0013
MED00422,1,lag_4,-0.00017
MED00423,1,lag_4,-0.00013
MED00424,1,lag_4,0.00031
MED00002,2,lag_4,-0.00163
MED00003,2,lag_4,-0.00549
MED00004,2,lag_4,-0.00185
MED00005,2,lag_4,-0.00162
MED00006,2,lag_4,-0.00082
MED00007,2,lag_4,-0.00372
MED00008,2,lag_4,-0.00205
MED00011,2,lag_4,0.00013
MED00012,2,lag_4,0.00241
MED00013,2,lag_4,-0.00283
MED00014,2,lag_4,-0.00025
MED00015,2,lag_4,-0.00338
MED00016,2,lag_4,-0.00259
MED00017,2,lag_4,-0.00107
MED00018,2,lag_4,0.00049
MED00019,2,lag_4,0.00112
MED00020,2,lag_4,-0.00052
MED00021,2,lag_4,-0.00087
MED00022,2,lag_4,-0.00112
MED00023,2,lag_4,-0.00128
MED00024,2,lag_4,-0.00059
MED00025,2,lag_4,-0.00244
MED00026,2,lag_4,-0.00135
MED00027,2,lag_4,-0.00203
MED00028,2,lag_4,-0.00226
MED00029,2,lag_4,0.00025
MED00030,2,lag_4,-0.00162
MED00031,2,lag_4,0.00016
MED00032,2,lag_4,-0.00155
MED00033,2,lag_4,-0.00156
MED00034,2,lag_4,0.00062
MED00035,2,lag_4,0.00119
MED00036,2,lag_4,-0.00094
MED00037,2,lag_4,-0.00038
MED00039,2,lag_4,-0.00138
MED00040,2,lag_4,-0.00182
MED00042,2,lag_4,-0.0002
MED00043,2,lag_4,-0.0037
MED00044,2,lag_4,-0.0006
MED00045,2,lag_4,-0.00083
MED00046,2,lag_4,-0.00066
MED00048,2,lag_4,-0.00041
MED00049,2,lag_4,-0.0037
MED00050,2,lag_4,-0.00127
MED00051,2,lag_4,-0.007
MED00052,2,lag_4,-0.0018
MED00054,2,lag_4,-0.00065
MED00055,2,lag_4,-0.00034
MED00056,2,lag_4,-0.00065
MED00057,2,lag_4,0.00029
MED00058,2,lag_4,-0.00084
MED00059,2,lag_4,-0.00019
MED00060,2,lag_4,-0.00011
MED00061,2,lag_4,-0.00227
MED00062,2,lag_4,-0.00013
MED00063,2,lag_4,-0.00698
MED00064,2,lag_4,0.00011
MED00065,2,lag_4,-0.00029
MED00066,2,lag_4,-0.00344
MED00067,2,lag_4,-0.00145
MED00068,2,lag_4,-0.00074
MED00069,2,lag_4,-0.00073
MED00072,2,lag_4,-0.0008
MED00073,2,lag_4,-0.00047
MED00074,2,lag_4,-0.00063
MED00075,2,lag_4,-0.00078
MED00076,2,lag_4,-0.00261
MED00077,2,lag_4,0.00024
MED00078,2,lag_4,-0.0006
MED00079,2,lag_4,-0.00102
MED00080,2,lag_4,-0.00014
MED00081,2,lag_4,-0.0049
MED00082,2,lag_4,-0.00082
MED00083,2,lag_4,-0.00023
MED00084,2,lag_4,0.00059
MED00085,2,lag_4,-0.00017
MED00086,2,lag_4,0.00046
MED00087,2,lag_4,-0.00136
MED00088,2,lag_4,-0.00012
MED00089,2,lag_4,-0.00102
MED00090,2,lag_4,-0.00012
MED00091,2,lag_4,-0.00067
MED00092,2,lag_4,-0.00251
MED00093,2,lag_4,-0.00017
MED00094,2,lag_4,-0.00162
MED00095,2,lag_4,-0.00125
MED00096,2,lag_4,-0.00021
MED00097,2,lag_4,0.00049
MED00098,2,lag_4,-0.00085
MED00099,2,lag_4,-0.00097
MED00100,2,lag_4,-0.00648
MED00101,2,lag_4,-0.00108
MED00102,2,lag_4,-0.00116
MED00103,2,lag_4,-0.00142
MED00104,2,lag_4,-0.00039
MED00105,2,lag_4,-0.00087
MED00106,2,lag_4,-0.00698
MED00107,2,lag_4,-0.00036
MED00108,2,lag_4,-0.00013
MED00109,2,lag_4,-0.0002
MED00110,2,lag_4,0.00041
MED00111,2,lag_4,-0.00414
MED00112,2,lag_4,-0.00122
MED00113,2,lag_4,-0.00184
MED00114,2,lag_4,-0.00019
MED00115,2,lag_4,-0.00111
MED00116,2,lag_4,-0.00076
MED00117,2,lag_4,-0.00132
MED00118,2,lag_4,-0.00118
MED00119,2,lag_4,-0.00088
MED00120,2,lag_4,-0.00041
MED00122,2,lag_4,-0.00017
MED00123,2,lag_4,-0.0023
MED00124,2,lag_4,-0.0011
MED00125,2,lag_4,-0.00458
MED00126,2,lag_4,0.0004
MED00127,2,lag_4,-0.00153
MED00128,2,lag_4,-0.001
MED00129,2,lag_4,-0.00321
MED00130,2,lag_4,-0.00547
MED00131,2,lag_4,-0.0006
MED00132,2,lag_4,-0.00212
MED00133,2,lag_4,-0.0005
MED00134,2,lag_4,0.0004
MED00135,2,lag_4,-0.00097
MED00136,2,lag_4,-0.00015
MED00137,2,lag_4,0.0004
MED00139,2,lag_4,-0.00123
MED00140,2,lag_4,-0.00105
MED00141,2,lag_4,-0.00084
MED00142,2,lag_4,-0.00012
MED00143,2,lag_4,-0.00116
MED00144,2,lag_4,0.00015
MED00145,2,lag_4,-0.00293
MED00146,2,lag_4,-0.0043
MED00147,2,lag_4,-0.00115
MED00148,2,lag_4,-0.00027
MED00149,2,lag_4,-0.00017
MED00150,2,lag_4,-0.00096
MED00151,2,lag_4,-0.00114
MED00152,2,lag_4,-0.00098
MED00153,2,lag_4,-0.00141
MED00154,2,lag_4,-0.00017
MED00155,2,lag_4,-0.0009
MED00156,2,lag_4,-0.00124
MED00157,2,lag_4,-0.00033
MED00158,2,lag_4,-0.00144
MED00160,2,lag_4,-0.00017
MED00161,2,lag_4,-0.00131
MED00162,2,lag_4,-0.00138
MED00163,2,lag_4,-0.0053
MED00164,2,lag_4,-0.00075
MED00165,2,lag_4,-0.00123
MED00166,2,lag_4,-0.00142
MED00167,2,lag_4,-0.00152
MED00168,2,lag_4,-0.00129
MED00169,2,lag_4,-0.00748
MED00170,2,lag_4,-0.00217
MED00171,2,lag_4,-0.00114
MED00172,2,lag_4,-0.0009
MED00173,2,lag_4,-0.0015
MED00174,2,lag_4,-0.00185
MED00175,2,lag_4,-0.00075
MED00177,2,lag_4,-0.00164
MED00178,2,lag_4,-0.00205
MED00179,2,lag_4,-0.00258
MED00180,2,lag_4,-0.00088
MED00181,2,lag_4,-0.00133
MED00182,2,lag_4,-0.00203
MED00184,2,lag_4,-0.00305
MED00185,2,lag_4,-0.0009
MED00186,2,lag_4,-0.00115
MED00187,2,lag_4,-0.00085
MED00188,2,lag_4,-0.00174
MED00189,2,lag_4,-0.00549
MED00190,2,lag_4,-0.00143
MED00192,2,lag_4,-0.00446
MED00193,2,lag_4,-0.00549
MED00195,2,lag_4,-0.00196
MED00196,2,lag_4,-0.00154
MED00197,2,lag_4,-0.00177
MED00199,2,lag_4,-0.00038
MED00200,2,lag_4,-0.00138
MED00201,2,lag_4,-0.0004
MED00202,2,lag_4,-0.00064
MED00203,2,lag_4,-0.00096
MED00204,2,lag_4,-0.00133
MED00206,2,lag_4,-0.00178
MED00207,2,lag_4,-0.00101
MED00209,2,lag_4,-0.00142
MED00210,2,lag_4,-0.00037
MED00211,2,lag_4,-0.00139
MED00212,2,lag_4,-0.00106
MED00213,2,lag_4,0.00028
MED00214,2,lag_4,-0.0002
MED00215,2,lag_4,-0.00145
MED00216,2,lag_4,-0.00703
MED00217,2,lag_4,-0.00345
MED00218,2,lag_4,-0.00116
MED00219,2,lag_4,-0.00049
MED00220,2,lag_4,-0.00136
MED00221,2,lag_4,-0.00073
MED00222,2,lag_4,-0.00096
MED00223,2,lag_4,-0.00134
MED00224,2,lag_4,-0.00136
MED00225,2,lag_4,-0.00017
MED00226,2,lag_4,-0.0007
MED00228,2,lag_4,-0.00143
MED00229,2,lag_4,-0.00793
MED00230,2,lag_4,-0.00016
MED00231,2,lag_4,-0.00118
MED00232,2,lag_4,-0.00139
MED00233,2,lag_4,-0.00114
MED00234,2,lag_4,-0.00115
MED00235,2,lag_4,0.00052
MED00236,2,lag_4,-0.00148
MED00237,2,lag_4,-0.00061
MED00238,2,lag_4,-0.00381
MED00239,2,lag_4,-0.00111
MED00240,2,lag_4,-0.00056
MED00241,2,lag_4,-0.00141
MED00243,2,lag_4,-0.00156
MED00244,2,lag_4,-0.00145
MED00245,2,lag_4,-0.00044
MED00246,2,lag_4,-0.00027
MED00247,2,lag_4,-0.00017
MED00249,2,lag_4,0.00021
MED00250,2,lag_4,0.00019
MED00251,2,lag_4,-0.00107
MED00252,2,lag_4,-0.00292
MED00253,2,lag_4,-0.00127
MED00254,2,lag_4,-0.00301
MED00255,2,lag_4,-0.00048
MED00256,2,lag_4,-0.00101
MED00257,2,lag_4,-0.00011
MED00258,2,lag_4,-0.00099
MED00259,2,lag_4,-0.00095
MED00260,2,lag_4,-0.00116
MED00261,2,lag_4,0.00066
MED00262,2,lag_4,-0.00072
MED00263,2,lag_4,-0.00162
MED00264,2,lag_4,-0.00022
MED00265,2,lag_4,-0.00039
MED00266,2,lag_4,-0.00125
MED00267,2,lag_4,-0.00102
MED00268,2,lag_4,-0.00117
MED00269,2,lag_4,-0.00102
MED00270,2,lag_4,-0.00261
MED00271,2,lag_4,-0.00242
MED00272,2,lag_4,-0.00127
MED00273,2,lag_4,-0.00106
MED00274,2,lag_4,-0.0023
MED00275,2,lag_4,-0.00016
MED00276,2,lag_4,-0.00116
MED00277,2,lag_4,-0.00548
MED00278,2,lag_4,-0.00012
MED00279,2,lag_4,-0.00022
MED00280,2,lag_4,-0.00172
MED00282,2,lag_4,-0.00204
MED00283,2,lag_4,-0.00158
MED00284,2,lag_4,0.00026
MED00285,2,lag_4,-0.00017
MED00287,2,lag_4,-0.00134
MED00288,2,lag_4,-0.00011
MED00289,2,lag_4,-0.00179
MED00290,2,lag_4,-0.00101
MED00291,2,lag_4,-0.00267
MED00292,2,lag_4,-0.0012
MED00293,2,lag_4,-0.00088
MED00294,2,lag_4,0.00318
MED00295,2,lag_4,-0.00203
MED00296,2,lag_4,-0.00151
MED00297,2,lag_4,-0.00038
MED00298,2,lag_4,-0.00107
MED00299,2,lag_4,-0.00407
MED00300,2,lag_4,0.00209
MED00301,2,lag_4,-0.00758
MED00302,2,lag_4,0.0002
MED00303,2,lag_4,-0.00102
MED00304,2,lag_4,-0.00095
MED00305,2,lag_4,-0.00152
MED00306,2,lag_4,-0.00046
MED00307,2,lag_4,0.00035
MED00308,2,lag_4,-0.00113
MED00309,2,lag_4,-0.00088
MED00310,2,lag_4,-0.00123
MED00312,2,lag_4,0.0003
MED00313,2,lag_4,-0.00306
MED00314,2,lag_4,-0.00133
MED00315,2,lag_4,-0.00033
MED00317,2,lag_4,-0.00144
MED00318,2,lag_4,-0.00056
MED00320,2,lag_4,0.00185
MED00321,2,lag_4,-0.00307
MED00322,2,lag_4,-0.00545
MED00323,2,lag_4,-0.00298
MED00324,2,lag_4,-0.00078
MED00325,2,lag_4,-0.00115
MED00326,2,lag_4,-0.00031
MED00328,2,lag_4,-0.00131
MED00330,2,lag_4,-0.0021
MED00331,2,lag_4,-0.002
MED00332,2,lag_4,-0.00106
MED00333,2,lag_4,-0.00424
MED00334,2,lag_4,-0.00262
MED00335,2,lag_4,0.00023
MED00336,2,lag_4,-0.0004
MED00337,2,lag_4,-0.0002
MED00338,2,lag_4,-0.00273
MED00339,2,lag_4,-0.00015
MED00340,2,lag_4,0.00197
MED00341,2,lag_4,-1e-04
MED00342,2,lag_4,-0.00118
MED00343,2,lag_4,-0.00113
MED00344,2,lag_4,-0.00017
MED00345,2,lag_4,-0.00547
MED00346,2,lag_4,-0.00122
MED00347,2,lag_4,-0.00699
MED00348,2,lag_4,-0.00182
MED00349,2,lag_4,-0.00116
MED00350,2,lag_4,-0.00292
MED00351,2,lag_4,0.0004
MED00352,2,lag_4,-0.00756
MED00353,2,lag_4,0.00031
MED00354,2,lag_4,0.00134
MED00355,2,lag_4,-0.00086
MED00356,2,lag_4,-0.00221
MED00357,2,lag_4,-0.00252
MED00358,2,lag_4,-0.00125
MED00359,2,lag_4,-0.00137
MED00360,2,lag_4,-0.00253
MED00361,2,lag_4,-0.00169
MED00362,2,lag_4,-0.00116
MED00363,2,lag_4,-0.00117
MED00364,2,lag_4,-0.00706
MED00365,2,lag_4,-0.00099
MED00367,2,lag_4,-0.00125
MED00368,2,lag_4,-0.00274
MED00369,2,lag_4,-0.00016
MED00370,2,lag_4,-0.00335
MED00371,2,lag_4,-0.00072
MED00372,2,lag_4,-0.00491
MED00373,2,lag_4,-0.00305
MED00374,2,lag_4,-0.00305
MED00375,2,lag_4,0.00074
MED00376,2,lag_4,-0.00144
MED00377,2,lag_4,-0.00125
MED00378,2,lag_4,-0.00112
MED00379,2,lag_4,-0.00089
MED00380,2,lag_4,0.00042
MED00381,2,lag_4,-0.00026
MED00382,2,lag_4,-0.00116
MED00383,2,lag_4,-0.00022
MED00384,2,lag_4,-0.00113
MED00385,2,lag_4,-0.00015
MED00386,2,lag_4,-0.00031
MED00388,2,lag_4,0.00423
MED00389,2,lag_4,-0.00107
MED00391,2,lag_4,-0.00012
MED00393,2,lag_4,-0.00206
MED00394,2,lag_4,-0.00013
MED00395,2,lag_4,-0.00011
MED00397,2,lag_4,-0.00038
MED00398,2,lag_4,0.00379
MED00399,2,lag_4,0.00288
MED00400,2,lag_4,0.00106
MED00401,2,lag_4,0.00076
MED00402,2,lag_4,0.0002
MED00403,2,lag_4,0.00028
MED00404,2,lag_4,-0.00103
MED00405,2,lag_4,-0.00124
MED00406,2,lag_4,-0.00012
MED00407,2,lag_4,0.00022
MED00408,2,lag_4,-0.00068
MED00409,2,lag_4,-0.0005
MED00411,2,lag_4,-0.00012
MED00412,2,lag_4,-0.00029
MED00413,2,lag_4,-0.001
MED00415,2,lag_4,-0.00021
MED00416,2,lag_4,-0.00011
MED00417,2,lag_4,-0.00048
MED00418,2,lag_4,-0.00027
MED00419,2,lag_4,-0.00127
MED00421,2,lag_4,0.0002
MED00422,2,lag_4,-0.00014
MED00424,2,lag_4,0.00037
MED00002,3,lag_4,-0.00167
MED00003,3,lag_4,-0.00569
MED00004,3,lag_4,-0.00207
MED00005,3,lag_4,-0.00168
MED00006,3,lag_4,-0.00044
MED00007,3,lag_4,-0.00377
MED00008,3,lag_4,-0.00209
MED00010,3,lag_4,0.00032
MED00011,3,lag_4,0.00021
MED00012,3,lag_4,0.00279
MED00013,3,lag_4,-0.00285
MED00014,3,lag_4,-0.00031
MED00015,3,lag_4,-0.00342
MED00016,3,lag_4,-0.00261
MED00017,3,lag_4,-0.00111
MED00018,3,lag_4,0.00057
MED00019,3,lag_4,0.00094
MED00020,3,lag_4,-0.00044
MED00021,3,lag_4,-0.00083
MED00022,3,lag_4,-0.0011
MED00023,3,lag_4,-0.00147
MED00024,3,lag_4,-0.00063
MED00025,3,lag_4,-0.00206
MED00026,3,lag_4,-0.0014
MED00027,3,lag_4,-0.00166
MED00028,3,lag_4,-0.0023
MED00029,3,lag_4,0.00052
MED00030,3,lag_4,-0.00132
MED00031,3,lag_4,0.00054
MED00032,3,lag_4,-0.00137
MED00033,3,lag_4,-0.00177
MED00034,3,lag_4,0.0007
MED00035,3,lag_4,0.00115
MED00036,3,lag_4,0.00026
MED00037,3,lag_4,-0.00042
MED00039,3,lag_4,-0.00103
MED00040,3,lag_4,-0.00188
MED00042,3,lag_4,0.00109
MED00043,3,lag_4,-0.0039
MED00044,3,lag_4,-0.00064
MED00045,3,lag_4,-0.00045
MED00046,3,lag_4,-0.00029
MED00048,3,lag_4,-0.00049
MED00049,3,lag_4,-0.0039
MED00050,3,lag_4,-0.00089
MED00051,3,lag_4,-0.00719
MED00052,3,lag_4,-0.00183
MED00053,3,lag_4,0.00041
MED00054,3,lag_4,0.00035
MED00055,3,lag_4,-0.00039
MED00056,3,lag_4,-0.0005
MED00057,3,lag_4,0.00014
MED00058,3,lag_4,-0.00047
MED00061,3,lag_4,-0.00232
MED00063,3,lag_4,-0.00717
MED00065,3,lag_4,-0.00044
MED00066,3,lag_4,-0.00348
MED00067,3,lag_4,-0.00149
MED00068,3,lag_4,-0.00078
MED00069,3,lag_4,-0.00077
MED00070,3,lag_4,-0.00013
MED00071,3,lag_4,-0.00012
MED00072,3,lag_4,-0.00082
MED00073,3,lag_4,-0.00053
MED00074,3,lag_4,-0.00065
MED00075,3,lag_4,-0.0006
MED00076,3,lag_4,-0.00265
MED00077,3,lag_4,0.00065
MED00078,3,lag_4,-0.00016
MED00079,3,lag_4,-0.00161
MED00080,3,lag_4,-0.00018
MED00081,3,lag_4,-0.0051
MED00082,3,lag_4,-0.00085
MED00083,3,lag_4,-0.00027
MED00084,3,lag_4,0.00044
MED00085,3,lag_4,-0.00018
MED00086,3,lag_4,0.00026
MED00087,3,lag_4,-0.00099
MED00088,3,lag_4,-0.0002
MED00089,3,lag_4,-0.0005
MED00090,3,lag_4,-0.00016
MED00091,3,lag_4,-0.00071
MED00092,3,lag_4,-0.00253
MED00093,3,lag_4,-0.00022
MED00094,3,lag_4,-0.00166
MED00095,3,lag_4,-0.00127
MED00096,3,lag_4,-0.00027
MED00097,3,lag_4,0.00029
MED00098,3,lag_4,-0.00089
MED00099,3,lag_4,-0.0006
MED00100,3,lag_4,-0.00667
MED00101,3,lag_4,-0.0011
MED00102,3,lag_4,-0.00121
MED00103,3,lag_4,-0.00105
MED00104,3,lag_4,-0.00042
MED00105,3,lag_4,-0.00091
MED00106,3,lag_4,-0.00717
MED00107,3,lag_4,-0.0004
MED00108,3,lag_4,-0.00017
MED00109,3,lag_4,-0.0004
MED00110,3,lag_4,0.00019
MED00111,3,lag_4,-0.00418
MED00112,3,lag_4,-0.00126
MED00113,3,lag_4,-0.00186
MED00115,3,lag_4,-0.00115
MED00116,3,lag_4,-0.00082
MED00117,3,lag_4,-0.00148
MED00118,3,lag_4,-0.0012
MED00119,3,lag_4,-0.00092
MED00122,3,lag_4,-0.00019
MED00123,3,lag_4,-0.00184
MED00124,3,lag_4,-0.00114
MED00125,3,lag_4,-0.00478
MED00126,3,lag_4,0.00018
MED00127,3,lag_4,-0.00172
MED00128,3,lag_4,-0.00104
MED00129,3,lag_4,-0.00324
MED00130,3,lag_4,-0.00566
MED00131,3,lag_4,-0.00064
MED00132,3,lag_4,-0.00167
MED00133,3,lag_4,-0.00053
MED00134,3,lag_4,0.00018
MED00135,3,lag_4,-0.00047
MED00136,3,lag_4,0.00103
MED00137,3,lag_4,0.0007
MED00139,3,lag_4,-0.00085
MED00140,3,lag_4,-0.00108
MED00141,3,lag_4,-0.0009
MED00142,3,lag_4,-0.00031
MED00143,3,lag_4,-0.0012
MED00144,3,lag_4,0.00011
MED00145,3,lag_4,-0.00297
MED00146,3,lag_4,-0.00435
MED00147,3,lag_4,-0.00073
MED00148,3,lag_4,-0.00012
MED00149,3,lag_4,-0.00021
MED00150,3,lag_4,-0.00118
MED00151,3,lag_4,-0.00118
MED00152,3,lag_4,-0.00101
MED00153,3,lag_4,-0.00145
MED00154,3,lag_4,-0.00021
MED00155,3,lag_4,-0.00093
MED00156,3,lag_4,-0.00106
MED00157,3,lag_4,-0.00037
MED00158,3,lag_4,-0.00107
MED00159,3,lag_4,0.00019
MED00160,3,lag_4,-0.00021
MED00161,3,lag_4,-0.00135
MED00162,3,lag_4,-0.00101
MED00163,3,lag_4,-0.0055
MED00164,3,lag_4,-0.00079
MED00165,3,lag_4,-0.00107
MED00166,3,lag_4,-0.00104
MED00167,3,lag_4,-0.00154
MED00168,3,lag_4,-0.00091
MED00169,3,lag_4,-0.00752
MED00170,3,lag_4,-0.00219
MED00171,3,lag_4,-0.00118
MED00172,3,lag_4,-0.00092
MED00173,3,lag_4,-0.00112
MED00174,3,lag_4,-0.00192
MED00175,3,lag_4,-0.00095
MED00177,3,lag_4,-0.00168
MED00178,3,lag_4,-0.00209
MED00179,3,lag_4,-0.00221
MED00180,3,lag_4,-0.0005
MED00181,3,lag_4,-0.00095
MED00182,3,lag_4,-0.00166
MED00183,3,lag_4,-0.00195
MED00184,3,lag_4,-0.00262
MED00186,3,lag_4,-0.00119
MED00187,3,lag_4,-0.00042
MED00188,3,lag_4,-0.00176
MED00189,3,lag_4,-0.00569
MED00190,3,lag_4,-0.00147
MED00191,3,lag_4,0.00018
MED00192,3,lag_4,-0.00466
MED00193,3,lag_4,-0.00569
MED00194,3,lag_4,0.00019
MED00195,3,lag_4,-0.00179
MED00196,3,lag_4,-0.0014
MED00197,3,lag_4,-0.00161
MED00200,3,lag_4,-0.001
MED00201,3,lag_4,-0.00025
MED00202,3,lag_4,-0.00026
MED00203,3,lag_4,-0.00098
MED00204,3,lag_4,-0.00095
MED00206,3,lag_4,-0.0018
MED00207,3,lag_4,-0.00105
MED00209,3,lag_4,-0.00146
MED00210,3,lag_4,-0.00041
MED00211,3,lag_4,-0.00101
MED00212,3,lag_4,-0.00127
MED00214,3,lag_4,-0.00022
MED00215,3,lag_4,-0.00148
MED00216,3,lag_4,-0.00722
MED00217,3,lag_4,-0.00351
MED00218,3,lag_4,-0.0012
MED00219,3,lag_4,-0.00057
MED00220,3,lag_4,-0.00098
MED00221,3,lag_4,-0.00029
MED00222,3,lag_4,-0.00115
MED00223,3,lag_4,-0.00101
MED00224,3,lag_4,-0.00099
MED00225,3,lag_4,-0.00021
MED00226,3,lag_4,-0.00033
MED00227,3,lag_4,-0.00012
MED00228,3,lag_4,-0.00145
MED00229,3,lag_4,-0.00815
MED00230,3,lag_4,-0.00023
MED00231,3,lag_4,-0.0012
MED00232,3,lag_4,-0.00102
MED00233,3,lag_4,-0.00118
MED00234,3,lag_4,-0.00116
MED00235,3,lag_4,0.00076
MED00236,3,lag_4,-0.00154
MED00237,3,lag_4,-0.00024
MED00238,3,lag_4,-0.00385
MED00239,3,lag_4,-0.00115
MED00240,3,lag_4,-0.00061
MED00241,3,lag_4,-0.00145
MED00242,3,lag_4,0.00021
MED00243,3,lag_4,-0.0016
MED00244,3,lag_4,-0.00107
MED00246,3,lag_4,-0.00031
MED00247,3,lag_4,-0.00021
MED00249,3,lag_4,0.00035
MED00250,3,lag_4,0.00011
MED00251,3,lag_4,-0.0011
MED00252,3,lag_4,-0.00296
MED00253,3,lag_4,-0.00131
MED00254,3,lag_4,-0.00305
MED00255,3,lag_4,-0.00016
MED00256,3,lag_4,-0.00106
MED00257,3,lag_4,-0.00016
MED00258,3,lag_4,-0.00103
MED00259,3,lag_4,-0.00097
MED00260,3,lag_4,-0.00081
MED00261,3,lag_4,0.00103
MED00262,3,lag_4,-0.00077
MED00263,3,lag_4,-0.00166
MED00264,3,lag_4,-0.00042
MED00265,3,lag_4,-0.00043
MED00266,3,lag_4,-0.00075
MED00267,3,lag_4,-0.00105
MED00268,3,lag_4,-0.00121
MED00269,3,lag_4,-0.00106
MED00270,3,lag_4,-0.00263
MED00271,3,lag_4,-0.00246
MED00272,3,lag_4,-0.00129
MED00273,3,lag_4,-0.0011
MED00274,3,lag_4,-0.00184
MED00275,3,lag_4,-0.00027
MED00276,3,lag_4,-0.0012
MED00277,3,lag_4,-0.00568
MED00278,3,lag_4,-0.00014
MED00280,3,lag_4,-0.00177
MED00282,3,lag_4,-0.00202
MED00283,3,lag_4,-0.00178
MED00284,3,lag_4,0.00022
MED00285,3,lag_4,-0.00021
MED00287,3,lag_4,-0.00137
MED00288,3,lag_4,-0.00018
MED00289,3,lag_4,-0.00186
MED00290,3,lag_4,-0.00105
MED00291,3,lag_4,-0.00287
MED00292,3,lag_4,-0.00078
MED00293,3,lag_4,-0.00096
MED00294,3,lag_4,0.00355
MED00295,3,lag_4,-0.00167
MED00296,3,lag_4,-0.00155
MED00297,3,lag_4,-0.00042
MED00298,3,lag_4,-0.00108
MED00299,3,lag_4,-0.00429
MED00300,3,lag_4,0.00247
MED00301,3,lag_4,-0.00762
MED00302,3,lag_4,0.00053
MED00303,3,lag_4,-0.00068
MED00304,3,lag_4,-0.00099
MED00305,3,lag_4,-0.00114
MED00306,3,lag_4,-0.00066
MED00307,3,lag_4,0.00057
MED00308,3,lag_4,-0.00078
MED00309,3,lag_4,-0.00051
MED00310,3,lag_4,-0.00108
MED00311,3,lag_4,0.00023
MED00312,3,lag_4,0.00075
MED00313,3,lag_4,-0.00312
MED00314,3,lag_4,-0.00082
MED00315,3,lag_4,-0.00037
MED00316,3,lag_4,-0.00013
MED00317,3,lag_4,-0.00107
MED00318,3,lag_4,-0.00057
MED00320,3,lag_4,0.00164
MED00321,3,lag_4,-0.00313
MED00322,3,lag_4,-0.00566
MED00323,3,lag_4,-0.00253
MED00324,3,lag_4,-0.00042
MED00325,3,lag_4,-0.00119
MED00326,3,lag_4,-0.00035
MED00328,3,lag_4,-0.00133
MED00329,3,lag_4,-0.00012
MED00330,3,lag_4,-0.00213
MED00331,3,lag_4,-0.00202
MED00332,3,lag_4,-0.0011
MED00333,3,lag_4,-0.00426
MED00334,3,lag_4,-0.00268
MED00335,3,lag_4,0.00054
MED00336,3,lag_4,-0.00043
MED00337,3,lag_4,-0.00036
MED00338,3,lag_4,-0.00223
MED00339,3,lag_4,0.00022
MED00340,3,lag_4,0.00177
MED00341,3,lag_4,-0.00014
MED00342,3,lag_4,-0.00122
MED00343,3,lag_4,-0.00116
MED00344,3,lag_4,-0.00024
MED00345,3,lag_4,-0.00567
MED00346,3,lag_4,-0.00126
MED00347,3,lag_4,-0.0072
MED00348,3,lag_4,-0.00186
MED00349,3,lag_4,-0.00119
MED00350,3,lag_4,-0.00298
MED00351,3,lag_4,0.00018
MED00352,3,lag_4,-0.00778
MED00354,3,lag_4,0.00109
MED00355,3,lag_4,-0.0009
MED00356,3,lag_4,-0.00222
MED00357,3,lag_4,-0.00256
MED00358,3,lag_4,-0.0011
MED00359,3,lag_4,-0.00099
MED00360,3,lag_4,-0.00267
MED00361,3,lag_4,-0.00171
MED00362,3,lag_4,-0.0012
MED00363,3,lag_4,-0.00121
MED00364,3,lag_4,-0.00725
MED00365,3,lag_4,-0.00103
MED00366,3,lag_4,-0.00011
MED00367,3,lag_4,-0.00087
MED00368,3,lag_4,-0.00276
MED00369,3,lag_4,-0.0002
MED00370,3,lag_4,-0.003
MED00371,3,lag_4,-0.00119
MED00372,3,lag_4,-0.00511
MED00373,3,lag_4,-0.0031
MED00374,3,lag_4,-0.0029
MED00375,3,lag_4,0.00083
MED00376,3,lag_4,-0.00107
MED00377,3,lag_4,-0.00086
MED00378,3,lag_4,-0.00116
MED00379,3,lag_4,-0.00097
MED00380,3,lag_4,0.0002
MED00381,3,lag_4,-0.00031
MED00382,3,lag_4,-0.00074
MED00383,3,lag_4,-0.00025
MED00384,3,lag_4,-0.00115
MED00385,3,lag_4,-0.00023
MED00386,3,lag_4,-0.00037
MED00387,3,lag_4,1e-04
MED00388,3,lag_4,0.00483
MED00389,3,lag_4,-0.00109
MED00391,3,lag_4,-0.00019
MED00393,3,lag_4,-0.00274
MED00394,3,lag_4,-0.00015
MED00395,3,lag_4,-0.00013
MED00396,3,lag_4,0.0002
MED00397,3,lag_4,-0.00047
MED00398,3,lag_4,0.00285
MED00399,3,lag_4,0.00272
MED00400,3,lag_4,0.00095
MED00401,3,lag_4,0.00089
MED00402,3,lag_4,0.00031
MED00403,3,lag_4,0.00012
MED00404,3,lag_4,-0.00089
MED00405,3,lag_4,-0.0011
MED00407,3,lag_4,0.00034
MED00408,3,lag_4,-0.00053
MED00410,3,lag_4,0.00051
MED00412,3,lag_4,-0.00019
MED00413,3,lag_4,-0.00155
MED00417,3,lag_4,-0.00033
MED00418,3,lag_4,-0.00031
MED00419,3,lag_4,-0.00131
MED00420,3,lag_4,0.00104
MED00421,3,lag_4,0.00059
MED00424,3,lag_4,0.00021
MED00001,4,lag_4,0.00013
MED00002,4,lag_4,-0.00148
MED00003,4,lag_4,-0.00577
MED00004,4,lag_4,-0.00249
MED00005,4,lag_4,-0.00179
MED00006,4,lag_4,-0.00051
MED00007,4,lag_4,-0.00097
MED00008,4,lag_4,-0.00219
MED00010,4,lag_4,0.00017
MED00011,4,lag_4,0.00013
MED00012,4,lag_4,0.00272
MED00013,4,lag_4,-0.00296
MED00014,4,lag_4,-0.00017
MED00015,4,lag_4,-0.00353
MED00016,4,lag_4,-0.00235
MED00017,4,lag_4,-0.00122
MED00018,4,lag_4,0.00083
MED00019,4,lag_4,0.00118
MED00020,4,lag_4,-0.00029
MED00021,4,lag_4,0.00035
MED00022,4,lag_4,-0.00088
MED00023,4,lag_4,-0.00063
MED00024,4,lag_4,-0.00069
MED00025,4,lag_4,-0.00257
MED00026,4,lag_4,-0.00249
MED00027,4,lag_4,-0.00217
MED00028,4,lag_4,-0.00211
MED00029,4,lag_4,0.00063
MED00030,4,lag_4,-0.00138
MED00031,4,lag_4,0.00076
MED00032,4,lag_4,-0.00115
MED00033,4,lag_4,-0.00186
MED00034,4,lag_4,0.00212
MED00035,4,lag_4,0.00107
MED00037,4,lag_4,-0.00048
MED00038,4,lag_4,0.00016
MED00039,4,lag_4,-0.00125
MED00040,4,lag_4,-0.00196
MED00041,4,lag_4,-0.00092
MED00042,4,lag_4,0.01024
MED00043,4,lag_4,-0.00398
MED00044,4,lag_4,-0.00051
MED00045,4,lag_4,-0.00052
MED00046,4,lag_4,-0.00038
MED00047,4,lag_4,0.00013
MED00048,4,lag_4,-0.00035
MED00049,4,lag_4,-0.00398
MED00050,4,lag_4,-0.00105
MED00051,4,lag_4,-0.00727
MED00052,4,lag_4,-0.00194
MED00053,4,lag_4,0.00048
MED00054,4,lag_4,0.00049
MED00055,4,lag_4,-0.00029
MED00056,4,lag_4,-0.00055
MED00058,4,lag_4,-0.00054
MED00060,4,lag_4,0.00015
MED00061,4,lag_4,-0.00213
MED00062,4,lag_4,0.0002
MED00063,4,lag_4,-0.00725
MED00064,4,lag_4,0.00085
MED00065,4,lag_4,-0.00027
MED00066,4,lag_4,-0.00329
MED00067,4,lag_4,-0.00128
MED00068,4,lag_4,-0.00082
MED00069,4,lag_4,0.00041
MED00072,4,lag_4,-0.00088
MED00073,4,lag_4,-0.00027
MED00074,4,lag_4,-0.00051
MED00075,4,lag_4,-0.00066
MED00076,4,lag_4,-0.00275
MED00077,4,lag_4,0.00071
MED00078,4,lag_4,-0.00039
MED00079,4,lag_4,-0.00013
MED00081,4,lag_4,-0.00519
MED00082,4,lag_4,0.00033
MED00084,4,lag_4,0.00173
MED00086,4,lag_4,0.00011
MED00087,4,lag_4,-0.00106
MED00088,4,lag_4,0.00117
MED00089,4,lag_4,-0.00067
MED00091,4,lag_4,-0.00077
MED00092,4,lag_4,-0.00232
MED00093,4,lag_4,-0.00038
MED00094,4,lag_4,-0.00152
MED00095,4,lag_4,-0.00138
MED00096,4,lag_4,-0.00018
MED00097,4,lag_4,0.00067
MED00098,4,lag_4,-0.00086
MED00099,4,lag_4,-0.00111
MED00100,4,lag_4,-0.00675
MED00101,4,lag_4,-0.00098
MED00102,4,lag_4,-0.00111
MED00103,4,lag_4,-0.00112
MED00104,4,lag_4,-0.00027
MED00105,4,lag_4,-0.00076
MED00106,4,lag_4,-0.00725
MED00107,4,lag_4,-0.00025
MED00109,4,lag_4,-0.00049
MED00110,4,lag_4,1e-04
MED00111,4,lag_4,-0.00281
MED00112,4,lag_4,-0.00137
MED00113,4,lag_4,-0.00159
MED00114,4,lag_4,0.00119
MED00115,4,lag_4,0.00083
MED00117,4,lag_4,-0.00222
MED00118,4,lag_4,-0.00094
MED00119,4,lag_4,-0.00066
MED00120,4,lag_4,-0.00067
MED00121,4,lag_4,0.00022
MED00123,4,lag_4,-0.00212
MED00124,4,lag_4,-0.00099
MED00125,4,lag_4,-0.00486
MED00126,4,lag_4,-0.00024
MED00127,4,lag_4,-0.00187
MED00128,4,lag_4,-0.00115
MED00129,4,lag_4,-0.00122
MED00130,4,lag_4,-0.00574
MED00131,4,lag_4,-0.00042
MED00132,4,lag_4,-0.00194
MED00133,4,lag_4,-0.00025
MED00134,4,lag_4,-0.00024
MED00135,4,lag_4,-0.00131
MED00136,4,lag_4,0.00129
MED00137,4,lag_4,0.00088
MED00138,4,lag_4,0.00017
MED00139,4,lag_4,0.00019
MED00140,4,lag_4,-0.00082
MED00141,4,lag_4,-0.00086
MED00142,4,lag_4,-0.00046
MED00143,4,lag_4,-0.0013
MED00144,4,lag_4,0.0021
MED00145,4,lag_4,-0.00307
MED00146,4,lag_4,-0.00155
MED00150,4,lag_4,-0.00033
MED00151,4,lag_4,-0.00092
MED00152,4,lag_4,-0.00075
MED00153,4,lag_4,-0.00361
MED00155,4,lag_4,-0.00104
MED00156,4,lag_4,-0.00083
MED00157,4,lag_4,-0.00017
MED00158,4,lag_4,-0.00158
MED00161,4,lag_4,0.00049
MED00162,4,lag_4,-0.00108
MED00163,4,lag_4,-0.00558
MED00164,4,lag_4,0.00018
MED00165,4,lag_4,-0.00116
MED00166,4,lag_4,-0.00112
MED00167,4,lag_4,-0.00128
MED00169,4,lag_4,-0.00753
MED00170,4,lag_4,-0.0023
MED00171,4,lag_4,-0.00129
MED00172,4,lag_4,-0.00085
MED00173,4,lag_4,-0.00127
MED00174,4,lag_4,-0.00202
MED00175,4,lag_4,-0.00145
MED00176,4,lag_4,0.00026
MED00177,4,lag_4,-0.00277
MED00178,4,lag_4,-0.00217
MED00179,4,lag_4,-0.00244
MED00180,4,lag_4,0.00053
MED00182,4,lag_4,-0.00217
MED00183,4,lag_4,0.00059
MED00184,4,lag_4,-0.00277
MED00185,4,lag_4,0.00028
MED00186,4,lag_4,-0.00335
MED00187,4,lag_4,0.00056
MED00188,4,lag_4,-0.00156
MED00189,4,lag_4,-0.00577
MED00190,4,lag_4,-0.00364
MED00191,4,lag_4,0.00029
MED00192,4,lag_4,-0.00474
MED00193,4,lag_4,-0.00577
MED00194,4,lag_4,0.00027
MED00195,4,lag_4,-0.00189
MED00196,4,lag_4,-0.0015
MED00197,4,lag_4,-0.00171
MED00198,4,lag_4,0.00017
MED00199,4,lag_4,-0.00014
MED00200,4,lag_4,-0.00017
MED00201,4,lag_4,-0.00015
MED00202,4,lag_4,-0.00034
MED00203,4,lag_4,-0.00104
MED00205,4,lag_4,1e-04
MED00206,4,lag_4,-0.0016
MED00207,4,lag_4,-0.00116
MED00209,4,lag_4,-0.00065
MED00210,4,lag_4,-0.00018
MED00211,4,lag_4,-0.00117
MED00212,4,lag_4,-0.00144
MED00213,4,lag_4,-0.00033
MED00215,4,lag_4,-0.00367
MED00216,4,lag_4,-0.0073
MED00217,4,lag_4,-0.00361
MED00218,4,lag_4,-0.00131
MED00219,4,lag_4,-0.00058
MED00220,4,lag_4,-0.00105
MED00221,4,lag_4,0.00072
MED00222,4,lag_4,-0.00131
MED00223,4,lag_4,-0.00115
MED00224,4,lag_4,-0.00106
MED00226,4,lag_4,-0.00043
MED00228,4,lag_4,-0.00122
MED00229,4,lag_4,-0.00857
MED00230,4,lag_4,-0.00011
MED00231,4,lag_4,-0.00131
MED00232,4,lag_4,-0.00018
MED00233,4,lag_4,-0.00126
MED00234,4,lag_4,-0.00127
MED00235,4,lag_4,0.00087
MED00236,4,lag_4,-0.00229
MED00238,4,lag_4,-0.00105
MED00239,4,lag_4,-0.00091
MED00240,4,lag_4,-0.00034
MED00241,4,lag_4,-0.00362
MED00242,4,lag_4,0.0003
MED00243,4,lag_4,-0.0017
MED00244,4,lag_4,-0.00114
MED00246,4,lag_4,-0.00014
MED00247,4,lag_4,-0.00011
MED00248,4,lag_4,0.00025
MED00249,4,lag_4,0.00116
MED00250,4,lag_4,0.00028
MED00251,4,lag_4,-0.00121
MED00252,4,lag_4,-0.00301
MED00253,4,lag_4,0.00064
MED00254,4,lag_4,-0.0031
MED00256,4,lag_4,-0.00117
MED00258,4,lag_4,-0.00176
MED00259,4,lag_4,-0.00108
MED00260,4,lag_4,-0.00087
MED00261,4,lag_4,0.0012
MED00262,4,lag_4,-0.0006
MED00263,4,lag_4,-0.00145
MED00264,4,lag_4,-0.00084
MED00265,4,lag_4,-0.00033
MED00266,4,lag_4,-0.00159
MED00267,4,lag_4,-0.00086
MED00268,4,lag_4,-0.00132
MED00269,4,lag_4,-0.00117
MED00270,4,lag_4,-0.00237
MED00271,4,lag_4,-0.00226
MED00272,4,lag_4,0.00055
MED00273,4,lag_4,-0.00082
MED00274,4,lag_4,-0.00212
MED00275,4,lag_4,-0.00016
MED00276,4,lag_4,-0.00131
MED00277,4,lag_4,-0.00576
MED00279,4,lag_4,0.00116
MED00280,4,lag_4,-0.00187
MED00282,4,lag_4,-0.00309
MED00283,4,lag_4,-0.00194
MED00284,4,lag_4,0.00016
MED00286,4,lag_4,0.0002
MED00287,4,lag_4,-0.00148
MED00288,4,lag_4,-0.00022
MED00289,4,lag_4,-0.00177
MED00290,4,lag_4,-0.00116
MED00291,4,lag_4,-0.00356
MED00292,4,lag_4,-0.0008
MED00293,4,lag_4,-0.00113
MED00294,4,lag_4,0.00337
MED00295,4,lag_4,-0.00217
MED00296,4,lag_4,-0.00228
MED00297,4,lag_4,-0.00016
MED00298,4,lag_4,-0.00085
MED00299,4,lag_4,-0.00471
MED00300,4,lag_4,0.0024
MED00301,4,lag_4,-0.00735
MED00302,4,lag_4,0.00145
MED00304,4,lag_4,-0.00166
MED00305,4,lag_4,-0.00011
MED00306,4,lag_4,-0.00116
MED00307,4,lag_4,0.0008
MED00308,4,lag_4,-0.00055
MED00309,4,lag_4,-0.00053
MED00310,4,lag_4,-0.00182
MED00311,4,lag_4,0.00049
MED00313,4,lag_4,-0.00323
MED00314,4,lag_4,-0.00132
MED00315,4,lag_4,-0.00027
MED00316,4,lag_4,0.00013
MED00317,4,lag_4,-0.00114
MED00318,4,lag_4,-0.00035
MED00320,4,lag_4,0.00082
MED00321,4,lag_4,-0.00326
MED00322,4,lag_4,-0.00574
MED00323,4,lag_4,-0.0028
MED00324,4,lag_4,-0.00019
MED00325,4,lag_4,-0.0013
MED00326,4,lag_4,-0.00025
MED00327,4,lag_4,0.00021
MED00328,4,lag_4,-0.00126
MED00330,4,lag_4,-0.0003
MED00331,4,lag_4,-0.00213
MED00332,4,lag_4,-0.00084
MED00333,4,lag_4,-0.00147
MED00334,4,lag_4,-0.00407
MED00335,4,lag_4,0.00074
MED00337,4,lag_4,-0.00018
MED00338,4,lag_4,0.00696
MED00340,4,lag_4,0.0016
MED00342,4,lag_4,-0.00339
MED00343,4,lag_4,-0.00101
MED00344,4,lag_4,-0.00015
MED00345,4,lag_4,-0.00575
MED00346,4,lag_4,0.00071
MED00347,4,lag_4,-0.00728
MED00348,4,lag_4,-0.00196
MED00349,4,lag_4,-0.00093
MED00350,4,lag_4,-0.00312
MED00351,4,lag_4,-0.00024
MED00352,4,lag_4,-0.0082
MED00353,4,lag_4,-0.00033
MED00354,4,lag_4,0.001
MED00355,4,lag_4,-0.00073
MED00356,4,lag_4,-0.00196
MED00357,4,lag_4,-0.00267
MED00358,4,lag_4,-0.00184
MED00359,4,lag_4,-0.00107
MED00360,4,lag_4,-0.00246
MED00361,4,lag_4,-0.00144
MED00362,4,lag_4,-0.00125
MED00363,4,lag_4,-0.00131
MED00364,4,lag_4,-0.00733
MED00365,4,lag_4,-0.00077
MED00367,4,lag_4,0.00016
MED00368,4,lag_4,-0.0025
MED00370,4,lag_4,-0.00322
MED00371,4,lag_4,0.00024
MED00372,4,lag_4,-0.00519
MED00373,4,lag_4,-0.00528
MED00374,4,lag_4,-0.00296
MED00375,4,lag_4,0.00108
MED00376,4,lag_4,-0.00114
MED00377,4,lag_4,-0.00137
MED00378,4,lag_4,-0.00093
MED00379,4,lag_4,-0.00086
MED00380,4,lag_4,0.00011
MED00382,4,lag_4,0.00031
MED00384,4,lag_4,-0.00089
MED00386,4,lag_4,-0.00023
MED00387,4,lag_4,0.00029
MED00388,4,lag_4,0.0049
MED00389,4,lag_4,-0.00098
MED00393,4,lag_4,-0.0031
MED00396,4,lag_4,0.00034
MED00397,4,lag_4,-0.00054
MED00398,4,lag_4,0.00276
MED00399,4,lag_4,0.00328
MED00400,4,lag_4,0.0012
MED00401,4,lag_4,0.00035
MED00402,4,lag_4,0.00043
MED00403,4,lag_4,0.00137
MED00405,4,lag_4,-0.00089
MED00406,4,lag_4,0.00014
MED00407,4,lag_4,0.00048
MED00408,4,lag_4,-0.00036
MED00409,4,lag_4,-0.00231
MED00410,4,lag_4,0.00069
MED00411,4,lag_4,0.00012
MED00413,4,lag_4,0.00089
MED00414,4,lag_4,0.00016
MED00416,4,lag_4,0.00022
MED00417,4,lag_4,-0.00016
MED00418,4,lag_4,-0.00015
MED00419,4,lag_4,-0.00135
MED00420,4,lag_4,0.00119
MED00421,4,lag_4,0.00067
MED00422,4,lag_4,0.00011
MED00424,4,lag_4,0.00044
MED00001,5,lag_4,0.00058
MED00002,5,lag_4,-0.00159
MED00003,5,lag_4,-0.00394
MED00004,5,lag_4,0.00224
MED00005,5,lag_4,0.00337
MED00006,5,lag_4,0.00076
MED00007,5,lag_4,-0.00104
MED00008,5,lag_4,-0.00219
MED00010,5,lag_4,-0.00153
MED00012,5,lag_4,0.00106
MED00013,5,lag_4,-0.00295
MED00014,5,lag_4,-0.00022
MED00015,5,lag_4,-0.00352
MED00016,5,lag_4,-0.00232
MED00017,5,lag_4,-0.00119
MED00018,5,lag_4,0.00069
MED00019,5,lag_4,0.00105
MED00020,5,lag_4,-0.00044
MED00021,5,lag_4,0.00136
MED00022,5,lag_4,-0.00052
MED00023,5,lag_4,0.00014
MED00025,5,lag_4,-0.00553
MED00026,5,lag_4,-0.00552
MED00027,5,lag_4,-0.00513
MED00028,5,lag_4,-0.00211
MED00029,5,lag_4,0.00015
MED00030,5,lag_4,-0.00134
MED00031,5,lag_4,0.00137
MED00032,5,lag_4,-0.00066
MED00033,5,lag_4,0.00287
MED00034,5,lag_4,0.00181
MED00035,5,lag_4,-0.00195
MED00037,5,lag_4,-0.00045
MED00039,5,lag_4,0.00144
MED00040,5,lag_4,-0.00196
MED00041,5,lag_4,0.00029
MED00042,5,lag_4,0.011
MED00043,5,lag_4,-0.00391
MED00044,5,lag_4,0.00052
MED00045,5,lag_4,0.00077
MED00046,5,lag_4,0.00069
MED00047,5,lag_4,0.00017
MED00048,5,lag_4,-0.00039
MED00049,5,lag_4,-0.00391
MED00050,5,lag_4,-0.00097
MED00051,5,lag_4,-0.00541
MED00052,5,lag_4,-0.00192
MED00055,5,lag_4,-0.00035
MED00056,5,lag_4,-0.00056
MED00057,5,lag_4,-0.00292
MED00058,5,lag_4,0.00073
MED00060,5,lag_4,0.00067
MED00061,5,lag_4,-0.00212
MED00062,5,lag_4,0.00085
MED00063,5,lag_4,-0.00539
MED00064,5,lag_4,0.00092
MED00065,5,lag_4,-0.00035
MED00066,5,lag_4,-0.00329
MED00067,5,lag_4,-0.0013
MED00068,5,lag_4,0.00016
MED00069,5,lag_4,0.00079
MED00070,5,lag_4,-0.00018
MED00071,5,lag_4,0.00106
MED00072,5,lag_4,-0.00053
MED00073,5,lag_4,1e-04
MED00074,5,lag_4,0.00051
MED00075,5,lag_4,-0.00017
MED00076,5,lag_4,-0.00275
MED00077,5,lag_4,0.00061
MED00078,5,lag_4,0.00128
MED00079,5,lag_4,0.00118
MED00080,5,lag_4,0.00044
MED00081,5,lag_4,-0.00335
MED00082,5,lag_4,0.00145
MED00083,5,lag_4,0.0009
MED00084,5,lag_4,0.00164
MED00086,5,lag_4,0.00016
MED00087,5,lag_4,-0.00097
MED00088,5,lag_4,0.00103
MED00090,5,lag_4,0.0007
MED00091,5,lag_4,-0.00054
MED00092,5,lag_4,-0.00208
MED00093,5,lag_4,-0.00339
MED00094,5,lag_4,-0.00156
MED00095,5,lag_4,-0.00135
MED00096,5,lag_4,-0.00012
MED00097,5,lag_4,0.0002
MED00098,5,lag_4,-0.00098
MED00099,5,lag_4,-0.00407
MED00100,5,lag_4,-0.00489
MED00101,5,lag_4,-0.00095
MED00102,5,lag_4,-0.0011
MED00103,5,lag_4,-0.00106
MED00104,5,lag_4,-0.00028
MED00105,5,lag_4,-0.00067
MED00106,5,lag_4,-0.00539
MED00107,5,lag_4,-0.00027
MED00108,5,lag_4,0.00011
MED00109,5,lag_4,-0.00163
MED00110,5,lag_4,-0.00106
MED00111,5,lag_4,-0.00279
MED00112,5,lag_4,-0.00135
MED00113,5,lag_4,-0.00158
MED00114,5,lag_4,0.00077
MED00115,5,lag_4,0.0008
MED00117,5,lag_4,-0.00216
MED00118,5,lag_4,-0.00091
MED00119,5,lag_4,-0.00065
MED00121,5,lag_4,0.00022
MED00122,5,lag_4,1e-04
MED00123,5,lag_4,-0.00011
MED00124,5,lag_4,-0.00101
MED00125,5,lag_4,-0.00303
MED00126,5,lag_4,-0.0014
MED00127,5,lag_4,-0.00074
MED00128,5,lag_4,-0.00115
MED00130,5,lag_4,-0.00391
MED00131,5,lag_4,0.00029
MED00133,5,lag_4,-0.00025
MED00134,5,lag_4,-0.0014
MED00135,5,lag_4,-0.0007
MED00136,5,lag_4,0.00124
MED00137,5,lag_4,0.00045
MED00138,5,lag_4,0.0002
MED00139,5,lag_4,0.00025
MED00140,5,lag_4,-0.00078
MED00142,5,lag_4,-0.00039
MED00143,5,lag_4,-0.00128
MED00144,5,lag_4,0.0023
MED00145,5,lag_4,-0.00306
MED00146,5,lag_4,-0.0015
MED00147,5,lag_4,0.00064
MED00148,5,lag_4,0.00054
MED00150,5,lag_4,0.00078
MED00151,5,lag_4,-0.00092
MED00152,5,lag_4,-0.00076
MED00153,5,lag_4,-0.00361
MED00155,5,lag_4,-0.00102
MED00156,5,lag_4,-0.00032
MED00157,5,lag_4,-0.00017
MED00158,5,lag_4,-0.00455
MED00161,5,lag_4,0.00024
MED00162,5,lag_4,-0.00099
MED00163,5,lag_4,-0.00374
MED00164,5,lag_4,0.00122
MED00165,5,lag_4,-0.00115
MED00166,5,lag_4,-0.00103
MED00167,5,lag_4,-0.00128
MED00169,5,lag_4,-0.00751
MED00170,5,lag_4,-0.00227
MED00171,5,lag_4,-0.00127
MED00172,5,lag_4,-0.00055
MED00173,5,lag_4,-0.00119
MED00174,5,lag_4,-0.00196
MED00175,5,lag_4,-0.00146
MED00176,5,lag_4,0.00011
MED00177,5,lag_4,-0.0073
MED00178,5,lag_4,-0.00213
MED00179,5,lag_4,-0.0013
MED00180,5,lag_4,0.0018
MED00181,5,lag_4,0.00017
MED00182,5,lag_4,-0.00513
MED00183,5,lag_4,-0.00915
MED00184,5,lag_4,-0.00272
MED00185,5,lag_4,0.00054
MED00186,5,lag_4,-0.00338
MED00187,5,lag_4,0.00307
MED00188,5,lag_4,-0.00153
MED00189,5,lag_4,-0.00394
MED00190,5,lag_4,-0.00361
MED00191,5,lag_4,0.0002
MED00192,5,lag_4,-0.00466
MED00193,5,lag_4,-0.00394
MED00194,5,lag_4,0.00024
MED00195,5,lag_4,-0.00187
MED00196,5,lag_4,-0.00149
MED00197,5,lag_4,-0.00169
MED00198,5,lag_4,0.00017
MED00199,5,lag_4,0.00011
MED00202,5,lag_4,0.00094
MED00203,5,lag_4,-0.00081
MED00204,5,lag_4,0.00018
MED00205,5,lag_4,0.00019
MED00206,5,lag_4,-0.0013
MED00207,5,lag_4,-0.00114
MED00209,5,lag_4,-0.00079
MED00210,5,lag_4,-0.00024
MED00211,5,lag_4,-0.00109
MED00212,5,lag_4,0.00089
MED00213,5,lag_4,-0.00149
MED00215,5,lag_4,-0.00425
MED00216,5,lag_4,-0.00545
MED00217,5,lag_4,-0.00185
MED00218,5,lag_4,-0.0013
MED00219,5,lag_4,-0.00063
MED00220,5,lag_4,-0.00097
MED00221,5,lag_4,0.00178
MED00222,5,lag_4,-0.00124
MED00223,5,lag_4,-0.00144
MED00224,5,lag_4,-0.00097
MED00226,5,lag_4,0.00065
MED00228,5,lag_4,-0.00083
MED00229,5,lag_4,-0.00678
MED00230,5,lag_4,-1e-04
MED00231,5,lag_4,-0.00127
MED00233,5,lag_4,-0.00125
MED00234,5,lag_4,-0.00127
MED00235,5,lag_4,0.00045
MED00236,5,lag_4,-0.00224
MED00238,5,lag_4,-0.00102
MED00239,5,lag_4,-0.00091
MED00241,5,lag_4,-0.00359
MED00242,5,lag_4,0.00026
MED00243,5,lag_4,-0.00181
MED00244,5,lag_4,-0.00105
MED00246,5,lag_4,-0.00012
MED00247,5,lag_4,-0.00011
MED00248,5,lag_4,0.0013
MED00249,5,lag_4,0.00116
MED00250,5,lag_4,0.00097
MED00251,5,lag_4,-0.00119
MED00252,5,lag_4,-0.00299
MED00253,5,lag_4,0.00064
MED00254,5,lag_4,-0.00308
MED00255,5,lag_4,0.00011
MED00256,5,lag_4,-0.00124
MED00257,5,lag_4,0.00098
MED00258,5,lag_4,-0.00177
MED00259,5,lag_4,-0.00105
MED00260,5,lag_4,-0.00151
MED00261,5,lag_4,-0.00042
MED00262,5,lag_4,0.0004
MED00263,5,lag_4,-0.00145
MED00264,5,lag_4,-0.00198
MED00265,5,lag_4,-0.00035
MED00266,5,lag_4,-0.00099
MED00267,5,lag_4,-0.00081
MED00268,5,lag_4,-0.00129
MED00269,5,lag_4,-0.00117
MED00270,5,lag_4,-0.00238
MED00271,5,lag_4,-0.00162
MED00272,5,lag_4,0.00159
MED00273,5,lag_4,-0.00012
MED00274,5,lag_4,-0.00011
MED00275,5,lag_4,-0.00011
MED00276,5,lag_4,-0.00129
MED00277,5,lag_4,-0.00393
MED00279,5,lag_4,0.00074
MED00280,5,lag_4,-0.00187
MED00282,5,lag_4,-0.00268
MED00283,5,lag_4,-0.00154
MED00284,5,lag_4,0.00172
MED00286,5,lag_4,0.00021
MED00287,5,lag_4,-0.00145
MED00288,5,lag_4,-0.00019
MED00289,5,lag_4,-0.00188
MED00290,5,lag_4,-0.00116
MED00291,5,lag_4,-0.0034
MED00292,5,lag_4,-0.00021
MED00293,5,lag_4,-0.00013
MED00294,5,lag_4,0.00281
MED00295,5,lag_4,-0.00513
MED00296,5,lag_4,-0.00226
MED00297,5,lag_4,-0.00016
MED00298,5,lag_4,-0.00081
MED00299,5,lag_4,-0.00465
MED00300,5,lag_4,0.00073
MED00301,5,lag_4,-0.00736
MED00302,5,lag_4,0.00112
MED00303,5,lag_4,0.00186
MED00304,5,lag_4,-0.00066
MED00306,5,lag_4,-0.00466
MED00307,5,lag_4,0.00068
MED00308,5,lag_4,0.00056
MED00309,5,lag_4,0.00051
MED00310,5,lag_4,-0.00131
MED00311,5,lag_4,0.00074
MED00312,5,lag_4,0.00194
MED00313,5,lag_4,0.00195
MED00314,5,lag_4,-0.00069
MED00315,5,lag_4,-0.0003
MED00316,5,lag_4,0.00014
MED00317,5,lag_4,-0.00105
MED00320,5,lag_4,-0.00078
MED00321,5,lag_4,0.00191
MED00322,5,lag_4,-0.00391
MED00323,5,lag_4,-0.00197
MED00325,5,lag_4,-0.00132
MED00326,5,lag_4,-0.00026
MED00327,5,lag_4,0.00021
MED00328,5,lag_4,-0.00123
MED00330,5,lag_4,-0.00046
MED00331,5,lag_4,-0.00212
MED00332,5,lag_4,-0.0008
MED00333,5,lag_4,-0.00143
MED00334,5,lag_4,-0.00402
MED00335,5,lag_4,0.00033
MED00336,5,lag_4,0.00018
MED00337,5,lag_4,-0.00033
MED00338,5,lag_4,0.00877
MED00339,5,lag_4,0.00204
MED00340,5,lag_4,-0.00137
MED00342,5,lag_4,-0.00339
MED00343,5,lag_4,-0.00099
MED00344,5,lag_4,-0.00016
MED00345,5,lag_4,-0.00391
MED00346,5,lag_4,0.00071
MED00347,5,lag_4,-0.00542
MED00348,5,lag_4,-0.00197
MED00349,5,lag_4,-0.00094
MED00350,5,lag_4,0.00181
MED00351,5,lag_4,-0.0014
MED00352,5,lag_4,-0.0064
MED00353,5,lag_4,-0.00149
MED00354,5,lag_4,-0.00016
MED00355,5,lag_4,-0.00068
MED00356,5,lag_4,-0.00193
MED00357,5,lag_4,-0.00266
MED00358,5,lag_4,-0.00115
MED00359,5,lag_4,-0.00098
MED00360,5,lag_4,-0.00137
MED00361,5,lag_4,-0.00141
MED00362,5,lag_4,-0.00131
MED00363,5,lag_4,-0.00129
MED00364,5,lag_4,-0.00547
MED00365,5,lag_4,-0.00073
MED00367,5,lag_4,0.00027
MED00368,5,lag_4,-0.00251
MED00369,5,lag_4,0.00028
MED00370,5,lag_4,-0.00053
MED00371,5,lag_4,0.00088
MED00372,5,lag_4,-0.00336
MED00373,5,lag_4,-0.00526
MED00374,5,lag_4,-0.00252
MED00375,5,lag_4,0.00094
MED00376,5,lag_4,-0.00105
MED00377,5,lag_4,-0.00428
MED00378,5,lag_4,-0.00091
MED00379,5,lag_4,-0.0023
MED00380,5,lag_4,-0.00105
MED00381,5,lag_4,0.00785
MED00382,5,lag_4,0.00077
MED00384,5,lag_4,-0.00089
MED00386,5,lag_4,-0.00012
MED00387,5,lag_4,0.00018
MED00388,5,lag_4,0.0054
MED00390,5,lag_4,-0.00042
MED00393,5,lag_4,-0.00194
MED00395,5,lag_4,1e-04
MED00396,5,lag_4,0.00031
MED00397,5,lag_4,-0.00051
MED00398,5,lag_4,0.00263
MED00399,5,lag_4,0.00314
MED00400,5,lag_4,0.001
MED00402,5,lag_4,0.00115
MED00403,5,lag_4,0.00146
MED00404,5,lag_4,-0.00012
MED00405,5,lag_4,-0.00099
MED00408,5,lag_4,0.00018
MED00409,5,lag_4,-0.00174
MED00410,5,lag_4,0.00152
MED00411,5,lag_4,-0.00041
MED00412,5,lag_4,-0.00029
MED00413,5,lag_4,0.00222
MED00414,5,lag_4,-0.00012
MED00415,5,lag_4,-0.00018
MED00416,5,lag_4,0.00157
MED00417,5,lag_4,1e-04
MED00418,5,lag_4,0.00031
MED00419,5,lag_4,-0.00069
MED00420,5,lag_4,0.00046
MED00421,5,lag_4,0.00032
MED00422,5,lag_4,-0.00017
MED00424,5,lag_4,0.00043
MED00001,6,lag_4,0.00053
MED00002,6,lag_4,-0.0017
MED00003,6,lag_4,-0.00366
MED00004,6,lag_4,0.00287
MED00005,6,lag_4,0.0036
MED00006,6,lag_4,0.00044
MED00007,6,lag_4,-0.00116
MED00008,6,lag_4,-0.00198
MED00010,6,lag_4,-0.00135
MED00011,6,lag_4,-0.00055
MED00012,6,lag_4,0.00074
MED00013,6,lag_4,-0.0029
MED00014,6,lag_4,-0.00029
MED00015,6,lag_4,-0.00334
MED00016,6,lag_4,-0.00263
MED00017,6,lag_4,-0.001
MED00018,6,lag_4,0.00056
MED00019,6,lag_4,0.00101
MED00020,6,lag_4,-0.00066
MED00021,6,lag_4,0.00027
MED00022,6,lag_4,-0.00086
MED00023,6,lag_4,-0.00017
MED00024,6,lag_4,0.00046
MED00025,6,lag_4,-0.0055
MED00026,6,lag_4,-0.00441
MED00027,6,lag_4,-0.00508
MED00028,6,lag_4,-0.00219
MED00029,6,lag_4,0.00016
MED00030,6,lag_4,-0.00115
MED00031,6,lag_4,0.0012
MED00032,6,lag_4,-0.00123
MED00033,6,lag_4,0.00316
MED00034,6,lag_4,0.00045
MED00035,6,lag_4,-0.00242
MED00036,6,lag_4,-0.00087
MED00037,6,lag_4,-0.0003
MED00039,6,lag_4,0.00168
MED00040,6,lag_4,-0.00188
MED00041,6,lag_4,0.00124
MED00042,6,lag_4,-0.00014
MED00043,6,lag_4,-0.00363
MED00044,6,lag_4,0.00047
MED00045,6,lag_4,0.00045
MED00046,6,lag_4,0.00049
MED00048,6,lag_4,-0.00035
MED00049,6,lag_4,-0.00363
MED00050,6,lag_4,-0.00121
MED00051,6,lag_4,-0.00515
MED00052,6,lag_4,-0.00171
MED00053,6,lag_4,-1e-04
MED00054,6,lag_4,-0.00092
MED00055,6,lag_4,-0.00034
MED00056,6,lag_4,-0.00059
MED00057,6,lag_4,-0.00262
MED00058,6,lag_4,0.0004
MED00059,6,lag_4,-0.00025
MED00060,6,lag_4,0.00044
MED00061,6,lag_4,-0.0022
MED00062,6,lag_4,0.00057
MED00063,6,lag_4,-0.00513
MED00064,6,lag_4,0.00017
MED00065,6,lag_4,-0.00036
MED00066,6,lag_4,-0.0034
MED00067,6,lag_4,-0.00157
MED00068,6,lag_4,0.0003
MED00069,6,lag_4,-0.00031
MED00070,6,lag_4,-0.00019
MED00071,6,lag_4,0.00098
MED00072,6,lag_4,-0.00041
MED00074,6,lag_4,0.00044
MED00075,6,lag_4,-0.00024
MED00076,6,lag_4,-0.00256
MED00077,6,lag_4,0.00016
MED00078,6,lag_4,0.00109
MED00079,6,lag_4,0.00026
MED00080,6,lag_4,0.00027
MED00081,6,lag_4,-0.00306
MED00082,6,lag_4,0.00034
MED00083,6,lag_4,0.00078
MED00084,6,lag_4,0.00055
MED00085,6,lag_4,-1e-04
MED00086,6,lag_4,0.00051
MED00087,6,lag_4,-0.00129
MED00088,6,lag_4,-0.00024
MED00089,6,lag_4,-0.00114
MED00090,6,lag_4,0.00056
MED00091,6,lag_4,-0.00028
MED00092,6,lag_4,-0.00239
MED00093,6,lag_4,-0.00327
MED00094,6,lag_4,-0.00162
MED00095,6,lag_4,-0.00118
MED00096,6,lag_4,-0.00015
MED00097,6,lag_4,0.00055
MED00098,6,lag_4,-0.00092
MED00099,6,lag_4,-0.00402
MED00100,6,lag_4,-0.00463
MED00101,6,lag_4,-0.00112
MED00102,6,lag_4,-0.00127
MED00103,6,lag_4,-0.00138
MED00104,6,lag_4,-0.00035
MED00105,6,lag_4,-0.00075
MED00106,6,lag_4,-0.00513
MED00107,6,lag_4,-0.00034
MED00109,6,lag_4,-0.00135
MED00110,6,lag_4,-0.00076
MED00111,6,lag_4,-0.00407
MED00112,6,lag_4,-0.00116
MED00113,6,lag_4,-0.0019
MED00114,6,lag_4,-0.00021
MED00115,6,lag_4,-0.00109
MED00116,6,lag_4,-0.00069
MED00117,6,lag_4,-0.00129
MED00118,6,lag_4,-0.00111
MED00119,6,lag_4,-0.00083
MED00120,6,lag_4,-0.00053
MED00123,6,lag_4,-0.00104
MED00124,6,lag_4,-0.00108
MED00125,6,lag_4,-0.00275
MED00126,6,lag_4,-0.00077
MED00127,6,lag_4,-0.00041
MED00128,6,lag_4,-0.00096
MED00129,6,lag_4,0.00062
MED00130,6,lag_4,-0.00363
MED00131,6,lag_4,0.00048
MED00132,6,lag_4,-0.00086
MED00133,6,lag_4,-0.00046
MED00134,6,lag_4,-0.00077
MED00135,6,lag_4,-0.00111
MED00136,6,lag_4,-1e-04
MED00137,6,lag_4,0.00039
MED00139,6,lag_4,-0.00119
MED00140,6,lag_4,-0.00096
MED00143,6,lag_4,-0.00108
MED00144,6,lag_4,0.0004
MED00145,6,lag_4,-0.00288
MED00146,6,lag_4,-0.00163
MED00147,6,lag_4,-0.00064
MED00148,6,lag_4,0.00028
MED00149,6,lag_4,-1e-04
MED00150,6,lag_4,0.00012
MED00151,6,lag_4,-0.0011
MED00152,6,lag_4,-0.00094
MED00153,6,lag_4,-0.00137
MED00154,6,lag_4,-0.00011
MED00155,6,lag_4,-0.00083
MED00156,6,lag_4,-0.00069
MED00157,6,lag_4,-0.00032
MED00158,6,lag_4,-0.00449
MED00160,6,lag_4,-0.00013
MED00161,6,lag_4,-0.00151
MED00162,6,lag_4,-0.00131
MED00163,6,lag_4,-0.00347
MED00164,6,lag_4,0.00033
MED00165,6,lag_4,-0.0011
MED00166,6,lag_4,-0.00135
MED00167,6,lag_4,-0.00159
MED00168,6,lag_4,-0.00123
MED00169,6,lag_4,-0.00741
MED00170,6,lag_4,-0.00222
MED00171,6,lag_4,-0.00108
MED00172,6,lag_4,-0.00043
MED00173,6,lag_4,-0.00143
MED00174,6,lag_4,-0.00173
MED00175,6,lag_4,-0.00076
MED00177,6,lag_4,-0.0047
MED00178,6,lag_4,-0.00208
MED00179,6,lag_4,-0.00077
MED00180,6,lag_4,0.00037
MED00181,6,lag_4,-0.00126
MED00182,6,lag_4,-0.00508
MED00183,6,lag_4,-0.00026
MED00184,6,lag_4,-0.00298
MED00185,6,lag_4,-0.00061
MED00186,6,lag_4,-0.00114
MED00187,6,lag_4,0.00167
MED00188,6,lag_4,-0.00185
MED00189,6,lag_4,-0.00366
MED00190,6,lag_4,-0.00136
MED00192,6,lag_4,-0.00438
MED00193,6,lag_4,-0.00366
MED00195,6,lag_4,-0.00182
MED00196,6,lag_4,-0.00147
MED00197,6,lag_4,-0.00163
MED00199,6,lag_4,0.00064
MED00200,6,lag_4,-0.00132
MED00201,6,lag_4,-0.00025
MED00202,6,lag_4,0.00062
MED00203,6,lag_4,-0.00057
MED00204,6,lag_4,-0.00126
MED00205,6,lag_4,0.00012
MED00206,6,lag_4,-0.00124
MED00207,6,lag_4,-0.00095
MED00209,6,lag_4,-0.00163
MED00210,6,lag_4,-0.00037
MED00211,6,lag_4,-0.00133
MED00212,6,lag_4,0.00178
MED00213,6,lag_4,-0.00086
MED00214,6,lag_4,-0.00017
MED00215,6,lag_4,-0.00137
MED00216,6,lag_4,-0.00519
MED00217,6,lag_4,-0.00165
MED00218,6,lag_4,-0.00111
MED00219,6,lag_4,-0.0005
MED00220,6,lag_4,-0.00129
MED00221,6,lag_4,0.00038
MED00222,6,lag_4,-0.00091
MED00223,6,lag_4,-0.00127
MED00224,6,lag_4,-0.00129
MED00225,6,lag_4,-0.00014
MED00226,6,lag_4,0.00045
MED00228,6,lag_4,-0.0011
MED00229,6,lag_4,-0.00614
MED00230,6,lag_4,-0.00013
MED00231,6,lag_4,-0.0011
MED00232,6,lag_4,-0.00133
MED00233,6,lag_4,-0.00109
MED00234,6,lag_4,-0.0011
MED00235,6,lag_4,0.00049
MED00236,6,lag_4,-0.00145
MED00237,6,lag_4,-0.00015
MED00238,6,lag_4,-0.00116
MED00239,6,lag_4,-0.00103
MED00240,6,lag_4,-0.00019
MED00241,6,lag_4,-0.00134
MED00243,6,lag_4,-0.00163
MED00244,6,lag_4,-0.00137
MED00245,6,lag_4,-0.00045
MED00246,6,lag_4,-0.00024
MED00247,6,lag_4,-0.00018
MED00248,6,lag_4,0.00114
MED00249,6,lag_4,0.00026
MED00250,6,lag_4,0.00093
MED00251,6,lag_4,-0.001
MED00252,6,lag_4,-0.00289
MED00253,6,lag_4,-0.00123
MED00254,6,lag_4,-0.00298
MED00255,6,lag_4,0.0005
MED00256,6,lag_4,-0.00104
MED00257,6,lag_4,0.00095
MED00258,6,lag_4,-0.00093
MED00259,6,lag_4,-0.00088
MED00260,6,lag_4,-0.00118
MED00261,6,lag_4,-0.00049
MED00262,6,lag_4,0.00032
MED00263,6,lag_4,-0.00172
MED00264,6,lag_4,-0.00137
MED00265,6,lag_4,-0.0004
MED00266,6,lag_4,-0.0014
MED00267,6,lag_4,-0.00093
MED00268,6,lag_4,-0.0011
MED00269,6,lag_4,-0.00098
MED00270,6,lag_4,-0.0027
MED00271,6,lag_4,-0.00178
MED00272,6,lag_4,-0.00017
MED00273,6,lag_4,-0.00031
MED00274,6,lag_4,-0.00104
MED00275,6,lag_4,-0.00011
MED00276,6,lag_4,-0.0011
MED00277,6,lag_4,-0.00365
MED00278,6,lag_4,-0.00013
MED00279,6,lag_4,-0.00025
MED00280,6,lag_4,-0.00169
MED00281,6,lag_4,-0.00014
MED00282,6,lag_4,-0.00159
MED00283,6,lag_4,-0.00119
MED00284,6,lag_4,0.00187
MED00285,6,lag_4,-0.00011
MED00287,6,lag_4,-0.00126
MED00289,6,lag_4,-0.00271
MED00290,6,lag_4,-0.00097
MED00291,6,lag_4,-0.00253
MED00292,6,lag_4,-0.00054
MED00293,6,lag_4,0.00017
MED00294,6,lag_4,0.00261
MED00295,6,lag_4,-0.00508
MED00296,6,lag_4,-0.00144
MED00297,6,lag_4,-0.00034
MED00298,6,lag_4,-0.00098
MED00299,6,lag_4,-0.00402
MED00300,6,lag_4,0.00041
MED00301,6,lag_4,-0.00755
MED00302,6,lag_4,0.00017
MED00303,6,lag_4,0.00112
MED00304,6,lag_4,0.00018
MED00305,6,lag_4,-0.00147
MED00306,6,lag_4,-0.00396
MED00307,6,lag_4,0.00057
MED00308,6,lag_4,0.00072
MED00309,6,lag_4,0.00023
MED00310,6,lag_4,-0.00068
MED00311,6,lag_4,0.00059
MED00312,6,lag_4,0.00156
MED00313,6,lag_4,0.00214
MED00314,6,lag_4,-0.00144
MED00315,6,lag_4,-0.00034
MED00317,6,lag_4,-0.00137
MED00318,6,lag_4,-0.00016
MED00320,6,lag_4,0.00025
MED00321,6,lag_4,0.00213
MED00322,6,lag_4,-0.00363
MED00323,6,lag_4,-0.00291
MED00324,6,lag_4,0.00023
MED00325,6,lag_4,-0.00113
MED00326,6,lag_4,-0.00033
MED00328,6,lag_4,-0.00123
MED00330,6,lag_4,-0.00221
MED00331,6,lag_4,-0.00207
MED00332,6,lag_4,-0.00098
MED00333,6,lag_4,-0.0017
MED00334,6,lag_4,-0.00252
MED00335,6,lag_4,0.0002
MED00336,6,lag_4,-0.00016
MED00337,6,lag_4,-0.00022
MED00338,6,lag_4,-0.00167
MED00339,6,lag_4,0.00216
MED00340,6,lag_4,-0.001
MED00342,6,lag_4,-0.00114
MED00343,6,lag_4,-0.00106
MED00344,6,lag_4,-0.00016
MED00345,6,lag_4,-0.00364
MED00346,6,lag_4,-0.00118
MED00347,6,lag_4,-0.00515
MED00348,6,lag_4,-0.00178
MED00349,6,lag_4,-0.00112
MED00350,6,lag_4,0.00203
MED00351,6,lag_4,-0.00077
MED00352,6,lag_4,-0.00577
MED00353,6,lag_4,-0.00085
MED00354,6,lag_4,0.00014
MED00355,6,lag_4,-0.00055
MED00356,6,lag_4,-0.00225
MED00357,6,lag_4,-0.00248
MED00358,6,lag_4,-0.00052
MED00359,6,lag_4,-0.0013
MED00360,6,lag_4,-0.00173
MED00361,6,lag_4,-0.00173
MED00362,6,lag_4,-0.00118
MED00363,6,lag_4,-0.0011
MED00364,6,lag_4,-0.00521
MED00365,6,lag_4,-0.00091
MED00367,6,lag_4,-0.00115
MED00368,6,lag_4,-0.00282
MED00369,6,lag_4,0.00013
MED00370,6,lag_4,-0.00029
MED00371,6,lag_4,-0.00084
MED00372,6,lag_4,-0.00308
MED00373,6,lag_4,-0.00298
MED00374,6,lag_4,-0.00262
MED00375,6,lag_4,0.00081
MED00376,6,lag_4,-0.00137
MED00377,6,lag_4,-0.00422
MED00378,6,lag_4,-0.00105
MED00379,6,lag_4,-0.00233
MED00380,6,lag_4,-0.00075
MED00381,6,lag_4,0.00769
MED00382,6,lag_4,-0.00062
MED00383,6,lag_4,-0.00019
MED00384,6,lag_4,-0.00109
MED00386,6,lag_4,-0.00021
MED00388,6,lag_4,0.00417
MED00389,6,lag_4,-0.0002
MED00390,6,lag_4,-0.00044
MED00393,6,lag_4,-0.00091
MED00397,6,lag_4,-0.00031
MED00398,6,lag_4,0.00375
MED00399,6,lag_4,0.00286
MED00400,6,lag_4,0.00091
MED00401,6,lag_4,-0.00026
MED00402,6,lag_4,0.00088
MED00403,6,lag_4,0.00029
MED00404,6,lag_4,-0.00102
MED00405,6,lag_4,-0.0013
MED00406,6,lag_4,-0.00022
MED00407,6,lag_4,-0.00021
MED00408,6,lag_4,-1e-04
MED00409,6,lag_4,0.00016
MED00410,6,lag_4,0.00102
MED00411,6,lag_4,-0.00065
MED00412,6,lag_4,-0.00053
MED00413,6,lag_4,0.00061
MED00414,6,lag_4,-0.00031
MED00415,6,lag_4,-0.00043
MED00416,6,lag_4,0.00128
MED00417,6,lag_4,-0.00017
MED00418,6,lag_4,0.00022
MED00419,6,lag_4,-0.00057
MED00420,6,lag_4,-0.00063
MED00421,6,lag_4,-1e-04
MED00422,6,lag_4,-0.00041
MED00424,6,lag_4,0.00037
MED00001,7,lag_4,0.00088
MED00002,7,lag_4,-0.00082
MED00003,7,lag_4,-0.00287
MED00004,7,lag_4,0.00257
MED00005,7,lag_4,0.00339
MED00006,7,lag_4,0.00021
MED00007,7,lag_4,-0.0012
MED00008,7,lag_4,-0.00107
MED00009,7,lag_4,0.00015
MED00010,7,lag_4,-0.00102
MED00011,7,lag_4,-0.00096
MED00012,7,lag_4,0.00051
MED00013,7,lag_4,-0.00297
MED00015,7,lag_4,-0.00236
MED00016,7,lag_4,-0.00289
MED00017,7,lag_4,-0.00121
MED00018,7,lag_4,-0.00023
MED00019,7,lag_4,0.00094
MED00020,7,lag_4,-0.00098
MED00021,7,lag_4,0.00078
MED00022,7,lag_4,-0.00099
MED00024,7,lag_4,0.00097
MED00025,7,lag_4,-0.00471
MED00026,7,lag_4,-0.00362
MED00027,7,lag_4,-0.00429
MED00028,7,lag_4,-0.00121
MED00029,7,lag_4,-1e-04
MED00031,7,lag_4,0.00137
MED00032,7,lag_4,-0.00125
MED00033,7,lag_4,0.00286
MED00034,7,lag_4,-0.00034
MED00035,7,lag_4,-0.00253
MED00036,7,lag_4,-0.00076
MED00037,7,lag_4,0.00025
MED00038,7,lag_4,-0.00028
MED00039,7,lag_4,0.00133
MED00040,7,lag_4,-0.00097
MED00041,7,lag_4,0.0013
MED00042,7,lag_4,-0.0005
MED00043,7,lag_4,-0.00282
MED00044,7,lag_4,0.00094
MED00045,7,lag_4,0.00015
MED00046,7,lag_4,0.00096
MED00047,7,lag_4,0.00015
MED00048,7,lag_4,-0.00029
MED00049,7,lag_4,-0.00284
MED00050,7,lag_4,-0.00148
MED00051,7,lag_4,-0.00436
MED00052,7,lag_4,-0.0008
MED00053,7,lag_4,-0.00032
MED00054,7,lag_4,-0.00248
MED00055,7,lag_4,-0.00062
MED00056,7,lag_4,-0.00141
MED00057,7,lag_4,-0.00356
MED00058,7,lag_4,0.00017
MED00060,7,lag_4,0.00046
MED00061,7,lag_4,-0.00122
MED00062,7,lag_4,0.00047
MED00063,7,lag_4,-0.00434
MED00064,7,lag_4,0.00052
MED00065,7,lag_4,0.00021
MED00066,7,lag_4,-0.00241
MED00067,7,lag_4,-0.00154
MED00068,7,lag_4,0.00089
MED00069,7,lag_4,-1e-04
MED00070,7,lag_4,-0.00041
MED00071,7,lag_4,0.00111
MED00072,7,lag_4,-1e-04
MED00073,7,lag_4,0.00014
MED00074,7,lag_4,0.00089
MED00075,7,lag_4,0.00011
MED00076,7,lag_4,-0.00165
MED00078,7,lag_4,0.00131
MED00079,7,lag_4,-0.00068
MED00080,7,lag_4,0.00047
MED00081,7,lag_4,-0.00227
MED00082,7,lag_4,0.00085
MED00083,7,lag_4,0.00094
MED00084,7,lag_4,0.00019
MED00086,7,lag_4,-0.0005
MED00087,7,lag_4,-0.0015
MED00088,7,lag_4,-0.00051
MED00089,7,lag_4,-0.00149
MED00090,7,lag_4,0.00136
MED00092,7,lag_4,-0.00236
MED00093,7,lag_4,-0.00235
MED00094,7,lag_4,-0.00068
MED00095,7,lag_4,-0.00125
MED00096,7,lag_4,0.00019
MED00097,7,lag_4,-0.00047
MED00098,7,lag_4,-0.00105
MED00099,7,lag_4,-0.0039
MED00100,7,lag_4,-0.00384
MED00101,7,lag_4,-0.00139
MED00102,7,lag_4,-0.00174
MED00103,7,lag_4,-0.00155
MED00104,7,lag_4,-0.00028
MED00105,7,lag_4,-0.00102
MED00106,7,lag_4,-0.00434
MED00107,7,lag_4,-0.00025
MED00109,7,lag_4,-0.00165
MED00110,7,lag_4,-0.00107
MED00111,7,lag_4,-0.00318
MED00112,7,lag_4,-0.00133
MED00113,7,lag_4,-0.00215
MED00115,7,lag_4,-0.00135
MED00116,7,lag_4,-0.00035
MED00117,7,lag_4,-0.00163
MED00118,7,lag_4,-0.00122
MED00119,7,lag_4,-0.00108
MED00120,7,lag_4,-0.00088
MED00123,7,lag_4,-0.00031
MED00124,7,lag_4,-0.0013
MED00125,7,lag_4,-0.00197
MED00126,7,lag_4,-0.00107
MED00127,7,lag_4,-0.00109
MED00128,7,lag_4,-0.00116
MED00129,7,lag_4,0.00054
MED00130,7,lag_4,-0.00284
MED00131,7,lag_4,0.00104
MED00132,7,lag_4,-0.00081
MED00133,7,lag_4,-0.00035
MED00134,7,lag_4,-0.00107
MED00135,7,lag_4,-0.00115
MED00136,7,lag_4,-0.00033
MED00139,7,lag_4,-0.00151
MED00140,7,lag_4,-0.00121
MED00141,7,lag_4,0.00052
MED00142,7,lag_4,-0.00107
MED00143,7,lag_4,-0.00119
MED00144,7,lag_4,0.00038
MED00145,7,lag_4,-0.00197
MED00146,7,lag_4,-0.00142
MED00147,7,lag_4,-0.00023
MED00148,7,lag_4,0.0003
MED00150,7,lag_4,0.00036
MED00151,7,lag_4,-0.00121
MED00152,7,lag_4,-0.00119
MED00153,7,lag_4,-0.00157
MED00154,7,lag_4,0.00024
MED00155,7,lag_4,-0.00094
MED00156,7,lag_4,-0.00042
MED00157,7,lag_4,-0.00025
MED00158,7,lag_4,-0.0037
MED00161,7,lag_4,-0.00168
MED00162,7,lag_4,-0.00152
MED00163,7,lag_4,-0.0026
MED00164,7,lag_4,0.0008
MED00165,7,lag_4,-0.00064
MED00166,7,lag_4,-0.00156
MED00167,7,lag_4,-0.00155
MED00168,7,lag_4,-0.00151
MED00169,7,lag_4,-0.00124
MED00170,7,lag_4,-0.00233
MED00171,7,lag_4,-0.00119
MED00172,7,lag_4,-0.00044
MED00173,7,lag_4,-0.00164
MED00174,7,lag_4,-0.0026
MED00175,7,lag_4,-0.00104
MED00176,7,lag_4,-0.00032
MED00177,7,lag_4,-0.00391
MED00178,7,lag_4,-0.0013
MED00179,7,lag_4,-0.00112
MED00180,7,lag_4,0.00014
MED00181,7,lag_4,-0.00147
MED00182,7,lag_4,-0.00429
MED00183,7,lag_4,-0.00104
MED00184,7,lag_4,-0.00399
MED00185,7,lag_4,-0.0004
MED00186,7,lag_4,-0.00134
MED00187,7,lag_4,0.0021
MED00188,7,lag_4,-0.00178
MED00189,7,lag_4,-0.00286
MED00190,7,lag_4,-0.00153
MED00191,7,lag_4,-0.00013
MED00192,7,lag_4,-0.0035
MED00193,7,lag_4,-0.00287
MED00194,7,lag_4,-0.00033
MED00195,7,lag_4,-0.00134
MED00196,7,lag_4,-0.00098
MED00197,7,lag_4,-0.00119
MED00199,7,lag_4,0.00108
MED00200,7,lag_4,-0.0016
MED00201,7,lag_4,-0.00036
MED00202,7,lag_4,0.00039
MED00203,7,lag_4,-0.00026
MED00204,7,lag_4,-0.00154
MED00206,7,lag_4,-0.00125
MED00207,7,lag_4,-0.00115
MED00208,7,lag_4,-0.00011
MED00209,7,lag_4,-0.00187
MED00210,7,lag_4,-0.00069
MED00211,7,lag_4,-0.00154
MED00212,7,lag_4,0.00107
MED00213,7,lag_4,-0.00116
MED00214,7,lag_4,-0.00011
MED00215,7,lag_4,-0.00156
MED00216,7,lag_4,-0.0044
MED00217,7,lag_4,-0.00077
MED00218,7,lag_4,-0.00127
MED00220,7,lag_4,-0.00149
MED00221,7,lag_4,0.00089
MED00222,7,lag_4,-0.00192
MED00223,7,lag_4,-0.00228
MED00224,7,lag_4,-0.0015
MED00226,7,lag_4,0.00092
MED00227,7,lag_4,0.00031
MED00228,7,lag_4,-0.00088
MED00229,7,lag_4,-0.00223
MED00230,7,lag_4,0.00022
MED00231,7,lag_4,-0.00121
MED00232,7,lag_4,-0.00161
MED00233,7,lag_4,-0.00031
MED00234,7,lag_4,-0.00121
MED00235,7,lag_4,0.00026
MED00236,7,lag_4,-0.00179
MED00238,7,lag_4,-0.00119
MED00239,7,lag_4,-0.00125
MED00241,7,lag_4,-0.00151
MED00242,7,lag_4,-0.00028
MED00243,7,lag_4,-0.00074
MED00244,7,lag_4,-0.00158
MED00245,7,lag_4,0.00036
MED00246,7,lag_4,-0.00018
MED00247,7,lag_4,-0.00012
MED00248,7,lag_4,0.00172
MED00249,7,lag_4,-0.00051
MED00250,7,lag_4,0.00138
MED00251,7,lag_4,-0.00121
MED00252,7,lag_4,-0.00377
MED00253,7,lag_4,-0.00139
MED00254,7,lag_4,-0.00386
MED00255,7,lag_4,0.00097
MED00256,7,lag_4,-0.00115
MED00257,7,lag_4,0.00111
MED00258,7,lag_4,-0.00114
MED00259,7,lag_4,-0.00099
MED00260,7,lag_4,-0.00098
MED00261,7,lag_4,-0.00041
MED00262,7,lag_4,0.00092
MED00263,7,lag_4,-0.00166
MED00264,7,lag_4,-0.00168
MED00265,7,lag_4,-0.00033
MED00266,7,lag_4,-0.00144
MED00267,7,lag_4,-0.00121
MED00268,7,lag_4,-0.00121
MED00269,7,lag_4,-0.00119
MED00270,7,lag_4,-0.00281
MED00271,7,lag_4,-0.00118
MED00272,7,lag_4,-0.00082
MED00273,7,lag_4,-0.00098
MED00274,7,lag_4,-0.00031
MED00275,7,lag_4,0.00012
MED00276,7,lag_4,-0.00121
MED00277,7,lag_4,-0.00286
MED00280,7,lag_4,-0.0008
MED00282,7,lag_4,-0.00249
MED00283,7,lag_4,-0.0013
MED00284,7,lag_4,0.00216
MED00286,7,lag_4,0.00027
MED00287,7,lag_4,-0.00133
MED00288,7,lag_4,-0.00089
MED00289,7,lag_4,-0.00293
MED00290,7,lag_4,-0.00118
MED00291,7,lag_4,-0.00262
MED00292,7,lag_4,-0.0002
MED00293,7,lag_4,-0.00025
MED00294,7,lag_4,0.00305
MED00295,7,lag_4,-0.00429
MED00296,7,lag_4,-0.00161
MED00297,7,lag_4,-0.00026
MED00298,7,lag_4,-0.00124
MED00299,7,lag_4,-0.00323
MED00300,7,lag_4,0.00018
MED00301,7,lag_4,-0.00134
MED00303,7,lag_4,0.00189
MED00304,7,lag_4,0.00069
MED00305,7,lag_4,-0.00168
MED00306,7,lag_4,-0.00427
MED00307,7,lag_4,0.00026
MED00308,7,lag_4,0.00075
MED00309,7,lag_4,0.00074
MED00310,7,lag_4,-0.00033
MED00311,7,lag_4,0.00109
MED00312,7,lag_4,0.00162
MED00313,7,lag_4,0.00193
MED00314,7,lag_4,-0.00149
MED00315,7,lag_4,-0.00028
MED00317,7,lag_4,-0.00158
MED00320,7,lag_4,-0.00061
MED00321,7,lag_4,0.00196
MED00322,7,lag_4,-0.00283
MED00323,7,lag_4,-0.00215
MED00324,7,lag_4,0.00065
MED00325,7,lag_4,-0.0013
MED00326,7,lag_4,-0.00026
MED00328,7,lag_4,-0.0013
MED00330,7,lag_4,-0.00238
MED00331,7,lag_4,-0.00218
MED00332,7,lag_4,-0.00119
MED00333,7,lag_4,-0.00144
MED00334,7,lag_4,-0.00336
MED00335,7,lag_4,-0.00047
MED00336,7,lag_4,-0.00013
MED00337,7,lag_4,-0.00058
MED00338,7,lag_4,-0.00216
MED00339,7,lag_4,0.00261
MED00340,7,lag_4,-0.00131
MED00342,7,lag_4,-0.00135
MED00343,7,lag_4,-0.00128
MED00344,7,lag_4,-0.00049
MED00345,7,lag_4,-0.00285
MED00346,7,lag_4,-0.00135
MED00347,7,lag_4,-0.00436
MED00348,7,lag_4,-0.0012
MED00349,7,lag_4,-0.00123
MED00350,7,lag_4,0.00182
MED00351,7,lag_4,-0.00107
MED00352,7,lag_4,-0.00186
MED00353,7,lag_4,-0.00116
MED00354,7,lag_4,-0.00017
MED00355,7,lag_4,-0.00066
MED00356,7,lag_4,-0.00236
MED00357,7,lag_4,-0.00157
MED00359,7,lag_4,-0.0015
MED00360,7,lag_4,-0.00233
MED00361,7,lag_4,-0.00169
MED00362,7,lag_4,-0.00129
MED00363,7,lag_4,-0.00122
MED00364,7,lag_4,-0.00442
MED00365,7,lag_4,-0.00117
MED00367,7,lag_4,-0.00143
MED00368,7,lag_4,-0.00289
MED00370,7,lag_4,0.00057
MED00371,7,lag_4,-0.00088
MED00372,7,lag_4,-0.00229
MED00373,7,lag_4,-0.00217
MED00374,7,lag_4,-0.0023
MED00376,7,lag_4,-0.00158
MED00377,7,lag_4,-0.00336
MED00378,7,lag_4,-0.00124
MED00379,7,lag_4,-0.00237
MED00380,7,lag_4,-0.00105
MED00381,7,lag_4,0.00767
MED00382,7,lag_4,-0.00031
MED00383,7,lag_4,-0.00021
MED00384,7,lag_4,-0.0012
MED00386,7,lag_4,-0.00025
MED00387,7,lag_4,-0.00013
MED00388,7,lag_4,0.0037
MED00389,7,lag_4,0.00071
MED00390,7,lag_4,-0.00092
MED00391,7,lag_4,0.00013
MED00392,7,lag_4,0.00022
MED00393,7,lag_4,-0.00157
MED00394,7,lag_4,0.00014
MED00395,7,lag_4,0.00018
MED00396,7,lag_4,-0.0003
MED00398,7,lag_4,0.00182
MED00399,7,lag_4,0.00094
MED00400,7,lag_4,0.00014
MED00401,7,lag_4,-0.00054
MED00402,7,lag_4,0.00054
MED00403,7,lag_4,-0.0002
MED00404,7,lag_4,-0.00131
MED00405,7,lag_4,-0.00157
MED00406,7,lag_4,-0.00025
MED00407,7,lag_4,-0.00056
MED00409,7,lag_4,0.00064
MED00410,7,lag_4,0.00107
MED00411,7,lag_4,-0.001
MED00412,7,lag_4,-0.00063
MED00413,7,lag_4,0.00076
MED00414,7,lag_4,-0.00055
MED00415,7,lag_4,-0.00066
MED00416,7,lag_4,0.00144
MED00417,7,lag_4,-0.00015
MED00418,7,lag_4,0.00058
MED00419,7,lag_4,-0.00119
MED00420,7,lag_4,-0.00109
MED00421,7,lag_4,-0.00044
MED00422,7,lag_4,-0.00065
MED00423,7,lag_4,0.00031
MED00424,7,lag_4,0.00067
MED00001,8,lag_4,0.00089
MED00002,8,lag_4,-0.00081
MED00003,8,lag_4,-0.00287
MED00004,8,lag_4,0.00257
MED00005,8,lag_4,0.00339
MED00006,8,lag_4,0.00021
MED00007,8,lag_4,-0.0012
MED00008,8,lag_4,-0.00107
MED00009,8,lag_4,0.00015
MED00010,8,lag_4,-0.00102
MED00011,8,lag_4,-0.00096
MED00012,8,lag_4,0.00051
MED00013,8,lag_4,-0.00297
MED00015,8,lag_4,-0.00236
MED00016,8,lag_4,-0.00289
MED00017,8,lag_4,-0.00121
MED00018,8,lag_4,-0.00023
MED00019,8,lag_4,0.00094
MED00020,8,lag_4,-0.00098
MED00021,8,lag_4,0.00078
MED00022,8,lag_4,-0.00099
MED00024,8,lag_4,0.00097
MED00025,8,lag_4,-0.0047
MED00026,8,lag_4,-0.00362
MED00027,8,lag_4,-0.00426
MED00028,8,lag_4,-0.00121
MED00031,8,lag_4,0.00137
MED00032,8,lag_4,-0.00125
MED00033,8,lag_4,0.00286
MED00034,8,lag_4,-0.00034
MED00035,8,lag_4,-0.00253
MED00036,8,lag_4,-0.00076
MED00037,8,lag_4,0.00025
MED00038,8,lag_4,-0.00028
MED00039,8,lag_4,0.00133
MED00040,8,lag_4,-0.00097
MED00041,8,lag_4,0.0013
MED00042,8,lag_4,-0.0005
MED00043,8,lag_4,-0.00282
MED00044,8,lag_4,0.00094
MED00045,8,lag_4,0.00015
MED00046,8,lag_4,0.00096
MED00047,8,lag_4,0.00015
MED00048,8,lag_4,-0.00029
MED00049,8,lag_4,-0.00283
MED00050,8,lag_4,-0.00148
MED00051,8,lag_4,-0.00436
MED00052,8,lag_4,-0.0008
MED00053,8,lag_4,-0.00032
MED00054,8,lag_4,-0.0025
MED00055,8,lag_4,-0.00062
MED00056,8,lag_4,-0.00141
MED00057,8,lag_4,-0.00356
MED00058,8,lag_4,0.00017
MED00060,8,lag_4,0.00046
MED00061,8,lag_4,-0.00122
MED00062,8,lag_4,0.00047
MED00063,8,lag_4,-0.00433
MED00064,8,lag_4,0.00052
MED00065,8,lag_4,0.00021
MED00066,8,lag_4,-0.00241
MED00067,8,lag_4,-0.00154
MED00068,8,lag_4,0.00089
MED00069,8,lag_4,-1e-04
MED00070,8,lag_4,-0.00041
MED00071,8,lag_4,0.00111
MED00072,8,lag_4,-1e-04
MED00073,8,lag_4,0.00014
MED00074,8,lag_4,0.00089
MED00075,8,lag_4,0.00011
MED00076,8,lag_4,-0.00165
MED00078,8,lag_4,0.00131
MED00079,8,lag_4,-0.00068
MED00080,8,lag_4,0.00047
MED00081,8,lag_4,-0.00227
MED00082,8,lag_4,0.00085
MED00083,8,lag_4,0.00094
MED00084,8,lag_4,0.00019
MED00086,8,lag_4,-0.0005
MED00087,8,lag_4,-0.0015
MED00088,8,lag_4,-0.00051
MED00089,8,lag_4,-0.00149
MED00090,8,lag_4,0.00136
MED00092,8,lag_4,-0.00236
MED00093,8,lag_4,-0.00235
MED00094,8,lag_4,-0.00068
MED00095,8,lag_4,-0.00125
MED00096,8,lag_4,0.00019
MED00097,8,lag_4,-0.00047
MED00098,8,lag_4,-0.00106
MED00099,8,lag_4,-0.00387
MED00100,8,lag_4,-0.00383
MED00101,8,lag_4,-0.00139
MED00102,8,lag_4,-0.00174
MED00103,8,lag_4,-0.00155
MED00104,8,lag_4,-0.00028
MED00105,8,lag_4,-0.00102
MED00106,8,lag_4,-0.00434
MED00107,8,lag_4,-0.00025
MED00109,8,lag_4,-0.00165
MED00110,8,lag_4,-0.00107
MED00111,8,lag_4,-0.00318
MED00112,8,lag_4,-0.00133
MED00113,8,lag_4,-0.00215
MED00115,8,lag_4,-0.00135
MED00116,8,lag_4,-0.00035
MED00117,8,lag_4,-0.00163
MED00118,8,lag_4,-0.00122
MED00119,8,lag_4,-0.00108
MED00120,8,lag_4,-0.00088
MED00123,8,lag_4,-0.00031
MED00124,8,lag_4,-0.0013
MED00125,8,lag_4,-0.00195
MED00126,8,lag_4,-0.00107
MED00127,8,lag_4,-0.00109
MED00128,8,lag_4,-0.00116
MED00129,8,lag_4,0.00056
MED00130,8,lag_4,-0.00284
MED00131,8,lag_4,0.00104
MED00132,8,lag_4,-0.00081
MED00133,8,lag_4,-0.00035
MED00134,8,lag_4,-0.00107
MED00135,8,lag_4,-0.00115
MED00136,8,lag_4,-0.00033
MED00139,8,lag_4,-0.00151
MED00140,8,lag_4,-0.00121
MED00141,8,lag_4,0.00052
MED00142,8,lag_4,-0.00107
MED00143,8,lag_4,-0.00119
MED00144,8,lag_4,0.00038
MED00145,8,lag_4,-0.00197
MED00146,8,lag_4,-0.00142
MED00147,8,lag_4,-0.00023
MED00148,8,lag_4,0.0003
MED00150,8,lag_4,0.00036
MED00151,8,lag_4,-0.00121
MED00152,8,lag_4,-0.00119
MED00153,8,lag_4,-0.00157
MED00154,8,lag_4,0.00024
MED00155,8,lag_4,-0.00094
MED00156,8,lag_4,-0.00042
MED00157,8,lag_4,-0.00025
MED00158,8,lag_4,-0.00367
MED00161,8,lag_4,-0.00168
MED00162,8,lag_4,-0.00152
MED00163,8,lag_4,-0.0026
MED00164,8,lag_4,0.0008
MED00165,8,lag_4,-0.00065
MED00166,8,lag_4,-0.00156
MED00167,8,lag_4,-0.00155
MED00168,8,lag_4,-0.00151
MED00169,8,lag_4,-0.00124
MED00170,8,lag_4,-0.00233
MED00171,8,lag_4,-0.00119
MED00172,8,lag_4,-0.00044
MED00173,8,lag_4,-0.00164
MED00174,8,lag_4,-0.0026
MED00175,8,lag_4,-0.00104
MED00176,8,lag_4,-0.00032
MED00177,8,lag_4,-0.00391
MED00178,8,lag_4,-0.0013
MED00179,8,lag_4,-0.00112
MED00180,8,lag_4,0.00014
MED00181,8,lag_4,-0.00147
MED00182,8,lag_4,-0.00426
MED00183,8,lag_4,-0.00104
MED00184,8,lag_4,-0.00399
MED00185,8,lag_4,-0.0004
MED00186,8,lag_4,-0.00134
MED00187,8,lag_4,0.00218
MED00188,8,lag_4,-0.00178
MED00189,8,lag_4,-0.00286
MED00190,8,lag_4,-0.00153
MED00191,8,lag_4,-0.00013
MED00192,8,lag_4,-0.0035
MED00193,8,lag_4,-0.00286
MED00194,8,lag_4,-0.00033
MED00195,8,lag_4,-0.00134
MED00196,8,lag_4,-0.00098
MED00197,8,lag_4,-0.00119
MED00199,8,lag_4,0.00108
MED00200,8,lag_4,-0.0016
MED00201,8,lag_4,-0.00035
MED00202,8,lag_4,0.00039
MED00203,8,lag_4,-0.00026
MED00204,8,lag_4,-0.00154
MED00206,8,lag_4,-0.00124
MED00207,8,lag_4,-0.00115
MED00208,8,lag_4,-0.00011
MED00209,8,lag_4,-0.00187
MED00210,8,lag_4,-0.00069
MED00211,8,lag_4,-0.00154
MED00212,8,lag_4,0.00107
MED00213,8,lag_4,-0.00116
MED00214,8,lag_4,-0.00011
MED00215,8,lag_4,-0.00156
MED00216,8,lag_4,-0.00439
MED00217,8,lag_4,-0.00077
MED00218,8,lag_4,-0.00127
MED00220,8,lag_4,-0.00149
MED00221,8,lag_4,0.00089
MED00222,8,lag_4,-0.00192
MED00223,8,lag_4,-0.00228
MED00224,8,lag_4,-0.0015
MED00226,8,lag_4,0.00092
MED00227,8,lag_4,0.00031
MED00228,8,lag_4,-0.00074
MED00229,8,lag_4,-0.00223
MED00230,8,lag_4,0.00022
MED00231,8,lag_4,-0.00121
MED00232,8,lag_4,-0.00161
MED00233,8,lag_4,-0.00031
MED00234,8,lag_4,-0.00121
MED00235,8,lag_4,0.00026
MED00236,8,lag_4,-0.00179
MED00238,8,lag_4,-0.00119
MED00239,8,lag_4,-0.00125
MED00241,8,lag_4,-0.00151
MED00242,8,lag_4,-0.00034
MED00243,8,lag_4,-0.00073
MED00244,8,lag_4,-0.00158
MED00245,8,lag_4,0.00036
MED00246,8,lag_4,-0.00018
MED00247,8,lag_4,-0.00012
MED00248,8,lag_4,0.00172
MED00249,8,lag_4,-0.00051
MED00250,8,lag_4,0.00138
MED00251,8,lag_4,-0.00121
MED00252,8,lag_4,-0.00377
MED00253,8,lag_4,-0.00139
MED00254,8,lag_4,-0.00386
MED00255,8,lag_4,0.00097
MED00256,8,lag_4,-0.00115
MED00257,8,lag_4,0.00111
MED00258,8,lag_4,-0.00114
MED00259,8,lag_4,-0.00099
MED00260,8,lag_4,-0.00098
MED00261,8,lag_4,-0.00041
MED00262,8,lag_4,0.00092
MED00263,8,lag_4,-0.00166
MED00264,8,lag_4,-0.00168
MED00265,8,lag_4,-0.00033
MED00266,8,lag_4,-0.00144
MED00267,8,lag_4,-0.00121
MED00268,8,lag_4,-0.00121
MED00269,8,lag_4,-0.00119
MED00270,8,lag_4,-0.00281
MED00271,8,lag_4,-0.00119
MED00272,8,lag_4,-0.00082
MED00273,8,lag_4,-0.00098
MED00274,8,lag_4,-0.00031
MED00275,8,lag_4,0.00012
MED00276,8,lag_4,-0.00121
MED00277,8,lag_4,-0.00286
MED00280,8,lag_4,-0.0008
MED00282,8,lag_4,-0.00249
MED00283,8,lag_4,-0.0013
MED00284,8,lag_4,0.00216
MED00286,8,lag_4,0.00027
MED00287,8,lag_4,-0.00133
MED00288,8,lag_4,-0.00089
MED00289,8,lag_4,-0.00293
MED00290,8,lag_4,-0.00118
MED00291,8,lag_4,-0.0026
MED00292,8,lag_4,-0.0002
MED00293,8,lag_4,-0.00026
MED00294,8,lag_4,0.00305
MED00295,8,lag_4,-0.00429
MED00296,8,lag_4,-0.00161
MED00297,8,lag_4,-0.00026
MED00298,8,lag_4,-0.00124
MED00299,8,lag_4,-0.00323
MED00300,8,lag_4,0.00018
MED00301,8,lag_4,-0.00134
MED00303,8,lag_4,0.00198
MED00304,8,lag_4,0.00069
MED00305,8,lag_4,-0.00168
MED00306,8,lag_4,-0.00427
MED00307,8,lag_4,0.00026
MED00308,8,lag_4,0.00075
MED00309,8,lag_4,0.00074
MED00310,8,lag_4,-0.00033
MED00311,8,lag_4,0.00109
MED00312,8,lag_4,0.00162
MED00313,8,lag_4,0.00193
MED00314,8,lag_4,-0.00149
MED00315,8,lag_4,-0.00028
MED00317,8,lag_4,-0.00158
MED00320,8,lag_4,-0.0006
MED00321,8,lag_4,0.00196
MED00322,8,lag_4,-0.00283
MED00323,8,lag_4,-0.00215
MED00324,8,lag_4,0.00065
MED00325,8,lag_4,-0.0013
MED00326,8,lag_4,-0.00026
MED00328,8,lag_4,-0.0013
MED00330,8,lag_4,-0.00236
MED00331,8,lag_4,-0.00218
MED00332,8,lag_4,-0.00119
MED00333,8,lag_4,-0.00144
MED00334,8,lag_4,-0.00346
MED00335,8,lag_4,-0.00047
MED00336,8,lag_4,-0.00013
MED00337,8,lag_4,-0.00058
MED00338,8,lag_4,-0.00216
MED00339,8,lag_4,0.00261
MED00340,8,lag_4,-0.00184
MED00342,8,lag_4,-0.00135
MED00343,8,lag_4,-0.00128
MED00344,8,lag_4,-0.00049
MED00345,8,lag_4,-0.00284
MED00346,8,lag_4,-0.00135
MED00347,8,lag_4,-0.00435
MED00348,8,lag_4,-0.0012
MED00349,8,lag_4,-0.00123
MED00350,8,lag_4,0.00182
MED00351,8,lag_4,-0.00107
MED00352,8,lag_4,-0.00186
MED00353,8,lag_4,-0.00116
MED00354,8,lag_4,-0.00017
MED00355,8,lag_4,-0.00066
MED00356,8,lag_4,-0.00236
MED00357,8,lag_4,-0.00157
MED00359,8,lag_4,-0.0015
MED00360,8,lag_4,-0.00233
MED00361,8,lag_4,-0.00169
MED00362,8,lag_4,-0.00129
MED00363,8,lag_4,-0.00122
MED00364,8,lag_4,-0.00442
MED00365,8,lag_4,-0.00117
MED00367,8,lag_4,-0.00143
MED00368,8,lag_4,-0.00289
MED00369,8,lag_4,0.00013
MED00370,8,lag_4,0.00057
MED00371,8,lag_4,-0.00089
MED00372,8,lag_4,-0.00228
MED00373,8,lag_4,-0.00217
MED00374,8,lag_4,-0.0023
MED00376,8,lag_4,-0.00158
MED00377,8,lag_4,-0.00336
MED00378,8,lag_4,-0.00124
MED00379,8,lag_4,-0.00237
MED00380,8,lag_4,-0.00105
MED00381,8,lag_4,0.00767
MED00382,8,lag_4,-0.00022
MED00383,8,lag_4,-0.00021
MED00384,8,lag_4,-0.0012
MED00386,8,lag_4,-0.00025
MED00387,8,lag_4,-0.00013
MED00388,8,lag_4,0.0037
MED00389,8,lag_4,0.00071
MED00390,8,lag_4,-0.00092
MED00391,8,lag_4,0.00013
MED00392,8,lag_4,0.00023
MED00393,8,lag_4,-0.00157
MED00394,8,lag_4,0.00014
MED00395,8,lag_4,0.00018
MED00396,8,lag_4,-0.00033
MED00398,8,lag_4,0.00182
MED00399,8,lag_4,0.00095
MED00400,8,lag_4,0.00014
MED00401,8,lag_4,-0.00054
MED00402,8,lag_4,0.00054
MED00403,8,lag_4,-0.0002
MED00404,8,lag_4,-0.00131
MED00405,8,lag_4,-0.00157
MED00406,8,lag_4,-0.00025
MED00407,8,lag_4,-0.00056
MED00409,8,lag_4,0.00064
MED00410,8,lag_4,0.00107
MED00411,8,lag_4,-0.001
MED00412,8,lag_4,-0.00063
MED00413,8,lag_4,0.00117
MED00414,8,lag_4,-0.00055
MED00415,8,lag_4,-0.00066
MED00416,8,lag_4,0.00144
MED00418,8,lag_4,0.00058
MED00419,8,lag_4,-0.00074
MED00420,8,lag_4,-0.00109
MED00421,8,lag_4,-0.00044
MED00422,8,lag_4,-0.00064
MED00423,8,lag_4,0.00031
MED00424,8,lag_4,0.00067
MED00001,9,lag_4,0.00088
MED00002,9,lag_4,-0.00084
MED00003,9,lag_4,-0.00289
MED00004,9,lag_4,0.00254
MED00005,9,lag_4,0.00337
MED00006,9,lag_4,0.0002
MED00007,9,lag_4,-0.00121
MED00008,9,lag_4,-0.00109
MED00009,9,lag_4,0.00015
MED00010,9,lag_4,-0.00105
MED00011,9,lag_4,-0.00096
MED00012,9,lag_4,0.00048
MED00013,9,lag_4,-0.00298
MED00015,9,lag_4,-0.00239
MED00016,9,lag_4,-0.0029
MED00017,9,lag_4,-0.00122
MED00018,9,lag_4,-0.00023
MED00019,9,lag_4,0.00096
MED00020,9,lag_4,-0.00098
MED00021,9,lag_4,0.00075
MED00022,9,lag_4,-0.001
MED00024,9,lag_4,0.00094
MED00025,9,lag_4,-0.00473
MED00026,9,lag_4,-0.00361
MED00027,9,lag_4,-0.00429
MED00028,9,lag_4,-0.00123
MED00029,9,lag_4,-1e-04
MED00031,9,lag_4,0.00134
MED00032,9,lag_4,-0.00124
MED00033,9,lag_4,0.00286
MED00034,9,lag_4,-0.00033
MED00035,9,lag_4,-0.00247
MED00036,9,lag_4,-0.00079
MED00037,9,lag_4,0.00022
MED00038,9,lag_4,-0.00028
MED00039,9,lag_4,0.00133
MED00040,9,lag_4,-0.001
MED00041,9,lag_4,0.00127
MED00042,9,lag_4,-0.00051
MED00043,9,lag_4,-0.00284
MED00044,9,lag_4,0.00091
MED00045,9,lag_4,0.00015
MED00046,9,lag_4,0.00093
MED00047,9,lag_4,0.00015
MED00048,9,lag_4,-0.00029
MED00049,9,lag_4,-0.00286
MED00050,9,lag_4,-0.00149
MED00051,9,lag_4,-0.00439
MED00052,9,lag_4,-0.00083
MED00053,9,lag_4,-0.00032
MED00054,9,lag_4,-0.00249
MED00055,9,lag_4,-0.00065
MED00056,9,lag_4,-0.00143
MED00057,9,lag_4,-0.00356
MED00058,9,lag_4,0.00017
MED00060,9,lag_4,0.00046
MED00061,9,lag_4,-0.00125
MED00062,9,lag_4,0.00047
MED00063,9,lag_4,-0.00436
MED00064,9,lag_4,0.00052
MED00065,9,lag_4,0.00021
MED00066,9,lag_4,-0.00244
MED00067,9,lag_4,-0.00155
MED00068,9,lag_4,0.00086
MED00069,9,lag_4,-1e-04
MED00070,9,lag_4,-0.00041
MED00071,9,lag_4,0.00108
MED00072,9,lag_4,-0.00011
MED00073,9,lag_4,0.00014
MED00074,9,lag_4,0.00086
MED00075,9,lag_4,1e-04
MED00076,9,lag_4,-0.00168
MED00078,9,lag_4,0.00143
MED00079,9,lag_4,-0.00069
MED00080,9,lag_4,0.00047
MED00081,9,lag_4,-0.0023
MED00082,9,lag_4,0.00082
MED00083,9,lag_4,0.00094
MED00084,9,lag_4,0.00011
MED00086,9,lag_4,-0.00053
MED00087,9,lag_4,-0.0015
MED00088,9,lag_4,-0.00051
MED00089,9,lag_4,-0.00151
MED00090,9,lag_4,0.00133
MED00092,9,lag_4,-0.00236
MED00093,9,lag_4,-0.00239
MED00094,9,lag_4,-0.00071
MED00095,9,lag_4,-0.00125
MED00096,9,lag_4,0.00019
MED00097,9,lag_4,-0.00049
MED00098,9,lag_4,-0.00107
MED00099,9,lag_4,-0.0039
MED00100,9,lag_4,-0.00386
MED00101,9,lag_4,-0.0014
MED00102,9,lag_4,-0.00174
MED00103,9,lag_4,-0.00156
MED00104,9,lag_4,-0.00028
MED00105,9,lag_4,-0.00105
MED00106,9,lag_4,-0.00437
MED00107,9,lag_4,-0.00026
MED00109,9,lag_4,-0.00168
MED00110,9,lag_4,-0.00107
MED00111,9,lag_4,-0.00321
MED00112,9,lag_4,-0.00133
MED00113,9,lag_4,-0.00218
MED00115,9,lag_4,-0.00135
MED00116,9,lag_4,-0.00032
MED00117,9,lag_4,-0.00163
MED00118,9,lag_4,-0.00122
MED00119,9,lag_4,-0.00111
MED00120,9,lag_4,-0.0009
MED00123,9,lag_4,-0.00033
MED00124,9,lag_4,-0.00131
MED00125,9,lag_4,-0.00198
MED00126,9,lag_4,-0.0011
MED00127,9,lag_4,-0.00104
MED00128,9,lag_4,-0.00117
MED00129,9,lag_4,0.00055
MED00130,9,lag_4,-0.00287
MED00131,9,lag_4,0.00099
MED00132,9,lag_4,-0.00083
MED00133,9,lag_4,-0.00038
MED00134,9,lag_4,-0.0011
MED00135,9,lag_4,-0.00118
MED00136,9,lag_4,-0.00036
MED00139,9,lag_4,-0.00151
MED00140,9,lag_4,-0.00124
MED00141,9,lag_4,0.0005
MED00142,9,lag_4,-0.00107
MED00143,9,lag_4,-0.00117
MED00144,9,lag_4,0.00037
MED00145,9,lag_4,-0.002
MED00146,9,lag_4,-0.00142
MED00147,9,lag_4,-0.00023
MED00148,9,lag_4,0.0003
MED00150,9,lag_4,0.00036
MED00151,9,lag_4,-0.00124
MED00152,9,lag_4,-0.0012
MED00153,9,lag_4,-0.00158
MED00154,9,lag_4,0.00024
MED00155,9,lag_4,-0.00097
MED00156,9,lag_4,-0.00042
MED00157,9,lag_4,-0.00025
MED00158,9,lag_4,-0.0037
MED00161,9,lag_4,-0.00168
MED00162,9,lag_4,-0.00152
MED00163,9,lag_4,-0.00263
MED00164,9,lag_4,0.00077
MED00165,9,lag_4,-0.00065
MED00166,9,lag_4,-0.00156
MED00167,9,lag_4,-0.00157
MED00168,9,lag_4,-0.00152
MED00169,9,lag_4,-0.00124
MED00170,9,lag_4,-0.00234
MED00171,9,lag_4,-0.00119
MED00172,9,lag_4,-0.00044
MED00173,9,lag_4,-0.00164
MED00174,9,lag_4,-0.00258
MED00175,9,lag_4,-0.00107
MED00176,9,lag_4,-0.00032
MED00177,9,lag_4,-0.00394
MED00178,9,lag_4,-0.00134
MED00179,9,lag_4,-0.00114
MED00180,9,lag_4,0.00014
MED00181,9,lag_4,-0.00148
MED00182,9,lag_4,-0.00429
MED00183,9,lag_4,-0.00104
MED00184,9,lag_4,-0.00401
MED00185,9,lag_4,-0.0004
MED00186,9,lag_4,-0.00135
MED00187,9,lag_4,0.00215
MED00188,9,lag_4,-0.00179
MED00189,9,lag_4,-0.00289
MED00190,9,lag_4,-0.00154
MED00191,9,lag_4,-0.00013
MED00192,9,lag_4,-0.00352
MED00193,9,lag_4,-0.00289
MED00194,9,lag_4,-0.00036
MED00195,9,lag_4,-0.00138
MED00196,9,lag_4,-0.00101
MED00197,9,lag_4,-0.00118
MED00199,9,lag_4,0.00105
MED00200,9,lag_4,-0.0016
MED00201,9,lag_4,-0.00035
MED00202,9,lag_4,0.00038
MED00203,9,lag_4,-0.00027
MED00204,9,lag_4,-0.00157
MED00206,9,lag_4,-0.00125
MED00207,9,lag_4,-0.00116
MED00208,9,lag_4,-0.00011
MED00209,9,lag_4,-0.00187
MED00210,9,lag_4,-0.00069
MED00211,9,lag_4,-0.00155
MED00212,9,lag_4,0.00107
MED00213,9,lag_4,-0.00119
MED00214,9,lag_4,-0.00011
MED00215,9,lag_4,-0.00156
MED00216,9,lag_4,-0.00441
MED00217,9,lag_4,-0.0008
MED00218,9,lag_4,-0.00128
MED00220,9,lag_4,-0.0015
MED00221,9,lag_4,0.00086
MED00222,9,lag_4,-0.00195
MED00223,9,lag_4,-0.00228
MED00224,9,lag_4,-0.0015
MED00226,9,lag_4,0.00092
MED00227,9,lag_4,0.00034
MED00228,9,lag_4,-0.00075
MED00229,9,lag_4,-0.00226
MED00230,9,lag_4,0.00022
MED00231,9,lag_4,-0.00121
MED00232,9,lag_4,-0.00161
MED00233,9,lag_4,-0.00034
MED00234,9,lag_4,-0.00121
MED00235,9,lag_4,0.00026
MED00236,9,lag_4,-0.0018
MED00238,9,lag_4,-0.00119
MED00239,9,lag_4,-0.00125
MED00241,9,lag_4,-0.00154
MED00242,9,lag_4,-0.00034
MED00243,9,lag_4,-0.00076
MED00244,9,lag_4,-0.00158
MED00245,9,lag_4,0.00036
MED00246,9,lag_4,-0.00017
MED00247,9,lag_4,-0.00012
MED00248,9,lag_4,0.00169
MED00249,9,lag_4,-0.00054
MED00250,9,lag_4,0.00135
MED00251,9,lag_4,-0.00121
MED00252,9,lag_4,-0.0038
MED00253,9,lag_4,-0.0014
MED00254,9,lag_4,-0.00379
MED00255,9,lag_4,0.00097
MED00256,9,lag_4,-0.00115
MED00257,9,lag_4,0.00108
MED00258,9,lag_4,-0.00114
MED00259,9,lag_4,-0.00099
MED00260,9,lag_4,-0.00099
MED00261,9,lag_4,-0.00044
MED00262,9,lag_4,0.00089
MED00263,9,lag_4,-0.00166
MED00264,9,lag_4,-0.0017
MED00265,9,lag_4,-0.00033
MED00266,9,lag_4,-0.00147
MED00267,9,lag_4,-0.00122
MED00268,9,lag_4,-0.00121
MED00269,9,lag_4,-0.00119
MED00270,9,lag_4,-0.00282
MED00271,9,lag_4,-0.00122
MED00272,9,lag_4,-0.00085
MED00273,9,lag_4,-0.00064
MED00274,9,lag_4,-0.00033
MED00275,9,lag_4,0.00012
MED00276,9,lag_4,-0.00121
MED00277,9,lag_4,-0.00289
MED00280,9,lag_4,-0.00083
MED00281,9,lag_4,0.00016
MED00282,9,lag_4,-0.00249
MED00283,9,lag_4,-0.0013
MED00284,9,lag_4,0.00216
MED00286,9,lag_4,0.00027
MED00287,9,lag_4,-0.00134
MED00288,9,lag_4,-0.00097
MED00289,9,lag_4,-0.00294
MED00290,9,lag_4,-0.00118
MED00291,9,lag_4,-0.0026
MED00292,9,lag_4,-0.0002
MED00293,9,lag_4,-0.00028
MED00294,9,lag_4,0.00303
MED00295,9,lag_4,-0.00429
MED00296,9,lag_4,-0.00162
MED00297,9,lag_4,-0.00026
MED00298,9,lag_4,-0.00124
MED00299,9,lag_4,-0.00326
MED00300,9,lag_4,0.00017
MED00301,9,lag_4,-0.00134
MED00303,9,lag_4,0.00197
MED00304,9,lag_4,0.00066
MED00305,9,lag_4,-0.00168
MED00306,9,lag_4,-0.00429
MED00307,9,lag_4,0.00027
MED00308,9,lag_4,0.00073
MED00309,9,lag_4,0.00071
MED00310,9,lag_4,-0.00033
MED00311,9,lag_4,0.00109
MED00312,9,lag_4,0.00159
MED00313,9,lag_4,0.00193
MED00314,9,lag_4,-0.00151
MED00315,9,lag_4,-0.00028
MED00317,9,lag_4,-0.00158
MED00320,9,lag_4,-0.00061
MED00321,9,lag_4,0.00193
MED00322,9,lag_4,-0.00286
MED00323,9,lag_4,-0.00218
MED00324,9,lag_4,0.00062
MED00325,9,lag_4,-0.00133
MED00326,9,lag_4,-0.00026
MED00328,9,lag_4,-0.00131
MED00330,9,lag_4,-0.00236
MED00331,9,lag_4,-0.00219
MED00332,9,lag_4,-0.0012
MED00333,9,lag_4,-0.00145
MED00334,9,lag_4,-0.00346
MED00335,9,lag_4,-0.00047
MED00336,9,lag_4,-0.00014
MED00337,9,lag_4,-0.00058
MED00338,9,lag_4,-0.00219
MED00339,9,lag_4,0.00258
MED00340,9,lag_4,-0.00185
MED00342,9,lag_4,-0.00135
MED00343,9,lag_4,-0.00128
MED00344,9,lag_4,-0.00048
MED00345,9,lag_4,-0.00286
MED00346,9,lag_4,-0.00135
MED00347,9,lag_4,-0.00438
MED00348,9,lag_4,-0.00121
MED00349,9,lag_4,-0.00123
MED00350,9,lag_4,0.00179
MED00351,9,lag_4,-0.0011
MED00352,9,lag_4,-0.00189
MED00353,9,lag_4,-0.00119
MED00354,9,lag_4,-0.00019
MED00355,9,lag_4,-0.00066
MED00356,9,lag_4,-0.00237
MED00357,9,lag_4,-0.0016
MED00359,9,lag_4,-0.00153
MED00360,9,lag_4,-0.00236
MED00361,9,lag_4,-0.0017
MED00362,9,lag_4,-0.00129
MED00363,9,lag_4,-0.00121
MED00364,9,lag_4,-0.00444
MED00365,9,lag_4,-0.00119
MED00367,9,lag_4,-0.00146
MED00368,9,lag_4,-0.00293
MED00369,9,lag_4,0.00013
MED00370,9,lag_4,0.00057
MED00371,9,lag_4,-0.00089
MED00372,9,lag_4,-0.00231
MED00373,9,lag_4,-0.0022
MED00374,9,lag_4,-0.00231
MED00376,9,lag_4,-0.00158
MED00377,9,lag_4,-0.00339
MED00378,9,lag_4,-0.00124
MED00379,9,lag_4,-0.00236
MED00380,9,lag_4,-0.00108
MED00381,9,lag_4,0.00764
MED00382,9,lag_4,-0.00022
MED00383,9,lag_4,-0.00022
MED00384,9,lag_4,-0.00122
MED00386,9,lag_4,-0.00025
MED00387,9,lag_4,-0.00013
MED00388,9,lag_4,0.0037
MED00389,9,lag_4,0.00068
MED00390,9,lag_4,-0.00091
MED00391,9,lag_4,0.00014
MED00392,9,lag_4,0.00023
MED00393,9,lag_4,-0.0016
MED00394,9,lag_4,0.00014
MED00395,9,lag_4,0.00018
MED00396,9,lag_4,-0.00036
MED00398,9,lag_4,0.00138
MED00399,9,lag_4,0.00095
MED00400,9,lag_4,0.00011
MED00401,9,lag_4,-0.00054
MED00402,9,lag_4,0.00055
MED00403,9,lag_4,-0.00019
MED00404,9,lag_4,-0.00131
MED00405,9,lag_4,-0.00159
MED00406,9,lag_4,-0.00024
MED00407,9,lag_4,-0.00056
MED00409,9,lag_4,0.00061
MED00410,9,lag_4,0.00104
MED00411,9,lag_4,-0.00099
MED00412,9,lag_4,-0.00063
MED00413,9,lag_4,0.00115
MED00414,9,lag_4,-0.00055
MED00415,9,lag_4,-0.00066
MED00416,9,lag_4,0.00141
MED00418,9,lag_4,0.00058
MED00419,9,lag_4,-0.00077
MED00420,9,lag_4,-0.00109
MED00421,9,lag_4,-0.00044
MED00422,9,lag_4,-0.00064
MED00423,9,lag_4,0.00031
MED00424,9,lag_4,0.00068
MED00001,10,lag_4,0.00096
MED00002,10,lag_4,-0.00082
MED00003,10,lag_4,-0.00315
MED00004,10,lag_4,0.00253
MED00005,10,lag_4,0.00337
MED00006,10,lag_4,0.00017
MED00007,10,lag_4,-0.00127
MED00008,10,lag_4,-0.00108
MED00009,10,lag_4,0.00023
MED00010,10,lag_4,-0.00106
MED00011,10,lag_4,-0.00092
MED00012,10,lag_4,0.00045
MED00013,10,lag_4,-0.00294
MED00015,10,lag_4,-0.00237
MED00016,10,lag_4,-0.00286
MED00017,10,lag_4,-0.00121
MED00018,10,lag_4,-0.00022
MED00019,10,lag_4,0.00096
MED00020,10,lag_4,-0.00093
MED00021,10,lag_4,0.00074
MED00022,10,lag_4,-0.00094
MED00024,10,lag_4,0.00094
MED00025,10,lag_4,-0.005
MED00026,10,lag_4,-0.00388
MED00027,10,lag_4,-0.00455
MED00028,10,lag_4,-0.00122
MED00031,10,lag_4,0.00136
MED00032,10,lag_4,-0.00122
MED00033,10,lag_4,0.00283
MED00034,10,lag_4,-0.0003
MED00035,10,lag_4,-0.00248
MED00036,10,lag_4,-0.00105
MED00037,10,lag_4,0.00023
MED00038,10,lag_4,-0.00023
MED00039,10,lag_4,0.00056
MED00040,10,lag_4,-0.00097
MED00041,10,lag_4,0.001
MED00042,10,lag_4,-0.00127
MED00043,10,lag_4,-0.00311
MED00044,10,lag_4,0.00091
MED00045,10,lag_4,0.00011
MED00046,10,lag_4,0.00092
MED00047,10,lag_4,0.0002
MED00048,10,lag_4,-0.00024
MED00049,10,lag_4,-0.00312
MED00050,10,lag_4,-0.00152
MED00051,10,lag_4,-0.00465
MED00052,10,lag_4,-0.00081
MED00053,10,lag_4,-0.00027
MED00054,10,lag_4,-0.00243
MED00055,10,lag_4,-0.00065
MED00056,10,lag_4,-0.00145
MED00057,10,lag_4,-0.00432
MED00058,10,lag_4,0.00014
MED00059,10,lag_4,0.00014
MED00060,10,lag_4,0.00047
MED00061,10,lag_4,-0.00123
MED00062,10,lag_4,0.00048
MED00063,10,lag_4,-0.00462
MED00064,10,lag_4,0.00059
MED00065,10,lag_4,0.00032
MED00066,10,lag_4,-0.00243
MED00067,10,lag_4,-0.0015
MED00068,10,lag_4,0.0009
MED00069,10,lag_4,-0.00014
MED00070,10,lag_4,-0.00035
MED00071,10,lag_4,0.00113
MED00073,10,lag_4,0.00015
MED00074,10,lag_4,0.00091
MED00075,10,lag_4,0.00011
MED00076,10,lag_4,-0.00167
MED00078,10,lag_4,0.00148
MED00079,10,lag_4,-0.00072
MED00080,10,lag_4,0.00053
MED00081,10,lag_4,-0.00256
MED00082,10,lag_4,0.00081
MED00083,10,lag_4,0.00095
MED00084,10,lag_4,0.00016
MED00086,10,lag_4,-0.00056
MED00087,10,lag_4,-0.00153
MED00088,10,lag_4,-0.00047
MED00089,10,lag_4,-0.00152
MED00090,10,lag_4,0.00134
MED00092,10,lag_4,-0.00231
MED00093,10,lag_4,-0.00241
MED00094,10,lag_4,-0.00073
MED00095,10,lag_4,-0.00121
MED00096,10,lag_4,0.00021
MED00097,10,lag_4,-0.0005
MED00098,10,lag_4,-0.0011
MED00099,10,lag_4,-0.00416
MED00100,10,lag_4,-0.00412
MED00101,10,lag_4,-0.00135
MED00102,10,lag_4,-0.00173
MED00103,10,lag_4,-0.00159
MED00104,10,lag_4,-0.00022
MED00105,10,lag_4,-0.00105
MED00106,10,lag_4,-0.00462
MED00107,10,lag_4,-0.00024
MED00109,10,lag_4,-0.00169
MED00110,10,lag_4,-0.0011
MED00111,10,lag_4,-0.00347
MED00112,10,lag_4,-0.00133
MED00113,10,lag_4,-0.00213
MED00115,10,lag_4,-0.00138
MED00116,10,lag_4,-0.0003
MED00117,10,lag_4,-0.00166
MED00118,10,lag_4,-0.00119
MED00119,10,lag_4,-0.00109
MED00120,10,lag_4,-0.00093
MED00123,10,lag_4,-0.0006
MED00124,10,lag_4,-0.00131
MED00125,10,lag_4,-0.00224
MED00126,10,lag_4,-0.00111
MED00127,10,lag_4,-0.0018
MED00128,10,lag_4,-0.00117
MED00129,10,lag_4,0.00052
MED00130,10,lag_4,-0.00312
MED00131,10,lag_4,0.00098
MED00132,10,lag_4,-0.0011
MED00133,10,lag_4,-0.00041
MED00134,10,lag_4,-0.00111
MED00135,10,lag_4,-0.00119
MED00136,10,lag_4,-0.00032
MED00139,10,lag_4,-0.00154
MED00140,10,lag_4,-0.00119
MED00141,10,lag_4,0.00048
MED00142,10,lag_4,-0.00111
MED00143,10,lag_4,-0.00118
MED00144,10,lag_4,0.00052
MED00145,10,lag_4,-0.00199
MED00146,10,lag_4,-0.0013
MED00147,10,lag_4,-0.00027
MED00148,10,lag_4,0.00031
MED00150,10,lag_4,0.00033
MED00151,10,lag_4,-0.00124
MED00152,10,lag_4,-0.0012
MED00153,10,lag_4,-0.00161
MED00154,10,lag_4,0.0003
MED00155,10,lag_4,-0.00097
MED00156,10,lag_4,-0.0004
MED00157,10,lag_4,-0.0002
MED00158,10,lag_4,-0.00397
MED00161,10,lag_4,-0.00172
MED00162,10,lag_4,-0.00155
MED00163,10,lag_4,-0.00289
MED00164,10,lag_4,0.00075
MED00165,10,lag_4,-0.00071
MED00166,10,lag_4,-0.00159
MED00167,10,lag_4,-0.00151
MED00168,10,lag_4,-0.00155
MED00169,10,lag_4,-0.00121
MED00170,10,lag_4,-0.0023
MED00171,10,lag_4,-0.00119
MED00172,10,lag_4,-0.0004
MED00173,10,lag_4,-0.00167
MED00174,10,lag_4,-0.00259
MED00175,10,lag_4,-0.00108
MED00176,10,lag_4,-0.00031
MED00177,10,lag_4,-0.0042
MED00178,10,lag_4,-0.00136
MED00179,10,lag_4,-0.00148
MED00180,10,lag_4,1e-04
MED00181,10,lag_4,-0.00151
MED00182,10,lag_4,-0.00455
MED00183,10,lag_4,-0.00102
MED00184,10,lag_4,-0.00403
MED00185,10,lag_4,-0.0004
MED00186,10,lag_4,-0.00138
MED00187,10,lag_4,0.00218
MED00188,10,lag_4,-0.00174
MED00189,10,lag_4,-0.00315
MED00190,10,lag_4,-0.00157
MED00191,10,lag_4,-0.00012
MED00192,10,lag_4,-0.00379
MED00193,10,lag_4,-0.00315
MED00194,10,lag_4,-0.00032
MED00195,10,lag_4,-0.00144
MED00196,10,lag_4,-0.00104
MED00197,10,lag_4,-0.00121
MED00199,10,lag_4,0.00105
MED00200,10,lag_4,-0.00163
MED00201,10,lag_4,-0.00034
MED00202,10,lag_4,0.00035
MED00203,10,lag_4,-0.00023
MED00204,10,lag_4,-0.0016
MED00206,10,lag_4,-0.00121
MED00207,10,lag_4,-0.00116
MED00209,10,lag_4,-0.00179
MED00210,10,lag_4,-0.0007
MED00211,10,lag_4,-0.00158
MED00212,10,lag_4,0.00034
MED00213,10,lag_4,-0.00119
MED00215,10,lag_4,-0.00159
MED00216,10,lag_4,-0.00468
MED00217,10,lag_4,-0.00078
MED00218,10,lag_4,-0.00128
MED00220,10,lag_4,-0.00152
MED00221,10,lag_4,0.00085
MED00222,10,lag_4,-0.00196
MED00223,10,lag_4,-0.00231
MED00224,10,lag_4,-0.00153
MED00226,10,lag_4,0.00089
MED00227,10,lag_4,0.00039
MED00228,10,lag_4,-0.00066
MED00229,10,lag_4,-0.00226
MED00230,10,lag_4,0.00014
MED00231,10,lag_4,-0.00117
MED00232,10,lag_4,-0.00165
MED00233,10,lag_4,-0.00037
MED00234,10,lag_4,-0.00117
MED00235,10,lag_4,0.00027
MED00236,10,lag_4,-0.00183
MED00238,10,lag_4,-0.0012
MED00239,10,lag_4,-0.00124
MED00241,10,lag_4,-0.00157
MED00242,10,lag_4,-0.00031
MED00243,10,lag_4,-0.00075
MED00244,10,lag_4,-0.00162
MED00245,10,lag_4,0.00042
MED00246,10,lag_4,-0.00012
MED00248,10,lag_4,0.00177
MED00249,10,lag_4,-0.0005
MED00250,10,lag_4,0.00135
MED00251,10,lag_4,-0.00121
MED00252,10,lag_4,-0.00366
MED00253,10,lag_4,-0.00143
MED00254,10,lag_4,-0.00376
MED00255,10,lag_4,0.00097
MED00256,10,lag_4,-0.00121
MED00257,10,lag_4,0.00113
MED00258,10,lag_4,-0.00117
MED00259,10,lag_4,-0.00095
MED00260,10,lag_4,-0.00101
MED00261,10,lag_4,-0.0007
MED00262,10,lag_4,0.00093
MED00263,10,lag_4,-0.00161
MED00264,10,lag_4,-0.00171
MED00265,10,lag_4,-0.00028
MED00266,10,lag_4,-0.00148
MED00267,10,lag_4,-0.00122
MED00268,10,lag_4,-0.00117
MED00269,10,lag_4,-0.00119
MED00270,10,lag_4,-0.00278
MED00271,10,lag_4,-0.00118
MED00272,10,lag_4,-0.00161
MED00273,10,lag_4,-0.0007
MED00274,10,lag_4,-0.0006
MED00275,10,lag_4,0.00021
MED00276,10,lag_4,-0.00121
MED00277,10,lag_4,-0.00315
MED00280,10,lag_4,-0.0008
MED00281,10,lag_4,0.00024
MED00282,10,lag_4,-0.00325
MED00283,10,lag_4,-0.00206
MED00284,10,lag_4,0.00219
MED00286,10,lag_4,0.00033
MED00287,10,lag_4,-0.0013
MED00288,10,lag_4,-0.00101
MED00289,10,lag_4,-0.00289
MED00290,10,lag_4,-0.00118
MED00291,10,lag_4,-0.00263
MED00292,10,lag_4,-0.00024
MED00293,10,lag_4,-0.0003
MED00294,10,lag_4,0.00299
MED00295,10,lag_4,-0.00455
MED00296,10,lag_4,-0.00165
MED00297,10,lag_4,-0.00025
MED00298,10,lag_4,-0.00119
MED00299,10,lag_4,-0.00327
MED00300,10,lag_4,0.00015
MED00301,10,lag_4,-0.00135
MED00303,10,lag_4,0.00194
MED00304,10,lag_4,0.00065
MED00305,10,lag_4,-0.00171
MED00306,10,lag_4,-0.00438
MED00307,10,lag_4,0.00028
MED00308,10,lag_4,0.00074
MED00309,10,lag_4,0.0007
MED00310,10,lag_4,-0.00036
MED00311,10,lag_4,0.0011
MED00312,10,lag_4,0.00133
MED00313,10,lag_4,0.00197
MED00314,10,lag_4,-0.00152
MED00315,10,lag_4,-0.00022
MED00317,10,lag_4,-0.00161
MED00320,10,lag_4,-0.00063
MED00321,10,lag_4,0.00197
MED00322,10,lag_4,-0.00312
MED00323,10,lag_4,-0.00245
MED00324,10,lag_4,0.00068
MED00325,10,lag_4,-0.00133
MED00326,10,lag_4,-0.00025
MED00328,10,lag_4,-0.00127
MED00330,10,lag_4,-0.0024
MED00331,10,lag_4,-0.00215
MED00332,10,lag_4,-0.00114
MED00333,10,lag_4,-0.0014
MED00334,10,lag_4,-0.0035
MED00335,10,lag_4,-0.00046
MED00337,10,lag_4,-0.00053
MED00338,10,lag_4,-0.00216
MED00339,10,lag_4,0.00255
MED00340,10,lag_4,-0.00188
MED00342,10,lag_4,-0.00138
MED00343,10,lag_4,-0.00122
MED00344,10,lag_4,-0.00047
MED00345,10,lag_4,-0.00313
MED00346,10,lag_4,-0.00139
MED00347,10,lag_4,-0.00464
MED00348,10,lag_4,-0.00121
MED00349,10,lag_4,-0.00124
MED00350,10,lag_4,0.00184
MED00351,10,lag_4,-0.00111
MED00352,10,lag_4,-0.0019
MED00353,10,lag_4,-0.00119
MED00354,10,lag_4,-0.00022
MED00355,10,lag_4,-0.00066
MED00356,10,lag_4,-0.00233
MED00357,10,lag_4,-0.00159
MED00358,10,lag_4,-0.00011
MED00359,10,lag_4,-0.00156
MED00360,10,lag_4,-0.00242
MED00361,10,lag_4,-0.00164
MED00362,10,lag_4,-0.00131
MED00363,10,lag_4,-0.00122
MED00364,10,lag_4,-0.0047
MED00365,10,lag_4,-0.00118
MED00367,10,lag_4,-0.00149
MED00368,10,lag_4,-0.00289
MED00369,10,lag_4,0.00018
MED00370,10,lag_4,-0.0002
MED00371,10,lag_4,-0.00091
MED00372,10,lag_4,-0.00257
MED00373,10,lag_4,-0.00247
MED00374,10,lag_4,-0.00229
MED00376,10,lag_4,-0.00162
MED00377,10,lag_4,-0.00365
MED00378,10,lag_4,-0.00124
MED00379,10,lag_4,-0.00231
MED00380,10,lag_4,-0.00109
MED00381,10,lag_4,0.00765
MED00382,10,lag_4,-0.00026
MED00383,10,lag_4,-0.0002
MED00384,10,lag_4,-0.00118
MED00386,10,lag_4,-0.00016
MED00387,10,lag_4,-0.00012
MED00388,10,lag_4,0.00365
MED00389,10,lag_4,0.00072
MED00390,10,lag_4,-0.0009
MED00391,10,lag_4,0.00018
MED00392,10,lag_4,0.00031
MED00393,10,lag_4,-0.00186
MED00394,10,lag_4,0.00021
MED00395,10,lag_4,0.00025
MED00396,10,lag_4,-0.00031
MED00398,10,lag_4,0.00139
MED00399,10,lag_4,0.00095
MED00400,10,lag_4,0.00012
MED00401,10,lag_4,-0.00052
MED00402,10,lag_4,0.00056
MED00403,10,lag_4,-0.00015
MED00404,10,lag_4,-0.00132
MED00405,10,lag_4,-0.00159
MED00406,10,lag_4,-0.00024
MED00407,10,lag_4,-0.00055
MED00409,10,lag_4,0.0006
MED00410,10,lag_4,0.00105
MED00411,10,lag_4,-0.00098
MED00412,10,lag_4,-0.00061
MED00413,10,lag_4,0.00117
MED00414,10,lag_4,-0.00053
MED00415,10,lag_4,-0.00064
MED00416,10,lag_4,0.00142
MED00418,10,lag_4,0.00066
MED00419,10,lag_4,-0.00081
MED00420,10,lag_4,-0.00107
MED00421,10,lag_4,-0.00042
MED00422,10,lag_4,-0.00063
MED00423,10,lag_4,0.00037
MED00424,10,lag_4,0.00058
MED00001,11,lag_4,0.00102
MED00002,11,lag_4,-0.00047
MED00003,11,lag_4,-0.00313
MED00004,11,lag_4,0.00255
MED00005,11,lag_4,0.00339
MED00006,11,lag_4,0.00019
MED00007,11,lag_4,-0.00125
MED00008,11,lag_4,-0.00106
MED00009,11,lag_4,0.00025
MED00010,11,lag_4,-0.00103
MED00011,11,lag_4,-0.0009
MED00012,11,lag_4,0.00047
MED00013,11,lag_4,-0.00258
MED00014,11,lag_4,0.00011
MED00015,11,lag_4,-0.00202
MED00016,11,lag_4,-0.0025
MED00017,11,lag_4,-0.00119
MED00018,11,lag_4,-0.00017
MED00019,11,lag_4,0.00101
MED00020,11,lag_4,-0.00086
MED00021,11,lag_4,0.00076
MED00022,11,lag_4,-0.00059
MED00024,11,lag_4,0.00096
MED00025,11,lag_4,-0.00498
MED00026,11,lag_4,-0.00386
MED00027,11,lag_4,-0.00453
MED00028,11,lag_4,-0.0012
MED00031,11,lag_4,0.00142
MED00032,11,lag_4,-0.00086
MED00033,11,lag_4,0.00285
MED00034,11,lag_4,-0.00024
MED00035,11,lag_4,-0.0021
MED00036,11,lag_4,-0.00103
MED00037,11,lag_4,0.00024
MED00038,11,lag_4,-0.00017
MED00039,11,lag_4,0.00058
MED00040,11,lag_4,-0.00062
MED00041,11,lag_4,0.00102
MED00042,11,lag_4,-0.00125
MED00043,11,lag_4,-0.00309
MED00044,11,lag_4,0.00093
MED00045,11,lag_4,0.00014
MED00046,11,lag_4,0.00094
MED00047,11,lag_4,0.00026
MED00048,11,lag_4,-0.00022
MED00049,11,lag_4,-0.0031
MED00050,11,lag_4,-0.0015
MED00051,11,lag_4,-0.00463
MED00052,11,lag_4,-0.00079
MED00053,11,lag_4,-0.00026
MED00054,11,lag_4,-0.00207
MED00055,11,lag_4,-0.0006
MED00056,11,lag_4,-0.00143
MED00057,11,lag_4,-0.0043
MED00058,11,lag_4,0.00016
MED00059,11,lag_4,0.00015
MED00060,11,lag_4,0.00049
MED00061,11,lag_4,-0.00121
MED00062,11,lag_4,0.00053
MED00063,11,lag_4,-0.0046
MED00064,11,lag_4,0.00064
MED00065,11,lag_4,0.00037
MED00066,11,lag_4,-0.00208
MED00067,11,lag_4,-0.00114
MED00068,11,lag_4,0.00093
MED00069,11,lag_4,-0.00012
MED00070,11,lag_4,-0.00029
MED00071,11,lag_4,0.00115
MED00073,11,lag_4,0.00017
MED00074,11,lag_4,0.00094
MED00075,11,lag_4,0.00013
MED00076,11,lag_4,-0.00132
MED00078,11,lag_4,0.0015
MED00079,11,lag_4,-0.00066
MED00080,11,lag_4,0.00055
MED00081,11,lag_4,-0.00254
MED00082,11,lag_4,0.00083
MED00083,11,lag_4,0.00098
MED00084,11,lag_4,0.00022
MED00086,11,lag_4,-0.00054
MED00087,11,lag_4,-0.00151
MED00088,11,lag_4,-0.00045
MED00089,11,lag_4,-0.0015
MED00090,11,lag_4,0.00135
MED00092,11,lag_4,-0.00195
MED00093,11,lag_4,-0.00205
MED00094,11,lag_4,-0.00071
MED00095,11,lag_4,-0.00119
MED00096,11,lag_4,0.00023
MED00097,11,lag_4,-0.00049
MED00098,11,lag_4,-0.00103
MED00099,11,lag_4,-0.00414
MED00100,11,lag_4,-0.0041
MED00101,11,lag_4,-0.00095
MED00102,11,lag_4,-0.00138
MED00103,11,lag_4,-0.00157
MED00104,11,lag_4,-0.00021
MED00105,11,lag_4,-0.001
MED00106,11,lag_4,-0.0046
MED00107,11,lag_4,-0.00023
MED00109,11,lag_4,-0.00168
MED00110,11,lag_4,-0.00108
MED00111,11,lag_4,-0.00345
MED00112,11,lag_4,-0.00131
MED00113,11,lag_4,-0.00177
MED00115,11,lag_4,-0.00136
MED00116,11,lag_4,-0.00028
MED00117,11,lag_4,-0.00164
MED00118,11,lag_4,-0.00117
MED00119,11,lag_4,-0.00107
MED00120,11,lag_4,-0.00091
MED00123,11,lag_4,-0.00059
MED00124,11,lag_4,-0.00125
MED00125,11,lag_4,-0.00222
MED00126,11,lag_4,-0.00109
MED00127,11,lag_4,-0.00178
MED00128,11,lag_4,-0.00115
MED00129,11,lag_4,0.00054
MED00130,11,lag_4,-0.0031
MED00131,11,lag_4,0.00101
MED00132,11,lag_4,-0.00109
MED00133,11,lag_4,-0.0004
MED00134,11,lag_4,-0.0011
MED00135,11,lag_4,-0.00113
MED00136,11,lag_4,-0.0003
MED00139,11,lag_4,-0.00152
MED00140,11,lag_4,-0.00116
MED00141,11,lag_4,0.0005
MED00142,11,lag_4,-0.00108
MED00143,11,lag_4,-0.00116
MED00144,11,lag_4,0.00054
MED00145,11,lag_4,-0.00164
MED00146,11,lag_4,-0.00094
MED00147,11,lag_4,-0.00025
MED00148,11,lag_4,0.00033
MED00150,11,lag_4,0.00034
MED00151,11,lag_4,-0.00122
MED00152,11,lag_4,-0.00118
MED00153,11,lag_4,-0.00158
MED00154,11,lag_4,0.00031
MED00155,11,lag_4,-0.00091
MED00156,11,lag_4,-0.00034
MED00157,11,lag_4,-0.00018
MED00158,11,lag_4,-0.00395
MED00161,11,lag_4,-0.0017
MED00162,11,lag_4,-0.00153
MED00163,11,lag_4,-0.00287
MED00164,11,lag_4,0.00078
MED00165,11,lag_4,-0.00069
MED00166,11,lag_4,-0.00157
MED00167,11,lag_4,-0.00115
MED00168,11,lag_4,-0.00153
MED00169,11,lag_4,-0.00121
MED00170,11,lag_4,-0.00194
MED00171,11,lag_4,-0.00117
MED00172,11,lag_4,-0.00039
MED00173,11,lag_4,-0.00165
MED00174,11,lag_4,-0.00257
MED00175,11,lag_4,-0.00106
MED00176,11,lag_4,-0.00025
MED00177,11,lag_4,-0.00418
MED00178,11,lag_4,-0.00101
MED00179,11,lag_4,-0.00146
MED00180,11,lag_4,0.00012
MED00181,11,lag_4,-0.00149
MED00182,11,lag_4,-0.00453
MED00183,11,lag_4,-0.001
MED00184,11,lag_4,-0.00401
MED00185,11,lag_4,-0.00039
MED00186,11,lag_4,-0.00136
MED00187,11,lag_4,0.0022
MED00188,11,lag_4,-0.00138
MED00189,11,lag_4,-0.00313
MED00190,11,lag_4,-0.00154
MED00192,11,lag_4,-0.00377
MED00193,11,lag_4,-0.00313
MED00194,11,lag_4,-0.00027
MED00195,11,lag_4,-0.00138
MED00196,11,lag_4,-0.00103
MED00197,11,lag_4,-0.00119
MED00199,11,lag_4,0.00106
MED00200,11,lag_4,-0.00161
MED00201,11,lag_4,-0.00032
MED00202,11,lag_4,0.00038
MED00203,11,lag_4,-0.00021
MED00204,11,lag_4,-0.00158
MED00205,11,lag_4,0.00015
MED00206,11,lag_4,-0.00087
MED00207,11,lag_4,-0.00114
MED00209,11,lag_4,-0.00144
MED00210,11,lag_4,-0.00065
MED00211,11,lag_4,-0.00156
MED00212,11,lag_4,-0.0004
MED00213,11,lag_4,-0.00118
MED00215,11,lag_4,-0.00157
MED00216,11,lag_4,-0.00465
MED00217,11,lag_4,-0.00043
MED00218,11,lag_4,-0.00126
MED00219,11,lag_4,0.00013
MED00220,11,lag_4,-0.0015
MED00221,11,lag_4,0.00087
MED00222,11,lag_4,-0.00194
MED00223,11,lag_4,-0.00229
MED00224,11,lag_4,-0.00151
MED00226,11,lag_4,0.00091
MED00227,11,lag_4,0.00044
MED00228,11,lag_4,-0.0003
MED00229,11,lag_4,-0.00225
MED00230,11,lag_4,0.0002
MED00231,11,lag_4,-0.00113
MED00232,11,lag_4,-0.00162
MED00233,11,lag_4,-0.00036
MED00234,11,lag_4,-0.00115
MED00235,11,lag_4,0.00032
MED00236,11,lag_4,-0.0018
MED00238,11,lag_4,-0.00118
MED00239,11,lag_4,-0.00122
MED00241,11,lag_4,-0.00154
MED00242,11,lag_4,-0.00029
MED00243,11,lag_4,-0.0004
MED00244,11,lag_4,-0.00159
MED00245,11,lag_4,0.00047
MED00248,11,lag_4,0.0018
MED00249,11,lag_4,-0.00045
MED00250,11,lag_4,0.00141
MED00251,11,lag_4,-0.00119
MED00252,11,lag_4,-0.00332
MED00253,11,lag_4,-0.00141
MED00254,11,lag_4,-0.00341
MED00255,11,lag_4,0.00098
MED00256,11,lag_4,-0.00119
MED00257,11,lag_4,0.00115
MED00258,11,lag_4,-0.00115
MED00259,11,lag_4,-0.0009
MED00260,11,lag_4,-0.00065
MED00261,11,lag_4,-0.00068
MED00262,11,lag_4,0.00095
MED00263,11,lag_4,-0.00125
MED00264,11,lag_4,-0.0017
MED00265,11,lag_4,-0.00026
MED00266,11,lag_4,-0.00146
MED00267,11,lag_4,-0.0012
MED00268,11,lag_4,-0.00115
MED00269,11,lag_4,-0.00117
MED00270,11,lag_4,-0.00242
MED00271,11,lag_4,-0.00083
MED00272,11,lag_4,-0.00159
MED00273,11,lag_4,-0.00068
MED00274,11,lag_4,-0.00059
MED00275,11,lag_4,0.00023
MED00276,11,lag_4,-0.00119
MED00277,11,lag_4,-0.00313
MED00280,11,lag_4,-0.00045
MED00281,11,lag_4,0.00029
MED00282,11,lag_4,-0.00323
MED00283,11,lag_4,-0.00203
MED00284,11,lag_4,0.00222
MED00286,11,lag_4,0.00034
MED00287,11,lag_4,-0.00127
MED00288,11,lag_4,-0.00095
MED00289,11,lag_4,-0.00253
MED00290,11,lag_4,-0.00116
MED00291,11,lag_4,-0.00261
MED00292,11,lag_4,-0.00021
MED00293,11,lag_4,-0.00029
MED00294,11,lag_4,0.00302
MED00295,11,lag_4,-0.00453
MED00296,11,lag_4,-0.00163
MED00297,11,lag_4,-0.00023
MED00298,11,lag_4,-0.00116
MED00299,11,lag_4,-0.00326
MED00300,11,lag_4,0.00017
MED00301,11,lag_4,-0.00132
MED00303,11,lag_4,0.00196
MED00304,11,lag_4,0.00067
MED00305,11,lag_4,-0.00169
MED00306,11,lag_4,-0.00433
MED00307,11,lag_4,0.00033
MED00308,11,lag_4,0.00076
MED00309,11,lag_4,0.00072
MED00310,11,lag_4,-0.00034
MED00311,11,lag_4,0.00112
MED00312,11,lag_4,0.00134
MED00313,11,lag_4,0.00231
MED00314,11,lag_4,-0.0015
MED00315,11,lag_4,-0.00021
MED00317,11,lag_4,-0.00159
MED00320,11,lag_4,-0.00059
MED00321,11,lag_4,0.00232
MED00322,11,lag_4,-0.0031
MED00323,11,lag_4,-0.00244
MED00324,11,lag_4,0.00069
MED00325,11,lag_4,-0.00127
MED00326,11,lag_4,-0.00023
MED00328,11,lag_4,-0.00125
MED00330,11,lag_4,-0.00238
MED00331,11,lag_4,-0.0018
MED00332,11,lag_4,-0.00112
MED00333,11,lag_4,-0.001
MED00334,11,lag_4,-0.00348
MED00335,11,lag_4,-0.00044
MED00337,11,lag_4,-0.00047
MED00338,11,lag_4,-0.00214
MED00339,11,lag_4,0.00257
MED00340,11,lag_4,-0.00185
MED00342,11,lag_4,-0.00136
MED00343,11,lag_4,-0.00117
MED00344,11,lag_4,-0.00046
MED00345,11,lag_4,-0.00311
MED00346,11,lag_4,-0.00137
MED00347,11,lag_4,-0.00462
MED00348,11,lag_4,-0.00118
MED00349,11,lag_4,-0.00122
MED00350,11,lag_4,0.00218
MED00351,11,lag_4,-0.00109
MED00352,11,lag_4,-0.00188
MED00353,11,lag_4,-0.00118
MED00354,11,lag_4,-0.00021
MED00355,11,lag_4,-0.00066
MED00356,11,lag_4,-0.00197
MED00357,11,lag_4,-0.00124
MED00359,11,lag_4,-0.00154
MED00360,11,lag_4,-0.00207
MED00361,11,lag_4,-0.00128
MED00362,11,lag_4,-0.00129
MED00363,11,lag_4,-0.0012
MED00364,11,lag_4,-0.00468
MED00365,11,lag_4,-0.00115
MED00366,11,lag_4,0.00017
MED00367,11,lag_4,-0.00147
MED00368,11,lag_4,-0.00253
MED00369,11,lag_4,0.0002
MED00370,11,lag_4,-0.00018
MED00371,11,lag_4,-0.00071
MED00372,11,lag_4,-0.00255
MED00373,11,lag_4,-0.00245
MED00374,11,lag_4,-0.00193
MED00376,11,lag_4,-0.00159
MED00377,11,lag_4,-0.00363
MED00378,11,lag_4,-0.00123
MED00379,11,lag_4,-0.00197
MED00380,11,lag_4,-0.00108
MED00381,11,lag_4,0.00767
MED00382,11,lag_4,-0.00024
MED00383,11,lag_4,-0.00018
MED00384,11,lag_4,-0.00116
MED00386,11,lag_4,-0.00014
MED00388,11,lag_4,0.00328
MED00389,11,lag_4,0.00078
MED00390,11,lag_4,-0.00085
MED00391,11,lag_4,0.00023
MED00392,11,lag_4,0.00037
MED00393,11,lag_4,-0.00184
MED00394,11,lag_4,0.00027
MED00395,11,lag_4,0.00031
MED00396,11,lag_4,-0.00026
MED00398,11,lag_4,0.00102
MED00399,11,lag_4,0.00052
MED00400,11,lag_4,0.00018
MED00401,11,lag_4,-0.0005
MED00402,11,lag_4,0.00057
MED00403,11,lag_4,-0.00022
MED00404,11,lag_4,-0.00129
MED00405,11,lag_4,-0.00157
MED00406,11,lag_4,-0.00018
MED00407,11,lag_4,-0.00053
MED00408,11,lag_4,0.00011
MED00409,11,lag_4,0.00061
MED00410,11,lag_4,0.00107
MED00411,11,lag_4,-0.00093
MED00412,11,lag_4,-0.00056
MED00413,11,lag_4,0.00119
MED00414,11,lag_4,-0.00047
MED00415,11,lag_4,-0.00058
MED00416,11,lag_4,0.00148
MED00418,11,lag_4,0.00068
MED00419,11,lag_4,-0.00079
MED00420,11,lag_4,-0.00105
MED00421,11,lag_4,-0.00041
MED00422,11,lag_4,-0.00057
MED00423,11,lag_4,0.00043
MED00424,11,lag_4,0.00063
MED00001,12,lag_4,0.00099
MED00002,12,lag_4,-0.00109
MED00003,12,lag_4,-0.00323
MED00004,12,lag_4,0.00244
MED00005,12,lag_4,0.00328
MED00006,12,lag_4,0.00015
MED00007,12,lag_4,-0.00128
MED00008,12,lag_4,-0.00121
MED00009,12,lag_4,0.00021
MED00010,12,lag_4,-0.00114
MED00011,12,lag_4,-0.00093
MED00012,12,lag_4,0.00036
MED00013,12,lag_4,-0.00315
MED00015,12,lag_4,-0.00263
MED00016,12,lag_4,-0.0031
MED00017,12,lag_4,-0.00123
MED00018,12,lag_4,-0.00026
MED00019,12,lag_4,0.00098
MED00020,12,lag_4,-0.00089
MED00021,12,lag_4,0.00065
MED00022,12,lag_4,-0.00111
MED00024,12,lag_4,0.00085
MED00025,12,lag_4,-0.00508
MED00026,12,lag_4,-0.00396
MED00027,12,lag_4,-0.00463
MED00028,12,lag_4,-0.00138
MED00029,12,lag_4,-0.00014
MED00030,12,lag_4,-0.00012
MED00031,12,lag_4,0.00131
MED00032,12,lag_4,-0.00126
MED00033,12,lag_4,0.00281
MED00034,12,lag_4,-0.00034
MED00035,12,lag_4,-0.00267
MED00036,12,lag_4,-0.00114
MED00037,12,lag_4,0.00013
MED00038,12,lag_4,-0.00028
MED00039,12,lag_4,0.00055
MED00040,12,lag_4,-0.00125
MED00041,12,lag_4,0.00091
MED00042,12,lag_4,-0.00128
MED00043,12,lag_4,-0.00319
MED00044,12,lag_4,0.00083
MED00046,12,lag_4,0.00083
MED00047,12,lag_4,0.00015
MED00048,12,lag_4,-0.00033
MED00049,12,lag_4,-0.0032
MED00050,12,lag_4,-0.00156
MED00051,12,lag_4,-0.00473
MED00052,12,lag_4,-0.00097
MED00053,12,lag_4,-0.00044
MED00054,12,lag_4,-0.00266
MED00055,12,lag_4,-0.0007
MED00056,12,lag_4,-0.00155
MED00057,12,lag_4,-0.00438
MED00058,12,lag_4,0.00012
MED00060,12,lag_4,0.00046
MED00061,12,lag_4,-0.00139
MED00062,12,lag_4,0.00049
MED00063,12,lag_4,-0.0047
MED00064,12,lag_4,0.00061
MED00065,12,lag_4,0.00034
MED00066,12,lag_4,-0.00269
MED00067,12,lag_4,-0.00166
MED00068,12,lag_4,0.00074
MED00069,12,lag_4,-0.00016
MED00070,12,lag_4,-0.00051
MED00071,12,lag_4,0.00097
MED00072,12,lag_4,-0.00016
MED00073,12,lag_4,0.00013
MED00074,12,lag_4,0.00075
MED00076,12,lag_4,-0.00193
MED00078,12,lag_4,0.00146
MED00079,12,lag_4,-0.00069
MED00080,12,lag_4,0.00043
MED00081,12,lag_4,-0.00264
MED00082,12,lag_4,0.00072
MED00083,12,lag_4,0.00094
MED00084,12,lag_4,0.00019
MED00085,12,lag_4,-1e-04
MED00086,12,lag_4,-0.00064
MED00087,12,lag_4,-0.00155
MED00088,12,lag_4,-0.00048
MED00089,12,lag_4,-0.0016
MED00090,12,lag_4,0.00125
MED00092,12,lag_4,-0.00247
MED00093,12,lag_4,-0.00263
MED00094,12,lag_4,-0.00082
MED00095,12,lag_4,-0.0013
MED00096,12,lag_4,0.00018
MED00097,12,lag_4,-0.00059
MED00098,12,lag_4,-0.00107
MED00099,12,lag_4,-0.00424
MED00100,12,lag_4,-0.0042
MED00101,12,lag_4,-0.00147
MED00102,12,lag_4,-0.0019
MED00103,12,lag_4,-0.00161
MED00104,12,lag_4,-0.00031
MED00105,12,lag_4,-0.0011
MED00106,12,lag_4,-0.0047
MED00107,12,lag_4,-0.00027
MED00109,12,lag_4,-0.00178
MED00110,12,lag_4,-0.00112
MED00111,12,lag_4,-0.00355
MED00112,12,lag_4,-0.00135
MED00113,12,lag_4,-0.00244
MED00115,12,lag_4,-0.0014
MED00116,12,lag_4,-0.00038
MED00117,12,lag_4,-0.00168
MED00118,12,lag_4,-0.0013
MED00119,12,lag_4,-0.00118
MED00120,12,lag_4,-0.00101
MED00122,12,lag_4,-0.00019
MED00123,12,lag_4,-0.00069
MED00124,12,lag_4,-0.0013
MED00125,12,lag_4,-0.00232
MED00126,12,lag_4,-0.0012
MED00127,12,lag_4,-0.00188
MED00128,12,lag_4,-0.00119
MED00129,12,lag_4,0.0005
MED00130,12,lag_4,-0.0032
MED00131,12,lag_4,0.0009
MED00132,12,lag_4,-0.00119
MED00133,12,lag_4,-0.0005
MED00134,12,lag_4,-0.0012
MED00135,12,lag_4,-0.00109
MED00136,12,lag_4,-0.0004
MED00139,12,lag_4,-0.00156
MED00140,12,lag_4,-0.00134
MED00141,12,lag_4,0.0004
MED00142,12,lag_4,-0.00112
MED00143,12,lag_4,-0.0012
MED00144,12,lag_4,0.0005
MED00145,12,lag_4,-0.00225
MED00146,12,lag_4,-0.0014
MED00147,12,lag_4,-0.00029
MED00148,12,lag_4,0.00029
MED00150,12,lag_4,0.00022
MED00151,12,lag_4,-0.00132
MED00152,12,lag_4,-0.00122
MED00153,12,lag_4,-0.00162
MED00154,12,lag_4,0.00021
MED00155,12,lag_4,-0.00102
MED00156,12,lag_4,-0.00039
MED00157,12,lag_4,-0.00029
MED00158,12,lag_4,-0.00405
MED00161,12,lag_4,-0.00173
MED00162,12,lag_4,-0.00157
MED00163,12,lag_4,-0.00298
MED00164,12,lag_4,0.00067
MED00165,12,lag_4,-0.00072
MED00166,12,lag_4,-0.00161
MED00167,12,lag_4,-0.00161
MED00168,12,lag_4,-0.00156
MED00169,12,lag_4,-0.00132
MED00170,12,lag_4,-0.00249
MED00171,12,lag_4,-0.00121
MED00172,12,lag_4,-0.0005
MED00173,12,lag_4,-0.00169
MED00174,12,lag_4,-0.00261
MED00175,12,lag_4,-0.00113
MED00176,12,lag_4,-0.00029
MED00177,12,lag_4,-0.00428
MED00178,12,lag_4,-0.00162
MED00179,12,lag_4,-0.00156
MED00181,12,lag_4,-0.00153
MED00182,12,lag_4,-0.00464
MED00183,12,lag_4,-0.0011
MED00184,12,lag_4,-0.00411
MED00185,12,lag_4,-0.00044
MED00186,12,lag_4,-0.0014
MED00187,12,lag_4,0.0021
MED00188,12,lag_4,-0.0019
MED00189,12,lag_4,-0.00323
MED00190,12,lag_4,-0.00158
MED00192,12,lag_4,-0.00387
MED00193,12,lag_4,-0.00323
MED00194,12,lag_4,-0.00037
MED00195,12,lag_4,-0.00149
MED00196,12,lag_4,-0.00113
MED00197,12,lag_4,-0.0013
MED00199,12,lag_4,0.00096
MED00200,12,lag_4,-0.00165
MED00201,12,lag_4,-0.00036
MED00202,12,lag_4,0.00034
MED00203,12,lag_4,-0.00032
MED00204,12,lag_4,-0.00168
MED00205,12,lag_4,0.00012
MED00206,12,lag_4,-0.00143
MED00207,12,lag_4,-0.00118
MED00209,12,lag_4,-0.00183
MED00210,12,lag_4,-0.00068
MED00211,12,lag_4,-0.0016
MED00212,12,lag_4,-0.00043
MED00213,12,lag_4,-0.00129
MED00214,12,lag_4,-0.00011
MED00215,12,lag_4,-0.00161
MED00216,12,lag_4,-0.00476
MED00217,12,lag_4,-0.00104
MED00218,12,lag_4,-0.00129
MED00220,12,lag_4,-0.00154
MED00221,12,lag_4,0.00076
MED00222,12,lag_4,-0.00206
MED00223,12,lag_4,-0.00233
MED00224,12,lag_4,-0.00155
MED00225,12,lag_4,-0.00011
MED00226,12,lag_4,0.00086
MED00227,12,lag_4,0.00027
MED00228,12,lag_4,-0.0007
MED00229,12,lag_4,-0.00236
MED00231,12,lag_4,-0.00124
MED00232,12,lag_4,-0.00166
MED00233,12,lag_4,-0.00046
MED00234,12,lag_4,-0.00126
MED00235,12,lag_4,0.00029
MED00236,12,lag_4,-0.00184
MED00238,12,lag_4,-0.00122
MED00239,12,lag_4,-0.00126
MED00241,12,lag_4,-0.00165
MED00242,12,lag_4,-0.00039
MED00243,12,lag_4,-0.00102
MED00244,12,lag_4,-0.00163
MED00245,12,lag_4,0.0004
MED00246,12,lag_4,-0.00028
MED00247,12,lag_4,-0.00011
MED00248,12,lag_4,0.00168
MED00249,12,lag_4,-0.00054
MED00250,12,lag_4,0.0013
MED00251,12,lag_4,-0.00123
MED00252,12,lag_4,-0.00395
MED00253,12,lag_4,-0.00145
MED00254,12,lag_4,-0.00404
MED00255,12,lag_4,0.00094
MED00256,12,lag_4,-0.00123
MED00257,12,lag_4,0.00097
MED00258,12,lag_4,-0.00119
MED00259,12,lag_4,-0.00101
MED00260,12,lag_4,-0.0012
MED00261,12,lag_4,-0.00079
MED00262,12,lag_4,0.00077
MED00263,12,lag_4,-0.00171
MED00264,12,lag_4,-0.0018
MED00265,12,lag_4,-0.00044
MED00266,12,lag_4,-0.00155
MED00267,12,lag_4,-0.00124
MED00268,12,lag_4,-0.00126
MED00269,12,lag_4,-0.00121
MED00270,12,lag_4,-0.00302
MED00271,12,lag_4,-0.00145
MED00272,12,lag_4,-0.0017
MED00273,12,lag_4,-0.00079
MED00274,12,lag_4,-0.00069
MED00275,12,lag_4,0.00018
MED00276,12,lag_4,-0.00123
MED00277,12,lag_4,-0.00324
MED00280,12,lag_4,-0.00106
MED00281,12,lag_4,0.00018
MED00282,12,lag_4,-0.00327
MED00283,12,lag_4,-0.00219
MED00284,12,lag_4,0.0021
MED00286,12,lag_4,0.00022
MED00287,12,lag_4,-0.00139
MED00288,12,lag_4,-0.00099
MED00289,12,lag_4,-0.00299
MED00290,12,lag_4,-0.0012
MED00291,12,lag_4,-0.00265
MED00292,12,lag_4,-0.00026
MED00293,12,lag_4,-0.0004
MED00294,12,lag_4,0.00291
MED00295,12,lag_4,-0.00463
MED00296,12,lag_4,-0.00167
MED00297,12,lag_4,-0.00027
MED00298,12,lag_4,-0.00128
MED00299,12,lag_4,-0.0033
MED00300,12,lag_4,0.00013
MED00301,12,lag_4,-0.00137
MED00303,12,lag_4,0.00192
MED00304,12,lag_4,0.00056
MED00305,12,lag_4,-0.00173
MED00306,12,lag_4,-0.00444
MED00307,12,lag_4,0.00023
MED00308,12,lag_4,0.00058
MED00309,12,lag_4,0.00061
MED00310,12,lag_4,-0.00038
MED00311,12,lag_4,0.00109
MED00312,12,lag_4,0.00123
MED00313,12,lag_4,0.00177
MED00314,12,lag_4,-0.00146
MED00315,12,lag_4,-0.00031
MED00317,12,lag_4,-0.00163
MED00320,12,lag_4,-0.00064
MED00321,12,lag_4,0.00171
MED00322,12,lag_4,-0.0032
MED00323,12,lag_4,-0.00254
MED00324,12,lag_4,0.00051
MED00325,12,lag_4,-0.00138
MED00326,12,lag_4,-0.00026
MED00328,12,lag_4,-0.00136
MED00330,12,lag_4,-0.00242
MED00331,12,lag_4,-0.00235
MED00332,12,lag_4,-0.00123
MED00333,12,lag_4,-0.00146
MED00334,12,lag_4,-0.00352
MED00335,12,lag_4,-0.00047
MED00336,12,lag_4,-1e-04
MED00337,12,lag_4,-0.00061
MED00338,12,lag_4,-0.00224
MED00339,12,lag_4,0.00246
MED00340,12,lag_4,-0.0019
MED00342,12,lag_4,-0.0014
MED00343,12,lag_4,-0.00127
MED00344,12,lag_4,-0.00057
MED00345,12,lag_4,-0.00321
MED00346,12,lag_4,-0.00141
MED00347,12,lag_4,-0.00472
MED00348,12,lag_4,-0.00122
MED00349,12,lag_4,-0.00126
MED00350,12,lag_4,0.00157
MED00351,12,lag_4,-0.0012
MED00352,12,lag_4,-0.00199
MED00353,12,lag_4,-0.00128
MED00354,12,lag_4,-0.00031
MED00355,12,lag_4,-0.00069
MED00356,12,lag_4,-0.00253
MED00357,12,lag_4,-0.00186
MED00358,12,lag_4,-0.00013
MED00359,12,lag_4,-0.00165
MED00360,12,lag_4,-0.00267
MED00361,12,lag_4,-0.00181
MED00362,12,lag_4,-0.00141
MED00363,12,lag_4,-0.00123
MED00364,12,lag_4,-0.00478
MED00365,12,lag_4,-0.00126
MED00367,12,lag_4,-0.00158
MED00368,12,lag_4,-0.00315
MED00370,12,lag_4,-0.00022
MED00371,12,lag_4,-0.00075
MED00372,12,lag_4,-0.00265
MED00373,12,lag_4,-0.00255
MED00374,12,lag_4,-0.00242
MED00376,12,lag_4,-0.00163
MED00377,12,lag_4,-0.00374
MED00378,12,lag_4,-0.00126
MED00379,12,lag_4,-0.00255
MED00380,12,lag_4,-0.00118
MED00381,12,lag_4,0.00756
MED00382,12,lag_4,-0.00028
MED00383,12,lag_4,-0.00012
MED00384,12,lag_4,-0.00134
MED00386,12,lag_4,-0.00017
MED00388,12,lag_4,0.0035
MED00389,12,lag_4,0.00061
MED00390,12,lag_4,-0.00095
MED00391,12,lag_4,0.00013
MED00392,12,lag_4,0.00027
MED00393,12,lag_4,-0.00195
MED00394,12,lag_4,0.00024
MED00395,12,lag_4,0.00028
MED00396,12,lag_4,-0.00029
MED00398,12,lag_4,0.00182
MED00399,12,lag_4,0.00044
MED00401,12,lag_4,-0.00055
MED00402,12,lag_4,0.00048
MED00403,12,lag_4,-0.00032
MED00404,12,lag_4,-0.00133
MED00405,12,lag_4,-0.00168
MED00406,12,lag_4,-0.00028
MED00407,12,lag_4,-0.00056
MED00409,12,lag_4,0.0005
MED00410,12,lag_4,0.00096
MED00411,12,lag_4,-0.00103
MED00412,12,lag_4,-0.0006
MED00413,12,lag_4,0.00109
MED00414,12,lag_4,-0.00052
MED00415,12,lag_4,-0.00063
MED00416,12,lag_4,0.00138
MED00418,12,lag_4,0.00064
MED00419,12,lag_4,-0.00089
MED00420,12,lag_4,-0.00117
MED00421,12,lag_4,-0.00052
MED00422,12,lag_4,-0.00067
MED00423,12,lag_4,0.0004
MED00424,12,lag_4,0.00054
MED00001,1,ma_4,-0.00111
MED00002,1,ma_4,0.00041
MED00003,1,ma_4,0.00069
MED00004,1,ma_4,-0.00034
MED00005,1,ma_4,0.00804
MED00006,1,ma_4,-0.00404
MED00007,1,ma_4,-0.00047
MED00009,1,ma_4,-0.00268
MED00010,1,ma_4,0.00078
MED00011,1,ma_4,0.00071
MED00012,1,ma_4,-0.0024
MED00013,1,ma_4,-0.00069
MED00014,1,ma_4,-0.00012
MED00015,1,ma_4,-0.00058
MED00016,1,ma_4,-0.00195
MED00017,1,ma_4,-0.00133
MED00018,1,ma_4,0.00043
MED00019,1,ma_4,0.00073
MED00020,1,ma_4,0.0011
MED00021,1,ma_4,0.00096
MED00022,1,ma_4,-0.00057
MED00023,1,ma_4,-0.00141
MED00025,1,ma_4,-0.00079
MED00026,1,ma_4,0.00216
MED00027,1,ma_4,0.00203
MED00029,1,ma_4,0.00075
MED00030,1,ma_4,-0.00081
MED00033,1,ma_4,-0.00173
MED00035,1,ma_4,-0.00021
MED00036,1,ma_4,-0.00165
MED00038,1,ma_4,0.00041
MED00039,1,ma_4,0.00326
MED00040,1,ma_4,0.00018
MED00041,1,ma_4,-0.00178
MED00042,1,ma_4,-0.00064
MED00043,1,ma_4,0.00064
MED00044,1,ma_4,-0.00061
MED00045,1,ma_4,-0.00344
MED00046,1,ma_4,0.00017
MED00047,1,ma_4,-0.00186
MED00048,1,ma_4,0.00023
MED00049,1,ma_4,0.00073
MED00050,1,ma_4,-0.00353
MED00051,1,ma_4,-0.00046
MED00052,1,ma_4,0.00085
MED00053,1,ma_4,-0.00066
MED00055,1,ma_4,0.00316
MED00056,1,ma_4,-0.001
MED00057,1,ma_4,-0.00236
MED00058,1,ma_4,-0.00348
MED00059,1,ma_4,-0.00129
MED00060,1,ma_4,-0.00041
MED00061,1,ma_4,0.00031
MED00062,1,ma_4,-0.00021
MED00063,1,ma_4,-0.00051
MED00064,1,ma_4,0.00123
MED00065,1,ma_4,0.00031
MED00066,1,ma_4,-0.00122
MED00067,1,ma_4,-0.00155
MED00068,1,ma_4,-0.00103
MED00069,1,ma_4,-0.00229
MED00070,1,ma_4,0.00025
MED00071,1,ma_4,-0.00066
MED00072,1,ma_4,-0.00152
MED00073,1,ma_4,0.00027
MED00074,1,ma_4,-0.00116
MED00075,1,ma_4,0.00047
MED00077,1,ma_4,-0.00065
MED00078,1,ma_4,-0.00265
MED00079,1,ma_4,-0.00201
MED00080,1,ma_4,-0.00028
MED00081,1,ma_4,0.00095
MED00082,1,ma_4,-0.00173
MED00083,1,ma_4,0.00157
MED00084,1,ma_4,0.00512
MED00085,1,ma_4,-0.00043
MED00086,1,ma_4,0.00128
MED00087,1,ma_4,-0.00376
MED00088,1,ma_4,0.00094
MED00089,1,ma_4,-0.00124
MED00090,1,ma_4,-0.00042
MED00091,1,ma_4,-0.00118
MED00092,1,ma_4,-0.0034
MED00093,1,ma_4,0.00112
MED00094,1,ma_4,0.00197
MED00095,1,ma_4,-0.00151
MED00096,1,ma_4,-0.00045
MED00097,1,ma_4,0.00127
MED00098,1,ma_4,-0.00385
MED00099,1,ma_4,0.0025
MED00100,1,ma_4,-0.00047
MED00101,1,ma_4,-0.00039
MED00102,1,ma_4,-0.00119
MED00103,1,ma_4,-0.00342
MED00104,1,ma_4,-0.00275
MED00105,1,ma_4,-0.00226
MED00106,1,ma_4,-0.00047
MED00107,1,ma_4,-0.00217
MED00108,1,ma_4,-0.00233
MED00109,1,ma_4,-0.00156
MED00110,1,ma_4,-0.00177
MED00112,1,ma_4,-0.00372
MED00113,1,ma_4,-0.00096
MED00114,1,ma_4,-0.00082
MED00115,1,ma_4,-0.00387
MED00116,1,ma_4,-0.00055
MED00117,1,ma_4,-0.00347
MED00118,1,ma_4,-0.00136
MED00119,1,ma_4,-0.00085
MED00120,1,ma_4,-0.00016
MED00122,1,ma_4,-0.00209
MED00123,1,ma_4,-0.00202
MED00124,1,ma_4,-0.00176
MED00125,1,ma_4,0.00076
MED00127,1,ma_4,-0.0011
MED00128,1,ma_4,-0.00111
MED00129,1,ma_4,-0.00316
MED00130,1,ma_4,0.00076
MED00132,1,ma_4,-0.0045
MED00133,1,ma_4,-0.00316
MED00134,1,ma_4,-0.0005
MED00136,1,ma_4,0.00068
MED00137,1,ma_4,-0.00086
MED00138,1,ma_4,-0.0023
MED00139,1,ma_4,-0.00269
MED00140,1,ma_4,-0.00119
MED00141,1,ma_4,0.00042
MED00142,1,ma_4,-0.00239
MED00143,1,ma_4,-0.00133
MED00144,1,ma_4,-0.00327
MED00145,1,ma_4,0.00017
MED00146,1,ma_4,-0.00606
MED00147,1,ma_4,-0.00203
MED00148,1,ma_4,-0.00042
MED00149,1,ma_4,-0.0012
MED00151,1,ma_4,-0.00124
MED00152,1,ma_4,-0.00144
MED00153,1,ma_4,-0.00355
MED00154,1,ma_4,0.00153
MED00155,1,ma_4,-0.00142
MED00156,1,ma_4,0.00054
MED00157,1,ma_4,-0.00271
MED00158,1,ma_4,0.00216
MED00159,1,ma_4,-0.00025
MED00160,1,ma_4,-0.00315
MED00161,1,ma_4,-0.0041
MED00162,1,ma_4,-0.00418
MED00163,1,ma_4,0.00087
MED00164,1,ma_4,-0.00131
MED00165,1,ma_4,-0.00182
MED00166,1,ma_4,-0.00267
MED00167,1,ma_4,-0.00061
MED00168,1,ma_4,-0.00296
MED00169,1,ma_4,-0.00105
MED00170,1,ma_4,-0.00191
MED00171,1,ma_4,-0.00242
MED00172,1,ma_4,-0.00105
MED00173,1,ma_4,-0.00372
MED00174,1,ma_4,-0.00274
MED00175,1,ma_4,-0.00206
MED00176,1,ma_4,-0.00287
MED00177,1,ma_4,-0.00074
MED00178,1,ma_4,0.00491
MED00179,1,ma_4,-0.00286
MED00180,1,ma_4,-0.00339
MED00181,1,ma_4,-0.00377
MED00182,1,ma_4,0.00217
MED00183,1,ma_4,0.00078
MED00184,1,ma_4,-0.00309
MED00185,1,ma_4,-0.00059
MED00186,1,ma_4,-0.00327
MED00187,1,ma_4,-0.00046
MED00188,1,ma_4,-0.00102
MED00189,1,ma_4,0.00059
MED00190,1,ma_4,-0.00418
MED00191,1,ma_4,-0.00053
MED00192,1,ma_4,0.00069
MED00193,1,ma_4,0.00086
MED00194,1,ma_4,-0.00308
MED00195,1,ma_4,-0.00274
MED00196,1,ma_4,-0.00204
MED00197,1,ma_4,-0.0007
MED00198,1,ma_4,-0.00121
MED00200,1,ma_4,-0.00124
MED00201,1,ma_4,-0.00154
MED00202,1,ma_4,-0.00327
MED00203,1,ma_4,-0.00077
MED00204,1,ma_4,-0.00118
MED00205,1,ma_4,-0.00086
MED00206,1,ma_4,-0.00133
MED00207,1,ma_4,-0.00502
MED00208,1,ma_4,-0.00369
MED00209,1,ma_4,0.00604
MED00210,1,ma_4,-0.00205
MED00211,1,ma_4,-0.00355
MED00212,1,ma_4,-0.00104
MED00213,1,ma_4,-0.00011
MED00214,1,ma_4,-0.00022
MED00215,1,ma_4,-0.00301
MED00216,1,ma_4,-0.00036
MED00218,1,ma_4,-0.00229
MED00219,1,ma_4,0.00061
MED00220,1,ma_4,-0.00341
MED00221,1,ma_4,0.00354
MED00222,1,ma_4,-0.00108
MED00223,1,ma_4,-0.0015
MED00224,1,ma_4,-0.00375
MED00225,1,ma_4,-0.00193
MED00226,1,ma_4,-0.0013
MED00227,1,ma_4,0.00089
MED00228,1,ma_4,-0.00048
MED00229,1,ma_4,-0.00101
MED00230,1,ma_4,-0.00093
MED00231,1,ma_4,-0.00153
MED00232,1,ma_4,-0.00298
MED00233,1,ma_4,-0.00196
MED00234,1,ma_4,-0.00143
MED00235,1,ma_4,0.00042
MED00236,1,ma_4,-0.00359
MED00237,1,ma_4,-0.0008
MED00238,1,ma_4,-0.00119
MED00239,1,ma_4,-0.00284
MED00241,1,ma_4,-0.00277
MED00242,1,ma_4,-0.00091
MED00243,1,ma_4,0.0004
MED00244,1,ma_4,-0.00382
MED00245,1,ma_4,0.00092
MED00246,1,ma_4,-0.00128
MED00248,1,ma_4,-0.00138
MED00249,1,ma_4,0.0006
MED00250,1,ma_4,-0.00072
MED00251,1,ma_4,-0.00127
MED00252,1,ma_4,0.00132
MED00253,1,ma_4,-0.00286
MED00255,1,ma_4,-0.00145
MED00256,1,ma_4,-0.00123
MED00257,1,ma_4,-0.00122
MED00258,1,ma_4,-0.0032
MED00259,1,ma_4,-0.0012
MED00260,1,ma_4,-0.00148
MED00261,1,ma_4,0.00011
MED00262,1,ma_4,-0.00028
MED00263,1,ma_4,-0.00122
MED00264,1,ma_4,-0.00165
MED00265,1,ma_4,-0.00073
MED00266,1,ma_4,-0.00021
MED00267,1,ma_4,-0.00284
MED00268,1,ma_4,-0.00314
MED00269,1,ma_4,-0.00134
MED00270,1,ma_4,-0.00107
MED00271,1,ma_4,-0.00059
MED00272,1,ma_4,-0.00125
MED00273,1,ma_4,-0.0013
MED00274,1,ma_4,-0.00224
MED00275,1,ma_4,-0.00029
MED00276,1,ma_4,-0.00131
MED00277,1,ma_4,0.00055
MED00278,1,ma_4,-0.00112
MED00279,1,ma_4,-0.00159
MED00281,1,ma_4,0.00024
MED00282,1,ma_4,-0.00344
MED00283,1,ma_4,-0.0035
MED00284,1,ma_4,-0.00022
MED00285,1,ma_4,-0.00173
MED00286,1,ma_4,-0.00107
MED00287,1,ma_4,-0.00129
MED00288,1,ma_4,0.00026
MED00289,1,ma_4,-0.00178
MED00290,1,ma_4,-0.00096
MED00291,1,ma_4,-0.00324
MED00292,1,ma_4,-0.00203
MED00293,1,ma_4,-0.00092
MED00294,1,ma_4,0.00152
MED00295,1,ma_4,0.00218
MED00296,1,ma_4,-0.00365
MED00297,1,ma_4,-0.00238
MED00298,1,ma_4,-0.00042
MED00299,1,ma_4,0.00064
MED00300,1,ma_4,-0.00334
MED00301,1,ma_4,-0.00216
MED00302,1,ma_4,-0.00065
MED00303,1,ma_4,-0.00013
MED00304,1,ma_4,-0.00168
MED00305,1,ma_4,-0.00274
MED00306,1,ma_4,0.00094
MED00309,1,ma_4,-0.00068
MED00310,1,ma_4,-0.00268
MED00311,1,ma_4,0.00066
MED00312,1,ma_4,-0.00137
MED00313,1,ma_4,0.01142
MED00314,1,ma_4,0.0025
MED00315,1,ma_4,0.00028
MED00316,1,ma_4,-0.00259
MED00317,1,ma_4,-0.00388
MED00318,1,ma_4,-0.00028
MED00319,1,ma_4,-0.00163
MED00320,1,ma_4,-0.00231
MED00321,1,ma_4,0.00074
MED00322,1,ma_4,0.00092
MED00323,1,ma_4,-0.00231
MED00324,1,ma_4,-0.00018
MED00325,1,ma_4,-0.00194
MED00326,1,ma_4,-0.00345
MED00327,1,ma_4,-0.00058
MED00328,1,ma_4,-0.00213
MED00329,1,ma_4,-0.00162
MED00330,1,ma_4,-0.00328
MED00331,1,ma_4,-0.00185
MED00332,1,ma_4,-0.00296
MED00333,1,ma_4,-0.00052
MED00334,1,ma_4,-0.00592
MED00335,1,ma_4,0.00054
MED00336,1,ma_4,-0.00416
MED00337,1,ma_4,-0.00036
MED00338,1,ma_4,0.00253
MED00339,1,ma_4,-0.00034
MED00340,1,ma_4,0.00124
MED00341,1,ma_4,-0.00143
MED00342,1,ma_4,-0.00355
MED00343,1,ma_4,-0.00254
MED00344,1,ma_4,0.00084
MED00345,1,ma_4,0.00073
MED00346,1,ma_4,-0.00334
MED00347,1,ma_4,-0.00055
MED00348,1,ma_4,-0.00078
MED00349,1,ma_4,-0.00128
MED00350,1,ma_4,0.00601
MED00351,1,ma_4,-0.00035
MED00352,1,ma_4,-0.00126
MED00355,1,ma_4,-0.00121
MED00356,1,ma_4,-0.00305
MED00357,1,ma_4,0.00028
MED00358,1,ma_4,-0.0031
MED00359,1,ma_4,-0.00249
MED00360,1,ma_4,-0.00034
MED00361,1,ma_4,-0.00159
MED00362,1,ma_4,-0.00097
MED00363,1,ma_4,-0.00199
MED00364,1,ma_4,-0.00042
MED00365,1,ma_4,-0.00134
MED00366,1,ma_4,0.0002
MED00367,1,ma_4,-0.00137
MED00368,1,ma_4,-0.00087
MED00369,1,ma_4,-0.00127
MED00370,1,ma_4,0.00158
MED00371,1,ma_4,-0.00126
MED00372,1,ma_4,0.00076
MED00373,1,ma_4,0.00111
MED00374,1,ma_4,-0.00099
MED00375,1,ma_4,-0.00027
MED00376,1,ma_4,-0.00445
MED00377,1,ma_4,0.00085
MED00378,1,ma_4,-0.00127
MED00379,1,ma_4,-0.00087
MED00380,1,ma_4,-0.00022
MED00381,1,ma_4,-0.00262
MED00382,1,ma_4,-0.00213
MED00383,1,ma_4,-0.00166
MED00384,1,ma_4,-0.00148
MED00385,1,ma_4,1e-04
MED00387,1,ma_4,0.00107
MED00388,1,ma_4,0.00272
MED00389,1,ma_4,-0.00223
MED00390,1,ma_4,0.00057
MED00391,1,ma_4,0.00082
MED00392,1,ma_4,0.00065
MED00393,1,ma_4,-0.0009
MED00395,1,ma_4,-0.0003
MED00396,1,ma_4,0.00082
MED00397,1,ma_4,0.00055
MED00398,1,ma_4,0.00405
MED00399,1,ma_4,0.00336
MED00400,1,ma_4,0.00026
MED00401,1,ma_4,0.00088
MED00402,1,ma_4,0.0006
MED00403,1,ma_4,-0.00137
MED00404,1,ma_4,-0.00312
MED00405,1,ma_4,-0.00153
MED00406,1,ma_4,0.0009
MED00407,1,ma_4,0.00054
MED00408,1,ma_4,-0.00163
MED00409,1,ma_4,-0.00128
MED00410,1,ma_4,0.00011
MED00412,1,ma_4,-0.00024
MED00413,1,ma_4,0.00091
MED00414,1,ma_4,0.00071
MED00415,1,ma_4,-0.00031
MED00416,1,ma_4,0.00078
MED00417,1,ma_4,-0.00154
MED00418,1,ma_4,-0.00158
MED00419,1,ma_4,-0.00135
MED00420,1,ma_4,-0.00034
MED00421,1,ma_4,0.00031
MED00423,1,ma_4,-0.00133
MED00424,1,ma_4,0.00124
MED00001,2,ma_4,-0.00075
MED00002,2,ma_4,0.00044
MED00003,2,ma_4,0.00081
MED00005,2,ma_4,0.00843
MED00006,2,ma_4,-0.00414
MED00007,2,ma_4,-0.00057
MED00008,2,ma_4,0.00046
MED00009,2,ma_4,-0.00256
MED00010,2,ma_4,0.00961
MED00011,2,ma_4,0.00109
MED00012,2,ma_4,-0.00472
MED00013,2,ma_4,-0.00078
MED00015,2,ma_4,0.00164
MED00016,2,ma_4,-0.00222
MED00017,2,ma_4,-0.00127
MED00018,2,ma_4,0.00077
MED00019,2,ma_4,0.0005
MED00020,2,ma_4,0.00165
MED00021,2,ma_4,-0.00039
MED00022,2,ma_4,-0.00043
MED00023,2,ma_4,0.00055
MED00025,2,ma_4,-0.00151
MED00026,2,ma_4,0.00228
MED00027,2,ma_4,0.00161
MED00028,2,ma_4,0.00222
MED00029,2,ma_4,0.00168
MED00030,2,ma_4,-0.0008
MED00031,2,ma_4,-0.00026
MED00032,2,ma_4,-0.00022
MED00033,2,ma_4,0.00027
MED00034,2,ma_4,0.00071
MED00035,2,ma_4,0.00026
MED00036,2,ma_4,-0.00211
MED00037,2,ma_4,-0.00044
MED00038,2,ma_4,0.00111
MED00039,2,ma_4,0.0031
MED00040,2,ma_4,0.00022
MED00041,2,ma_4,-0.00193
MED00043,2,ma_4,0.00051
MED00044,2,ma_4,-0.00062
MED00045,2,ma_4,-0.0043
MED00046,2,ma_4,-0.00173
MED00047,2,ma_4,-0.00211
MED00048,2,ma_4,0.00058
MED00049,2,ma_4,0.0006
MED00050,2,ma_4,-0.00315
MED00051,2,ma_4,-0.00112
MED00052,2,ma_4,0.00123
MED00053,2,ma_4,-0.00074
MED00054,2,ma_4,0.00088
MED00055,2,ma_4,0.00358
MED00056,2,ma_4,0.00084
MED00057,2,ma_4,-0.0008
MED00058,2,ma_4,-0.00441
MED00059,2,ma_4,-0.00191
MED00060,2,ma_4,-0.00067
MED00061,2,ma_4,0.00246
MED00062,2,ma_4,0.00047
MED00063,2,ma_4,0.00084
MED00064,2,ma_4,0.0036
MED00065,2,ma_4,0.00084
MED00066,2,ma_4,0.00088
MED00067,2,ma_4,-0.0018
MED00068,2,ma_4,-0.00125
MED00069,2,ma_4,-0.00097
MED00070,2,ma_4,0.00091
MED00071,2,ma_4,-0.00052
MED00072,2,ma_4,-0.00138
MED00074,2,ma_4,-0.00136
MED00075,2,ma_4,0.00037
MED00076,2,ma_4,0.00212
MED00077,2,ma_4,-0.00021
MED00078,2,ma_4,0.00076
MED00079,2,ma_4,0.01041
MED00080,2,ma_4,-0.00019
MED00081,2,ma_4,0.00052
MED00082,2,ma_4,-0.00126
MED00083,2,ma_4,0.00164
MED00084,2,ma_4,0.00465
MED00085,2,ma_4,-0.00053
MED00086,2,ma_4,0.00106
MED00087,2,ma_4,-0.00369
MED00088,2,ma_4,0.00074
MED00089,2,ma_4,-0.00077
MED00090,2,ma_4,0.00153
MED00091,2,ma_4,-0.00104
MED00092,2,ma_4,-0.00371
MED00093,2,ma_4,0.00122
MED00094,2,ma_4,0.00214
MED00095,2,ma_4,-0.00176
MED00097,2,ma_4,0.00105
MED00098,2,ma_4,-0.00421
MED00099,2,ma_4,0.00204
MED00100,2,ma_4,0.00088
MED00101,2,ma_4,-0.0013
MED00102,2,ma_4,-0.00118
MED00103,2,ma_4,-0.00338
MED00104,2,ma_4,-0.00303
MED00105,2,ma_4,-0.00212
MED00106,2,ma_4,0.00087
MED00107,2,ma_4,-0.00242
MED00108,2,ma_4,-0.00243
MED00109,2,ma_4,-0.0015
MED00110,2,ma_4,-0.00152
MED00111,2,ma_4,0.00209
MED00112,2,ma_4,-0.00349
MED00113,2,ma_4,-0.00106
MED00114,2,ma_4,-0.00055
MED00115,2,ma_4,-0.00364
MED00116,2,ma_4,0.00169
MED00117,2,ma_4,-0.00378
MED00118,2,ma_4,-0.00148
MED00119,2,ma_4,-0.00118
MED00120,2,ma_4,0.00046
MED00121,2,ma_4,-0.00083
MED00122,2,ma_4,-0.00219
MED00123,2,ma_4,-0.00246
MED00124,2,ma_4,-0.00203
MED00125,2,ma_4,0.00063
MED00127,2,ma_4,-0.00089
MED00128,2,ma_4,-0.0014
MED00129,2,ma_4,-0.00309
MED00130,2,ma_4,0.00239
MED00132,2,ma_4,-0.00622
MED00133,2,ma_4,-0.00361
MED00134,2,ma_4,-0.00031
MED00135,2,ma_4,0.00058
MED00136,2,ma_4,0.00088
MED00137,2,ma_4,-0.00054
MED00138,2,ma_4,-0.00225
MED00139,2,ma_4,0.00405
MED00140,2,ma_4,-0.00151
MED00141,2,ma_4,-0.00127
MED00142,2,ma_4,-0.0029
MED00143,2,ma_4,-0.00146
MED00144,2,ma_4,-0.00304
MED00145,2,ma_4,0.00235
MED00146,2,ma_4,-0.0063
MED00147,2,ma_4,-0.00194
MED00148,2,ma_4,-0.00046
MED00149,2,ma_4,0.00295
MED00150,2,ma_4,0.00213
MED00151,2,ma_4,-0.00154
MED00152,2,ma_4,-0.00154
MED00153,2,ma_4,-0.00351
MED00154,2,ma_4,-0.00018
MED00155,2,ma_4,-0.00152
MED00156,2,ma_4,0.00029
MED00157,2,ma_4,-0.00296
MED00158,2,ma_4,0.00173
MED00159,2,ma_4,0.00017
MED00160,2,ma_4,-0.0034
MED00161,2,ma_4,-0.00402
MED00162,2,ma_4,-0.00414
MED00163,2,ma_4,0.0025
MED00164,2,ma_4,-0.00104
MED00165,2,ma_4,-0.00197
MED00166,2,ma_4,-0.00263
MED00167,2,ma_4,-0.00073
MED00168,2,ma_4,-0.00476
MED00169,2,ma_4,0.0029
MED00170,2,ma_4,-0.00201
MED00171,2,ma_4,-0.00252
MED00172,2,ma_4,0.0009
MED00173,2,ma_4,-0.00743
MED00174,2,ma_4,-0.00056
MED00175,2,ma_4,-0.00247
MED00176,2,ma_4,-0.00267
MED00177,2,ma_4,-0.00062
MED00178,2,ma_4,0.00511
MED00179,2,ma_4,-0.00292
MED00180,2,ma_4,-0.00572
MED00181,2,ma_4,-0.00354
MED00182,2,ma_4,0.00174
MED00183,2,ma_4,0.0013
MED00184,2,ma_4,-0.00272
MED00185,2,ma_4,-0.00011
MED00186,2,ma_4,-0.00304
MED00187,2,ma_4,-0.00016
MED00188,2,ma_4,-0.00127
MED00189,2,ma_4,0.00069
MED00190,2,ma_4,-0.00395
MED00191,2,ma_4,0.00039
MED00192,2,ma_4,0.00069
MED00193,2,ma_4,0.00042
MED00194,2,ma_4,-0.0022
MED00195,2,ma_4,-0.00295
MED00196,2,ma_4,-0.00219
MED00197,2,ma_4,0.00016
MED00198,2,ma_4,-0.00134
MED00199,2,ma_4,-0.00028
MED00200,2,ma_4,-0.00341
MED00201,2,ma_4,-0.00179
MED00202,2,ma_4,-0.00559
MED00203,2,ma_4,-0.00068
MED00204,2,ma_4,-0.00098
MED00205,2,ma_4,-0.00046
MED00206,2,ma_4,0.00041
MED00207,2,ma_4,-0.00479
MED00208,2,ma_4,-0.00352
MED00209,2,ma_4,0.00628
MED00210,2,ma_4,-0.00146
MED00211,2,ma_4,-0.00326
MED00212,2,ma_4,-0.00287
MED00213,2,ma_4,-0.00011
MED00214,2,ma_4,0.00056
MED00215,2,ma_4,-0.00262
MED00216,2,ma_4,-0.00077
MED00217,2,ma_4,0.00212
MED00218,2,ma_4,-0.00254
MED00219,2,ma_4,0.00086
MED00220,2,ma_4,-0.00712
MED00221,2,ma_4,0.00245
MED00222,2,ma_4,-0.00159
MED00223,2,ma_4,0.00107
MED00224,2,ma_4,-0.00385
MED00225,2,ma_4,-0.00217
MED00226,2,ma_4,-0.00393
MED00227,2,ma_4,-0.00082
MED00228,2,ma_4,-0.00063
MED00229,2,ma_4,-0.0007
MED00230,2,ma_4,0.00146
MED00231,2,ma_4,-0.0017
MED00232,2,ma_4,-0.00522
MED00233,2,ma_4,-0.00195
MED00234,2,ma_4,-0.00156
MED00235,2,ma_4,0.0008
MED00236,2,ma_4,-0.0028
MED00237,2,ma_4,-0.00068
MED00238,2,ma_4,-0.00148
MED00239,2,ma_4,-0.00239
MED00241,2,ma_4,-0.00253
MED00243,2,ma_4,0.00043
MED00244,2,ma_4,-0.00359
MED00245,2,ma_4,0.00171
MED00246,2,ma_4,-0.00137
MED00247,2,ma_4,0.00057
MED00248,2,ma_4,-0.00122
MED00249,2,ma_4,0.00096
MED00251,2,ma_4,-0.00137
MED00252,2,ma_4,0.00143
MED00253,2,ma_4,-0.00263
MED00255,2,ma_4,-0.00121
MED00256,2,ma_4,-0.00152
MED00257,2,ma_4,-0.00143
MED00258,2,ma_4,-0.00297
MED00259,2,ma_4,-0.0013
MED00260,2,ma_4,-0.00115
MED00261,2,ma_4,0.00039
MED00262,2,ma_4,-0.00047
MED00263,2,ma_4,-0.00147
MED00264,2,ma_4,-0.00163
MED00265,2,ma_4,-0.00017
MED00266,2,ma_4,0.00123
MED00267,2,ma_4,-0.00301
MED00268,2,ma_4,-0.00324
MED00269,2,ma_4,-0.00144
MED00270,2,ma_4,-0.00131
MED00271,2,ma_4,0.00121
MED00272,2,ma_4,-0.00076
MED00273,2,ma_4,-0.00081
MED00274,2,ma_4,-0.00271
MED00275,2,ma_4,0.0006
MED00276,2,ma_4,-0.0014
MED00277,2,ma_4,0.00046
MED00278,2,ma_4,-0.00055
MED00279,2,ma_4,-0.00102
MED00280,2,ma_4,0.00213
MED00281,2,ma_4,0.00102
MED00282,2,ma_4,-0.00267
MED00283,2,ma_4,-0.00721
MED00284,2,ma_4,-0.0003
MED00285,2,ma_4,-0.00198
MED00286,2,ma_4,-0.0017
MED00287,2,ma_4,-0.00156
MED00288,2,ma_4,-0.00151
MED00289,2,ma_4,-0.00169
MED00290,2,ma_4,-0.00128
MED00291,2,ma_4,0.00032
MED00292,2,ma_4,-0.00444
MED00293,2,ma_4,0.00133
MED00294,2,ma_4,0.00119
MED00295,2,ma_4,0.00176
MED00296,2,ma_4,-0.00341
MED00297,2,ma_4,-0.0023
MED00298,2,ma_4,-0.00052
MED00299,2,ma_4,0.00019
MED00300,2,ma_4,-0.00567
MED00301,2,ma_4,-0.00259
MED00303,2,ma_4,-0.00358
MED00304,2,ma_4,-0.00014
MED00305,2,ma_4,-0.00506
MED00306,2,ma_4,0.00086
MED00307,2,ma_4,0.00059
MED00308,2,ma_4,0.00024
MED00309,2,ma_4,-0.0005
MED00310,2,ma_4,-0.00241
MED00311,2,ma_4,0.00074
MED00312,2,ma_4,-0.00175
MED00313,2,ma_4,0.0118
MED00314,2,ma_4,0.00209
MED00315,2,ma_4,0.00085
MED00316,2,ma_4,-0.00269
MED00317,2,ma_4,-0.00365
MED00318,2,ma_4,-0.00014
MED00319,2,ma_4,-0.00107
MED00320,2,ma_4,-0.00218
MED00321,2,ma_4,0.00235
MED00322,2,ma_4,0.00079
MED00323,2,ma_4,-0.00296
MED00325,2,ma_4,-0.00219
MED00326,2,ma_4,-0.00373
MED00327,2,ma_4,-0.00075
MED00328,2,ma_4,-0.00238
MED00329,2,ma_4,-0.00103
MED00330,2,ma_4,-0.00302
MED00331,2,ma_4,-0.00197
MED00332,2,ma_4,-0.00321
MED00333,2,ma_4,-0.00076
MED00334,2,ma_4,-0.00369
MED00335,2,ma_4,0.00106
MED00336,2,ma_4,-0.00473
MED00337,2,ma_4,0.0005
MED00338,2,ma_4,0.00498
MED00339,2,ma_4,-0.00013
MED00340,2,ma_4,-0.00051
MED00341,2,ma_4,-0.00162
MED00342,2,ma_4,-0.00351
MED00343,2,ma_4,-0.00197
MED00344,2,ma_4,0.00025
MED00345,2,ma_4,0.0006
MED00346,2,ma_4,-0.00295
MED00347,2,ma_4,-0.00097
MED00348,2,ma_4,0.00315
MED00349,2,ma_4,-0.00138
MED00350,2,ma_4,0.00598
MED00351,2,ma_4,0.0016
MED00352,2,ma_4,-0.00096
MED00353,2,ma_4,0.00202
MED00354,2,ma_4,0.00019
MED00355,2,ma_4,0.00057
MED00356,2,ma_4,-0.00315
MED00357,2,ma_4,0.00239
MED00358,2,ma_4,-0.00285
MED00359,2,ma_4,-0.00482
MED00360,2,ma_4,0.00154
MED00361,2,ma_4,-0.00184
MED00362,2,ma_4,-0.00107
MED00363,2,ma_4,-0.00209
MED00364,2,ma_4,-0.0009
MED00365,2,ma_4,-0.00144
MED00366,2,ma_4,0.00067
MED00367,2,ma_4,-0.00094
MED00368,2,ma_4,-0.00115
MED00369,2,ma_4,-0.00118
MED00370,2,ma_4,0.00203
MED00371,2,ma_4,-0.00077
MED00372,2,ma_4,0.00064
MED00373,2,ma_4,0.00329
MED00374,2,ma_4,-0.00104
MED00375,2,ma_4,0.00026
MED00376,2,ma_4,-0.00422
MED00377,2,ma_4,0.00049
MED00378,2,ma_4,-0.00136
MED00379,2,ma_4,0.00132
MED00381,2,ma_4,-0.0006
MED00382,2,ma_4,-0.00199
MED00383,2,ma_4,-0.00185
MED00384,2,ma_4,-0.00158
MED00385,2,ma_4,0.00047
MED00386,2,ma_4,0.00039
MED00387,2,ma_4,0.00185
MED00388,2,ma_4,0.00323
MED00389,2,ma_4,-0.00132
MED00390,2,ma_4,0.00119
MED00391,2,ma_4,0.00125
MED00392,2,ma_4,0.00158
MED00393,2,ma_4,-0.00065
MED00394,2,ma_4,0.00071
MED00395,2,ma_4,0.00073
MED00396,2,ma_4,0.0017
MED00397,2,ma_4,0.00109
MED00398,2,ma_4,0.00054
MED00399,2,ma_4,0.0031
MED00400,2,ma_4,0.00108
MED00401,2,ma_4,0.00172
MED00402,2,ma_4,0.00113
MED00403,2,ma_4,-0.00078
MED00404,2,ma_4,-0.00294
MED00405,2,ma_4,-0.00137
MED00406,2,ma_4,0.00168
MED00407,2,ma_4,0.00147
MED00408,2,ma_4,-0.00154
MED00409,2,ma_4,-0.00106
MED00411,2,ma_4,0.00054
MED00413,2,ma_4,0.00095
MED00414,2,ma_4,0.00097
MED00415,2,ma_4,0.00067
MED00416,2,ma_4,0.00134
MED00417,2,ma_4,-0.00181
MED00418,2,ma_4,-0.00137
MED00419,2,ma_4,-0.00126
MED00420,2,ma_4,0.00068
MED00421,2,ma_4,0.0009
MED00422,2,ma_4,0.00078
MED00423,2,ma_4,-0.00037
MED00001,3,ma_4,-0.00075
MED00002,3,ma_4,0.00044
MED00003,3,ma_4,0.00081
MED00005,3,ma_4,0.00843
MED00006,3,ma_4,-0.00414
MED00007,3,ma_4,-0.00057
MED00008,3,ma_4,0.00046
MED00009,3,ma_4,-0.00267
MED00010,3,ma_4,0.00961
MED00011,3,ma_4,0.00109
MED00012,3,ma_4,-0.00472
MED00013,3,ma_4,-0.00078
MED00015,3,ma_4,0.00164
MED00016,3,ma_4,-0.00222
MED00017,3,ma_4,-0.00127
MED00018,3,ma_4,0.00077
MED00019,3,ma_4,0.0005
MED00020,3,ma_4,0.00165
MED00021,3,ma_4,-0.00035
MED00022,3,ma_4,0.00064
MED00023,3,ma_4,0.00054
MED00025,3,ma_4,-0.0015
MED00026,3,ma_4,0.00228
MED00027,3,ma_4,0.00163
MED00028,3,ma_4,0.00222
MED00029,3,ma_4,0.00168
MED00030,3,ma_4,0.00027
MED00031,3,ma_4,-0.00039
MED00032,3,ma_4,-0.00044
MED00033,3,ma_4,0.00056
MED00034,3,ma_4,0.00071
MED00035,3,ma_4,0.00026
MED00036,3,ma_4,-0.00211
MED00037,3,ma_4,-0.00044
MED00038,3,ma_4,0.00111
MED00039,3,ma_4,0.0031
MED00040,3,ma_4,0.00022
MED00041,3,ma_4,-0.00193
MED00043,3,ma_4,0.00051
MED00044,3,ma_4,-0.00098
MED00045,3,ma_4,-0.00433
MED00046,3,ma_4,-0.00066
MED00047,3,ma_4,-0.00211
MED00048,3,ma_4,0.00042
MED00049,3,ma_4,0.00061
MED00050,3,ma_4,-0.00315
MED00051,3,ma_4,-0.00118
MED00052,3,ma_4,0.00126
MED00053,3,ma_4,-0.00074
MED00054,3,ma_4,0.00088
MED00055,3,ma_4,0.00358
MED00056,3,ma_4,0.00084
MED00057,3,ma_4,-0.0008
MED00058,3,ma_4,-0.00441
MED00059,3,ma_4,-0.00191
MED00060,3,ma_4,-0.00057
MED00061,3,ma_4,0.00246
MED00062,3,ma_4,0.00047
MED00063,3,ma_4,0.00084
MED00064,3,ma_4,0.0036
MED00065,3,ma_4,0.00084
MED00066,3,ma_4,0.00088
MED00067,3,ma_4,-0.0018
MED00068,3,ma_4,-0.00125
MED00069,3,ma_4,-0.00281
MED00070,3,ma_4,0.00091
MED00071,3,ma_4,0.00055
MED00072,3,ma_4,-0.00138
MED00073,3,ma_4,-0.00029
MED00074,3,ma_4,-0.00136
MED00075,3,ma_4,0.00015
MED00076,3,ma_4,0.00212
MED00077,3,ma_4,-0.00029
MED00078,3,ma_4,0.00076
MED00079,3,ma_4,0.01051
MED00080,3,ma_4,-0.00076
MED00081,3,ma_4,0.00052
MED00082,3,ma_4,-0.00126
MED00083,3,ma_4,0.00163
MED00084,3,ma_4,0.00465
MED00085,3,ma_4,-0.00053
MED00086,3,ma_4,0.00106
MED00087,3,ma_4,-0.00369
MED00088,3,ma_4,0.00073
MED00089,3,ma_4,-0.00077
MED00090,3,ma_4,0.00153
MED00091,3,ma_4,-0.00104
MED00092,3,ma_4,-0.00371
MED00093,3,ma_4,0.00122
MED00094,3,ma_4,0.00214
MED00095,3,ma_4,-0.00176
MED00097,3,ma_4,0.00105
MED00098,3,ma_4,-0.00421
MED00099,3,ma_4,0.00211
MED00100,3,ma_4,0.00088
MED00101,3,ma_4,-0.0013
MED00102,3,ma_4,-0.00118
MED00103,3,ma_4,-0.00338
MED00104,3,ma_4,-0.00303
MED00105,3,ma_4,-0.00212
MED00106,3,ma_4,0.00087
MED00107,3,ma_4,-0.00242
MED00108,3,ma_4,-0.00243
MED00109,3,ma_4,-0.0015
MED00110,3,ma_4,-0.00152
MED00111,3,ma_4,0.00209
MED00112,3,ma_4,-0.00349
MED00113,3,ma_4,-0.00105
MED00114,3,ma_4,-0.00055
MED00115,3,ma_4,-0.00364
MED00116,3,ma_4,0.00169
MED00117,3,ma_4,-0.00378
MED00118,3,ma_4,-0.00148
MED00119,3,ma_4,-0.00118
MED00120,3,ma_4,0.00046
MED00121,3,ma_4,-0.00083
MED00122,3,ma_4,-0.00219
MED00123,3,ma_4,-0.00249
MED00124,3,ma_4,-0.00203
MED00125,3,ma_4,0.00064
MED00127,3,ma_4,-0.00089
MED00128,3,ma_4,-0.00119
MED00129,3,ma_4,-0.00309
MED00130,3,ma_4,0.00239
MED00132,3,ma_4,-0.00622
MED00133,3,ma_4,-0.00358
MED00134,3,ma_4,-0.0003
MED00135,3,ma_4,0.00058
MED00136,3,ma_4,0.00088
MED00137,3,ma_4,-0.00054
MED00138,3,ma_4,-0.00225
MED00139,3,ma_4,0.00415
MED00140,3,ma_4,-0.00151
MED00141,3,ma_4,-0.00117
MED00142,3,ma_4,-0.0029
MED00143,3,ma_4,-0.00146
MED00144,3,ma_4,-0.00304
MED00145,3,ma_4,0.00235
MED00146,3,ma_4,-0.0063
MED00147,3,ma_4,-0.00206
MED00148,3,ma_4,-0.00083
MED00149,3,ma_4,0.00295
MED00150,3,ma_4,0.00202
MED00151,3,ma_4,-0.00154
MED00152,3,ma_4,-0.00154
MED00153,3,ma_4,-0.00351
MED00154,3,ma_4,-0.00018
MED00155,3,ma_4,-0.00152
MED00156,3,ma_4,0.00049
MED00157,3,ma_4,-0.00296
MED00158,3,ma_4,0.00175
MED00159,3,ma_4,0.00017
MED00160,3,ma_4,-0.0034
MED00161,3,ma_4,-0.00381
MED00162,3,ma_4,-0.00414
MED00163,3,ma_4,0.0025
MED00164,3,ma_4,-0.00104
MED00165,3,ma_4,-0.00197
MED00166,3,ma_4,-0.00263
MED00167,3,ma_4,-0.00073
MED00168,3,ma_4,-0.00476
MED00169,3,ma_4,0.00291
MED00170,3,ma_4,-0.00201
MED00171,3,ma_4,-0.00252
MED00172,3,ma_4,0.0009
MED00173,3,ma_4,-0.00752
MED00174,3,ma_4,-0.00056
MED00175,3,ma_4,-0.00247
MED00176,3,ma_4,-0.001
MED00177,3,ma_4,-0.00062
MED00178,3,ma_4,0.00511
MED00179,3,ma_4,-0.00292
MED00180,3,ma_4,-0.00571
MED00181,3,ma_4,-0.00354
MED00182,3,ma_4,0.00177
MED00183,3,ma_4,0.0013
MED00184,3,ma_4,-0.00271
MED00186,3,ma_4,-0.00304
MED00187,3,ma_4,-0.00017
MED00188,3,ma_4,-0.00127
MED00189,3,ma_4,0.0007
MED00190,3,ma_4,-0.00395
MED00191,3,ma_4,0.00039
MED00192,3,ma_4,0.00068
MED00193,3,ma_4,0.00042
MED00194,3,ma_4,-0.0022
MED00195,3,ma_4,-0.00295
MED00196,3,ma_4,-0.00218
MED00197,3,ma_4,0.00016
MED00198,3,ma_4,-0.00134
MED00199,3,ma_4,-0.00028
MED00200,3,ma_4,-0.00341
MED00201,3,ma_4,-0.00179
MED00202,3,ma_4,-0.00559
MED00203,3,ma_4,-0.00068
MED00204,3,ma_4,-0.00098
MED00205,3,ma_4,-0.00036
MED00206,3,ma_4,0.0004
MED00207,3,ma_4,-0.00419
MED00208,3,ma_4,-0.00342
MED00209,3,ma_4,0.00587
MED00210,3,ma_4,-0.00146
MED00211,3,ma_4,-0.00322
MED00212,3,ma_4,-0.00287
MED00213,3,ma_4,-1e-04
MED00214,3,ma_4,0.00056
MED00215,3,ma_4,-0.00262
MED00216,3,ma_4,-0.00077
MED00217,3,ma_4,0.00212
MED00218,3,ma_4,-0.00254
MED00219,3,ma_4,0.00086
MED00220,3,ma_4,-0.00712
MED00221,3,ma_4,0.00249
MED00222,3,ma_4,-0.00159
MED00223,3,ma_4,0.00107
MED00224,3,ma_4,-0.00385
MED00225,3,ma_4,-0.00251
MED00226,3,ma_4,-0.00434
MED00227,3,ma_4,-0.00082
MED00228,3,ma_4,-0.00076
MED00229,3,ma_4,-0.0007
MED00230,3,ma_4,0.00146
MED00231,3,ma_4,-0.00173
MED00232,3,ma_4,-0.00522
MED00233,3,ma_4,-0.00195
MED00234,3,ma_4,-0.00156
MED00235,3,ma_4,0.0008
MED00236,3,ma_4,-0.0028
MED00237,3,ma_4,-0.00068
MED00238,3,ma_4,-0.00401
MED00239,3,ma_4,-0.00239
MED00241,3,ma_4,-0.00253
MED00243,3,ma_4,0.00043
MED00244,3,ma_4,-0.00359
MED00245,3,ma_4,0.00171
MED00246,3,ma_4,-0.00137
MED00247,3,ma_4,0.00057
MED00248,3,ma_4,-0.00122
MED00249,3,ma_4,0.00096
MED00251,3,ma_4,-0.00137
MED00252,3,ma_4,0.00143
MED00253,3,ma_4,-0.00263
MED00255,3,ma_4,-0.00121
MED00256,3,ma_4,-0.00152
MED00257,3,ma_4,-0.00144
MED00258,3,ma_4,-0.00297
MED00259,3,ma_4,-0.0013
MED00260,3,ma_4,-0.00115
MED00261,3,ma_4,0.00039
MED00262,3,ma_4,0.0006
MED00263,3,ma_4,-0.00147
MED00264,3,ma_4,-0.00163
MED00265,3,ma_4,-0.00017
MED00266,3,ma_4,0.00123
MED00267,3,ma_4,-0.003
MED00268,3,ma_4,-0.00324
MED00269,3,ma_4,-0.00144
MED00270,3,ma_4,-0.00131
MED00271,3,ma_4,0.00121
MED00272,3,ma_4,-0.00111
MED00273,3,ma_4,-0.00081
MED00274,3,ma_4,-0.00271
MED00275,3,ma_4,0.0006
MED00276,3,ma_4,-0.0014
MED00277,3,ma_4,0.0007
MED00278,3,ma_4,-0.00056
MED00279,3,ma_4,-0.00102
MED00280,3,ma_4,0.00213
MED00281,3,ma_4,0.00102
MED00282,3,ma_4,-0.00267
MED00283,3,ma_4,-0.00721
MED00284,3,ma_4,-0.0003
MED00285,3,ma_4,-0.00198
MED00286,3,ma_4,-0.0017
MED00287,3,ma_4,-0.00156
MED00288,3,ma_4,-0.00151
MED00289,3,ma_4,-0.00061
MED00290,3,ma_4,-0.00105
MED00291,3,ma_4,0.00032
MED00292,3,ma_4,-0.0044
MED00293,3,ma_4,0.00086
MED00294,3,ma_4,0.00118
MED00295,3,ma_4,0.00176
MED00296,3,ma_4,-0.00341
MED00297,3,ma_4,-0.0023
MED00298,3,ma_4,-0.00052
MED00300,3,ma_4,-0.00567
MED00301,3,ma_4,-0.0026
MED00303,3,ma_4,-0.00358
MED00304,3,ma_4,-0.00196
MED00305,3,ma_4,-0.00506
MED00306,3,ma_4,0.00086
MED00307,3,ma_4,0.00055
MED00308,3,ma_4,0.00024
MED00309,3,ma_4,-0.0009
MED00310,3,ma_4,-0.00241
MED00311,3,ma_4,0.00074
MED00312,3,ma_4,-0.00178
MED00313,3,ma_4,0.0118
MED00314,3,ma_4,0.00216
MED00315,3,ma_4,0.00085
MED00316,3,ma_4,-0.00269
MED00317,3,ma_4,-0.00364
MED00318,3,ma_4,-0.00055
MED00319,3,ma_4,-0.00107
MED00320,3,ma_4,-0.00218
MED00321,3,ma_4,0.00235
MED00322,3,ma_4,0.00073
MED00323,3,ma_4,-0.00299
MED00325,3,ma_4,-0.00219
MED00326,3,ma_4,-0.00373
MED00327,3,ma_4,-0.00075
MED00328,3,ma_4,-0.00238
MED00329,3,ma_4,-0.00103
MED00330,3,ma_4,-0.00302
MED00331,3,ma_4,-0.00197
MED00332,3,ma_4,-0.00321
MED00333,3,ma_4,-0.00074
MED00334,3,ma_4,-0.00369
MED00335,3,ma_4,0.00093
MED00336,3,ma_4,-0.00473
MED00337,3,ma_4,0.0005
MED00338,3,ma_4,0.00498
MED00339,3,ma_4,-0.00013
MED00340,3,ma_4,-0.00051
MED00341,3,ma_4,-0.00162
MED00342,3,ma_4,-0.00351
MED00343,3,ma_4,-0.00197
MED00344,3,ma_4,0.00025
MED00345,3,ma_4,0.00061
MED00346,3,ma_4,-0.00295
MED00347,3,ma_4,-0.00096
MED00348,3,ma_4,0.00315
MED00349,3,ma_4,-0.00138
MED00350,3,ma_4,0.00598
MED00351,3,ma_4,0.00164
MED00352,3,ma_4,-0.00096
MED00353,3,ma_4,0.00203
MED00354,3,ma_4,0.00018
MED00355,3,ma_4,0.00057
MED00356,3,ma_4,-0.00315
MED00357,3,ma_4,0.00239
MED00358,3,ma_4,-0.00285
MED00359,3,ma_4,-0.00482
MED00360,3,ma_4,0.00142
MED00361,3,ma_4,-0.00184
MED00362,3,ma_4,-0.00107
MED00363,3,ma_4,-0.00209
MED00364,3,ma_4,-0.00089
MED00365,3,ma_4,-0.00144
MED00366,3,ma_4,0.00067
MED00367,3,ma_4,-0.00094
MED00368,3,ma_4,-0.00115
MED00369,3,ma_4,-0.00118
MED00370,3,ma_4,0.00203
MED00371,3,ma_4,-0.00077
MED00372,3,ma_4,0.00064
MED00373,3,ma_4,0.00329
MED00374,3,ma_4,-0.00104
MED00375,3,ma_4,0.00041
MED00376,3,ma_4,-0.00422
MED00377,3,ma_4,0.00051
MED00378,3,ma_4,-0.00136
MED00379,3,ma_4,0.00132
MED00381,3,ma_4,-0.00032
MED00382,3,ma_4,-0.00199
MED00383,3,ma_4,-0.00185
MED00384,3,ma_4,-0.00158
MED00385,3,ma_4,0.00047
MED00386,3,ma_4,0.00039
MED00387,3,ma_4,0.00185
MED00388,3,ma_4,0.00323
MED00389,3,ma_4,-0.00024
MED00390,3,ma_4,0.00119
MED00391,3,ma_4,0.00135
MED00392,3,ma_4,0.00158
MED00393,3,ma_4,-0.00064
MED00394,3,ma_4,0.00071
MED00395,3,ma_4,0.00073
MED00396,3,ma_4,0.0017
MED00397,3,ma_4,0.00109
MED00398,3,ma_4,0.00054
MED00399,3,ma_4,0.0031
MED00400,3,ma_4,0.00108
MED00401,3,ma_4,0.00173
MED00402,3,ma_4,0.00119
MED00403,3,ma_4,-0.00078
MED00404,3,ma_4,-0.00294
MED00405,3,ma_4,-0.00139
MED00406,3,ma_4,0.00167
MED00407,3,ma_4,0.00147
MED00408,3,ma_4,-0.00133
MED00409,3,ma_4,-0.00106
MED00411,3,ma_4,0.00066
MED00413,3,ma_4,0.00095
MED00414,3,ma_4,0.00097
MED00415,3,ma_4,0.00068
MED00416,3,ma_4,0.00134
MED00417,3,ma_4,-0.00181
MED00418,3,ma_4,-0.00136
MED00419,3,ma_4,-0.00126
MED00420,3,ma_4,0.00068
MED00421,3,ma_4,0.00084
MED00422,3,ma_4,0.00084
MED00423,3,ma_4,-0.00037
MED00001,4,ma_4,-0.00088
MED00002,4,ma_4,0.00053
MED00003,4,ma_4,0.00063
MED00004,4,ma_4,0.00025
MED00005,4,ma_4,0.00869
MED00006,4,ma_4,-0.00261
MED00008,4,ma_4,0.00234
MED00009,4,ma_4,-0.00271
MED00010,4,ma_4,0.01189
MED00011,4,ma_4,0.00652
MED00012,4,ma_4,-0.00511
MED00013,4,ma_4,-0.00108
MED00015,4,ma_4,0.00348
MED00016,4,ma_4,-0.00231
MED00017,4,ma_4,-0.00131
MED00018,4,ma_4,0.00019
MED00020,4,ma_4,0.00162
MED00021,4,ma_4,-0.00042
MED00022,4,ma_4,-0.00084
MED00023,4,ma_4,-0.00505
MED00024,4,ma_4,0.00188
MED00025,4,ma_4,-0.00169
MED00026,4,ma_4,0.00209
MED00027,4,ma_4,0.00159
MED00028,4,ma_4,0.00406
MED00029,4,ma_4,0.00179
MED00030,4,ma_4,-0.00108
MED00031,4,ma_4,0.00021
MED00032,4,ma_4,-0.00075
MED00033,4,ma_4,0.00074
MED00034,4,ma_4,0.00153
MED00035,4,ma_4,-0.0042
MED00036,4,ma_4,-0.00169
MED00037,4,ma_4,-0.0003
MED00038,4,ma_4,0.00058
MED00039,4,ma_4,0.00322
MED00040,4,ma_4,-0.00269
MED00041,4,ma_4,-0.00214
MED00042,4,ma_4,0.00022
MED00043,4,ma_4,0.00044
MED00044,4,ma_4,-0.00077
MED00045,4,ma_4,-0.00405
MED00046,4,ma_4,-0.00246
MED00047,4,ma_4,-0.00248
MED00048,4,ma_4,0.00025
MED00049,4,ma_4,0.00049
MED00050,4,ma_4,-0.00307
MED00051,4,ma_4,-0.00122
MED00052,4,ma_4,0.00136
MED00053,4,ma_4,-0.00075
MED00054,4,ma_4,0.00089
MED00055,4,ma_4,0.00369
MED00056,4,ma_4,0.00093
MED00057,4,ma_4,-0.00089
MED00058,4,ma_4,-0.00479
MED00059,4,ma_4,-0.00176
MED00060,4,ma_4,-0.00061
MED00061,4,ma_4,0.00427
MED00062,4,ma_4,0.00035
MED00063,4,ma_4,0.0008
MED00064,4,ma_4,0.00389
MED00065,4,ma_4,0.00059
MED00066,4,ma_4,0.00271
MED00067,4,ma_4,-0.00174
MED00068,4,ma_4,-0.00172
MED00069,4,ma_4,-0.00319
MED00070,4,ma_4,0.00092
MED00071,4,ma_4,-0.0008
MED00072,4,ma_4,-0.0018
MED00073,4,ma_4,-0.00018
MED00074,4,ma_4,-0.0002
MED00076,4,ma_4,0.00221
MED00077,4,ma_4,-0.00085
MED00078,4,ma_4,0.00178
MED00079,4,ma_4,0.0144
MED00080,4,ma_4,-0.00082
MED00081,4,ma_4,0.0004
MED00082,4,ma_4,-0.00202
MED00083,4,ma_4,0.0003
MED00084,4,ma_4,0.00559
MED00085,4,ma_4,-0.00057
MED00086,4,ma_4,0.00118
MED00087,4,ma_4,-0.00212
MED00088,4,ma_4,0.00124
MED00089,4,ma_4,0.0031
MED00090,4,ma_4,0.00274
MED00091,4,ma_4,-0.00041
MED00092,4,ma_4,-0.0036
MED00093,4,ma_4,0.00331
MED00094,4,ma_4,0.00402
MED00095,4,ma_4,-0.00185
MED00096,4,ma_4,0.00014
MED00097,4,ma_4,0.00118
MED00098,4,ma_4,-0.00442
MED00099,4,ma_4,0.00237
MED00100,4,ma_4,0.0007
MED00101,4,ma_4,-0.00108
MED00102,4,ma_4,-0.00106
MED00103,4,ma_4,-0.00198
MED00104,4,ma_4,-0.00336
MED00105,4,ma_4,-0.00241
MED00106,4,ma_4,0.00083
MED00107,4,ma_4,-0.00249
MED00108,4,ma_4,-0.00247
MED00109,4,ma_4,-0.00151
MED00110,4,ma_4,-0.0014
MED00111,4,ma_4,0.00187
MED00112,4,ma_4,-0.00164
MED00113,4,ma_4,-0.0011
MED00114,4,ma_4,-0.00043
MED00115,4,ma_4,-0.00412
MED00116,4,ma_4,0.00195
MED00117,4,ma_4,-0.00416
MED00118,4,ma_4,0.00038
MED00119,4,ma_4,-0.00126
MED00120,4,ma_4,0.00432
MED00121,4,ma_4,-0.00101
MED00122,4,ma_4,-0.00223
MED00123,4,ma_4,-0.00267
MED00124,4,ma_4,-0.00236
MED00125,4,ma_4,0.00052
MED00126,4,ma_4,0.00016
MED00127,4,ma_4,-0.00122
MED00128,4,ma_4,0.00054
MED00129,4,ma_4,-0.02024
MED00130,4,ma_4,0.00227
MED00131,4,ma_4,0.00084
MED00132,4,ma_4,-0.00632
MED00133,4,ma_4,-0.00349
MED00134,4,ma_4,-0.00018
MED00135,4,ma_4,0.0046
MED00136,4,ma_4,0.01013
MED00137,4,ma_4,0.00027
MED00138,4,ma_4,-0.00208
MED00139,4,ma_4,0.00416
MED00140,4,ma_4,0.00022
MED00141,4,ma_4,-0.00103
MED00142,4,ma_4,-0.00277
MED00143,4,ma_4,0.00045
MED00144,4,ma_4,-0.00318
MED00145,4,ma_4,0.00247
MED00146,4,ma_4,-0.00569
MED00147,4,ma_4,-0.00261
MED00148,4,ma_4,-0.00119
MED00149,4,ma_4,0.00269
MED00150,4,ma_4,0.0008
MED00151,4,ma_4,-0.00159
MED00152,4,ma_4,-0.00158
MED00153,4,ma_4,-0.004
MED00154,4,ma_4,-0.00064
MED00155,4,ma_4,-0.00156
MED00157,4,ma_4,-0.00329
MED00158,4,ma_4,0.00171
MED00159,4,ma_4,0.00097
MED00160,4,ma_4,-0.00368
MED00161,4,ma_4,-0.00386
MED00162,4,ma_4,-0.00436
MED00163,4,ma_4,0.00225
MED00164,4,ma_4,-0.00125
MED00165,4,ma_4,-0.00176
MED00166,4,ma_4,-0.00124
MED00167,4,ma_4,-0.00077
MED00168,4,ma_4,-0.00474
MED00169,4,ma_4,0.0029
MED00170,4,ma_4,-0.00211
MED00171,4,ma_4,-0.00081
MED00172,4,ma_4,0.00204
MED00173,4,ma_4,-0.00783
MED00174,4,ma_4,-0.00063
MED00175,4,ma_4,-0.00355
MED00176,4,ma_4,-0.00102
MED00177,4,ma_4,-0.00081
MED00178,4,ma_4,0.00513
MED00179,4,ma_4,0.00074
MED00180,4,ma_4,-0.00609
MED00181,4,ma_4,-0.00385
MED00182,4,ma_4,0.00173
MED00183,4,ma_4,0.00535
MED00184,4,ma_4,-0.00263
MED00185,4,ma_4,-0.00043
MED00186,4,ma_4,-0.00353
MED00187,4,ma_4,-0.00025
MED00188,4,ma_4,-0.00142
MED00189,4,ma_4,0.00059
MED00190,4,ma_4,-0.00246
MED00191,4,ma_4,0.00039
MED00192,4,ma_4,0.00043
MED00193,4,ma_4,0.00031
MED00194,4,ma_4,-0.00218
MED00195,4,ma_4,-0.00292
MED00196,4,ma_4,-0.00214
MED00198,4,ma_4,-0.00141
MED00199,4,ma_4,-0.00015
MED00200,4,ma_4,-0.00342
MED00201,4,ma_4,-0.00172
MED00202,4,ma_4,-0.00597
MED00203,4,ma_4,-0.00059
MED00204,4,ma_4,-0.00109
MED00205,4,ma_4,-0.00064
MED00206,4,ma_4,0.00269
MED00207,4,ma_4,-0.00234
MED00208,4,ma_4,-0.0037
MED00209,4,ma_4,0.00598
MED00210,4,ma_4,-0.00134
MED00211,4,ma_4,-0.00353
MED00212,4,ma_4,-0.0032
MED00214,4,ma_4,0.00043
MED00215,4,ma_4,-0.00311
MED00216,4,ma_4,-0.00095
MED00217,4,ma_4,0.0022
MED00218,4,ma_4,-0.00263
MED00219,4,ma_4,0.00163
MED00220,4,ma_4,-0.0073
MED00221,4,ma_4,0.00278
MED00222,4,ma_4,-0.0016
MED00223,4,ma_4,0.0113
MED00224,4,ma_4,-0.00408
MED00225,4,ma_4,-0.00249
MED00226,4,ma_4,-0.00469
MED00227,4,ma_4,-0.00108
MED00228,4,ma_4,-0.00117
MED00229,4,ma_4,-0.00088
MED00230,4,ma_4,0.00161
MED00231,4,ma_4,0.00045
MED00232,4,ma_4,-0.00521
MED00233,4,ma_4,-0.00186
MED00234,4,ma_4,-0.0016
MED00235,4,ma_4,0.00042
MED00236,4,ma_4,-0.00141
MED00237,4,ma_4,0.00058
MED00238,4,ma_4,-0.00082
MED00239,4,ma_4,-0.0024
MED00240,4,ma_4,-0.00031
MED00241,4,ma_4,-0.00296
MED00243,4,ma_4,0.00052
MED00244,4,ma_4,-0.00215
MED00245,4,ma_4,0.0015
MED00246,4,ma_4,-0.0016
MED00247,4,ma_4,0.0002
MED00248,4,ma_4,-0.00128
MED00249,4,ma_4,0.00184
MED00250,4,ma_4,0.001
MED00251,4,ma_4,0.00033
MED00252,4,ma_4,0.00159
MED00253,4,ma_4,-0.00261
MED00255,4,ma_4,-0.00118
MED00256,4,ma_4,0.00037
MED00257,4,ma_4,-0.00036
MED00258,4,ma_4,-0.00146
MED00259,4,ma_4,-0.00134
MED00260,4,ma_4,0.00078
MED00261,4,ma_4,0.00078
MED00262,4,ma_4,-0.00089
MED00263,4,ma_4,-0.00158
MED00264,4,ma_4,-0.00165
MED00265,4,ma_4,-0.00055
MED00266,4,ma_4,0.00531
MED00267,4,ma_4,-0.00318
MED00268,4,ma_4,-0.00334
MED00269,4,ma_4,-0.00148
MED00270,4,ma_4,-0.0014
MED00271,4,ma_4,0.00242
MED00272,4,ma_4,-0.001
MED00274,4,ma_4,-0.00292
MED00275,4,ma_4,0.00047
MED00276,4,ma_4,0.00031
MED00277,4,ma_4,0.00058
MED00278,4,ma_4,-0.00069
MED00279,4,ma_4,-0.0012
MED00280,4,ma_4,0.00221
MED00281,4,ma_4,0.00088
MED00282,4,ma_4,-0.00242
MED00283,4,ma_4,-0.0069
MED00284,4,ma_4,-0.00021
MED00285,4,ma_4,-0.00232
MED00286,4,ma_4,-0.00194
MED00287,4,ma_4,-0.00165
MED00288,4,ma_4,-0.00166
MED00289,4,ma_4,-0.00212
MED00290,4,ma_4,-0.00112
MED00291,4,ma_4,-0.016
MED00292,4,ma_4,-0.02342
MED00293,4,ma_4,0.00053
MED00294,4,ma_4,-0.0006
MED00295,4,ma_4,0.00171
MED00296,4,ma_4,-0.0042
MED00297,4,ma_4,-0.00268
MED00298,4,ma_4,-0.00041
MED00299,4,ma_4,-0.00489
MED00300,4,ma_4,-0.00604
MED00301,4,ma_4,-0.00288
MED00302,4,ma_4,0.00071
MED00303,4,ma_4,-0.00321
MED00304,4,ma_4,-0.00171
MED00305,4,ma_4,-0.00544
MED00306,4,ma_4,-0.00323
MED00307,4,ma_4,0.00029
MED00308,4,ma_4,0.00045
MED00309,4,ma_4,-0.00126
MED00310,4,ma_4,-0.00169
MED00311,4,ma_4,0.00111
MED00312,4,ma_4,-0.00188
MED00313,4,ma_4,0.01205
MED00314,4,ma_4,0.00638
MED00315,4,ma_4,0.00047
MED00316,4,ma_4,-0.00319
MED00317,4,ma_4,-0.00375
MED00318,4,ma_4,-0.00075
MED00319,4,ma_4,-0.00144
MED00320,4,ma_4,-0.00118
MED00321,4,ma_4,0.00254
MED00322,4,ma_4,0.00062
MED00323,4,ma_4,-0.00306
MED00324,4,ma_4,0.00022
MED00325,4,ma_4,-0.00236
MED00326,4,ma_4,-0.00411
MED00327,4,ma_4,-0.00067
MED00328,4,ma_4,-0.00271
MED00329,4,ma_4,-0.0014
MED00330,4,ma_4,-0.00309
MED00331,4,ma_4,-0.00206
MED00332,4,ma_4,-0.00325
MED00333,4,ma_4,-0.00043
MED00334,4,ma_4,-0.00359
MED00335,4,ma_4,0.00152
MED00336,4,ma_4,-0.00043
MED00337,4,ma_4,0.00017
MED00338,4,ma_4,0.00823
MED00339,4,ma_4,0.00123
MED00340,4,ma_4,0.00016
MED00341,4,ma_4,-0.00183
MED00342,4,ma_4,-0.00399
MED00343,4,ma_4,-0.00234
MED00344,4,ma_4,0.00043
MED00345,4,ma_4,0.00049
MED00346,4,ma_4,-0.001
MED00347,4,ma_4,-0.001
MED00348,4,ma_4,0.00308
MED00350,4,ma_4,0.0062
MED00351,4,ma_4,0.002
MED00352,4,ma_4,-0.00114
MED00353,4,ma_4,0.00218
MED00354,4,ma_4,0.00034
MED00355,4,ma_4,0.00279
MED00356,4,ma_4,-0.00324
MED00357,4,ma_4,0.00248
MED00358,4,ma_4,-0.00282
MED00359,4,ma_4,-0.0052
MED00360,4,ma_4,0.00158
MED00361,4,ma_4,-0.00187
MED00362,4,ma_4,-0.00095
MED00363,4,ma_4,-0.00213
MED00364,4,ma_4,-0.00108
MED00365,4,ma_4,0.00027
MED00366,4,ma_4,0.00033
MED00367,4,ma_4,-0.0008
MED00368,4,ma_4,-0.00124
MED00369,4,ma_4,-0.00111
MED00370,4,ma_4,0.0018
MED00371,4,ma_4,0.00321
MED00372,4,ma_4,0.00052
MED00373,4,ma_4,0.00304
MED00374,4,ma_4,-0.00089
MED00375,4,ma_4,0.00137
MED00376,4,ma_4,-0.00454
MED00377,4,ma_4,0.00033
MED00378,4,ma_4,-0.00101
MED00379,4,ma_4,0.00144
MED00382,4,ma_4,-0.00219
MED00383,4,ma_4,-0.00196
MED00384,4,ma_4,-0.00168
MED00385,4,ma_4,0.00021
MED00386,4,ma_4,0.00095
MED00387,4,ma_4,0.00143
MED00388,4,ma_4,0.00714
MED00389,4,ma_4,-0.00179
MED00390,4,ma_4,0.00059
MED00391,4,ma_4,0.00119
MED00392,4,ma_4,0.00136
MED00393,4,ma_4,-0.00057
MED00394,4,ma_4,0.0007
MED00395,4,ma_4,0.00035
MED00396,4,ma_4,0.0015
MED00397,4,ma_4,0.00082
MED00398,4,ma_4,0.00028
MED00399,4,ma_4,0.00284
MED00400,4,ma_4,0.0004
MED00401,4,ma_4,0.00189
MED00402,4,ma_4,0.00108
MED00403,4,ma_4,-0.00057
MED00404,4,ma_4,-0.00327
MED00405,4,ma_4,-0.00153
MED00406,4,ma_4,0.00149
MED00407,4,ma_4,0.0012
MED00408,4,ma_4,-0.00176
MED00409,4,ma_4,-0.00088
MED00410,4,ma_4,-0.00034
MED00411,4,ma_4,0.00046
MED00413,4,ma_4,0.001
MED00414,4,ma_4,0.00079
MED00415,4,ma_4,0.00053
MED00416,4,ma_4,0.00112
MED00417,4,ma_4,-0.00196
MED00418,4,ma_4,-0.00142
MED00419,4,ma_4,-0.00139
MED00420,4,ma_4,-0.00057
MED00421,4,ma_4,0.0007
MED00422,4,ma_4,0.00056
MED00423,4,ma_4,0.00034
MED00424,4,ma_4,-0.00036
MED00001,5,ma_4,-0.00092
MED00002,5,ma_4,0.00117
MED00003,5,ma_4,0.00087
MED00004,5,ma_4,0.00086
MED00005,5,ma_4,0.00893
MED00006,5,ma_4,-0.00288
MED00008,5,ma_4,0.00142
MED00009,5,ma_4,-0.00358
MED00010,5,ma_4,0.0106
MED00011,5,ma_4,0.00629
MED00012,5,ma_4,-0.00386
MED00013,5,ma_4,-0.00067
MED00015,5,ma_4,0.00274
MED00016,5,ma_4,-0.00215
MED00017,5,ma_4,0.00028
MED00018,5,ma_4,0.00016
MED00019,5,ma_4,-0.00025
MED00020,5,ma_4,0.00191
MED00022,5,ma_4,-0.00133
MED00023,5,ma_4,-0.00015
MED00024,5,ma_4,0.00062
MED00025,5,ma_4,-0.0015
MED00026,5,ma_4,0.00261
MED00027,5,ma_4,0.00175
MED00028,5,ma_4,0.00323
MED00029,5,ma_4,0.0014
MED00030,5,ma_4,-0.00142
MED00031,5,ma_4,-0.00044
MED00032,5,ma_4,-0.00128
MED00033,5,ma_4,0.00133
MED00034,5,ma_4,0.00131
MED00035,5,ma_4,0.0013
MED00036,5,ma_4,-0.00109
MED00038,5,ma_4,0.00029
MED00039,5,ma_4,0.00381
MED00040,5,ma_4,0.00121
MED00041,5,ma_4,-0.00179
MED00042,5,ma_4,0.00082
MED00043,5,ma_4,0.00063
MED00044,5,ma_4,-0.00119
MED00045,5,ma_4,-0.00284
MED00046,5,ma_4,-0.00204
MED00047,5,ma_4,-0.00247
MED00048,5,ma_4,0.00017
MED00049,5,ma_4,0.00073
MED00050,5,ma_4,-0.00201
MED00051,5,ma_4,-0.00059
MED00052,5,ma_4,0.00155
MED00053,5,ma_4,-0.00149
MED00054,5,ma_4,0.00191
MED00055,5,ma_4,0.00501
MED00056,5,ma_4,0.00157
MED00057,5,ma_4,-0.0003
MED00058,5,ma_4,-0.00362
MED00059,5,ma_4,-0.00198
MED00060,5,ma_4,-0.00097
MED00061,5,ma_4,0.00306
MED00062,5,ma_4,0.00033
MED00063,5,ma_4,0.00144
MED00064,5,ma_4,0.00327
MED00065,5,ma_4,0.00074
MED00066,5,ma_4,0.00197
MED00067,5,ma_4,-0.00155
MED00068,5,ma_4,-0.00305
MED00069,5,ma_4,-0.00324
MED00070,5,ma_4,0.00055
MED00071,5,ma_4,-0.00101
MED00072,5,ma_4,-0.00151
MED00073,5,ma_4,-0.00103
MED00074,5,ma_4,-0.00281
MED00075,5,ma_4,-0.00066
MED00076,5,ma_4,0.00285
MED00077,5,ma_4,-0.00118
MED00078,5,ma_4,0.00173
MED00079,5,ma_4,0.01477
MED00080,5,ma_4,-0.00182
MED00081,5,ma_4,0.00064
MED00082,5,ma_4,-0.00199
MED00083,5,ma_4,-0.00051
MED00084,5,ma_4,0.00523
MED00085,5,ma_4,-0.00077
MED00086,5,ma_4,0.00179
MED00087,5,ma_4,-0.00234
MED00088,5,ma_4,0.00131
MED00089,5,ma_4,0.00304
MED00090,5,ma_4,0.00082
MED00091,5,ma_4,-0.00055
MED00092,5,ma_4,-0.00257
MED00093,5,ma_4,0.00201
MED00094,5,ma_4,0.00299
MED00095,5,ma_4,-0.00204
MED00096,5,ma_4,0.00013
MED00097,5,ma_4,0.00179
MED00098,5,ma_4,-0.00416
MED00099,5,ma_4,0.00287
MED00100,5,ma_4,0.00131
MED00101,5,ma_4,-0.00168
MED00102,5,ma_4,-0.00083
MED00103,5,ma_4,-0.00246
MED00104,5,ma_4,-0.0033
MED00105,5,ma_4,-0.00199
MED00106,5,ma_4,0.00146
MED00107,5,ma_4,-0.00266
MED00108,5,ma_4,-0.00234
MED00109,5,ma_4,-0.00092
MED00110,5,ma_4,-0.00095
MED00111,5,ma_4,0.00249
MED00112,5,ma_4,-0.0019
MED00114,5,ma_4,-0.00111
MED00115,5,ma_4,-0.00293
MED00116,5,ma_4,0.00202
MED00117,5,ma_4,-0.00322
MED00118,5,ma_4,0.0006
MED00119,5,ma_4,0.00039
MED00120,5,ma_4,0.00447
MED00121,5,ma_4,-0.00062
MED00122,5,ma_4,-0.00242
MED00123,5,ma_4,-0.00239
MED00124,5,ma_4,-0.00236
MED00125,5,ma_4,0.00076
MED00126,5,ma_4,0.00074
MED00127,5,ma_4,-0.0005
MED00128,5,ma_4,0.00068
MED00129,5,ma_4,-0.02036
MED00130,5,ma_4,0.00251
MED00131,5,ma_4,0.0007
MED00132,5,ma_4,-0.00603
MED00133,5,ma_4,-0.00275
MED00134,5,ma_4,0.00037
MED00135,5,ma_4,0.00428
MED00136,5,ma_4,0.0024
MED00137,5,ma_4,0.00081
MED00138,5,ma_4,-0.00124
MED00139,5,ma_4,0.00521
MED00140,5,ma_4,0.00039
MED00141,5,ma_4,-0.00153
MED00142,5,ma_4,-0.00216
MED00143,5,ma_4,0.00053
MED00144,5,ma_4,-0.00291
MED00145,5,ma_4,0.00309
MED00146,5,ma_4,-0.00598
MED00147,5,ma_4,-0.00216
MED00148,5,ma_4,-0.002
MED00149,5,ma_4,0.00302
MED00150,5,ma_4,-0.00012
MED00153,5,ma_4,-0.00284
MED00154,5,ma_4,-0.00035
MED00155,5,ma_4,-0.00059
MED00156,5,ma_4,-0.00085
MED00157,5,ma_4,-0.00292
MED00158,5,ma_4,0.00187
MED00159,5,ma_4,0.00117
MED00160,5,ma_4,-0.00378
MED00161,5,ma_4,-0.00368
MED00162,5,ma_4,-0.00314
MED00163,5,ma_4,0.0025
MED00164,5,ma_4,-0.00173
MED00165,5,ma_4,-0.00214
MED00166,5,ma_4,-0.00145
MED00167,5,ma_4,0.00038
MED00168,5,ma_4,-0.00353
MED00169,5,ma_4,0.00346
MED00170,5,ma_4,-0.00032
MED00171,5,ma_4,-0.00063
MED00172,5,ma_4,0.00149
MED00173,5,ma_4,-0.00661
MED00174,5,ma_4,-0.00091
MED00175,5,ma_4,0.00188
MED00176,5,ma_4,-0.0014
MED00177,5,ma_4,-0.0003
MED00178,5,ma_4,0.00494
MED00179,5,ma_4,0.00137
MED00180,5,ma_4,-0.00491
MED00181,5,ma_4,-0.0027
MED00182,5,ma_4,0.00222
MED00183,5,ma_4,0.00504
MED00184,5,ma_4,-0.0024
MED00185,5,ma_4,-0.00026
MED00186,5,ma_4,-0.00235
MED00188,5,ma_4,-0.00178
MED00189,5,ma_4,0.00083
MED00190,5,ma_4,-0.00276
MED00191,5,ma_4,0.00024
MED00192,5,ma_4,0.00067
MED00193,5,ma_4,0.00055
MED00194,5,ma_4,-0.00242
MED00195,5,ma_4,-0.0036
MED00196,5,ma_4,-0.00274
MED00197,5,ma_4,-0.00044
MED00198,5,ma_4,0.00023
MED00199,5,ma_4,0.00038
MED00200,5,ma_4,-0.00214
MED00201,5,ma_4,-0.00291
MED00202,5,ma_4,-0.00479
MED00203,5,ma_4,-0.00141
MED00204,5,ma_4,0.00016
MED00205,5,ma_4,-0.00059
MED00206,5,ma_4,0.00145
MED00207,5,ma_4,-0.00258
MED00208,5,ma_4,-0.00372
MED00209,5,ma_4,0.00575
MED00211,5,ma_4,-0.00229
MED00212,5,ma_4,-0.00248
MED00213,5,ma_4,0.00061
MED00214,5,ma_4,0.00055
MED00215,5,ma_4,-0.00193
MED00216,5,ma_4,-0.00035
MED00217,5,ma_4,0.00284
MED00218,5,ma_4,-0.00292
MED00219,5,ma_4,0.00131
MED00220,5,ma_4,-0.00608
MED00221,5,ma_4,0.00269
MED00222,5,ma_4,-0.00099
MED00223,5,ma_4,0.01262
MED00224,5,ma_4,-0.0029
MED00225,5,ma_4,-0.0027
MED00226,5,ma_4,-0.00409
MED00227,5,ma_4,0.00132
MED00229,5,ma_4,-0.0003
MED00230,5,ma_4,0.00134
MED00231,5,ma_4,0.00073
MED00232,5,ma_4,-0.00411
MED00233,5,ma_4,-0.00148
MED00235,5,ma_4,0.00039
MED00236,5,ma_4,-0.0019
MED00237,5,ma_4,-0.00153
MED00238,5,ma_4,-0.00068
MED00239,5,ma_4,-0.00232
MED00240,5,ma_4,-0.00178
MED00241,5,ma_4,-0.00176
MED00242,5,ma_4,-0.0007
MED00243,5,ma_4,0.00116
MED00244,5,ma_4,-0.00241
MED00245,5,ma_4,0.00164
MED00246,5,ma_4,-0.00145
MED00247,5,ma_4,0.00031
MED00248,5,ma_4,-0.00168
MED00249,5,ma_4,0.00162
MED00250,5,ma_4,-0.00159
MED00251,5,ma_4,0.00049
MED00252,5,ma_4,0.00224
MED00253,5,ma_4,-0.00206
MED00254,5,ma_4,0.00063
MED00255,5,ma_4,-0.00078
MED00256,5,ma_4,0.00043
MED00257,5,ma_4,-0.00302
MED00258,5,ma_4,-0.00187
MED00259,5,ma_4,-0.00155
MED00261,5,ma_4,0.0014
MED00262,5,ma_4,-0.00192
MED00263,5,ma_4,-0.00142
MED00264,5,ma_4,-0.00118
MED00265,5,ma_4,-0.00088
MED00266,5,ma_4,0.00498
MED00267,5,ma_4,-0.00325
MED00268,5,ma_4,-0.00353
MED00269,5,ma_4,-0.00072
MED00270,5,ma_4,-0.00162
MED00271,5,ma_4,0.00082
MED00272,5,ma_4,-0.00094
MED00273,5,ma_4,0.00015
MED00274,5,ma_4,-0.0026
MED00275,5,ma_4,0.00052
MED00276,5,ma_4,0.00049
MED00277,5,ma_4,0.00082
MED00278,5,ma_4,-0.00106
MED00279,5,ma_4,-0.00118
MED00280,5,ma_4,0.00285
MED00281,5,ma_4,0.00073
MED00282,5,ma_4,-0.00227
MED00283,5,ma_4,-0.0061
MED00284,5,ma_4,-0.00022
MED00285,5,ma_4,-0.00263
MED00286,5,ma_4,-0.00213
MED00287,5,ma_4,-0.00189
MED00288,5,ma_4,-0.00204
MED00289,5,ma_4,-0.00244
MED00290,5,ma_4,0.00052
MED00291,5,ma_4,-0.01366
MED00292,5,ma_4,-0.02265
MED00293,5,ma_4,0.0005
MED00294,5,ma_4,-0.00024
MED00295,5,ma_4,0.00223
MED00296,5,ma_4,-0.00216
MED00297,5,ma_4,-0.00219
MED00298,5,ma_4,-0.00061
MED00299,5,ma_4,0.00047
MED00300,5,ma_4,-0.00486
MED00301,5,ma_4,-0.00251
MED00302,5,ma_4,0.00069
MED00303,5,ma_4,-0.00345
MED00304,5,ma_4,-0.00167
MED00305,5,ma_4,-0.00423
MED00306,5,ma_4,0.00171
MED00307,5,ma_4,0.00027
MED00308,5,ma_4,0.00108
MED00309,5,ma_4,-0.00094
MED00310,5,ma_4,-0.00181
MED00311,5,ma_4,0.00169
MED00312,5,ma_4,-0.00156
MED00313,5,ma_4,0.01207
MED00314,5,ma_4,0.01592
MED00315,5,ma_4,0.0005
MED00316,5,ma_4,-0.0029
MED00317,5,ma_4,-0.00264
MED00318,5,ma_4,-0.00182
MED00319,5,ma_4,-0.00149
MED00320,5,ma_4,0.0088
MED00321,5,ma_4,0.00269
MED00322,5,ma_4,0.00086
MED00323,5,ma_4,-0.00279
MED00324,5,ma_4,0.00173
MED00325,5,ma_4,-0.00271
MED00326,5,ma_4,-0.00401
MED00327,5,ma_4,-0.00051
MED00328,5,ma_4,-0.00263
MED00329,5,ma_4,-0.00145
MED00330,5,ma_4,-0.00291
MED00331,5,ma_4,-0.00151
MED00332,5,ma_4,-0.0035
MED00333,5,ma_4,-0.0004
MED00334,5,ma_4,-0.00333
MED00335,5,ma_4,0.00156
MED00336,5,ma_4,-0.00032
MED00337,5,ma_4,0.00033
MED00338,5,ma_4,0.01015
MED00339,5,ma_4,-0.00076
MED00340,5,ma_4,0.00402
MED00341,5,ma_4,-0.00167
MED00342,5,ma_4,-0.0028
MED00343,5,ma_4,-0.00236
MED00344,5,ma_4,0.00032
MED00345,5,ma_4,0.00073
MED00346,5,ma_4,-0.00142
MED00347,5,ma_4,-0.00037
MED00348,5,ma_4,0.0051
MED00350,5,ma_4,0.00621
MED00351,5,ma_4,0.00259
MED00352,5,ma_4,-0.0006
MED00353,5,ma_4,0.00301
MED00354,5,ma_4,0.00093
MED00355,5,ma_4,-0.00017
MED00356,5,ma_4,-0.00341
MED00357,5,ma_4,0.00312
MED00358,5,ma_4,-0.003
MED00359,5,ma_4,-0.00412
MED00360,5,ma_4,0.00148
MED00361,5,ma_4,-0.00117
MED00362,5,ma_4,-0.00121
MED00363,5,ma_4,-0.00045
MED00364,5,ma_4,-0.00047
MED00365,5,ma_4,0.00045
MED00366,5,ma_4,0.0004
MED00367,5,ma_4,0.00033
MED00368,5,ma_4,-0.00127
MED00369,5,ma_4,-0.00227
MED00370,5,ma_4,0.00238
MED00371,5,ma_4,0.00317
MED00372,5,ma_4,0.00076
MED00373,5,ma_4,0.00327
MED00375,5,ma_4,0.00069
MED00376,5,ma_4,-0.00332
MED00377,5,ma_4,0.0009
MED00378,5,ma_4,-0.00045
MED00379,5,ma_4,0.00154
MED00380,5,ma_4,0.00063
MED00381,5,ma_4,0.00051
MED00382,5,ma_4,-0.00215
MED00383,5,ma_4,-0.0018
MED00384,5,ma_4,-0.0006
MED00385,5,ma_4,0.00017
MED00386,5,ma_4,0.00088
MED00387,5,ma_4,0.00135
MED00388,5,ma_4,0.00685
MED00389,5,ma_4,-0.00191
MED00390,5,ma_4,0.00136
MED00391,5,ma_4,0.00118
MED00392,5,ma_4,0.00137
MED00393,5,ma_4,-0.00035
MED00394,5,ma_4,0.00055
MED00395,5,ma_4,0.00037
MED00396,5,ma_4,0.00143
MED00397,5,ma_4,0.00079
MED00398,5,ma_4,0.00048
MED00399,5,ma_4,0.00284
MED00400,5,ma_4,0.00011
MED00401,5,ma_4,0.00443
MED00402,5,ma_4,0.00102
MED00403,5,ma_4,-0.00062
MED00404,5,ma_4,-0.003
MED00405,5,ma_4,-0.002
MED00406,5,ma_4,0.00136
MED00407,5,ma_4,0.00134
MED00408,5,ma_4,-0.00142
MED00409,5,ma_4,-0.00663
MED00410,5,ma_4,-0.00098
MED00411,5,ma_4,0.00036
MED00412,5,ma_4,-0.00107
MED00413,5,ma_4,-0.00594
MED00414,5,ma_4,0.00076
MED00415,5,ma_4,0.00086
MED00416,5,ma_4,0.00116
MED00417,5,ma_4,-0.00246
MED00418,5,ma_4,-0.00195
MED00419,5,ma_4,-0.00155
MED00420,5,ma_4,0.00013
MED00421,5,ma_4,0.00072
MED00422,5,ma_4,0.00037
MED00423,5,ma_4,-0.0014
MED00424,5,ma_4,-0.00024
MED00001,6,ma_4,-0.00093
MED00002,6,ma_4,0.00046
MED00003,6,ma_4,0.00031
MED00005,6,ma_4,0.00876
MED00006,6,ma_4,-0.00355
MED00007,6,ma_4,-0.00071
MED00008,6,ma_4,0.0004
MED00009,6,ma_4,-0.00363
MED00010,6,ma_4,0.00911
MED00011,6,ma_4,0.00113
MED00012,6,ma_4,-0.00421
MED00013,6,ma_4,-0.00071
MED00014,6,ma_4,-0.00016
MED00015,6,ma_4,0.00176
MED00016,6,ma_4,-0.00223
MED00017,6,ma_4,-0.0004
MED00018,6,ma_4,0.00087
MED00019,6,ma_4,0.00045
MED00020,6,ma_4,0.00197
MED00021,6,ma_4,-0.00059
MED00022,6,ma_4,-0.00142
MED00023,6,ma_4,-0.0002
MED00024,6,ma_4,-0.00028
MED00025,6,ma_4,-0.00236
MED00026,6,ma_4,0.00206
MED00027,6,ma_4,0.00089
MED00028,6,ma_4,0.00226
MED00029,6,ma_4,0.00082
MED00030,6,ma_4,-0.00156
MED00031,6,ma_4,-0.00065
MED00032,6,ma_4,-0.00138
MED00033,6,ma_4,0.00055
MED00034,6,ma_4,0.00071
MED00035,6,ma_4,0.00027
MED00036,6,ma_4,-0.00209
MED00037,6,ma_4,-0.0002
MED00038,6,ma_4,0.00027
MED00039,6,ma_4,0.00295
MED00040,6,ma_4,0.00022
MED00041,6,ma_4,-0.00218
MED00042,6,ma_4,-0.00068
MED00044,6,ma_4,-0.0016
MED00045,6,ma_4,-0.00359
MED00046,6,ma_4,-0.00199
MED00047,6,ma_4,-0.00226
MED00048,6,ma_4,0.00015
MED00049,6,ma_4,0.00017
MED00050,6,ma_4,-0.00282
MED00051,6,ma_4,-0.00115
MED00052,6,ma_4,0.00085
MED00053,6,ma_4,-0.0013
MED00054,6,ma_4,0.00047
MED00055,6,ma_4,0.00349
MED00056,6,ma_4,0.00089
MED00057,6,ma_4,-0.00081
MED00058,6,ma_4,-0.00398
MED00059,6,ma_4,-0.00205
MED00060,6,ma_4,-0.00107
MED00061,6,ma_4,0.00208
MED00062,6,ma_4,0.0003
MED00063,6,ma_4,0.00087
MED00064,6,ma_4,0.00299
MED00065,6,ma_4,0.00111
MED00066,6,ma_4,0.001
MED00067,6,ma_4,-0.00163
MED00068,6,ma_4,-0.0031
MED00069,6,ma_4,-0.00309
MED00070,6,ma_4,0.00054
MED00071,6,ma_4,-0.0011
MED00072,6,ma_4,-0.00157
MED00073,6,ma_4,-0.00113
MED00074,6,ma_4,-0.00286
MED00075,6,ma_4,-0.00075
MED00076,6,ma_4,0.00214
MED00077,6,ma_4,-0.0012
MED00078,6,ma_4,0.0009
MED00079,6,ma_4,0.01073
MED00080,6,ma_4,-0.00191
MED00082,6,ma_4,-0.00185
MED00083,6,ma_4,-0.00062
MED00084,6,ma_4,0.00434
MED00085,6,ma_4,-0.00087
MED00086,6,ma_4,0.00107
MED00087,6,ma_4,-0.00307
MED00088,6,ma_4,0.00068
MED00089,6,ma_4,-0.00072
MED00090,6,ma_4,0.00073
MED00091,6,ma_4,-0.00133
MED00092,6,ma_4,-0.00265
MED00093,6,ma_4,0.00064
MED00094,6,ma_4,0.00171
MED00095,6,ma_4,-0.00211
MED00097,6,ma_4,0.00106
MED00098,6,ma_4,-0.00401
MED00099,6,ma_4,0.00182
MED00100,6,ma_4,0.00075
MED00101,6,ma_4,-0.00211
MED00102,6,ma_4,-0.00094
MED00103,6,ma_4,-0.00314
MED00104,6,ma_4,-0.00309
MED00105,6,ma_4,-0.00186
MED00106,6,ma_4,0.0009
MED00107,6,ma_4,-0.00248
MED00108,6,ma_4,-0.00242
MED00109,6,ma_4,-0.00161
MED00110,6,ma_4,-0.00164
MED00111,6,ma_4,0.00213
MED00112,6,ma_4,-0.00302
MED00113,6,ma_4,0.00021
MED00114,6,ma_4,-0.00103
MED00115,6,ma_4,-0.00318
MED00116,6,ma_4,0.00199
MED00117,6,ma_4,-0.00359
MED00118,6,ma_4,-0.00039
MED00119,6,ma_4,-0.00027
MED00120,6,ma_4,0.00011
MED00121,6,ma_4,-0.00076
MED00122,6,ma_4,-0.0019
MED00123,6,ma_4,-0.00277
MED00124,6,ma_4,-0.00214
MED00125,6,ma_4,0.0002
MED00127,6,ma_4,-0.00059
MED00128,6,ma_4,-0.0003
MED00129,6,ma_4,-0.00249
MED00130,6,ma_4,0.00195
MED00131,6,ma_4,-0.00024
MED00132,6,ma_4,-0.00653
MED00133,6,ma_4,-0.00344
MED00134,6,ma_4,-0.00032
MED00135,6,ma_4,0.0005
MED00136,6,ma_4,0.00173
MED00137,6,ma_4,-0.00057
MED00138,6,ma_4,-0.00214
MED00139,6,ma_4,0.00445
MED00140,6,ma_4,-0.00059
MED00141,6,ma_4,-0.00166
MED00142,6,ma_4,-0.00288
MED00143,6,ma_4,-0.00045
MED00144,6,ma_4,-0.00303
MED00145,6,ma_4,0.00237
MED00146,6,ma_4,-0.00662
MED00147,6,ma_4,-0.00212
MED00148,6,ma_4,-0.00203
MED00149,6,ma_4,0.00296
MED00151,6,ma_4,-0.00062
MED00152,6,ma_4,-0.00066
MED00153,6,ma_4,-0.0031
MED00155,6,ma_4,-0.00067
MED00156,6,ma_4,-0.00091
MED00157,6,ma_4,-0.00296
MED00158,6,ma_4,0.00101
MED00159,6,ma_4,0.00044
MED00160,6,ma_4,-0.00382
MED00161,6,ma_4,-0.00381
MED00162,6,ma_4,-0.0035
MED00163,6,ma_4,0.00207
MED00164,6,ma_4,-0.00168
MED00165,6,ma_4,-0.00224
MED00166,6,ma_4,-0.00212
MED00167,6,ma_4,0.0003
MED00168,6,ma_4,-0.00429
MED00169,6,ma_4,0.00383
MED00170,6,ma_4,-0.00039
MED00171,6,ma_4,-0.00161
MED00172,6,ma_4,0.00113
MED00173,6,ma_4,-0.00703
MED00174,6,ma_4,-0.00086
MED00175,6,ma_4,-0.00253
MED00176,6,ma_4,-0.00134
MED00177,6,ma_4,-0.00089
MED00178,6,ma_4,0.0049
MED00179,6,ma_4,-0.0029
MED00180,6,ma_4,-0.00528
MED00181,6,ma_4,-0.00313
MED00182,6,ma_4,0.00135
MED00183,6,ma_4,0.00126
MED00184,6,ma_4,-0.00266
MED00185,6,ma_4,-0.00081
MED00186,6,ma_4,-0.0026
MED00187,6,ma_4,-0.0006
MED00188,6,ma_4,-0.00185
MED00189,6,ma_4,0.00026
MED00190,6,ma_4,-0.00338
MED00192,6,ma_4,0.00025
MED00194,6,ma_4,-0.00162
MED00195,6,ma_4,-0.00273
MED00196,6,ma_4,-0.00255
MED00197,6,ma_4,0.00039
MED00198,6,ma_4,-0.00043
MED00199,6,ma_4,-0.00033
MED00200,6,ma_4,-0.00286
MED00201,6,ma_4,-0.00318
MED00202,6,ma_4,-0.00515
MED00203,6,ma_4,-0.00196
MED00204,6,ma_4,-0.0006
MED00205,6,ma_4,-0.00046
MED00206,6,ma_4,0.00099
MED00207,6,ma_4,-0.00351
MED00208,6,ma_4,-0.00359
MED00209,6,ma_4,0.00576
MED00210,6,ma_4,-0.00154
MED00211,6,ma_4,-0.00271
MED00212,6,ma_4,-0.00257
MED00213,6,ma_4,-0.00011
MED00214,6,ma_4,0.00074
MED00215,6,ma_4,-0.00218
MED00216,6,ma_4,-0.00091
MED00217,6,ma_4,0.00214
MED00218,6,ma_4,-0.00299
MED00219,6,ma_4,0.00075
MED00220,6,ma_4,-0.00649
MED00221,6,ma_4,0.00258
MED00222,6,ma_4,-0.00172
MED00223,6,ma_4,0.00112
MED00224,6,ma_4,-0.0058
MED00225,6,ma_4,-0.00279
MED00226,6,ma_4,-0.0041
MED00227,6,ma_4,0.00149
MED00228,6,ma_4,-0.00012
MED00229,6,ma_4,-0.00071
MED00230,6,ma_4,0.00141
MED00231,6,ma_4,-0.00025
MED00232,6,ma_4,-0.00487
MED00233,6,ma_4,-0.00216
MED00234,6,ma_4,-0.00059
MED00235,6,ma_4,0.00078
MED00236,6,ma_4,-0.00234
MED00237,6,ma_4,-0.00197
MED00238,6,ma_4,-0.00014
MED00239,6,ma_4,-0.0024
MED00240,6,ma_4,-0.00183
MED00241,6,ma_4,-0.00206
MED00242,6,ma_4,1e-04
MED00243,6,ma_4,0.00046
MED00244,6,ma_4,-0.00315
MED00245,6,ma_4,0.00192
MED00246,6,ma_4,-0.00122
MED00247,6,ma_4,0.00052
MED00248,6,ma_4,-0.00176
MED00249,6,ma_4,0.00102
MED00250,6,ma_4,-0.00149
MED00251,6,ma_4,-0.00049
MED00252,6,ma_4,0.00149
MED00253,6,ma_4,-0.00225
MED00254,6,ma_4,-0.00013
MED00255,6,ma_4,-0.00268
MED00256,6,ma_4,-0.00071
MED00257,6,ma_4,-0.00299
MED00258,6,ma_4,-0.00286
MED00259,6,ma_4,-0.00163
MED00260,6,ma_4,-0.00119
MED00261,6,ma_4,0.0004
MED00262,6,ma_4,-0.00201
MED00263,6,ma_4,-0.0015
MED00264,6,ma_4,-0.00187
MED00265,6,ma_4,-0.00066
MED00266,6,ma_4,0.00119
MED00267,6,ma_4,-0.00339
MED00268,6,ma_4,-0.00361
MED00269,6,ma_4,-0.0014
MED00270,6,ma_4,-0.0017
MED00271,6,ma_4,0.0006
MED00272,6,ma_4,-0.00113
MED00273,6,ma_4,-0.00055
MED00274,6,ma_4,-0.00302
MED00275,6,ma_4,0.00051
MED00276,6,ma_4,-0.0005
MED00277,6,ma_4,0.00026
MED00278,6,ma_4,-0.00107
MED00279,6,ma_4,-0.00106
MED00280,6,ma_4,0.00215
MED00281,6,ma_4,0.00073
MED00282,6,ma_4,-0.00246
MED00283,6,ma_4,-0.00678
MED00284,6,ma_4,-0.00063
MED00285,6,ma_4,-0.00242
MED00286,6,ma_4,-0.00228
MED00287,6,ma_4,-0.00197
MED00288,6,ma_4,-0.00204
MED00289,6,ma_4,-0.00245
MED00290,6,ma_4,-0.00021
MED00291,6,ma_4,0.00066
MED00292,6,ma_4,-0.00405
MED00293,6,ma_4,0.00042
MED00294,6,ma_4,-0.00022
MED00295,6,ma_4,0.00153
MED00296,6,ma_4,-0.00345
MED00297,6,ma_4,-0.00198
MED00298,6,ma_4,-0.00063
MED00300,6,ma_4,-0.00502
MED00301,6,ma_4,-0.00257
MED00303,6,ma_4,-0.00413
MED00304,6,ma_4,-0.00186
MED00305,6,ma_4,-0.00459
MED00306,6,ma_4,0.0003
MED00307,6,ma_4,0.00067
MED00308,6,ma_4,0.00027
MED00309,6,ma_4,-0.00088
MED00310,6,ma_4,-0.00248
MED00311,6,ma_4,-0.00106
MED00312,6,ma_4,-0.00202
MED00313,6,ma_4,0.01191
MED00314,6,ma_4,0.00213
MED00315,6,ma_4,0.00072
MED00316,6,ma_4,-0.00297
MED00317,6,ma_4,-0.00309
MED00318,6,ma_4,-0.00192
MED00319,6,ma_4,-0.00127
MED00320,6,ma_4,-0.00176
MED00321,6,ma_4,0.00252
MED00322,6,ma_4,0.0003
MED00323,6,ma_4,-0.0033
MED00324,6,ma_4,-0.00053
MED00325,6,ma_4,-0.00272
MED00326,6,ma_4,-0.00379
MED00327,6,ma_4,-0.00071
MED00328,6,ma_4,-0.00268
MED00329,6,ma_4,-0.00123
MED00330,6,ma_4,-0.00303
MED00331,6,ma_4,-0.00159
MED00332,6,ma_4,-0.00358
MED00333,6,ma_4,-0.00083
MED00334,6,ma_4,-0.00342
MED00335,6,ma_4,0.00071
MED00336,6,ma_4,-0.00477
MED00337,6,ma_4,0.00067
MED00338,6,ma_4,0.00484
MED00339,6,ma_4,-0.00118
MED00340,6,ma_4,-0.0007
MED00341,6,ma_4,-0.00158
MED00342,6,ma_4,-0.00306
MED00343,6,ma_4,-0.00214
MED00344,6,ma_4,0.00042
MED00345,6,ma_4,0.00017
MED00346,6,ma_4,-0.00265
MED00347,6,ma_4,-0.00093
MED00348,6,ma_4,0.00444
MED00349,6,ma_4,-0.00093
MED00350,6,ma_4,0.0061
MED00351,6,ma_4,0.00187
MED00352,6,ma_4,-0.00098
MED00353,6,ma_4,0.00229
MED00354,6,ma_4,0.0002
MED00355,6,ma_4,-0.0002
MED00356,6,ma_4,-0.00349
MED00357,6,ma_4,0.00241
MED00358,6,ma_4,-0.00319
MED00359,6,ma_4,-0.00448
MED00360,6,ma_4,0.00127
MED00361,6,ma_4,-0.00126
MED00362,6,ma_4,-0.00146
MED00363,6,ma_4,-0.00053
MED00364,6,ma_4,-0.00103
MED00365,6,ma_4,-0.00053
MED00366,6,ma_4,0.00062
MED00367,6,ma_4,-0.00039
MED00368,6,ma_4,-0.00134
MED00369,6,ma_4,-0.00129
MED00370,6,ma_4,0.00188
MED00371,6,ma_4,-0.00083
MED00372,6,ma_4,0.0002
MED00373,6,ma_4,0.00286
MED00374,6,ma_4,-0.00036
MED00376,6,ma_4,-0.00367
MED00377,6,ma_4,0.00024
MED00379,6,ma_4,0.00144
MED00381,6,ma_4,-0.00038
MED00382,6,ma_4,-0.0022
MED00383,6,ma_4,-0.00168
MED00384,6,ma_4,-0.00067
MED00385,6,ma_4,0.00023
MED00386,6,ma_4,0.00016
MED00387,6,ma_4,0.00157
MED00388,6,ma_4,0.00326
MED00389,6,ma_4,-0.00192
MED00390,6,ma_4,0.00146
MED00391,6,ma_4,0.00118
MED00392,6,ma_4,0.00136
MED00393,6,ma_4,-0.00058
MED00394,6,ma_4,0.00054
MED00395,6,ma_4,0.00059
MED00396,6,ma_4,0.0018
MED00397,6,ma_4,0.00118
MED00398,6,ma_4,0.00273
MED00399,6,ma_4,0.00318
MED00400,6,ma_4,0.00081
MED00401,6,ma_4,0.00405
MED00402,6,ma_4,0.00101
MED00403,6,ma_4,-0.00099
MED00404,6,ma_4,-0.00302
MED00405,6,ma_4,-0.002
MED00406,6,ma_4,0.00134
MED00407,6,ma_4,0.00133
MED00408,6,ma_4,-0.00143
MED00409,6,ma_4,-0.00663
MED00410,6,ma_4,-0.00099
MED00411,6,ma_4,0.0004
MED00412,6,ma_4,-0.00109
MED00413,6,ma_4,-0.00637
MED00414,6,ma_4,0.00085
MED00415,6,ma_4,0.00084
MED00416,6,ma_4,0.00124
MED00417,6,ma_4,-0.00257
MED00418,6,ma_4,-0.00197
MED00419,6,ma_4,-0.00155
MED00420,6,ma_4,0.00017
MED00421,6,ma_4,0.00082
MED00422,6,ma_4,0.00046
MED00423,6,ma_4,-0.00119
MED00424,6,ma_4,1e-04
MED00001,7,ma_4,-0.00156
MED00002,7,ma_4,0.00017
MED00003,7,ma_4,0.0004
MED00004,7,ma_4,-0.00033
MED00005,7,ma_4,0.00802
MED00006,7,ma_4,-0.00383
MED00007,7,ma_4,-0.00113
MED00008,7,ma_4,-0.00023
MED00009,7,ma_4,-0.00425
MED00010,7,ma_4,0.00058
MED00011,7,ma_4,0.00082
MED00012,7,ma_4,-0.00226
MED00013,7,ma_4,-0.00097
MED00014,7,ma_4,-0.00018
MED00015,7,ma_4,-0.00063
MED00016,7,ma_4,-0.00246
MED00017,7,ma_4,-0.00122
MED00018,7,ma_4,0.00059
MED00019,7,ma_4,0.00076
MED00020,7,ma_4,0.00152
MED00021,7,ma_4,-0.00124
MED00022,7,ma_4,-0.00207
MED00023,7,ma_4,-0.00249
MED00024,7,ma_4,-0.00089
MED00025,7,ma_4,-0.00169
MED00026,7,ma_4,0.00173
MED00027,7,ma_4,0.00128
MED00028,7,ma_4,-0.00013
MED00029,7,ma_4,0.00022
MED00030,7,ma_4,-0.00208
MED00031,7,ma_4,-0.00128
MED00032,7,ma_4,-0.00164
MED00033,7,ma_4,-0.00154
MED00035,7,ma_4,-0.00027
MED00036,7,ma_4,-0.00168
MED00037,7,ma_4,-0.00041
MED00039,7,ma_4,0.00303
MED00041,7,ma_4,-0.00249
MED00042,7,ma_4,-0.00126
MED00043,7,ma_4,1e-04
MED00044,7,ma_4,-0.00196
MED00045,7,ma_4,-0.00296
MED00046,7,ma_4,-0.00046
MED00047,7,ma_4,-0.00252
MED00048,7,ma_4,0.00013
MED00049,7,ma_4,0.0002
MED00050,7,ma_4,-0.00323
MED00051,7,ma_4,-0.00053
MED00052,7,ma_4,0.00029
MED00053,7,ma_4,-0.00173
MED00054,7,ma_4,0.00015
MED00055,7,ma_4,0.00296
MED00056,7,ma_4,-0.0015
MED00057,7,ma_4,-0.00259
MED00058,7,ma_4,-0.00342
MED00059,7,ma_4,-0.00231
MED00060,7,ma_4,-0.00133
MED00061,7,ma_4,-0.00027
MED00063,7,ma_4,-0.00057
MED00064,7,ma_4,0.0007
MED00065,7,ma_4,0.00082
MED00066,7,ma_4,-0.00131
MED00067,7,ma_4,-0.00189
MED00068,7,ma_4,-0.0034
MED00069,7,ma_4,-0.00372
MED00070,7,ma_4,0.00024
MED00071,7,ma_4,-0.00175
MED00072,7,ma_4,-0.00222
MED00073,7,ma_4,-0.00178
MED00074,7,ma_4,-0.00318
MED00075,7,ma_4,-0.00138
MED00076,7,ma_4,-0.00015
MED00077,7,ma_4,-0.00191
MED00078,7,ma_4,-0.00161
MED00079,7,ma_4,-0.0018
MED00080,7,ma_4,-0.00251
MED00081,7,ma_4,0.00035
MED00082,7,ma_4,-0.0025
MED00083,7,ma_4,-0.0012
MED00084,7,ma_4,0.00497
MED00085,7,ma_4,-0.00128
MED00086,7,ma_4,0.00107
MED00087,7,ma_4,-0.00332
MED00088,7,ma_4,0.00072
MED00089,7,ma_4,-0.00123
MED00090,7,ma_4,-0.00208
MED00091,7,ma_4,-0.00194
MED00092,7,ma_4,-0.00297
MED00093,7,ma_4,0.00052
MED00094,7,ma_4,0.00151
MED00095,7,ma_4,-0.00238
MED00096,7,ma_4,-0.00029
MED00097,7,ma_4,0.00106
MED00098,7,ma_4,-0.00427
MED00099,7,ma_4,0.00208
MED00100,7,ma_4,-0.0007
MED00101,7,ma_4,-0.00172
MED00102,7,ma_4,-0.00104
MED00103,7,ma_4,-0.00355
MED00104,7,ma_4,-0.00333
MED00105,7,ma_4,-0.00203
MED00106,7,ma_4,-0.00054
MED00107,7,ma_4,-0.00274
MED00108,7,ma_4,-0.00283
MED00109,7,ma_4,-0.0019
MED00110,7,ma_4,-0.0021
MED00111,7,ma_4,-0.00016
MED00112,7,ma_4,-0.00343
MED00113,7,ma_4,-0.00021
MED00114,7,ma_4,-0.00143
MED00115,7,ma_4,-0.00359
MED00116,7,ma_4,-0.00038
MED00117,7,ma_4,-0.00364
MED00118,7,ma_4,-0.00077
MED00119,7,ma_4,-0.00064
MED00120,7,ma_4,-0.00054
MED00121,7,ma_4,-0.00095
MED00122,7,ma_4,-0.00231
MED00123,7,ma_4,-0.00247
MED00124,7,ma_4,-0.00238
MED00125,7,ma_4,0.00022
MED00126,7,ma_4,-0.0004
MED00127,7,ma_4,-0.00117
MED00128,7,ma_4,-0.00075
MED00129,7,ma_4,-0.00276
MED00130,7,ma_4,0.00022
MED00131,7,ma_4,-0.00085
MED00132,7,ma_4,-0.00623
MED00133,7,ma_4,-0.00368
MED00134,7,ma_4,-0.00074
MED00135,7,ma_4,-0.00013
MED00136,7,ma_4,0.00102
MED00137,7,ma_4,-0.00096
MED00138,7,ma_4,-0.00255
MED00139,7,ma_4,-0.00247
MED00140,7,ma_4,-0.00077
MED00141,7,ma_4,-0.00202
MED00142,7,ma_4,-0.0026
MED00143,7,ma_4,-0.00083
MED00144,7,ma_4,-0.00333
MED00146,7,ma_4,-0.00689
MED00147,7,ma_4,-0.00239
MED00148,7,ma_4,-0.00229
MED00149,7,ma_4,-0.00169
MED00150,7,ma_4,-0.00238
MED00151,7,ma_4,-0.00103
MED00152,7,ma_4,-0.00107
MED00153,7,ma_4,-0.00351
MED00154,7,ma_4,0.00184
MED00155,7,ma_4,-0.00108
MED00156,7,ma_4,-0.00117
MED00157,7,ma_4,-0.00322
MED00158,7,ma_4,0.0014
MED00159,7,ma_4,-0.00022
MED00160,7,ma_4,-0.00408
MED00161,7,ma_4,-0.00407
MED00162,7,ma_4,-0.00391
MED00163,7,ma_4,0.00034
MED00164,7,ma_4,-0.00233
MED00165,7,ma_4,-0.00287
MED00166,7,ma_4,-0.00253
MED00167,7,ma_4,0.00012
MED00168,7,ma_4,-0.00271
MED00169,7,ma_4,-0.00083
MED00170,7,ma_4,-0.0008
MED00171,7,ma_4,-0.00202
MED00172,7,ma_4,-0.0013
MED00173,7,ma_4,-0.0035
MED00174,7,ma_4,-0.00312
MED00175,7,ma_4,-0.00219
MED00176,7,ma_4,-0.002
MED00177,7,ma_4,-0.00139
MED00178,7,ma_4,0.00455
MED00179,7,ma_4,-0.00297
MED00180,7,ma_4,-0.00333
MED00181,7,ma_4,-0.00354
MED00182,7,ma_4,0.00174
MED00183,7,ma_4,0.00064
MED00184,7,ma_4,-0.00307
MED00185,7,ma_4,-0.00157
MED00186,7,ma_4,-0.00301
MED00187,7,ma_4,-0.00127
MED00188,7,ma_4,-0.00211
MED00189,7,ma_4,0.00029
MED00190,7,ma_4,-0.00379
MED00191,7,ma_4,-0.0005
MED00192,7,ma_4,0.00015
MED00193,7,ma_4,0.00025
MED00194,7,ma_4,-0.00191
MED00195,7,ma_4,-0.00334
MED00196,7,ma_4,-0.00257
MED00197,7,ma_4,0.00013
MED00198,7,ma_4,-0.00081
MED00199,7,ma_4,-0.00081
MED00200,7,ma_4,-0.00091
MED00201,7,ma_4,-0.00344
MED00202,7,ma_4,-0.0032
MED00203,7,ma_4,-0.00244
MED00204,7,ma_4,-0.00093
MED00205,7,ma_4,-0.00062
MED00206,7,ma_4,-0.00133
MED00207,7,ma_4,-0.00392
MED00208,7,ma_4,-0.00378
MED00209,7,ma_4,0.00513
MED00210,7,ma_4,-0.0022
MED00211,7,ma_4,-0.00303
MED00212,7,ma_4,-0.00088
MED00213,7,ma_4,-0.00033
MED00214,7,ma_4,0.0005
MED00215,7,ma_4,-0.00294
MED00216,7,ma_4,-0.00059
MED00217,7,ma_4,-0.00015
MED00218,7,ma_4,-0.00325
MED00219,7,ma_4,0.00058
MED00220,7,ma_4,-0.00297
MED00221,7,ma_4,0.00193
MED00222,7,ma_4,-0.00143
MED00223,7,ma_4,-0.00149
MED00224,7,ma_4,-0.00607
MED00225,7,ma_4,-0.00305
MED00226,7,ma_4,-0.00166
MED00227,7,ma_4,0.00319
MED00228,7,ma_4,-0.00076
MED00229,7,ma_4,-0.0011
MED00230,7,ma_4,-0.00089
MED00231,7,ma_4,-0.00063
MED00232,7,ma_4,-0.00285
MED00233,7,ma_4,-0.00242
MED00234,7,ma_4,-0.00097
MED00235,7,ma_4,0.00048
MED00236,7,ma_4,-0.00308
MED00237,7,ma_4,-0.00256
MED00238,7,ma_4,-0.00056
MED00239,7,ma_4,-0.00266
MED00240,7,ma_4,-0.00243
MED00241,7,ma_4,-0.00247
MED00242,7,ma_4,-0.00017
MED00243,7,ma_4,0.00016
MED00244,7,ma_4,-0.00356
MED00245,7,ma_4,0.00123
MED00246,7,ma_4,-0.0014
MED00247,7,ma_4,0.00029
MED00248,7,ma_4,-0.00243
MED00249,7,ma_4,0.00072
MED00250,7,ma_4,-0.00179
MED00251,7,ma_4,-0.0009
MED00252,7,ma_4,0.00083
MED00253,7,ma_4,-0.00266
MED00254,7,ma_4,-0.0007
MED00255,7,ma_4,-0.00336
MED00256,7,ma_4,-0.00112
MED00257,7,ma_4,-0.00329
MED00258,7,ma_4,-0.00327
MED00259,7,ma_4,-0.00205
MED00260,7,ma_4,-0.00138
MED00262,7,ma_4,-0.00233
MED00263,7,ma_4,-0.00176
MED00264,7,ma_4,-0.00211
MED00265,7,ma_4,-0.0009
MED00266,7,ma_4,-0.00036
MED00267,7,ma_4,-0.00358
MED00268,7,ma_4,-0.00341
MED00269,7,ma_4,-0.00181
MED00270,7,ma_4,-0.00196
MED00271,7,ma_4,-0.00206
MED00272,7,ma_4,-0.0018
MED00273,7,ma_4,-0.00101
MED00274,7,ma_4,-0.00268
MED00276,7,ma_4,-0.00091
MED00277,7,ma_4,0.00029
MED00278,7,ma_4,-0.0013
MED00279,7,ma_4,-0.00173
MED00280,7,ma_4,-0.00014
MED00281,7,ma_4,0.00013
MED00282,7,ma_4,-0.00314
MED00283,7,ma_4,-0.00325
MED00284,7,ma_4,-0.00126
MED00285,7,ma_4,-0.00268
MED00286,7,ma_4,-0.00254
MED00287,7,ma_4,-0.00221
MED00288,7,ma_4,-0.00044
MED00289,7,ma_4,-0.00306
MED00290,7,ma_4,-0.00063
MED00291,7,ma_4,-0.00295
MED00292,7,ma_4,-0.0021
MED00293,7,ma_4,-0.0019
MED00294,7,ma_4,-0.00025
MED00295,7,ma_4,0.00176
MED00296,7,ma_4,-0.00386
MED00297,7,ma_4,-0.00224
MED00298,7,ma_4,-0.00104
MED00299,7,ma_4,0.00046
MED00300,7,ma_4,-0.00307
MED00301,7,ma_4,-0.00218
MED00302,7,ma_4,-0.00061
MED00303,7,ma_4,-0.00095
MED00304,7,ma_4,-0.00251
MED00305,7,ma_4,-0.00264
MED00306,7,ma_4,0.00035
MED00307,7,ma_4,0.00021
MED00308,7,ma_4,-0.0002
MED00309,7,ma_4,-0.00124
MED00310,7,ma_4,-0.00289
MED00311,7,ma_4,-0.00199
MED00312,7,ma_4,-0.00201
MED00313,7,ma_4,0.01117
MED00314,7,ma_4,0.00233
MED00315,7,ma_4,0.00048
MED00316,7,ma_4,-0.00338
MED00317,7,ma_4,-0.0035
MED00318,7,ma_4,-0.00257
MED00319,7,ma_4,-0.00151
MED00320,7,ma_4,-0.00202
MED00321,7,ma_4,0.00022
MED00322,7,ma_4,0.00038
MED00323,7,ma_4,-0.00271
MED00324,7,ma_4,-0.00125
MED00325,7,ma_4,-0.00298
MED00326,7,ma_4,-0.00402
MED00327,7,ma_4,-0.00091
MED00328,7,ma_4,-0.00285
MED00329,7,ma_4,-0.00149
MED00330,7,ma_4,-0.00344
MED00331,7,ma_4,-0.00198
MED00332,7,ma_4,-0.00384
MED00333,7,ma_4,-0.0011
MED00334,7,ma_4,-0.00569
MED00335,7,ma_4,0.00012
MED00336,7,ma_4,-0.00438
MED00338,7,ma_4,0.00242
MED00339,7,ma_4,-0.00176
MED00340,7,ma_4,0.00097
MED00341,7,ma_4,-0.00174
MED00342,7,ma_4,-0.00347
MED00343,7,ma_4,-0.00171
MED00344,7,ma_4,0.00031
MED00345,7,ma_4,0.0002
MED00346,7,ma_4,-0.00306
MED00347,7,ma_4,-0.00061
MED00348,7,ma_4,-0.0002
MED00349,7,ma_4,-0.00082
MED00350,7,ma_4,0.00559
MED00351,7,ma_4,-0.00031
MED00352,7,ma_4,-0.00138
MED00353,7,ma_4,0.00011
MED00354,7,ma_4,-0.00026
MED00355,7,ma_4,-0.00239
MED00356,7,ma_4,-0.0039
MED00357,7,ma_4,0.00013
MED00358,7,ma_4,-0.00358
MED00359,7,ma_4,-0.00253
MED00360,7,ma_4,-0.00104
MED00361,7,ma_4,-0.00152
MED00362,7,ma_4,-0.00189
MED00363,7,ma_4,-0.00094
MED00364,7,ma_4,-0.00071
MED00365,7,ma_4,-0.00094
MED00366,7,ma_4,0.00038
MED00367,7,ma_4,-0.00071
MED00368,7,ma_4,-0.00158
MED00369,7,ma_4,-0.00338
MED00370,7,ma_4,0.00136
MED00371,7,ma_4,-0.00153
MED00372,7,ma_4,0.00023
MED00373,7,ma_4,0.00058
MED00374,7,ma_4,-0.00077
MED00375,7,ma_4,-0.00053
MED00376,7,ma_4,-0.00409
MED00377,7,ma_4,0.0008
MED00378,7,ma_4,-0.00049
MED00379,7,ma_4,-0.00062
MED00380,7,ma_4,-0.00056
MED00381,7,ma_4,-0.00291
MED00382,7,ma_4,-0.00252
MED00383,7,ma_4,-0.00184
MED00384,7,ma_4,-0.00108
MED00385,7,ma_4,0.00018
MED00387,7,ma_4,0.00111
MED00388,7,ma_4,0.0028
MED00389,7,ma_4,-0.0025
MED00390,7,ma_4,0.00138
MED00391,7,ma_4,0.00108
MED00392,7,ma_4,0.00098
MED00393,7,ma_4,-0.00121
MED00396,7,ma_4,0.00146
MED00397,7,ma_4,0.00077
MED00398,7,ma_4,0.00442
MED00399,7,ma_4,0.00352
MED00400,7,ma_4,0.00025
MED00401,7,ma_4,0.00393
MED00402,7,ma_4,0.00091
MED00403,7,ma_4,-0.00161
MED00404,7,ma_4,-0.00371
MED00405,7,ma_4,-0.00267
MED00406,7,ma_4,0.00088
MED00407,7,ma_4,0.00095
MED00408,7,ma_4,-0.00204
MED00409,7,ma_4,-0.00703
MED00410,7,ma_4,-0.00168
MED00411,7,ma_4,0.00038
MED00412,7,ma_4,-0.00133
MED00413,7,ma_4,-0.00648
MED00414,7,ma_4,0.00083
MED00415,7,ma_4,0.00057
MED00416,7,ma_4,0.00122
MED00417,7,ma_4,-0.0029
MED00418,7,ma_4,-0.00257
MED00419,7,ma_4,-0.00232
MED00420,7,ma_4,-0.00031
MED00421,7,ma_4,0.00063
MED00422,7,ma_4,0.00022
MED00423,7,ma_4,-0.00182
MED00424,7,ma_4,0.00152
MED00001,8,ma_4,-0.00143
MED00002,8,ma_4,0.00028
MED00003,8,ma_4,0.00066
MED00004,8,ma_4,0.00134
MED00005,8,ma_4,0.00173
MED00006,8,ma_4,-0.00173
MED00007,8,ma_4,-0.00091
MED00008,8,ma_4,-0.00019
MED00009,8,ma_4,-0.00421
MED00010,8,ma_4,0.00084
MED00011,8,ma_4,-0.00049
MED00012,8,ma_4,-0.00184
MED00013,8,ma_4,-0.00082
MED00014,8,ma_4,-0.00026
MED00015,8,ma_4,-0.00059
MED00016,8,ma_4,-0.00165
MED00017,8,ma_4,-0.00046
MED00018,8,ma_4,0.00054
MED00019,8,ma_4,0.00071
MED00020,8,ma_4,0.00141
MED00021,8,ma_4,-0.00103
MED00022,8,ma_4,-0.00198
MED00023,8,ma_4,-0.00221
MED00024,8,ma_4,-0.00089
MED00025,8,ma_4,-0.00141
MED00026,8,ma_4,0.00198
MED00027,8,ma_4,0.00155
MED00029,8,ma_4,0.00026
MED00030,8,ma_4,-0.00199
MED00031,8,ma_4,-0.00128
MED00032,8,ma_4,-0.00151
MED00033,8,ma_4,0.00022
MED00034,8,ma_4,-0.00017
MED00035,8,ma_4,0.00116
MED00036,8,ma_4,-0.00053
MED00037,8,ma_4,-0.00042
MED00038,8,ma_4,-0.00021
MED00039,8,ma_4,0.00473
MED00041,8,ma_4,-0.00082
MED00042,8,ma_4,0.00076
MED00043,8,ma_4,0.00036
MED00044,8,ma_4,-0.0017
MED00045,8,ma_4,-0.00086
MED00046,8,ma_4,-0.0002
MED00047,8,ma_4,-0.0023
MED00048,8,ma_4,0.00013
MED00049,8,ma_4,0.00044
MED00050,8,ma_4,-0.00114
MED00051,8,ma_4,-0.00027
MED00052,8,ma_4,0.00034
MED00053,8,ma_4,-0.00181
MED00055,8,ma_4,0.00441
MED00057,8,ma_4,0.00084
MED00058,8,ma_4,-0.00132
MED00059,8,ma_4,-0.00218
MED00060,8,ma_4,-0.0012
MED00061,8,ma_4,-0.00023
MED00063,8,ma_4,-0.00032
MED00064,8,ma_4,-0.0006
MED00066,8,ma_4,-0.00126
MED00067,8,ma_4,-0.00167
MED00068,8,ma_4,-0.00342
MED00069,8,ma_4,-0.0017
MED00070,8,ma_4,0.00011
MED00071,8,ma_4,-0.00176
MED00072,8,ma_4,-0.00211
MED00073,8,ma_4,-0.00169
MED00074,8,ma_4,-0.00318
MED00075,8,ma_4,-0.00124
MED00076,8,ma_4,-0.00011
MED00077,8,ma_4,-0.00178
MED00078,8,ma_4,-0.00108
MED00079,8,ma_4,0.00027
MED00080,8,ma_4,-0.00242
MED00081,8,ma_4,0.00067
MED00082,8,ma_4,-0.00221
MED00083,8,ma_4,-0.0012
MED00084,8,ma_4,0.00367
MED00085,8,ma_4,-0.00106
MED00086,8,ma_4,0.00134
MED00087,8,ma_4,-0.00296
MED00088,8,ma_4,0.00053
MED00089,8,ma_4,-0.00091
MED00090,8,ma_4,-0.002
MED00091,8,ma_4,-0.00178
MED00092,8,ma_4,-0.00285
MED00093,8,ma_4,0.00055
MED00094,8,ma_4,0.00156
MED00095,8,ma_4,-0.00223
MED00096,8,ma_4,-0.00028
MED00097,8,ma_4,0.00134
MED00098,8,ma_4,-0.0022
MED00099,8,ma_4,0.00235
MED00100,8,ma_4,-0.00045
MED00101,8,ma_4,-0.00151
MED00102,8,ma_4,-0.00105
MED00103,8,ma_4,-0.00144
MED00104,8,ma_4,-0.0032
MED00105,8,ma_4,-0.00169
MED00106,8,ma_4,-0.00028
MED00107,8,ma_4,-0.00253
MED00108,8,ma_4,-0.00271
MED00109,8,ma_4,-0.00121
MED00110,8,ma_4,-0.00042
MED00111,8,ma_4,0.00019
MED00112,8,ma_4,-0.0011
MED00113,8,ma_4,-0.00011
MED00114,8,ma_4,-0.00128
MED00115,8,ma_4,-0.0015
MED00116,8,ma_4,-0.00016
MED00117,8,ma_4,-0.00155
MED00118,8,ma_4,-0.00053
MED00119,8,ma_4,-0.00049
MED00120,8,ma_4,-0.00032
MED00121,8,ma_4,-0.00083
MED00122,8,ma_4,-0.00213
MED00123,8,ma_4,-0.0008
MED00124,8,ma_4,-0.00225
MED00125,8,ma_4,0.00047
MED00126,8,ma_4,0.00127
MED00127,8,ma_4,-0.00081
MED00128,8,ma_4,-0.0006
MED00129,8,ma_4,-0.001
MED00130,8,ma_4,0.00046
MED00131,8,ma_4,-0.00079
MED00132,8,ma_4,-0.00452
MED00133,8,ma_4,-0.00214
MED00134,8,ma_4,0.00092
MED00136,8,ma_4,0.00109
MED00137,8,ma_4,-0.00091
MED00138,8,ma_4,-0.00243
MED00139,8,ma_4,-0.00048
MED00140,8,ma_4,-0.00064
MED00141,8,ma_4,-0.00183
MED00142,8,ma_4,-0.00224
MED00143,8,ma_4,-0.00059
MED00144,8,ma_4,-0.00126
MED00146,8,ma_4,-0.00678
MED00147,8,ma_4,-0.00038
MED00148,8,ma_4,-0.00216
MED00149,8,ma_4,-0.00148
MED00150,8,ma_4,-0.0021
MED00151,8,ma_4,-0.00089
MED00152,8,ma_4,-0.00083
MED00153,8,ma_4,-0.00139
MED00154,8,ma_4,0.00183
MED00155,8,ma_4,-0.00096
MED00156,8,ma_4,-0.00104
MED00157,8,ma_4,-0.00318
MED00158,8,ma_4,0.00167
MED00159,8,ma_4,0.00168
MED00160,8,ma_4,-0.00396
MED00161,8,ma_4,-0.00198
MED00162,8,ma_4,-0.00182
MED00163,8,ma_4,0.00059
MED00164,8,ma_4,-0.00204
MED00165,8,ma_4,-0.00266
MED00166,8,ma_4,-0.00218
MED00167,8,ma_4,0.00033
MED00168,8,ma_4,-0.00062
MED00169,8,ma_4,-0.00059
MED00170,8,ma_4,-0.00059
MED00171,8,ma_4,-0.00195
MED00172,8,ma_4,-0.00116
MED00173,8,ma_4,-0.00141
MED00174,8,ma_4,-0.00306
MED00175,8,ma_4,-0.00052
MED00176,8,ma_4,-0.00211
MED00177,8,ma_4,-0.00101
MED00178,8,ma_4,-0.00176
MED00179,8,ma_4,-0.00133
MED00180,8,ma_4,-0.00123
MED00181,8,ma_4,-0.00144
MED00182,8,ma_4,0.00202
MED00183,8,ma_4,0.00079
MED00184,8,ma_4,-0.00279
MED00185,8,ma_4,-0.00141
MED00186,8,ma_4,-0.00265
MED00187,8,ma_4,-0.001
MED00188,8,ma_4,-0.00198
MED00189,8,ma_4,0.0003
MED00190,8,ma_4,-0.0017
MED00191,8,ma_4,-0.0005
MED00192,8,ma_4,0.00039
MED00193,8,ma_4,0.00056
MED00194,8,ma_4,-0.00257
MED00195,8,ma_4,-0.00315
MED00196,8,ma_4,-0.00257
MED00197,8,ma_4,-0.00056
MED00198,8,ma_4,-0.00067
MED00199,8,ma_4,-0.00077
MED00200,8,ma_4,-0.00055
MED00201,8,ma_4,-0.00331
MED00202,8,ma_4,-0.00087
MED00203,8,ma_4,-0.00233
MED00204,8,ma_4,-0.00057
MED00205,8,ma_4,-0.00062
MED00206,8,ma_4,-0.00119
MED00207,8,ma_4,-0.00183
MED00208,8,ma_4,-0.00345
MED00209,8,ma_4,-0.00103
MED00210,8,ma_4,-0.00072
MED00211,8,ma_4,-0.00093
MED00212,8,ma_4,-0.00052
MED00213,8,ma_4,0.00134
MED00214,8,ma_4,0.0005
MED00215,8,ma_4,-0.00258
MED00216,8,ma_4,-0.00034
MED00217,8,ma_4,-0.00012
MED00218,8,ma_4,-0.00322
MED00219,8,ma_4,0.00053
MED00220,8,ma_4,-0.00261
MED00221,8,ma_4,0.0022
MED00222,8,ma_4,-0.00107
MED00223,8,ma_4,0.00052
MED00224,8,ma_4,-0.00114
MED00225,8,ma_4,-0.00284
MED00226,8,ma_4,-0.00139
MED00227,8,ma_4,0.00306
MED00228,8,ma_4,-0.00063
MED00229,8,ma_4,0.00058
MED00230,8,ma_4,-0.00096
MED00231,8,ma_4,-0.00049
MED00232,8,ma_4,-0.00075
MED00233,8,ma_4,-0.00096
MED00234,8,ma_4,-0.00053
MED00235,8,ma_4,0.00038
MED00236,8,ma_4,-0.00099
MED00237,8,ma_4,-0.00247
MED00238,8,ma_4,-0.00032
MED00239,8,ma_4,-0.00254
MED00240,8,ma_4,-0.00234
MED00241,8,ma_4,-0.00211
MED00242,8,ma_4,-0.00035
MED00243,8,ma_4,0.00027
MED00244,8,ma_4,-0.00147
MED00245,8,ma_4,0.00121
MED00246,8,ma_4,-0.00128
MED00247,8,ma_4,0.00029
MED00248,8,ma_4,-0.00231
MED00249,8,ma_4,0.00046
MED00250,8,ma_4,-0.00192
MED00251,8,ma_4,-0.00066
MED00252,8,ma_4,0.0009
MED00253,8,ma_4,-0.00233
MED00254,8,ma_4,-0.00063
MED00255,8,ma_4,-0.00336
MED00256,8,ma_4,-0.00088
MED00257,8,ma_4,-0.00336
MED00258,8,ma_4,-0.00292
MED00259,8,ma_4,-0.00183
MED00260,8,ma_4,0.0002
MED00261,8,ma_4,0.00163
MED00262,8,ma_4,-0.00235
MED00263,8,ma_4,-0.00154
MED00264,8,ma_4,-0.00151
MED00265,8,ma_4,-0.00092
MED00266,8,ma_4,-0.00014
MED00267,8,ma_4,-0.00346
MED00268,8,ma_4,-0.00323
MED00269,8,ma_4,-0.00157
MED00270,8,ma_4,-0.00175
MED00271,8,ma_4,-0.00194
MED00272,8,ma_4,-0.00155
MED00273,8,ma_4,-0.00108
MED00274,8,ma_4,-0.00101
MED00276,8,ma_4,-0.00067
MED00277,8,ma_4,0.00054
MED00278,8,ma_4,-0.00132
MED00279,8,ma_4,-0.00158
MED00280,8,ma_4,-1e-04
MED00282,8,ma_4,-0.00104
MED00283,8,ma_4,-0.00116
MED00284,8,ma_4,-0.00111
MED00285,8,ma_4,-0.00247
MED00286,8,ma_4,-0.00241
MED00287,8,ma_4,-0.00199
MED00288,8,ma_4,-0.00049
MED00289,8,ma_4,-0.00306
MED00290,8,ma_4,-0.00039
MED00291,8,ma_4,-0.00063
MED00293,8,ma_4,-0.00186
MED00295,8,ma_4,0.002
MED00296,8,ma_4,-0.00177
MED00297,8,ma_4,-0.00191
MED00298,8,ma_4,-0.00083
MED00299,8,ma_4,0.00072
MED00300,8,ma_4,-0.00095
MED00301,8,ma_4,-0.00196
MED00302,8,ma_4,-0.00039
MED00303,8,ma_4,-0.00064
MED00304,8,ma_4,-0.00228
MED00305,8,ma_4,-0.00228
MED00306,8,ma_4,0.002
MED00307,8,ma_4,0.00016
MED00308,8,ma_4,0.0012
MED00309,8,ma_4,-0.001
MED00310,8,ma_4,-0.0009
MED00311,8,ma_4,-0.00202
MED00312,8,ma_4,-0.00032
MED00313,8,ma_4,0.00497
MED00314,8,ma_4,0.00253
MED00315,8,ma_4,0.00075
MED00316,8,ma_4,-0.00326
MED00317,8,ma_4,-0.00141
MED00318,8,ma_4,-0.00246
MED00319,8,ma_4,-0.00151
MED00321,8,ma_4,-0.00609
MED00322,8,ma_4,0.00063
MED00323,8,ma_4,-0.00104
MED00324,8,ma_4,-0.00119
MED00325,8,ma_4,-0.00286
MED00326,8,ma_4,-0.0039
MED00327,8,ma_4,-0.00069
MED00328,8,ma_4,-0.00264
MED00329,8,ma_4,-0.00157
MED00330,8,ma_4,-0.00172
MED00331,8,ma_4,-0.00176
MED00332,8,ma_4,-0.00372
MED00333,8,ma_4,-0.00089
MED00334,8,ma_4,-0.00318
MED00335,8,ma_4,0.00013
MED00336,8,ma_4,-0.00231
MED00337,8,ma_4,-0.00014
MED00338,8,ma_4,0.0027
MED00339,8,ma_4,-0.00149
MED00340,8,ma_4,0.0044
MED00341,8,ma_4,-0.00153
MED00342,8,ma_4,-0.00137
MED00343,8,ma_4,-0.00171
MED00344,8,ma_4,0.0003
MED00345,8,ma_4,0.00044
MED00346,8,ma_4,-0.00097
MED00347,8,ma_4,-0.00036
MED00349,8,ma_4,-0.00058
MED00350,8,ma_4,-0.00072
MED00351,8,ma_4,0.00136
MED00352,8,ma_4,0.00028
MED00353,8,ma_4,0.00178
MED00354,8,ma_4,0.00144
MED00355,8,ma_4,-0.00225
MED00356,8,ma_4,-0.00378
MED00357,8,ma_4,0.00016
MED00358,8,ma_4,-0.00151
MED00359,8,ma_4,-0.00217
MED00360,8,ma_4,-0.001
MED00361,8,ma_4,-0.00128
MED00362,8,ma_4,-0.00168
MED00363,8,ma_4,-0.0007
MED00364,8,ma_4,-0.00046
MED00365,8,ma_4,-0.0008
MED00366,8,ma_4,0.00041
MED00367,8,ma_4,-0.00035
MED00368,8,ma_4,-0.00146
MED00369,8,ma_4,-0.00361
MED00370,8,ma_4,0.00478
MED00371,8,ma_4,0.00042
MED00372,8,ma_4,0.00047
MED00373,8,ma_4,0.00083
MED00374,8,ma_4,-0.00063
MED00375,8,ma_4,-0.00055
MED00376,8,ma_4,-0.00199
MED00377,8,ma_4,0.00099
MED00378,8,ma_4,-0.00033
MED00379,8,ma_4,-0.00693
MED00380,8,ma_4,0.00113
MED00381,8,ma_4,-0.00134
MED00382,8,ma_4,-0.0005
MED00383,8,ma_4,-0.00163
MED00384,8,ma_4,-0.00096
MED00385,8,ma_4,0.00018
MED00387,8,ma_4,0.00103
MED00388,8,ma_4,0.00041
MED00389,8,ma_4,-0.00255
MED00390,8,ma_4,0.00125
MED00391,8,ma_4,0.00099
MED00392,8,ma_4,0.00096
MED00393,8,ma_4,-0.00088
MED00394,8,ma_4,-0.00017
MED00396,8,ma_4,0.00127
MED00397,8,ma_4,0.00075
MED00398,8,ma_4,0.00351
MED00399,8,ma_4,0.00398
MED00400,8,ma_4,0.0002
MED00401,8,ma_4,0.00386
MED00402,8,ma_4,0.00082
MED00403,8,ma_4,-0.00128
MED00404,8,ma_4,-0.00339
MED00405,8,ma_4,-0.00255
MED00406,8,ma_4,0.00079
MED00407,8,ma_4,0.00086
MED00408,8,ma_4,-0.0019
MED00409,8,ma_4,-0.00685
MED00410,8,ma_4,-0.00164
MED00411,8,ma_4,0.00044
MED00412,8,ma_4,-0.00141
MED00413,8,ma_4,-0.0063
MED00414,8,ma_4,0.00075
MED00415,8,ma_4,0.0005
MED00416,8,ma_4,0.0012
MED00417,8,ma_4,-0.00254
MED00418,8,ma_4,-0.00243
MED00419,8,ma_4,-0.00217
MED00420,8,ma_4,-0.00033
MED00421,8,ma_4,0.00054
MED00422,8,ma_4,0.00013
MED00423,8,ma_4,-0.00179
MED00424,8,ma_4,0.00151
MED00001,9,ma_4,-0.00156
MED00002,9,ma_4,0.00024
MED00003,9,ma_4,0.00042
MED00004,9,ma_4,0.00138
MED00005,9,ma_4,0.00138
MED00006,9,ma_4,-0.00197
MED00007,9,ma_4,-0.00105
MED00008,9,ma_4,-0.00026
MED00009,9,ma_4,-0.00453
MED00010,9,ma_4,0.00078
MED00011,9,ma_4,-0.00056
MED00012,9,ma_4,-0.00218
MED00013,9,ma_4,-0.00111
MED00014,9,ma_4,-0.00052
MED00015,9,ma_4,-0.00056
MED00016,9,ma_4,-0.00183
MED00017,9,ma_4,-0.00054
MED00018,9,ma_4,0.00036
MED00019,9,ma_4,0.00045
MED00020,9,ma_4,0.00126
MED00021,9,ma_4,-0.00137
MED00022,9,ma_4,-0.00213
MED00023,9,ma_4,-0.00255
MED00024,9,ma_4,-0.00104
MED00025,9,ma_4,-0.00145
MED00026,9,ma_4,0.00198
MED00027,9,ma_4,0.0015
MED00028,9,ma_4,-0.00014
MED00030,9,ma_4,-0.0023
MED00031,9,ma_4,-0.00143
MED00032,9,ma_4,-0.00166
MED00033,9,ma_4,0.00019
MED00034,9,ma_4,-0.00026
MED00035,9,ma_4,0.00118
MED00036,9,ma_4,0.00079
MED00037,9,ma_4,-0.00056
MED00038,9,ma_4,-0.00048
MED00039,9,ma_4,0.0046
MED00041,9,ma_4,-0.00088
MED00042,9,ma_4,0.00065
MED00043,9,ma_4,0.00037
MED00044,9,ma_4,-0.00198
MED00045,9,ma_4,-0.0011
MED00046,9,ma_4,-0.00054
MED00047,9,ma_4,-0.00262
MED00048,9,ma_4,-0.00014
MED00049,9,ma_4,0.00037
MED00050,9,ma_4,-0.00149
MED00051,9,ma_4,-0.00051
MED00052,9,ma_4,0.0004
MED00053,9,ma_4,-0.00194
MED00055,9,ma_4,0.00448
MED00057,9,ma_4,0.00088
MED00058,9,ma_4,-0.00156
MED00059,9,ma_4,-0.00238
MED00060,9,ma_4,-0.00139
MED00061,9,ma_4,-0.0002
MED00062,9,ma_4,-0.00015
MED00063,9,ma_4,-0.00038
MED00064,9,ma_4,-0.00083
MED00065,9,ma_4,0.00011
MED00066,9,ma_4,-0.00124
MED00067,9,ma_4,-0.00187
MED00068,9,ma_4,-0.00367
MED00069,9,ma_4,-0.00197
MED00070,9,ma_4,0.00016
MED00071,9,ma_4,-0.00184
MED00072,9,ma_4,-0.00226
MED00073,9,ma_4,-0.00183
MED00074,9,ma_4,-0.00343
MED00075,9,ma_4,-0.00143
MED00077,9,ma_4,-0.00197
MED00078,9,ma_4,-0.00152
MED00079,9,ma_4,-0.00025
MED00080,9,ma_4,-0.00274
MED00081,9,ma_4,0.00048
MED00082,9,ma_4,-0.00256
MED00083,9,ma_4,-0.00139
MED00084,9,ma_4,0.00339
MED00085,9,ma_4,-0.00098
MED00086,9,ma_4,0.00127
MED00087,9,ma_4,-0.00323
MED00088,9,ma_4,0.00024
MED00089,9,ma_4,-0.00109
MED00090,9,ma_4,-0.00215
MED00091,9,ma_4,-0.00193
MED00092,9,ma_4,-0.00255
MED00093,9,ma_4,0.00052
MED00094,9,ma_4,0.00156
MED00095,9,ma_4,-0.00221
MED00096,9,ma_4,-0.00043
MED00097,9,ma_4,0.00127
MED00098,9,ma_4,-0.00272
MED00099,9,ma_4,0.0023
MED00100,9,ma_4,-0.00041
MED00101,9,ma_4,-0.00182
MED00102,9,ma_4,-0.00117
MED00103,9,ma_4,-0.00178
MED00104,9,ma_4,-0.00338
MED00105,9,ma_4,-0.00221
MED00106,9,ma_4,-0.00034
MED00107,9,ma_4,-0.00271
MED00108,9,ma_4,-0.00283
MED00109,9,ma_4,-0.00123
MED00110,9,ma_4,-0.00044
MED00111,9,ma_4,0.00011
MED00112,9,ma_4,-0.00144
MED00113,9,ma_4,-0.00036
MED00114,9,ma_4,-0.00126
MED00115,9,ma_4,-0.00184
MED00116,9,ma_4,-0.00021
MED00117,9,ma_4,-0.00182
MED00118,9,ma_4,-0.00061
MED00119,9,ma_4,-0.00062
MED00120,9,ma_4,-0.00045
MED00121,9,ma_4,-0.00098
MED00122,9,ma_4,-0.00228
MED00123,9,ma_4,-0.00089
MED00124,9,ma_4,-0.00244
MED00125,9,ma_4,0.00051
MED00126,9,ma_4,0.00132
MED00127,9,ma_4,-0.00116
MED00128,9,ma_4,-0.00075
MED00129,9,ma_4,-0.00121
MED00130,9,ma_4,0.0004
MED00131,9,ma_4,-0.00094
MED00132,9,ma_4,-0.00458
MED00133,9,ma_4,-0.00219
MED00134,9,ma_4,0.00097
MED00136,9,ma_4,0.00094
MED00137,9,ma_4,-0.00096
MED00138,9,ma_4,-0.00254
MED00139,9,ma_4,-0.00085
MED00140,9,ma_4,-0.00072
MED00141,9,ma_4,-0.00212
MED00142,9,ma_4,-0.00225
MED00143,9,ma_4,-0.00104
MED00144,9,ma_4,-0.00178
MED00146,9,ma_4,-0.00616
MED00147,9,ma_4,-0.00072
MED00148,9,ma_4,-0.00235
MED00149,9,ma_4,-0.00163
MED00150,9,ma_4,-0.00237
MED00151,9,ma_4,-0.00083
MED00152,9,ma_4,-0.00098
MED00153,9,ma_4,-0.00152
MED00154,9,ma_4,0.00156
MED00155,9,ma_4,-0.00111
MED00156,9,ma_4,-0.00135
MED00157,9,ma_4,-0.00337
MED00158,9,ma_4,0.00162
MED00159,9,ma_4,0.00155
MED00160,9,ma_4,-0.00416
MED00161,9,ma_4,-0.0025
MED00162,9,ma_4,-0.00217
MED00163,9,ma_4,0.00053
MED00164,9,ma_4,-0.00239
MED00165,9,ma_4,-0.00277
MED00166,9,ma_4,-0.00252
MED00167,9,ma_4,0.00018
MED00168,9,ma_4,-0.00096
MED00169,9,ma_4,-0.00066
MED00170,9,ma_4,-0.00067
MED00171,9,ma_4,-0.0021
MED00172,9,ma_4,-0.00115
MED00173,9,ma_4,-0.00172
MED00174,9,ma_4,-0.00291
MED00175,9,ma_4,-0.00053
MED00176,9,ma_4,-0.00221
MED00177,9,ma_4,-0.00106
MED00178,9,ma_4,-0.00181
MED00179,9,ma_4,-0.00128
MED00180,9,ma_4,-0.00158
MED00181,9,ma_4,-0.0018
MED00182,9,ma_4,0.00198
MED00183,9,ma_4,0.00084
MED00184,9,ma_4,-0.00286
MED00185,9,ma_4,-0.00156
MED00186,9,ma_4,-0.00293
MED00187,9,ma_4,-0.00135
MED00188,9,ma_4,-0.0023
MED00189,9,ma_4,0.0003
MED00190,9,ma_4,-0.00144
MED00191,9,ma_4,-0.00078
MED00192,9,ma_4,0.0004
MED00193,9,ma_4,0.0005
MED00194,9,ma_4,-0.00224
MED00195,9,ma_4,-0.0033
MED00196,9,ma_4,-0.00322
MED00197,9,ma_4,-0.00022
MED00198,9,ma_4,-0.00082
MED00199,9,ma_4,-0.00079
MED00200,9,ma_4,-0.00082
MED00201,9,ma_4,-0.00362
MED00202,9,ma_4,-0.00121
MED00203,9,ma_4,-0.00252
MED00204,9,ma_4,-0.00091
MED00205,9,ma_4,-0.00089
MED00206,9,ma_4,-0.00136
MED00207,9,ma_4,-0.00217
MED00208,9,ma_4,-0.00374
MED00209,9,ma_4,-0.00121
MED00210,9,ma_4,-0.00078
MED00211,9,ma_4,-0.00128
MED00212,9,ma_4,-0.00087
MED00213,9,ma_4,0.00138
MED00214,9,ma_4,0.00037
MED00215,9,ma_4,-0.00293
MED00216,9,ma_4,-0.0004
MED00218,9,ma_4,-0.00353
MED00220,9,ma_4,-0.00228
MED00221,9,ma_4,0.00185
MED00222,9,ma_4,-0.00108
MED00223,9,ma_4,0.0004
MED00224,9,ma_4,-0.00149
MED00225,9,ma_4,-0.00303
MED00226,9,ma_4,-0.00173
MED00227,9,ma_4,0.00279
MED00228,9,ma_4,-0.00078
MED00229,9,ma_4,0.00058
MED00230,9,ma_4,-0.00111
MED00231,9,ma_4,-0.00063
MED00232,9,ma_4,-0.00126
MED00233,9,ma_4,-0.00101
MED00234,9,ma_4,-0.00068
MED00235,9,ma_4,0.00073
MED00236,9,ma_4,-0.00133
MED00237,9,ma_4,-0.00279
MED00238,9,ma_4,-0.00033
MED00239,9,ma_4,-0.00281
MED00240,9,ma_4,-0.00253
MED00241,9,ma_4,-0.00239
MED00242,9,ma_4,-0.00019
MED00243,9,ma_4,0.00023
MED00244,9,ma_4,-0.00181
MED00245,9,ma_4,0.00156
MED00246,9,ma_4,-0.00147
MED00248,9,ma_4,-0.00246
MED00249,9,ma_4,0.00051
MED00250,9,ma_4,-0.00187
MED00251,9,ma_4,-0.00074
MED00252,9,ma_4,0.00089
MED00253,9,ma_4,-0.00267
MED00254,9,ma_4,-0.00064
MED00255,9,ma_4,-0.00355
MED00256,9,ma_4,-0.00096
MED00257,9,ma_4,-0.00349
MED00258,9,ma_4,-0.00326
MED00259,9,ma_4,-0.00177
MED00261,9,ma_4,0.00192
MED00262,9,ma_4,-0.0026
MED00263,9,ma_4,-0.00173
MED00264,9,ma_4,-0.00147
MED00265,9,ma_4,-0.00098
MED00266,9,ma_4,-0.00027
MED00267,9,ma_4,-0.00365
MED00268,9,ma_4,-0.00338
MED00269,9,ma_4,-0.00172
MED00270,9,ma_4,-0.00193
MED00271,9,ma_4,-0.0021
MED00272,9,ma_4,-0.00189
MED00273,9,ma_4,-0.00177
MED00274,9,ma_4,-0.00107
MED00275,9,ma_4,-0.00023
MED00276,9,ma_4,-0.00082
MED00277,9,ma_4,0.00034
MED00278,9,ma_4,-0.00146
MED00279,9,ma_4,-0.00179
MED00281,9,ma_4,-0.0002
MED00282,9,ma_4,-0.00139
MED00283,9,ma_4,-0.00154
MED00284,9,ma_4,-0.00115
MED00285,9,ma_4,-0.00265
MED00286,9,ma_4,-0.00261
MED00287,9,ma_4,-0.00195
MED00288,9,ma_4,-0.00048
MED00289,9,ma_4,-0.00325
MED00290,9,ma_4,-0.00054
MED00291,9,ma_4,-0.00098
MED00292,9,ma_4,-0.00036
MED00293,9,ma_4,-0.00205
MED00294,9,ma_4,-0.00023
MED00295,9,ma_4,0.00198
MED00296,9,ma_4,-0.00212
MED00297,9,ma_4,-0.00243
MED00298,9,ma_4,-0.00098
MED00299,9,ma_4,0.00066
MED00300,9,ma_4,-0.00129
MED00301,9,ma_4,-0.00215
MED00302,9,ma_4,-0.00051
MED00303,9,ma_4,-0.00099
MED00304,9,ma_4,-0.00263
MED00305,9,ma_4,-0.00263
MED00306,9,ma_4,0.00201
MED00307,9,ma_4,-0.00011
MED00308,9,ma_4,0.00114
MED00309,9,ma_4,-0.00128
MED00310,9,ma_4,-0.00125
MED00311,9,ma_4,-0.00223
MED00312,9,ma_4,-0.0005
MED00313,9,ma_4,0.00496
MED00314,9,ma_4,0.00246
MED00315,9,ma_4,0.00048
MED00316,9,ma_4,-0.00377
MED00317,9,ma_4,-0.00176
MED00318,9,ma_4,-0.0026
MED00319,9,ma_4,-0.00178
MED00320,9,ma_4,-0.0003
MED00321,9,ma_4,-0.00947
MED00322,9,ma_4,0.00033
MED00323,9,ma_4,-0.00111
MED00324,9,ma_4,-0.00134
MED00325,9,ma_4,-0.00295
MED00326,9,ma_4,-0.00422
MED00327,9,ma_4,-0.00041
MED00328,9,ma_4,-0.00296
MED00329,9,ma_4,-0.00184
MED00330,9,ma_4,-0.00206
MED00331,9,ma_4,-0.00184
MED00332,9,ma_4,-0.00391
MED00333,9,ma_4,-0.0011
MED00334,9,ma_4,-0.00356
MED00335,9,ma_4,-0.00016
MED00336,9,ma_4,-0.0027
MED00337,9,ma_4,0.00034
MED00338,9,ma_4,0.00257
MED00339,9,ma_4,-0.00184
MED00340,9,ma_4,0.00395
MED00341,9,ma_4,-0.00172
MED00342,9,ma_4,-0.00165
MED00343,9,ma_4,-0.00198
MED00344,9,ma_4,0.00016
MED00345,9,ma_4,0.00037
MED00346,9,ma_4,-0.00131
MED00347,9,ma_4,-0.00032
MED00349,9,ma_4,-0.00072
MED00350,9,ma_4,-0.00094
MED00351,9,ma_4,0.0014
MED00352,9,ma_4,0.00029
MED00353,9,ma_4,0.00182
MED00354,9,ma_4,0.00142
MED00355,9,ma_4,-0.00244
MED00356,9,ma_4,-0.00386
MED00357,9,ma_4,1e-04
MED00358,9,ma_4,-0.00186
MED00359,9,ma_4,-0.00251
MED00360,9,ma_4,-0.00116
MED00361,9,ma_4,-0.00166
MED00362,9,ma_4,-0.00183
MED00363,9,ma_4,-0.00078
MED00364,9,ma_4,-0.00036
MED00365,9,ma_4,-0.00074
MED00366,9,ma_4,0.00017
MED00367,9,ma_4,-0.00069
MED00368,9,ma_4,-0.00177
MED00369,9,ma_4,-0.00389
MED00370,9,ma_4,0.00476
MED00371,9,ma_4,0.00025
MED00372,9,ma_4,0.00051
MED00373,9,ma_4,0.00084
MED00374,9,ma_4,-0.00071
MED00375,9,ma_4,-0.0007
MED00376,9,ma_4,-0.002
MED00377,9,ma_4,0.00094
MED00378,9,ma_4,-0.0004
MED00379,9,ma_4,-0.01055
MED00380,9,ma_4,0.00111
MED00381,9,ma_4,-0.00145
MED00382,9,ma_4,-0.00085
MED00383,9,ma_4,-0.00182
MED00384,9,ma_4,-0.00111
MED00386,9,ma_4,-0.00028
MED00387,9,ma_4,0.00077
MED00388,9,ma_4,0.00081
MED00389,9,ma_4,-0.00282
MED00390,9,ma_4,0.00118
MED00391,9,ma_4,0.00091
MED00392,9,ma_4,0.0007
MED00393,9,ma_4,-0.00126
MED00394,9,ma_4,-0.00031
MED00395,9,ma_4,-0.00018
MED00396,9,ma_4,0.00092
MED00397,9,ma_4,0.00055
MED00398,9,ma_4,0.00232
MED00399,9,ma_4,0.00267
MED00400,9,ma_4,0.00054
MED00401,9,ma_4,0.00367
MED00402,9,ma_4,0.00075
MED00403,9,ma_4,-0.00158
MED00404,9,ma_4,-0.00377
MED00405,9,ma_4,-0.00274
MED00406,9,ma_4,0.00085
MED00407,9,ma_4,0.00061
MED00408,9,ma_4,-0.00222
MED00409,9,ma_4,-0.00705
MED00410,9,ma_4,-0.00183
MED00411,9,ma_4,0.00018
MED00412,9,ma_4,-0.00168
MED00413,9,ma_4,-0.00663
MED00414,9,ma_4,0.00062
MED00415,9,ma_4,0.00023
MED00416,9,ma_4,0.00108
MED00417,9,ma_4,-0.00286
MED00418,9,ma_4,-0.00275
MED00419,9,ma_4,-0.00225
MED00420,9,ma_4,-0.00046
MED00421,9,ma_4,0.00059
MED00423,9,ma_4,-0.00206
MED00424,9,ma_4,0.00187
MED00001,10,ma_4,-0.00169
MED00002,10,ma_4,0.0003
MED00003,10,ma_4,0.00043
MED00004,10,ma_4,0.00139
MED00005,10,ma_4,0.00135
MED00006,10,ma_4,-0.00198
MED00007,10,ma_4,-0.00117
MED00009,10,ma_4,-0.00465
MED00010,10,ma_4,0.00086
MED00011,10,ma_4,-0.00067
MED00012,10,ma_4,-0.0017
MED00013,10,ma_4,-0.00137
MED00014,10,ma_4,-0.00052
MED00015,10,ma_4,-0.00056
MED00016,10,ma_4,-0.0019
MED00017,10,ma_4,-0.00066
MED00018,10,ma_4,0.00022
MED00019,10,ma_4,0.00045
MED00020,10,ma_4,0.00127
MED00021,10,ma_4,-0.00138
MED00022,10,ma_4,-0.00208
MED00023,10,ma_4,-0.00267
MED00024,10,ma_4,-0.00105
MED00025,10,ma_4,-0.00157
MED00026,10,ma_4,0.00198
MED00027,10,ma_4,0.00151
MED00028,10,ma_4,-0.00013
MED00030,10,ma_4,-0.00231
MED00031,10,ma_4,-0.00143
MED00032,10,ma_4,-0.00172
MED00033,10,ma_4,0.00019
MED00034,10,ma_4,-0.00021
MED00035,10,ma_4,0.00082
MED00036,10,ma_4,0.00073
MED00037,10,ma_4,-0.00054
MED00038,10,ma_4,-0.00048
MED00039,10,ma_4,0.00455
MED00041,10,ma_4,-0.00087
MED00042,10,ma_4,0.0006
MED00043,10,ma_4,0.00038
MED00044,10,ma_4,-0.00197
MED00045,10,ma_4,-0.00122
MED00046,10,ma_4,-0.00055
MED00047,10,ma_4,-0.00253
MED00048,10,ma_4,-0.00026
MED00049,10,ma_4,0.00045
MED00050,10,ma_4,-0.00161
MED00051,10,ma_4,-0.00053
MED00052,10,ma_4,0.00042
MED00053,10,ma_4,-0.00189
MED00054,10,ma_4,0.00019
MED00055,10,ma_4,0.00432
MED00057,10,ma_4,0.00084
MED00058,10,ma_4,-0.00168
MED00059,10,ma_4,-0.0026
MED00060,10,ma_4,-0.00151
MED00061,10,ma_4,-0.00019
MED00062,10,ma_4,-0.00027
MED00063,10,ma_4,-0.00031
MED00064,10,ma_4,-0.00098
MED00066,10,ma_4,-0.00124
MED00067,10,ma_4,-0.00186
MED00068,10,ma_4,-0.00366
MED00069,10,ma_4,-0.00198
MED00070,10,ma_4,-0.00016
MED00071,10,ma_4,-0.00183
MED00072,10,ma_4,-0.00227
MED00073,10,ma_4,-0.00184
MED00074,10,ma_4,-0.00342
MED00075,10,ma_4,-0.00156
MED00077,10,ma_4,-0.00209
MED00078,10,ma_4,-0.00148
MED00079,10,ma_4,-0.00037
MED00080,10,ma_4,-0.00274
MED00081,10,ma_4,0.00045
MED00082,10,ma_4,-0.00256
MED00083,10,ma_4,-0.00139
MED00084,10,ma_4,0.00338
MED00085,10,ma_4,-0.0012
MED00086,10,ma_4,0.00132
MED00087,10,ma_4,-0.00263
MED00088,10,ma_4,0.00035
MED00089,10,ma_4,-0.00119
MED00090,10,ma_4,-0.00227
MED00091,10,ma_4,-0.00193
MED00092,10,ma_4,-0.00266
MED00093,10,ma_4,0.00042
MED00094,10,ma_4,0.0018
MED00095,10,ma_4,-0.00249
MED00096,10,ma_4,-0.00044
MED00097,10,ma_4,0.00133
MED00098,10,ma_4,-0.00284
MED00099,10,ma_4,0.00231
MED00100,10,ma_4,-0.00051
MED00101,10,ma_4,-0.00193
MED00102,10,ma_4,-0.00111
MED00103,10,ma_4,-0.0019
MED00104,10,ma_4,-0.0035
MED00105,10,ma_4,-0.00233
MED00106,10,ma_4,-0.00035
MED00107,10,ma_4,-0.00283
MED00108,10,ma_4,-0.00296
MED00109,10,ma_4,-0.00138
MED00110,10,ma_4,-0.00048
MED00111,10,ma_4,0.00012
MED00112,10,ma_4,-0.00157
MED00113,10,ma_4,-0.00054
MED00114,10,ma_4,-0.00122
MED00115,10,ma_4,-0.00173
MED00116,10,ma_4,0.00089
MED00117,10,ma_4,-0.00194
MED00119,10,ma_4,-0.00074
MED00120,10,ma_4,-0.00045
MED00121,10,ma_4,-0.0011
MED00122,10,ma_4,-0.00245
MED00123,10,ma_4,-0.00087
MED00124,10,ma_4,-0.00256
MED00125,10,ma_4,0.00059
MED00126,10,ma_4,0.00133
MED00127,10,ma_4,-0.00128
MED00128,10,ma_4,-0.00087
MED00129,10,ma_4,-0.00133
MED00130,10,ma_4,0.0004
MED00131,10,ma_4,-0.00095
MED00132,10,ma_4,-0.00457
MED00133,10,ma_4,-0.00218
MED00134,10,ma_4,0.00094
MED00135,10,ma_4,-0.00037
MED00136,10,ma_4,0.00093
MED00137,10,ma_4,-0.00094
MED00138,10,ma_4,-0.00266
MED00139,10,ma_4,-0.00098
MED00140,10,ma_4,-0.00088
MED00141,10,ma_4,-0.00211
MED00142,10,ma_4,-0.00225
MED00143,10,ma_4,-0.00116
MED00144,10,ma_4,-0.00212
MED00146,10,ma_4,-0.00614
MED00147,10,ma_4,-0.00085
MED00148,10,ma_4,-0.00247
MED00149,10,ma_4,-0.00175
MED00150,10,ma_4,-0.00249
MED00151,10,ma_4,-0.00095
MED00152,10,ma_4,-0.0011
MED00153,10,ma_4,-0.00171
MED00154,10,ma_4,0.00189
MED00155,10,ma_4,-0.00123
MED00156,10,ma_4,-0.00147
MED00157,10,ma_4,-0.00349
MED00158,10,ma_4,0.00163
MED00159,10,ma_4,0.00155
MED00160,10,ma_4,-0.00428
MED00161,10,ma_4,-0.00262
MED00162,10,ma_4,-0.00217
MED00163,10,ma_4,0.00055
MED00164,10,ma_4,-0.00239
MED00165,10,ma_4,-0.00277
MED00166,10,ma_4,-0.00264
MED00168,10,ma_4,-0.00109
MED00169,10,ma_4,-0.00079
MED00170,10,ma_4,-0.0008
MED00171,10,ma_4,-0.00201
MED00172,10,ma_4,-0.00128
MED00173,10,ma_4,-0.00188
MED00174,10,ma_4,-0.00288
MED00175,10,ma_4,-0.00052
MED00176,10,ma_4,-0.00221
MED00177,10,ma_4,-0.00101
MED00178,10,ma_4,-0.00186
MED00179,10,ma_4,-0.00124
MED00180,10,ma_4,-0.0017
MED00181,10,ma_4,-0.00192
MED00182,10,ma_4,0.00202
MED00183,10,ma_4,0.00089
MED00184,10,ma_4,-0.00285
MED00185,10,ma_4,-0.00168
MED00186,10,ma_4,-0.00305
MED00187,10,ma_4,-0.00135
MED00188,10,ma_4,-0.00241
MED00189,10,ma_4,0.00032
MED00190,10,ma_4,-0.00138
MED00191,10,ma_4,-0.0009
MED00192,10,ma_4,0.00041
MED00193,10,ma_4,0.00058
MED00194,10,ma_4,-0.00219
MED00195,10,ma_4,-0.0033
MED00196,10,ma_4,-0.00346
MED00197,10,ma_4,-0.00017
MED00198,10,ma_4,-0.00094
MED00199,10,ma_4,-0.00078
MED00200,10,ma_4,-0.00095
MED00201,10,ma_4,-0.00374
MED00202,10,ma_4,-0.0014
MED00203,10,ma_4,-0.00252
MED00204,10,ma_4,-0.0009
MED00205,10,ma_4,-0.00101
MED00206,10,ma_4,-0.00154
MED00207,10,ma_4,-0.00217
MED00208,10,ma_4,-0.00397
MED00209,10,ma_4,-0.00116
MED00210,10,ma_4,-0.00082
MED00211,10,ma_4,-0.0014
MED00212,10,ma_4,-0.00099
MED00213,10,ma_4,0.00139
MED00214,10,ma_4,0.00025
MED00215,10,ma_4,-0.00305
MED00216,10,ma_4,-0.00048
MED00218,10,ma_4,-0.00365
MED00220,10,ma_4,-0.00225
MED00221,10,ma_4,0.00185
MED00222,10,ma_4,-0.00121
MED00223,10,ma_4,0.00038
MED00224,10,ma_4,-0.00149
MED00225,10,ma_4,-0.00315
MED00226,10,ma_4,-0.00174
MED00227,10,ma_4,0.00284
MED00228,10,ma_4,-0.00097
MED00229,10,ma_4,0.0004
MED00230,10,ma_4,-0.00111
MED00231,10,ma_4,-0.00079
MED00232,10,ma_4,-0.00139
MED00233,10,ma_4,-0.00099
MED00234,10,ma_4,-0.0008
MED00235,10,ma_4,0.0007
MED00236,10,ma_4,-0.00145
MED00237,10,ma_4,-0.00279
MED00238,10,ma_4,-0.00031
MED00239,10,ma_4,-0.00293
MED00240,10,ma_4,-0.00253
MED00241,10,ma_4,-0.00187
MED00242,10,ma_4,-0.00014
MED00243,10,ma_4,0.0003
MED00244,10,ma_4,-0.00193
MED00245,10,ma_4,0.00157
MED00246,10,ma_4,-0.00159
MED00247,10,ma_4,-1e-04
MED00248,10,ma_4,-0.00258
MED00249,10,ma_4,0.00055
MED00250,10,ma_4,-0.00183
MED00251,10,ma_4,-0.00086
MED00252,10,ma_4,0.00083
MED00253,10,ma_4,-0.00279
MED00254,10,ma_4,-0.00083
MED00255,10,ma_4,-0.00355
MED00256,10,ma_4,-0.00108
MED00257,10,ma_4,-0.00345
MED00258,10,ma_4,-0.00326
MED00259,10,ma_4,-0.00187
MED00260,10,ma_4,-0.00034
MED00261,10,ma_4,0.00193
MED00262,10,ma_4,-0.00259
MED00263,10,ma_4,-0.00164
MED00264,10,ma_4,-0.00161
MED00265,10,ma_4,-0.0011
MED00266,10,ma_4,-0.00027
MED00267,10,ma_4,-0.00377
MED00268,10,ma_4,-0.0035
MED00269,10,ma_4,-0.00184
MED00270,10,ma_4,-0.00205
MED00271,10,ma_4,-0.00217
MED00272,10,ma_4,-0.00202
MED00273,10,ma_4,-0.00185
MED00274,10,ma_4,-0.00106
MED00275,10,ma_4,-0.00035
MED00276,10,ma_4,-0.00094
MED00277,10,ma_4,0.00032
MED00278,10,ma_4,-0.00137
MED00279,10,ma_4,-0.00174
MED00281,10,ma_4,-0.00021
MED00282,10,ma_4,-0.00151
MED00283,10,ma_4,-0.00167
MED00284,10,ma_4,-0.00115
MED00285,10,ma_4,-0.00277
MED00286,10,ma_4,-0.00273
MED00287,10,ma_4,-0.00207
MED00288,10,ma_4,-0.00045
MED00289,10,ma_4,-0.0032
MED00290,10,ma_4,-0.00066
MED00291,10,ma_4,-0.00068
MED00292,10,ma_4,-0.00048
MED00293,10,ma_4,-0.00217
MED00294,10,ma_4,-0.00023
MED00295,10,ma_4,0.00198
MED00296,10,ma_4,-0.00224
MED00297,10,ma_4,-0.00255
MED00298,10,ma_4,-0.00098
MED00299,10,ma_4,0.00068
MED00300,10,ma_4,-0.00141
MED00301,10,ma_4,-0.00227
MED00302,10,ma_4,-0.00051
MED00303,10,ma_4,-0.00099
MED00304,10,ma_4,-0.00263
MED00305,10,ma_4,-0.00275
MED00306,10,ma_4,0.00187
MED00307,10,ma_4,-0.00011
MED00308,10,ma_4,0.001
MED00309,10,ma_4,-0.00127
MED00310,10,ma_4,-0.00137
MED00311,10,ma_4,-0.00224
MED00312,10,ma_4,-0.00051
MED00313,10,ma_4,0.00485
MED00314,10,ma_4,0.00251
MED00315,10,ma_4,0.00036
MED00316,10,ma_4,-0.00389
MED00317,10,ma_4,-0.00188
MED00318,10,ma_4,-0.00261
MED00319,10,ma_4,-0.0019
MED00320,10,ma_4,-0.00034
MED00321,10,ma_4,-0.00948
MED00322,10,ma_4,0.00031
MED00323,10,ma_4,-0.00109
MED00324,10,ma_4,-0.00135
MED00325,10,ma_4,-0.00307
MED00326,10,ma_4,-0.00434
MED00327,10,ma_4,-0.00054
MED00328,10,ma_4,-0.00308
MED00329,10,ma_4,-0.00196
MED00330,10,ma_4,-0.00219
MED00331,10,ma_4,-0.00197
MED00332,10,ma_4,-0.00404
MED00333,10,ma_4,-0.00128
MED00334,10,ma_4,-0.00327
MED00335,10,ma_4,-0.00016
MED00336,10,ma_4,-0.00283
MED00337,10,ma_4,0.00034
MED00338,10,ma_4,0.00256
MED00339,10,ma_4,-0.00184
MED00340,10,ma_4,0.00394
MED00341,10,ma_4,-0.00185
MED00342,10,ma_4,-0.00177
MED00343,10,ma_4,-0.00237
MED00344,10,ma_4,0.00017
MED00345,10,ma_4,0.00045
MED00346,10,ma_4,-0.00137
MED00347,10,ma_4,-0.00024
MED00349,10,ma_4,-0.00085
MED00350,10,ma_4,-0.00092
MED00351,10,ma_4,0.00098
MED00352,10,ma_4,0.0003
MED00353,10,ma_4,0.00184
MED00354,10,ma_4,0.00141
MED00355,10,ma_4,-0.00256
MED00356,10,ma_4,-0.00397
MED00357,10,ma_4,0.00011
MED00358,10,ma_4,-0.00198
MED00359,10,ma_4,-0.00263
MED00360,10,ma_4,-0.00123
MED00361,10,ma_4,-0.00182
MED00362,10,ma_4,-0.00195
MED00363,10,ma_4,-0.00084
MED00364,10,ma_4,-0.00075
MED00365,10,ma_4,-0.00086
MED00367,10,ma_4,-0.00069
MED00368,10,ma_4,-0.00188
MED00369,10,ma_4,-0.00389
MED00370,10,ma_4,0.00471
MED00372,10,ma_4,0.00059
MED00373,10,ma_4,0.00092
MED00374,10,ma_4,-0.0009
MED00375,10,ma_4,-0.0007
MED00376,10,ma_4,-0.00216
MED00377,10,ma_4,0.00095
MED00378,10,ma_4,-0.00053
MED00379,10,ma_4,-0.01052
MED00380,10,ma_4,0.00111
MED00381,10,ma_4,-0.00139
MED00382,10,ma_4,-0.00097
MED00383,10,ma_4,-0.00176
MED00384,10,ma_4,-0.00123
MED00386,10,ma_4,-0.0004
MED00387,10,ma_4,0.00065
MED00388,10,ma_4,0.00095
MED00389,10,ma_4,-0.00282
MED00390,10,ma_4,0.00122
MED00391,10,ma_4,0.00084
MED00392,10,ma_4,0.00058
MED00393,10,ma_4,-0.00138
MED00394,10,ma_4,-0.00043
MED00395,10,ma_4,-0.0003
MED00396,10,ma_4,0.00103
MED00397,10,ma_4,0.00055
MED00398,10,ma_4,0.00232
MED00399,10,ma_4,0.00174
MED00400,10,ma_4,0.00055
MED00401,10,ma_4,0.00355
MED00402,10,ma_4,0.00067
MED00403,10,ma_4,-0.00181
MED00404,10,ma_4,-0.00389
MED00405,10,ma_4,-0.00286
MED00406,10,ma_4,0.00078
MED00407,10,ma_4,0.00049
MED00408,10,ma_4,-0.00234
MED00409,10,ma_4,-0.00712
MED00410,10,ma_4,-0.00195
MED00412,10,ma_4,-0.0018
MED00413,10,ma_4,-0.0067
MED00414,10,ma_4,0.00051
MED00415,10,ma_4,0.00011
MED00416,10,ma_4,0.00096
MED00417,10,ma_4,-0.00298
MED00418,10,ma_4,-0.00287
MED00419,10,ma_4,-0.00237
MED00420,10,ma_4,-0.00058
MED00421,10,ma_4,0.00053
MED00423,10,ma_4,-0.00218
MED00424,10,ma_4,0.00081
MED00001,11,ma_4,-0.00178
MED00002,11,ma_4,0.0003
MED00003,11,ma_4,0.00043
MED00004,11,ma_4,0.0015
MED00005,11,ma_4,0.00128
MED00006,11,ma_4,-0.00198
MED00007,11,ma_4,-0.00123
MED00008,11,ma_4,0.00019
MED00009,11,ma_4,-0.00469
MED00010,11,ma_4,0.00057
MED00011,11,ma_4,-0.00075
MED00012,11,ma_4,-0.0017
MED00013,11,ma_4,-0.00131
MED00014,11,ma_4,-0.00058
MED00015,11,ma_4,-0.00057
MED00016,11,ma_4,-0.0019
MED00017,11,ma_4,-0.0007
MED00018,11,ma_4,-0.0008
MED00019,11,ma_4,0.00031
MED00020,11,ma_4,0.00117
MED00021,11,ma_4,-0.00127
MED00022,11,ma_4,-0.00212
MED00023,11,ma_4,-0.00271
MED00024,11,ma_4,-0.00103
MED00025,11,ma_4,-0.00143
MED00026,11,ma_4,0.00199
MED00027,11,ma_4,0.00178
MED00028,11,ma_4,-0.00014
MED00029,11,ma_4,-0.00026
MED00030,11,ma_4,-0.00251
MED00031,11,ma_4,-0.00163
MED00032,11,ma_4,-0.00177
MED00034,11,ma_4,-0.00031
MED00035,11,ma_4,0.00078
MED00036,11,ma_4,0.00069
MED00037,11,ma_4,-0.00057
MED00038,11,ma_4,-0.00058
MED00039,11,ma_4,0.00453
MED00041,11,ma_4,-0.00088
MED00042,11,ma_4,0.00059
MED00043,11,ma_4,0.00038
MED00044,11,ma_4,-0.00195
MED00045,11,ma_4,-0.00121
MED00046,11,ma_4,-0.00053
MED00047,11,ma_4,-0.0026
MED00048,11,ma_4,-0.00028
MED00049,11,ma_4,0.0002
MED00050,11,ma_4,-0.00161
MED00051,11,ma_4,-0.00054
MED00052,11,ma_4,0.0004
MED00053,11,ma_4,-0.00214
MED00055,11,ma_4,0.00436
MED00057,11,ma_4,0.00084
MED00058,11,ma_4,-0.00169
MED00059,11,ma_4,-0.00263
MED00060,11,ma_4,-0.00161
MED00061,11,ma_4,-0.0002
MED00062,11,ma_4,-0.00037
MED00063,11,ma_4,-0.00031
MED00064,11,ma_4,-0.00091
MED00066,11,ma_4,-0.00125
MED00067,11,ma_4,-0.00132
MED00068,11,ma_4,-0.0037
MED00069,11,ma_4,-0.00196
MED00070,11,ma_4,-0.00032
MED00071,11,ma_4,-0.00187
MED00072,11,ma_4,-0.00231
MED00073,11,ma_4,-0.00188
MED00074,11,ma_4,-0.00346
MED00075,11,ma_4,-0.0016
MED00077,11,ma_4,-0.00214
MED00078,11,ma_4,-0.00163
MED00079,11,ma_4,-0.00049
MED00080,11,ma_4,-0.00278
MED00081,11,ma_4,0.00045
MED00082,11,ma_4,-0.00255
MED00083,11,ma_4,-0.00144
MED00084,11,ma_4,0.00328
MED00085,11,ma_4,-0.00133
MED00086,11,ma_4,0.00129
MED00087,11,ma_4,-0.00267
MED00088,11,ma_4,0.00062
MED00089,11,ma_4,-0.00124
MED00090,11,ma_4,-0.00232
MED00091,11,ma_4,-0.00192
MED00092,11,ma_4,-0.00275
MED00093,11,ma_4,0.00043
MED00094,11,ma_4,0.00181
MED00095,11,ma_4,-0.00256
MED00096,11,ma_4,-0.00053
MED00097,11,ma_4,0.00129
MED00098,11,ma_4,-0.00293
MED00099,11,ma_4,0.00258
MED00100,11,ma_4,-0.00046
MED00101,11,ma_4,-0.00179
MED00102,11,ma_4,-0.00116
MED00103,11,ma_4,-0.00194
MED00104,11,ma_4,-0.00357
MED00105,11,ma_4,-0.00243
MED00106,11,ma_4,-0.00035
MED00107,11,ma_4,-0.00269
MED00108,11,ma_4,-0.00343
MED00109,11,ma_4,-0.00127
MED00110,11,ma_4,-0.00037
MED00111,11,ma_4,0.00011
MED00112,11,ma_4,-0.00161
MED00113,11,ma_4,-0.0006
MED00114,11,ma_4,-0.00128
MED00115,11,ma_4,-0.00177
MED00116,11,ma_4,0.00076
MED00117,11,ma_4,-0.00198
MED00119,11,ma_4,-0.00078
MED00120,11,ma_4,-0.00049
MED00121,11,ma_4,-0.00052
MED00122,11,ma_4,-0.0025
MED00123,11,ma_4,-0.00089
MED00124,11,ma_4,-0.00262
MED00125,11,ma_4,0.00034
MED00126,11,ma_4,0.00144
MED00127,11,ma_4,-0.00127
MED00128,11,ma_4,-0.00091
MED00129,11,ma_4,-0.00132
MED00130,11,ma_4,0.0004
MED00131,11,ma_4,-0.00093
MED00132,11,ma_4,-0.00458
MED00133,11,ma_4,-0.00219
MED00134,11,ma_4,0.00105
MED00135,11,ma_4,-0.00039
MED00136,11,ma_4,0.00097
MED00137,11,ma_4,-0.00095
MED00138,11,ma_4,-0.00268
MED00139,11,ma_4,-0.00102
MED00140,11,ma_4,-0.00089
MED00141,11,ma_4,-0.00215
MED00142,11,ma_4,-0.00227
MED00143,11,ma_4,-0.00115
MED00144,11,ma_4,-0.00214
MED00146,11,ma_4,-0.00621
MED00147,11,ma_4,-0.00082
MED00148,11,ma_4,-0.00257
MED00149,11,ma_4,-0.00158
MED00150,11,ma_4,-0.00252
MED00151,11,ma_4,-0.00096
MED00152,11,ma_4,-0.00114
MED00153,11,ma_4,-0.00179
MED00154,11,ma_4,0.00183
MED00155,11,ma_4,-0.00129
MED00156,11,ma_4,-0.00151
MED00157,11,ma_4,-0.00356
MED00158,11,ma_4,0.00191
MED00159,11,ma_4,0.00151
MED00160,11,ma_4,-0.00432
MED00161,11,ma_4,-0.00268
MED00162,11,ma_4,-0.00221
MED00163,11,ma_4,0.00054
MED00164,11,ma_4,-0.00238
MED00165,11,ma_4,-0.00306
MED00166,11,ma_4,-0.00268
MED00168,11,ma_4,-0.0011
MED00169,11,ma_4,-0.00047
MED00170,11,ma_4,-0.00066
MED00171,11,ma_4,-0.00205
MED00172,11,ma_4,-0.00132
MED00173,11,ma_4,-0.00187
MED00174,11,ma_4,-0.00334
MED00175,11,ma_4,-0.00089
MED00176,11,ma_4,-0.0034
MED00177,11,ma_4,-0.00073
MED00178,11,ma_4,-0.0019
MED00179,11,ma_4,-0.00138
MED00180,11,ma_4,-0.00173
MED00181,11,ma_4,-0.00196
MED00182,11,ma_4,0.00226
MED00183,11,ma_4,0.00079
MED00184,11,ma_4,-0.00291
MED00185,11,ma_4,-0.00167
MED00186,11,ma_4,-0.00309
MED00187,11,ma_4,-0.0015
MED00188,11,ma_4,-0.00247
MED00189,11,ma_4,0.00031
MED00190,11,ma_4,-0.00142
MED00191,11,ma_4,-0.00097
MED00192,11,ma_4,0.00041
MED00193,11,ma_4,0.00057
MED00194,11,ma_4,-0.00248
MED00195,11,ma_4,-0.00359
MED00196,11,ma_4,-0.00375
MED00197,11,ma_4,-0.00046
MED00198,11,ma_4,-0.00074
MED00199,11,ma_4,-0.00096
MED00200,11,ma_4,-0.00096
MED00201,11,ma_4,-0.00384
MED00202,11,ma_4,-0.00148
MED00203,11,ma_4,-0.00257
MED00204,11,ma_4,-0.00094
MED00205,11,ma_4,-0.00112
MED00206,11,ma_4,-0.00158
MED00207,11,ma_4,-0.00221
MED00208,11,ma_4,-0.004
MED00209,11,ma_4,-0.00121
MED00210,11,ma_4,-0.00112
MED00211,11,ma_4,-0.00142
MED00212,11,ma_4,-0.00097
MED00213,11,ma_4,0.00147
MED00214,11,ma_4,0.00018
MED00215,11,ma_4,-0.00305
MED00216,11,ma_4,-0.00059
MED00217,11,ma_4,-0.00023
MED00218,11,ma_4,-0.00371
MED00220,11,ma_4,-0.00232
MED00221,11,ma_4,0.00186
MED00222,11,ma_4,-0.00124
MED00223,11,ma_4,0.00037
MED00224,11,ma_4,-0.0015
MED00225,11,ma_4,-0.00319
MED00226,11,ma_4,-0.00172
MED00227,11,ma_4,0.0029
MED00228,11,ma_4,-0.001
MED00229,11,ma_4,0.00051
MED00230,11,ma_4,-0.00174
MED00231,11,ma_4,-0.00112
MED00232,11,ma_4,-0.00139
MED00233,11,ma_4,-0.00101
MED00234,11,ma_4,-0.00078
MED00236,11,ma_4,-0.00149
MED00237,11,ma_4,-0.00299
MED00238,11,ma_4,-0.00035
MED00239,11,ma_4,-0.00298
MED00240,11,ma_4,-0.00258
MED00241,11,ma_4,-0.00194
MED00242,11,ma_4,-0.00044
MED00243,11,ma_4,0.00029
MED00244,11,ma_4,-0.00176
MED00245,11,ma_4,0.00166
MED00246,11,ma_4,-0.00162
MED00248,11,ma_4,-0.00263
MED00249,11,ma_4,0.00039
MED00250,11,ma_4,-0.00193
MED00251,11,ma_4,-0.00069
MED00252,11,ma_4,0.0008
MED00253,11,ma_4,-0.00265
MED00254,11,ma_4,-0.0009
MED00255,11,ma_4,-0.00375
MED00256,11,ma_4,-0.00112
MED00257,11,ma_4,-0.00355
MED00258,11,ma_4,-0.00326
MED00259,11,ma_4,-0.00193
MED00260,11,ma_4,-0.00031
MED00261,11,ma_4,0.00186
MED00262,11,ma_4,-0.00263
MED00263,11,ma_4,-0.00167
MED00264,11,ma_4,-0.00151
MED00265,11,ma_4,-0.00117
MED00266,11,ma_4,-0.00036
MED00267,11,ma_4,-0.00381
MED00268,11,ma_4,-0.00383
MED00269,11,ma_4,-0.00186
MED00270,11,ma_4,-0.0019
MED00271,11,ma_4,-0.00221
MED00272,11,ma_4,-0.00206
MED00273,11,ma_4,-0.00184
MED00274,11,ma_4,-0.00107
MED00275,11,ma_4,-0.00045
MED00276,11,ma_4,-0.00075
MED00277,11,ma_4,0.00031
MED00278,11,ma_4,-0.00144
MED00279,11,ma_4,-0.00181
MED00281,11,ma_4,-0.00031
MED00282,11,ma_4,-0.0015
MED00283,11,ma_4,-0.00168
MED00284,11,ma_4,-0.00113
MED00285,11,ma_4,-0.00284
MED00286,11,ma_4,-0.00286
MED00287,11,ma_4,-0.0022
MED00288,11,ma_4,-0.00062
MED00289,11,ma_4,-0.0033
MED00290,11,ma_4,-0.00067
MED00291,11,ma_4,-0.00075
MED00292,11,ma_4,-0.00047
MED00293,11,ma_4,-0.00227
MED00294,11,ma_4,-0.00021
MED00295,11,ma_4,0.00199
MED00296,11,ma_4,-0.00221
MED00297,11,ma_4,-0.00262
MED00298,11,ma_4,-0.00104
MED00299,11,ma_4,0.00067
MED00300,11,ma_4,-0.00145
MED00301,11,ma_4,-0.00234
MED00302,11,ma_4,-0.00058
MED00303,11,ma_4,-0.00113
MED00304,11,ma_4,-0.00268
MED00305,11,ma_4,-0.00258
MED00306,11,ma_4,0.0019
MED00307,11,ma_4,-0.00016
MED00308,11,ma_4,0.00109
MED00309,11,ma_4,-0.00125
MED00310,11,ma_4,-0.00136
MED00311,11,ma_4,-0.00244
MED00312,11,ma_4,-0.00046
MED00313,11,ma_4,0.00482
MED00314,11,ma_4,0.00254
MED00315,11,ma_4,0.00032
MED00316,11,ma_4,-0.00391
MED00317,11,ma_4,-0.00191
MED00318,11,ma_4,-0.00265
MED00319,11,ma_4,-0.00197
MED00320,11,ma_4,-0.00027
MED00321,11,ma_4,-0.00957
MED00322,11,ma_4,0.0003
MED00323,11,ma_4,-0.00111
MED00324,11,ma_4,-0.00153
MED00325,11,ma_4,-0.00315
MED00326,11,ma_4,-0.0042
MED00327,11,ma_4,-0.00056
MED00328,11,ma_4,-0.00311
MED00329,11,ma_4,-0.00203
MED00330,11,ma_4,-0.00221
MED00331,11,ma_4,-0.00201
MED00332,11,ma_4,-0.0041
MED00333,11,ma_4,-0.00134
MED00334,11,ma_4,-0.004
MED00335,11,ma_4,-0.00018
MED00336,11,ma_4,-0.00289
MED00337,11,ma_4,0.00043
MED00338,11,ma_4,0.00259
MED00339,11,ma_4,-0.00183
MED00340,11,ma_4,0.00393
MED00341,11,ma_4,-0.00195
MED00342,11,ma_4,-0.00181
MED00343,11,ma_4,-0.00244
MED00344,11,ma_4,0.00012
MED00345,11,ma_4,0.00044
MED00346,11,ma_4,-0.0017
MED00347,11,ma_4,-0.00025
MED00348,11,ma_4,-0.00011
MED00349,11,ma_4,-0.00088
MED00350,11,ma_4,-0.00098
MED00351,11,ma_4,0.00106
MED00352,11,ma_4,0.0004
MED00353,11,ma_4,0.00171
MED00354,11,ma_4,0.00152
MED00355,11,ma_4,-0.00265
MED00356,11,ma_4,-0.00403
MED00357,11,ma_4,0.00016
MED00358,11,ma_4,-0.00203
MED00359,11,ma_4,-0.00267
MED00360,11,ma_4,-0.00128
MED00361,11,ma_4,-0.00187
MED00362,11,ma_4,-0.00201
MED00363,11,ma_4,-0.00087
MED00364,11,ma_4,-0.00079
MED00365,11,ma_4,-0.00087
MED00367,11,ma_4,-0.00067
MED00368,11,ma_4,-0.00174
MED00369,11,ma_4,-0.00394
MED00370,11,ma_4,0.00471
MED00372,11,ma_4,0.00034
MED00373,11,ma_4,0.00091
MED00374,11,ma_4,-0.00094
MED00375,11,ma_4,-0.00073
MED00376,11,ma_4,-0.0022
MED00377,11,ma_4,0.00095
MED00378,11,ma_4,-0.00056
MED00379,11,ma_4,-0.01065
MED00380,11,ma_4,0.00122
MED00381,11,ma_4,-0.00131
MED00382,11,ma_4,-0.00096
MED00383,11,ma_4,-0.00222
MED00384,11,ma_4,-0.00129
MED00385,11,ma_4,-0.00033
MED00386,11,ma_4,-0.00049
MED00387,11,ma_4,0.0006
MED00388,11,ma_4,0.00093
MED00389,11,ma_4,-0.00292
MED00390,11,ma_4,0.00114
MED00391,11,ma_4,0.00075
MED00392,11,ma_4,0.00049
MED00393,11,ma_4,-0.00148
MED00394,11,ma_4,-0.00054
MED00395,11,ma_4,-0.00042
MED00396,11,ma_4,0.00107
MED00398,11,ma_4,0.00254
MED00399,11,ma_4,0.00057
MED00400,11,ma_4,-0.00039
MED00401,11,ma_4,0.00346
MED00402,11,ma_4,0.00059
MED00403,11,ma_4,-0.00205
MED00404,11,ma_4,-0.00405
MED00405,11,ma_4,-0.00293
MED00406,11,ma_4,0.00072
MED00407,11,ma_4,0.0004
MED00408,11,ma_4,-0.00243
MED00409,11,ma_4,-0.00738
MED00410,11,ma_4,-0.0022
MED00412,11,ma_4,-0.0019
MED00413,11,ma_4,-0.0068
MED00414,11,ma_4,0.00042
MED00416,11,ma_4,0.00087
MED00417,11,ma_4,-0.00308
MED00418,11,ma_4,-0.00297
MED00419,11,ma_4,-0.00247
MED00420,11,ma_4,-0.00066
MED00421,11,ma_4,0.00044
MED00422,11,ma_4,-0.00012
MED00423,11,ma_4,-0.00229
MED00424,11,ma_4,0.00178
MED00001,12,ma_4,-0.0017
MED00003,12,ma_4,0.0005
MED00004,12,ma_4,0.00151
MED00005,12,ma_4,0.00123
MED00006,12,ma_4,-0.00199
MED00007,12,ma_4,-0.00124
MED00009,12,ma_4,-0.00469
MED00010,12,ma_4,0.00054
MED00011,12,ma_4,-0.00071
MED00012,12,ma_4,-0.00173
MED00013,12,ma_4,-0.00113
MED00014,12,ma_4,-0.00057
MED00015,12,ma_4,-0.00058
MED00016,12,ma_4,-0.00182
MED00017,12,ma_4,-0.00071
MED00018,12,ma_4,-0.0008
MED00019,12,ma_4,0.00033
MED00020,12,ma_4,0.00106
MED00021,12,ma_4,-0.00128
MED00022,12,ma_4,-0.00215
MED00023,12,ma_4,-0.00283
MED00024,12,ma_4,-0.00104
MED00025,12,ma_4,0.00056
MED00026,12,ma_4,0.00398
MED00027,12,ma_4,0.00379
MED00028,12,ma_4,-0.00017
MED00029,12,ma_4,-0.00025
MED00030,12,ma_4,-0.00251
MED00031,12,ma_4,-0.0016
MED00032,12,ma_4,-0.00169
MED00034,12,ma_4,-0.00069
MED00035,12,ma_4,0.00284
MED00036,12,ma_4,0.0007
MED00037,12,ma_4,-0.0007
MED00038,12,ma_4,-0.00056
MED00039,12,ma_4,0.00421
MED00040,12,ma_4,-0.00016
MED00041,12,ma_4,-0.00091
MED00042,12,ma_4,0.00251
MED00043,12,ma_4,0.00045
MED00044,12,ma_4,-0.00196
MED00045,12,ma_4,-0.00122
MED00046,12,ma_4,-0.00052
MED00047,12,ma_4,-0.00257
MED00048,12,ma_4,-0.00027
MED00049,12,ma_4,0.00023
MED00050,12,ma_4,-0.00163
MED00051,12,ma_4,-0.00046
MED00052,12,ma_4,0.00055
MED00053,12,ma_4,-0.00215
MED00055,12,ma_4,0.00636
MED00057,12,ma_4,0.00086
MED00058,12,ma_4,-0.0017
MED00059,12,ma_4,-0.00271
MED00060,12,ma_4,-0.00153
MED00061,12,ma_4,-0.0002
MED00062,12,ma_4,-0.00028
MED00063,12,ma_4,-0.00065
MED00064,12,ma_4,-0.00053
MED00065,12,ma_4,0.00027
MED00066,12,ma_4,-0.00125
MED00067,12,ma_4,-0.00131
MED00068,12,ma_4,-0.00371
MED00069,12,ma_4,-0.00197
MED00070,12,ma_4,-0.00019
MED00071,12,ma_4,-0.00189
MED00072,12,ma_4,-0.00232
MED00073,12,ma_4,-0.0019
MED00074,12,ma_4,-0.00347
MED00075,12,ma_4,-0.0016
MED00076,12,ma_4,-0.0002
MED00077,12,ma_4,-0.00207
MED00078,12,ma_4,-0.00162
MED00079,12,ma_4,-0.00047
MED00080,12,ma_4,-0.00278
MED00081,12,ma_4,0.00053
MED00082,12,ma_4,-0.00256
MED00083,12,ma_4,-0.00138
MED00084,12,ma_4,0.00327
MED00085,12,ma_4,-0.00134
MED00086,12,ma_4,0.00108
MED00087,12,ma_4,-0.00267
MED00088,12,ma_4,0.00061
MED00089,12,ma_4,-0.00125
MED00090,12,ma_4,-0.00235
MED00091,12,ma_4,-0.00192
MED00092,12,ma_4,-0.00276
MED00093,12,ma_4,0.00236
MED00094,12,ma_4,0.00346
MED00095,12,ma_4,-0.00248
MED00096,12,ma_4,-0.00052
MED00097,12,ma_4,0.0011
MED00098,12,ma_4,-0.00293
MED00099,12,ma_4,0.00431
MED00100,12,ma_4,-0.00066
MED00101,12,ma_4,-0.00174
MED00102,12,ma_4,-0.0012
MED00103,12,ma_4,-0.00236
MED00104,12,ma_4,-0.0035
MED00105,12,ma_4,-0.00241
MED00106,12,ma_4,-0.00031
MED00107,12,ma_4,-0.00261
MED00108,12,ma_4,-0.00293
MED00109,12,ma_4,-0.00127
MED00110,12,ma_4,-0.00028
MED00112,12,ma_4,-0.00168
MED00113,12,ma_4,-0.00071
MED00114,12,ma_4,-0.00128
MED00115,12,ma_4,-0.00177
MED00116,12,ma_4,0.00074
MED00117,12,ma_4,-0.00199
MED00119,12,ma_4,-0.00089
MED00120,12,ma_4,-0.0005
MED00121,12,ma_4,-0.00045
MED00122,12,ma_4,-0.00252
MED00123,12,ma_4,-0.00096
MED00124,12,ma_4,-0.00255
MED00125,12,ma_4,0.00047
MED00126,12,ma_4,0.00144
MED00127,12,ma_4,-0.00126
MED00128,12,ma_4,-0.00088
MED00129,12,ma_4,-0.00133
MED00130,12,ma_4,0.00052
MED00131,12,ma_4,-0.00093
MED00132,12,ma_4,-0.00467
MED00133,12,ma_4,-0.00229
MED00134,12,ma_4,0.00106
MED00135,12,ma_4,-0.00029
MED00136,12,ma_4,0.00023
MED00137,12,ma_4,-0.00102
MED00138,12,ma_4,-0.00268
MED00139,12,ma_4,-0.00102
MED00140,12,ma_4,-0.0009
MED00141,12,ma_4,-0.00216
MED00142,12,ma_4,-0.00263
MED00143,12,ma_4,-0.00117
MED00144,12,ma_4,-0.00212
MED00146,12,ma_4,0.00031
MED00147,12,ma_4,-0.00093
MED00148,12,ma_4,-0.00249
MED00149,12,ma_4,-0.0016
MED00150,12,ma_4,-0.00252
MED00151,12,ma_4,-0.00096
MED00152,12,ma_4,-0.00114
MED00153,12,ma_4,-0.00179
MED00154,12,ma_4,0.00185
MED00155,12,ma_4,-0.00109
MED00156,12,ma_4,-0.00151
MED00157,12,ma_4,-0.00356
MED00158,12,ma_4,0.00391
MED00159,12,ma_4,0.00156
MED00160,12,ma_4,-0.00421
MED00161,12,ma_4,-0.00268
MED00162,12,ma_4,-0.00215
MED00163,12,ma_4,0.00052
MED00164,12,ma_4,-0.00238
MED00165,12,ma_4,-0.00314
MED00166,12,ma_4,-0.00268
MED00167,12,ma_4,-0.00013
MED00168,12,ma_4,-0.00121
MED00169,12,ma_4,-0.00048
MED00170,12,ma_4,-0.0007
MED00171,12,ma_4,-0.00206
MED00172,12,ma_4,-0.00133
MED00173,12,ma_4,-0.00187
MED00174,12,ma_4,-0.00334
MED00175,12,ma_4,0.00085
MED00176,12,ma_4,-0.00344
MED00177,12,ma_4,0.00099
MED00178,12,ma_4,-0.00202
MED00179,12,ma_4,-0.00137
MED00180,12,ma_4,-0.00171
MED00181,12,ma_4,-0.00196
MED00182,12,ma_4,0.004
MED00183,12,ma_4,0.00085
MED00184,12,ma_4,-0.00296
MED00185,12,ma_4,-0.00178
MED00186,12,ma_4,-0.00289
MED00187,12,ma_4,-0.00149
MED00188,12,ma_4,-0.00187
MED00189,12,ma_4,0.00047
MED00190,12,ma_4,-0.00172
MED00191,12,ma_4,-0.00095
MED00192,12,ma_4,0.00063
MED00193,12,ma_4,0.00036
MED00194,12,ma_4,-0.0025
MED00195,12,ma_4,-0.00361
MED00196,12,ma_4,-0.00377
MED00197,12,ma_4,-0.00048
MED00198,12,ma_4,-0.00085
MED00199,12,ma_4,-0.00097
MED00200,12,ma_4,-0.00097
MED00201,12,ma_4,-0.00385
MED00202,12,ma_4,-0.00158
MED00203,12,ma_4,-0.00256
MED00204,12,ma_4,-0.00094
MED00205,12,ma_4,-0.00114
MED00206,12,ma_4,-0.0017
MED00207,12,ma_4,-0.00222
MED00208,12,ma_4,-0.00398
MED00209,12,ma_4,-0.00114
MED00210,12,ma_4,0.00101
MED00211,12,ma_4,-0.00142
MED00212,12,ma_4,-0.00097
MED00213,12,ma_4,0.00147
MED00214,12,ma_4,0.00027
MED00215,12,ma_4,-0.00305
MED00216,12,ma_4,-0.00064
MED00217,12,ma_4,-0.00017
MED00218,12,ma_4,-0.0035
MED00220,12,ma_4,-0.00232
MED00221,12,ma_4,0.00187
MED00222,12,ma_4,-0.00156
MED00223,12,ma_4,0.00037
MED00224,12,ma_4,-0.00161
MED00225,12,ma_4,-0.00313
MED00226,12,ma_4,-0.00171
MED00227,12,ma_4,0.00294
MED00228,12,ma_4,-0.00112
MED00229,12,ma_4,0.00052
MED00230,12,ma_4,-0.00179
MED00231,12,ma_4,-0.00122
MED00232,12,ma_4,-0.00139
MED00233,12,ma_4,-0.0011
MED00234,12,ma_4,-0.00089
MED00236,12,ma_4,-0.00156
MED00237,12,ma_4,-0.00299
MED00238,12,ma_4,-0.00036
MED00239,12,ma_4,-0.00298
MED00240,12,ma_4,-0.0025
MED00241,12,ma_4,-0.00195
MED00242,12,ma_4,-0.00044
MED00244,12,ma_4,-0.00174
MED00245,12,ma_4,0.00133
MED00246,12,ma_4,-0.00154
MED00248,12,ma_4,-0.00265
MED00249,12,ma_4,0.00045
MED00250,12,ma_4,-0.00185
MED00251,12,ma_4,-0.0007
MED00252,12,ma_4,-0.00047
MED00253,12,ma_4,-0.00263
MED00254,12,ma_4,-0.00099
MED00255,12,ma_4,-0.00368
MED00256,12,ma_4,-0.00113
MED00257,12,ma_4,-0.00355
MED00258,12,ma_4,-0.00327
MED00259,12,ma_4,-0.00195
MED00261,12,ma_4,0.00186
MED00262,12,ma_4,-0.00263
MED00263,12,ma_4,-0.00155
MED00264,12,ma_4,-0.00142
MED00265,12,ma_4,-0.00117
MED00266,12,ma_4,-0.00072
MED00267,12,ma_4,-0.00373
MED00268,12,ma_4,-0.00385
MED00269,12,ma_4,-0.00227
MED00270,12,ma_4,-0.00178
MED00271,12,ma_4,-0.00223
MED00272,12,ma_4,-0.00209
MED00273,12,ma_4,-0.00184
MED00274,12,ma_4,-0.00117
MED00275,12,ma_4,-0.00038
MED00276,12,ma_4,-0.00092
MED00277,12,ma_4,0.00047
MED00278,12,ma_4,-0.00136
MED00279,12,ma_4,-0.00182
MED00280,12,ma_4,0.00011
MED00281,12,ma_4,-0.00022
MED00282,12,ma_4,-0.00151
MED00283,12,ma_4,-0.00163
MED00284,12,ma_4,-0.00115
MED00285,12,ma_4,-0.00255
MED00286,12,ma_4,-0.00278
MED00287,12,ma_4,-0.00215
MED00288,12,ma_4,-0.0006
MED00289,12,ma_4,-0.00322
MED00290,12,ma_4,-0.00078
MED00291,12,ma_4,-0.00137
MED00292,12,ma_4,-0.00057
MED00293,12,ma_4,-0.00223
MED00294,12,ma_4,-0.00021
MED00295,12,ma_4,0.00399
MED00296,12,ma_4,-0.00222
MED00297,12,ma_4,-0.00261
MED00298,12,ma_4,-0.00106
MED00299,12,ma_4,0.00058
MED00300,12,ma_4,-0.00156
MED00301,12,ma_4,-0.00226
MED00302,12,ma_4,-0.00063
MED00303,12,ma_4,-0.00113
MED00304,12,ma_4,-0.00269
MED00305,12,ma_4,-0.00269
MED00306,12,ma_4,0.00419
MED00307,12,ma_4,-0.00016
MED00308,12,ma_4,0.00124
MED00309,12,ma_4,-0.00125
MED00310,12,ma_4,-0.00136
MED00311,12,ma_4,-0.00252
MED00312,12,ma_4,-0.00054
MED00313,12,ma_4,0.0039
MED00314,12,ma_4,0.00268
MED00315,12,ma_4,0.00032
MED00316,12,ma_4,-0.00392
MED00317,12,ma_4,-0.00191
MED00318,12,ma_4,-0.00267
MED00319,12,ma_4,-0.00195
MED00320,12,ma_4,0.00111
MED00321,12,ma_4,-0.00907
MED00322,12,ma_4,0.00036
MED00323,12,ma_4,-0.0012
MED00324,12,ma_4,-0.00164
MED00325,12,ma_4,-0.00318
MED00326,12,ma_4,-0.00419
MED00327,12,ma_4,-0.0004
MED00328,12,ma_4,-0.0031
MED00329,12,ma_4,-0.00201
MED00330,12,ma_4,-0.00223
MED00331,12,ma_4,-0.00182
MED00332,12,ma_4,-0.00343
MED00333,12,ma_4,-0.00127
MED00334,12,ma_4,-0.00398
MED00335,12,ma_4,-0.00022
MED00336,12,ma_4,-0.0028
MED00337,12,ma_4,0.00046
MED00338,12,ma_4,0.00258
MED00339,12,ma_4,-0.00193
MED00340,12,ma_4,0.0037
MED00341,12,ma_4,-0.00187
MED00342,12,ma_4,-0.00162
MED00343,12,ma_4,-0.00251
MED00345,12,ma_4,0.00023
MED00346,12,ma_4,-0.00174
MED00347,12,ma_4,-0.00049
MED00348,12,ma_4,-0.00022
MED00349,12,ma_4,-0.00089
MED00350,12,ma_4,-0.001
MED00351,12,ma_4,0.00107
MED00352,12,ma_4,0.00041
MED00353,12,ma_4,0.00167
MED00354,12,ma_4,0.00152
MED00355,12,ma_4,-0.00262
MED00356,12,ma_4,-0.00405
MED00357,12,ma_4,0.00017
MED00358,12,ma_4,-0.00205
MED00359,12,ma_4,-0.00267
MED00360,12,ma_4,-0.0012
MED00361,12,ma_4,-0.00187
MED00362,12,ma_4,-0.00224
MED00363,12,ma_4,-0.00088
MED00364,12,ma_4,-0.00071
MED00365,12,ma_4,-0.00088
MED00366,12,ma_4,0.00016
MED00367,12,ma_4,-0.00068
MED00368,12,ma_4,-0.00174
MED00369,12,ma_4,-0.00393
MED00370,12,ma_4,0.00449
MED00372,12,ma_4,0.00047
MED00373,12,ma_4,0.00075
MED00374,12,ma_4,-0.00096
MED00375,12,ma_4,-0.00072
MED00376,12,ma_4,-0.00219
MED00377,12,ma_4,0.00267
MED00378,12,ma_4,-0.00057
MED00379,12,ma_4,-0.01015
MED00380,12,ma_4,0.00123
MED00381,12,ma_4,-0.00165
MED00382,12,ma_4,-0.00095
MED00383,12,ma_4,-0.00177
MED00384,12,ma_4,-0.00109
MED00385,12,ma_4,-0.00031
MED00386,12,ma_4,-0.00048
MED00387,12,ma_4,0.00061
MED00388,12,ma_4,0.00092
MED00389,12,ma_4,-0.00292
MED00390,12,ma_4,0.00115
MED00391,12,ma_4,0.00076
MED00392,12,ma_4,0.0005
MED00393,12,ma_4,-0.0014
MED00394,12,ma_4,-0.00045
MED00395,12,ma_4,-0.00033
MED00396,12,ma_4,0.00106
MED00398,12,ma_4,0.00103
MED00399,12,ma_4,0.00057
MED00400,12,ma_4,-0.0004
MED00401,12,ma_4,0.00348
MED00402,12,ma_4,0.0006
MED00403,12,ma_4,-0.00205
MED00404,12,ma_4,-0.00405
MED00405,12,ma_4,-0.00286
MED00406,12,ma_4,0.00091
MED00407,12,ma_4,0.00042
MED00408,12,ma_4,-0.00243
MED00409,12,ma_4,-0.0073
MED00410,12,ma_4,-0.00213
MED00412,12,ma_4,-0.00188
MED00413,12,ma_4,-0.00679
MED00414,12,ma_4,0.00051
MED00416,12,ma_4,0.00095
MED00417,12,ma_4,-0.00308
MED00418,12,ma_4,-0.00297
MED00419,12,ma_4,-0.00239
MED00420,12,ma_4,-0.00058
MED00421,12,ma_4,0.00053
MED00422,12,ma_4,-0.00011
MED00423,12,ma_4,-0.00228
MED00424,12,ma_4,0.00185
MED00001,1,ma_8,-0.00142
MED00002,1,ma_8,-0.03202
MED00003,1,ma_8,-0.03298
MED00004,1,ma_8,-0.03387
MED00005,1,ma_8,-0.03327
MED00006,1,ma_8,-0.0347
MED00007,1,ma_8,-0.03395
MED00008,1,ma_8,-0.03205
MED00009,1,ma_8,-0.0016
MED00010,1,ma_8,-0.00098
MED00011,1,ma_8,-0.00127
MED00012,1,ma_8,-0.03631
MED00013,1,ma_8,-0.00319
MED00014,1,ma_8,0.00065
MED00015,1,ma_8,-0.03262
MED00016,1,ma_8,-0.00177
MED00017,1,ma_8,-0.03585
MED00018,1,ma_8,0.00618
MED00019,1,ma_8,-0.00131
MED00020,1,ma_8,-0.00205
MED00021,1,ma_8,-0.00297
MED00022,1,ma_8,-0.00088
MED00023,1,ma_8,-0.03405
MED00024,1,ma_8,-0.03593
MED00025,1,ma_8,-0.03449
MED00026,1,ma_8,-0.03444
MED00027,1,ma_8,-0.03438
MED00028,1,ma_8,-0.03187
MED00029,1,ma_8,-0.0071
MED00030,1,ma_8,-0.00354
MED00031,1,ma_8,-0.00077
MED00032,1,ma_8,-0.03332
MED00033,1,ma_8,-0.03279
MED00034,1,ma_8,-0.00059
MED00035,1,ma_8,-0.03393
MED00036,1,ma_8,-0.03614
MED00037,1,ma_8,-0.00252
MED00038,1,ma_8,0.00368
MED00039,1,ma_8,-0.0324
MED00040,1,ma_8,-0.03372
MED00041,1,ma_8,-0.03278
MED00042,1,ma_8,-0.03556
MED00043,1,ma_8,-0.03302
MED00044,1,ma_8,-0.03044
MED00045,1,ma_8,-0.03489
MED00046,1,ma_8,-0.03581
MED00047,1,ma_8,-0.00566
MED00048,1,ma_8,-0.00791
MED00049,1,ma_8,-0.03252
MED00050,1,ma_8,-0.03617
MED00051,1,ma_8,-0.03311
MED00052,1,ma_8,-0.03274
MED00053,1,ma_8,-0.00268
MED00054,1,ma_8,-0.00113
MED00055,1,ma_8,-0.03424
MED00056,1,ma_8,-0.03408
MED00057,1,ma_8,-0.03413
MED00058,1,ma_8,-0.03507
MED00059,1,ma_8,-0.00265
MED00060,1,ma_8,-0.00306
MED00061,1,ma_8,-0.03296
MED00062,1,ma_8,-0.0082
MED00063,1,ma_8,-0.03269
MED00064,1,ma_8,-0.00185
MED00065,1,ma_8,0.00534
MED00066,1,ma_8,-0.03252
MED00067,1,ma_8,-0.00037
MED00068,1,ma_8,0.00219
MED00069,1,ma_8,-0.03402
MED00070,1,ma_8,-0.00122
MED00071,1,ma_8,-0.03629
MED00072,1,ma_8,-0.00089
MED00073,1,ma_8,-0.00379
MED00074,1,ma_8,0.00102
MED00075,1,ma_8,-0.00101
MED00076,1,ma_8,-0.03229
MED00077,1,ma_8,-0.0036
MED00078,1,ma_8,-0.00145
MED00079,1,ma_8,-0.00727
MED00080,1,ma_8,-0.0022
MED00081,1,ma_8,-0.03298
MED00082,1,ma_8,-0.0361
MED00083,1,ma_8,-0.00252
MED00084,1,ma_8,-0.00161
MED00085,1,ma_8,-0.00078
MED00086,1,ma_8,-0.03422
MED00087,1,ma_8,-0.0361
MED00088,1,ma_8,-0.00182
MED00089,1,ma_8,-0.00335
MED00090,1,ma_8,-0.00239
MED00091,1,ma_8,-0.03748
MED00092,1,ma_8,-0.03417
MED00093,1,ma_8,-0.03397
MED00094,1,ma_8,-0.03491
MED00095,1,ma_8,-0.00135
MED00096,1,ma_8,-0.00213
MED00097,1,ma_8,-0.03416
MED00098,1,ma_8,-0.00315
MED00099,1,ma_8,-0.03439
MED00100,1,ma_8,-0.03315
MED00101,1,ma_8,-0.00718
MED00102,1,ma_8,0.0007
MED00103,1,ma_8,-0.0355
MED00104,1,ma_8,-0.0025
MED00105,1,ma_8,-0.00238
MED00106,1,ma_8,-0.03269
MED00107,1,ma_8,-0.00243
MED00108,1,ma_8,-0.00261
MED00109,1,ma_8,-0.0332
MED00110,1,ma_8,-0.03289
MED00111,1,ma_8,-0.03249
MED00112,1,ma_8,-0.002
MED00113,1,ma_8,-0.03514
MED00114,1,ma_8,-0.00408
MED00115,1,ma_8,-0.03631
MED00116,1,ma_8,-0.00367
MED00117,1,ma_8,-0.03512
MED00118,1,ma_8,-0.03172
MED00119,1,ma_8,-0.03624
MED00120,1,ma_8,-0.00054
MED00121,1,ma_8,-0.00169
MED00122,1,ma_8,-0.00321
MED00123,1,ma_8,-0.03265
MED00124,1,ma_8,-0.00253
MED00125,1,ma_8,-0.03292
MED00126,1,ma_8,-0.03267
MED00127,1,ma_8,-0.03628
MED00128,1,ma_8,-0.03647
MED00129,1,ma_8,-0.03475
MED00130,1,ma_8,-0.03252
MED00131,1,ma_8,-0.03675
MED00132,1,ma_8,-0.03281
MED00133,1,ma_8,-0.03286
MED00134,1,ma_8,-0.03294
MED00135,1,ma_8,-0.00536
MED00136,1,ma_8,-0.03702
MED00137,1,ma_8,-0.03373
MED00138,1,ma_8,-0.03635
MED00139,1,ma_8,-0.03414
MED00140,1,ma_8,-0.03663
MED00141,1,ma_8,-0.00355
MED00142,1,ma_8,-0.03481
MED00143,1,ma_8,-0.03633
MED00144,1,ma_8,-0.00437
MED00145,1,ma_8,-0.03208
MED00146,1,ma_8,-0.03421
MED00147,1,ma_8,-0.03198
MED00148,1,ma_8,-0.00486
MED00149,1,ma_8,-0.00447
MED00150,1,ma_8,-0.03508
MED00151,1,ma_8,-0.03634
MED00152,1,ma_8,-0.03581
MED00153,1,ma_8,-0.03611
MED00154,1,ma_8,-0.00327
MED00155,1,ma_8,-0.03637
MED00156,1,ma_8,-0.00239
MED00157,1,ma_8,-0.00329
MED00158,1,ma_8,-0.03446
MED00159,1,ma_8,-0.00271
MED00160,1,ma_8,-0.00205
MED00161,1,ma_8,-0.00472
MED00162,1,ma_8,-0.0349
MED00163,1,ma_8,-0.03258
MED00164,1,ma_8,-0.0346
MED00165,1,ma_8,-0.00227
MED00166,1,ma_8,-0.03504
MED00167,1,ma_8,-0.00218
MED00168,1,ma_8,-0.03591
MED00169,1,ma_8,-0.03586
MED00170,1,ma_8,-0.03492
MED00171,1,ma_8,-0.03657
MED00172,1,ma_8,-0.00074
MED00173,1,ma_8,-0.03647
MED00174,1,ma_8,-0.00427
MED00175,1,ma_8,-0.0343
MED00176,1,ma_8,-0.00404
MED00177,1,ma_8,-0.03441
MED00178,1,ma_8,-0.0342
MED00179,1,ma_8,-0.03469
MED00180,1,ma_8,-0.0345
MED00181,1,ma_8,-0.00419
MED00182,1,ma_8,-0.03432
MED00183,1,ma_8,-0.00368
MED00184,1,ma_8,-0.00344
MED00185,1,ma_8,-0.00295
MED00186,1,ma_8,-0.03611
MED00187,1,ma_8,-0.03611
MED00188,1,ma_8,-0.00289
MED00189,1,ma_8,-0.03298
MED00190,1,ma_8,-0.00196
MED00191,1,ma_8,-0.00287
MED00192,1,ma_8,-0.03296
MED00193,1,ma_8,-0.03255
MED00194,1,ma_8,-0.00362
MED00195,1,ma_8,-0.00419
MED00196,1,ma_8,-0.00467
MED00197,1,ma_8,-0.00328
MED00198,1,ma_8,-0.03578
MED00199,1,ma_8,-0.03401
MED00200,1,ma_8,-0.0352
MED00201,1,ma_8,-0.0029
MED00202,1,ma_8,-0.03465
MED00203,1,ma_8,-0.00046
MED00204,1,ma_8,-0.03506
MED00205,1,ma_8,-0.00281
MED00206,1,ma_8,-0.03466
MED00207,1,ma_8,-0.03562
MED00208,1,ma_8,-0.00272
MED00209,1,ma_8,-0.00212
MED00210,1,ma_8,-0.03513
MED00211,1,ma_8,-0.03669
MED00212,1,ma_8,-0.03474
MED00213,1,ma_8,-0.03223
MED00214,1,ma_8,-0.00582
MED00215,1,ma_8,-0.03658
MED00216,1,ma_8,-0.03276
MED00217,1,ma_8,-0.03229
MED00218,1,ma_8,-0.00469
MED00219,1,ma_8,-0.00231
MED00220,1,ma_8,-0.03599
MED00221,1,ma_8,-0.03581
MED00222,1,ma_8,-0.03465
MED00223,1,ma_8,-0.00335
MED00224,1,ma_8,-0.03507
MED00225,1,ma_8,-0.00354
MED00226,1,ma_8,-0.00193
MED00227,1,ma_8,0.0026
MED00228,1,ma_8,-0.03204
MED00229,1,ma_8,-0.03299
MED00230,1,ma_8,-0.00395
MED00231,1,ma_8,-0.03506
MED00232,1,ma_8,-0.03482
MED00233,1,ma_8,-0.03262
MED00234,1,ma_8,-0.03469
MED00235,1,ma_8,0.0033
MED00236,1,ma_8,-0.03626
MED00237,1,ma_8,-0.00276
MED00238,1,ma_8,-0.03522
MED00239,1,ma_8,-0.00329
MED00240,1,ma_8,-0.00353
MED00241,1,ma_8,-0.03646
MED00242,1,ma_8,-0.00239
MED00243,1,ma_8,-0.03199
MED00244,1,ma_8,-0.03652
MED00245,1,ma_8,0.0031
MED00246,1,ma_8,-0.00423
MED00247,1,ma_8,-0.0027
MED00248,1,ma_8,-0.0347
MED00249,1,ma_8,0.00016
MED00250,1,ma_8,-0.00314
MED00251,1,ma_8,-0.03572
MED00252,1,ma_8,-0.03437
MED00253,1,ma_8,-0.00197
MED00254,1,ma_8,-0.0344
MED00255,1,ma_8,-0.00366
MED00256,1,ma_8,-0.03583
MED00257,1,ma_8,-0.00113
MED00258,1,ma_8,-0.00258
MED00259,1,ma_8,-0.00132
MED00260,1,ma_8,-0.03383
MED00261,1,ma_8,-0.03485
MED00262,1,ma_8,-0.00169
MED00263,1,ma_8,-0.00295
MED00264,1,ma_8,-0.03314
MED00265,1,ma_8,-0.00268
MED00266,1,ma_8,-0.00601
MED00267,1,ma_8,-0.00221
MED00268,1,ma_8,-0.0026
MED00269,1,ma_8,-0.03618
MED00270,1,ma_8,-0.00182
MED00271,1,ma_8,-0.00113
MED00272,1,ma_8,-0.00251
MED00273,1,ma_8,-0.03531
MED00274,1,ma_8,-0.03278
MED00275,1,ma_8,-0.00214
MED00276,1,ma_8,-0.03633
MED00277,1,ma_8,-0.03302
MED00278,1,ma_8,-0.00336
MED00279,1,ma_8,-0.00111
MED00280,1,ma_8,-0.03229
MED00281,1,ma_8,-0.00707
MED00282,1,ma_8,-0.00126
MED00283,1,ma_8,-0.00297
MED00284,1,ma_8,-0.03293
MED00285,1,ma_8,-0.00559
MED00286,1,ma_8,-0.00427
MED00287,1,ma_8,-0.00269
MED00288,1,ma_8,-0.00089
MED00289,1,ma_8,-0.00154
MED00290,1,ma_8,-0.03675
MED00291,1,ma_8,-0.10374
MED00292,1,ma_8,-0.03242
MED00293,1,ma_8,0.00328
MED00294,1,ma_8,-0.03374
MED00295,1,ma_8,-0.03434
MED00296,1,ma_8,-0.00354
MED00297,1,ma_8,-0.00539
MED00298,1,ma_8,-0.00067
MED00299,1,ma_8,-0.03423
MED00300,1,ma_8,-0.03577
MED00301,1,ma_8,-0.00479
MED00302,1,ma_8,-0.00353
MED00303,1,ma_8,-0.00206
MED00304,1,ma_8,-0.00241
MED00305,1,ma_8,-0.03503
MED00306,1,ma_8,-0.0343
MED00307,1,ma_8,-0.00102
MED00308,1,ma_8,-0.03394
MED00309,1,ma_8,-0.0358
MED00310,1,ma_8,-0.00075
MED00311,1,ma_8,-0.00249
MED00312,1,ma_8,-0.03284
MED00313,1,ma_8,-0.0314
MED00314,1,ma_8,-0.00289
MED00315,1,ma_8,-0.00227
MED00316,1,ma_8,-0.03651
MED00317,1,ma_8,-0.0363
MED00318,1,ma_8,-0.00304
MED00319,1,ma_8,-0.00272
MED00320,1,ma_8,-0.00273
MED00321,1,ma_8,0.00169
MED00322,1,ma_8,-0.03264
MED00323,1,ma_8,-0.03379
MED00324,1,ma_8,-0.02905
MED00325,1,ma_8,-0.00463
MED00326,1,ma_8,-0.00262
MED00327,1,ma_8,-0.03623
MED00328,1,ma_8,-0.00343
MED00329,1,ma_8,-0.0026
MED00330,1,ma_8,-0.00488
MED00331,1,ma_8,-0.03458
MED00332,1,ma_8,-0.03607
MED00333,1,ma_8,-0.00273
MED00334,1,ma_8,-0.00385
MED00335,1,ma_8,-0.00513
MED00336,1,ma_8,-0.0061
MED00337,1,ma_8,0.00391
MED00338,1,ma_8,-0.03326
MED00339,1,ma_8,-0.03454
MED00340,1,ma_8,-0.03347
MED00341,1,ma_8,-0.00226
MED00342,1,ma_8,-0.03656
MED00343,1,ma_8,-0.0019
MED00344,1,ma_8,-0.00393
MED00345,1,ma_8,-0.03255
MED00346,1,ma_8,-0.03629
MED00347,1,ma_8,-0.03315
MED00348,1,ma_8,-0.03474
MED00349,1,ma_8,-0.03644
MED00350,1,ma_8,-0.03285
MED00351,1,ma_8,-0.03298
MED00352,1,ma_8,-0.0345
MED00353,1,ma_8,-0.03269
MED00354,1,ma_8,-0.03314
MED00355,1,ma_8,-0.00223
MED00356,1,ma_8,-0.03463
MED00357,1,ma_8,-0.03192
MED00358,1,ma_8,-0.0007
MED00359,1,ma_8,-0.0363
MED00360,1,ma_8,-0.00083
MED00361,1,ma_8,-0.0018
MED00362,1,ma_8,-0.0021
MED00363,1,ma_8,-0.03631
MED00364,1,ma_8,-0.0332
MED00365,1,ma_8,-0.03656
MED00366,1,ma_8,-0.00233
MED00367,1,ma_8,-0.03623
MED00368,1,ma_8,-0.0023
MED00369,1,ma_8,-0.00318
MED00370,1,ma_8,-0.03193
MED00371,1,ma_8,-0.00356
MED00372,1,ma_8,-0.03287
MED00373,1,ma_8,-0.0328
MED00374,1,ma_8,-0.03372
MED00375,1,ma_8,-0.00387
MED00376,1,ma_8,-0.0379
MED00377,1,ma_8,-0.03685
MED00378,1,ma_8,-0.03217
MED00379,1,ma_8,-0.03261
MED00380,1,ma_8,-0.03299
MED00381,1,ma_8,-0.03306
MED00382,1,ma_8,-0.0003
MED00383,1,ma_8,-0.00417
MED00384,1,ma_8,-0.03527
MED00386,1,ma_8,-0.00241
MED00387,1,ma_8,-0.00171
MED00388,1,ma_8,0.01004
MED00389,1,ma_8,-0.00422
MED00390,1,ma_8,-0.00076
MED00391,1,ma_8,0.00569
MED00392,1,ma_8,-0.00012
MED00393,1,ma_8,-0.00538
MED00394,1,ma_8,-0.00597
MED00395,1,ma_8,-0.00328
MED00396,1,ma_8,-0.00192
MED00397,1,ma_8,-0.00117
MED00398,1,ma_8,0.0091
MED00399,1,ma_8,0.00767
MED00400,1,ma_8,0.00728
MED00402,1,ma_8,-0.00158
MED00403,1,ma_8,-0.00333
MED00404,1,ma_8,-0.00466
MED00405,1,ma_8,-0.00551
MED00406,1,ma_8,-0.00118
MED00407,1,ma_8,-0.0011
MED00408,1,ma_8,-0.00322
MED00409,1,ma_8,-0.00148
MED00410,1,ma_8,-0.00305
MED00411,1,ma_8,0.00246
MED00412,1,ma_8,-0.00195
MED00413,1,ma_8,-0.00448
MED00414,1,ma_8,-0.00056
MED00415,1,ma_8,-0.00279
MED00416,1,ma_8,0.00302
MED00417,1,ma_8,-0.00311
MED00418,1,ma_8,-0.00305
MED00419,1,ma_8,-0.00351
MED00420,1,ma_8,-0.00025
MED00421,1,ma_8,-0.0008
MED00422,1,ma_8,0.00214
MED00423,1,ma_8,-0.00308
MED00424,1,ma_8,0.00817
MED00001,2,ma_8,-0.00158
MED00002,2,ma_8,-0.03215
MED00003,2,ma_8,-0.03311
MED00004,2,ma_8,-0.034
MED00005,2,ma_8,-0.0334
MED00006,2,ma_8,-0.03484
MED00007,2,ma_8,-0.03401
MED00008,2,ma_8,-0.0321
MED00009,2,ma_8,-0.00164
MED00010,2,ma_8,-0.00099
MED00011,2,ma_8,-0.00138
MED00012,2,ma_8,-0.03644
MED00013,2,ma_8,-0.00332
MED00014,2,ma_8,0.00051
MED00015,2,ma_8,-0.03275
MED00016,2,ma_8,-0.0019
MED00017,2,ma_8,-0.03598
MED00018,2,ma_8,0.00626
MED00019,2,ma_8,-0.00077
MED00020,2,ma_8,-0.00208
MED00021,2,ma_8,-0.00345
MED00022,2,ma_8,-0.00113
MED00023,2,ma_8,-0.03431
MED00024,2,ma_8,-0.03637
MED00025,2,ma_8,-0.03459
MED00026,2,ma_8,-0.03457
MED00027,2,ma_8,-0.03448
MED00028,2,ma_8,-0.032
MED00029,2,ma_8,-0.00746
MED00030,2,ma_8,-0.00388
MED00031,2,ma_8,-0.00122
MED00032,2,ma_8,-0.03358
MED00033,2,ma_8,-0.03292
MED00034,2,ma_8,-0.00063
MED00035,2,ma_8,-0.03406
MED00036,2,ma_8,-0.03627
MED00037,2,ma_8,-0.00265
MED00038,2,ma_8,0.00323
MED00039,2,ma_8,-0.03253
MED00040,2,ma_8,-0.03384
MED00041,2,ma_8,-0.03282
MED00042,2,ma_8,-0.03561
MED00043,2,ma_8,-0.03312
MED00044,2,ma_8,-0.0307
MED00045,2,ma_8,-0.03502
MED00046,2,ma_8,-0.03606
MED00047,2,ma_8,-0.00579
MED00048,2,ma_8,-0.00836
MED00049,2,ma_8,-0.03265
MED00050,2,ma_8,-0.0363
MED00051,2,ma_8,-0.03325
MED00052,2,ma_8,-0.03287
MED00053,2,ma_8,-0.00304
MED00054,2,ma_8,-0.00149
MED00055,2,ma_8,-0.03436
MED00056,2,ma_8,-0.03422
MED00057,2,ma_8,-0.03427
MED00058,2,ma_8,-0.0352
MED00059,2,ma_8,-0.00318
MED00060,2,ma_8,-0.0032
MED00061,2,ma_8,-0.03309
MED00062,2,ma_8,-0.00854
MED00063,2,ma_8,-0.03282
MED00064,2,ma_8,-0.00376
MED00065,2,ma_8,0.00538
MED00066,2,ma_8,-0.03266
MED00067,2,ma_8,-0.00047
MED00068,2,ma_8,0.00174
MED00069,2,ma_8,-0.03489
MED00070,2,ma_8,-0.00167
MED00071,2,ma_8,-0.03655
MED00072,2,ma_8,-0.00115
MED00073,2,ma_8,-0.00443
MED00074,2,ma_8,0.00057
MED00075,2,ma_8,-0.0016
MED00076,2,ma_8,-0.03242
MED00077,2,ma_8,-0.00395
MED00078,2,ma_8,-0.00184
MED00079,2,ma_8,-0.00741
MED00080,2,ma_8,-0.00264
MED00081,2,ma_8,-0.033
MED00082,2,ma_8,-0.03655
MED00083,2,ma_8,-0.00294
MED00084,2,ma_8,-0.00149
MED00085,2,ma_8,-0.00091
MED00086,2,ma_8,-0.03435
MED00087,2,ma_8,-0.03623
MED00088,2,ma_8,-0.00196
MED00089,2,ma_8,-0.00349
MED00090,2,ma_8,-0.00284
MED00091,2,ma_8,-0.03773
MED00092,2,ma_8,-0.0343
MED00093,2,ma_8,-0.03409
MED00094,2,ma_8,-0.03504
MED00095,2,ma_8,-0.00149
MED00096,2,ma_8,-0.00216
MED00097,2,ma_8,-0.03428
MED00098,2,ma_8,-0.00329
MED00099,2,ma_8,-0.03452
MED00100,2,ma_8,-0.03329
MED00101,2,ma_8,-0.00724
MED00102,2,ma_8,0.00056
MED00103,2,ma_8,-0.03551
MED00104,2,ma_8,-0.00263
MED00105,2,ma_8,-0.00251
MED00106,2,ma_8,-0.03281
MED00107,2,ma_8,-0.00256
MED00108,2,ma_8,-0.00274
MED00109,2,ma_8,-0.03333
MED00110,2,ma_8,-0.03303
MED00111,2,ma_8,-0.03261
MED00112,2,ma_8,-0.00214
MED00113,2,ma_8,-0.03527
MED00114,2,ma_8,-0.00435
MED00115,2,ma_8,-0.03644
MED00116,2,ma_8,-0.0037
MED00117,2,ma_8,-0.03516
MED00118,2,ma_8,-0.03185
MED00119,2,ma_8,-0.03637
MED00120,2,ma_8,-0.00058
MED00121,2,ma_8,-0.00182
MED00122,2,ma_8,-0.00334
MED00123,2,ma_8,-0.03268
MED00124,2,ma_8,-0.00266
MED00125,2,ma_8,-0.03305
MED00126,2,ma_8,-0.0328
MED00127,2,ma_8,-0.03632
MED00128,2,ma_8,-0.0366
MED00129,2,ma_8,-0.03481
MED00130,2,ma_8,-0.03265
MED00131,2,ma_8,-0.037
MED00132,2,ma_8,-0.03288
MED00133,2,ma_8,-0.03289
MED00134,2,ma_8,-0.03307
MED00135,2,ma_8,-0.0054
MED00136,2,ma_8,-0.03705
MED00137,2,ma_8,-0.03377
MED00138,2,ma_8,-0.03649
MED00139,2,ma_8,-0.03421
MED00140,2,ma_8,-0.03677
MED00141,2,ma_8,-0.00409
MED00142,2,ma_8,-0.03495
MED00143,2,ma_8,-0.03647
MED00144,2,ma_8,-0.00447
MED00145,2,ma_8,-0.03222
MED00146,2,ma_8,-0.03426
MED00147,2,ma_8,-0.03284
MED00148,2,ma_8,-0.00591
MED00149,2,ma_8,-0.00452
MED00150,2,ma_8,-0.03533
MED00151,2,ma_8,-0.03647
MED00152,2,ma_8,-0.03594
MED00153,2,ma_8,-0.03625
MED00154,2,ma_8,-0.0034
MED00155,2,ma_8,-0.0365
MED00156,2,ma_8,-0.00284
MED00157,2,ma_8,-0.00342
MED00158,2,ma_8,-0.03457
MED00159,2,ma_8,-0.00274
MED00160,2,ma_8,-0.00218
MED00161,2,ma_8,-0.00485
MED00162,2,ma_8,-0.03503
MED00163,2,ma_8,-0.03271
MED00164,2,ma_8,-0.03485
MED00165,2,ma_8,-0.0023
MED00166,2,ma_8,-0.03518
MED00167,2,ma_8,-0.00231
MED00168,2,ma_8,-0.03604
MED00169,2,ma_8,-0.03591
MED00170,2,ma_8,-0.03506
MED00171,2,ma_8,-0.0367
MED00172,2,ma_8,-0.00099
MED00173,2,ma_8,-0.0366
MED00174,2,ma_8,-0.0044
MED00175,2,ma_8,-0.03442
MED00176,2,ma_8,-0.00407
MED00177,2,ma_8,-0.03454
MED00178,2,ma_8,-0.03423
MED00179,2,ma_8,-0.03483
MED00180,2,ma_8,-0.03458
MED00181,2,ma_8,-0.00432
MED00182,2,ma_8,-0.03443
MED00183,2,ma_8,-0.00394
MED00184,2,ma_8,-0.00348
MED00185,2,ma_8,-0.00311
MED00186,2,ma_8,-0.03619
MED00187,2,ma_8,-0.03646
MED00188,2,ma_8,-0.00301
MED00189,2,ma_8,-0.03312
MED00190,2,ma_8,-0.00209
MED00191,2,ma_8,-0.0029
MED00192,2,ma_8,-0.03309
MED00193,2,ma_8,-0.03268
MED00194,2,ma_8,-0.00367
MED00195,2,ma_8,-0.00423
MED00196,2,ma_8,-0.00471
MED00197,2,ma_8,-0.00332
MED00198,2,ma_8,-0.03591
MED00199,2,ma_8,-0.03417
MED00200,2,ma_8,-0.03533
MED00201,2,ma_8,-0.00304
MED00202,2,ma_8,-0.03478
MED00203,2,ma_8,-0.00091
MED00204,2,ma_8,-0.0352
MED00205,2,ma_8,-0.00295
MED00206,2,ma_8,-0.03491
MED00207,2,ma_8,-0.03576
MED00208,2,ma_8,-0.00285
MED00209,2,ma_8,-0.00215
MED00210,2,ma_8,-0.03526
MED00211,2,ma_8,-0.03682
MED00212,2,ma_8,-0.03478
MED00213,2,ma_8,-0.03237
MED00214,2,ma_8,-0.00595
MED00215,2,ma_8,-0.03671
MED00216,2,ma_8,-0.03289
MED00217,2,ma_8,-0.03242
MED00218,2,ma_8,-0.00483
MED00219,2,ma_8,-0.00245
MED00220,2,ma_8,-0.03607
MED00221,2,ma_8,-0.0363
MED00222,2,ma_8,-0.03478
MED00223,2,ma_8,-0.00338
MED00224,2,ma_8,-0.0352
MED00225,2,ma_8,-0.00368
MED00226,2,ma_8,-0.00218
MED00227,2,ma_8,0.00246
MED00228,2,ma_8,-0.03208
MED00229,2,ma_8,-0.03312
MED00230,2,ma_8,-0.00408
MED00231,2,ma_8,-0.03519
MED00232,2,ma_8,-0.03495
MED00233,2,ma_8,-0.03266
MED00234,2,ma_8,-0.03483
MED00235,2,ma_8,0.00338
MED00236,2,ma_8,-0.0363
MED00237,2,ma_8,-0.00312
MED00238,2,ma_8,-0.03528
MED00239,2,ma_8,-0.00343
MED00240,2,ma_8,-0.00398
MED00241,2,ma_8,-0.0366
MED00242,2,ma_8,-0.00243
MED00243,2,ma_8,-0.03212
MED00244,2,ma_8,-0.03665
MED00245,2,ma_8,0.00317
MED00246,2,ma_8,-0.0044
MED00247,2,ma_8,-0.00283
MED00248,2,ma_8,-0.03475
MED00249,2,ma_8,-0.00011
MED00250,2,ma_8,-0.00358
MED00251,2,ma_8,-0.03585
MED00252,2,ma_8,-0.03451
MED00253,2,ma_8,-0.00211
MED00254,2,ma_8,-0.03454
MED00255,2,ma_8,-0.00401
MED00256,2,ma_8,-0.03593
MED00257,2,ma_8,-0.00158
MED00258,2,ma_8,-0.0028
MED00259,2,ma_8,-0.00146
MED00260,2,ma_8,-0.03396
MED00261,2,ma_8,-0.03498
MED00262,2,ma_8,-0.00214
MED00263,2,ma_8,-0.00309
MED00264,2,ma_8,-0.03327
MED00265,2,ma_8,-0.00282
MED00266,2,ma_8,-0.00605
MED00267,2,ma_8,-0.00242
MED00268,2,ma_8,-0.00274
MED00269,2,ma_8,-0.03632
MED00270,2,ma_8,-0.00195
MED00271,2,ma_8,-0.00158
MED00272,2,ma_8,-0.00255
MED00273,2,ma_8,-0.03566
MED00274,2,ma_8,-0.03285
MED00275,2,ma_8,-0.00208
MED00276,2,ma_8,-0.03646
MED00277,2,ma_8,-0.03312
MED00278,2,ma_8,-0.00349
MED00279,2,ma_8,-0.00138
MED00280,2,ma_8,-0.03242
MED00281,2,ma_8,-0.00723
MED00282,2,ma_8,-0.00126
MED00283,2,ma_8,-0.0031
MED00284,2,ma_8,-0.03319
MED00285,2,ma_8,-0.00572
MED00286,2,ma_8,-0.0048
MED00287,2,ma_8,-0.00282
MED00288,2,ma_8,-0.00035
MED00289,2,ma_8,-0.00198
MED00290,2,ma_8,-0.03692
MED00291,2,ma_8,-0.1038
MED00292,2,ma_8,-0.03261
MED00293,2,ma_8,0.00272
MED00294,2,ma_8,-0.03399
MED00295,2,ma_8,-0.03447
MED00296,2,ma_8,-0.00368
MED00297,2,ma_8,-0.00553
MED00298,2,ma_8,-0.0008
MED00299,2,ma_8,-0.03436
MED00300,2,ma_8,-0.0359
MED00301,2,ma_8,-0.00493
MED00302,2,ma_8,-0.00356
MED00303,2,ma_8,-0.00242
MED00304,2,ma_8,-0.00346
MED00305,2,ma_8,-0.03517
MED00306,2,ma_8,-0.03442
MED00307,2,ma_8,-0.00129
MED00308,2,ma_8,-0.03406
MED00309,2,ma_8,-0.03625
MED00310,2,ma_8,-0.00085
MED00311,2,ma_8,-0.00284
MED00312,2,ma_8,-0.03287
MED00313,2,ma_8,-0.03154
MED00314,2,ma_8,-0.00292
MED00315,2,ma_8,-0.0024
MED00316,2,ma_8,-0.03664
MED00317,2,ma_8,-0.03643
MED00318,2,ma_8,-0.00349
MED00319,2,ma_8,-0.00285
MED00320,2,ma_8,-0.00286
MED00321,2,ma_8,0.00156
MED00322,2,ma_8,-0.03276
MED00323,2,ma_8,-0.03382
MED00324,2,ma_8,-0.0292
MED00325,2,ma_8,-0.00472
MED00326,2,ma_8,-0.00276
MED00327,2,ma_8,-0.03637
MED00328,2,ma_8,-0.00358
MED00329,2,ma_8,-0.00274
MED00330,2,ma_8,-0.00501
MED00331,2,ma_8,-0.03471
MED00332,2,ma_8,-0.03621
MED00333,2,ma_8,-0.00278
MED00334,2,ma_8,-0.00398
MED00335,2,ma_8,-0.00517
MED00336,2,ma_8,-0.00616
MED00337,2,ma_8,0.00397
MED00338,2,ma_8,-0.03333
MED00339,2,ma_8,-0.0348
MED00340,2,ma_8,-0.0336
MED00341,2,ma_8,-0.0024
MED00342,2,ma_8,-0.03669
MED00343,2,ma_8,-0.00204
MED00344,2,ma_8,-0.00407
MED00345,2,ma_8,-0.03268
MED00346,2,ma_8,-0.03643
MED00347,2,ma_8,-0.03316
MED00348,2,ma_8,-0.03474
MED00349,2,ma_8,-0.03658
MED00350,2,ma_8,-0.03298
MED00351,2,ma_8,-0.03311
MED00352,2,ma_8,-0.03463
MED00353,2,ma_8,-0.03283
MED00354,2,ma_8,-0.03327
MED00355,2,ma_8,-0.00267
MED00356,2,ma_8,-0.03476
MED00357,2,ma_8,-0.03205
MED00358,2,ma_8,-0.0008
MED00359,2,ma_8,-0.03643
MED00360,2,ma_8,-0.00111
MED00361,2,ma_8,-0.00194
MED00362,2,ma_8,-0.00219
MED00363,2,ma_8,-0.03645
MED00364,2,ma_8,-0.03322
MED00365,2,ma_8,-0.03669
MED00366,2,ma_8,-0.00246
MED00367,2,ma_8,-0.03636
MED00368,2,ma_8,-0.00243
MED00369,2,ma_8,-0.00363
MED00370,2,ma_8,-0.03182
MED00371,2,ma_8,-0.00382
MED00372,2,ma_8,-0.033
MED00373,2,ma_8,-0.03293
MED00374,2,ma_8,-0.03398
MED00375,2,ma_8,-0.00389
MED00376,2,ma_8,-0.03803
MED00377,2,ma_8,-0.03698
MED00378,2,ma_8,-0.03223
MED00379,2,ma_8,-0.03275
MED00380,2,ma_8,-0.03312
MED00381,2,ma_8,-0.03316
MED00382,2,ma_8,-0.00055
MED00383,2,ma_8,-0.0043
MED00384,2,ma_8,-0.0354
MED00385,2,ma_8,-0.00021
MED00386,2,ma_8,-0.00254
MED00387,2,ma_8,-0.00175
MED00388,2,ma_8,0.01007
MED00389,2,ma_8,-0.00467
MED00390,2,ma_8,-0.00121
MED00391,2,ma_8,0.00533
MED00392,2,ma_8,-0.00047
MED00393,2,ma_8,-0.00542
MED00394,2,ma_8,-0.00602
MED00395,2,ma_8,-0.00332
MED00396,2,ma_8,-0.00184
MED00397,2,ma_8,-0.0011
MED00398,2,ma_8,0.00702
MED00399,2,ma_8,0.00775
MED00400,2,ma_8,0.00736
MED00401,2,ma_8,-0.00032
MED00402,2,ma_8,-0.00194
MED00403,2,ma_8,-0.00337
MED00404,2,ma_8,-0.00471
MED00405,2,ma_8,-0.00557
MED00406,2,ma_8,-0.00122
MED00407,2,ma_8,-0.00131
MED00408,2,ma_8,-0.00367
MED00409,2,ma_8,-0.00185
MED00410,2,ma_8,-0.00342
MED00411,2,ma_8,0.00201
MED00412,2,ma_8,-0.00217
MED00413,2,ma_8,-0.00493
MED00414,2,ma_8,-0.00091
MED00415,2,ma_8,-0.00314
MED00416,2,ma_8,0.00257
MED00417,2,ma_8,-0.00325
MED00418,2,ma_8,-0.0031
MED00419,2,ma_8,-0.00355
MED00420,2,ma_8,-0.0006
MED00421,2,ma_8,-0.00115
MED00422,2,ma_8,0.00169
MED00423,2,ma_8,-0.00312
MED00424,2,ma_8,0.00874
MED00001,3,ma_8,-0.00176
MED00002,3,ma_8,-0.03214
MED00003,3,ma_8,-0.03311
MED00004,3,ma_8,-0.03399
MED00005,3,ma_8,-0.03335
MED00006,3,ma_8,-0.03483
MED00007,3,ma_8,-0.03396
MED00008,3,ma_8,-0.03209
MED00009,3,ma_8,-0.00163
MED00010,3,ma_8,-0.00094
MED00011,3,ma_8,-0.00146
MED00012,3,ma_8,-0.03644
MED00013,3,ma_8,-0.00327
MED00014,3,ma_8,0.00033
MED00015,3,ma_8,-0.03274
MED00016,3,ma_8,-0.0019
MED00017,3,ma_8,-0.03598
MED00018,3,ma_8,0.00618
MED00019,3,ma_8,-0.00094
MED00020,3,ma_8,-0.00221
MED00021,3,ma_8,-0.00337
MED00022,3,ma_8,-0.00123
MED00023,3,ma_8,-0.0343
MED00024,3,ma_8,-0.03632
MED00025,3,ma_8,-0.03459
MED00026,3,ma_8,-0.03456
MED00027,3,ma_8,-0.03448
MED00028,3,ma_8,-0.03199
MED00029,3,ma_8,-0.00764
MED00030,3,ma_8,-0.00394
MED00031,3,ma_8,-0.00121
MED00032,3,ma_8,-0.03371
MED00033,3,ma_8,-0.03288
MED00034,3,ma_8,-0.00072
MED00035,3,ma_8,-0.03405
MED00036,3,ma_8,-0.03626
MED00037,3,ma_8,-0.0026
MED00038,3,ma_8,0.00305
MED00039,3,ma_8,-0.03252
MED00040,3,ma_8,-0.03384
MED00041,3,ma_8,-0.03281
MED00042,3,ma_8,-0.03552
MED00043,3,ma_8,-0.03311
MED00044,3,ma_8,-0.03131
MED00045,3,ma_8,-0.03502
MED00046,3,ma_8,-0.03666
MED00047,3,ma_8,-0.00574
MED00048,3,ma_8,-0.00863
MED00049,3,ma_8,-0.03265
MED00050,3,ma_8,-0.03625
MED00051,3,ma_8,-0.03324
MED00052,3,ma_8,-0.03287
MED00053,3,ma_8,-0.00299
MED00054,3,ma_8,-0.00343
MED00055,3,ma_8,-0.03436
MED00056,3,ma_8,-0.03421
MED00057,3,ma_8,-0.03426
MED00058,3,ma_8,-0.0352
MED00059,3,ma_8,-0.00511
MED00060,3,ma_8,-0.00305
MED00061,3,ma_8,-0.03309
MED00062,3,ma_8,-0.00871
MED00063,3,ma_8,-0.03282
MED00064,3,ma_8,-0.00394
MED00065,3,ma_8,0.0052
MED00066,3,ma_8,-0.03265
MED00067,3,ma_8,-0.00047
MED00068,3,ma_8,0.00179
MED00069,3,ma_8,-0.03492
MED00070,3,ma_8,-0.00185
MED00071,3,ma_8,-0.03665
MED00072,3,ma_8,-0.00114
MED00073,3,ma_8,-0.00429
MED00074,3,ma_8,0.00062
MED00075,3,ma_8,-0.00151
MED00076,3,ma_8,-0.03242
MED00077,3,ma_8,-0.00401
MED00078,3,ma_8,-0.00179
MED00079,3,ma_8,-0.00749
MED00080,3,ma_8,-0.00279
MED00081,3,ma_8,-0.03299
MED00082,3,ma_8,-0.0365
MED00083,3,ma_8,-0.00289
MED00084,3,ma_8,-0.00161
MED00085,3,ma_8,-0.00091
MED00086,3,ma_8,-0.03435
MED00087,3,ma_8,-0.03623
MED00088,3,ma_8,-0.00204
MED00089,3,ma_8,-0.00349
MED00090,3,ma_8,-0.00279
MED00091,3,ma_8,-0.03771
MED00092,3,ma_8,-0.0343
MED00093,3,ma_8,-0.03409
MED00094,3,ma_8,-0.03503
MED00095,3,ma_8,-0.00144
MED00096,3,ma_8,-0.00234
MED00097,3,ma_8,-0.03428
MED00098,3,ma_8,-0.00324
MED00099,3,ma_8,-0.03452
MED00100,3,ma_8,-0.03328
MED00101,3,ma_8,-0.00719
MED00102,3,ma_8,0.00061
MED00103,3,ma_8,-0.03546
MED00104,3,ma_8,-0.00258
MED00105,3,ma_8,-0.00243
MED00106,3,ma_8,-0.03281
MED00107,3,ma_8,-0.00251
MED00108,3,ma_8,-0.00269
MED00109,3,ma_8,-0.03333
MED00110,3,ma_8,-0.03302
MED00111,3,ma_8,-0.03261
MED00112,3,ma_8,-0.00209
MED00113,3,ma_8,-0.03526
MED00114,3,ma_8,-0.00453
MED00115,3,ma_8,-0.03643
MED00116,3,ma_8,-0.00365
MED00117,3,ma_8,-0.03515
MED00118,3,ma_8,-0.03184
MED00119,3,ma_8,-0.03636
MED00120,3,ma_8,-0.00057
MED00121,3,ma_8,-0.00177
MED00122,3,ma_8,-0.00334
MED00123,3,ma_8,-0.03268
MED00124,3,ma_8,-0.00261
MED00125,3,ma_8,-0.03305
MED00126,3,ma_8,-0.0328
MED00127,3,ma_8,-0.03631
MED00128,3,ma_8,-0.0366
MED00129,3,ma_8,-0.0348
MED00130,3,ma_8,-0.03265
MED00131,3,ma_8,-0.03696
MED00132,3,ma_8,-0.03287
MED00133,3,ma_8,-0.03285
MED00134,3,ma_8,-0.03307
MED00135,3,ma_8,-0.0054
MED00136,3,ma_8,-0.037
MED00137,3,ma_8,-0.03376
MED00138,3,ma_8,-0.03648
MED00139,3,ma_8,-0.03417
MED00140,3,ma_8,-0.03676
MED00141,3,ma_8,-0.00395
MED00142,3,ma_8,-0.03494
MED00143,3,ma_8,-0.03646
MED00144,3,ma_8,-0.00442
MED00145,3,ma_8,-0.03221
MED00146,3,ma_8,-0.03426
MED00147,3,ma_8,-0.03287
MED00148,3,ma_8,-0.00595
MED00149,3,ma_8,-0.00447
MED00150,3,ma_8,-0.03596
MED00151,3,ma_8,-0.03646
MED00152,3,ma_8,-0.03594
MED00153,3,ma_8,-0.03624
MED00154,3,ma_8,-0.00358
MED00155,3,ma_8,-0.0365
MED00156,3,ma_8,-0.00294
MED00157,3,ma_8,-0.00337
MED00158,3,ma_8,-0.03456
MED00159,3,ma_8,-0.00273
MED00160,3,ma_8,-0.00213
MED00161,3,ma_8,-0.0048
MED00162,3,ma_8,-0.03503
MED00163,3,ma_8,-0.0327
MED00164,3,ma_8,-0.03486
MED00165,3,ma_8,-0.00248
MED00166,3,ma_8,-0.03517
MED00167,3,ma_8,-0.0023
MED00168,3,ma_8,-0.03604
MED00169,3,ma_8,-0.03591
MED00170,3,ma_8,-0.03505
MED00171,3,ma_8,-0.03669
MED00172,3,ma_8,-0.00099
MED00173,3,ma_8,-0.0366
MED00174,3,ma_8,-0.00435
MED00175,3,ma_8,-0.03442
MED00176,3,ma_8,-0.00416
MED00177,3,ma_8,-0.03453
MED00178,3,ma_8,-0.03422
MED00179,3,ma_8,-0.03482
MED00180,3,ma_8,-0.03458
MED00181,3,ma_8,-0.00427
MED00182,3,ma_8,-0.03442
MED00183,3,ma_8,-0.00403
MED00184,3,ma_8,-0.00343
MED00185,3,ma_8,-0.00321
MED00186,3,ma_8,-0.03618
MED00187,3,ma_8,-0.03645
MED00188,3,ma_8,-0.00296
MED00189,3,ma_8,-0.03311
MED00190,3,ma_8,-0.00209
MED00191,3,ma_8,-0.00307
MED00192,3,ma_8,-0.03309
MED00193,3,ma_8,-0.03267
MED00194,3,ma_8,-0.0056
MED00195,3,ma_8,-0.00418
MED00196,3,ma_8,-0.00466
MED00197,3,ma_8,-0.00526
MED00198,3,ma_8,-0.0359
MED00199,3,ma_8,-0.03417
MED00200,3,ma_8,-0.03533
MED00201,3,ma_8,-0.00299
MED00202,3,ma_8,-0.03478
MED00203,3,ma_8,-0.00091
MED00204,3,ma_8,-0.03519
MED00205,3,ma_8,-0.00284
MED00206,3,ma_8,-0.03491
MED00207,3,ma_8,-0.03575
MED00208,3,ma_8,-0.00285
MED00209,3,ma_8,-0.00218
MED00210,3,ma_8,-0.03525
MED00211,3,ma_8,-0.03678
MED00212,3,ma_8,-0.03477
MED00213,3,ma_8,-0.03236
MED00214,3,ma_8,-0.00613
MED00215,3,ma_8,-0.03671
MED00216,3,ma_8,-0.03289
MED00217,3,ma_8,-0.03242
MED00218,3,ma_8,-0.00478
MED00219,3,ma_8,-0.00245
MED00220,3,ma_8,-0.03607
MED00221,3,ma_8,-0.03622
MED00222,3,ma_8,-0.03478
MED00223,3,ma_8,-0.00337
MED00224,3,ma_8,-0.0352
MED00225,3,ma_8,-0.00363
MED00226,3,ma_8,-0.00281
MED00227,3,ma_8,0.00228
MED00228,3,ma_8,-0.03211
MED00229,3,ma_8,-0.03312
MED00230,3,ma_8,-0.00426
MED00231,3,ma_8,-0.03522
MED00232,3,ma_8,-0.0349
MED00233,3,ma_8,-0.03265
MED00234,3,ma_8,-0.03482
MED00235,3,ma_8,0.0032
MED00236,3,ma_8,-0.0363
MED00237,3,ma_8,-0.00307
MED00238,3,ma_8,-0.03527
MED00239,3,ma_8,-0.00338
MED00240,3,ma_8,-0.00393
MED00241,3,ma_8,-0.03655
MED00242,3,ma_8,-0.00243
MED00243,3,ma_8,-0.03211
MED00244,3,ma_8,-0.03665
MED00245,3,ma_8,0.003
MED00246,3,ma_8,-0.00435
MED00247,3,ma_8,-0.00301
MED00248,3,ma_8,-0.03474
MED00249,3,ma_8,-0.0002
MED00250,3,ma_8,-0.00376
MED00251,3,ma_8,-0.03585
MED00252,3,ma_8,-0.0345
MED00253,3,ma_8,-0.00206
MED00254,3,ma_8,-0.03453
MED00255,3,ma_8,-0.00397
MED00256,3,ma_8,-0.03593
MED00257,3,ma_8,-0.00153
MED00258,3,ma_8,-0.0028
MED00259,3,ma_8,-0.00145
MED00260,3,ma_8,-0.03396
MED00261,3,ma_8,-0.03498
MED00262,3,ma_8,-0.0022
MED00263,3,ma_8,-0.00304
MED00264,3,ma_8,-0.03327
MED00265,3,ma_8,-0.00277
MED00266,3,ma_8,-0.00604
MED00267,3,ma_8,-0.00237
MED00268,3,ma_8,-0.00273
MED00269,3,ma_8,-0.03631
MED00270,3,ma_8,-0.00195
MED00271,3,ma_8,-0.00157
MED00272,3,ma_8,-0.00251
MED00273,3,ma_8,-0.03561
MED00274,3,ma_8,-0.03285
MED00275,3,ma_8,-0.00399
MED00276,3,ma_8,-0.03646
MED00277,3,ma_8,-0.03311
MED00278,3,ma_8,-0.00542
MED00279,3,ma_8,-0.00156
MED00280,3,ma_8,-0.03242
MED00281,3,ma_8,-0.00741
MED00282,3,ma_8,-0.00121
MED00283,3,ma_8,-0.0031
MED00284,3,ma_8,-0.0333
MED00285,3,ma_8,-0.00568
MED00286,3,ma_8,-0.00475
MED00287,3,ma_8,-0.00277
MED00288,3,ma_8,-0.00052
MED00289,3,ma_8,-0.00204
MED00290,3,ma_8,-0.03691
MED00291,3,ma_8,-0.10379
MED00292,3,ma_8,-0.03257
MED00293,3,ma_8,0.00268
MED00294,3,ma_8,-0.03429
MED00295,3,ma_8,-0.03446
MED00296,3,ma_8,-0.00363
MED00297,3,ma_8,-0.00548
MED00298,3,ma_8,-0.00076
MED00299,3,ma_8,-0.03435
MED00300,3,ma_8,-0.0359
MED00301,3,ma_8,-0.00488
MED00302,3,ma_8,-0.00346
MED00303,3,ma_8,-0.00241
MED00304,3,ma_8,-0.00345
MED00305,3,ma_8,-0.03516
MED00306,3,ma_8,-0.03442
MED00307,3,ma_8,-0.00137
MED00308,3,ma_8,-0.03406
MED00309,3,ma_8,-0.03685
MED00310,3,ma_8,-0.00081
MED00311,3,ma_8,-0.00279
MED00312,3,ma_8,-0.03287
MED00313,3,ma_8,-0.03153
MED00314,3,ma_8,-0.00291
MED00315,3,ma_8,-0.00258
MED00316,3,ma_8,-0.03659
MED00317,3,ma_8,-0.03643
MED00318,3,ma_8,-0.00362
MED00319,3,ma_8,-0.00285
MED00320,3,ma_8,-0.00281
MED00321,3,ma_8,0.00157
MED00322,3,ma_8,-0.03264
MED00323,3,ma_8,-0.03382
MED00324,3,ma_8,-0.02921
MED00325,3,ma_8,-0.00467
MED00326,3,ma_8,-0.00275
MED00327,3,ma_8,-0.03632
MED00328,3,ma_8,-0.00353
MED00329,3,ma_8,-0.00292
MED00330,3,ma_8,-0.00504
MED00331,3,ma_8,-0.03471
MED00332,3,ma_8,-0.03616
MED00333,3,ma_8,-0.00268
MED00334,3,ma_8,-0.00398
MED00335,3,ma_8,-0.00511
MED00336,3,ma_8,-0.00634
MED00337,3,ma_8,0.00384
MED00338,3,ma_8,-0.03332
MED00339,3,ma_8,-0.0348
MED00340,3,ma_8,-0.0336
MED00341,3,ma_8,-0.00235
MED00342,3,ma_8,-0.03668
MED00343,3,ma_8,-0.00222
MED00344,3,ma_8,-0.00402
MED00345,3,ma_8,-0.03268
MED00346,3,ma_8,-0.03638
MED00347,3,ma_8,-0.03316
MED00348,3,ma_8,-0.03474
MED00349,3,ma_8,-0.03657
MED00350,3,ma_8,-0.03297
MED00351,3,ma_8,-0.03307
MED00352,3,ma_8,-0.03463
MED00353,3,ma_8,-0.03282
MED00354,3,ma_8,-0.03327
MED00355,3,ma_8,-0.00285
MED00356,3,ma_8,-0.03476
MED00357,3,ma_8,-0.03204
MED00358,3,ma_8,-0.00076
MED00359,3,ma_8,-0.03642
MED00360,3,ma_8,-0.00111
MED00361,3,ma_8,-0.00193
MED00362,3,ma_8,-0.00229
MED00363,3,ma_8,-0.03644
MED00364,3,ma_8,-0.03321
MED00365,3,ma_8,-0.03669
MED00366,3,ma_8,-0.00264
MED00367,3,ma_8,-0.03636
MED00368,3,ma_8,-0.00238
MED00369,3,ma_8,-0.00358
MED00370,3,ma_8,-0.03227
MED00371,3,ma_8,-0.00391
MED00372,3,ma_8,-0.03299
MED00373,3,ma_8,-0.03293
MED00374,3,ma_8,-0.03397
MED00375,3,ma_8,-0.00397
MED00376,3,ma_8,-0.03803
MED00377,3,ma_8,-0.03697
MED00378,3,ma_8,-0.03222
MED00379,3,ma_8,-0.03274
MED00380,3,ma_8,-0.03312
MED00381,3,ma_8,-0.03315
MED00382,3,ma_8,-0.00054
MED00383,3,ma_8,-0.00425
MED00384,3,ma_8,-0.03539
MED00385,3,ma_8,-0.00038
MED00386,3,ma_8,-0.00272
MED00387,3,ma_8,-0.00192
MED00388,3,ma_8,0.00995
MED00389,3,ma_8,-0.00671
MED00390,3,ma_8,-0.00138
MED00391,3,ma_8,0.00525
MED00392,3,ma_8,-0.00066
MED00393,3,ma_8,-0.00541
MED00394,3,ma_8,-0.0062
MED00395,3,ma_8,-0.0035
MED00396,3,ma_8,-0.00202
MED00397,3,ma_8,-0.00122
MED00398,3,ma_8,0.00693
MED00399,3,ma_8,0.00768
MED00400,3,ma_8,0.00728
MED00401,3,ma_8,-0.0005
MED00402,3,ma_8,-0.00221
MED00403,3,ma_8,-0.00337
MED00404,3,ma_8,-0.00466
MED00405,3,ma_8,-0.00552
MED00406,3,ma_8,-0.00088
MED00407,3,ma_8,-0.0014
MED00408,3,ma_8,-0.00571
MED00409,3,ma_8,-0.00184
MED00410,3,ma_8,-0.00535
MED00411,3,ma_8,0.00193
MED00412,3,ma_8,-0.00225
MED00413,3,ma_8,-0.0051
MED00414,3,ma_8,-0.00109
MED00415,3,ma_8,-0.00331
MED00416,3,ma_8,0.0024
MED00417,3,ma_8,-0.0032
MED00418,3,ma_8,-0.00305
MED00419,3,ma_8,-0.0035
MED00420,3,ma_8,-0.00078
MED00421,3,ma_8,-0.00132
MED00422,3,ma_8,0.00151
MED00423,3,ma_8,-0.0033
MED00424,3,ma_8,0.00856
MED00001,4,ma_8,-0.00176
MED00002,4,ma_8,-0.02884
MED00003,4,ma_8,-0.03034
MED00004,4,ma_8,-0.03424
MED00005,4,ma_8,-0.03376
MED00006,4,ma_8,-0.03403
MED00007,4,ma_8,-0.03502
MED00008,4,ma_8,-0.03494
MED00009,4,ma_8,-0.00187
MED00010,4,ma_8,-0.00356
MED00011,4,ma_8,0.00118
MED00012,4,ma_8,-0.03537
MED00013,4,ma_8,-0.00378
MED00014,4,ma_8,0.00033
MED00015,4,ma_8,-0.03297
MED00016,4,ma_8,-0.00232
MED00017,4,ma_8,-0.03627
MED00018,4,ma_8,0.00641
MED00019,4,ma_8,-0.0007
MED00020,4,ma_8,-0.0021
MED00021,4,ma_8,-0.00387
MED00022,4,ma_8,-0.00129
MED00023,4,ma_8,-0.03551
MED00024,4,ma_8,-0.03712
MED00025,4,ma_8,-0.0364
MED00026,4,ma_8,-0.03376
MED00027,4,ma_8,-0.0363
MED00028,4,ma_8,-0.03479
MED00029,4,ma_8,-0.00762
MED00030,4,ma_8,-0.00442
MED00031,4,ma_8,-0.00133
MED00032,4,ma_8,-0.03378
MED00033,4,ma_8,-0.03426
MED00034,4,ma_8,0.00093
MED00035,4,ma_8,-0.03448
MED00036,4,ma_8,-0.03882
MED00037,4,ma_8,-0.00284
MED00038,4,ma_8,0.00307
MED00039,4,ma_8,-0.03354
MED00040,4,ma_8,-0.03463
MED00041,4,ma_8,-0.0364
MED00042,4,ma_8,-0.03742
MED00043,4,ma_8,-0.03099
MED00044,4,ma_8,-0.03159
MED00045,4,ma_8,-0.03397
MED00046,4,ma_8,-0.03769
MED00047,4,ma_8,-0.00584
MED00048,4,ma_8,-0.00861
MED00049,4,ma_8,-0.02707
MED00050,4,ma_8,-0.0341
MED00051,4,ma_8,-0.03047
MED00052,4,ma_8,-0.03337
MED00053,4,ma_8,-0.00295
MED00054,4,ma_8,-0.00339
MED00055,4,ma_8,-0.03473
MED00056,4,ma_8,-0.0349
MED00057,4,ma_8,-0.03758
MED00058,4,ma_8,-0.0344
MED00059,4,ma_8,-0.00518
MED00060,4,ma_8,-0.00306
MED00061,4,ma_8,-0.03353
MED00062,4,ma_8,-0.00877
MED00063,4,ma_8,-0.02725
MED00064,4,ma_8,-0.00102
MED00065,4,ma_8,0.00518
MED00066,4,ma_8,-0.03309
MED00067,4,ma_8,-0.00092
MED00068,4,ma_8,0.00133
MED00069,4,ma_8,-0.03723
MED00070,4,ma_8,-0.00193
MED00071,4,ma_8,-0.03702
MED00072,4,ma_8,-0.00145
MED00073,4,ma_8,-0.00469
MED00074,4,ma_8,0.00034
MED00075,4,ma_8,-0.00194
MED00076,4,ma_8,-0.03291
MED00077,4,ma_8,-0.00402
MED00078,4,ma_8,0.00393
MED00079,4,ma_8,-0.00753
MED00080,4,ma_8,-0.00309
MED00081,4,ma_8,-0.03117
MED00082,4,ma_8,-0.03434
MED00083,4,ma_8,-0.00336
MED00084,4,ma_8,-0.00323
MED00085,4,ma_8,-0.0011
MED00086,4,ma_8,-0.03486
MED00087,4,ma_8,-0.03542
MED00088,4,ma_8,-0.00264
MED00089,4,ma_8,-0.00082
MED00090,4,ma_8,-0.00309
MED00091,4,ma_8,-0.03816
MED00092,4,ma_8,-0.0345
MED00093,4,ma_8,-0.03704
MED00094,4,ma_8,-0.03751
MED00095,4,ma_8,-0.00197
MED00096,4,ma_8,-0.00232
MED00097,4,ma_8,-0.0348
MED00098,4,ma_8,-0.00388
MED00099,4,ma_8,-0.03634
MED00100,4,ma_8,-0.03096
MED00101,4,ma_8,-0.01139
MED00102,4,ma_8,0.00042
MED00103,4,ma_8,-0.03484
MED00104,4,ma_8,-0.00268
MED00105,4,ma_8,-0.00254
MED00106,4,ma_8,-0.03012
MED00107,4,ma_8,-0.00261
MED00108,4,ma_8,-0.00312
MED00109,4,ma_8,-0.03468
MED00110,4,ma_8,-0.03439
MED00111,4,ma_8,-0.03258
MED00112,4,ma_8,-0.00261
MED00113,4,ma_8,-0.03547
MED00114,4,ma_8,-0.00465
MED00115,4,ma_8,-0.03669
MED00116,4,ma_8,-0.00103
MED00117,4,ma_8,-0.04218
MED00118,4,ma_8,-0.03204
MED00119,4,ma_8,-0.03656
MED00120,4,ma_8,-0.01745
MED00121,4,ma_8,-0.00192
MED00122,4,ma_8,-0.00377
MED00123,4,ma_8,-0.03601
MED00124,4,ma_8,-0.00271
MED00125,4,ma_8,-0.03096
MED00126,4,ma_8,-0.03303
MED00127,4,ma_8,-0.04001
MED00128,4,ma_8,-0.03687
MED00129,4,ma_8,-0.03937
MED00130,4,ma_8,-0.02707
MED00131,4,ma_8,-0.03733
MED00132,4,ma_8,-0.03617
MED00133,4,ma_8,-0.03325
MED00134,4,ma_8,-0.0333
MED00135,4,ma_8,-0.02079
MED00136,4,ma_8,-0.03719
MED00137,4,ma_8,-0.03383
MED00138,4,ma_8,-0.03686
MED00139,4,ma_8,-0.03288
MED00140,4,ma_8,-0.03696
MED00141,4,ma_8,-0.00493
MED00142,4,ma_8,-0.03606
MED00143,4,ma_8,-0.03676
MED00144,4,ma_8,-0.00638
MED00145,4,ma_8,-0.03271
MED00146,4,ma_8,-0.03489
MED00147,4,ma_8,-0.0335
MED00148,4,ma_8,-0.00593
MED00149,4,ma_8,-0.00485
MED00150,4,ma_8,-0.0366
MED00151,4,ma_8,-0.03665
MED00152,4,ma_8,-0.03612
MED00153,4,ma_8,-0.03544
MED00154,4,ma_8,-0.00327
MED00155,4,ma_8,-0.03678
MED00156,4,ma_8,-0.00329
MED00157,4,ma_8,-0.00378
MED00158,4,ma_8,-0.0335
MED00159,4,ma_8,-0.00252
MED00160,4,ma_8,-0.00257
MED00161,4,ma_8,-0.00611
MED00162,4,ma_8,-0.03422
MED00163,4,ma_8,-0.03324
MED00164,4,ma_8,-0.03781
MED00165,4,ma_8,-0.00251
MED00166,4,ma_8,-0.03436
MED00167,4,ma_8,-0.00275
MED00168,4,ma_8,-0.03667
MED00169,4,ma_8,-0.04478
MED00170,4,ma_8,-0.03536
MED00171,4,ma_8,-0.03704
MED00172,4,ma_8,-0.00149
MED00173,4,ma_8,-0.03381
MED00174,4,ma_8,-0.00583
MED00175,4,ma_8,-0.03674
MED00176,4,ma_8,-0.00406
MED00177,4,ma_8,-0.03374
MED00178,4,ma_8,-0.03452
MED00179,4,ma_8,-0.03715
MED00180,4,ma_8,-0.03311
MED00181,4,ma_8,-0.00745
MED00182,4,ma_8,-0.03625
MED00183,4,ma_8,-0.00139
MED00184,4,ma_8,-0.00441
MED00185,4,ma_8,-0.00348
MED00186,4,ma_8,-0.03711
MED00187,4,ma_8,-0.03768
MED00188,4,ma_8,-0.0034
MED00189,4,ma_8,-0.03046
MED00190,4,ma_8,-0.00142
MED00191,4,ma_8,-0.00595
MED00192,4,ma_8,-0.03126
MED00193,4,ma_8,-0.0271
MED00194,4,ma_8,-0.00572
MED00195,4,ma_8,-0.00425
MED00196,4,ma_8,-0.00518
MED00197,4,ma_8,-0.00537
MED00198,4,ma_8,-0.0361
MED00199,4,ma_8,-0.03482
MED00200,4,ma_8,-0.03569
MED00201,4,ma_8,-0.00365
MED00202,4,ma_8,-0.03373
MED00203,4,ma_8,-0.00107
MED00204,4,ma_8,-0.03372
MED00205,4,ma_8,-0.00295
MED00206,4,ma_8,-0.03538
MED00207,4,ma_8,-0.03604
MED00208,4,ma_8,-0.00297
MED00209,4,ma_8,-0.00251
MED00210,4,ma_8,-0.03574
MED00211,4,ma_8,-0.03443
MED00212,4,ma_8,-0.0382
MED00213,4,ma_8,-0.0326
MED00214,4,ma_8,-0.00623
MED00215,4,ma_8,-0.03588
MED00216,4,ma_8,-0.0302
MED00217,4,ma_8,-0.03291
MED00218,4,ma_8,-0.00532
MED00219,4,ma_8,-0.00242
MED00220,4,ma_8,-0.03527
MED00221,4,ma_8,-0.03702
MED00222,4,ma_8,-0.03566
MED00223,4,ma_8,-0.00548
MED00224,4,ma_8,-0.03441
MED00225,4,ma_8,-0.00405
MED00226,4,ma_8,-0.00489
MED00227,4,ma_8,0.00261
MED00228,4,ma_8,-0.03233
MED00229,4,ma_8,-0.03335
MED00230,4,ma_8,-0.00406
MED00231,4,ma_8,-0.03552
MED00232,4,ma_8,-0.03273
MED00233,4,ma_8,-0.03319
MED00234,4,ma_8,-0.03512
MED00235,4,ma_8,0.00326
MED00236,4,ma_8,-0.04356
MED00237,4,ma_8,-0.00355
MED00238,4,ma_8,-0.03557
MED00239,4,ma_8,-0.00372
MED00240,4,ma_8,-0.00501
MED00241,4,ma_8,-0.03765
MED00242,4,ma_8,-0.00254
MED00243,4,ma_8,-0.02886
MED00244,4,ma_8,-0.03583
MED00245,4,ma_8,0.00306
MED00246,4,ma_8,-0.00467
MED00247,4,ma_8,-0.0031
MED00248,4,ma_8,-0.03522
MED00249,4,ma_8,0.00036
MED00250,4,ma_8,-0.00394
MED00251,4,ma_8,-0.03614
MED00252,4,ma_8,-0.03507
MED00253,4,ma_8,-0.00404
MED00254,4,ma_8,-0.0351
MED00255,4,ma_8,-0.00497
MED00256,4,ma_8,-0.03632
MED00257,4,ma_8,-0.00172
MED00258,4,ma_8,-0.00304
MED00259,4,ma_8,-0.00173
MED00260,4,ma_8,-0.03454
MED00261,4,ma_8,-0.03735
MED00262,4,ma_8,-0.00251
MED00263,4,ma_8,-0.00347
MED00264,4,ma_8,-0.0335
MED00265,4,ma_8,-0.00286
MED00266,4,ma_8,-0.02144
MED00267,4,ma_8,-0.0027
MED00268,4,ma_8,-0.00326
MED00269,4,ma_8,-0.0366
MED00270,4,ma_8,-0.00237
MED00271,4,ma_8,-0.00188
MED00272,4,ma_8,-0.00356
MED00273,4,ma_8,-0.0359
MED00274,4,ma_8,-0.03618
MED00275,4,ma_8,-0.00399
MED00276,4,ma_8,-0.03675
MED00277,4,ma_8,-0.03046
MED00278,4,ma_8,-0.00552
MED00279,4,ma_8,-0.00168
MED00280,4,ma_8,-0.03291
MED00281,4,ma_8,-0.0074
MED00282,4,ma_8,-0.00235
MED00283,4,ma_8,-0.00345
MED00284,4,ma_8,-0.03379
MED00285,4,ma_8,-0.00577
MED00286,4,ma_8,-0.00483
MED00287,4,ma_8,-0.0033
MED00288,4,ma_8,0.00098
MED00289,4,ma_8,-0.00221
MED00290,4,ma_8,-0.03721
MED00291,4,ma_8,-0.13668
MED00292,4,ma_8,-0.04328
MED00293,4,ma_8,0.0027
MED00294,4,ma_8,-0.03594
MED00295,4,ma_8,-0.03629
MED00296,4,ma_8,-0.00595
MED00297,4,ma_8,-0.00589
MED00298,4,ma_8,-0.00108
MED00299,4,ma_8,-0.03469
MED00300,4,ma_8,-0.03484
MED00301,4,ma_8,-0.00525
MED00302,4,ma_8,-0.00492
MED00303,4,ma_8,-0.00382
MED00304,4,ma_8,-0.00575
MED00305,4,ma_8,-0.03345
MED00306,4,ma_8,-0.03673
MED00307,4,ma_8,-0.00107
MED00308,4,ma_8,-0.03454
MED00309,4,ma_8,-0.03696
MED00310,4,ma_8,-0.00036
MED00311,4,ma_8,-0.00319
MED00312,4,ma_8,-0.04198
MED00313,4,ma_8,-0.03195
MED00314,4,ma_8,-0.0018
MED00315,4,ma_8,-0.00268
MED00316,4,ma_8,-0.03679
MED00317,4,ma_8,-0.03556
MED00318,4,ma_8,-0.00391
MED00319,4,ma_8,-0.00295
MED00320,4,ma_8,-0.01526
MED00321,4,ma_8,0.00128
MED00322,4,ma_8,-0.02707
MED00323,4,ma_8,-0.03738
MED00324,4,ma_8,-0.0304
MED00325,4,ma_8,-0.00525
MED00326,4,ma_8,-0.00285
MED00327,4,ma_8,-0.03655
MED00328,4,ma_8,-0.00394
MED00329,4,ma_8,-0.00301
MED00330,4,ma_8,-0.00676
MED00331,4,ma_8,-0.03501
MED00332,4,ma_8,-0.03638
MED00333,4,ma_8,-0.00281
MED00334,4,ma_8,-0.01921
MED00335,4,ma_8,-0.00554
MED00336,4,ma_8,-0.00801
MED00337,4,ma_8,0.00402
MED00338,4,ma_8,-0.04223
MED00339,4,ma_8,-0.03667
MED00340,4,ma_8,-0.03729
MED00341,4,ma_8,-0.00242
MED00342,4,ma_8,-0.03761
MED00343,4,ma_8,-0.00232
MED00344,4,ma_8,-0.00421
MED00345,4,ma_8,-0.0271
MED00346,4,ma_8,-0.03682
MED00347,4,ma_8,-0.03051
MED00348,4,ma_8,-0.03994
MED00349,4,ma_8,-0.03676
MED00350,4,ma_8,-0.0332
MED00351,4,ma_8,-0.03328
MED00352,4,ma_8,-0.03472
MED00353,4,ma_8,-0.03303
MED00354,4,ma_8,-0.03464
MED00355,4,ma_8,-0.00352
MED00356,4,ma_8,-0.03495
MED00357,4,ma_8,-0.03257
MED00358,4,ma_8,0.00174
MED00359,4,ma_8,-0.03536
MED00360,4,ma_8,-0.00135
MED00361,4,ma_8,-0.00236
MED00362,4,ma_8,-0.00262
MED00363,4,ma_8,-0.03674
MED00364,4,ma_8,-0.03056
MED00365,4,ma_8,-0.03687
MED00366,4,ma_8,-0.00274
MED00367,4,ma_8,-0.03489
MED00368,4,ma_8,-0.0028
MED00369,4,ma_8,-0.00388
MED00370,4,ma_8,-0.03301
MED00371,4,ma_8,0.00027
MED00372,4,ma_8,-0.03068
MED00373,4,ma_8,-0.03282
MED00374,4,ma_8,-0.03424
MED00375,4,ma_8,-0.00387
MED00376,4,ma_8,-0.03721
MED00377,4,ma_8,-0.042
MED00378,4,ma_8,-0.03728
MED00379,4,ma_8,-0.03294
MED00380,4,ma_8,-0.03448
MED00381,4,ma_8,-0.03342
MED00382,4,ma_8,-0.00282
MED00383,4,ma_8,-0.00469
MED00384,4,ma_8,-0.03557
MED00385,4,ma_8,-0.00026
MED00386,4,ma_8,-0.00272
MED00387,4,ma_8,-0.00185
MED00388,4,ma_8,0.01229
MED00389,4,ma_8,-0.00686
MED00390,4,ma_8,-0.00087
MED00391,4,ma_8,0.00537
MED00392,4,ma_8,-0.00054
MED00393,4,ma_8,-0.00527
MED00394,4,ma_8,-0.0061
MED00395,4,ma_8,-0.00336
MED00396,4,ma_8,-0.00185
MED00397,4,ma_8,-0.00097
MED00398,4,ma_8,0.00717
MED00399,4,ma_8,0.00782
MED00400,4,ma_8,0.00751
MED00401,4,ma_8,-0.00024
MED00402,4,ma_8,-0.00207
MED00403,4,ma_8,-0.00351
MED00404,4,ma_8,-0.00499
MED00405,4,ma_8,-0.00549
MED00406,4,ma_8,-0.00077
MED00407,4,ma_8,-0.00146
MED00408,4,ma_8,-0.00587
MED00409,4,ma_8,-0.00196
MED00410,4,ma_8,-0.0054
MED00411,4,ma_8,0.002
MED00412,4,ma_8,-0.00231
MED00413,4,ma_8,-0.00675
MED00414,4,ma_8,-0.00092
MED00415,4,ma_8,-0.00337
MED00416,4,ma_8,0.00244
MED00417,4,ma_8,-0.00326
MED00418,4,ma_8,-0.00293
MED00419,4,ma_8,-0.00347
MED00420,4,ma_8,-0.00067
MED00421,4,ma_8,-0.00112
MED00422,4,ma_8,0.00207
MED00423,4,ma_8,-0.00338
MED00424,4,ma_8,0.0088
MED00001,5,ma_8,-0.00162
MED00002,5,ma_8,-0.03217
MED00003,5,ma_8,-0.03315
MED00004,5,ma_8,-0.03555
MED00005,5,ma_8,-0.02282
MED00006,5,ma_8,-0.02696
MED00007,5,ma_8,-0.03504
MED00008,5,ma_8,-0.03223
MED00009,5,ma_8,-0.00189
MED00010,5,ma_8,-0.00333
MED00011,5,ma_8,0.00211
MED00012,5,ma_8,-0.03043
MED00013,5,ma_8,-0.004
MED00014,5,ma_8,-0.00173
MED00015,5,ma_8,-0.03285
MED00016,5,ma_8,-0.0026
MED00017,5,ma_8,-0.03573
MED00018,5,ma_8,0.00649
MED00019,5,ma_8,-0.00104
MED00020,5,ma_8,-0.00197
MED00021,5,ma_8,-0.00485
MED00022,5,ma_8,-0.00187
MED00023,5,ma_8,-0.02963
MED00024,5,ma_8,-0.0363
MED00025,5,ma_8,-0.03681
MED00026,5,ma_8,-0.03672
MED00027,5,ma_8,-0.03665
MED00028,5,ma_8,-0.03197
MED00029,5,ma_8,-0.00357
MED00030,5,ma_8,-0.00449
MED00031,5,ma_8,-0.00181
MED00032,5,ma_8,-0.03344
MED00033,5,ma_8,-0.03578
MED00034,5,ma_8,0.0018
MED00035,5,ma_8,-0.0338
MED00036,5,ma_8,-0.03888
MED00037,5,ma_8,-0.00303
MED00038,5,ma_8,0.0024
MED00039,5,ma_8,-0.03578
MED00040,5,ma_8,-0.03341
MED00041,5,ma_8,-0.03645
MED00042,5,ma_8,-0.04173
MED00043,5,ma_8,-0.03321
MED00044,5,ma_8,-0.03391
MED00045,5,ma_8,-0.03412
MED00046,5,ma_8,-0.0387
MED00047,5,ma_8,-0.00613
MED00048,5,ma_8,-0.00414
MED00049,5,ma_8,-0.03281
MED00050,5,ma_8,-0.03384
MED00051,5,ma_8,-0.03332
MED00052,5,ma_8,-0.03287
MED00053,5,ma_8,-0.00324
MED00054,5,ma_8,-0.00359
MED00055,5,ma_8,-0.03405
MED00056,5,ma_8,-0.03401
MED00057,5,ma_8,-0.03981
MED00058,5,ma_8,-0.03229
MED00059,5,ma_8,-0.0051
MED00060,5,ma_8,-0.00339
MED00061,5,ma_8,-0.03313
MED00062,5,ma_8,-0.00435
MED00063,5,ma_8,-0.03301
MED00064,5,ma_8,0.00129
MED00065,5,ma_8,0.00542
MED00066,5,ma_8,-0.03263
MED00067,5,ma_8,-0.00124
MED00068,5,ma_8,-0.00295
MED00069,5,ma_8,-0.03733
MED00070,5,ma_8,-0.00207
MED00071,5,ma_8,-0.03659
MED00072,5,ma_8,-0.00204
MED00073,5,ma_8,-0.00459
MED00074,5,ma_8,-0.00417
MED00075,5,ma_8,-0.00212
MED00076,5,ma_8,-0.03248
MED00077,5,ma_8,-0.004
MED00078,5,ma_8,-0.00644
MED00079,5,ma_8,-0.00781
MED00080,5,ma_8,-0.00324
MED00081,5,ma_8,-0.03316
MED00082,5,ma_8,-0.034
MED00083,5,ma_8,-0.00387
MED00084,5,ma_8,-0.00333
MED00085,5,ma_8,-0.00137
MED00086,5,ma_8,-0.03751
MED00087,5,ma_8,-0.03546
MED00088,5,ma_8,-0.00208
MED00089,5,ma_8,-0.00067
MED00090,5,ma_8,-0.0041
MED00091,5,ma_8,-0.03851
MED00092,5,ma_8,-0.03296
MED00093,5,ma_8,-0.03383
MED00094,5,ma_8,-0.03427
MED00095,5,ma_8,-0.00228
MED00096,5,ma_8,-0.00278
MED00097,5,ma_8,-0.03744
MED00098,5,ma_8,-0.00388
MED00099,5,ma_8,-0.03666
MED00100,5,ma_8,-0.0336
MED00101,5,ma_8,-0.00974
MED00102,5,ma_8,0.00018
MED00103,5,ma_8,-0.02344
MED00104,5,ma_8,-0.00281
MED00105,5,ma_8,-0.00244
MED00106,5,ma_8,-0.033
MED00107,5,ma_8,-0.00273
MED00108,5,ma_8,-0.00333
MED00109,5,ma_8,-0.03628
MED00110,5,ma_8,-0.03596
MED00111,5,ma_8,-0.0323
MED00112,5,ma_8,-0.00283
MED00113,5,ma_8,-0.03502
MED00114,5,ma_8,-0.0042
MED00115,5,ma_8,-0.03661
MED00116,5,ma_8,-0.00019
MED00117,5,ma_8,-0.04698
MED00118,5,ma_8,-0.0305
MED00119,5,ma_8,-0.02895
MED00120,5,ma_8,-0.02173
MED00121,5,ma_8,-0.00235
MED00122,5,ma_8,-0.0033
MED00123,5,ma_8,-0.03859
MED00124,5,ma_8,-0.00284
MED00125,5,ma_8,-0.03322
MED00126,5,ma_8,-0.03429
MED00127,5,ma_8,-0.03855
MED00128,5,ma_8,-0.03527
MED00129,5,ma_8,-0.03734
MED00130,5,ma_8,-0.03281
MED00131,5,ma_8,-0.0368
MED00132,5,ma_8,-0.03856
MED00133,5,ma_8,-0.03268
MED00134,5,ma_8,-0.03461
MED00135,5,ma_8,-0.02506
MED00136,5,ma_8,-0.03598
MED00137,5,ma_8,-0.03436
MED00138,5,ma_8,-0.03632
MED00139,5,ma_8,-0.01173
MED00140,5,ma_8,-0.03529
MED00141,5,ma_8,-0.00568
MED00142,5,ma_8,-0.03815
MED00143,5,ma_8,-0.0352
MED00144,5,ma_8,-0.00667
MED00145,5,ma_8,-0.03228
MED00146,5,ma_8,-0.03506
MED00147,5,ma_8,-0.0328
MED00148,5,ma_8,-0.00614
MED00149,5,ma_8,-0.00448
MED00150,5,ma_8,-0.03777
MED00151,5,ma_8,-0.03508
MED00152,5,ma_8,-0.03566
MED00153,5,ma_8,-0.03414
MED00154,5,ma_8,-0.00316
MED00155,5,ma_8,-0.03633
MED00156,5,ma_8,-0.00311
MED00157,5,ma_8,-0.00423
MED00158,5,ma_8,-0.03667
MED00159,5,ma_8,-0.00223
MED00160,5,ma_8,-0.00283
MED00161,5,ma_8,-0.00669
MED00162,5,ma_8,-0.03311
MED00163,5,ma_8,-0.03287
MED00164,5,ma_8,-0.03664
MED00165,5,ma_8,-0.00265
MED00166,5,ma_8,-0.03317
MED00167,5,ma_8,-0.00303
MED00168,5,ma_8,-0.03546
MED00169,5,ma_8,-0.04341
MED00170,5,ma_8,-0.03489
MED00171,5,ma_8,-0.03656
MED00172,5,ma_8,-0.00222
MED00173,5,ma_8,-0.03539
MED00174,5,ma_8,-0.00605
MED00175,5,ma_8,-0.03862
MED00176,5,ma_8,-0.00305
MED00177,5,ma_8,-0.03467
MED00178,5,ma_8,-0.03482
MED00179,5,ma_8,-0.03927
MED00180,5,ma_8,-0.02589
MED00181,5,ma_8,-0.00808
MED00182,5,ma_8,-0.0366
MED00183,5,ma_8,-0.00031
MED00184,5,ma_8,-0.00443
MED00185,5,ma_8,-0.00459
MED00186,5,ma_8,-0.0359
MED00187,5,ma_8,-0.03642
MED00188,5,ma_8,-0.00297
MED00189,5,ma_8,-0.03327
MED00190,5,ma_8,-0.00213
MED00191,5,ma_8,-0.0055
MED00192,5,ma_8,-0.03325
MED00193,5,ma_8,-0.03283
MED00194,5,ma_8,-0.00584
MED00195,5,ma_8,-0.00438
MED00196,5,ma_8,-0.00558
MED00197,5,ma_8,-0.00549
MED00198,5,ma_8,-0.03567
MED00199,5,ma_8,-0.03449
MED00200,5,ma_8,-0.03667
MED00201,5,ma_8,-0.00357
MED00202,5,ma_8,-0.02878
MED00203,5,ma_8,-0.00172
MED00204,5,ma_8,-0.0265
MED00205,5,ma_8,-0.00267
MED00206,5,ma_8,-0.03434
MED00207,5,ma_8,-0.03561
MED00208,5,ma_8,-0.00286
MED00209,5,ma_8,-0.00319
MED00210,5,ma_8,-0.03578
MED00211,5,ma_8,-0.03436
MED00212,5,ma_8,-0.03814
MED00213,5,ma_8,-0.03386
MED00214,5,ma_8,-0.00622
MED00215,5,ma_8,-0.03615
MED00216,5,ma_8,-0.0332
MED00217,5,ma_8,-0.03249
MED00218,5,ma_8,-0.00507
MED00219,5,ma_8,-0.002
MED00220,5,ma_8,-0.03531
MED00221,5,ma_8,-0.03686
MED00222,5,ma_8,-0.03797
MED00223,5,ma_8,-0.00576
MED00224,5,ma_8,-0.0273
MED00225,5,ma_8,-0.00362
MED00226,5,ma_8,-0.00796
MED00227,5,ma_8,0.00199
MED00228,5,ma_8,-0.03142
MED00229,5,ma_8,-0.03462
MED00230,5,ma_8,-0.00396
MED00231,5,ma_8,-0.03398
MED00232,5,ma_8,-0.03435
MED00233,5,ma_8,-0.03254
MED00234,5,ma_8,-0.03467
MED00235,5,ma_8,0.00318
MED00236,5,ma_8,-0.04621
MED00237,5,ma_8,-0.00322
MED00238,5,ma_8,-0.03416
MED00239,5,ma_8,-0.00407
MED00240,5,ma_8,-0.00489
MED00241,5,ma_8,-0.03751
MED00242,5,ma_8,-0.0027
MED00243,5,ma_8,-0.03219
MED00244,5,ma_8,-0.03568
MED00245,5,ma_8,0.00298
MED00246,5,ma_8,-0.0051
MED00247,5,ma_8,-0.00309
MED00248,5,ma_8,-0.03393
MED00249,5,ma_8,0.00075
MED00250,5,ma_8,-0.00319
MED00251,5,ma_8,-0.0356
MED00252,5,ma_8,-0.0345
MED00253,5,ma_8,-0.00478
MED00254,5,ma_8,-0.03453
MED00255,5,ma_8,-0.0054
MED00256,5,ma_8,-0.03416
MED00257,5,ma_8,-0.00135
MED00258,5,ma_8,-0.00382
MED00259,5,ma_8,-0.00201
MED00260,5,ma_8,-0.03236
MED00261,5,ma_8,-0.03482
MED00262,5,ma_8,-0.00306
MED00263,5,ma_8,-0.00309
MED00264,5,ma_8,-0.03484
MED00265,5,ma_8,-0.00294
MED00266,5,ma_8,-0.02568
MED00267,5,ma_8,-0.00315
MED00268,5,ma_8,-0.00353
MED00269,5,ma_8,-0.03606
MED00270,5,ma_8,-0.00264
MED00271,5,ma_8,-0.00269
MED00272,5,ma_8,-0.00396
MED00273,5,ma_8,-0.03434
MED00274,5,ma_8,-0.03852
MED00275,5,ma_8,-0.00399
MED00276,5,ma_8,-0.03628
MED00277,5,ma_8,-0.03327
MED00278,5,ma_8,-0.00548
MED00279,5,ma_8,-0.00121
MED00280,5,ma_8,-0.03249
MED00281,5,ma_8,-0.00274
MED00282,5,ma_8,-0.00307
MED00283,5,ma_8,-0.00642
MED00284,5,ma_8,-0.03241
MED00285,5,ma_8,-0.00606
MED00286,5,ma_8,-0.00479
MED00287,5,ma_8,-0.00364
MED00288,5,ma_8,0.00139
MED00289,5,ma_8,-0.0024
MED00290,5,ma_8,-0.03563
MED00291,5,ma_8,-0.14437
MED00292,5,ma_8,-0.04673
MED00293,5,ma_8,0.00227
MED00294,5,ma_8,-0.03803
MED00295,5,ma_8,-0.03865
MED00296,5,ma_8,-0.0067
MED00297,5,ma_8,-0.00609
MED00298,5,ma_8,-0.00147
MED00299,5,ma_8,-0.03645
MED00300,5,ma_8,-0.02989
MED00301,5,ma_8,-0.005
MED00302,5,ma_8,-0.00524
MED00303,5,ma_8,-0.00741
MED00304,5,ma_8,-0.00679
MED00305,5,ma_8,-0.03458
MED00306,5,ma_8,-0.0385
MED00307,5,ma_8,-0.00091
MED00308,5,ma_8,-0.03401
MED00309,5,ma_8,-0.03666
MED00310,5,ma_8,-0.00387
MED00311,5,ma_8,-0.00371
MED00312,5,ma_8,-0.04772
MED00313,5,ma_8,-0.03032
MED00314,5,ma_8,0.00161
MED00315,5,ma_8,-0.00269
MED00316,5,ma_8,-0.03638
MED00317,5,ma_8,-0.03542
MED00318,5,ma_8,-0.00451
MED00319,5,ma_8,-0.00295
MED00320,5,ma_8,-0.03279
MED00321,5,ma_8,0.00106
MED00322,5,ma_8,-0.0328
MED00323,5,ma_8,-0.03839
MED00324,5,ma_8,-0.03042
MED00325,5,ma_8,-0.00486
MED00326,5,ma_8,-0.00289
MED00327,5,ma_8,-0.03605
MED00328,5,ma_8,-0.00354
MED00329,5,ma_8,-0.00302
MED00330,5,ma_8,-0.00744
MED00331,5,ma_8,-0.03455
MED00332,5,ma_8,-0.03589
MED00333,5,ma_8,-0.00311
MED00334,5,ma_8,-0.02368
MED00335,5,ma_8,-0.0055
MED00336,5,ma_8,-0.00617
MED00337,5,ma_8,0.004
MED00338,5,ma_8,-0.04587
MED00339,5,ma_8,-0.02948
MED00340,5,ma_8,-0.0371
MED00341,5,ma_8,-0.00252
MED00342,5,ma_8,-0.03632
MED00343,5,ma_8,-0.00231
MED00344,5,ma_8,-0.00455
MED00345,5,ma_8,-0.03284
MED00346,5,ma_8,-0.0367
MED00347,5,ma_8,-0.03335
MED00348,5,ma_8,-0.03827
MED00349,5,ma_8,-0.03629
MED00350,5,ma_8,-0.03318
MED00351,5,ma_8,-0.03454
MED00352,5,ma_8,-0.0358
MED00353,5,ma_8,-0.03429
MED00354,5,ma_8,-0.03619
MED00355,5,ma_8,-0.00353
MED00356,5,ma_8,-0.03328
MED00357,5,ma_8,-0.03212
MED00358,5,ma_8,-0.00186
MED00359,5,ma_8,-0.03645
MED00360,5,ma_8,-0.00167
MED00361,5,ma_8,-0.00263
MED00362,5,ma_8,-0.00297
MED00363,5,ma_8,-0.03627
MED00364,5,ma_8,-0.03352
MED00365,5,ma_8,-0.03642
MED00366,5,ma_8,-0.00273
MED00367,5,ma_8,-0.03384
MED00368,5,ma_8,-0.00303
MED00369,5,ma_8,-0.00452
MED00370,5,ma_8,-0.03531
MED00371,5,ma_8,0.00154
MED00372,5,ma_8,-0.03317
MED00373,5,ma_8,-0.0328
MED00374,5,ma_8,-0.03581
MED00375,5,ma_8,-0.00354
MED00376,5,ma_8,-0.03707
MED00377,5,ma_8,-0.03862
MED00378,5,ma_8,-0.03506
MED00379,5,ma_8,-0.03289
MED00380,5,ma_8,-0.03604
MED00381,5,ma_8,-0.03234
MED00382,5,ma_8,-0.00424
MED00383,5,ma_8,-0.00477
MED00384,5,ma_8,-0.03513
MED00385,5,ma_8,-0.00057
MED00386,5,ma_8,-0.00296
MED00387,5,ma_8,-0.004
MED00388,5,ma_8,0.013
MED00389,5,ma_8,-0.00695
MED00390,5,ma_8,-0.00093
MED00391,5,ma_8,0.00135
MED00392,5,ma_8,-0.00044
MED00393,5,ma_8,-0.00302
MED00394,5,ma_8,-0.00427
MED00395,5,ma_8,-0.00337
MED00396,5,ma_8,-0.0019
MED00397,5,ma_8,-0.00096
MED00398,5,ma_8,0.00717
MED00399,5,ma_8,0.00759
MED00400,5,ma_8,0.00741
MED00401,5,ma_8,-0.00211
MED00402,5,ma_8,0.00015
MED00403,5,ma_8,-0.0025
MED00404,5,ma_8,-0.00581
MED00405,5,ma_8,-0.00575
MED00406,5,ma_8,-0.00119
MED00407,5,ma_8,-0.00016
MED00408,5,ma_8,-0.00577
MED00409,5,ma_8,-0.00136
MED00410,5,ma_8,-0.00535
MED00412,5,ma_8,-0.00195
MED00413,5,ma_8,-0.00497
MED00414,5,ma_8,0.00012
MED00415,5,ma_8,-0.00287
MED00416,5,ma_8,-0.00014
MED00417,5,ma_8,-0.00339
MED00418,5,ma_8,-0.00294
MED00419,5,ma_8,-0.0032
MED00420,5,ma_8,0.00037
MED00421,5,ma_8,-0.00068
MED00422,5,ma_8,0.00072
MED00423,5,ma_8,-0.00346
MED00424,5,ma_8,0.00845
MED00001,6,ma_8,-0.00164
MED00002,6,ma_8,-0.03203
MED00003,6,ma_8,-0.03299
MED00004,6,ma_8,-0.03284
MED00005,6,ma_8,-0.02224
MED00006,6,ma_8,-0.02728
MED00007,6,ma_8,-0.03385
MED00008,6,ma_8,-0.03209
MED00009,6,ma_8,-0.00146
MED00010,6,ma_8,-0.00044
MED00011,6,ma_8,-0.00142
MED00012,6,ma_8,-0.02873
MED00013,6,ma_8,-0.0034
MED00014,6,ma_8,-0.00177
MED00015,6,ma_8,-0.03266
MED00016,6,ma_8,-0.00207
MED00017,6,ma_8,-0.03533
MED00018,6,ma_8,0.00617
MED00019,6,ma_8,-0.00137
MED00020,6,ma_8,-0.00216
MED00021,6,ma_8,-0.00385
MED00022,6,ma_8,-0.00249
MED00023,6,ma_8,-0.02856
MED00024,6,ma_8,-0.03601
MED00025,6,ma_8,-0.03414
MED00026,6,ma_8,-0.03392
MED00027,6,ma_8,-0.03397
MED00028,6,ma_8,-0.03183
MED00029,6,ma_8,-0.0036
MED00030,6,ma_8,-0.00391
MED00031,6,ma_8,-0.0016
MED00032,6,ma_8,-0.03402
MED00033,6,ma_8,-0.03164
MED00034,6,ma_8,-0.0007
MED00035,6,ma_8,-0.03332
MED00036,6,ma_8,-0.03614
MED00037,6,ma_8,-0.0027
MED00038,6,ma_8,0.00236
MED00039,6,ma_8,-0.032
MED00040,6,ma_8,-0.03294
MED00041,6,ma_8,-0.032
MED00042,6,ma_8,-0.03559
MED00043,6,ma_8,-0.03293
MED00044,6,ma_8,-0.03361
MED00045,6,ma_8,-0.03241
MED00046,6,ma_8,-0.03493
MED00047,6,ma_8,-0.00607
MED00048,6,ma_8,-0.00419
MED00049,6,ma_8,-0.03253
MED00050,6,ma_8,-0.0355
MED00051,6,ma_8,-0.03316
MED00052,6,ma_8,-0.03267
MED00053,6,ma_8,-0.0032
MED00054,6,ma_8,-0.00375
MED00055,6,ma_8,-0.03363
MED00056,6,ma_8,-0.03332
MED00057,6,ma_8,-0.0336
MED00058,6,ma_8,-0.0326
MED00059,6,ma_8,-0.00496
MED00060,6,ma_8,-0.00343
MED00061,6,ma_8,-0.033
MED00062,6,ma_8,-0.00431
MED00063,6,ma_8,-0.03273
MED00064,6,ma_8,-0.0025
MED00065,6,ma_8,0.00542
MED00066,6,ma_8,-0.03249
MED00067,6,ma_8,-0.00071
MED00068,6,ma_8,-0.0026
MED00069,6,ma_8,-0.0345
MED00070,6,ma_8,-0.00201
MED00071,6,ma_8,-0.03619
MED00072,6,ma_8,-0.00174
MED00073,6,ma_8,-0.00411
MED00074,6,ma_8,-0.00385
MED00075,6,ma_8,-0.0016
MED00076,6,ma_8,-0.0323
MED00077,6,ma_8,-0.00414
MED00078,6,ma_8,-0.00224
MED00079,6,ma_8,-0.00785
MED00080,6,ma_8,-0.00276
MED00081,6,ma_8,-0.03288
MED00082,6,ma_8,-0.03622
MED00083,6,ma_8,-0.00337
MED00084,6,ma_8,-0.00176
MED00085,6,ma_8,-0.00108
MED00086,6,ma_8,-0.03372
MED00087,6,ma_8,-0.03578
MED00088,6,ma_8,-0.00169
MED00089,6,ma_8,-0.00423
MED00090,6,ma_8,-0.00366
MED00091,6,ma_8,-0.03796
MED00092,6,ma_8,-0.03266
MED00093,6,ma_8,-0.03353
MED00094,6,ma_8,-0.034
MED00095,6,ma_8,-0.00167
MED00096,6,ma_8,-0.00282
MED00097,6,ma_8,-0.03366
MED00098,6,ma_8,-0.00325
MED00099,6,ma_8,-0.03398
MED00100,6,ma_8,-0.03332
MED00101,6,ma_8,-0.00739
MED00102,6,ma_8,0.00046
MED00103,6,ma_8,-0.02358
MED00104,6,ma_8,-0.00275
MED00105,6,ma_8,-0.00237
MED00106,6,ma_8,-0.03272
MED00107,6,ma_8,-0.00268
MED00108,6,ma_8,-0.0028
MED00109,6,ma_8,-0.03211
MED00110,6,ma_8,-0.03179
MED00111,6,ma_8,-0.03253
MED00112,6,ma_8,-0.00221
MED00113,6,ma_8,-0.03475
MED00114,6,ma_8,-0.00413
MED00115,6,ma_8,-0.03586
MED00116,6,ma_8,-0.0037
MED00117,6,ma_8,-0.03344
MED00118,6,ma_8,-0.03023
MED00119,6,ma_8,-0.02864
MED00120,6,ma_8,-0.00056
MED00121,6,ma_8,-0.00209
MED00122,6,ma_8,-0.00276
MED00123,6,ma_8,-0.03208
MED00124,6,ma_8,-0.00278
MED00125,6,ma_8,-0.03294
MED00126,6,ma_8,-0.03158
MED00127,6,ma_8,-0.03436
MED00128,6,ma_8,-0.03498
MED00129,6,ma_8,-0.03229
MED00130,6,ma_8,-0.03253
MED00131,6,ma_8,-0.03638
MED00132,6,ma_8,-0.03209
MED00133,6,ma_8,-0.03211
MED00134,6,ma_8,-0.03186
MED00135,6,ma_8,-0.00544
MED00136,6,ma_8,-0.03568
MED00137,6,ma_8,-0.03423
MED00138,6,ma_8,-0.03586
MED00139,6,ma_8,-0.01248
MED00140,6,ma_8,-0.03499
MED00141,6,ma_8,-0.00453
MED00142,6,ma_8,-0.03437
MED00143,6,ma_8,-0.03484
MED00144,6,ma_8,-0.00423
MED00145,6,ma_8,-0.03209
MED00146,6,ma_8,-0.03433
MED00147,6,ma_8,-0.03169
MED00148,6,ma_8,-0.0061
MED00149,6,ma_8,-0.00399
MED00150,6,ma_8,-0.03666
MED00151,6,ma_8,-0.03478
MED00152,6,ma_8,-0.03537
MED00153,6,ma_8,-0.03445
MED00154,6,ma_8,-0.00355
MED00155,6,ma_8,-0.03594
MED00156,6,ma_8,-0.00265
MED00157,6,ma_8,-0.00369
MED00158,6,ma_8,-0.03399
MED00159,6,ma_8,-0.00259
MED00160,6,ma_8,-0.00227
MED00161,6,ma_8,-0.0045
MED00162,6,ma_8,-0.03343
MED00163,6,ma_8,-0.03259
MED00164,6,ma_8,-0.03378
MED00165,6,ma_8,-0.00307
MED00166,6,ma_8,-0.03349
MED00167,6,ma_8,-0.00249
MED00168,6,ma_8,-0.03435
MED00169,6,ma_8,-0.03424
MED00170,6,ma_8,-0.03446
MED00171,6,ma_8,-0.03617
MED00172,6,ma_8,-0.00172
MED00173,6,ma_8,-0.03596
MED00174,6,ma_8,-0.00412
MED00175,6,ma_8,-0.03383
MED00176,6,ma_8,-0.00325
MED00177,6,ma_8,-0.03401
MED00178,6,ma_8,-0.03438
MED00179,6,ma_8,-0.03448
MED00180,6,ma_8,-0.02685
MED00181,6,ma_8,-0.00439
MED00182,6,ma_8,-0.03392
MED00183,6,ma_8,-0.00381
MED00184,6,ma_8,-0.00322
MED00185,6,ma_8,-0.00424
MED00186,6,ma_8,-0.03454
MED00187,6,ma_8,-0.03528
MED00188,6,ma_8,-0.00241
MED00189,6,ma_8,-0.033
MED00190,6,ma_8,-0.00233
MED00191,6,ma_8,-0.00292
MED00192,6,ma_8,-0.03297
MED00193,6,ma_8,-0.03256
MED00194,6,ma_8,-0.00573
MED00195,6,ma_8,-0.00442
MED00196,6,ma_8,-0.00494
MED00197,6,ma_8,-0.00538
MED00198,6,ma_8,-0.03536
MED00199,6,ma_8,-0.03376
MED00200,6,ma_8,-0.03354
MED00201,6,ma_8,-0.00345
MED00202,6,ma_8,-0.02708
MED00203,6,ma_8,-0.00145
MED00204,6,ma_8,-0.0275
MED00205,6,ma_8,-0.00259
MED00206,6,ma_8,-0.03389
MED00207,6,ma_8,-0.03544
MED00208,6,ma_8,-0.00279
MED00209,6,ma_8,-0.00244
MED00210,6,ma_8,-0.03519
MED00211,6,ma_8,-0.03622
MED00212,6,ma_8,-0.03194
MED00213,6,ma_8,-0.03112
MED00214,6,ma_8,-0.00616
MED00215,6,ma_8,-0.03616
MED00216,6,ma_8,-0.03292
MED00217,6,ma_8,-0.0323
MED00218,6,ma_8,-0.00441
MED00219,6,ma_8,-0.00207
MED00220,6,ma_8,-0.03568
MED00221,6,ma_8,-0.03554
MED00222,6,ma_8,-0.03419
MED00223,6,ma_8,-0.00313
MED00224,6,ma_8,-0.02761
MED00225,6,ma_8,-0.00306
MED00226,6,ma_8,-0.00311
MED00227,6,ma_8,0.00158
MED00228,6,ma_8,-0.03107
MED00229,6,ma_8,-0.03191
MED00230,6,ma_8,-0.00426
MED00231,6,ma_8,-0.03358
MED00232,6,ma_8,-0.02286
MED00233,6,ma_8,-0.03182
MED00234,6,ma_8,-0.03427
MED00235,6,ma_8,0.0031
MED00236,6,ma_8,-0.0347
MED00237,6,ma_8,-0.00276
MED00238,6,ma_8,-0.03375
MED00239,6,ma_8,-0.00361
MED00240,6,ma_8,-0.00439
MED00241,6,ma_8,-0.03592
MED00242,6,ma_8,-0.00258
MED00243,6,ma_8,-0.032
MED00244,6,ma_8,-0.036
MED00245,6,ma_8,0.00289
MED00246,6,ma_8,-0.0047
MED00247,6,ma_8,-0.00303
MED00248,6,ma_8,-0.03336
MED00250,6,ma_8,-0.00301
MED00251,6,ma_8,-0.03524
MED00252,6,ma_8,-0.03392
MED00253,6,ma_8,-0.00229
MED00254,6,ma_8,-0.03395
MED00255,6,ma_8,-0.00436
MED00256,6,ma_8,-0.03365
MED00257,6,ma_8,-0.00118
MED00258,6,ma_8,-0.00309
MED00259,6,ma_8,-0.00162
MED00260,6,ma_8,-0.03168
MED00261,6,ma_8,-0.03433
MED00262,6,ma_8,-0.00272
MED00263,6,ma_8,-0.00253
MED00264,6,ma_8,-0.0321
MED00265,6,ma_8,-0.00288
MED00266,6,ma_8,-0.00606
MED00267,6,ma_8,-0.0027
MED00268,6,ma_8,-0.0029
MED00269,6,ma_8,-0.03567
MED00270,6,ma_8,-0.00211
MED00271,6,ma_8,-0.0023
MED00272,6,ma_8,-0.00235
MED00273,6,ma_8,-0.03393
MED00274,6,ma_8,-0.03205
MED00275,6,ma_8,-0.00401
MED00276,6,ma_8,-0.03588
MED00277,6,ma_8,-0.033
MED00278,6,ma_8,-0.00542
MED00279,6,ma_8,-0.00113
MED00280,6,ma_8,-0.0323
MED00281,6,ma_8,-0.00277
MED00282,6,ma_8,-0.00144
MED00283,6,ma_8,-0.00326
MED00284,6,ma_8,-0.03186
MED00285,6,ma_8,-0.006
MED00286,6,ma_8,-0.00465
MED00287,6,ma_8,-0.00299
MED00288,6,ma_8,-0.00107
MED00289,6,ma_8,-0.00313
MED00290,6,ma_8,-0.03526
MED00291,6,ma_8,-0.09557
MED00292,6,ma_8,-0.03304
MED00293,6,ma_8,0.00231
MED00294,6,ma_8,-0.03421
MED00295,6,ma_8,-0.03389
MED00296,6,ma_8,-0.00385
MED00297,6,ma_8,-0.00559
MED00298,6,ma_8,-0.00115
MED00299,6,ma_8,-0.03374
MED00300,6,ma_8,-0.02819
MED00301,6,ma_8,-0.00454
MED00302,6,ma_8,-0.00325
MED00303,6,ma_8,-0.00326
MED00304,6,ma_8,-0.00394
MED00305,6,ma_8,-0.03353
MED00306,6,ma_8,-0.03372
MED00307,6,ma_8,-0.00118
MED00308,6,ma_8,-0.03342
MED00309,6,ma_8,-0.03629
MED00310,6,ma_8,-0.00378
MED00311,6,ma_8,-0.0032
MED00312,6,ma_8,-0.03206
MED00313,6,ma_8,-0.02977
MED00314,6,ma_8,-0.00276
MED00315,6,ma_8,-0.00263
MED00316,6,ma_8,-0.03607
MED00317,6,ma_8,-0.03581
MED00318,6,ma_8,-0.00407
MED00319,6,ma_8,-0.00289
MED00320,6,ma_8,-0.00301
MED00321,6,ma_8,0.0014
MED00322,6,ma_8,-0.03252
MED00323,6,ma_8,-0.03394
MED00324,6,ma_8,-0.02918
MED00325,6,ma_8,-0.0042
MED00326,6,ma_8,-0.0028
MED00327,6,ma_8,-0.03568
MED00328,6,ma_8,-0.003
MED00329,6,ma_8,-0.00295
MED00330,6,ma_8,-0.00526
MED00331,6,ma_8,-0.03415
MED00332,6,ma_8,-0.03554
MED00333,6,ma_8,-0.003
MED00334,6,ma_8,-0.0042
MED00335,6,ma_8,-0.00513
MED00336,6,ma_8,-0.00644
MED00337,6,ma_8,0.00374
MED00338,6,ma_8,-0.03267
MED00339,6,ma_8,-0.0277
MED00340,6,ma_8,-0.03292
MED00341,6,ma_8,-0.00248
MED00342,6,ma_8,-0.03491
MED00343,6,ma_8,-0.00225
MED00344,6,ma_8,-0.00425
MED00345,6,ma_8,-0.03256
MED00346,6,ma_8,-0.03574
MED00347,6,ma_8,-0.03307
MED00348,6,ma_8,-0.03317
MED00349,6,ma_8,-0.036
MED00350,6,ma_8,-0.03285
MED00351,6,ma_8,-0.03183
MED00352,6,ma_8,-0.03306
MED00353,6,ma_8,-0.03157
MED00354,6,ma_8,-0.03205
MED00355,6,ma_8,-0.00351
MED00356,6,ma_8,-0.03298
MED00357,6,ma_8,-0.03193
MED00358,6,ma_8,-0.00385
MED00359,6,ma_8,-0.03475
MED00360,6,ma_8,-0.00209
MED00361,6,ma_8,-0.00209
MED00362,6,ma_8,-0.00254
MED00363,6,ma_8,-0.03588
MED00364,6,ma_8,-0.03325
MED00365,6,ma_8,-0.03613
MED00366,6,ma_8,-0.00267
MED00367,6,ma_8,-0.03489
MED00368,6,ma_8,-0.00251
MED00369,6,ma_8,-0.00419
MED00370,6,ma_8,-0.03153
MED00371,6,ma_8,-0.00351
MED00372,6,ma_8,-0.03289
MED00373,6,ma_8,-0.03282
MED00374,6,ma_8,-0.0355
MED00375,6,ma_8,-0.00374
MED00376,6,ma_8,-0.0375
MED00377,6,ma_8,-0.03588
MED00378,6,ma_8,-0.03171
MED00379,6,ma_8,-0.03264
MED00380,6,ma_8,-0.0319
MED00381,6,ma_8,-0.03189
MED00382,6,ma_8,-0.00204
MED00383,6,ma_8,-0.00421
MED00384,6,ma_8,-0.03484
MED00385,6,ma_8,-0.00072
MED00386,6,ma_8,-0.00299
MED00387,6,ma_8,-0.00416
MED00388,6,ma_8,0.00682
MED00389,6,ma_8,-0.0069
MED00390,6,ma_8,-0.00086
MED00391,6,ma_8,0.00123
MED00392,6,ma_8,-0.00057
MED00393,6,ma_8,-0.00327
MED00394,6,ma_8,-0.00429
MED00395,6,ma_8,-0.00352
MED00396,6,ma_8,-0.0019
MED00397,6,ma_8,-0.00133
MED00398,6,ma_8,0.00901
MED00399,6,ma_8,0.00742
MED00400,6,ma_8,0.00713
MED00401,6,ma_8,-0.00241
MED00402,6,ma_8,0.00011
MED00403,6,ma_8,-0.00323
MED00404,6,ma_8,-0.00508
MED00405,6,ma_8,-0.00587
MED00406,6,ma_8,-0.00134
MED00407,6,ma_8,-0.00022
MED00408,6,ma_8,-0.00572
MED00409,6,ma_8,-0.00177
MED00410,6,ma_8,-0.0055
MED00411,6,ma_8,-0.00011
MED00412,6,ma_8,-0.00191
MED00413,6,ma_8,-0.00337
MED00415,6,ma_8,-0.00283
MED00416,6,ma_8,-0.00011
MED00417,6,ma_8,-0.00347
MED00418,6,ma_8,-0.00299
MED00419,6,ma_8,-0.00337
MED00420,6,ma_8,0.00024
MED00421,6,ma_8,-0.0008
MED00422,6,ma_8,0.00074
MED00423,6,ma_8,-0.00351
MED00424,6,ma_8,0.00812
MED00001,7,ma_8,-0.00163
MED00002,7,ma_8,-0.032
MED00003,7,ma_8,-0.03296
MED00004,7,ma_8,-0.03281
MED00005,7,ma_8,-0.02221
MED00006,7,ma_8,-0.02725
MED00007,7,ma_8,-0.03383
MED00008,7,ma_8,-0.03206
MED00009,7,ma_8,-0.00146
MED00010,7,ma_8,-0.00043
MED00011,7,ma_8,-0.00139
MED00012,7,ma_8,-0.02881
MED00013,7,ma_8,-0.00337
MED00014,7,ma_8,-0.00174
MED00015,7,ma_8,-0.03263
MED00016,7,ma_8,-0.00203
MED00017,7,ma_8,-0.0353
MED00018,7,ma_8,0.00616
MED00019,7,ma_8,-0.00143
MED00020,7,ma_8,-0.00215
MED00021,7,ma_8,-0.00381
MED00022,7,ma_8,-0.00246
MED00023,7,ma_8,-0.02849
MED00024,7,ma_8,-0.03594
MED00025,7,ma_8,-0.0341
MED00026,7,ma_8,-0.03393
MED00027,7,ma_8,-0.03394
MED00028,7,ma_8,-0.0318
MED00029,7,ma_8,-0.0036
MED00030,7,ma_8,-0.00393
MED00031,7,ma_8,-0.00159
MED00032,7,ma_8,-0.03399
MED00033,7,ma_8,-0.03161
MED00034,7,ma_8,-0.00068
MED00035,7,ma_8,-0.03329
MED00036,7,ma_8,-0.03607
MED00037,7,ma_8,-0.00271
MED00038,7,ma_8,0.00239
MED00039,7,ma_8,-0.03197
MED00040,7,ma_8,-0.03294
MED00041,7,ma_8,-0.03198
MED00042,7,ma_8,-0.03557
MED00043,7,ma_8,-0.03293
MED00044,7,ma_8,-0.03358
MED00045,7,ma_8,-0.03237
MED00046,7,ma_8,-0.0349
MED00047,7,ma_8,-0.00604
MED00048,7,ma_8,-0.00416
MED00049,7,ma_8,-0.0325
MED00050,7,ma_8,-0.03547
MED00051,7,ma_8,-0.03313
MED00052,7,ma_8,-0.03267
MED00053,7,ma_8,-0.00318
MED00054,7,ma_8,-0.00334
MED00055,7,ma_8,-0.0336
MED00056,7,ma_8,-0.03329
MED00057,7,ma_8,-0.03356
MED00058,7,ma_8,-0.03257
MED00059,7,ma_8,-0.00493
MED00060,7,ma_8,-0.0034
MED00061,7,ma_8,-0.03296
MED00062,7,ma_8,-0.00427
MED00063,7,ma_8,-0.0327
MED00064,7,ma_8,-0.00231
MED00065,7,ma_8,0.00541
MED00066,7,ma_8,-0.03246
MED00067,7,ma_8,-0.00068
MED00068,7,ma_8,-0.00258
MED00069,7,ma_8,-0.0345
MED00070,7,ma_8,-0.00198
MED00071,7,ma_8,-0.03616
MED00072,7,ma_8,-0.00171
MED00073,7,ma_8,-0.00408
MED00074,7,ma_8,-0.00383
MED00075,7,ma_8,-0.00157
MED00076,7,ma_8,-0.03226
MED00077,7,ma_8,-0.00412
MED00078,7,ma_8,-0.00283
MED00079,7,ma_8,-0.00782
MED00080,7,ma_8,-0.00273
MED00081,7,ma_8,-0.03297
MED00082,7,ma_8,-0.03618
MED00083,7,ma_8,-0.00334
MED00084,7,ma_8,-0.00179
MED00085,7,ma_8,-0.0011
MED00086,7,ma_8,-0.03369
MED00087,7,ma_8,-0.03575
MED00088,7,ma_8,-0.00165
MED00089,7,ma_8,-0.00413
MED00090,7,ma_8,-0.00364
MED00091,7,ma_8,-0.0379
MED00092,7,ma_8,-0.03266
MED00093,7,ma_8,-0.03349
MED00094,7,ma_8,-0.03397
MED00095,7,ma_8,-0.00164
MED00096,7,ma_8,-0.00279
MED00097,7,ma_8,-0.03363
MED00098,7,ma_8,-0.00322
MED00099,7,ma_8,-0.03395
MED00100,7,ma_8,-0.03329
MED00101,7,ma_8,-0.00737
MED00102,7,ma_8,0.0005
MED00103,7,ma_8,-0.02366
MED00104,7,ma_8,-0.00272
MED00105,7,ma_8,-0.00234
MED00106,7,ma_8,-0.03269
MED00107,7,ma_8,-0.00264
MED00108,7,ma_8,-0.00277
MED00109,7,ma_8,-0.03205
MED00110,7,ma_8,-0.03176
MED00111,7,ma_8,-0.03249
MED00112,7,ma_8,-0.00218
MED00113,7,ma_8,-0.03476
MED00114,7,ma_8,-0.00407
MED00115,7,ma_8,-0.03583
MED00116,7,ma_8,-0.00376
MED00117,7,ma_8,-0.03342
MED00118,7,ma_8,-0.0302
MED00119,7,ma_8,-0.02861
MED00120,7,ma_8,-0.00055
MED00121,7,ma_8,-0.00205
MED00122,7,ma_8,-0.00273
MED00123,7,ma_8,-0.03207
MED00124,7,ma_8,-0.00275
MED00125,7,ma_8,-0.03291
MED00126,7,ma_8,-0.03155
MED00127,7,ma_8,-0.03434
MED00128,7,ma_8,-0.03498
MED00129,7,ma_8,-0.03227
MED00130,7,ma_8,-0.0325
MED00131,7,ma_8,-0.03632
MED00132,7,ma_8,-0.03207
MED00133,7,ma_8,-0.0321
MED00134,7,ma_8,-0.03183
MED00135,7,ma_8,-0.00543
MED00136,7,ma_8,-0.03567
MED00137,7,ma_8,-0.03421
MED00138,7,ma_8,-0.03582
MED00139,7,ma_8,-0.01244
MED00140,7,ma_8,-0.03496
MED00141,7,ma_8,-0.0045
MED00142,7,ma_8,-0.03434
MED00143,7,ma_8,-0.03481
MED00144,7,ma_8,-0.00423
MED00145,7,ma_8,-0.03206
MED00146,7,ma_8,-0.03431
MED00147,7,ma_8,-0.03166
MED00148,7,ma_8,-0.00606
MED00149,7,ma_8,-0.00397
MED00150,7,ma_8,-0.03663
MED00151,7,ma_8,-0.03475
MED00152,7,ma_8,-0.03534
MED00153,7,ma_8,-0.03454
MED00154,7,ma_8,-0.00343
MED00155,7,ma_8,-0.03591
MED00156,7,ma_8,-0.00261
MED00157,7,ma_8,-0.00365
MED00158,7,ma_8,-0.03396
MED00159,7,ma_8,-0.00257
MED00160,7,ma_8,-0.00224
MED00161,7,ma_8,-0.00507
MED00162,7,ma_8,-0.0334
MED00163,7,ma_8,-0.03256
MED00164,7,ma_8,-0.03375
MED00165,7,ma_8,-0.00306
MED00166,7,ma_8,-0.03346
MED00167,7,ma_8,-0.00246
MED00168,7,ma_8,-0.03432
MED00169,7,ma_8,-0.03422
MED00170,7,ma_8,-0.03448
MED00171,7,ma_8,-0.03614
MED00172,7,ma_8,-0.00166
MED00173,7,ma_8,-0.03593
MED00174,7,ma_8,-0.00409
MED00175,7,ma_8,-0.0338
MED00176,7,ma_8,-0.00324
MED00177,7,ma_8,-0.03398
MED00178,7,ma_8,-0.03436
MED00179,7,ma_8,-0.03445
MED00180,7,ma_8,-0.02688
MED00181,7,ma_8,-0.00436
MED00182,7,ma_8,-0.03388
MED00183,7,ma_8,-0.00376
MED00184,7,ma_8,-0.00321
MED00185,7,ma_8,-0.00423
MED00186,7,ma_8,-0.03451
MED00187,7,ma_8,-0.03529
MED00188,7,ma_8,-0.00239
MED00189,7,ma_8,-0.03296
MED00190,7,ma_8,-0.0023
MED00191,7,ma_8,-0.00291
MED00192,7,ma_8,-0.03294
MED00193,7,ma_8,-0.03252
MED00194,7,ma_8,-0.00583
MED00195,7,ma_8,-0.00451
MED00196,7,ma_8,-0.00469
MED00197,7,ma_8,-0.00537
MED00198,7,ma_8,-0.03533
MED00199,7,ma_8,-0.03375
MED00200,7,ma_8,-0.03351
MED00201,7,ma_8,-0.00342
MED00202,7,ma_8,-0.02704
MED00203,7,ma_8,-0.00139
MED00204,7,ma_8,-0.02747
MED00205,7,ma_8,-0.00258
MED00206,7,ma_8,-0.03383
MED00207,7,ma_8,-0.0354
MED00208,7,ma_8,-0.00276
MED00209,7,ma_8,-0.00242
MED00210,7,ma_8,-0.03516
MED00211,7,ma_8,-0.03618
MED00212,7,ma_8,-0.03193
MED00213,7,ma_8,-0.03109
MED00214,7,ma_8,-0.00613
MED00215,7,ma_8,-0.03613
MED00216,7,ma_8,-0.03289
MED00217,7,ma_8,-0.03226
MED00218,7,ma_8,-0.00438
MED00219,7,ma_8,-0.00204
MED00220,7,ma_8,-0.03565
MED00221,7,ma_8,-0.03551
MED00222,7,ma_8,-0.03416
MED00223,7,ma_8,-0.00312
MED00224,7,ma_8,-0.02758
MED00225,7,ma_8,-0.00303
MED00226,7,ma_8,-0.00308
MED00227,7,ma_8,0.00151
MED00228,7,ma_8,-0.03131
MED00229,7,ma_8,-0.03185
MED00230,7,ma_8,-0.00424
MED00231,7,ma_8,-0.03359
MED00232,7,ma_8,-0.02283
MED00233,7,ma_8,-0.0318
MED00234,7,ma_8,-0.03423
MED00235,7,ma_8,0.00308
MED00236,7,ma_8,-0.03468
MED00237,7,ma_8,-0.00271
MED00238,7,ma_8,-0.03383
MED00239,7,ma_8,-0.00358
MED00240,7,ma_8,-0.00436
MED00241,7,ma_8,-0.03593
MED00242,7,ma_8,-0.00265
MED00243,7,ma_8,-0.03197
MED00244,7,ma_8,-0.036
MED00245,7,ma_8,0.00288
MED00246,7,ma_8,-0.00467
MED00247,7,ma_8,-0.00296
MED00248,7,ma_8,-0.03334
MED00250,7,ma_8,-0.00297
MED00251,7,ma_8,-0.03521
MED00252,7,ma_8,-0.03389
MED00253,7,ma_8,-0.00226
MED00254,7,ma_8,-0.03392
MED00255,7,ma_8,-0.00431
MED00256,7,ma_8,-0.03362
MED00257,7,ma_8,-0.00116
MED00258,7,ma_8,-0.00306
MED00259,7,ma_8,-0.00159
MED00260,7,ma_8,-0.03163
MED00261,7,ma_8,-0.0343
MED00262,7,ma_8,-0.00269
MED00263,7,ma_8,-0.00254
MED00264,7,ma_8,-0.03206
MED00265,7,ma_8,-0.00284
MED00266,7,ma_8,-0.00605
MED00267,7,ma_8,-0.00268
MED00268,7,ma_8,-0.00287
MED00269,7,ma_8,-0.03563
MED00270,7,ma_8,-0.00212
MED00271,7,ma_8,-0.00228
MED00272,7,ma_8,-0.00234
MED00273,7,ma_8,-0.03452
MED00274,7,ma_8,-0.032
MED00275,7,ma_8,-0.004
MED00276,7,ma_8,-0.03585
MED00277,7,ma_8,-0.03296
MED00278,7,ma_8,-0.00539
MED00279,7,ma_8,-0.00107
MED00280,7,ma_8,-0.03227
MED00281,7,ma_8,-0.00276
MED00282,7,ma_8,-0.00143
MED00283,7,ma_8,-0.00323
MED00284,7,ma_8,-0.03182
MED00285,7,ma_8,-0.00597
MED00286,7,ma_8,-0.00462
MED00287,7,ma_8,-0.00295
MED00288,7,ma_8,-0.00113
MED00289,7,ma_8,-0.0031
MED00290,7,ma_8,-0.03526
MED00291,7,ma_8,-0.09556
MED00292,7,ma_8,-0.03302
MED00293,7,ma_8,0.00234
MED00294,7,ma_8,-0.03419
MED00295,7,ma_8,-0.0339
MED00296,7,ma_8,-0.00382
MED00297,7,ma_8,-0.00556
MED00298,7,ma_8,-0.00112
MED00299,7,ma_8,-0.03371
MED00300,7,ma_8,-0.02816
MED00301,7,ma_8,-0.00453
MED00302,7,ma_8,-0.00323
MED00303,7,ma_8,-0.00325
MED00304,7,ma_8,-0.0039
MED00305,7,ma_8,-0.0335
MED00306,7,ma_8,-0.03368
MED00307,7,ma_8,-0.00112
MED00308,7,ma_8,-0.03343
MED00309,7,ma_8,-0.03626
MED00310,7,ma_8,-0.00375
MED00311,7,ma_8,-0.00319
MED00312,7,ma_8,-0.03205
MED00313,7,ma_8,-0.02974
MED00314,7,ma_8,-0.0028
MED00315,7,ma_8,-0.0026
MED00316,7,ma_8,-0.03606
MED00317,7,ma_8,-0.03587
MED00318,7,ma_8,-0.00404
MED00319,7,ma_8,-0.00286
MED00320,7,ma_8,-0.00298
MED00321,7,ma_8,0.00143
MED00322,7,ma_8,-0.03261
MED00323,7,ma_8,-0.03393
MED00324,7,ma_8,-0.02913
MED00325,7,ma_8,-0.00417
MED00326,7,ma_8,-0.00276
MED00327,7,ma_8,-0.03565
MED00328,7,ma_8,-0.00297
MED00329,7,ma_8,-0.00292
MED00330,7,ma_8,-0.00523
MED00331,7,ma_8,-0.03412
MED00332,7,ma_8,-0.0355
MED00333,7,ma_8,-0.00299
MED00334,7,ma_8,-0.00417
MED00335,7,ma_8,-0.00512
MED00336,7,ma_8,-0.00642
MED00337,7,ma_8,0.00373
MED00338,7,ma_8,-0.03265
MED00339,7,ma_8,-0.02768
MED00340,7,ma_8,-0.03289
MED00341,7,ma_8,-0.00245
MED00342,7,ma_8,-0.03488
MED00343,7,ma_8,-0.00226
MED00344,7,ma_8,-0.00421
MED00345,7,ma_8,-0.03253
MED00346,7,ma_8,-0.03571
MED00347,7,ma_8,-0.03304
MED00348,7,ma_8,-0.03315
MED00349,7,ma_8,-0.036
MED00350,7,ma_8,-0.03279
MED00351,7,ma_8,-0.0318
MED00352,7,ma_8,-0.03303
MED00353,7,ma_8,-0.03154
MED00354,7,ma_8,-0.03202
MED00355,7,ma_8,-0.00338
MED00356,7,ma_8,-0.03295
MED00357,7,ma_8,-0.0319
MED00358,7,ma_8,-0.00382
MED00359,7,ma_8,-0.03472
MED00360,7,ma_8,-0.00206
MED00361,7,ma_8,-0.00202
MED00362,7,ma_8,-0.00251
MED00363,7,ma_8,-0.03584
MED00364,7,ma_8,-0.03321
MED00365,7,ma_8,-0.0361
MED00366,7,ma_8,-0.0026
MED00367,7,ma_8,-0.03486
MED00368,7,ma_8,-0.00247
MED00369,7,ma_8,-0.0042
MED00370,7,ma_8,-0.03151
MED00371,7,ma_8,-0.00355
MED00372,7,ma_8,-0.03286
MED00373,7,ma_8,-0.03279
MED00374,7,ma_8,-0.03624
MED00375,7,ma_8,-0.00373
MED00376,7,ma_8,-0.03747
MED00377,7,ma_8,-0.03585
MED00378,7,ma_8,-0.03169
MED00379,7,ma_8,-0.0326
MED00380,7,ma_8,-0.03187
MED00381,7,ma_8,-0.03186
MED00382,7,ma_8,-0.00201
MED00383,7,ma_8,-0.00418
MED00384,7,ma_8,-0.03481
MED00385,7,ma_8,-0.00068
MED00386,7,ma_8,-0.00296
MED00387,7,ma_8,-0.00415
MED00388,7,ma_8,0.0068
MED00389,7,ma_8,-0.00687
MED00390,7,ma_8,-0.00081
MED00391,7,ma_8,0.00124
MED00392,7,ma_8,-0.00056
MED00393,7,ma_8,-0.00327
MED00394,7,ma_8,-0.00428
MED00395,7,ma_8,-0.00351
MED00396,7,ma_8,-0.00188
MED00397,7,ma_8,-0.00134
MED00398,7,ma_8,0.00899
MED00399,7,ma_8,0.0074
MED00400,7,ma_8,0.00711
MED00401,7,ma_8,-0.00239
MED00402,7,ma_8,0.00014
MED00403,7,ma_8,-0.00321
MED00404,7,ma_8,-0.00507
MED00405,7,ma_8,-0.00586
MED00406,7,ma_8,-0.00133
MED00407,7,ma_8,-0.00019
MED00408,7,ma_8,-0.00569
MED00409,7,ma_8,-0.00175
MED00410,7,ma_8,-0.00549
MED00412,7,ma_8,-0.00187
MED00413,7,ma_8,-0.00322
MED00415,7,ma_8,-0.00279
MED00417,7,ma_8,-0.00353
MED00418,7,ma_8,-0.00298
MED00419,7,ma_8,-0.00344
MED00420,7,ma_8,0.00025
MED00421,7,ma_8,-0.00079
MED00422,7,ma_8,0.00079
MED00423,7,ma_8,-0.00351
MED00424,7,ma_8,0.00806
MED00001,8,ma_8,-0.00161
MED00002,8,ma_8,-0.03185
MED00003,8,ma_8,-0.03281
MED00004,8,ma_8,-0.03264
MED00005,8,ma_8,-0.0222
MED00006,8,ma_8,-0.02723
MED00007,8,ma_8,-0.03369
MED00008,8,ma_8,-0.03191
MED00009,8,ma_8,-0.00145
MED00010,8,ma_8,-0.00029
MED00011,8,ma_8,-0.00137
MED00012,8,ma_8,-0.02881
MED00013,8,ma_8,-0.00336
MED00014,8,ma_8,-0.00173
MED00015,8,ma_8,-0.03248
MED00016,8,ma_8,-0.00203
MED00017,8,ma_8,-0.03533
MED00018,8,ma_8,0.00611
MED00019,8,ma_8,-0.00141
MED00020,8,ma_8,-0.00213
MED00021,8,ma_8,-0.00381
MED00022,8,ma_8,-0.00246
MED00023,8,ma_8,-0.02847
MED00024,8,ma_8,-0.03592
MED00025,8,ma_8,-0.03395
MED00026,8,ma_8,-0.03379
MED00027,8,ma_8,-0.03379
MED00028,8,ma_8,-0.03165
MED00029,8,ma_8,-0.00348
MED00030,8,ma_8,-0.00393
MED00031,8,ma_8,-0.00158
MED00032,8,ma_8,-0.03395
MED00033,8,ma_8,-0.03161
MED00035,8,ma_8,-0.03313
MED00036,8,ma_8,-0.03589
MED00037,8,ma_8,-0.00257
MED00038,8,ma_8,0.00241
MED00039,8,ma_8,-0.03196
MED00040,8,ma_8,-0.0328
MED00041,8,ma_8,-0.03184
MED00042,8,ma_8,-0.03557
MED00043,8,ma_8,-0.03278
MED00044,8,ma_8,-0.03347
MED00045,8,ma_8,-0.03246
MED00046,8,ma_8,-0.03489
MED00047,8,ma_8,-0.00602
MED00048,8,ma_8,-0.00414
MED00049,8,ma_8,-0.03235
MED00050,8,ma_8,-0.03547
MED00051,8,ma_8,-0.03297
MED00052,8,ma_8,-0.03252
MED00053,8,ma_8,-0.00245
MED00054,8,ma_8,-0.00261
MED00055,8,ma_8,-0.03343
MED00056,8,ma_8,-0.03314
MED00057,8,ma_8,-0.03355
MED00058,8,ma_8,-0.03255
MED00059,8,ma_8,-0.00491
MED00060,8,ma_8,-0.00338
MED00061,8,ma_8,-0.03281
MED00062,8,ma_8,-0.00426
MED00063,8,ma_8,-0.03255
MED00064,8,ma_8,-0.00229
MED00065,8,ma_8,0.00557
MED00066,8,ma_8,-0.03231
MED00067,8,ma_8,-0.00068
MED00068,8,ma_8,-0.00244
MED00069,8,ma_8,-0.0345
MED00070,8,ma_8,-0.00124
MED00071,8,ma_8,-0.03602
MED00072,8,ma_8,-0.0017
MED00073,8,ma_8,-0.00407
MED00074,8,ma_8,-0.00369
MED00075,8,ma_8,-0.00156
MED00076,8,ma_8,-0.03211
MED00077,8,ma_8,-0.00412
MED00078,8,ma_8,-0.00286
MED00079,8,ma_8,-0.0078
MED00080,8,ma_8,-0.00273
MED00081,8,ma_8,-0.03282
MED00082,8,ma_8,-0.03618
MED00083,8,ma_8,-0.00333
MED00084,8,ma_8,-0.00177
MED00085,8,ma_8,-0.00109
MED00086,8,ma_8,-0.03368
MED00087,8,ma_8,-0.03575
MED00088,8,ma_8,-0.00163
MED00089,8,ma_8,-0.00411
MED00090,8,ma_8,-0.00359
MED00091,8,ma_8,-0.0379
MED00092,8,ma_8,-0.03265
MED00093,8,ma_8,-0.03335
MED00094,8,ma_8,-0.03377
MED00095,8,ma_8,-0.00168
MED00096,8,ma_8,-0.00277
MED00097,8,ma_8,-0.03361
MED00098,8,ma_8,-0.00321
MED00099,8,ma_8,-0.0338
MED00100,8,ma_8,-0.03314
MED00101,8,ma_8,-0.00736
MED00102,8,ma_8,0.00064
MED00103,8,ma_8,-0.02366
MED00104,8,ma_8,-0.0027
MED00105,8,ma_8,-0.00232
MED00106,8,ma_8,-0.03254
MED00107,8,ma_8,-0.00259
MED00108,8,ma_8,-0.00281
MED00109,8,ma_8,-0.03203
MED00110,8,ma_8,-0.03174
MED00111,8,ma_8,-0.03235
MED00112,8,ma_8,-0.00229
MED00113,8,ma_8,-0.03475
MED00114,8,ma_8,-0.00333
MED00115,8,ma_8,-0.03583
MED00116,8,ma_8,-0.00375
MED00117,8,ma_8,-0.03341
MED00118,8,ma_8,-0.03019
MED00119,8,ma_8,-0.02872
MED00120,8,ma_8,-0.00054
MED00121,8,ma_8,-0.00205
MED00122,8,ma_8,-0.0028
MED00123,8,ma_8,-0.03192
MED00124,8,ma_8,-0.00273
MED00125,8,ma_8,-0.03276
MED00126,8,ma_8,-0.0314
MED00127,8,ma_8,-0.03434
MED00128,8,ma_8,-0.03497
MED00129,8,ma_8,-0.03212
MED00130,8,ma_8,-0.03235
MED00131,8,ma_8,-0.03632
MED00132,8,ma_8,-0.03189
MED00133,8,ma_8,-0.03196
MED00134,8,ma_8,-0.03168
MED00135,8,ma_8,-0.00464
MED00136,8,ma_8,-0.03566
MED00137,8,ma_8,-0.03407
MED00138,8,ma_8,-0.03582
MED00139,8,ma_8,-0.01244
MED00140,8,ma_8,-0.03495
MED00141,8,ma_8,-0.00435
MED00142,8,ma_8,-0.03433
MED00143,8,ma_8,-0.0348
MED00144,8,ma_8,-0.00423
MED00145,8,ma_8,-0.03191
MED00146,8,ma_8,-0.03417
MED00147,8,ma_8,-0.03175
MED00148,8,ma_8,-0.00605
MED00149,8,ma_8,-0.004
MED00150,8,ma_8,-0.03663
MED00151,8,ma_8,-0.03474
MED00152,8,ma_8,-0.03533
MED00153,8,ma_8,-0.03454
MED00154,8,ma_8,-0.0035
MED00155,8,ma_8,-0.03591
MED00156,8,ma_8,-0.00261
MED00157,8,ma_8,-0.00364
MED00158,8,ma_8,-0.03381
MED00159,8,ma_8,-0.00251
MED00160,8,ma_8,-0.00224
MED00161,8,ma_8,-0.00506
MED00162,8,ma_8,-0.03339
MED00163,8,ma_8,-0.03242
MED00164,8,ma_8,-0.03375
MED00165,8,ma_8,-0.00291
MED00166,8,ma_8,-0.03345
MED00167,8,ma_8,-0.00254
MED00168,8,ma_8,-0.03431
MED00169,8,ma_8,-0.03421
MED00170,8,ma_8,-0.03448
MED00171,8,ma_8,-0.03614
MED00172,8,ma_8,-0.00165
MED00173,8,ma_8,-0.03593
MED00174,8,ma_8,-0.00412
MED00175,8,ma_8,-0.03366
MED00176,8,ma_8,-0.00322
MED00177,8,ma_8,-0.03383
MED00178,8,ma_8,-0.03422
MED00179,8,ma_8,-0.03434
MED00180,8,ma_8,-0.02687
MED00181,8,ma_8,-0.00436
MED00182,8,ma_8,-0.03373
MED00183,8,ma_8,-0.00302
MED00184,8,ma_8,-0.00307
MED00185,8,ma_8,-0.00422
MED00186,8,ma_8,-0.0345
MED00187,8,ma_8,-0.03528
MED00188,8,ma_8,-0.00238
MED00189,8,ma_8,-0.03281
MED00190,8,ma_8,-0.0023
MED00191,8,ma_8,-0.00289
MED00192,8,ma_8,-0.03279
MED00193,8,ma_8,-0.03237
MED00194,8,ma_8,-0.00518
MED00195,8,ma_8,-0.00439
MED00196,8,ma_8,-0.00468
MED00197,8,ma_8,-0.00483
MED00198,8,ma_8,-0.03542
MED00199,8,ma_8,-0.03361
MED00200,8,ma_8,-0.0335
MED00201,8,ma_8,-0.00341
MED00202,8,ma_8,-0.02716
MED00203,8,ma_8,-0.00138
MED00204,8,ma_8,-0.02747
MED00205,8,ma_8,-0.00256
MED00206,8,ma_8,-0.03382
MED00207,8,ma_8,-0.0354
MED00208,8,ma_8,-0.00275
MED00209,8,ma_8,-0.00238
MED00210,8,ma_8,-0.03564
MED00211,8,ma_8,-0.03618
MED00212,8,ma_8,-0.03192
MED00213,8,ma_8,-0.03094
MED00214,8,ma_8,-0.00609
MED00215,8,ma_8,-0.03613
MED00216,8,ma_8,-0.03274
MED00217,8,ma_8,-0.03212
MED00218,8,ma_8,-0.00438
MED00219,8,ma_8,-0.002
MED00220,8,ma_8,-0.03576
MED00221,8,ma_8,-0.03551
MED00222,8,ma_8,-0.03414
MED00223,8,ma_8,-0.00311
MED00224,8,ma_8,-0.0276
MED00225,8,ma_8,-0.00303
MED00226,8,ma_8,-0.00308
MED00227,8,ma_8,0.00152
MED00228,8,ma_8,-0.03139
MED00229,8,ma_8,-0.0317
MED00230,8,ma_8,-0.00432
MED00231,8,ma_8,-0.03357
MED00232,8,ma_8,-0.02282
MED00233,8,ma_8,-0.03166
MED00234,8,ma_8,-0.03432
MED00235,8,ma_8,0.00304
MED00236,8,ma_8,-0.03468
MED00237,8,ma_8,-0.00273
MED00238,8,ma_8,-0.03382
MED00239,8,ma_8,-0.00358
MED00240,8,ma_8,-0.00435
MED00241,8,ma_8,-0.03592
MED00242,8,ma_8,-0.002
MED00243,8,ma_8,-0.03182
MED00244,8,ma_8,-0.036
MED00245,8,ma_8,0.00284
MED00246,8,ma_8,-0.00465
MED00247,8,ma_8,-0.00295
MED00248,8,ma_8,-0.03334
MED00249,8,ma_8,0.0008
MED00250,8,ma_8,-0.00223
MED00251,8,ma_8,-0.03521
MED00252,8,ma_8,-0.03388
MED00253,8,ma_8,-0.00226
MED00254,8,ma_8,-0.03391
MED00255,8,ma_8,-0.00431
MED00256,8,ma_8,-0.03361
MED00257,8,ma_8,-0.00043
MED00258,8,ma_8,-0.00305
MED00259,8,ma_8,-0.00158
MED00260,8,ma_8,-0.03162
MED00261,8,ma_8,-0.03411
MED00262,8,ma_8,-0.00255
MED00263,8,ma_8,-0.00254
MED00264,8,ma_8,-0.03191
MED00265,8,ma_8,-0.00283
MED00266,8,ma_8,-0.00603
MED00267,8,ma_8,-0.00267
MED00268,8,ma_8,-0.0029
MED00269,8,ma_8,-0.03563
MED00270,8,ma_8,-0.00211
MED00271,8,ma_8,-0.00227
MED00272,8,ma_8,-0.00233
MED00273,8,ma_8,-0.03455
MED00274,8,ma_8,-0.03185
MED00275,8,ma_8,-0.00398
MED00276,8,ma_8,-0.0359
MED00277,8,ma_8,-0.03281
MED00278,8,ma_8,-0.00537
MED00279,8,ma_8,-0.00033
MED00280,8,ma_8,-0.03212
MED00281,8,ma_8,-0.00285
MED00282,8,ma_8,-0.00142
MED00283,8,ma_8,-0.00322
MED00284,8,ma_8,-0.03181
MED00285,8,ma_8,-0.00595
MED00286,8,ma_8,-0.00461
MED00287,8,ma_8,-0.00299
MED00288,8,ma_8,-0.00111
MED00289,8,ma_8,-0.00308
MED00290,8,ma_8,-0.03525
MED00291,8,ma_8,-0.09552
MED00292,8,ma_8,-0.03302
MED00293,8,ma_8,0.00235
MED00294,8,ma_8,-0.03417
MED00295,8,ma_8,-0.03375
MED00296,8,ma_8,-0.00381
MED00297,8,ma_8,-0.00514
MED00298,8,ma_8,-0.00112
MED00299,8,ma_8,-0.03356
MED00300,8,ma_8,-0.02827
MED00301,8,ma_8,-0.00452
MED00302,8,ma_8,-0.00323
MED00303,8,ma_8,-0.00321
MED00304,8,ma_8,-0.0039
MED00305,8,ma_8,-0.03349
MED00306,8,ma_8,-0.03354
MED00307,8,ma_8,-0.0011
MED00308,8,ma_8,-0.03342
MED00309,8,ma_8,-0.03612
MED00310,8,ma_8,-0.00375
MED00311,8,ma_8,-0.00315
MED00312,8,ma_8,-0.03204
MED00313,8,ma_8,-0.02972
MED00314,8,ma_8,-0.00206
MED00315,8,ma_8,-0.00258
MED00316,8,ma_8,-0.03606
MED00317,8,ma_8,-0.03587
MED00318,8,ma_8,-0.00404
MED00319,8,ma_8,-0.00284
MED00320,8,ma_8,-0.00297
MED00321,8,ma_8,0.00156
MED00322,8,ma_8,-0.03246
MED00323,8,ma_8,-0.03381
MED00324,8,ma_8,-0.02922
MED00325,8,ma_8,-0.00417
MED00326,8,ma_8,-0.00275
MED00327,8,ma_8,-0.03568
MED00328,8,ma_8,-0.00297
MED00329,8,ma_8,-0.00291
MED00330,8,ma_8,-0.00522
MED00331,8,ma_8,-0.03421
MED00332,8,ma_8,-0.0355
MED00333,8,ma_8,-0.00297
MED00334,8,ma_8,-0.00416
MED00335,8,ma_8,-0.0051
MED00336,8,ma_8,-0.0064
MED00337,8,ma_8,0.00368
MED00338,8,ma_8,-0.03265
MED00339,8,ma_8,-0.02767
MED00340,8,ma_8,-0.03288
MED00341,8,ma_8,-0.00243
MED00342,8,ma_8,-0.0349
MED00343,8,ma_8,-0.00224
MED00344,8,ma_8,-0.00407
MED00345,8,ma_8,-0.03237
MED00346,8,ma_8,-0.03571
MED00347,8,ma_8,-0.03288
MED00348,8,ma_8,-0.03326
MED00349,8,ma_8,-0.036
MED00350,8,ma_8,-0.03265
MED00351,8,ma_8,-0.03165
MED00352,8,ma_8,-0.03247
MED00353,8,ma_8,-0.0314
MED00354,8,ma_8,-0.03199
MED00355,8,ma_8,-0.00336
MED00356,8,ma_8,-0.03294
MED00357,8,ma_8,-0.03175
MED00358,8,ma_8,-0.00382
MED00359,8,ma_8,-0.03471
MED00360,8,ma_8,-0.00205
MED00361,8,ma_8,-0.00213
MED00362,8,ma_8,-0.0024
MED00363,8,ma_8,-0.03584
MED00364,8,ma_8,-0.03306
MED00365,8,ma_8,-0.0361
MED00366,8,ma_8,-0.00262
MED00367,8,ma_8,-0.03485
MED00368,8,ma_8,-0.00251
MED00369,8,ma_8,-0.0042
MED00370,8,ma_8,-0.03149
MED00371,8,ma_8,-0.00348
MED00372,8,ma_8,-0.03271
MED00373,8,ma_8,-0.03263
MED00374,8,ma_8,-0.03624
MED00375,8,ma_8,-0.00371
MED00376,8,ma_8,-0.03747
MED00377,8,ma_8,-0.03565
MED00378,8,ma_8,-0.03169
MED00379,8,ma_8,-0.03248
MED00380,8,ma_8,-0.03186
MED00381,8,ma_8,-0.03185
MED00382,8,ma_8,-0.00201
MED00383,8,ma_8,-0.00417
MED00384,8,ma_8,-0.0348
MED00385,8,ma_8,-0.00067
MED00386,8,ma_8,-0.00294
MED00387,8,ma_8,-0.00413
MED00388,8,ma_8,0.00428
MED00389,8,ma_8,-0.00685
MED00391,8,ma_8,0.00198
MED00392,8,ma_8,-0.00054
MED00393,8,ma_8,-0.00325
MED00394,8,ma_8,-0.00426
MED00395,8,ma_8,-0.00349
MED00396,8,ma_8,-0.00155
MED00397,8,ma_8,-0.00133
MED00398,8,ma_8,0.00898
MED00399,8,ma_8,0.00711
MED00400,8,ma_8,0.00707
MED00401,8,ma_8,-0.00128
MED00402,8,ma_8,0.00088
MED00403,8,ma_8,-0.00319
MED00404,8,ma_8,-0.00506
MED00405,8,ma_8,-0.00584
MED00406,8,ma_8,-0.00059
MED00407,8,ma_8,-0.00017
MED00408,8,ma_8,-0.00567
MED00409,8,ma_8,-0.00102
MED00410,8,ma_8,-0.00547
MED00412,8,ma_8,-0.00186
MED00413,8,ma_8,-0.00248
MED00415,8,ma_8,-0.00278
MED00417,8,ma_8,-0.00342
MED00418,8,ma_8,-0.00296
MED00419,8,ma_8,-0.00343
MED00420,8,ma_8,0.00027
MED00422,8,ma_8,0.00153
MED00423,8,ma_8,-0.00339
MED00424,8,ma_8,0.00803
MED00001,9,ma_8,-0.00175
MED00002,9,ma_8,-0.03232
MED00003,9,ma_8,-0.03327
MED00004,9,ma_8,-0.03301
MED00005,9,ma_8,-0.02224
MED00006,9,ma_8,-0.0324
MED00007,9,ma_8,-0.03537
MED00008,9,ma_8,-0.03229
MED00009,9,ma_8,-0.00145
MED00010,9,ma_8,-0.00064
MED00011,9,ma_8,-0.00157
MED00012,9,ma_8,-0.03397
MED00013,9,ma_8,-0.00342
MED00014,9,ma_8,-0.00187
MED00015,9,ma_8,-0.03291
MED00016,9,ma_8,-0.00194
MED00017,9,ma_8,-0.03532
MED00018,9,ma_8,0.00608
MED00019,9,ma_8,-0.00155
MED00020,9,ma_8,-0.00217
MED00021,9,ma_8,-0.00371
MED00022,9,ma_8,-0.00343
MED00023,9,ma_8,-0.03363
MED00024,9,ma_8,-0.03592
MED00025,9,ma_8,-0.03434
MED00026,9,ma_8,-0.03419
MED00027,9,ma_8,-0.03418
MED00028,9,ma_8,-0.03208
MED00029,9,ma_8,-0.00349
MED00030,9,ma_8,-0.00394
MED00031,9,ma_8,-0.00155
MED00032,9,ma_8,-0.0349
MED00033,9,ma_8,-0.03165
MED00034,9,ma_8,-0.00193
MED00035,9,ma_8,-0.03331
MED00036,9,ma_8,-0.03624
MED00037,9,ma_8,-0.0029
MED00038,9,ma_8,0.00227
MED00039,9,ma_8,-0.03589
MED00040,9,ma_8,-0.03323
MED00041,9,ma_8,-0.0323
MED00042,9,ma_8,-0.03239
MED00043,9,ma_8,-0.03317
MED00044,9,ma_8,-0.0338
MED00045,9,ma_8,-0.0331
MED00046,9,ma_8,-0.03491
MED00047,9,ma_8,-0.00587
MED00048,9,ma_8,-0.00429
MED00049,9,ma_8,-0.0329
MED00050,9,ma_8,-0.03547
MED00051,9,ma_8,-0.03341
MED00052,9,ma_8,-0.03287
MED00053,9,ma_8,-0.00444
MED00054,9,ma_8,-0.00429
MED00055,9,ma_8,-0.0338
MED00056,9,ma_8,-0.03352
MED00057,9,ma_8,-0.03357
MED00058,9,ma_8,-0.03319
MED00059,9,ma_8,-0.00496
MED00060,9,ma_8,-0.0032
MED00061,9,ma_8,-0.03323
MED00062,9,ma_8,-0.0043
MED00063,9,ma_8,-0.03298
MED00064,9,ma_8,-0.00254
MED00065,9,ma_8,0.00552
MED00066,9,ma_8,-0.03276
MED00067,9,ma_8,-0.00071
MED00068,9,ma_8,-0.00284
MED00069,9,ma_8,-0.03444
MED00070,9,ma_8,-0.00324
MED00071,9,ma_8,-0.03628
MED00072,9,ma_8,-0.00161
MED00073,9,ma_8,-0.00398
MED00074,9,ma_8,-0.00409
MED00075,9,ma_8,-0.00147
MED00076,9,ma_8,-0.03257
MED00077,9,ma_8,-0.00403
MED00078,9,ma_8,-0.00282
MED00079,9,ma_8,-0.00794
MED00080,9,ma_8,-0.00263
MED00081,9,ma_8,-0.03322
MED00082,9,ma_8,-0.03608
MED00083,9,ma_8,-0.00333
MED00084,9,ma_8,-0.00192
MED00085,9,ma_8,-0.00103
MED00086,9,ma_8,-0.03375
MED00087,9,ma_8,-0.03566
MED00088,9,ma_8,-0.00178
MED00089,9,ma_8,-0.00409
MED00090,9,ma_8,-0.00349
MED00091,9,ma_8,-0.0378
MED00092,9,ma_8,-0.03271
MED00093,9,ma_8,-0.03375
MED00094,9,ma_8,-0.03416
MED00095,9,ma_8,-0.00157
MED00096,9,ma_8,-0.0029
MED00097,9,ma_8,-0.03368
MED00098,9,ma_8,-0.00327
MED00099,9,ma_8,-0.03419
MED00100,9,ma_8,-0.03356
MED00101,9,ma_8,-0.00447
MED00102,9,ma_8,-0.00078
MED00103,9,ma_8,-0.02368
MED00104,9,ma_8,-0.00261
MED00105,9,ma_8,-0.00247
MED00106,9,ma_8,-0.03298
MED00107,9,ma_8,-0.00248
MED00108,9,ma_8,-0.00284
MED00109,9,ma_8,-0.03213
MED00110,9,ma_8,-0.03181
MED00111,9,ma_8,-0.03275
MED00112,9,ma_8,-0.00227
MED00113,9,ma_8,-0.03475
MED00114,9,ma_8,-0.00532
MED00115,9,ma_8,-0.03572
MED00116,9,ma_8,-0.00389
MED00117,9,ma_8,-0.03346
MED00118,9,ma_8,-0.0302
MED00119,9,ma_8,-0.03388
MED00120,9,ma_8,-0.00057
MED00121,9,ma_8,-0.00206
MED00122,9,ma_8,-0.00278
MED00123,9,ma_8,-0.03233
MED00124,9,ma_8,-0.00263
MED00125,9,ma_8,-0.03328
MED00126,9,ma_8,-0.03182
MED00127,9,ma_8,-0.03436
MED00128,9,ma_8,-0.03489
MED00129,9,ma_8,-0.03289
MED00130,9,ma_8,-0.03278
MED00131,9,ma_8,-0.03622
MED00132,9,ma_8,-0.03231
MED00133,9,ma_8,-0.0324
MED00134,9,ma_8,-0.03215
MED00135,9,ma_8,-0.00659
MED00136,9,ma_8,-0.0357
MED00137,9,ma_8,-0.03445
MED00138,9,ma_8,-0.03578
MED00139,9,ma_8,-0.01252
MED00140,9,ma_8,-0.03496
MED00141,9,ma_8,-0.00463
MED00142,9,ma_8,-0.03436
MED00143,9,ma_8,-0.03472
MED00144,9,ma_8,-0.00423
MED00145,9,ma_8,-0.03235
MED00146,9,ma_8,-0.03434
MED00147,9,ma_8,-0.03161
MED00148,9,ma_8,-0.00589
MED00149,9,ma_8,-0.00401
MED00150,9,ma_8,-0.03664
MED00151,9,ma_8,-0.03466
MED00152,9,ma_8,-0.03524
MED00153,9,ma_8,-0.03456
MED00154,9,ma_8,-0.00363
MED00155,9,ma_8,-0.03585
MED00156,9,ma_8,-0.00251
MED00157,9,ma_8,-0.00363
MED00158,9,ma_8,-0.03419
MED00159,9,ma_8,-0.00249
MED00160,9,ma_8,-0.00226
MED00161,9,ma_8,-0.00508
MED00162,9,ma_8,-0.03333
MED00163,9,ma_8,-0.03282
MED00164,9,ma_8,-0.03367
MED00165,9,ma_8,-0.00305
MED00166,9,ma_8,-0.03343
MED00167,9,ma_8,-0.00245
MED00168,9,ma_8,-0.03426
MED00169,9,ma_8,-0.03424
MED00170,9,ma_8,-0.03442
MED00171,9,ma_8,-0.03603
MED00172,9,ma_8,-0.00164
MED00173,9,ma_8,-0.03588
MED00174,9,ma_8,-0.00413
MED00175,9,ma_8,-0.03406
MED00176,9,ma_8,-0.00337
MED00177,9,ma_8,-0.0342
MED00178,9,ma_8,-0.03569
MED00179,9,ma_8,-0.03472
MED00180,9,ma_8,-0.03203
MED00181,9,ma_8,-0.00434
MED00182,9,ma_8,-0.03412
MED00183,9,ma_8,-0.005
MED00184,9,ma_8,-0.00346
MED00185,9,ma_8,-0.00413
MED00186,9,ma_8,-0.03444
MED00187,9,ma_8,-0.03528
MED00188,9,ma_8,-0.00241
MED00189,9,ma_8,-0.03328
MED00190,9,ma_8,-0.00228
MED00191,9,ma_8,-0.00305
MED00192,9,ma_8,-0.0332
MED00193,9,ma_8,-0.03281
MED00194,9,ma_8,-0.00707
MED00195,9,ma_8,-0.00457
MED00196,9,ma_8,-0.00541
MED00197,9,ma_8,-0.00673
MED00198,9,ma_8,-0.03531
MED00199,9,ma_8,-0.034
MED00200,9,ma_8,-0.03352
MED00201,9,ma_8,-0.00331
MED00202,9,ma_8,-0.03234
MED00203,9,ma_8,-0.00139
MED00204,9,ma_8,-0.03263
MED00205,9,ma_8,-0.00272
MED00206,9,ma_8,-0.03375
MED00207,9,ma_8,-0.03539
MED00208,9,ma_8,-0.00286
MED00209,9,ma_8,-0.00243
MED00210,9,ma_8,-0.03564
MED00211,9,ma_8,-0.03608
MED00212,9,ma_8,-0.03258
MED00213,9,ma_8,-0.03138
MED00214,9,ma_8,-0.00623
MED00215,9,ma_8,-0.03611
MED00216,9,ma_8,-0.03317
MED00217,9,ma_8,-0.03261
MED00218,9,ma_8,-0.00429
MED00219,9,ma_8,-0.00216
MED00220,9,ma_8,-0.03566
MED00221,9,ma_8,-0.03541
MED00222,9,ma_8,-0.03421
MED00223,9,ma_8,-0.00314
MED00224,9,ma_8,-0.03276
MED00225,9,ma_8,-0.00294
MED00226,9,ma_8,-0.00307
MED00227,9,ma_8,0.00138
MED00228,9,ma_8,-0.03238
MED00229,9,ma_8,-0.03214
MED00230,9,ma_8,-0.00447
MED00231,9,ma_8,-0.03349
MED00232,9,ma_8,-0.02288
MED00233,9,ma_8,-0.03206
MED00234,9,ma_8,-0.03421
MED00235,9,ma_8,0.00299
MED00236,9,ma_8,-0.03469
MED00237,9,ma_8,-0.00274
MED00238,9,ma_8,-0.03396
MED00239,9,ma_8,-0.00344
MED00240,9,ma_8,-0.00427
MED00241,9,ma_8,-0.03602
MED00242,9,ma_8,-0.00375
MED00243,9,ma_8,-0.03229
MED00244,9,ma_8,-0.03598
MED00245,9,ma_8,0.00278
MED00246,9,ma_8,-0.00457
MED00247,9,ma_8,-0.00309
MED00248,9,ma_8,-0.03324
MED00249,9,ma_8,-0.00119
MED00250,9,ma_8,-0.00421
MED00251,9,ma_8,-0.03521
MED00252,9,ma_8,-0.03412
MED00253,9,ma_8,-0.00219
MED00254,9,ma_8,-0.03382
MED00255,9,ma_8,-0.00422
MED00256,9,ma_8,-0.03364
MED00257,9,ma_8,-0.00221
MED00258,9,ma_8,-0.00294
MED00259,9,ma_8,-0.00152
MED00260,9,ma_8,-0.03167
MED00261,9,ma_8,-0.03455
MED00262,9,ma_8,-0.00281
MED00263,9,ma_8,-0.00248
MED00264,9,ma_8,-0.03233
MED00265,9,ma_8,-0.00288
MED00266,9,ma_8,-0.00608
MED00267,9,ma_8,-0.00259
MED00268,9,ma_8,-0.00283
MED00269,9,ma_8,-0.03563
MED00270,9,ma_8,-0.00205
MED00271,9,ma_8,-0.00224
MED00272,9,ma_8,-0.00234
MED00273,9,ma_8,-0.03453
MED00274,9,ma_8,-0.03225
MED00275,9,ma_8,-0.00412
MED00276,9,ma_8,-0.03579
MED00277,9,ma_8,-0.03325
MED00278,9,ma_8,-0.00551
MED00279,9,ma_8,-0.00234
MED00280,9,ma_8,-0.03257
MED00281,9,ma_8,-0.00309
MED00282,9,ma_8,-0.00141
MED00283,9,ma_8,-0.00324
MED00284,9,ma_8,-0.03246
MED00285,9,ma_8,-0.00585
MED00286,9,ma_8,-0.00452
MED00287,9,ma_8,-0.00288
MED00288,9,ma_8,-0.00116
MED00289,9,ma_8,-0.00418
MED00290,9,ma_8,-0.03517
MED00291,9,ma_8,-0.09554
MED00292,9,ma_8,-0.03629
MED00293,9,ma_8,-0.00154
MED00294,9,ma_8,-0.03419
MED00295,9,ma_8,-0.03418
MED00296,9,ma_8,-0.00373
MED00297,9,ma_8,-0.00515
MED00298,9,ma_8,-0.00101
MED00299,9,ma_8,-0.03396
MED00300,9,ma_8,-0.03353
MED00301,9,ma_8,-0.00443
MED00302,9,ma_8,-0.00326
MED00303,9,ma_8,-0.00317
MED00304,9,ma_8,-0.00392
MED00305,9,ma_8,-0.03343
MED00306,9,ma_8,-0.03395
MED00307,9,ma_8,-0.00125
MED00308,9,ma_8,-0.03344
MED00309,9,ma_8,-0.03647
MED00310,9,ma_8,-0.00365
MED00311,9,ma_8,-0.00315
MED00312,9,ma_8,-0.03208
MED00313,9,ma_8,-0.02974
MED00314,9,ma_8,-0.0039
MED00315,9,ma_8,-0.00272
MED00316,9,ma_8,-0.03595
MED00317,9,ma_8,-0.03586
MED00318,9,ma_8,-0.00394
MED00319,9,ma_8,-0.00298
MED00320,9,ma_8,-0.00299
MED00321,9,ma_8,0.00118
MED00322,9,ma_8,-0.0329
MED00323,9,ma_8,-0.03419
MED00324,9,ma_8,-0.02912
MED00325,9,ma_8,-0.0042
MED00326,9,ma_8,-0.00274
MED00327,9,ma_8,-0.03568
MED00328,9,ma_8,-0.00288
MED00329,9,ma_8,-0.00305
MED00330,9,ma_8,-0.00524
MED00331,9,ma_8,-0.0342
MED00332,9,ma_8,-0.0355
MED00333,9,ma_8,-0.00301
MED00334,9,ma_8,-0.00418
MED00335,9,ma_8,-0.00499
MED00336,9,ma_8,-0.00689
MED00337,9,ma_8,0.00363
MED00338,9,ma_8,-0.03269
MED00339,9,ma_8,-0.03284
MED00340,9,ma_8,-0.0329
MED00341,9,ma_8,-0.00244
MED00342,9,ma_8,-0.03491
MED00343,9,ma_8,-0.00238
MED00344,9,ma_8,-0.00446
MED00345,9,ma_8,-0.03281
MED00346,9,ma_8,-0.03584
MED00347,9,ma_8,-0.03344
MED00348,9,ma_8,-0.03318
MED00349,9,ma_8,-0.03589
MED00350,9,ma_8,-0.03307
MED00351,9,ma_8,-0.03208
MED00352,9,ma_8,-0.03427
MED00353,9,ma_8,-0.03181
MED00354,9,ma_8,-0.03201
MED00355,9,ma_8,-0.00341
MED00356,9,ma_8,-0.03301
MED00357,9,ma_8,-0.03221
MED00358,9,ma_8,-0.00374
MED00359,9,ma_8,-0.03465
MED00360,9,ma_8,-0.00303
MED00361,9,ma_8,-0.00207
MED00362,9,ma_8,-0.00233
MED00363,9,ma_8,-0.03583
MED00364,9,ma_8,-0.03361
MED00365,9,ma_8,-0.03599
MED00366,9,ma_8,-0.00276
MED00367,9,ma_8,-0.03478
MED00368,9,ma_8,-0.00254
MED00369,9,ma_8,-0.00405
MED00370,9,ma_8,-0.03547
MED00371,9,ma_8,-0.00363
MED00372,9,ma_8,-0.03313
MED00373,9,ma_8,-0.03303
MED00374,9,ma_8,-0.03726
MED00375,9,ma_8,-0.00386
MED00376,9,ma_8,-0.03746
MED00377,9,ma_8,-0.03601
MED00378,9,ma_8,-0.03122
MED00379,9,ma_8,-0.03286
MED00380,9,ma_8,-0.03192
MED00381,9,ma_8,-0.03192
MED00382,9,ma_8,-0.00175
MED00383,9,ma_8,-0.0042
MED00384,9,ma_8,-0.03471
MED00385,9,ma_8,-0.00073
MED00386,9,ma_8,-0.00307
MED00387,9,ma_8,-0.00428
MED00388,9,ma_8,0.00388
MED00389,9,ma_8,-0.00698
MED00390,9,ma_8,-0.00206
MED00392,9,ma_8,-0.00068
MED00393,9,ma_8,-0.00331
MED00394,9,ma_8,-0.0044
MED00395,9,ma_8,-0.00363
MED00396,9,ma_8,-0.00179
MED00397,9,ma_8,-0.00148
MED00398,9,ma_8,0.00888
MED00399,9,ma_8,0.0099
MED00400,9,ma_8,0.00703
MED00401,9,ma_8,-0.00138
MED00402,9,ma_8,-0.00101
MED00403,9,ma_8,-0.00334
MED00404,9,ma_8,-0.00509
MED00405,9,ma_8,-0.00576
MED00406,9,ma_8,-0.00258
MED00407,9,ma_8,-0.00021
MED00408,9,ma_8,-0.0057
MED00409,9,ma_8,-0.0029
MED00410,9,ma_8,-0.0056
MED00411,9,ma_8,-1e-04
MED00412,9,ma_8,-0.0019
MED00413,9,ma_8,-0.0043
MED00415,9,ma_8,-0.00282
MED00417,9,ma_8,-0.00342
MED00418,9,ma_8,-0.00311
MED00419,9,ma_8,-0.00338
MED00420,9,ma_8,0.00023
MED00421,9,ma_8,-0.00202
MED00422,9,ma_8,-0.00037
MED00423,9,ma_8,-0.00354
MED00424,9,ma_8,0.00796
MED00001,10,ma_8,-0.00176
MED00002,10,ma_8,-0.03244
MED00003,10,ma_8,-0.03336
MED00004,10,ma_8,-0.03274
MED00005,10,ma_8,-0.02191
MED00006,10,ma_8,-0.03243
MED00007,10,ma_8,-0.03534
MED00008,10,ma_8,-0.03238
MED00009,10,ma_8,-0.00143
MED00010,10,ma_8,-0.00078
MED00011,10,ma_8,-0.00169
MED00012,10,ma_8,-0.03396
MED00013,10,ma_8,-0.00351
MED00014,10,ma_8,-0.00188
MED00015,10,ma_8,-0.033
MED00016,10,ma_8,-0.00194
MED00017,10,ma_8,-0.0354
MED00018,10,ma_8,0.00609
MED00019,10,ma_8,-0.00156
MED00020,10,ma_8,-0.00218
MED00021,10,ma_8,-0.00371
MED00022,10,ma_8,-0.00342
MED00023,10,ma_8,-0.03359
MED00024,10,ma_8,-0.0359
MED00025,10,ma_8,-0.0338
MED00026,10,ma_8,-0.03362
MED00027,10,ma_8,-0.03364
MED00028,10,ma_8,-0.03216
MED00029,10,ma_8,-0.0035
MED00030,10,ma_8,-0.00393
MED00031,10,ma_8,-0.00154
MED00032,10,ma_8,-0.03453
MED00033,10,ma_8,-0.0313
MED00034,10,ma_8,-0.00248
MED00035,10,ma_8,-0.03328
MED00036,10,ma_8,-0.03633
MED00037,10,ma_8,-0.003
MED00038,10,ma_8,0.00226
MED00039,10,ma_8,-0.03525
MED00040,10,ma_8,-0.03328
MED00041,10,ma_8,-0.03238
MED00042,10,ma_8,-0.03176
MED00043,10,ma_8,-0.03325
MED00044,10,ma_8,-0.03388
MED00045,10,ma_8,-0.03309
MED00046,10,ma_8,-0.0349
MED00047,10,ma_8,-0.00589
MED00048,10,ma_8,-0.0043
MED00049,10,ma_8,-0.03299
MED00050,10,ma_8,-0.03545
MED00051,10,ma_8,-0.03352
MED00052,10,ma_8,-0.03295
MED00053,10,ma_8,-0.00501
MED00054,10,ma_8,-0.00486
MED00055,10,ma_8,-0.03327
MED00056,10,ma_8,-0.03357
MED00057,10,ma_8,-0.03359
MED00058,10,ma_8,-0.03318
MED00059,10,ma_8,-0.00507
MED00060,10,ma_8,-0.00326
MED00061,10,ma_8,-0.03331
MED00062,10,ma_8,-0.00436
MED00063,10,ma_8,-0.03318
MED00064,10,ma_8,-0.00255
MED00065,10,ma_8,0.00558
MED00066,10,ma_8,-0.03285
MED00067,10,ma_8,-0.0007
MED00068,10,ma_8,-0.00293
MED00069,10,ma_8,-0.03443
MED00070,10,ma_8,-0.00386
MED00071,10,ma_8,-0.03637
MED00072,10,ma_8,-0.00159
MED00073,10,ma_8,-0.00397
MED00074,10,ma_8,-0.00418
MED00075,10,ma_8,-0.00147
MED00076,10,ma_8,-0.03269
MED00077,10,ma_8,-0.00404
MED00078,10,ma_8,-0.00277
MED00079,10,ma_8,-0.00795
MED00080,10,ma_8,-0.00263
MED00081,10,ma_8,-0.03335
MED00082,10,ma_8,-0.03607
MED00083,10,ma_8,-0.00333
MED00084,10,ma_8,-0.00193
MED00085,10,ma_8,-0.00108
MED00086,10,ma_8,-0.03373
MED00087,10,ma_8,-0.03565
MED00088,10,ma_8,-0.00171
MED00089,10,ma_8,-0.00419
MED00090,10,ma_8,-0.00349
MED00091,10,ma_8,-0.03779
MED00092,10,ma_8,-0.03273
MED00093,10,ma_8,-0.03365
MED00094,10,ma_8,-0.03362
MED00095,10,ma_8,-0.00161
MED00096,10,ma_8,-0.00292
MED00097,10,ma_8,-0.03366
MED00098,10,ma_8,-0.00328
MED00099,10,ma_8,-0.03365
MED00100,10,ma_8,-0.03376
MED00101,10,ma_8,-0.00448
MED00102,10,ma_8,-0.00085
MED00103,10,ma_8,-0.02367
MED00104,10,ma_8,-0.00262
MED00105,10,ma_8,-0.00248
MED00106,10,ma_8,-0.03306
MED00107,10,ma_8,-0.00249
MED00108,10,ma_8,-0.00283
MED00109,10,ma_8,-0.0318
MED00110,10,ma_8,-0.03148
MED00111,10,ma_8,-0.03283
MED00112,10,ma_8,-0.00226
MED00113,10,ma_8,-0.03474
MED00114,10,ma_8,-0.00584
MED00115,10,ma_8,-0.03583
MED00116,10,ma_8,-0.00382
MED00117,10,ma_8,-0.03345
MED00118,10,ma_8,-0.03019
MED00119,10,ma_8,-0.03387
MED00120,10,ma_8,-0.00051
MED00121,10,ma_8,-0.00208
MED00122,10,ma_8,-0.00281
MED00123,10,ma_8,-0.03241
MED00124,10,ma_8,-0.00264
MED00125,10,ma_8,-0.03336
MED00126,10,ma_8,-0.03155
MED00127,10,ma_8,-0.03435
MED00128,10,ma_8,-0.03488
MED00129,10,ma_8,-0.03288
MED00130,10,ma_8,-0.03286
MED00131,10,ma_8,-0.03621
MED00132,10,ma_8,-0.03239
MED00133,10,ma_8,-0.03248
MED00134,10,ma_8,-0.03191
MED00135,10,ma_8,-0.0071
MED00136,10,ma_8,-0.03537
MED00137,10,ma_8,-0.03451
MED00138,10,ma_8,-0.03577
MED00139,10,ma_8,-0.01252
MED00140,10,ma_8,-0.03498
MED00141,10,ma_8,-0.00473
MED00142,10,ma_8,-0.03434
MED00143,10,ma_8,-0.03471
MED00144,10,ma_8,-0.00423
MED00145,10,ma_8,-0.03244
MED00146,10,ma_8,-0.03432
MED00147,10,ma_8,-0.03124
MED00148,10,ma_8,-0.00595
MED00149,10,ma_8,-0.004
MED00150,10,ma_8,-0.03662
MED00151,10,ma_8,-0.03469
MED00152,10,ma_8,-0.03526
MED00153,10,ma_8,-0.03454
MED00154,10,ma_8,-0.00365
MED00155,10,ma_8,-0.03584
MED00156,10,ma_8,-0.00253
MED00157,10,ma_8,-0.00363
MED00158,10,ma_8,-0.03365
MED00159,10,ma_8,-0.0025
MED00160,10,ma_8,-0.00229
MED00161,10,ma_8,-0.00509
MED00162,10,ma_8,-0.03335
MED00163,10,ma_8,-0.0329
MED00164,10,ma_8,-0.03369
MED00165,10,ma_8,-0.00311
MED00166,10,ma_8,-0.03341
MED00167,10,ma_8,-0.00255
MED00168,10,ma_8,-0.03425
MED00169,10,ma_8,-0.03423
MED00170,10,ma_8,-0.03441
MED00171,10,ma_8,-0.03602
MED00172,10,ma_8,-0.00163
MED00173,10,ma_8,-0.0359
MED00174,10,ma_8,-0.0041
MED00175,10,ma_8,-0.03347
MED00176,10,ma_8,-0.00338
MED00177,10,ma_8,-0.03363
MED00178,10,ma_8,-0.03577
MED00179,10,ma_8,-0.03477
MED00180,10,ma_8,-0.03202
MED00181,10,ma_8,-0.00432
MED00182,10,ma_8,-0.03355
MED00183,10,ma_8,-0.00552
MED00184,10,ma_8,-0.00356
MED00185,10,ma_8,-0.0041
MED00186,10,ma_8,-0.03443
MED00187,10,ma_8,-0.03526
MED00188,10,ma_8,-0.00241
MED00189,10,ma_8,-0.03336
MED00190,10,ma_8,-0.00239
MED00191,10,ma_8,-0.00306
MED00192,10,ma_8,-0.03328
MED00193,10,ma_8,-0.03301
MED00194,10,ma_8,-0.00759
MED00195,10,ma_8,-0.00463
MED00196,10,ma_8,-0.00537
MED00197,10,ma_8,-0.00725
MED00198,10,ma_8,-0.0353
MED00199,10,ma_8,-0.03373
MED00200,10,ma_8,-0.03351
MED00201,10,ma_8,-0.00338
MED00202,10,ma_8,-0.03242
MED00203,10,ma_8,-0.00138
MED00204,10,ma_8,-0.03262
MED00205,10,ma_8,-0.00271
MED00206,10,ma_8,-0.03371
MED00207,10,ma_8,-0.03537
MED00208,10,ma_8,-0.00288
MED00209,10,ma_8,-0.00243
MED00210,10,ma_8,-0.03499
MED00211,10,ma_8,-0.03607
MED00212,10,ma_8,-0.03257
MED00213,10,ma_8,-0.03112
MED00214,10,ma_8,-0.00624
MED00215,10,ma_8,-0.03609
MED00216,10,ma_8,-0.03337
MED00217,10,ma_8,-0.03269
MED00218,10,ma_8,-0.00433
MED00219,10,ma_8,-0.00228
MED00220,10,ma_8,-0.03574
MED00221,10,ma_8,-0.0354
MED00222,10,ma_8,-0.03419
MED00223,10,ma_8,-0.00314
MED00224,10,ma_8,-0.03275
MED00225,10,ma_8,-0.00294
MED00226,10,ma_8,-0.00306
MED00227,10,ma_8,0.00137
MED00228,10,ma_8,-0.03236
MED00229,10,ma_8,-0.03187
MED00230,10,ma_8,-0.00423
MED00231,10,ma_8,-0.03347
MED00232,10,ma_8,-0.02287
MED00233,10,ma_8,-0.03214
MED00234,10,ma_8,-0.03417
MED00235,10,ma_8,0.00314
MED00236,10,ma_8,-0.03468
MED00237,10,ma_8,-0.00273
MED00238,10,ma_8,-0.03395
MED00239,10,ma_8,-0.00343
MED00240,10,ma_8,-0.00427
MED00241,10,ma_8,-0.03601
MED00242,10,ma_8,-0.00435
MED00243,10,ma_8,-0.03241
MED00244,10,ma_8,-0.03597
MED00245,10,ma_8,0.00283
MED00246,10,ma_8,-0.00458
MED00247,10,ma_8,-0.00311
MED00248,10,ma_8,-0.03323
MED00249,10,ma_8,-0.00171
MED00250,10,ma_8,-0.00473
MED00251,10,ma_8,-0.0352
MED00252,10,ma_8,-0.0338
MED00253,10,ma_8,-0.00221
MED00254,10,ma_8,-0.03381
MED00255,10,ma_8,-0.00426
MED00256,10,ma_8,-0.03361
MED00257,10,ma_8,-0.00273
MED00258,10,ma_8,-0.00293
MED00259,10,ma_8,-0.0015
MED00260,10,ma_8,-0.03166
MED00261,10,ma_8,-0.03463
MED00262,10,ma_8,-0.0029
MED00263,10,ma_8,-0.00248
MED00264,10,ma_8,-0.03209
MED00265,10,ma_8,-0.00289
MED00266,10,ma_8,-0.00608
MED00267,10,ma_8,-0.00261
MED00268,10,ma_8,-0.00282
MED00269,10,ma_8,-0.03563
MED00270,10,ma_8,-0.00206
MED00271,10,ma_8,-0.00224
MED00272,10,ma_8,-0.00234
MED00273,10,ma_8,-0.03449
MED00274,10,ma_8,-0.03233
MED00275,10,ma_8,-0.00413
MED00276,10,ma_8,-0.03582
MED00277,10,ma_8,-0.03336
MED00278,10,ma_8,-0.00553
MED00279,10,ma_8,-0.00286
MED00280,10,ma_8,-0.03266
MED00281,10,ma_8,-0.00301
MED00282,10,ma_8,-0.0014
MED00283,10,ma_8,-0.00321
MED00284,10,ma_8,-0.03244
MED00285,10,ma_8,-0.00582
MED00286,10,ma_8,-0.00453
MED00287,10,ma_8,-0.00287
MED00288,10,ma_8,-0.0015
MED00289,10,ma_8,-0.00419
MED00290,10,ma_8,-0.03515
MED00291,10,ma_8,-0.09544
MED00292,10,ma_8,-0.03592
MED00293,10,ma_8,-0.00155
MED00294,10,ma_8,-0.03417
MED00295,10,ma_8,-0.0336
MED00296,10,ma_8,-0.00372
MED00297,10,ma_8,-0.00516
MED00298,10,ma_8,-0.001
MED00299,10,ma_8,-0.03401
MED00300,10,ma_8,-0.03351
MED00301,10,ma_8,-0.00443
MED00302,10,ma_8,-0.0033
MED00303,10,ma_8,-0.00319
MED00304,10,ma_8,-0.00391
MED00305,10,ma_8,-0.03342
MED00306,10,ma_8,-0.03344
MED00307,10,ma_8,-0.00126
MED00308,10,ma_8,-0.03343
MED00309,10,ma_8,-0.03655
MED00310,10,ma_8,-0.00329
MED00311,10,ma_8,-0.00314
MED00312,10,ma_8,-0.03206
MED00313,10,ma_8,-0.02941
MED00314,10,ma_8,-0.00442
MED00315,10,ma_8,-0.00282
MED00316,10,ma_8,-0.03594
MED00317,10,ma_8,-0.03584
MED00318,10,ma_8,-0.00394
MED00319,10,ma_8,-0.003
MED00320,10,ma_8,-0.00296
MED00321,10,ma_8,0.00142
MED00322,10,ma_8,-0.03301
MED00323,10,ma_8,-0.03427
MED00324,10,ma_8,-0.02875
MED00325,10,ma_8,-0.00428
MED00326,10,ma_8,-0.00276
MED00327,10,ma_8,-0.03567
MED00328,10,ma_8,-0.00288
MED00329,10,ma_8,-0.00306
MED00330,10,ma_8,-0.00524
MED00331,10,ma_8,-0.03419
MED00332,10,ma_8,-0.0355
MED00333,10,ma_8,-0.00302
MED00334,10,ma_8,-0.00415
MED00335,10,ma_8,-0.005
MED00336,10,ma_8,-0.00691
MED00337,10,ma_8,0.00364
MED00338,10,ma_8,-0.03263
MED00339,10,ma_8,-0.03282
MED00340,10,ma_8,-0.03226
MED00341,10,ma_8,-0.00245
MED00342,10,ma_8,-0.0349
MED00343,10,ma_8,-0.00241
MED00344,10,ma_8,-0.00455
MED00345,10,ma_8,-0.03301
MED00346,10,ma_8,-0.03583
MED00347,10,ma_8,-0.03352
MED00348,10,ma_8,-0.03316
MED00349,10,ma_8,-0.03587
MED00350,10,ma_8,-0.03282
MED00351,10,ma_8,-0.03182
MED00352,10,ma_8,-0.03399
MED00353,10,ma_8,-0.03154
MED00354,10,ma_8,-0.03164
MED00355,10,ma_8,-0.00342
MED00356,10,ma_8,-0.03301
MED00357,10,ma_8,-0.03228
MED00358,10,ma_8,-0.00218
MED00359,10,ma_8,-0.03464
MED00360,10,ma_8,-0.00302
MED00361,10,ma_8,-0.0021
MED00362,10,ma_8,-0.00232
MED00363,10,ma_8,-0.03582
MED00364,10,ma_8,-0.0337
MED00365,10,ma_8,-0.03559
MED00366,10,ma_8,-0.00286
MED00367,10,ma_8,-0.03476
MED00368,10,ma_8,-0.00254
MED00369,10,ma_8,-0.00407
MED00370,10,ma_8,-0.03483
MED00371,10,ma_8,-0.00365
MED00372,10,ma_8,-0.03333
MED00373,10,ma_8,-0.03323
MED00374,10,ma_8,-0.0369
MED00375,10,ma_8,-0.00387
MED00376,10,ma_8,-0.03748
MED00377,10,ma_8,-0.03547
MED00378,10,ma_8,-0.0312
MED00379,10,ma_8,-0.03259
MED00380,10,ma_8,-0.03156
MED00381,10,ma_8,-0.03156
MED00382,10,ma_8,-0.00138
MED00383,10,ma_8,-0.00432
MED00384,10,ma_8,-0.03474
MED00385,10,ma_8,-0.00096
MED00386,10,ma_8,-0.00314
MED00387,10,ma_8,-0.0043
MED00388,10,ma_8,0.00388
MED00389,10,ma_8,-0.00699
MED00390,10,ma_8,-0.00258
MED00391,10,ma_8,-0.00051
MED00392,10,ma_8,-0.00069
MED00393,10,ma_8,-0.00332
MED00394,10,ma_8,-0.00441
MED00395,10,ma_8,-0.00364
MED00396,10,ma_8,-0.00171
MED00397,10,ma_8,-0.00149
MED00398,10,ma_8,0.00888
MED00399,10,ma_8,0.01009
MED00400,10,ma_8,0.00704
MED00401,10,ma_8,-0.00139
MED00402,10,ma_8,-0.00152
MED00403,10,ma_8,-0.00338
MED00404,10,ma_8,-0.00509
MED00405,10,ma_8,-0.00578
MED00406,10,ma_8,-0.0031
MED00407,10,ma_8,-0.00022
MED00408,10,ma_8,-0.00572
MED00409,10,ma_8,-0.00347
MED00410,10,ma_8,-0.00567
MED00411,10,ma_8,-0.00017
MED00412,10,ma_8,-0.00196
MED00413,10,ma_8,-0.00487
MED00415,10,ma_8,-0.00289
MED00416,10,ma_8,-0.00016
MED00417,10,ma_8,-0.00348
MED00418,10,ma_8,-0.00313
MED00419,10,ma_8,-0.00342
MED00420,10,ma_8,0.00022
MED00421,10,ma_8,-0.00254
MED00422,10,ma_8,-0.00094
MED00423,10,ma_8,-0.00352
MED00424,10,ma_8,0.00819
MED00001,11,ma_8,-0.00183
MED00002,11,ma_8,-0.03247
MED00003,11,ma_8,-0.03339
MED00004,11,ma_8,-0.03275
MED00005,11,ma_8,-0.02189
MED00006,11,ma_8,-0.03248
MED00007,11,ma_8,-0.03581
MED00008,11,ma_8,-0.03246
MED00009,11,ma_8,-0.00151
MED00010,11,ma_8,-0.00078
MED00011,11,ma_8,-0.00169
MED00012,11,ma_8,-0.03401
MED00013,11,ma_8,-0.00351
MED00014,11,ma_8,-0.00193
MED00015,11,ma_8,-0.03309
MED00016,11,ma_8,-0.00205
MED00017,11,ma_8,-0.03546
MED00018,11,ma_8,0.00622
MED00019,11,ma_8,-0.00167
MED00020,11,ma_8,-0.00221
MED00021,11,ma_8,-0.00373
MED00022,11,ma_8,-0.00349
MED00023,11,ma_8,-0.03368
MED00024,11,ma_8,-0.03598
MED00025,11,ma_8,-0.03386
MED00026,11,ma_8,-0.03363
MED00027,11,ma_8,-0.03361
MED00028,11,ma_8,-0.03225
MED00029,11,ma_8,-0.00361
MED00030,11,ma_8,-0.00395
MED00031,11,ma_8,-0.00161
MED00032,11,ma_8,-0.0346
MED00033,11,ma_8,-0.03128
MED00034,11,ma_8,-0.00258
MED00035,11,ma_8,-0.03327
MED00036,11,ma_8,-0.03631
MED00037,11,ma_8,-0.0029
MED00038,11,ma_8,0.00216
MED00039,11,ma_8,-0.03134
MED00040,11,ma_8,-0.03331
MED00041,11,ma_8,-0.03239
MED00042,11,ma_8,-0.03502
MED00043,11,ma_8,-0.03328
MED00044,11,ma_8,-0.03398
MED00045,11,ma_8,-0.03314
MED00046,11,ma_8,-0.03497
MED00047,11,ma_8,-0.00584
MED00048,11,ma_8,-0.00434
MED00049,11,ma_8,-0.03305
MED00050,11,ma_8,-0.03551
MED00051,11,ma_8,-0.03362
MED00052,11,ma_8,-0.033
MED00053,11,ma_8,-0.00508
MED00054,11,ma_8,-0.00494
MED00055,11,ma_8,-0.03326
MED00056,11,ma_8,-0.03359
MED00057,11,ma_8,-0.03356
MED00058,11,ma_8,-0.03323
MED00059,11,ma_8,-0.00507
MED00060,11,ma_8,-0.00333
MED00061,11,ma_8,-0.03334
MED00062,11,ma_8,-0.00446
MED00063,11,ma_8,-0.0333
MED00064,11,ma_8,-0.00259
MED00065,11,ma_8,0.00556
MED00066,11,ma_8,-0.03294
MED00067,11,ma_8,-0.00076
MED00068,11,ma_8,-0.00295
MED00069,11,ma_8,-0.0345
MED00070,11,ma_8,-0.00398
MED00071,11,ma_8,-0.03648
MED00072,11,ma_8,-0.00167
MED00073,11,ma_8,-0.004
MED00074,11,ma_8,-0.00421
MED00075,11,ma_8,-0.00149
MED00076,11,ma_8,-0.03272
MED00077,11,ma_8,-0.00405
MED00078,11,ma_8,-0.00288
MED00079,11,ma_8,-0.00807
MED00080,11,ma_8,-0.00265
MED00081,11,ma_8,-0.03338
MED00082,11,ma_8,-0.03615
MED00083,11,ma_8,-0.00329
MED00084,11,ma_8,-0.00198
MED00085,11,ma_8,-0.00114
MED00086,11,ma_8,-0.0337
MED00087,11,ma_8,-0.03571
MED00088,11,ma_8,-0.00175
MED00089,11,ma_8,-0.00417
MED00090,11,ma_8,-0.00351
MED00091,11,ma_8,-0.03787
MED00092,11,ma_8,-0.03282
MED00093,11,ma_8,-0.03363
MED00094,11,ma_8,-0.03363
MED00095,11,ma_8,-0.00167
MED00096,11,ma_8,-0.00298
MED00097,11,ma_8,-0.03364
MED00098,11,ma_8,-0.00334
MED00099,11,ma_8,-0.03363
MED00100,11,ma_8,-0.03385
MED00101,11,ma_8,-0.00443
MED00102,11,ma_8,-0.00106
MED00103,11,ma_8,-0.02372
MED00104,11,ma_8,-0.00261
MED00105,11,ma_8,-0.00255
MED00106,11,ma_8,-0.03315
MED00107,11,ma_8,-0.00249
MED00108,11,ma_8,-0.00288
MED00109,11,ma_8,-0.03185
MED00110,11,ma_8,-0.03145
MED00111,11,ma_8,-0.03292
MED00112,11,ma_8,-0.0024
MED00113,11,ma_8,-0.0348
MED00114,11,ma_8,-0.00587
MED00115,11,ma_8,-0.03589
MED00116,11,ma_8,-0.00311
MED00117,11,ma_8,-0.0335
MED00118,11,ma_8,-0.03024
MED00119,11,ma_8,-0.03392
MED00120,11,ma_8,-0.00125
MED00121,11,ma_8,-0.00223
MED00122,11,ma_8,-0.00282
MED00123,11,ma_8,-0.03244
MED00124,11,ma_8,-0.00259
MED00125,11,ma_8,-0.0334
MED00126,11,ma_8,-0.03155
MED00127,11,ma_8,-0.03442
MED00128,11,ma_8,-0.03493
MED00129,11,ma_8,-0.03298
MED00130,11,ma_8,-0.03289
MED00131,11,ma_8,-0.03629
MED00132,11,ma_8,-0.03242
MED00133,11,ma_8,-0.03259
MED00134,11,ma_8,-0.03191
MED00135,11,ma_8,-0.00707
MED00136,11,ma_8,-0.03537
MED00137,11,ma_8,-0.03481
MED00138,11,ma_8,-0.03585
MED00139,11,ma_8,-0.01257
MED00140,11,ma_8,-0.03507
MED00141,11,ma_8,-0.00475
MED00142,11,ma_8,-0.03441
MED00143,11,ma_8,-0.03476
MED00144,11,ma_8,-0.00431
MED00145,11,ma_8,-0.03247
MED00146,11,ma_8,-0.03451
MED00147,11,ma_8,-0.03132
MED00148,11,ma_8,-0.00602
MED00149,11,ma_8,-0.00413
MED00150,11,ma_8,-0.03671
MED00151,11,ma_8,-0.03477
MED00152,11,ma_8,-0.03532
MED00153,11,ma_8,-0.03472
MED00154,11,ma_8,-0.00369
MED00155,11,ma_8,-0.0359
MED00156,11,ma_8,-0.00255
MED00157,11,ma_8,-0.00364
MED00158,11,ma_8,-0.03362
MED00159,11,ma_8,-0.00242
MED00160,11,ma_8,-0.00247
MED00161,11,ma_8,-0.00509
MED00162,11,ma_8,-0.0334
MED00163,11,ma_8,-0.03293
MED00164,11,ma_8,-0.03376
MED00165,11,ma_8,-0.00319
MED00166,11,ma_8,-0.03346
MED00167,11,ma_8,-0.00261
MED00168,11,ma_8,-0.03432
MED00169,11,ma_8,-0.03425
MED00170,11,ma_8,-0.03447
MED00171,11,ma_8,-0.03608
MED00172,11,ma_8,-0.0017
MED00173,11,ma_8,-0.03596
MED00174,11,ma_8,-0.00407
MED00175,11,ma_8,-0.0336
MED00176,11,ma_8,-0.0033
MED00177,11,ma_8,-0.03372
MED00178,11,ma_8,-0.03579
MED00179,11,ma_8,-0.0348
MED00180,11,ma_8,-0.03207
MED00181,11,ma_8,-0.00439
MED00182,11,ma_8,-0.03356
MED00183,11,ma_8,-0.00558
MED00184,11,ma_8,-0.00353
MED00185,11,ma_8,-0.00413
MED00186,11,ma_8,-0.03448
MED00187,11,ma_8,-0.03533
MED00188,11,ma_8,-0.00246
MED00189,11,ma_8,-0.0334
MED00190,11,ma_8,-0.00254
MED00191,11,ma_8,-0.00305
MED00192,11,ma_8,-0.03343
MED00193,11,ma_8,-0.03304
MED00194,11,ma_8,-0.00767
MED00195,11,ma_8,-0.00469
MED00196,11,ma_8,-0.00547
MED00197,11,ma_8,-0.00733
MED00198,11,ma_8,-0.03536
MED00199,11,ma_8,-0.03383
MED00200,11,ma_8,-0.03358
MED00201,11,ma_8,-0.00344
MED00202,11,ma_8,-0.03251
MED00203,11,ma_8,-0.00146
MED00204,11,ma_8,-0.03267
MED00205,11,ma_8,-0.00278
MED00206,11,ma_8,-0.03379
MED00207,11,ma_8,-0.03543
MED00208,11,ma_8,-0.00288
MED00209,11,ma_8,-0.00245
MED00210,11,ma_8,-0.03502
MED00211,11,ma_8,-0.03615
MED00212,11,ma_8,-0.03264
MED00213,11,ma_8,-0.03112
MED00214,11,ma_8,-0.00625
MED00215,11,ma_8,-0.03615
MED00216,11,ma_8,-0.03346
MED00217,11,ma_8,-0.03273
MED00218,11,ma_8,-0.00433
MED00219,11,ma_8,-0.00229
MED00220,11,ma_8,-0.03583
MED00221,11,ma_8,-0.03548
MED00222,11,ma_8,-0.03425
MED00223,11,ma_8,-0.00305
MED00224,11,ma_8,-0.0328
MED00225,11,ma_8,-0.00296
MED00226,11,ma_8,-0.00314
MED00227,11,ma_8,0.00142
MED00228,11,ma_8,-0.03243
MED00229,11,ma_8,-0.03188
MED00230,11,ma_8,-0.00414
MED00231,11,ma_8,-0.03353
MED00232,11,ma_8,-0.02292
MED00233,11,ma_8,-0.03217
MED00234,11,ma_8,-0.03434
MED00235,11,ma_8,0.00333
MED00236,11,ma_8,-0.03484
MED00237,11,ma_8,-0.00274
MED00238,11,ma_8,-0.03404
MED00239,11,ma_8,-0.00346
MED00240,11,ma_8,-0.00429
MED00241,11,ma_8,-0.03619
MED00242,11,ma_8,-0.00441
MED00243,11,ma_8,-0.03244
MED00244,11,ma_8,-0.03603
MED00245,11,ma_8,0.00282
MED00246,11,ma_8,-0.00458
MED00247,11,ma_8,-0.00311
MED00248,11,ma_8,-0.03331
MED00249,11,ma_8,-0.00181
MED00250,11,ma_8,-0.00483
MED00251,11,ma_8,-0.03526
MED00252,11,ma_8,-0.03386
MED00253,11,ma_8,-0.00234
MED00254,11,ma_8,-0.03387
MED00255,11,ma_8,-0.00428
MED00256,11,ma_8,-0.03378
MED00257,11,ma_8,-0.00279
MED00258,11,ma_8,-0.00299
MED00259,11,ma_8,-0.00158
MED00260,11,ma_8,-0.03162
MED00261,11,ma_8,-0.03461
MED00262,11,ma_8,-0.00293
MED00263,11,ma_8,-0.00252
MED00264,11,ma_8,-0.03218
MED00265,11,ma_8,-0.00284
MED00266,11,ma_8,-0.00611
MED00267,11,ma_8,-0.00277
MED00268,11,ma_8,-0.00288
MED00269,11,ma_8,-0.03581
MED00270,11,ma_8,-0.00206
MED00271,11,ma_8,-0.00226
MED00272,11,ma_8,-0.00236
MED00273,11,ma_8,-0.03458
MED00274,11,ma_8,-0.03236
MED00275,11,ma_8,-0.0042
MED00276,11,ma_8,-0.03588
MED00277,11,ma_8,-0.03339
MED00278,11,ma_8,-0.00548
MED00279,11,ma_8,-0.00288
MED00280,11,ma_8,-0.03273
MED00281,11,ma_8,-0.00308
MED00282,11,ma_8,-0.00148
MED00283,11,ma_8,-0.00339
MED00284,11,ma_8,-0.03252
MED00285,11,ma_8,-0.00582
MED00286,11,ma_8,-0.00463
MED00287,11,ma_8,-0.00295
MED00288,11,ma_8,-0.00154
MED00289,11,ma_8,-0.00425
MED00290,11,ma_8,-0.03521
MED00291,11,ma_8,-0.09599
MED00292,11,ma_8,-0.03604
MED00293,11,ma_8,-0.00162
MED00294,11,ma_8,-0.03419
MED00295,11,ma_8,-0.03361
MED00296,11,ma_8,-0.00373
MED00297,11,ma_8,-0.00516
MED00298,11,ma_8,-0.00106
MED00299,11,ma_8,-0.03404
MED00300,11,ma_8,-0.03356
MED00301,11,ma_8,-0.00443
MED00302,11,ma_8,-0.00328
MED00303,11,ma_8,-0.00326
MED00304,11,ma_8,-0.00394
MED00305,11,ma_8,-0.03347
MED00306,11,ma_8,-0.03343
MED00307,11,ma_8,-0.00131
MED00308,11,ma_8,-0.03339
MED00309,11,ma_8,-0.03666
MED00310,11,ma_8,-0.00337
MED00311,11,ma_8,-0.0031
MED00312,11,ma_8,-0.03206
MED00313,11,ma_8,-0.02938
MED00314,11,ma_8,-0.00428
MED00315,11,ma_8,-0.00282
MED00316,11,ma_8,-0.036
MED00317,11,ma_8,-0.0359
MED00318,11,ma_8,-0.00396
MED00319,11,ma_8,-0.00295
MED00320,11,ma_8,-0.00306
MED00321,11,ma_8,0.00144
MED00322,11,ma_8,-0.03307
MED00323,11,ma_8,-0.03431
MED00324,11,ma_8,-0.02883
MED00325,11,ma_8,-0.00428
MED00326,11,ma_8,-0.00276
MED00327,11,ma_8,-0.03573
MED00328,11,ma_8,-0.00288
MED00329,11,ma_8,-0.00306
MED00330,11,ma_8,-0.00525
MED00331,11,ma_8,-0.03425
MED00332,11,ma_8,-0.03556
MED00333,11,ma_8,-0.00307
MED00334,11,ma_8,-0.00377
MED00335,11,ma_8,-0.00489
MED00336,11,ma_8,-0.00662
MED00337,11,ma_8,0.00367
MED00338,11,ma_8,-0.03328
MED00339,11,ma_8,-0.0329
MED00340,11,ma_8,-0.03229
MED00341,11,ma_8,-0.00252
MED00342,11,ma_8,-0.03495
MED00343,11,ma_8,-0.00241
MED00344,11,ma_8,-0.00447
MED00345,11,ma_8,-0.03304
MED00346,11,ma_8,-0.03589
MED00347,11,ma_8,-0.03361
MED00348,11,ma_8,-0.03334
MED00349,11,ma_8,-0.03593
MED00350,11,ma_8,-0.03282
MED00351,11,ma_8,-0.03186
MED00352,11,ma_8,-0.03395
MED00353,11,ma_8,-0.03154
MED00354,11,ma_8,-0.03162
MED00355,11,ma_8,-0.00349
MED00356,11,ma_8,-0.03307
MED00357,11,ma_8,-0.03236
MED00358,11,ma_8,-0.00234
MED00359,11,ma_8,-0.03469
MED00360,11,ma_8,-0.00309
MED00361,11,ma_8,-0.00211
MED00362,11,ma_8,-0.00232
MED00363,11,ma_8,-0.03588
MED00364,11,ma_8,-0.03382
MED00365,11,ma_8,-0.03625
MED00366,11,ma_8,-0.00291
MED00367,11,ma_8,-0.0348
MED00368,11,ma_8,-0.00254
MED00369,11,ma_8,-0.00409
MED00370,11,ma_8,-0.03089
MED00371,11,ma_8,-0.00364
MED00372,11,ma_8,-0.03337
MED00373,11,ma_8,-0.03327
MED00374,11,ma_8,-0.03697
MED00375,11,ma_8,-0.00387
MED00376,11,ma_8,-0.03763
MED00377,11,ma_8,-0.03548
MED00378,11,ma_8,-0.035
MED00379,11,ma_8,-0.03263
MED00380,11,ma_8,-0.03153
MED00381,11,ma_8,-0.03162
MED00382,11,ma_8,-0.00146
MED00383,11,ma_8,-0.00446
MED00384,11,ma_8,-0.03479
MED00385,11,ma_8,-0.00108
MED00386,11,ma_8,-0.00319
MED00387,11,ma_8,-0.0043
MED00388,11,ma_8,0.00415
MED00389,11,ma_8,-0.00706
MED00390,11,ma_8,-0.00269
MED00391,11,ma_8,-0.00061
MED00392,11,ma_8,-0.0008
MED00393,11,ma_8,-0.00339
MED00394,11,ma_8,-0.00452
MED00395,11,ma_8,-0.00375
MED00396,11,ma_8,-0.00183
MED00397,11,ma_8,-0.0015
MED00398,11,ma_8,0.00894
MED00399,11,ma_8,0.01017
MED00400,11,ma_8,0.00718
MED00401,11,ma_8,-0.00146
MED00402,11,ma_8,-0.00163
MED00403,11,ma_8,-0.00337
MED00404,11,ma_8,-0.00527
MED00405,11,ma_8,-0.00578
MED00406,11,ma_8,-0.00313
MED00407,11,ma_8,-0.00033
MED00408,11,ma_8,-0.00579
MED00409,11,ma_8,-0.00354
MED00410,11,ma_8,-0.00574
MED00411,11,ma_8,-0.00028
MED00412,11,ma_8,-0.00203
MED00413,11,ma_8,-0.00493
MED00414,11,ma_8,-0.00013
MED00415,11,ma_8,-0.00299
MED00416,11,ma_8,-0.00027
MED00417,11,ma_8,-0.00355
MED00418,11,ma_8,-0.0032
MED00419,11,ma_8,-0.00348
MED00420,11,ma_8,1e-04
MED00421,11,ma_8,-0.00264
MED00422,11,ma_8,-0.00105
MED00423,11,ma_8,-0.00359
MED00424,11,ma_8,0.00798
MED00001,12,ma_8,-0.00179
MED00002,12,ma_8,-0.0325
MED00003,12,ma_8,-0.03336
MED00004,12,ma_8,-0.03268
MED00005,12,ma_8,-0.02182
MED00006,12,ma_8,-0.03245
MED00007,12,ma_8,-0.03609
MED00008,12,ma_8,-0.03283
MED00009,12,ma_8,-0.00149
MED00010,12,ma_8,-0.00082
MED00011,12,ma_8,-0.00152
MED00012,12,ma_8,-0.03401
MED00013,12,ma_8,-0.0035
MED00014,12,ma_8,-0.00216
MED00015,12,ma_8,-0.03307
MED00016,12,ma_8,-0.00202
MED00017,12,ma_8,-0.03543
MED00018,12,ma_8,0.00593
MED00019,12,ma_8,-0.00193
MED00020,12,ma_8,-0.00217
MED00021,12,ma_8,-0.00371
MED00022,12,ma_8,-0.00347
MED00023,12,ma_8,-0.03365
MED00024,12,ma_8,-0.03595
MED00025,12,ma_8,-0.03386
MED00026,12,ma_8,-0.03359
MED00027,12,ma_8,-0.03358
MED00028,12,ma_8,-0.03222
MED00029,12,ma_8,-0.00358
MED00030,12,ma_8,-0.00392
MED00031,12,ma_8,-0.00159
MED00032,12,ma_8,-0.03458
MED00033,12,ma_8,-0.03125
MED00034,12,ma_8,-0.00288
MED00035,12,ma_8,-0.0332
MED00036,12,ma_8,-0.03624
MED00037,12,ma_8,-0.00283
MED00038,12,ma_8,0.0006
MED00039,12,ma_8,-0.03127
MED00040,12,ma_8,-0.03325
MED00041,12,ma_8,-0.03232
MED00042,12,ma_8,-0.03499
MED00043,12,ma_8,-0.03321
MED00044,12,ma_8,-0.0339
MED00045,12,ma_8,-0.03311
MED00046,12,ma_8,-0.03495
MED00047,12,ma_8,-0.0059
MED00048,12,ma_8,-0.00346
MED00049,12,ma_8,-0.03305
MED00050,12,ma_8,-0.03541
MED00051,12,ma_8,-0.0336
MED00052,12,ma_8,-0.03286
MED00053,12,ma_8,-0.00504
MED00054,12,ma_8,-0.00484
MED00055,12,ma_8,-0.03319
MED00056,12,ma_8,-0.03354
MED00057,12,ma_8,-0.0334
MED00058,12,ma_8,-0.0332
MED00059,12,ma_8,-0.00502
MED00060,12,ma_8,-0.00329
MED00061,12,ma_8,-0.03321
MED00062,12,ma_8,-0.00358
MED00063,12,ma_8,-0.03334
MED00064,12,ma_8,-0.00273
MED00065,12,ma_8,0.00522
MED00066,12,ma_8,-0.03285
MED00067,12,ma_8,-0.00073
MED00068,12,ma_8,-0.00293
MED00069,12,ma_8,-0.03441
MED00070,12,ma_8,-0.00397
MED00071,12,ma_8,-0.03639
MED00072,12,ma_8,-0.00159
MED00073,12,ma_8,-0.00398
MED00074,12,ma_8,-0.00412
MED00075,12,ma_8,-0.00146
MED00076,12,ma_8,-0.03262
MED00077,12,ma_8,-0.00401
MED00078,12,ma_8,-0.00279
MED00079,12,ma_8,-0.00719
MED00080,12,ma_8,-0.00263
MED00081,12,ma_8,-0.03324
MED00082,12,ma_8,-0.03607
MED00083,12,ma_8,-0.00322
MED00084,12,ma_8,-0.00217
MED00085,12,ma_8,-0.00112
MED00086,12,ma_8,-0.03364
MED00087,12,ma_8,-0.03568
MED00088,12,ma_8,-0.00195
MED00089,12,ma_8,-0.00407
MED00090,12,ma_8,-0.0035
MED00091,12,ma_8,-0.03778
MED00092,12,ma_8,-0.03279
MED00093,12,ma_8,-0.03352
MED00094,12,ma_8,-0.0335
MED00095,12,ma_8,-0.00164
MED00096,12,ma_8,-0.00294
MED00097,12,ma_8,-0.03357
MED00098,12,ma_8,-0.00329
MED00099,12,ma_8,-0.03359
MED00100,12,ma_8,-0.03383
MED00101,12,ma_8,-0.00413
MED00102,12,ma_8,-0.00099
MED00103,12,ma_8,-0.02369
MED00104,12,ma_8,-0.00254
MED00105,12,ma_8,-0.00251
MED00106,12,ma_8,-0.03327
MED00107,12,ma_8,-0.00204
MED00108,12,ma_8,-0.00289
MED00109,12,ma_8,-0.03182
MED00110,12,ma_8,-0.03137
MED00111,12,ma_8,-0.03302
MED00112,12,ma_8,-0.00237
MED00113,12,ma_8,-0.03478
MED00114,12,ma_8,-0.00501
MED00115,12,ma_8,-0.03586
MED00116,12,ma_8,-0.00317
MED00117,12,ma_8,-0.03347
MED00118,12,ma_8,-0.03018
MED00119,12,ma_8,-0.03389
MED00120,12,ma_8,-0.00124
MED00121,12,ma_8,-0.00223
MED00122,12,ma_8,-0.00279
MED00123,12,ma_8,-0.03237
MED00124,12,ma_8,-0.00255
MED00125,12,ma_8,-0.03337
MED00126,12,ma_8,-0.03148
MED00127,12,ma_8,-0.03439
MED00128,12,ma_8,-0.03487
MED00129,12,ma_8,-0.033
MED00130,12,ma_8,-0.033
MED00131,12,ma_8,-0.03626
MED00132,12,ma_8,-0.03235
MED00133,12,ma_8,-0.0325
MED00134,12,ma_8,-0.03184
MED00135,12,ma_8,-0.00703
MED00136,12,ma_8,-0.0353
MED00137,12,ma_8,-0.03478
MED00138,12,ma_8,-0.03582
MED00139,12,ma_8,-0.01254
MED00140,12,ma_8,-0.03504
MED00141,12,ma_8,-0.00472
MED00142,12,ma_8,-0.0343
MED00143,12,ma_8,-0.03474
MED00144,12,ma_8,-0.00427
MED00145,12,ma_8,-0.03241
MED00146,12,ma_8,-0.03469
MED00147,12,ma_8,-0.0313
MED00148,12,ma_8,-0.00598
MED00149,12,ma_8,-0.00418
MED00150,12,ma_8,-0.03668
MED00151,12,ma_8,-0.03475
MED00152,12,ma_8,-0.0353
MED00153,12,ma_8,-0.03469
MED00154,12,ma_8,-0.00365
MED00155,12,ma_8,-0.03587
MED00156,12,ma_8,-0.00252
MED00157,12,ma_8,-0.00361
MED00158,12,ma_8,-0.03362
MED00159,12,ma_8,-0.00221
MED00160,12,ma_8,-0.00249
MED00161,12,ma_8,-0.00505
MED00162,12,ma_8,-0.0335
MED00163,12,ma_8,-0.03294
MED00164,12,ma_8,-0.03368
MED00165,12,ma_8,-0.00314
MED00166,12,ma_8,-0.03344
MED00167,12,ma_8,-0.00258
MED00168,12,ma_8,-0.0343
MED00169,12,ma_8,-0.03424
MED00170,12,ma_8,-0.03452
MED00171,12,ma_8,-0.03602
MED00172,12,ma_8,-0.00168
MED00173,12,ma_8,-0.03593
MED00174,12,ma_8,-0.004
MED00175,12,ma_8,-0.03357
MED00176,12,ma_8,-0.00141
MED00177,12,ma_8,-0.03373
MED00178,12,ma_8,-0.03572
MED00179,12,ma_8,-0.03473
MED00180,12,ma_8,-0.03216
MED00181,12,ma_8,-0.0044
MED00182,12,ma_8,-0.03352
MED00183,12,ma_8,-0.0055
MED00184,12,ma_8,-0.00344
MED00185,12,ma_8,-0.0041
MED00186,12,ma_8,-0.03446
MED00187,12,ma_8,-0.0353
MED00188,12,ma_8,-0.00243
MED00189,12,ma_8,-0.03336
MED00190,12,ma_8,-0.00254
MED00191,12,ma_8,-0.00299
MED00192,12,ma_8,-0.0333
MED00193,12,ma_8,-0.03307
MED00194,12,ma_8,-0.00758
MED00195,12,ma_8,-0.00466
MED00196,12,ma_8,-0.00544
MED00197,12,ma_8,-0.00728
MED00198,12,ma_8,-0.03534
MED00199,12,ma_8,-0.0338
MED00200,12,ma_8,-0.03355
MED00201,12,ma_8,-0.0034
MED00202,12,ma_8,-0.03248
MED00203,12,ma_8,-0.00137
MED00204,12,ma_8,-0.03264
MED00205,12,ma_8,-0.00276
MED00206,12,ma_8,-0.03378
MED00207,12,ma_8,-0.0354
MED00208,12,ma_8,-0.00284
MED00209,12,ma_8,-0.00243
MED00210,12,ma_8,-0.03496
MED00211,12,ma_8,-0.03611
MED00212,12,ma_8,-0.03261
MED00213,12,ma_8,-0.03105
MED00214,12,ma_8,-0.0062
MED00215,12,ma_8,-0.03613
MED00216,12,ma_8,-0.03351
MED00217,12,ma_8,-0.03262
MED00218,12,ma_8,-0.0039
MED00219,12,ma_8,-0.00224
MED00220,12,ma_8,-0.03581
MED00221,12,ma_8,-0.03545
MED00222,12,ma_8,-0.03422
MED00223,12,ma_8,-0.00301
MED00224,12,ma_8,-0.03277
MED00225,12,ma_8,-0.00295
MED00226,12,ma_8,-0.00311
MED00227,12,ma_8,-0.00024
MED00228,12,ma_8,-0.03241
MED00229,12,ma_8,-0.03181
MED00230,12,ma_8,-0.00393
MED00231,12,ma_8,-0.0335
MED00232,12,ma_8,-0.02289
MED00233,12,ma_8,-0.0321
MED00234,12,ma_8,-0.03431
MED00235,12,ma_8,0.00306
MED00236,12,ma_8,-0.03481
MED00237,12,ma_8,-0.00271
MED00238,12,ma_8,-0.03407
MED00239,12,ma_8,-0.00343
MED00240,12,ma_8,-0.00427
MED00241,12,ma_8,-0.03616
MED00242,12,ma_8,-0.00438
MED00243,12,ma_8,-0.03247
MED00244,12,ma_8,-0.03612
MED00245,12,ma_8,0.00253
MED00246,12,ma_8,-0.00454
MED00247,12,ma_8,-0.0031
MED00248,12,ma_8,-0.03328
MED00249,12,ma_8,-0.00203
MED00250,12,ma_8,-0.00395
MED00251,12,ma_8,-0.03523
MED00252,12,ma_8,-0.03383
MED00253,12,ma_8,-0.00252
MED00254,12,ma_8,-0.03383
MED00255,12,ma_8,-0.00424
MED00256,12,ma_8,-0.03376
MED00257,12,ma_8,-0.00275
MED00258,12,ma_8,-0.00297
MED00259,12,ma_8,-0.00157
MED00260,12,ma_8,-0.03155
MED00261,12,ma_8,-0.03454
MED00262,12,ma_8,-0.0029
MED00263,12,ma_8,-0.00252
MED00264,12,ma_8,-0.03215
MED00265,12,ma_8,-0.0028
MED00266,12,ma_8,-0.00606
MED00267,12,ma_8,-0.00274
MED00268,12,ma_8,-0.00285
MED00269,12,ma_8,-0.03578
MED00270,12,ma_8,-0.002
MED00271,12,ma_8,-0.00225
MED00272,12,ma_8,-0.00234
MED00273,12,ma_8,-0.03452
MED00274,12,ma_8,-0.03229
MED00275,12,ma_8,-0.00416
MED00276,12,ma_8,-0.03589
MED00277,12,ma_8,-0.03336
MED00278,12,ma_8,-0.00544
MED00279,12,ma_8,-0.00308
MED00280,12,ma_8,-0.03259
MED00281,12,ma_8,-0.00304
MED00282,12,ma_8,-0.00146
MED00283,12,ma_8,-0.00336
MED00284,12,ma_8,-0.03249
MED00285,12,ma_8,-0.00578
MED00286,12,ma_8,-0.00459
MED00287,12,ma_8,-0.00296
MED00288,12,ma_8,-0.00177
MED00289,12,ma_8,-0.00421
MED00290,12,ma_8,-0.03518
MED00291,12,ma_8,-0.09591
MED00292,12,ma_8,-0.03622
MED00293,12,ma_8,-0.00161
MED00294,12,ma_8,-0.03412
MED00295,12,ma_8,-0.03354
MED00296,12,ma_8,-0.0037
MED00297,12,ma_8,-0.00512
MED00298,12,ma_8,-0.00104
MED00299,12,ma_8,-0.03398
MED00300,12,ma_8,-0.03354
MED00301,12,ma_8,-0.00441
MED00302,12,ma_8,-0.00326
MED00303,12,ma_8,-0.00323
MED00304,12,ma_8,-0.00385
MED00305,12,ma_8,-0.03345
MED00306,12,ma_8,-0.03336
MED00307,12,ma_8,-0.00153
MED00308,12,ma_8,-0.03332
MED00309,12,ma_8,-0.03664
MED00310,12,ma_8,-0.00334
MED00311,12,ma_8,-0.00303
MED00312,12,ma_8,-0.03199
MED00313,12,ma_8,-0.02931
MED00314,12,ma_8,-0.00409
MED00315,12,ma_8,-0.00277
MED00316,12,ma_8,-0.03597
MED00317,12,ma_8,-0.03587
MED00318,12,ma_8,-0.00388
MED00319,12,ma_8,-0.00291
MED00320,12,ma_8,-0.00271
MED00321,12,ma_8,0.00151
MED00322,12,ma_8,-0.03304
MED00323,12,ma_8,-0.03422
MED00324,12,ma_8,-0.02881
MED00325,12,ma_8,-0.00429
MED00326,12,ma_8,-0.00276
MED00327,12,ma_8,-0.03568
MED00328,12,ma_8,-0.00286
MED00329,12,ma_8,-0.00298
MED00330,12,ma_8,-0.00522
MED00331,12,ma_8,-0.03423
MED00332,12,ma_8,-0.03557
MED00333,12,ma_8,-0.00333
MED00334,12,ma_8,-0.00368
MED00335,12,ma_8,-0.00467
MED00336,12,ma_8,-0.003
MED00337,12,ma_8,0.00342
MED00338,12,ma_8,-0.03321
MED00339,12,ma_8,-0.03287
MED00340,12,ma_8,-0.03231
MED00341,12,ma_8,-0.00248
MED00342,12,ma_8,-0.03492
MED00343,12,ma_8,-0.00245
MED00344,12,ma_8,-0.0044
MED00345,12,ma_8,-0.03307
MED00346,12,ma_8,-0.0359
MED00347,12,ma_8,-0.03366
MED00348,12,ma_8,-0.03332
MED00349,12,ma_8,-0.03591
MED00350,12,ma_8,-0.03275
MED00351,12,ma_8,-0.03179
MED00352,12,ma_8,-0.03388
MED00353,12,ma_8,-0.03151
MED00354,12,ma_8,-0.03154
MED00355,12,ma_8,-0.00348
MED00356,12,ma_8,-0.03304
MED00357,12,ma_8,-0.03232
MED00358,12,ma_8,-0.00231
MED00359,12,ma_8,-0.0347
MED00360,12,ma_8,-0.00306
MED00361,12,ma_8,-0.00208
MED00362,12,ma_8,-0.0023
MED00363,12,ma_8,-0.03585
MED00364,12,ma_8,-0.03383
MED00365,12,ma_8,-0.03623
MED00366,12,ma_8,-0.00286
MED00367,12,ma_8,-0.03477
MED00368,12,ma_8,-0.00252
MED00369,12,ma_8,-0.00401
MED00370,12,ma_8,-0.03082
MED00371,12,ma_8,-0.0036
MED00372,12,ma_8,-0.03334
MED00373,12,ma_8,-0.03321
MED00374,12,ma_8,-0.03694
MED00375,12,ma_8,-0.00293
MED00376,12,ma_8,-0.0376
MED00377,12,ma_8,-0.03537
MED00378,12,ma_8,-0.03525
MED00379,12,ma_8,-0.03256
MED00380,12,ma_8,-0.03146
MED00381,12,ma_8,-0.03156
MED00382,12,ma_8,-0.00144
MED00383,12,ma_8,-0.00445
MED00384,12,ma_8,-0.03477
MED00385,12,ma_8,-0.00264
MED00386,12,ma_8,-0.00314
MED00387,12,ma_8,-0.00452
MED00388,12,ma_8,0.00723
MED00389,12,ma_8,-0.00698
MED00390,12,ma_8,-0.00294
MED00391,12,ma_8,-0.00217
MED00392,12,ma_8,-0.00236
MED00393,12,ma_8,-0.00335
MED00394,12,ma_8,-0.00364
MED00395,12,ma_8,-0.00287
MED00396,12,ma_8,-0.00209
MED00397,12,ma_8,-0.00171
MED00398,12,ma_8,0.007
MED00399,12,ma_8,0.00989
MED00400,12,ma_8,0.00692
MED00401,12,ma_8,-0.00158
MED00402,12,ma_8,-0.00319
MED00403,12,ma_8,-0.00333
MED00404,12,ma_8,-0.00524
MED00405,12,ma_8,-0.00574
MED00406,12,ma_8,-0.00327
MED00407,12,ma_8,-0.0019
MED00408,12,ma_8,-0.00575
MED00409,12,ma_8,-0.00349
MED00410,12,ma_8,-0.00569
MED00411,12,ma_8,-0.00184
MED00412,12,ma_8,-0.00199
MED00413,12,ma_8,-0.00489
MED00414,12,ma_8,-0.00169
MED00415,12,ma_8,-0.00296
MED00416,12,ma_8,-0.00183
MED00417,12,ma_8,-0.00351
MED00418,12,ma_8,-0.00316
MED00419,12,ma_8,-0.00344
MED00420,12,ma_8,-0.00146
MED00421,12,ma_8,-0.00287
MED00422,12,ma_8,-0.00261
MED00423,12,ma_8,-0.00355
MED00424,12,ma_8,0.00719
MED00001,1,ma_12,0.1621
MED00002,1,ma_12,-0.38224
MED00003,1,ma_12,-0.37223
MED00004,1,ma_12,-0.2005
MED00005,1,ma_12,-0.1592
MED00006,1,ma_12,-0.2601
MED00007,1,ma_12,-0.22276
MED00008,1,ma_12,-0.26399
MED00009,1,ma_12,-0.17863
MED00010,1,ma_12,-0.15482
MED00011,1,ma_12,0.19438
MED00012,1,ma_12,-0.2463
MED00013,1,ma_12,-0.08769
MED00014,1,ma_12,0.16206
MED00015,1,ma_12,-0.2703
MED00016,1,ma_12,-0.16734
MED00017,1,ma_12,-0.24474
MED00018,1,ma_12,0.45263
MED00019,1,ma_12,0.31888
MED00020,1,ma_12,0.02197
MED00021,1,ma_12,-0.0884
MED00022,1,ma_12,-0.16844
MED00023,1,ma_12,-0.25708
MED00024,1,ma_12,-0.17394
MED00025,1,ma_12,-0.38526
MED00026,1,ma_12,-0.34696
MED00027,1,ma_12,-0.35917
MED00028,1,ma_12,-0.2973
MED00029,1,ma_12,0.14055
MED00030,1,ma_12,0.02758
MED00031,1,ma_12,-0.1603
MED00032,1,ma_12,-0.16602
MED00033,1,ma_12,-0.28829
MED00034,1,ma_12,0.14668
MED00035,1,ma_12,-0.30222
MED00036,1,ma_12,-0.21301
MED00037,1,ma_12,-0.08912
MED00038,1,ma_12,0.19798
MED00039,1,ma_12,-0.28658
MED00040,1,ma_12,-0.28975
MED00041,1,ma_12,-0.30403
MED00042,1,ma_12,-0.17022
MED00043,1,ma_12,-0.29295
MED00044,1,ma_12,-0.25882
MED00045,1,ma_12,-0.2872
MED00046,1,ma_12,-0.21195
MED00047,1,ma_12,0.03596
MED00048,1,ma_12,0.15741
MED00049,1,ma_12,-0.37403
MED00050,1,ma_12,-0.20258
MED00051,1,ma_12,-0.388
MED00052,1,ma_12,-0.29854
MED00053,1,ma_12,0.06307
MED00054,1,ma_12,0.07159
MED00055,1,ma_12,-0.27877
MED00056,1,ma_12,-0.29108
MED00057,1,ma_12,-0.30419
MED00058,1,ma_12,-0.25768
MED00059,1,ma_12,0.07966
MED00060,1,ma_12,-0.0125
MED00061,1,ma_12,-0.2951
MED00062,1,ma_12,0.17344
MED00063,1,ma_12,-0.39871
MED00064,1,ma_12,0.209
MED00065,1,ma_12,0.31823
MED00066,1,ma_12,-0.29529
MED00067,1,ma_12,-0.20157
MED00068,1,ma_12,-0.08787
MED00069,1,ma_12,-0.24917
MED00070,1,ma_12,0.14132
MED00071,1,ma_12,-0.24063
MED00072,1,ma_12,-0.17472
MED00073,1,ma_12,-0.16044
MED00074,1,ma_12,-0.17206
MED00075,1,ma_12,-0.05788
MED00076,1,ma_12,-0.35512
MED00077,1,ma_12,0.01966
MED00078,1,ma_12,-0.17404
MED00079,1,ma_12,0.12042
MED00080,1,ma_12,-0.04957
MED00081,1,ma_12,-0.3002
MED00082,1,ma_12,-0.2052
MED00083,1,ma_12,-0.0145
MED00084,1,ma_12,0.26461
MED00085,1,ma_12,-0.19997
MED00086,1,ma_12,-0.33388
MED00087,1,ma_12,-0.22176
MED00088,1,ma_12,0.14973
MED00089,1,ma_12,-0.00304
MED00090,1,ma_12,-0.16901
MED00091,1,ma_12,-0.17895
MED00092,1,ma_12,-0.26192
MED00093,1,ma_12,-0.32644
MED00094,1,ma_12,-0.2922
MED00095,1,ma_12,-0.20016
MED00096,1,ma_12,0.10559
MED00097,1,ma_12,-0.3066
MED00098,1,ma_12,0.08087
MED00099,1,ma_12,-0.36282
MED00100,1,ma_12,-0.39033
MED00101,1,ma_12,-0.02116
MED00102,1,ma_12,-0.13147
MED00103,1,ma_12,-0.20682
MED00104,1,ma_12,-0.00289
MED00105,1,ma_12,0.08823
MED00106,1,ma_12,-0.39405
MED00107,1,ma_12,0.03862
MED00108,1,ma_12,-0.19553
MED00109,1,ma_12,-0.31546
MED00110,1,ma_12,-0.30735
MED00111,1,ma_12,-0.26822
MED00112,1,ma_12,-0.16993
MED00113,1,ma_12,-0.23452
MED00114,1,ma_12,0.1121
MED00115,1,ma_12,-0.24189
MED00116,1,ma_12,0.01188
MED00117,1,ma_12,-0.26237
MED00118,1,ma_12,-0.22596
MED00119,1,ma_12,-0.25486
MED00120,1,ma_12,-0.13922
MED00121,1,ma_12,-0.19289
MED00122,1,ma_12,-0.17009
MED00123,1,ma_12,-0.29131
MED00124,1,ma_12,0.04898
MED00125,1,ma_12,-0.30722
MED00126,1,ma_12,-0.29493
MED00127,1,ma_12,-0.22559
MED00128,1,ma_12,-0.24857
MED00129,1,ma_12,-0.2659
MED00130,1,ma_12,-0.37367
MED00131,1,ma_12,-0.23741
MED00132,1,ma_12,-0.30598
MED00133,1,ma_12,-0.29753
MED00134,1,ma_12,-0.29488
MED00135,1,ma_12,-0.00779
MED00136,1,ma_12,-0.19609
MED00137,1,ma_12,-0.23214
MED00138,1,ma_12,-0.24291
MED00139,1,ma_12,-0.24718
MED00140,1,ma_12,-0.22588
MED00141,1,ma_12,0.03952
MED00142,1,ma_12,-0.33088
MED00143,1,ma_12,-0.24086
MED00144,1,ma_12,-0.00197
MED00145,1,ma_12,-0.26752
MED00146,1,ma_12,-0.22924
MED00147,1,ma_12,-0.21715
MED00148,1,ma_12,0.0463
MED00149,1,ma_12,-0.15818
MED00150,1,ma_12,-0.20702
MED00151,1,ma_12,-0.25754
MED00152,1,ma_12,-0.21508
MED00153,1,ma_12,-0.22346
MED00154,1,ma_12,0.07915
MED00155,1,ma_12,-0.23366
MED00156,1,ma_12,-0.15566
MED00157,1,ma_12,-0.00075
MED00158,1,ma_12,-0.32292
MED00159,1,ma_12,-0.03284
MED00160,1,ma_12,-0.16537
MED00161,1,ma_12,0.03909
MED00162,1,ma_12,-0.25159
MED00163,1,ma_12,-0.29709
MED00164,1,ma_12,-0.25244
MED00165,1,ma_12,-0.00858
MED00166,1,ma_12,-0.25721
MED00167,1,ma_12,-0.1978
MED00168,1,ma_12,-0.23169
MED00169,1,ma_12,-0.25903
MED00170,1,ma_12,-0.21888
MED00171,1,ma_12,-0.20968
MED00172,1,ma_12,-0.19098
MED00173,1,ma_12,-0.18728
MED00174,1,ma_12,-0.05277
MED00175,1,ma_12,-0.2724
MED00176,1,ma_12,0.09892
MED00177,1,ma_12,-0.3756
MED00178,1,ma_12,-0.20517
MED00179,1,ma_12,-0.29524
MED00180,1,ma_12,-0.26104
MED00181,1,ma_12,-0.1862
MED00182,1,ma_12,-0.35972
MED00183,1,ma_12,0.10626
MED00184,1,ma_12,-0.19997
MED00185,1,ma_12,-0.17683
MED00186,1,ma_12,-0.24616
MED00187,1,ma_12,-0.19285
MED00188,1,ma_12,-0.15558
MED00189,1,ma_12,-0.37001
MED00190,1,ma_12,-0.20869
MED00191,1,ma_12,0.08552
MED00192,1,ma_12,-0.35499
MED00193,1,ma_12,-0.38439
MED00194,1,ma_12,-0.01875
MED00195,1,ma_12,-0.03034
MED00196,1,ma_12,0.00823
MED00197,1,ma_12,-0.01773
MED00198,1,ma_12,-0.2437
MED00199,1,ma_12,-0.21592
MED00200,1,ma_12,-0.25808
MED00201,1,ma_12,0.03154
MED00202,1,ma_12,-0.25549
MED00203,1,ma_12,-0.17189
MED00204,1,ma_12,-0.26405
MED00205,1,ma_12,0.08122
MED00206,1,ma_12,-0.25389
MED00207,1,ma_12,-0.2157
MED00208,1,ma_12,0.08292
MED00209,1,ma_12,-0.179
MED00210,1,ma_12,-0.20295
MED00211,1,ma_12,-0.18354
MED00212,1,ma_12,-0.27314
MED00213,1,ma_12,-0.27791
MED00214,1,ma_12,0.11894
MED00215,1,ma_12,-0.21336
MED00216,1,ma_12,-0.40611
MED00217,1,ma_12,-0.35687
MED00218,1,ma_12,-0.06165
MED00219,1,ma_12,0.10182
MED00220,1,ma_12,-0.21101
MED00221,1,ma_12,-0.17387
MED00222,1,ma_12,-0.32845
MED00223,1,ma_12,0.02069
MED00224,1,ma_12,-0.26272
MED00225,1,ma_12,-0.01494
MED00226,1,ma_12,-0.19034
MED00227,1,ma_12,0.16883
MED00228,1,ma_12,-0.20767
MED00229,1,ma_12,-0.29558
MED00230,1,ma_12,-0.00533
MED00231,1,ma_12,-0.25909
MED00232,1,ma_12,-0.24216
MED00233,1,ma_12,-0.2915
MED00234,1,ma_12,-0.21878
MED00235,1,ma_12,0.35692
MED00236,1,ma_12,-0.22499
MED00237,1,ma_12,0.0305
MED00238,1,ma_12,-0.24003
MED00239,1,ma_12,-0.16926
MED00240,1,ma_12,-0.05076
MED00241,1,ma_12,-0.20686
MED00242,1,ma_12,-0.02187
MED00243,1,ma_12,-0.37937
MED00244,1,ma_12,-0.24414
MED00245,1,ma_12,0.43044
MED00246,1,ma_12,0.03684
MED00247,1,ma_12,0.08959
MED00248,1,ma_12,-0.22124
MED00249,1,ma_12,0.21129
MED00250,1,ma_12,0.20297
MED00251,1,ma_12,-0.20413
MED00252,1,ma_12,-0.31188
MED00253,1,ma_12,-0.16127
MED00254,1,ma_12,-0.31302
MED00255,1,ma_12,-0.02517
MED00256,1,ma_12,-0.26868
MED00257,1,ma_12,-0.04967
MED00258,1,ma_12,-0.18082
MED00259,1,ma_12,-0.17186
MED00260,1,ma_12,-0.30182
MED00261,1,ma_12,-0.30364
MED00262,1,ma_12,-0.1656
MED00263,1,ma_12,-0.17062
MED00264,1,ma_12,-0.31333
MED00265,1,ma_12,0.04064
MED00266,1,ma_12,-0.03618
MED00267,1,ma_12,-0.17223
MED00268,1,ma_12,-0.21303
MED00269,1,ma_12,-0.24679
MED00270,1,ma_12,-0.16536
MED00271,1,ma_12,-0.16961
MED00272,1,ma_12,-0.17622
MED00273,1,ma_12,-0.17559
MED00274,1,ma_12,-0.3026
MED00275,1,ma_12,0.14289
MED00276,1,ma_12,-0.24111
MED00277,1,ma_12,-0.36993
MED00278,1,ma_12,0.06571
MED00279,1,ma_12,0.145
MED00280,1,ma_12,-0.355
MED00281,1,ma_12,0.16914
MED00282,1,ma_12,-0.17565
MED00283,1,ma_12,-0.1787
MED00284,1,ma_12,-0.25132
MED00285,1,ma_12,-0.0023
MED00286,1,ma_12,-0.04194
MED00287,1,ma_12,-0.15984
MED00288,1,ma_12,0.32069
MED00289,1,ma_12,0.06903
MED00290,1,ma_12,-0.22182
MED00291,1,ma_12,-0.12931
MED00292,1,ma_12,-0.259
MED00293,1,ma_12,0.05006
MED00294,1,ma_12,-0.25588
MED00295,1,ma_12,-0.29568
MED00296,1,ma_12,-0.0392
MED00297,1,ma_12,0.03351
MED00298,1,ma_12,-0.17502
MED00299,1,ma_12,-0.32736
MED00300,1,ma_12,-0.24236
MED00301,1,ma_12,-0.03912
MED00302,1,ma_12,-0.03173
MED00303,1,ma_12,-0.16629
MED00304,1,ma_12,-0.04797
MED00305,1,ma_12,-0.25456
MED00306,1,ma_12,-0.31212
MED00307,1,ma_12,0.27071
MED00308,1,ma_12,-0.29788
MED00309,1,ma_12,-0.17644
MED00310,1,ma_12,-0.17695
MED00311,1,ma_12,-0.05698
MED00312,1,ma_12,-0.29668
MED00313,1,ma_12,-0.28658
MED00314,1,ma_12,-0.01314
MED00315,1,ma_12,0.04366
MED00316,1,ma_12,-0.20988
MED00317,1,ma_12,-0.20001
MED00318,1,ma_12,-0.05066
MED00319,1,ma_12,0.06723
MED00320,1,ma_12,-0.02299
MED00321,1,ma_12,-0.20425
MED00322,1,ma_12,-0.37418
MED00323,1,ma_12,-0.23934
MED00324,1,ma_12,-0.24118
MED00325,1,ma_12,0.03197
MED00326,1,ma_12,0.03919
MED00327,1,ma_12,-0.20963
MED00328,1,ma_12,-0.03586
MED00329,1,ma_12,0.06305
MED00330,1,ma_12,-0.01411
MED00331,1,ma_12,-0.23639
MED00332,1,ma_12,-0.19734
MED00333,1,ma_12,-0.03281
MED00334,1,ma_12,-0.07825
MED00335,1,ma_12,0.00296
MED00336,1,ma_12,0.07549
MED00337,1,ma_12,0.32787
MED00338,1,ma_12,-0.13279
MED00339,1,ma_12,-0.25966
MED00340,1,ma_12,-0.30908
MED00341,1,ma_12,-0.00715
MED00342,1,ma_12,-0.21627
MED00343,1,ma_12,0.09043
MED00344,1,ma_12,-0.02786
MED00345,1,ma_12,-0.3738
MED00346,1,ma_12,-0.20125
MED00347,1,ma_12,-0.37665
MED00348,1,ma_12,-0.25575
MED00349,1,ma_12,-0.20989
MED00350,1,ma_12,-0.23803
MED00351,1,ma_12,-0.29419
MED00352,1,ma_12,-0.29476
MED00353,1,ma_12,-0.28288
MED00354,1,ma_12,-0.27766
MED00355,1,ma_12,0.12264
MED00356,1,ma_12,-0.24587
MED00357,1,ma_12,-0.35853
MED00358,1,ma_12,-0.16373
MED00359,1,ma_12,-0.22483
MED00360,1,ma_12,-0.16212
MED00361,1,ma_12,-0.16845
MED00362,1,ma_12,-0.17924
MED00363,1,ma_12,-0.22446
MED00364,1,ma_12,-0.39087
MED00365,1,ma_12,-0.20405
MED00366,1,ma_12,0.06932
MED00367,1,ma_12,-0.21758
MED00368,1,ma_12,-0.1689
MED00369,1,ma_12,-0.05302
MED00370,1,ma_12,-0.30635
MED00371,1,ma_12,0.09282
MED00372,1,ma_12,-0.36971
MED00373,1,ma_12,-0.26412
MED00374,1,ma_12,-0.21386
MED00375,1,ma_12,0.10654
MED00376,1,ma_12,-0.22105
MED00377,1,ma_12,-0.30728
MED00378,1,ma_12,-0.20933
MED00379,1,ma_12,-0.19301
MED00380,1,ma_12,-0.29904
MED00381,1,ma_12,-0.28447
MED00382,1,ma_12,-0.20364
MED00383,1,ma_12,-0.00315
MED00384,1,ma_12,-0.23224
MED00385,1,ma_12,0.20698
MED00386,1,ma_12,0.14737
MED00387,1,ma_12,0.2002
MED00388,1,ma_12,0.47235
MED00389,1,ma_12,0.08097
MED00390,1,ma_12,0.25214
MED00391,1,ma_12,0.2178
MED00392,1,ma_12,0.21414
MED00393,1,ma_12,0.13346
MED00394,1,ma_12,0.17562
MED00395,1,ma_12,0.18938
MED00396,1,ma_12,0.27794
MED00397,1,ma_12,0.31012
MED00398,1,ma_12,0.49965
MED00399,1,ma_12,0.48324
MED00400,1,ma_12,0.41393
MED00401,1,ma_12,0.19275
MED00402,1,ma_12,0.23132
MED00403,1,ma_12,0.06095
MED00404,1,ma_12,-0.07437
MED00405,1,ma_12,0.03523
MED00406,1,ma_12,0.24545
MED00407,1,ma_12,0.23944
MED00408,1,ma_12,0.13135
MED00409,1,ma_12,0.11422
MED00410,1,ma_12,0.13152
MED00411,1,ma_12,0.21378
MED00412,1,ma_12,0.14049
MED00413,1,ma_12,0.14093
MED00414,1,ma_12,0.23377
MED00415,1,ma_12,0.13987
MED00416,1,ma_12,0.2082
MED00417,1,ma_12,0.03163
MED00418,1,ma_12,0.0597
MED00419,1,ma_12,0.04354
MED00420,1,ma_12,0.2509
MED00421,1,ma_12,0.24738
MED00422,1,ma_12,0.20444
MED00423,1,ma_12,0.09586
MED00424,1,ma_12,0.45736
MED00001,2,ma_12,0.16707
MED00002,2,ma_12,-0.38263
MED00003,2,ma_12,-0.37298
MED00004,2,ma_12,-0.19976
MED00005,2,ma_12,-0.1592
MED00006,2,ma_12,-0.259
MED00007,2,ma_12,-0.217
MED00008,2,ma_12,-0.26283
MED00009,2,ma_12,-0.17639
MED00010,2,ma_12,-0.15001
MED00011,2,ma_12,0.19714
MED00012,2,ma_12,-0.24364
MED00013,2,ma_12,-0.08477
MED00014,2,ma_12,0.1649
MED00015,2,ma_12,-0.27035
MED00016,2,ma_12,-0.16459
MED00017,2,ma_12,-0.2423
MED00018,2,ma_12,0.44274
MED00019,2,ma_12,0.31924
MED00020,2,ma_12,0.02661
MED00021,2,ma_12,-0.08745
MED00022,2,ma_12,-0.16763
MED00023,2,ma_12,-0.25457
MED00024,2,ma_12,-0.17324
MED00025,2,ma_12,-0.38378
MED00026,2,ma_12,-0.34757
MED00027,2,ma_12,-0.35988
MED00028,2,ma_12,-0.29821
MED00029,2,ma_12,0.14215
MED00030,2,ma_12,0.02889
MED00031,2,ma_12,-0.15923
MED00032,2,ma_12,-0.16347
MED00033,2,ma_12,-0.28818
MED00034,2,ma_12,0.1496
MED00035,2,ma_12,-0.29629
MED00036,2,ma_12,-0.20974
MED00037,2,ma_12,-0.0883
MED00038,2,ma_12,0.19912
MED00039,2,ma_12,-0.28449
MED00040,2,ma_12,-0.29019
MED00041,2,ma_12,-0.30457
MED00042,2,ma_12,-0.16663
MED00043,2,ma_12,-0.29332
MED00044,2,ma_12,-0.25718
MED00045,2,ma_12,-0.28474
MED00046,2,ma_12,-0.21134
MED00047,2,ma_12,0.03885
MED00048,2,ma_12,0.16048
MED00049,2,ma_12,-0.37475
MED00050,2,ma_12,-0.19955
MED00051,2,ma_12,-0.38827
MED00052,2,ma_12,-0.29855
MED00053,2,ma_12,0.06456
MED00054,2,ma_12,0.07402
MED00055,2,ma_12,-0.27686
MED00056,2,ma_12,-0.29026
MED00057,2,ma_12,-0.30269
MED00058,2,ma_12,-0.25542
MED00059,2,ma_12,0.08302
MED00060,2,ma_12,-0.01021
MED00061,2,ma_12,-0.29519
MED00062,2,ma_12,0.17695
MED00063,2,ma_12,-0.39796
MED00064,2,ma_12,0.21152
MED00065,2,ma_12,0.31833
MED00066,2,ma_12,-0.29534
MED00067,2,ma_12,-0.19952
MED00068,2,ma_12,-0.08692
MED00069,2,ma_12,-0.24763
MED00070,2,ma_12,0.14259
MED00071,2,ma_12,-0.23886
MED00072,2,ma_12,-0.17293
MED00073,2,ma_12,-0.15967
MED00074,2,ma_12,-0.17031
MED00075,2,ma_12,-0.05496
MED00076,2,ma_12,-0.35474
MED00077,2,ma_12,0.02322
MED00078,2,ma_12,-0.17222
MED00079,2,ma_12,0.12389
MED00080,2,ma_12,-0.04859
MED00081,2,ma_12,-0.3002
MED00082,2,ma_12,-0.20349
MED00083,2,ma_12,-0.01388
MED00084,2,ma_12,0.26239
MED00085,2,ma_12,-0.19757
MED00086,2,ma_12,-0.33468
MED00087,2,ma_12,-0.21975
MED00088,2,ma_12,0.15141
MED00089,2,ma_12,0.00101
MED00090,2,ma_12,-0.16631
MED00091,2,ma_12,-0.1773
MED00092,2,ma_12,-0.2599
MED00093,2,ma_12,-0.32689
MED00094,2,ma_12,-0.29165
MED00095,2,ma_12,-0.19739
MED00096,2,ma_12,0.1089
MED00097,2,ma_12,-0.30593
MED00098,2,ma_12,0.08359
MED00099,2,ma_12,-0.36353
MED00100,2,ma_12,-0.38889
MED00101,2,ma_12,-0.01838
MED00102,2,ma_12,-0.13066
MED00103,2,ma_12,-0.20427
MED00104,2,ma_12,0.00033
MED00105,2,ma_12,0.09154
MED00106,2,ma_12,-0.3936
MED00107,2,ma_12,0.0416
MED00108,2,ma_12,-0.19292
MED00109,2,ma_12,-0.31296
MED00110,2,ma_12,-0.307
MED00111,2,ma_12,-0.26716
MED00112,2,ma_12,-0.16752
MED00113,2,ma_12,-0.23153
MED00114,2,ma_12,0.11365
MED00115,2,ma_12,-0.23923
MED00116,2,ma_12,0.01459
MED00117,2,ma_12,-0.25992
MED00118,2,ma_12,-0.22406
MED00119,2,ma_12,-0.2522
MED00120,2,ma_12,-0.13863
MED00121,2,ma_12,-0.18997
MED00122,2,ma_12,-0.16799
MED00123,2,ma_12,-0.29179
MED00124,2,ma_12,0.0518
MED00125,2,ma_12,-0.30728
MED00126,2,ma_12,-0.29516
MED00127,2,ma_12,-0.22214
MED00128,2,ma_12,-0.24591
MED00129,2,ma_12,-0.25943
MED00130,2,ma_12,-0.37472
MED00131,2,ma_12,-0.23691
MED00132,2,ma_12,-0.30645
MED00133,2,ma_12,-0.2969
MED00134,2,ma_12,-0.29545
MED00135,2,ma_12,-0.00488
MED00136,2,ma_12,-0.1946
MED00137,2,ma_12,-0.22896
MED00138,2,ma_12,-0.24019
MED00139,2,ma_12,-0.24425
MED00140,2,ma_12,-0.22318
MED00141,2,ma_12,0.04053
MED00142,2,ma_12,-0.32861
MED00143,2,ma_12,-0.23832
MED00144,2,ma_12,0.00102
MED00145,2,ma_12,-0.2653
MED00146,2,ma_12,-0.22521
MED00147,2,ma_12,-0.21476
MED00148,2,ma_12,0.04912
MED00149,2,ma_12,-0.14978
MED00150,2,ma_12,-0.2047
MED00151,2,ma_12,-0.25488
MED00152,2,ma_12,-0.21279
MED00153,2,ma_12,-0.22027
MED00154,2,ma_12,0.08202
MED00155,2,ma_12,-0.23033
MED00156,2,ma_12,-0.15305
MED00157,2,ma_12,0.00194
MED00158,2,ma_12,-0.32343
MED00159,2,ma_12,-0.02976
MED00160,2,ma_12,-0.16257
MED00161,2,ma_12,0.04205
MED00162,2,ma_12,-0.24932
MED00163,2,ma_12,-0.29779
MED00164,2,ma_12,-0.25081
MED00165,2,ma_12,-0.0075
MED00166,2,ma_12,-0.25455
MED00167,2,ma_12,-0.19511
MED00168,2,ma_12,-0.22911
MED00169,2,ma_12,-0.25644
MED00170,2,ma_12,-0.21619
MED00171,2,ma_12,-0.2069
MED00172,2,ma_12,-0.18821
MED00173,2,ma_12,-0.18581
MED00174,2,ma_12,-0.05037
MED00175,2,ma_12,-0.26925
MED00176,2,ma_12,0.10316
MED00177,2,ma_12,-0.37504
MED00178,2,ma_12,-0.20379
MED00179,2,ma_12,-0.29406
MED00180,2,ma_12,-0.25893
MED00181,2,ma_12,-0.18341
MED00182,2,ma_12,-0.36035
MED00183,2,ma_12,0.10803
MED00184,2,ma_12,-0.19697
MED00185,2,ma_12,-0.17409
MED00186,2,ma_12,-0.2435
MED00187,2,ma_12,-0.19225
MED00188,2,ma_12,-0.15278
MED00189,2,ma_12,-0.37115
MED00190,2,ma_12,-0.20671
MED00191,2,ma_12,0.08943
MED00192,2,ma_12,-0.35502
MED00193,2,ma_12,-0.38516
MED00194,2,ma_12,-0.01664
MED00195,2,ma_12,-0.02926
MED00196,2,ma_12,0.00949
MED00197,2,ma_12,-0.01659
MED00198,2,ma_12,-0.24101
MED00199,2,ma_12,-0.21439
MED00200,2,ma_12,-0.25539
MED00201,2,ma_12,0.03429
MED00202,2,ma_12,-0.25294
MED00203,2,ma_12,-0.17142
MED00204,2,ma_12,-0.26184
MED00205,2,ma_12,0.08453
MED00206,2,ma_12,-0.25134
MED00207,2,ma_12,-0.21383
MED00208,2,ma_12,0.08594
MED00209,2,ma_12,-0.17757
MED00210,2,ma_12,-0.20085
MED00211,2,ma_12,-0.18085
MED00212,2,ma_12,-0.2703
MED00213,2,ma_12,-0.28596
MED00214,2,ma_12,0.1223
MED00215,2,ma_12,-0.21065
MED00216,2,ma_12,-0.40303
MED00217,2,ma_12,-0.35718
MED00218,2,ma_12,-0.05879
MED00219,2,ma_12,0.10358
MED00220,2,ma_12,-0.20903
MED00221,2,ma_12,-0.17331
MED00222,2,ma_12,-0.32559
MED00223,2,ma_12,0.02226
MED00224,2,ma_12,-0.26096
MED00225,2,ma_12,-0.0118
MED00226,2,ma_12,-0.18968
MED00227,2,ma_12,0.17165
MED00228,2,ma_12,-0.20522
MED00229,2,ma_12,-0.29609
MED00231,2,ma_12,-0.2564
MED00232,2,ma_12,-0.23942
MED00233,2,ma_12,-0.29218
MED00234,2,ma_12,-0.21619
MED00235,2,ma_12,0.35578
MED00236,2,ma_12,-0.2226
MED00237,2,ma_12,0.03182
MED00238,2,ma_12,-0.2381
MED00239,2,ma_12,-0.16684
MED00240,2,ma_12,-0.04983
MED00241,2,ma_12,-0.2047
MED00242,2,ma_12,-0.02044
MED00243,2,ma_12,-0.37971
MED00244,2,ma_12,-0.24159
MED00245,2,ma_12,0.42882
MED00246,2,ma_12,0.03606
MED00247,2,ma_12,0.09268
MED00248,2,ma_12,-0.21903
MED00249,2,ma_12,0.21154
MED00250,2,ma_12,0.20406
MED00251,2,ma_12,-0.20145
MED00252,2,ma_12,-0.31024
MED00253,2,ma_12,-0.1579
MED00254,2,ma_12,-0.3107
MED00255,2,ma_12,-0.02582
MED00256,2,ma_12,-0.26663
MED00257,2,ma_12,-0.04876
MED00258,2,ma_12,-0.17786
MED00259,2,ma_12,-0.16834
MED00260,2,ma_12,-0.29985
MED00261,2,ma_12,-0.30268
MED00262,2,ma_12,-0.16478
MED00263,2,ma_12,-0.16698
MED00264,2,ma_12,-0.31173
MED00265,2,ma_12,0.04371
MED00266,2,ma_12,-0.03331
MED00267,2,ma_12,-0.1696
MED00268,2,ma_12,-0.21014
MED00269,2,ma_12,-0.24479
MED00270,2,ma_12,-0.16258
MED00271,2,ma_12,-0.1669
MED00272,2,ma_12,-0.17402
MED00273,2,ma_12,-0.17311
MED00274,2,ma_12,-0.30339
MED00275,2,ma_12,0.14645
MED00276,2,ma_12,-0.23908
MED00277,2,ma_12,-0.37115
MED00278,2,ma_12,0.06878
MED00279,2,ma_12,0.14766
MED00280,2,ma_12,-0.35524
MED00281,2,ma_12,0.17271
MED00282,2,ma_12,-0.17311
MED00283,2,ma_12,-0.1762
MED00284,2,ma_12,-0.25131
MED00285,2,ma_12,0.00042
MED00286,2,ma_12,-0.03902
MED00287,2,ma_12,-0.15706
MED00288,2,ma_12,0.32161
MED00289,2,ma_12,0.07009
MED00290,2,ma_12,-0.2192
MED00291,2,ma_12,-0.12584
MED00292,2,ma_12,-0.25728
MED00293,2,ma_12,0.05301
MED00294,2,ma_12,-0.25557
MED00295,2,ma_12,-0.29621
MED00296,2,ma_12,-0.03631
MED00297,2,ma_12,0.03653
MED00298,2,ma_12,-0.17301
MED00299,2,ma_12,-0.32784
MED00300,2,ma_12,-0.24025
MED00301,2,ma_12,-0.03619
MED00302,2,ma_12,-0.02908
MED00303,2,ma_12,-0.16546
MED00304,2,ma_12,-0.04661
MED00305,2,ma_12,-0.25234
MED00306,2,ma_12,-0.31737
MED00307,2,ma_12,0.27149
MED00308,2,ma_12,-0.29596
MED00309,2,ma_12,-0.1757
MED00310,2,ma_12,-0.17417
MED00311,2,ma_12,-0.0559
MED00312,2,ma_12,-0.29601
MED00313,2,ma_12,-0.28613
MED00314,2,ma_12,-0.01251
MED00315,2,ma_12,0.04672
MED00316,2,ma_12,-0.20714
MED00317,2,ma_12,-0.19732
MED00318,2,ma_12,-0.04871
MED00319,2,ma_12,0.07047
MED00320,2,ma_12,-0.02095
MED00321,2,ma_12,-0.20368
MED00322,2,ma_12,-0.375
MED00323,2,ma_12,-0.23841
MED00324,2,ma_12,-0.23948
MED00325,2,ma_12,0.03492
MED00326,2,ma_12,0.04216
MED00327,2,ma_12,-0.20702
MED00328,2,ma_12,-0.03708
MED00329,2,ma_12,0.06614
MED00330,2,ma_12,-0.01149
MED00331,2,ma_12,-0.23375
MED00332,2,ma_12,-0.19462
MED00333,2,ma_12,-0.02992
MED00334,2,ma_12,-0.07473
MED00335,2,ma_12,0.00648
MED00336,2,ma_12,0.07858
MED00337,2,ma_12,0.32613
MED00338,2,ma_12,-0.13364
MED00339,2,ma_12,-0.25955
MED00340,2,ma_12,-0.30633
MED00341,2,ma_12,-0.00396
MED00342,2,ma_12,-0.21428
MED00343,2,ma_12,0.09352
MED00344,2,ma_12,-0.02713
MED00345,2,ma_12,-0.37457
MED00346,2,ma_12,-0.19885
MED00347,2,ma_12,-0.37524
MED00348,2,ma_12,-0.25322
MED00349,2,ma_12,-0.20729
MED00350,2,ma_12,-0.23781
MED00351,2,ma_12,-0.29518
MED00352,2,ma_12,-0.29533
MED00353,2,ma_12,-0.28346
MED00354,2,ma_12,-0.27723
MED00355,2,ma_12,0.12568
MED00356,2,ma_12,-0.24262
MED00357,2,ma_12,-0.35875
MED00358,2,ma_12,-0.1609
MED00359,2,ma_12,-0.22243
MED00360,2,ma_12,-0.159
MED00361,2,ma_12,-0.1657
MED00362,2,ma_12,-0.17564
MED00363,2,ma_12,-0.22187
MED00364,2,ma_12,-0.38944
MED00365,2,ma_12,-0.20139
MED00366,2,ma_12,0.07204
MED00367,2,ma_12,-0.21557
MED00368,2,ma_12,-0.1634
MED00369,2,ma_12,-0.05123
MED00370,2,ma_12,-0.30451
MED00371,2,ma_12,0.09463
MED00372,2,ma_12,-0.37043
MED00373,2,ma_12,-0.26383
MED00374,2,ma_12,-0.21057
MED00375,2,ma_12,0.10738
MED00376,2,ma_12,-0.21836
MED00377,2,ma_12,-0.30645
MED00378,2,ma_12,-0.20673
MED00379,2,ma_12,-0.19244
MED00380,2,ma_12,-0.29854
MED00381,2,ma_12,-0.28319
MED00382,2,ma_12,-0.20105
MED00383,2,ma_12,-0.00038
MED00384,2,ma_12,-0.22954
MED00385,2,ma_12,0.2103
MED00386,2,ma_12,0.15093
MED00387,2,ma_12,0.20426
MED00388,2,ma_12,0.44033
MED00389,2,ma_12,0.08303
MED00390,2,ma_12,0.2528
MED00391,2,ma_12,0.21983
MED00392,2,ma_12,0.21772
MED00393,2,ma_12,0.13644
MED00394,2,ma_12,0.1787
MED00395,2,ma_12,0.19257
MED00396,2,ma_12,0.27858
MED00397,2,ma_12,0.31149
MED00398,2,ma_12,0.48769
MED00399,2,ma_12,0.47296
MED00400,2,ma_12,0.41037
MED00401,2,ma_12,0.20171
MED00402,2,ma_12,0.23489
MED00403,2,ma_12,0.06753
MED00404,2,ma_12,-0.07128
MED00405,2,ma_12,0.0345
MED00406,2,ma_12,0.24943
MED00407,2,ma_12,0.24213
MED00408,2,ma_12,0.13494
MED00409,2,ma_12,0.11747
MED00410,2,ma_12,0.13484
MED00411,2,ma_12,0.21633
MED00412,2,ma_12,0.14381
MED00413,2,ma_12,0.14443
MED00414,2,ma_12,0.23566
MED00415,2,ma_12,0.14346
MED00416,2,ma_12,0.21175
MED00417,2,ma_12,0.03474
MED00418,2,ma_12,0.06267
MED00419,2,ma_12,0.04705
MED00420,2,ma_12,0.25374
MED00421,2,ma_12,0.25057
MED00422,2,ma_12,0.20821
MED00423,2,ma_12,0.09946
MED00424,2,ma_12,0.44077
MED00001,3,ma_12,0.16582
MED00002,3,ma_12,-0.37838
MED00003,3,ma_12,-0.36822
MED00004,3,ma_12,-0.19603
MED00005,3,ma_12,-0.1604
MED00006,3,ma_12,-0.25925
MED00007,3,ma_12,-0.21826
MED00008,3,ma_12,-0.26772
MED00009,3,ma_12,-0.17833
MED00010,3,ma_12,-0.14902
MED00011,3,ma_12,0.19771
MED00012,3,ma_12,-0.24357
MED00013,3,ma_12,-0.08654
MED00014,3,ma_12,0.16362
MED00015,3,ma_12,-0.27434
MED00016,3,ma_12,-0.16644
MED00017,3,ma_12,-0.24418
MED00018,3,ma_12,0.44414
MED00019,3,ma_12,0.31914
MED00020,3,ma_12,0.02618
MED00021,3,ma_12,-0.08808
MED00022,3,ma_12,-0.1697
MED00023,3,ma_12,-0.25728
MED00024,3,ma_12,-0.17411
MED00025,3,ma_12,-0.37417
MED00026,3,ma_12,-0.34523
MED00027,3,ma_12,-0.35574
MED00028,3,ma_12,-0.3027
MED00029,3,ma_12,0.14963
MED00030,3,ma_12,0.02568
MED00031,3,ma_12,-0.16324
MED00032,3,ma_12,-0.16564
MED00033,3,ma_12,-0.29439
MED00034,3,ma_12,0.14929
MED00035,3,ma_12,-0.30111
MED00036,3,ma_12,-0.20862
MED00037,3,ma_12,-0.08968
MED00038,3,ma_12,0.19885
MED00039,3,ma_12,-0.29017
MED00040,3,ma_12,-0.29638
MED00041,3,ma_12,-0.3064
MED00042,3,ma_12,-0.16633
MED00043,3,ma_12,-0.29511
MED00044,3,ma_12,-0.25933
MED00045,3,ma_12,-0.28454
MED00046,3,ma_12,-0.21015
MED00047,3,ma_12,0.0379
MED00048,3,ma_12,0.15913
MED00049,3,ma_12,-0.37064
MED00050,3,ma_12,-0.19935
MED00051,3,ma_12,-0.37763
MED00052,3,ma_12,-0.30297
MED00053,3,ma_12,0.06168
MED00054,3,ma_12,0.07532
MED00055,3,ma_12,-0.28083
MED00056,3,ma_12,-0.29611
MED00057,3,ma_12,-0.30379
MED00058,3,ma_12,-0.25592
MED00059,3,ma_12,0.08078
MED00060,3,ma_12,-0.01135
MED00061,3,ma_12,-0.29828
MED00062,3,ma_12,0.17693
MED00063,3,ma_12,-0.38845
MED00064,3,ma_12,0.21226
MED00065,3,ma_12,0.31576
MED00066,3,ma_12,-0.29983
MED00067,3,ma_12,-0.20106
MED00068,3,ma_12,-0.08776
MED00069,3,ma_12,-0.25089
MED00070,3,ma_12,0.14213
MED00071,3,ma_12,-0.24059
MED00072,3,ma_12,-0.17472
MED00073,3,ma_12,-0.15998
MED00074,3,ma_12,-0.17211
MED00075,3,ma_12,-0.05656
MED00076,3,ma_12,-0.3558
MED00077,3,ma_12,0.02193
MED00078,3,ma_12,-0.17529
MED00079,3,ma_12,0.11703
MED00080,3,ma_12,-0.04954
MED00081,3,ma_12,-0.30134
MED00082,3,ma_12,-0.20515
MED00083,3,ma_12,-0.01435
MED00084,3,ma_12,0.26072
MED00085,3,ma_12,-0.19886
MED00086,3,ma_12,-0.33245
MED00087,3,ma_12,-0.21954
MED00088,3,ma_12,0.15429
MED00089,3,ma_12,0.00164
MED00090,3,ma_12,-0.16926
MED00091,3,ma_12,-0.17911
MED00092,3,ma_12,-0.26222
MED00093,3,ma_12,-0.33034
MED00094,3,ma_12,-0.29702
MED00095,3,ma_12,-0.19895
MED00096,3,ma_12,0.10756
MED00097,3,ma_12,-0.30759
MED00098,3,ma_12,0.08248
MED00099,3,ma_12,-0.36244
MED00100,3,ma_12,-0.37912
MED00101,3,ma_12,-0.02183
MED00102,3,ma_12,-0.13207
MED00103,3,ma_12,-0.20406
MED00104,3,ma_12,-0.00062
MED00105,3,ma_12,0.09099
MED00106,3,ma_12,-0.38488
MED00107,3,ma_12,0.04065
MED00108,3,ma_12,-0.19433
MED00109,3,ma_12,-0.31452
MED00110,3,ma_12,-0.30721
MED00111,3,ma_12,-0.27132
MED00112,3,ma_12,-0.16901
MED00113,3,ma_12,-0.23321
MED00114,3,ma_12,0.11349
MED00115,3,ma_12,-0.2411
MED00116,3,ma_12,0.01484
MED00117,3,ma_12,-0.26128
MED00118,3,ma_12,-0.22554
MED00119,3,ma_12,-0.25396
MED00120,3,ma_12,-0.13705
MED00121,3,ma_12,-0.19181
MED00122,3,ma_12,-0.16981
MED00123,3,ma_12,-0.29169
MED00124,3,ma_12,0.05085
MED00125,3,ma_12,-0.30836
MED00126,3,ma_12,-0.29589
MED00127,3,ma_12,-0.22284
MED00128,3,ma_12,-0.24766
MED00129,3,ma_12,-0.26159
MED00130,3,ma_12,-0.36982
MED00131,3,ma_12,-0.23769
MED00132,3,ma_12,-0.30831
MED00133,3,ma_12,-0.29925
MED00134,3,ma_12,-0.29575
MED00135,3,ma_12,-0.00324
MED00136,3,ma_12,-0.19551
MED00137,3,ma_12,-0.23052
MED00138,3,ma_12,-0.24205
MED00139,3,ma_12,-0.24472
MED00140,3,ma_12,-0.22482
MED00141,3,ma_12,0.04054
MED00142,3,ma_12,-0.33067
MED00143,3,ma_12,-0.24019
MED00144,3,ma_12,-0.00052
MED00145,3,ma_12,-0.27139
MED00146,3,ma_12,-0.22579
MED00147,3,ma_12,-0.21497
MED00148,3,ma_12,0.04744
MED00149,3,ma_12,-0.15325
MED00150,3,ma_12,-0.2064
MED00151,3,ma_12,-0.25664
MED00152,3,ma_12,-0.21493
MED00153,3,ma_12,-0.2219
MED00154,3,ma_12,0.08218
MED00155,3,ma_12,-0.23183
MED00156,3,ma_12,-0.15503
MED00157,3,ma_12,0.00087
MED00158,3,ma_12,-0.32396
MED00159,3,ma_12,-0.02694
MED00160,3,ma_12,-0.16606
MED00161,3,ma_12,0.04049
MED00162,3,ma_12,-0.24953
MED00163,3,ma_12,-0.29896
MED00164,3,ma_12,-0.25303
MED00165,3,ma_12,-0.01059
MED00166,3,ma_12,-0.2549
MED00167,3,ma_12,-0.19673
MED00168,3,ma_12,-0.22884
MED00169,3,ma_12,-0.25848
MED00170,3,ma_12,-0.21785
MED00171,3,ma_12,-0.20853
MED00172,3,ma_12,-0.19104
MED00173,3,ma_12,-0.18626
MED00174,3,ma_12,-0.04941
MED00175,3,ma_12,-0.27749
MED00176,3,ma_12,0.10304
MED00177,3,ma_12,-0.36989
MED00178,3,ma_12,-0.20543
MED00179,3,ma_12,-0.30362
MED00180,3,ma_12,-0.25887
MED00181,3,ma_12,-0.18281
MED00182,3,ma_12,-0.35884
MED00183,3,ma_12,0.10043
MED00184,3,ma_12,-0.19967
MED00185,3,ma_12,-0.17563
MED00186,3,ma_12,-0.24538
MED00187,3,ma_12,-0.1957
MED00188,3,ma_12,-0.15633
MED00189,3,ma_12,-0.36568
MED00190,3,ma_12,-0.20827
MED00191,3,ma_12,0.08862
MED00192,3,ma_12,-0.3551
MED00193,3,ma_12,-0.38104
MED00194,3,ma_12,-0.0208
MED00195,3,ma_12,-0.03254
MED00196,3,ma_12,0.01196
MED00197,3,ma_12,-0.0198
MED00198,3,ma_12,-0.24276
MED00199,3,ma_12,-0.21784
MED00200,3,ma_12,-0.25573
MED00201,3,ma_12,0.03248
MED00202,3,ma_12,-0.2534
MED00203,3,ma_12,-0.17324
MED00204,3,ma_12,-0.26181
MED00205,3,ma_12,0.08386
MED00206,3,ma_12,-0.2546
MED00207,3,ma_12,-0.21545
MED00208,3,ma_12,0.08453
MED00209,3,ma_12,-0.17967
MED00210,3,ma_12,-0.20497
MED00211,3,ma_12,-0.18035
MED00212,3,ma_12,-0.27117
MED00213,3,ma_12,-0.28814
MED00214,3,ma_12,0.12146
MED00215,3,ma_12,-0.21228
MED00216,3,ma_12,-0.3944
MED00217,3,ma_12,-0.35866
MED00218,3,ma_12,-0.06197
MED00219,3,ma_12,0.1027
MED00220,3,ma_12,-0.20875
MED00221,3,ma_12,-0.17184
MED00222,3,ma_12,-0.32813
MED00223,3,ma_12,0.02283
MED00224,3,ma_12,-0.26094
MED00225,3,ma_12,-0.01319
MED00226,3,ma_12,-0.18812
MED00227,3,ma_12,0.17181
MED00228,3,ma_12,-0.20721
MED00229,3,ma_12,-0.29751
MED00230,3,ma_12,-0.00099
MED00231,3,ma_12,-0.25862
MED00232,3,ma_12,-0.23986
MED00233,3,ma_12,-0.29412
MED00234,3,ma_12,-0.21781
MED00235,3,ma_12,0.35554
MED00236,3,ma_12,-0.22329
MED00237,3,ma_12,0.02814
MED00238,3,ma_12,-0.23998
MED00239,3,ma_12,-0.16866
MED00240,3,ma_12,-0.05112
MED00241,3,ma_12,-0.20607
MED00242,3,ma_12,-0.0233
MED00243,3,ma_12,-0.37547
MED00244,3,ma_12,-0.24174
MED00245,3,ma_12,0.42813
MED00246,3,ma_12,0.03484
MED00247,3,ma_12,0.09157
MED00248,3,ma_12,-0.21936
MED00249,3,ma_12,0.2119
MED00250,3,ma_12,0.20384
MED00251,3,ma_12,-0.20307
MED00252,3,ma_12,-0.31391
MED00253,3,ma_12,-0.16137
MED00254,3,ma_12,-0.31438
MED00255,3,ma_12,-0.02961
MED00256,3,ma_12,-0.26941
MED00257,3,ma_12,-0.04971
MED00258,3,ma_12,-0.1792
MED00259,3,ma_12,-0.17015
MED00260,3,ma_12,-0.30793
MED00261,3,ma_12,-0.31048
MED00262,3,ma_12,-0.16562
MED00263,3,ma_12,-0.16961
MED00264,3,ma_12,-0.31333
MED00265,3,ma_12,0.04249
MED00266,3,ma_12,-0.03167
MED00267,3,ma_12,-0.17133
MED00268,3,ma_12,-0.2117
MED00269,3,ma_12,-0.24585
MED00270,3,ma_12,-0.16339
MED00271,3,ma_12,-0.16978
MED00272,3,ma_12,-0.17731
MED00273,3,ma_12,-0.17503
MED00274,3,ma_12,-0.30293
MED00275,3,ma_12,0.14515
MED00276,3,ma_12,-0.24068
MED00277,3,ma_12,-0.36598
MED00278,3,ma_12,0.06722
MED00279,3,ma_12,0.14784
MED00280,3,ma_12,-0.35639
MED00281,3,ma_12,0.17147
MED00282,3,ma_12,-0.17543
MED00283,3,ma_12,-0.17664
MED00284,3,ma_12,-0.25219
MED00285,3,ma_12,-0.00087
MED00286,3,ma_12,-0.04177
MED00287,3,ma_12,-0.15888
MED00288,3,ma_12,0.32148
MED00289,3,ma_12,0.069
MED00290,3,ma_12,-0.22068
MED00291,3,ma_12,-0.12577
MED00292,3,ma_12,-0.2576
MED00293,3,ma_12,0.0504
MED00294,3,ma_12,-0.2577
MED00295,3,ma_12,-0.29733
MED00296,3,ma_12,-0.03779
MED00297,3,ma_12,0.03446
MED00298,3,ma_12,-0.17412
MED00299,3,ma_12,-0.32929
MED00300,3,ma_12,-0.2403
MED00301,3,ma_12,-0.03837
MED00302,3,ma_12,-0.02923
MED00303,3,ma_12,-0.16893
MED00304,3,ma_12,-0.0483
MED00305,3,ma_12,-0.25282
MED00306,3,ma_12,-0.3077
MED00307,3,ma_12,0.26957
MED00308,3,ma_12,-0.30414
MED00309,3,ma_12,-0.17483
MED00310,3,ma_12,-0.17578
MED00311,3,ma_12,-0.05961
MED00312,3,ma_12,-0.29626
MED00313,3,ma_12,-0.2932
MED00314,3,ma_12,-0.01077
MED00315,3,ma_12,0.0455
MED00316,3,ma_12,-0.20844
MED00317,3,ma_12,-0.19712
MED00318,3,ma_12,-0.05061
MED00319,3,ma_12,0.06952
MED00320,3,ma_12,-0.01972
MED00321,3,ma_12,-0.20257
MED00322,3,ma_12,-0.37087
MED00323,3,ma_12,-0.24072
MED00324,3,ma_12,-0.2433
MED00325,3,ma_12,0.0337
MED00326,3,ma_12,0.04094
MED00327,3,ma_12,-0.20874
MED00328,3,ma_12,-0.03856
MED00329,3,ma_12,0.06519
MED00330,3,ma_12,-0.01656
MED00331,3,ma_12,-0.23539
MED00332,3,ma_12,-0.19535
MED00333,3,ma_12,-0.03706
MED00334,3,ma_12,-0.07565
MED00335,3,ma_12,0.00582
MED00336,3,ma_12,0.07772
MED00337,3,ma_12,0.32536
MED00338,3,ma_12,-0.13241
MED00339,3,ma_12,-0.25896
MED00340,3,ma_12,-0.30966
MED00341,3,ma_12,-0.0055
MED00342,3,ma_12,-0.21564
MED00343,3,ma_12,0.09241
MED00344,3,ma_12,-0.02822
MED00345,3,ma_12,-0.37141
MED00346,3,ma_12,-0.20077
MED00347,3,ma_12,-0.36989
MED00348,3,ma_12,-0.25552
MED00349,3,ma_12,-0.20891
MED00350,3,ma_12,-0.24082
MED00351,3,ma_12,-0.29564
MED00352,3,ma_12,-0.29665
MED00353,3,ma_12,-0.2861
MED00354,3,ma_12,-0.28107
MED00355,3,ma_12,0.12324
MED00356,3,ma_12,-0.24357
MED00357,3,ma_12,-0.3608
MED00358,3,ma_12,-0.16271
MED00359,3,ma_12,-0.22252
MED00360,3,ma_12,-0.16187
MED00361,3,ma_12,-0.16822
MED00362,3,ma_12,-0.17748
MED00363,3,ma_12,-0.2235
MED00364,3,ma_12,-0.37986
MED00365,3,ma_12,-0.20302
MED00366,3,ma_12,0.07109
MED00367,3,ma_12,-0.21535
MED00368,3,ma_12,-0.16686
MED00369,3,ma_12,-0.05312
MED00370,3,ma_12,-0.30724
MED00371,3,ma_12,0.08704
MED00372,3,ma_12,-0.36616
MED00373,3,ma_12,-0.27011
MED00374,3,ma_12,-0.21228
MED00375,3,ma_12,0.10608
MED00376,3,ma_12,-0.21815
MED00377,3,ma_12,-0.31014
MED00378,3,ma_12,-0.20803
MED00379,3,ma_12,-0.19075
MED00380,3,ma_12,-0.29938
MED00381,3,ma_12,-0.28649
MED00382,3,ma_12,-0.20049
MED00383,3,ma_12,-0.00166
MED00384,3,ma_12,-0.23096
MED00385,3,ma_12,0.20918
MED00386,3,ma_12,0.14984
MED00387,3,ma_12,0.20297
MED00388,3,ma_12,0.45496
MED00389,3,ma_12,0.08183
MED00390,3,ma_12,0.25333
MED00391,3,ma_12,0.21875
MED00392,3,ma_12,0.21528
MED00393,3,ma_12,0.13131
MED00394,3,ma_12,0.17729
MED00395,3,ma_12,0.19146
MED00396,3,ma_12,0.2812
MED00397,3,ma_12,0.31056
MED00398,3,ma_12,0.49158
MED00399,3,ma_12,0.4767
MED00400,3,ma_12,0.40799
MED00401,3,ma_12,0.20298
MED00402,3,ma_12,0.2295
MED00403,3,ma_12,0.06692
MED00404,3,ma_12,-0.07312
MED00405,3,ma_12,0.03292
MED00406,3,ma_12,0.24853
MED00407,3,ma_12,0.24202
MED00408,3,ma_12,0.13336
MED00409,3,ma_12,0.11874
MED00410,3,ma_12,0.14158
MED00411,3,ma_12,0.21552
MED00412,3,ma_12,0.14238
MED00413,3,ma_12,0.13575
MED00414,3,ma_12,0.23332
MED00415,3,ma_12,0.14163
MED00416,3,ma_12,0.21011
MED00417,3,ma_12,0.03284
MED00418,3,ma_12,0.06108
MED00419,3,ma_12,0.04549
MED00420,3,ma_12,0.25376
MED00421,3,ma_12,0.24768
MED00422,3,ma_12,0.20693
MED00423,3,ma_12,0.09833
MED00424,3,ma_12,0.45082
MED00001,4,ma_12,0.16684
MED00002,4,ma_12,-0.3789
MED00003,4,ma_12,-0.37309
MED00004,4,ma_12,-0.19982
MED00005,4,ma_12,-0.15934
MED00006,4,ma_12,-0.26201
MED00007,4,ma_12,-0.22152
MED00008,4,ma_12,-0.26882
MED00009,4,ma_12,-0.17784
MED00010,4,ma_12,-0.15202
MED00011,4,ma_12,0.19847
MED00012,4,ma_12,-0.24717
MED00013,4,ma_12,-0.08604
MED00014,4,ma_12,0.16567
MED00015,4,ma_12,-0.27549
MED00016,4,ma_12,-0.16662
MED00017,4,ma_12,-0.24399
MED00018,4,ma_12,0.44079
MED00019,4,ma_12,0.31982
MED00020,4,ma_12,0.0263
MED00021,4,ma_12,-0.08742
MED00022,4,ma_12,-0.16936
MED00023,4,ma_12,-0.26039
MED00024,4,ma_12,-0.17388
MED00025,4,ma_12,-0.3902
MED00026,4,ma_12,-0.34677
MED00027,4,ma_12,-0.36464
MED00028,4,ma_12,-0.30409
MED00029,4,ma_12,0.15046
MED00030,4,ma_12,0.02614
MED00031,4,ma_12,-0.16424
MED00032,4,ma_12,-0.16572
MED00033,4,ma_12,-0.29782
MED00034,4,ma_12,0.14983
MED00035,4,ma_12,-0.30085
MED00036,4,ma_12,-0.20961
MED00037,4,ma_12,-0.08857
MED00038,4,ma_12,0.19993
MED00039,4,ma_12,-0.29134
MED00040,4,ma_12,-0.29715
MED00041,4,ma_12,-0.3069
MED00042,4,ma_12,-0.16657
MED00043,4,ma_12,-0.29946
MED00044,4,ma_12,-0.25973
MED00045,4,ma_12,-0.28845
MED00046,4,ma_12,-0.21394
MED00047,4,ma_12,0.03845
MED00048,4,ma_12,0.16047
MED00049,4,ma_12,-0.37557
MED00050,4,ma_12,-0.20569
MED00051,4,ma_12,-0.38917
MED00052,4,ma_12,-0.30367
MED00053,4,ma_12,0.06175
MED00054,4,ma_12,0.07586
MED00055,4,ma_12,-0.28444
MED00056,4,ma_12,-0.2969
MED00057,4,ma_12,-0.30852
MED00058,4,ma_12,-0.25936
MED00059,4,ma_12,0.08146
MED00060,4,ma_12,-0.00954
MED00061,4,ma_12,-0.29898
MED00062,4,ma_12,0.17803
MED00063,4,ma_12,-0.40051
MED00064,4,ma_12,0.21282
MED00065,4,ma_12,0.31643
MED00066,4,ma_12,-0.30099
MED00067,4,ma_12,-0.2006
MED00068,4,ma_12,-0.08737
MED00069,4,ma_12,-0.25014
MED00070,4,ma_12,0.14318
MED00071,4,ma_12,-0.24024
MED00072,4,ma_12,-0.17435
MED00073,4,ma_12,-0.1586
MED00074,4,ma_12,-0.17162
MED00075,4,ma_12,-0.05472
MED00076,4,ma_12,-0.35714
MED00077,4,ma_12,0.02194
MED00078,4,ma_12,-0.17905
MED00079,4,ma_12,0.13108
MED00080,4,ma_12,-0.04875
MED00081,4,ma_12,-0.30485
MED00082,4,ma_12,-0.20524
MED00083,4,ma_12,-0.01327
MED00084,4,ma_12,0.26159
MED00085,4,ma_12,-0.19839
MED00086,4,ma_12,-0.33724
MED00087,4,ma_12,-0.22313
MED00088,4,ma_12,0.15462
MED00089,4,ma_12,-0.00222
MED00090,4,ma_12,-0.16894
MED00091,4,ma_12,-0.17888
MED00092,4,ma_12,-0.2618
MED00093,4,ma_12,-0.33249
MED00094,4,ma_12,-0.2983
MED00095,4,ma_12,-0.1985
MED00096,4,ma_12,0.10856
MED00097,4,ma_12,-0.31215
MED00098,4,ma_12,0.08334
MED00099,4,ma_12,-0.36819
MED00100,4,ma_12,-0.39141
MED00101,4,ma_12,-0.02126
MED00102,4,ma_12,-0.13111
MED00103,4,ma_12,-0.20709
MED00105,4,ma_12,0.09094
MED00106,4,ma_12,-0.39624
MED00107,4,ma_12,0.0412
MED00108,4,ma_12,-0.19388
MED00109,4,ma_12,-0.3189
MED00110,4,ma_12,-0.31109
MED00111,4,ma_12,-0.27315
MED00112,4,ma_12,-0.16897
MED00113,4,ma_12,-0.23242
MED00114,4,ma_12,0.11423
MED00115,4,ma_12,-0.24097
MED00116,4,ma_12,0.01527
MED00117,4,ma_12,-0.26497
MED00118,4,ma_12,-0.22548
MED00119,4,ma_12,-0.25392
MED00120,4,ma_12,-0.14284
MED00121,4,ma_12,-0.19165
MED00122,4,ma_12,-0.1699
MED00123,4,ma_12,-0.29621
MED00124,4,ma_12,0.0514
MED00125,4,ma_12,-0.31326
MED00126,4,ma_12,-0.29888
MED00127,4,ma_12,-0.2258
MED00128,4,ma_12,-0.24763
MED00129,4,ma_12,-0.26196
MED00130,4,ma_12,-0.37475
MED00131,4,ma_12,-0.23749
MED00132,4,ma_12,-0.31208
MED00133,4,ma_12,-0.29885
MED00134,4,ma_12,-0.29962
MED00135,4,ma_12,-0.00618
MED00136,4,ma_12,-0.18426
MED00137,4,ma_12,-0.22956
MED00138,4,ma_12,-0.24164
MED00139,4,ma_12,-0.25093
MED00140,4,ma_12,-0.2247
MED00141,4,ma_12,0.04164
MED00142,4,ma_12,-0.33634
MED00143,4,ma_12,-0.24012
MED00145,4,ma_12,-0.27209
MED00146,4,ma_12,-0.22977
MED00147,4,ma_12,-0.21918
MED00148,4,ma_12,0.04824
MED00149,4,ma_12,-0.15275
MED00150,4,ma_12,-0.21146
MED00151,4,ma_12,-0.25648
MED00152,4,ma_12,-0.21486
MED00153,4,ma_12,-0.22253
MED00154,4,ma_12,0.08265
MED00155,4,ma_12,-0.23134
MED00156,4,ma_12,-0.15462
MED00157,4,ma_12,0.00139
MED00158,4,ma_12,-0.33286
MED00159,4,ma_12,-0.01439
MED00160,4,ma_12,-0.16554
MED00161,4,ma_12,0.037
MED00162,4,ma_12,-0.25182
MED00163,4,ma_12,-0.30294
MED00164,4,ma_12,-0.25315
MED00165,4,ma_12,-0.00976
MED00166,4,ma_12,-0.25783
MED00167,4,ma_12,-0.19702
MED00168,4,ma_12,-0.2328
MED00169,4,ma_12,-0.25885
MED00170,4,ma_12,-0.21738
MED00171,4,ma_12,-0.20844
MED00172,4,ma_12,-0.19039
MED00173,4,ma_12,-0.19044
MED00174,4,ma_12,-0.04984
MED00175,4,ma_12,-0.28168
MED00176,4,ma_12,0.10396
MED00177,4,ma_12,-0.37982
MED00178,4,ma_12,-0.19717
MED00179,4,ma_12,-0.30469
MED00180,4,ma_12,-0.26259
MED00181,4,ma_12,-0.18584
MED00182,4,ma_12,-0.36509
MED00183,4,ma_12,0.11248
MED00184,4,ma_12,-0.20017
MED00185,4,ma_12,-0.17551
MED00186,4,ma_12,-0.24525
MED00187,4,ma_12,-0.1963
MED00188,4,ma_12,-0.15582
MED00189,4,ma_12,-0.37056
MED00190,4,ma_12,-0.20825
MED00191,4,ma_12,0.08923
MED00192,4,ma_12,-0.35926
MED00193,4,ma_12,-0.38516
MED00194,4,ma_12,-0.02015
MED00195,4,ma_12,-0.03189
MED00196,4,ma_12,0.01377
MED00197,4,ma_12,-0.01932
MED00198,4,ma_12,-0.24257
MED00199,4,ma_12,-0.21751
MED00200,4,ma_12,-0.25957
MED00201,4,ma_12,0.03303
MED00202,4,ma_12,-0.25713
MED00203,4,ma_12,-0.17271
MED00204,4,ma_12,-0.26474
MED00205,4,ma_12,0.08415
MED00206,4,ma_12,-0.25427
MED00207,4,ma_12,-0.21542
MED00208,4,ma_12,0.08466
MED00209,4,ma_12,-0.17203
MED00210,4,ma_12,-0.20526
MED00211,4,ma_12,-0.18346
MED00212,4,ma_12,-0.27486
MED00213,4,ma_12,-0.29173
MED00214,4,ma_12,0.12282
MED00215,4,ma_12,-0.21185
MED00216,4,ma_12,-0.40643
MED00217,4,ma_12,-0.36
MED00218,4,ma_12,-0.06144
MED00219,4,ma_12,0.10342
MED00220,4,ma_12,-0.21235
MED00221,4,ma_12,-0.17402
MED00222,4,ma_12,-0.33371
MED00223,4,ma_12,0.02454
MED00224,4,ma_12,-0.26398
MED00225,4,ma_12,-0.01269
MED00226,4,ma_12,-0.19387
MED00227,4,ma_12,0.17279
MED00228,4,ma_12,-0.20908
MED00229,4,ma_12,-0.30124
MED00230,4,ma_12,-0.00051
MED00231,4,ma_12,-0.25894
MED00232,4,ma_12,-0.24624
MED00233,4,ma_12,-0.29279
MED00234,4,ma_12,-0.21775
MED00235,4,ma_12,0.35604
MED00236,4,ma_12,-0.22628
MED00237,4,ma_12,0.0287
MED00238,4,ma_12,-0.24021
MED00239,4,ma_12,-0.16788
MED00240,4,ma_12,-0.05074
MED00241,4,ma_12,-0.20597
MED00242,4,ma_12,-0.0229
MED00243,4,ma_12,-0.37603
MED00244,4,ma_12,-0.24475
MED00245,4,ma_12,0.42823
MED00246,4,ma_12,0.03559
MED00247,4,ma_12,0.09213
MED00248,4,ma_12,-0.21896
MED00249,4,ma_12,0.21302
MED00250,4,ma_12,0.20489
MED00251,4,ma_12,-0.20299
MED00252,4,ma_12,-0.31544
MED00253,4,ma_12,-0.16086
MED00254,4,ma_12,-0.31591
MED00255,4,ma_12,-0.02913
MED00256,4,ma_12,-0.26945
MED00257,4,ma_12,-0.04947
MED00258,4,ma_12,-0.17929
MED00259,4,ma_12,-0.17041
MED00260,4,ma_12,-0.3075
MED00261,4,ma_12,-0.31126
MED00262,4,ma_12,-0.16523
MED00263,4,ma_12,-0.16911
MED00264,4,ma_12,-0.3177
MED00265,4,ma_12,0.04305
MED00266,4,ma_12,-0.03358
MED00267,4,ma_12,-0.1708
MED00268,4,ma_12,-0.21089
MED00269,4,ma_12,-0.24582
MED00270,4,ma_12,-0.16481
MED00271,4,ma_12,-0.16949
MED00272,4,ma_12,-0.17664
MED00273,4,ma_12,-0.17472
MED00274,4,ma_12,-0.30754
MED00275,4,ma_12,0.14703
MED00276,4,ma_12,-0.24061
MED00277,4,ma_12,-0.37092
MED00278,4,ma_12,0.06778
MED00279,4,ma_12,0.14835
MED00280,4,ma_12,-0.35718
MED00281,4,ma_12,0.17255
MED00282,4,ma_12,-0.17667
MED00283,4,ma_12,-0.17997
MED00284,4,ma_12,-0.25207
MED00285,4,ma_12,-0.00031
MED00286,4,ma_12,-0.04124
MED00287,4,ma_12,-0.15836
MED00288,4,ma_12,0.32214
MED00289,4,ma_12,0.06976
MED00290,4,ma_12,-0.2206
MED00291,4,ma_12,-0.1373
MED00292,4,ma_12,-0.26039
MED00293,4,ma_12,0.0509
MED00294,4,ma_12,-0.26086
MED00295,4,ma_12,-0.302
MED00296,4,ma_12,-0.03893
MED00297,4,ma_12,0.03499
MED00298,4,ma_12,-0.17365
MED00299,4,ma_12,-0.33434
MED00300,4,ma_12,-0.24395
MED00301,4,ma_12,-0.03786
MED00302,4,ma_12,-0.02945
MED00303,4,ma_12,-0.17016
MED00304,4,ma_12,-0.04732
MED00305,4,ma_12,-0.25643
MED00306,4,ma_12,-0.31125
MED00307,4,ma_12,0.27027
MED00308,4,ma_12,-0.30369
MED00309,4,ma_12,-0.17777
MED00310,4,ma_12,-0.17581
MED00311,4,ma_12,-0.05842
MED00312,4,ma_12,-0.3008
MED00313,4,ma_12,-0.29264
MED00314,4,ma_12,-0.00526
MED00315,4,ma_12,0.04606
MED00316,4,ma_12,-0.20794
MED00317,4,ma_12,-0.20011
MED00318,4,ma_12,-0.04959
MED00319,4,ma_12,0.07007
MED00320,4,ma_12,-0.0207
MED00321,4,ma_12,-0.20223
MED00322,4,ma_12,-0.37575
MED00323,4,ma_12,-0.23642
MED00324,4,ma_12,-0.24298
MED00325,4,ma_12,0.03426
MED00326,4,ma_12,0.04151
MED00327,4,ma_12,-0.2083
MED00328,4,ma_12,-0.03803
MED00329,4,ma_12,0.06575
MED00330,4,ma_12,-0.01632
MED00331,4,ma_12,-0.23494
MED00332,4,ma_12,-0.1948
MED00333,4,ma_12,-0.0365
MED00334,4,ma_12,-0.07545
MED00335,4,ma_12,0.01323
MED00336,4,ma_12,0.07826
MED00337,4,ma_12,0.326
MED00338,4,ma_12,-0.14104
MED00339,4,ma_12,-0.26203
MED00340,4,ma_12,-0.31373
MED00341,4,ma_12,-0.00524
MED00342,4,ma_12,-0.21564
MED00343,4,ma_12,0.0935
MED00344,4,ma_12,-0.02707
MED00345,4,ma_12,-0.3763
MED00346,4,ma_12,-0.20069
MED00347,4,ma_12,-0.38214
MED00348,4,ma_12,-0.25549
MED00349,4,ma_12,-0.2088
MED00350,4,ma_12,-0.24004
MED00351,4,ma_12,-0.2991
MED00352,4,ma_12,-0.30052
MED00353,4,ma_12,-0.29
MED00354,4,ma_12,-0.28391
MED00355,4,ma_12,0.12377
MED00356,4,ma_12,-0.24315
MED00357,4,ma_12,-0.36214
MED00358,4,ma_12,-0.16119
MED00359,4,ma_12,-0.22609
MED00360,4,ma_12,-0.16224
MED00361,4,ma_12,-0.16738
MED00362,4,ma_12,-0.17698
MED00363,4,ma_12,-0.22339
MED00364,4,ma_12,-0.39211
MED00365,4,ma_12,-0.20293
MED00366,4,ma_12,0.07164
MED00367,4,ma_12,-0.21823
MED00368,4,ma_12,-0.1664
MED00369,4,ma_12,-0.05263
MED00370,4,ma_12,-0.30849
MED00371,4,ma_12,0.09929
MED00372,4,ma_12,-0.37106
MED00373,4,ma_12,-0.2701
MED00374,4,ma_12,-0.21213
MED00375,4,ma_12,0.10677
MED00376,4,ma_12,-0.22116
MED00377,4,ma_12,-0.31387
MED00378,4,ma_12,-0.20829
MED00379,4,ma_12,-0.19016
MED00380,4,ma_12,-0.30237
MED00381,4,ma_12,-0.2868
MED00382,4,ma_12,-0.20367
MED00383,4,ma_12,-0.00136
MED00384,4,ma_12,-0.23048
MED00385,4,ma_12,0.21026
MED00386,4,ma_12,0.15091
MED00387,4,ma_12,0.20451
MED00388,4,ma_12,0.45277
MED00389,4,ma_12,0.08226
MED00390,4,ma_12,0.2507
MED00391,4,ma_12,0.22032
MED00392,4,ma_12,0.21665
MED00393,4,ma_12,0.14413
MED00394,4,ma_12,0.17846
MED00395,4,ma_12,0.1925
MED00396,4,ma_12,0.28177
MED00397,4,ma_12,0.31096
MED00398,4,ma_12,0.48528
MED00399,4,ma_12,0.47328
MED00400,4,ma_12,0.40813
MED00401,4,ma_12,0.20404
MED00402,4,ma_12,0.22703
MED00403,4,ma_12,0.06395
MED00404,4,ma_12,-0.07261
MED00405,4,ma_12,0.03371
MED00406,4,ma_12,0.24598
MED00407,4,ma_12,0.23872
MED00408,4,ma_12,0.13331
MED00409,4,ma_12,0.11945
MED00410,4,ma_12,0.14229
MED00411,4,ma_12,0.21685
MED00412,4,ma_12,0.14311
MED00413,4,ma_12,0.14822
MED00414,4,ma_12,0.23087
MED00415,4,ma_12,0.14408
MED00416,4,ma_12,0.21158
MED00417,4,ma_12,0.03364
MED00418,4,ma_12,0.06172
MED00419,4,ma_12,0.04631
MED00420,4,ma_12,0.25013
MED00421,4,ma_12,0.24382
MED00422,4,ma_12,0.20842
MED00423,4,ma_12,0.09887
MED00424,4,ma_12,0.44431
MED00001,5,ma_12,0.17083
MED00002,5,ma_12,-0.39786
MED00003,5,ma_12,-0.38714
MED00004,5,ma_12,-0.20953
MED00005,5,ma_12,-0.1683
MED00006,5,ma_12,-0.26613
MED00007,5,ma_12,-0.22494
MED00008,5,ma_12,-0.27314
MED00009,5,ma_12,-0.1768
MED00010,5,ma_12,-0.15683
MED00011,5,ma_12,0.20088
MED00012,5,ma_12,-0.24885
MED00013,5,ma_12,-0.09046
MED00014,5,ma_12,0.16808
MED00015,5,ma_12,-0.27921
MED00016,5,ma_12,-0.17263
MED00017,5,ma_12,-0.24745
MED00018,5,ma_12,0.45018
MED00019,5,ma_12,0.32483
MED00020,5,ma_12,0.02658
MED00021,5,ma_12,-0.08033
MED00022,5,ma_12,-0.18154
MED00023,5,ma_12,-0.26994
MED00024,5,ma_12,-0.17542
MED00025,5,ma_12,-0.38873
MED00026,5,ma_12,-0.36333
MED00027,5,ma_12,-0.38105
MED00028,5,ma_12,-0.30679
MED00029,5,ma_12,0.14649
MED00030,5,ma_12,0.0142
MED00031,5,ma_12,-0.16844
MED00032,5,ma_12,-0.17612
MED00033,5,ma_12,-0.29844
MED00034,5,ma_12,0.15334
MED00035,5,ma_12,-0.30472
MED00036,5,ma_12,-0.20903
MED00037,5,ma_12,-0.10113
MED00038,5,ma_12,0.19725
MED00039,5,ma_12,-0.29552
MED00040,5,ma_12,-0.30077
MED00041,5,ma_12,-0.31042
MED00042,5,ma_12,-0.17284
MED00043,5,ma_12,-0.30645
MED00044,5,ma_12,-0.25976
MED00045,5,ma_12,-0.29459
MED00046,5,ma_12,-0.21441
MED00047,5,ma_12,0.02372
MED00048,5,ma_12,0.16256
MED00049,5,ma_12,-0.39223
MED00050,5,ma_12,-0.20883
MED00051,5,ma_12,-0.39343
MED00052,5,ma_12,-0.31215
MED00053,5,ma_12,0.03924
MED00054,5,ma_12,0.05571
MED00055,5,ma_12,-0.28393
MED00056,5,ma_12,-0.30407
MED00057,5,ma_12,-0.31294
MED00058,5,ma_12,-0.26448
MED00059,5,ma_12,0.07473
MED00060,5,ma_12,-0.01255
MED00061,5,ma_12,-0.3058
MED00062,5,ma_12,0.17914
MED00063,5,ma_12,-0.40578
MED00064,5,ma_12,0.21222
MED00065,5,ma_12,0.32229
MED00066,5,ma_12,-0.30391
MED00067,5,ma_12,-0.20204
MED00068,5,ma_12,-0.07887
MED00069,5,ma_12,-0.24685
MED00070,5,ma_12,0.13752
MED00071,5,ma_12,-0.24078
MED00072,5,ma_12,-0.17794
MED00073,5,ma_12,-0.15832
MED00074,5,ma_12,-0.17008
MED00075,5,ma_12,-0.04798
MED00076,5,ma_12,-0.36423
MED00077,5,ma_12,0.00977
MED00078,5,ma_12,-0.17745
MED00079,5,ma_12,0.13155
MED00080,5,ma_12,-0.0495
MED00081,5,ma_12,-0.30992
MED00082,5,ma_12,-0.21299
MED00083,5,ma_12,-0.0205
MED00084,5,ma_12,0.26836
MED00085,5,ma_12,-0.20072
MED00086,5,ma_12,-0.35139
MED00087,5,ma_12,-0.22141
MED00088,5,ma_12,0.16118
MED00089,5,ma_12,-0.00153
MED00090,5,ma_12,-0.1732
MED00091,5,ma_12,-0.18407
MED00092,5,ma_12,-0.26279
MED00093,5,ma_12,-0.33359
MED00094,5,ma_12,-0.30171
MED00095,5,ma_12,-0.20111
MED00096,5,ma_12,0.11119
MED00097,5,ma_12,-0.30902
MED00098,5,ma_12,0.07853
MED00099,5,ma_12,-0.3848
MED00100,5,ma_12,-0.3927
MED00101,5,ma_12,-0.03263
MED00102,5,ma_12,-0.13559
MED00103,5,ma_12,-0.20815
MED00104,5,ma_12,-0.00963
MED00105,5,ma_12,0.09031
MED00106,5,ma_12,-0.39863
MED00107,5,ma_12,0.02798
MED00108,5,ma_12,-0.19407
MED00109,5,ma_12,-0.32138
MED00110,5,ma_12,-0.31805
MED00111,5,ma_12,-0.27507
MED00112,5,ma_12,-0.17244
MED00113,5,ma_12,-0.24055
MED00114,5,ma_12,0.11541
MED00115,5,ma_12,-0.24334
MED00116,5,ma_12,0.01596
MED00117,5,ma_12,-0.27084
MED00118,5,ma_12,-0.22777
MED00119,5,ma_12,-0.25722
MED00120,5,ma_12,-0.14921
MED00121,5,ma_12,-0.19301
MED00122,5,ma_12,-0.17233
MED00123,5,ma_12,-0.29922
MED00124,5,ma_12,0.04314
MED00125,5,ma_12,-0.31716
MED00126,5,ma_12,-0.30543
MED00127,5,ma_12,-0.22541
MED00128,5,ma_12,-0.25051
MED00129,5,ma_12,-0.26858
MED00130,5,ma_12,-0.38865
MED00131,5,ma_12,-0.23784
MED00132,5,ma_12,-0.31523
MED00133,5,ma_12,-0.29739
MED00134,5,ma_12,-0.30683
MED00135,5,ma_12,-0.00854
MED00136,5,ma_12,-0.20308
MED00137,5,ma_12,-0.23569
MED00138,5,ma_12,-0.24781
MED00139,5,ma_12,-0.252
MED00140,5,ma_12,-0.22472
MED00141,5,ma_12,0.03347
MED00142,5,ma_12,-0.33442
MED00143,5,ma_12,-0.24537
MED00144,5,ma_12,-0.00758
MED00145,5,ma_12,-0.28266
MED00146,5,ma_12,-0.23696
MED00147,5,ma_12,-0.22099
MED00148,5,ma_12,0.04494
MED00149,5,ma_12,-0.15308
MED00150,5,ma_12,-0.21756
MED00151,5,ma_12,-0.25948
MED00152,5,ma_12,-0.21657
MED00153,5,ma_12,-0.22293
MED00154,5,ma_12,0.08527
MED00155,5,ma_12,-0.23412
MED00156,5,ma_12,-0.16463
MED00157,5,ma_12,-0.00969
MED00158,5,ma_12,-0.33153
MED00159,5,ma_12,-0.01651
MED00160,5,ma_12,-0.16846
MED00161,5,ma_12,0.02413
MED00162,5,ma_12,-0.25704
MED00163,5,ma_12,-0.30658
MED00164,5,ma_12,-0.25176
MED00165,5,ma_12,-0.01256
MED00166,5,ma_12,-0.26129
MED00167,5,ma_12,-0.19937
MED00168,5,ma_12,-0.23695
MED00169,5,ma_12,-0.2623
MED00170,5,ma_12,-0.22014
MED00171,5,ma_12,-0.20969
MED00172,5,ma_12,-0.19962
MED00173,5,ma_12,-0.19178
MED00174,5,ma_12,-0.05899
MED00175,5,ma_12,-0.2776
MED00176,5,ma_12,0.1108
MED00177,5,ma_12,-0.37923
MED00178,5,ma_12,-0.19515
MED00179,5,ma_12,-0.31027
MED00180,5,ma_12,-0.27001
MED00181,5,ma_12,-0.18931
MED00182,5,ma_12,-0.38098
MED00183,5,ma_12,0.11413
MED00184,5,ma_12,-0.20564
MED00185,5,ma_12,-0.18008
MED00186,5,ma_12,-0.24812
MED00187,5,ma_12,-0.19501
MED00188,5,ma_12,-0.15937
MED00189,5,ma_12,-0.38474
MED00190,5,ma_12,-0.20805
MED00191,5,ma_12,0.0878
MED00192,5,ma_12,-0.36591
MED00193,5,ma_12,-0.40272
MED00194,5,ma_12,-0.03492
MED00195,5,ma_12,-0.05833
MED00196,5,ma_12,0.01123
MED00197,5,ma_12,-0.03477
MED00198,5,ma_12,-0.24545
MED00199,5,ma_12,-0.2216
MED00200,5,ma_12,-0.26338
MED00201,5,ma_12,0.02334
MED00202,5,ma_12,-0.26148
MED00203,5,ma_12,-0.17914
MED00204,5,ma_12,-0.27023
MED00205,5,ma_12,0.08154
MED00206,5,ma_12,-0.26704
MED00207,5,ma_12,-0.217
MED00208,5,ma_12,0.08413
MED00209,5,ma_12,-0.17169
MED00210,5,ma_12,-0.20195
MED00211,5,ma_12,-0.18537
MED00212,5,ma_12,-0.28438
MED00213,5,ma_12,-0.31166
MED00214,5,ma_12,0.12158
MED00215,5,ma_12,-0.2136
MED00216,5,ma_12,-0.40155
MED00217,5,ma_12,-0.36712
MED00218,5,ma_12,-0.06387
MED00219,5,ma_12,0.10719
MED00220,5,ma_12,-0.21532
MED00221,5,ma_12,-0.17551
MED00222,5,ma_12,-0.33359
MED00223,5,ma_12,0.02263
MED00224,5,ma_12,-0.26971
MED00225,5,ma_12,-0.0206
MED00226,5,ma_12,-0.20348
MED00227,5,ma_12,0.1729
MED00228,5,ma_12,-0.20898
MED00229,5,ma_12,-0.30636
MED00230,5,ma_12,-0.0074
MED00231,5,ma_12,-0.26417
MED00232,5,ma_12,-0.25187
MED00233,5,ma_12,-0.3005
MED00234,5,ma_12,-0.21896
MED00235,5,ma_12,0.36063
MED00236,5,ma_12,-0.22831
MED00237,5,ma_12,0.01223
MED00238,5,ma_12,-0.24658
MED00239,5,ma_12,-0.16844
MED00240,5,ma_12,-0.0498
MED00241,5,ma_12,-0.20643
MED00242,5,ma_12,-0.0391
MED00243,5,ma_12,-0.39499
MED00244,5,ma_12,-0.24788
MED00245,5,ma_12,0.43354
MED00246,5,ma_12,0.01959
MED00247,5,ma_12,0.09082
MED00248,5,ma_12,-0.21971
MED00249,5,ma_12,0.21562
MED00250,5,ma_12,0.18736
MED00251,5,ma_12,-0.2049
MED00252,5,ma_12,-0.3108
MED00253,5,ma_12,-0.1613
MED00254,5,ma_12,-0.31142
MED00255,5,ma_12,-0.0323
MED00256,5,ma_12,-0.27623
MED00257,5,ma_12,-0.05004
MED00258,5,ma_12,-0.18071
MED00259,5,ma_12,-0.17337
MED00260,5,ma_12,-0.31543
MED00261,5,ma_12,-0.32089
MED00262,5,ma_12,-0.1665
MED00263,5,ma_12,-0.17393
MED00264,5,ma_12,-0.31946
MED00265,5,ma_12,0.02757
MED00266,5,ma_12,-0.03382
MED00267,5,ma_12,-0.17339
MED00268,5,ma_12,-0.20942
MED00269,5,ma_12,-0.24931
MED00270,5,ma_12,-0.16772
MED00271,5,ma_12,-0.17566
MED00272,5,ma_12,-0.17401
MED00273,5,ma_12,-0.17635
MED00274,5,ma_12,-0.31249
MED00275,5,ma_12,0.14504
MED00276,5,ma_12,-0.24178
MED00277,5,ma_12,-0.3848
MED00278,5,ma_12,0.05973
MED00279,5,ma_12,0.15114
MED00280,5,ma_12,-0.36613
MED00281,5,ma_12,0.17874
MED00282,5,ma_12,-0.17184
MED00283,5,ma_12,-0.17983
MED00284,5,ma_12,-0.27451
MED00285,5,ma_12,-0.01014
MED00286,5,ma_12,-0.04474
MED00287,5,ma_12,-0.15977
MED00288,5,ma_12,0.32722
MED00289,5,ma_12,0.05091
MED00290,5,ma_12,-0.2201
MED00291,5,ma_12,-0.14178
MED00292,5,ma_12,-0.26703
MED00293,5,ma_12,0.02696
MED00294,5,ma_12,-0.26326
MED00295,5,ma_12,-0.30071
MED00296,5,ma_12,-0.05152
MED00297,5,ma_12,0.02186
MED00298,5,ma_12,-0.17816
MED00299,5,ma_12,-0.33559
MED00300,5,ma_12,-0.24509
MED00301,5,ma_12,-0.04868
MED00302,5,ma_12,-0.03085
MED00303,5,ma_12,-0.1763
MED00304,5,ma_12,-0.04534
MED00305,5,ma_12,-0.26039
MED00306,5,ma_12,-0.32101
MED00307,5,ma_12,0.27315
MED00308,5,ma_12,-0.30793
MED00309,5,ma_12,-0.1784
MED00310,5,ma_12,-0.17959
MED00311,5,ma_12,-0.06635
MED00312,5,ma_12,-0.3015
MED00313,5,ma_12,-0.29773
MED00314,5,ma_12,-0.00736
MED00315,5,ma_12,0.02997
MED00316,5,ma_12,-0.2064
MED00317,5,ma_12,-0.20218
MED00318,5,ma_12,-0.04936
MED00319,5,ma_12,0.06567
MED00320,5,ma_12,-0.03234
MED00321,5,ma_12,-0.21371
MED00322,5,ma_12,-0.3914
MED00323,5,ma_12,-0.23789
MED00324,5,ma_12,-0.25259
MED00325,5,ma_12,0.02061
MED00326,5,ma_12,0.02805
MED00327,5,ma_12,-0.20487
MED00328,5,ma_12,-0.04733
MED00329,5,ma_12,0.06038
MED00330,5,ma_12,-0.02489
MED00331,5,ma_12,-0.24029
MED00332,5,ma_12,-0.1908
MED00333,5,ma_12,-0.04784
MED00334,5,ma_12,-0.08136
MED00335,5,ma_12,0.00678
MED00336,5,ma_12,0.07718
MED00337,5,ma_12,0.32988
MED00338,5,ma_12,-0.15817
MED00339,5,ma_12,-0.26073
MED00340,5,ma_12,-0.31624
MED00341,5,ma_12,-0.01408
MED00342,5,ma_12,-0.21731
MED00343,5,ma_12,0.09241
MED00344,5,ma_12,-0.04042
MED00345,5,ma_12,-0.39225
MED00346,5,ma_12,-0.19863
MED00347,5,ma_12,-0.37512
MED00348,5,ma_12,-0.25925
MED00349,5,ma_12,-0.21043
MED00350,5,ma_12,-0.2556
MED00351,5,ma_12,-0.30708
MED00352,5,ma_12,-0.3075
MED00353,5,ma_12,-0.30841
MED00354,5,ma_12,-0.28455
MED00355,5,ma_12,0.12201
MED00356,5,ma_12,-0.2528
MED00357,5,ma_12,-0.36878
MED00358,5,ma_12,-0.16503
MED00359,5,ma_12,-0.22589
MED00360,5,ma_12,-0.16828
MED00361,5,ma_12,-0.17162
MED00362,5,ma_12,-0.17654
MED00363,5,ma_12,-0.22316
MED00364,5,ma_12,-0.3946
MED00365,5,ma_12,-0.20452
MED00366,5,ma_12,0.06471
MED00367,5,ma_12,-0.21984
MED00368,5,ma_12,-0.17444
MED00369,5,ma_12,-0.05094
MED00370,5,ma_12,-0.31144
MED00371,5,ma_12,0.09895
MED00372,5,ma_12,-0.38398
MED00373,5,ma_12,-0.27827
MED00374,5,ma_12,-0.21758
MED00375,5,ma_12,0.10776
MED00376,5,ma_12,-0.22107
MED00377,5,ma_12,-0.31537
MED00378,5,ma_12,-0.21129
MED00379,5,ma_12,-0.21111
MED00380,5,ma_12,-0.31065
MED00381,5,ma_12,-0.27588
MED00382,5,ma_12,-0.20708
MED00383,5,ma_12,-0.00842
MED00384,5,ma_12,-0.23477
MED00385,5,ma_12,0.20132
MED00386,5,ma_12,0.15137
MED00387,5,ma_12,0.20526
MED00388,5,ma_12,0.45464
MED00389,5,ma_12,0.06021
MED00390,5,ma_12,0.24564
MED00391,5,ma_12,0.21024
MED00392,5,ma_12,0.21307
MED00393,5,ma_12,0.14501
MED00394,5,ma_12,0.18135
MED00395,5,ma_12,0.19102
MED00396,5,ma_12,0.28564
MED00397,5,ma_12,0.31524
MED00398,5,ma_12,0.49587
MED00399,5,ma_12,0.47878
MED00400,5,ma_12,0.41188
MED00401,5,ma_12,0.18391
MED00402,5,ma_12,0.22521
MED00403,5,ma_12,0.05966
MED00404,5,ma_12,-0.07832
MED00405,5,ma_12,0.01922
MED00406,5,ma_12,0.24834
MED00407,5,ma_12,0.23444
MED00408,5,ma_12,0.12877
MED00409,5,ma_12,0.1128
MED00410,5,ma_12,0.1345
MED00411,5,ma_12,0.20796
MED00412,5,ma_12,0.14656
MED00413,5,ma_12,0.14454
MED00414,5,ma_12,0.22072
MED00415,5,ma_12,0.14982
MED00416,5,ma_12,0.19561
MED00417,5,ma_12,0.02144
MED00418,5,ma_12,0.0522
MED00419,5,ma_12,0.03129
MED00420,5,ma_12,0.24597
MED00421,5,ma_12,0.24629
MED00422,5,ma_12,0.19642
MED00423,5,ma_12,0.09293
MED00424,5,ma_12,0.45272
MED00001,6,ma_12,0.17168
MED00002,6,ma_12,-0.39534
MED00003,6,ma_12,-0.38214
MED00004,6,ma_12,-0.20101
MED00005,6,ma_12,-0.16603
MED00006,6,ma_12,-0.26189
MED00007,6,ma_12,-0.21278
MED00008,6,ma_12,-0.2694
MED00009,6,ma_12,-0.17484
MED00010,6,ma_12,-0.14817
MED00011,6,ma_12,0.19518
MED00012,6,ma_12,-0.24336
MED00013,6,ma_12,-0.08867
MED00014,6,ma_12,0.16358
MED00015,6,ma_12,-0.27546
MED00016,6,ma_12,-0.17033
MED00017,6,ma_12,-0.24381
MED00018,6,ma_12,0.44681
MED00019,6,ma_12,0.32327
MED00020,6,ma_12,0.02594
MED00021,6,ma_12,-0.07787
MED00022,6,ma_12,-0.18046
MED00023,6,ma_12,-0.26442
MED00024,6,ma_12,-0.17403
MED00025,6,ma_12,-0.39119
MED00026,6,ma_12,-0.35447
MED00027,6,ma_12,-0.3771
MED00028,6,ma_12,-0.30302
MED00029,6,ma_12,0.13839
MED00030,6,ma_12,0.01775
MED00031,6,ma_12,-0.16362
MED00032,6,ma_12,-0.1727
MED00033,6,ma_12,-0.29187
MED00034,6,ma_12,0.15232
MED00035,6,ma_12,-0.30467
MED00036,6,ma_12,-0.20728
MED00037,6,ma_12,-0.09936
MED00038,6,ma_12,0.19729
MED00039,6,ma_12,-0.28967
MED00040,6,ma_12,-0.29581
MED00041,6,ma_12,-0.30664
MED00042,6,ma_12,-0.1718
MED00043,6,ma_12,-0.30022
MED00044,6,ma_12,-0.25604
MED00045,6,ma_12,-0.28959
MED00046,6,ma_12,-0.21098
MED00047,6,ma_12,0.0252
MED00048,6,ma_12,0.16375
MED00049,6,ma_12,-0.38716
MED00050,6,ma_12,-0.20096
MED00051,6,ma_12,-0.39427
MED00052,6,ma_12,-0.30839
MED00053,6,ma_12,0.0428
MED00054,6,ma_12,0.05451
MED00055,6,ma_12,-0.27985
MED00056,6,ma_12,-0.29916
MED00057,6,ma_12,-0.30498
MED00058,6,ma_12,-0.25916
MED00059,6,ma_12,0.07702
MED00060,6,ma_12,-0.0132
MED00061,6,ma_12,-0.3017
MED00062,6,ma_12,0.18005
MED00063,6,ma_12,-0.40692
MED00064,6,ma_12,0.21032
MED00065,6,ma_12,0.32358
MED00066,6,ma_12,-0.30005
MED00067,6,ma_12,-0.20079
MED00068,6,ma_12,-0.07777
MED00069,6,ma_12,-0.24409
MED00070,6,ma_12,0.1376
MED00071,6,ma_12,-0.23879
MED00072,6,ma_12,-0.17546
MED00073,6,ma_12,-0.15786
MED00074,6,ma_12,-0.16778
MED00075,6,ma_12,-0.04634
MED00076,6,ma_12,-0.36078
MED00077,6,ma_12,0.01246
MED00078,6,ma_12,-0.16843
MED00079,6,ma_12,0.12603
MED00080,6,ma_12,-0.04867
MED00081,6,ma_12,-0.3034
MED00082,6,ma_12,-0.20972
MED00083,6,ma_12,-0.01909
MED00084,6,ma_12,0.26226
MED00085,6,ma_12,-0.19862
MED00086,6,ma_12,-0.34836
MED00087,6,ma_12,-0.21599
MED00088,6,ma_12,0.16051
MED00089,6,ma_12,-0.00032
MED00090,6,ma_12,-0.17074
MED00091,6,ma_12,-0.18228
MED00092,6,ma_12,-0.26051
MED00093,6,ma_12,-0.33084
MED00094,6,ma_12,-0.29839
MED00095,6,ma_12,-0.19984
MED00096,6,ma_12,0.11098
MED00097,6,ma_12,-0.30114
MED00098,6,ma_12,0.07978
MED00099,6,ma_12,-0.38044
MED00100,6,ma_12,-0.39356
MED00101,6,ma_12,-0.03087
MED00102,6,ma_12,-0.13225
MED00103,6,ma_12,-0.2036
MED00104,6,ma_12,-0.00827
MED00105,6,ma_12,0.09158
MED00106,6,ma_12,-0.39972
MED00107,6,ma_12,0.02977
MED00108,6,ma_12,-0.19212
MED00109,6,ma_12,-0.31442
MED00110,6,ma_12,-0.31158
MED00111,6,ma_12,-0.26989
MED00112,6,ma_12,-0.1692
MED00113,6,ma_12,-0.23856
MED00114,6,ma_12,0.11456
MED00115,6,ma_12,-0.24
MED00116,6,ma_12,0.01534
MED00117,6,ma_12,-0.26478
MED00118,6,ma_12,-0.22445
MED00119,6,ma_12,-0.25391
MED00120,6,ma_12,-0.14904
MED00121,6,ma_12,-0.19105
MED00122,6,ma_12,-0.17049
MED00123,6,ma_12,-0.29335
MED00124,6,ma_12,0.04449
MED00125,6,ma_12,-0.31119
MED00126,6,ma_12,-0.29907
MED00127,6,ma_12,-0.22057
MED00128,6,ma_12,-0.24642
MED00129,6,ma_12,-0.26448
MED00130,6,ma_12,-0.38359
MED00131,6,ma_12,-0.23747
MED00132,6,ma_12,-0.30974
MED00133,6,ma_12,-0.29305
MED00134,6,ma_12,-0.29999
MED00135,6,ma_12,-0.00122
MED00136,6,ma_12,-0.20243
MED00137,6,ma_12,-0.23259
MED00138,6,ma_12,-0.24451
MED00139,6,ma_12,-0.24446
MED00140,6,ma_12,-0.22141
MED00141,6,ma_12,0.03413
MED00142,6,ma_12,-0.32606
MED00143,6,ma_12,-0.24172
MED00144,6,ma_12,-0.00589
MED00145,6,ma_12,-0.27859
MED00146,6,ma_12,-0.2258
MED00147,6,ma_12,-0.2157
MED00148,6,ma_12,0.04794
MED00149,6,ma_12,-0.15605
MED00150,6,ma_12,-0.21091
MED00151,6,ma_12,-0.25578
MED00152,6,ma_12,-0.21325
MED00153,6,ma_12,-0.21929
MED00154,6,ma_12,0.08406
MED00155,6,ma_12,-0.23268
MED00156,6,ma_12,-0.16245
MED00157,6,ma_12,-0.00813
MED00158,6,ma_12,-0.32664
MED00159,6,ma_12,-0.01671
MED00160,6,ma_12,-0.16657
MED00161,6,ma_12,0.02583
MED00162,6,ma_12,-0.25328
MED00163,6,ma_12,-0.3
MED00164,6,ma_12,-0.2485
MED00165,6,ma_12,-0.02016
MED00166,6,ma_12,-0.2569
MED00167,6,ma_12,-0.19703
MED00168,6,ma_12,-0.23148
MED00169,6,ma_12,-0.25812
MED00170,6,ma_12,-0.21814
MED00171,6,ma_12,-0.20609
MED00172,6,ma_12,-0.19677
MED00173,6,ma_12,-0.18602
MED00174,6,ma_12,-0.06008
MED00175,6,ma_12,-0.27091
MED00176,6,ma_12,0.1099
MED00177,6,ma_12,-0.38331
MED00178,6,ma_12,-0.19277
MED00179,6,ma_12,-0.29469
MED00180,6,ma_12,-0.2648
MED00181,6,ma_12,-0.18484
MED00182,6,ma_12,-0.37701
MED00183,6,ma_12,0.10841
MED00184,6,ma_12,-0.20447
MED00185,6,ma_12,-0.17778
MED00186,6,ma_12,-0.24489
MED00187,6,ma_12,-0.18979
MED00188,6,ma_12,-0.15751
MED00189,6,ma_12,-0.37973
MED00190,6,ma_12,-0.20534
MED00191,6,ma_12,0.0889
MED00192,6,ma_12,-0.35989
MED00193,6,ma_12,-0.39769
MED00194,6,ma_12,-0.03469
MED00195,6,ma_12,-0.06824
MED00196,6,ma_12,0.00833
MED00197,6,ma_12,-0.03521
MED00198,6,ma_12,-0.24183
MED00199,6,ma_12,-0.21761
MED00200,6,ma_12,-0.258
MED00201,6,ma_12,0.02476
MED00202,6,ma_12,-0.25659
MED00203,6,ma_12,-0.17768
MED00204,6,ma_12,-0.2657
MED00205,6,ma_12,0.08319
MED00206,6,ma_12,-0.26466
MED00207,6,ma_12,-0.21292
MED00208,6,ma_12,0.08541
MED00209,6,ma_12,-0.16981
MED00210,6,ma_12,-0.19825
MED00211,6,ma_12,-0.18072
MED00212,6,ma_12,-0.27883
MED00213,6,ma_12,-0.30758
MED00214,6,ma_12,0.12283
MED00215,6,ma_12,-0.21016
MED00216,6,ma_12,-0.40268
MED00217,6,ma_12,-0.36363
MED00218,6,ma_12,-0.06208
MED00219,6,ma_12,0.1044
MED00220,6,ma_12,-0.21003
MED00221,6,ma_12,-0.1727
MED00222,6,ma_12,-0.32531
MED00223,6,ma_12,0.01859
MED00224,6,ma_12,-0.26517
MED00225,6,ma_12,-0.01919
MED00226,6,ma_12,-0.19918
MED00227,6,ma_12,0.17128
MED00228,6,ma_12,-0.20667
MED00229,6,ma_12,-0.30192
MED00230,6,ma_12,-0.00754
MED00231,6,ma_12,-0.26087
MED00232,6,ma_12,-0.24433
MED00233,6,ma_12,-0.29674
MED00234,6,ma_12,-0.21521
MED00235,6,ma_12,0.36162
MED00236,6,ma_12,-0.22286
MED00237,6,ma_12,0.01583
MED00238,6,ma_12,-0.2425
MED00239,6,ma_12,-0.16668
MED00240,6,ma_12,-0.04868
MED00241,6,ma_12,-0.20319
MED00242,6,ma_12,-0.03546
MED00243,6,ma_12,-0.39243
MED00244,6,ma_12,-0.24335
MED00245,6,ma_12,0.42788
MED00246,6,ma_12,0.02096
MED00247,6,ma_12,0.09206
MED00248,6,ma_12,-0.21755
MED00249,6,ma_12,0.21426
MED00250,6,ma_12,0.18753
MED00251,6,ma_12,-0.20158
MED00252,6,ma_12,-0.3052
MED00253,6,ma_12,-0.16015
MED00254,6,ma_12,-0.30582
MED00255,6,ma_12,-0.02884
MED00256,6,ma_12,-0.27237
MED00257,6,ma_12,-0.0493
MED00258,6,ma_12,-0.17821
MED00259,6,ma_12,-0.1714
MED00260,6,ma_12,-0.30053
MED00261,6,ma_12,-0.30541
MED00262,6,ma_12,-0.16559
MED00263,6,ma_12,-0.17214
MED00264,6,ma_12,-0.3125
MED00265,6,ma_12,0.02903
MED00266,6,ma_12,-0.03446
MED00267,6,ma_12,-0.17148
MED00268,6,ma_12,-0.20749
MED00269,6,ma_12,-0.24654
MED00270,6,ma_12,-0.16585
MED00271,6,ma_12,-0.17319
MED00272,6,ma_12,-0.17206
MED00273,6,ma_12,-0.174
MED00274,6,ma_12,-0.30746
MED00275,6,ma_12,0.1463
MED00276,6,ma_12,-0.23803
MED00277,6,ma_12,-0.38002
MED00278,6,ma_12,0.06156
MED00279,6,ma_12,0.15034
MED00280,6,ma_12,-0.36205
MED00281,6,ma_12,0.17984
MED00282,6,ma_12,-0.16921
MED00283,6,ma_12,-0.17441
MED00284,6,ma_12,-0.27289
MED00285,6,ma_12,-0.00845
MED00286,6,ma_12,-0.04207
MED00287,6,ma_12,-0.15783
MED00288,6,ma_12,0.32431
MED00289,6,ma_12,0.05252
MED00290,6,ma_12,-0.21637
MED00291,6,ma_12,-0.11164
MED00292,6,ma_12,-0.26145
MED00293,6,ma_12,0.02939
MED00294,6,ma_12,-0.25919
MED00295,6,ma_12,-0.29279
MED00296,6,ma_12,-0.04353
MED00297,6,ma_12,0.02355
MED00298,6,ma_12,-0.17627
MED00299,6,ma_12,-0.32863
MED00300,6,ma_12,-0.23987
MED00301,6,ma_12,-0.04689
MED00302,6,ma_12,-0.0309
MED00303,6,ma_12,-0.17109
MED00304,6,ma_12,-0.04328
MED00305,6,ma_12,-0.25515
MED00306,6,ma_12,-0.31522
MED00307,6,ma_12,0.2713
MED00308,6,ma_12,-0.29346
MED00309,6,ma_12,-0.17472
MED00310,6,ma_12,-0.17668
MED00311,6,ma_12,-0.06261
MED00312,6,ma_12,-0.29544
MED00313,6,ma_12,-0.29573
MED00314,6,ma_12,-0.01067
MED00315,6,ma_12,0.03189
MED00316,6,ma_12,-0.20474
MED00317,6,ma_12,-0.19771
MED00318,6,ma_12,-0.04627
MED00319,6,ma_12,0.06702
MED00320,6,ma_12,-0.03497
MED00321,6,ma_12,-0.21093
MED00322,6,ma_12,-0.38638
MED00323,6,ma_12,-0.23205
MED00324,6,ma_12,-0.24922
MED00325,6,ma_12,0.02227
MED00326,6,ma_12,0.0294
MED00327,6,ma_12,-0.20277
MED00328,6,ma_12,-0.04614
MED00329,6,ma_12,0.06174
MED00330,6,ma_12,-0.02355
MED00331,6,ma_12,-0.23803
MED00332,6,ma_12,-0.18942
MED00333,6,ma_12,-0.04654
MED00334,6,ma_12,-0.08607
MED00335,6,ma_12,0.00864
MED00336,6,ma_12,0.07832
MED00337,6,ma_12,0.32909
MED00338,6,ma_12,-0.1462
MED00339,6,ma_12,-0.25809
MED00340,6,ma_12,-0.30983
MED00341,6,ma_12,-0.01244
MED00342,6,ma_12,-0.21353
MED00343,6,ma_12,0.09363
MED00344,6,ma_12,-0.03884
MED00345,6,ma_12,-0.38722
MED00346,6,ma_12,-0.19537
MED00347,6,ma_12,-0.37505
MED00348,6,ma_12,-0.25581
MED00349,6,ma_12,-0.20712
MED00350,6,ma_12,-0.25262
MED00351,6,ma_12,-0.30049
MED00352,6,ma_12,-0.30345
MED00353,6,ma_12,-0.30433
MED00354,6,ma_12,-0.27798
MED00355,6,ma_12,0.1246
MED00356,6,ma_12,-0.25144
MED00357,6,ma_12,-0.36527
MED00358,6,ma_12,-0.16269
MED00359,6,ma_12,-0.2208
MED00360,6,ma_12,-0.1651
MED00361,6,ma_12,-0.16975
MED00362,6,ma_12,-0.17467
MED00363,6,ma_12,-0.21984
MED00364,6,ma_12,-0.39546
MED00365,6,ma_12,-0.20185
MED00366,6,ma_12,0.06634
MED00367,6,ma_12,-0.21482
MED00368,6,ma_12,-0.17266
MED00369,6,ma_12,-0.04914
MED00370,6,ma_12,-0.30537
MED00371,6,ma_12,0.08897
MED00372,6,ma_12,-0.37894
MED00373,6,ma_12,-0.2745
MED00374,6,ma_12,-0.21617
MED00375,6,ma_12,0.10311
MED00376,6,ma_12,-0.21614
MED00377,6,ma_12,-0.30903
MED00378,6,ma_12,-0.20729
MED00379,6,ma_12,-0.20831
MED00380,6,ma_12,-0.30429
MED00381,6,ma_12,-0.27139
MED00382,6,ma_12,-0.20506
MED00383,6,ma_12,-0.00675
MED00384,6,ma_12,-0.23278
MED00385,6,ma_12,0.20255
MED00386,6,ma_12,0.15231
MED00387,6,ma_12,0.20609
MED00388,6,ma_12,0.43393
MED00389,6,ma_12,0.06161
MED00390,6,ma_12,0.24561
MED00391,6,ma_12,0.21118
MED00392,6,ma_12,0.2139
MED00393,6,ma_12,0.13794
MED00394,6,ma_12,0.18348
MED00395,6,ma_12,0.19183
MED00396,6,ma_12,0.2828
MED00397,6,ma_12,0.31447
MED00398,6,ma_12,0.49275
MED00399,6,ma_12,0.47305
MED00400,6,ma_12,0.41086
MED00401,6,ma_12,0.18452
MED00402,6,ma_12,0.22616
MED00403,6,ma_12,0.06368
MED00404,6,ma_12,-0.07696
MED00405,6,ma_12,0.021
MED00406,6,ma_12,0.24881
MED00407,6,ma_12,0.23378
MED00408,6,ma_12,0.13131
MED00409,6,ma_12,0.1128
MED00410,6,ma_12,0.12895
MED00411,6,ma_12,0.20883
MED00412,6,ma_12,0.14751
MED00413,6,ma_12,0.14042
MED00414,6,ma_12,0.22162
MED00415,6,ma_12,0.15083
MED00416,6,ma_12,0.19664
MED00417,6,ma_12,0.0231
MED00418,6,ma_12,0.05394
MED00419,6,ma_12,0.03268
MED00420,6,ma_12,0.24683
MED00421,6,ma_12,0.24744
MED00422,6,ma_12,0.19737
MED00423,6,ma_12,0.09416
MED00424,6,ma_12,0.44072
MED00001,7,ma_12,0.16759
MED00002,7,ma_12,-0.39376
MED00003,7,ma_12,-0.38192
MED00004,7,ma_12,-0.20118
MED00005,7,ma_12,-0.16663
MED00006,7,ma_12,-0.26391
MED00007,7,ma_12,-0.21592
MED00008,7,ma_12,-0.27008
MED00009,7,ma_12,-0.17711
MED00010,7,ma_12,-0.15188
MED00011,7,ma_12,0.19224
MED00012,7,ma_12,-0.24603
MED00013,7,ma_12,-0.09181
MED00014,7,ma_12,0.16015
MED00015,7,ma_12,-0.27349
MED00016,7,ma_12,-0.17316
MED00017,7,ma_12,-0.2464
MED00018,7,ma_12,0.45679
MED00019,7,ma_12,0.32269
MED00020,7,ma_12,0.02094
MED00021,7,ma_12,-0.0789
MED00022,7,ma_12,-0.18045
MED00023,7,ma_12,-0.26655
MED00024,7,ma_12,-0.17457
MED00025,7,ma_12,-0.39227
MED00026,7,ma_12,-0.35451
MED00027,7,ma_12,-0.37754
MED00028,7,ma_12,-0.30376
MED00029,7,ma_12,0.13683
MED00030,7,ma_12,0.01617
MED00031,7,ma_12,-0.16454
MED00032,7,ma_12,-0.17534
MED00033,7,ma_12,-0.29226
MED00034,7,ma_12,0.14925
MED00035,7,ma_12,-0.30284
MED00036,7,ma_12,-0.21232
MED00037,7,ma_12,-0.10025
MED00038,7,ma_12,0.19677
MED00039,7,ma_12,-0.2916
MED00040,7,ma_12,-0.29706
MED00041,7,ma_12,-0.30679
MED00042,7,ma_12,-0.17548
MED00043,7,ma_12,-0.30002
MED00044,7,ma_12,-0.25771
MED00045,7,ma_12,-0.29196
MED00046,7,ma_12,-0.21089
MED00047,7,ma_12,0.02233
MED00048,7,ma_12,0.16018
MED00049,7,ma_12,-0.38698
MED00050,7,ma_12,-0.20389
MED00051,7,ma_12,-0.39535
MED00052,7,ma_12,-0.3087
MED00053,7,ma_12,0.042
MED00054,7,ma_12,0.05367
MED00055,7,ma_12,-0.27999
MED00056,7,ma_12,-0.29947
MED00057,7,ma_12,-0.30561
MED00058,7,ma_12,-0.26174
MED00059,7,ma_12,0.07319
MED00060,7,ma_12,-0.01636
MED00061,7,ma_12,-0.30206
MED00062,7,ma_12,0.17598
MED00063,7,ma_12,-0.40741
MED00064,7,ma_12,0.20762
MED00065,7,ma_12,0.32377
MED00066,7,ma_12,-0.3003
MED00067,7,ma_12,-0.20361
MED00068,7,ma_12,-0.07799
MED00069,7,ma_12,-0.24586
MED00070,7,ma_12,0.13615
MED00071,7,ma_12,-0.23926
MED00072,7,ma_12,-0.17598
MED00073,7,ma_12,-0.15873
MED00074,7,ma_12,-0.1695
MED00075,7,ma_12,-0.04949
MED00076,7,ma_12,-0.3592
MED00077,7,ma_12,0.00878
MED00078,7,ma_12,-0.17037
MED00079,7,ma_12,0.12207
MED00080,7,ma_12,-0.04979
MED00081,7,ma_12,-0.30476
MED00082,7,ma_12,-0.21019
MED00083,7,ma_12,-0.0188
MED00084,7,ma_12,0.26017
MED00085,7,ma_12,-0.20199
MED00086,7,ma_12,-0.34814
MED00087,7,ma_12,-0.21806
MED00088,7,ma_12,0.15661
MED00089,7,ma_12,-0.00529
MED00090,7,ma_12,-0.17392
MED00091,7,ma_12,-0.18345
MED00092,7,ma_12,-0.26287
MED00093,7,ma_12,-0.32876
MED00094,7,ma_12,-0.2983
MED00095,7,ma_12,-0.20321
MED00096,7,ma_12,0.10903
MED00097,7,ma_12,-0.3015
MED00098,7,ma_12,0.07664
MED00099,7,ma_12,-0.38088
MED00100,7,ma_12,-0.39482
MED00101,7,ma_12,-0.03403
MED00102,7,ma_12,-0.13288
MED00103,7,ma_12,-0.20624
MED00104,7,ma_12,-0.0115
MED00105,7,ma_12,0.08804
MED00106,7,ma_12,-0.40098
MED00107,7,ma_12,0.0266
MED00108,7,ma_12,-0.19485
MED00109,7,ma_12,-0.31705
MED00110,7,ma_12,-0.31141
MED00111,7,ma_12,-0.27174
MED00112,7,ma_12,-0.17201
MED00113,7,ma_12,-0.24013
MED00114,7,ma_12,0.11265
MED00115,7,ma_12,-0.24227
MED00116,7,ma_12,0.01372
MED00117,7,ma_12,-0.26672
MED00118,7,ma_12,-0.22719
MED00119,7,ma_12,-0.25606
MED00120,7,ma_12,-0.1497
MED00121,7,ma_12,-0.19417
MED00122,7,ma_12,-0.17264
MED00123,7,ma_12,-0.29374
MED00124,7,ma_12,0.04126
MED00125,7,ma_12,-0.31105
MED00126,7,ma_12,-0.2995
MED00127,7,ma_12,-0.22265
MED00128,7,ma_12,-0.24898
MED00129,7,ma_12,-0.26771
MED00130,7,ma_12,-0.38417
MED00131,7,ma_12,-0.23789
MED00132,7,ma_12,-0.30989
MED00133,7,ma_12,-0.29415
MED00134,7,ma_12,-0.29982
MED00135,7,ma_12,-0.00418
MED00136,7,ma_12,-0.20308
MED00137,7,ma_12,-0.23615
MED00138,7,ma_12,-0.24708
MED00139,7,ma_12,-0.24708
MED00140,7,ma_12,-0.22419
MED00141,7,ma_12,0.03312
MED00142,7,ma_12,-0.32807
MED00143,7,ma_12,-0.24438
MED00144,7,ma_12,-0.00929
MED00145,7,ma_12,-0.27903
MED00146,7,ma_12,-0.22716
MED00147,7,ma_12,-0.21817
MED00148,7,ma_12,0.04479
MED00149,7,ma_12,-0.1589
MED00150,7,ma_12,-0.2123
MED00151,7,ma_12,-0.25879
MED00152,7,ma_12,-0.21523
MED00153,7,ma_12,-0.22181
MED00154,7,ma_12,0.08139
MED00155,7,ma_12,-0.23528
MED00156,7,ma_12,-0.16384
MED00157,7,ma_12,-0.01126
MED00158,7,ma_12,-0.32666
MED00159,7,ma_12,-0.01882
MED00160,7,ma_12,-0.16946
MED00161,7,ma_12,0.02264
MED00162,7,ma_12,-0.25558
MED00163,7,ma_12,-0.30134
MED00164,7,ma_12,-0.24887
MED00165,7,ma_12,-0.01939
MED00166,7,ma_12,-0.25959
MED00167,7,ma_12,-0.19983
MED00168,7,ma_12,-0.23406
MED00169,7,ma_12,-0.26067
MED00170,7,ma_12,-0.22158
MED00171,7,ma_12,-0.2088
MED00172,7,ma_12,-0.1993
MED00173,7,ma_12,-0.18866
MED00174,7,ma_12,-0.0626
MED00175,7,ma_12,-0.27167
MED00176,7,ma_12,0.10493
MED00177,7,ma_12,-0.38486
MED00178,7,ma_12,-0.19431
MED00179,7,ma_12,-0.29602
MED00180,7,ma_12,-0.26739
MED00181,7,ma_12,-0.18753
MED00182,7,ma_12,-0.37674
MED00183,7,ma_12,0.10652
MED00184,7,ma_12,-0.2077
MED00185,7,ma_12,-0.17925
MED00186,7,ma_12,-0.24749
MED00187,7,ma_12,-0.19049
MED00188,7,ma_12,-0.16044
MED00189,7,ma_12,-0.37951
MED00190,7,ma_12,-0.20817
MED00191,7,ma_12,0.0843
MED00192,7,ma_12,-0.35979
MED00193,7,ma_12,-0.39747
MED00194,7,ma_12,-0.03777
MED00195,7,ma_12,-0.06798
MED00196,7,ma_12,0.00703
MED00197,7,ma_12,-0.03731
MED00198,7,ma_12,-0.24453
MED00199,7,ma_12,-0.21744
MED00200,7,ma_12,-0.26026
MED00201,7,ma_12,0.02285
MED00202,7,ma_12,-0.25924
MED00203,7,ma_12,-0.17893
MED00204,7,ma_12,-0.26922
MED00205,7,ma_12,0.07882
MED00206,7,ma_12,-0.2668
MED00207,7,ma_12,-0.21499
MED00208,7,ma_12,0.08188
MED00209,7,ma_12,-0.17063
MED00210,7,ma_12,-0.19798
MED00211,7,ma_12,-0.18343
MED00212,7,ma_12,-0.2808
MED00213,7,ma_12,-0.30801
MED00214,7,ma_12,0.11949
MED00215,7,ma_12,-0.21366
MED00216,7,ma_12,-0.40381
MED00217,7,ma_12,-0.36267
MED00218,7,ma_12,-0.06524
MED00219,7,ma_12,0.10161
MED00220,7,ma_12,-0.21161
MED00221,7,ma_12,-0.17352
MED00222,7,ma_12,-0.32793
MED00223,7,ma_12,0.01701
MED00224,7,ma_12,-0.26717
MED00225,7,ma_12,-0.02228
MED00226,7,ma_12,-0.19995
MED00227,7,ma_12,0.16795
MED00228,7,ma_12,-0.20879
MED00229,7,ma_12,-0.30235
MED00230,7,ma_12,-0.01166
MED00231,7,ma_12,-0.26287
MED00232,7,ma_12,-0.24736
MED00233,7,ma_12,-0.29652
MED00234,7,ma_12,-0.21786
MED00235,7,ma_12,0.36301
MED00236,7,ma_12,-0.2253
MED00237,7,ma_12,0.01452
MED00238,7,ma_12,-0.24376
MED00239,7,ma_12,-0.16941
MED00240,7,ma_12,-0.04883
MED00241,7,ma_12,-0.20662
MED00242,7,ma_12,-0.04142
MED00243,7,ma_12,-0.39084
MED00244,7,ma_12,-0.24605
MED00245,7,ma_12,0.4306
MED00246,7,ma_12,0.01787
MED00247,7,ma_12,0.08844
MED00248,7,ma_12,-0.21972
MED00249,7,ma_12,0.21385
MED00250,7,ma_12,0.18615
MED00251,7,ma_12,-0.20432
MED00252,7,ma_12,-0.30515
MED00253,7,ma_12,-0.16296
MED00254,7,ma_12,-0.30644
MED00255,7,ma_12,-0.0292
MED00256,7,ma_12,-0.27485
MED00257,7,ma_12,-0.05037
MED00258,7,ma_12,-0.18087
MED00259,7,ma_12,-0.17393
MED00260,7,ma_12,-0.30431
MED00261,7,ma_12,-0.30733
MED00262,7,ma_12,-0.16561
MED00263,7,ma_12,-0.1757
MED00264,7,ma_12,-0.31451
MED00265,7,ma_12,0.02628
MED00266,7,ma_12,-0.03741
MED00267,7,ma_12,-0.17427
MED00268,7,ma_12,-0.21033
MED00269,7,ma_12,-0.2491
MED00270,7,ma_12,-0.16871
MED00271,7,ma_12,-0.17599
MED00272,7,ma_12,-0.17302
MED00273,7,ma_12,-0.17647
MED00274,7,ma_12,-0.3074
MED00275,7,ma_12,0.14227
MED00276,7,ma_12,-0.24061
MED00277,7,ma_12,-0.37979
MED00278,7,ma_12,0.05882
MED00279,7,ma_12,0.14712
MED00280,7,ma_12,-0.36043
MED00281,7,ma_12,0.1757
MED00282,7,ma_12,-0.17141
MED00283,7,ma_12,-0.17701
MED00284,7,ma_12,-0.27273
MED00285,7,ma_12,-0.01141
MED00286,7,ma_12,-0.04523
MED00287,7,ma_12,-0.16036
MED00288,7,ma_12,0.32192
MED00289,7,ma_12,0.05145
MED00290,7,ma_12,-0.21937
MED00291,7,ma_12,-0.11507
MED00292,7,ma_12,-0.26387
MED00293,7,ma_12,0.02635
MED00294,7,ma_12,-0.25855
MED00295,7,ma_12,-0.29281
MED00296,7,ma_12,-0.04633
MED00297,7,ma_12,0.02036
MED00298,7,ma_12,-0.17832
MED00299,7,ma_12,-0.32847
MED00300,7,ma_12,-0.24246
MED00301,7,ma_12,-0.05002
MED00302,7,ma_12,-0.03401
MED00303,7,ma_12,-0.17211
MED00304,7,ma_12,-0.04536
MED00305,7,ma_12,-0.25775
MED00306,7,ma_12,-0.31545
MED00307,7,ma_12,0.27055
MED00308,7,ma_12,-0.2957
MED00309,7,ma_12,-0.17553
MED00310,7,ma_12,-0.17927
MED00311,7,ma_12,-0.06349
MED00312,7,ma_12,-0.29543
MED00313,7,ma_12,-0.29416
MED00314,7,ma_12,-0.00617
MED00315,7,ma_12,0.02889
MED00316,7,ma_12,-0.20677
MED00317,7,ma_12,-0.19978
MED00318,7,ma_12,-0.04833
MED00319,7,ma_12,0.06362
MED00320,7,ma_12,-0.03683
MED00321,7,ma_12,-0.21152
MED00322,7,ma_12,-0.38622
MED00323,7,ma_12,-0.23244
MED00324,7,ma_12,-0.24891
MED00325,7,ma_12,0.01952
MED00326,7,ma_12,0.02633
MED00327,7,ma_12,-0.20547
MED00328,7,ma_12,-0.04922
MED00329,7,ma_12,0.05843
MED00330,7,ma_12,-0.02637
MED00331,7,ma_12,-0.24056
MED00332,7,ma_12,-0.1922
MED00333,7,ma_12,-0.04943
MED00334,7,ma_12,-0.0897
MED00335,7,ma_12,0.00514
MED00336,7,ma_12,0.07504
MED00337,7,ma_12,0.33082
MED00338,7,ma_12,-0.14678
MED00339,7,ma_12,-0.25872
MED00340,7,ma_12,-0.31088
MED00341,7,ma_12,-0.01578
MED00342,7,ma_12,-0.21616
MED00343,7,ma_12,0.09002
MED00344,7,ma_12,-0.03949
MED00345,7,ma_12,-0.38704
MED00346,7,ma_12,-0.19768
MED00347,7,ma_12,-0.37555
MED00348,7,ma_12,-0.25808
MED00349,7,ma_12,-0.21017
MED00350,7,ma_12,-0.25284
MED00351,7,ma_12,-0.30092
MED00352,7,ma_12,-0.30327
MED00353,7,ma_12,-0.30476
MED00354,7,ma_12,-0.27849
MED00355,7,ma_12,0.12185
MED00356,7,ma_12,-0.25469
MED00357,7,ma_12,-0.36371
MED00358,7,ma_12,-0.16533
MED00359,7,ma_12,-0.22354
MED00360,7,ma_12,-0.16646
MED00361,7,ma_12,-0.17158
MED00362,7,ma_12,-0.1774
MED00363,7,ma_12,-0.22262
MED00364,7,ma_12,-0.3966
MED00365,7,ma_12,-0.20418
MED00366,7,ma_12,0.06279
MED00367,7,ma_12,-0.21686
MED00368,7,ma_12,-0.17551
MED00369,7,ma_12,-0.05158
MED00370,7,ma_12,-0.30666
MED00371,7,ma_12,0.08684
MED00372,7,ma_12,-0.37879
MED00373,7,ma_12,-0.2767
MED00374,7,ma_12,-0.21734
MED00375,7,ma_12,0.09948
MED00376,7,ma_12,-0.21856
MED00377,7,ma_12,-0.30976
MED00378,7,ma_12,-0.21008
MED00379,7,ma_12,-0.20887
MED00380,7,ma_12,-0.30472
MED00381,7,ma_12,-0.27316
MED00382,7,ma_12,-0.20577
MED00383,7,ma_12,-0.00972
MED00384,7,ma_12,-0.23606
MED00385,7,ma_12,0.19792
MED00386,7,ma_12,0.14827
MED00387,7,ma_12,0.20148
MED00388,7,ma_12,0.46304
MED00389,7,ma_12,0.06137
MED00390,7,ma_12,0.24593
MED00391,7,ma_12,0.20707
MED00392,7,ma_12,0.21108
MED00393,7,ma_12,0.13449
MED00394,7,ma_12,0.17943
MED00395,7,ma_12,0.18778
MED00396,7,ma_12,0.28231
MED00397,7,ma_12,0.31363
MED00398,7,ma_12,0.50273
MED00399,7,ma_12,0.48386
MED00400,7,ma_12,0.41319
MED00401,7,ma_12,0.17984
MED00402,7,ma_12,0.22203
MED00403,7,ma_12,0.05693
MED00404,7,ma_12,-0.08025
MED00405,7,ma_12,0.01722
MED00406,7,ma_12,0.24425
MED00407,7,ma_12,0.23196
MED00408,7,ma_12,0.12795
MED00409,7,ma_12,0.10757
MED00410,7,ma_12,0.12327
MED00411,7,ma_12,0.2045
MED00412,7,ma_12,0.14368
MED00413,7,ma_12,0.13682
MED00414,7,ma_12,0.21746
MED00415,7,ma_12,0.14676
MED00416,7,ma_12,0.19381
MED00417,7,ma_12,0.01926
MED00418,7,ma_12,0.05195
MED00419,7,ma_12,0.02891
MED00420,7,ma_12,0.24324
MED00421,7,ma_12,0.24388
MED00422,7,ma_12,0.19463
MED00423,7,ma_12,0.08978
MED00424,7,ma_12,0.46189
MED00001,8,ma_12,0.1692
MED00002,8,ma_12,-0.39312
MED00003,8,ma_12,-0.38127
MED00004,8,ma_12,-0.20083
MED00005,8,ma_12,-0.16592
MED00006,8,ma_12,-0.26255
MED00007,8,ma_12,-0.21411
MED00008,8,ma_12,-0.26917
MED00009,8,ma_12,-0.174
MED00010,8,ma_12,-0.15117
MED00011,8,ma_12,0.19218
MED00012,8,ma_12,-0.24469
MED00013,8,ma_12,-0.0899
MED00014,8,ma_12,0.16224
MED00015,8,ma_12,-0.2727
MED00016,8,ma_12,-0.17137
MED00017,8,ma_12,-0.24496
MED00018,8,ma_12,0.45668
MED00019,8,ma_12,0.3224
MED00020,8,ma_12,0.0208
MED00021,8,ma_12,-0.07819
MED00022,8,ma_12,-0.17975
MED00023,8,ma_12,-0.26515
MED00024,8,ma_12,-0.17386
MED00025,8,ma_12,-0.39069
MED00026,8,ma_12,-0.35408
MED00027,8,ma_12,-0.37656
MED00028,8,ma_12,-0.30228
MED00029,8,ma_12,0.13773
MED00030,8,ma_12,0.01778
MED00031,8,ma_12,-0.16384
MED00032,8,ma_12,-0.17359
MED00033,8,ma_12,-0.29155
MED00034,8,ma_12,0.14796
MED00035,8,ma_12,-0.30231
MED00036,8,ma_12,-0.21128
MED00037,8,ma_12,-0.09944
MED00038,8,ma_12,0.19767
MED00039,8,ma_12,-0.29089
MED00040,8,ma_12,-0.29635
MED00041,8,ma_12,-0.30611
MED00042,8,ma_12,-0.1747
MED00043,8,ma_12,-0.29927
MED00044,8,ma_12,-0.25681
MED00045,8,ma_12,-0.28943
MED00046,8,ma_12,-0.21018
MED00047,8,ma_12,0.02413
MED00048,8,ma_12,0.16189
MED00049,8,ma_12,-0.38664
MED00050,8,ma_12,-0.20209
MED00051,8,ma_12,-0.39431
MED00052,8,ma_12,-0.30772
MED00053,8,ma_12,0.04265
MED00054,8,ma_12,0.0541
MED00055,8,ma_12,-0.27944
MED00056,8,ma_12,-0.29869
MED00057,8,ma_12,-0.3059
MED00058,8,ma_12,-0.26039
MED00059,8,ma_12,0.0749
MED00060,8,ma_12,-0.01453
MED00061,8,ma_12,-0.30136
MED00062,8,ma_12,0.17742
MED00063,8,ma_12,-0.40706
MED00064,8,ma_12,0.20749
MED00065,8,ma_12,0.32458
MED00066,8,ma_12,-0.29961
MED00067,8,ma_12,-0.20279
MED00068,8,ma_12,-0.07728
MED00069,8,ma_12,-0.24515
MED00070,8,ma_12,0.13682
MED00071,8,ma_12,-0.23855
MED00072,8,ma_12,-0.17528
MED00073,8,ma_12,-0.15802
MED00074,8,ma_12,-0.16754
MED00075,8,ma_12,-0.04768
MED00076,8,ma_12,-0.35856
MED00077,8,ma_12,0.01059
MED00078,8,ma_12,-0.16993
MED00079,8,ma_12,0.12504
MED00080,8,ma_12,-0.04908
MED00081,8,ma_12,-0.30372
MED00082,8,ma_12,-0.20949
MED00083,8,ma_12,-0.01809
MED00084,8,ma_12,0.26049
MED00085,8,ma_12,-0.20083
MED00086,8,ma_12,-0.35106
MED00087,8,ma_12,-0.21731
MED00088,8,ma_12,0.1575
MED00089,8,ma_12,-0.00528
MED00090,8,ma_12,-0.17165
MED00091,8,ma_12,-0.18275
MED00092,8,ma_12,-0.26212
MED00093,8,ma_12,-0.32935
MED00094,8,ma_12,-0.29765
MED00095,8,ma_12,-0.20105
MED00096,8,ma_12,0.10937
MED00097,8,ma_12,-0.30069
MED00098,8,ma_12,0.07836
MED00099,8,ma_12,-0.37981
MED00100,8,ma_12,-0.39317
MED00101,8,ma_12,-0.03477
MED00102,8,ma_12,-0.1322
MED00103,8,ma_12,-0.20404
MED00104,8,ma_12,-0.00991
MED00105,8,ma_12,0.08972
MED00106,8,ma_12,-0.40209
MED00107,8,ma_12,0.02839
MED00108,8,ma_12,-0.1937
MED00109,8,ma_12,-0.31527
MED00110,8,ma_12,-0.31072
MED00111,8,ma_12,-0.27111
MED00112,8,ma_12,-0.17022
MED00113,8,ma_12,-0.23832
MED00114,8,ma_12,0.11284
MED00115,8,ma_12,-0.24044
MED00116,8,ma_12,0.01351
MED00117,8,ma_12,-0.26493
MED00118,8,ma_12,-0.2262
MED00119,8,ma_12,-0.25427
MED00120,8,ma_12,-0.14997
MED00121,8,ma_12,-0.19237
MED00122,8,ma_12,-0.17086
MED00123,8,ma_12,-0.29304
MED00124,8,ma_12,0.04322
MED00125,8,ma_12,-0.31072
MED00126,8,ma_12,-0.2988
MED00127,8,ma_12,-0.22084
MED00128,8,ma_12,-0.24755
MED00129,8,ma_12,-0.26581
MED00130,8,ma_12,-0.38528
MED00131,8,ma_12,-0.23718
MED00132,8,ma_12,-0.30891
MED00133,8,ma_12,-0.29218
MED00134,8,ma_12,-0.29912
MED00135,8,ma_12,0.00084
MED00136,8,ma_12,-0.20237
MED00137,8,ma_12,-0.23538
MED00138,8,ma_12,-0.24529
MED00139,8,ma_12,-0.24515
MED00140,8,ma_12,-0.2224
MED00141,8,ma_12,0.03385
MED00142,8,ma_12,-0.32733
MED00143,8,ma_12,-0.24259
MED00144,8,ma_12,-0.01624
MED00145,8,ma_12,-0.27852
MED00146,8,ma_12,-0.22643
MED00147,8,ma_12,-0.21642
MED00148,8,ma_12,0.04654
MED00149,8,ma_12,-0.15711
MED00150,8,ma_12,-0.21051
MED00151,8,ma_12,-0.25695
MED00152,8,ma_12,-0.21333
MED00153,8,ma_12,-0.22042
MED00154,8,ma_12,0.08106
MED00155,8,ma_12,-0.23293
MED00156,8,ma_12,-0.1621
MED00157,8,ma_12,-0.00947
MED00158,8,ma_12,-0.32603
MED00159,8,ma_12,-0.0186
MED00160,8,ma_12,-0.1683
MED00161,8,ma_12,0.02472
MED00162,8,ma_12,-0.25444
MED00163,8,ma_12,-0.30065
MED00164,8,ma_12,-0.24817
MED00165,8,ma_12,-0.01859
MED00166,8,ma_12,-0.2578
MED00167,8,ma_12,-0.19804
MED00168,8,ma_12,-0.23227
MED00169,8,ma_12,-0.25888
MED00170,8,ma_12,-0.21981
MED00171,8,ma_12,-0.20665
MED00172,8,ma_12,-0.19751
MED00173,8,ma_12,-0.18687
MED00174,8,ma_12,-0.06292
MED00175,8,ma_12,-0.27486
MED00176,8,ma_12,0.10555
MED00177,8,ma_12,-0.38383
MED00178,8,ma_12,-0.1936
MED00179,8,ma_12,-0.29704
MED00180,8,ma_12,-0.26559
MED00181,8,ma_12,-0.1858
MED00182,8,ma_12,-0.37644
MED00183,8,ma_12,0.10644
MED00184,8,ma_12,-0.20773
MED00185,8,ma_12,-0.1787
MED00186,8,ma_12,-0.2456
MED00187,8,ma_12,-0.18892
MED00188,8,ma_12,-0.15929
MED00189,8,ma_12,-0.3791
MED00190,8,ma_12,-0.20703
MED00191,8,ma_12,0.08585
MED00192,8,ma_12,-0.3595
MED00193,8,ma_12,-0.39688
MED00194,8,ma_12,-0.03758
MED00195,8,ma_12,-0.06718
MED00196,8,ma_12,0.00668
MED00197,8,ma_12,-0.03714
MED00198,8,ma_12,-0.2427
MED00199,8,ma_12,-0.21685
MED00200,8,ma_12,-0.25847
MED00201,8,ma_12,0.02465
MED00202,8,ma_12,-0.25745
MED00203,8,ma_12,-0.17822
MED00204,8,ma_12,-0.26739
MED00205,8,ma_12,0.08053
MED00206,8,ma_12,-0.26539
MED00207,8,ma_12,-0.21428
MED00208,8,ma_12,0.08359
MED00209,8,ma_12,-0.16946
MED00210,8,ma_12,-0.19718
MED00211,8,ma_12,-0.18164
MED00212,8,ma_12,-0.279
MED00213,8,ma_12,-0.30731
MED00214,8,ma_12,0.12156
MED00215,8,ma_12,-0.21218
MED00216,8,ma_12,-0.40209
MED00217,8,ma_12,-0.3618
MED00218,8,ma_12,-0.06328
MED00219,8,ma_12,0.10196
MED00220,8,ma_12,-0.21086
MED00221,8,ma_12,-0.17281
MED00222,8,ma_12,-0.32593
MED00223,8,ma_12,0.01721
MED00224,8,ma_12,-0.26647
MED00225,8,ma_12,-0.02049
MED00226,8,ma_12,-0.19924
MED00227,8,ma_12,0.16781
MED00228,8,ma_12,-0.20566
MED00229,8,ma_12,-0.30165
MED00230,8,ma_12,-0.01224
MED00231,8,ma_12,-0.26108
MED00232,8,ma_12,-0.24563
MED00233,8,ma_12,-0.29583
MED00234,8,ma_12,-0.21607
MED00235,8,ma_12,0.36033
MED00236,8,ma_12,-0.22349
MED00237,8,ma_12,0.01523
MED00238,8,ma_12,-0.24306
MED00239,8,ma_12,-0.16761
MED00240,8,ma_12,-0.04812
MED00241,8,ma_12,-0.20443
MED00242,8,ma_12,-0.03905
MED00243,8,ma_12,-0.39025
MED00244,8,ma_12,-0.24414
MED00245,8,ma_12,0.43117
MED00246,8,ma_12,0.01935
MED00247,8,ma_12,0.09025
MED00248,8,ma_12,-0.21791
MED00249,8,ma_12,0.21377
MED00250,8,ma_12,0.18769
MED00251,8,ma_12,-0.20317
MED00252,8,ma_12,-0.30452
MED00253,8,ma_12,-0.16451
MED00254,8,ma_12,-0.30555
MED00255,8,ma_12,-0.0285
MED00256,8,ma_12,-0.27293
MED00257,8,ma_12,-0.04883
MED00258,8,ma_12,-0.18016
MED00259,8,ma_12,-0.1721
MED00260,8,ma_12,-0.30362
MED00261,8,ma_12,-0.30655
MED00262,8,ma_12,-0.1649
MED00263,8,ma_12,-0.17467
MED00264,8,ma_12,-0.31274
MED00265,8,ma_12,0.02861
MED00266,8,ma_12,-0.0373
MED00267,8,ma_12,-0.17248
MED00268,8,ma_12,-0.20853
MED00269,8,ma_12,-0.2469
MED00270,8,ma_12,-0.16761
MED00271,8,ma_12,-0.17418
MED00272,8,ma_12,-0.17121
MED00273,8,ma_12,-0.17499
MED00274,8,ma_12,-0.30656
MED00275,8,ma_12,0.14382
MED00276,8,ma_12,-0.23872
MED00277,8,ma_12,-0.3791
MED00278,8,ma_12,0.06115
MED00279,8,ma_12,0.14706
MED00280,8,ma_12,-0.3598
MED00281,8,ma_12,0.17733
MED00282,8,ma_12,-0.16966
MED00283,8,ma_12,-0.17526
MED00284,8,ma_12,-0.27204
MED00285,8,ma_12,-0.00918
MED00286,8,ma_12,-0.04344
MED00287,8,ma_12,-0.15853
MED00288,8,ma_12,0.32163
MED00289,8,ma_12,0.05215
MED00290,8,ma_12,-0.21758
MED00291,8,ma_12,-0.10206
MED00292,8,ma_12,-0.26206
MED00293,8,ma_12,0.02814
MED00294,8,ma_12,-0.25784
MED00295,8,ma_12,-0.29238
MED00296,8,ma_12,-0.04454
MED00297,8,ma_12,0.01869
MED00298,8,ma_12,-0.17762
MED00299,8,ma_12,-0.32777
MED00300,8,ma_12,-0.24067
MED00301,8,ma_12,-0.04823
MED00302,8,ma_12,-0.03374
MED00303,8,ma_12,-0.1711
MED00304,8,ma_12,-0.04466
MED00305,8,ma_12,-0.25557
MED00306,8,ma_12,-0.31492
MED00307,8,ma_12,0.27038
MED00308,8,ma_12,-0.2951
MED00309,8,ma_12,-0.17489
MED00310,8,ma_12,-0.17762
MED00311,8,ma_12,-0.06251
MED00312,8,ma_12,-0.29474
MED00313,8,ma_12,-0.29345
MED00314,8,ma_12,-0.00611
MED00315,8,ma_12,0.03068
MED00316,8,ma_12,-0.20498
MED00317,8,ma_12,-0.19925
MED00318,8,ma_12,-0.04768
MED00319,8,ma_12,0.06539
MED00320,8,ma_12,-0.03688
MED00321,8,ma_12,-0.21081
MED00322,8,ma_12,-0.38581
MED00323,8,ma_12,-0.23173
MED00324,8,ma_12,-0.24819
MED00325,8,ma_12,0.02135
MED00326,8,ma_12,0.02839
MED00327,8,ma_12,-0.20368
MED00328,8,ma_12,-0.04744
MED00329,8,ma_12,0.06022
MED00330,8,ma_12,-0.02418
MED00331,8,ma_12,-0.23877
MED00332,8,ma_12,-0.19016
MED00333,8,ma_12,-0.04764
MED00334,8,ma_12,-0.09139
MED00335,8,ma_12,0.0059
MED00336,8,ma_12,0.07678
MED00337,8,ma_12,0.33082
MED00338,8,ma_12,-0.14652
MED00339,8,ma_12,-0.25714
MED00340,8,ma_12,-0.31417
MED00341,8,ma_12,-0.01399
MED00342,8,ma_12,-0.21437
MED00343,8,ma_12,0.09173
MED00344,8,ma_12,-0.03878
MED00345,8,ma_12,-0.3864
MED00346,8,ma_12,-0.19578
MED00347,8,ma_12,-0.37492
MED00348,8,ma_12,-0.25662
MED00349,8,ma_12,-0.20838
MED00350,8,ma_12,-0.25213
MED00351,8,ma_12,-0.3003
MED00352,8,ma_12,-0.30265
MED00353,8,ma_12,-0.30407
MED00354,8,ma_12,-0.27778
MED00355,8,ma_12,0.12319
MED00356,8,ma_12,-0.25264
MED00357,8,ma_12,-0.36306
MED00358,8,ma_12,-0.1635
MED00359,8,ma_12,-0.22175
MED00360,8,ma_12,-0.16467
MED00361,8,ma_12,-0.16979
MED00362,8,ma_12,-0.17559
MED00363,8,ma_12,-0.22053
MED00364,8,ma_12,-0.39493
MED00365,8,ma_12,-0.20235
MED00366,8,ma_12,0.06469
MED00367,8,ma_12,-0.21615
MED00368,8,ma_12,-0.17439
MED00369,8,ma_12,-0.05073
MED00370,8,ma_12,-0.30597
MED00371,8,ma_12,0.08641
MED00372,8,ma_12,-0.37816
MED00373,8,ma_12,-0.27599
MED00374,8,ma_12,-0.21554
MED00375,8,ma_12,0.09855
MED00376,8,ma_12,-0.21673
MED00377,8,ma_12,-0.30925
MED00378,8,ma_12,-0.20897
MED00379,8,ma_12,-0.20818
MED00380,8,ma_12,-0.30403
MED00381,8,ma_12,-0.27245
MED00382,8,ma_12,-0.20397
MED00383,8,ma_12,-0.00925
MED00384,8,ma_12,-0.23483
MED00385,8,ma_12,0.19979
MED00386,8,ma_12,0.14988
MED00387,8,ma_12,0.20329
MED00388,8,ma_12,0.4661
MED00389,8,ma_12,0.06208
MED00390,8,ma_12,0.24445
MED00391,8,ma_12,0.20885
MED00392,8,ma_12,0.21285
MED00393,8,ma_12,0.1374
MED00394,8,ma_12,0.18109
MED00395,8,ma_12,0.18979
MED00396,8,ma_12,0.28336
MED00397,8,ma_12,0.31349
MED00398,8,ma_12,0.5025
MED00399,8,ma_12,0.4842
MED00400,8,ma_12,0.41212
MED00401,8,ma_12,0.18165
MED00402,8,ma_12,0.22164
MED00403,8,ma_12,0.05906
MED00404,8,ma_12,-0.07844
MED00405,8,ma_12,0.01871
MED00406,8,ma_12,0.24386
MED00407,8,ma_12,0.23155
MED00408,8,ma_12,0.12955
MED00409,8,ma_12,0.10927
MED00410,8,ma_12,0.12501
MED00411,8,ma_12,0.20612
MED00412,8,ma_12,0.14528
MED00413,8,ma_12,0.13968
MED00414,8,ma_12,0.21707
MED00415,8,ma_12,0.1482
MED00416,8,ma_12,0.19567
MED00417,8,ma_12,0.02071
MED00418,8,ma_12,0.05381
MED00419,8,ma_12,0.03042
MED00420,8,ma_12,0.24301
MED00421,8,ma_12,0.24343
MED00422,8,ma_12,0.19648
MED00423,8,ma_12,0.09186
MED00424,8,ma_12,0.47914
MED00001,9,ma_12,0.16747
MED00002,9,ma_12,-0.39123
MED00003,9,ma_12,-0.37943
MED00004,9,ma_12,-0.20585
MED00005,9,ma_12,-0.1666
MED00006,9,ma_12,-0.26412
MED00007,9,ma_12,-0.21641
MED00008,9,ma_12,-0.27057
MED00009,9,ma_12,-0.17473
MED00010,9,ma_12,-0.15184
MED00011,9,ma_12,0.19192
MED00012,9,ma_12,-0.24715
MED00013,9,ma_12,-0.09294
MED00014,9,ma_12,0.16152
MED00015,9,ma_12,-0.27483
MED00016,9,ma_12,-0.17249
MED00017,9,ma_12,-0.24649
MED00018,9,ma_12,0.45974
MED00019,9,ma_12,0.32532
MED00020,9,ma_12,0.0199
MED00021,9,ma_12,-0.08188
MED00022,9,ma_12,-0.17888
MED00023,9,ma_12,-0.26785
MED00024,9,ma_12,-0.17487
MED00025,9,ma_12,-0.38956
MED00026,9,ma_12,-0.35207
MED00027,9,ma_12,-0.37453
MED00028,9,ma_12,-0.30414
MED00029,9,ma_12,0.13529
MED00030,9,ma_12,0.01536
MED00031,9,ma_12,-0.16471
MED00032,9,ma_12,-0.17483
MED00033,9,ma_12,-0.2925
MED00034,9,ma_12,0.14827
MED00035,9,ma_12,-0.30234
MED00036,9,ma_12,-0.2127
MED00037,9,ma_12,-0.10752
MED00038,9,ma_12,0.19767
MED00039,9,ma_12,-0.29266
MED00040,9,ma_12,-0.29909
MED00041,9,ma_12,-0.30646
MED00042,9,ma_12,-0.1745
MED00043,9,ma_12,-0.30153
MED00044,9,ma_12,-0.25942
MED00045,9,ma_12,-0.29128
MED00046,9,ma_12,-0.21097
MED00047,9,ma_12,0.02268
MED00048,9,ma_12,0.16064
MED00049,9,ma_12,-0.38438
MED00050,9,ma_12,-0.20334
MED00051,9,ma_12,-0.39522
MED00052,9,ma_12,-0.30952
MED00053,9,ma_12,0.0402
MED00054,9,ma_12,0.05142
MED00055,9,ma_12,-0.28136
MED00056,9,ma_12,-0.30224
MED00057,9,ma_12,-0.30795
MED00058,9,ma_12,-0.26209
MED00059,9,ma_12,0.07375
MED00060,9,ma_12,-0.01626
MED00061,9,ma_12,-0.30357
MED00062,9,ma_12,0.1758
MED00063,9,ma_12,-0.40575
MED00064,9,ma_12,0.20843
MED00065,9,ma_12,0.32098
MED00066,9,ma_12,-0.30342
MED00067,9,ma_12,-0.20518
MED00068,9,ma_12,-0.08023
MED00069,9,ma_12,-0.24718
MED00070,9,ma_12,0.13449
MED00071,9,ma_12,-0.24113
MED00072,9,ma_12,-0.17676
MED00073,9,ma_12,-0.15836
MED00074,9,ma_12,-0.17095
MED00075,9,ma_12,-0.0555
MED00076,9,ma_12,-0.35869
MED00077,9,ma_12,0.00905
MED00078,9,ma_12,-0.17535
MED00079,9,ma_12,0.12388
MED00080,9,ma_12,-0.05147
MED00081,9,ma_12,-0.30506
MED00082,9,ma_12,-0.21157
MED00083,9,ma_12,-0.02008
MED00084,9,ma_12,0.2598
MED00085,9,ma_12,-0.20241
MED00086,9,ma_12,-0.35001
MED00087,9,ma_12,-0.21952
MED00088,9,ma_12,0.15832
MED00089,9,ma_12,-0.00718
MED00090,9,ma_12,-0.17476
MED00091,9,ma_12,-0.18224
MED00092,9,ma_12,-0.26443
MED00093,9,ma_12,-0.33005
MED00094,9,ma_12,-0.29954
MED00095,9,ma_12,-0.20366
MED00096,9,ma_12,0.10669
MED00097,9,ma_12,-0.30314
MED00098,9,ma_12,0.07716
MED00099,9,ma_12,-0.37778
MED00100,9,ma_12,-0.3921
MED00101,9,ma_12,-0.03625
MED00102,9,ma_12,-0.13734
MED00103,9,ma_12,-0.2057
MED00104,9,ma_12,-0.01115
MED00105,9,ma_12,0.08816
MED00106,9,ma_12,-0.40083
MED00107,9,ma_12,0.027
MED00108,9,ma_12,-0.19708
MED00109,9,ma_12,-0.31724
MED00110,9,ma_12,-0.31148
MED00111,9,ma_12,-0.27427
MED00112,9,ma_12,-0.17213
MED00113,9,ma_12,-0.24118
MED00114,9,ma_12,0.11057
MED00115,9,ma_12,-0.24273
MED00116,9,ma_12,0.01022
MED00117,9,ma_12,-0.26719
MED00118,9,ma_12,-0.22831
MED00119,9,ma_12,-0.25713
MED00120,9,ma_12,-0.16026
MED00121,9,ma_12,-0.19745
MED00122,9,ma_12,-0.17374
MED00123,9,ma_12,-0.29372
MED00124,9,ma_12,0.04143
MED00125,9,ma_12,-0.30973
MED00126,9,ma_12,-0.29992
MED00127,9,ma_12,-0.22273
MED00128,9,ma_12,-0.24986
MED00129,9,ma_12,-0.26715
MED00130,9,ma_12,-0.38309
MED00131,9,ma_12,-0.23874
MED00132,9,ma_12,-0.30907
MED00133,9,ma_12,-0.29348
MED00134,9,ma_12,-0.30023
MED00135,9,ma_12,-0.00128
MED00136,9,ma_12,-0.1922
MED00137,9,ma_12,-0.23563
MED00138,9,ma_12,-0.24709
MED00139,9,ma_12,-0.24857
MED00140,9,ma_12,-0.22503
MED00141,9,ma_12,0.03116
MED00142,9,ma_12,-0.32964
MED00143,9,ma_12,-0.24548
MED00144,9,ma_12,-0.0185
MED00145,9,ma_12,-0.28322
MED00146,9,ma_12,-0.22577
MED00147,9,ma_12,-0.21841
MED00148,9,ma_12,0.04509
MED00149,9,ma_12,-0.1598
MED00150,9,ma_12,-0.21312
MED00151,9,ma_12,-0.25937
MED00152,9,ma_12,-0.21495
MED00153,9,ma_12,-0.22214
MED00154,9,ma_12,0.08126
MED00155,9,ma_12,-0.23527
MED00156,9,ma_12,-0.16437
MED00157,9,ma_12,-0.01066
MED00158,9,ma_12,-0.3255
MED00159,9,ma_12,-0.02
MED00160,9,ma_12,-0.17509
MED00161,9,ma_12,0.02263
MED00162,9,ma_12,-0.25672
MED00163,9,ma_12,-0.30271
MED00164,9,ma_12,-0.25098
MED00165,9,ma_12,-0.02116
MED00166,9,ma_12,-0.26018
MED00167,9,ma_12,-0.19985
MED00168,9,ma_12,-0.23427
MED00169,9,ma_12,-0.26024
MED00170,9,ma_12,-0.22146
MED00171,9,ma_12,-0.20887
MED00172,9,ma_12,-0.19952
MED00173,9,ma_12,-0.18825
MED00174,9,ma_12,-0.06447
MED00175,9,ma_12,-0.27581
MED00176,9,ma_12,0.10405
MED00177,9,ma_12,-0.38273
MED00178,9,ma_12,-0.19616
MED00179,9,ma_12,-0.29852
MED00180,9,ma_12,-0.26724
MED00181,9,ma_12,-0.1884
MED00182,9,ma_12,-0.37332
MED00183,9,ma_12,0.10445
MED00184,9,ma_12,-0.21054
MED00185,9,ma_12,-0.1796
MED00186,9,ma_12,-0.24754
MED00187,9,ma_12,-0.1917
MED00188,9,ma_12,-0.16437
MED00189,9,ma_12,-0.37706
MED00190,9,ma_12,-0.20966
MED00191,9,ma_12,0.0853
MED00192,9,ma_12,-0.35897
MED00193,9,ma_12,-0.39492
MED00194,9,ma_12,-0.0385
MED00195,9,ma_12,-0.06961
MED00196,9,ma_12,0.00346
MED00197,9,ma_12,-0.03884
MED00198,9,ma_12,-0.24505
MED00199,9,ma_12,-0.21732
MED00200,9,ma_12,-0.26119
MED00201,9,ma_12,0.02313
MED00202,9,ma_12,-0.25914
MED00203,9,ma_12,-0.17974
MED00204,9,ma_12,-0.26993
MED00205,9,ma_12,0.07937
MED00206,9,ma_12,-0.26704
MED00207,9,ma_12,-0.21591
MED00208,9,ma_12,0.0824
MED00209,9,ma_12,-0.1721
MED00210,9,ma_12,-0.19882
MED00211,9,ma_12,-0.18347
MED00212,9,ma_12,-0.28061
MED00213,9,ma_12,-0.30845
MED00214,9,ma_12,0.11975
MED00215,9,ma_12,-0.21478
MED00216,9,ma_12,-0.40125
MED00217,9,ma_12,-0.36122
MED00218,9,ma_12,-0.06988
MED00219,9,ma_12,0.10062
MED00220,9,ma_12,-0.2143
MED00221,9,ma_12,-0.17288
MED00222,9,ma_12,-0.32979
MED00223,9,ma_12,0.01544
MED00224,9,ma_12,-0.26861
MED00225,9,ma_12,-0.02221
MED00226,9,ma_12,-0.19988
MED00227,9,ma_12,0.16848
MED00228,9,ma_12,-0.2058
MED00229,9,ma_12,-0.29922
MED00230,9,ma_12,-0.01213
MED00231,9,ma_12,-0.26339
MED00232,9,ma_12,-0.24973
MED00233,9,ma_12,-0.29528
MED00234,9,ma_12,-0.21829
MED00235,9,ma_12,0.35931
MED00236,9,ma_12,-0.22557
MED00237,9,ma_12,0.01481
MED00238,9,ma_12,-0.24433
MED00239,9,ma_12,-0.16954
MED00240,9,ma_12,-0.04967
MED00241,9,ma_12,-0.20677
MED00242,9,ma_12,-0.0429
MED00243,9,ma_12,-0.38836
MED00244,9,ma_12,-0.24541
MED00245,9,ma_12,0.43829
MED00246,9,ma_12,0.01774
MED00247,9,ma_12,0.08964
MED00248,9,ma_12,-0.21918
MED00249,9,ma_12,0.21405
MED00250,9,ma_12,0.18478
MED00251,9,ma_12,-0.20643
MED00252,9,ma_12,-0.30855
MED00253,9,ma_12,-0.16722
MED00254,9,ma_12,-0.30955
MED00255,9,ma_12,-0.03013
MED00256,9,ma_12,-0.27421
MED00257,9,ma_12,-0.05116
MED00258,9,ma_12,-0.18289
MED00259,9,ma_12,-0.17465
MED00260,9,ma_12,-0.30548
MED00261,9,ma_12,-0.3077
MED00262,9,ma_12,-0.16613
MED00263,9,ma_12,-0.1767
MED00264,9,ma_12,-0.31476
MED00265,9,ma_12,0.02708
MED00266,9,ma_12,-0.03871
MED00267,9,ma_12,-0.17489
MED00268,9,ma_12,-0.21112
MED00269,9,ma_12,-0.24845
MED00270,9,ma_12,-0.17029
MED00271,9,ma_12,-0.17706
MED00272,9,ma_12,-0.17394
MED00273,9,ma_12,-0.17807
MED00274,9,ma_12,-0.30434
MED00275,9,ma_12,0.14212
MED00276,9,ma_12,-0.24066
MED00277,9,ma_12,-0.37705
MED00278,9,ma_12,0.0601
MED00279,9,ma_12,0.14491
MED00280,9,ma_12,-0.3594
MED00281,9,ma_12,0.17438
MED00282,9,ma_12,-0.17074
MED00283,9,ma_12,-0.17759
MED00284,9,ma_12,-0.27339
MED00285,9,ma_12,-0.01025
MED00286,9,ma_12,-0.04457
MED00287,9,ma_12,-0.16144
MED00288,9,ma_12,0.32496
MED00289,9,ma_12,0.05025
MED00290,9,ma_12,-0.22005
MED00291,9,ma_12,-0.11378
MED00292,9,ma_12,-0.26383
MED00293,9,ma_12,0.02628
MED00294,9,ma_12,-0.25912
MED00295,9,ma_12,-0.29464
MED00296,9,ma_12,-0.04609
MED00297,9,ma_12,0.01757
MED00298,9,ma_12,-0.17952
MED00299,9,ma_12,-0.32773
MED00300,9,ma_12,-0.24166
MED00301,9,ma_12,-0.04995
MED00302,9,ma_12,-0.03511
MED00303,9,ma_12,-0.17102
MED00304,9,ma_12,-0.04646
MED00305,9,ma_12,-0.25836
MED00306,9,ma_12,-0.3135
MED00307,9,ma_12,0.27175
MED00308,9,ma_12,-0.29835
MED00309,9,ma_12,-0.17724
MED00310,9,ma_12,-0.17883
MED00311,9,ma_12,-0.0643
MED00312,9,ma_12,-0.29542
MED00313,9,ma_12,-0.29384
MED00314,9,ma_12,-0.00872
MED00315,9,ma_12,0.0295
MED00316,9,ma_12,-0.20771
MED00317,9,ma_12,-0.20044
MED00318,9,ma_12,-0.04899
MED00319,9,ma_12,0.06379
MED00320,9,ma_12,-0.0381
MED00321,9,ma_12,-0.21635
MED00322,9,ma_12,-0.38318
MED00323,9,ma_12,-0.23229
MED00324,9,ma_12,-0.24834
MED00325,9,ma_12,0.01978
MED00326,9,ma_12,0.02781
MED00327,9,ma_12,-0.20796
MED00328,9,ma_12,-0.04837
MED00329,9,ma_12,0.05947
MED00330,9,ma_12,-0.0264
MED00331,9,ma_12,-0.2403
MED00332,9,ma_12,-0.19502
MED00333,9,ma_12,-0.04942
MED00334,9,ma_12,-0.09109
MED00335,9,ma_12,0.00357
MED00336,9,ma_12,0.07527
MED00337,9,ma_12,0.33445
MED00338,9,ma_12,-0.14127
MED00339,9,ma_12,-0.25995
MED00340,9,ma_12,-0.31577
MED00341,9,ma_12,-0.01504
MED00342,9,ma_12,-0.2174
MED00343,9,ma_12,0.08968
MED00344,9,ma_12,-0.04201
MED00345,9,ma_12,-0.38444
MED00346,9,ma_12,-0.19977
MED00347,9,ma_12,-0.37565
MED00348,9,ma_12,-0.25821
MED00349,9,ma_12,-0.20998
MED00350,9,ma_12,-0.25386
MED00351,9,ma_12,-0.30141
MED00352,9,ma_12,-0.30021
MED00353,9,ma_12,-0.30416
MED00354,9,ma_12,-0.27901
MED00355,9,ma_12,0.12139
MED00356,9,ma_12,-0.25494
MED00357,9,ma_12,-0.36312
MED00358,9,ma_12,-0.16503
MED00359,9,ma_12,-0.22378
MED00360,9,ma_12,-0.1681
MED00361,9,ma_12,-0.17186
MED00362,9,ma_12,-0.17886
MED00363,9,ma_12,-0.22238
MED00364,9,ma_12,-0.39414
MED00365,9,ma_12,-0.20471
MED00366,9,ma_12,0.06409
MED00367,9,ma_12,-0.2189
MED00368,9,ma_12,-0.1786
MED00369,9,ma_12,-0.0513
MED00370,9,ma_12,-0.30789
MED00371,9,ma_12,0.08587
MED00372,9,ma_12,-0.37622
MED00373,9,ma_12,-0.27773
MED00374,9,ma_12,-0.21735
MED00375,9,ma_12,0.09829
MED00376,9,ma_12,-0.21832
MED00377,9,ma_12,-0.31111
MED00378,9,ma_12,-0.2102
MED00379,9,ma_12,-0.21273
MED00380,9,ma_12,-0.30508
MED00381,9,ma_12,-0.27455
MED00382,9,ma_12,-0.20667
MED00383,9,ma_12,-0.01042
MED00384,9,ma_12,-0.23685
MED00385,9,ma_12,0.20057
MED00386,9,ma_12,0.14804
MED00387,9,ma_12,0.20414
MED00388,9,ma_12,0.46922
MED00389,9,ma_12,0.06026
MED00390,9,ma_12,0.2438
MED00391,9,ma_12,0.20788
MED00392,9,ma_12,0.21254
MED00393,9,ma_12,0.135
MED00394,9,ma_12,0.1793
MED00395,9,ma_12,0.18991
MED00396,9,ma_12,0.28251
MED00397,9,ma_12,0.31614
MED00398,9,ma_12,0.50929
MED00399,9,ma_12,0.49491
MED00400,9,ma_12,0.41563
MED00401,9,ma_12,0.1764
MED00402,9,ma_12,0.22075
MED00403,9,ma_12,0.05778
MED00404,9,ma_12,-0.08155
MED00405,9,ma_12,0.01759
MED00406,9,ma_12,0.2436
MED00407,9,ma_12,0.23198
MED00408,9,ma_12,0.12804
MED00409,9,ma_12,0.10658
MED00410,9,ma_12,0.12325
MED00411,9,ma_12,0.20583
MED00412,9,ma_12,0.14376
MED00413,9,ma_12,0.13645
MED00414,9,ma_12,0.21742
MED00415,9,ma_12,0.14667
MED00416,9,ma_12,0.19484
MED00417,9,ma_12,0.01928
MED00418,9,ma_12,0.05219
MED00419,9,ma_12,0.02841
MED00420,9,ma_12,0.24293
MED00421,9,ma_12,0.24272
MED00422,9,ma_12,0.19542
MED00423,9,ma_12,0.08973
MED00424,9,ma_12,0.48331
MED00001,10,ma_12,0.16831
MED00002,10,ma_12,-0.38891
MED00003,10,ma_12,-0.37618
MED00004,10,ma_12,-0.19808
MED00005,10,ma_12,-0.15781
MED00006,10,ma_12,-0.26317
MED00007,10,ma_12,-0.21491
MED00008,10,ma_12,-0.27141
MED00009,10,ma_12,-0.17317
MED00010,10,ma_12,-0.15297
MED00011,10,ma_12,0.19108
MED00012,10,ma_12,-0.24353
MED00013,10,ma_12,-0.09164
MED00014,10,ma_12,0.16334
MED00015,10,ma_12,-0.2784
MED00016,10,ma_12,-0.16976
MED00017,10,ma_12,-0.24353
MED00018,10,ma_12,0.51359
MED00019,10,ma_12,0.33115
MED00020,10,ma_12,0.01985
MED00021,10,ma_12,-0.08423
MED00022,10,ma_12,-0.18047
MED00023,10,ma_12,-0.26354
MED00024,10,ma_12,-0.17605
MED00025,10,ma_12,-0.38461
MED00026,10,ma_12,-0.35144
MED00027,10,ma_12,-0.3725
MED00028,10,ma_12,-0.30712
MED00029,10,ma_12,0.132
MED00030,10,ma_12,0.01358
MED00031,10,ma_12,-0.16235
MED00032,10,ma_12,-0.17186
MED00033,10,ma_12,-0.29262
MED00034,10,ma_12,0.14968
MED00035,10,ma_12,-0.30116
MED00036,10,ma_12,-0.20512
MED00037,10,ma_12,-0.10651
MED00038,10,ma_12,0.19509
MED00039,10,ma_12,-0.2866
MED00040,10,ma_12,-0.29989
MED00041,10,ma_12,-0.30154
MED00042,10,ma_12,-0.17455
MED00043,10,ma_12,-0.30142
MED00044,10,ma_12,-0.26172
MED00045,10,ma_12,-0.28931
MED00046,10,ma_12,-0.21125
MED00047,10,ma_12,0.02118
MED00048,10,ma_12,0.16168
MED00049,10,ma_12,-0.38308
MED00050,10,ma_12,-0.20142
MED00051,10,ma_12,-0.39236
MED00052,10,ma_12,-0.30962
MED00053,10,ma_12,0.03666
MED00054,10,ma_12,0.0446
MED00055,10,ma_12,-0.28467
MED00056,10,ma_12,-0.29621
MED00057,10,ma_12,-0.30296
MED00058,10,ma_12,-0.25976
MED00059,10,ma_12,0.07056
MED00060,10,ma_12,-0.01465
MED00061,10,ma_12,-0.30357
MED00062,10,ma_12,0.17636
MED00063,10,ma_12,-0.40344
MED00064,10,ma_12,0.21133
MED00065,10,ma_12,0.32384
MED00066,10,ma_12,-0.30452
MED00067,10,ma_12,-0.20393
MED00068,10,ma_12,-0.08332
MED00069,10,ma_12,-0.24843
MED00070,10,ma_12,0.1319
MED00071,10,ma_12,-0.24291
MED00072,10,ma_12,-0.17762
MED00073,10,ma_12,-0.15923
MED00074,10,ma_12,-0.17341
MED00075,10,ma_12,-0.05309
MED00076,10,ma_12,-0.35507
MED00077,10,ma_12,0.00819
MED00078,10,ma_12,-0.17301
MED00079,10,ma_12,0.12945
MED00080,10,ma_12,-0.05366
MED00081,10,ma_12,-0.30548
MED00082,10,ma_12,-0.21246
MED00083,10,ma_12,-0.02144
MED00084,10,ma_12,0.26034
MED00085,10,ma_12,-0.1984
MED00086,10,ma_12,-0.35064
MED00087,10,ma_12,-0.21805
MED00088,10,ma_12,0.16233
MED00089,10,ma_12,-0.00823
MED00090,10,ma_12,-0.17019
MED00091,10,ma_12,-0.18323
MED00092,10,ma_12,-0.26333
MED00093,10,ma_12,-0.32909
MED00094,10,ma_12,-0.3002
MED00095,10,ma_12,-0.20018
MED00096,10,ma_12,0.10671
MED00097,10,ma_12,-0.29955
MED00098,10,ma_12,0.0749
MED00099,10,ma_12,-0.37525
MED00100,10,ma_12,-0.387
MED00101,10,ma_12,-0.0435
MED00102,10,ma_12,-0.14161
MED00103,10,ma_12,-0.20285
MED00104,10,ma_12,-0.00849
MED00105,10,ma_12,0.08579
MED00106,10,ma_12,-0.39905
MED00107,10,ma_12,0.02688
MED00108,10,ma_12,-0.19331
MED00109,10,ma_12,-0.31453
MED00110,10,ma_12,-0.3108
MED00111,10,ma_12,-0.27539
MED00112,10,ma_12,-0.17021
MED00113,10,ma_12,-0.23742
MED00114,10,ma_12,0.11313
MED00115,10,ma_12,-0.23968
MED00116,10,ma_12,0.00743
MED00117,10,ma_12,-0.26494
MED00118,10,ma_12,-0.22705
MED00119,10,ma_12,-0.25377
MED00120,10,ma_12,-0.16349
MED00121,10,ma_12,-0.19464
MED00122,10,ma_12,-0.17154
MED00123,10,ma_12,-0.28969
MED00124,10,ma_12,0.04094
MED00125,10,ma_12,-0.3087
MED00126,10,ma_12,-0.29996
MED00127,10,ma_12,-0.22165
MED00128,10,ma_12,-0.24626
MED00129,10,ma_12,-0.26562
MED00130,10,ma_12,-0.38155
MED00131,10,ma_12,-0.23919
MED00132,10,ma_12,-0.3014
MED00133,10,ma_12,-0.28957
MED00134,10,ma_12,-0.30059
MED00135,10,ma_12,-0.00278
MED00136,10,ma_12,-0.20576
MED00137,10,ma_12,-0.23615
MED00138,10,ma_12,-0.24503
MED00139,10,ma_12,-0.24742
MED00140,10,ma_12,-0.22161
MED00141,10,ma_12,0.02653
MED00142,10,ma_12,-0.3295
MED00143,10,ma_12,-0.24281
MED00144,10,ma_12,-0.01751
MED00145,10,ma_12,-0.28324
MED00146,10,ma_12,-0.2256
MED00147,10,ma_12,-0.21652
MED00148,10,ma_12,0.04355
MED00149,10,ma_12,-0.1582
MED00150,10,ma_12,-0.20991
MED00151,10,ma_12,-0.25667
MED00152,10,ma_12,-0.21235
MED00153,10,ma_12,-0.21952
MED00154,10,ma_12,0.08071
MED00155,10,ma_12,-0.23096
MED00156,10,ma_12,-0.16268
MED00157,10,ma_12,-0.0081
MED00158,10,ma_12,-0.32529
MED00159,10,ma_12,-0.01956
MED00160,10,ma_12,-0.17287
MED00161,10,ma_12,0.02116
MED00162,10,ma_12,-0.25523
MED00163,10,ma_12,-0.30119
MED00164,10,ma_12,-0.25147
MED00165,10,ma_12,-0.02326
MED00166,10,ma_12,-0.25725
MED00167,10,ma_12,-0.19655
MED00168,10,ma_12,-0.23135
MED00169,10,ma_12,-0.25741
MED00170,10,ma_12,-0.21835
MED00171,10,ma_12,-0.20503
MED00172,10,ma_12,-0.19585
MED00173,10,ma_12,-0.18559
MED00174,10,ma_12,-0.06802
MED00175,10,ma_12,-0.2701
MED00176,10,ma_12,0.10188
MED00177,10,ma_12,-0.37928
MED00178,10,ma_12,-0.18668
MED00179,10,ma_12,-0.29858
MED00180,10,ma_12,-0.26396
MED00181,10,ma_12,-0.18645
MED00182,10,ma_12,-0.37268
MED00183,10,ma_12,0.10035
MED00184,10,ma_12,-0.2101
MED00185,10,ma_12,-0.1776
MED00186,10,ma_12,-0.24517
MED00187,10,ma_12,-0.19147
MED00188,10,ma_12,-0.16195
MED00189,10,ma_12,-0.37582
MED00190,10,ma_12,-0.20857
MED00191,10,ma_12,0.08327
MED00192,10,ma_12,-0.35532
MED00193,10,ma_12,-0.39256
MED00194,10,ma_12,-0.03831
MED00195,10,ma_12,-0.06549
MED00197,10,ma_12,-0.03927
MED00198,10,ma_12,-0.24138
MED00199,10,ma_12,-0.21529
MED00200,10,ma_12,-0.2592
MED00201,10,ma_12,0.02101
MED00202,10,ma_12,-0.25553
MED00203,10,ma_12,-0.17934
MED00204,10,ma_12,-0.26776
MED00205,10,ma_12,0.0775
MED00206,10,ma_12,-0.26306
MED00207,10,ma_12,-0.21483
MED00208,10,ma_12,0.08012
MED00209,10,ma_12,-0.1597
MED00210,10,ma_12,-0.18949
MED00211,10,ma_12,-0.18057
MED00212,10,ma_12,-0.27873
MED00213,10,ma_12,-0.30571
MED00214,10,ma_12,0.11904
MED00215,10,ma_12,-0.21196
MED00216,10,ma_12,-0.39744
MED00217,10,ma_12,-0.35694
MED00218,10,ma_12,-0.06796
MED00219,10,ma_12,0.09996
MED00220,10,ma_12,-0.21133
MED00221,10,ma_12,-0.17337
MED00222,10,ma_12,-0.32632
MED00223,10,ma_12,0.01275
MED00224,10,ma_12,-0.26666
MED00225,10,ma_12,-0.01944
MED00226,10,ma_12,-0.2002
MED00227,10,ma_12,0.17276
MED00228,10,ma_12,-0.20391
MED00229,10,ma_12,-0.29963
MED00230,10,ma_12,-0.01279
MED00231,10,ma_12,-0.25993
MED00232,10,ma_12,-0.24809
MED00233,10,ma_12,-0.29209
MED00234,10,ma_12,-0.21385
MED00235,10,ma_12,0.36123
MED00236,10,ma_12,-0.2227
MED00237,10,ma_12,0.01196
MED00238,10,ma_12,-0.24339
MED00239,10,ma_12,-0.16675
MED00240,10,ma_12,-0.0512
MED00241,10,ma_12,-0.20419
MED00242,10,ma_12,-0.04249
MED00243,10,ma_12,-0.38608
MED00244,10,ma_12,-0.24219
MED00245,10,ma_12,0.44074
MED00246,10,ma_12,0.01601
MED00247,10,ma_12,0.08873
MED00248,10,ma_12,-0.21616
MED00249,10,ma_12,0.21522
MED00250,10,ma_12,0.18118
MED00251,10,ma_12,-0.20363
MED00252,10,ma_12,-0.30516
MED00253,10,ma_12,-0.16544
MED00254,10,ma_12,-0.30444
MED00255,10,ma_12,-0.02718
MED00256,10,ma_12,-0.27294
MED00257,10,ma_12,-0.05433
MED00258,10,ma_12,-0.18044
MED00259,10,ma_12,-0.17093
MED00260,10,ma_12,-0.30639
MED00261,10,ma_12,-0.30821
MED00262,10,ma_12,-0.16865
MED00263,10,ma_12,-0.17389
MED00264,10,ma_12,-0.31302
MED00265,10,ma_12,0.02575
MED00266,10,ma_12,-0.03272
MED00267,10,ma_12,-0.17251
MED00268,10,ma_12,-0.20798
MED00269,10,ma_12,-0.24538
MED00270,10,ma_12,-0.16717
MED00271,10,ma_12,-0.17277
MED00272,10,ma_12,-0.17258
MED00273,10,ma_12,-0.1752
MED00274,10,ma_12,-0.29992
MED00275,10,ma_12,0.14296
MED00276,10,ma_12,-0.2364
MED00277,10,ma_12,-0.37345
MED00278,10,ma_12,0.05946
MED00279,10,ma_12,0.14686
MED00280,10,ma_12,-0.35666
MED00281,10,ma_12,0.17657
MED00282,10,ma_12,-0.16926
MED00283,10,ma_12,-0.17603
MED00284,10,ma_12,-0.27465
MED00285,10,ma_12,-0.00747
MED00286,10,ma_12,-0.04281
MED00287,10,ma_12,-0.15827
MED00288,10,ma_12,0.32823
MED00289,10,ma_12,0.04689
MED00290,10,ma_12,-0.21636
MED00291,10,ma_12,-0.10826
MED00292,10,ma_12,-0.26217
MED00293,10,ma_12,0.02722
MED00294,10,ma_12,-0.26044
MED00295,10,ma_12,-0.29527
MED00296,10,ma_12,-0.04281
MED00297,10,ma_12,0.01609
MED00298,10,ma_12,-0.17768
MED00299,10,ma_12,-0.32729
MED00300,10,ma_12,-0.23862
MED00301,10,ma_12,-0.04782
MED00302,10,ma_12,-0.03547
MED00303,10,ma_12,-0.16879
MED00304,10,ma_12,-0.04803
MED00305,10,ma_12,-0.25489
MED00306,10,ma_12,-0.31343
MED00307,10,ma_12,0.27549
MED00308,10,ma_12,-0.29711
MED00309,10,ma_12,-0.17992
MED00310,10,ma_12,-0.17677
MED00311,10,ma_12,-0.06242
MED00312,10,ma_12,-0.28986
MED00313,10,ma_12,-0.2943
MED00314,10,ma_12,-0.00617
MED00315,10,ma_12,0.02466
MED00316,10,ma_12,-0.20425
MED00317,10,ma_12,-0.19757
MED00318,10,ma_12,-0.0503
MED00319,10,ma_12,0.0626
MED00320,10,ma_12,-0.04056
MED00321,10,ma_12,-0.20884
MED00322,10,ma_12,-0.38257
MED00323,10,ma_12,-0.22504
MED00324,10,ma_12,-0.2443
MED00325,10,ma_12,0.01486
MED00326,10,ma_12,0.02637
MED00327,10,ma_12,-0.20548
MED00328,10,ma_12,-0.04616
MED00329,10,ma_12,0.05814
MED00330,10,ma_12,-0.02485
MED00331,10,ma_12,-0.23738
MED00332,10,ma_12,-0.19255
MED00333,10,ma_12,-0.04756
MED00334,10,ma_12,-0.09312
MED00335,10,ma_12,0.00387
MED00336,10,ma_12,0.07297
MED00337,10,ma_12,0.3364
MED00338,10,ma_12,-0.14542
MED00339,10,ma_12,-0.26062
MED00340,10,ma_12,-0.31487
MED00341,10,ma_12,-0.01436
MED00342,10,ma_12,-0.21453
MED00343,10,ma_12,0.08757
MED00344,10,ma_12,-0.04181
MED00345,10,ma_12,-0.38209
MED00346,10,ma_12,-0.19799
MED00347,10,ma_12,-0.37209
MED00348,10,ma_12,-0.2552
MED00349,10,ma_12,-0.20678
MED00350,10,ma_12,-0.24891
MED00351,10,ma_12,-0.30145
MED00352,10,ma_12,-0.30047
MED00353,10,ma_12,-0.3014
MED00354,10,ma_12,-0.2791
MED00355,10,ma_12,0.11967
MED00356,10,ma_12,-0.2521
MED00357,10,ma_12,-0.36083
MED00358,10,ma_12,-0.16303
MED00359,10,ma_12,-0.22073
MED00360,10,ma_12,-0.16509
MED00361,10,ma_12,-0.16942
MED00362,10,ma_12,-0.1779
MED00363,10,ma_12,-0.21931
MED00364,10,ma_12,-0.38908
MED00365,10,ma_12,-0.20107
MED00366,10,ma_12,0.06176
MED00367,10,ma_12,-0.21765
MED00368,10,ma_12,-0.17565
MED00369,10,ma_12,-0.05206
MED00370,10,ma_12,-0.30445
MED00371,10,ma_12,0.08345
MED00372,10,ma_12,-0.37257
MED00373,10,ma_12,-0.27693
MED00374,10,ma_12,-0.21595
MED00375,10,ma_12,0.09586
MED00376,10,ma_12,-0.21608
MED00377,10,ma_12,-0.3126
MED00378,10,ma_12,-0.20672
MED00379,10,ma_12,-0.20502
MED00380,10,ma_12,-0.3037
MED00381,10,ma_12,-0.27385
MED00382,10,ma_12,-0.20379
MED00383,10,ma_12,-0.01028
MED00384,10,ma_12,-0.23291
MED00385,10,ma_12,0.20229
MED00386,10,ma_12,0.14848
MED00387,10,ma_12,0.20658
MED00388,10,ma_12,0.47772
MED00389,10,ma_12,0.05626
MED00390,10,ma_12,0.24394
MED00391,10,ma_12,0.21156
MED00392,10,ma_12,0.21524
MED00393,10,ma_12,0.13541
MED00394,10,ma_12,0.17982
MED00395,10,ma_12,0.19472
MED00396,10,ma_12,0.28479
MED00397,10,ma_12,0.31778
MED00398,10,ma_12,0.53727
MED00399,10,ma_12,0.54027
MED00400,10,ma_12,0.42028
MED00401,10,ma_12,0.17711
MED00402,10,ma_12,0.2241
MED00403,10,ma_12,0.05918
MED00404,10,ma_12,-0.07973
MED00405,10,ma_12,0.01628
MED00406,10,ma_12,0.24622
MED00407,10,ma_12,0.23671
MED00408,10,ma_12,0.12814
MED00409,10,ma_12,0.10198
MED00410,10,ma_12,0.11993
MED00411,10,ma_12,0.21049
MED00412,10,ma_12,0.14462
MED00413,10,ma_12,0.13632
MED00414,10,ma_12,0.22015
MED00415,10,ma_12,0.14768
MED00416,10,ma_12,0.19722
MED00417,10,ma_12,0.01857
MED00418,10,ma_12,0.05093
MED00419,10,ma_12,0.02925
MED00420,10,ma_12,0.24724
MED00421,10,ma_12,0.24612
MED00422,10,ma_12,0.19937
MED00423,10,ma_12,0.08965
MED00424,10,ma_12,0.51279
MED00001,11,ma_12,0.16783
MED00002,11,ma_12,-0.38688
MED00003,11,ma_12,-0.37517
MED00004,11,ma_12,-0.19376
MED00005,11,ma_12,-0.15578
MED00006,11,ma_12,-0.26134
MED00007,11,ma_12,-0.2132
MED00008,11,ma_12,-0.26825
MED00009,11,ma_12,-0.17145
MED00010,11,ma_12,-0.15478
MED00011,11,ma_12,0.18925
MED00012,11,ma_12,-0.24225
MED00013,11,ma_12,-0.09296
MED00014,11,ma_12,0.16152
MED00015,11,ma_12,-0.27183
MED00016,11,ma_12,-0.16921
MED00017,11,ma_12,-0.2415
MED00018,11,ma_12,0.51434
MED00019,11,ma_12,0.32941
MED00020,11,ma_12,0.02064
MED00021,11,ma_12,-0.08393
MED00022,11,ma_12,-0.1794
MED00023,11,ma_12,-0.261
MED00024,11,ma_12,-0.1749
MED00025,11,ma_12,-0.37849
MED00026,11,ma_12,-0.3489
MED00027,11,ma_12,-0.36728
MED00028,11,ma_12,-0.30425
MED00029,11,ma_12,0.12238
MED00030,11,ma_12,0.01588
MED00031,11,ma_12,-0.15665
MED00032,11,ma_12,-0.17119
MED00033,11,ma_12,-0.2882
MED00034,11,ma_12,0.14767
MED00035,11,ma_12,-0.30312
MED00036,11,ma_12,-0.20266
MED00037,11,ma_12,-0.10512
MED00038,11,ma_12,0.19211
MED00039,11,ma_12,-0.2838
MED00040,11,ma_12,-0.29788
MED00041,11,ma_12,-0.29858
MED00042,11,ma_12,-0.17317
MED00043,11,ma_12,-0.29587
MED00044,11,ma_12,-0.26005
MED00045,11,ma_12,-0.28749
MED00046,11,ma_12,-0.20973
MED00047,11,ma_12,0.01664
MED00048,11,ma_12,0.16163
MED00049,11,ma_12,-0.38003
MED00050,11,ma_12,-0.2
MED00051,11,ma_12,-0.38969
MED00052,11,ma_12,-0.30147
MED00053,11,ma_12,0.03936
MED00054,11,ma_12,0.04254
MED00055,11,ma_12,-0.28189
MED00056,11,ma_12,-0.29373
MED00057,11,ma_12,-0.29947
MED00058,11,ma_12,-0.25854
MED00059,11,ma_12,0.07135
MED00060,11,ma_12,-0.01409
MED00061,11,ma_12,-0.29864
MED00062,11,ma_12,0.17576
MED00063,11,ma_12,-0.40189
MED00064,11,ma_12,0.20971
MED00065,11,ma_12,0.31925
MED00066,11,ma_12,-0.29722
MED00067,11,ma_12,-0.20174
MED00068,11,ma_12,-0.08325
MED00069,11,ma_12,-0.24665
MED00070,11,ma_12,0.12939
MED00071,11,ma_12,-0.24147
MED00072,11,ma_12,-0.17659
MED00073,11,ma_12,-0.15812
MED00074,11,ma_12,-0.17262
MED00075,11,ma_12,-0.0541
MED00076,11,ma_12,-0.35038
MED00077,11,ma_12,0.00818
MED00078,11,ma_12,-0.16322
MED00079,11,ma_12,0.12713
MED00080,11,ma_12,-0.05325
MED00081,11,ma_12,-0.30275
MED00082,11,ma_12,-0.2114
MED00083,11,ma_12,-0.02079
MED00084,11,ma_12,0.25839
MED00085,11,ma_12,-0.19779
MED00086,11,ma_12,-0.35126
MED00087,11,ma_12,-0.21584
MED00088,11,ma_12,0.16049
MED00089,11,ma_12,-0.0092
MED00090,11,ma_12,-0.16781
MED00091,11,ma_12,-0.18221
MED00092,11,ma_12,-0.26011
MED00093,11,ma_12,-0.32574
MED00094,11,ma_12,-0.29779
MED00095,11,ma_12,-0.1997
MED00096,11,ma_12,0.10592
MED00097,11,ma_12,-0.2969
MED00098,11,ma_12,0.07449
MED00099,11,ma_12,-0.37003
MED00100,11,ma_12,-0.38635
MED00101,11,ma_12,-0.04542
MED00102,11,ma_12,-0.13308
MED00103,11,ma_12,-0.20188
MED00104,11,ma_12,-0.00967
MED00105,11,ma_12,0.08511
MED00106,11,ma_12,-0.39667
MED00107,11,ma_12,0.02533
MED00108,11,ma_12,-0.19115
MED00109,11,ma_12,-0.30963
MED00110,11,ma_12,-0.30665
MED00111,11,ma_12,-0.27227
MED00112,11,ma_12,-0.16899
MED00113,11,ma_12,-0.2366
MED00114,11,ma_12,0.11247
MED00115,11,ma_12,-0.23747
MED00116,11,ma_12,0.0091
MED00117,11,ma_12,-0.26402
MED00118,11,ma_12,-0.22594
MED00119,11,ma_12,-0.25264
MED00120,11,ma_12,-0.1613
MED00121,11,ma_12,-0.19135
MED00122,11,ma_12,-0.17076
MED00123,11,ma_12,-0.28727
MED00124,11,ma_12,0.03953
MED00125,11,ma_12,-0.30638
MED00126,11,ma_12,-0.2968
MED00127,11,ma_12,-0.21994
MED00128,11,ma_12,-0.24518
MED00129,11,ma_12,-0.26367
MED00130,11,ma_12,-0.3782
MED00131,11,ma_12,-0.23746
MED00132,11,ma_12,-0.29843
MED00133,11,ma_12,-0.28679
MED00134,11,ma_12,-0.29661
MED00135,11,ma_12,-0.00215
MED00136,11,ma_12,-0.2018
MED00137,11,ma_12,-0.23163
MED00138,11,ma_12,-0.2424
MED00139,11,ma_12,-0.24477
MED00140,11,ma_12,-0.22068
MED00141,11,ma_12,0.02657
MED00142,11,ma_12,-0.32307
MED00143,11,ma_12,-0.24196
MED00144,11,ma_12,-0.02233
MED00145,11,ma_12,-0.27875
MED00146,11,ma_12,-0.22402
MED00147,11,ma_12,-0.21511
MED00148,11,ma_12,0.0441
MED00149,11,ma_12,-0.15751
MED00150,11,ma_12,-0.20709
MED00151,11,ma_12,-0.25493
MED00152,11,ma_12,-0.21177
MED00153,11,ma_12,-0.21831
MED00154,11,ma_12,0.08059
MED00155,11,ma_12,-0.22907
MED00156,11,ma_12,-0.16177
MED00157,11,ma_12,-0.01349
MED00158,11,ma_12,-0.321
MED00159,11,ma_12,-0.01803
MED00160,11,ma_12,-0.1726
MED00161,11,ma_12,0.02074
MED00162,11,ma_12,-0.25341
MED00163,11,ma_12,-0.29767
MED00164,11,ma_12,-0.24986
MED00165,11,ma_12,-0.01958
MED00166,11,ma_12,-0.25543
MED00167,11,ma_12,-0.19547
MED00168,11,ma_12,-0.23014
MED00169,11,ma_12,-0.25652
MED00170,11,ma_12,-0.21609
MED00171,11,ma_12,-0.20407
MED00172,11,ma_12,-0.19249
MED00173,11,ma_12,-0.18522
MED00174,11,ma_12,-0.06509
MED00175,11,ma_12,-0.26817
MED00176,11,ma_12,0.10192
MED00177,11,ma_12,-0.37304
MED00178,11,ma_12,-0.18481
MED00179,11,ma_12,-0.29369
MED00180,11,ma_12,-0.26321
MED00181,11,ma_12,-0.18533
MED00182,11,ma_12,-0.36697
MED00183,11,ma_12,0.10017
MED00184,11,ma_12,-0.20914
MED00185,11,ma_12,-0.17713
MED00186,11,ma_12,-0.24393
MED00187,11,ma_12,-0.1873
MED00188,11,ma_12,-0.1626
MED00189,11,ma_12,-0.37279
MED00190,11,ma_12,-0.20602
MED00191,11,ma_12,0.08408
MED00192,11,ma_12,-0.34928
MED00193,11,ma_12,-0.3906
MED00194,11,ma_12,-0.03512
MED00195,11,ma_12,-0.06201
MED00196,11,ma_12,-0.00116
MED00197,11,ma_12,-0.03584
MED00198,11,ma_12,-0.23996
MED00199,11,ma_12,-0.21061
MED00200,11,ma_12,-0.25751
MED00201,11,ma_12,0.02152
MED00202,11,ma_12,-0.25509
MED00203,11,ma_12,-0.17826
MED00204,11,ma_12,-0.2659
MED00205,11,ma_12,0.07738
MED00206,11,ma_12,-0.26011
MED00207,11,ma_12,-0.21289
MED00208,11,ma_12,0.07936
MED00209,11,ma_12,-0.15913
MED00210,11,ma_12,-0.18856
MED00211,11,ma_12,-0.1802
MED00212,11,ma_12,-0.27694
MED00213,11,ma_12,-0.30265
MED00214,11,ma_12,0.11931
MED00215,11,ma_12,-0.21102
MED00216,11,ma_12,-0.39594
MED00217,11,ma_12,-0.35148
MED00218,11,ma_12,-0.07326
MED00219,11,ma_12,0.09878
MED00220,11,ma_12,-0.21086
MED00221,11,ma_12,-0.17226
MED00222,11,ma_12,-0.32705
MED00223,11,ma_12,0.01384
MED00224,11,ma_12,-0.2655
MED00225,11,ma_12,-0.01982
MED00226,11,ma_12,-0.19858
MED00227,11,ma_12,0.17122
MED00228,11,ma_12,-0.20239
MED00229,11,ma_12,-0.29669
MED00230,11,ma_12,-0.01322
MED00231,11,ma_12,-0.25887
MED00232,11,ma_12,-0.24522
MED00233,11,ma_12,-0.28951
MED00234,11,ma_12,-0.21284
MED00235,11,ma_12,0.35947
MED00236,11,ma_12,-0.22129
MED00237,11,ma_12,0.01428
MED00238,11,ma_12,-0.2425
MED00239,11,ma_12,-0.16638
MED00240,11,ma_12,-0.05082
MED00241,11,ma_12,-0.20295
MED00242,11,ma_12,-0.03924
MED00243,11,ma_12,-0.38401
MED00244,11,ma_12,-0.24005
MED00245,11,ma_12,0.44003
MED00246,11,ma_12,0.01573
MED00247,11,ma_12,0.08867
MED00248,11,ma_12,-0.2146
MED00249,11,ma_12,0.21334
MED00250,11,ma_12,0.17914
MED00251,11,ma_12,-0.20149
MED00252,11,ma_12,-0.30165
MED00253,11,ma_12,-0.16427
MED00254,11,ma_12,-0.30092
MED00255,11,ma_12,-0.02388
MED00256,11,ma_12,-0.27173
MED00257,11,ma_12,-0.05421
MED00258,11,ma_12,-0.18006
MED00259,11,ma_12,-0.16972
MED00260,11,ma_12,-0.29899
MED00261,11,ma_12,-0.30515
MED00262,11,ma_12,-0.16766
MED00263,11,ma_12,-0.17314
MED00264,11,ma_12,-0.30814
MED00265,11,ma_12,0.0217
MED00266,11,ma_12,-0.02381
MED00267,11,ma_12,-0.17131
MED00268,11,ma_12,-0.20608
MED00269,11,ma_12,-0.2438
MED00270,11,ma_12,-0.16631
MED00271,11,ma_12,-0.17031
MED00272,11,ma_12,-0.17136
MED00273,11,ma_12,-0.17419
MED00274,11,ma_12,-0.29757
MED00275,11,ma_12,0.14262
MED00276,11,ma_12,-0.23512
MED00277,11,ma_12,-0.37279
MED00278,11,ma_12,0.05555
MED00279,11,ma_12,0.14672
MED00280,11,ma_12,-0.35074
MED00281,11,ma_12,0.17629
MED00282,11,ma_12,-0.168
MED00283,11,ma_12,-0.17563
MED00284,11,ma_12,-0.27278
MED00285,11,ma_12,-0.01795
MED00286,11,ma_12,-0.04283
MED00287,11,ma_12,-0.15739
MED00288,11,ma_12,0.32554
MED00289,11,ma_12,0.04701
MED00290,11,ma_12,-0.21571
MED00291,11,ma_12,-0.1019
MED00292,11,ma_12,-0.26082
MED00293,11,ma_12,0.02841
MED00294,11,ma_12,-0.25851
MED00295,11,ma_12,-0.29755
MED00296,11,ma_12,-0.04328
MED00297,11,ma_12,0.01574
MED00298,11,ma_12,-0.17728
MED00299,11,ma_12,-0.32424
MED00300,11,ma_12,-0.23782
MED00301,11,ma_12,-0.04822
MED00302,11,ma_12,-0.03444
MED00303,11,ma_12,-0.1646
MED00304,11,ma_12,-0.0479
MED00305,11,ma_12,-0.25382
MED00306,11,ma_12,-0.31093
MED00307,11,ma_12,0.27371
MED00308,11,ma_12,-0.29378
MED00309,11,ma_12,-0.17888
MED00310,11,ma_12,-0.17587
MED00311,11,ma_12,-0.05979
MED00312,11,ma_12,-0.28665
MED00313,11,ma_12,-0.28622
MED00314,11,ma_12,-0.00501
MED00315,11,ma_12,0.02431
MED00316,11,ma_12,-0.20309
MED00317,11,ma_12,-0.1972
MED00318,11,ma_12,-0.05013
MED00319,11,ma_12,0.0613
MED00320,11,ma_12,-0.04034
MED00321,11,ma_12,-0.20502
MED00322,11,ma_12,-0.37954
MED00323,11,ma_12,-0.22267
MED00324,11,ma_12,-0.23941
MED00325,11,ma_12,0.01454
MED00326,11,ma_12,0.02487
MED00327,11,ma_12,-0.1985
MED00328,11,ma_12,-0.04688
MED00329,11,ma_12,0.05673
MED00330,11,ma_12,-0.02525
MED00331,11,ma_12,-0.23575
MED00332,11,ma_12,-0.18665
MED00333,11,ma_12,-0.04795
MED00334,11,ma_12,-0.08842
MED00335,11,ma_12,0.00493
MED00336,11,ma_12,0.07362
MED00337,11,ma_12,0.33121
MED00338,11,ma_12,-0.14449
MED00339,11,ma_12,-0.25888
MED00340,11,ma_12,-0.3127
MED00341,11,ma_12,-0.01542
MED00342,11,ma_12,-0.21337
MED00343,11,ma_12,0.0873
MED00344,11,ma_12,-0.03852
MED00345,11,ma_12,-0.38005
MED00346,11,ma_12,-0.19648
MED00347,11,ma_12,-0.36681
MED00348,11,ma_12,-0.25406
MED00349,11,ma_12,-0.20577
MED00350,11,ma_12,-0.24479
MED00351,11,ma_12,-0.29791
MED00352,11,ma_12,-0.29658
MED00353,11,ma_12,-0.29821
MED00354,11,ma_12,-0.27479
MED00355,11,ma_12,0.12092
MED00356,11,ma_12,-0.25041
MED00357,11,ma_12,-0.35548
MED00358,11,ma_12,-0.16217
MED00359,11,ma_12,-0.21933
MED00360,11,ma_12,-0.16092
MED00361,11,ma_12,-0.16887
MED00362,11,ma_12,-0.17715
MED00363,11,ma_12,-0.2174
MED00364,11,ma_12,-0.3888
MED00365,11,ma_12,-0.20009
MED00366,11,ma_12,0.0585
MED00367,11,ma_12,-0.21565
MED00368,11,ma_12,-0.17487
MED00369,11,ma_12,-0.05186
MED00370,11,ma_12,-0.3007
MED00371,11,ma_12,0.07962
MED00372,11,ma_12,-0.37152
MED00373,11,ma_12,-0.27308
MED00374,11,ma_12,-0.21347
MED00375,11,ma_12,0.09506
MED00376,11,ma_12,-0.21354
MED00377,11,ma_12,-0.31052
MED00378,11,ma_12,-0.20629
MED00379,11,ma_12,-0.20352
MED00380,11,ma_12,-0.30013
MED00381,11,ma_12,-0.26849
MED00382,11,ma_12,-0.20225
MED00383,11,ma_12,-0.01487
MED00384,11,ma_12,-0.23112
MED00385,11,ma_12,0.20135
MED00386,11,ma_12,0.14811
MED00387,11,ma_12,0.20499
MED00388,11,ma_12,0.47826
MED00389,11,ma_12,0.05626
MED00390,11,ma_12,0.24269
MED00391,11,ma_12,0.21024
MED00392,11,ma_12,0.21402
MED00393,11,ma_12,0.13512
MED00394,11,ma_12,0.17933
MED00395,11,ma_12,0.19344
MED00396,11,ma_12,0.2789
MED00397,11,ma_12,0.31463
MED00398,11,ma_12,0.53604
MED00399,11,ma_12,0.53926
MED00400,11,ma_12,0.41851
MED00401,11,ma_12,0.17563
MED00402,11,ma_12,0.22262
MED00403,11,ma_12,0.05664
MED00404,11,ma_12,-0.08484
MED00405,11,ma_12,0.01619
MED00406,11,ma_12,0.24466
MED00407,11,ma_12,0.2354
MED00408,11,ma_12,0.12762
MED00409,11,ma_12,0.09825
MED00410,11,ma_12,0.10999
MED00411,11,ma_12,0.20911
MED00412,11,ma_12,0.14405
MED00413,11,ma_12,0.13558
MED00414,11,ma_12,0.21889
MED00415,11,ma_12,0.1472
MED00416,11,ma_12,0.19576
MED00417,11,ma_12,0.019
MED00418,11,ma_12,0.05143
MED00419,11,ma_12,0.02989
MED00420,11,ma_12,0.24628
MED00421,11,ma_12,0.24507
MED00422,11,ma_12,0.19782
MED00423,11,ma_12,0.08942
MED00424,11,ma_12,0.51119
MED00001,12,ma_12,0.17042
MED00002,12,ma_12,-0.38828
MED00003,12,ma_12,-0.37721
MED00004,12,ma_12,-0.19781
MED00005,12,ma_12,-0.17121
MED00006,12,ma_12,-0.26211
MED00007,12,ma_12,-0.21745
MED00008,12,ma_12,-0.27049
MED00009,12,ma_12,-0.17565
MED00010,12,ma_12,-0.15096
MED00011,12,ma_12,0.19533
MED00012,12,ma_12,-0.24509
MED00013,12,ma_12,-0.09972
MED00014,12,ma_12,0.16559
MED00015,12,ma_12,-0.27462
MED00016,12,ma_12,-0.17223
MED00017,12,ma_12,-0.24489
MED00018,12,ma_12,0.51399
MED00019,12,ma_12,0.329
MED00020,12,ma_12,0.02059
MED00021,12,ma_12,-0.08446
MED00022,12,ma_12,-0.18228
MED00023,12,ma_12,-0.26113
MED00024,12,ma_12,-0.17836
MED00025,12,ma_12,-0.38131
MED00026,12,ma_12,-0.34992
MED00027,12,ma_12,-0.36973
MED00028,12,ma_12,-0.30674
MED00029,12,ma_12,0.12382
MED00030,12,ma_12,0.01617
MED00031,12,ma_12,-0.16123
MED00032,12,ma_12,-0.17462
MED00033,12,ma_12,-0.28571
MED00034,12,ma_12,0.14791
MED00035,12,ma_12,-0.30525
MED00036,12,ma_12,-0.20757
MED00037,12,ma_12,-0.10829
MED00038,12,ma_12,0.19551
MED00039,12,ma_12,-0.28146
MED00040,12,ma_12,-0.29994
MED00041,12,ma_12,-0.29844
MED00042,12,ma_12,-0.1752
MED00043,12,ma_12,-0.30056
MED00044,12,ma_12,-0.26199
MED00045,12,ma_12,-0.28827
MED00046,12,ma_12,-0.21205
MED00047,12,ma_12,0.01493
MED00048,12,ma_12,0.16778
MED00049,12,ma_12,-0.38234
MED00050,12,ma_12,-0.20439
MED00051,12,ma_12,-0.39188
MED00052,12,ma_12,-0.30597
MED00053,12,ma_12,0.03779
MED00054,12,ma_12,0.04505
MED00055,12,ma_12,-0.27763
MED00056,12,ma_12,-0.29344
MED00057,12,ma_12,-0.30157
MED00058,12,ma_12,-0.25964
MED00059,12,ma_12,0.07104
MED00060,12,ma_12,-0.01498
MED00061,12,ma_12,-0.30428
MED00062,12,ma_12,0.18163
MED00063,12,ma_12,-0.40418
MED00064,12,ma_12,0.2088
MED00065,12,ma_12,0.32762
MED00066,12,ma_12,-0.29967
MED00067,12,ma_12,-0.20543
MED00068,12,ma_12,-0.08534
MED00069,12,ma_12,-0.24845
MED00070,12,ma_12,0.13238
MED00071,12,ma_12,-0.24393
MED00072,12,ma_12,-0.17946
MED00073,12,ma_12,-0.16117
MED00074,12,ma_12,-0.17515
MED00075,12,ma_12,-0.05761
MED00076,12,ma_12,-0.35235
MED00077,12,ma_12,0.0061
MED00078,12,ma_12,-0.16776
MED00079,12,ma_12,0.13622
MED00080,12,ma_12,-0.05484
MED00081,12,ma_12,-0.3063
MED00082,12,ma_12,-0.21204
MED00083,12,ma_12,-0.02278
MED00084,12,ma_12,0.26111
MED00085,12,ma_12,-0.20164
MED00086,12,ma_12,-0.35072
MED00087,12,ma_12,-0.21833
MED00088,12,ma_12,0.16141
MED00089,12,ma_12,-0.0102
MED00090,12,ma_12,-0.17139
MED00091,12,ma_12,-0.18526
MED00092,12,ma_12,-0.2618
MED00093,12,ma_12,-0.32587
MED00094,12,ma_12,-0.29878
MED00095,12,ma_12,-0.20279
MED00096,12,ma_12,0.10921
MED00097,12,ma_12,-0.29866
MED00098,12,ma_12,0.07523
MED00099,12,ma_12,-0.3671
MED00100,12,ma_12,-0.38986
MED00101,12,ma_12,-0.05241
MED00102,12,ma_12,-0.12516
MED00103,12,ma_12,-0.20462
MED00104,12,ma_12,-0.0108
MED00105,12,ma_12,0.08738
MED00106,12,ma_12,-0.40089
MED00107,12,ma_12,0.02137
MED00108,12,ma_12,-0.19796
MED00109,12,ma_12,-0.30605
MED00110,12,ma_12,-0.30377
MED00111,12,ma_12,-0.27515
MED00112,12,ma_12,-0.17261
MED00113,12,ma_12,-0.23993
MED00114,12,ma_12,0.11874
MED00115,12,ma_12,-0.23937
MED00116,12,ma_12,0.00612
MED00117,12,ma_12,-0.26508
MED00118,12,ma_12,-0.22885
MED00119,12,ma_12,-0.25498
MED00120,12,ma_12,-0.16094
MED00121,12,ma_12,-0.19778
MED00122,12,ma_12,-0.17417
MED00123,12,ma_12,-0.29191
MED00124,12,ma_12,0.03863
MED00125,12,ma_12,-0.30975
MED00126,12,ma_12,-0.29501
MED00127,12,ma_12,-0.22333
MED00128,12,ma_12,-0.24881
MED00129,12,ma_12,-0.26496
MED00130,12,ma_12,-0.38122
MED00131,12,ma_12,-0.24126
MED00132,12,ma_12,-0.29882
MED00133,12,ma_12,-0.28516
MED00134,12,ma_12,-0.29478
MED00135,12,ma_12,-0.00676
MED00136,12,ma_12,-0.20458
MED00137,12,ma_12,-0.23329
MED00138,12,ma_12,-0.2454
MED00139,12,ma_12,-0.24775
MED00140,12,ma_12,-0.22405
MED00141,12,ma_12,0.02661
MED00142,12,ma_12,-0.32015
MED00143,12,ma_12,-0.24502
MED00144,12,ma_12,-0.02213
MED00145,12,ma_12,-0.28056
MED00146,12,ma_12,-0.2287
MED00147,12,ma_12,-0.21794
MED00148,12,ma_12,0.04318
MED00149,12,ma_12,-0.161
MED00150,12,ma_12,-0.20969
MED00151,12,ma_12,-0.2568
MED00152,12,ma_12,-0.21492
MED00153,12,ma_12,-0.2206
MED00154,12,ma_12,0.07858
MED00155,12,ma_12,-0.23295
MED00156,12,ma_12,-0.16569
MED00157,12,ma_12,-0.0208
MED00158,12,ma_12,-0.322
MED00159,12,ma_12,-0.01957
MED00160,12,ma_12,-0.17619
MED00161,12,ma_12,0.02033
MED00162,12,ma_12,-0.25428
MED00163,12,ma_12,-0.30139
MED00164,12,ma_12,-0.2505
MED00165,12,ma_12,-0.01434
MED00166,12,ma_12,-0.25636
MED00167,12,ma_12,-0.19933
MED00168,12,ma_12,-0.23314
MED00169,12,ma_12,-0.25896
MED00170,12,ma_12,-0.21867
MED00171,12,ma_12,-0.20773
MED00172,12,ma_12,-0.1959
MED00173,12,ma_12,-0.18775
MED00174,12,ma_12,-0.0574
MED00175,12,ma_12,-0.26709
MED00176,12,ma_12,0.11188
MED00177,12,ma_12,-0.37954
MED00178,12,ma_12,-0.18503
MED00179,12,ma_12,-0.29584
MED00180,12,ma_12,-0.26566
MED00181,12,ma_12,-0.18819
MED00182,12,ma_12,-0.36963
MED00183,12,ma_12,0.10841
MED00184,12,ma_12,-0.21039
MED00185,12,ma_12,-0.18078
MED00186,12,ma_12,-0.2457
MED00187,12,ma_12,-0.18836
MED00188,12,ma_12,-0.16545
MED00189,12,ma_12,-0.37461
MED00190,12,ma_12,-0.20871
MED00191,12,ma_12,0.08519
MED00192,12,ma_12,-0.35112
MED00193,12,ma_12,-0.39288
MED00194,12,ma_12,-0.03357
MED00195,12,ma_12,-0.06042
MED00196,12,ma_12,0.00046
MED00197,12,ma_12,-0.03483
MED00198,12,ma_12,-0.2437
MED00199,12,ma_12,-0.2133
MED00200,12,ma_12,-0.25848
MED00201,12,ma_12,0.0202
MED00202,12,ma_12,-0.25761
MED00203,12,ma_12,-0.18124
MED00204,12,ma_12,-0.26701
MED00205,12,ma_12,0.0791
MED00206,12,ma_12,-0.26193
MED00207,12,ma_12,-0.21665
MED00208,12,ma_12,0.08147
MED00209,12,ma_12,-0.17731
MED00210,12,ma_12,-0.20383
MED00211,12,ma_12,-0.18195
MED00212,12,ma_12,-0.28013
MED00213,12,ma_12,-0.2994
MED00214,12,ma_12,0.12233
MED00215,12,ma_12,-0.21322
MED00216,12,ma_12,-0.39975
MED00217,12,ma_12,-0.35502
MED00218,12,ma_12,-0.07908
MED00219,12,ma_12,0.09883
MED00220,12,ma_12,-0.2141
MED00221,12,ma_12,-0.17291
MED00222,12,ma_12,-0.32383
MED00223,12,ma_12,0.01581
MED00224,12,ma_12,-0.26647
MED00225,12,ma_12,-0.02167
MED00226,12,ma_12,-0.20161
MED00227,12,ma_12,0.17262
MED00228,12,ma_12,-0.20578
MED00229,12,ma_12,-0.29967
MED00230,12,ma_12,-0.01691
MED00231,12,ma_12,-0.26109
MED00232,12,ma_12,-0.24851
MED00233,12,ma_12,-0.29371
MED00234,12,ma_12,-0.21674
MED00235,12,ma_12,0.35228
MED00236,12,ma_12,-0.22361
MED00237,12,ma_12,0.01426
MED00238,12,ma_12,-0.24651
MED00239,12,ma_12,-0.16952
MED00240,12,ma_12,-0.05246
MED00241,12,ma_12,-0.20521
MED00242,12,ma_12,-0.03577
MED00243,12,ma_12,-0.3854
MED00244,12,ma_12,-0.24215
MED00245,12,ma_12,0.43799
MED00246,12,ma_12,0.01465
MED00247,12,ma_12,0.0905
MED00248,12,ma_12,-0.2194
MED00249,12,ma_12,0.21571
MED00250,12,ma_12,0.18621
MED00251,12,ma_12,-0.20513
MED00252,12,ma_12,-0.29975
MED00253,12,ma_12,-0.166
MED00254,12,ma_12,-0.29895
MED00255,12,ma_12,-0.02531
MED00256,12,ma_12,-0.273
MED00257,12,ma_12,-0.05571
MED00258,12,ma_12,-0.18177
MED00259,12,ma_12,-0.17298
MED00260,12,ma_12,-0.29902
MED00261,12,ma_12,-0.30465
MED00262,12,ma_12,-0.17012
MED00263,12,ma_12,-0.17576
MED00264,12,ma_12,-0.30476
MED00265,12,ma_12,0.02049
MED00266,12,ma_12,-0.02454
MED00267,12,ma_12,-0.17447
MED00268,12,ma_12,-0.20954
MED00269,12,ma_12,-0.24671
MED00270,12,ma_12,-0.16868
MED00271,12,ma_12,-0.17303
MED00272,12,ma_12,-0.17548
MED00273,12,ma_12,-0.17842
MED00274,12,ma_12,-0.30195
MED00275,12,ma_12,0.14279
MED00276,12,ma_12,-0.23838
MED00277,12,ma_12,-0.37485
MED00278,12,ma_12,0.05761
MED00279,12,ma_12,0.14807
MED00280,12,ma_12,-0.35278
MED00281,12,ma_12,0.17907
MED00282,12,ma_12,-0.17212
MED00283,12,ma_12,-0.17896
MED00284,12,ma_12,-0.27456
MED00285,12,ma_12,-0.01988
MED00286,12,ma_12,-0.04118
MED00287,12,ma_12,-0.16048
MED00288,12,ma_12,0.32738
MED00289,12,ma_12,0.04607
MED00290,12,ma_12,-0.21961
MED00291,12,ma_12,-0.11461
MED00292,12,ma_12,-0.26403
MED00293,12,ma_12,0.02795
MED00294,12,ma_12,-0.25808
MED00295,12,ma_12,-0.30166
MED00296,12,ma_12,-0.04369
MED00297,12,ma_12,0.01394
MED00298,12,ma_12,-0.1805
MED00299,12,ma_12,-0.32788
MED00300,12,ma_12,-0.24179
MED00301,12,ma_12,-0.04924
MED00302,12,ma_12,-0.03268
MED00303,12,ma_12,-0.16677
MED00304,12,ma_12,-0.04798
MED00305,12,ma_12,-0.25536
MED00306,12,ma_12,-0.31419
MED00307,12,ma_12,0.275
MED00308,12,ma_12,-0.29532
MED00309,12,ma_12,-0.18018
MED00310,12,ma_12,-0.17959
MED00311,12,ma_12,-0.06036
MED00312,12,ma_12,-0.28723
MED00313,12,ma_12,-0.28265
MED00314,12,ma_12,-0.00214
MED00315,12,ma_12,0.0226
MED00316,12,ma_12,-0.20649
MED00317,12,ma_12,-0.19921
MED00318,12,ma_12,-0.05169
MED00319,12,ma_12,0.06104
MED00320,12,ma_12,-0.04083
MED00321,12,ma_12,-0.20739
MED00322,12,ma_12,-0.38154
MED00323,12,ma_12,-0.22913
MED00324,12,ma_12,-0.24309
MED00325,12,ma_12,0.01287
MED00326,12,ma_12,0.0232
MED00327,12,ma_12,-0.20173
MED00328,12,ma_12,-0.0485
MED00329,12,ma_12,0.05544
MED00330,12,ma_12,-0.02556
MED00331,12,ma_12,-0.23889
MED00332,12,ma_12,-0.19041
MED00333,12,ma_12,-0.05
MED00334,12,ma_12,-0.07826
MED00335,12,ma_12,0.00301
MED00336,12,ma_12,0.07427
MED00337,12,ma_12,0.33455
MED00338,12,ma_12,-0.14636
MED00339,12,ma_12,-0.2599
MED00340,12,ma_12,-0.30813
MED00341,12,ma_12,-0.01674
MED00342,12,ma_12,-0.21552
MED00343,12,ma_12,0.08906
MED00344,12,ma_12,-0.03884
MED00345,12,ma_12,-0.38351
MED00346,12,ma_12,-0.20164
MED00347,12,ma_12,-0.36593
MED00348,12,ma_12,-0.25737
MED00349,12,ma_12,-0.20977
MED00350,12,ma_12,-0.2428
MED00351,12,ma_12,-0.29549
MED00352,12,ma_12,-0.29735
MED00353,12,ma_12,-0.29812
MED00354,12,ma_12,-0.27204
MED00355,12,ma_12,0.12286
MED00356,12,ma_12,-0.25251
MED00357,12,ma_12,-0.3579
MED00358,12,ma_12,-0.16577
MED00359,12,ma_12,-0.22199
MED00360,12,ma_12,-0.16362
MED00361,12,ma_12,-0.17201
MED00362,12,ma_12,-0.17976
MED00363,12,ma_12,-0.22076
MED00364,12,ma_12,-0.39123
MED00365,12,ma_12,-0.20369
MED00366,12,ma_12,0.05688
MED00367,12,ma_12,-0.2183
MED00368,12,ma_12,-0.17781
MED00369,12,ma_12,-0.05352
MED00370,12,ma_12,-0.30095
MED00371,12,ma_12,0.08348
MED00372,12,ma_12,-0.37501
MED00373,12,ma_12,-0.27449
MED00374,12,ma_12,-0.21638
MED00375,12,ma_12,0.10203
MED00376,12,ma_12,-0.21582
MED00377,12,ma_12,-0.30906
MED00378,12,ma_12,-0.2112
MED00379,12,ma_12,-0.19897
MED00380,12,ma_12,-0.29804
MED00381,12,ma_12,-0.26708
MED00382,12,ma_12,-0.20608
MED00383,12,ma_12,-0.0226
MED00384,12,ma_12,-0.23481
MED00385,12,ma_12,0.20654
MED00386,12,ma_12,0.14958
MED00387,12,ma_12,0.21008
MED00388,12,ma_12,0.48694
MED00389,12,ma_12,0.0552
MED00390,12,ma_12,0.24661
MED00391,12,ma_12,0.21808
MED00392,12,ma_12,0.21976
MED00393,12,ma_12,0.13511
MED00394,12,ma_12,0.18481
MED00395,12,ma_12,0.20115
MED00396,12,ma_12,0.28138
MED00397,12,ma_12,0.30718
MED00398,12,ma_12,0.53401
MED00399,12,ma_12,0.53837
MED00400,12,ma_12,0.41337
MED00401,12,ma_12,0.19122
MED00402,12,ma_12,0.23224
MED00403,12,ma_12,0.05625
MED00404,12,ma_12,-0.08825
MED00405,12,ma_12,0.01431
MED00406,12,ma_12,0.24935
MED00407,12,ma_12,0.24287
MED00408,12,ma_12,0.12936
MED00409,12,ma_12,0.0994
MED00410,12,ma_12,0.11326
MED00411,12,ma_12,0.21523
MED00412,12,ma_12,0.14468
MED00413,12,ma_12,0.13534
MED00414,12,ma_12,0.22524
MED00415,12,ma_12,0.1475
MED00416,12,ma_12,0.202
MED00417,12,ma_12,0.01798
MED00418,12,ma_12,0.04984
MED00419,12,ma_12,0.02874
MED00420,12,ma_12,0.25056
MED00421,12,ma_12,0.24858
MED00422,12,ma_12,0.20371
MED00423,12,ma_12,0.08836
MED00424,12,ma_12,0.51149
MED00001,1,hist_mean,0.32376
MED00002,1,hist_mean,-2.5052
MED00003,1,hist_mean,-2.02956
MED00004,1,hist_mean,-1.41957
MED00005,1,hist_mean,-0.50194
MED00006,1,hist_mean,-1.27004
MED00007,1,hist_mean,-0.60424
MED00008,1,hist_mean,-1.59503
MED00009,1,hist_mean,-0.59399
MED00010,1,hist_mean,-0.4635
MED00011,1,hist_mean,0.70416
MED00012,1,hist_mean,-0.87195
MED00013,1,hist_mean,-0.36659
MED00014,1,hist_mean,0.50009
MED00015,1,hist_mean,-1.93519
MED00016,1,hist_mean,-0.9592
MED00017,1,hist_mean,-0.97069
MED00018,1,hist_mean,1.51626
MED00019,1,hist_mean,1.20977
MED00020,1,hist_mean,0.17904
MED00021,1,hist_mean,-0.42597
MED00022,1,hist_mean,-0.86615
MED00023,1,hist_mean,-1.37118
MED00024,1,hist_mean,-0.58326
MED00025,1,hist_mean,-2.29982
MED00026,1,hist_mean,-1.94481
MED00027,1,hist_mean,-2.08632
MED00028,1,hist_mean,-1.82773
MED00029,1,hist_mean,0.41769
MED00030,1,hist_mean,-0.41088
MED00031,1,hist_mean,-0.56174
MED00032,1,hist_mean,-0.84815
MED00033,1,hist_mean,-1.10628
MED00034,1,hist_mean,0.54915
MED00035,1,hist_mean,-1.9191
MED00036,1,hist_mean,-0.86704
MED00037,1,hist_mean,-0.41003
MED00038,1,hist_mean,0.45517
MED00039,1,hist_mean,-1.19935
MED00040,1,hist_mean,-1.71717
MED00041,1,hist_mean,-2.03749
MED00042,1,hist_mean,-0.50895
MED00043,1,hist_mean,-1.96284
MED00044,1,hist_mean,-0.93084
MED00045,1,hist_mean,-1.17116
MED00046,1,hist_mean,-0.88041
MED00047,1,hist_mean,-0.11095
MED00048,1,hist_mean,0.41479
MED00049,1,hist_mean,-2.32305
MED00050,1,hist_mean,-0.56985
MED00051,1,hist_mean,-2.49924
MED00052,1,hist_mean,-1.86653
MED00053,1,hist_mean,0.04003
MED00054,1,hist_mean,0.05616
MED00055,1,hist_mean,-1.37768
MED00056,1,hist_mean,-1.70602
MED00057,1,hist_mean,-1.88107
MED00058,1,hist_mean,-1.25511
MED00059,1,hist_mean,0.14855
MED00060,1,hist_mean,-0.12873
MED00061,1,hist_mean,-1.53486
MED00062,1,hist_mean,0.39735
MED00063,1,hist_mean,-2.45723
MED00064,1,hist_mean,0.76636
MED00065,1,hist_mean,1.4417
MED00066,1,hist_mean,-1.97907
MED00067,1,hist_mean,-0.92158
MED00068,1,hist_mean,-0.58366
MED00069,1,hist_mean,-1.08499
MED00070,1,hist_mean,0.39056
MED00071,1,hist_mean,-0.88359
MED00072,1,hist_mean,-0.86471
MED00073,1,hist_mean,-0.5434
MED00074,1,hist_mean,-0.58765
MED00075,1,hist_mean,-0.82785
MED00076,1,hist_mean,-2.3499
MED00077,1,hist_mean,-0.43854
MED00078,1,hist_mean,-0.53996
MED00079,1,hist_mean,0.72735
MED00080,1,hist_mean,-0.57019
MED00081,1,hist_mean,-2.01906
MED00082,1,hist_mean,-0.53646
MED00083,1,hist_mean,-0.50949
MED00084,1,hist_mean,1.15869
MED00085,1,hist_mean,-0.96002
MED00086,1,hist_mean,-1.98137
MED00087,1,hist_mean,-1.09751
MED00088,1,hist_mean,0.77616
MED00089,1,hist_mean,0.46588
MED00090,1,hist_mean,-0.46454
MED00091,1,hist_mean,-0.8307
MED00092,1,hist_mean,-1.12198
MED00093,1,hist_mean,-2.10027
MED00094,1,hist_mean,-1.54584
MED00095,1,hist_mean,-0.56105
MED00096,1,hist_mean,0.32225
MED00097,1,hist_mean,-1.86886
MED00098,1,hist_mean,0.16886
MED00099,1,hist_mean,-2.01107
MED00100,1,hist_mean,-2.44737
MED00101,1,hist_mean,-0.33282
MED00102,1,hist_mean,-0.47912
MED00103,1,hist_mean,-0.5703
MED00104,1,hist_mean,0.17603
MED00105,1,hist_mean,0.37642
MED00106,1,hist_mean,-2.41003
MED00107,1,hist_mean,0.19678
MED00108,1,hist_mean,-0.59917
MED00109,1,hist_mean,-1.74468
MED00110,1,hist_mean,-1.77901
MED00111,1,hist_mean,-1.57857
MED00112,1,hist_mean,-0.64863
MED00113,1,hist_mean,-1.04334
MED00114,1,hist_mean,0.26685
MED00115,1,hist_mean,-0.89686
MED00116,1,hist_mean,0.06342
MED00117,1,hist_mean,-1.0907
MED00118,1,hist_mean,-1.20883
MED00119,1,hist_mean,-0.95822
MED00120,1,hist_mean,0.18244
MED00121,1,hist_mean,-0.41899
MED00122,1,hist_mean,-0.90683
MED00123,1,hist_mean,-1.43647
MED00124,1,hist_mean,0.17511
MED00125,1,hist_mean,-2.31705
MED00126,1,hist_mean,-1.42615
MED00127,1,hist_mean,-0.93603
MED00128,1,hist_mean,-0.86608
MED00129,1,hist_mean,-1.11807
MED00130,1,hist_mean,-2.3107
MED00131,1,hist_mean,-0.8971
MED00132,1,hist_mean,-1.96659
MED00133,1,hist_mean,-1.98314
MED00134,1,hist_mean,-1.71508
MED00135,1,hist_mean,0.25919
MED00136,1,hist_mean,-0.8719
MED00137,1,hist_mean,-0.86741
MED00138,1,hist_mean,-0.88339
MED00139,1,hist_mean,-0.50238
MED00140,1,hist_mean,-1.08632
MED00141,1,hist_mean,-0.22736
MED00142,1,hist_mean,-1.91519
MED00143,1,hist_mean,-1.10294
MED00144,1,hist_mean,-0.01322
MED00145,1,hist_mean,-1.52399
MED00146,1,hist_mean,-1.07516
MED00147,1,hist_mean,-1.15458
MED00148,1,hist_mean,-0.13639
MED00149,1,hist_mean,-0.37806
MED00150,1,hist_mean,-1.08977
MED00151,1,hist_mean,-0.86861
MED00152,1,hist_mean,-0.86772
MED00153,1,hist_mean,-0.86504
MED00154,1,hist_mean,0.34963
MED00155,1,hist_mean,-0.89575
MED00156,1,hist_mean,-0.88618
MED00157,1,hist_mean,-0.20911
MED00158,1,hist_mean,-2.12587
MED00159,1,hist_mean,0.17181
MED00160,1,hist_mean,-0.32775
MED00161,1,hist_mean,-0.01451
MED00162,1,hist_mean,-0.88301
MED00163,1,hist_mean,-2.02619
MED00164,1,hist_mean,-0.9266
MED00165,1,hist_mean,0.21738
MED00166,1,hist_mean,-0.87645
MED00167,1,hist_mean,-1.15084
MED00168,1,hist_mean,-1.02264
MED00169,1,hist_mean,-1.01433
MED00170,1,hist_mean,-1.05732
MED00171,1,hist_mean,-0.86637
MED00172,1,hist_mean,-0.95921
MED00173,1,hist_mean,-0.88597
MED00174,1,hist_mean,-0.12104
MED00175,1,hist_mean,-1.17444
MED00176,1,hist_mean,0.40876
MED00177,1,hist_mean,-2.00315
MED00178,1,hist_mean,-0.89409
MED00179,1,hist_mean,-1.77924
MED00180,1,hist_mean,-0.91253
MED00181,1,hist_mean,-0.57307
MED00182,1,hist_mean,-1.91896
MED00183,1,hist_mean,0.69809
MED00184,1,hist_mean,0.10223
MED00185,1,hist_mean,-1.07678
MED00186,1,hist_mean,-1.03286
MED00187,1,hist_mean,-0.84881
MED00188,1,hist_mean,-0.45241
MED00189,1,hist_mean,-2.3558
MED00190,1,hist_mean,-0.9232
MED00191,1,hist_mean,0.36208
MED00192,1,hist_mean,-2.39811
MED00193,1,hist_mean,-2.42804
MED00194,1,hist_mean,0.07704
MED00195,1,hist_mean,-0.0495
MED00196,1,hist_mean,0.06456
MED00197,1,hist_mean,0.07483
MED00198,1,hist_mean,-1.11479
MED00199,1,hist_mean,-1.11414
MED00200,1,hist_mean,-1.06841
MED00201,1,hist_mean,0.19761
MED00202,1,hist_mean,-1.06653
MED00203,1,hist_mean,-0.85587
MED00204,1,hist_mean,-0.87193
MED00205,1,hist_mean,0.41531
MED00206,1,hist_mean,-1.31319
MED00207,1,hist_mean,-0.93996
MED00208,1,hist_mean,0.37645
MED00209,1,hist_mean,-0.82432
MED00210,1,hist_mean,-1.21268
MED00211,1,hist_mean,-0.86563
MED00212,1,hist_mean,-0.91979
MED00213,1,hist_mean,-1.00589
MED00214,1,hist_mean,0.28655
MED00215,1,hist_mean,-0.8691
MED00216,1,hist_mean,-2.52886
MED00217,1,hist_mean,-2.32084
MED00218,1,hist_mean,-0.24243
MED00219,1,hist_mean,0.27252
MED00220,1,hist_mean,-0.90802
MED00221,1,hist_mean,-0.51088
MED00222,1,hist_mean,-1.87259
MED00223,1,hist_mean,0.14794
MED00224,1,hist_mean,-1.09988
MED00225,1,hist_mean,-0.36891
MED00226,1,hist_mean,-0.91013
MED00227,1,hist_mean,0.37212
MED00228,1,hist_mean,-1.12149
MED00229,1,hist_mean,-1.57633
MED00230,1,hist_mean,0.35187
MED00231,1,hist_mean,-1.27756
MED00232,1,hist_mean,-0.51387
MED00233,1,hist_mean,-1.97115
MED00234,1,hist_mean,-1.08812
MED00235,1,hist_mean,1.53386
MED00236,1,hist_mean,-0.89507
MED00237,1,hist_mean,-0.27601
MED00238,1,hist_mean,-0.98706
MED00239,1,hist_mean,-0.44318
MED00240,1,hist_mean,-0.34715
MED00241,1,hist_mean,-0.74807
MED00242,1,hist_mean,0.22835
MED00243,1,hist_mean,-2.46809
MED00244,1,hist_mean,-0.88664
MED00245,1,hist_mean,1.53091
MED00246,1,hist_mean,-0.10237
MED00247,1,hist_mean,0.37508
MED00248,1,hist_mean,-0.88805
MED00249,1,hist_mean,0.73686
MED00250,1,hist_mean,0.38366
MED00251,1,hist_mean,-1.08156
MED00252,1,hist_mean,-1.94877
MED00253,1,hist_mean,-0.4333
MED00254,1,hist_mean,-1.95478
MED00255,1,hist_mean,-0.0995
MED00256,1,hist_mean,-0.93119
MED00257,1,hist_mean,-0.35646
MED00258,1,hist_mean,-0.93324
MED00259,1,hist_mean,-0.91437
MED00260,1,hist_mean,-1.77368
MED00261,1,hist_mean,-1.48687
MED00262,1,hist_mean,-0.59797
MED00263,1,hist_mean,-0.5568
MED00264,1,hist_mean,-1.85507
MED00265,1,hist_mean,-0.01021
MED00266,1,hist_mean,0.26577
MED00267,1,hist_mean,-0.10966
MED00268,1,hist_mean,-0.929
MED00269,1,hist_mean,-0.85681
MED00270,1,hist_mean,-0.89349
MED00271,1,hist_mean,-0.89698
MED00272,1,hist_mean,-0.38824
MED00273,1,hist_mean,-0.54546
MED00274,1,hist_mean,-2.04091
MED00275,1,hist_mean,0.23789
MED00276,1,hist_mean,-0.96491
MED00277,1,hist_mean,-2.35587
MED00278,1,hist_mean,0.17258
MED00279,1,hist_mean,0.58892
MED00280,1,hist_mean,-2.32867
MED00281,1,hist_mean,0.38305
MED00282,1,hist_mean,-0.60565
MED00283,1,hist_mean,-0.94787
MED00284,1,hist_mean,-1.4354
MED00285,1,hist_mean,-0.10797
MED00286,1,hist_mean,-0.45895
MED00287,1,hist_mean,-0.55328
MED00288,1,hist_mean,1.14132
MED00289,1,hist_mean,-0.26806
MED00290,1,hist_mean,-1.10633
MED00291,1,hist_mean,0.27378
MED00292,1,hist_mean,-1.0914
MED00293,1,hist_mean,-0.44654
MED00294,1,hist_mean,-1.43875
MED00295,1,hist_mean,-2.06632
MED00296,1,hist_mean,-0.35993
MED00297,1,hist_mean,-0.01869
MED00298,1,hist_mean,-0.91569
MED00299,1,hist_mean,-1.96593
MED00300,1,hist_mean,-0.97652
MED00301,1,hist_mean,-0.10132
MED00302,1,hist_mean,0.07082
MED00303,1,hist_mean,-0.8783
MED00304,1,hist_mean,-0.28867
MED00305,1,hist_mean,-1.02875
MED00306,1,hist_mean,-1.91797
MED00307,1,hist_mean,0.7078
MED00308,1,hist_mean,-1.66418
MED00309,1,hist_mean,-0.53862
MED00310,1,hist_mean,-0.54369
MED00311,1,hist_mean,-0.41924
MED00312,1,hist_mean,-2.02811
MED00313,1,hist_mean,-1.75043
MED00314,1,hist_mean,0.15013
MED00315,1,hist_mean,0.28854
MED00316,1,hist_mean,-0.58145
MED00317,1,hist_mean,-0.87937
MED00318,1,hist_mean,-0.87293
MED00319,1,hist_mean,0.37597
MED00320,1,hist_mean,-0.08781
MED00321,1,hist_mean,-1.44048
MED00322,1,hist_mean,-2.37136
MED00323,1,hist_mean,-1.39331
MED00324,1,hist_mean,-1.27132
MED00325,1,hist_mean,0.07729
MED00326,1,hist_mean,0.29066
MED00327,1,hist_mean,-0.51561
MED00328,1,hist_mean,-0.33453
MED00329,1,hist_mean,0.36946
MED00330,1,hist_mean,-0.33918
MED00331,1,hist_mean,-1.07842
MED00332,1,hist_mean,-0.53145
MED00333,1,hist_mean,-0.81681
MED00334,1,hist_mean,0.27209
MED00335,1,hist_mean,-0.09505
MED00336,1,hist_mean,0.28809
MED00337,1,hist_mean,1.464
MED00338,1,hist_mean,0.16764
MED00339,1,hist_mean,-1.13868
MED00340,1,hist_mean,-0.86291
MED00341,1,hist_mean,-0.10126
MED00342,1,hist_mean,-0.95652
MED00343,1,hist_mean,0.299
MED00344,1,hist_mean,-0.20232
MED00345,1,hist_mean,-2.32881
MED00346,1,hist_mean,-0.49131
MED00347,1,hist_mean,-2.40837
MED00348,1,hist_mean,-1.10402
MED00349,1,hist_mean,-0.85305
MED00350,1,hist_mean,-0.90518
MED00351,1,hist_mean,-1.62782
MED00352,1,hist_mean,-1.94746
MED00353,1,hist_mean,-1.39444
MED00354,1,hist_mean,-1.34386
MED00355,1,hist_mean,0.34273
MED00356,1,hist_mean,-0.95865
MED00357,1,hist_mean,-2.33141
MED00358,1,hist_mean,-0.126
MED00359,1,hist_mean,-0.88954
MED00360,1,hist_mean,-0.87531
MED00361,1,hist_mean,-0.91717
MED00362,1,hist_mean,-0.93665
MED00363,1,hist_mean,-1.07538
MED00364,1,hist_mean,-2.40407
MED00365,1,hist_mean,-0.87817
MED00366,1,hist_mean,0.29032
MED00367,1,hist_mean,-0.88255
MED00368,1,hist_mean,-0.60631
MED00369,1,hist_mean,-0.39022
MED00370,1,hist_mean,-1.9901
MED00371,1,hist_mean,0.33462
MED00372,1,hist_mean,-2.32437
MED00373,1,hist_mean,-1.57936
MED00374,1,hist_mean,-1.05916
MED00375,1,hist_mean,0.35885
MED00376,1,hist_mean,-0.88026
MED00377,1,hist_mean,-1.53664
MED00378,1,hist_mean,-0.8672
MED00379,1,hist_mean,-1.41384
MED00380,1,hist_mean,-1.67863
MED00381,1,hist_mean,-0.9255
MED00382,1,hist_mean,-0.94976
MED00383,1,hist_mean,0.07989
MED00384,1,hist_mean,-0.91003
MED00385,1,hist_mean,0.7279
MED00386,1,hist_mean,0.44556
MED00387,1,hist_mean,0.7397
MED00388,1,hist_mean,1.63593
MED00389,1,hist_mean,0.32174
MED00390,1,hist_mean,0.77593
MED00391,1,hist_mean,0.70692
MED00392,1,hist_mean,0.7299
MED00393,1,hist_mean,0.39254
MED00394,1,hist_mean,0.4239
MED00395,1,hist_mean,0.6941
MED00396,1,hist_mean,1.46353
MED00397,1,hist_mean,1.18286
MED00398,1,hist_mean,1.81037
MED00399,1,hist_mean,1.78321
MED00400,1,hist_mean,1.51302
MED00401,1,hist_mean,0.46075
MED00402,1,hist_mean,0.68668
MED00403,1,hist_mean,0.40333
MED00404,1,hist_mean,-0.14754
MED00405,1,hist_mean,0.15364
MED00406,1,hist_mean,0.80325
MED00407,1,hist_mean,0.68361
MED00408,1,hist_mean,-0.05953
MED00409,1,hist_mean,0.39303
MED00410,1,hist_mean,0.31309
MED00411,1,hist_mean,0.76244
MED00412,1,hist_mean,0.33487
MED00413,1,hist_mean,0.40852
MED00414,1,hist_mean,0.72957
MED00415,1,hist_mean,0.38531
MED00416,1,hist_mean,0.72522
MED00417,1,hist_mean,0.07627
MED00418,1,hist_mean,-0.00145
MED00419,1,hist_mean,0.2047
MED00420,1,hist_mean,0.79147
MED00421,1,hist_mean,0.76617
MED00422,1,hist_mean,0.72263
MED00423,1,hist_mean,0.39114
MED00424,1,hist_mean,1.7124
MED00001,2,hist_mean,0.32777
MED00002,2,hist_mean,-2.48382
MED00003,2,hist_mean,-2.01521
MED00004,2,hist_mean,-1.43728
MED00005,2,hist_mean,-0.50043
MED00006,2,hist_mean,-1.27041
MED00007,2,hist_mean,-0.59512
MED00008,2,hist_mean,-1.59159
MED00009,2,hist_mean,-0.58982
MED00010,2,hist_mean,-0.4586
MED00011,2,hist_mean,0.74186
MED00012,2,hist_mean,-0.8715
MED00013,2,hist_mean,-0.3601
MED00014,2,hist_mean,0.50565
MED00015,2,hist_mean,-1.91702
MED00016,2,hist_mean,-0.9569
MED00017,2,hist_mean,-0.96987
MED00018,2,hist_mean,1.51462
MED00019,2,hist_mean,1.21743
MED00020,2,hist_mean,0.18721
MED00021,2,hist_mean,-0.42654
MED00022,2,hist_mean,-0.87156
MED00023,2,hist_mean,-1.37269
MED00024,2,hist_mean,-0.58305
MED00025,2,hist_mean,-2.27602
MED00026,2,hist_mean,-1.92587
MED00027,2,hist_mean,-2.07296
MED00028,2,hist_mean,-1.81384
MED00029,2,hist_mean,0.42118
MED00030,2,hist_mean,-0.41147
MED00031,2,hist_mean,-0.56116
MED00032,2,hist_mean,-0.84663
MED00033,2,hist_mean,-1.11634
MED00034,2,hist_mean,0.5591
MED00035,2,hist_mean,-1.90086
MED00036,2,hist_mean,-0.8737
MED00037,2,hist_mean,-0.40738
MED00038,2,hist_mean,0.46044
MED00039,2,hist_mean,-1.20578
MED00040,2,hist_mean,-1.71395
MED00041,2,hist_mean,-2.03086
MED00042,2,hist_mean,-0.50769
MED00043,2,hist_mean,-1.95644
MED00044,2,hist_mean,-0.93279
MED00045,2,hist_mean,-1.17299
MED00046,2,hist_mean,-0.88356
MED00047,2,hist_mean,-0.10628
MED00048,2,hist_mean,0.41999
MED00049,2,hist_mean,-2.3152
MED00050,2,hist_mean,-0.56617
MED00051,2,hist_mean,-2.48689
MED00052,2,hist_mean,-1.8482
MED00053,2,hist_mean,0.04459
MED00054,2,hist_mean,0.05858
MED00055,2,hist_mean,-1.37368
MED00056,2,hist_mean,-1.70635
MED00057,2,hist_mean,-1.87588
MED00058,2,hist_mean,-1.2585
MED00059,2,hist_mean,0.15319
MED00060,2,hist_mean,-0.12354
MED00061,2,hist_mean,-1.53022
MED00062,2,hist_mean,0.40096
MED00063,2,hist_mean,-2.44514
MED00064,2,hist_mean,0.78096
MED00065,2,hist_mean,1.44733
MED00066,2,hist_mean,-1.9609
MED00067,2,hist_mean,-0.92032
MED00068,2,hist_mean,-0.58356
MED00069,2,hist_mean,-1.08355
MED00070,2,hist_mean,0.39221
MED00071,2,hist_mean,-0.88493
MED00072,2,hist_mean,-0.86407
MED00073,2,hist_mean,-0.54336
MED00074,2,hist_mean,-0.58616
MED00075,2,hist_mean,-0.82241
MED00076,2,hist_mean,-2.33043
MED00077,2,hist_mean,-0.43402
MED00078,2,hist_mean,-0.53696
MED00079,2,hist_mean,0.75571
MED00080,2,hist_mean,-0.56895
MED00081,2,hist_mean,-2.0048
MED00082,2,hist_mean,-0.53505
MED00083,2,hist_mean,-0.50783
MED00084,2,hist_mean,1.15328
MED00085,2,hist_mean,-0.95767
MED00086,2,hist_mean,-1.98209
MED00087,2,hist_mean,-1.09711
MED00088,2,hist_mean,0.78885
MED00089,2,hist_mean,0.47331
MED00090,2,hist_mean,-0.46016
MED00091,2,hist_mean,-0.8302
MED00092,2,hist_mean,-1.12251
MED00093,2,hist_mean,-2.08097
MED00094,2,hist_mean,-1.54216
MED00095,2,hist_mean,-0.55643
MED00096,2,hist_mean,0.32789
MED00097,2,hist_mean,-1.8711
MED00098,2,hist_mean,0.17275
MED00099,2,hist_mean,-2.00507
MED00100,2,hist_mean,-2.4345
MED00101,2,hist_mean,-0.3278
MED00102,2,hist_mean,-0.47521
MED00103,2,hist_mean,-0.56612
MED00104,2,hist_mean,0.17985
MED00105,2,hist_mean,0.38057
MED00106,2,hist_mean,-2.39746
MED00107,2,hist_mean,0.19966
MED00108,2,hist_mean,-0.5954
MED00109,2,hist_mean,-1.74719
MED00110,2,hist_mean,-1.77975
MED00111,2,hist_mean,-1.57354
MED00112,2,hist_mean,-0.64465
MED00113,2,hist_mean,-1.04158
MED00114,2,hist_mean,0.27025
MED00115,2,hist_mean,-0.89478
MED00116,2,hist_mean,0.06661
MED00117,2,hist_mean,-1.08735
MED00118,2,hist_mean,-1.20852
MED00119,2,hist_mean,-0.958
MED00120,2,hist_mean,0.18642
MED00121,2,hist_mean,-0.41398
MED00122,2,hist_mean,-0.90586
MED00123,2,hist_mean,-1.44091
MED00124,2,hist_mean,0.17918
MED00125,2,hist_mean,-2.30407
MED00126,2,hist_mean,-1.43475
MED00127,2,hist_mean,-0.92971
MED00128,2,hist_mean,-0.86426
MED00129,2,hist_mean,-1.11082
MED00130,2,hist_mean,-2.29656
MED00131,2,hist_mean,-0.90052
MED00132,2,hist_mean,-1.96557
MED00133,2,hist_mean,-1.97953
MED00134,2,hist_mean,-1.71356
MED00135,2,hist_mean,0.26557
MED00136,2,hist_mean,-0.87669
MED00137,2,hist_mean,-0.87412
MED00138,2,hist_mean,-0.88043
MED00139,2,hist_mean,-0.49721
MED00140,2,hist_mean,-1.08605
MED00141,2,hist_mean,-0.22833
MED00142,2,hist_mean,-1.91461
MED00143,2,hist_mean,-1.10239
MED00144,2,hist_mean,-0.00957
MED00145,2,hist_mean,-1.5193
MED00146,2,hist_mean,-1.07246
MED00147,2,hist_mean,-1.1532
MED00148,2,hist_mean,-0.13268
MED00149,2,hist_mean,-0.37394
MED00150,2,hist_mean,-1.09364
MED00151,2,hist_mean,-0.86674
MED00152,2,hist_mean,-0.86595
MED00153,2,hist_mean,-0.86243
MED00154,2,hist_mean,0.35606
MED00155,2,hist_mean,-0.894
MED00156,2,hist_mean,-0.8841
MED00157,2,hist_mean,-0.20222
MED00158,2,hist_mean,-2.11234
MED00159,2,hist_mean,0.16899
MED00160,2,hist_mean,-0.32376
MED00161,2,hist_mean,-0.0105
MED00162,2,hist_mean,-0.88217
MED00163,2,hist_mean,-2.01467
MED00164,2,hist_mean,-0.92835
MED00165,2,hist_mean,0.22053
MED00166,2,hist_mean,-0.87472
MED00167,2,hist_mean,-1.15023
MED00168,2,hist_mean,-1.02038
MED00169,2,hist_mean,-1.01228
MED00170,2,hist_mean,-1.05538
MED00171,2,hist_mean,-0.86483
MED00172,2,hist_mean,-0.95501
MED00173,2,hist_mean,-0.88036
MED00174,2,hist_mean,-0.11661
MED00175,2,hist_mean,-1.18414
MED00176,2,hist_mean,0.41381
MED00177,2,hist_mean,-1.97385
MED00178,2,hist_mean,-0.89572
MED00179,2,hist_mean,-1.77284
MED00180,2,hist_mean,-0.91089
MED00181,2,hist_mean,-0.56913
MED00182,2,hist_mean,-1.91433
MED00183,2,hist_mean,0.72924
MED00184,2,hist_mean,0.10117
MED00185,2,hist_mean,-1.07445
MED00186,2,hist_mean,-1.03138
MED00187,2,hist_mean,-0.85301
MED00188,2,hist_mean,-0.44735
MED00189,2,hist_mean,-2.34141
MED00190,2,hist_mean,-0.92083
MED00191,2,hist_mean,0.36873
MED00192,2,hist_mean,-2.38561
MED00193,2,hist_mean,-2.4121
MED00194,2,hist_mean,0.07755
MED00195,2,hist_mean,-0.0527
MED00196,2,hist_mean,0.06382
MED00197,2,hist_mean,0.07409
MED00198,2,hist_mean,-1.11536
MED00199,2,hist_mean,-1.12585
MED00200,2,hist_mean,-1.06613
MED00201,2,hist_mean,0.20141
MED00202,2,hist_mean,-1.06548
MED00203,2,hist_mean,-0.85503
MED00204,2,hist_mean,-0.86941
MED00205,2,hist_mean,0.41935
MED00206,2,hist_mean,-1.31348
MED00207,2,hist_mean,-0.93934
MED00208,2,hist_mean,0.38057
MED00209,2,hist_mean,-0.82736
MED00210,2,hist_mean,-1.21258
MED00211,2,hist_mean,-0.86112
MED00212,2,hist_mean,-0.91342
MED00213,2,hist_mean,-1.02867
MED00214,2,hist_mean,0.29052
MED00215,2,hist_mean,-0.86749
MED00216,2,hist_mean,-2.51731
MED00217,2,hist_mean,-2.30016
MED00218,2,hist_mean,-0.23842
MED00219,2,hist_mean,0.27521
MED00220,2,hist_mean,-0.9074
MED00221,2,hist_mean,-0.51114
MED00222,2,hist_mean,-1.87399
MED00223,2,hist_mean,0.15017
MED00224,2,hist_mean,-1.10304
MED00225,2,hist_mean,-0.36425
MED00226,2,hist_mean,-0.91294
MED00227,2,hist_mean,0.37807
MED00228,2,hist_mean,-1.12913
MED00229,2,hist_mean,-1.57833
MED00230,2,hist_mean,0.36376
MED00231,2,hist_mean,-1.2762
MED00232,2,hist_mean,-0.51035
MED00233,2,hist_mean,-1.96079
MED00234,2,hist_mean,-1.08768
MED00235,2,hist_mean,1.53068
MED00236,2,hist_mean,-0.89104
MED00237,2,hist_mean,-0.2762
MED00238,2,hist_mean,-0.9869
MED00239,2,hist_mean,-0.43933
MED00240,2,hist_mean,-0.3471
MED00241,2,hist_mean,-0.74421
MED00242,2,hist_mean,0.23482
MED00243,2,hist_mean,-2.44607
MED00244,2,hist_mean,-0.88487
MED00245,2,hist_mean,1.53184
MED00246,2,hist_mean,-0.10195
MED00247,2,hist_mean,0.37978
MED00248,2,hist_mean,-0.88575
MED00249,2,hist_mean,0.76904
MED00250,2,hist_mean,0.38822
MED00251,2,hist_mean,-1.0805
MED00252,2,hist_mean,-1.94306
MED00253,2,hist_mean,-0.42898
MED00254,2,hist_mean,-1.94271
MED00255,2,hist_mean,-0.09898
MED00256,2,hist_mean,-0.92981
MED00257,2,hist_mean,-0.35585
MED00258,2,hist_mean,-0.9325
MED00259,2,hist_mean,-0.912
MED00260,2,hist_mean,-1.77207
MED00261,2,hist_mean,-1.49654
MED00262,2,hist_mean,-0.59788
MED00263,2,hist_mean,-0.55232
MED00264,2,hist_mean,-1.8535
MED00265,2,hist_mean,-0.0057
MED00266,2,hist_mean,0.27272
MED00267,2,hist_mean,-0.11009
MED00268,2,hist_mean,-0.92614
MED00269,2,hist_mean,-0.85508
MED00270,2,hist_mean,-0.8908
MED00271,2,hist_mean,-0.90296
MED00272,2,hist_mean,-0.38466
MED00273,2,hist_mean,-0.54132
MED00274,2,hist_mean,-1.99783
MED00275,2,hist_mean,0.24173
MED00276,2,hist_mean,-0.96363
MED00277,2,hist_mean,-2.34187
MED00278,2,hist_mean,0.17738
MED00279,2,hist_mean,0.59216
MED00280,2,hist_mean,-2.30807
MED00281,2,hist_mean,0.39038
MED00282,2,hist_mean,-0.60178
MED00283,2,hist_mean,-0.94426
MED00284,2,hist_mean,-1.43911
MED00285,2,hist_mean,-0.10425
MED00286,2,hist_mean,-0.45409
MED00287,2,hist_mean,-0.54885
MED00288,2,hist_mean,1.14627
MED00289,2,hist_mean,-0.26781
MED00290,2,hist_mean,-1.10616
MED00291,2,hist_mean,0.28182
MED00292,2,hist_mean,-1.0861
MED00293,2,hist_mean,-0.44171
MED00294,2,hist_mean,-1.44515
MED00295,2,hist_mean,-2.06168
MED00296,2,hist_mean,-0.35613
MED00297,2,hist_mean,-0.01484
MED00298,2,hist_mean,-0.91465
MED00299,2,hist_mean,-1.95767
MED00300,2,hist_mean,-0.9751
MED00301,2,hist_mean,-0.09753
MED00302,2,hist_mean,0.07112
MED00303,2,hist_mean,-0.8815
MED00304,2,hist_mean,-0.289
MED00305,2,hist_mean,-1.02778
MED00306,2,hist_mean,-1.9072
MED00307,2,hist_mean,0.74892
MED00308,2,hist_mean,-1.66867
MED00309,2,hist_mean,-0.53857
MED00310,2,hist_mean,-0.53881
MED00311,2,hist_mean,-0.41832
MED00312,2,hist_mean,-2.03039
MED00313,2,hist_mean,-1.74902
MED00314,2,hist_mean,0.14868
MED00315,2,hist_mean,0.28995
MED00316,2,hist_mean,-0.5772
MED00317,2,hist_mean,-0.87783
MED00318,2,hist_mean,-0.87213
MED00319,2,hist_mean,0.3801
MED00320,2,hist_mean,-0.08251
MED00321,2,hist_mean,-1.45488
MED00322,2,hist_mean,-2.35751
MED00323,2,hist_mean,-1.40143
MED00324,2,hist_mean,-1.28153
MED00325,2,hist_mean,0.08119
MED00326,2,hist_mean,0.29152
MED00327,2,hist_mean,-0.51065
MED00328,2,hist_mean,-0.33534
MED00329,2,hist_mean,0.37359
MED00330,2,hist_mean,-0.33476
MED00331,2,hist_mean,-1.07696
MED00332,2,hist_mean,-0.52709
MED00333,2,hist_mean,-0.81216
MED00334,2,hist_mean,0.27971
MED00335,2,hist_mean,-0.09203
MED00336,2,hist_mean,0.29142
MED00337,2,hist_mean,1.46965
MED00338,2,hist_mean,0.16874
MED00339,2,hist_mean,-1.14513
MED00340,2,hist_mean,-0.86665
MED00341,2,hist_mean,-0.09759
MED00342,2,hist_mean,-0.95541
MED00343,2,hist_mean,0.30046
MED00344,2,hist_mean,-0.19891
MED00345,2,hist_mean,-2.31612
MED00346,2,hist_mean,-0.48747
MED00347,2,hist_mean,-2.39644
MED00348,2,hist_mean,-1.10261
MED00349,2,hist_mean,-0.85112
MED00350,2,hist_mean,-0.91954
MED00351,2,hist_mean,-1.6306
MED00352,2,hist_mean,-1.94816
MED00353,2,hist_mean,-1.40855
MED00354,2,hist_mean,-1.35439
MED00355,2,hist_mean,0.34585
MED00356,2,hist_mean,-0.9568
MED00357,2,hist_mean,-2.31993
MED00358,2,hist_mean,-0.12192
MED00359,2,hist_mean,-0.88803
MED00360,2,hist_mean,-0.87466
MED00361,2,hist_mean,-0.91467
MED00362,2,hist_mean,-0.93345
MED00363,2,hist_mean,-1.07382
MED00364,2,hist_mean,-2.39041
MED00365,2,hist_mean,-0.8763
MED00366,2,hist_mean,0.29391
MED00367,2,hist_mean,-0.8818
MED00368,2,hist_mean,-0.60168
MED00369,2,hist_mean,-0.38587
MED00370,2,hist_mean,-1.98634
MED00371,2,hist_mean,0.3412
MED00372,2,hist_mean,-2.31897
MED00373,2,hist_mean,-1.57918
MED00374,2,hist_mean,-1.05853
MED00375,2,hist_mean,0.36262
MED00376,2,hist_mean,-0.87879
MED00377,2,hist_mean,-1.54141
MED00378,2,hist_mean,-0.86553
MED00379,2,hist_mean,-1.42847
MED00380,2,hist_mean,-1.68125
MED00381,2,hist_mean,-0.93399
MED00382,2,hist_mean,-0.94962
MED00383,2,hist_mean,0.08466
MED00384,2,hist_mean,-0.90762
MED00385,2,hist_mean,0.73005
MED00386,2,hist_mean,0.44989
MED00387,2,hist_mean,0.74673
MED00388,2,hist_mean,1.56687
MED00389,2,hist_mean,0.32084
MED00390,2,hist_mean,0.78246
MED00391,2,hist_mean,0.70941
MED00392,2,hist_mean,0.73141
MED00393,2,hist_mean,0.3987
MED00394,2,hist_mean,0.43213
MED00395,2,hist_mean,0.69489
MED00396,2,hist_mean,1.46768
MED00397,2,hist_mean,1.19263
MED00398,2,hist_mean,1.77981
MED00399,2,hist_mean,1.75589
MED00400,2,hist_mean,1.51769
MED00401,2,hist_mean,0.47539
MED00402,2,hist_mean,0.69149
MED00403,2,hist_mean,0.40776
MED00404,2,hist_mean,-0.14291
MED00405,2,hist_mean,0.15567
MED00406,2,hist_mean,0.80806
MED00407,2,hist_mean,0.69129
MED00408,2,hist_mean,-0.05877
MED00409,2,hist_mean,0.39929
MED00410,2,hist_mean,0.31407
MED00411,2,hist_mean,0.76195
MED00412,2,hist_mean,0.33239
MED00413,2,hist_mean,0.41199
MED00414,2,hist_mean,0.73007
MED00415,2,hist_mean,0.39151
MED00416,2,hist_mean,0.72235
MED00417,2,hist_mean,0.07973
MED00419,2,hist_mean,0.20625
MED00420,2,hist_mean,0.80349
MED00421,2,hist_mean,0.77495
MED00422,2,hist_mean,0.7258
MED00423,2,hist_mean,0.3982
MED00424,2,hist_mean,1.68194
MED00001,3,hist_mean,0.32702
MED00002,3,hist_mean,-2.46116
MED00003,3,hist_mean,-2.01455
MED00004,3,hist_mean,-1.46356
MED00005,3,hist_mean,-0.50645
MED00006,3,hist_mean,-1.27421
MED00007,3,hist_mean,-0.60225
MED00008,3,hist_mean,-1.59415
MED00009,3,hist_mean,-0.59551
MED00010,3,hist_mean,-0.46338
MED00011,3,hist_mean,0.73566
MED00012,3,hist_mean,-0.87522
MED00013,3,hist_mean,-0.36463
MED00014,3,hist_mean,0.50207
MED00015,3,hist_mean,-1.91805
MED00016,3,hist_mean,-0.96136
MED00017,3,hist_mean,-0.97446
MED00018,3,hist_mean,1.50649
MED00019,3,hist_mean,1.21277
MED00020,3,hist_mean,0.18503
MED00021,3,hist_mean,-0.4285
MED00022,3,hist_mean,-0.87062
MED00023,3,hist_mean,-1.37914
MED00024,3,hist_mean,-0.58638
MED00025,3,hist_mean,-2.28562
MED00026,3,hist_mean,-1.93147
MED00027,3,hist_mean,-2.0703
MED00028,3,hist_mean,-1.81566
MED00029,3,hist_mean,0.42701
MED00030,3,hist_mean,-0.4141
MED00031,3,hist_mean,-0.5632
MED00032,3,hist_mean,-0.85045
MED00033,3,hist_mean,-1.12284
MED00034,3,hist_mean,0.55726
MED00035,3,hist_mean,-1.89346
MED00036,3,hist_mean,-0.88074
MED00037,3,hist_mean,-0.41385
MED00038,3,hist_mean,0.46331
MED00039,3,hist_mean,-1.20995
MED00040,3,hist_mean,-1.71895
MED00041,3,hist_mean,-2.02118
MED00042,3,hist_mean,-0.51218
MED00043,3,hist_mean,-1.95983
MED00044,3,hist_mean,-0.93374
MED00045,3,hist_mean,-1.17819
MED00046,3,hist_mean,-0.88307
MED00047,3,hist_mean,-0.11054
MED00048,3,hist_mean,0.4183
MED00049,3,hist_mean,-2.27879
MED00050,3,hist_mean,-0.57161
MED00051,3,hist_mean,-2.46193
MED00052,3,hist_mean,-1.85429
MED00053,3,hist_mean,0.0461
MED00054,3,hist_mean,0.05744
MED00055,3,hist_mean,-1.37938
MED00056,3,hist_mean,-1.71324
MED00057,3,hist_mean,-1.88252
MED00058,3,hist_mean,-1.26322
MED00059,3,hist_mean,0.14969
MED00060,3,hist_mean,-0.12418
MED00061,3,hist_mean,-1.5365
MED00062,3,hist_mean,0.40423
MED00063,3,hist_mean,-2.40185
MED00064,3,hist_mean,0.77819
MED00065,3,hist_mean,1.44038
MED00066,3,hist_mean,-1.96203
MED00067,3,hist_mean,-0.92345
MED00068,3,hist_mean,-0.58615
MED00069,3,hist_mean,-1.08717
MED00070,3,hist_mean,0.39395
MED00071,3,hist_mean,-0.88632
MED00072,3,hist_mean,-0.86781
MED00073,3,hist_mean,-0.54308
MED00074,3,hist_mean,-0.59003
MED00075,3,hist_mean,-0.82378
MED00076,3,hist_mean,-2.29969
MED00077,3,hist_mean,-0.44014
MED00078,3,hist_mean,-0.54134
MED00079,3,hist_mean,0.75337
MED00080,3,hist_mean,-0.57267
MED00081,3,hist_mean,-2.00437
MED00082,3,hist_mean,-0.53776
MED00083,3,hist_mean,-0.5132
MED00084,3,hist_mean,1.14851
MED00085,3,hist_mean,-0.96217
MED00086,3,hist_mean,-1.97544
MED00087,3,hist_mean,-1.10055
MED00088,3,hist_mean,0.78823
MED00089,3,hist_mean,0.47323
MED00090,3,hist_mean,-0.46666
MED00091,3,hist_mean,-0.83457
MED00092,3,hist_mean,-1.12641
MED00093,3,hist_mean,-2.08098
MED00094,3,hist_mean,-1.549
MED00095,3,hist_mean,-0.56198
MED00096,3,hist_mean,0.32424
MED00097,3,hist_mean,-1.87332
MED00098,3,hist_mean,0.17116
MED00099,3,hist_mean,-2.01003
MED00100,3,hist_mean,-2.39553
MED00101,3,hist_mean,-0.33515
MED00102,3,hist_mean,-0.4807
MED00103,3,hist_mean,-0.57183
MED00104,3,hist_mean,0.17771
MED00105,3,hist_mean,0.3797
MED00106,3,hist_mean,-2.34932
MED00107,3,hist_mean,0.19737
MED00108,3,hist_mean,-0.60098
MED00109,3,hist_mean,-1.75372
MED00110,3,hist_mean,-1.78554
MED00111,3,hist_mean,-1.57863
MED00112,3,hist_mean,-0.65005
MED00113,3,hist_mean,-1.04523
MED00114,3,hist_mean,0.26921
MED00115,3,hist_mean,-0.89817
MED00116,3,hist_mean,0.06338
MED00117,3,hist_mean,-1.0874
MED00118,3,hist_mean,-1.21299
MED00119,3,hist_mean,-0.96192
MED00120,3,hist_mean,0.18552
MED00121,3,hist_mean,-0.42067
MED00122,3,hist_mean,-0.9097
MED00123,3,hist_mean,-1.45265
MED00124,3,hist_mean,0.17653
MED00125,3,hist_mean,-2.27904
MED00126,3,hist_mean,-1.44335
MED00127,3,hist_mean,-0.93389
MED00128,3,hist_mean,-0.86876
MED00129,3,hist_mean,-1.11605
MED00130,3,hist_mean,-2.26239
MED00131,3,hist_mean,-0.90158
MED00132,3,hist_mean,-1.97068
MED00133,3,hist_mean,-1.96625
MED00134,3,hist_mean,-1.71876
MED00135,3,hist_mean,0.26494
MED00136,3,hist_mean,-0.88253
MED00137,3,hist_mean,-0.87179
MED00138,3,hist_mean,-0.88332
MED00139,3,hist_mean,-0.50265
MED00140,3,hist_mean,-1.0908
MED00141,3,hist_mean,-0.226
MED00142,3,hist_mean,-1.91423
MED00143,3,hist_mean,-1.10764
MED00144,3,hist_mean,-0.01153
MED00145,3,hist_mean,-1.52648
MED00146,3,hist_mean,-1.07543
MED00147,3,hist_mean,-1.15687
MED00148,3,hist_mean,-0.13752
MED00149,3,hist_mean,-0.38127
MED00150,3,hist_mean,-1.10159
MED00151,3,hist_mean,-0.87051
MED00152,3,hist_mean,-0.86992
MED00153,3,hist_mean,-0.86612
MED00154,3,hist_mean,0.35493
MED00155,3,hist_mean,-0.89778
MED00156,3,hist_mean,-0.88755
MED00157,3,hist_mean,-0.20886
MED00158,3,hist_mean,-2.11206
MED00159,3,hist_mean,0.16632
MED00160,3,hist_mean,-0.3305
MED00161,3,hist_mean,-0.01269
MED00162,3,hist_mean,-0.88498
MED00163,3,hist_mean,-2.01119
MED00164,3,hist_mean,-0.92933
MED00165,3,hist_mean,0.2203
MED00166,3,hist_mean,-0.87838
MED00167,3,hist_mean,-1.15521
MED00168,3,hist_mean,-1.02474
MED00169,3,hist_mean,-1.0175
MED00170,3,hist_mean,-1.06004
MED00171,3,hist_mean,-0.86858
MED00172,3,hist_mean,-0.96103
MED00173,3,hist_mean,-0.88431
MED00174,3,hist_mean,-0.11449
MED00175,3,hist_mean,-1.19677
MED00176,3,hist_mean,0.41151
MED00177,3,hist_mean,-1.97731
MED00178,3,hist_mean,-0.91358
MED00179,3,hist_mean,-1.78297
MED00180,3,hist_mean,-0.91593
MED00181,3,hist_mean,-0.57457
MED00182,3,hist_mean,-1.92096
MED00183,3,hist_mean,0.72863
MED00184,3,hist_mean,0.10033
MED00185,3,hist_mean,-1.08074
MED00186,3,hist_mean,-1.03523
MED00187,3,hist_mean,-0.85226
MED00188,3,hist_mean,-0.45418
MED00189,3,hist_mean,-2.31537
MED00190,3,hist_mean,-0.92362
MED00191,3,hist_mean,0.36523
MED00192,3,hist_mean,-2.36448
MED00193,3,hist_mean,-2.39115
MED00194,3,hist_mean,0.07397
MED00195,3,hist_mean,-0.05365
MED00196,3,hist_mean,0.06394
MED00197,3,hist_mean,0.07182
MED00198,3,hist_mean,-1.12011
MED00199,3,hist_mean,-1.13427
MED00200,3,hist_mean,-1.06989
MED00201,3,hist_mean,0.19807
MED00202,3,hist_mean,-1.07035
MED00203,3,hist_mean,-0.86073
MED00204,3,hist_mean,-0.87294
MED00205,3,hist_mean,0.41777
MED00206,3,hist_mean,-1.32184
MED00207,3,hist_mean,-0.94361
MED00208,3,hist_mean,0.37872
MED00209,3,hist_mean,-0.82953
MED00210,3,hist_mean,-1.21443
MED00211,3,hist_mean,-0.86443
MED00212,3,hist_mean,-0.91637
MED00213,3,hist_mean,-1.04126
MED00214,3,hist_mean,0.28956
MED00215,3,hist_mean,-0.8706
MED00216,3,hist_mean,-2.47865
MED00217,3,hist_mean,-2.27396
MED00218,3,hist_mean,-0.24508
MED00219,3,hist_mean,0.27327
MED00220,3,hist_mean,-0.91027
MED00221,3,hist_mean,-0.50989
MED00222,3,hist_mean,-1.8742
MED00223,3,hist_mean,0.14803
MED00224,3,hist_mean,-1.10655
MED00225,3,hist_mean,-0.37137
MED00226,3,hist_mean,-0.91733
MED00227,3,hist_mean,0.37728
MED00228,3,hist_mean,-1.13371
MED00229,3,hist_mean,-1.58526
MED00230,3,hist_mean,0.36149
MED00231,3,hist_mean,-1.28127
MED00232,3,hist_mean,-0.51584
MED00233,3,hist_mean,-1.95906
MED00234,3,hist_mean,-1.09228
MED00235,3,hist_mean,1.52415
MED00236,3,hist_mean,-0.88994
MED00237,3,hist_mean,-0.27859
MED00238,3,hist_mean,-0.99129
MED00239,3,hist_mean,-0.44618
MED00240,3,hist_mean,-0.35221
MED00241,3,hist_mean,-0.74825
MED00242,3,hist_mean,0.23547
MED00243,3,hist_mean,-2.41373
MED00244,3,hist_mean,-0.88897
MED00245,3,hist_mean,1.52024
MED00246,3,hist_mean,-0.10601
MED00247,3,hist_mean,0.37822
MED00248,3,hist_mean,-0.88517
MED00249,3,hist_mean,0.75808
MED00250,3,hist_mean,0.39086
MED00251,3,hist_mean,-1.08509
MED00252,3,hist_mean,-1.93933
MED00253,3,hist_mean,-0.4354
MED00254,3,hist_mean,-1.93975
MED00255,3,hist_mean,-0.09993
MED00256,3,hist_mean,-0.94893
MED00257,3,hist_mean,-0.3613
MED00258,3,hist_mean,-0.93498
MED00259,3,hist_mean,-0.91575
MED00260,3,hist_mean,-1.77724
MED00261,3,hist_mean,-1.50479
MED00262,3,hist_mean,-0.59971
MED00263,3,hist_mean,-0.55804
MED00264,3,hist_mean,-1.87075
MED00265,3,hist_mean,-0.00781
MED00266,3,hist_mean,0.2721
MED00267,3,hist_mean,-0.11382
MED00268,3,hist_mean,-0.92983
MED00269,3,hist_mean,-0.85866
MED00270,3,hist_mean,-0.89478
MED00271,3,hist_mean,-0.90558
MED00272,3,hist_mean,-0.39017
MED00273,3,hist_mean,-0.54696
MED00274,3,hist_mean,-2.00004
MED00275,3,hist_mean,0.23689
MED00276,3,hist_mean,-0.96805
MED00277,3,hist_mean,-2.3154
MED00278,3,hist_mean,0.17385
MED00279,3,hist_mean,0.59078
MED00280,3,hist_mean,-2.28083
MED00281,3,hist_mean,0.38957
MED00282,3,hist_mean,-0.60763
MED00283,3,hist_mean,-0.96481
MED00284,3,hist_mean,-1.43877
MED00285,3,hist_mean,-0.10832
MED00286,3,hist_mean,-0.45996
MED00287,3,hist_mean,-0.55425
MED00288,3,hist_mean,1.14178
MED00289,3,hist_mean,-0.27213
MED00290,3,hist_mean,-1.11106
MED00291,3,hist_mean,0.279
MED00292,3,hist_mean,-1.08962
MED00293,3,hist_mean,-0.44791
MED00294,3,hist_mean,-1.44848
MED00295,3,hist_mean,-2.06136
MED00296,3,hist_mean,-0.36281
MED00297,3,hist_mean,-0.01818
MED00298,3,hist_mean,-0.91715
MED00299,3,hist_mean,-1.95888
MED00300,3,hist_mean,-0.97985
MED00301,3,hist_mean,-0.10244
MED00302,3,hist_mean,0.07028
MED00303,3,hist_mean,-0.88256
MED00304,3,hist_mean,-0.29496
MED00305,3,hist_mean,-1.03191
MED00306,3,hist_mean,-1.90653
MED00307,3,hist_mean,0.73854
MED00308,3,hist_mean,-1.67369
MED00309,3,hist_mean,-0.54178
MED00310,3,hist_mean,-0.53594
MED00311,3,hist_mean,-0.42432
MED00312,3,hist_mean,-2.0179
MED00313,3,hist_mean,-1.75456
MED00314,3,hist_mean,0.14632
MED00315,3,hist_mean,0.28879
MED00316,3,hist_mean,-0.58276
MED00317,3,hist_mean,-0.88196
MED00318,3,hist_mean,-0.87604
MED00319,3,hist_mean,0.3784
MED00320,3,hist_mean,-0.08477
MED00321,3,hist_mean,-1.47776
MED00322,3,hist_mean,-2.32061
MED00323,3,hist_mean,-1.41209
MED00324,3,hist_mean,-1.2877
MED00325,3,hist_mean,0.07909
MED00326,3,hist_mean,0.29
MED00327,3,hist_mean,-0.51637
MED00328,3,hist_mean,-0.34228
MED00329,3,hist_mean,0.37224
MED00330,3,hist_mean,-0.34654
MED00331,3,hist_mean,-1.08166
MED00332,3,hist_mean,-0.53265
MED00333,3,hist_mean,-0.81657
MED00334,3,hist_mean,0.27616
MED00335,3,hist_mean,-0.09477
MED00336,3,hist_mean,0.29004
MED00337,3,hist_mean,1.46273
MED00338,3,hist_mean,0.16667
MED00339,3,hist_mean,-1.14642
MED00340,3,hist_mean,-0.86872
MED00341,3,hist_mean,-0.10154
MED00342,3,hist_mean,-0.95945
MED00343,3,hist_mean,0.29914
MED00344,3,hist_mean,-0.20213
MED00345,3,hist_mean,-2.27805
MED00346,3,hist_mean,-0.49266
MED00347,3,hist_mean,-2.36882
MED00348,3,hist_mean,-1.10774
MED00349,3,hist_mean,-0.8551
MED00350,3,hist_mean,-0.92599
MED00351,3,hist_mean,-1.63976
MED00352,3,hist_mean,-1.95277
MED00353,3,hist_mean,-1.43971
MED00354,3,hist_mean,-1.36541
MED00355,3,hist_mean,0.34622
MED00356,3,hist_mean,-0.96124
MED00357,3,hist_mean,-2.28733
MED00358,3,hist_mean,-0.12579
MED00359,3,hist_mean,-0.8917
MED00360,3,hist_mean,-0.87849
MED00361,3,hist_mean,-0.91871
MED00362,3,hist_mean,-0.93719
MED00363,3,hist_mean,-1.07817
MED00364,3,hist_mean,-2.36535
MED00365,3,hist_mean,-0.88005
MED00366,3,hist_mean,0.29257
MED00367,3,hist_mean,-0.88457
MED00368,3,hist_mean,-0.60726
MED00369,3,hist_mean,-0.39194
MED00370,3,hist_mean,-1.98257
MED00371,3,hist_mean,0.34032
MED00372,3,hist_mean,-2.2954
MED00373,3,hist_mean,-1.58464
MED00374,3,hist_mean,-1.06246
MED00375,3,hist_mean,0.358
MED00376,3,hist_mean,-0.88259
MED00377,3,hist_mean,-1.55725
MED00378,3,hist_mean,-0.86988
MED00379,3,hist_mean,-1.45153
MED00380,3,hist_mean,-1.68871
MED00381,3,hist_mean,-0.93545
MED00382,3,hist_mean,-0.95316
MED00383,3,hist_mean,0.08321
MED00384,3,hist_mean,-0.91186
MED00385,3,hist_mean,0.7283
MED00386,3,hist_mean,0.44869
MED00387,3,hist_mean,0.74333
MED00388,3,hist_mean,1.60806
MED00389,3,hist_mean,0.32042
MED00390,3,hist_mean,0.78308
MED00391,3,hist_mean,0.7104
MED00392,3,hist_mean,0.72761
MED00393,3,hist_mean,0.39921
MED00394,3,hist_mean,0.4305
MED00395,3,hist_mean,0.6941
MED00396,3,hist_mean,1.45961
MED00397,3,hist_mean,1.17968
MED00398,3,hist_mean,1.79624
MED00399,3,hist_mean,1.7724
MED00400,3,hist_mean,1.5108
MED00401,3,hist_mean,0.47678
MED00402,3,hist_mean,0.6914
MED00403,3,hist_mean,0.4077
MED00404,3,hist_mean,-0.14694
MED00405,3,hist_mean,0.15288
MED00406,3,hist_mean,0.80637
MED00407,3,hist_mean,0.68748
MED00408,3,hist_mean,-0.06512
MED00409,3,hist_mean,0.39984
MED00410,3,hist_mean,0.31045
MED00411,3,hist_mean,0.75866
MED00412,3,hist_mean,0.33164
MED00413,3,hist_mean,0.41295
MED00414,3,hist_mean,0.72627
MED00415,3,hist_mean,0.38987
MED00416,3,hist_mean,0.72363
MED00417,3,hist_mean,0.07739
MED00418,3,hist_mean,-0.00153
MED00419,3,hist_mean,0.2058
MED00420,3,hist_mean,0.80124
MED00421,3,hist_mean,0.77154
MED00422,3,hist_mean,0.72684
MED00423,3,hist_mean,0.39717
MED00424,3,hist_mean,1.71984
MED00001,4,hist_mean,0.33552
MED00002,4,hist_mean,-2.44321
MED00003,4,hist_mean,-2.00853
MED00004,4,hist_mean,-1.46181
MED00005,4,hist_mean,-0.50508
MED00006,4,hist_mean,-1.27694
MED00007,4,hist_mean,-0.59119
MED00008,4,hist_mean,-1.59765
MED00009,4,hist_mean,-0.59052
MED00010,4,hist_mean,-0.47053
MED00011,4,hist_mean,0.7351
MED00012,4,hist_mean,-0.87721
MED00013,4,hist_mean,-0.36161
MED00014,4,hist_mean,0.50245
MED00015,4,hist_mean,-1.91878
MED00016,4,hist_mean,-0.95201
MED00017,4,hist_mean,-0.96393
MED00018,4,hist_mean,1.50398
MED00019,4,hist_mean,1.21141
MED00020,4,hist_mean,0.1885
MED00021,4,hist_mean,-0.43043
MED00022,4,hist_mean,-0.86705
MED00023,4,hist_mean,-1.37463
MED00024,4,hist_mean,-0.58592
MED00025,4,hist_mean,-2.27405
MED00026,4,hist_mean,-1.92064
MED00027,4,hist_mean,-2.0645
MED00028,4,hist_mean,-1.81627
MED00029,4,hist_mean,0.43011
MED00030,4,hist_mean,-0.42218
MED00031,4,hist_mean,-0.56895
MED00032,4,hist_mean,-0.83815
MED00033,4,hist_mean,-1.12418
MED00034,4,hist_mean,0.55665
MED00035,4,hist_mean,-1.88345
MED00036,4,hist_mean,-0.87678
MED00037,4,hist_mean,-0.42052
MED00038,4,hist_mean,0.46619
MED00039,4,hist_mean,-1.21064
MED00040,4,hist_mean,-1.7204
MED00041,4,hist_mean,-2.00698
MED00042,4,hist_mean,-0.50815
MED00043,4,hist_mean,-1.95543
MED00044,4,hist_mean,-0.92944
MED00045,4,hist_mean,-1.18103
MED00046,4,hist_mean,-0.88925
MED00047,4,hist_mean,-0.1
MED00048,4,hist_mean,0.42913
MED00049,4,hist_mean,-2.25904
MED00050,4,hist_mean,-0.56352
MED00051,4,hist_mean,-2.44372
MED00052,4,hist_mean,-1.84661
MED00053,4,hist_mean,0.04442
MED00054,4,hist_mean,0.05988
MED00055,4,hist_mean,-1.37651
MED00056,4,hist_mean,-1.70989
MED00057,4,hist_mean,-1.88861
MED00058,4,hist_mean,-1.26072
MED00059,4,hist_mean,0.16021
MED00060,4,hist_mean,-0.10872
MED00061,4,hist_mean,-1.53973
MED00062,4,hist_mean,0.4231
MED00063,4,hist_mean,-2.36223
MED00064,4,hist_mean,0.77641
MED00065,4,hist_mean,1.43356
MED00066,4,hist_mean,-1.96256
MED00067,4,hist_mean,-0.92039
MED00068,4,hist_mean,-0.59055
MED00069,4,hist_mean,-1.08319
MED00070,4,hist_mean,0.40387
MED00071,4,hist_mean,-0.88289
MED00072,4,hist_mean,-0.8641
MED00073,4,hist_mean,-0.54486
MED00074,4,hist_mean,-0.59401
MED00075,4,hist_mean,-0.81014
MED00076,4,hist_mean,-2.28148
MED00077,4,hist_mean,-0.44079
MED00078,4,hist_mean,-0.54974
MED00079,4,hist_mean,0.75991
MED00080,4,hist_mean,-0.57611
MED00081,4,hist_mean,-2.00025
MED00082,4,hist_mean,-0.53583
MED00083,4,hist_mean,-0.5198
MED00084,4,hist_mean,1.14788
MED00085,4,hist_mean,-0.95253
MED00086,4,hist_mean,-1.9795
MED00087,4,hist_mean,-1.11229
MED00088,4,hist_mean,0.78637
MED00089,4,hist_mean,0.47072
MED00090,4,hist_mean,-0.45995
MED00091,4,hist_mean,-0.82497
MED00092,4,hist_mean,-1.12325
MED00093,4,hist_mean,-2.0787
MED00094,4,hist_mean,-1.55816
MED00095,4,hist_mean,-0.55727
MED00096,4,hist_mean,0.3243
MED00097,4,hist_mean,-1.87896
MED00098,4,hist_mean,0.18172
MED00099,4,hist_mean,-1.99886
MED00100,4,hist_mean,-2.36517
MED00101,4,hist_mean,-0.33054
MED00102,4,hist_mean,-0.48782
MED00103,4,hist_mean,-0.577
MED00104,4,hist_mean,0.18755
MED00105,4,hist_mean,0.39109
MED00106,4,hist_mean,-2.30794
MED00107,4,hist_mean,0.2069
MED00108,4,hist_mean,-0.59619
MED00109,4,hist_mean,-1.74636
MED00110,4,hist_mean,-1.78634
MED00111,4,hist_mean,-1.57213
MED00112,4,hist_mean,-0.65014
MED00113,4,hist_mean,-1.03551
MED00114,4,hist_mean,0.26866
MED00115,4,hist_mean,-0.88858
MED00116,4,hist_mean,0.06173
MED00117,4,hist_mean,-1.07733
MED00118,4,hist_mean,-1.21624
MED00119,4,hist_mean,-0.95171
MED00120,4,hist_mean,0.18741
MED00121,4,hist_mean,-0.41628
MED00122,4,hist_mean,-0.89997
MED00123,4,hist_mean,-1.45214
MED00124,4,hist_mean,0.18637
MED00125,4,hist_mean,-2.26833
MED00126,4,hist_mean,-1.44102
MED00127,4,hist_mean,-0.93
MED00128,4,hist_mean,-0.86509
MED00129,4,hist_mean,-1.11095
MED00130,4,hist_mean,-2.24579
MED00131,4,hist_mean,-0.89922
MED00132,4,hist_mean,-1.96691
MED00133,4,hist_mean,-1.96041
MED00134,4,hist_mean,-1.71488
MED00135,4,hist_mean,0.2651
MED00136,4,hist_mean,-0.87304
MED00137,4,hist_mean,-0.86935
MED00138,4,hist_mean,-0.87179
MED00139,4,hist_mean,-0.49041
MED00140,4,hist_mean,-1.08693
MED00141,4,hist_mean,-0.21996
MED00142,4,hist_mean,-1.91771
MED00143,4,hist_mean,-1.10264
MED00144,4,hist_mean,-0.00158
MED00145,4,hist_mean,-1.52318
MED00146,4,hist_mean,-1.07241
MED00147,4,hist_mean,-1.14968
MED00148,4,hist_mean,-0.12249
MED00149,4,hist_mean,-0.3784
MED00150,4,hist_mean,-1.09228
MED00151,4,hist_mean,-0.86029
MED00152,4,hist_mean,-0.85895
MED00153,4,hist_mean,-0.85799
MED00154,4,hist_mean,0.35393
MED00155,4,hist_mean,-0.88753
MED00156,4,hist_mean,-0.87613
MED00157,4,hist_mean,-0.19831
MED00158,4,hist_mean,-2.10566
MED00159,4,hist_mean,0.16587
MED00160,4,hist_mean,-0.32495
MED00161,4,hist_mean,-0.00389
MED00162,4,hist_mean,-0.88784
MED00163,4,hist_mean,-2.0055
MED00164,4,hist_mean,-0.92808
MED00165,4,hist_mean,0.22506
MED00166,4,hist_mean,-0.88049
MED00167,4,hist_mean,-1.14493
MED00168,4,hist_mean,-1.0243
MED00169,4,hist_mean,-1.01749
MED00170,4,hist_mean,-1.05002
MED00171,4,hist_mean,-0.86466
MED00172,4,hist_mean,-0.95131
MED00173,4,hist_mean,-0.88655
MED00174,4,hist_mean,-0.12008
MED00175,4,hist_mean,-1.19133
MED00176,4,hist_mean,0.41137
MED00177,4,hist_mean,-1.97514
MED00178,4,hist_mean,-0.91133
MED00179,4,hist_mean,-1.77714
MED00180,4,hist_mean,-0.91551
MED00181,4,hist_mean,-0.56732
MED00182,4,hist_mean,-1.91096
MED00183,4,hist_mean,0.72848
MED00184,4,hist_mean,0.09931
MED00185,4,hist_mean,-1.06736
MED00186,4,hist_mean,-1.02576
MED00187,4,hist_mean,-0.85632
MED00188,4,hist_mean,-0.44842
MED00189,4,hist_mean,-2.3014
MED00190,4,hist_mean,-0.92593
MED00191,4,hist_mean,0.37696
MED00192,4,hist_mean,-2.35372
MED00193,4,hist_mean,-2.37516
MED00194,4,hist_mean,0.07204
MED00195,4,hist_mean,-0.05552
MED00196,4,hist_mean,0.06235
MED00197,4,hist_mean,0.06983
MED00198,4,hist_mean,-1.10902
MED00199,4,hist_mean,-1.13297
MED00200,4,hist_mean,-1.07289
MED00201,4,hist_mean,0.20862
MED00202,4,hist_mean,-1.07382
MED00203,4,hist_mean,-0.85724
MED00204,4,hist_mean,-0.86883
MED00205,4,hist_mean,0.4291
MED00206,4,hist_mean,-1.3117
MED00207,4,hist_mean,-0.94614
MED00208,4,hist_mean,0.38956
MED00209,4,hist_mean,-0.82842
MED00210,4,hist_mean,-1.21188
MED00211,4,hist_mean,-0.85969
MED00212,4,hist_mean,-0.91069
MED00213,4,hist_mean,-1.03982
MED00214,4,hist_mean,0.2994
MED00215,4,hist_mean,-0.86159
MED00216,4,hist_mean,-2.4404
MED00217,4,hist_mean,-2.25714
MED00218,4,hist_mean,-0.23488
MED00219,4,hist_mean,0.27323
MED00220,4,hist_mean,-0.91562
MED00221,4,hist_mean,-0.50936
MED00222,4,hist_mean,-1.86973
MED00223,4,hist_mean,0.1526
MED00224,4,hist_mean,-1.1099
MED00225,4,hist_mean,-0.36826
MED00226,4,hist_mean,-0.91148
MED00227,4,hist_mean,0.37626
MED00228,4,hist_mean,-1.12142
MED00229,4,hist_mean,-1.57809
MED00230,4,hist_mean,0.35892
MED00231,4,hist_mean,-1.27707
MED00232,4,hist_mean,-0.50282
MED00233,4,hist_mean,-1.9506
MED00234,4,hist_mean,-1.08185
MED00235,4,hist_mean,1.52184
MED00236,4,hist_mean,-0.88461
MED00237,4,hist_mean,-0.27604
MED00238,4,hist_mean,-0.99942
MED00239,4,hist_mean,-0.44645
MED00240,4,hist_mean,-0.35911
MED00241,4,hist_mean,-0.73172
MED00242,4,hist_mean,0.23386
MED00243,4,hist_mean,-2.39448
MED00244,4,hist_mean,-0.89077
MED00245,4,hist_mean,1.51462
MED00246,4,hist_mean,-0.09666
MED00247,4,hist_mean,0.38903
MED00248,4,hist_mean,-0.87513
MED00249,4,hist_mean,0.75656
MED00250,4,hist_mean,0.3976
MED00251,4,hist_mean,-1.08075
MED00252,4,hist_mean,-1.92907
MED00253,4,hist_mean,-0.4296
MED00254,4,hist_mean,-1.92221
MED00255,4,hist_mean,-0.09793
MED00256,4,hist_mean,-0.94486
MED00257,4,hist_mean,-0.36696
MED00258,4,hist_mean,-0.93797
MED00259,4,hist_mean,-0.90576
MED00260,4,hist_mean,-1.78065
MED00261,4,hist_mean,-1.49671
MED00262,4,hist_mean,-0.6039
MED00263,4,hist_mean,-0.55331
MED00264,4,hist_mean,-1.85912
MED00265,4,hist_mean,0.0027
MED00266,4,hist_mean,0.27251
MED00267,4,hist_mean,-0.10439
MED00268,4,hist_mean,-0.91956
MED00269,4,hist_mean,-0.84852
MED00270,4,hist_mean,-0.88518
MED00271,4,hist_mean,-0.89443
MED00272,4,hist_mean,-0.38536
MED00273,4,hist_mean,-0.53671
MED00274,4,hist_mean,-1.99191
MED00275,4,hist_mean,0.24925
MED00276,4,hist_mean,-0.96412
MED00277,4,hist_mean,-2.30141
MED00278,4,hist_mean,0.18369
MED00279,4,hist_mean,0.5894
MED00280,4,hist_mean,-2.2645
MED00281,4,hist_mean,0.39943
MED00282,4,hist_mean,-0.59472
MED00283,4,hist_mean,-0.95995
MED00284,4,hist_mean,-1.43653
MED00285,4,hist_mean,-0.09847
MED00286,4,hist_mean,-0.45895
MED00287,4,hist_mean,-0.54951
MED00288,4,hist_mean,1.13964
MED00289,4,hist_mean,-0.27167
MED00290,4,hist_mean,-1.10006
MED00291,4,hist_mean,0.27933
MED00292,4,hist_mean,-1.08354
MED00293,4,hist_mean,-0.45012
MED00294,4,hist_mean,-1.45408
MED00295,4,hist_mean,-2.04968
MED00296,4,hist_mean,-0.35989
MED00297,4,hist_mean,-0.00823
MED00298,4,hist_mean,-0.91406
MED00299,4,hist_mean,-1.95629
MED00300,4,hist_mean,-0.9832
MED00301,4,hist_mean,-0.09256
MED00302,4,hist_mean,0.06989
MED00303,4,hist_mean,-0.8807
MED00304,4,hist_mean,-0.29095
MED00305,4,hist_mean,-1.03523
MED00306,4,hist_mean,-1.88927
MED00307,4,hist_mean,0.73764
MED00308,4,hist_mean,-1.66995
MED00309,4,hist_mean,-0.53968
MED00310,4,hist_mean,-0.53546
MED00311,4,hist_mean,-0.43008
MED00312,4,hist_mean,-2.01673
MED00313,4,hist_mean,-1.76165
MED00314,4,hist_mean,0.14555
MED00315,4,hist_mean,0.29942
MED00316,4,hist_mean,-0.57235
MED00317,4,hist_mean,-0.87782
MED00318,4,hist_mean,-0.86232
MED00319,4,hist_mean,0.38971
MED00320,4,hist_mean,-0.08463
MED00321,4,hist_mean,-1.4757
MED00322,4,hist_mean,-2.30323
MED00323,4,hist_mean,-1.39862
MED00324,4,hist_mean,-1.28511
MED00325,4,hist_mean,0.08927
MED00326,4,hist_mean,0.30003
MED00327,4,hist_mean,-0.51062
MED00328,4,hist_mean,-0.33739
MED00329,4,hist_mean,0.38357
MED00330,4,hist_mean,-0.34245
MED00331,4,hist_mean,-1.0716
MED00332,4,hist_mean,-0.5269
MED00333,4,hist_mean,-0.8056
MED00334,4,hist_mean,0.27487
MED00335,4,hist_mean,-0.08926
MED00336,4,hist_mean,0.30346
MED00337,4,hist_mean,1.44801
MED00338,4,hist_mean,0.16471
MED00339,4,hist_mean,-1.14484
MED00340,4,hist_mean,-0.87107
MED00341,4,hist_mean,-0.09161
MED00342,4,hist_mean,-0.95047
MED00343,4,hist_mean,0.30968
MED00344,4,hist_mean,-0.1995
MED00345,4,hist_mean,-2.25914
MED00346,4,hist_mean,-0.49264
MED00347,4,hist_mean,-2.34626
MED00348,4,hist_mean,-1.10126
MED00349,4,hist_mean,-0.8514
MED00350,4,hist_mean,-0.92113
MED00351,4,hist_mean,-1.63654
MED00352,4,hist_mean,-1.94974
MED00353,4,hist_mean,-1.43857
MED00354,4,hist_mean,-1.36642
MED00355,4,hist_mean,0.35617
MED00356,4,hist_mean,-0.95171
MED00357,4,hist_mean,-2.26803
MED00358,4,hist_mean,-0.11029
MED00359,4,hist_mean,-0.8942
MED00360,4,hist_mean,-0.86615
MED00361,4,hist_mean,-0.90848
MED00362,4,hist_mean,-0.92683
MED00363,4,hist_mean,-1.06633
MED00364,4,hist_mean,-2.33548
MED00365,4,hist_mean,-0.87565
MED00366,4,hist_mean,0.30244
MED00367,4,hist_mean,-0.88751
MED00368,4,hist_mean,-0.60158
MED00369,4,hist_mean,-0.39848
MED00370,4,hist_mean,-1.97942
MED00371,4,hist_mean,0.34107
MED00372,4,hist_mean,-2.28131
MED00373,4,hist_mean,-1.57959
MED00374,4,hist_mean,-1.05143
MED00375,4,hist_mean,0.35764
MED00376,4,hist_mean,-0.87791
MED00377,4,hist_mean,-1.54844
MED00378,4,hist_mean,-0.86611
MED00379,4,hist_mean,-1.44937
MED00380,4,hist_mean,-1.68923
MED00381,4,hist_mean,-0.93251
MED00382,4,hist_mean,-0.94706
MED00383,4,hist_mean,0.08548
MED00384,4,hist_mean,-0.90219
MED00385,4,hist_mean,0.73795
MED00386,4,hist_mean,0.45948
MED00387,4,hist_mean,0.75437
MED00388,4,hist_mean,1.59388
MED00389,4,hist_mean,0.32219
MED00390,4,hist_mean,0.78575
MED00391,4,hist_mean,0.72019
MED00392,4,hist_mean,0.73699
MED00393,4,hist_mean,0.41583
MED00394,4,hist_mean,0.44084
MED00395,4,hist_mean,0.70351
MED00396,4,hist_mean,1.45501
MED00397,4,hist_mean,1.17879
MED00398,4,hist_mean,1.78036
MED00399,4,hist_mean,1.75647
MED00400,4,hist_mean,1.50835
MED00401,4,hist_mean,0.48448
MED00402,4,hist_mean,0.69928
MED00403,4,hist_mean,0.41874
MED00404,4,hist_mean,-0.13611
MED00405,4,hist_mean,0.16358
MED00406,4,hist_mean,0.817
MED00407,4,hist_mean,0.69542
MED00408,4,hist_mean,-0.05423
MED00409,4,hist_mean,0.41156
MED00410,4,hist_mean,0.32008
MED00411,4,hist_mean,0.7698
MED00412,4,hist_mean,0.34263
MED00413,4,hist_mean,0.42588
MED00414,4,hist_mean,0.73695
MED00415,4,hist_mean,0.4059
MED00416,4,hist_mean,0.72952
MED00417,4,hist_mean,0.08599
MED00418,4,hist_mean,0.00785
MED00419,4,hist_mean,0.2149
MED00420,4,hist_mean,0.81281
MED00421,4,hist_mean,0.77879
MED00422,4,hist_mean,0.73724
MED00423,4,hist_mean,0.40731
MED00424,4,hist_mean,1.69331
MED00001,5,hist_mean,0.34418
MED00002,5,hist_mean,-2.44026
MED00003,5,hist_mean,-1.9968
MED00004,5,hist_mean,-1.46181
MED00005,5,hist_mean,-0.53223
MED00006,5,hist_mean,-1.25789
MED00007,5,hist_mean,-0.57904
MED00008,5,hist_mean,-1.58163
MED00009,5,hist_mean,-0.58662
MED00010,5,hist_mean,-0.46519
MED00011,5,hist_mean,0.73841
MED00012,5,hist_mean,-0.87584
MED00013,5,hist_mean,-0.40117
MED00014,5,hist_mean,0.47029
MED00015,5,hist_mean,-1.90185
MED00016,5,hist_mean,-0.92975
MED00017,5,hist_mean,-0.94984
MED00018,5,hist_mean,1.51089
MED00019,5,hist_mean,1.2191
MED00020,5,hist_mean,0.20923
MED00021,5,hist_mean,-0.45432
MED00022,5,hist_mean,-0.86296
MED00023,5,hist_mean,-1.29506
MED00024,5,hist_mean,-0.60411
MED00025,5,hist_mean,-2.26907
MED00026,5,hist_mean,-1.97398
MED00027,5,hist_mean,-2.14137
MED00028,5,hist_mean,-1.77959
MED00029,5,hist_mean,0.37935
MED00030,5,hist_mean,-0.47881
MED00031,5,hist_mean,-0.57726
MED00032,5,hist_mean,-0.85615
MED00033,5,hist_mean,-1.1122
MED00034,5,hist_mean,0.56554
MED00035,5,hist_mean,-1.95159
MED00036,5,hist_mean,-0.88857
MED00037,5,hist_mean,-0.47053
MED00038,5,hist_mean,0.43227
MED00039,5,hist_mean,-1.21352
MED00040,5,hist_mean,-1.7268
MED00041,5,hist_mean,-1.85008
MED00042,5,hist_mean,-0.53941
MED00043,5,hist_mean,-1.9224
MED00044,5,hist_mean,-0.91066
MED00045,5,hist_mean,-1.14815
MED00046,5,hist_mean,-0.84171
MED00047,5,hist_mean,-0.16829
MED00048,5,hist_mean,0.45082
MED00049,5,hist_mean,-2.24374
MED00050,5,hist_mean,-0.59281
MED00051,5,hist_mean,-2.40699
MED00052,5,hist_mean,-1.82672
MED00053,5,hist_mean,-0.03692
MED00054,5,hist_mean,-0.03444
MED00055,5,hist_mean,-1.41635
MED00056,5,hist_mean,-1.71412
MED00057,5,hist_mean,-1.88623
MED00058,5,hist_mean,-1.23567
MED00059,5,hist_mean,0.08894
MED00060,5,hist_mean,-0.15776
MED00061,5,hist_mean,-1.54109
MED00062,5,hist_mean,0.40915
MED00063,5,hist_mean,-2.33578
MED00064,5,hist_mean,0.79534
MED00065,5,hist_mean,1.45206
MED00066,5,hist_mean,-1.91881
MED00067,5,hist_mean,-0.91677
MED00068,5,hist_mean,-0.6103
MED00069,5,hist_mean,-1.03008
MED00070,5,hist_mean,0.37089
MED00071,5,hist_mean,-0.86916
MED00072,5,hist_mean,-0.86695
MED00073,5,hist_mean,-0.58322
MED00074,5,hist_mean,-0.6167
MED00075,5,hist_mean,-0.82964
MED00076,5,hist_mean,-2.26721
MED00077,5,hist_mean,-0.48965
MED00078,5,hist_mean,-0.58885
MED00079,5,hist_mean,0.79049
MED00080,5,hist_mean,-0.62343
MED00081,5,hist_mean,-1.98475
MED00082,5,hist_mean,-0.56339
MED00083,5,hist_mean,-0.58186
MED00084,5,hist_mean,1.15546
MED00085,5,hist_mean,-0.93972
MED00086,5,hist_mean,-1.98154
MED00087,5,hist_mean,-1.09254
MED00088,5,hist_mean,0.80095
MED00089,5,hist_mean,0.48568
MED00090,5,hist_mean,-0.50046
MED00091,5,hist_mean,-0.84007
MED00092,5,hist_mean,-1.11213
MED00093,5,hist_mean,-2.13132
MED00094,5,hist_mean,-1.56282
MED00095,5,hist_mean,-0.57128
MED00096,5,hist_mean,0.30661
MED00097,5,hist_mean,-1.87415
MED00098,5,hist_mean,0.16273
MED00099,5,hist_mean,-2.05662
MED00100,5,hist_mean,-2.32729
MED00101,5,hist_mean,-0.37438
MED00102,5,hist_mean,-0.51787
MED00103,5,hist_mean,-0.58777
MED00104,5,hist_mean,0.16458
MED00105,5,hist_mean,0.41841
MED00106,5,hist_mean,-2.27714
MED00107,5,hist_mean,0.1902
MED00108,5,hist_mean,-0.61276
MED00109,5,hist_mean,-1.76485
MED00110,5,hist_mean,-1.88292
MED00111,5,hist_mean,-1.56129
MED00112,5,hist_mean,-0.65665
MED00113,5,hist_mean,-1.01643
MED00114,5,hist_mean,0.28415
MED00115,5,hist_mean,-0.88281
MED00116,5,hist_mean,0.03569
MED00117,5,hist_mean,-1.06917
MED00118,5,hist_mean,-1.19024
MED00119,5,hist_mean,-0.94219
MED00120,5,hist_mean,0.20683
MED00121,5,hist_mean,-0.4542
MED00122,5,hist_mean,-0.88834
MED00123,5,hist_mean,-1.43381
MED00124,5,hist_mean,0.16462
MED00125,5,hist_mean,-2.25135
MED00126,5,hist_mean,-1.453
MED00127,5,hist_mean,-0.90246
MED00128,5,hist_mean,-0.86043
MED00129,5,hist_mean,-1.09189
MED00130,5,hist_mean,-2.22854
MED00131,5,hist_mean,-0.87242
MED00132,5,hist_mean,-1.80362
MED00133,5,hist_mean,-1.81934
MED00134,5,hist_mean,-1.83136
MED00135,5,hist_mean,0.2951
MED00136,5,hist_mean,-0.87691
MED00137,5,hist_mean,-0.86585
MED00138,5,hist_mean,-0.86469
MED00139,5,hist_mean,-0.49872
MED00140,5,hist_mean,-1.0622
MED00141,5,hist_mean,-0.25667
MED00142,5,hist_mean,-1.89599
MED00143,5,hist_mean,-1.0757
MED00144,5,hist_mean,-0.04882
MED00145,5,hist_mean,-1.53087
MED00146,5,hist_mean,-1.06684
MED00147,5,hist_mean,-1.10692
MED00148,5,hist_mean,-0.16228
MED00149,5,hist_mean,-0.416
MED00150,5,hist_mean,-1.07143
MED00151,5,hist_mean,-0.85752
MED00152,5,hist_mean,-0.86141
MED00153,5,hist_mean,-0.85421
MED00154,5,hist_mean,0.37558
MED00155,5,hist_mean,-0.88315
MED00156,5,hist_mean,-0.90479
MED00157,5,hist_mean,-0.26057
MED00158,5,hist_mean,-2.17388
MED00159,5,hist_mean,0.16572
MED00160,5,hist_mean,-0.37539
MED00161,5,hist_mean,-0.05175
MED00162,5,hist_mean,-0.88504
MED00163,5,hist_mean,-1.99614
MED00164,5,hist_mean,-0.90347
MED00165,5,hist_mean,0.24571
MED00166,5,hist_mean,-0.87121
MED00167,5,hist_mean,-1.11965
MED00168,5,hist_mean,-1.01167
MED00169,5,hist_mean,-0.99723
MED00170,5,hist_mean,-1.03018
MED00171,5,hist_mean,-0.86005
MED00172,5,hist_mean,-0.98452
MED00173,5,hist_mean,-0.87232
MED00174,5,hist_mean,-0.16883
MED00175,5,hist_mean,-1.20444
MED00176,5,hist_mean,0.4416
MED00177,5,hist_mean,-2.01336
MED00178,5,hist_mean,-0.90529
MED00179,5,hist_mean,-1.86111
MED00180,5,hist_mean,-0.91598
MED00181,5,hist_mean,-0.5884
MED00182,5,hist_mean,-1.97721
MED00183,5,hist_mean,0.73426
MED00184,5,hist_mean,0.10239
MED00185,5,hist_mean,-1.08566
MED00186,5,hist_mean,-1.01591
MED00187,5,hist_mean,-0.81333
MED00188,5,hist_mean,-0.47948
MED00189,5,hist_mean,-2.27792
MED00190,5,hist_mean,-0.91167
MED00191,5,hist_mean,0.39897
MED00192,5,hist_mean,-2.33415
MED00193,5,hist_mean,-2.3646
MED00194,5,hist_mean,0.02896
MED00195,5,hist_mean,-0.11635
MED00196,5,hist_mean,0.01971
MED00197,5,hist_mean,0.02647
MED00198,5,hist_mean,-1.09056
MED00199,5,hist_mean,-1.11184
MED00200,5,hist_mean,-1.04774
MED00201,5,hist_mean,0.18726
MED00202,5,hist_mean,-1.05139
MED00203,5,hist_mean,-0.8649
MED00204,5,hist_mean,-0.86504
MED00205,5,hist_mean,0.45449
MED00206,5,hist_mean,-1.24725
MED00207,5,hist_mean,-0.93489
MED00208,5,hist_mean,0.41398
MED00209,5,hist_mean,-0.80443
MED00210,5,hist_mean,-1.23245
MED00211,5,hist_mean,-0.84946
MED00212,5,hist_mean,-0.8777
MED00213,5,hist_mean,-1.0264
MED00214,5,hist_mean,0.30514
MED00215,5,hist_mean,-0.85285
MED00216,5,hist_mean,-2.37782
MED00217,5,hist_mean,-2.24554
MED00218,5,hist_mean,-0.29819
MED00219,5,hist_mean,0.29438
MED00220,5,hist_mean,-0.90906
MED00221,5,hist_mean,-0.53001
MED00222,5,hist_mean,-1.83589
MED00223,5,hist_mean,0.19119
MED00224,5,hist_mean,-1.09162
MED00225,5,hist_mean,-0.40123
MED00226,5,hist_mean,-0.88579
MED00227,5,hist_mean,0.38059
MED00228,5,hist_mean,-1.08966
MED00229,5,hist_mean,-1.58113
MED00230,5,hist_mean,0.37727
MED00231,5,hist_mean,-1.2528
MED00232,5,hist_mean,-0.52367
MED00233,5,hist_mean,-1.82854
MED00234,5,hist_mean,-1.05969
MED00235,5,hist_mean,1.53005
MED00236,5,hist_mean,-0.87147
MED00237,5,hist_mean,-0.3292
MED00238,5,hist_mean,-0.98438
MED00239,5,hist_mean,-0.47639
MED00240,5,hist_mean,-0.39676
MED00241,5,hist_mean,-0.74616
MED00242,5,hist_mean,0.25301
MED00243,5,hist_mean,-2.39212
MED00244,5,hist_mean,-0.87527
MED00245,5,hist_mean,1.52272
MED00246,5,hist_mean,-0.15939
MED00247,5,hist_mean,0.41319
MED00248,5,hist_mean,-0.86096
MED00249,5,hist_mean,0.75892
MED00250,5,hist_mean,0.34013
MED00251,5,hist_mean,-1.05833
MED00252,5,hist_mean,-1.90829
MED00253,5,hist_mean,-0.46208
MED00254,5,hist_mean,-1.90122
MED00255,5,hist_mean,-0.15144
MED00256,5,hist_mean,-0.91332
MED00257,5,hist_mean,-0.39685
MED00258,5,hist_mean,-0.91994
MED00259,5,hist_mean,-0.8951
MED00260,5,hist_mean,-1.86025
MED00261,5,hist_mean,-1.52137
MED00262,5,hist_mean,-0.62693
MED00263,5,hist_mean,-0.5696
MED00264,5,hist_mean,-1.92669
MED00265,5,hist_mean,-0.04665
MED00266,5,hist_mean,0.29851
MED00267,5,hist_mean,-0.16785
MED00268,5,hist_mean,-0.90851
MED00269,5,hist_mean,-0.84829
MED00270,5,hist_mean,-0.8747
MED00271,5,hist_mean,-0.93642
MED00272,5,hist_mean,-0.40718
MED00273,5,hist_mean,-0.54277
MED00274,5,hist_mean,-1.86243
MED00275,5,hist_mean,0.23078
MED00276,5,hist_mean,-0.94939
MED00277,5,hist_mean,-2.2781
MED00278,5,hist_mean,0.15778
MED00279,5,hist_mean,0.60553
MED00280,5,hist_mean,-2.25224
MED00281,5,hist_mean,0.40676
MED00282,5,hist_mean,-0.58454
MED00283,5,hist_mean,-0.92446
MED00284,5,hist_mean,-1.34844
MED00285,5,hist_mean,-0.16801
MED00286,5,hist_mean,-0.49337
MED00287,5,hist_mean,-0.56634
MED00288,5,hist_mean,1.15323
MED00289,5,hist_mean,-0.31619
MED00290,5,hist_mean,-1.07526
MED00291,5,hist_mean,0.30612
MED00292,5,hist_mean,-1.05567
MED00293,5,hist_mean,-0.46659
MED00294,5,hist_mean,-1.35978
MED00295,5,hist_mean,-2.12463
MED00296,5,hist_mean,-0.39826
MED00297,5,hist_mean,-0.05909
MED00298,5,hist_mean,-0.90397
MED00299,5,hist_mean,-1.94091
MED00300,5,hist_mean,-0.97156
MED00301,5,hist_mean,-0.16158
MED00302,5,hist_mean,0.06555
MED00303,5,hist_mean,-0.84141
MED00304,5,hist_mean,-0.3378
MED00305,5,hist_mean,-1.02012
MED00306,5,hist_mean,-1.98055
MED00307,5,hist_mean,0.74846
MED00308,5,hist_mean,-1.67202
MED00309,5,hist_mean,-0.56392
MED00310,5,hist_mean,-0.54092
MED00311,5,hist_mean,-0.5154
MED00312,5,hist_mean,-1.86555
MED00313,5,hist_mean,-1.8303
MED00314,5,hist_mean,0.17134
MED00315,5,hist_mean,0.30839
MED00316,5,hist_mean,-0.59171
MED00317,5,hist_mean,-0.86615
MED00318,5,hist_mean,-0.87345
MED00319,5,hist_mean,0.41244
MED00320,5,hist_mean,-0.14641
MED00321,5,hist_mean,-1.48052
MED00322,5,hist_mean,-2.28437
MED00323,5,hist_mean,-1.40017
MED00324,5,hist_mean,-1.20873
MED00325,5,hist_mean,0.04897
MED00326,5,hist_mean,0.30672
MED00327,5,hist_mean,-0.52989
MED00328,5,hist_mean,-0.37802
MED00329,5,hist_mean,0.40418
MED00330,5,hist_mean,-0.38208
MED00331,5,hist_mean,-1.04974
MED00332,5,hist_mean,-0.54736
MED00333,5,hist_mean,-0.80405
MED00334,5,hist_mean,0.29407
MED00335,5,hist_mean,-0.16488
MED00336,5,hist_mean,0.30727
MED00337,5,hist_mean,1.46604
MED00338,5,hist_mean,0.20631
MED00339,5,hist_mean,-1.07964
MED00340,5,hist_mean,-0.86543
MED00341,5,hist_mean,-0.15598
MED00342,5,hist_mean,-0.93379
MED00343,5,hist_mean,0.31923
MED00344,5,hist_mean,-0.30673
MED00345,5,hist_mean,-2.24495
MED00346,5,hist_mean,-0.51472
MED00347,5,hist_mean,-2.30448
MED00348,5,hist_mean,-1.08761
MED00349,5,hist_mean,-0.84223
MED00350,5,hist_mean,-0.92688
MED00351,5,hist_mean,-1.67495
MED00352,5,hist_mean,-2.01645
MED00353,5,hist_mean,-1.42761
MED00354,5,hist_mean,-1.36697
MED00355,5,hist_mean,0.33665
MED00356,5,hist_mean,-0.93896
MED00357,5,hist_mean,-2.26595
MED00358,5,hist_mean,-0.15315
MED00359,5,hist_mean,-0.88678
MED00360,5,hist_mean,-0.84941
MED00361,5,hist_mean,-0.89294
MED00362,5,hist_mean,-0.90687
MED00363,5,hist_mean,-1.04988
MED00364,5,hist_mean,-2.29192
MED00365,5,hist_mean,-0.86371
MED00366,5,hist_mean,0.31163
MED00367,5,hist_mean,-0.88297
MED00368,5,hist_mean,-0.61816
MED00369,5,hist_mean,-0.43935
MED00370,5,hist_mean,-1.98484
MED00371,5,hist_mean,0.36541
MED00372,5,hist_mean,-2.2691
MED00373,5,hist_mean,-1.58926
MED00374,5,hist_mean,-1.03523
MED00375,5,hist_mean,0.37701
MED00376,5,hist_mean,-0.8686
MED00377,5,hist_mean,-1.56454
MED00378,5,hist_mean,-0.86277
MED00379,5,hist_mean,-1.4605
MED00380,5,hist_mean,-1.7322
MED00381,5,hist_mean,-0.92004
MED00382,5,hist_mean,-0.93468
MED00383,5,hist_mean,0.04377
MED00384,5,hist_mean,-0.89598
MED00385,5,hist_mean,0.74507
MED00386,5,hist_mean,0.47648
MED00387,5,hist_mean,0.74823
MED00388,5,hist_mean,1.71009
MED00389,5,hist_mean,0.25723
MED00390,5,hist_mean,0.76845
MED00391,5,hist_mean,0.68001
MED00392,5,hist_mean,0.70139
MED00393,5,hist_mean,0.41766
MED00394,5,hist_mean,0.43721
MED00395,5,hist_mean,0.70374
MED00396,5,hist_mean,1.47005
MED00397,5,hist_mean,1.18574
MED00398,5,hist_mean,1.79459
MED00399,5,hist_mean,1.77222
MED00400,5,hist_mean,1.51331
MED00401,5,hist_mean,0.43476
MED00402,5,hist_mean,0.6659
MED00403,5,hist_mean,0.44287
MED00404,5,hist_mean,-0.21136
MED00405,5,hist_mean,0.13518
MED00406,5,hist_mean,0.79652
MED00407,5,hist_mean,0.6658
MED00408,5,hist_mean,-0.12202
MED00409,5,hist_mean,0.38203
MED00410,5,hist_mean,0.24172
MED00411,5,hist_mean,0.75279
MED00412,5,hist_mean,0.33907
MED00413,5,hist_mean,0.41897
MED00414,5,hist_mean,0.70683
MED00415,5,hist_mean,0.40597
MED00416,5,hist_mean,0.69141
MED00417,5,hist_mean,0.04721
MED00418,5,hist_mean,-0.02276
MED00419,5,hist_mean,0.18869
MED00420,5,hist_mean,0.79009
MED00421,5,hist_mean,0.73997
MED00422,5,hist_mean,0.67338
MED00423,5,hist_mean,0.41694
MED00424,5,hist_mean,1.70621
MED00001,6,hist_mean,0.34245
MED00002,6,hist_mean,-2.43476
MED00003,6,hist_mean,-2.00093
MED00004,6,hist_mean,-1.4686
MED00005,6,hist_mean,-0.53027
MED00006,6,hist_mean,-1.25054
MED00007,6,hist_mean,-0.573
MED00008,6,hist_mean,-1.57875
MED00009,6,hist_mean,-0.58668
MED00010,6,hist_mean,-0.46028
MED00011,6,hist_mean,0.74246
MED00012,6,hist_mean,-0.87062
MED00013,6,hist_mean,-0.39928
MED00014,6,hist_mean,0.47253
MED00015,6,hist_mean,-1.89937
MED00016,6,hist_mean,-0.92714
MED00017,6,hist_mean,-0.94518
MED00018,6,hist_mean,1.51762
MED00019,6,hist_mean,1.22551
MED00020,6,hist_mean,0.20859
MED00021,6,hist_mean,-0.45351
MED00022,6,hist_mean,-0.86126
MED00023,6,hist_mean,-1.28984
MED00024,6,hist_mean,-0.60783
MED00025,6,hist_mean,-2.28085
MED00026,6,hist_mean,-1.96961
MED00027,6,hist_mean,-2.14856
MED00028,6,hist_mean,-1.77727
MED00029,6,hist_mean,0.37693
MED00030,6,hist_mean,-0.47846
MED00031,6,hist_mean,-0.57216
MED00032,6,hist_mean,-0.84976
MED00033,6,hist_mean,-1.11144
MED00034,6,hist_mean,0.56791
MED00035,6,hist_mean,-1.95148
MED00036,6,hist_mean,-0.88839
MED00037,6,hist_mean,-0.46868
MED00038,6,hist_mean,0.43055
MED00039,6,hist_mean,-1.2113
MED00040,6,hist_mean,-1.7204
MED00041,6,hist_mean,-1.84681
MED00042,6,hist_mean,-0.54025
MED00043,6,hist_mean,-1.92558
MED00044,6,hist_mean,-0.90443
MED00045,6,hist_mean,-1.14122
MED00046,6,hist_mean,-0.84202
MED00047,6,hist_mean,-0.16982
MED00048,6,hist_mean,0.45015
MED00049,6,hist_mean,-2.24744
MED00050,6,hist_mean,-0.58936
MED00051,6,hist_mean,-2.42028
MED00052,6,hist_mean,-1.82261
MED00053,6,hist_mean,-0.03913
MED00054,6,hist_mean,-0.03096
MED00055,6,hist_mean,-1.41516
MED00056,6,hist_mean,-1.70821
MED00057,6,hist_mean,-1.87908
MED00058,6,hist_mean,-1.22681
MED00059,6,hist_mean,0.08812
MED00060,6,hist_mean,-0.15802
MED00061,6,hist_mean,-1.53618
MED00062,6,hist_mean,0.40051
MED00063,6,hist_mean,-2.36685
MED00064,6,hist_mean,0.80033
MED00065,6,hist_mean,1.46523
MED00066,6,hist_mean,-1.91675
MED00067,6,hist_mean,-0.91377
MED00068,6,hist_mean,-0.60934
MED00069,6,hist_mean,-1.0251
MED00070,6,hist_mean,0.36228
MED00071,6,hist_mean,-0.86746
MED00072,6,hist_mean,-0.86341
MED00073,6,hist_mean,-0.58142
MED00074,6,hist_mean,-0.61464
MED00075,6,hist_mean,-0.82843
MED00076,6,hist_mean,-2.26192
MED00077,6,hist_mean,-0.48345
MED00078,6,hist_mean,-0.5834
MED00079,6,hist_mean,0.78852
MED00080,6,hist_mean,-0.62367
MED00081,6,hist_mean,-1.98802
MED00082,6,hist_mean,-0.56674
MED00083,6,hist_mean,-0.57733
MED00084,6,hist_mean,1.15893
MED00085,6,hist_mean,-0.93702
MED00086,6,hist_mean,-1.98344
MED00087,6,hist_mean,-1.08066
MED00088,6,hist_mean,0.80575
MED00089,6,hist_mean,0.48453
MED00090,6,hist_mean,-0.50035
MED00091,6,hist_mean,-0.83514
MED00092,6,hist_mean,-1.10814
MED00093,6,hist_mean,-2.13287
MED00094,6,hist_mean,-1.55884
MED00095,6,hist_mean,-0.57046
MED00096,6,hist_mean,0.30981
MED00097,6,hist_mean,-1.87358
MED00098,6,hist_mean,0.1617
MED00099,6,hist_mean,-2.06388
MED00100,6,hist_mean,-2.34388
MED00101,6,hist_mean,-0.3725
MED00102,6,hist_mean,-0.51579
MED00103,6,hist_mean,-0.58412
MED00104,6,hist_mean,0.1644
MED00105,6,hist_mean,0.41664
MED00106,6,hist_mean,-2.30858
MED00107,6,hist_mean,0.19035
MED00108,6,hist_mean,-0.61116
MED00109,6,hist_mean,-1.77447
MED00110,6,hist_mean,-1.88425
MED00111,6,hist_mean,-1.56097
MED00112,6,hist_mean,-0.65522
MED00113,6,hist_mean,-1.01451
MED00114,6,hist_mean,0.28579
MED00115,6,hist_mean,-0.8794
MED00116,6,hist_mean,0.03886
MED00117,6,hist_mean,-1.06787
MED00118,6,hist_mean,-1.18536
MED00119,6,hist_mean,-0.93964
MED00120,6,hist_mean,0.20065
MED00121,6,hist_mean,-0.45228
MED00122,6,hist_mean,-0.88654
MED00123,6,hist_mean,-1.42489
MED00124,6,hist_mean,0.1648
MED00125,6,hist_mean,-2.25206
MED00126,6,hist_mean,-1.46056
MED00127,6,hist_mean,-0.9008
MED00128,6,hist_mean,-0.85645
MED00129,6,hist_mean,-1.08109
MED00130,6,hist_mean,-2.23136
MED00131,6,hist_mean,-0.86868
MED00132,6,hist_mean,-1.79485
MED00133,6,hist_mean,-1.81513
MED00134,6,hist_mean,-1.84105
MED00135,6,hist_mean,0.29205
MED00136,6,hist_mean,-0.87218
MED00137,6,hist_mean,-0.8656
MED00138,6,hist_mean,-0.86264
MED00139,6,hist_mean,-0.49999
MED00140,6,hist_mean,-1.05929
MED00141,6,hist_mean,-0.25629
MED00142,6,hist_mean,-1.89882
MED00143,6,hist_mean,-1.06817
MED00144,6,hist_mean,-0.05196
MED00145,6,hist_mean,-1.52648
MED00146,6,hist_mean,-1.05423
MED00147,6,hist_mean,-1.09767
MED00148,6,hist_mean,-0.15734
MED00149,6,hist_mean,-0.41451
MED00150,6,hist_mean,-1.07148
MED00151,6,hist_mean,-0.85554
MED00152,6,hist_mean,-0.85943
MED00153,6,hist_mean,-0.84965
MED00154,6,hist_mean,0.37668
MED00155,6,hist_mean,-0.88107
MED00156,6,hist_mean,-0.90257
MED00157,6,hist_mean,-0.26175
MED00158,6,hist_mean,-2.18043
MED00159,6,hist_mean,0.17106
MED00160,6,hist_mean,-0.37493
MED00161,6,hist_mean,-0.05505
MED00162,6,hist_mean,-0.87747
MED00163,6,hist_mean,-1.99792
MED00164,6,hist_mean,-0.89554
MED00165,6,hist_mean,0.23612
MED00166,6,hist_mean,-0.86508
MED00167,6,hist_mean,-1.11726
MED00168,6,hist_mean,-1.00183
MED00169,6,hist_mean,-0.98981
MED00170,6,hist_mean,-1.02851
MED00171,6,hist_mean,-0.85741
MED00172,6,hist_mean,-0.98323
MED00173,6,hist_mean,-0.86039
MED00174,6,hist_mean,-0.1708
MED00175,6,hist_mean,-1.2116
MED00176,6,hist_mean,0.43987
MED00177,6,hist_mean,-2.01117
MED00178,6,hist_mean,-0.89039
MED00179,6,hist_mean,-1.86207
MED00180,6,hist_mean,-0.90569
MED00181,6,hist_mean,-0.58445
MED00182,6,hist_mean,-1.98076
MED00183,6,hist_mean,0.73262
MED00184,6,hist_mean,0.10089
MED00185,6,hist_mean,-1.08361
MED00186,6,hist_mean,-1.01251
MED00187,6,hist_mean,-0.80972
MED00188,6,hist_mean,-0.47892
MED00189,6,hist_mean,-2.28093
MED00190,6,hist_mean,-0.90815
MED00191,6,hist_mean,0.40014
MED00192,6,hist_mean,-2.33615
MED00193,6,hist_mean,-2.36746
MED00194,6,hist_mean,0.03293
MED00195,6,hist_mean,-0.11571
MED00196,6,hist_mean,0.02117
MED00197,6,hist_mean,0.02947
MED00198,6,hist_mean,-1.08779
MED00199,6,hist_mean,-1.09659
MED00200,6,hist_mean,-1.0399
MED00201,6,hist_mean,0.18823
MED00202,6,hist_mean,-1.04161
MED00203,6,hist_mean,-0.8601
MED00204,6,hist_mean,-0.86136
MED00205,6,hist_mean,0.45265
MED00206,6,hist_mean,-1.2438
MED00207,6,hist_mean,-0.92783
MED00208,6,hist_mean,0.41267
MED00209,6,hist_mean,-0.80003
MED00210,6,hist_mean,-1.23414
MED00211,6,hist_mean,-0.84341
MED00212,6,hist_mean,-0.88159
MED00213,6,hist_mean,-1.03105
MED00214,6,hist_mean,0.30489
MED00215,6,hist_mean,-0.84915
MED00216,6,hist_mean,-2.39874
MED00217,6,hist_mean,-2.24061
MED00218,6,hist_mean,-0.29785
MED00219,6,hist_mean,0.29497
MED00220,6,hist_mean,-0.90044
MED00221,6,hist_mean,-0.5261
MED00222,6,hist_mean,-1.84564
MED00223,6,hist_mean,0.17948
MED00224,6,hist_mean,-1.08427
MED00225,6,hist_mean,-0.39894
MED00226,6,hist_mean,-0.87835
MED00227,6,hist_mean,0.38131
MED00228,6,hist_mean,-1.08887
MED00229,6,hist_mean,-1.58792
MED00230,6,hist_mean,0.38098
MED00231,6,hist_mean,-1.2503
MED00232,6,hist_mean,-0.52356
MED00233,6,hist_mean,-1.81276
MED00234,6,hist_mean,-1.05678
MED00235,6,hist_mean,1.5346
MED00236,6,hist_mean,-0.86741
MED00237,6,hist_mean,-0.32962
MED00238,6,hist_mean,-0.97467
MED00239,6,hist_mean,-0.47515
MED00240,6,hist_mean,-0.39454
MED00241,6,hist_mean,-0.74977
MED00242,6,hist_mean,0.25381
MED00243,6,hist_mean,-2.38699
MED00244,6,hist_mean,-0.86888
MED00245,6,hist_mean,1.53444
MED00246,6,hist_mean,-0.16053
MED00247,6,hist_mean,0.41169
MED00248,6,hist_mean,-0.86044
MED00249,6,hist_mean,0.7639
MED00250,6,hist_mean,0.33069
MED00251,6,hist_mean,-1.05496
MED00252,6,hist_mean,-1.91226
MED00253,6,hist_mean,-0.46159
MED00254,6,hist_mean,-1.90714
MED00255,6,hist_mean,-0.14504
MED00256,6,hist_mean,-0.89659
MED00257,6,hist_mean,-0.39662
MED00258,6,hist_mean,-0.91487
MED00259,6,hist_mean,-0.89298
MED00260,6,hist_mean,-1.85688
MED00261,6,hist_mean,-1.5234
MED00262,6,hist_mean,-0.6274
MED00263,6,hist_mean,-0.56951
MED00264,6,hist_mean,-1.93776
MED00265,6,hist_mean,-0.05005
MED00266,6,hist_mean,0.29565
MED00267,6,hist_mean,-0.16848
MED00268,6,hist_mean,-0.90689
MED00269,6,hist_mean,-0.84591
MED00270,6,hist_mean,-0.87243
MED00271,6,hist_mean,-0.93847
MED00272,6,hist_mean,-0.40712
MED00273,6,hist_mean,-0.54885
MED00274,6,hist_mean,-1.85084
MED00275,6,hist_mean,0.22917
MED00276,6,hist_mean,-0.94626
MED00277,6,hist_mean,-2.28092
MED00278,6,hist_mean,0.15778
MED00279,6,hist_mean,0.60711
MED00280,6,hist_mean,-2.24729
MED00281,6,hist_mean,0.40428
MED00282,6,hist_mean,-0.58976
MED00283,6,hist_mean,-0.90915
MED00284,6,hist_mean,-1.34652
MED00285,6,hist_mean,-0.1689
MED00286,6,hist_mean,-0.49173
MED00287,6,hist_mean,-0.56592
MED00288,6,hist_mean,1.16189
MED00289,6,hist_mean,-0.31143
MED00290,6,hist_mean,-1.06951
MED00291,6,hist_mean,0.30537
MED00292,6,hist_mean,-1.04952
MED00293,6,hist_mean,-0.4662
MED00294,6,hist_mean,-1.35784
MED00295,6,hist_mean,-2.14254
MED00296,6,hist_mean,-0.3959
MED00297,6,hist_mean,-0.06217
MED00298,6,hist_mean,-0.89988
MED00299,6,hist_mean,-1.9409
MED00300,6,hist_mean,-0.96274
MED00301,6,hist_mean,-0.16304
MED00302,6,hist_mean,0.06389
MED00303,6,hist_mean,-0.83923
MED00304,6,hist_mean,-0.33691
MED00305,6,hist_mean,-1.01301
MED00306,6,hist_mean,-1.98555
MED00307,6,hist_mean,0.75299
MED00308,6,hist_mean,-1.6681
MED00309,6,hist_mean,-0.56036
MED00310,6,hist_mean,-0.54057
MED00311,6,hist_mean,-0.51183
MED00312,6,hist_mean,-1.86035
MED00313,6,hist_mean,-1.83326
MED00314,6,hist_mean,0.16408
MED00315,6,hist_mean,0.30779
MED00316,6,hist_mean,-0.59614
MED00317,6,hist_mean,-0.86014
MED00318,6,hist_mean,-0.8684
MED00319,6,hist_mean,0.41063
MED00320,6,hist_mean,-0.15255
MED00321,6,hist_mean,-1.4756
MED00322,6,hist_mean,-2.28754
MED00323,6,hist_mean,-1.38827
MED00324,6,hist_mean,-1.19863
MED00325,6,hist_mean,0.04486
MED00326,6,hist_mean,0.30615
MED00327,6,hist_mean,-0.52929
MED00328,6,hist_mean,-0.37708
MED00329,6,hist_mean,0.40239
MED00330,6,hist_mean,-0.38087
MED00331,6,hist_mean,-1.04802
MED00332,6,hist_mean,-0.54678
MED00333,6,hist_mean,-0.80193
MED00334,6,hist_mean,0.29698
MED00335,6,hist_mean,-0.16439
MED00336,6,hist_mean,0.30662
MED00337,6,hist_mean,1.47565
MED00338,6,hist_mean,0.19902
MED00339,6,hist_mean,-1.06907
MED00340,6,hist_mean,-0.86283
MED00341,6,hist_mean,-0.15694
MED00342,6,hist_mean,-0.9298
MED00343,6,hist_mean,0.31828
MED00344,6,hist_mean,-0.30517
MED00345,6,hist_mean,-2.24781
MED00346,6,hist_mean,-0.51336
MED00347,6,hist_mean,-2.32017
MED00348,6,hist_mean,-1.08139
MED00349,6,hist_mean,-0.83923
MED00350,6,hist_mean,-0.92461
MED00351,6,hist_mean,-1.68188
MED00352,6,hist_mean,-2.02302
MED00353,6,hist_mean,-1.43461
MED00354,6,hist_mean,-1.36851
MED00355,6,hist_mean,0.33473
MED00356,6,hist_mean,-0.93673
MED00357,6,hist_mean,-2.26081
MED00358,6,hist_mean,-0.15369
MED00359,6,hist_mean,-0.88223
MED00360,6,hist_mean,-0.84851
MED00361,6,hist_mean,-0.89125
MED00362,6,hist_mean,-0.90568
MED00363,6,hist_mean,-1.04853
MED00364,6,hist_mean,-2.30954
MED00365,6,hist_mean,-0.86139
MED00366,6,hist_mean,0.31156
MED00367,6,hist_mean,-0.8764
MED00368,6,hist_mean,-0.61745
MED00369,6,hist_mean,-0.43574
MED00370,6,hist_mean,-1.98265
MED00371,6,hist_mean,0.36235
MED00372,6,hist_mean,-2.27069
MED00373,6,hist_mean,-1.58644
MED00374,6,hist_mean,-1.02732
MED00375,6,hist_mean,0.38185
MED00376,6,hist_mean,-0.86285
MED00377,6,hist_mean,-1.5637
MED00378,6,hist_mean,-0.8591
MED00379,6,hist_mean,-1.45732
MED00380,6,hist_mean,-1.73704
MED00381,6,hist_mean,-0.9166
MED00382,6,hist_mean,-0.9248
MED00383,6,hist_mean,0.04446
MED00384,6,hist_mean,-0.89373
MED00385,6,hist_mean,0.74737
MED00386,6,hist_mean,0.4732
MED00387,6,hist_mean,0.74891
MED00388,6,hist_mean,1.67727
MED00389,6,hist_mean,0.25721
MED00390,6,hist_mean,0.76246
MED00391,6,hist_mean,0.67582
MED00392,6,hist_mean,0.70145
MED00393,6,hist_mean,0.40295
MED00394,6,hist_mean,0.4392
MED00395,6,hist_mean,0.70189
MED00396,6,hist_mean,1.4919
MED00397,6,hist_mean,1.19539
MED00398,6,hist_mean,1.77891
MED00399,6,hist_mean,1.75554
MED00400,6,hist_mean,1.51897
MED00401,6,hist_mean,0.44371
MED00402,6,hist_mean,0.664
MED00403,6,hist_mean,0.43731
MED00404,6,hist_mean,-0.2134
MED00405,6,hist_mean,0.13461
MED00406,6,hist_mean,0.79595
MED00407,6,hist_mean,0.66859
MED00408,6,hist_mean,-0.11848
MED00409,6,hist_mean,0.37977
MED00410,6,hist_mean,0.24698
MED00411,6,hist_mean,0.75189
MED00412,6,hist_mean,0.33789
MED00413,6,hist_mean,0.41364
MED00414,6,hist_mean,0.7063
MED00415,6,hist_mean,0.40438
MED00416,6,hist_mean,0.69259
MED00417,6,hist_mean,0.04583
MED00418,6,hist_mean,-0.02542
MED00419,6,hist_mean,0.18595
MED00420,6,hist_mean,0.79462
MED00421,6,hist_mean,0.74451
MED00422,6,hist_mean,0.67041
MED00423,6,hist_mean,0.41447
MED00424,6,hist_mean,1.66519
MED00001,7,hist_mean,0.33398
MED00002,7,hist_mean,-2.44618
MED00003,7,hist_mean,-2.0074
MED00004,7,hist_mean,-1.46656
MED00005,7,hist_mean,-0.53163
MED00006,7,hist_mean,-1.25305
MED00007,7,hist_mean,-0.58473
MED00008,7,hist_mean,-1.5919
MED00009,7,hist_mean,-0.59397
MED00010,7,hist_mean,-0.46452
MED00011,7,hist_mean,0.71032
MED00012,7,hist_mean,-0.87703
MED00013,7,hist_mean,-0.40883
MED00014,7,hist_mean,0.47005
MED00015,7,hist_mean,-1.90962
MED00016,7,hist_mean,-0.93387
MED00017,7,hist_mean,-0.95172
MED00018,7,hist_mean,1.51821
MED00019,7,hist_mean,1.21934
MED00020,7,hist_mean,0.20456
MED00021,7,hist_mean,-0.45744
MED00022,7,hist_mean,-0.85859
MED00023,7,hist_mean,-1.29777
MED00024,7,hist_mean,-0.61118
MED00025,7,hist_mean,-2.30631
MED00026,7,hist_mean,-1.97335
MED00027,7,hist_mean,-2.15897
MED00028,7,hist_mean,-1.7867
MED00029,7,hist_mean,0.37522
MED00030,7,hist_mean,-0.47937
MED00031,7,hist_mean,-0.57596
MED00032,7,hist_mean,-0.85677
MED00033,7,hist_mean,-1.11377
MED00034,7,hist_mean,0.56561
MED00035,7,hist_mean,-1.96264
MED00036,7,hist_mean,-0.8934
MED00037,7,hist_mean,-0.46991
MED00038,7,hist_mean,0.43242
MED00039,7,hist_mean,-1.20718
MED00040,7,hist_mean,-1.72251
MED00041,7,hist_mean,-1.84414
MED00042,7,hist_mean,-0.54354
MED00043,7,hist_mean,-1.9239
MED00044,7,hist_mean,-0.90773
MED00045,7,hist_mean,-1.144
MED00046,7,hist_mean,-0.84026
MED00047,7,hist_mean,-0.17919
MED00048,7,hist_mean,0.44152
MED00049,7,hist_mean,-2.25267
MED00050,7,hist_mean,-0.59702
MED00051,7,hist_mean,-2.418
MED00052,7,hist_mean,-1.83393
MED00053,7,hist_mean,-0.03945
MED00054,7,hist_mean,-0.03056
MED00055,7,hist_mean,-1.41665
MED00056,7,hist_mean,-1.70552
MED00057,7,hist_mean,-1.88052
MED00058,7,hist_mean,-1.22701
MED00059,7,hist_mean,0.07973
MED00060,7,hist_mean,-0.16743
MED00061,7,hist_mean,-1.5464
MED00062,7,hist_mean,0.39258
MED00063,7,hist_mean,-2.36499
MED00064,7,hist_mean,0.79635
MED00065,7,hist_mean,1.45493
MED00066,7,hist_mean,-1.92849
MED00067,7,hist_mean,-0.91779
MED00068,7,hist_mean,-0.60905
MED00069,7,hist_mean,-1.02893
MED00070,7,hist_mean,0.36015
MED00071,7,hist_mean,-0.86688
MED00072,7,hist_mean,-0.86317
MED00073,7,hist_mean,-0.58404
MED00074,7,hist_mean,-0.61906
MED00075,7,hist_mean,-0.83541
MED00076,7,hist_mean,-2.27393
MED00077,7,hist_mean,-0.49198
MED00078,7,hist_mean,-0.58826
MED00079,7,hist_mean,0.75899
MED00080,7,hist_mean,-0.62724
MED00081,7,hist_mean,-1.9948
MED00082,7,hist_mean,-0.56737
MED00083,7,hist_mean,-0.57611
MED00084,7,hist_mean,1.15659
MED00085,7,hist_mean,-0.94429
MED00086,7,hist_mean,-1.97908
MED00087,7,hist_mean,-1.08451
MED00088,7,hist_mean,0.80147
MED00089,7,hist_mean,0.48085
MED00090,7,hist_mean,-0.50967
MED00091,7,hist_mean,-0.83842
MED00092,7,hist_mean,-1.11029
MED00093,7,hist_mean,-2.1448
MED00094,7,hist_mean,-1.56809
MED00095,7,hist_mean,-0.58069
MED00096,7,hist_mean,0.31106
MED00097,7,hist_mean,-1.86908
MED00098,7,hist_mean,0.15397
MED00099,7,hist_mean,-2.07052
MED00100,7,hist_mean,-2.34516
MED00101,7,hist_mean,-0.3804
MED00102,7,hist_mean,-0.51873
MED00103,7,hist_mean,-0.59211
MED00104,7,hist_mean,0.15655
MED00105,7,hist_mean,0.40948
MED00106,7,hist_mean,-2.30608
MED00107,7,hist_mean,0.18336
MED00108,7,hist_mean,-0.62022
MED00109,7,hist_mean,-1.776
MED00110,7,hist_mean,-1.88044
MED00111,7,hist_mean,-1.5724
MED00112,7,hist_mean,-0.66315
MED00113,7,hist_mean,-1.01914
MED00114,7,hist_mean,0.28486
MED00115,7,hist_mean,-0.88597
MED00116,7,hist_mean,0.03562
MED00117,7,hist_mean,-1.07661
MED00118,7,hist_mean,-1.18784
MED00119,7,hist_mean,-0.94556
MED00120,7,hist_mean,0.1981
MED00121,7,hist_mean,-0.45947
MED00122,7,hist_mean,-0.89276
MED00123,7,hist_mean,-1.42086
MED00124,7,hist_mean,0.15767
MED00125,7,hist_mean,-2.25927
MED00126,7,hist_mean,-1.45441
MED00127,7,hist_mean,-0.90762
MED00128,7,hist_mean,-0.86312
MED00129,7,hist_mean,-1.09218
MED00130,7,hist_mean,-2.23778
MED00131,7,hist_mean,-0.86711
MED00132,7,hist_mean,-1.78893
MED00133,7,hist_mean,-1.81419
MED00134,7,hist_mean,-1.83653
MED00135,7,hist_mean,0.28967
MED00136,7,hist_mean,-0.87318
MED00137,7,hist_mean,-0.87012
MED00138,7,hist_mean,-0.87005
MED00139,7,hist_mean,-0.50746
MED00140,7,hist_mean,-1.06456
MED00141,7,hist_mean,-0.25993
MED00142,7,hist_mean,-1.8989
MED00143,7,hist_mean,-1.07303
MED00144,7,hist_mean,-0.06135
MED00145,7,hist_mean,-1.5387
MED00146,7,hist_mean,-1.05981
MED00147,7,hist_mean,-1.10246
MED00148,7,hist_mean,-0.16674
MED00149,7,hist_mean,-0.42332
MED00150,7,hist_mean,-1.07467
MED00151,7,hist_mean,-0.86166
MED00152,7,hist_mean,-0.8656
MED00153,7,hist_mean,-0.8557
MED00154,7,hist_mean,0.3724
MED00155,7,hist_mean,-0.88755
MED00156,7,hist_mean,-0.9048
MED00157,7,hist_mean,-0.26951
MED00158,7,hist_mean,-2.19095
MED00159,7,hist_mean,0.17272
MED00160,7,hist_mean,-0.38204
MED00161,7,hist_mean,-0.06416
MED00162,7,hist_mean,-0.88122
MED00163,7,hist_mean,-2.00354
MED00164,7,hist_mean,-0.89493
MED00165,7,hist_mean,0.23928
MED00166,7,hist_mean,-0.87186
MED00167,7,hist_mean,-1.12277
MED00168,7,hist_mean,-1.01009
MED00169,7,hist_mean,-0.99665
MED00170,7,hist_mean,-1.03658
MED00171,7,hist_mean,-0.86325
MED00172,7,hist_mean,-0.98926
MED00173,7,hist_mean,-0.86704
MED00174,7,hist_mean,-0.17602
MED00175,7,hist_mean,-1.21171
MED00176,7,hist_mean,0.43787
MED00177,7,hist_mean,-2.03314
MED00178,7,hist_mean,-0.89138
MED00179,7,hist_mean,-1.8568
MED00180,7,hist_mean,-0.91218
MED00181,7,hist_mean,-0.59234
MED00182,7,hist_mean,-1.97991
MED00183,7,hist_mean,0.70733
MED00184,7,hist_mean,0.09935
MED00185,7,hist_mean,-1.08772
MED00186,7,hist_mean,-1.01916
MED00187,7,hist_mean,-0.81149
MED00188,7,hist_mean,-0.48702
MED00189,7,hist_mean,-2.28742
MED00190,7,hist_mean,-0.91318
MED00191,7,hist_mean,0.39057
MED00192,7,hist_mean,-2.34193
MED00193,7,hist_mean,-2.3744
MED00194,7,hist_mean,0.03246
MED00195,7,hist_mean,-0.11085
MED00196,7,hist_mean,0.02343
MED00197,7,hist_mean,0.02998
MED00198,7,hist_mean,-1.09242
MED00199,7,hist_mean,-1.0935
MED00200,7,hist_mean,-1.04758
MED00201,7,hist_mean,0.18583
MED00202,7,hist_mean,-1.04812
MED00203,7,hist_mean,-0.86137
MED00204,7,hist_mean,-0.8688
MED00205,7,hist_mean,0.44656
MED00206,7,hist_mean,-1.25135
MED00207,7,hist_mean,-0.93127
MED00208,7,hist_mean,0.40561
MED00209,7,hist_mean,-0.79777
MED00210,7,hist_mean,-1.23976
MED00211,7,hist_mean,-0.84974
MED00212,7,hist_mean,-0.88863
MED00213,7,hist_mean,-1.03442
MED00214,7,hist_mean,0.29748
MED00215,7,hist_mean,-0.85553
MED00216,7,hist_mean,-2.40006
MED00217,7,hist_mean,-2.25139
MED00218,7,hist_mean,-0.30525
MED00219,7,hist_mean,0.29043
MED00220,7,hist_mean,-0.90247
MED00221,7,hist_mean,-0.53007
MED00222,7,hist_mean,-1.84581
MED00223,7,hist_mean,0.17843
MED00224,7,hist_mean,-1.08393
MED00225,7,hist_mean,-0.40631
MED00226,7,hist_mean,-0.88075
MED00227,7,hist_mean,0.37549
MED00228,7,hist_mean,-1.09441
MED00229,7,hist_mean,-1.58554
MED00230,7,hist_mean,0.37436
MED00231,7,hist_mean,-1.25092
MED00232,7,hist_mean,-0.52618
MED00233,7,hist_mean,-1.81314
MED00234,7,hist_mean,-1.06184
MED00235,7,hist_mean,1.53559
MED00236,7,hist_mean,-0.87629
MED00237,7,hist_mean,-0.33154
MED00238,7,hist_mean,-0.97624
MED00239,7,hist_mean,-0.48261
MED00240,7,hist_mean,-0.3925
MED00241,7,hist_mean,-0.75846
MED00242,7,hist_mean,0.25242
MED00243,7,hist_mean,-2.3981
MED00244,7,hist_mean,-0.8754
MED00245,7,hist_mean,1.52736
MED00246,7,hist_mean,-0.16996
MED00247,7,hist_mean,0.40428
MED00248,7,hist_mean,-0.86791
MED00249,7,hist_mean,0.73838
MED00250,7,hist_mean,0.32806
MED00251,7,hist_mean,-1.06162
MED00252,7,hist_mean,-1.90712
MED00253,7,hist_mean,-0.46948
MED00254,7,hist_mean,-1.91043
MED00255,7,hist_mean,-0.14409
MED00256,7,hist_mean,-0.90297
MED00257,7,hist_mean,-0.4003
MED00258,7,hist_mean,-0.91781
MED00259,7,hist_mean,-0.89951
MED00260,7,hist_mean,-1.85612
MED00261,7,hist_mean,-1.51477
MED00262,7,hist_mean,-0.62652
MED00263,7,hist_mean,-0.57855
MED00264,7,hist_mean,-1.93853
MED00265,7,hist_mean,-0.06201
MED00266,7,hist_mean,0.29259
MED00267,7,hist_mean,-0.17729
MED00268,7,hist_mean,-0.91457
MED00269,7,hist_mean,-0.85231
MED00270,7,hist_mean,-0.87926
MED00271,7,hist_mean,-0.94507
MED00272,7,hist_mean,-0.41045
MED00273,7,hist_mean,-0.55759
MED00274,7,hist_mean,-1.88901
MED00275,7,hist_mean,0.2227
MED00276,7,hist_mean,-0.95233
MED00277,7,hist_mean,-2.28741
MED00278,7,hist_mean,0.14989
MED00279,7,hist_mean,0.60561
MED00280,7,hist_mean,-2.25904
MED00281,7,hist_mean,0.3963
MED00282,7,hist_mean,-0.59755
MED00283,7,hist_mean,-0.91578
MED00284,7,hist_mean,-1.3422
MED00285,7,hist_mean,-0.17756
MED00286,7,hist_mean,-0.5002
MED00287,7,hist_mean,-0.57385
MED00288,7,hist_mean,1.15097
MED00289,7,hist_mean,-0.31434
MED00290,7,hist_mean,-1.07393
MED00291,7,hist_mean,0.29861
MED00292,7,hist_mean,-1.05603
MED00293,7,hist_mean,-0.4752
MED00294,7,hist_mean,-1.35045
MED00295,7,hist_mean,-2.14162
MED00296,7,hist_mean,-0.4037
MED00297,7,hist_mean,-0.07129
MED00298,7,hist_mean,-0.90323
MED00299,7,hist_mean,-1.9417
MED00300,7,hist_mean,-0.96923
MED00301,7,hist_mean,-0.17191
MED00302,7,hist_mean,0.06409
MED00303,7,hist_mean,-0.83853
MED00304,7,hist_mean,-0.34151
MED00305,7,hist_mean,-1.01963
MED00306,7,hist_mean,-1.9913
MED00307,7,hist_mean,0.72052
MED00308,7,hist_mean,-1.66261
MED00309,7,hist_mean,-0.56366
MED00310,7,hist_mean,-0.54883
MED00311,7,hist_mean,-0.508
MED00312,7,hist_mean,-1.85661
MED00313,7,hist_mean,-1.82383
MED00314,7,hist_mean,0.16561
MED00315,7,hist_mean,0.30058
MED00316,7,hist_mean,-0.60327
MED00317,7,hist_mean,-0.86559
MED00318,7,hist_mean,-0.87224
MED00319,7,hist_mean,0.40377
MED00320,7,hist_mean,-0.16178
MED00321,7,hist_mean,-1.47598
MED00322,7,hist_mean,-2.29406
MED00323,7,hist_mean,-1.38405
MED00324,7,hist_mean,-1.18218
MED00325,7,hist_mean,0.03546
MED00326,7,hist_mean,0.29951
MED00327,7,hist_mean,-0.53757
MED00328,7,hist_mean,-0.38506
MED00329,7,hist_mean,0.39553
MED00330,7,hist_mean,-0.38855
MED00331,7,hist_mean,-1.05408
MED00332,7,hist_mean,-0.55469
MED00333,7,hist_mean,-0.81004
MED00334,7,hist_mean,0.29068
MED00335,7,hist_mean,-0.16846
MED00336,7,hist_mean,0.29967
MED00337,7,hist_mean,1.46234
MED00338,7,hist_mean,0.19451
MED00339,7,hist_mean,-1.07055
MED00340,7,hist_mean,-0.86542
MED00341,7,hist_mean,-0.16579
MED00342,7,hist_mean,-0.93607
MED00343,7,hist_mean,0.31097
MED00344,7,hist_mean,-0.3084
MED00345,7,hist_mean,-2.2547
MED00346,7,hist_mean,-0.52128
MED00347,7,hist_mean,-2.31783
MED00348,7,hist_mean,-1.08519
MED00349,7,hist_mean,-0.84592
MED00350,7,hist_mean,-0.92922
MED00351,7,hist_mean,-1.67754
MED00352,7,hist_mean,-2.0157
MED00353,7,hist_mean,-1.43236
MED00354,7,hist_mean,-1.36512
MED00355,7,hist_mean,0.32691
MED00356,7,hist_mean,-0.94368
MED00357,7,hist_mean,-2.2635
MED00358,7,hist_mean,-0.16276
MED00359,7,hist_mean,-0.88892
MED00360,7,hist_mean,-0.85331
MED00361,7,hist_mean,-0.89718
MED00362,7,hist_mean,-0.91256
MED00363,7,hist_mean,-1.054
MED00364,7,hist_mean,-2.30633
MED00365,7,hist_mean,-0.86771
MED00366,7,hist_mean,0.30419
MED00367,7,hist_mean,-0.88092
MED00368,7,hist_mean,-0.62708
MED00369,7,hist_mean,-0.44205
MED00370,7,hist_mean,-1.98211
MED00371,7,hist_mean,0.35918
MED00372,7,hist_mean,-2.26763
MED00373,7,hist_mean,-1.59803
MED00374,7,hist_mean,-1.02993
MED00375,7,hist_mean,0.37751
MED00376,7,hist_mean,-0.8691
MED00377,7,hist_mean,-1.56881
MED00378,7,hist_mean,-0.86567
MED00379,7,hist_mean,-1.45743
MED00380,7,hist_mean,-1.73331
MED00381,7,hist_mean,-0.92095
MED00382,7,hist_mean,-0.92693
MED00383,7,hist_mean,0.03672
MED00384,7,hist_mean,-0.90062
MED00385,7,hist_mean,0.73939
MED00386,7,hist_mean,0.46597
MED00387,7,hist_mean,0.73882
MED00388,7,hist_mean,1.76063
MED00389,7,hist_mean,0.25601
MED00390,7,hist_mean,0.76405
MED00391,7,hist_mean,0.66901
MED00392,7,hist_mean,0.69733
MED00393,7,hist_mean,0.39373
MED00394,7,hist_mean,0.43094
MED00395,7,hist_mean,0.69276
MED00396,7,hist_mean,1.48723
MED00397,7,hist_mean,1.18579
MED00398,7,hist_mean,1.81446
MED00399,7,hist_mean,1.78941
MED00400,7,hist_mean,1.51034
MED00401,7,hist_mean,0.43224
MED00402,7,hist_mean,0.659
MED00403,7,hist_mean,0.42923
MED00404,7,hist_mean,-0.22344
MED00405,7,hist_mean,0.12882
MED00406,7,hist_mean,0.78779
MED00407,7,hist_mean,0.66452
MED00408,7,hist_mean,-0.12598
MED00409,7,hist_mean,0.37132
MED00410,7,hist_mean,0.23886
MED00411,7,hist_mean,0.74349
MED00412,7,hist_mean,0.32996
MED00413,7,hist_mean,0.40636
MED00414,7,hist_mean,0.69793
MED00415,7,hist_mean,0.39635
MED00416,7,hist_mean,0.68989
MED00417,7,hist_mean,0.03683
MED00418,7,hist_mean,-0.02766
MED00419,7,hist_mean,0.17988
MED00420,7,hist_mean,0.78289
MED00421,7,hist_mean,0.73306
MED00422,7,hist_mean,0.66857
MED00423,7,hist_mean,0.40669
MED00424,7,hist_mean,1.7256
MED00001,8,hist_mean,0.33436
MED00002,8,hist_mean,-2.44397
MED00003,8,hist_mean,-2.00533
MED00004,8,hist_mean,-1.46472
MED00005,8,hist_mean,-0.53161
MED00006,8,hist_mean,-1.25152
MED00007,8,hist_mean,-0.58214
MED00008,8,hist_mean,-1.59093
MED00009,8,hist_mean,-0.58644
MED00010,8,hist_mean,-0.46246
MED00011,8,hist_mean,0.71008
MED00012,8,hist_mean,-0.87477
MED00013,8,hist_mean,-0.40807
MED00014,8,hist_mean,0.46484
MED00015,8,hist_mean,-1.90582
MED00016,8,hist_mean,-0.93254
MED00017,8,hist_mean,-0.94996
MED00018,8,hist_mean,1.51803
MED00019,8,hist_mean,1.21919
MED00020,8,hist_mean,0.20204
MED00021,8,hist_mean,-0.45654
MED00022,8,hist_mean,-0.85908
MED00023,8,hist_mean,-1.29299
MED00024,8,hist_mean,-0.6108
MED00025,8,hist_mean,-2.31077
MED00026,8,hist_mean,-1.9739
MED00027,8,hist_mean,-2.15824
MED00028,8,hist_mean,-1.78519
MED00029,8,hist_mean,0.37465
MED00030,8,hist_mean,-0.47417
MED00031,8,hist_mean,-0.57583
MED00032,8,hist_mean,-0.85508
MED00033,8,hist_mean,-1.11344
MED00034,8,hist_mean,0.56108
MED00035,8,hist_mean,-1.96027
MED00036,8,hist_mean,-0.89143
MED00037,8,hist_mean,-0.47008
MED00038,8,hist_mean,0.43168
MED00039,8,hist_mean,-1.20688
MED00040,8,hist_mean,-1.72132
MED00041,8,hist_mean,-1.84772
MED00042,8,hist_mean,-0.54268
MED00043,8,hist_mean,-1.92091
MED00044,8,hist_mean,-0.90687
MED00045,8,hist_mean,-1.13139
MED00046,8,hist_mean,-0.8398
MED00047,8,hist_mean,-0.17825
MED00048,8,hist_mean,0.44269
MED00049,8,hist_mean,-2.24547
MED00050,8,hist_mean,-0.59512
MED00051,8,hist_mean,-2.40405
MED00052,8,hist_mean,-1.83181
MED00053,8,hist_mean,-0.03807
MED00054,8,hist_mean,-0.02938
MED00055,8,hist_mean,-1.41614
MED00056,8,hist_mean,-1.70572
MED00057,8,hist_mean,-1.87999
MED00058,8,hist_mean,-1.22471
MED00059,8,hist_mean,0.08168
MED00060,8,hist_mean,-0.16485
MED00061,8,hist_mean,-1.54492
MED00062,8,hist_mean,0.38704
MED00063,8,hist_mean,-2.36213
MED00064,8,hist_mean,0.79867
MED00065,8,hist_mean,1.4608
MED00066,8,hist_mean,-1.92466
MED00067,8,hist_mean,-0.9172
MED00068,8,hist_mean,-0.60933
MED00069,8,hist_mean,-1.02784
MED00070,8,hist_mean,0.35956
MED00071,8,hist_mean,-0.86626
MED00072,8,hist_mean,-0.86303
MED00073,8,hist_mean,-0.58389
MED00074,8,hist_mean,-0.61481
MED00075,8,hist_mean,-0.83454
MED00076,8,hist_mean,-2.27006
MED00077,8,hist_mean,-0.49012
MED00078,8,hist_mean,-0.58719
MED00079,8,hist_mean,0.7657
MED00080,8,hist_mean,-0.62735
MED00081,8,hist_mean,-1.98231
MED00082,8,hist_mean,-0.5665
MED00083,8,hist_mean,-0.57589
MED00084,8,hist_mean,1.15706
MED00085,8,hist_mean,-0.94252
MED00086,8,hist_mean,-1.98274
MED00087,8,hist_mean,-1.08313
MED00088,8,hist_mean,0.80636
MED00089,8,hist_mean,0.4798
MED00090,8,hist_mean,-0.50716
MED00091,8,hist_mean,-0.83759
MED00092,8,hist_mean,-1.10996
MED00093,8,hist_mean,-2.14325
MED00094,8,hist_mean,-1.56509
MED00095,8,hist_mean,-0.57905
MED00096,8,hist_mean,0.30373
MED00097,8,hist_mean,-1.87396
MED00098,8,hist_mean,0.15621
MED00099,8,hist_mean,-2.06939
MED00100,8,hist_mean,-2.34099
MED00101,8,hist_mean,-0.38004
MED00102,8,hist_mean,-0.51789
MED00103,8,hist_mean,-0.58988
MED00104,8,hist_mean,0.15892
MED00105,8,hist_mean,0.41065
MED00106,8,hist_mean,-2.30439
MED00107,8,hist_mean,0.1856
MED00108,8,hist_mean,-0.619
MED00109,8,hist_mean,-1.77913
MED00110,8,hist_mean,-1.88173
MED00111,8,hist_mean,-1.57001
MED00112,8,hist_mean,-0.66152
MED00113,8,hist_mean,-1.01831
MED00114,8,hist_mean,0.28323
MED00115,8,hist_mean,-0.88273
MED00116,8,hist_mean,0.0342
MED00117,8,hist_mean,-1.07557
MED00118,8,hist_mean,-1.18741
MED00119,8,hist_mean,-0.94326
MED00120,8,hist_mean,0.19694
MED00121,8,hist_mean,-0.45733
MED00122,8,hist_mean,-0.89073
MED00123,8,hist_mean,-1.41916
MED00124,8,hist_mean,0.15964
MED00125,8,hist_mean,-2.25258
MED00126,8,hist_mean,-1.45399
MED00127,8,hist_mean,-0.90418
MED00128,8,hist_mean,-0.86073
MED00129,8,hist_mean,-1.08895
MED00130,8,hist_mean,-2.23732
MED00131,8,hist_mean,-0.86697
MED00132,8,hist_mean,-1.79368
MED00133,8,hist_mean,-1.8138
MED00134,8,hist_mean,-1.84242
MED00135,8,hist_mean,0.28799
MED00136,8,hist_mean,-0.87314
MED00137,8,hist_mean,-0.86834
MED00138,8,hist_mean,-0.8681
MED00139,8,hist_mean,-0.50519
MED00140,8,hist_mean,-1.06308
MED00141,8,hist_mean,-0.25929
MED00142,8,hist_mean,-1.89773
MED00143,8,hist_mean,-1.07107
MED00144,8,hist_mean,-0.06091
MED00145,8,hist_mean,-1.53825
MED00146,8,hist_mean,-1.05886
MED00147,8,hist_mean,-1.09972
MED00148,8,hist_mean,-0.1643
MED00149,8,hist_mean,-0.42254
MED00150,8,hist_mean,-1.07227
MED00151,8,hist_mean,-0.85966
MED00152,8,hist_mean,-0.86354
MED00153,8,hist_mean,-0.85346
MED00154,8,hist_mean,0.37013
MED00155,8,hist_mean,-0.88545
MED00156,8,hist_mean,-0.90325
MED00157,8,hist_mean,-0.26937
MED00158,8,hist_mean,-2.18861
MED00159,8,hist_mean,0.17183
MED00160,8,hist_mean,-0.38005
MED00161,8,hist_mean,-0.06181
MED00162,8,hist_mean,-0.87997
MED00163,8,hist_mean,-2.00164
MED00164,8,hist_mean,-0.89365
MED00165,8,hist_mean,0.23628
MED00166,8,hist_mean,-0.8696
MED00167,8,hist_mean,-1.12154
MED00168,8,hist_mean,-1.00776
MED00169,8,hist_mean,-0.99465
MED00170,8,hist_mean,-1.03522
MED00171,8,hist_mean,-0.8613
MED00172,8,hist_mean,-0.98802
MED00173,8,hist_mean,-0.8648
MED00174,8,hist_mean,-0.17727
MED00175,8,hist_mean,-1.21107
MED00176,8,hist_mean,0.4355
MED00177,8,hist_mean,-2.03137
MED00178,8,hist_mean,-0.89052
MED00179,8,hist_mean,-1.8599
MED00180,8,hist_mean,-0.90984
MED00181,8,hist_mean,-0.59011
MED00182,8,hist_mean,-1.97291
MED00183,8,hist_mean,0.70774
MED00184,8,hist_mean,0.09918
MED00185,8,hist_mean,-1.08128
MED00186,8,hist_mean,-1.01769
MED00187,8,hist_mean,-0.80629
MED00188,8,hist_mean,-0.48544
MED00189,8,hist_mean,-2.28537
MED00190,8,hist_mean,-0.91156
MED00191,8,hist_mean,0.39071
MED00192,8,hist_mean,-2.32879
MED00193,8,hist_mean,-2.37284
MED00194,8,hist_mean,0.03151
MED00195,8,hist_mean,-0.11101
MED00196,8,hist_mean,0.02164
MED00197,8,hist_mean,0.02838
MED00198,8,hist_mean,-1.09052
MED00199,8,hist_mean,-1.09311
MED00200,8,hist_mean,-1.04536
MED00201,8,hist_mean,0.18861
MED00202,8,hist_mean,-1.04667
MED00203,8,hist_mean,-0.86137
MED00204,8,hist_mean,-0.86623
MED00205,8,hist_mean,0.44755
MED00206,8,hist_mean,-1.2517
MED00207,8,hist_mean,-0.93
MED00208,8,hist_mean,0.40662
MED00209,8,hist_mean,-0.79619
MED00210,8,hist_mean,-1.24011
MED00211,8,hist_mean,-0.84749
MED00212,8,hist_mean,-0.88518
MED00213,8,hist_mean,-1.03294
MED00214,8,hist_mean,0.29866
MED00215,8,hist_mean,-0.85258
MED00216,8,hist_mean,-2.39639
MED00217,8,hist_mean,-2.24377
MED00218,8,hist_mean,-0.30295
MED00219,8,hist_mean,0.2868
MED00220,8,hist_mean,-0.90142
MED00221,8,hist_mean,-0.52961
MED00222,8,hist_mean,-1.8488
MED00223,8,hist_mean,0.17678
MED00224,8,hist_mean,-1.0826
MED00225,8,hist_mean,-0.40484
MED00226,8,hist_mean,-0.88025
MED00227,8,hist_mean,0.37312
MED00228,8,hist_mean,-1.08748
MED00229,8,hist_mean,-1.58548
MED00230,8,hist_mean,0.37266
MED00231,8,hist_mean,-1.2494
MED00232,8,hist_mean,-0.524
MED00233,8,hist_mean,-1.81142
MED00234,8,hist_mean,-1.06029
MED00235,8,hist_mean,1.53578
MED00236,8,hist_mean,-0.87502
MED00237,8,hist_mean,-0.33135
MED00238,8,hist_mean,-0.97475
MED00239,8,hist_mean,-0.48031
MED00240,8,hist_mean,-0.39204
MED00241,8,hist_mean,-0.75609
MED00242,8,hist_mean,0.25432
MED00243,8,hist_mean,-2.39584
MED00244,8,hist_mean,-0.874
MED00245,8,hist_mean,1.53099
MED00246,8,hist_mean,-0.16834
MED00247,8,hist_mean,0.40537
MED00248,8,hist_mean,-0.86518
MED00249,8,hist_mean,0.73844
MED00250,8,hist_mean,0.33089
MED00251,8,hist_mean,-1.06031
MED00252,8,hist_mean,-1.91228
MED00253,8,hist_mean,-0.46728
MED00254,8,hist_mean,-1.91295
MED00255,8,hist_mean,-0.14304
MED00256,8,hist_mean,-0.9009
MED00257,8,hist_mean,-0.39624
MED00258,8,hist_mean,-0.91667
MED00259,8,hist_mean,-0.89794
MED00260,8,hist_mean,-1.85897
MED00261,8,hist_mean,-1.51418
MED00262,8,hist_mean,-0.6266
MED00263,8,hist_mean,-0.57741
MED00264,8,hist_mean,-1.94238
MED00265,8,hist_mean,-0.06072
MED00266,8,hist_mean,0.29071
MED00267,8,hist_mean,-0.17497
MED00268,8,hist_mean,-0.91257
MED00269,8,hist_mean,-0.84994
MED00270,8,hist_mean,-0.87883
MED00271,8,hist_mean,-0.94864
MED00272,8,hist_mean,-0.40703
MED00273,8,hist_mean,-0.55457
MED00274,8,hist_mean,-1.88746
MED00275,8,hist_mean,0.22529
MED00276,8,hist_mean,-0.95095
MED00277,8,hist_mean,-2.28528
MED00278,8,hist_mean,0.15141
MED00279,8,hist_mean,0.60577
MED00280,8,hist_mean,-2.25541
MED00281,8,hist_mean,0.39134
MED00282,8,hist_mean,-0.59399
MED00283,8,hist_mean,-0.91393
MED00284,8,hist_mean,-1.34222
MED00285,8,hist_mean,-0.17553
MED00286,8,hist_mean,-0.49822
MED00287,8,hist_mean,-0.57189
MED00288,8,hist_mean,1.15108
MED00289,8,hist_mean,-0.31453
MED00290,8,hist_mean,-1.07176
MED00291,8,hist_mean,0.29579
MED00292,8,hist_mean,-1.05341
MED00293,8,hist_mean,-0.47362
MED00294,8,hist_mean,-1.34931
MED00295,8,hist_mean,-2.14352
MED00296,8,hist_mean,-0.40164
MED00297,8,hist_mean,-0.06857
MED00298,8,hist_mean,-0.90288
MED00299,8,hist_mean,-1.94014
MED00300,8,hist_mean,-0.96695
MED00301,8,hist_mean,-0.16984
MED00302,8,hist_mean,0.0637
MED00303,8,hist_mean,-0.83688
MED00304,8,hist_mean,-0.34045
MED00305,8,hist_mean,-1.01672
MED00306,8,hist_mean,-1.98486
MED00307,8,hist_mean,0.72028
MED00308,8,hist_mean,-1.66582
MED00309,8,hist_mean,-0.56321
MED00310,8,hist_mean,-0.54647
MED00311,8,hist_mean,-0.5071
MED00312,8,hist_mean,-1.85949
MED00313,8,hist_mean,-1.82342
MED00314,8,hist_mean,0.16195
MED00315,8,hist_mean,0.30191
MED00316,8,hist_mean,-0.6015
MED00317,8,hist_mean,-0.85976
MED00318,8,hist_mean,-0.87163
MED00319,8,hist_mean,0.40452
MED00320,8,hist_mean,-0.16262
MED00321,8,hist_mean,-1.48011
MED00322,8,hist_mean,-2.29343
MED00323,8,hist_mean,-1.38235
MED00324,8,hist_mean,-1.18161
MED00325,8,hist_mean,0.03782
MED00326,8,hist_mean,0.30132
MED00327,8,hist_mean,-0.53567
MED00328,8,hist_mean,-0.38319
MED00329,8,hist_mean,0.39628
MED00330,8,hist_mean,-0.38751
MED00331,8,hist_mean,-1.05269
MED00332,8,hist_mean,-0.55273
MED00333,8,hist_mean,-0.8088
MED00334,8,hist_mean,0.2853
MED00335,8,hist_mean,-0.16777
MED00336,8,hist_mean,0.30157
MED00337,8,hist_mean,1.46586
MED00338,8,hist_mean,0.19334
MED00339,8,hist_mean,-1.06577
MED00340,8,hist_mean,-0.86439
MED00341,8,hist_mean,-0.16372
MED00342,8,hist_mean,-0.9337
MED00343,8,hist_mean,0.31257
MED00344,8,hist_mean,-0.30692
MED00345,8,hist_mean,-2.2531
MED00346,8,hist_mean,-0.51897
MED00347,8,hist_mean,-2.30994
MED00348,8,hist_mean,-1.08258
MED00349,8,hist_mean,-0.84395
MED00350,8,hist_mean,-0.93344
MED00351,8,hist_mean,-1.68393
MED00352,8,hist_mean,-1.98467
MED00353,8,hist_mean,-1.43085
MED00354,8,hist_mean,-1.3647
MED00355,8,hist_mean,0.32889
MED00356,8,hist_mean,-0.94237
MED00357,8,hist_mean,-2.26018
MED00358,8,hist_mean,-0.16017
MED00359,8,hist_mean,-0.88666
MED00360,8,hist_mean,-0.85154
MED00361,8,hist_mean,-0.89581
MED00362,8,hist_mean,-0.91042
MED00363,8,hist_mean,-1.052
MED00364,8,hist_mean,-2.30296
MED00365,8,hist_mean,-0.86561
MED00366,8,hist_mean,0.30552
MED00367,8,hist_mean,-0.87947
MED00368,8,hist_mean,-0.62658
MED00369,8,hist_mean,-0.44114
MED00370,8,hist_mean,-1.98046
MED00371,8,hist_mean,0.35627
MED00372,8,hist_mean,-2.26553
MED00373,8,hist_mean,-1.59631
MED00374,8,hist_mean,-1.0286
MED00375,8,hist_mean,0.37554
MED00376,8,hist_mean,-0.86688
MED00377,8,hist_mean,-1.56627
MED00378,8,hist_mean,-0.86326
MED00379,8,hist_mean,-1.46161
MED00380,8,hist_mean,-1.73813
MED00381,8,hist_mean,-0.92018
MED00382,8,hist_mean,-0.92409
MED00383,8,hist_mean,0.03733
MED00384,8,hist_mean,-0.89911
MED00385,8,hist_mean,0.74382
MED00386,8,hist_mean,0.46022
MED00387,8,hist_mean,0.74174
MED00388,8,hist_mean,1.75242
MED00389,8,hist_mean,0.25661
MED00390,8,hist_mean,0.76398
MED00391,8,hist_mean,0.66619
MED00392,8,hist_mean,0.69627
MED00393,8,hist_mean,0.39429
MED00394,8,hist_mean,0.42642
MED00395,8,hist_mean,0.69064
MED00396,8,hist_mean,1.48808
MED00397,8,hist_mean,1.18561
MED00398,8,hist_mean,1.81331
MED00399,8,hist_mean,1.78909
MED00400,8,hist_mean,1.50974
MED00401,8,hist_mean,0.42401
MED00402,8,hist_mean,0.66084
MED00403,8,hist_mean,0.42984
MED00404,8,hist_mean,-0.22184
MED00405,8,hist_mean,0.12987
MED00406,8,hist_mean,0.789
MED00407,8,hist_mean,0.66767
MED00408,8,hist_mean,-0.12436
MED00409,8,hist_mean,0.37262
MED00410,8,hist_mean,0.24116
MED00411,8,hist_mean,0.74007
MED00412,8,hist_mean,0.32938
MED00413,8,hist_mean,0.40527
MED00414,8,hist_mean,0.69584
MED00415,8,hist_mean,0.3901
MED00416,8,hist_mean,0.68647
MED00417,8,hist_mean,0.04061
MED00418,8,hist_mean,-0.02442
MED00419,8,hist_mean,0.18387
MED00420,8,hist_mean,0.78416
MED00421,8,hist_mean,0.73537
MED00422,8,hist_mean,0.66516
MED00423,8,hist_mean,0.40152
MED00424,8,hist_mean,1.76376
MED00001,9,hist_mean,0.33463
MED00002,9,hist_mean,-2.42288
MED00003,9,hist_mean,-2.00732
MED00004,9,hist_mean,-1.45642
MED00005,9,hist_mean,-0.53613
MED00006,9,hist_mean,-1.24777
MED00007,9,hist_mean,-0.58098
MED00008,9,hist_mean,-1.58998
MED00009,9,hist_mean,-0.58925
MED00010,9,hist_mean,-0.47588
MED00011,9,hist_mean,0.69972
MED00012,9,hist_mean,-0.87285
MED00013,9,hist_mean,-0.41011
MED00014,9,hist_mean,0.46036
MED00015,9,hist_mean,-1.90726
MED00016,9,hist_mean,-0.92797
MED00017,9,hist_mean,-0.94827
MED00018,9,hist_mean,1.52856
MED00019,9,hist_mean,1.21641
MED00020,9,hist_mean,0.20203
MED00021,9,hist_mean,-0.45454
MED00022,9,hist_mean,-0.86392
MED00023,9,hist_mean,-1.28996
MED00024,9,hist_mean,-0.60832
MED00025,9,hist_mean,-2.3402
MED00026,9,hist_mean,-1.97884
MED00027,9,hist_mean,-2.189
MED00028,9,hist_mean,-1.78642
MED00029,9,hist_mean,0.37603
MED00030,9,hist_mean,-0.47589
MED00031,9,hist_mean,-0.58238
MED00032,9,hist_mean,-0.85665
MED00033,9,hist_mean,-1.11694
MED00034,9,hist_mean,0.55484
MED00035,9,hist_mean,-1.96173
MED00036,9,hist_mean,-0.89978
MED00037,9,hist_mean,-0.49047
MED00038,9,hist_mean,0.42721
MED00039,9,hist_mean,-1.21031
MED00040,9,hist_mean,-1.7204
MED00041,9,hist_mean,-1.84686
MED00042,9,hist_mean,-0.55012
MED00043,9,hist_mean,-1.92388
MED00044,9,hist_mean,-0.90717
MED00045,9,hist_mean,-1.1283
MED00046,9,hist_mean,-0.84127
MED00047,9,hist_mean,-0.18364
MED00048,9,hist_mean,0.44242
MED00049,9,hist_mean,-2.26848
MED00050,9,hist_mean,-0.59684
MED00051,9,hist_mean,-2.39223
MED00052,9,hist_mean,-1.83272
MED00053,9,hist_mean,-0.04083
MED00054,9,hist_mean,-0.03177
MED00055,9,hist_mean,-1.42429
MED00056,9,hist_mean,-1.71558
MED00057,9,hist_mean,-1.89198
MED00058,9,hist_mean,-1.22148
MED00059,9,hist_mean,0.0816
MED00060,9,hist_mean,-0.17484
MED00061,9,hist_mean,-1.5468
MED00062,9,hist_mean,0.38271
MED00063,9,hist_mean,-2.42335
MED00064,9,hist_mean,0.80061
MED00065,9,hist_mean,1.46293
MED00066,9,hist_mean,-1.92611
MED00067,9,hist_mean,-0.91298
MED00068,9,hist_mean,-0.61388
MED00069,9,hist_mean,-1.02826
MED00070,9,hist_mean,0.354
MED00071,9,hist_mean,-0.86654
MED00072,9,hist_mean,-0.86333
MED00073,9,hist_mean,-0.58645
MED00074,9,hist_mean,-0.61506
MED00075,9,hist_mean,-0.83677
MED00076,9,hist_mean,-2.25046
MED00077,9,hist_mean,-0.4989
MED00078,9,hist_mean,-0.59046
MED00079,9,hist_mean,0.76108
MED00080,9,hist_mean,-0.63031
MED00081,9,hist_mean,-1.985
MED00082,9,hist_mean,-0.56782
MED00083,9,hist_mean,-0.57866
MED00084,9,hist_mean,1.14392
MED00085,9,hist_mean,-0.93956
MED00086,9,hist_mean,-1.98467
MED00087,9,hist_mean,-1.08214
MED00088,9,hist_mean,0.79977
MED00089,9,hist_mean,0.47691
MED00090,9,hist_mean,-0.50453
MED00091,9,hist_mean,-0.83282
MED00092,9,hist_mean,-1.1102
MED00093,9,hist_mean,-2.15991
MED00094,9,hist_mean,-1.57254
MED00095,9,hist_mean,-0.57802
MED00096,9,hist_mean,0.3027
MED00097,9,hist_mean,-1.87907
MED00098,9,hist_mean,0.15576
MED00099,9,hist_mean,-2.09949
MED00100,9,hist_mean,-2.32067
MED00101,9,hist_mean,-0.38523
MED00102,9,hist_mean,-0.53543
MED00103,9,hist_mean,-0.58994
MED00104,9,hist_mean,0.15704
MED00105,9,hist_mean,0.41159
MED00106,9,hist_mean,-2.32562
MED00107,9,hist_mean,0.18374
MED00108,9,hist_mean,-0.61823
MED00109,9,hist_mean,-1.78062
MED00110,9,hist_mean,-1.95856
MED00111,9,hist_mean,-1.57086
MED00112,9,hist_mean,-0.66038
MED00113,9,hist_mean,-1.01642
MED00114,9,hist_mean,0.2832
MED00115,9,hist_mean,-0.88193
MED00116,9,hist_mean,0.02887
MED00117,9,hist_mean,-1.076
MED00118,9,hist_mean,-1.1846
MED00119,9,hist_mean,-0.94117
MED00120,9,hist_mean,0.19366
MED00121,9,hist_mean,-0.45589
MED00122,9,hist_mean,-0.88767
MED00123,9,hist_mean,-1.41273
MED00124,9,hist_mean,0.15747
MED00125,9,hist_mean,-2.23371
MED00126,9,hist_mean,-1.45863
MED00127,9,hist_mean,-0.90621
MED00128,9,hist_mean,-0.85945
MED00129,9,hist_mean,-1.08834
MED00130,9,hist_mean,-2.26095
MED00131,9,hist_mean,-0.85995
MED00132,9,hist_mean,-1.83209
MED00133,9,hist_mean,-1.81347
MED00134,9,hist_mean,-1.92085
MED00135,9,hist_mean,0.28769
MED00136,9,hist_mean,-0.87482
MED00137,9,hist_mean,-0.87714
MED00138,9,hist_mean,-0.86719
MED00139,9,hist_mean,-0.50869
MED00140,9,hist_mean,-1.06152
MED00141,9,hist_mean,-0.26287
MED00142,9,hist_mean,-1.90051
MED00143,9,hist_mean,-1.06905
MED00144,9,hist_mean,-0.06303
MED00145,9,hist_mean,-1.53973
MED00146,9,hist_mean,-1.06601
MED00147,9,hist_mean,-1.09721
MED00148,9,hist_mean,-0.17407
MED00149,9,hist_mean,-0.42156
MED00150,9,hist_mean,-1.07091
MED00151,9,hist_mean,-0.85786
MED00152,9,hist_mean,-0.86215
MED00153,9,hist_mean,-0.85282
MED00154,9,hist_mean,0.37028
MED00155,9,hist_mean,-0.88353
MED00156,9,hist_mean,-0.90047
MED00157,9,hist_mean,-0.27281
MED00158,9,hist_mean,-2.19002
MED00159,9,hist_mean,0.17106
MED00160,9,hist_mean,-0.38101
MED00161,9,hist_mean,-0.06362
MED00162,9,hist_mean,-0.87875
MED00163,9,hist_mean,-1.99973
MED00164,9,hist_mean,-0.89159
MED00165,9,hist_mean,0.23496
MED00166,9,hist_mean,-0.86821
MED00167,9,hist_mean,-1.11263
MED00168,9,hist_mean,-1.00537
MED00169,9,hist_mean,-0.99329
MED00170,9,hist_mean,-1.03394
MED00171,9,hist_mean,-0.86041
MED00172,9,hist_mean,-0.9843
MED00173,9,hist_mean,-0.86498
MED00174,9,hist_mean,-0.18887
MED00175,9,hist_mean,-1.21442
MED00176,9,hist_mean,0.43414
MED00177,9,hist_mean,-2.03321
MED00178,9,hist_mean,-0.90006
MED00179,9,hist_mean,-1.86102
MED00180,9,hist_mean,-0.90918
MED00181,9,hist_mean,-0.58878
MED00182,9,hist_mean,-1.98752
MED00183,9,hist_mean,0.69806
MED00184,9,hist_mean,0.10125
MED00185,9,hist_mean,-1.07972
MED00186,9,hist_mean,-1.01616
MED00187,9,hist_mean,-0.80578
MED00188,9,hist_mean,-0.48407
MED00189,9,hist_mean,-2.27054
MED00190,9,hist_mean,-0.90776
MED00191,9,hist_mean,0.39006
MED00192,9,hist_mean,-2.31241
MED00193,9,hist_mean,-2.39012
MED00194,9,hist_mean,0.03442
MED00195,9,hist_mean,-0.11183
MED00196,9,hist_mean,0.02116
MED00197,9,hist_mean,0.03078
MED00198,9,hist_mean,-1.0885
MED00199,9,hist_mean,-1.10151
MED00200,9,hist_mean,-1.04392
MED00201,9,hist_mean,0.18837
MED00202,9,hist_mean,-1.04462
MED00203,9,hist_mean,-0.86159
MED00204,9,hist_mean,-0.86446
MED00205,9,hist_mean,0.44766
MED00206,9,hist_mean,-1.24949
MED00207,9,hist_mean,-0.92919
MED00208,9,hist_mean,0.40616
MED00209,9,hist_mean,-0.80409
MED00210,9,hist_mean,-1.24637
MED00211,9,hist_mean,-0.84682
MED00212,9,hist_mean,-0.88761
MED00213,9,hist_mean,-1.03772
MED00214,9,hist_mean,0.2972
MED00215,9,hist_mean,-0.85183
MED00216,9,hist_mean,-2.41083
MED00217,9,hist_mean,-2.22811
MED00218,9,hist_mean,-0.30262
MED00219,9,hist_mean,0.28592
MED00220,9,hist_mean,-0.8975
MED00221,9,hist_mean,-0.53454
MED00222,9,hist_mean,-1.85399
MED00223,9,hist_mean,0.17688
MED00224,9,hist_mean,-1.08084
MED00225,9,hist_mean,-0.40714
MED00226,9,hist_mean,-0.88239
MED00227,9,hist_mean,0.37043
MED00228,9,hist_mean,-1.08632
MED00229,9,hist_mean,-1.49745
MED00230,9,hist_mean,0.37707
MED00231,9,hist_mean,-1.24638
MED00232,9,hist_mean,-0.52579
MED00233,9,hist_mean,-1.80485
MED00234,9,hist_mean,-1.05853
MED00235,9,hist_mean,1.5496
MED00236,9,hist_mean,-0.87496
MED00237,9,hist_mean,-0.32873
MED00238,9,hist_mean,-0.9739
MED00239,9,hist_mean,-0.47868
MED00240,9,hist_mean,-0.39447
MED00241,9,hist_mean,-0.75486
MED00242,9,hist_mean,0.25293
MED00243,9,hist_mean,-2.37475
MED00244,9,hist_mean,-0.873
MED00245,9,hist_mean,1.55374
MED00246,9,hist_mean,-0.16794
MED00247,9,hist_mean,0.40561
MED00248,9,hist_mean,-0.86616
MED00249,9,hist_mean,0.72638
MED00250,9,hist_mean,0.32644
MED00251,9,hist_mean,-1.05546
MED00252,9,hist_mean,-1.90944
MED00253,9,hist_mean,-0.46694
MED00254,9,hist_mean,-1.91444
MED00255,9,hist_mean,-0.14826
MED00256,9,hist_mean,-0.91432
MED00257,9,hist_mean,-0.39986
MED00258,9,hist_mean,-0.91368
MED00259,9,hist_mean,-0.89471
MED00260,9,hist_mean,-1.87466
MED00261,9,hist_mean,-1.51657
MED00262,9,hist_mean,-0.63054
MED00263,9,hist_mean,-0.57709
MED00264,9,hist_mean,-1.98299
MED00265,9,hist_mean,-0.06191
MED00266,9,hist_mean,0.29166
MED00267,9,hist_mean,-0.17288
MED00268,9,hist_mean,-0.90757
MED00269,9,hist_mean,-0.84863
MED00270,9,hist_mean,-0.8754
MED00271,9,hist_mean,-0.94542
MED00272,9,hist_mean,-0.40779
MED00273,9,hist_mean,-0.56058
MED00274,9,hist_mean,-1.88339
MED00275,9,hist_mean,0.22562
MED00276,9,hist_mean,-0.94899
MED00277,9,hist_mean,-2.2708
MED00278,9,hist_mean,0.1496
MED00279,9,hist_mean,0.60545
MED00280,9,hist_mean,-2.24073
MED00281,9,hist_mean,0.39183
MED00282,9,hist_mean,-0.59936
MED00283,9,hist_mean,-0.91334
MED00284,9,hist_mean,-1.34013
MED00285,9,hist_mean,-0.17963
MED00286,9,hist_mean,-0.50037
MED00287,9,hist_mean,-0.57104
MED00288,9,hist_mean,1.14598
MED00289,9,hist_mean,-0.31712
MED00290,9,hist_mean,-1.06987
MED00291,9,hist_mean,0.29231
MED00292,9,hist_mean,-1.0513
MED00293,9,hist_mean,-0.47899
MED00294,9,hist_mean,-1.35196
MED00295,9,hist_mean,-2.13588
MED00296,9,hist_mean,-0.40429
MED00297,9,hist_mean,-0.07097
MED00298,9,hist_mean,-0.89986
MED00299,9,hist_mean,-1.93789
MED00300,9,hist_mean,-0.96237
MED00301,9,hist_mean,-0.17244
MED00302,9,hist_mean,0.06507
MED00303,9,hist_mean,-0.83914
MED00304,9,hist_mean,-0.34365
MED00305,9,hist_mean,-1.01518
MED00306,9,hist_mean,-1.99719
MED00307,9,hist_mean,0.71443
MED00308,9,hist_mean,-1.6795
MED00309,9,hist_mean,-0.56666
MED00310,9,hist_mean,-0.55681
MED00311,9,hist_mean,-0.50985
MED00312,9,hist_mean,-1.85597
MED00313,9,hist_mean,-1.82236
MED00314,9,hist_mean,0.16173
MED00315,9,hist_mean,0.30054
MED00316,9,hist_mean,-0.60261
MED00317,9,hist_mean,-0.86016
MED00318,9,hist_mean,-0.87308
MED00319,9,hist_mean,0.40457
MED00320,9,hist_mean,-0.16852
MED00321,9,hist_mean,-1.47463
MED00322,9,hist_mean,-2.29442
MED00323,9,hist_mean,-1.37975
MED00324,9,hist_mean,-1.18437
MED00325,9,hist_mean,0.03637
MED00326,9,hist_mean,0.29896
MED00327,9,hist_mean,-0.53896
MED00328,9,hist_mean,-0.38622
MED00329,9,hist_mean,0.39633
MED00330,9,hist_mean,-0.39024
MED00331,9,hist_mean,-1.05226
MED00332,9,hist_mean,-0.55354
MED00333,9,hist_mean,-0.81042
MED00334,9,hist_mean,0.28677
MED00335,9,hist_mean,-0.17376
MED00336,9,hist_mean,0.29997
MED00337,9,hist_mean,1.47415
MED00338,9,hist_mean,0.19585
MED00339,9,hist_mean,-1.06275
MED00340,9,hist_mean,-0.86605
MED00341,9,hist_mean,-0.16564
MED00342,9,hist_mean,-0.93313
MED00343,9,hist_mean,0.3113
MED00344,9,hist_mean,-0.32188
MED00345,9,hist_mean,-2.26918
MED00346,9,hist_mean,-0.52264
MED00347,9,hist_mean,-2.29318
MED00348,9,hist_mean,-1.0807
MED00349,9,hist_mean,-0.84233
MED00350,9,hist_mean,-0.93775
MED00351,9,hist_mean,-1.6687
MED00352,9,hist_mean,-2.07655
MED00353,9,hist_mean,-1.41835
MED00354,9,hist_mean,-1.36647
MED00355,9,hist_mean,0.32777
MED00356,9,hist_mean,-0.94156
MED00357,9,hist_mean,-2.2436
MED00358,9,hist_mean,-0.16476
MED00359,9,hist_mean,-0.88513
MED00360,9,hist_mean,-0.84967
MED00361,9,hist_mean,-0.89272
MED00362,9,hist_mean,-0.91044
MED00363,9,hist_mean,-1.0482
MED00364,9,hist_mean,-2.29542
MED00365,9,hist_mean,-0.86458
MED00366,9,hist_mean,0.30458
MED00367,9,hist_mean,-0.8748
MED00368,9,hist_mean,-0.62535
MED00369,9,hist_mean,-0.44391
MED00370,9,hist_mean,-1.98019
MED00371,9,hist_mean,0.3591
MED00372,9,hist_mean,-2.2482
MED00373,9,hist_mean,-1.59503
MED00374,9,hist_mean,-1.04053
MED00375,9,hist_mean,0.37566
MED00376,9,hist_mean,-0.86669
MED00377,9,hist_mean,-1.57242
MED00378,9,hist_mean,-0.86163
MED00379,9,hist_mean,-1.4522
MED00380,9,hist_mean,-1.74042
MED00381,9,hist_mean,-0.92192
MED00382,9,hist_mean,-0.91953
MED00383,9,hist_mean,0.03347
MED00384,9,hist_mean,-0.89726
MED00385,9,hist_mean,0.73929
MED00386,9,hist_mean,0.46003
MED00387,9,hist_mean,0.73582
MED00388,9,hist_mean,1.75322
MED00389,9,hist_mean,0.25494
MED00390,9,hist_mean,0.75502
MED00391,9,hist_mean,0.66032
MED00392,9,hist_mean,0.69146
MED00393,9,hist_mean,0.39082
MED00394,9,hist_mean,0.42698
MED00395,9,hist_mean,0.6864
MED00396,9,hist_mean,1.50445
MED00397,9,hist_mean,1.18283
MED00398,9,hist_mean,1.82816
MED00399,9,hist_mean,1.80485
MED00400,9,hist_mean,1.52068
MED00401,9,hist_mean,0.42053
MED00402,9,hist_mean,0.65634
MED00403,9,hist_mean,0.42924
MED00404,9,hist_mean,-0.22089
MED00405,9,hist_mean,0.12824
MED00406,9,hist_mean,0.78209
MED00407,9,hist_mean,0.66527
MED00408,9,hist_mean,-0.1241
MED00409,9,hist_mean,0.37089
MED00410,9,hist_mean,0.24123
MED00411,9,hist_mean,0.73582
MED00412,9,hist_mean,0.33074
MED00413,9,hist_mean,0.40406
MED00414,9,hist_mean,0.69063
MED00415,9,hist_mean,0.39025
MED00416,9,hist_mean,0.68032
MED00417,9,hist_mean,0.04018
MED00418,9,hist_mean,-0.02501
MED00419,9,hist_mean,0.18719
MED00420,9,hist_mean,0.78049
MED00421,9,hist_mean,0.73071
MED00422,9,hist_mean,0.65928
MED00423,9,hist_mean,0.40185
MED00424,9,hist_mean,1.76983
MED00001,10,hist_mean,0.33674
MED00002,10,hist_mean,-2.41775
MED00003,10,hist_mean,-1.99241
MED00004,10,hist_mean,-1.43363
MED00005,10,hist_mean,-0.53894
MED00006,10,hist_mean,-1.24614
MED00007,10,hist_mean,-0.57071
MED00008,10,hist_mean,-1.58839
MED00009,10,hist_mean,-0.58405
MED00010,10,hist_mean,-0.47644
MED00011,10,hist_mean,0.69307
MED00012,10,hist_mean,-0.85992
MED00013,10,hist_mean,-0.39954
MED00014,10,hist_mean,0.45472
MED00015,10,hist_mean,-1.89569
MED00016,10,hist_mean,-0.91397
MED00017,10,hist_mean,-0.93404
MED00018,10,hist_mean,1.51027
MED00019,10,hist_mean,1.21432
MED00020,10,hist_mean,0.19561
MED00021,10,hist_mean,-0.46521
MED00022,10,hist_mean,-0.86892
MED00023,10,hist_mean,-1.25161
MED00024,10,hist_mean,-0.61576
MED00025,10,hist_mean,-2.28152
MED00026,10,hist_mean,-1.96338
MED00027,10,hist_mean,-2.12845
MED00028,10,hist_mean,-1.78053
MED00029,10,hist_mean,0.37011
MED00030,10,hist_mean,-0.4849
MED00031,10,hist_mean,-0.59102
MED00032,10,hist_mean,-0.84182
MED00033,10,hist_mean,-1.10165
MED00034,10,hist_mean,0.54352
MED00035,10,hist_mean,-1.93166
MED00036,10,hist_mean,-0.89475
MED00037,10,hist_mean,-0.49082
MED00038,10,hist_mean,0.41592
MED00039,10,hist_mean,-1.19665
MED00040,10,hist_mean,-1.71901
MED00041,10,hist_mean,-1.83224
MED00042,10,hist_mean,-0.55153
MED00043,10,hist_mean,-1.90624
MED00044,10,hist_mean,-0.91329
MED00045,10,hist_mean,-1.11572
MED00046,10,hist_mean,-0.84665
MED00047,10,hist_mean,-0.1732
MED00048,10,hist_mean,0.45159
MED00049,10,hist_mean,-2.21586
MED00050,10,hist_mean,-0.5859
MED00051,10,hist_mean,-2.38049
MED00052,10,hist_mean,-1.8239
MED00053,10,hist_mean,-0.05631
MED00054,10,hist_mean,-0.0465
MED00055,10,hist_mean,-1.4116
MED00056,10,hist_mean,-1.69453
MED00057,10,hist_mean,-1.86723
MED00058,10,hist_mean,-1.20784
MED00059,10,hist_mean,0.08637
MED00060,10,hist_mean,-0.16979
MED00061,10,hist_mean,-1.54048
MED00062,10,hist_mean,0.38659
MED00063,10,hist_mean,-2.3166
MED00064,10,hist_mean,0.79097
MED00065,10,hist_mean,1.45167
MED00066,10,hist_mean,-1.91534
MED00067,10,hist_mean,-0.91441
MED00068,10,hist_mean,-0.62258
MED00069,10,hist_mean,-1.03398
MED00070,10,hist_mean,0.34758
MED00071,10,hist_mean,-0.87197
MED00072,10,hist_mean,-0.86838
MED00073,10,hist_mean,-0.59526
MED00074,10,hist_mean,-0.62496
MED00075,10,hist_mean,-0.8287
MED00076,10,hist_mean,-2.23444
MED00077,10,hist_mean,-0.49653
MED00078,10,hist_mean,-0.59376
MED00079,10,hist_mean,0.76896
MED00080,10,hist_mean,-0.63654
MED00081,10,hist_mean,-1.97093
MED00082,10,hist_mean,-0.57764
MED00083,10,hist_mean,-0.58596
MED00084,10,hist_mean,1.14401
MED00085,10,hist_mean,-0.92331
MED00086,10,hist_mean,-1.96949
MED00087,10,hist_mean,-1.08419
MED00088,10,hist_mean,0.79411
MED00089,10,hist_mean,0.46834
MED00090,10,hist_mean,-0.49766
MED00091,10,hist_mean,-0.83872
MED00092,10,hist_mean,-1.11234
MED00093,10,hist_mean,-2.14524
MED00094,10,hist_mean,-1.55187
MED00095,10,hist_mean,-0.57051
MED00096,10,hist_mean,0.2947
MED00097,10,hist_mean,-1.85885
MED00098,10,hist_mean,0.15798
MED00099,10,hist_mean,-2.03134
MED00100,10,hist_mean,-2.29421
MED00101,10,hist_mean,-0.37704
MED00102,10,hist_mean,-0.53894
MED00103,10,hist_mean,-0.57718
MED00104,10,hist_mean,0.16162
MED00105,10,hist_mean,0.4213
MED00106,10,hist_mean,-2.26993
MED00107,10,hist_mean,0.18945
MED00108,10,hist_mean,-0.60787
MED00109,10,hist_mean,-1.76524
MED00110,10,hist_mean,-1.85104
MED00111,10,hist_mean,-1.56143
MED00112,10,hist_mean,-0.64944
MED00113,10,hist_mean,-1.00221
MED00114,10,hist_mean,0.27605
MED00115,10,hist_mean,-0.86967
MED00116,10,hist_mean,0.02005
MED00117,10,hist_mean,-1.06109
MED00118,10,hist_mean,-1.18483
MED00119,10,hist_mean,-0.92767
MED00120,10,hist_mean,0.18273
MED00121,10,hist_mean,-0.44617
MED00122,10,hist_mean,-0.87531
MED00123,10,hist_mean,-1.40343
MED00124,10,hist_mean,0.16169
MED00125,10,hist_mean,-2.21779
MED00126,10,hist_mean,-1.43456
MED00127,10,hist_mean,-0.89826
MED00128,10,hist_mean,-0.84602
MED00129,10,hist_mean,-1.07615
MED00130,10,hist_mean,-2.20553
MED00131,10,hist_mean,-0.86548
MED00132,10,hist_mean,-1.75635
MED00133,10,hist_mean,-1.81073
MED00134,10,hist_mean,-1.81335
MED00135,10,hist_mean,0.27846
MED00136,10,hist_mean,-0.86933
MED00137,10,hist_mean,-0.87568
MED00138,10,hist_mean,-0.85503
MED00139,10,hist_mean,-0.49838
MED00140,10,hist_mean,-1.04783
MED00141,10,hist_mean,-0.27307
MED00142,10,hist_mean,-1.88556
MED00143,10,hist_mean,-1.05397
MED00144,10,hist_mean,-0.05941
MED00145,10,hist_mean,-1.53339
MED00146,10,hist_mean,-1.06743
MED00147,10,hist_mean,-1.08594
MED00148,10,hist_mean,-0.16826
MED00149,10,hist_mean,-0.41277
MED00150,10,hist_mean,-1.05831
MED00151,10,hist_mean,-0.84506
MED00152,10,hist_mean,-0.84859
MED00153,10,hist_mean,-0.84073
MED00154,10,hist_mean,0.36348
MED00155,10,hist_mean,-0.87008
MED00156,10,hist_mean,-0.88622
MED00157,10,hist_mean,-0.26456
MED00158,10,hist_mean,-2.1766
MED00159,10,hist_mean,0.17496
MED00160,10,hist_mean,-0.37402
MED00161,10,hist_mean,-0.05987
MED00162,10,hist_mean,-0.88149
MED00163,10,hist_mean,-1.98963
MED00164,10,hist_mean,-0.8974
MED00165,10,hist_mean,0.22385
MED00166,10,hist_mean,-0.85604
MED00167,10,hist_mean,-1.09781
MED00168,10,hist_mean,-0.99225
MED00169,10,hist_mean,-0.98204
MED00170,10,hist_mean,-1.0201
MED00171,10,hist_mean,-0.8467
MED00172,10,hist_mean,-0.97211
MED00173,10,hist_mean,-0.85405
MED00174,10,hist_mean,-0.20074
MED00175,10,hist_mean,-1.21382
MED00176,10,hist_mean,0.42563
MED00177,10,hist_mean,-2.02144
MED00178,10,hist_mean,-0.89932
MED00179,10,hist_mean,-1.86042
MED00180,10,hist_mean,-0.8952
MED00181,10,hist_mean,-0.57794
MED00182,10,hist_mean,-1.95246
MED00183,10,hist_mean,0.6864
MED00184,10,hist_mean,0.09431
MED00185,10,hist_mean,-1.05932
MED00186,10,hist_mean,-1.00248
MED00187,10,hist_mean,-0.8102
MED00188,10,hist_mean,-0.47465
MED00189,10,hist_mean,-2.25744
MED00190,10,hist_mean,-0.91032
MED00191,10,hist_mean,0.40095
MED00192,10,hist_mean,-2.29235
MED00193,10,hist_mean,-2.33992
MED00194,10,hist_mean,0.02026
MED00195,10,hist_mean,-0.12597
MED00196,10,hist_mean,0.0094
MED00197,10,hist_mean,0.01496
MED00198,10,hist_mean,-1.07231
MED00199,10,hist_mean,-1.09897
MED00200,10,hist_mean,-1.03095
MED00201,10,hist_mean,0.1881
MED00202,10,hist_mean,-1.02925
MED00203,10,hist_mean,-0.86409
MED00204,10,hist_mean,-0.85156
MED00205,10,hist_mean,0.45572
MED00206,10,hist_mean,-1.21276
MED00207,10,hist_mean,-0.93172
MED00208,10,hist_mean,0.41557
MED00209,10,hist_mean,-0.8009
MED00210,10,hist_mean,-1.23384
MED00211,10,hist_mean,-0.83452
MED00212,10,hist_mean,-0.88
MED00213,10,hist_mean,-1.02297
MED00214,10,hist_mean,0.30429
MED00215,10,hist_mean,-0.84005
MED00216,10,hist_mean,-2.34496
MED00217,10,hist_mean,-2.21375
MED00218,10,hist_mean,-0.29513
MED00219,10,hist_mean,0.27747
MED00220,10,hist_mean,-0.89754
MED00221,10,hist_mean,-0.54385
MED00222,10,hist_mean,-1.82588
MED00223,10,hist_mean,0.17287
MED00224,10,hist_mean,-1.08053
MED00225,10,hist_mean,-0.39698
MED00226,10,hist_mean,-0.88818
MED00227,10,hist_mean,0.36351
MED00228,10,hist_mean,-1.07481
MED00229,10,hist_mean,-1.58103
MED00230,10,hist_mean,0.36581
MED00231,10,hist_mean,-1.2311
MED00232,10,hist_mean,-0.51612
MED00233,10,hist_mean,-1.80207
MED00234,10,hist_mean,-1.0396
MED00235,10,hist_mean,1.54254
MED00236,10,hist_mean,-0.85925
MED00237,10,hist_mean,-0.33579
MED00238,10,hist_mean,-0.9765
MED00239,10,hist_mean,-0.4692
MED00240,10,hist_mean,-0.40368
MED00241,10,hist_mean,-0.74295
MED00242,10,hist_mean,0.24777
MED00243,10,hist_mean,-2.36763
MED00244,10,hist_mean,-0.86048
MED00245,10,hist_mean,1.54466
MED00246,10,hist_mean,-0.15946
MED00247,10,hist_mean,0.4172
MED00248,10,hist_mean,-0.8576
MED00249,10,hist_mean,0.72239
MED00250,10,hist_mean,0.31491
MED00251,10,hist_mean,-1.04227
MED00252,10,hist_mean,-1.91979
MED00253,10,hist_mean,-0.46018
MED00254,10,hist_mean,-1.90923
MED00255,10,hist_mean,-0.15757
MED00256,10,hist_mean,-0.90214
MED00257,10,hist_mean,-0.40974
MED00258,10,hist_mean,-0.91614
MED00259,10,hist_mean,-0.88071
MED00260,10,hist_mean,-1.86201
MED00261,10,hist_mean,-1.50335
MED00262,10,hist_mean,-0.63709
MED00263,10,hist_mean,-0.56473
MED00264,10,hist_mean,-1.92618
MED00265,10,hist_mean,-0.05677
MED00266,10,hist_mean,0.27745
MED00267,10,hist_mean,-0.16438
MED00268,10,hist_mean,-0.89763
MED00269,10,hist_mean,-0.83574
MED00270,10,hist_mean,-0.8606
MED00271,10,hist_mean,-0.93021
MED00272,10,hist_mean,-0.40375
MED00273,10,hist_mean,-0.55116
MED00274,10,hist_mean,-1.87308
MED00275,10,hist_mean,0.22668
MED00276,10,hist_mean,-0.93442
MED00277,10,hist_mean,-2.25518
MED00278,10,hist_mean,0.15426
MED00279,10,hist_mean,0.59885
MED00280,10,hist_mean,-2.22458
MED00281,10,hist_mean,0.40148
MED00282,10,hist_mean,-0.5938
MED00283,10,hist_mean,-0.90157
MED00284,10,hist_mean,-1.33675
MED00285,10,hist_mean,-0.16957
MED00286,10,hist_mean,-0.49017
MED00287,10,hist_mean,-0.55929
MED00288,10,hist_mean,1.14519
MED00289,10,hist_mean,-0.32712
MED00290,10,hist_mean,-1.05453
MED00291,10,hist_mean,0.28779
MED00292,10,hist_mean,-1.03726
MED00293,10,hist_mean,-0.46992
MED00294,10,hist_mean,-1.34591
MED00295,10,hist_mean,-2.11749
MED00296,10,hist_mean,-0.39455
MED00297,10,hist_mean,-0.06667
MED00298,10,hist_mean,-0.90078
MED00299,10,hist_mean,-1.90981
MED00300,10,hist_mean,-0.94943
MED00301,10,hist_mean,-0.16182
MED00302,10,hist_mean,0.05484
MED00303,10,hist_mean,-0.84101
MED00304,10,hist_mean,-0.35498
MED00305,10,hist_mean,-1.00091
MED00306,10,hist_mean,-1.9263
MED00307,10,hist_mean,0.70633
MED00308,10,hist_mean,-1.66245
MED00309,10,hist_mean,-0.57608
MED00310,10,hist_mean,-0.55137
MED00311,10,hist_mean,-0.5118
MED00312,10,hist_mean,-1.84138
MED00313,10,hist_mean,-1.80852
MED00314,10,hist_mean,0.15998
MED00315,10,hist_mean,0.30762
MED00316,10,hist_mean,-0.59286
MED00317,10,hist_mean,-0.84781
MED00318,10,hist_mean,-0.87805
MED00319,10,hist_mean,0.41656
MED00320,10,hist_mean,-0.1792
MED00321,10,hist_mean,-1.46342
MED00322,10,hist_mean,-2.26738
MED00323,10,hist_mean,-1.37181
MED00324,10,hist_mean,-1.18053
MED00325,10,hist_mean,0.04018
MED00326,10,hist_mean,0.3059
MED00327,10,hist_mean,-0.53046
MED00328,10,hist_mean,-0.37741
MED00329,10,hist_mean,0.4082
MED00330,10,hist_mean,-0.38218
MED00331,10,hist_mean,-1.03716
MED00332,10,hist_mean,-0.54378
MED00333,10,hist_mean,-0.79655
MED00334,10,hist_mean,0.2822
MED00335,10,hist_mean,-0.17569
MED00336,10,hist_mean,0.30726
MED00337,10,hist_mean,1.46367
MED00338,10,hist_mean,0.1948
MED00339,10,hist_mean,-1.06925
MED00340,10,hist_mean,-0.86275
MED00341,10,hist_mean,-0.1599
MED00342,10,hist_mean,-0.92035
MED00343,10,hist_mean,0.31847
MED00344,10,hist_mean,-0.32492
MED00345,10,hist_mean,-2.21645
MED00346,10,hist_mean,-0.51136
MED00347,10,hist_mean,-2.28039
MED00348,10,hist_mean,-1.06494
MED00349,10,hist_mean,-0.82861
MED00350,10,hist_mean,-0.92947
MED00351,10,hist_mean,-1.68783
MED00352,10,hist_mean,-1.95669
MED00353,10,hist_mean,-1.39561
MED00354,10,hist_mean,-1.3472
MED00355,10,hist_mean,0.33068
MED00356,10,hist_mean,-0.92892
MED00357,10,hist_mean,-2.22685
MED00358,10,hist_mean,-0.15981
MED00359,10,hist_mean,-0.8714
MED00360,10,hist_mean,-0.83559
MED00361,10,hist_mean,-0.87947
MED00362,10,hist_mean,-0.89622
MED00363,10,hist_mean,-1.0353
MED00364,10,hist_mean,-2.25596
MED00365,10,hist_mean,-0.85071
MED00366,10,hist_mean,0.31104
MED00367,10,hist_mean,-0.87732
MED00368,10,hist_mean,-0.61641
MED00369,10,hist_mean,-0.44897
MED00370,10,hist_mean,-1.95525
MED00371,10,hist_mean,0.34698
MED00372,10,hist_mean,-2.23292
MED00373,10,hist_mean,-1.5856
MED00374,10,hist_mean,-1.03035
MED00375,10,hist_mean,0.36656
MED00376,10,hist_mean,-0.85417
MED00377,10,hist_mean,-1.55965
MED00378,10,hist_mean,-0.84744
MED00379,10,hist_mean,-1.44093
MED00380,10,hist_mean,-1.71619
MED00381,10,hist_mean,-0.91276
MED00382,10,hist_mean,-0.9096
MED00383,10,hist_mean,0.02264
MED00384,10,hist_mean,-0.88358
MED00385,10,hist_mean,0.74818
MED00386,10,hist_mean,0.46831
MED00387,10,hist_mean,0.74647
MED00388,10,hist_mean,1.81832
MED00389,10,hist_mean,0.2414
MED00390,10,hist_mean,0.74654
MED00391,10,hist_mean,0.66396
MED00392,10,hist_mean,0.69478
MED00393,10,hist_mean,0.39472
MED00394,10,hist_mean,0.43137
MED00395,10,hist_mean,0.69089
MED00396,10,hist_mean,1.49306
MED00397,10,hist_mean,1.18124
MED00398,10,hist_mean,1.87851
MED00399,10,hist_mean,1.88151
MED00400,10,hist_mean,1.50568
MED00401,10,hist_mean,0.42607
MED00402,10,hist_mean,0.65989
MED00403,10,hist_mean,0.43631
MED00404,10,hist_mean,-0.21114
MED00405,10,hist_mean,0.12943
MED00406,10,hist_mean,0.79049
MED00407,10,hist_mean,0.66965
MED00408,10,hist_mean,-0.12437
MED00409,10,hist_mean,0.37437
MED00410,10,hist_mean,0.2381
MED00411,10,hist_mean,0.74354
MED00412,10,hist_mean,0.33362
MED00413,10,hist_mean,0.4063
MED00414,10,hist_mean,0.69521
MED00415,10,hist_mean,0.39518
MED00416,10,hist_mean,0.67585
MED00417,10,hist_mean,0.0445
MED00418,10,hist_mean,-0.02357
MED00419,10,hist_mean,0.18902
MED00420,10,hist_mean,0.78702
MED00421,10,hist_mean,0.73368
MED00422,10,hist_mean,0.66151
MED00423,10,hist_mean,0.41031
MED00424,10,hist_mean,1.81247
MED00001,11,hist_mean,0.33619
MED00002,11,hist_mean,-2.40937
MED00003,11,hist_mean,-1.99293
MED00004,11,hist_mean,-1.42038
MED00005,11,hist_mean,-0.5293
MED00006,11,hist_mean,-1.23463
MED00007,11,hist_mean,-0.567
MED00008,11,hist_mean,-1.58277
MED00009,11,hist_mean,-0.57146
MED00010,11,hist_mean,-0.45375
MED00011,11,hist_mean,0.69266
MED00012,11,hist_mean,-0.85367
MED00013,11,hist_mean,-0.39515
MED00014,11,hist_mean,0.45681
MED00015,11,hist_mean,-1.89463
MED00016,11,hist_mean,-0.90519
MED00017,11,hist_mean,-0.93117
MED00018,11,hist_mean,1.50692
MED00019,11,hist_mean,1.17668
MED00020,11,hist_mean,0.19644
MED00021,11,hist_mean,-0.46222
MED00022,11,hist_mean,-0.86172
MED00023,11,hist_mean,-1.23243
MED00024,11,hist_mean,-0.6119
MED00025,11,hist_mean,-2.27868
MED00026,11,hist_mean,-1.95832
MED00027,11,hist_mean,-2.11909
MED00028,11,hist_mean,-1.77488
MED00029,11,hist_mean,0.37055
MED00030,11,hist_mean,-0.47883
MED00031,11,hist_mean,-0.5816
MED00032,11,hist_mean,-0.85137
MED00033,11,hist_mean,-1.09404
MED00034,11,hist_mean,0.54382
MED00035,11,hist_mean,-1.91333
MED00036,11,hist_mean,-0.87826
MED00037,11,hist_mean,-0.46745
MED00038,11,hist_mean,0.41709
MED00039,11,hist_mean,-1.1941
MED00040,11,hist_mean,-1.71249
MED00041,11,hist_mean,-1.82526
MED00042,11,hist_mean,-0.5477
MED00043,11,hist_mean,-1.9056
MED00044,11,hist_mean,-0.91048
MED00045,11,hist_mean,-1.10586
MED00046,11,hist_mean,-0.84039
MED00047,11,hist_mean,-0.17696
MED00048,11,hist_mean,0.45344
MED00049,11,hist_mean,-2.20838
MED00050,11,hist_mean,-0.58092
MED00051,11,hist_mean,-2.37294
MED00052,11,hist_mean,-1.82429
MED00053,11,hist_mean,-0.05227
MED00054,11,hist_mean,-0.0411
MED00055,11,hist_mean,-1.38318
MED00056,11,hist_mean,-1.67958
MED00057,11,hist_mean,-1.85071
MED00058,11,hist_mean,-1.19838
MED00059,11,hist_mean,0.08957
MED00060,11,hist_mean,-0.1585
MED00061,11,hist_mean,-1.53271
MED00062,11,hist_mean,0.38573
MED00063,11,hist_mean,-2.30974
MED00064,11,hist_mean,0.78404
MED00065,11,hist_mean,1.44421
MED00066,11,hist_mean,-1.91524
MED00067,11,hist_mean,-0.91117
MED00068,11,hist_mean,-0.61911
MED00069,11,hist_mean,-1.0299
MED00070,11,hist_mean,0.34843
MED00071,11,hist_mean,-0.86939
MED00072,11,hist_mean,-0.86502
MED00073,11,hist_mean,-0.5928
MED00074,11,hist_mean,-0.6228
MED00075,11,hist_mean,-0.82968
MED00076,11,hist_mean,-2.22968
MED00077,11,hist_mean,-0.48453
MED00078,11,hist_mean,-0.58465
MED00079,11,hist_mean,0.76658
MED00080,11,hist_mean,-0.63065
MED00081,11,hist_mean,-1.96694
MED00082,11,hist_mean,-0.5744
MED00083,11,hist_mean,-0.58097
MED00084,11,hist_mean,1.11605
MED00085,11,hist_mean,-0.91363
MED00086,11,hist_mean,-1.97496
MED00087,11,hist_mean,-1.08236
MED00088,11,hist_mean,0.79322
MED00089,11,hist_mean,0.46445
MED00090,11,hist_mean,-0.49284
MED00091,11,hist_mean,-0.83545
MED00092,11,hist_mean,-1.10141
MED00093,11,hist_mean,-2.13094
MED00094,11,hist_mean,-1.54285
MED00095,11,hist_mean,-0.56585
MED00096,11,hist_mean,0.29152
MED00097,11,hist_mean,-1.8408
MED00098,11,hist_mean,0.15982
MED00099,11,hist_mean,-2.01971
MED00100,11,hist_mean,-2.29121
MED00101,11,hist_mean,-0.373
MED00102,11,hist_mean,-0.51627
MED00103,11,hist_mean,-0.57188
MED00104,11,hist_mean,0.1658
MED00105,11,hist_mean,0.42401
MED00106,11,hist_mean,-2.2536
MED00107,11,hist_mean,0.19259
MED00108,11,hist_mean,-0.60301
MED00109,11,hist_mean,-1.74666
MED00110,11,hist_mean,-1.83312
MED00111,11,hist_mean,-1.5486
MED00112,11,hist_mean,-0.64129
MED00113,11,hist_mean,-0.99526
MED00114,11,hist_mean,0.27405
MED00115,11,hist_mean,-0.86786
MED00116,11,hist_mean,0.01828
MED00117,11,hist_mean,-1.05792
MED00118,11,hist_mean,-1.17447
MED00119,11,hist_mean,-0.92064
MED00120,11,hist_mean,0.17886
MED00121,11,hist_mean,-0.44288
MED00122,11,hist_mean,-0.87031
MED00123,11,hist_mean,-1.39845
MED00124,11,hist_mean,0.16578
MED00125,11,hist_mean,-2.21781
MED00126,11,hist_mean,-1.41868
MED00127,11,hist_mean,-0.89701
MED00128,11,hist_mean,-0.84014
MED00129,11,hist_mean,-1.07136
MED00130,11,hist_mean,-2.19007
MED00131,11,hist_mean,-0.86299
MED00132,11,hist_mean,-1.74964
MED00133,11,hist_mean,-1.80154
MED00134,11,hist_mean,-1.79532
MED00135,11,hist_mean,0.27475
MED00136,11,hist_mean,-0.84652
MED00137,11,hist_mean,-0.87059
MED00138,11,hist_mean,-0.85702
MED00139,11,hist_mean,-0.49514
MED00140,11,hist_mean,-1.03704
MED00141,11,hist_mean,-0.2719
MED00142,11,hist_mean,-1.87934
MED00143,11,hist_mean,-1.04886
MED00144,11,hist_mean,-0.0573
MED00145,11,hist_mean,-1.52254
MED00146,11,hist_mean,-1.05657
MED00147,11,hist_mean,-1.09235
MED00148,11,hist_mean,-0.15674
MED00149,11,hist_mean,-0.40788
MED00150,11,hist_mean,-1.05462
MED00151,11,hist_mean,-0.84172
MED00152,11,hist_mean,-0.84273
MED00153,11,hist_mean,-0.83377
MED00154,11,hist_mean,0.35364
MED00155,11,hist_mean,-0.86282
MED00156,11,hist_mean,-0.8851
MED00157,11,hist_mean,-0.2632
MED00158,11,hist_mean,-2.1656
MED00159,11,hist_mean,0.17943
MED00160,11,hist_mean,-0.37346
MED00161,11,hist_mean,-0.05706
MED00162,11,hist_mean,-0.87674
MED00163,11,hist_mean,-1.97729
MED00164,11,hist_mean,-0.89508
MED00165,11,hist_mean,0.22707
MED00166,11,hist_mean,-0.85129
MED00167,11,hist_mean,-1.09092
MED00168,11,hist_mean,-0.98703
MED00169,11,hist_mean,-0.9746
MED00170,11,hist_mean,-1.01779
MED00171,11,hist_mean,-0.84017
MED00172,11,hist_mean,-0.96799
MED00173,11,hist_mean,-0.85276
MED00174,11,hist_mean,-0.19777
MED00175,11,hist_mean,-1.19211
MED00176,11,hist_mean,0.42105
MED00177,11,hist_mean,-2.01093
MED00178,11,hist_mean,-0.88655
MED00179,11,hist_mean,-1.84804
MED00180,11,hist_mean,-0.88626
MED00181,11,hist_mean,-0.57527
MED00182,11,hist_mean,-1.9432
MED00183,11,hist_mean,0.68224
MED00184,11,hist_mean,0.0914
MED00185,11,hist_mean,-1.0591
MED00186,11,hist_mean,-0.99627
MED00187,11,hist_mean,-0.80066
MED00188,11,hist_mean,-0.47323
MED00189,11,hist_mean,-2.25263
MED00190,11,hist_mean,-0.90683
MED00191,11,hist_mean,0.40356
MED00192,11,hist_mean,-2.28512
MED00193,11,hist_mean,-2.33349
MED00194,11,hist_mean,0.02198
MED00195,11,hist_mean,-0.11608
MED00196,11,hist_mean,0.0121
MED00197,11,hist_mean,0.01799
MED00198,11,hist_mean,-1.0646
MED00199,11,hist_mean,-1.07845
MED00200,11,hist_mean,-1.02968
MED00201,11,hist_mean,0.18712
MED00202,11,hist_mean,-1.02109
MED00203,11,hist_mean,-0.85992
MED00204,11,hist_mean,-0.84471
MED00205,11,hist_mean,0.45783
MED00206,11,hist_mean,-1.18631
MED00207,11,hist_mean,-0.92797
MED00208,11,hist_mean,0.41842
MED00209,11,hist_mean,-0.78808
MED00210,11,hist_mean,-1.22367
MED00211,11,hist_mean,-0.83454
MED00212,11,hist_mean,-0.87899
MED00213,11,hist_mean,-1.01169
MED00214,11,hist_mean,0.3083
MED00215,11,hist_mean,-0.8361
MED00216,11,hist_mean,-2.34077
MED00217,11,hist_mean,-2.20531
MED00218,11,hist_mean,-0.29446
MED00219,11,hist_mean,0.27776
MED00220,11,hist_mean,-0.89189
MED00221,11,hist_mean,-0.54068
MED00222,11,hist_mean,-1.81362
MED00223,11,hist_mean,0.17414
MED00224,11,hist_mean,-1.07146
MED00225,11,hist_mean,-0.39617
MED00226,11,hist_mean,-0.88316
MED00227,11,hist_mean,0.35983
MED00228,11,hist_mean,-1.07534
MED00229,11,hist_mean,-1.56521
MED00230,11,hist_mean,0.35883
MED00231,11,hist_mean,-1.22416
MED00232,11,hist_mean,-0.51241
MED00233,11,hist_mean,-1.79523
MED00234,11,hist_mean,-1.03281
MED00235,11,hist_mean,1.52915
MED00236,11,hist_mean,-0.85567
MED00237,11,hist_mean,-0.3301
MED00238,11,hist_mean,-0.97025
MED00239,11,hist_mean,-0.46586
MED00240,11,hist_mean,-0.40097
MED00241,11,hist_mean,-0.73758
MED00242,11,hist_mean,0.24904
MED00243,11,hist_mean,-2.35962
MED00244,11,hist_mean,-0.85852
MED00245,11,hist_mean,1.5348
MED00246,11,hist_mean,-0.15771
MED00247,11,hist_mean,0.42009
MED00248,11,hist_mean,-0.8568
MED00249,11,hist_mean,0.7255
MED00250,11,hist_mean,0.31878
MED00251,11,hist_mean,-1.03952
MED00252,11,hist_mean,-1.90507
MED00253,11,hist_mean,-0.45541
MED00254,11,hist_mean,-1.89475
MED00255,11,hist_mean,-0.14493
MED00256,11,hist_mean,-0.89774
MED00257,11,hist_mean,-0.40725
MED00258,11,hist_mean,-0.91018
MED00259,11,hist_mean,-0.87437
MED00260,11,hist_mean,-1.84264
MED00261,11,hist_mean,-1.48856
MED00262,11,hist_mean,-0.63271
MED00263,11,hist_mean,-0.55963
MED00264,11,hist_mean,-1.91268
MED00265,11,hist_mean,-0.05333
MED00266,11,hist_mean,0.27301
MED00267,11,hist_mean,-0.16342
MED00268,11,hist_mean,-0.89665
MED00269,11,hist_mean,-0.83111
MED00270,11,hist_mean,-0.85638
MED00271,11,hist_mean,-0.92608
MED00272,11,hist_mean,-0.39359
MED00273,11,hist_mean,-0.53979
MED00274,11,hist_mean,-1.87126
MED00275,11,hist_mean,0.22619
MED00276,11,hist_mean,-0.92905
MED00277,11,hist_mean,-2.2524
MED00278,11,hist_mean,0.15858
MED00279,11,hist_mean,0.59527
MED00280,11,hist_mean,-2.21186
MED00281,11,hist_mean,0.40278
MED00282,11,hist_mean,-0.58306
MED00283,11,hist_mean,-0.89923
MED00284,11,hist_mean,-1.3279
MED00285,11,hist_mean,-0.16905
MED00286,11,hist_mean,-0.48648
MED00287,11,hist_mean,-0.55771
MED00288,11,hist_mean,1.09507
MED00289,11,hist_mean,-0.32386
MED00290,11,hist_mean,-1.05096
MED00291,11,hist_mean,0.27835
MED00292,11,hist_mean,-1.03727
MED00293,11,hist_mean,-0.46696
MED00294,11,hist_mean,-1.3385
MED00295,11,hist_mean,-2.10952
MED00296,11,hist_mean,-0.39029
MED00297,11,hist_mean,-0.06333
MED00298,11,hist_mean,-0.89271
MED00299,11,hist_mean,-1.90135
MED00300,11,hist_mean,-0.94105
MED00301,11,hist_mean,-0.15744
MED00302,11,hist_mean,0.05703
MED00303,11,hist_mean,-0.82649
MED00304,11,hist_mean,-0.35282
MED00305,11,hist_mean,-0.99794
MED00306,11,hist_mean,-1.90745
MED00307,11,hist_mean,0.70499
MED00308,11,hist_mean,-1.64537
MED00309,11,hist_mean,-0.57469
MED00310,11,hist_mean,-0.538
MED00311,11,hist_mean,-0.5042
MED00312,11,hist_mean,-1.83501
MED00313,11,hist_mean,-1.78819
MED00314,11,hist_mean,0.16347
MED00315,11,hist_mean,0.30991
MED00316,11,hist_mean,-0.59115
MED00317,11,hist_mean,-0.84296
MED00318,11,hist_mean,-0.87644
MED00319,11,hist_mean,0.41952
MED00320,11,hist_mean,-0.18097
MED00321,11,hist_mean,-1.44488
MED00322,11,hist_mean,-2.2593
MED00323,11,hist_mean,-1.3696
MED00324,11,hist_mean,-1.15634
MED00325,11,hist_mean,0.04227
MED00326,11,hist_mean,0.30842
MED00327,11,hist_mean,-0.52669
MED00328,11,hist_mean,-0.37453
MED00329,11,hist_mean,0.41118
MED00330,11,hist_mean,-0.37916
MED00331,11,hist_mean,-1.03445
MED00332,11,hist_mean,-0.54155
MED00333,11,hist_mean,-0.79331
MED00334,11,hist_mean,0.27298
MED00335,11,hist_mean,-0.16762
MED00336,11,hist_mean,0.31136
MED00337,11,hist_mean,1.4362
MED00338,11,hist_mean,0.19748
MED00339,11,hist_mean,-1.06374
MED00340,11,hist_mean,-0.85872
MED00341,11,hist_mean,-0.15929
MED00342,11,hist_mean,-0.91522
MED00343,11,hist_mean,0.3207
MED00344,11,hist_mean,-0.30389
MED00345,11,hist_mean,-2.21015
MED00346,11,hist_mean,-0.50827
MED00347,11,hist_mean,-2.27286
MED00348,11,hist_mean,-1.05587
MED00349,11,hist_mean,-0.82575
MED00350,11,hist_mean,-0.91774
MED00351,11,hist_mean,-1.67001
MED00352,11,hist_mean,-1.93888
MED00353,11,hist_mean,-1.3802
MED00354,11,hist_mean,-1.3362
MED00355,11,hist_mean,0.33271
MED00356,11,hist_mean,-0.92347
MED00357,11,hist_mean,-2.21593
MED00358,11,hist_mean,-0.15649
MED00359,11,hist_mean,-0.86574
MED00360,11,hist_mean,-0.82765
MED00361,11,hist_mean,-0.87738
MED00362,11,hist_mean,-0.89074
MED00363,11,hist_mean,-1.03377
MED00364,11,hist_mean,-2.25274
MED00365,11,hist_mean,-0.84528
MED00366,11,hist_mean,0.31251
MED00367,11,hist_mean,-0.87329
MED00368,11,hist_mean,-0.61197
MED00369,11,hist_mean,-0.44595
MED00370,11,hist_mean,-1.94779
MED00371,11,hist_mean,0.34317
MED00372,11,hist_mean,-2.2311
MED00373,11,hist_mean,-1.58064
MED00374,11,hist_mean,-1.05526
MED00375,11,hist_mean,0.36291
MED00376,11,hist_mean,-0.85188
MED00377,11,hist_mean,-1.54474
MED00378,11,hist_mean,-0.83949
MED00379,11,hist_mean,-1.41864
MED00380,11,hist_mean,-1.69859
MED00381,11,hist_mean,-0.90509
MED00382,11,hist_mean,-0.91289
MED00383,11,hist_mean,0.02593
MED00384,11,hist_mean,-0.87858
MED00385,11,hist_mean,0.75191
MED00386,11,hist_mean,0.47085
MED00387,11,hist_mean,0.75177
MED00388,11,hist_mean,1.8199
MED00389,11,hist_mean,0.24214
MED00390,11,hist_mean,0.75019
MED00391,11,hist_mean,0.66383
MED00392,11,hist_mean,0.6944
MED00393,11,hist_mean,0.39586
MED00394,11,hist_mean,0.43199
MED00395,11,hist_mean,0.69214
MED00396,11,hist_mean,1.48656
MED00397,11,hist_mean,1.14598
MED00398,11,hist_mean,1.8654
MED00399,11,hist_mean,1.86561
MED00400,11,hist_mean,1.49819
MED00401,11,hist_mean,0.42587
MED00402,11,hist_mean,0.6576
MED00403,11,hist_mean,0.43723
MED00404,11,hist_mean,-0.21465
MED00405,11,hist_mean,0.13222
MED00406,11,hist_mean,0.79573
MED00407,11,hist_mean,0.66871
MED00408,11,hist_mean,-0.12589
MED00409,11,hist_mean,0.37555
MED00410,11,hist_mean,0.24252
MED00411,11,hist_mean,0.74778
MED00412,11,hist_mean,0.33352
MED00413,11,hist_mean,0.40421
MED00414,11,hist_mean,0.69473
MED00415,11,hist_mean,0.39412
MED00416,11,hist_mean,0.67637
MED00417,11,hist_mean,0.04267
MED00418,11,hist_mean,-0.02233
MED00419,11,hist_mean,0.18738
MED00420,11,hist_mean,0.79107
MED00421,11,hist_mean,0.73385
MED00422,11,hist_mean,0.66135
MED00423,11,hist_mean,0.41077
MED00424,11,hist_mean,1.79419
MED00001,12,hist_mean,0.34181
MED00002,12,hist_mean,-2.39859
MED00003,12,hist_mean,-1.99722
MED00004,12,hist_mean,-1.418
MED00005,12,hist_mean,-0.54293
MED00006,12,hist_mean,-1.22668
MED00007,12,hist_mean,-0.56505
MED00008,12,hist_mean,-1.57839
MED00009,12,hist_mean,-0.57204
MED00010,12,hist_mean,-0.45436
MED00011,12,hist_mean,0.70318
MED00012,12,hist_mean,-0.84482
MED00013,12,hist_mean,-0.40208
MED00014,12,hist_mean,0.4717
MED00015,12,hist_mean,-1.88108
MED00016,12,hist_mean,-0.90015
MED00017,12,hist_mean,-0.92511
MED00018,12,hist_mean,1.47278
MED00019,12,hist_mean,1.17669
MED00020,12,hist_mean,0.20462
MED00021,12,hist_mean,-0.46416
MED00022,12,hist_mean,-0.86026
MED00023,12,hist_mean,-1.22656
MED00024,12,hist_mean,-0.61516
MED00025,12,hist_mean,-2.22438
MED00026,12,hist_mean,-1.91899
MED00027,12,hist_mean,-2.06676
MED00028,12,hist_mean,-1.7659
MED00029,12,hist_mean,0.37348
MED00030,12,hist_mean,-0.48047
MED00031,12,hist_mean,-0.58458
MED00032,12,hist_mean,-0.83901
MED00033,12,hist_mean,-1.09476
MED00034,12,hist_mean,0.55341
MED00035,12,hist_mean,-1.90559
MED00036,12,hist_mean,-0.87876
MED00037,12,hist_mean,-0.48143
MED00038,12,hist_mean,0.42219
MED00039,12,hist_mean,-1.19329
MED00040,12,hist_mean,-1.70692
MED00041,12,hist_mean,-1.80122
MED00042,12,hist_mean,-0.54749
MED00043,12,hist_mean,-1.88931
MED00044,12,hist_mean,-0.90634
MED00045,12,hist_mean,-1.09806
MED00046,12,hist_mean,-0.83374
MED00047,12,hist_mean,-0.17677
MED00048,12,hist_mean,0.45923
MED00049,12,hist_mean,-2.19361
MED00050,12,hist_mean,-0.57901
MED00051,12,hist_mean,-2.35175
MED00052,12,hist_mean,-1.83168
MED00053,12,hist_mean,-0.05267
MED00054,12,hist_mean,-0.0394
MED00055,12,hist_mean,-1.3752
MED00056,12,hist_mean,-1.66174
MED00057,12,hist_mean,-1.80474
MED00058,12,hist_mean,-1.18847
MED00059,12,hist_mean,0.09747
MED00060,12,hist_mean,-0.16108
MED00061,12,hist_mean,-1.52908
MED00062,12,hist_mean,0.39124
MED00063,12,hist_mean,-2.28853
MED00064,12,hist_mean,0.78889
MED00065,12,hist_mean,1.42055
MED00066,12,hist_mean,-1.89691
MED00067,12,hist_mean,-0.90707
MED00068,12,hist_mean,-0.62233
MED00069,12,hist_mean,-1.02549
MED00070,12,hist_mean,0.35315
MED00071,12,hist_mean,-0.86561
MED00072,12,hist_mean,-0.86016
MED00073,12,hist_mean,-0.59358
MED00074,12,hist_mean,-0.62528
MED00075,12,hist_mean,-0.83178
MED00076,12,hist_mean,-2.21932
MED00077,12,hist_mean,-0.49045
MED00078,12,hist_mean,-0.58603
MED00079,12,hist_mean,0.77427
MED00080,12,hist_mean,-0.63394
MED00081,12,hist_mean,-1.96827
MED00082,12,hist_mean,-0.57499
MED00083,12,hist_mean,-0.58715
MED00084,12,hist_mean,1.11939
MED00085,12,hist_mean,-0.9045
MED00086,12,hist_mean,-1.94636
MED00087,12,hist_mean,-1.07203
MED00088,12,hist_mean,0.80526
MED00089,12,hist_mean,0.47293
MED00090,12,hist_mean,-0.49463
MED00091,12,hist_mean,-0.8305
MED00092,12,hist_mean,-1.09525
MED00093,12,hist_mean,-2.07875
MED00094,12,hist_mean,-1.54648
MED00095,12,hist_mean,-0.56565
MED00096,12,hist_mean,0.29733
MED00097,12,hist_mean,-1.8141
MED00098,12,hist_mean,0.16411
MED00099,12,hist_mean,-1.97455
MED00100,12,hist_mean,-2.27069
MED00101,12,hist_mean,-0.37822
MED00102,12,hist_mean,-0.52365
MED00103,12,hist_mean,-0.56957
MED00104,12,hist_mean,0.17148
MED00105,12,hist_mean,0.42905
MED00106,12,hist_mean,-2.23599
MED00107,12,hist_mean,0.19725
MED00108,12,hist_mean,-0.60271
MED00109,12,hist_mean,-1.71558
MED00110,12,hist_mean,-1.75978
MED00111,12,hist_mean,-1.53611
MED00112,12,hist_mean,-0.64345
MED00113,12,hist_mean,-0.98641
MED00114,12,hist_mean,0.28031
MED00115,12,hist_mean,-0.86337
MED00116,12,hist_mean,0.01663
MED00117,12,hist_mean,-1.04906
MED00118,12,hist_mean,-1.15976
MED00119,12,hist_mean,-0.91168
MED00120,12,hist_mean,0.18886
MED00121,12,hist_mean,-0.44398
MED00122,12,hist_mean,-0.86831
MED00123,12,hist_mean,-1.39617
MED00124,12,hist_mean,0.17174
MED00125,12,hist_mean,-2.21054
MED00126,12,hist_mean,-1.41909
MED00127,12,hist_mean,-0.89349
MED00128,12,hist_mean,-0.83344
MED00129,12,hist_mean,-1.07102
MED00130,12,hist_mean,-2.17813
MED00131,12,hist_mean,-0.85859
MED00132,12,hist_mean,-1.72416
MED00133,12,hist_mean,-1.76715
MED00134,12,hist_mean,-1.71318
MED00135,12,hist_mean,0.28019
MED00136,12,hist_mean,-0.85319
MED00137,12,hist_mean,-0.86714
MED00138,12,hist_mean,-0.85347
MED00139,12,hist_mean,-0.49478
MED00140,12,hist_mean,-1.03139
MED00141,12,hist_mean,-0.27379
MED00142,12,hist_mean,-1.84439
MED00143,12,hist_mean,-1.04222
MED00144,12,hist_mean,-0.05488
MED00145,12,hist_mean,-1.51975
MED00146,12,hist_mean,-1.01674
MED00147,12,hist_mean,-1.08397
MED00148,12,hist_mean,-0.15885
MED00149,12,hist_mean,-0.41311
MED00150,12,hist_mean,-1.04855
MED00151,12,hist_mean,-0.83861
MED00152,12,hist_mean,-0.83804
MED00153,12,hist_mean,-0.82997
MED00154,12,hist_mean,0.36053
MED00155,12,hist_mean,-0.85696
MED00156,12,hist_mean,-0.88111
MED00157,12,hist_mean,-0.26237
MED00158,12,hist_mean,-2.1101
MED00159,12,hist_mean,0.18383
MED00160,12,hist_mean,-0.37845
MED00161,12,hist_mean,-0.054
MED00162,12,hist_mean,-0.87073
MED00163,12,hist_mean,-1.97432
MED00164,12,hist_mean,-0.8892
MED00165,12,hist_mean,0.23468
MED00166,12,hist_mean,-0.8464
MED00167,12,hist_mean,-1.08127
MED00168,12,hist_mean,-0.97681
MED00169,12,hist_mean,-0.96779
MED00170,12,hist_mean,-1.00792
MED00171,12,hist_mean,-0.83261
MED00172,12,hist_mean,-0.96496
MED00173,12,hist_mean,-0.84708
MED00174,12,hist_mean,-0.18707
MED00175,12,hist_mean,-1.18136
MED00176,12,hist_mean,0.44105
MED00177,12,hist_mean,-1.96832
MED00178,12,hist_mean,-0.88634
MED00179,12,hist_mean,-1.76386
MED00180,12,hist_mean,-0.87092
MED00181,12,hist_mean,-0.57627
MED00182,12,hist_mean,-1.89392
MED00183,12,hist_mean,0.69355
MED00184,12,hist_mean,0.097
MED00185,12,hist_mean,-1.04948
MED00186,12,hist_mean,-0.98955
MED00187,12,hist_mean,-0.79967
MED00188,12,hist_mean,-0.47321
MED00189,12,hist_mean,-2.23616
MED00190,12,hist_mean,-0.90349
MED00191,12,hist_mean,0.41061
MED00192,12,hist_mean,-2.27334
MED00193,12,hist_mean,-2.3226
MED00194,12,hist_mean,0.0259
MED00195,12,hist_mean,-0.11406
MED00196,12,hist_mean,0.01612
MED00197,12,hist_mean,0.02146
MED00198,12,hist_mean,-1.05567
MED00199,12,hist_mean,-1.08308
MED00200,12,hist_mean,-1.02232
MED00201,12,hist_mean,0.19285
MED00202,12,hist_mean,-1.00552
MED00203,12,hist_mean,-0.85595
MED00204,12,hist_mean,-0.83853
MED00205,12,hist_mean,0.46388
MED00206,12,hist_mean,-1.18304
MED00207,12,hist_mean,-0.92146
MED00208,12,hist_mean,0.42434
MED00209,12,hist_mean,-0.78589
MED00210,12,hist_mean,-1.21156
MED00211,12,hist_mean,-0.83029
MED00212,12,hist_mean,-0.87164
MED00213,12,hist_mean,-1.01381
MED00214,12,hist_mean,0.31443
MED00215,12,hist_mean,-0.8334
MED00216,12,hist_mean,-2.3171
MED00217,12,hist_mean,-2.19489
MED00218,12,hist_mean,-0.29885
MED00219,12,hist_mean,0.28227
MED00220,12,hist_mean,-0.88247
MED00221,12,hist_mean,-0.54153
MED00222,12,hist_mean,-1.78602
MED00223,12,hist_mean,0.19152
MED00224,12,hist_mean,-1.06182
MED00225,12,hist_mean,-0.3973
MED00226,12,hist_mean,-0.87548
MED00227,12,hist_mean,0.36529
MED00228,12,hist_mean,-1.06626
MED00229,12,hist_mean,-1.57293
MED00230,12,hist_mean,0.36599
MED00231,12,hist_mean,-1.21441
MED00232,12,hist_mean,-0.51065
MED00233,12,hist_mean,-1.78434
MED00234,12,hist_mean,-1.02381
MED00235,12,hist_mean,1.48646
MED00236,12,hist_mean,-0.85037
MED00237,12,hist_mean,-0.33211
MED00238,12,hist_mean,-0.96352
MED00239,12,hist_mean,-0.46726
MED00240,12,hist_mean,-0.40172
MED00241,12,hist_mean,-0.74017
MED00242,12,hist_mean,0.25444
MED00243,12,hist_mean,-2.34896
MED00244,12,hist_mean,-0.85433
MED00245,12,hist_mean,1.4866
MED00246,12,hist_mean,-0.15889
MED00247,12,hist_mean,0.42632
MED00248,12,hist_mean,-0.84899
MED00249,12,hist_mean,0.73622
MED00250,12,hist_mean,0.3237
MED00251,12,hist_mean,-1.03328
MED00252,12,hist_mean,-1.87875
MED00253,12,hist_mean,-0.45837
MED00254,12,hist_mean,-1.8711
MED00255,12,hist_mean,-0.14519
MED00256,12,hist_mean,-0.87319
MED00257,12,hist_mean,-0.40964
MED00258,12,hist_mean,-0.90635
MED00259,12,hist_mean,-0.86904
MED00260,12,hist_mean,-1.7759
MED00261,12,hist_mean,-1.48606
MED00262,12,hist_mean,-0.63519
MED00263,12,hist_mean,-0.5637
MED00264,12,hist_mean,-1.82459
MED00265,12,hist_mean,-0.05251
MED00266,12,hist_mean,0.27942
MED00267,12,hist_mean,-0.16375
MED00268,12,hist_mean,-0.89214
MED00269,12,hist_mean,-0.82762
MED00270,12,hist_mean,-0.85184
MED00271,12,hist_mean,-0.92416
MED00272,12,hist_mean,-0.39513
MED00273,12,hist_mean,-0.54137
MED00274,12,hist_mean,-1.85778
MED00275,12,hist_mean,0.23103
MED00276,12,hist_mean,-0.91815
MED00277,12,hist_mean,-2.24056
MED00278,12,hist_mean,0.16413
MED00279,12,hist_mean,0.60174
MED00280,12,hist_mean,-2.20265
MED00281,12,hist_mean,0.40732
MED00282,12,hist_mean,-0.58332
MED00283,12,hist_mean,-0.89311
MED00284,12,hist_mean,-1.32496
MED00285,12,hist_mean,-0.16977
MED00286,12,hist_mean,-0.48648
MED00287,12,hist_mean,-0.55738
MED00288,12,hist_mean,1.09346
MED00289,12,hist_mean,-0.32398
MED00290,12,hist_mean,-1.04126
MED00291,12,hist_mean,0.28588
MED00292,12,hist_mean,-1.02296
MED00293,12,hist_mean,-0.46928
MED00294,12,hist_mean,-1.34078
MED00295,12,hist_mean,-2.0608
MED00296,12,hist_mean,-0.38979
MED00297,12,hist_mean,-0.06041
MED00298,12,hist_mean,-0.88776
MED00299,12,hist_mean,-1.87996
MED00300,12,hist_mean,-0.92569
MED00301,12,hist_mean,-0.15637
MED00302,12,hist_mean,0.06609
MED00303,12,hist_mean,-0.82217
MED00304,12,hist_mean,-0.35367
MED00305,12,hist_mean,-0.98481
MED00306,12,hist_mean,-1.8856
MED00307,12,hist_mean,0.71078
MED00308,12,hist_mean,-1.63418
MED00309,12,hist_mean,-0.57751
MED00310,12,hist_mean,-0.54233
MED00311,12,hist_mean,-0.51036
MED00312,12,hist_mean,-1.80446
MED00313,12,hist_mean,-1.71957
MED00314,12,hist_mean,0.1697
MED00315,12,hist_mean,0.31484
MED00316,12,hist_mean,-0.59203
MED00317,12,hist_mean,-0.83913
MED00318,12,hist_mean,-0.87192
MED00319,12,hist_mean,0.4266
MED00320,12,hist_mean,-0.17888
MED00321,12,hist_mean,-1.43157
MED00322,12,hist_mean,-2.24507
MED00323,12,hist_mean,-1.36691
MED00324,12,hist_mean,-1.15467
MED00325,12,hist_mean,0.0467
MED00326,12,hist_mean,0.31468
MED00327,12,hist_mean,-0.52739
MED00328,12,hist_mean,-0.37487
MED00329,12,hist_mean,0.41813
MED00330,12,hist_mean,-0.3801
MED00331,12,hist_mean,-1.02648
MED00332,12,hist_mean,-0.54212
MED00333,12,hist_mean,-0.79417
MED00334,12,hist_mean,0.27981
MED00335,12,hist_mean,-0.17238
MED00336,12,hist_mean,0.3184
MED00337,12,hist_mean,1.40263
MED00338,12,hist_mean,0.21462
MED00339,12,hist_mean,-1.05891
MED00340,12,hist_mean,-0.85538
MED00341,12,hist_mean,-0.15962
MED00342,12,hist_mean,-0.90812
MED00343,12,hist_mean,0.32662
MED00344,12,hist_mean,-0.3178
MED00345,12,hist_mean,-2.19576
MED00346,12,hist_mean,-0.50699
MED00347,12,hist_mean,-2.25548
MED00348,12,hist_mean,-1.04253
MED00349,12,hist_mean,-0.81899
MED00350,12,hist_mean,-0.92717
MED00351,12,hist_mean,-1.65069
MED00352,12,hist_mean,-1.90038
MED00353,12,hist_mean,-1.37702
MED00354,12,hist_mean,-1.33596
MED00355,12,hist_mean,0.33749
MED00356,12,hist_mean,-0.91684
MED00357,12,hist_mean,-2.19722
MED00358,12,hist_mean,-0.15512
MED00359,12,hist_mean,-0.85922
MED00360,12,hist_mean,-0.82798
MED00361,12,hist_mean,-0.87357
MED00362,12,hist_mean,-0.88686
MED00363,12,hist_mean,-1.02669
MED00364,12,hist_mean,-2.23284
MED00365,12,hist_mean,-0.84211
MED00366,12,hist_mean,0.31861
MED00367,12,hist_mean,-0.86832
MED00368,12,hist_mean,-0.61352
MED00369,12,hist_mean,-0.44602
MED00370,12,hist_mean,-1.92927
MED00371,12,hist_mean,0.35133
MED00372,12,hist_mean,-2.21867
MED00373,12,hist_mean,-1.58985
MED00374,12,hist_mean,-1.04364
MED00375,12,hist_mean,0.37215
MED00376,12,hist_mean,-0.84824
MED00377,12,hist_mean,-1.54449
MED00378,12,hist_mean,-0.82925
MED00379,12,hist_mean,-1.4289
MED00380,12,hist_mean,-1.67404
MED00381,12,hist_mean,-0.90837
MED00382,12,hist_mean,-0.90532
MED00383,12,hist_mean,0.03047
MED00384,12,hist_mean,-0.87001
MED00385,12,hist_mean,0.756
MED00386,12,hist_mean,0.47667
MED00387,12,hist_mean,0.75842
MED00388,12,hist_mean,1.82012
MED00389,12,hist_mean,0.24597
MED00390,12,hist_mean,0.75718
MED00391,12,hist_mean,0.67482
MED00392,12,hist_mean,0.70283
MED00393,12,hist_mean,0.40005
MED00394,12,hist_mean,0.43753
MED00395,12,hist_mean,0.70171
MED00396,12,hist_mean,1.45203
MED00397,12,hist_mean,1.13859
MED00398,12,hist_mean,1.86425
MED00399,12,hist_mean,1.86457
MED00400,12,hist_mean,1.46886
MED00401,12,hist_mean,0.43169
MED00402,12,hist_mean,0.66615
MED00403,12,hist_mean,0.44285
MED00404,12,hist_mean,-0.21391
MED00405,12,hist_mean,0.13754
MED00406,12,hist_mean,0.80077
MED00407,12,hist_mean,0.67713
MED00408,12,hist_mean,-0.12227
MED00409,12,hist_mean,0.37987
MED00410,12,hist_mean,0.24622
MED00411,12,hist_mean,0.75587
MED00412,12,hist_mean,0.34012
MED00413,12,hist_mean,0.40902
MED00414,12,hist_mean,0.70426
MED00415,12,hist_mean,0.40009
MED00416,12,hist_mean,0.6853
MED00417,12,hist_mean,0.04797
MED00418,12,hist_mean,-0.01981
MED00419,12,hist_mean,0.193
MED00420,12,hist_mean,0.80105
MED00421,12,hist_mean,0.7444
MED00422,12,hist_mean,0.67274
MED00423,12,hist_mean,0.41556
MED00424,12,hist_mean,1.79434
MED00001,1,std_8,-0.00784
MED00002,1,std_8,0.00475
MED00003,1,std_8,0.00208
MED00004,1,std_8,-0.04493
MED00005,1,std_8,-0.02014
MED00006,1,std_8,-0.00092
MED00007,1,std_8,0.0116
MED00008,1,std_8,0.00385
MED00009,1,std_8,-0.01969
MED00010,1,std_8,-0.02314
MED00011,1,std_8,-0.00135
MED00012,1,std_8,0.00283
MED00013,1,std_8,-0.00609
MED00014,1,std_8,-0.00376
MED00015,1,std_8,0.01632
MED00016,1,std_8,-0.03113
MED00017,1,std_8,-0.03572
MED00018,1,std_8,-0.00101
MED00019,1,std_8,0.00316
MED00020,1,std_8,-0.00656
MED00021,1,std_8,-0.02357
MED00022,1,std_8,0.00265
MED00023,1,std_8,-0.00291
MED00024,1,std_8,-0.01154
MED00025,1,std_8,-0.00347
MED00026,1,std_8,0.00216
MED00027,1,std_8,0.00236
MED00028,1,std_8,0.0087
MED00029,1,std_8,-0.00203
MED00030,1,std_8,-0.00231
MED00031,1,std_8,-0.04179
MED00032,1,std_8,-0.03452
MED00033,1,std_8,-0.04479
MED00034,1,std_8,-0.00563
MED00035,1,std_8,0.00131
MED00036,1,std_8,0.01092
MED00037,1,std_8,-0.00691
MED00038,1,std_8,-0.00695
MED00039,1,std_8,-0.048
MED00040,1,std_8,0.02211
MED00041,1,std_8,0.00336
MED00042,1,std_8,0.01089
MED00043,1,std_8,0.00866
MED00044,1,std_8,-0.01141
MED00046,1,std_8,-0.0092
MED00047,1,std_8,-0.0093
MED00048,1,std_8,-0.0076
MED00049,1,std_8,-0.00079
MED00050,1,std_8,-0.02789
MED00051,1,std_8,-0.00377
MED00052,1,std_8,0.00837
MED00053,1,std_8,-0.01085
MED00054,1,std_8,-0.00771
MED00055,1,std_8,0.0101
MED00056,1,std_8,0.00651
MED00058,1,std_8,0.00062
MED00059,1,std_8,-0.00858
MED00060,1,std_8,-0.01116
MED00061,1,std_8,0.00279
MED00062,1,std_8,-0.00849
MED00063,1,std_8,-0.00147
MED00064,1,std_8,-0.00792
MED00065,1,std_8,-0.00434
MED00066,1,std_8,0.00232
MED00067,1,std_8,-0.02129
MED00068,1,std_8,-0.02152
MED00069,1,std_8,-0.00715
MED00070,1,std_8,-0.00719
MED00071,1,std_8,-0.00412
MED00072,1,std_8,-0.03107
MED00073,1,std_8,-0.02082
MED00074,1,std_8,-0.02986
MED00075,1,std_8,-0.01441
MED00076,1,std_8,0.00328
MED00077,1,std_8,-0.01245
MED00078,1,std_8,-0.03862
MED00079,1,std_8,-0.00412
MED00080,1,std_8,-0.03235
MED00081,1,std_8,0.00069
MED00082,1,std_8,-0.01051
MED00083,1,std_8,-0.03478
MED00084,1,std_8,-0.00239
MED00085,1,std_8,-0.02956
MED00086,1,std_8,0.00109
MED00087,1,std_8,-0.0423
MED00088,1,std_8,-0.0035
MED00089,1,std_8,-0.00794
MED00090,1,std_8,-0.02949
MED00091,1,std_8,-0.02989
MED00092,1,std_8,-0.05873
MED00093,1,std_8,0.00745
MED00094,1,std_8,0.01574
MED00095,1,std_8,-0.01531
MED00096,1,std_8,-0.00459
MED00097,1,std_8,0.00608
MED00098,1,std_8,-0.00649
MED00099,1,std_8,0.00578
MED00100,1,std_8,-0.00088
MED00101,1,std_8,-0.00827
MED00102,1,std_8,-0.01075
MED00103,1,std_8,0.00512
MED00104,1,std_8,-0.00823
MED00105,1,std_8,-0.00734
MED00106,1,std_8,-0.00033
MED00107,1,std_8,-0.00718
MED00108,1,std_8,-0.0286
MED00109,1,std_8,0.00184
MED00110,1,std_8,-0.00631
MED00111,1,std_8,0.00401
MED00112,1,std_8,-0.02839
MED00113,1,std_8,0.01738
MED00114,1,std_8,-0.00878
MED00115,1,std_8,-0.02591
MED00116,1,std_8,-0.00836
MED00117,1,std_8,-0.00499
MED00118,1,std_8,-0.015
MED00119,1,std_8,0.00856
MED00120,1,std_8,-0.00377
MED00121,1,std_8,-0.01631
MED00122,1,std_8,-0.01499
MED00123,1,std_8,0.00597
MED00124,1,std_8,-0.00899
MED00125,1,std_8,0.01058
MED00126,1,std_8,0.00388
MED00127,1,std_8,-0.00949
MED00128,1,std_8,0.00474
MED00129,1,std_8,0.0048
MED00130,1,std_8,-0.00109
MED00131,1,std_8,-0.00989
MED00132,1,std_8,0.00416
MED00133,1,std_8,0.00146
MED00134,1,std_8,-0.00641
MED00135,1,std_8,-0.00828
MED00136,1,std_8,-0.03618
MED00137,1,std_8,0.00506
MED00138,1,std_8,-0.01782
MED00139,1,std_8,0.00354
MED00140,1,std_8,-0.01732
MED00141,1,std_8,-0.01192
MED00142,1,std_8,0.00319
MED00143,1,std_8,0.00907
MED00144,1,std_8,-0.00569
MED00145,1,std_8,0.00987
MED00146,1,std_8,-0.04771
MED00147,1,std_8,-0.01992
MED00148,1,std_8,-0.01708
MED00149,1,std_8,-0.01331
MED00150,1,std_8,-0.0066
MED00151,1,std_8,0.00775
MED00152,1,std_8,0.00484
MED00153,1,std_8,0.00207
MED00154,1,std_8,-0.00465
MED00155,1,std_8,-0.02754
MED00156,1,std_8,-0.02306
MED00157,1,std_8,-0.00607
MED00158,1,std_8,0.00132
MED00159,1,std_8,-0.00391
MED00160,1,std_8,-0.01549
MED00161,1,std_8,-0.01278
MED00162,1,std_8,0.00231
MED00163,1,std_8,0.00298
MED00164,1,std_8,-0.00616
MED00165,1,std_8,-0.00335
MED00166,1,std_8,0.00299
MED00167,1,std_8,-0.0345
MED00168,1,std_8,0.00445
MED00169,1,std_8,0.00715
MED00170,1,std_8,0.00888
MED00171,1,std_8,0.00332
MED00172,1,std_8,-0.0278
MED00173,1,std_8,-0.03103
MED00174,1,std_8,-0.00923
MED00175,1,std_8,0.00479
MED00176,1,std_8,-0.00512
MED00177,1,std_8,0.00448
MED00178,1,std_8,0.00953
MED00179,1,std_8,0.00183
MED00180,1,std_8,0.00153
MED00181,1,std_8,-0.02223
MED00182,1,std_8,0.00305
MED00183,1,std_8,-0.01407
MED00184,1,std_8,-0.00695
MED00185,1,std_8,-0.02594
MED00186,1,std_8,0.00529
MED00187,1,std_8,-0.02216
MED00188,1,std_8,-0.01829
MED00189,1,std_8,-0.00126
MED00190,1,std_8,-0.03615
MED00191,1,std_8,-0.00677
MED00192,1,std_8,-0.00066
MED00193,1,std_8,-0.00139
MED00194,1,std_8,-0.00422
MED00195,1,std_8,0.00031
MED00196,1,std_8,-0.00403
MED00197,1,std_8,-0.00361
MED00198,1,std_8,-0.04076
MED00199,1,std_8,-0.00734
MED00200,1,std_8,0.00107
MED00201,1,std_8,-0.01548
MED00202,1,std_8,-0.00632
MED00203,1,std_8,-0.03421
MED00204,1,std_8,0.00113
MED00205,1,std_8,-0.00601
MED00206,1,std_8,-0.008
MED00207,1,std_8,-0.03424
MED00208,1,std_8,-0.00807
MED00209,1,std_8,-0.02139
MED00210,1,std_8,-0.04321
MED00211,1,std_8,-0.03259
MED00212,1,std_8,-0.00942
MED00213,1,std_8,0.00763
MED00214,1,std_8,-0.00909
MED00215,1,std_8,0.00497
MED00216,1,std_8,-0.00416
MED00217,1,std_8,0.00464
MED00218,1,std_8,-0.0175
MED00219,1,std_8,-0.00417
MED00220,1,std_8,-0.02301
MED00221,1,std_8,-0.00231
MED00222,1,std_8,0.00211
MED00223,1,std_8,-0.00647
MED00224,1,std_8,0.00049
MED00225,1,std_8,-0.0152
MED00226,1,std_8,-0.02701
MED00227,1,std_8,-0.00437
MED00228,1,std_8,-0.04506
MED00229,1,std_8,0.0124
MED00230,1,std_8,-0.00581
MED00231,1,std_8,-0.00178
MED00232,1,std_8,-0.00062
MED00233,1,std_8,0.00135
MED00234,1,std_8,-0.01245
MED00235,1,std_8,-0.00416
MED00236,1,std_8,0.00625
MED00237,1,std_8,-0.00501
MED00238,1,std_8,0.00261
MED00239,1,std_8,-0.01539
MED00240,1,std_8,-0.01655
MED00241,1,std_8,0.00806
MED00242,1,std_8,-0.005
MED00243,1,std_8,0.00487
MED00244,1,std_8,-0.03407
MED00246,1,std_8,-0.00665
MED00247,1,std_8,-0.00796
MED00248,1,std_8,-0.00575
MED00249,1,std_8,-0.0008
MED00250,1,std_8,-0.00814
MED00251,1,std_8,-0.04562
MED00252,1,std_8,0.00665
MED00253,1,std_8,0.0003
MED00254,1,std_8,0.00102
MED00255,1,std_8,-0.0151
MED00256,1,std_8,-0.00346
MED00257,1,std_8,-0.00867
MED00258,1,std_8,-0.03903
MED00259,1,std_8,-0.02841
MED00260,1,std_8,0.01513
MED00261,1,std_8,0.00723
MED00262,1,std_8,-0.02665
MED00263,1,std_8,-0.02679
MED00264,1,std_8,-0.01784
MED00265,1,std_8,-0.00422
MED00266,1,std_8,-0.00375
MED00267,1,std_8,-0.00734
MED00268,1,std_8,-0.01691
MED00269,1,std_8,0.0054
MED00270,1,std_8,-0.01401
MED00271,1,std_8,-0.02617
MED00272,1,std_8,-0.0102
MED00273,1,std_8,-0.00701
MED00274,1,std_8,0.01053
MED00275,1,std_8,-0.00798
MED00276,1,std_8,-0.03307
MED00277,1,std_8,-0.00127
MED00278,1,std_8,-0.00668
MED00279,1,std_8,-0.00797
MED00280,1,std_8,0.00289
MED00281,1,std_8,-0.00473
MED00282,1,std_8,-0.00066
MED00283,1,std_8,-0.0484
MED00284,1,std_8,-0.00772
MED00285,1,std_8,-0.01563
MED00286,1,std_8,-0.00954
MED00287,1,std_8,-0.02783
MED00288,1,std_8,0.00217
MED00289,1,std_8,-0.00987
MED00290,1,std_8,-0.00692
MED00291,1,std_8,-0.01171
MED00292,1,std_8,-0.00801
MED00293,1,std_8,-0.01691
MED00294,1,std_8,-0.04379
MED00295,1,std_8,0.00304
MED00296,1,std_8,-0.00512
MED00297,1,std_8,-0.00606
MED00298,1,std_8,-0.03167
MED00300,1,std_8,0.0011
MED00301,1,std_8,-0.01269
MED00302,1,std_8,-0.00583
MED00303,1,std_8,-0.03052
MED00304,1,std_8,-0.01876
MED00306,1,std_8,-0.00466
MED00307,1,std_8,-0.00549
MED00308,1,std_8,0.01615
MED00309,1,std_8,-0.00832
MED00310,1,std_8,-0.02965
MED00311,1,std_8,-0.01506
MED00312,1,std_8,0.00275
MED00313,1,std_8,-0.00822
MED00314,1,std_8,-0.01651
MED00315,1,std_8,-0.007
MED00316,1,std_8,0.00736
MED00317,1,std_8,-0.03283
MED00318,1,std_8,-0.03022
MED00319,1,std_8,-0.00709
MED00320,1,std_8,-0.00839
MED00321,1,std_8,-0.14497
MED00322,1,std_8,-0.00097
MED00323,1,std_8,-0.02662
MED00324,1,std_8,0.00239
MED00325,1,std_8,-0.00644
MED00326,1,std_8,-0.00698
MED00327,1,std_8,-0.00662
MED00328,1,std_8,-0.00395
MED00329,1,std_8,-0.00699
MED00330,1,std_8,-0.00741
MED00331,1,std_8,0.01695
MED00332,1,std_8,-0.02047
MED00333,1,std_8,-0.03432
MED00334,1,std_8,-0.0093
MED00335,1,std_8,-0.0169
MED00336,1,std_8,-0.00591
MED00337,1,std_8,-0.00584
MED00338,1,std_8,-0.01808
MED00339,1,std_8,-0.00635
MED00340,1,std_8,0.00724
MED00341,1,std_8,-0.01447
MED00342,1,std_8,0.00077
MED00343,1,std_8,-0.00717
MED00344,1,std_8,-0.00358
MED00345,1,std_8,-0.0007
MED00346,1,std_8,0.00697
MED00347,1,std_8,-0.00305
MED00348,1,std_8,-0.00458
MED00349,1,std_8,0.0094
MED00350,1,std_8,-0.05997
MED00351,1,std_8,0.00731
MED00352,1,std_8,-0.00913
MED00353,1,std_8,0.0042
MED00354,1,std_8,-0.04115
MED00355,1,std_8,-0.01145
MED00356,1,std_8,0.00869
MED00357,1,std_8,0.00448
MED00358,1,std_8,-0.01866
MED00359,1,std_8,-0.00054
MED00360,1,std_8,-0.01626
MED00361,1,std_8,-0.02849
MED00362,1,std_8,-0.04273
MED00363,1,std_8,-0.04637
MED00364,1,std_8,-0.00247
MED00365,1,std_8,0.01229
MED00366,1,std_8,-0.00659
MED00367,1,std_8,0.00243
MED00368,1,std_8,-0.02439
MED00369,1,std_8,-0.02246
MED00370,1,std_8,-0.00036
MED00371,1,std_8,-0.01015
MED00372,1,std_8,0.00016
MED00373,1,std_8,0.01135
MED00374,1,std_8,-0.03676
MED00375,1,std_8,-0.00647
MED00376,1,std_8,-0.03322
MED00377,1,std_8,-0.05544
MED00378,1,std_8,0.00827
MED00379,1,std_8,-0.15621
MED00380,1,std_8,0.00389
MED00381,1,std_8,-0.0304
MED00382,1,std_8,-0.01456
MED00383,1,std_8,-0.01867
MED00384,1,std_8,0.00316
MED00385,1,std_8,-0.00815
MED00386,1,std_8,-0.00917
MED00387,1,std_8,-0.00651
MED00388,1,std_8,0.00034
MED00389,1,std_8,-0.0107
MED00390,1,std_8,-0.00402
MED00391,1,std_8,-0.00834
MED00392,1,std_8,-0.00706
MED00393,1,std_8,-0.00865
MED00394,1,std_8,-0.00846
MED00395,1,std_8,-0.007
MED00396,1,std_8,0.00014
MED00397,1,std_8,-0.00036
MED00398,1,std_8,-0.00012
MED00399,1,std_8,-0.00137
MED00400,1,std_8,-0.00053
MED00401,1,std_8,-0.0078
MED00402,1,std_8,-0.00436
MED00403,1,std_8,-0.01197
MED00404,1,std_8,-0.01153
MED00405,1,std_8,-0.01739
MED00406,1,std_8,-0.01112
MED00407,1,std_8,-0.00349
MED00408,1,std_8,-0.00938
MED00409,1,std_8,-0.01229
MED00410,1,std_8,-0.00806
MED00411,1,std_8,-0.00404
MED00412,1,std_8,-0.00913
MED00413,1,std_8,-0.00837
MED00414,1,std_8,-0.01056
MED00415,1,std_8,-0.00872
MED00416,1,std_8,-0.00777
MED00417,1,std_8,-0.01519
MED00418,1,std_8,-0.02126
MED00419,1,std_8,-0.00816
MED00420,1,std_8,-0.00174
MED00421,1,std_8,-0.0081
MED00422,1,std_8,-0.00666
MED00423,1,std_8,-0.00705
MED00424,1,std_8,-0.00022
MED00001,2,std_8,-0.00792
MED00002,2,std_8,0.00553
MED00003,2,std_8,0.00359
MED00004,2,std_8,-0.04265
MED00005,2,std_8,-0.01548
MED00006,2,std_8,0.00239
MED00007,2,std_8,0.01555
MED00008,2,std_8,0.00572
MED00009,2,std_8,-0.02153
MED00010,2,std_8,-0.01997
MED00011,2,std_8,-0.00801
MED00012,2,std_8,0.00724
MED00013,2,std_8,-0.00157
MED00014,2,std_8,-0.00039
MED00015,2,std_8,0.01595
MED00016,2,std_8,-0.02877
MED00017,2,std_8,-0.03293
MED00018,2,std_8,-0.00079
MED00019,2,std_8,-0.00088
MED00020,2,std_8,-0.00222
MED00021,2,std_8,-0.02343
MED00022,2,std_8,0.00159
MED00023,2,std_8,-0.00319
MED00024,2,std_8,-0.01113
MED00025,2,std_8,-0.00234
MED00026,2,std_8,0.00182
MED00027,2,std_8,0.00331
MED00028,2,std_8,0.01078
MED00029,2,std_8,-0.00248
MED00030,2,std_8,-0.0028
MED00031,2,std_8,-0.04204
MED00032,2,std_8,-0.03489
MED00033,2,std_8,-0.04181
MED00034,2,std_8,-0.00519
MED00035,2,std_8,0.00127
MED00036,2,std_8,0.01379
MED00037,2,std_8,-0.00863
MED00038,2,std_8,-0.00732
MED00039,2,std_8,-0.04799
MED00040,2,std_8,0.02044
MED00041,2,std_8,0.00479
MED00042,2,std_8,0.01228
MED00043,2,std_8,0.0083
MED00044,2,std_8,-0.01023
MED00045,2,std_8,0.00327
MED00046,2,std_8,-0.00803
MED00047,2,std_8,-0.00603
MED00048,2,std_8,-0.00715
MED00049,2,std_8,0.0007
MED00050,2,std_8,-0.02743
MED00051,2,std_8,-0.00189
MED00052,2,std_8,0.0076
MED00053,2,std_8,-0.00829
MED00054,2,std_8,-0.00896
MED00055,2,std_8,0.01036
MED00056,2,std_8,0.00635
MED00058,2,std_8,0.00416
MED00059,2,std_8,-0.00774
MED00060,2,std_8,-0.01043
MED00061,2,std_8,0.00472
MED00062,2,std_8,-0.00762
MED00063,2,std_8,0.00027
MED00064,2,std_8,-0.01331
MED00065,2,std_8,-0.00219
MED00066,2,std_8,0.00196
MED00067,2,std_8,-0.01903
MED00068,2,std_8,-0.02117
MED00069,2,std_8,-0.00649
MED00070,2,std_8,-0.00665
MED00071,2,std_8,-0.00387
MED00072,2,std_8,-0.03129
MED00073,2,std_8,-0.02056
MED00074,2,std_8,-0.02921
MED00075,2,std_8,-0.01469
MED00076,2,std_8,0.00431
MED00077,2,std_8,-0.01021
MED00078,2,std_8,-0.03671
MED00079,2,std_8,-0.00116
MED00080,2,std_8,-0.03215
MED00081,2,std_8,0.00218
MED00082,2,std_8,-0.00997
MED00083,2,std_8,-0.03436
MED00084,2,std_8,-0.00883
MED00085,2,std_8,-0.02712
MED00086,2,std_8,0.00064
MED00087,2,std_8,-0.04006
MED00088,2,std_8,-0.0015
MED00089,2,std_8,-0.00573
MED00090,2,std_8,-0.033
MED00091,2,std_8,-0.03023
MED00092,2,std_8,-0.05525
MED00093,2,std_8,0.00721
MED00094,2,std_8,0.01548
MED00095,2,std_8,-0.01028
MED00096,2,std_8,-0.00393
MED00097,2,std_8,0.00561
MED00098,2,std_8,-0.00669
MED00099,2,std_8,0.00574
MED00100,2,std_8,0.00087
MED00101,2,std_8,-0.00603
MED00102,2,std_8,-0.01202
MED00103,2,std_8,0.0107
MED00104,2,std_8,-0.00357
MED00105,2,std_8,-0.00611
MED00106,2,std_8,0.00169
MED00107,2,std_8,-0.00266
MED00108,2,std_8,-0.02364
MED00109,2,std_8,0.00549
MED00110,2,std_8,-0.00282
MED00111,2,std_8,0.00608
MED00112,2,std_8,-0.02373
MED00113,2,std_8,0.0201
MED00114,2,std_8,-0.00595
MED00115,2,std_8,-0.02276
MED00116,2,std_8,-0.0049
MED00117,2,std_8,-0.00032
MED00118,2,std_8,-0.01304
MED00119,2,std_8,0.01273
MED00120,2,std_8,-0.00155
MED00121,2,std_8,-0.01209
MED00122,2,std_8,-0.01197
MED00123,2,std_8,0.00548
MED00124,2,std_8,-0.0056
MED00125,2,std_8,0.01208
MED00126,2,std_8,0.00699
MED00127,2,std_8,-0.00896
MED00128,2,std_8,0.00906
MED00129,2,std_8,0.00734
MED00130,2,std_8,0.00075
MED00131,2,std_8,-0.01024
MED00132,2,std_8,0.00467
MED00133,2,std_8,0.00237
MED00134,2,std_8,-0.00292
MED00135,2,std_8,-0.00605
MED00136,2,std_8,-0.03327
MED00137,2,std_8,0.00719
MED00138,2,std_8,-0.01519
MED00139,2,std_8,0.01059
MED00140,2,std_8,-0.01375
MED00141,2,std_8,-0.01164
MED00142,2,std_8,0.00296
MED00143,2,std_8,0.01115
MED00144,2,std_8,-0.00168
MED00145,2,std_8,0.00839
MED00146,2,std_8,-0.04634
MED00147,2,std_8,-0.02005
MED00148,2,std_8,-0.01646
MED00149,2,std_8,-0.00947
MED00150,2,std_8,-0.00824
MED00151,2,std_8,0.01191
MED00152,2,std_8,0.00763
MED00153,2,std_8,0.006
MED00154,2,std_8,-0.00211
MED00155,2,std_8,-0.02441
MED00156,2,std_8,-0.02304
MED00157,2,std_8,-0.00181
MED00158,2,std_8,0.00227
MED00159,2,std_8,-0.00093
MED00160,2,std_8,-0.01062
MED00161,2,std_8,-0.0093
MED00162,2,std_8,0.00612
MED00163,2,std_8,0.00496
MED00164,2,std_8,-0.00493
MED00166,2,std_8,0.00685
MED00167,2,std_8,-0.03255
MED00168,2,std_8,0.00594
MED00169,2,std_8,0.00802
MED00170,2,std_8,0.01113
MED00171,2,std_8,0.0063
MED00172,2,std_8,-0.02941
MED00173,2,std_8,-0.03045
MED00174,2,std_8,-0.00797
MED00175,2,std_8,0.00517
MED00176,2,std_8,-0.00115
MED00177,2,std_8,0.00433
MED00178,2,std_8,0.00973
MED00179,2,std_8,0.00194
MED00180,2,std_8,0.00571
MED00181,2,std_8,-0.01793
MED00182,2,std_8,0.004
MED00183,2,std_8,-0.0157
MED00184,2,std_8,-0.0024
MED00185,2,std_8,-0.02421
MED00186,2,std_8,0.00855
MED00187,2,std_8,-0.02219
MED00188,2,std_8,-0.01405
MED00189,2,std_8,0.00046
MED00190,2,std_8,-0.03165
MED00191,2,std_8,-0.00233
MED00192,2,std_8,0.00105
MED00194,2,std_8,0.00017
MED00195,2,std_8,0.00381
MED00196,2,std_8,-0.00155
MED00197,2,std_8,0.00018
MED00198,2,std_8,-0.03838
MED00199,2,std_8,-0.00426
MED00200,2,std_8,0.00262
MED00201,2,std_8,-0.01484
MED00202,2,std_8,-0.00219
MED00203,2,std_8,-0.03521
MED00204,2,std_8,0.00471
MED00205,2,std_8,-0.0033
MED00206,2,std_8,-0.00794
MED00207,2,std_8,-0.03154
MED00208,2,std_8,-0.00455
MED00209,2,std_8,-0.02187
MED00210,2,std_8,-0.0431
MED00211,2,std_8,-0.03264
MED00212,2,std_8,-0.00843
MED00213,2,std_8,0.0118
MED00214,2,std_8,-0.00597
MED00215,2,std_8,0.00814
MED00216,2,std_8,-0.00249
MED00217,2,std_8,0.00622
MED00218,2,std_8,-0.0139
MED00219,2,std_8,-0.00229
MED00220,2,std_8,-0.01976
MED00221,2,std_8,-0.00102
MED00222,2,std_8,0.00186
MED00223,2,std_8,-0.00175
MED00224,2,std_8,0.00373
MED00225,2,std_8,-0.01418
MED00226,2,std_8,-0.02702
MED00227,2,std_8,-0.00161
MED00228,2,std_8,-0.04639
MED00229,2,std_8,0.01461
MED00230,2,std_8,-0.003
MED00231,2,std_8,0.00179
MED00232,2,std_8,0.00162
MED00233,2,std_8,0.00252
MED00234,2,std_8,-0.0102
MED00235,2,std_8,-0.00396
MED00236,2,std_8,0.00884
MED00237,2,std_8,-0.00535
MED00238,2,std_8,0.00591
MED00239,2,std_8,-0.01043
MED00240,2,std_8,-0.0165
MED00241,2,std_8,0.01313
MED00242,2,std_8,-0.00118
MED00243,2,std_8,0.00565
MED00244,2,std_8,-0.03143
MED00245,2,std_8,-0.00419
MED00246,2,std_8,-0.00429
MED00247,2,std_8,-0.00343
MED00248,2,std_8,-0.00622
MED00249,2,std_8,-0.00794
MED00250,2,std_8,-0.00824
MED00251,2,std_8,-0.04298
MED00252,2,std_8,0.00647
MED00253,2,std_8,0.00531
MED00254,2,std_8,0.00069
MED00255,2,std_8,-0.01278
MED00256,2,std_8,0.00044
MED00257,2,std_8,-0.00832
MED00258,2,std_8,-0.03822
MED00259,2,std_8,-0.0256
MED00260,2,std_8,0.01595
MED00261,2,std_8,0.00822
MED00262,2,std_8,-0.02624
MED00263,2,std_8,-0.02274
MED00264,2,std_8,-0.01418
MED00265,2,std_8,0.00045
MED00266,2,std_8,-0.00128
MED00267,2,std_8,-0.00599
MED00268,2,std_8,-0.0138
MED00269,2,std_8,0.00805
MED00270,2,std_8,-0.01178
MED00271,2,std_8,-0.02865
MED00272,2,std_8,-0.0099
MED00273,2,std_8,-0.00702
MED00274,2,std_8,0.00993
MED00275,2,std_8,-0.00784
MED00276,2,std_8,-0.03036
MED00277,2,std_8,0.00045
MED00278,2,std_8,-0.00308
MED00279,2,std_8,-0.00735
MED00280,2,std_8,0.00453
MED00281,2,std_8,-0.00484
MED00282,2,std_8,-0.00035
MED00283,2,std_8,-0.04805
MED00284,2,std_8,-0.00777
MED00285,2,std_8,-0.01295
MED00286,2,std_8,-0.0086
MED00287,2,std_8,-0.02314
MED00288,2,std_8,-0.0017
MED00289,2,std_8,-0.00962
MED00290,2,std_8,-0.00347
MED00291,2,std_8,-0.01155
MED00292,2,std_8,-0.00688
MED00293,2,std_8,-0.01743
MED00294,2,std_8,-0.04341
MED00295,2,std_8,0.00288
MED00296,2,std_8,-0.00302
MED00297,2,std_8,-0.0022
MED00298,2,std_8,-0.02945
MED00300,2,std_8,0.00527
MED00301,2,std_8,-0.00884
MED00302,2,std_8,-0.00309
MED00303,2,std_8,-0.03087
MED00304,2,std_8,-0.01811
MED00305,2,std_8,0.00449
MED00306,2,std_8,-0.0045
MED00307,2,std_8,-0.00541
MED00308,2,std_8,0.01724
MED00309,2,std_8,-0.00822
MED00310,2,std_8,-0.02836
MED00311,2,std_8,-0.01526
MED00312,2,std_8,0.00336
MED00313,2,std_8,-0.00624
MED00314,2,std_8,-0.01563
MED00315,2,std_8,-0.00235
MED00316,2,std_8,0.01216
MED00317,2,std_8,-0.03028
MED00318,2,std_8,-0.03062
MED00319,2,std_8,-0.00282
MED00320,2,std_8,-0.00732
MED00321,2,std_8,-0.1434
MED00322,2,std_8,0.00053
MED00323,2,std_8,-0.02737
MED00324,2,std_8,0.00222
MED00325,2,std_8,-0.0028
MED00326,2,std_8,-0.00212
MED00327,2,std_8,-0.00262
MED00328,2,std_8,-0.00164
MED00329,2,std_8,-0.00266
MED00330,2,std_8,-0.00395
MED00331,2,std_8,0.01904
MED00332,2,std_8,-0.01551
MED00333,2,std_8,-0.03203
MED00334,2,std_8,-0.00789
MED00335,2,std_8,-0.01566
MED00336,2,std_8,-0.00316
MED00337,2,std_8,-0.01112
MED00338,2,std_8,-0.01531
MED00339,2,std_8,-0.0053
MED00340,2,std_8,0.00804
MED00341,2,std_8,-0.01565
MED00342,2,std_8,0.00486
MED00343,2,std_8,-0.00284
MED00344,2,std_8,-0.00489
MED00345,2,std_8,0.00079
MED00346,2,std_8,0.01183
MED00347,2,std_8,-0.00137
MED00348,2,std_8,-0.00192
MED00349,2,std_8,0.01205
MED00350,2,std_8,-0.0575
MED00351,2,std_8,0.01067
MED00352,2,std_8,-0.00676
MED00353,2,std_8,0.00777
MED00354,2,std_8,-0.03776
MED00355,2,std_8,-0.01165
MED00356,2,std_8,0.01078
MED00357,2,std_8,0.00611
MED00358,2,std_8,-0.01751
MED00359,2,std_8,0.00385
MED00360,2,std_8,-0.01848
MED00361,2,std_8,-0.02614
MED00362,2,std_8,-0.04251
MED00363,2,std_8,-0.04559
MED00364,2,std_8,-0.00079
MED00365,2,std_8,0.01525
MED00366,2,std_8,-0.00215
MED00367,2,std_8,0.00617
MED00368,2,std_8,-0.02001
MED00369,2,std_8,-0.02196
MED00370,2,std_8,-0.00047
MED00371,2,std_8,-0.0117
MED00372,2,std_8,0.00166
MED00373,2,std_8,0.01305
MED00374,2,std_8,-0.0375
MED00375,2,std_8,-0.00527
MED00376,2,std_8,-0.03034
MED00377,2,std_8,-0.05547
MED00378,2,std_8,0.01035
MED00379,2,std_8,-0.15422
MED00380,2,std_8,0.00709
MED00381,2,std_8,-0.02565
MED00382,2,std_8,-0.01493
MED00383,2,std_8,-0.01455
MED00384,2,std_8,0.00629
MED00385,2,std_8,-0.00774
MED00386,2,std_8,-0.00904
MED00387,2,std_8,-0.00276
MED00388,2,std_8,0.00044
MED00389,2,std_8,-0.01028
MED00390,2,std_8,-0.00201
MED00391,2,std_8,-0.0086
MED00392,2,std_8,-0.00755
MED00393,2,std_8,-0.01127
MED00394,2,std_8,-0.00899
MED00395,2,std_8,-0.00722
MED00396,2,std_8,-0.00932
MED00397,2,std_8,-0.0116
MED00398,2,std_8,-0.00681
MED00399,2,std_8,-0.00397
MED00400,2,std_8,-0.00185
MED00401,2,std_8,-0.00786
MED00402,2,std_8,-0.00467
MED00403,2,std_8,-0.01242
MED00404,2,std_8,-0.0068
MED00405,2,std_8,-0.01786
MED00406,2,std_8,-0.00984
MED00407,2,std_8,-0.00439
MED00408,2,std_8,-0.00921
MED00409,2,std_8,-0.00964
MED00410,2,std_8,-0.00616
MED00411,2,std_8,-0.00543
MED00412,2,std_8,-0.00823
MED00413,2,std_8,-0.01024
MED00414,2,std_8,-0.01038
MED00415,2,std_8,-0.00807
MED00416,2,std_8,-0.0071
MED00417,2,std_8,-0.01409
MED00418,2,std_8,-0.02194
MED00419,2,std_8,-0.00794
MED00420,2,std_8,0.00188
MED00421,2,std_8,-0.0067
MED00422,2,std_8,-0.00818
MED00423,2,std_8,-0.00594
MED00424,2,std_8,0.00066
MED00001,3,std_8,-0.00792
MED00002,3,std_8,0.00564
MED00003,3,std_8,0.00317
MED00004,3,std_8,-0.04322
MED00005,3,std_8,-0.01566
MED00006,3,std_8,0.00165
MED00007,3,std_8,0.0145
MED00008,3,std_8,0.00544
MED00009,3,std_8,-0.02259
MED00010,3,std_8,-0.02044
MED00011,3,std_8,-0.00593
MED00012,3,std_8,0.0065
MED00013,3,std_8,-0.00163
MED00014,3,std_8,-0.00022
MED00015,3,std_8,0.01726
MED00016,3,std_8,-0.02919
MED00017,3,std_8,-0.03343
MED00018,3,std_8,-0.00203
MED00020,3,std_8,-0.00223
MED00021,3,std_8,-0.02438
MED00022,3,std_8,0.00064
MED00023,3,std_8,-0.0038
MED00024,3,std_8,-0.01185
MED00025,3,std_8,-0.00269
MED00026,3,std_8,0.00158
MED00027,3,std_8,0.00332
MED00028,3,std_8,0.01047
MED00029,3,std_8,-0.00016
MED00030,3,std_8,-0.00157
MED00031,3,std_8,-0.04089
MED00032,3,std_8,-0.03527
MED00033,3,std_8,-0.04177
MED00034,3,std_8,-0.00487
MED00035,3,std_8,0.0024
MED00036,3,std_8,0.01341
MED00037,3,std_8,-0.00847
MED00038,3,std_8,-0.00739
MED00039,3,std_8,-0.04807
MED00040,3,std_8,0.02021
MED00041,3,std_8,0.00439
MED00042,3,std_8,0.01242
MED00043,3,std_8,0.00903
MED00044,3,std_8,-0.01132
MED00045,3,std_8,0.00253
MED00046,3,std_8,-0.00869
MED00047,3,std_8,-0.00589
MED00048,3,std_8,-0.00704
MED00049,3,std_8,0.00032
MED00050,3,std_8,-0.02771
MED00051,3,std_8,-0.00245
MED00052,3,std_8,0.00854
MED00053,3,std_8,-0.006
MED00054,3,std_8,-0.00675
MED00055,3,std_8,0.01009
MED00056,3,std_8,0.00604
MED00057,3,std_8,-0.00054
MED00058,3,std_8,0.00342
MED00059,3,std_8,-0.00552
MED00060,3,std_8,-0.01017
MED00061,3,std_8,0.00443
MED00062,3,std_8,-0.00747
MED00063,3,std_8,-0.00013
MED00064,3,std_8,-0.013
MED00065,3,std_8,-0.00142
MED00066,3,std_8,0.00287
MED00067,3,std_8,-0.0191
MED00068,3,std_8,-0.02231
MED00069,3,std_8,-0.00659
MED00070,3,std_8,-0.00655
MED00071,3,std_8,-0.00439
MED00072,3,std_8,-0.03246
MED00073,3,std_8,-0.02034
MED00074,3,std_8,-0.03034
MED00075,3,std_8,-0.01487
MED00076,3,std_8,0.00446
MED00077,3,std_8,-0.00805
MED00078,3,std_8,-0.03562
MED00079,3,std_8,-0.00077
MED00080,3,std_8,-0.03323
MED00081,3,std_8,0.00159
MED00082,3,std_8,-0.01081
MED00083,3,std_8,-0.03548
MED00084,3,std_8,-0.00515
MED00085,3,std_8,-0.02825
MED00086,3,std_8,0.00022
MED00087,3,std_8,-0.04034
MED00088,3,std_8,-0.00132
MED00089,3,std_8,-0.00572
MED00090,3,std_8,-0.0341
MED00091,3,std_8,-0.0307
MED00092,3,std_8,-0.05552
MED00093,3,std_8,0.008
MED00094,3,std_8,0.01556
MED00095,3,std_8,-0.0114
MED00096,3,std_8,-0.00376
MED00097,3,std_8,0.00519
MED00098,3,std_8,-0.00654
MED00099,3,std_8,0.00574
MED00100,3,std_8,0.00048
MED00101,3,std_8,-0.00596
MED00102,3,std_8,-0.01205
MED00103,3,std_8,0.00996
MED00104,3,std_8,-0.00343
MED00105,3,std_8,-0.00371
MED00106,3,std_8,0.00129
MED00107,3,std_8,-0.00261
MED00108,3,std_8,-0.02476
MED00109,3,std_8,0.00496
MED00110,3,std_8,-0.00333
MED00111,3,std_8,0.00547
MED00112,3,std_8,-0.02482
MED00113,3,std_8,0.01977
MED00114,3,std_8,-0.00572
MED00115,3,std_8,-0.02363
MED00116,3,std_8,-0.00458
MED00117,3,std_8,-0.00098
MED00118,3,std_8,-0.01352
MED00119,3,std_8,0.01216
MED00120,3,std_8,-0.0013
MED00121,3,std_8,-0.01313
MED00122,3,std_8,-0.0131
MED00123,3,std_8,0.00599
MED00124,3,std_8,-0.00533
MED00125,3,std_8,0.01171
MED00126,3,std_8,0.00666
MED00127,3,std_8,-0.00963
MED00128,3,std_8,0.00858
MED00129,3,std_8,-0.00151
MED00130,3,std_8,0.00037
MED00131,3,std_8,-0.01074
MED00132,3,std_8,0.00429
MED00133,3,std_8,0.00201
MED00134,3,std_8,-0.00343
MED00135,3,std_8,-0.00544
MED00136,3,std_8,-0.03131
MED00137,3,std_8,0.00888
MED00138,3,std_8,-0.01539
MED00139,3,std_8,0.00985
MED00140,3,std_8,-0.01423
MED00141,3,std_8,-0.01139
MED00142,3,std_8,0.00247
MED00143,3,std_8,0.01054
MED00144,3,std_8,-0.00319
MED00145,3,std_8,0.00924
MED00146,3,std_8,-0.04728
MED00147,3,std_8,-0.02081
MED00148,3,std_8,-0.01764
MED00149,3,std_8,-0.01046
MED00150,3,std_8,-0.00895
MED00151,3,std_8,0.01143
MED00152,3,std_8,0.00714
MED00153,3,std_8,0.00514
MED00154,3,std_8,-0.00194
MED00155,3,std_8,-0.02481
MED00156,3,std_8,-0.02407
MED00157,3,std_8,-0.00167
MED00158,3,std_8,0.00228
MED00159,3,std_8,-0.00077
MED00160,3,std_8,-0.01176
MED00161,3,std_8,-0.01089
MED00162,3,std_8,0.00538
MED00163,3,std_8,0.00458
MED00164,3,std_8,-0.00633
MED00165,3,std_8,0.00019
MED00166,3,std_8,0.00611
MED00167,3,std_8,-0.03295
MED00168,3,std_8,0.00518
MED00169,3,std_8,0.00667
MED00170,3,std_8,0.0108
MED00171,3,std_8,0.00582
MED00172,3,std_8,-0.03051
MED00173,3,std_8,-0.03116
MED00174,3,std_8,-0.00784
MED00175,3,std_8,0.00466
MED00176,3,std_8,-0.001
MED00177,3,std_8,0.00386
MED00178,3,std_8,0.00943
MED00179,3,std_8,0.0018
MED00180,3,std_8,-0.00298
MED00181,3,std_8,-0.01885
MED00182,3,std_8,0.00401
MED00183,3,std_8,-0.01685
MED00184,3,std_8,-0.00174
MED00185,3,std_8,-0.02204
MED00186,3,std_8,0.00768
MED00187,3,std_8,-0.02242
MED00188,3,std_8,-0.01444
MED00189,3,std_8,-0.00013
MED00190,3,std_8,-0.03269
MED00191,3,std_8,-0.0021
MED00192,3,std_8,0.00051
MED00193,3,std_8,-0.00034
MED00194,3,std_8,0.00033
MED00195,3,std_8,0.00405
MED00196,3,std_8,-0.0015
MED00197,3,std_8,0.00034
MED00198,3,std_8,-0.03886
MED00199,3,std_8,-0.00267
MED00200,3,std_8,0.00181
MED00201,3,std_8,-0.01819
MED00202,3,std_8,-0.01089
MED00203,3,std_8,-0.0364
MED00204,3,std_8,0.00397
MED00205,3,std_8,-0.00316
MED00206,3,std_8,-0.00538
MED00207,3,std_8,-0.03189
MED00208,3,std_8,-0.0038
MED00209,3,std_8,-0.02275
MED00210,3,std_8,-0.04351
MED00211,3,std_8,-0.0328
MED00212,3,std_8,-0.00909
MED00213,3,std_8,0.01148
MED00214,3,std_8,-0.00583
MED00215,3,std_8,0.00727
MED00216,3,std_8,-0.00288
MED00217,3,std_8,0.00567
MED00218,3,std_8,-0.01512
MED00219,3,std_8,-0.00234
MED00220,3,std_8,-0.01968
MED00221,3,std_8,-0.00156
MED00222,3,std_8,0.00137
MED00223,3,std_8,-0.00107
MED00224,3,std_8,0.00299
MED00225,3,std_8,-0.01779
MED00226,3,std_8,-0.028
MED00227,3,std_8,-0.00144
MED00228,3,std_8,-0.04725
MED00229,3,std_8,0.01427
MED00230,3,std_8,-0.00302
MED00231,3,std_8,0.00131
MED00232,3,std_8,0.00088
MED00233,3,std_8,0.00196
MED00234,3,std_8,-0.01068
MED00235,3,std_8,-0.00514
MED00236,3,std_8,0.00818
MED00237,3,std_8,-0.00322
MED00238,3,std_8,0.00465
MED00239,3,std_8,-0.01156
MED00240,3,std_8,-0.01775
MED00241,3,std_8,0.01227
MED00242,3,std_8,-0.00118
MED00243,3,std_8,0.00576
MED00244,3,std_8,-0.0317
MED00245,3,std_8,-0.00426
MED00246,3,std_8,-0.00415
MED00247,3,std_8,-0.00329
MED00248,3,std_8,-0.00669
MED00249,3,std_8,-0.00723
MED00250,3,std_8,-0.00818
MED00251,3,std_8,-0.04348
MED00252,3,std_8,0.00677
MED00253,3,std_8,0.00381
MED00254,3,std_8,0.00099
MED00255,3,std_8,-0.01379
MED00257,3,std_8,-0.00828
MED00258,3,std_8,-0.03808
MED00259,3,std_8,-0.02663
MED00260,3,std_8,0.01782
MED00261,3,std_8,0.00821
MED00262,3,std_8,-0.02738
MED00263,3,std_8,-0.0228
MED00264,3,std_8,-0.0147
MED00265,3,std_8,0.00058
MED00266,3,std_8,-0.00111
MED00267,3,std_8,-0.0072
MED00268,3,std_8,-0.01492
MED00269,3,std_8,0.00694
MED00270,3,std_8,-0.01228
MED00271,3,std_8,-0.0286
MED00272,3,std_8,-0.01172
MED00273,3,std_8,-0.00758
MED00274,3,std_8,0.00956
MED00275,3,std_8,-0.00769
MED00276,3,std_8,-0.03085
MED00278,3,std_8,-0.00412
MED00279,3,std_8,-0.00699
MED00280,3,std_8,0.00468
MED00281,3,std_8,-0.00515
MED00282,3,std_8,-0.00174
MED00283,3,std_8,-0.04786
MED00284,3,std_8,-0.00819
MED00285,3,std_8,-0.01396
MED00286,3,std_8,-0.00641
MED00287,3,std_8,-0.02418
MED00288,3,std_8,-0.00107
MED00289,3,std_8,-0.01004
MED00290,3,std_8,-0.00396
MED00291,3,std_8,-0.00915
MED00292,3,std_8,-0.01708
MED00293,3,std_8,-0.01728
MED00294,3,std_8,-0.04403
MED00295,3,std_8,0.00277
MED00296,3,std_8,-0.00288
MED00297,3,std_8,-0.00341
MED00298,3,std_8,-0.03299
MED00299,3,std_8,-0.00041
MED00300,3,std_8,-0.00344
MED00301,3,std_8,-0.00974
MED00302,3,std_8,-0.00237
MED00303,3,std_8,-0.03145
MED00304,3,std_8,-0.01966
MED00305,3,std_8,0.00375
MED00306,3,std_8,-0.00486
MED00307,3,std_8,-0.00472
MED00308,3,std_8,0.0191
MED00309,3,std_8,-0.00857
MED00310,3,std_8,-0.0299
MED00311,3,std_8,-0.0143
MED00312,3,std_8,0.00394
MED00313,3,std_8,-0.00695
MED00314,3,std_8,-0.01535
MED00315,3,std_8,-0.00221
MED00316,3,std_8,0.01171
MED00317,3,std_8,-0.03056
MED00318,3,std_8,-0.0317
MED00319,3,std_8,-0.00268
MED00320,3,std_8,-0.00705
MED00321,3,std_8,-0.13691
MED00322,3,std_8,0.00015
MED00323,3,std_8,-0.02916
MED00324,3,std_8,0.00382
MED00325,3,std_8,-0.00275
MED00326,3,std_8,-0.00198
MED00327,3,std_8,-0.00311
MED00328,3,std_8,-0.0015
MED00329,3,std_8,-0.00252
MED00330,3,std_8,-0.00615
MED00331,3,std_8,0.01882
MED00332,3,std_8,-0.01599
MED00333,3,std_8,-0.03438
MED00334,3,std_8,-0.00775
MED00335,3,std_8,-0.01435
MED00336,3,std_8,-0.00092
MED00337,3,std_8,-0.01063
MED00338,3,std_8,-0.01561
MED00339,3,std_8,-0.00603
MED00340,3,std_8,0.00758
MED00341,3,std_8,-0.01661
MED00342,3,std_8,0.004
MED00343,3,std_8,-0.0027
MED00344,3,std_8,-0.00466
MED00345,3,std_8,0.00041
MED00346,3,std_8,0.01096
MED00347,3,std_8,-0.00177
MED00348,3,std_8,-0.00318
MED00349,3,std_8,0.01157
MED00350,3,std_8,-0.05749
MED00351,3,std_8,0.01018
MED00352,3,std_8,-0.00725
MED00353,3,std_8,0.00719
MED00354,3,std_8,-0.03801
MED00355,3,std_8,-0.01168
MED00356,3,std_8,0.01045
MED00357,3,std_8,0.00599
MED00358,3,std_8,-0.01864
MED00359,3,std_8,0.00311
MED00360,3,std_8,-0.01875
MED00361,3,std_8,-0.02667
MED00362,3,std_8,-0.04364
MED00363,3,std_8,-0.04599
MED00364,3,std_8,-0.00119
MED00365,3,std_8,0.01477
MED00366,3,std_8,-0.00201
MED00367,3,std_8,0.00542
MED00368,3,std_8,-0.02007
MED00369,3,std_8,-0.02303
MED00370,3,std_8,-0.00646
MED00371,3,std_8,-0.01145
MED00372,3,std_8,0.00128
MED00373,3,std_8,0.01246
MED00374,3,std_8,-0.03791
MED00375,3,std_8,-0.00497
MED00376,3,std_8,-0.03062
MED00377,3,std_8,-0.05569
MED00378,3,std_8,0.00909
MED00379,3,std_8,-0.1482
MED00380,3,std_8,0.00678
MED00381,3,std_8,-0.02597
MED00382,3,std_8,-0.01412
MED00383,3,std_8,-0.01559
MED00384,3,std_8,0.00581
MED00385,3,std_8,-0.00746
MED00386,3,std_8,-0.0089
MED00387,3,std_8,-0.00248
MED00388,3,std_8,-0.00072
MED00389,3,std_8,-0.01035
MED00390,3,std_8,-0.00195
MED00391,3,std_8,-0.0083
MED00392,3,std_8,-0.00741
MED00393,3,std_8,-0.01094
MED00394,3,std_8,-0.00848
MED00395,3,std_8,-0.00718
MED00396,3,std_8,-0.00866
MED00397,3,std_8,-0.01059
MED00398,3,std_8,-0.00786
MED00399,3,std_8,-0.00466
MED00400,3,std_8,-0.00095
MED00401,3,std_8,-0.00798
MED00402,3,std_8,-0.00503
MED00403,3,std_8,-0.01335
MED00404,3,std_8,-0.008
MED00405,3,std_8,-0.0189
MED00406,3,std_8,-0.0097
MED00407,3,std_8,-0.0043
MED00408,3,std_8,-0.00929
MED00409,3,std_8,-0.00947
MED00410,3,std_8,-0.00439
MED00411,3,std_8,-0.00515
MED00412,3,std_8,-0.00802
MED00413,3,std_8,-0.01004
MED00414,3,std_8,-0.00998
MED00415,3,std_8,-0.00791
MED00416,3,std_8,-0.0071
MED00417,3,std_8,-0.01515
MED00418,3,std_8,-0.02298
MED00419,3,std_8,-0.00792
MED00420,3,std_8,0.00042
MED00421,3,std_8,-0.00513
MED00422,3,std_8,-0.00829
MED00423,3,std_8,-0.00797
MED00424,3,std_8,-0.00015
MED00001,4,std_8,-0.00816
MED00002,4,std_8,0.00808
MED00003,4,std_8,-0.00221
MED00004,4,std_8,-0.05171
MED00005,4,std_8,-0.01856
MED00006,4,std_8,-0.00195
MED00007,4,std_8,0.0167
MED00008,4,std_8,0.00728
MED00009,4,std_8,-0.02507
MED00010,4,std_8,-0.03193
MED00011,4,std_8,-0.00307
MED00012,4,std_8,0.0031
MED00013,4,std_8,-0.00118
MED00014,4,std_8,-0.00162
MED00015,4,std_8,0.0144
MED00016,4,std_8,-0.02877
MED00017,4,std_8,-0.03394
MED00018,4,std_8,-0.00172
MED00019,4,std_8,0.00029
MED00020,4,std_8,-0.00156
MED00021,4,std_8,-0.02445
MED00022,4,std_8,-0.00072
MED00023,4,std_8,-0.01126
MED00024,4,std_8,-0.01007
MED00025,4,std_8,-0.0039
MED00026,4,std_8,0.0031
MED00027,4,std_8,0.00214
MED00028,4,std_8,0.015
MED00029,4,std_8,-0.00051
MED00030,4,std_8,-0.00145
MED00031,4,std_8,-0.03783
MED00032,4,std_8,-0.03601
MED00033,4,std_8,-0.05025
MED00034,4,std_8,-0.00392
MED00035,4,std_8,0.00069
MED00036,4,std_8,0.01243
MED00037,4,std_8,-0.01075
MED00038,4,std_8,-0.00656
MED00039,4,std_8,-0.04983
MED00040,4,std_8,0.02101
MED00041,4,std_8,0.00243
MED00042,4,std_8,0.01358
MED00043,4,std_8,0.00357
MED00044,4,std_8,-0.01134
MED00045,4,std_8,-0.00119
MED00046,4,std_8,-0.01085
MED00047,4,std_8,-0.00605
MED00048,4,std_8,-0.00716
MED00049,4,std_8,0.00172
MED00050,4,std_8,-0.03141
MED00051,4,std_8,-0.00782
MED00052,4,std_8,0.00622
MED00053,4,std_8,-0.00538
MED00054,4,std_8,-0.00624
MED00055,4,std_8,0.00837
MED00056,4,std_8,0.00218
MED00057,4,std_8,-0.00569
MED00059,4,std_8,-0.0056
MED00060,4,std_8,-0.01023
MED00061,4,std_8,-0.00101
MED00062,4,std_8,-0.00797
MED00063,4,std_8,-0.00074
MED00064,4,std_8,-0.01056
MED00065,4,std_8,-0.00087
MED00066,4,std_8,0.00263
MED00067,4,std_8,-0.01881
MED00068,4,std_8,-0.02513
MED00069,4,std_8,-0.00925
MED00070,4,std_8,-0.00597
MED00071,4,std_8,-0.0054
MED00072,4,std_8,-0.03394
MED00073,4,std_8,-0.02058
MED00074,4,std_8,-0.03319
MED00075,4,std_8,-0.01689
MED00076,4,std_8,0.00214
MED00077,4,std_8,-0.00888
MED00078,4,std_8,-0.03914
MED00079,4,std_8,0.00106
MED00080,4,std_8,-0.03587
MED00081,4,std_8,-0.00379
MED00082,4,std_8,-0.00867
MED00083,4,std_8,-0.03584
MED00084,4,std_8,-0.00465
MED00085,4,std_8,-0.02867
MED00086,4,std_8,0.00129
MED00087,4,std_8,-0.04295
MED00088,4,std_8,-0.00055
MED00089,4,std_8,-0.01445
MED00090,4,std_8,-0.03502
MED00091,4,std_8,-0.02447
MED00092,4,std_8,-0.05522
MED00093,4,std_8,0.0106
MED00094,4,std_8,0.01303
MED00095,4,std_8,-0.01218
MED00096,4,std_8,-0.00333
MED00097,4,std_8,0.00624
MED00098,4,std_8,-0.00658
MED00099,4,std_8,0.00456
MED00100,4,std_8,-0.00498
MED00101,4,std_8,-0.00649
MED00102,4,std_8,-0.0143
MED00103,4,std_8,0.00704
MED00104,4,std_8,-0.00357
MED00105,4,std_8,-0.00384
MED00106,4,std_8,0.0006
MED00107,4,std_8,-0.00275
MED00108,4,std_8,-0.02548
MED00109,4,std_8,-0.00426
MED00110,4,std_8,-0.01264
MED00111,4,std_8,0.00678
MED00112,4,std_8,-0.02757
MED00113,4,std_8,0.01943
MED00114,4,std_8,-0.00501
MED00115,4,std_8,-0.02408
MED00116,4,std_8,-0.00216
MED00117,4,std_8,-0.00447
MED00118,4,std_8,-0.01396
MED00119,4,std_8,0.01179
MED00120,4,std_8,-0.00957
MED00121,4,std_8,-0.01336
MED00122,4,std_8,-0.01366
MED00123,4,std_8,0.00354
MED00124,4,std_8,-0.00547
MED00125,4,std_8,0.00576
MED00126,4,std_8,-0.00257
MED00127,4,std_8,-0.01219
MED00128,4,std_8,0.0082
MED00129,4,std_8,-0.00259
MED00130,4,std_8,0.00177
MED00131,4,std_8,-0.01178
MED00132,4,std_8,0.00174
MED00133,4,std_8,0.00075
MED00134,4,std_8,-0.01263
MED00135,4,std_8,-0.01242
MED00136,4,std_8,-0.02287
MED00137,4,std_8,0.00839
MED00138,4,std_8,-0.01828
MED00139,4,std_8,0.00892
MED00140,4,std_8,-0.01479
MED00141,4,std_8,-0.01109
MED00142,4,std_8,-0.0015
MED00143,4,std_8,0.01017
MED00144,4,std_8,-0.00406
MED00145,4,std_8,0.0038
MED00146,4,std_8,-0.04711
MED00147,4,std_8,-0.02235
MED00148,4,std_8,-0.01814
MED00149,4,std_8,-0.01078
MED00150,4,std_8,-0.01685
MED00151,4,std_8,0.011
MED00152,4,std_8,0.00677
MED00153,4,std_8,0.00414
MED00154,4,std_8,-0.00095
MED00155,4,std_8,-0.02438
MED00156,4,std_8,-0.02373
MED00157,4,std_8,-0.00183
MED00158,4,std_8,0.0032
MED00159,4,std_8,0.00511
MED00160,4,std_8,-0.01215
MED00161,4,std_8,-0.01356
MED00162,4,std_8,0.00196
MED00163,4,std_8,0.00577
MED00164,4,std_8,-0.0079
MED00165,4,std_8,0.0021
MED00166,4,std_8,0.00269
MED00167,4,std_8,-0.03251
MED00168,4,std_8,0.00368
MED00169,4,std_8,0.00254
MED00170,4,std_8,0.01043
MED00171,4,std_8,0.00538
MED00172,4,std_8,-0.0318
MED00173,4,std_8,-0.03158
MED00174,4,std_8,-0.00761
MED00175,4,std_8,-0.00371
MED00176,4,std_8,-0.00091
MED00177,4,std_8,0.00539
MED00178,4,std_8,0.00808
MED00179,4,std_8,-0.0012
MED00180,4,std_8,-0.00642
MED00181,4,std_8,-0.02457
MED00182,4,std_8,0.00283
MED00183,4,std_8,-0.01365
MED00184,4,std_8,-0.00472
MED00185,4,std_8,-0.02202
MED00186,4,std_8,0.0073
MED00187,4,std_8,-0.02506
MED00188,4,std_8,-0.01719
MED00189,4,std_8,-0.0035
MED00190,4,std_8,-0.03289
MED00191,4,std_8,-0.00198
MED00192,4,std_8,-0.0048
MED00193,4,std_8,-0.00095
MED00194,4,std_8,0.00085
MED00195,4,std_8,0.00463
MED00196,4,std_8,-0.00138
MED00197,4,std_8,0.0009
MED00198,4,std_8,-0.03926
MED00199,4,std_8,-0.00346
MED00200,4,std_8,0.00027
MED00201,4,std_8,-0.01843
MED00202,4,std_8,-0.01433
MED00203,4,std_8,-0.03848
MED00204,4,std_8,0.00055
MED00205,4,std_8,-0.00354
MED00206,4,std_8,-0.00613
MED00207,4,std_8,-0.03159
MED00208,4,std_8,-0.00396
MED00209,4,std_8,-0.02378
MED00210,4,std_8,-0.04488
MED00211,4,std_8,-0.0335
MED00212,4,std_8,-0.01168
MED00213,4,std_8,0.00227
MED00214,4,std_8,-0.00531
MED00215,4,std_8,0.00627
MED00216,4,std_8,-0.0036
MED00217,4,std_8,0.00536
MED00218,4,std_8,-0.01545
MED00219,4,std_8,-0.00213
MED00220,4,std_8,-0.02225
MED00221,4,std_8,-0.00205
MED00222,4,std_8,-0.00235
MED00223,4,std_8,-0.0043
MED00224,4,std_8,-0.00045
MED00225,4,std_8,-0.01794
MED00226,4,std_8,-0.02302
MED00227,4,std_8,-0.00085
MED00228,4,std_8,-0.04496
MED00229,4,std_8,0.00507
MED00230,4,std_8,-0.00262
MED00231,4,std_8,0.00092
MED00232,4,std_8,0.0019
MED00233,4,std_8,0.00073
MED00234,4,std_8,-0.0111
MED00235,4,std_8,-0.00463
MED00236,4,std_8,0.00475
MED00237,4,std_8,-0.00317
MED00238,4,std_8,0.00427
MED00239,4,std_8,-0.01433
MED00240,4,std_8,-0.01789
MED00241,4,std_8,0.01385
MED00242,4,std_8,-0.00106
MED00243,4,std_8,0.0082
MED00244,4,std_8,-0.03438
MED00245,4,std_8,-0.00372
MED00246,4,std_8,-0.00535
MED00247,4,std_8,-0.0034
MED00248,4,std_8,-0.00784
MED00249,4,std_8,-0.0052
MED00250,4,std_8,-0.00739
MED00251,4,std_8,-0.04319
MED00252,4,std_8,0.00421
MED00253,4,std_8,0.00398
MED00254,4,std_8,-0.00168
MED00255,4,std_8,-0.01441
MED00256,4,std_8,-0.00051
MED00257,4,std_8,-0.00787
MED00258,4,std_8,-0.0375
MED00259,4,std_8,-0.0262
MED00260,4,std_8,0.01589
MED00261,4,std_8,0.00503
MED00262,4,std_8,-0.02929
MED00263,4,std_8,-0.02336
MED00264,4,std_8,-0.02392
MED00265,4,std_8,0.0004
MED00266,4,std_8,0.00058
MED00267,4,std_8,-0.0074
MED00268,4,std_8,-0.01534
MED00269,4,std_8,0.0065
MED00270,4,std_8,-0.01272
MED00271,4,std_8,-0.02783
MED00272,4,std_8,-0.01204
MED00273,4,std_8,-0.0076
MED00274,4,std_8,0.00796
MED00275,4,std_8,-0.00793
MED00276,4,std_8,-0.03127
MED00277,4,std_8,-0.0053
MED00278,4,std_8,-0.00431
MED00279,4,std_8,-0.00633
MED00280,4,std_8,0.00237
MED00281,4,std_8,-0.00537
MED00282,4,std_8,-0.00038
MED00283,4,std_8,-0.04845
MED00284,4,std_8,-0.01011
MED00285,4,std_8,-0.01419
MED00286,4,std_8,-0.00683
MED00287,4,std_8,-0.02482
MED00288,4,std_8,-0.00088
MED00289,4,std_8,-0.00995
MED00290,4,std_8,-0.00437
MED00291,4,std_8,-0.0125
MED00292,4,std_8,-0.0236
MED00293,4,std_8,-0.01816
MED00294,4,std_8,-0.04714
MED00295,4,std_8,0.00159
MED00296,4,std_8,-0.00355
MED00297,4,std_8,-0.00373
MED00298,4,std_8,-0.03253
MED00299,4,std_8,-0.00701
MED00300,4,std_8,-0.00705
MED00301,4,std_8,-0.00999
MED00302,4,std_8,-0.0053
MED00303,4,std_8,-0.02635
MED00304,4,std_8,-0.02051
MED00305,4,std_8,0.00029
MED00306,4,std_8,-0.0133
MED00307,4,std_8,-0.00458
MED00308,4,std_8,0.02011
MED00309,4,std_8,-0.00821
MED00310,4,std_8,-0.03226
MED00311,4,std_8,-0.01459
MED00312,4,std_8,0.00154
MED00313,4,std_8,-0.00696
MED00314,4,std_8,-0.012
MED00315,4,std_8,-0.00259
MED00316,4,std_8,0.01376
MED00317,4,std_8,-0.03324
MED00318,4,std_8,-0.02564
MED00319,4,std_8,-0.00289
MED00320,4,std_8,-0.00531
MED00321,4,std_8,-0.13708
MED00322,4,std_8,-0.00046
MED00323,4,std_8,-0.0239
MED00324,4,std_8,0.00396
MED00325,4,std_8,-0.00296
MED00326,4,std_8,-0.00227
MED00327,4,std_8,-0.0092
MED00328,4,std_8,-0.00182
MED00329,4,std_8,-0.00269
MED00330,4,std_8,-0.00675
MED00331,4,std_8,0.01844
MED00332,4,std_8,-0.01882
MED00333,4,std_8,-0.03422
MED00334,4,std_8,-0.00791
MED00335,4,std_8,-0.01603
MED00336,4,std_8,-0.00156
MED00337,4,std_8,-0.01077
MED00338,4,std_8,-0.02427
MED00339,4,std_8,-0.00808
MED00340,4,std_8,-0.00079
MED00341,4,std_8,-0.01684
MED00342,4,std_8,0.00355
MED00343,4,std_8,-0.00284
MED00344,4,std_8,-0.00449
MED00345,4,std_8,0.00182
MED00346,4,std_8,0.01111
MED00347,4,std_8,-0.00513
MED00348,4,std_8,-0.00793
MED00349,4,std_8,0.01103
MED00350,4,std_8,-0.05718
MED00351,4,std_8,0.00104
MED00352,4,std_8,-0.01646
MED00353,4,std_8,-0.00201
MED00354,4,std_8,-0.04739
MED00355,4,std_8,-0.01193
MED00356,4,std_8,0.01001
MED00357,4,std_8,0.00835
MED00358,4,std_8,-0.01943
MED00359,4,std_8,-0.00026
MED00360,4,std_8,-0.01669
MED00361,4,std_8,-0.0271
MED00362,4,std_8,-0.04323
MED00363,4,std_8,-0.04575
MED00364,4,std_8,-0.00455
MED00365,4,std_8,0.01444
MED00366,4,std_8,-0.00237
MED00367,4,std_8,0.00203
MED00368,4,std_8,-0.02278
MED00369,4,std_8,-0.02336
MED00370,4,std_8,-0.00938
MED00371,4,std_8,-0.00776
MED00372,4,std_8,-0.00418
MED00373,4,std_8,0.00898
MED00374,4,std_8,-0.03825
MED00375,4,std_8,-0.00411
MED00376,4,std_8,-0.0333
MED00377,4,std_8,-0.06071
MED00378,4,std_8,0.00802
MED00379,4,std_8,-0.14751
MED00380,4,std_8,-0.00244
MED00381,4,std_8,-0.02659
MED00382,4,std_8,-0.01469
MED00383,4,std_8,-0.01582
MED00384,4,std_8,0.00543
MED00385,4,std_8,-0.00761
MED00386,4,std_8,-0.00897
MED00387,4,std_8,-0.00259
MED00388,4,std_8,-0.00584
MED00389,4,std_8,-0.01058
MED00390,4,std_8,-0.00199
MED00391,4,std_8,-0.00824
MED00392,4,std_8,-0.00705
MED00393,4,std_8,-0.01194
MED00394,4,std_8,-0.00797
MED00395,4,std_8,-0.00659
MED00396,4,std_8,-0.00815
MED00397,4,std_8,-0.00976
MED00398,4,std_8,-0.00752
MED00399,4,std_8,-0.00434
MED00400,4,std_8,-0.0008
MED00401,4,std_8,-0.00792
MED00402,4,std_8,-0.00493
MED00403,4,std_8,-0.0147
MED00404,4,std_8,-0.00838
MED00405,4,std_8,-0.01906
MED00406,4,std_8,-0.01194
MED00407,4,std_8,-0.00289
MED00408,4,std_8,-0.00989
MED00409,4,std_8,-0.00929
MED00410,4,std_8,-0.01169
MED00411,4,std_8,-0.00519
MED00412,4,std_8,-0.0081
MED00413,4,std_8,-0.01146
MED00414,4,std_8,-0.00961
MED00415,4,std_8,-0.00788
MED00416,4,std_8,-0.0076
MED00417,4,std_8,-0.01545
MED00418,4,std_8,-0.02297
MED00419,4,std_8,-0.00784
MED00420,4,std_8,0.00127
MED00421,4,std_8,-0.00503
MED00422,4,std_8,-0.00834
MED00423,4,std_8,-0.00786
MED00424,4,std_8,0.0003
MED00001,5,std_8,-0.00916
MED00002,5,std_8,-0.00018
MED00003,5,std_8,-0.00288
MED00004,5,std_8,-0.05313
MED00005,5,std_8,-0.01884
MED00006,5,std_8,-0.00233
MED00007,5,std_8,0.01334
MED00008,5,std_8,0.00416
MED00009,5,std_8,-0.02493
MED00010,5,std_8,-0.03153
MED00011,5,std_8,-0.00509
MED00012,5,std_8,0.00069
MED00013,5,std_8,-0.00019
MED00014,5,std_8,-0.00156
MED00015,5,std_8,0.01554
MED00016,5,std_8,-0.02727
MED00017,5,std_8,-0.03115
MED00018,5,std_8,-0.00156
MED00019,5,std_8,-0.00475
MED00020,5,std_8,0.00057
MED00021,5,std_8,-0.02377
MED00022,5,std_8,0.00377
MED00023,5,std_8,-0.01764
MED00024,5,std_8,-0.00409
MED00025,5,std_8,-0.00842
MED00026,5,std_8,-0.00286
MED00027,5,std_8,-0.00418
MED00028,5,std_8,0.01066
MED00029,5,std_8,-0.0029
MED00030,5,std_8,-0.00013
MED00031,5,std_8,-0.02876
MED00032,5,std_8,-0.03243
MED00033,5,std_8,-0.05214
MED00034,5,std_8,-0.00236
MED00035,5,std_8,0.00187
MED00036,5,std_8,0.00689
MED00037,5,std_8,-0.00295
MED00038,5,std_8,-0.00802
MED00039,5,std_8,-0.05008
MED00040,5,std_8,0.01714
MED00041,5,std_8,0.0024
MED00042,5,std_8,0.01159
MED00043,5,std_8,0.00536
MED00044,5,std_8,-0.0115
MED00045,5,std_8,-0.00074
MED00046,5,std_8,-0.00957
MED00047,5,std_8,-0.00348
MED00048,5,std_8,-0.00856
MED00049,5,std_8,-0.00719
MED00050,5,std_8,-0.02908
MED00051,5,std_8,-0.00806
MED00052,5,std_8,0.01009
MED00053,5,std_8,-0.00324
MED00054,5,std_8,-0.00187
MED00055,5,std_8,0.00658
MED00056,5,std_8,0.00339
MED00057,5,std_8,-0.00524
MED00058,5,std_8,0.00161
MED00059,5,std_8,-0.00316
MED00060,5,std_8,-0.00993
MED00061,5,std_8,0.0025
MED00062,5,std_8,-0.00839
MED00063,5,std_8,-0.00702
MED00064,5,std_8,-0.00885
MED00065,5,std_8,0.00296
MED00066,5,std_8,0.00311
MED00067,5,std_8,-0.019
MED00068,5,std_8,-0.02703
MED00069,5,std_8,-0.00627
MED00070,5,std_8,-0.00725
MED00071,5,std_8,-0.00713
MED00072,5,std_8,-0.02748
MED00073,5,std_8,-0.02049
MED00074,5,std_8,-0.034
MED00075,5,std_8,-0.02725
MED00076,5,std_8,0.00225
MED00077,5,std_8,-0.00804
MED00078,5,std_8,-0.03228
MED00079,5,std_8,0.0036
MED00080,5,std_8,-0.03857
MED00081,5,std_8,-0.00452
MED00082,5,std_8,-0.0066
MED00083,5,std_8,-0.03308
MED00084,5,std_8,-0.00914
MED00085,5,std_8,-0.02491
MED00086,5,std_8,-0.00519
MED00087,5,std_8,-0.04636
MED00088,5,std_8,0.00032
MED00089,5,std_8,-0.01373
MED00090,5,std_8,-0.04051
MED00091,5,std_8,-0.03841
MED00092,5,std_8,-0.05499
MED00093,5,std_8,0.00387
MED00094,5,std_8,0.01335
MED00095,5,std_8,-0.01228
MED00096,5,std_8,-0.00118
MED00098,5,std_8,-0.00413
MED00099,5,std_8,-0.00055
MED00100,5,std_8,-0.00529
MED00101,5,std_8,-0.00621
MED00102,5,std_8,-0.01038
MED00103,5,std_8,0.00479
MED00104,5,std_8,-0.00384
MED00105,5,std_8,-0.00457
MED00106,5,std_8,-0.0056
MED00107,5,std_8,-0.00321
MED00108,5,std_8,-0.02447
MED00109,5,std_8,-0.00644
MED00110,5,std_8,-0.01761
MED00111,5,std_8,0.00209
MED00112,5,std_8,-0.02886
MED00113,5,std_8,0.01889
MED00114,5,std_8,-0.00245
MED00115,5,std_8,-0.02249
MED00116,5,std_8,0.00127
MED00117,5,std_8,-0.00534
MED00118,5,std_8,-0.01226
MED00119,5,std_8,0.01222
MED00120,5,std_8,-0.0104
MED00121,5,std_8,-0.0158
MED00122,5,std_8,-0.01561
MED00123,5,std_8,0.00278
MED00124,5,std_8,-0.00305
MED00125,5,std_8,0.0056
MED00126,5,std_8,-0.00468
MED00127,5,std_8,-0.00867
MED00128,5,std_8,0.00846
MED00129,5,std_8,-0.00245
MED00130,5,std_8,-0.00715
MED00131,5,std_8,-0.01112
MED00132,5,std_8,0.0026
MED00133,5,std_8,-0.00256
MED00134,5,std_8,-0.0179
MED00135,5,std_8,-0.01192
MED00136,5,std_8,-0.03241
MED00137,5,std_8,0.00486
MED00138,5,std_8,-0.01913
MED00139,5,std_8,0.00959
MED00140,5,std_8,-0.01395
MED00141,5,std_8,-0.00957
MED00142,5,std_8,-0.00053
MED00143,5,std_8,0.01058
MED00144,5,std_8,-0.00709
MED00145,5,std_8,0.00826
MED00146,5,std_8,-0.0461
MED00147,5,std_8,-0.02341
MED00148,5,std_8,-0.01876
MED00149,5,std_8,-0.0126
MED00150,5,std_8,-0.01787
MED00151,5,std_8,0.0118
MED00152,5,std_8,0.00611
MED00153,5,std_8,0.00177
MED00154,5,std_8,0.00143
MED00155,5,std_8,-0.01883
MED00156,5,std_8,-0.03204
MED00157,5,std_8,-0.00094
MED00158,5,std_8,-0.00538
MED00159,5,std_8,0.00534
MED00160,5,std_8,-0.01462
MED00161,5,std_8,-0.01193
MED00162,5,std_8,-0.0012
MED00163,5,std_8,-0.0029
MED00164,5,std_8,-0.00889
MED00165,5,std_8,0.00276
MED00166,5,std_8,-0.00069
MED00167,5,std_8,-0.0318
MED00168,5,std_8,0.0048
MED00169,5,std_8,0.00471
MED00170,5,std_8,0.00227
MED00171,5,std_8,0.00374
MED00172,5,std_8,-0.02566
MED00173,5,std_8,-0.02824
MED00174,5,std_8,-0.00612
MED00175,5,std_8,-0.0045
MED00176,5,std_8,0.00113
MED00177,5,std_8,-0.00049
MED00178,5,std_8,0.00539
MED00179,5,std_8,-0.00116
MED00180,5,std_8,-0.00725
MED00181,5,std_8,-0.02499
MED00182,5,std_8,-0.00349
MED00183,5,std_8,-0.00898
MED00184,5,std_8,-0.00417
MED00185,5,std_8,-0.02991
MED00186,5,std_8,0.00735
MED00187,5,std_8,-0.01863
MED00188,5,std_8,-0.01656
MED00189,5,std_8,-0.00655
MED00190,5,std_8,-0.03097
MED00191,5,std_8,-0.00156
MED00192,5,std_8,-0.00582
MED00193,5,std_8,-0.00784
MED00194,5,std_8,0.00274
MED00195,5,std_8,0.00133
MED00196,5,std_8,-0.0008
MED00197,5,std_8,0.00277
MED00198,5,std_8,-0.03705
MED00199,5,std_8,-0.00889
MED00200,5,std_8,0.00207
MED00201,5,std_8,-0.02006
MED00202,5,std_8,-0.01425
MED00203,5,std_8,-0.03223
MED00204,5,std_8,-0.00182
MED00205,5,std_8,-0.00344
MED00206,5,std_8,-0.005
MED00207,5,std_8,-0.02947
MED00208,5,std_8,-0.00356
MED00209,5,std_8,-0.02483
MED00210,5,std_8,-0.04537
MED00211,5,std_8,-0.03081
MED00212,5,std_8,-0.00798
MED00213,5,std_8,1e-04
MED00214,5,std_8,-0.00385
MED00215,5,std_8,0.00252
MED00216,5,std_8,-0.00895
MED00217,5,std_8,0.00288
MED00218,5,std_8,-0.01477
MED00219,5,std_8,-0.00075
MED00220,5,std_8,-0.02341
MED00221,5,std_8,-0.00158
MED00222,5,std_8,-0.00192
MED00223,5,std_8,-0.00319
MED00224,5,std_8,-0.00104
MED00225,5,std_8,-0.0174
MED00226,5,std_8,-0.02732
MED00227,5,std_8,0.00152
MED00228,5,std_8,-0.03767
MED00229,5,std_8,0.0023
MED00230,5,std_8,-0.0002
MED00231,5,std_8,0.00172
MED00232,5,std_8,0.00238
MED00233,5,std_8,-0.00078
MED00234,5,std_8,-0.00825
MED00235,5,std_8,-0.00286
MED00236,5,std_8,-0.00012
MED00237,5,std_8,-0.00361
MED00238,5,std_8,0.0048
MED00239,5,std_8,-0.01493
MED00240,5,std_8,-0.01845
MED00241,5,std_8,0.01187
MED00242,5,std_8,-0.00049
MED00243,5,std_8,-1e-04
MED00244,5,std_8,-0.03378
MED00245,5,std_8,-0.0061
MED00246,5,std_8,-0.00396
MED00247,5,std_8,-0.00421
MED00248,5,std_8,-0.00311
MED00249,5,std_8,-0.00718
MED00250,5,std_8,-0.00886
MED00251,5,std_8,-0.04274
MED00252,5,std_8,0.00559
MED00253,5,std_8,0.0008
MED00254,5,std_8,-0.00101
MED00255,5,std_8,-0.0105
MED00256,5,std_8,-0.00104
MED00257,5,std_8,-0.0078
MED00258,5,std_8,-0.03633
MED00259,5,std_8,-0.02287
MED00260,5,std_8,0.01787
MED00261,5,std_8,0.00319
MED00262,5,std_8,-0.03401
MED00263,5,std_8,-0.02396
MED00264,5,std_8,-0.02842
MED00265,5,std_8,-0.0014
MED00266,5,std_8,0.00225
MED00267,5,std_8,-0.01015
MED00268,5,std_8,-0.01737
MED00269,5,std_8,0.00548
MED00270,5,std_8,-0.01036
MED00271,5,std_8,-0.0252
MED00272,5,std_8,-0.01225
MED00273,5,std_8,-0.0033
MED00274,5,std_8,1e-04
MED00275,5,std_8,-0.00883
MED00276,5,std_8,-0.02944
MED00277,5,std_8,-0.00656
MED00278,5,std_8,-0.00597
MED00279,5,std_8,-0.00369
MED00280,5,std_8,0.00185
MED00281,5,std_8,-0.00666
MED00282,5,std_8,0.00481
MED00283,5,std_8,-0.04984
MED00284,5,std_8,-0.00871
MED00285,5,std_8,-0.01685
MED00286,5,std_8,-0.00551
MED00287,5,std_8,-0.02604
MED00288,5,std_8,-0.00556
MED00289,5,std_8,-0.01032
MED00290,5,std_8,-0.00197
MED00291,5,std_8,-0.01223
MED00292,5,std_8,-0.02216
MED00293,5,std_8,-0.0064
MED00294,5,std_8,-0.03247
MED00295,5,std_8,-0.00207
MED00296,5,std_8,-0.00633
MED00297,5,std_8,-0.00549
MED00298,5,std_8,-0.03521
MED00299,5,std_8,-0.00695
MED00300,5,std_8,-0.00658
MED00301,5,std_8,-0.01405
MED00302,5,std_8,-0.00315
MED00303,5,std_8,-0.02605
MED00304,5,std_8,-0.02026
MED00305,5,std_8,0.00138
MED00306,5,std_8,-0.01902
MED00307,5,std_8,-0.00175
MED00308,5,std_8,0.01726
MED00309,5,std_8,-0.0071
MED00310,5,std_8,-0.02792
MED00311,5,std_8,-0.0095
MED00313,5,std_8,0.00196
MED00314,5,std_8,-0.00822
MED00315,5,std_8,-0.00229
MED00316,5,std_8,0.01447
MED00317,5,std_8,-0.03016
MED00318,5,std_8,-0.03483
MED00319,5,std_8,-0.00339
MED00320,5,std_8,-0.00469
MED00321,5,std_8,-0.14089
MED00322,5,std_8,-0.00737
MED00323,5,std_8,-0.03655
MED00324,5,std_8,0.00419
MED00325,5,std_8,-0.00143
MED00326,5,std_8,-0.00307
MED00327,5,std_8,-0.00628
MED00328,5,std_8,-0.00103
MED00329,5,std_8,-0.00315
MED00330,5,std_8,-0.00315
MED00331,5,std_8,0.02108
MED00332,5,std_8,-0.01704
MED00333,5,std_8,-0.03428
MED00334,5,std_8,-0.00601
MED00335,5,std_8,-0.01573
MED00336,5,std_8,-0.00171
MED00337,5,std_8,-0.01202
MED00338,5,std_8,-0.02375
MED00339,5,std_8,-0.00801
MED00340,5,std_8,-0.00311
MED00341,5,std_8,-0.01817
MED00342,5,std_8,0.0033
MED00343,5,std_8,-0.00303
MED00344,5,std_8,-0.00457
MED00345,5,std_8,-0.0071
MED00346,5,std_8,0.0054
MED00347,5,std_8,-0.0074
MED00348,5,std_8,-0.00675
MED00349,5,std_8,0.002
MED00350,5,std_8,-0.05516
MED00351,5,std_8,-0.00193
MED00352,5,std_8,-0.02219
MED00353,5,std_8,-0.00413
MED00354,5,std_8,-0.04915
MED00355,5,std_8,-0.0103
MED00356,5,std_8,0.00754
MED00357,5,std_8,0.00173
MED00358,5,std_8,-0.0162
MED00359,5,std_8,-0.00232
MED00360,5,std_8,-0.01572
MED00361,5,std_8,-0.0237
MED00362,5,std_8,-0.0433
MED00363,5,std_8,-0.04559
MED00364,5,std_8,-0.00683
MED00365,5,std_8,0.01269
MED00366,5,std_8,-0.00196
MED00367,5,std_8,0.00136
MED00368,5,std_8,-0.02409
MED00369,5,std_8,-0.02366
MED00370,5,std_8,-0.00947
MED00371,5,std_8,-0.00678
MED00372,5,std_8,-0.00523
MED00373,5,std_8,0.01005
MED00374,5,std_8,-0.03318
MED00375,5,std_8,-0.00231
MED00376,5,std_8,-0.03421
MED00377,5,std_8,-0.06089
MED00378,5,std_8,0.00697
MED00379,5,std_8,-0.14352
MED00380,5,std_8,-0.00544
MED00381,5,std_8,-0.02639
MED00382,5,std_8,-0.02059
MED00383,5,std_8,-0.01777
MED00384,5,std_8,0.0068
MED00385,5,std_8,-0.00812
MED00386,5,std_8,-0.00945
MED00387,5,std_8,-0.00136
MED00388,5,std_8,-0.00159
MED00389,5,std_8,-0.00723
MED00390,5,std_8,-0.00116
MED00391,5,std_8,-0.00906
MED00392,5,std_8,-0.00775
MED00393,5,std_8,-0.01065
MED00394,5,std_8,-0.00852
MED00395,5,std_8,-0.0064
MED00396,5,std_8,-0.00793
MED00397,5,std_8,-0.01267
MED00398,5,std_8,-0.01053
MED00399,5,std_8,-0.00628
MED00400,5,std_8,-0.00557
MED00401,5,std_8,-0.00989
MED00402,5,std_8,-0.00294
MED00403,5,std_8,-0.01422
MED00404,5,std_8,-0.0068
MED00405,5,std_8,-0.01761
MED00406,5,std_8,-0.01216
MED00407,5,std_8,-0.00406
MED00408,5,std_8,-0.00943
MED00409,5,std_8,-0.00917
MED00410,5,std_8,-0.004
MED00411,5,std_8,-0.00445
MED00412,5,std_8,-0.00951
MED00413,5,std_8,-0.01158
MED00414,5,std_8,-0.00825
MED00415,5,std_8,-0.00775
MED00416,5,std_8,-0.0063
MED00417,5,std_8,-0.01666
MED00418,5,std_8,-0.02524
MED00419,5,std_8,-0.00807
MED00420,5,std_8,-0.00165
MED00421,5,std_8,-0.00259
MED00422,5,std_8,-0.00877
MED00423,5,std_8,-0.00913
MED00424,5,std_8,-0.00471
MED00001,6,std_8,-0.00884
MED00002,6,std_8,0.00035
MED00003,6,std_8,0.00096
MED00004,6,std_8,-0.0441
MED00005,6,std_8,-0.01569
MED00006,6,std_8,0.00187
MED00007,6,std_8,0.01206
MED00008,6,std_8,0.00473
MED00009,6,std_8,-0.02125
MED00010,6,std_8,-0.01948
MED00011,6,std_8,-0.0103
MED00012,6,std_8,0.00474
MED00014,6,std_8,-0.00191
MED00015,6,std_8,0.01608
MED00016,6,std_8,-0.02704
MED00017,6,std_8,-0.03034
MED00018,6,std_8,-0.00063
MED00019,6,std_8,-0.00601
MED00020,6,std_8,0.0005
MED00021,6,std_8,-0.02201
MED00022,6,std_8,0.00363
MED00023,6,std_8,-0.00917
MED00024,6,std_8,-0.00668
MED00025,6,std_8,-0.00454
MED00026,6,std_8,-0.00085
MED00027,6,std_8,-0.00032
MED00028,6,std_8,0.01127
MED00029,6,std_8,-0.00499
MED00030,6,std_8,-0.00116
MED00031,6,std_8,-0.02992
MED00032,6,std_8,-0.0318
MED00033,6,std_8,-0.04316
MED00034,6,std_8,-0.00304
MED00035,6,std_8,0.00269
MED00036,6,std_8,0.00832
MED00037,6,std_8,-0.00063
MED00038,6,std_8,-0.00796
MED00039,6,std_8,-0.04859
MED00040,6,std_8,0.01758
MED00041,6,std_8,0.00348
MED00042,6,std_8,0.01069
MED00043,6,std_8,0.0092
MED00044,6,std_8,-0.01081
MED00045,6,std_8,0.00317
MED00046,6,std_8,-0.00761
MED00047,6,std_8,-0.00332
MED00048,6,std_8,-0.00924
MED00049,6,std_8,-0.00333
MED00050,6,std_8,-0.02508
MED00051,6,std_8,-0.00422
MED00052,6,std_8,0.01097
MED00053,6,std_8,-0.00524
MED00054,6,std_8,-0.00436
MED00055,6,std_8,0.00748
MED00056,6,std_8,0.00385
MED00057,6,std_8,-0.00341
MED00058,6,std_8,0.00563
MED00059,6,std_8,-0.00511
MED00060,6,std_8,-0.00983
MED00061,6,std_8,0.00309
MED00062,6,std_8,-0.00851
MED00063,6,std_8,-0.00316
MED00064,6,std_8,-0.01144
MED00065,6,std_8,0.00184
MED00066,6,std_8,0.0037
MED00067,6,std_8,-0.01872
MED00068,6,std_8,-0.02338
MED00069,6,std_8,-0.00473
MED00070,6,std_8,-0.00721
MED00071,6,std_8,-0.00652
MED00072,6,std_8,-0.02679
MED00073,6,std_8,-0.02014
MED00074,6,std_8,-0.03031
MED00075,6,std_8,-0.02477
MED00076,6,std_8,0.00276
MED00077,6,std_8,-0.01013
MED00078,6,std_8,-0.03037
MED00079,6,std_8,0.00178
MED00080,6,std_8,-0.03476
MED00081,6,std_8,-0.00068
MED00082,6,std_8,-0.00756
MED00083,6,std_8,-0.03149
MED00084,6,std_8,-0.01323
MED00085,6,std_8,-0.02416
MED00086,6,std_8,-0.00334
MED00087,6,std_8,-0.04267
MED00088,6,std_8,-0.00088
MED00089,6,std_8,-0.00486
MED00090,6,std_8,-0.0385
MED00091,6,std_8,-0.03805
MED00092,6,std_8,-0.05448
MED00093,6,std_8,0.00409
MED00094,6,std_8,0.01408
MED00095,6,std_8,-0.01052
MED00096,6,std_8,-0.00156
MED00097,6,std_8,0.00198
MED00098,6,std_8,-0.00642
MED00099,6,std_8,0.00331
MED00100,6,std_8,-0.00145
MED00101,6,std_8,-0.006
MED00102,6,std_8,-0.00772
MED00103,6,std_8,0.00842
MED00104,6,std_8,-0.00377
MED00105,6,std_8,-0.00435
MED00106,6,std_8,-0.00174
MED00107,6,std_8,-0.00306
MED00108,6,std_8,-0.02265
MED00109,6,std_8,0.00331
MED00110,6,std_8,-0.00788
MED00111,6,std_8,0.00359
MED00112,6,std_8,-0.02507
MED00113,6,std_8,0.01942
MED00114,6,std_8,-0.00329
MED00115,6,std_8,-0.02133
MED00116,6,std_8,-0.0013
MED00117,6,std_8,-0.00198
MED00118,6,std_8,-0.0116
MED00119,6,std_8,0.01304
MED00120,6,std_8,-0.00153
MED00121,6,std_8,-0.01451
MED00122,6,std_8,-0.01421
MED00123,6,std_8,0.00436
MED00124,6,std_8,-0.00311
MED00125,6,std_8,0.00943
MED00126,6,std_8,0.00504
MED00127,6,std_8,-0.00668
MED00128,6,std_8,0.00677
MED00129,6,std_8,0.00727
MED00130,6,std_8,-0.00329
MED00131,6,std_8,-0.01039
MED00132,6,std_8,0.00404
MED00133,6,std_8,-0.00234
MED00134,6,std_8,-0.00817
MED00135,6,std_8,-0.00503
MED00136,6,std_8,-0.03411
MED00137,6,std_8,0.00377
MED00138,6,std_8,-0.01841
MED00139,6,std_8,0.01117
MED00140,6,std_8,-0.01327
MED00141,6,std_8,-0.00902
MED00142,6,std_8,0.00137
MED00143,6,std_8,0.00876
MED00144,6,std_8,-0.00489
MED00145,6,std_8,0.00877
MED00146,6,std_8,-0.04493
MED00147,6,std_8,-0.02157
MED00148,6,std_8,-0.01743
MED00149,6,std_8,-0.01134
MED00150,6,std_8,-0.01063
MED00151,6,std_8,0.01253
MED00152,6,std_8,0.00682
MED00153,6,std_8,0.00342
MED00154,6,std_8,0.00097
MED00155,6,std_8,-0.01758
MED00156,6,std_8,-0.03078
MED00157,6,std_8,-0.0008
MED00158,6,std_8,-0.00152
MED00159,6,std_8,0.00517
MED00160,6,std_8,-0.0132
MED00161,6,std_8,-0.01024
MED00162,6,std_8,0.00282
MED00163,6,std_8,0.00096
MED00164,6,std_8,-0.00808
MED00165,6,std_8,-0.00037
MED00166,6,std_8,0.00333
MED00167,6,std_8,-0.03101
MED00168,6,std_8,0.00686
MED00169,6,std_8,0.00924
MED00170,6,std_8,0.00277
MED00171,6,std_8,0.00458
MED00172,6,std_8,-0.02475
MED00173,6,std_8,-0.02669
MED00174,6,std_8,-0.00572
MED00175,6,std_8,0.00329
MED00176,6,std_8,0.00091
MED00177,6,std_8,0.001
MED00178,6,std_8,0.00528
MED00179,6,std_8,0.0003
MED00180,6,std_8,0.00474
MED00181,6,std_8,-0.01839
MED00182,6,std_8,0.00038
MED00183,6,std_8,-0.01287
MED00184,6,std_8,-0.00159
MED00185,6,std_8,-0.03169
MED00186,6,std_8,0.00832
MED00187,6,std_8,-0.01706
MED00188,6,std_8,-0.01348
MED00189,6,std_8,-0.00271
MED00190,6,std_8,-0.02992
MED00191,6,std_8,-0.0021
MED00192,6,std_8,-0.00204
MED00193,6,std_8,-0.00398
MED00194,6,std_8,-0.00028
MED00195,6,std_8,-0.00167
MED00196,6,std_8,-0.00096
MED00197,6,std_8,-0.00029
MED00198,6,std_8,-0.03613
MED00199,6,std_8,-0.01086
MED00200,6,std_8,0.00411
MED00201,6,std_8,-0.01963
MED00202,6,std_8,-0.00224
MED00203,6,std_8,-0.03209
MED00204,6,std_8,0.00222
MED00205,6,std_8,-0.00336
MED00206,6,std_8,-0.00311
MED00207,6,std_8,-0.03124
MED00208,6,std_8,-0.0034
MED00209,6,std_8,-0.02399
MED00210,6,std_8,-0.04465
MED00211,6,std_8,-0.02931
MED00212,6,std_8,-0.00592
MED00213,6,std_8,0.00985
MED00214,6,std_8,-0.00391
MED00215,6,std_8,0.0041
MED00216,6,std_8,-0.00508
MED00217,6,std_8,0.00339
MED00218,6,std_8,-0.0133
MED00219,6,std_8,-0.0007
MED00220,6,std_8,-0.02016
MED00223,6,std_8,-0.00066
MED00224,6,std_8,0.00299
MED00225,6,std_8,-0.01622
MED00226,6,std_8,-0.02576
MED00227,6,std_8,0.00107
MED00228,6,std_8,-0.03717
MED00229,6,std_8,0.01203
MED00230,6,std_8,-0.00032
MED00231,6,std_8,0.00244
MED00232,6,std_8,0.00438
MED00233,6,std_8,-0.00156
MED00234,6,std_8,-0.00747
MED00235,6,std_8,-0.00209
MED00236,6,std_8,0.00383
MED00237,6,std_8,-0.00617
MED00238,6,std_8,0.00622
MED00239,6,std_8,-0.01443
MED00240,6,std_8,-0.01713
MED00241,6,std_8,0.01106
MED00242,6,std_8,0.00075
MED00243,6,std_8,0.00043
MED00244,6,std_8,-0.03027
MED00245,6,std_8,-0.00644
MED00246,6,std_8,-0.00383
MED00247,6,std_8,-0.00416
MED00248,6,std_8,-0.00246
MED00249,6,std_8,-0.01037
MED00250,6,std_8,-0.00849
MED00251,6,std_8,-0.04187
MED00252,6,std_8,0.00598
MED00253,6,std_8,0.00212
MED00254,6,std_8,-0.00062
MED00255,6,std_8,-0.01002
MED00256,6,std_8,-0.00033
MED00257,6,std_8,-0.00742
MED00258,6,std_8,-0.03627
MED00259,6,std_8,-0.02223
MED00260,6,std_8,0.01587
MED00261,6,std_8,0.0066
MED00262,6,std_8,-0.03034
MED00263,6,std_8,-0.0233
MED00264,6,std_8,-0.01867
MED00265,6,std_8,-0.00131
MED00266,6,std_8,0.00054
MED00267,6,std_8,-0.00878
MED00268,6,std_8,-0.01595
MED00269,6,std_8,0.00688
MED00270,6,std_8,-0.00962
MED00271,6,std_8,-0.02524
MED00272,6,std_8,-0.01068
MED00273,6,std_8,-0.00503
MED00274,6,std_8,0.00162
MED00275,6,std_8,-0.00855
MED00276,6,std_8,-0.02875
MED00277,6,std_8,-0.00251
MED00278,6,std_8,-0.00472
MED00279,6,std_8,-0.00453
MED00280,6,std_8,0.00236
MED00281,6,std_8,-0.0064
MED00282,6,std_8,0.00413
MED00283,6,std_8,-0.04927
MED00284,6,std_8,-0.00881
MED00285,6,std_8,-0.01562
MED00286,6,std_8,-0.0075
MED00287,6,std_8,-0.02434
MED00288,6,std_8,-0.00656
MED00289,6,std_8,-0.01097
MED00290,6,std_8,-0.00372
MED00291,6,std_8,-0.01102
MED00292,6,std_8,-0.00841
MED00293,6,std_8,-0.00596
MED00294,6,std_8,-0.03131
MED00295,6,std_8,0.00045
MED00296,6,std_8,-0.00578
MED00297,6,std_8,-0.00409
MED00298,6,std_8,-0.034
MED00299,6,std_8,-0.00312
MED00300,6,std_8,0.00542
MED00301,6,std_8,-0.01298
MED00302,6,std_8,-0.00062
MED00303,6,std_8,-0.02486
MED00304,6,std_8,-0.0185
MED00305,6,std_8,0.00535
MED00306,6,std_8,-0.01123
MED00307,6,std_8,-0.00296
MED00308,6,std_8,0.01566
MED00309,6,std_8,-0.00761
MED00310,6,std_8,-0.02437
MED00311,6,std_8,-0.01042
MED00312,6,std_8,0.00145
MED00313,6,std_8,0.00259
MED00314,6,std_8,-0.01219
MED00315,6,std_8,-0.00234
MED00316,6,std_8,0.01274
MED00317,6,std_8,-0.02664
MED00318,6,std_8,-0.03364
MED00319,6,std_8,-0.00328
MED00320,6,std_8,-0.00648
MED00321,6,std_8,-0.14125
MED00322,6,std_8,-0.00351
MED00323,6,std_8,-0.03368
MED00324,6,std_8,0.00329
MED00325,6,std_8,-0.00113
MED00326,6,std_8,-0.00301
MED00327,6,std_8,-0.00307
MED00328,6,std_8,-0.00086
MED00329,6,std_8,-0.00307
MED00330,6,std_8,-0.00259
MED00331,6,std_8,0.02159
MED00332,6,std_8,-0.01382
MED00333,6,std_8,-0.03393
MED00334,6,std_8,-0.00566
MED00335,6,std_8,-0.01639
MED00336,6,std_8,-0.00364
MED00337,6,std_8,-0.01272
MED00338,6,std_8,-0.01393
MED00339,6,std_8,-0.00544
MED00340,6,std_8,0.00465
MED00341,6,std_8,-0.01688
MED00342,6,std_8,0.0044
MED00343,6,std_8,-0.00291
MED00344,6,std_8,-0.00468
MED00345,6,std_8,-0.00324
MED00346,6,std_8,0.00609
MED00347,6,std_8,-0.00356
MED00348,6,std_8,-0.00104
MED00349,6,std_8,0.00274
MED00350,6,std_8,-0.0546
MED00351,6,std_8,0.00779
MED00352,6,std_8,-0.01246
MED00353,6,std_8,0.0056
MED00354,6,std_8,-0.03964
MED00355,6,std_8,-0.01041
MED00356,6,std_8,0.00807
MED00357,6,std_8,0.00226
MED00358,6,std_8,-0.01505
MED00359,6,std_8,0.0017
MED00360,6,std_8,-0.01687
MED00361,6,std_8,-0.02294
MED00362,6,std_8,-0.04197
MED00363,6,std_8,-0.04479
MED00364,6,std_8,-0.003
MED00365,6,std_8,0.01344
MED00366,6,std_8,-0.0019
MED00367,6,std_8,0.00326
MED00368,6,std_8,-0.02137
MED00369,6,std_8,-0.02236
MED00370,6,std_8,-0.00182
MED00371,6,std_8,-0.01066
MED00372,6,std_8,-0.00139
MED00373,6,std_8,0.01097
MED00374,6,std_8,-0.02995
MED00375,6,std_8,-0.00314
MED00376,6,std_8,-0.03059
MED00377,6,std_8,-0.05705
MED00378,6,std_8,0.009
MED00379,6,std_8,-0.14324
MED00380,6,std_8,0.00428
MED00381,6,std_8,-0.02542
MED00382,6,std_8,-0.01991
MED00383,6,std_8,-0.01652
MED00384,6,std_8,0.00754
MED00385,6,std_8,-0.00808
MED00386,6,std_8,-0.00941
MED00387,6,std_8,-0.00144
MED00388,6,std_8,0.003
MED00389,6,std_8,-0.0072
MED00390,6,std_8,-0.00118
MED00391,6,std_8,-0.00901
MED00392,6,std_8,-0.00783
MED00393,6,std_8,-0.00947
MED00394,6,std_8,-0.00901
MED00395,6,std_8,-0.00682
MED00396,6,std_8,-0.00947
MED00397,6,std_8,-0.01412
MED00398,6,std_8,-0.00963
MED00399,6,std_8,-0.00602
MED00400,6,std_8,-0.00704
MED00401,6,std_8,-0.01016
MED00402,6,std_8,-0.00304
MED00403,6,std_8,-0.01196
MED00404,6,std_8,-0.00532
MED00405,6,std_8,-0.0164
MED00406,6,std_8,-0.01211
MED00407,6,std_8,-0.00392
MED00408,6,std_8,-0.00931
MED00409,6,std_8,-0.00925
MED00410,6,std_8,-0.00627
MED00411,6,std_8,-0.00442
MED00412,6,std_8,-0.00955
MED00413,6,std_8,-0.0111
MED00414,6,std_8,-0.00865
MED00415,6,std_8,-0.00784
MED00416,6,std_8,-0.00628
MED00417,6,std_8,-0.01565
MED00418,6,std_8,-0.02407
MED00419,6,std_8,-0.00818
MED00420,6,std_8,-0.0002
MED00421,6,std_8,-0.00483
MED00422,6,std_8,-0.00845
MED00423,6,std_8,-0.00905
MED00424,6,std_8,-0.00422
MED00001,7,std_8,-0.00966
MED00002,7,std_8,-0.00784
MED00003,7,std_8,-0.00141
MED00004,7,std_8,-0.04568
MED00005,7,std_8,-0.01997
MED00006,7,std_8,0.00029
MED00007,7,std_8,0.00837
MED00008,7,std_8,0.00253
MED00009,7,std_8,-0.02184
MED00010,7,std_8,-0.02437
MED00011,7,std_8,-0.00059
MED00012,7,std_8,0.00207
MED00013,7,std_8,-0.00502
MED00014,7,std_8,-0.00411
MED00015,7,std_8,0.00757
MED00016,7,std_8,-0.02978
MED00017,7,std_8,-0.03354
MED00018,7,std_8,0.00075
MED00019,7,std_8,0.00444
MED00020,7,std_8,-0.00535
MED00021,7,std_8,-0.02407
MED00022,7,std_8,0.00393
MED00023,7,std_8,-0.00754
MED00024,7,std_8,-0.0078
MED00025,7,std_8,-0.00608
MED00026,7,std_8,-0.00206
MED00027,7,std_8,-0.00169
MED00028,7,std_8,0.00872
MED00029,7,std_8,-0.00614
MED00030,7,std_8,-0.00177
MED00031,7,std_8,-0.03071
MED00032,7,std_8,-0.03142
MED00033,7,std_8,-0.04576
MED00034,7,std_8,-0.00491
MED00035,7,std_8,-0.00446
MED00036,7,std_8,0.00562
MED00037,7,std_8,0.00117
MED00038,7,std_8,-0.00947
MED00039,7,std_8,-0.04858
MED00040,7,std_8,0.01957
MED00041,7,std_8,0.00328
MED00042,7,std_8,0.00786
MED00043,7,std_8,0.0068
MED00044,7,std_8,-0.01063
MED00045,7,std_8,0.00176
MED00046,7,std_8,-0.0075
MED00047,7,std_8,-0.00826
MED00048,7,std_8,-0.01024
MED00049,7,std_8,-0.0057
MED00050,7,std_8,-0.025
MED00051,7,std_8,-0.00676
MED00052,7,std_8,0.00868
MED00053,7,std_8,-0.00852
MED00054,7,std_8,-0.00736
MED00055,7,std_8,0.00718
MED00056,7,std_8,0.00561
MED00057,7,std_8,-0.00256
MED00058,7,std_8,0.0031
MED00059,7,std_8,-0.0074
MED00060,7,std_8,-0.01059
MED00061,7,std_8,0.00146
MED00062,7,std_8,-0.0094
MED00063,7,std_8,-0.00578
MED00064,7,std_8,-0.00579
MED00065,7,std_8,-0.00267
MED00066,7,std_8,0.00127
MED00067,7,std_8,-0.02053
MED00068,7,std_8,-0.02453
MED00069,7,std_8,-0.00529
MED00070,7,std_8,-0.00965
MED00071,7,std_8,-0.00628
MED00072,7,std_8,-0.02731
MED00073,7,std_8,-0.02191
MED00074,7,std_8,-0.03261
MED00075,7,std_8,-0.0253
MED00076,7,std_8,-0.00647
MED00077,7,std_8,-0.01353
MED00078,7,std_8,-0.03379
MED00079,7,std_8,-0.00445
MED00080,7,std_8,-0.03655
MED00081,7,std_8,-0.00283
MED00082,7,std_8,-0.00887
MED00083,7,std_8,-0.03342
MED00084,7,std_8,-0.00356
MED00085,7,std_8,-0.02679
MED00086,7,std_8,-0.00219
MED00087,7,std_8,-0.04476
MED00088,7,std_8,-0.0044
MED00089,7,std_8,-0.00872
MED00090,7,std_8,-0.0391
MED00091,7,std_8,-0.0376
MED00092,7,std_8,-0.05625
MED00093,7,std_8,-0.00469
MED00094,7,std_8,0.01211
MED00095,7,std_8,-0.01569
MED00096,7,std_8,-0.00365
MED00097,7,std_8,0.00407
MED00098,7,std_8,-0.0083
MED00099,7,std_8,0.00202
MED00100,7,std_8,-0.00407
MED00101,7,std_8,-0.00967
MED00102,7,std_8,-0.00611
MED00103,7,std_8,0.00384
MED00104,7,std_8,-0.0087
MED00105,7,std_8,-0.00827
MED00106,7,std_8,-0.00436
MED00107,7,std_8,-0.00811
MED00108,7,std_8,-0.02783
MED00109,7,std_8,0.00158
MED00110,7,std_8,-0.01048
MED00111,7,std_8,0.00195
MED00112,7,std_8,-0.03006
MED00113,7,std_8,0.01642
MED00114,7,std_8,-0.00767
MED00115,7,std_8,-0.0246
MED00116,7,std_8,-0.00587
MED00117,7,std_8,-0.00552
MED00118,7,std_8,-0.01311
MED00119,7,std_8,0.01063
MED00120,7,std_8,-0.00571
MED00121,7,std_8,-0.01903
MED00122,7,std_8,-0.01772
MED00123,7,std_8,0.00501
MED00124,7,std_8,-0.00818
MED00125,7,std_8,0.00707
MED00126,7,std_8,0.0034
MED00127,7,std_8,-0.00581
MED00128,7,std_8,0.00577
MED00129,7,std_8,0.00622
MED00130,7,std_8,-0.00573
MED00131,7,std_8,-0.01015
MED00132,7,std_8,0.00447
MED00133,7,std_8,-0.0029
MED00134,7,std_8,-0.01077
MED00135,7,std_8,-0.00829
MED00136,7,std_8,-0.03747
MED00137,7,std_8,0.00076
MED00138,7,std_8,-0.01809
MED00139,7,std_8,0.00594
MED00140,7,std_8,-0.01513
MED00141,7,std_8,-0.01
MED00142,7,std_8,0.0033
MED00143,7,std_8,0.00955
MED00144,7,std_8,-0.0087
MED00145,7,std_8,0.00645
MED00146,7,std_8,-0.0464
MED00147,7,std_8,-0.02071
MED00148,7,std_8,-0.01755
MED00149,7,std_8,-0.01477
MED00150,7,std_8,-0.00861
MED00151,7,std_8,0.01016
MED00152,7,std_8,0.00379
MED00153,7,std_8,0.00134
MED00154,7,std_8,-0.00338
MED00155,7,std_8,-0.02095
MED00156,7,std_8,-0.02978
MED00157,7,std_8,-0.00547
MED00158,7,std_8,-0.00292
MED00159,7,std_8,0.001
MED00160,7,std_8,-0.01836
MED00161,7,std_8,-0.01235
MED00163,7,std_8,-0.00146
MED00164,7,std_8,-0.00798
MED00165,7,std_8,-0.00366
MED00166,7,std_8,0.0012
MED00167,7,std_8,-0.03249
MED00168,7,std_8,0.00591
MED00169,7,std_8,0.0097
MED00170,7,std_8,0.00057
MED00171,7,std_8,0.00211
MED00172,7,std_8,-0.02355
MED00173,7,std_8,-0.02649
MED00174,7,std_8,-0.00876
MED00175,7,std_8,0.00305
MED00176,7,std_8,-0.00429
MED00177,7,std_8,-0.00035
MED00178,7,std_8,0.00573
MED00179,7,std_8,-0.00129
MED00180,7,std_8,0.00239
MED00181,7,std_8,-0.02297
MED00182,7,std_8,-0.00124
MED00183,7,std_8,-0.01277
MED00184,7,std_8,-0.00748
MED00185,7,std_8,-0.0337
MED00186,7,std_8,0.005
MED00187,7,std_8,-0.01644
MED00188,7,std_8,-0.01805
MED00189,7,std_8,-0.00508
MED00190,7,std_8,-0.03387
MED00191,7,std_8,-0.00818
MED00192,7,std_8,-0.00462
MED00193,7,std_8,-0.00633
MED00194,7,std_8,-0.00401
MED00195,7,std_8,-0.00484
MED00196,7,std_8,-0.00466
MED00197,7,std_8,-0.00319
MED00198,7,std_8,-0.03803
MED00199,7,std_8,-0.01371
MED00200,7,std_8,0.00341
MED00201,7,std_8,-0.0211
MED00202,7,std_8,-0.00466
MED00203,7,std_8,-0.03214
MED00204,7,std_8,0.00042
MED00205,7,std_8,-0.00661
MED00206,7,std_8,-0.00205
MED00207,7,std_8,-0.03106
MED00208,7,std_8,-0.00784
MED00209,7,std_8,-0.02336
MED00210,7,std_8,-0.04451
MED00211,7,std_8,-0.02825
MED00212,7,std_8,-0.00547
MED00213,7,std_8,0.00727
MED00214,7,std_8,-0.00894
MED00215,7,std_8,0.00278
MED00216,7,std_8,-0.00758
MED00217,7,std_8,-0.00418
MED00218,7,std_8,-0.01836
MED00219,7,std_8,-0.00424
MED00220,7,std_8,-0.02281
MED00221,7,std_8,-0.00079
MED00222,7,std_8,0.00189
MED00223,7,std_8,-0.00672
MED00224,7,std_8,0.00147
MED00225,7,std_8,-0.01821
MED00226,7,std_8,-0.02566
MED00227,7,std_8,-0.00363
MED00228,7,std_8,-0.03721
MED00229,7,std_8,0.01039
MED00230,7,std_8,-0.00496
MED00231,7,std_8,0.00041
MED00232,7,std_8,0.00253
MED00233,7,std_8,-0.00214
MED00234,7,std_8,-0.00991
MED00235,7,std_8,-0.0028
MED00236,7,std_8,0.00027
MED00237,7,std_8,-0.0069
MED00238,7,std_8,0.00404
MED00239,7,std_8,-0.01637
MED00240,7,std_8,-0.01883
MED00241,7,std_8,0.00573
MED00242,7,std_8,-0.0049
MED00243,7,std_8,-0.00776
MED00244,7,std_8,-0.03257
MED00245,7,std_8,0.00144
MED00246,7,std_8,-0.00605
MED00247,7,std_8,-0.00924
MED00248,7,std_8,-0.00179
MED00249,7,std_8,0.00012
MED00250,7,std_8,-0.01042
MED00251,7,std_8,-0.04405
MED00253,7,std_8,-0.00314
MED00254,7,std_8,-0.0056
MED00255,7,std_8,-0.0135
MED00256,7,std_8,-0.00248
MED00257,7,std_8,-0.00909
MED00258,7,std_8,-0.03715
MED00259,7,std_8,-0.02531
MED00260,7,std_8,0.01545
MED00261,7,std_8,0.00525
MED00262,7,std_8,-0.03188
MED00263,7,std_8,-0.02753
MED00264,7,std_8,-0.02141
MED00265,7,std_8,-0.00657
MED00266,7,std_8,-0.00322
MED00267,7,std_8,-0.01039
MED00268,7,std_8,-0.01935
MED00269,7,std_8,0.00468
MED00270,7,std_8,-0.01193
MED00271,7,std_8,-0.02329
MED00272,7,std_8,-0.01118
MED00273,7,std_8,-0.00608
MED00274,7,std_8,0.00204
MED00275,7,std_8,-0.00937
MED00276,7,std_8,-0.03099
MED00277,7,std_8,-0.00487
MED00278,7,std_8,-0.00949
MED00279,7,std_8,-0.00669
MED00280,7,std_8,-0.00591
MED00281,7,std_8,-0.01007
MED00282,7,std_8,0.00379
MED00283,7,std_8,-0.04875
MED00284,7,std_8,-0.00767
MED00285,7,std_8,-0.0201
MED00286,7,std_8,-0.01
MED00287,7,std_8,-0.0293
MED00288,7,std_8,0.00343
MED00289,7,std_8,-0.01228
MED00290,7,std_8,-0.00374
MED00291,7,std_8,-0.01253
MED00292,7,std_8,-0.00817
MED00293,7,std_8,-0.00673
MED00294,7,std_8,-0.03049
MED00295,7,std_8,-0.00094
MED00296,7,std_8,-0.00682
MED00297,7,std_8,-0.00883
MED00298,7,std_8,-0.03333
MED00299,7,std_8,-0.00461
MED00300,7,std_8,0.00312
MED00301,7,std_8,-0.01407
MED00302,7,std_8,-0.00471
MED00303,7,std_8,-0.02483
MED00304,7,std_8,-0.02066
MED00305,7,std_8,0.00278
MED00306,7,std_8,-0.01252
MED00307,7,std_8,-0.00489
MED00308,7,std_8,0.01444
MED00309,7,std_8,-0.00838
MED00310,7,std_8,-0.02587
MED00311,7,std_8,-0.01177
MED00312,7,std_8,0.00169
MED00313,7,std_8,-0.00674
MED00314,7,std_8,-0.01436
MED00315,7,std_8,-0.00753
MED00316,7,std_8,0.00838
MED00317,7,std_8,-0.02951
MED00318,7,std_8,-0.03401
MED00319,7,std_8,-0.00812
MED00320,7,std_8,-0.00856
MED00321,7,std_8,-0.14348
MED00322,7,std_8,-0.00587
MED00323,7,std_8,-0.02959
MED00324,7,std_8,0.0034
MED00325,7,std_8,-0.00623
MED00326,7,std_8,-0.0084
MED00327,7,std_8,-0.00729
MED00328,7,std_8,-0.003
MED00329,7,std_8,-0.008
MED00330,7,std_8,-0.00517
MED00331,7,std_8,0.01921
MED00332,7,std_8,-0.01912
MED00333,7,std_8,-0.03526
MED00334,7,std_8,-0.00883
MED00335,7,std_8,-0.021
MED00336,7,std_8,-0.00776
MED00337,7,std_8,-0.00611
MED00338,7,std_8,-0.01817
MED00339,7,std_8,-0.00588
MED00340,7,std_8,0.00388
MED00341,7,std_8,-0.01818
MED00342,7,std_8,0.00127
MED00343,7,std_8,-0.00776
MED00344,7,std_8,-0.00354
MED00345,7,std_8,-0.00561
MED00346,7,std_8,0.00175
MED00347,7,std_8,-0.0061
MED00348,7,std_8,-0.00244
MED00349,7,std_8,0.00066
MED00350,7,std_8,-0.05793
MED00351,7,std_8,0.00609
MED00352,7,std_8,-0.01506
MED00353,7,std_8,0.00389
MED00354,7,std_8,-0.04127
MED00355,7,std_8,-0.01144
MED00356,7,std_8,0.00563
MED00357,7,std_8,-0.00601
MED00358,7,std_8,-0.01645
MED00359,7,std_8,-0.00093
MED00360,7,std_8,-0.01572
MED00361,7,std_8,-0.02526
MED00362,7,std_8,-0.04232
MED00363,7,std_8,-0.04696
MED00364,7,std_8,-0.00554
MED00365,7,std_8,0.01113
MED00366,7,std_8,-0.00687
MED00367,7,std_8,0.00297
MED00368,7,std_8,-0.02638
MED00369,7,std_8,-0.02462
MED00370,7,std_8,-0.00303
MED00371,7,std_8,-0.01042
MED00372,7,std_8,-0.00376
MED00373,7,std_8,0.01026
MED00374,7,std_8,-0.03018
MED00375,7,std_8,-0.00589
MED00376,7,std_8,-0.03368
MED00377,7,std_8,-0.05783
MED00378,7,std_8,0.00676
MED00379,7,std_8,-0.1442
MED00380,7,std_8,0.00265
MED00381,7,std_8,-0.02864
MED00382,7,std_8,-0.01966
MED00383,7,std_8,-0.02092
MED00384,7,std_8,0.00417
MED00385,7,std_8,-0.00921
MED00386,7,std_8,-0.01016
MED00387,7,std_8,-0.00673
MED00388,7,std_8,0.00724
MED00389,7,std_8,-0.00885
MED00390,7,std_8,-0.00439
MED00391,7,std_8,-0.00907
MED00392,7,std_8,-0.00798
MED00393,7,std_8,-0.0093
MED00394,7,std_8,-0.00902
MED00395,7,std_8,-0.00683
MED00396,7,std_8,0.00043
MED00397,7,std_8,0.00113
MED00398,7,std_8,0.00043
MED00399,7,std_8,0.00015
MED00400,7,std_8,-0.00044
MED00401,7,std_8,-0.0099
MED00402,7,std_8,-0.0037
MED00403,7,std_8,-0.01266
MED00404,7,std_8,-0.01087
MED00405,7,std_8,-0.01959
MED00406,7,std_8,-0.01505
MED00407,7,std_8,-0.0043
MED00408,7,std_8,-0.01072
MED00409,7,std_8,-0.01297
MED00410,7,std_8,-0.00979
MED00411,7,std_8,-0.00557
MED00412,7,std_8,-0.01114
MED00413,7,std_8,-0.0126
MED00414,7,std_8,-0.00943
MED00415,7,std_8,-0.00952
MED00416,7,std_8,-0.00743
MED00417,7,std_8,-0.01783
MED00418,7,std_8,-0.02453
MED00419,7,std_8,-0.00957
MED00420,7,std_8,-0.00474
MED00421,7,std_8,-0.00738
MED00422,7,std_8,-0.00956
MED00423,7,std_8,-0.01047
MED00424,7,std_8,0.00127
MED00001,8,std_8,-0.00978
MED00002,8,std_8,-0.01216
MED00003,8,std_8,-0.0015
MED00004,8,std_8,-0.0448
MED00005,8,std_8,-0.01914
MED00006,8,std_8,0.00021
MED00007,8,std_8,0.00833
MED00008,8,std_8,0.00244
MED00009,8,std_8,-0.02195
MED00010,8,std_8,-0.0244
MED00011,8,std_8,-0.00058
MED00012,8,std_8,0.00205
MED00013,8,std_8,-0.00297
MED00014,8,std_8,-0.00409
MED00015,8,std_8,0.00326
MED00016,8,std_8,-0.02879
MED00017,8,std_8,-0.03357
MED00018,8,std_8,0.00077
MED00019,8,std_8,0.00446
MED00020,8,std_8,-0.00448
MED00021,8,std_8,-0.02405
MED00022,8,std_8,-0.00036
MED00023,8,std_8,-0.0076
MED00024,8,std_8,-0.00788
MED00025,8,std_8,-0.00724
MED00026,8,std_8,-0.00213
MED00027,8,std_8,-0.00302
MED00028,8,std_8,0.00863
MED00029,8,std_8,-0.00602
MED00030,8,std_8,-0.00174
MED00031,8,std_8,-0.03063
MED00032,8,std_8,-0.03015
MED00033,8,std_8,-0.04492
MED00034,8,std_8,-0.00489
MED00035,8,std_8,-0.00552
MED00036,8,std_8,0.00558
MED00037,8,std_8,0.00119
MED00038,8,std_8,-0.00947
MED00039,8,std_8,-0.04858
MED00040,8,std_8,0.01526
MED00041,8,std_8,0.00322
MED00042,8,std_8,0.00783
MED00043,8,std_8,0.0067
MED00044,8,std_8,-0.01068
MED00045,8,std_8,0.00165
MED00046,8,std_8,-0.00757
MED00047,8,std_8,-0.00825
MED00048,8,std_8,-0.01023
MED00049,8,std_8,-0.00558
MED00050,8,std_8,-0.02469
MED00051,8,std_8,-0.00685
MED00052,8,std_8,0.00859
MED00053,8,std_8,-0.0085
MED00054,8,std_8,-0.00637
MED00055,8,std_8,0.00715
MED00056,8,std_8,0.00554
MED00057,8,std_8,-0.00266
MED00058,8,std_8,0.00309
MED00059,8,std_8,-0.00738
MED00060,8,std_8,-0.01065
MED00061,8,std_8,0.00137
MED00062,8,std_8,-0.00952
MED00063,8,std_8,-0.00566
MED00064,8,std_8,-0.00599
MED00065,8,std_8,-0.00274
MED00066,8,std_8,-0.00304
MED00067,8,std_8,-0.01954
MED00068,8,std_8,-0.02446
MED00069,8,std_8,-0.00536
MED00070,8,std_8,-0.0097
MED00071,8,std_8,-0.00633
MED00072,8,std_8,-0.02729
MED00073,8,std_8,-0.02189
MED00074,8,std_8,-0.03259
MED00075,8,std_8,-0.02529
MED00076,8,std_8,-0.01078
MED00077,8,std_8,-0.01373
MED00078,8,std_8,-0.03379
MED00079,8,std_8,-0.00443
MED00080,8,std_8,-0.03653
MED00081,8,std_8,-0.00292
MED00082,8,std_8,-0.00892
MED00083,8,std_8,-0.03342
MED00084,8,std_8,-0.00355
MED00085,8,std_8,-0.02678
MED00086,8,std_8,-0.00224
MED00087,8,std_8,-0.04476
MED00088,8,std_8,-0.0044
MED00089,8,std_8,-0.0087
MED00090,8,std_8,-0.03907
MED00091,8,std_8,-0.0376
MED00092,8,std_8,-0.05532
MED00093,8,std_8,-0.00569
MED00094,8,std_8,0.01205
MED00095,8,std_8,-0.01572
MED00096,8,std_8,-0.00364
MED00097,8,std_8,0.004
MED00098,8,std_8,-0.00824
MED00099,8,std_8,0.00064
MED00100,8,std_8,-0.00394
MED00101,8,std_8,-0.00867
MED00102,8,std_8,-0.00511
MED00103,8,std_8,0.00408
MED00104,8,std_8,-0.00872
MED00105,8,std_8,-0.00826
MED00106,8,std_8,-0.00445
MED00107,8,std_8,-0.00814
MED00108,8,std_8,-0.02714
MED00109,8,std_8,-0.0014
MED00110,8,std_8,-0.01392
MED00111,8,std_8,0.00186
MED00112,8,std_8,-0.03007
MED00113,8,std_8,0.01215
MED00114,8,std_8,-0.00765
MED00115,8,std_8,-0.02462
MED00116,8,std_8,-0.00605
MED00117,8,std_8,-0.00512
MED00118,8,std_8,-0.01319
MED00119,8,std_8,0.01059
MED00120,8,std_8,-0.00573
MED00121,8,std_8,-0.01901
MED00122,8,std_8,-0.01773
MED00123,8,std_8,0.00491
MED00124,8,std_8,-0.00817
MED00125,8,std_8,0.00719
MED00127,8,std_8,-0.00542
MED00128,8,std_8,0.00644
MED00129,8,std_8,0.00603
MED00130,8,std_8,-0.00582
MED00131,8,std_8,-0.01021
MED00132,8,std_8,0.00441
MED00133,8,std_8,-0.00297
MED00134,8,std_8,-0.01421
MED00135,8,std_8,-0.0082
MED00136,8,std_8,-0.04082
MED00137,8,std_8,0.00069
MED00138,8,std_8,-0.01736
MED00139,8,std_8,0.00589
MED00140,8,std_8,-0.0152
MED00141,8,std_8,-0.00999
MED00142,8,std_8,0.00321
MED00143,8,std_8,0.0095
MED00144,8,std_8,-0.00755
MED00145,8,std_8,0.00214
MED00146,8,std_8,-0.04545
MED00147,8,std_8,-0.02005
MED00148,8,std_8,-0.01682
MED00149,8,std_8,-0.01483
MED00150,8,std_8,-0.00867
MED00151,8,std_8,0.01081
MED00152,8,std_8,0.00372
MED00153,8,std_8,0.00124
MED00154,8,std_8,-0.00337
MED00155,8,std_8,-0.02093
MED00156,8,std_8,-0.02972
MED00157,8,std_8,-0.00546
MED00158,8,std_8,-0.00427
MED00159,8,std_8,0.00101
MED00160,8,std_8,-0.01836
MED00161,8,std_8,-0.01243
MED00162,8,std_8,-0.00012
MED00163,8,std_8,-0.00155
MED00164,8,std_8,-0.00803
MED00165,8,std_8,-0.00254
MED00166,8,std_8,0.00116
MED00167,8,std_8,-0.03149
MED00168,8,std_8,0.00583
MED00169,8,std_8,0.00966
MED00170,8,std_8,-0.0037
MED00171,8,std_8,0.00208
MED00172,8,std_8,-0.02347
MED00173,8,std_8,-0.02601
MED00174,8,std_8,-0.00875
MED00175,8,std_8,0.00302
MED00176,8,std_8,-0.00439
MED00177,8,std_8,-0.00182
MED00178,8,std_8,0.00142
MED00179,8,std_8,-0.00145
MED00180,8,std_8,0.00232
MED00181,8,std_8,-0.02297
MED00182,8,std_8,-0.00246
MED00183,8,std_8,-0.01273
MED00184,8,std_8,-0.00746
MED00185,8,std_8,-0.03376
MED00186,8,std_8,0.00495
MED00187,8,std_8,-0.01651
MED00188,8,std_8,-0.017
MED00189,8,std_8,-0.00496
MED00190,8,std_8,-0.03385
MED00191,8,std_8,-0.00817
MED00192,8,std_8,-0.0045
MED00193,8,std_8,-0.00642
MED00194,8,std_8,-0.00311
MED00195,8,std_8,-0.00352
MED00196,8,std_8,-0.00404
MED00197,8,std_8,-0.00242
MED00198,8,std_8,-0.03802
MED00199,8,std_8,-0.01373
MED00200,8,std_8,0.00381
MED00201,8,std_8,-0.02045
MED00202,8,std_8,-0.00473
MED00203,8,std_8,-0.03214
MED00204,8,std_8,0.00036
MED00205,8,std_8,-0.0066
MED00206,8,std_8,-0.00636
MED00207,8,std_8,-0.03102
MED00208,8,std_8,-0.00783
MED00209,8,std_8,-0.02238
MED00210,8,std_8,-0.04457
MED00211,8,std_8,-0.0275
MED00212,8,std_8,-0.00458
MED00213,8,std_8,0.00384
MED00214,8,std_8,-0.00907
MED00215,8,std_8,0.003
MED00216,8,std_8,-0.0076
MED00217,8,std_8,-0.00849
MED00218,8,std_8,-0.01834
MED00219,8,std_8,-0.00414
MED00220,8,std_8,-0.02279
MED00221,8,std_8,-0.00084
MED00222,8,std_8,0.00183
MED00223,8,std_8,-0.0067
MED00224,8,std_8,0.00139
MED00225,8,std_8,-0.01815
MED00226,8,std_8,-0.0256
MED00227,8,std_8,-0.0037
MED00228,8,std_8,-0.03594
MED00229,8,std_8,0.00693
MED00230,8,std_8,-0.00496
MED00231,8,std_8,0.00036
MED00232,8,std_8,0.00292
MED00233,8,std_8,-0.00223
MED00234,8,std_8,-0.00925
MED00235,8,std_8,-0.0029
MED00236,8,std_8,0.00067
MED00237,8,std_8,-0.00688
MED00238,8,std_8,0.00395
MED00239,8,std_8,-0.01564
MED00240,8,std_8,-0.01893
MED00241,8,std_8,0.00577
MED00242,8,std_8,-0.00439
MED00243,8,std_8,-0.01207
MED00244,8,std_8,-0.03258
MED00245,8,std_8,0.00109
MED00246,8,std_8,-0.00604
MED00247,8,std_8,-0.00923
MED00248,8,std_8,-0.00113
MED00249,8,std_8,0.00014
MED00250,8,std_8,-0.0104
MED00251,8,std_8,-0.04408
MED00252,8,std_8,-0.00422
MED00253,8,std_8,-0.00319
MED00254,8,std_8,-0.00987
MED00255,8,std_8,-0.01355
MED00256,8,std_8,-0.00252
MED00257,8,std_8,-0.00908
MED00258,8,std_8,-0.03705
MED00259,8,std_8,-0.0253
MED00260,8,std_8,0.01441
MED00261,8,std_8,0.00517
MED00262,8,std_8,-0.03179
MED00263,8,std_8,-0.02693
MED00264,8,std_8,-0.02438
MED00265,8,std_8,-0.00653
MED00266,8,std_8,-0.00319
MED00267,8,std_8,-0.01044
MED00268,8,std_8,-0.01931
MED00269,8,std_8,0.00459
MED00270,8,std_8,-0.01108
MED00271,8,std_8,-0.02211
MED00272,8,std_8,-0.01078
MED00273,8,std_8,-0.00568
MED00274,8,std_8,0.00196
MED00275,8,std_8,-0.00932
MED00276,8,std_8,-0.03102
MED00277,8,std_8,-0.00497
MED00278,8,std_8,-0.00945
MED00279,8,std_8,-0.00668
MED00280,8,std_8,-0.01029
MED00281,8,std_8,-0.0101
MED00282,8,std_8,0.00424
MED00283,8,std_8,-0.04871
MED00284,8,std_8,-0.00776
MED00285,8,std_8,-0.02005
MED00286,8,std_8,-0.00999
MED00287,8,std_8,-0.02928
MED00288,8,std_8,0.00343
MED00289,8,std_8,-0.0113
MED00290,8,std_8,-0.00308
MED00291,8,std_8,-0.01227
MED00292,8,std_8,-0.00792
MED00293,8,std_8,-0.00671
MED00294,8,std_8,-0.03056
MED00295,8,std_8,-0.00102
MED00296,8,std_8,-0.00672
MED00297,8,std_8,-0.009
MED00298,8,std_8,-0.03327
MED00299,8,std_8,-0.00471
MED00300,8,std_8,0.00334
MED00301,8,std_8,-0.01378
MED00302,8,std_8,-0.00469
MED00303,8,std_8,-0.02498
MED00304,8,std_8,-0.02059
MED00305,8,std_8,0.00345
MED00306,8,std_8,-0.01258
MED00307,8,std_8,-0.00488
MED00308,8,std_8,0.01446
MED00309,8,std_8,-0.00844
MED00310,8,std_8,-0.02585
MED00311,8,std_8,-0.01184
MED00312,8,std_8,0.00163
MED00313,8,std_8,-0.00488
MED00314,8,std_8,-0.01437
MED00315,8,std_8,-0.00753
MED00316,8,std_8,0.00904
MED00317,8,std_8,-0.02952
MED00318,8,std_8,-0.03397
MED00319,8,std_8,-0.00804
MED00320,8,std_8,-0.00876
MED00321,8,std_8,-0.14161
MED00322,8,std_8,-0.00575
MED00323,8,std_8,-0.02957
MED00324,8,std_8,0.00341
MED00325,8,std_8,-0.00621
MED00326,8,std_8,-0.00838
MED00327,8,std_8,-0.0074
MED00328,8,std_8,-0.00299
MED00329,8,std_8,-0.00798
MED00330,8,std_8,-0.00534
MED00331,8,std_8,0.01522
MED00332,8,std_8,-0.01919
MED00333,8,std_8,-0.03434
MED00334,8,std_8,-0.00863
MED00335,8,std_8,-0.02095
MED00336,8,std_8,-0.00774
MED00337,8,std_8,-0.0061
MED00338,8,std_8,-0.01819
MED00339,8,std_8,-0.00593
MED00340,8,std_8,0.00385
MED00341,8,std_8,-0.01821
MED00342,8,std_8,0.00116
MED00343,8,std_8,-0.00774
MED00344,8,std_8,-0.00353
MED00345,8,std_8,-0.0057
MED00346,8,std_8,0.0017
MED00347,8,std_8,-0.0062
MED00348,8,std_8,-0.00218
MED00349,8,std_8,0.00089
MED00350,8,std_8,-0.05612
MED00351,8,std_8,0.00265
MED00352,8,std_8,-0.01859
MED00353,8,std_8,0.00046
MED00354,8,std_8,-0.04464
MED00355,8,std_8,-0.01141
MED00356,8,std_8,0.00135
MED00357,8,std_8,-0.01039
MED00358,8,std_8,-0.01596
MED00359,8,std_8,-0.00098
MED00360,8,std_8,-0.01473
MED00361,8,std_8,-0.024
MED00362,8,std_8,-0.04203
MED00363,8,std_8,-0.04692
MED00364,8,std_8,-0.00564
MED00365,8,std_8,0.01107
MED00366,8,std_8,-0.00685
MED00367,8,std_8,0.00292
MED00368,8,std_8,-0.02591
MED00369,8,std_8,-0.02503
MED00370,8,std_8,-0.00302
MED00371,8,std_8,-0.01047
MED00372,8,std_8,-0.00385
MED00373,8,std_8,0.01017
MED00374,8,std_8,-0.02856
MED00375,8,std_8,-0.00581
MED00376,8,std_8,-0.03373
MED00377,8,std_8,-0.0579
MED00378,8,std_8,0.00669
MED00379,8,std_8,-0.14268
MED00380,8,std_8,-0.00078
MED00381,8,std_8,-0.03201
MED00382,8,std_8,-0.01984
MED00383,8,std_8,-0.02101
MED00384,8,std_8,0.00545
MED00385,8,std_8,-0.0092
MED00386,8,std_8,-0.01014
MED00387,8,std_8,-0.00671
MED00388,8,std_8,0.00747
MED00389,8,std_8,-0.00882
MED00390,8,std_8,-0.00439
MED00391,8,std_8,-0.00924
MED00392,8,std_8,-0.00808
MED00393,8,std_8,-0.00947
MED00394,8,std_8,-0.00911
MED00395,8,std_8,-0.00692
MED00396,8,std_8,0.00152
MED00397,8,std_8,0.00114
MED00398,8,std_8,0.00022
MED00399,8,std_8,0.00015
MED00400,8,std_8,-0.00031
MED00401,8,std_8,-0.00989
MED00402,8,std_8,-0.0038
MED00403,8,std_8,-0.0126
MED00404,8,std_8,-0.01045
MED00405,8,std_8,-0.01911
MED00406,8,std_8,-0.01515
MED00407,8,std_8,-0.00429
MED00408,8,std_8,-0.01074
MED00409,8,std_8,-0.01323
MED00410,8,std_8,-0.00997
MED00411,8,std_8,-0.00568
MED00412,8,std_8,-0.01131
MED00413,8,std_8,-0.0127
MED00414,8,std_8,-0.00948
MED00415,8,std_8,-0.00969
MED00416,8,std_8,-0.00762
MED00417,8,std_8,-0.0182
MED00418,8,std_8,-0.02448
MED00419,8,std_8,-0.00994
MED00420,8,std_8,-0.00485
MED00421,8,std_8,-0.00756
MED00422,8,std_8,-0.00967
MED00423,8,std_8,-0.01025
MED00424,8,std_8,0.00128
MED00001,9,std_8,-0.00989
MED00002,9,std_8,-0.01204
MED00003,9,std_8,-0.00169
MED00004,9,std_8,-0.04523
MED00005,9,std_8,-0.01949
MED00007,9,std_8,0.00824
MED00008,9,std_8,0.00294
MED00009,9,std_8,-0.02222
MED00010,9,std_8,-0.02495
MED00011,9,std_8,-0.00098
MED00012,9,std_8,0.00184
MED00013,9,std_8,-0.00303
MED00014,9,std_8,-0.00419
MED00015,9,std_8,0.0029
MED00016,9,std_8,-0.02766
MED00017,9,std_8,-0.03369
MED00018,9,std_8,0.00174
MED00019,9,std_8,0.00395
MED00020,9,std_8,-0.00481
MED00021,9,std_8,-0.02451
MED00022,9,std_8,-0.00054
MED00023,9,std_8,-0.00781
MED00024,9,std_8,-0.0083
MED00025,9,std_8,-0.00765
MED00026,9,std_8,-0.00396
MED00027,9,std_8,-0.00362
MED00028,9,std_8,0.00827
MED00029,9,std_8,-0.00634
MED00030,9,std_8,-0.00212
MED00031,9,std_8,-0.03121
MED00032,9,std_8,-0.03036
MED00033,9,std_8,-0.04524
MED00034,9,std_8,-0.00523
MED00035,9,std_8,-0.00068
MED00036,9,std_8,0.00539
MED00037,9,std_8,-0.00175
MED00038,9,std_8,-0.00972
MED00039,9,std_8,-0.04894
MED00040,9,std_8,0.01492
MED00041,9,std_8,0.0026
MED00042,9,std_8,0.00729
MED00043,9,std_8,0.00631
MED00044,9,std_8,-0.01101
MED00045,9,std_8,0.00151
MED00046,9,std_8,-0.00795
MED00047,9,std_8,-0.00838
MED00048,9,std_8,-0.01021
MED00049,9,std_8,-0.00618
MED00050,9,std_8,-0.02481
MED00051,9,std_8,-0.00719
MED00052,9,std_8,0.00822
MED00053,9,std_8,-0.00871
MED00054,9,std_8,-0.00631
MED00055,9,std_8,0.00771
MED00056,9,std_8,0.00514
MED00057,9,std_8,-0.00287
MED00058,9,std_8,0.00289
MED00059,9,std_8,-0.00749
MED00060,9,std_8,-0.01067
MED00061,9,std_8,0.00104
MED00062,9,std_8,-0.00901
MED00063,9,std_8,-0.00602
MED00064,9,std_8,-0.0064
MED00065,9,std_8,-0.00272
MED00066,9,std_8,-0.00318
MED00067,9,std_8,-0.01948
MED00068,9,std_8,-0.02521
MED00069,9,std_8,-0.00545
MED00070,9,std_8,-0.00925
MED00071,9,std_8,-0.00659
MED00072,9,std_8,-0.02741
MED00073,9,std_8,-0.0223
MED00074,9,std_8,-0.03306
MED00075,9,std_8,-0.02798
MED00076,9,std_8,-0.01067
MED00077,9,std_8,-0.01376
MED00078,9,std_8,-0.03068
MED00079,9,std_8,-0.00446
MED00080,9,std_8,-0.03705
MED00081,9,std_8,-0.00331
MED00082,9,std_8,-0.00905
MED00083,9,std_8,-0.03392
MED00084,9,std_8,-0.00454
MED00085,9,std_8,-0.02687
MED00086,9,std_8,-0.00267
MED00087,9,std_8,-0.04488
MED00088,9,std_8,-0.00446
MED00089,9,std_8,-0.00874
MED00090,9,std_8,-0.03927
MED00091,9,std_8,-0.03773
MED00092,9,std_8,-0.05432
MED00093,9,std_8,-0.00631
MED00094,9,std_8,0.01166
MED00095,9,std_8,-0.01584
MED00096,9,std_8,-0.00369
MED00097,9,std_8,0.00362
MED00098,9,std_8,-0.00827
MED00100,9,std_8,-0.0043
MED00101,9,std_8,-0.00781
MED00102,9,std_8,-0.00549
MED00103,9,std_8,0.0039
MED00104,9,std_8,-0.00874
MED00105,9,std_8,-0.00827
MED00106,9,std_8,-0.00488
MED00107,9,std_8,-0.0083
MED00108,9,std_8,-0.02725
MED00109,9,std_8,-0.00164
MED00110,9,std_8,-0.01432
MED00111,9,std_8,0.00169
MED00112,9,std_8,-0.03019
MED00113,9,std_8,0.01198
MED00114,9,std_8,-0.00805
MED00115,9,std_8,-0.02475
MED00116,9,std_8,-0.00609
MED00117,9,std_8,-0.00521
MED00118,9,std_8,-0.01332
MED00119,9,std_8,0.01037
MED00120,9,std_8,-0.006
MED00121,9,std_8,-0.01912
MED00122,9,std_8,-0.01792
MED00123,9,std_8,0.0039
MED00124,9,std_8,-0.00819
MED00125,9,std_8,0.0105
MED00126,9,std_8,-0.00048
MED00127,9,std_8,-0.00552
MED00128,9,std_8,0.00636
MED00129,9,std_8,0.00585
MED00130,9,std_8,-0.00648
MED00131,9,std_8,-0.01062
MED00132,9,std_8,0.00402
MED00133,9,std_8,-0.00314
MED00134,9,std_8,-0.01469
MED00135,9,std_8,-0.00852
MED00136,9,std_8,-0.04125
MED00137,9,std_8,0.00054
MED00138,9,std_8,-0.01749
MED00139,9,std_8,0.00581
MED00140,9,std_8,-0.01546
MED00141,9,std_8,-0.0102
MED00142,9,std_8,0.00311
MED00143,9,std_8,0.01008
MED00144,9,std_8,-0.00769
MED00145,9,std_8,0.00512
MED00146,9,std_8,-0.04573
MED00147,9,std_8,-0.02016
MED00148,9,std_8,-0.01692
MED00149,9,std_8,-0.01495
MED00150,9,std_8,-0.00876
MED00151,9,std_8,0.01065
MED00152,9,std_8,0.00362
MED00153,9,std_8,0.00116
MED00154,9,std_8,-0.00436
MED00155,9,std_8,-0.02118
MED00156,9,std_8,-0.02994
MED00157,9,std_8,-0.00549
MED00158,9,std_8,-0.00487
MED00159,9,std_8,0.00063
MED00160,9,std_8,-0.01854
MED00161,9,std_8,-0.01255
MED00162,9,std_8,-0.00033
MED00163,9,std_8,-0.00194
MED00164,9,std_8,-0.00822
MED00165,9,std_8,-0.00593
MED00166,9,std_8,0.00096
MED00167,9,std_8,-0.0317
MED00168,9,std_8,0.00575
MED00169,9,std_8,0.00957
MED00170,9,std_8,-0.00373
MED00171,9,std_8,0.002
MED00172,9,std_8,-0.0236
MED00173,9,std_8,-0.02614
MED00174,9,std_8,-0.009
MED00175,9,std_8,0.00283
MED00176,9,std_8,-0.00477
MED00177,9,std_8,-0.00194
MED00178,9,std_8,0.00125
MED00179,9,std_8,-0.00176
MED00180,9,std_8,0.00213
MED00181,9,std_8,-0.0231
MED00182,9,std_8,-0.00284
MED00183,9,std_8,-0.01309
MED00184,9,std_8,-0.00742
MED00185,9,std_8,-0.03379
MED00186,9,std_8,0.00498
MED00187,9,std_8,-0.01679
MED00188,9,std_8,-0.01725
MED00189,9,std_8,-0.00556
MED00190,9,std_8,-0.03401
MED00191,9,std_8,-0.00819
MED00192,9,std_8,-0.0051
MED00193,9,std_8,-0.00681
MED00194,9,std_8,-0.00306
MED00195,9,std_8,-0.00376
MED00196,9,std_8,-0.00416
MED00197,9,std_8,-0.00252
MED00198,9,std_8,-0.03821
MED00199,9,std_8,-0.01425
MED00200,9,std_8,0.00372
MED00201,9,std_8,-0.02057
MED00202,9,std_8,-0.00491
MED00203,9,std_8,-0.03227
MED00204,9,std_8,0.00011
MED00205,9,std_8,-0.00662
MED00206,9,std_8,-0.00664
MED00207,9,std_8,-0.03115
MED00208,9,std_8,-0.00788
MED00209,9,std_8,-0.0228
MED00210,9,std_8,-0.04492
MED00211,9,std_8,-0.02762
MED00212,9,std_8,-0.00464
MED00213,9,std_8,0.00346
MED00214,9,std_8,-0.00909
MED00215,9,std_8,0.00283
MED00216,9,std_8,-0.0078
MED00217,9,std_8,-0.00908
MED00218,9,std_8,-0.0184
MED00219,9,std_8,-0.00436
MED00220,9,std_8,-0.02283
MED00221,9,std_8,-0.00125
MED00222,9,std_8,0.00217
MED00223,9,std_8,-0.00702
MED00224,9,std_8,0.00126
MED00225,9,std_8,-0.01826
MED00226,9,std_8,-0.02598
MED00227,9,std_8,-0.00421
MED00228,9,std_8,-0.03503
MED00229,9,std_8,0.00653
MED00230,9,std_8,-0.00539
MED00231,9,std_8,0.00026
MED00232,9,std_8,0.00283
MED00233,9,std_8,-0.00261
MED00234,9,std_8,-0.00937
MED00235,9,std_8,-0.00324
MED00236,9,std_8,0.00059
MED00237,9,std_8,-0.00723
MED00238,9,std_8,0.00382
MED00239,9,std_8,-0.01575
MED00240,9,std_8,-0.0191
MED00241,9,std_8,0.0056
MED00242,9,std_8,-0.00439
MED00243,9,std_8,-0.01196
MED00244,9,std_8,-0.0326
MED00245,9,std_8,0.00103
MED00246,9,std_8,-0.00604
MED00247,9,std_8,-0.00931
MED00248,9,std_8,-0.0011
MED00249,9,std_8,-0.00043
MED00250,9,std_8,-0.01016
MED00251,9,std_8,-0.04415
MED00252,9,std_8,-0.00387
MED00253,9,std_8,-0.00339
MED00254,9,std_8,-0.00869
MED00255,9,std_8,-0.0139
MED00256,9,std_8,-0.00267
MED00257,9,std_8,-0.00931
MED00258,9,std_8,-0.03707
MED00259,9,std_8,-0.02541
MED00260,9,std_8,0.01411
MED00261,9,std_8,0.00472
MED00262,9,std_8,-0.03254
MED00263,9,std_8,-0.02592
MED00264,9,std_8,-0.02462
MED00265,9,std_8,-0.00653
MED00266,9,std_8,-0.00354
MED00267,9,std_8,-0.01056
MED00268,9,std_8,-0.01958
MED00269,9,std_8,0.00451
MED00270,9,std_8,-0.0101
MED00271,9,std_8,-0.02199
MED00272,9,std_8,-0.01092
MED00273,9,std_8,-0.00345
MED00274,9,std_8,0.00163
MED00275,9,std_8,-0.00939
MED00276,9,std_8,-0.03103
MED00277,9,std_8,-0.00557
MED00278,9,std_8,-0.00956
MED00279,9,std_8,-0.00702
MED00280,9,std_8,-0.01088
MED00281,9,std_8,-0.01051
MED00282,9,std_8,0.0043
MED00283,9,std_8,-0.04884
MED00284,9,std_8,-0.00797
MED00285,9,std_8,-0.02017
MED00286,9,std_8,-0.0101
MED00287,9,std_8,-0.02953
MED00288,9,std_8,0.00361
MED00289,9,std_8,-0.01157
MED00290,9,std_8,-0.00326
MED00291,9,std_8,-0.01229
MED00292,9,std_8,-0.00799
MED00293,9,std_8,-0.00685
MED00294,9,std_8,-0.031
MED00295,9,std_8,-0.00286
MED00296,9,std_8,-0.00675
MED00297,9,std_8,-0.00909
MED00298,9,std_8,-0.03339
MED00299,9,std_8,-0.0051
MED00300,9,std_8,0.00317
MED00301,9,std_8,-0.0139
MED00302,9,std_8,-0.00505
MED00303,9,std_8,-0.02552
MED00304,9,std_8,-0.02079
MED00305,9,std_8,0.00339
MED00306,9,std_8,-0.01226
MED00307,9,std_8,-0.00525
MED00308,9,std_8,0.01306
MED00309,9,std_8,-0.00902
MED00310,9,std_8,-0.02598
MED00311,9,std_8,-0.01212
MED00312,9,std_8,0.00055
MED00313,9,std_8,-0.00474
MED00314,9,std_8,-0.01482
MED00315,9,std_8,-0.00755
MED00316,9,std_8,0.00895
MED00317,9,std_8,-0.02965
MED00318,9,std_8,-0.03421
MED00319,9,std_8,-0.00809
MED00320,9,std_8,-0.00917
MED00321,9,std_8,-0.14175
MED00322,9,std_8,-0.00636
MED00323,9,std_8,-0.02985
MED00324,9,std_8,0.00301
MED00325,9,std_8,-0.00622
MED00326,9,std_8,-0.00839
MED00327,9,std_8,-0.00782
MED00328,9,std_8,-0.003
MED00329,9,std_8,-0.008
MED00330,9,std_8,-0.00521
MED00331,9,std_8,0.01247
MED00332,9,std_8,-0.01937
MED00333,9,std_8,-0.03336
MED00334,9,std_8,-0.00874
MED00335,9,std_8,-0.02119
MED00336,9,std_8,-0.00776
MED00337,9,std_8,-0.00066
MED00338,9,std_8,-0.01865
MED00339,9,std_8,-0.00636
MED00340,9,std_8,0.00375
MED00341,9,std_8,-0.01832
MED00342,9,std_8,0.00091
MED00343,9,std_8,-0.0079
MED00344,9,std_8,-0.0039
MED00345,9,std_8,-0.00609
MED00346,9,std_8,0.00158
MED00347,9,std_8,-0.00634
MED00348,9,std_8,-0.00228
MED00349,9,std_8,0.00071
MED00350,9,std_8,-0.05636
MED00351,9,std_8,0.00226
MED00352,9,std_8,-0.01902
MED00354,9,std_8,-0.04502
MED00355,9,std_8,-0.01143
MED00356,9,std_8,0.0012
MED00357,9,std_8,-0.01025
MED00358,9,std_8,-0.01608
MED00359,9,std_8,-0.00114
MED00360,9,std_8,-0.014
MED00361,9,std_8,-0.02413
MED00362,9,std_8,-0.04199
MED00363,9,std_8,-0.04717
MED00364,9,std_8,-0.00578
MED00365,9,std_8,0.01091
MED00366,9,std_8,-0.0069
MED00367,9,std_8,0.00276
MED00368,9,std_8,-0.02483
MED00369,9,std_8,-0.02515
MED00370,9,std_8,-0.00339
MED00371,9,std_8,-0.01114
MED00372,9,std_8,-0.00424
MED00373,9,std_8,0.0098
MED00374,9,std_8,-0.02866
MED00375,9,std_8,-0.00598
MED00376,9,std_8,-0.03386
MED00377,9,std_8,-0.05824
MED00378,9,std_8,0.0066
MED00379,9,std_8,-0.14279
MED00380,9,std_8,-0.00117
MED00381,9,std_8,-0.03214
MED00382,9,std_8,-0.01739
MED00383,9,std_8,-0.02113
MED00384,9,std_8,0.00529
MED00385,9,std_8,-0.00925
MED00386,9,std_8,-0.01016
MED00387,9,std_8,-0.00674
MED00388,9,std_8,0.00787
MED00389,9,std_8,-0.00883
MED00390,9,std_8,-0.0044
MED00391,9,std_8,-0.00928
MED00392,9,std_8,-0.00818
MED00393,9,std_8,-0.00903
MED00394,9,std_8,-0.00896
MED00395,9,std_8,-0.00703
MED00396,9,std_8,0.00199
MED00397,9,std_8,0.00096
MED00398,9,std_8,0.00016
MED00399,9,std_8,0.00635
MED00400,9,std_8,-0.00011
MED00401,9,std_8,-0.00999
MED00402,9,std_8,-0.00387
MED00403,9,std_8,-0.01279
MED00404,9,std_8,-0.01057
MED00405,9,std_8,-0.0193
MED00406,9,std_8,-0.0151
MED00407,9,std_8,-0.00441
MED00408,9,std_8,-0.01086
MED00409,9,std_8,-0.01314
MED00410,9,std_8,-0.00998
MED00411,9,std_8,-0.00569
MED00412,9,std_8,-0.01133
MED00413,9,std_8,-0.01262
MED00414,9,std_8,-0.00951
MED00415,9,std_8,-0.00963
MED00416,9,std_8,-0.00759
MED00417,9,std_8,-0.01835
MED00418,9,std_8,-0.02468
MED00419,9,std_8,-0.00982
MED00420,9,std_8,-0.00488
MED00421,9,std_8,-0.00755
MED00422,9,std_8,-0.00966
MED00423,9,std_8,-0.01032
MED00424,9,std_8,0.00112
MED00001,10,std_8,-0.00996
MED00002,10,std_8,-0.0112
MED00003,10,std_8,-0.00171
MED00004,10,std_8,-0.04648
MED00005,10,std_8,-0.02076
MED00007,10,std_8,0.00841
MED00008,10,std_8,0.00403
MED00009,10,std_8,-0.02246
MED00010,10,std_8,-0.02481
MED00011,10,std_8,-0.00091
MED00012,10,std_8,0.00183
MED00013,10,std_8,-0.00306
MED00014,10,std_8,-0.00437
MED00015,10,std_8,0.00366
MED00016,10,std_8,-0.02759
MED00017,10,std_8,-0.03355
MED00018,10,std_8,0.00186
MED00019,10,std_8,0.00374
MED00020,10,std_8,-0.00529
MED00021,10,std_8,-0.02434
MED00022,10,std_8,-0.00039
MED00023,10,std_8,-0.00688
MED00024,10,std_8,-0.00814
MED00025,10,std_8,-0.00692
MED00026,10,std_8,-0.00319
MED00027,10,std_8,-0.00289
MED00028,10,std_8,0.01241
MED00029,10,std_8,-0.00625
MED00030,10,std_8,-0.00197
MED00031,10,std_8,-0.03025
MED00032,10,std_8,-0.02925
MED00033,10,std_8,-0.04654
MED00034,10,std_8,-0.00514
MED00035,10,std_8,0.00062
MED00036,10,std_8,0.00629
MED00037,10,std_8,-0.00164
MED00038,10,std_8,-0.00958
MED00039,10,std_8,-0.04825
MED00040,10,std_8,0.01543
MED00041,10,std_8,0.00343
MED00042,10,std_8,0.00842
MED00043,10,std_8,0.00647
MED00044,10,std_8,-0.01086
MED00045,10,std_8,0.0014
MED00046,10,std_8,-0.007
MED00047,10,std_8,-0.00834
MED00048,10,std_8,-0.0101
MED00049,10,std_8,-0.00543
MED00050,10,std_8,-0.02465
MED00051,10,std_8,-0.00699
MED00052,10,std_8,0.00845
MED00053,10,std_8,-0.00855
MED00054,10,std_8,-0.00828
MED00055,10,std_8,0.00851
MED00056,10,std_8,0.00536
MED00057,10,std_8,-0.00285
MED00058,10,std_8,0.00285
MED00059,10,std_8,-0.00766
MED00060,10,std_8,-0.01074
MED00061,10,std_8,0.00114
MED00062,10,std_8,-0.00911
MED00063,10,std_8,-0.00527
MED00064,10,std_8,-0.00682
MED00065,10,std_8,-0.00254
MED00066,10,std_8,-0.00312
MED00067,10,std_8,-0.01949
MED00068,10,std_8,-0.02519
MED00069,10,std_8,-0.00539
MED00070,10,std_8,-0.00918
MED00071,10,std_8,-0.00649
MED00072,10,std_8,-0.02709
MED00073,10,std_8,-0.02214
MED00074,10,std_8,-0.03296
MED00075,10,std_8,-0.02822
MED00076,10,std_8,-0.01051
MED00077,10,std_8,-0.0136
MED00078,10,std_8,-0.0305
MED00079,10,std_8,-0.00456
MED00080,10,std_8,-0.03689
MED00081,10,std_8,-0.00315
MED00082,10,std_8,-0.00889
MED00083,10,std_8,-0.03298
MED00084,10,std_8,-0.00452
MED00085,10,std_8,-0.02678
MED00086,10,std_8,-0.00177
MED00087,10,std_8,-0.04473
MED00088,10,std_8,-0.00463
MED00089,10,std_8,-0.00866
MED00090,10,std_8,-0.03833
MED00091,10,std_8,-0.03758
MED00092,10,std_8,-0.05432
MED00093,10,std_8,-0.00559
MED00094,10,std_8,0.01254
MED00095,10,std_8,-0.01584
MED00096,10,std_8,-0.0038
MED00097,10,std_8,0.0045
MED00098,10,std_8,-0.00816
MED00099,10,std_8,0.00077
MED00100,10,std_8,-0.00433
MED00101,10,std_8,-0.00672
MED00102,10,std_8,-0.00534
MED00103,10,std_8,0.0041
MED00104,10,std_8,-0.00867
MED00105,10,std_8,-0.0081
MED00106,10,std_8,-0.00413
MED00107,10,std_8,-0.00826
MED00108,10,std_8,-0.02706
MED00109,10,std_8,0.00367
MED00110,10,std_8,-0.00902
MED00111,10,std_8,0.00281
MED00112,10,std_8,-0.03003
MED00113,10,std_8,0.01216
MED00114,10,std_8,-0.00791
MED00115,10,std_8,-0.02459
MED00116,10,std_8,-0.00635
MED00117,10,std_8,-0.00504
MED00118,10,std_8,-0.0132
MED00119,10,std_8,0.01052
MED00120,10,std_8,-0.00504
MED00121,10,std_8,-0.01896
MED00122,10,std_8,-0.01777
MED00123,10,std_8,0.00456
MED00124,10,std_8,-0.00812
MED00125,10,std_8,0.01047
MED00126,10,std_8,0.00481
MED00127,10,std_8,-0.00436
MED00128,10,std_8,0.00651
MED00129,10,std_8,0.00569
MED00130,10,std_8,-0.00552
MED00131,10,std_8,-0.01047
MED00132,10,std_8,0.00464
MED00133,10,std_8,-0.00236
MED00134,10,std_8,-0.00941
MED00135,10,std_8,-0.00844
MED00136,10,std_8,-0.03487
MED00137,10,std_8,0.0006
MED00138,10,std_8,-0.01732
MED00139,10,std_8,0.00594
MED00140,10,std_8,-0.01532
MED00141,10,std_8,-0.01003
MED00142,10,std_8,0.00307
MED00143,10,std_8,0.01037
MED00144,10,std_8,-0.00782
MED00145,10,std_8,0.00527
MED00146,10,std_8,-0.04458
MED00147,10,std_8,-0.01915
MED00148,10,std_8,-0.01581
MED00149,10,std_8,-0.01465
MED00150,10,std_8,-0.00867
MED00151,10,std_8,0.01081
MED00152,10,std_8,0.00373
MED00153,10,std_8,0.00131
MED00154,10,std_8,-0.0043
MED00155,10,std_8,-0.021
MED00156,10,std_8,-0.03017
MED00157,10,std_8,-0.00544
MED00158,10,std_8,-0.00413
MED00160,10,std_8,-0.01843
MED00161,10,std_8,-0.01239
MED00162,10,std_8,-0.00021
MED00163,10,std_8,-0.00118
MED00164,10,std_8,-0.00803
MED00165,10,std_8,-0.00781
MED00166,10,std_8,0.00113
MED00167,10,std_8,-0.03171
MED00168,10,std_8,0.0063
MED00169,10,std_8,0.00928
MED00170,10,std_8,-0.00358
MED00171,10,std_8,0.00215
MED00172,10,std_8,-0.02349
MED00173,10,std_8,-0.02597
MED00174,10,std_8,-0.00919
MED00175,10,std_8,0.00377
MED00176,10,std_8,-0.00535
MED00177,10,std_8,-0.0012
MED00178,10,std_8,0.00204
MED00179,10,std_8,-0.00176
MED00180,10,std_8,0.00213
MED00181,10,std_8,-0.02293
MED00182,10,std_8,-0.00211
MED00183,10,std_8,-0.01305
MED00184,10,std_8,-0.00734
MED00185,10,std_8,-0.03363
MED00186,10,std_8,0.00515
MED00187,10,std_8,-0.01661
MED00188,10,std_8,-0.01725
MED00189,10,std_8,-0.00558
MED00190,10,std_8,-0.03385
MED00191,10,std_8,-0.00814
MED00192,10,std_8,-0.00473
MED00193,10,std_8,-0.00599
MED00194,10,std_8,-0.00421
MED00195,10,std_8,-0.00494
MED00196,10,std_8,-0.00532
MED00197,10,std_8,-0.00365
MED00198,10,std_8,-0.03807
MED00199,10,std_8,-0.01422
MED00200,10,std_8,0.00376
MED00201,10,std_8,-0.01945
MED00202,10,std_8,-0.00496
MED00203,10,std_8,-0.03212
MED00204,10,std_8,0.00028
MED00205,10,std_8,-0.00643
MED00206,10,std_8,-0.00453
MED00207,10,std_8,-0.03115
MED00208,10,std_8,-0.00788
MED00209,10,std_8,-0.02183
MED00210,10,std_8,-0.04405
MED00211,10,std_8,-0.02746
MED00212,10,std_8,-0.007
MED00213,10,std_8,0.00871
MED00214,10,std_8,-0.00902
MED00215,10,std_8,0.00299
MED00216,10,std_8,-0.00705
MED00217,10,std_8,-0.0091
MED00218,10,std_8,-0.01829
MED00219,10,std_8,-0.00419
MED00220,10,std_8,-0.02266
MED00221,10,std_8,-0.00108
MED00222,10,std_8,0.00227
MED00223,10,std_8,-0.0076
MED00224,10,std_8,0.00141
MED00225,10,std_8,-0.01826
MED00226,10,std_8,-0.02519
MED00227,10,std_8,-0.00445
MED00228,10,std_8,-0.03385
MED00229,10,std_8,0.01006
MED00230,10,std_8,-0.0048
MED00231,10,std_8,0.00022
MED00232,10,std_8,0.00301
MED00233,10,std_8,-0.00184
MED00234,10,std_8,-0.00935
MED00235,10,std_8,-0.00322
MED00236,10,std_8,0.00108
MED00237,10,std_8,-0.00708
MED00238,10,std_8,0.00397
MED00239,10,std_8,-0.01559
MED00240,10,std_8,-0.01894
MED00241,10,std_8,0.00577
MED00242,10,std_8,-0.00555
MED00243,10,std_8,-0.01112
MED00244,10,std_8,-0.03244
MED00245,10,std_8,0.00102
MED00246,10,std_8,-0.0059
MED00247,10,std_8,-0.00921
MED00249,10,std_8,-0.00032
MED00250,10,std_8,-0.00921
MED00251,10,std_8,-0.04399
MED00252,10,std_8,-0.00355
MED00253,10,std_8,-0.00311
MED00254,10,std_8,-0.00866
MED00255,10,std_8,-0.01374
MED00256,10,std_8,-0.00251
MED00257,10,std_8,-0.00913
MED00258,10,std_8,-0.03691
MED00259,10,std_8,-0.02542
MED00260,10,std_8,0.01435
MED00261,10,std_8,0.00469
MED00262,10,std_8,-0.03253
MED00263,10,std_8,-0.02584
MED00264,10,std_8,-0.01934
MED00265,10,std_8,-0.00654
MED00266,10,std_8,-0.00343
MED00267,10,std_8,-0.0104
MED00268,10,std_8,-0.01942
MED00269,10,std_8,0.00462
MED00270,10,std_8,-0.0099
MED00271,10,std_8,-0.02376
MED00272,10,std_8,-0.00981
MED00273,10,std_8,-0.0024
MED00274,10,std_8,0.00228
MED00275,10,std_8,-0.00958
MED00276,10,std_8,-0.03085
MED00277,10,std_8,-0.0056
MED00278,10,std_8,-0.00956
MED00279,10,std_8,-0.00712
MED00280,10,std_8,-0.01019
MED00281,10,std_8,-0.01023
MED00282,10,std_8,0.00541
MED00283,10,std_8,-0.04818
MED00284,10,std_8,-0.0081
MED00285,10,std_8,-0.02012
MED00286,10,std_8,-0.01033
MED00287,10,std_8,-0.02937
MED00288,10,std_8,0.00294
MED00289,10,std_8,-0.0107
MED00290,10,std_8,-0.00312
MED00291,10,std_8,-0.01252
MED00292,10,std_8,-0.00698
MED00293,10,std_8,-0.00696
MED00294,10,std_8,-0.03108
MED00295,10,std_8,-0.00209
MED00296,10,std_8,-0.00658
MED00297,10,std_8,-0.00893
MED00298,10,std_8,-0.03339
MED00299,10,std_8,-0.00433
MED00300,10,std_8,0.00313
MED00301,10,std_8,-0.01374
MED00302,10,std_8,-0.00566
MED00303,10,std_8,-0.02535
MED00304,10,std_8,-0.02079
MED00305,10,std_8,0.00353
MED00306,10,std_8,-0.01083
MED00307,10,std_8,-0.00521
MED00308,10,std_8,0.01382
MED00309,10,std_8,-0.00886
MED00310,10,std_8,-0.02484
MED00311,10,std_8,-0.01116
MED00312,10,std_8,0.00122
MED00313,10,std_8,-0.00486
MED00314,10,std_8,-0.01541
MED00315,10,std_8,-0.00766
MED00316,10,std_8,0.00911
MED00317,10,std_8,-0.02949
MED00318,10,std_8,-0.03405
MED00319,10,std_8,-0.00801
MED00320,10,std_8,-0.00872
MED00321,10,std_8,-0.14248
MED00322,10,std_8,-0.0056
MED00323,10,std_8,-0.02916
MED00324,10,std_8,0.00308
MED00325,10,std_8,-0.00628
MED00326,10,std_8,-0.00831
MED00327,10,std_8,-0.00732
MED00328,10,std_8,-0.00289
MED00329,10,std_8,-0.00787
MED00330,10,std_8,-0.00494
MED00331,10,std_8,0.01265
MED00332,10,std_8,-0.01926
MED00333,10,std_8,-0.03331
MED00334,10,std_8,-0.00903
MED00335,10,std_8,-0.02106
MED00336,10,std_8,-0.00768
MED00337,10,std_8,-0.00064
MED00338,10,std_8,-0.01787
MED00339,10,std_8,-0.00647
MED00340,10,std_8,0.0045
MED00341,10,std_8,-0.01816
MED00342,10,std_8,0.00111
MED00343,10,std_8,-0.00776
MED00344,10,std_8,-0.00378
MED00345,10,std_8,-0.00533
MED00346,10,std_8,0.00174
MED00347,10,std_8,-0.00637
MED00348,10,std_8,-0.00215
MED00349,10,std_8,0.00086
MED00350,10,std_8,-0.05824
MED00351,10,std_8,0.00749
MED00352,10,std_8,-0.01383
MED00353,10,std_8,0.00536
MED00354,10,std_8,-0.0397
MED00355,10,std_8,-0.01047
MED00356,10,std_8,0.00098
MED00357,10,std_8,-0.00931
MED00358,10,std_8,-0.01495
MED00359,10,std_8,-0.00098
MED00360,10,std_8,-0.01371
MED00361,10,std_8,-0.02393
MED00362,10,std_8,-0.04184
MED00363,10,std_8,-0.04702
MED00364,10,std_8,-0.00581
MED00365,10,std_8,0.011
MED00366,10,std_8,-0.00687
MED00367,10,std_8,0.00292
MED00368,10,std_8,-0.02473
MED00369,10,std_8,-0.02501
MED00370,10,std_8,-0.00355
MED00371,10,std_8,-0.01098
MED00372,10,std_8,-0.00426
MED00373,10,std_8,0.00994
MED00374,10,std_8,-0.02764
MED00375,10,std_8,-0.00596
MED00376,10,std_8,-0.03369
MED00377,10,std_8,-0.05749
MED00378,10,std_8,0.00676
MED00379,10,std_8,-0.14299
MED00380,10,std_8,0.00406
MED00381,10,std_8,-0.02683
MED00382,10,std_8,-0.01763
MED00383,10,std_8,-0.02098
MED00384,10,std_8,0.00539
MED00385,10,std_8,-0.00906
MED00386,10,std_8,-0.01005
MED00387,10,std_8,-0.00671
MED00388,10,std_8,0.00765
MED00389,10,std_8,-0.00873
MED00390,10,std_8,-0.00425
MED00391,10,std_8,-0.00937
MED00392,10,std_8,-0.0083
MED00393,10,std_8,-0.00911
MED00394,10,std_8,-0.00908
MED00395,10,std_8,-0.00714
MED00396,10,std_8,0.00122
MED00397,10,std_8,0.00099
MED00398,10,std_8,0.00019
MED00399,10,std_8,0.00644
MED00400,10,std_8,0.00015
MED00401,10,std_8,-0.01009
MED00402,10,std_8,-0.00398
MED00403,10,std_8,-0.01276
MED00404,10,std_8,-0.0104
MED00405,10,std_8,-0.01835
MED00406,10,std_8,-0.01503
MED00407,10,std_8,-0.00451
MED00408,10,std_8,-0.01093
MED00409,10,std_8,-0.01298
MED00410,10,std_8,-0.00988
MED00411,10,std_8,-0.00581
MED00412,10,std_8,-0.01141
MED00413,10,std_8,-0.01276
MED00414,10,std_8,-0.00962
MED00415,10,std_8,-0.00977
MED00416,10,std_8,-0.0077
MED00417,10,std_8,-0.01723
MED00418,10,std_8,-0.02339
MED00419,10,std_8,-0.00987
MED00420,10,std_8,-0.00478
MED00421,10,std_8,-0.00743
MED00422,10,std_8,-0.00979
MED00423,10,std_8,-0.01038
MED00424,10,std_8,0.00051
MED00001,11,std_8,-0.00948
MED00002,11,std_8,-0.01027
MED00003,11,std_8,-0.00109
MED00004,11,std_8,-0.04702
MED00005,11,std_8,-0.01998
MED00006,11,std_8,-0.00338
MED00007,11,std_8,0.00422
MED00008,11,std_8,0.00486
MED00009,11,std_8,-0.0211
MED00010,11,std_8,-0.02456
MED00011,11,std_8,-0.00121
MED00012,11,std_8,-0.00079
MED00013,11,std_8,-0.00382
MED00014,11,std_8,-0.00385
MED00015,11,std_8,0.00359
MED00016,11,std_8,-0.02695
MED00017,11,std_8,-0.03594
MED00018,11,std_8,0.00153
MED00019,11,std_8,0.00352
MED00020,11,std_8,-0.00482
MED00021,11,std_8,-0.02475
MED00022,11,std_8,-0.00327
MED00023,11,std_8,-0.00909
MED00024,11,std_8,-0.01091
MED00025,11,std_8,-0.00576
MED00026,11,std_8,-0.00248
MED00027,11,std_8,-0.00216
MED00028,11,std_8,0.01334
MED00029,11,std_8,-0.00449
MED00030,11,std_8,-0.00021
MED00031,11,std_8,-0.03084
MED00032,11,std_8,-0.03166
MED00033,11,std_8,-0.04556
MED00034,11,std_8,-0.00471
MED00035,11,std_8,-0.00763
MED00036,11,std_8,0.00592
MED00037,11,std_8,-0.00098
MED00038,11,std_8,-0.00902
MED00039,11,std_8,-0.04845
MED00040,11,std_8,0.01598
MED00041,11,std_8,0.00347
MED00042,11,std_8,0.00418
MED00043,11,std_8,0.00608
MED00044,11,std_8,-0.01415
MED00045,11,std_8,-0.00198
MED00046,11,std_8,-0.00994
MED00047,11,std_8,-0.00773
MED00048,11,std_8,-0.00955
MED00049,11,std_8,-0.00473
MED00050,11,std_8,-0.02751
MED00051,11,std_8,-0.00611
MED00052,11,std_8,0.00802
MED00053,11,std_8,-0.00811
MED00054,11,std_8,-0.00805
MED00055,11,std_8,0.00685
MED00056,11,std_8,0.00394
MED00057,11,std_8,-0.00429
MED00058,11,std_8,0.00015
MED00059,11,std_8,-0.00737
MED00060,11,std_8,-0.01044
MED00061,11,std_8,0.00182
MED00062,11,std_8,-0.00875
MED00063,11,std_8,-0.00428
MED00064,11,std_8,-0.00599
MED00065,11,std_8,-0.00205
MED00066,11,std_8,-0.00321
MED00067,11,std_8,-0.01839
MED00068,11,std_8,-0.02566
MED00069,11,std_8,-0.00867
MED00070,11,std_8,-0.00848
MED00071,11,std_8,-0.00978
MED00072,11,std_8,-0.03028
MED00073,11,std_8,-0.0217
MED00074,11,std_8,-0.03343
MED00075,11,std_8,-0.02785
MED00076,11,std_8,-0.00969
MED00077,11,std_8,-0.01321
MED00078,11,std_8,-0.02933
MED00079,11,std_8,-0.00428
MED00080,11,std_8,-0.03737
MED00081,11,std_8,-0.00262
MED00082,11,std_8,-0.01166
MED00083,11,std_8,-0.03471
MED00084,11,std_8,-0.0055
MED00085,11,std_8,-0.02907
MED00086,11,std_8,-0.00188
MED00087,11,std_8,-0.04713
MED00088,11,std_8,-0.00434
MED00089,11,std_8,-0.0072
MED00090,11,std_8,-0.0375
MED00091,11,std_8,-0.04077
MED00092,11,std_8,-0.05739
MED00093,11,std_8,-0.0048
MED00094,11,std_8,0.00995
MED00095,11,std_8,-0.01481
MED00096,11,std_8,-0.00349
MED00097,11,std_8,0.00428
MED00098,11,std_8,-0.00783
MED00099,11,std_8,0.0015
MED00100,11,std_8,-0.00341
MED00101,11,std_8,-0.00635
MED00102,11,std_8,-0.00147
MED00103,11,std_8,0.00204
MED00104,11,std_8,-0.0078
MED00105,11,std_8,-0.00776
MED00106,11,std_8,-0.00288
MED00107,11,std_8,-0.00755
MED00108,11,std_8,-0.02621
MED00109,11,std_8,0.00263
MED00110,11,std_8,-0.01094
MED00111,11,std_8,0.00366
MED00112,11,std_8,-0.02968
MED00113,11,std_8,0.01002
MED00114,11,std_8,-0.00707
MED00115,11,std_8,-0.02639
MED00116,11,std_8,-0.00499
MED00117,11,std_8,-0.00741
MED00118,11,std_8,-0.01652
MED00119,11,std_8,0.00849
MED00120,11,std_8,-0.00232
MED00121,11,std_8,-0.01899
MED00122,11,std_8,-0.01729
MED00123,11,std_8,0.00511
MED00124,11,std_8,-0.00738
MED00125,11,std_8,0.00454
MED00126,11,std_8,0.00331
MED00127,11,std_8,-0.00852
MED00128,11,std_8,0.00449
MED00129,11,std_8,0.00284
MED00130,11,std_8,-0.00477
MED00131,11,std_8,-0.0134
MED00132,11,std_8,0.0052
MED00133,11,std_8,-0.00212
MED00134,11,std_8,-0.01133
MED00135,11,std_8,-0.00704
MED00136,11,std_8,-0.03444
MED00137,11,std_8,-0.00209
MED00138,11,std_8,-0.01884
MED00139,11,std_8,0.0017
MED00140,11,std_8,-0.01879
MED00141,11,std_8,-0.00962
MED00142,11,std_8,0.00289
MED00143,11,std_8,0.00748
MED00144,11,std_8,-0.00712
MED00145,11,std_8,0.00591
MED00146,11,std_8,-0.04738
MED00147,11,std_8,-0.02155
MED00148,11,std_8,-0.0157
MED00149,11,std_8,-0.01416
MED00150,11,std_8,-0.01079
MED00151,11,std_8,0.00827
MED00152,11,std_8,0.00135
MED00153,11,std_8,-0.00112
MED00154,11,std_8,-0.00342
MED00155,11,std_8,-0.02318
MED00156,11,std_8,-0.03015
MED00157,11,std_8,-0.00474
MED00158,11,std_8,-0.0034
MED00159,11,std_8,0.00136
MED00160,11,std_8,-0.01847
MED00161,11,std_8,-0.0119
MED00162,11,std_8,-0.00317
MED00163,11,std_8,-0.00053
MED00164,11,std_8,-0.01096
MED00165,11,std_8,-0.00927
MED00166,11,std_8,-0.0019
MED00167,11,std_8,-0.03122
MED00168,11,std_8,0.00396
MED00169,11,std_8,0.00751
MED00170,11,std_8,-0.00564
MED00171,11,std_8,-0.00046
MED00172,11,std_8,-0.02445
MED00173,11,std_8,-0.02858
MED00174,11,std_8,-0.00737
MED00175,11,std_8,0.004
MED00176,11,std_8,-0.00402
MED00177,11,std_8,-0.00018
MED00178,11,std_8,0.00162
MED00179,11,std_8,-0.00358
MED00180,11,std_8,0.00013
MED00181,11,std_8,-0.0225
MED00182,11,std_8,-0.00159
MED00183,11,std_8,-0.01264
MED00184,11,std_8,-0.00592
MED00185,11,std_8,-0.03259
MED00186,11,std_8,0.00274
MED00187,11,std_8,-0.01979
MED00188,11,std_8,-0.01783
MED00189,11,std_8,-0.005
MED00190,11,std_8,-0.0363
MED00191,11,std_8,-0.00744
MED00192,11,std_8,-0.0041
MED00193,11,std_8,-0.00524
MED00194,11,std_8,-0.00566
MED00195,11,std_8,-0.00639
MED00196,11,std_8,-0.00367
MED00197,11,std_8,-0.00535
MED00198,11,std_8,-0.04119
MED00199,11,std_8,-0.01696
MED00200,11,std_8,0.00108
MED00201,11,std_8,-0.01932
MED00202,11,std_8,-0.00756
MED00203,11,std_8,-0.03543
MED00204,11,std_8,-0.00234
MED00205,11,std_8,-0.00588
MED00206,11,std_8,-0.00671
MED00207,11,std_8,-0.03354
MED00208,11,std_8,-0.00718
MED00209,11,std_8,-0.0212
MED00210,11,std_8,-0.04458
MED00211,11,std_8,-0.03007
MED00212,11,std_8,-0.01115
MED00213,11,std_8,0.00753
MED00214,11,std_8,-0.00848
MED00215,11,std_8,-0.0003
MED00216,11,std_8,-0.00588
MED00217,11,std_8,-0.00839
MED00218,11,std_8,-0.01774
MED00219,11,std_8,-0.00406
MED00220,11,std_8,-0.02104
MED00221,11,std_8,-0.00384
MED00222,11,std_8,0.00232
MED00223,11,std_8,-0.00541
MED00224,11,std_8,-0.00159
MED00225,11,std_8,-0.01868
MED00226,11,std_8,-0.02823
MED00227,11,std_8,-0.00364
MED00228,11,std_8,-0.03658
MED00229,11,std_8,0.00855
MED00230,11,std_8,-0.00399
MED00231,11,std_8,-0.00208
MED00232,11,std_8,-0.00157
MED00233,11,std_8,-0.00137
MED00234,11,std_8,-0.01128
MED00235,11,std_8,-0.00281
MED00236,11,std_8,-0.00134
MED00237,11,std_8,-0.00537
MED00238,11,std_8,0.001
MED00239,11,std_8,-0.01535
MED00240,11,std_8,-0.01878
MED00241,11,std_8,0.00274
MED00242,11,std_8,-0.00714
MED00243,11,std_8,-0.01018
MED00244,11,std_8,-0.03483
MED00245,11,std_8,0.00037
MED00246,11,std_8,-0.00535
MED00247,11,std_8,-0.00848
MED00248,11,std_8,-0.00378
MED00249,11,std_8,-0.00059
MED00250,11,std_8,-0.00866
MED00251,11,std_8,-0.04638
MED00252,11,std_8,-0.0036
MED00253,11,std_8,-0.00222
MED00254,11,std_8,-0.00877
MED00255,11,std_8,-0.01354
MED00256,11,std_8,-0.00484
MED00257,11,std_8,-0.00876
MED00258,11,std_8,-0.03642
MED00259,11,std_8,-0.02407
MED00260,11,std_8,0.0121
MED00261,11,std_8,0.00324
MED00262,11,std_8,-0.03248
MED00263,11,std_8,-0.02533
MED00264,11,std_8,-0.0203
MED00265,11,std_8,-0.00606
MED00266,11,std_8,-0.00293
MED00267,11,std_8,-0.00975
MED00268,11,std_8,-0.01849
MED00269,11,std_8,0.00235
MED00270,11,std_8,-0.00958
MED00271,11,std_8,-0.02223
MED00272,11,std_8,-0.00947
MED00273,11,std_8,-0.00509
MED00274,11,std_8,0.00245
MED00275,11,std_8,-0.0091
MED00276,11,std_8,-0.03357
MED00277,11,std_8,-0.00497
MED00278,11,std_8,-0.00903
MED00279,11,std_8,-0.00639
MED00280,11,std_8,-0.00943
MED00281,11,std_8,-0.00977
MED00282,11,std_8,0.00177
MED00283,11,std_8,-0.04801
MED00284,11,std_8,-0.01146
MED00285,11,std_8,-0.01852
MED00286,11,std_8,-0.00984
MED00287,11,std_8,-0.02971
MED00288,11,std_8,0.00135
MED00289,11,std_8,-0.01027
MED00290,11,std_8,-0.00548
MED00291,11,std_8,-0.00844
MED00292,11,std_8,-0.0098
MED00293,11,std_8,-0.00516
MED00294,11,std_8,-0.03573
MED00295,11,std_8,-0.00147
MED00296,11,std_8,-0.00626
MED00297,11,std_8,-0.00786
MED00298,11,std_8,-0.03366
MED00299,11,std_8,-0.0038
MED00300,11,std_8,0.00111
MED00301,11,std_8,-0.01325
MED00302,11,std_8,-0.004
MED00303,11,std_8,-0.02636
MED00304,11,std_8,-0.0212
MED00305,11,std_8,0.00151
MED00306,11,std_8,-0.01265
MED00307,11,std_8,-0.00445
MED00308,11,std_8,0.0128
MED00309,11,std_8,-0.01163
MED00310,11,std_8,-0.0275
MED00311,11,std_8,-0.01125
MED00312,11,std_8,0.00184
MED00313,11,std_8,-0.00681
MED00314,11,std_8,-0.01457
MED00315,11,std_8,-0.00699
MED00316,11,std_8,0.00641
MED00317,11,std_8,-0.03236
MED00318,11,std_8,-0.03453
MED00319,11,std_8,-0.0073
MED00320,11,std_8,-0.00697
MED00321,11,std_8,-0.1421
MED00322,11,std_8,-0.0049
MED00323,11,std_8,-0.0279
MED00325,11,std_8,-0.00546
MED00326,11,std_8,-0.00763
MED00327,11,std_8,-0.00715
MED00328,11,std_8,-0.00234
MED00329,11,std_8,-0.00713
MED00330,11,std_8,-0.00668
MED00331,11,std_8,0.00993
MED00332,11,std_8,-0.01929
MED00333,11,std_8,-0.03297
MED00334,11,std_8,-0.00693
MED00335,11,std_8,-0.02214
MED00336,11,std_8,-0.00697
MED00337,11,std_8,-0.00094
MED00338,11,std_8,-0.02198
MED00339,11,std_8,-0.0094
MED00340,11,std_8,0.00372
MED00341,11,std_8,-0.01874
MED00342,11,std_8,-0.00189
MED00343,11,std_8,-0.0069
MED00344,11,std_8,-0.00316
MED00345,11,std_8,-0.00459
MED00346,11,std_8,-0.00105
MED00347,11,std_8,-0.00545
MED00348,11,std_8,-0.00453
MED00349,11,std_8,-0.00116
MED00350,11,std_8,-0.05687
MED00351,11,std_8,0.00607
MED00352,11,std_8,-0.01523
MED00353,11,std_8,0.00385
MED00354,11,std_8,-0.04088
MED00355,11,std_8,-0.00876
MED00356,11,std_8,-0.00209
MED00357,11,std_8,-0.00845
MED00358,11,std_8,-0.01764
MED00359,11,std_8,-0.00395
MED00360,11,std_8,-0.01228
MED00361,11,std_8,-0.02358
MED00362,11,std_8,-0.04123
MED00363,11,std_8,-0.04942
MED00364,11,std_8,-0.00489
MED00365,11,std_8,0.00861
MED00366,11,std_8,-0.00651
MED00368,11,std_8,-0.02422
MED00369,11,std_8,-0.02542
MED00370,11,std_8,-0.00421
MED00371,11,std_8,-0.01074
MED00372,11,std_8,-0.00368
MED00373,11,std_8,0.01041
MED00374,11,std_8,-0.02968
MED00375,11,std_8,-0.00548
MED00376,11,std_8,-0.03614
MED00377,11,std_8,-0.05682
MED00378,11,std_8,0.0041
MED00379,11,std_8,-0.14288
MED00380,11,std_8,0.00216
MED00381,11,std_8,-0.02729
MED00382,11,std_8,-0.01653
MED00383,11,std_8,-0.02111
MED00384,11,std_8,0.00342
MED00385,11,std_8,-0.00769
MED00386,11,std_8,-0.009
MED00387,11,std_8,-0.00599
MED00388,11,std_8,0.00745
MED00389,11,std_8,-0.00818
MED00390,11,std_8,-0.0041
MED00391,11,std_8,-0.00893
MED00392,11,std_8,-0.00798
MED00393,11,std_8,-0.00868
MED00394,11,std_8,-0.00859
MED00395,11,std_8,-0.00798
MED00396,11,std_8,-0.00094
MED00398,11,std_8,0.00017
MED00399,11,std_8,0.00543
MED00401,11,std_8,-0.00999
MED00402,11,std_8,-0.0039
MED00403,11,std_8,-0.01305
MED00404,11,std_8,-0.00935
MED00405,11,std_8,-0.01784
MED00406,11,std_8,-0.0143
MED00407,11,std_8,-0.00441
MED00408,11,std_8,-0.01062
MED00409,11,std_8,-0.0126
MED00410,11,std_8,-0.00972
MED00411,11,std_8,-0.00571
MED00412,11,std_8,-0.01105
MED00413,11,std_8,-0.0124
MED00414,11,std_8,-0.00925
MED00415,11,std_8,-0.00958
MED00416,11,std_8,-0.0076
MED00417,11,std_8,-0.01682
MED00418,11,std_8,-0.02315
MED00419,11,std_8,-0.00947
MED00420,11,std_8,-0.00475
MED00421,11,std_8,-0.00728
MED00422,11,std_8,-0.0096
MED00423,11,std_8,-0.00974
MED00001,12,std_8,-0.00942
MED00002,12,std_8,-0.01458
MED00003,12,std_8,-0.00326
MED00004,12,std_8,-0.04664
MED00005,12,std_8,-0.01964
MED00006,12,std_8,-0.00375
MED00007,12,std_8,0.00232
MED00008,12,std_8,0.00246
MED00009,12,std_8,-0.02151
MED00010,12,std_8,-0.01829
MED00011,12,std_8,0.00081
MED00012,12,std_8,-0.00086
MED00013,12,std_8,-0.00373
MED00014,12,std_8,-0.00352
MED00015,12,std_8,-0.00231
MED00016,12,std_8,-0.02708
MED00017,12,std_8,-0.03618
MED00018,12,std_8,0.00211
MED00019,12,std_8,0.00391
MED00020,12,std_8,-0.00425
MED00021,12,std_8,-0.02501
MED00022,12,std_8,-0.00368
MED00023,12,std_8,-0.00919
MED00024,12,std_8,-0.01091
MED00025,12,std_8,-0.00584
MED00026,12,std_8,-0.00513
MED00027,12,std_8,-0.0052
MED00028,12,std_8,0.01106
MED00029,12,std_8,-0.00409
MED00030,12,std_8,0.00036
MED00031,12,std_8,-0.03083
MED00032,12,std_8,-0.03281
MED00033,12,std_8,-0.04521
MED00034,12,std_8,-0.00444
MED00035,12,std_8,-0.01648
MED00036,12,std_8,0.00585
MED00037,12,std_8,-0.00045
MED00038,12,std_8,-0.00855
MED00039,12,std_8,-0.04851
MED00040,12,std_8,0.01375
MED00041,12,std_8,0.0041
MED00042,12,std_8,0.00377
MED00043,12,std_8,0.00371
MED00044,12,std_8,-0.01427
MED00045,12,std_8,-0.00212
MED00046,12,std_8,-0.0099
MED00047,12,std_8,-0.00794
MED00048,12,std_8,-0.0092
MED00049,12,std_8,-0.00888
MED00050,12,std_8,-0.02712
MED00051,12,std_8,-0.00867
MED00052,12,std_8,0.00577
MED00053,12,std_8,-0.00775
MED00054,12,std_8,-0.00727
MED00055,12,std_8,0.00322
MED00056,12,std_8,0.00413
MED00057,12,std_8,-0.00407
MED00058,12,std_8,-0.00024
MED00059,12,std_8,-0.00702
MED00060,12,std_8,-0.01077
MED00061,12,std_8,-0.00045
MED00062,12,std_8,-0.00847
MED00063,12,std_8,-0.00684
MED00064,12,std_8,-0.00548
MED00065,12,std_8,-0.00178
MED00066,12,std_8,-0.00561
MED00067,12,std_8,-0.01828
MED00068,12,std_8,-0.02586
MED00069,12,std_8,-0.00887
MED00070,12,std_8,-0.00919
MED00071,12,std_8,-0.0099
MED00072,12,std_8,-0.0306
MED00073,12,std_8,-0.0217
MED00074,12,std_8,-0.03385
MED00075,12,std_8,-0.02791
MED00076,12,std_8,-0.014
MED00077,12,std_8,-0.01347
MED00078,12,std_8,-0.02965
MED00079,12,std_8,-0.00384
MED00080,12,std_8,-0.03772
MED00081,12,std_8,-0.00485
MED00082,12,std_8,-0.01171
MED00083,12,std_8,-0.03507
MED00084,12,std_8,-0.00492
MED00085,12,std_8,-0.02922
MED00086,12,std_8,-0.00205
MED00087,12,std_8,-0.0473
MED00088,12,std_8,-0.00384
MED00089,12,std_8,-0.00696
MED00090,12,std_8,-0.03758
MED00091,12,std_8,-0.04089
MED00092,12,std_8,-0.05761
MED00093,12,std_8,-0.00838
MED00094,12,std_8,0.00768
MED00095,12,std_8,-0.0153
MED00096,12,std_8,-0.00336
MED00097,12,std_8,0.00313
MED00098,12,std_8,-0.0075
MED00099,12,std_8,0.00066
MED00100,12,std_8,-0.00463
MED00101,12,std_8,-0.00679
MED00102,12,std_8,0.00813
MED00103,12,std_8,0.00191
MED00104,12,std_8,-0.0074
MED00105,12,std_8,-0.00803
MED00106,12,std_8,-0.00544
MED00107,12,std_8,-0.00713
MED00108,12,std_8,-0.02671
MED00109,12,std_8,0.00239
MED00110,12,std_8,-0.01266
MED00111,12,std_8,0.00129
MED00112,12,std_8,-0.03113
MED00113,12,std_8,0.00969
MED00114,12,std_8,-0.00661
MED00115,12,std_8,-0.02651
MED00116,12,std_8,-0.00498
MED00117,12,std_8,-0.00759
MED00118,12,std_8,-0.01798
MED00119,12,std_8,0.00831
MED00120,12,std_8,-0.00401
MED00121,12,std_8,-0.01913
MED00122,12,std_8,-0.01772
MED00123,12,std_8,0.00355
MED00124,12,std_8,-0.00688
MED00125,12,std_8,-0.00311
MED00126,12,std_8,0.00355
MED00127,12,std_8,-0.0086
MED00128,12,std_8,0.00432
MED00129,12,std_8,0.00185
MED00130,12,std_8,-0.00896
MED00131,12,std_8,-0.01341
MED00132,12,std_8,0.00515
MED00133,12,std_8,-0.00157
MED00134,12,std_8,-0.01111
MED00135,12,std_8,-0.0068
MED00136,12,std_8,-0.03445
MED00137,12,std_8,-0.00243
MED00138,12,std_8,-0.01902
MED00139,12,std_8,0.0016
MED00140,12,std_8,-0.01898
MED00141,12,std_8,-0.0092
MED00142,12,std_8,0.00256
MED00143,12,std_8,0.00722
MED00144,12,std_8,-0.00759
MED00145,12,std_8,0.00372
MED00146,12,std_8,-0.0494
MED00147,12,std_8,-0.02176
MED00148,12,std_8,-0.01623
MED00149,12,std_8,-0.01568
MED00150,12,std_8,-0.01096
MED00151,12,std_8,0.00817
MED00152,12,std_8,0.00129
MED00153,12,std_8,-0.00143
MED00154,12,std_8,-0.00291
MED00155,12,std_8,-0.02327
MED00156,12,std_8,-0.03039
MED00157,12,std_8,-0.0033
MED00158,12,std_8,-0.00645
MED00159,12,std_8,0.00174
MED00160,12,std_8,-0.01879
MED00161,12,std_8,-0.01236
MED00162,12,std_8,-0.0033
MED00163,12,std_8,-0.00277
MED00164,12,std_8,-0.01102
MED00165,12,std_8,-0.00909
MED00166,12,std_8,-0.00198
MED00167,12,std_8,-0.03132
MED00168,12,std_8,0.00358
MED00169,12,std_8,0.00619
MED00170,12,std_8,-0.00609
MED00171,12,std_8,-0.00085
MED00172,12,std_8,-0.02533
MED00173,12,std_8,-0.02867
MED00174,12,std_8,-0.00562
MED00175,12,std_8,0.00216
MED00176,12,std_8,-0.00343
MED00177,12,std_8,-0.00146
MED00178,12,std_8,-0.00074
MED00179,12,std_8,-0.00249
MED00180,12,std_8,-0.00018
MED00181,12,std_8,-0.02298
MED00182,12,std_8,-0.00426
MED00183,12,std_8,-0.01228
MED00184,12,std_8,-0.00562
MED00185,12,std_8,-0.02844
MED00186,12,std_8,0.00255
MED00187,12,std_8,-0.01979
MED00188,12,std_8,-0.01818
MED00189,12,std_8,-0.00915
MED00190,12,std_8,-0.03641
MED00191,12,std_8,-0.00762
MED00192,12,std_8,-0.00829
MED00193,12,std_8,-0.00944
MED00194,12,std_8,-0.00559
MED00195,12,std_8,-0.00622
MED00196,12,std_8,-0.0035
MED00197,12,std_8,-0.00514
MED00198,12,std_8,-0.04138
MED00199,12,std_8,-0.01708
MED00200,12,std_8,0.0009
MED00201,12,std_8,-0.01984
MED00202,12,std_8,-0.00795
MED00203,12,std_8,-0.03558
MED00204,12,std_8,-0.00238
MED00205,12,std_8,-0.00554
MED00206,12,std_8,-0.00825
MED00207,12,std_8,-0.03342
MED00208,12,std_8,-0.00694
MED00209,12,std_8,-0.02133
MED00210,12,std_8,-0.0447
MED00211,12,std_8,-0.02965
MED00212,12,std_8,-0.0112
MED00213,12,std_8,0.00774
MED00214,12,std_8,-0.00789
MED00215,12,std_8,-0.00075
MED00216,12,std_8,-0.0071
MED00217,12,std_8,-0.01259
MED00218,12,std_8,-0.01837
MED00219,12,std_8,-0.00387
MED00220,12,std_8,-0.02112
MED00221,12,std_8,-0.0038
MED00222,12,std_8,0.00221
MED00223,12,std_8,-0.00506
MED00224,12,std_8,-0.00179
MED00225,12,std_8,-0.01906
MED00226,12,std_8,-0.02815
MED00227,12,std_8,-0.00311
MED00228,12,std_8,-0.03684
MED00229,12,std_8,0.00662
MED00230,12,std_8,-0.00348
MED00231,12,std_8,-0.00223
MED00232,12,std_8,-0.00199
MED00233,12,std_8,-0.0039
MED00234,12,std_8,-0.01151
MED00235,12,std_8,-0.00232
MED00236,12,std_8,-0.00138
MED00237,12,std_8,-0.00556
MED00238,12,std_8,-0.0002
MED00239,12,std_8,-0.01586
MED00240,12,std_8,-0.01919
MED00241,12,std_8,0.00233
MED00242,12,std_8,-0.00716
MED00243,12,std_8,-0.0145
MED00244,12,std_8,-0.03493
MED00245,12,std_8,0.00078
MED00246,12,std_8,-0.00508
MED00247,12,std_8,-0.00805
MED00248,12,std_8,-0.00391
MED00249,12,std_8,-0.00013
MED00250,12,std_8,-0.00814
MED00251,12,std_8,-0.04659
MED00252,12,std_8,-0.00371
MED00253,12,std_8,-0.00274
MED00254,12,std_8,-0.00893
MED00255,12,std_8,-0.01399
MED00256,12,std_8,-0.00608
MED00257,12,std_8,-0.00894
MED00258,12,std_8,-0.03627
MED00259,12,std_8,-0.02413
MED00260,12,std_8,0.01311
MED00261,12,std_8,0.00323
MED00262,12,std_8,-0.03267
MED00263,12,std_8,-0.02486
MED00264,12,std_8,-0.02071
MED00265,12,std_8,-0.00648
MED00266,12,std_8,-0.0027
MED00267,12,std_8,-0.01026
MED00268,12,std_8,-0.01866
MED00269,12,std_8,0.0022
MED00270,12,std_8,-0.01019
MED00271,12,std_8,-0.02189
MED00272,12,std_8,-0.00991
MED00273,12,std_8,-0.00558
MED00275,12,std_8,-0.00905
MED00276,12,std_8,-0.03393
MED00277,12,std_8,-0.00912
MED00278,12,std_8,-0.00946
MED00279,12,std_8,-0.00581
MED00280,12,std_8,-0.01368
MED00281,12,std_8,-0.0093
MED00282,12,std_8,0.00187
MED00283,12,std_8,-0.04764
MED00284,12,std_8,-0.01151
MED00285,12,std_8,-0.01902
MED00286,12,std_8,-0.01009
MED00287,12,std_8,-0.03021
MED00288,12,std_8,0.00207
MED00289,12,std_8,-0.00978
MED00290,12,std_8,-0.00572
MED00291,12,std_8,-0.00865
MED00292,12,std_8,-0.01031
MED00293,12,std_8,-0.00523
MED00294,12,std_8,-0.03568
MED00295,12,std_8,-0.00429
MED00296,12,std_8,-0.00628
MED00297,12,std_8,-0.00837
MED00298,12,std_8,-0.03352
MED00299,12,std_8,-0.00604
MED00300,12,std_8,0.00073
MED00301,12,std_8,-0.01467
MED00302,12,std_8,-0.00363
MED00303,12,std_8,-0.02637
MED00304,12,std_8,-0.02118
MED00305,12,std_8,0.00133
MED00306,12,std_8,-0.01724
MED00307,12,std_8,-0.00386
MED00308,12,std_8,0.01283
MED00309,12,std_8,-0.01194
MED00310,12,std_8,-0.02782
MED00311,12,std_8,-0.01169
MED00312,12,std_8,0.00157
MED00313,12,std_8,-0.00113
MED00314,12,std_8,-0.01322
MED00315,12,std_8,-0.0066
MED00316,12,std_8,0.00625
MED00317,12,std_8,-0.03245
MED00318,12,std_8,-0.035
MED00319,12,std_8,-0.0073
MED00320,12,std_8,-0.00642
MED00321,12,std_8,-0.12978
MED00322,12,std_8,-0.00905
MED00323,12,std_8,-0.02463
MED00325,12,std_8,-0.0059
MED00326,12,std_8,-0.0078
MED00327,12,std_8,-0.00731
MED00328,12,std_8,-0.00202
MED00329,12,std_8,-0.00675
MED00330,12,std_8,-0.00637
MED00331,12,std_8,0.00947
MED00332,12,std_8,-0.01946
MED00333,12,std_8,-0.03689
MED00334,12,std_8,-0.00768
MED00335,12,std_8,-0.0224
MED00336,12,std_8,-0.00688
MED00337,12,std_8,-0.00201
MED00338,12,std_8,-0.02196
MED00339,12,std_8,-0.00944
MED00340,12,std_8,0.00294
MED00341,12,std_8,-0.01709
MED00342,12,std_8,-0.00208
MED00343,12,std_8,-0.00632
MED00344,12,std_8,-0.00269
MED00345,12,std_8,-0.00879
MED00346,12,std_8,-0.00113
MED00347,12,std_8,-0.00805
MED00348,12,std_8,-0.00585
MED00349,12,std_8,-0.00168
MED00350,12,std_8,-0.05319
MED00351,12,std_8,0.0063
MED00352,12,std_8,-0.01547
MED00353,12,std_8,0.00412
MED00354,12,std_8,-0.04071
MED00355,12,std_8,-0.00839
MED00356,12,std_8,-0.00245
MED00357,12,std_8,-0.01276
MED00358,12,std_8,-0.01776
MED00359,12,std_8,-0.00404
MED00360,12,std_8,-0.01212
MED00361,12,std_8,-0.02409
MED00362,12,std_8,-0.04172
MED00363,12,std_8,-0.04964
MED00364,12,std_8,-0.00611
MED00365,12,std_8,0.00851
MED00366,12,std_8,-0.00606
MED00368,12,std_8,-0.02443
MED00369,12,std_8,-0.02593
MED00370,12,std_8,-0.00444
MED00371,12,std_8,-0.01032
MED00372,12,std_8,-0.00783
MED00373,12,std_8,0.00818
MED00374,12,std_8,-0.02976
MED00375,12,std_8,-0.00502
MED00376,12,std_8,-0.03624
MED00377,12,std_8,-0.05966
MED00378,12,std_8,0.00265
MED00379,12,std_8,-0.13234
MED00380,12,std_8,0.00197
MED00381,12,std_8,-0.02719
MED00382,12,std_8,-0.01663
MED00383,12,std_8,-0.0211
MED00384,12,std_8,0.00326
MED00385,12,std_8,-0.00686
MED00386,12,std_8,-0.0085
MED00387,12,std_8,-0.00549
MED00388,12,std_8,0.01133
MED00389,12,std_8,-0.00789
MED00390,12,std_8,-0.00374
MED00391,12,std_8,-0.00926
MED00392,12,std_8,-0.0077
MED00393,12,std_8,-0.00902
MED00394,12,std_8,-0.00837
MED00395,12,std_8,-0.00776
MED00396,12,std_8,-0.00068
MED00397,12,std_8,0.00033
MED00398,12,std_8,0.00046
MED00399,12,std_8,0.00404
MED00400,12,std_8,0.0003
MED00401,12,std_8,-0.00792
MED00402,12,std_8,-0.00355
MED00403,12,std_8,-0.01343
MED00404,12,std_8,-0.00986
MED00405,12,std_8,-0.01828
MED00406,12,std_8,-0.01395
MED00407,12,std_8,-0.0039
MED00408,12,std_8,-0.01074
MED00409,12,std_8,-0.01294
MED00410,12,std_8,-0.00944
MED00411,12,std_8,-0.00543
MED00412,12,std_8,-0.01077
MED00413,12,std_8,-0.01215
MED00414,12,std_8,-0.00921
MED00415,12,std_8,-0.0093
MED00416,12,std_8,-0.00732
MED00417,12,std_8,-0.01733
MED00418,12,std_8,-0.02367
MED00419,12,std_8,-0.00981
MED00420,12,std_8,-0.00442
MED00421,12,std_8,-0.00693
MED00422,12,std_8,-0.00932
MED00423,12,std_8,-0.00948
MED00424,12,std_8,0.0003
MED00001,1,nz_8,0.00442
MED00002,1,nz_8,-0.00977
MED00003,1,nz_8,-0.00958
MED00004,1,nz_8,-0.00191
MED00005,1,nz_8,-0.00162
MED00006,1,nz_8,-0.02012
MED00007,1,nz_8,0.00077
MED00008,1,nz_8,0.04754
MED00009,1,nz_8,0.01181
MED00010,1,nz_8,0.00997
MED00011,1,nz_8,0.00025
MED00012,1,nz_8,-0.01949
MED00013,1,nz_8,0.00586
MED00014,1,nz_8,-0.00506
MED00015,1,nz_8,0.03024
MED00016,1,nz_8,0.01121
MED00017,1,nz_8,-0.01683
MED00018,1,nz_8,0.00425
MED00019,1,nz_8,0.00596
MED00020,1,nz_8,0.0013
MED00021,1,nz_8,0.006
MED00022,1,nz_8,0.00896
MED00023,1,nz_8,-0.01678
MED00024,1,nz_8,-0.00495
MED00025,1,nz_8,-0.01152
MED00026,1,nz_8,-0.01172
MED00027,1,nz_8,-0.01169
MED00028,1,nz_8,-0.00868
MED00029,1,nz_8,0.00401
MED00030,1,nz_8,-0.0007
MED00031,1,nz_8,-0.00669
MED00032,1,nz_8,-0.00247
MED00033,1,nz_8,-0.01205
MED00034,1,nz_8,0.00083
MED00035,1,nz_8,-0.01228
MED00036,1,nz_8,0.01638
MED00037,1,nz_8,-0.00793
MED00038,1,nz_8,0.00295
MED00039,1,nz_8,-0.01103
MED00040,1,nz_8,-0.01277
MED00041,1,nz_8,-0.014
MED00042,1,nz_8,0.0116
MED00043,1,nz_8,-0.0041
MED00044,1,nz_8,-0.01059
MED00045,1,nz_8,-0.0175
MED00046,1,nz_8,-0.01216
MED00047,1,nz_8,0.00521
MED00048,1,nz_8,0.00597
MED00049,1,nz_8,-0.01224
MED00050,1,nz_8,-0.00356
MED00051,1,nz_8,-0.007
MED00052,1,nz_8,-0.005
MED00053,1,nz_8,0.00262
MED00054,1,nz_8,0.0028
MED00055,1,nz_8,0.02141
MED00056,1,nz_8,0.00409
MED00057,1,nz_8,-0.01312
MED00058,1,nz_8,-0.01964
MED00059,1,nz_8,0.00282
MED00060,1,nz_8,0.00164
MED00061,1,nz_8,-0.00907
MED00062,1,nz_8,0.00348
MED00063,1,nz_8,-0.01258
MED00064,1,nz_8,-0.00579
MED00065,1,nz_8,0.00564
MED00066,1,nz_8,-0.0024
MED00067,1,nz_8,-0.00569
MED00068,1,nz_8,0.0064
MED00069,1,nz_8,-0.01429
MED00070,1,nz_8,0.00283
MED00071,1,nz_8,0.00304
MED00072,1,nz_8,-0.00439
MED00073,1,nz_8,0.00948
MED00074,1,nz_8,0.00804
MED00075,1,nz_8,-0.00325
MED00076,1,nz_8,-0.0091
MED00077,1,nz_8,0.0039
MED00078,1,nz_8,-0.00448
MED00079,1,nz_8,-0.00215
MED00080,1,nz_8,0.00582
MED00081,1,nz_8,-0.01
MED00082,1,nz_8,-0.00198
MED00083,1,nz_8,0.00229
MED00084,1,nz_8,-0.00204
MED00085,1,nz_8,-0.00343
MED00086,1,nz_8,-0.00846
MED00087,1,nz_8,-0.01932
MED00088,1,nz_8,0.00413
MED00089,1,nz_8,-0.00871
MED00090,1,nz_8,-0.00288
MED00091,1,nz_8,-0.01276
MED00092,1,nz_8,-0.02577
MED00093,1,nz_8,-0.01221
MED00094,1,nz_8,-0.00575
MED00095,1,nz_8,0.01156
MED00096,1,nz_8,-0.00549
MED00097,1,nz_8,-0.01016
MED00098,1,nz_8,0.00539
MED00099,1,nz_8,-0.0117
MED00100,1,nz_8,-0.00926
MED00101,1,nz_8,0.00492
MED00102,1,nz_8,-0.0105
MED00103,1,nz_8,-0.00419
MED00104,1,nz_8,0.00513
MED00105,1,nz_8,0.00503
MED00106,1,nz_8,-0.01245
MED00107,1,nz_8,0.00278
MED00108,1,nz_8,0.0116
MED00109,1,nz_8,-0.01008
MED00110,1,nz_8,-0.01088
MED00111,1,nz_8,0.03603
MED00112,1,nz_8,0.01227
MED00113,1,nz_8,-0.00122
MED00114,1,nz_8,-0.00391
MED00115,1,nz_8,-0.01992
MED00116,1,nz_8,-0.00775
MED00117,1,nz_8,-0.02047
MED00118,1,nz_8,-0.01753
MED00119,1,nz_8,-0.0185
MED00120,1,nz_8,-0.00858
MED00121,1,nz_8,-0.00093
MED00122,1,nz_8,0.02388
MED00123,1,nz_8,-0.01282
MED00124,1,nz_8,0.00162
MED00125,1,nz_8,-0.01161
MED00126,1,nz_8,-0.01027
MED00127,1,nz_8,-0.00277
MED00128,1,nz_8,-0.01743
MED00129,1,nz_8,-0.02582
MED00130,1,nz_8,-0.01117
MED00131,1,nz_8,0.00051
MED00132,1,nz_8,-0.01278
MED00133,1,nz_8,-0.01478
MED00134,1,nz_8,-0.01034
MED00135,1,nz_8,-0.00448
MED00136,1,nz_8,-0.01539
MED00137,1,nz_8,0.00542
MED00138,1,nz_8,-0.0004
MED00139,1,nz_8,-0.01891
MED00140,1,nz_8,-0.01583
MED00141,1,nz_8,0.00118
MED00142,1,nz_8,-0.01373
MED00143,1,nz_8,-0.00031
MED00144,1,nz_8,0.00585
MED00145,1,nz_8,0.02305
MED00146,1,nz_8,-0.02488
MED00147,1,nz_8,-0.00244
MED00148,1,nz_8,0.00218
MED00149,1,nz_8,0.01475
MED00150,1,nz_8,-0.00176
MED00151,1,nz_8,-0.01932
MED00152,1,nz_8,-0.00204
MED00153,1,nz_8,-0.01989
MED00154,1,nz_8,-0.00047
MED00155,1,nz_8,-0.00321
MED00156,1,nz_8,0.01034
MED00157,1,nz_8,-0.00693
MED00158,1,nz_8,-0.01165
MED00159,1,nz_8,-0.00439
MED00160,1,nz_8,-0.0028
MED00161,1,nz_8,0.00761
MED00162,1,nz_8,-0.00178
MED00163,1,nz_8,-0.01237
MED00164,1,nz_8,-0.00221
MED00165,1,nz_8,-0.006
MED00166,1,nz_8,-0.01706
MED00167,1,nz_8,-0.00527
MED00168,1,nz_8,-0.00108
MED00169,1,nz_8,-0.01865
MED00170,1,nz_8,-0.00233
MED00171,1,nz_8,0.00119
MED00172,1,nz_8,0.01742
MED00173,1,nz_8,-0.00331
MED00174,1,nz_8,-0.00543
MED00175,1,nz_8,-0.01182
MED00176,1,nz_8,-0.00841
MED00177,1,nz_8,-0.01237
MED00178,1,nz_8,0.00872
MED00179,1,nz_8,-0.01016
MED00180,1,nz_8,-0.01983
MED00181,1,nz_8,0.01336
MED00182,1,nz_8,-0.01183
MED00183,1,nz_8,-0.02575
MED00184,1,nz_8,-0.01429
MED00185,1,nz_8,-0.0078
MED00186,1,nz_8,-0.01974
MED00187,1,nz_8,-0.01453
MED00188,1,nz_8,0.01172
MED00189,1,nz_8,-0.00851
MED00190,1,nz_8,-0.01933
MED00191,1,nz_8,0.00609
MED00192,1,nz_8,-0.01241
MED00193,1,nz_8,-0.01026
MED00194,1,nz_8,-0.00636
MED00195,1,nz_8,-0.0056
MED00196,1,nz_8,-0.0088
MED00197,1,nz_8,-0.00632
MED00198,1,nz_8,-0.01756
MED00199,1,nz_8,-0.01422
MED00200,1,nz_8,-0.01867
MED00201,1,nz_8,0.00476
MED00202,1,nz_8,-0.01663
MED00203,1,nz_8,-0.00456
MED00204,1,nz_8,-0.01828
MED00205,1,nz_8,0.00465
MED00206,1,nz_8,-0.01115
MED00207,1,nz_8,-0.00435
MED00208,1,nz_8,0.00434
MED00209,1,nz_8,0.01926
MED00210,1,nz_8,-0.00035
MED00211,1,nz_8,-0.00651
MED00212,1,nz_8,-0.00919
MED00213,1,nz_8,-0.01008
MED00214,1,nz_8,0.00526
MED00215,1,nz_8,0.01718
MED00216,1,nz_8,-0.01223
MED00217,1,nz_8,-0.00779
MED00218,1,nz_8,0.00832
MED00219,1,nz_8,-0.00603
MED00220,1,nz_8,-0.00585
MED00221,1,nz_8,-0.0015
MED00222,1,nz_8,-0.0084
MED00223,1,nz_8,-0.00787
MED00224,1,nz_8,-0.01886
MED00225,1,nz_8,0.00592
MED00226,1,nz_8,-0.01466
MED00227,1,nz_8,-0.00052
MED00228,1,nz_8,-0.00476
MED00229,1,nz_8,-0.00921
MED00230,1,nz_8,-0.00804
MED00231,1,nz_8,-0.01529
MED00232,1,nz_8,-0.0193
MED00233,1,nz_8,-0.01425
MED00234,1,nz_8,-0.01926
MED00235,1,nz_8,0.00485
MED00236,1,nz_8,-0.02099
MED00237,1,nz_8,0.00806
MED00238,1,nz_8,0.00363
MED00239,1,nz_8,0.01255
MED00240,1,nz_8,0.00516
MED00241,1,nz_8,0.0142
MED00242,1,nz_8,-0.00448
MED00243,1,nz_8,-0.00983
MED00244,1,nz_8,-0.01827
MED00245,1,nz_8,0.00519
MED00246,1,nz_8,0.00077
MED00247,1,nz_8,0.0056
MED00248,1,nz_8,0.00031
MED00249,1,nz_8,0.00255
MED00250,1,nz_8,0.00272
MED00251,1,nz_8,-0.00533
MED00252,1,nz_8,-0.01253
MED00253,1,nz_8,0.01549
MED00254,1,nz_8,-0.00985
MED00255,1,nz_8,0.00618
MED00256,1,nz_8,-0.02024
MED00257,1,nz_8,0.00329
MED00258,1,nz_8,-0.00636
MED00259,1,nz_8,-0.00495
MED00260,1,nz_8,-0.01175
MED00261,1,nz_8,-0.01195
MED00262,1,nz_8,0.00934
MED00263,1,nz_8,0.00981
MED00264,1,nz_8,-0.01156
MED00265,1,nz_8,0.00578
MED00266,1,nz_8,-0.00419
MED00267,1,nz_8,0.01122
MED00268,1,nz_8,-0.00234
MED00269,1,nz_8,-0.01856
MED00270,1,nz_8,0.02543
MED00271,1,nz_8,0.00043
MED00272,1,nz_8,0.01335
MED00273,1,nz_8,0.01244
MED00274,1,nz_8,-0.01308
MED00275,1,nz_8,0.00468
MED00276,1,nz_8,-0.01757
MED00277,1,nz_8,-0.00865
MED00278,1,nz_8,0.0059
MED00279,1,nz_8,0.00167
MED00280,1,nz_8,-0.00958
MED00281,1,nz_8,0.00501
MED00282,1,nz_8,0.01609
MED00283,1,nz_8,-0.00555
MED00284,1,nz_8,-0.01092
MED00285,1,nz_8,0.00241
MED00286,1,nz_8,0.00274
MED00287,1,nz_8,0.01208
MED00288,1,nz_8,-0.00635
MED00289,1,nz_8,0.00033
MED00290,1,nz_8,-0.01947
MED00291,1,nz_8,-0.01781
MED00292,1,nz_8,-0.02006
MED00293,1,nz_8,0.00423
MED00294,1,nz_8,-0.01636
MED00295,1,nz_8,-0.01406
MED00296,1,nz_8,-0.00894
MED00297,1,nz_8,0.00459
MED00298,1,nz_8,-0.00729
MED00299,1,nz_8,-0.00735
MED00300,1,nz_8,-0.02102
MED00301,1,nz_8,0.00535
MED00302,1,nz_8,-0.00701
MED00303,1,nz_8,-0.00478
MED00304,1,nz_8,-0.00478
MED00305,1,nz_8,-0.01863
MED00306,1,nz_8,-0.01211
MED00307,1,nz_8,-0.00061
MED00308,1,nz_8,-0.00947
MED00309,1,nz_8,0.00847
MED00310,1,nz_8,-0.0056
MED00311,1,nz_8,0.00427
MED00312,1,nz_8,-0.01318
MED00313,1,nz_8,-0.00828
MED00314,1,nz_8,-0.00396
MED00315,1,nz_8,0.00377
MED00316,1,nz_8,-0.00164
MED00317,1,nz_8,-0.01824
MED00318,1,nz_8,0.00418
MED00319,1,nz_8,0.00479
MED00320,1,nz_8,-0.00367
MED00321,1,nz_8,-0.00283
MED00322,1,nz_8,-0.00965
MED00323,1,nz_8,-0.00047
MED00324,1,nz_8,0.00114
MED00325,1,nz_8,0.0041
MED00326,1,nz_8,0.00314
MED00327,1,nz_8,-0.00341
MED00328,1,nz_8,0.00601
MED00329,1,nz_8,0.0047
MED00330,1,nz_8,0.00352
MED00331,1,nz_8,0.00205
MED00332,1,nz_8,-0.00624
MED00333,1,nz_8,0.00828
MED00334,1,nz_8,-0.01009
MED00335,1,nz_8,0.00133
MED00336,1,nz_8,0.00385
MED00337,1,nz_8,-0.00185
MED00338,1,nz_8,-0.00444
MED00339,1,nz_8,-0.01486
MED00340,1,nz_8,-0.01248
MED00341,1,nz_8,0.00457
MED00342,1,nz_8,-0.00358
MED00343,1,nz_8,0.00537
MED00344,1,nz_8,-0.00662
MED00345,1,nz_8,-0.01107
MED00346,1,nz_8,-0.0046
MED00347,1,nz_8,-0.00994
MED00348,1,nz_8,-0.02168
MED00349,1,nz_8,0.01582
MED00350,1,nz_8,-0.00626
MED00351,1,nz_8,-0.01045
MED00352,1,nz_8,-0.01135
MED00353,1,nz_8,-0.01006
MED00354,1,nz_8,-0.01044
MED00355,1,nz_8,0.0056
MED00356,1,nz_8,-0.00046
MED00357,1,nz_8,-0.006
MED00358,1,nz_8,-0.00215
MED00359,1,nz_8,-0.01999
MED00360,1,nz_8,-0.00121
MED00361,1,nz_8,0.01172
MED00362,1,nz_8,0.01578
MED00363,1,nz_8,-0.01736
MED00364,1,nz_8,-0.0093
MED00365,1,nz_8,-0.00549
MED00366,1,nz_8,0.00522
MED00367,1,nz_8,-0.00386
MED00368,1,nz_8,0.0113
MED00369,1,nz_8,0.00388
MED00370,1,nz_8,-0.0114
MED00371,1,nz_8,-0.00459
MED00372,1,nz_8,-0.00849
MED00373,1,nz_8,0.02251
MED00374,1,nz_8,0.00078
MED00375,1,nz_8,-0.00386
MED00376,1,nz_8,-0.01857
MED00377,1,nz_8,-0.0152
MED00378,1,nz_8,0.01468
MED00379,1,nz_8,-0.00161
MED00380,1,nz_8,-0.00995
MED00381,1,nz_8,-0.01104
MED00382,1,nz_8,-0.00048
MED00383,1,nz_8,0.00731
MED00384,1,nz_8,-0.00168
MED00385,1,nz_8,0.00633
MED00386,1,nz_8,0.00494
MED00387,1,nz_8,0.00592
MED00388,1,nz_8,0.00384
MED00389,1,nz_8,0.00077
MED00390,1,nz_8,0.00435
MED00391,1,nz_8,0.00457
MED00392,1,nz_8,0.00529
MED00393,1,nz_8,0.00513
MED00394,1,nz_8,0.00494
MED00395,1,nz_8,0.00605
MED00396,1,nz_8,0.00738
MED00397,1,nz_8,-0.00174
MED00398,1,nz_8,0.0042
MED00399,1,nz_8,0.00387
MED00400,1,nz_8,0.00379
MED00401,1,nz_8,0.00313
MED00402,1,nz_8,0.00375
MED00403,1,nz_8,0.00517
MED00404,1,nz_8,0.00984
MED00405,1,nz_8,0.00363
MED00406,1,nz_8,0.00511
MED00407,1,nz_8,0.00416
MED00408,1,nz_8,0.00272
MED00409,1,nz_8,0.00451
MED00410,1,nz_8,0.00502
MED00411,1,nz_8,0.00432
MED00412,1,nz_8,-0.00062
MED00413,1,nz_8,0.003
MED00414,1,nz_8,0.00429
MED00415,1,nz_8,0.00348
MED00416,1,nz_8,0.00305
MED00417,1,nz_8,0.00206
MED00418,1,nz_8,0.00518
MED00419,1,nz_8,0.00355
MED00420,1,nz_8,0.00563
MED00421,1,nz_8,0.00533
MED00422,1,nz_8,0.00327
MED00423,1,nz_8,0.00415
MED00424,1,nz_8,0.00566
MED00001,2,nz_8,0.00472
MED00002,2,nz_8,-0.01059
MED00003,2,nz_8,-0.00396
MED00004,2,nz_8,0.00391
MED00005,2,nz_8,0.0042
MED00006,2,nz_8,-0.01927
MED00007,2,nz_8,-0.00044
MED00008,2,nz_8,0.04776
MED00009,2,nz_8,0.01211
MED00010,2,nz_8,0.01157
MED00011,2,nz_8,0.00073
MED00012,2,nz_8,-0.01868
MED00013,2,nz_8,0.00605
MED00014,2,nz_8,-0.00488
MED00015,2,nz_8,0.03033
MED00016,2,nz_8,0.01139
MED00017,2,nz_8,-0.01707
MED00018,2,nz_8,0.00454
MED00019,2,nz_8,0.00617
MED00020,2,nz_8,0.00221
MED00021,2,nz_8,0.00626
MED00022,2,nz_8,0.00911
MED00023,2,nz_8,-0.01703
MED00024,2,nz_8,-0.00514
MED00025,2,nz_8,-0.00569
MED00026,2,nz_8,-0.00593
MED00027,2,nz_8,-0.0059
MED00028,2,nz_8,-0.00926
MED00029,2,nz_8,0.00443
MED00030,2,nz_8,-0.00028
MED00031,2,nz_8,-0.00727
MED00032,2,nz_8,-0.00268
MED00033,2,nz_8,-0.00623
MED00034,2,nz_8,0.0024
MED00035,2,nz_8,-0.01355
MED00036,2,nz_8,0.01708
MED00037,2,nz_8,-0.00844
MED00038,2,nz_8,0.00307
MED00039,2,nz_8,-0.01262
MED00040,2,nz_8,-0.01345
MED00041,2,nz_8,-0.01443
MED00042,2,nz_8,0.01317
MED00043,2,nz_8,-0.00444
MED00044,2,nz_8,-0.01082
MED00045,2,nz_8,-0.01695
MED00046,2,nz_8,-0.01243
MED00047,2,nz_8,0.00534
MED00048,2,nz_8,0.00609
MED00049,2,nz_8,-0.00662
MED00050,2,nz_8,-0.00407
MED00051,2,nz_8,-0.00116
MED00052,2,nz_8,-0.00532
MED00053,2,nz_8,0.00306
MED00054,2,nz_8,0.00322
MED00055,2,nz_8,0.02059
MED00056,2,nz_8,0.00351
MED00057,2,nz_8,-0.00707
MED00058,2,nz_8,-0.01883
MED00059,2,nz_8,0.00296
MED00060,2,nz_8,0.00179
MED00061,2,nz_8,-0.00965
MED00062,2,nz_8,0.0036
MED00063,2,nz_8,-0.00692
MED00064,2,nz_8,-0.00566
MED00065,2,nz_8,0.00576
MED00066,2,nz_8,-0.00231
MED00067,2,nz_8,-0.0059
MED00068,2,nz_8,0.00652
MED00069,2,nz_8,-0.01453
MED00070,2,nz_8,0.00295
MED00071,2,nz_8,0.00288
MED00072,2,nz_8,-0.00456
MED00073,2,nz_8,0.00959
MED00074,2,nz_8,0.00819
MED00075,2,nz_8,-0.00346
MED00076,2,nz_8,-0.00998
MED00077,2,nz_8,0.00377
MED00078,2,nz_8,-0.00483
MED00079,2,nz_8,-0.00189
MED00080,2,nz_8,0.00593
MED00081,2,nz_8,-0.00434
MED00082,2,nz_8,-0.00213
MED00083,2,nz_8,0.00252
MED00084,2,nz_8,-0.00199
MED00085,2,nz_8,-0.00355
MED00086,2,nz_8,-0.00267
MED00087,2,nz_8,-0.01957
MED00088,2,nz_8,0.00426
MED00089,2,nz_8,-0.01067
MED00090,2,nz_8,-0.00308
MED00091,2,nz_8,-0.01299
MED00092,2,nz_8,-0.0262
MED00093,2,nz_8,-0.01287
MED00094,2,nz_8,-0.00659
MED00095,2,nz_8,0.01171
MED00096,2,nz_8,-0.00571
MED00097,2,nz_8,-0.00437
MED00098,2,nz_8,0.00551
MED00099,2,nz_8,-0.00591
MED00100,2,nz_8,-0.0036
MED00101,2,nz_8,0.00512
MED00102,2,nz_8,-0.01107
MED00103,2,nz_8,-0.00443
MED00104,2,nz_8,0.00524
MED00105,2,nz_8,0.00516
MED00106,2,nz_8,-0.0067
MED00107,2,nz_8,0.00293
MED00108,2,nz_8,0.01205
MED00109,2,nz_8,-0.00426
MED00110,2,nz_8,-0.00509
MED00111,2,nz_8,0.03577
MED00112,2,nz_8,0.01242
MED00113,2,nz_8,-0.00143
MED00114,2,nz_8,-0.00496
MED00115,2,nz_8,-0.02016
MED00116,2,nz_8,-0.00801
MED00117,2,nz_8,-0.0215
MED00118,2,nz_8,-0.01774
MED00119,2,nz_8,-0.01876
MED00120,2,nz_8,-0.01291
MED00121,2,nz_8,-0.00109
MED00122,2,nz_8,0.02403
MED00123,2,nz_8,-0.01315
MED00124,2,nz_8,0.00178
MED00125,2,nz_8,-0.00595
MED00126,2,nz_8,-0.00446
MED00127,2,nz_8,-0.00352
MED00128,2,nz_8,-0.01768
MED00129,2,nz_8,-0.02232
MED00130,2,nz_8,-0.00546
MED00131,2,nz_8,0.0003
MED00132,2,nz_8,-0.01322
MED00133,2,nz_8,-0.01731
MED00134,2,nz_8,-0.00455
MED00135,2,nz_8,-0.00879
MED00136,2,nz_8,-0.01645
MED00137,2,nz_8,0.00342
MED00138,2,nz_8,-0.00089
MED00139,2,nz_8,-0.01942
MED00140,2,nz_8,-0.01608
MED00141,2,nz_8,0.0013
MED00142,2,nz_8,-0.0079
MED00143,2,nz_8,-0.00055
MED00144,2,nz_8,0.00611
MED00145,2,nz_8,0.02241
MED00146,2,nz_8,-0.02218
MED00147,2,nz_8,-0.00271
MED00148,2,nz_8,0.00233
MED00149,2,nz_8,0.01486
MED00150,2,nz_8,-0.002
MED00151,2,nz_8,-0.01957
MED00152,2,nz_8,-0.00258
MED00153,2,nz_8,-0.02014
MED00154,2,nz_8,-0.00033
MED00155,2,nz_8,-0.00322
MED00156,2,nz_8,0.01049
MED00157,2,nz_8,-0.00697
MED00158,2,nz_8,-0.00586
MED00159,2,nz_8,-0.00871
MED00160,2,nz_8,-0.00297
MED00161,2,nz_8,0.00772
MED00162,2,nz_8,-0.002
MED00163,2,nz_8,-0.00631
MED00164,2,nz_8,-0.00243
MED00165,2,nz_8,-0.00699
MED00166,2,nz_8,-0.01729
MED00167,2,nz_8,-0.00548
MED00168,2,nz_8,-0.00157
MED00169,2,nz_8,-0.01889
MED00170,2,nz_8,-0.00254
MED00171,2,nz_8,0.00103
MED00172,2,nz_8,0.01754
MED00173,2,nz_8,-0.00347
MED00174,2,nz_8,-0.00568
MED00175,2,nz_8,-0.01266
MED00176,2,nz_8,-0.00852
MED00177,2,nz_8,-0.00654
MED00178,2,nz_8,0.00806
MED00179,2,nz_8,-0.01192
MED00180,2,nz_8,-0.01902
MED00181,2,nz_8,0.0135
MED00182,2,nz_8,-0.00604
MED00183,2,nz_8,-0.03007
MED00184,2,nz_8,-0.01669
MED00185,2,nz_8,-0.00835
MED00186,2,nz_8,-0.01997
MED00187,2,nz_8,-0.01558
MED00188,2,nz_8,0.01189
MED00189,2,nz_8,-0.00285
MED00190,2,nz_8,-0.01957
MED00191,2,nz_8,0.00653
MED00192,2,nz_8,-0.01315
MED00193,2,nz_8,-0.00463
MED00194,2,nz_8,-0.00738
MED00195,2,nz_8,-0.00666
MED00196,2,nz_8,-0.00986
MED00197,2,nz_8,-0.00737
MED00198,2,nz_8,-0.0178
MED00199,2,nz_8,-0.01593
MED00200,2,nz_8,-0.01917
MED00201,2,nz_8,0.00487
MED00202,2,nz_8,-0.01583
MED00203,2,nz_8,-0.00469
MED00204,2,nz_8,-0.01878
MED00205,2,nz_8,0.00478
MED00206,2,nz_8,-0.01139
MED00207,2,nz_8,-0.00459
MED00208,2,nz_8,0.00446
MED00209,2,nz_8,0.0196
MED00210,2,nz_8,-0.00116
MED00211,2,nz_8,-0.00675
MED00212,2,nz_8,-0.00888
MED00213,2,nz_8,-0.00427
MED00214,2,nz_8,0.00538
MED00215,2,nz_8,0.01733
MED00216,2,nz_8,-0.00658
MED00217,2,nz_8,-0.00855
MED00218,2,nz_8,0.00905
MED00219,2,nz_8,-0.00686
MED00220,2,nz_8,-0.00607
MED00221,2,nz_8,-0.0017
MED00222,2,nz_8,-0.00257
MED00223,2,nz_8,-0.01035
MED00224,2,nz_8,-0.01911
MED00225,2,nz_8,0.00608
MED00226,2,nz_8,-0.01494
MED00227,2,nz_8,-0.00037
MED00228,2,nz_8,-0.00548
MED00229,2,nz_8,-0.0034
MED00230,2,nz_8,-0.00826
MED00231,2,nz_8,-0.01554
MED00232,2,nz_8,-0.02011
MED00233,2,nz_8,-0.0168
MED00234,2,nz_8,-0.0195
MED00235,2,nz_8,0.00586
MED00236,2,nz_8,-0.022
MED00237,2,nz_8,0.00848
MED00238,2,nz_8,0.00238
MED00239,2,nz_8,0.0127
MED00240,2,nz_8,0.00527
MED00241,2,nz_8,0.01434
MED00242,2,nz_8,-0.00553
MED00243,2,nz_8,-0.01065
MED00244,2,nz_8,-0.01852
MED00245,2,nz_8,0.0055
MED00246,2,nz_8,0.00086
MED00247,2,nz_8,0.00572
MED00248,2,nz_8,-0.00037
MED00249,2,nz_8,0.00359
MED00250,2,nz_8,0.00283
MED00251,2,nz_8,-0.00556
MED00252,2,nz_8,-0.01335
MED00253,2,nz_8,0.01587
MED00254,2,nz_8,-0.01066
MED00255,2,nz_8,0.0066
MED00256,2,nz_8,-0.02049
MED00257,2,nz_8,0.00344
MED00258,2,nz_8,-0.00675
MED00259,2,nz_8,-0.00512
MED00260,2,nz_8,-0.01385
MED00261,2,nz_8,-0.01327
MED00262,2,nz_8,0.00945
MED00263,2,nz_8,0.00978
MED00264,2,nz_8,-0.00573
MED00265,2,nz_8,0.00588
MED00266,2,nz_8,-0.00851
MED00267,2,nz_8,0.01129
MED00268,2,nz_8,-0.00251
MED00269,2,nz_8,-0.01876
MED00270,2,nz_8,0.02558
MED00271,2,nz_8,0.00026
MED00272,2,nz_8,0.01368
MED00273,2,nz_8,0.01277
MED00274,2,nz_8,-0.01352
MED00275,2,nz_8,0.00498
MED00276,2,nz_8,-0.01777
MED00277,2,nz_8,-0.0029
MED00278,2,nz_8,0.00602
MED00279,2,nz_8,0.00252
MED00280,2,nz_8,-0.01032
MED00281,2,nz_8,0.00531
MED00282,2,nz_8,0.01643
MED00283,2,nz_8,-0.0058
MED00284,2,nz_8,-0.01015
MED00285,2,nz_8,0.00258
MED00286,2,nz_8,0.00291
MED00287,2,nz_8,0.01223
MED00288,2,nz_8,-0.00623
MED00289,2,nz_8,0.00048
MED00290,2,nz_8,-0.01971
MED00291,2,nz_8,-0.01803
MED00292,2,nz_8,-0.02039
MED00293,2,nz_8,0.00441
MED00294,2,nz_8,-0.01558
MED00295,2,nz_8,-0.00827
MED00296,2,nz_8,-0.00911
MED00297,2,nz_8,0.00471
MED00298,2,nz_8,-0.0075
MED00299,2,nz_8,-0.00157
MED00300,2,nz_8,-0.02021
MED00301,2,nz_8,0.0055
MED00302,2,nz_8,-0.01133
MED00303,2,nz_8,-0.00537
MED00304,2,nz_8,-0.00493
MED00305,2,nz_8,-0.01887
MED00306,2,nz_8,-0.00693
MED00307,2,nz_8,-0.00025
MED00308,2,nz_8,-0.0108
MED00309,2,nz_8,0.0086
MED00310,2,nz_8,-0.00591
MED00311,2,nz_8,0.00466
MED00312,2,nz_8,-0.0139
MED00313,2,nz_8,-0.00908
MED00314,2,nz_8,-0.00828
MED00315,2,nz_8,0.00392
MED00316,2,nz_8,-0.00181
MED00317,2,nz_8,-0.01848
MED00318,2,nz_8,0.00433
MED00319,2,nz_8,0.00491
MED00320,2,nz_8,-0.00377
MED00321,2,nz_8,-0.00346
MED00322,2,nz_8,-0.00547
MED00323,2,nz_8,-0.00281
MED00324,2,nz_8,-1e-04
MED00325,2,nz_8,0.00423
MED00326,2,nz_8,0.0033
MED00327,2,nz_8,-0.0039
MED00328,2,nz_8,0.00615
MED00329,2,nz_8,0.00482
MED00330,2,nz_8,0.00368
MED00331,2,nz_8,0.00191
MED00332,2,nz_8,-0.00647
MED00333,2,nz_8,0.00738
MED00334,2,nz_8,-0.01031
MED00335,2,nz_8,0.0029
MED00336,2,nz_8,0.004
MED00337,2,nz_8,-0.00147
MED00338,2,nz_8,-0.00815
MED00339,2,nz_8,-0.01407
MED00340,2,nz_8,-0.00667
MED00341,2,nz_8,0.00468
MED00342,2,nz_8,-0.00378
MED00343,2,nz_8,0.00549
MED00344,2,nz_8,-0.00713
MED00345,2,nz_8,-0.00545
MED00346,2,nz_8,-0.00516
MED00347,2,nz_8,-0.00424
MED00348,2,nz_8,-0.02192
MED00349,2,nz_8,0.01597
MED00350,2,nz_8,-0.00689
MED00351,2,nz_8,-0.00466
MED00352,2,nz_8,-0.00556
MED00353,2,nz_8,-0.00424
MED00354,2,nz_8,-0.00463
MED00355,2,nz_8,0.00572
MED00356,2,nz_8,-0.00067
MED00357,2,nz_8,-0.00679
MED00358,2,nz_8,-0.0024
MED00359,2,nz_8,-0.02054
MED00360,2,nz_8,-0.0014
MED00361,2,nz_8,0.01191
MED00362,2,nz_8,0.0159
MED00363,2,nz_8,-0.0176
MED00364,2,nz_8,-0.00364
MED00365,2,nz_8,-0.00574
MED00366,2,nz_8,0.00533
MED00367,2,nz_8,-0.00435
MED00368,2,nz_8,0.01148
MED00369,2,nz_8,0.00405
MED00370,2,nz_8,-0.01284
MED00371,2,nz_8,-0.00891
MED00372,2,nz_8,-0.00287
MED00373,2,nz_8,0.02178
MED00374,2,nz_8,0.00057
MED00375,2,nz_8,-0.00812
MED00376,2,nz_8,-0.01882
MED00377,2,nz_8,-0.00913
MED00378,2,nz_8,0.01483
MED00379,2,nz_8,-0.00224
MED00380,2,nz_8,-0.00416
MED00381,2,nz_8,-0.00519
MED00382,2,nz_8,-0.00068
MED00383,2,nz_8,0.00743
MED00384,2,nz_8,-0.00192
MED00385,2,nz_8,0.00645
MED00386,2,nz_8,0.00515
MED00387,2,nz_8,0.00634
MED00388,2,nz_8,0.00487
MED00389,2,nz_8,0.00092
MED00390,2,nz_8,0.00446
MED00391,2,nz_8,0.00487
MED00392,2,nz_8,0.00559
MED00393,2,nz_8,0.00542
MED00394,2,nz_8,0.00524
MED00395,2,nz_8,0.00635
MED00396,2,nz_8,0.00773
MED00397,2,nz_8,-0.00134
MED00398,2,nz_8,0.00432
MED00399,2,nz_8,0.00403
MED00400,2,nz_8,0.00483
MED00401,2,nz_8,0.00399
MED00402,2,nz_8,0.00387
MED00403,2,nz_8,0.00673
MED00404,2,nz_8,0.01027
MED00405,2,nz_8,0.00404
MED00406,2,nz_8,0.00553
MED00407,2,nz_8,0.00427
MED00408,2,nz_8,0.00284
MED00409,2,nz_8,0.00494
MED00410,2,nz_8,0.00546
MED00411,2,nz_8,0.00443
MED00412,2,nz_8,-0.0005
MED00413,2,nz_8,0.00311
MED00414,2,nz_8,0.00441
MED00415,2,nz_8,0.0036
MED00416,2,nz_8,0.00317
MED00417,2,nz_8,0.00221
MED00418,2,nz_8,0.00548
MED00419,2,nz_8,0.00385
MED00420,2,nz_8,0.00605
MED00421,2,nz_8,0.00575
MED00422,2,nz_8,0.00339
MED00423,2,nz_8,0.00445
MED00424,2,nz_8,0.00492
MED00001,3,nz_8,0.00466
MED00002,3,nz_8,-0.00999
MED00003,3,nz_8,-0.00312
MED00004,3,nz_8,0.00417
MED00005,3,nz_8,0.00422
MED00006,3,nz_8,-0.01885
MED00007,3,nz_8,-0.00039
MED00008,3,nz_8,0.04778
MED00009,3,nz_8,0.01215
MED00010,3,nz_8,0.01155
MED00011,3,nz_8,0.00104
MED00012,3,nz_8,-0.01821
MED00013,3,nz_8,0.00583
MED00014,3,nz_8,-0.00494
MED00015,3,nz_8,0.02635
MED00016,3,nz_8,0.01144
MED00017,3,nz_8,-0.01702
MED00018,3,nz_8,0.00449
MED00019,3,nz_8,0.00612
MED00020,3,nz_8,0.00225
MED00021,3,nz_8,0.00673
MED00022,3,nz_8,0.00916
MED00023,3,nz_8,-0.01653
MED00024,3,nz_8,-0.0051
MED00025,3,nz_8,-0.00552
MED00026,3,nz_8,-0.00568
MED00027,3,nz_8,-0.00575
MED00028,3,nz_8,-0.00926
MED00029,3,nz_8,0.00437
MED00030,3,nz_8,-0.00023
MED00031,3,nz_8,-0.00723
MED00032,3,nz_8,-0.00263
MED00033,3,nz_8,-0.00597
MED00034,3,nz_8,0.00206
MED00035,3,nz_8,-0.01352
MED00036,3,nz_8,0.01758
MED00037,3,nz_8,-0.00841
MED00038,3,nz_8,0.00301
MED00039,3,nz_8,-0.0123
MED00040,3,nz_8,-0.01344
MED00041,3,nz_8,-0.01261
MED00042,3,nz_8,0.01348
MED00043,3,nz_8,-0.00785
MED00044,3,nz_8,-0.01077
MED00045,3,nz_8,-0.01663
MED00046,3,nz_8,-0.01196
MED00047,3,nz_8,0.00528
MED00048,3,nz_8,0.00603
MED00049,3,nz_8,-0.00596
MED00050,3,nz_8,-0.00375
MED00051,3,nz_8,-0.00097
MED00052,3,nz_8,-0.0088
MED00053,3,nz_8,0.003
MED00054,3,nz_8,0.00317
MED00055,3,nz_8,0.02059
MED00056,3,nz_8,0.00354
MED00057,3,nz_8,-0.00659
MED00058,3,nz_8,-0.01836
MED00059,3,nz_8,0.0029
MED00060,3,nz_8,0.00186
MED00061,3,nz_8,-0.00961
MED00062,3,nz_8,0.00354
MED00063,3,nz_8,-0.00615
MED00064,3,nz_8,-0.00519
MED00065,3,nz_8,0.0057
MED00066,3,nz_8,-0.00629
MED00067,3,nz_8,-0.00586
MED00068,3,nz_8,0.00646
MED00069,3,nz_8,-0.01407
MED00070,3,nz_8,0.00289
MED00071,3,nz_8,0.00292
MED00072,3,nz_8,-0.00451
MED00073,3,nz_8,0.00954
MED00074,3,nz_8,0.00824
MED00075,3,nz_8,-0.0035
MED00076,3,nz_8,-0.00998
MED00077,3,nz_8,0.00382
MED00078,3,nz_8,-0.00437
MED00079,3,nz_8,-0.00157
MED00080,3,nz_8,0.00588
MED00081,3,nz_8,-0.00347
MED00082,3,nz_8,-0.00167
MED00083,3,nz_8,0.00257
MED00084,3,nz_8,-0.00232
MED00085,3,nz_8,-0.0035
MED00086,3,nz_8,-0.00232
MED00087,3,nz_8,-0.0191
MED00088,3,nz_8,0.00392
MED00089,3,nz_8,-0.01034
MED00090,3,nz_8,-0.00304
MED00091,3,nz_8,-0.01294
MED00092,3,nz_8,-0.02615
MED00093,3,nz_8,-0.01278
MED00094,3,nz_8,-0.00656
MED00095,3,nz_8,0.01176
MED00096,3,nz_8,-0.00566
MED00097,3,nz_8,-0.00392
MED00098,3,nz_8,0.00502
MED00099,3,nz_8,-0.00575
MED00100,3,nz_8,-0.00343
MED00101,3,nz_8,0.00506
MED00102,3,nz_8,-0.01107
MED00103,3,nz_8,-0.00397
MED00104,3,nz_8,0.00518
MED00105,3,nz_8,0.00502
MED00106,3,nz_8,-0.00592
MED00107,3,nz_8,0.00287
MED00108,3,nz_8,0.0121
MED00109,3,nz_8,-0.00382
MED00110,3,nz_8,-0.00476
MED00111,3,nz_8,0.03591
MED00112,3,nz_8,0.01247
MED00113,3,nz_8,-0.00139
MED00114,3,nz_8,-0.0045
MED00115,3,nz_8,-0.0197
MED00116,3,nz_8,-0.00755
MED00117,3,nz_8,-0.02102
MED00118,3,nz_8,-0.01769
MED00119,3,nz_8,-0.01871
MED00120,3,nz_8,-0.01258
MED00121,3,nz_8,-0.00102
MED00122,3,nz_8,0.02398
MED00123,3,nz_8,-0.01206
MED00124,3,nz_8,0.00183
MED00125,3,nz_8,-0.00596
MED00126,3,nz_8,-0.0042
MED00127,3,nz_8,-0.00304
MED00128,3,nz_8,-0.01763
MED00129,3,nz_8,-0.022
MED00130,3,nz_8,-0.00479
MED00131,3,nz_8,0.00035
MED00132,3,nz_8,-0.01245
MED00133,3,nz_8,-0.01493
MED00134,3,nz_8,-0.00423
MED00135,3,nz_8,-0.00848
MED00136,3,nz_8,-0.01638
MED00137,3,nz_8,0.00345
MED00138,3,nz_8,-0.00086
MED00139,3,nz_8,-0.01909
MED00140,3,nz_8,-0.01603
MED00141,3,nz_8,0.00177
MED00142,3,nz_8,-0.00746
MED00143,3,nz_8,-0.0005
MED00144,3,nz_8,0.00578
MED00145,3,nz_8,0.02249
MED00146,3,nz_8,-0.02214
MED00147,3,nz_8,-0.00225
MED00148,3,nz_8,0.00226
MED00149,3,nz_8,0.0148
MED00150,3,nz_8,-0.00149
MED00151,3,nz_8,-0.01952
MED00152,3,nz_8,-0.0025
MED00153,3,nz_8,-0.01966
MED00154,3,nz_8,-0.00028
MED00155,3,nz_8,-0.00318
MED00156,3,nz_8,0.01054
MED00157,3,nz_8,-0.00693
MED00158,3,nz_8,-0.00573
MED00159,3,nz_8,-0.00868
MED00160,3,nz_8,-0.00292
MED00161,3,nz_8,0.00723
MED00162,3,nz_8,-0.00153
MED00163,3,nz_8,-0.00713
MED00164,3,nz_8,-0.00197
MED00165,3,nz_8,-0.0081
MED00166,3,nz_8,-0.01682
MED00167,3,nz_8,-0.00544
MED00168,3,nz_8,-0.00126
MED00169,3,nz_8,-0.01884
MED00170,3,nz_8,-0.00249
MED00171,3,nz_8,0.00107
MED00172,3,nz_8,0.01751
MED00173,3,nz_8,-0.00301
MED00174,3,nz_8,-0.00564
MED00175,3,nz_8,-0.01235
MED00176,3,nz_8,-0.00848
MED00177,3,nz_8,-0.0063
MED00178,3,nz_8,0.00805
MED00179,3,nz_8,-0.01166
MED00180,3,nz_8,-0.01854
MED00181,3,nz_8,0.01396
MED00182,3,nz_8,-0.00579
MED00183,3,nz_8,-0.02976
MED00184,3,nz_8,-0.01623
MED00185,3,nz_8,-0.0083
MED00186,3,nz_8,-0.01951
MED00187,3,nz_8,-0.01512
MED00188,3,nz_8,0.01194
MED00189,3,nz_8,-0.00277
MED00190,3,nz_8,-0.0191
MED00191,3,nz_8,0.00648
MED00192,3,nz_8,-0.01314
MED00193,3,nz_8,-0.00398
MED00194,3,nz_8,-0.00731
MED00195,3,nz_8,-0.00659
MED00196,3,nz_8,-0.0098
MED00197,3,nz_8,-0.0073
MED00198,3,nz_8,-0.01775
MED00199,3,nz_8,-0.01583
MED00200,3,nz_8,-0.01887
MED00201,3,nz_8,0.0048
MED00202,3,nz_8,-0.01536
MED00203,3,nz_8,-0.00465
MED00204,3,nz_8,-0.01845
MED00205,3,nz_8,0.00473
MED00206,3,nz_8,-0.01131
MED00207,3,nz_8,-0.00455
MED00208,3,nz_8,0.00442
MED00209,3,nz_8,0.01952
MED00210,3,nz_8,-0.00118
MED00211,3,nz_8,-0.00628
MED00212,3,nz_8,-0.00842
MED00213,3,nz_8,-0.00424
MED00214,3,nz_8,0.00532
MED00215,3,nz_8,0.01684
MED00216,3,nz_8,-0.0058
MED00217,3,nz_8,-0.00853
MED00218,3,nz_8,0.00899
MED00219,3,nz_8,-0.00683
MED00220,3,nz_8,-0.00561
MED00221,3,nz_8,-0.00133
MED00222,3,nz_8,-0.00213
MED00223,3,nz_8,-0.00994
MED00224,3,nz_8,-0.01863
MED00225,3,nz_8,0.00601
MED00226,3,nz_8,-0.01423
MED00227,3,nz_8,-0.00032
MED00228,3,nz_8,-0.00543
MED00229,3,nz_8,-0.00332
MED00230,3,nz_8,-0.00822
MED00231,3,nz_8,-0.01549
MED00232,3,nz_8,-0.01978
MED00233,3,nz_8,-0.01297
MED00234,3,nz_8,-0.01946
MED00235,3,nz_8,0.00581
MED00236,3,nz_8,-0.02154
MED00237,3,nz_8,0.00784
MED00238,3,nz_8,0.00243
MED00239,3,nz_8,0.01275
MED00240,3,nz_8,0.00521
MED00241,3,nz_8,0.01481
MED00242,3,nz_8,-0.00551
MED00243,3,nz_8,-0.01005
MED00244,3,nz_8,-0.01835
MED00245,3,nz_8,0.00544
MED00246,3,nz_8,0.00091
MED00247,3,nz_8,0.00565
MED00248,3,nz_8,-0.00032
MED00249,3,nz_8,0.00326
MED00250,3,nz_8,0.00277
MED00251,3,nz_8,-0.00552
MED00252,3,nz_8,-0.01313
MED00253,3,nz_8,0.01532
MED00254,3,nz_8,-0.01045
MED00255,3,nz_8,0.00597
MED00256,3,nz_8,-0.02043
MED00257,3,nz_8,0.00338
MED00258,3,nz_8,-0.00629
MED00259,3,nz_8,-0.00507
MED00260,3,nz_8,-0.01359
MED00261,3,nz_8,-0.01284
MED00262,3,nz_8,0.00939
MED00263,3,nz_8,0.00983
MED00264,3,nz_8,-0.00539
MED00265,3,nz_8,0.00582
MED00266,3,nz_8,-0.00819
MED00267,3,nz_8,0.01133
MED00268,3,nz_8,-0.00246
MED00269,3,nz_8,-0.01876
MED00270,3,nz_8,0.02552
MED00271,3,nz_8,0.00034
MED00272,3,nz_8,0.01319
MED00273,3,nz_8,0.01271
MED00274,3,nz_8,-0.01261
MED00275,3,nz_8,0.00492
MED00276,3,nz_8,-0.01773
MED00277,3,nz_8,-0.00283
MED00278,3,nz_8,0.00596
MED00279,3,nz_8,0.00203
MED00280,3,nz_8,-0.01032
MED00281,3,nz_8,0.00525
MED00282,3,nz_8,0.01594
MED00283,3,nz_8,-0.00542
MED00284,3,nz_8,-0.01009
MED00285,3,nz_8,0.00253
MED00286,3,nz_8,0.00285
MED00287,3,nz_8,0.01228
MED00288,3,nz_8,-0.00576
MED00289,3,nz_8,0.00041
MED00290,3,nz_8,-0.01966
MED00291,3,nz_8,-0.01756
MED00292,3,nz_8,-0.0199
MED00293,3,nz_8,0.00464
MED00294,3,nz_8,-0.01511
MED00295,3,nz_8,-0.00811
MED00296,3,nz_8,-0.00864
MED00297,3,nz_8,0.00465
MED00298,3,nz_8,-0.00749
MED00299,3,nz_8,-0.00147
MED00300,3,nz_8,-0.01975
MED00301,3,nz_8,0.00544
MED00302,3,nz_8,-0.011
MED00303,3,nz_8,-0.00491
MED00304,3,nz_8,-0.00436
MED00305,3,nz_8,-0.0184
MED00306,3,nz_8,-0.00683
MED00307,3,nz_8,-0.0002
MED00308,3,nz_8,-0.01075
MED00309,3,nz_8,0.00907
MED00310,3,nz_8,-0.00543
MED00311,3,nz_8,0.0046
MED00312,3,nz_8,-0.01284
MED00313,3,nz_8,-0.00889
MED00314,3,nz_8,-0.00796
MED00315,3,nz_8,0.00386
MED00316,3,nz_8,-0.00176
MED00317,3,nz_8,-0.018
MED00318,3,nz_8,0.00438
MED00319,3,nz_8,0.00485
MED00320,3,nz_8,-0.0033
MED00321,3,nz_8,-0.00348
MED00322,3,nz_8,-0.00488
MED00323,3,nz_8,-0.00273
MED00325,3,nz_8,0.00428
MED00326,3,nz_8,0.00324
MED00327,3,nz_8,-0.00417
MED00328,3,nz_8,0.00609
MED00329,3,nz_8,0.00477
MED00330,3,nz_8,0.00327
MED00331,3,nz_8,0.00197
MED00332,3,nz_8,-0.0062
MED00333,3,nz_8,0.00737
MED00334,3,nz_8,-0.00984
MED00335,3,nz_8,0.00285
MED00336,3,nz_8,0.00351
MED00337,3,nz_8,-0.00154
MED00338,3,nz_8,-0.00783
MED00339,3,nz_8,-0.0136
MED00340,3,nz_8,-0.00636
MED00341,3,nz_8,0.00463
MED00342,3,nz_8,-0.00332
MED00343,3,nz_8,0.00543
MED00344,3,nz_8,-0.00713
MED00345,3,nz_8,-0.0048
MED00346,3,nz_8,-0.00464
MED00347,3,nz_8,-0.00414
MED00348,3,nz_8,-0.02186
MED00349,3,nz_8,0.01602
MED00350,3,nz_8,-0.00693
MED00351,3,nz_8,-0.00423
MED00352,3,nz_8,-0.00546
MED00353,3,nz_8,-0.00421
MED00354,3,nz_8,-0.00437
MED00355,3,nz_8,0.00566
MED00356,3,nz_8,-0.00039
MED00357,3,nz_8,-0.00619
MED00358,3,nz_8,-0.00194
MED00359,3,nz_8,-0.02003
MED00360,3,nz_8,-0.00137
MED00361,3,nz_8,0.01196
MED00362,3,nz_8,0.01595
MED00363,3,nz_8,-0.01755
MED00364,3,nz_8,-0.00347
MED00365,3,nz_8,-0.00569
MED00366,3,nz_8,0.00527
MED00367,3,nz_8,-0.00404
MED00368,3,nz_8,0.01153
MED00369,3,nz_8,0.0041
MED00370,3,nz_8,-0.01239
MED00371,3,nz_8,-0.00859
MED00372,3,nz_8,-0.00282
MED00373,3,nz_8,0.02193
MED00374,3,nz_8,0.00058
MED00375,3,nz_8,-0.00809
MED00376,3,nz_8,-0.01834
MED00377,3,nz_8,-0.00907
MED00378,3,nz_8,0.01487
MED00379,3,nz_8,-0.00228
MED00380,3,nz_8,-0.00373
MED00381,3,nz_8,-0.00521
MED00382,3,nz_8,-0.00022
MED00383,3,nz_8,0.00738
MED00384,3,nz_8,-0.00187
MED00385,3,nz_8,0.00639
MED00386,3,nz_8,0.0051
MED00387,3,nz_8,0.00628
MED00388,3,nz_8,0.00451
MED00389,3,nz_8,0.00086
MED00390,3,nz_8,0.0044
MED00391,3,nz_8,0.00481
MED00392,3,nz_8,0.00553
MED00393,3,nz_8,0.00494
MED00394,3,nz_8,0.00519
MED00395,3,nz_8,0.00629
MED00396,3,nz_8,0.00767
MED00397,3,nz_8,-0.0014
MED00398,3,nz_8,0.00426
MED00399,3,nz_8,0.00397
MED00400,3,nz_8,0.00478
MED00401,3,nz_8,0.00393
MED00402,3,nz_8,0.00382
MED00403,3,nz_8,0.00639
MED00404,3,nz_8,0.01021
MED00405,3,nz_8,0.00398
MED00406,3,nz_8,0.00547
MED00407,3,nz_8,0.00421
MED00408,3,nz_8,0.00278
MED00409,3,nz_8,0.00445
MED00410,3,nz_8,0.0054
MED00411,3,nz_8,0.00438
MED00412,3,nz_8,-0.00056
MED00413,3,nz_8,0.00263
MED00414,3,nz_8,0.00424
MED00415,3,nz_8,0.00354
MED00416,3,nz_8,0.00311
MED00417,3,nz_8,0.00215
MED00418,3,nz_8,0.00542
MED00419,3,nz_8,0.00379
MED00420,3,nz_8,0.006
MED00421,3,nz_8,0.00569
MED00422,3,nz_8,0.00333
MED00423,3,nz_8,0.00438
MED00424,3,nz_8,0.00486
MED00001,4,nz_8,0.00407
MED00002,4,nz_8,-0.02053
MED00003,4,nz_8,-0.01359
MED00004,4,nz_8,-0.00632
MED00005,4,nz_8,-0.00627
MED00006,4,nz_8,-0.02075
MED00008,4,nz_8,0.04766
MED00009,4,nz_8,0.01208
MED00010,4,nz_8,0.01068
MED00011,4,nz_8,0.00051
MED00012,4,nz_8,-0.02012
MED00013,4,nz_8,0.0058
MED00014,4,nz_8,-0.00538
MED00015,4,nz_8,0.02687
MED00016,4,nz_8,0.01141
MED00017,4,nz_8,-0.01677
MED00018,4,nz_8,0.00388
MED00019,4,nz_8,0.00557
MED00020,4,nz_8,0.00201
MED00021,4,nz_8,0.00858
MED00022,4,nz_8,0.00927
MED00023,4,nz_8,-0.01586
MED00024,4,nz_8,-0.00461
MED00025,4,nz_8,-0.01421
MED00026,4,nz_8,-0.01436
MED00027,4,nz_8,-0.01443
MED00028,4,nz_8,-0.00875
MED00029,4,nz_8,0.00374
MED00030,4,nz_8,-0.00034
MED00031,4,nz_8,-0.00648
MED00032,4,nz_8,-0.00229
MED00033,4,nz_8,-0.01646
MED00034,4,nz_8,-0.00352
MED00035,4,nz_8,-0.02527
MED00036,4,nz_8,0.01933
MED00037,4,nz_8,-0.00779
MED00038,4,nz_8,0.0026
MED00039,4,nz_8,-0.01133
MED00040,4,nz_8,-0.01395
MED00041,4,nz_8,-0.01139
MED00042,4,nz_8,0.01359
MED00043,4,nz_8,-0.00707
MED00044,4,nz_8,-0.01039
MED00045,4,nz_8,-0.01828
MED00046,4,nz_8,-0.00989
MED00047,4,nz_8,0.00523
MED00048,4,nz_8,0.00561
MED00049,4,nz_8,-0.01644
MED00050,4,nz_8,-0.00034
MED00051,4,nz_8,-0.01169
MED00052,4,nz_8,-0.00804
MED00053,4,nz_8,0.00239
MED00054,4,nz_8,0.00257
MED00055,4,nz_8,0.02291
MED00056,4,nz_8,0.0042
MED00057,4,nz_8,-0.01553
MED00058,4,nz_8,-0.02027
MED00059,4,nz_8,0.00244
MED00060,4,nz_8,0.00197
MED00061,4,nz_8,-0.0091
MED00062,4,nz_8,0.00313
MED00063,4,nz_8,-0.01663
MED00064,4,nz_8,-0.00339
MED00065,4,nz_8,0.00561
MED00066,4,nz_8,-0.00579
MED00067,4,nz_8,-0.00557
MED00068,4,nz_8,0.00592
MED00069,4,nz_8,-0.01285
MED00070,4,nz_8,0.00248
MED00071,4,nz_8,0.0033
MED00072,4,nz_8,-0.00403
MED00073,4,nz_8,0.00912
MED00074,4,nz_8,0.00835
MED00075,4,nz_8,-0.00293
MED00076,4,nz_8,-0.00922
MED00077,4,nz_8,0.00371
MED00078,4,nz_8,-0.00101
MED00079,4,nz_8,0.00092
MED00080,4,nz_8,0.00547
MED00081,4,nz_8,-0.01423
MED00082,4,nz_8,0.0005
MED00083,4,nz_8,0.00268
MED00084,4,nz_8,-0.00227
MED00085,4,nz_8,-0.00322
MED00086,4,nz_8,-0.01101
MED00087,4,nz_8,-0.01882
MED00088,4,nz_8,0.00396
MED00089,4,nz_8,-0.00763
MED00090,4,nz_8,-0.00703
MED00091,4,nz_8,-0.01252
MED00092,4,nz_8,-0.02804
MED00093,4,nz_8,-0.02323
MED00094,4,nz_8,-0.00577
MED00095,4,nz_8,0.01173
MED00096,4,nz_8,-0.00528
MED00097,4,nz_8,-0.01314
MED00098,4,nz_8,0.00448
MED00099,4,nz_8,-0.01443
MED00100,4,nz_8,-0.01391
MED00101,4,nz_8,0.00502
MED00102,4,nz_8,-0.01043
MED00103,4,nz_8,-0.00365
MED00104,4,nz_8,0.00514
MED00105,4,nz_8,0.0051
MED00106,4,nz_8,-0.01639
MED00107,4,nz_8,0.00282
MED00108,4,nz_8,0.01206
MED00109,4,nz_8,-0.01431
MED00110,4,nz_8,-0.01525
MED00111,4,nz_8,0.03645
MED00112,4,nz_8,0.01245
MED00113,4,nz_8,-0.00112
MED00114,4,nz_8,-0.00374
MED00115,4,nz_8,-0.01942
MED00116,4,nz_8,-0.00543
MED00117,4,nz_8,-0.02028
MED00118,4,nz_8,-0.01743
MED00119,4,nz_8,-0.01845
MED00120,4,nz_8,-0.00973
MED00121,4,nz_8,-0.00025
MED00122,4,nz_8,0.02393
MED00123,4,nz_8,-0.01083
MED00124,4,nz_8,0.00179
MED00125,4,nz_8,-0.01644
MED00126,4,nz_8,-0.01468
MED00127,4,nz_8,-0.00045
MED00128,4,nz_8,-0.01731
MED00129,4,nz_8,-0.02366
MED00130,4,nz_8,-0.01526
MED00131,4,nz_8,0.00073
MED00132,4,nz_8,-0.01123
MED00133,4,nz_8,-0.01402
MED00134,4,nz_8,-0.01471
MED00135,4,nz_8,-0.00319
MED00136,4,nz_8,-0.01116
MED00137,4,nz_8,0.00611
MED00138,4,nz_8,-0.00024
MED00139,4,nz_8,-0.01887
MED00140,4,nz_8,-0.01574
MED00141,4,nz_8,0.00439
MED00142,4,nz_8,-0.01615
MED00143,4,nz_8,-0.00021
MED00144,4,nz_8,0.00558
MED00145,4,nz_8,0.02325
MED00146,4,nz_8,-0.02192
MED00147,4,nz_8,-0.00024
MED00148,4,nz_8,0.00185
MED00149,4,nz_8,0.01475
MED00150,4,nz_8,0.00199
MED00151,4,nz_8,-0.01927
MED00152,4,nz_8,-0.00221
MED00153,4,nz_8,-0.01939
MED00154,4,nz_8,-0.00021
MED00155,4,nz_8,-0.00289
MED00156,4,nz_8,0.01066
MED00157,4,nz_8,-0.00665
MED00158,4,nz_8,-0.01441
MED00159,4,nz_8,-0.00603
MED00160,4,nz_8,-0.00264
MED00161,4,nz_8,0.00262
MED00162,4,nz_8,-0.00099
MED00163,4,nz_8,-0.01786
MED00164,4,nz_8,0.00011
MED00165,4,nz_8,-0.00751
MED00166,4,nz_8,-0.01654
MED00167,4,nz_8,-0.00515
MED00168,4,nz_8,0.00107
MED00169,4,nz_8,-0.01851
MED00170,4,nz_8,-0.00221
MED00171,4,nz_8,0.00135
MED00172,4,nz_8,0.01259
MED00174,4,nz_8,-0.00521
MED00175,4,nz_8,-0.01121
MED00176,4,nz_8,-0.00771
MED00177,4,nz_8,-0.01499
MED00178,4,nz_8,0.00899
MED00179,4,nz_8,-0.01069
MED00180,4,nz_8,-0.02045
MED00181,4,nz_8,0.01396
MED00182,4,nz_8,-0.01447
MED00183,4,nz_8,-0.02524
MED00184,4,nz_8,-0.01547
MED00185,4,nz_8,-0.00741
MED00186,4,nz_8,-0.01923
MED00187,4,nz_8,-0.01335
MED00188,4,nz_8,0.0119
MED00189,4,nz_8,-0.01334
MED00190,4,nz_8,-0.01881
MED00191,4,nz_8,0.00621
MED00192,4,nz_8,-0.01248
MED00193,4,nz_8,-0.01451
MED00194,4,nz_8,-0.00657
MED00195,4,nz_8,-0.00587
MED00196,4,nz_8,-0.00969
MED00197,4,nz_8,-0.00654
MED00198,4,nz_8,-0.01749
MED00199,4,nz_8,-0.01494
MED00200,4,nz_8,-0.01654
MED00201,4,nz_8,0.00438
MED00202,4,nz_8,-0.01726
MED00203,4,nz_8,-0.00417
MED00204,4,nz_8,-0.01793
MED00205,4,nz_8,0.00481
MED00206,4,nz_8,-0.01537
MED00207,4,nz_8,-0.00425
MED00208,4,nz_8,0.0045
MED00209,4,nz_8,0.01885
MED00210,4,nz_8,0.00109
MED00211,4,nz_8,-0.00334
MED00212,4,nz_8,-0.00801
MED00213,4,nz_8,-0.01472
MED00214,4,nz_8,0.00527
MED00215,4,nz_8,0.01676
MED00216,4,nz_8,-0.01628
MED00217,4,nz_8,-0.01901
MED00218,4,nz_8,0.00894
MED00219,4,nz_8,-0.00593
MED00220,4,nz_8,-0.0053
MED00222,4,nz_8,-0.01081
MED00223,4,nz_8,-0.00916
MED00224,4,nz_8,-0.01836
MED00225,4,nz_8,0.0056
MED00226,4,nz_8,-0.01137
MED00227,4,nz_8,-0.00026
MED00228,4,nz_8,-0.0045
MED00229,4,nz_8,-0.0138
MED00230,4,nz_8,-0.00783
MED00231,4,nz_8,-0.01521
MED00232,4,nz_8,-0.01724
MED00233,4,nz_8,-0.01206
MED00234,4,nz_8,-0.01919
MED00235,4,nz_8,0.00486
MED00236,4,nz_8,-0.02079
MED00237,4,nz_8,0.00724
MED00238,4,nz_8,0.00273
MED00239,4,nz_8,0.01282
MED00240,4,nz_8,0.0048
MED00241,4,nz_8,0.0148
MED00242,4,nz_8,-0.00477
MED00243,4,nz_8,-0.02059
MED00244,4,nz_8,-0.01807
MED00245,4,nz_8,0.00517
MED00246,4,nz_8,0.00102
MED00247,4,nz_8,0.0056
MED00248,4,nz_8,0.00056
MED00249,4,nz_8,-0.00232
MED00250,4,nz_8,0.00236
MED00251,4,nz_8,-0.00522
MED00252,4,nz_8,-0.01223
MED00253,4,nz_8,0.0152
MED00254,4,nz_8,-0.00954
MED00255,4,nz_8,0.00521
MED00256,4,nz_8,-0.02017
MED00257,4,nz_8,0.00297
MED00258,4,nz_8,-0.00335
MED00259,4,nz_8,-0.00479
MED00260,4,nz_8,-0.01317
MED00261,4,nz_8,-0.01213
MED00262,4,nz_8,0.00898
MED00263,4,nz_8,0.00979
MED00264,4,nz_8,-0.01588
MED00265,4,nz_8,0.00579
MED00266,4,nz_8,-0.00288
MED00267,4,nz_8,0.0114
MED00268,4,nz_8,-0.00218
MED00269,4,nz_8,-0.0185
MED00270,4,nz_8,0.02547
MED00271,4,nz_8,-0.00366
MED00272,4,nz_8,0.00831
MED00273,4,nz_8,0.01208
MED00274,4,nz_8,-0.01139
MED00275,4,nz_8,0.00432
MED00276,4,nz_8,-0.01747
MED00277,4,nz_8,-0.01335
MED00278,4,nz_8,0.00591
MED00279,4,nz_8,0.00177
MED00280,4,nz_8,-0.0208
MED00281,4,nz_8,0.00465
MED00282,4,nz_8,0.00913
MED00283,4,nz_8,-0.00251
MED00284,4,nz_8,-0.01185
MED00285,4,nz_8,0.00248
MED00286,4,nz_8,0.00239
MED00287,4,nz_8,0.01224
MED00288,4,nz_8,-0.00564
MED00290,4,nz_8,-0.01936
MED00291,4,nz_8,-0.01681
MED00292,4,nz_8,-0.01925
MED00293,4,nz_8,0.00406
MED00294,4,nz_8,-0.01522
MED00295,4,nz_8,-0.0168
MED00296,4,nz_8,-0.00571
MED00297,4,nz_8,0.0046
MED00298,4,nz_8,-0.00704
MED00299,4,nz_8,-0.01337
MED00300,4,nz_8,-0.02165
MED00301,4,nz_8,0.00539
MED00302,4,nz_8,-0.00834
MED00303,4,nz_8,-0.00149
MED00304,4,nz_8,-0.00151
MED00305,4,nz_8,-0.01812
MED00306,4,nz_8,-0.01693
MED00307,4,nz_8,-0.00029
MED00308,4,nz_8,-0.01173
MED00309,4,nz_8,0.01084
MED00310,4,nz_8,-0.00249
MED00311,4,nz_8,0.00396
MED00312,4,nz_8,-0.01081
MED00313,4,nz_8,-0.01941
MED00314,4,nz_8,-0.00266
MED00315,4,nz_8,0.00382
MED00316,4,nz_8,-0.00148
MED00317,4,nz_8,-0.01771
MED00318,4,nz_8,0.0045
MED00319,4,nz_8,0.0048
MED00320,4,nz_8,-0.00089
MED00321,4,nz_8,-0.014
MED00322,4,nz_8,-0.01536
MED00323,4,nz_8,-0.00019
MED00324,4,nz_8,0.00078
MED00325,4,nz_8,0.00427
MED00326,4,nz_8,0.00319
MED00327,4,nz_8,-0.00364
MED00328,4,nz_8,0.00555
MED00329,4,nz_8,0.00472
MED00330,4,nz_8,-0.00143
MED00331,4,nz_8,0.00225
MED00332,4,nz_8,-0.00592
MED00333,4,nz_8,0.00739
MED00334,4,nz_8,-0.00694
MED00335,4,nz_8,0.00192
MED00336,4,nz_8,0.00345
MED00337,4,nz_8,-0.00178
MED00338,4,nz_8,-0.0065
MED00339,4,nz_8,-0.01372
MED00340,4,nz_8,-0.01646
MED00341,4,nz_8,0.00435
MED00342,4,nz_8,-0.003
MED00343,4,nz_8,0.00537
MED00344,4,nz_8,-0.00655
MED00345,4,nz_8,-0.01527
MED00346,4,nz_8,-0.00434
MED00347,4,nz_8,-0.01461
MED00348,4,nz_8,-0.0216
MED00349,4,nz_8,0.01599
MED00350,4,nz_8,-0.01745
MED00351,4,nz_8,-0.01472
MED00352,4,nz_8,-0.01594
MED00353,4,nz_8,-0.0147
MED00354,4,nz_8,-0.01485
MED00355,4,nz_8,0.00082
MED00356,4,nz_8,-0.00011
MED00357,4,nz_8,-0.00543
MED00358,4,nz_8,0.00102
MED00359,4,nz_8,-0.01975
MED00360,4,nz_8,-0.00111
MED00361,4,nz_8,0.01192
MED00362,4,nz_8,0.01606
MED00363,4,nz_8,-0.0173
MED00364,4,nz_8,-0.01394
MED00365,4,nz_8,-0.0054
MED00366,4,nz_8,0.00522
MED00367,4,nz_8,-0.00347
MED00368,4,nz_8,0.0115
MED00369,4,nz_8,0.00421
MED00370,4,nz_8,-0.01168
MED00371,4,nz_8,-0.0033
MED00372,4,nz_8,-0.01329
MED00373,4,nz_8,0.02272
MED00374,4,nz_8,0.00106
MED00375,4,nz_8,-0.00544
MED00376,4,nz_8,-0.01806
MED00377,4,nz_8,-0.018
MED00378,4,nz_8,0.01484
MED00379,4,nz_8,-0.0128
MED00380,4,nz_8,-0.01422
MED00381,4,nz_8,-0.01572
MED00382,4,nz_8,0.00195
MED00383,4,nz_8,0.00747
MED00384,4,nz_8,-0.00159
MED00385,4,nz_8,0.00598
MED00386,4,nz_8,0.0046
MED00387,4,nz_8,0.00601
MED00388,4,nz_8,0.00428
MED00389,4,nz_8,0.00044
MED00390,4,nz_8,0.00398
MED00391,4,nz_8,0.00421
MED00392,4,nz_8,0.00494
MED00393,4,nz_8,-0.00186
MED00394,4,nz_8,0.00459
MED00395,4,nz_8,0.00569
MED00396,4,nz_8,0.00743
MED00397,4,nz_8,-0.00165
MED00398,4,nz_8,0.00378
MED00399,4,nz_8,0.00351
MED00400,4,nz_8,0.00349
MED00401,4,nz_8,0.00375
MED00402,4,nz_8,0.0034
MED00403,4,nz_8,0.00081
MED00404,4,nz_8,0.00994
MED00405,4,nz_8,0.00334
MED00406,4,nz_8,0.00483
MED00407,4,nz_8,0.0038
MED00408,4,nz_8,0.00236
MED00409,4,nz_8,-0.00239
MED00410,4,nz_8,0.0047
MED00411,4,nz_8,0.00397
MED00412,4,nz_8,-0.00097
MED00413,4,nz_8,-0.00207
MED00414,4,nz_8,0.00383
MED00415,4,nz_8,0.00312
MED00416,4,nz_8,0.00269
MED00417,4,nz_8,0.00173
MED00418,4,nz_8,0.00482
MED00419,4,nz_8,0.00307
MED00420,4,nz_8,0.00536
MED00421,4,nz_8,0.00506
MED00422,4,nz_8,0.00291
MED00423,4,nz_8,0.00379
MED00424,4,nz_8,0.00444
MED00001,5,nz_8,0.00393
MED00002,5,nz_8,-0.01857
MED00003,5,nz_8,-0.01301
MED00004,5,nz_8,-0.00662
MED00005,5,nz_8,-0.00756
MED00006,5,nz_8,-0.01672
MED00007,5,nz_8,0.00303
MED00008,5,nz_8,0.04703
MED00009,5,nz_8,0.01399
MED00010,5,nz_8,0.01063
MED00012,5,nz_8,-0.01625
MED00013,5,nz_8,0.00903
MED00014,5,nz_8,0.00143
MED00015,5,nz_8,0.02663
MED00016,5,nz_8,0.0111
MED00017,5,nz_8,-0.01501
MED00018,5,nz_8,0.00467
MED00019,5,nz_8,0.00617
MED00020,5,nz_8,0.00167
MED00021,5,nz_8,0.01094
MED00022,5,nz_8,0.01272
MED00023,5,nz_8,-0.01933
MED00024,5,nz_8,-0.00353
MED00025,5,nz_8,-0.0131
MED00026,5,nz_8,-0.01058
MED00027,5,nz_8,-0.01223
MED00028,5,nz_8,-0.00813
MED00029,5,nz_8,0.00381
MED00030,5,nz_8,0.00266
MED00031,5,nz_8,-0.00612
MED00032,5,nz_8,-0.00046
MED00033,5,nz_8,-0.01687
MED00034,5,nz_8,-0.00344
MED00035,5,nz_8,-0.02161
MED00036,5,nz_8,0.01958
MED00037,5,nz_8,-0.0084
MED00038,5,nz_8,0.0034
MED00039,5,nz_8,-0.01015
MED00040,5,nz_8,-0.01152
MED00041,5,nz_8,-0.01023
MED00042,5,nz_8,0.01418
MED00043,5,nz_8,-0.00629
MED00044,5,nz_8,-0.00932
MED00045,5,nz_8,-0.01394
MED00046,5,nz_8,-0.00947
MED00047,5,nz_8,0.00473
MED00048,5,nz_8,0.00559
MED00049,5,nz_8,-0.01453
MED00050,5,nz_8,0.00056
MED00051,5,nz_8,-0.01098
MED00052,5,nz_8,-0.00726
MED00053,5,nz_8,0.00231
MED00054,5,nz_8,0.00249
MED00055,5,nz_8,0.02014
MED00056,5,nz_8,0.00552
MED00057,5,nz_8,-0.01288
MED00058,5,nz_8,-0.01683
MED00059,5,nz_8,0.00306
MED00060,5,nz_8,0.00342
MED00061,5,nz_8,-0.00839
MED00062,5,nz_8,0.00343
MED00063,5,nz_8,-0.01568
MED00064,5,nz_8,-0.00202
MED00065,5,nz_8,0.00601
MED00066,5,nz_8,-0.00521
MED00067,5,nz_8,-0.00591
MED00068,5,nz_8,0.01059
MED00069,5,nz_8,-0.01348
MED00070,5,nz_8,0.00267
MED00071,5,nz_8,0.00468
MED00072,5,nz_8,-0.00291
MED00073,5,nz_8,0.01804
MED00074,5,nz_8,0.01175
MED00075,5,nz_8,-0.002
MED00076,5,nz_8,-0.00865
MED00077,5,nz_8,0.00835
MED00078,5,nz_8,-0.00102
MED00079,5,nz_8,0.0018
MED00080,5,nz_8,0.0097
MED00081,5,nz_8,-0.01365
MED00082,5,nz_8,0.00177
MED00083,5,nz_8,0.00736
MED00084,5,nz_8,-0.00216
MED00085,5,nz_8,-0.00217
MED00086,5,nz_8,-0.0088
MED00087,5,nz_8,-0.01741
MED00088,5,nz_8,0.00369
MED00089,5,nz_8,-0.00675
MED00090,5,nz_8,-0.00229
MED00091,5,nz_8,-0.01424
MED00092,5,nz_8,-0.02235
MED00093,5,nz_8,-0.01943
MED00094,5,nz_8,-0.00719
MED00095,5,nz_8,0.01353
MED00096,5,nz_8,-0.00906
MED00097,5,nz_8,-0.0104
MED00098,5,nz_8,0.00439
MED00099,5,nz_8,-0.0125
MED00100,5,nz_8,-0.01301
MED00101,5,nz_8,0.00491
MED00102,5,nz_8,-0.01096
MED00103,5,nz_8,-0.00549
MED00104,5,nz_8,0.00517
MED00105,5,nz_8,0.00545
MED00106,5,nz_8,-0.01544
MED00107,5,nz_8,0.00323
MED00108,5,nz_8,0.01387
MED00109,5,nz_8,-0.01234
MED00110,5,nz_8,-0.01382
MED00111,5,nz_8,0.03579
MED00112,5,nz_8,0.01309
MED00113,5,nz_8,-0.00274
MED00114,5,nz_8,-0.00436
MED00115,5,nz_8,-0.01879
MED00116,5,nz_8,-0.00525
MED00117,5,nz_8,-0.02046
MED00118,5,nz_8,-0.01481
MED00119,5,nz_8,-0.01774
MED00120,5,nz_8,-0.01016
MED00121,5,nz_8,-0.00083
MED00122,5,nz_8,0.02538
MED00123,5,nz_8,-0.00928
MED00124,5,nz_8,0.00234
MED00125,5,nz_8,-0.01586
MED00126,5,nz_8,-0.01323
MED00127,5,nz_8,-0.00153
MED00128,5,nz_8,-0.01664
MED00129,5,nz_8,-0.0212
MED00130,5,nz_8,-0.01452
MED00131,5,nz_8,0.00169
MED00132,5,nz_8,-0.01006
MED00133,5,nz_8,-0.01318
MED00134,5,nz_8,-0.01331
MED00135,5,nz_8,-0.00317
MED00136,5,nz_8,-0.01447
MED00137,5,nz_8,0.00456
MED00138,5,nz_8,-0.00187
MED00139,5,nz_8,-0.01861
MED00140,5,nz_8,-0.01424
MED00141,5,nz_8,0.00598
MED00142,5,nz_8,-0.01413
MED00143,5,nz_8,-0.00257
MED00144,5,nz_8,0.00614
MED00145,5,nz_8,0.02325
MED00146,5,nz_8,-0.02069
MED00147,5,nz_8,0.00121
MED00148,5,nz_8,0.00193
MED00149,5,nz_8,0.01821
MED00150,5,nz_8,-0.00301
MED00151,5,nz_8,-0.01861
MED00152,5,nz_8,-0.00373
MED00153,5,nz_8,-0.01841
MED00154,5,nz_8,0.00029
MED00155,5,nz_8,-0.00426
MED00156,5,nz_8,0.01537
MED00157,5,nz_8,-0.00639
MED00158,5,nz_8,-0.01221
MED00159,5,nz_8,-0.00643
MED00160,5,nz_8,-0.00282
MED00161,5,nz_8,0.00318
MED00162,5,nz_8,-0.00267
MED00163,5,nz_8,-0.01711
MED00164,5,nz_8,0.00064
MED00165,5,nz_8,-0.0076
MED00166,5,nz_8,-0.01486
MED00167,5,nz_8,-0.00569
MED00168,5,nz_8,-0.00079
MED00169,5,nz_8,-0.01637
MED00170,5,nz_8,-0.00324
MED00171,5,nz_8,0.00159
MED00172,5,nz_8,0.03399
MED00173,5,nz_8,0.00078
MED00174,5,nz_8,-0.00386
MED00175,5,nz_8,-0.01003
MED00176,5,nz_8,-0.00759
MED00177,5,nz_8,-0.01278
MED00178,5,nz_8,0.01406
MED00179,5,nz_8,-0.01036
MED00180,5,nz_8,-0.01831
MED00181,5,nz_8,0.01452
MED00182,5,nz_8,-0.01227
MED00183,5,nz_8,-0.03614
MED00184,5,nz_8,-0.01472
MED00185,5,nz_8,-0.00358
MED00186,5,nz_8,-0.0186
MED00187,5,nz_8,-0.01265
MED00188,5,nz_8,0.01281
MED00189,5,nz_8,-0.01276
MED00190,5,nz_8,-0.01717
MED00191,5,nz_8,0.00728
MED00192,5,nz_8,-0.01196
MED00193,5,nz_8,-0.01388
MED00194,5,nz_8,-0.00646
MED00195,5,nz_8,-0.00384
MED00196,5,nz_8,-0.00882
MED00197,5,nz_8,-0.00647
MED00198,5,nz_8,-0.01599
MED00199,5,nz_8,-0.01745
MED00200,5,nz_8,-0.01531
MED00201,5,nz_8,0.0038
MED00202,5,nz_8,-0.0143
MED00203,5,nz_8,-0.00318
MED00204,5,nz_8,-0.01619
MED00205,5,nz_8,0.00489
MED00206,5,nz_8,-0.01616
MED00207,5,nz_8,-0.00556
MED00208,5,nz_8,0.0046
MED00209,5,nz_8,0.02442
MED00210,5,nz_8,-0.00176
MED00211,5,nz_8,-0.00387
MED00212,5,nz_8,-0.00687
MED00213,5,nz_8,-0.01341
MED00214,5,nz_8,0.0053
MED00215,5,nz_8,0.01128
MED00216,5,nz_8,-0.01547
MED00217,5,nz_8,-0.01837
MED00218,5,nz_8,0.00974
MED00219,5,nz_8,-0.00426
MED00220,5,nz_8,-0.00596
MED00221,5,nz_8,0.00031
MED00222,5,nz_8,-0.0088
MED00223,5,nz_8,-0.009
MED00224,5,nz_8,-0.01649
MED00225,5,nz_8,0.00789
MED00226,5,nz_8,-0.01351
MED00227,5,nz_8,0.00036
MED00228,5,nz_8,-0.00336
MED00229,5,nz_8,-0.01316
MED00230,5,nz_8,-0.0081
MED00231,5,nz_8,-0.01278
MED00232,5,nz_8,-0.01698
MED00233,5,nz_8,-0.01121
MED00234,5,nz_8,-0.019
MED00235,5,nz_8,0.00539
MED00236,5,nz_8,-0.02136
MED00237,5,nz_8,0.008
MED00238,5,nz_8,0.00159
MED00239,5,nz_8,0.01405
MED00240,5,nz_8,0.00748
MED00241,5,nz_8,0.01518
MED00242,5,nz_8,-0.00477
MED00243,5,nz_8,-0.01863
MED00244,5,nz_8,-0.01599
MED00245,5,nz_8,0.00538
MED00246,5,nz_8,0.00101
MED00247,5,nz_8,0.0057
MED00248,5,nz_8,0.00214
MED00249,5,nz_8,-0.00252
MED00250,5,nz_8,0.00241
MED00251,5,nz_8,-0.00655
MED00252,5,nz_8,-0.01143
MED00253,5,nz_8,0.01828
MED00254,5,nz_8,-0.00874
MED00255,5,nz_8,0.00841
MED00256,5,nz_8,-0.02026
MED00257,5,nz_8,0.00358
MED00258,5,nz_8,-0.00417
MED00259,5,nz_8,-0.00428
MED00260,5,nz_8,-0.01203
MED00261,5,nz_8,-0.01219
MED00262,5,nz_8,0.01426
MED00263,5,nz_8,0.01243
MED00264,5,nz_8,-0.01407
MED00265,5,nz_8,0.00567
MED00266,5,nz_8,-0.0038
MED00267,5,nz_8,0.01099
MED00268,5,nz_8,-0.00146
MED00269,5,nz_8,-0.01746
MED00270,5,nz_8,0.02749
MED00271,5,nz_8,0.00365
MED00272,5,nz_8,0.01054
MED00273,5,nz_8,0.0186
MED00274,5,nz_8,-0.00981
MED00275,5,nz_8,0.00416
MED00276,5,nz_8,-0.01594
MED00277,5,nz_8,-0.01277
MED00278,5,nz_8,0.006
MED00279,5,nz_8,0.0016
MED00280,5,nz_8,-0.019
MED00281,5,nz_8,0.00496
MED00282,5,nz_8,0.01448
MED00283,5,nz_8,-0.00429
MED00284,5,nz_8,-0.01163
MED00285,5,nz_8,0.00274
MED00286,5,nz_8,0.00427
MED00287,5,nz_8,0.01348
MED00288,5,nz_8,-0.00525
MED00289,5,nz_8,0.00058
MED00290,5,nz_8,-0.01884
MED00291,5,nz_8,-0.01658
MED00292,5,nz_8,-0.01857
MED00293,5,nz_8,0.00731
MED00294,5,nz_8,-0.01196
MED00295,5,nz_8,-0.01299
MED00296,5,nz_8,-0.00545
MED00297,5,nz_8,0.00476
MED00298,5,nz_8,-0.00803
MED00299,5,nz_8,-0.00985
MED00300,5,nz_8,-0.01864
MED00301,5,nz_8,0.00583
MED00302,5,nz_8,-0.00832
MED00303,5,nz_8,-0.00175
MED00304,5,nz_8,0.00059
MED00305,5,nz_8,-0.01725
MED00306,5,nz_8,-0.01275
MED00307,5,nz_8,-0.00035
MED00308,5,nz_8,-0.01093
MED00309,5,nz_8,0.01384
MED00310,5,nz_8,-0.0013
MED00311,5,nz_8,0.00742
MED00312,5,nz_8,-0.00937
MED00313,5,nz_8,-0.01984
MED00314,5,nz_8,-0.00307
MED00315,5,nz_8,0.00421
MED00317,5,nz_8,-0.01667
MED00318,5,nz_8,0.00692
MED00319,5,nz_8,0.00507
MED00320,5,nz_8,0.00197
MED00321,5,nz_8,-0.01478
MED00322,5,nz_8,-0.01462
MED00323,5,nz_8,0.00562
MED00324,5,nz_8,0.00281
MED00325,5,nz_8,0.00558
MED00326,5,nz_8,0.00379
MED00327,5,nz_8,-0.00582
MED00328,5,nz_8,0.0058
MED00329,5,nz_8,0.00482
MED00330,5,nz_8,-0.00071
MED00331,5,nz_8,0.00262
MED00332,5,nz_8,-0.00724
MED00333,5,nz_8,0.01049
MED00334,5,nz_8,-0.00699
MED00335,5,nz_8,0.00362
MED00336,5,nz_8,0.00384
MED00337,5,nz_8,-0.00105
MED00338,5,nz_8,-0.00062
MED00339,5,nz_8,-0.01281
MED00340,5,nz_8,-0.01299
MED00341,5,nz_8,0.00421
MED00342,5,nz_8,-0.00459
MED00343,5,nz_8,0.00542
MED00344,5,nz_8,-0.00416
MED00345,5,nz_8,-0.01453
MED00346,5,nz_8,-0.00638
MED00347,5,nz_8,-0.01371
MED00348,5,nz_8,-0.0196
MED00349,5,nz_8,0.01603
MED00350,5,nz_8,-0.01761
MED00351,5,nz_8,-0.01326
MED00352,5,nz_8,-0.01536
MED00353,5,nz_8,-0.01325
MED00354,5,nz_8,-0.0134
MED00355,5,nz_8,0.00634
MED00356,5,nz_8,-0.002
MED00357,5,nz_8,-0.00469
MED00358,5,nz_8,0.00426
MED00359,5,nz_8,-0.01821
MED00360,5,nz_8,-0.00208
MED00361,5,nz_8,0.01216
MED00362,5,nz_8,0.017
MED00363,5,nz_8,-0.01594
MED00364,5,nz_8,-0.01304
MED00365,5,nz_8,-0.00701
MED00366,5,nz_8,0.00526
MED00367,5,nz_8,-0.00455
MED00368,5,nz_8,0.01274
MED00369,5,nz_8,0.00738
MED00370,5,nz_8,-0.01084
MED00371,5,nz_8,-0.0044
MED00372,5,nz_8,-0.01271
MED00373,5,nz_8,0.02255
MED00374,5,nz_8,0.00393
MED00375,5,nz_8,-0.00648
MED00376,5,nz_8,-0.01672
MED00377,5,nz_8,-0.01576
MED00378,5,nz_8,0.01421
MED00379,5,nz_8,-0.01994
MED00380,5,nz_8,-0.01277
MED00381,5,nz_8,-0.00495
MED00382,5,nz_8,0.0043
MED00383,5,nz_8,0.00773
MED00384,5,nz_8,-0.00317
MED00385,5,nz_8,0.00558
MED00386,5,nz_8,0.0048
MED00387,5,nz_8,0.0058
MED00388,5,nz_8,0.00553
MED00389,5,nz_8,0.00053
MED00390,5,nz_8,0.00388
MED00391,5,nz_8,0.00433
MED00392,5,nz_8,0.00494
MED00393,5,nz_8,-0.00164
MED00394,5,nz_8,0.00445
MED00395,5,nz_8,0.0052
MED00396,5,nz_8,0.0083
MED00397,5,nz_8,-0.00084
MED00398,5,nz_8,0.00454
MED00399,5,nz_8,0.00429
MED00400,5,nz_8,0.00422
MED00401,5,nz_8,0.00437
MED00402,5,nz_8,0.00261
MED00403,5,nz_8,0.00205
MED00404,5,nz_8,0.01033
MED00405,5,nz_8,0.00438
MED00406,5,nz_8,0.0049
MED00407,5,nz_8,0.00368
MED00408,5,nz_8,0.00209
MED00409,5,nz_8,-0.00109
MED00410,5,nz_8,0.00541
MED00411,5,nz_8,0.00362
MED00412,5,nz_8,-0.00113
MED00413,5,nz_8,-0.0022
MED00414,5,nz_8,0.00372
MED00415,5,nz_8,0.00257
MED00416,5,nz_8,0.00288
MED00417,5,nz_8,0.00217
MED00418,5,nz_8,0.00433
MED00419,5,nz_8,0.00331
MED00420,5,nz_8,0.00584
MED00421,5,nz_8,0.00513
MED00422,5,nz_8,0.00226
MED00423,5,nz_8,0.00391
MED00424,5,nz_8,0.00511
MED00001,6,nz_8,0.00462
MED00002,6,nz_8,-0.0191
MED00003,6,nz_8,-0.01364
MED00004,6,nz_8,-0.00736
MED00005,6,nz_8,-0.00799
MED00006,6,nz_8,-0.01742
MED00007,6,nz_8,0.00273
MED00008,6,nz_8,0.04718
MED00009,6,nz_8,0.01404
MED00010,6,nz_8,0.01138
MED00011,6,nz_8,0.00028
MED00012,6,nz_8,-0.017
MED00013,6,nz_8,0.00906
MED00014,6,nz_8,0.00193
MED00015,6,nz_8,0.02635
MED00016,6,nz_8,0.01112
MED00017,6,nz_8,-0.01532
MED00018,6,nz_8,0.00531
MED00019,6,nz_8,0.00675
MED00020,6,nz_8,0.00187
MED00021,6,nz_8,0.00866
MED00022,6,nz_8,0.01259
MED00023,6,nz_8,-0.02184
MED00024,6,nz_8,-0.00405
MED00025,6,nz_8,-0.01362
MED00026,6,nz_8,-0.01269
MED00027,6,nz_8,-0.01275
MED00028,6,nz_8,-0.00842
MED00029,6,nz_8,0.00449
MED00030,6,nz_8,0.00265
MED00031,6,nz_8,-0.00709
MED00032,6,nz_8,-0.00092
MED00033,6,nz_8,-0.01759
MED00034,6,nz_8,0.00249
MED00035,6,nz_8,-0.02164
MED00036,6,nz_8,0.01739
MED00037,6,nz_8,-0.00902
MED00038,6,nz_8,0.0039
MED00039,6,nz_8,-0.01277
MED00040,6,nz_8,-0.01208
MED00041,6,nz_8,-0.01324
MED00042,6,nz_8,0.01377
MED00043,6,nz_8,-0.00691
MED00044,6,nz_8,-0.00972
MED00045,6,nz_8,-0.01479
MED00046,6,nz_8,-0.01199
MED00047,6,nz_8,0.00485
MED00048,6,nz_8,0.00609
MED00049,6,nz_8,-0.01516
MED00050,6,nz_8,-0.00292
MED00051,6,nz_8,-0.01156
MED00052,6,nz_8,-0.0078
MED00053,6,nz_8,0.003
MED00054,6,nz_8,0.00318
MED00055,6,nz_8,0.01956
MED00056,6,nz_8,0.00519
MED00057,6,nz_8,-0.01527
MED00058,6,nz_8,-0.01757
MED00059,6,nz_8,0.00356
MED00060,6,nz_8,0.00329
MED00061,6,nz_8,-0.00867
MED00062,6,nz_8,0.00394
MED00063,6,nz_8,-0.0163
MED00064,6,nz_8,-0.0043
MED00065,6,nz_8,0.00615
MED00066,6,nz_8,-0.00549
MED00067,6,nz_8,-0.00622
MED00068,6,nz_8,0.01122
MED00069,6,nz_8,-0.01522
MED00070,6,nz_8,0.00317
MED00071,6,nz_8,0.00428
MED00072,6,nz_8,-0.00342
MED00073,6,nz_8,0.01854
MED00074,6,nz_8,0.01161
MED00075,6,nz_8,-0.00251
MED00076,6,nz_8,-0.00918
MED00077,6,nz_8,0.0084
MED00078,6,nz_8,-0.00488
MED00079,6,nz_8,-0.00102
MED00080,6,nz_8,0.01021
MED00081,6,nz_8,-0.01419
MED00082,6,nz_8,-0.00084
MED00083,6,nz_8,0.00723
MED00084,6,nz_8,-0.00209
MED00085,6,nz_8,-0.00258
MED00086,6,nz_8,-0.01142
MED00087,6,nz_8,-0.01816
MED00088,6,nz_8,0.00426
MED00089,6,nz_8,-0.0097
MED00090,6,nz_8,-0.00275
MED00091,6,nz_8,-0.01471
MED00092,6,nz_8,-0.02266
MED00093,6,nz_8,-0.01982
MED00094,6,nz_8,-0.00758
MED00095,6,nz_8,0.01356
MED00096,6,nz_8,-0.00951
MED00097,6,nz_8,-0.01302
MED00098,6,nz_8,0.00544
MED00099,6,nz_8,-0.01302
MED00100,6,nz_8,-0.01363
MED00101,6,nz_8,0.00503
MED00102,6,nz_8,-0.01161
MED00103,6,nz_8,-0.00624
MED00104,6,nz_8,0.00531
MED00105,6,nz_8,0.00567
MED00106,6,nz_8,-0.01607
MED00107,6,nz_8,0.00339
MED00108,6,nz_8,0.01358
MED00109,6,nz_8,-0.01307
MED00110,6,nz_8,-0.01455
MED00111,6,nz_8,0.03539
MED00112,6,nz_8,0.0131
MED00113,6,nz_8,-0.00305
MED00114,6,nz_8,-0.00561
MED00115,6,nz_8,-0.01953
MED00116,6,nz_8,-0.00786
MED00117,6,nz_8,-0.02171
MED00118,6,nz_8,-0.01511
MED00119,6,nz_8,-0.01805
MED00120,6,nz_8,-0.01315
MED00121,6,nz_8,-0.00139
MED00122,6,nz_8,0.02552
MED00123,6,nz_8,-0.01195
MED00124,6,nz_8,0.00235
MED00125,6,nz_8,-0.01648
MED00126,6,nz_8,-0.01396
MED00127,6,nz_8,-0.00455
MED00128,6,nz_8,-0.01711
MED00129,6,nz_8,-0.022
MED00130,6,nz_8,-0.01514
MED00131,6,nz_8,0.00128
MED00132,6,nz_8,-0.01275
MED00133,6,nz_8,-0.01413
MED00134,6,nz_8,-0.01405
MED00135,6,nz_8,-0.00879
MED00136,6,nz_8,-0.01528
MED00137,6,nz_8,0.00205
MED00138,6,nz_8,-0.00251
MED00139,6,nz_8,-0.01946
MED00140,6,nz_8,-0.01455
MED00141,6,nz_8,0.00292
MED00142,6,nz_8,-0.01675
MED00143,6,nz_8,-0.0029
MED00144,6,nz_8,0.00668
MED00145,6,nz_8,0.02271
MED00146,6,nz_8,-0.021
MED00147,6,nz_8,-0.0013
MED00148,6,nz_8,0.00237
MED00149,6,nz_8,0.01837
MED00150,6,nz_8,-0.00553
MED00151,6,nz_8,-0.01892
MED00152,6,nz_8,-0.00404
MED00153,6,nz_8,-0.01914
MED00154,6,nz_8,0.00016
MED00155,6,nz_8,-0.00457
MED00156,6,nz_8,0.01524
MED00157,6,nz_8,-0.00679
MED00158,6,nz_8,-0.01273
MED00159,6,nz_8,-0.00911
MED00160,6,nz_8,-0.00313
MED00161,6,nz_8,0.0084
MED00162,6,nz_8,-0.00364
MED00163,6,nz_8,-0.01752
MED00164,6,nz_8,-0.00188
MED00165,6,nz_8,-0.00846
MED00166,6,nz_8,-0.01561
MED00167,6,nz_8,-0.006
MED00168,6,nz_8,-0.0034
MED00169,6,nz_8,-0.01673
MED00170,6,nz_8,-0.00355
MED00171,6,nz_8,0.00128
MED00172,6,nz_8,0.03462
MED00173,6,nz_8,-0.0026
MED00174,6,nz_8,-0.00436
MED00175,6,nz_8,-0.01253
MED00176,6,nz_8,-0.0084
MED00177,6,nz_8,-0.0133
MED00178,6,nz_8,0.01308
MED00179,6,nz_8,-0.01296
MED00180,6,nz_8,-0.01906
MED00181,6,nz_8,0.01409
MED00182,6,nz_8,-0.01279
MED00183,6,nz_8,-0.04099
MED00184,6,nz_8,-0.01598
MED00185,6,nz_8,-0.00454
MED00186,6,nz_8,-0.01936
MED00187,6,nz_8,-0.01491
MED00188,6,nz_8,0.01282
MED00189,6,nz_8,-0.01328
MED00190,6,nz_8,-0.01792
MED00191,6,nz_8,0.0076
MED00192,6,nz_8,-0.01234
MED00193,6,nz_8,-0.0145
MED00194,6,nz_8,-0.00716
MED00195,6,nz_8,-0.00455
MED00196,6,nz_8,-0.01031
MED00197,6,nz_8,-0.00717
MED00198,6,nz_8,-0.0163
MED00199,6,nz_8,-0.01842
MED00200,6,nz_8,-0.01793
MED00201,6,nz_8,0.00424
MED00202,6,nz_8,-0.01505
MED00203,6,nz_8,-0.00369
MED00204,6,nz_8,-0.01703
MED00205,6,nz_8,0.00511
MED00206,6,nz_8,-0.01661
MED00207,6,nz_8,-0.00602
MED00208,6,nz_8,0.00482
MED00209,6,nz_8,0.02511
MED00210,6,nz_8,-0.00228
MED00211,6,nz_8,-0.00728
MED00212,6,nz_8,-0.01042
MED00213,6,nz_8,-0.01392
MED00214,6,nz_8,0.00544
MED00215,6,nz_8,0.01627
MED00216,6,nz_8,-0.01609
MED00217,6,nz_8,-0.01892
MED00218,6,nz_8,0.00929
MED00219,6,nz_8,-0.00501
MED00220,6,nz_8,-0.00671
MED00221,6,nz_8,-0.00143
MED00222,6,nz_8,-0.01142
MED00223,6,nz_8,-0.01026
MED00224,6,nz_8,-0.01724
MED00225,6,nz_8,0.0084
MED00226,6,nz_8,-0.01689
MED00227,6,nz_8,0.00022
MED00228,6,nz_8,-0.00431
MED00229,6,nz_8,-0.01367
MED00230,6,nz_8,-0.00856
MED00231,6,nz_8,-0.01309
MED00232,6,nz_8,-0.01943
MED00233,6,nz_8,-0.01214
MED00234,6,nz_8,-0.01931
MED00235,6,nz_8,0.00637
MED00236,6,nz_8,-0.02261
MED00237,6,nz_8,0.00868
MED00238,6,nz_8,0.00128
MED00239,6,nz_8,0.01392
MED00240,6,nz_8,0.00798
MED00241,6,nz_8,0.01444
MED00242,6,nz_8,-0.00557
MED00243,6,nz_8,-0.01916
MED00244,6,nz_8,-0.01674
MED00245,6,nz_8,0.0057
MED00246,6,nz_8,0.00087
MED00247,6,nz_8,0.00584
MED00248,6,nz_8,0.00124
MED00249,6,nz_8,0.0034
MED00250,6,nz_8,0.00295
MED00251,6,nz_8,-0.00686
MED00252,6,nz_8,-0.01212
MED00253,6,nz_8,0.01869
MED00254,6,nz_8,-0.00944
MED00255,6,nz_8,0.00922
MED00256,6,nz_8,-0.02087
MED00257,6,nz_8,0.00408
MED00258,6,nz_8,-0.00755
MED00259,6,nz_8,-0.0046
MED00260,6,nz_8,-0.01248
MED00261,6,nz_8,-0.01296
MED00262,6,nz_8,0.01487
MED00263,6,nz_8,0.01244
MED00264,6,nz_8,-0.0148
MED00265,6,nz_8,0.00581
MED00266,6,nz_8,-0.00941
MED00267,6,nz_8,0.01091
MED00268,6,nz_8,-0.00176
MED00269,6,nz_8,-0.01777
MED00270,6,nz_8,0.02785
MED00271,6,nz_8,0.00312
MED00272,6,nz_8,0.01593
MED00273,6,nz_8,0.01928
MED00274,6,nz_8,-0.0125
MED00275,6,nz_8,0.00484
MED00276,6,nz_8,-0.01636
MED00277,6,nz_8,-0.01339
MED00278,6,nz_8,0.00614
MED00279,6,nz_8,0.0024
MED00280,6,nz_8,-0.01953
MED00281,6,nz_8,0.00564
MED00282,6,nz_8,0.0218
MED00283,6,nz_8,-0.00767
MED00284,6,nz_8,-0.01208
MED00285,6,nz_8,0.00288
MED00286,6,nz_8,0.00478
MED00287,6,nz_8,0.01348
MED00288,6,nz_8,-0.00585
MED00289,6,nz_8,0.00108
MED00290,6,nz_8,-0.01917
MED00291,6,nz_8,-0.01782
MED00292,6,nz_8,-0.01966
MED00293,6,nz_8,0.00579
MED00294,6,nz_8,-0.01447
MED00295,6,nz_8,-0.0151
MED00296,6,nz_8,-0.00883
MED00297,6,nz_8,0.0049
MED00298,6,nz_8,-0.00849
MED00299,6,nz_8,-0.01035
MED00300,6,nz_8,-0.01939
MED00301,6,nz_8,0.00633
MED00302,6,nz_8,-0.01131
MED00303,6,nz_8,-0.00563
MED00304,6,nz_8,-0.00279
MED00305,6,nz_8,-0.01799
MED00306,6,nz_8,-0.01502
MED00307,6,nz_8,-0.00016
MED00308,6,nz_8,-0.01133
MED00309,6,nz_8,0.01165
MED00310,6,nz_8,-0.00468
MED00311,6,nz_8,0.00821
MED00312,6,nz_8,-0.01238
MED00313,6,nz_8,-0.02028
MED00314,6,nz_8,-0.00868
MED00315,6,nz_8,0.00435
MED00316,6,nz_8,-0.00038
MED00317,6,nz_8,-0.01742
MED00318,6,nz_8,0.00677
MED00319,6,nz_8,0.00521
MED00320,6,nz_8,-0.00141
MED00321,6,nz_8,-0.01521
MED00322,6,nz_8,-0.01524
MED00323,6,nz_8,0.00295
MED00324,6,nz_8,0.00189
MED00325,6,nz_8,0.00559
MED00326,6,nz_8,0.00393
MED00327,6,nz_8,-0.00607
MED00328,6,nz_8,0.00642
MED00329,6,nz_8,0.00496
MED00330,6,nz_8,0.00451
MED00331,6,nz_8,0.00227
MED00332,6,nz_8,-0.00778
MED00333,6,nz_8,0.01045
MED00334,6,nz_8,-0.01037
MED00335,6,nz_8,0.00455
MED00336,6,nz_8,0.00443
MED00337,6,nz_8,-0.00073
MED00338,6,nz_8,-0.00363
MED00339,6,nz_8,-0.01534
MED00340,6,nz_8,-0.01549
MED00341,6,nz_8,0.0048
MED00342,6,nz_8,-0.00544
MED00343,6,nz_8,0.00556
MED00344,6,nz_8,-0.00472
MED00345,6,nz_8,-0.01515
MED00346,6,nz_8,-0.00713
MED00347,6,nz_8,-0.01433
MED00348,6,nz_8,-0.01992
MED00349,6,nz_8,0.01605
MED00350,6,nz_8,-0.01802
MED00351,6,nz_8,-0.01399
MED00352,6,nz_8,-0.01586
MED00353,6,nz_8,-0.01375
MED00354,6,nz_8,-0.01414
MED00355,6,nz_8,0.00684
MED00356,6,nz_8,-0.00253
MED00357,6,nz_8,-0.00522
MED00358,6,nz_8,0.00088
MED00359,6,nz_8,-0.01895
MED00360,6,nz_8,-0.00242
MED00361,6,nz_8,0.01217
MED00362,6,nz_8,0.01681
MED00363,6,nz_8,-0.01622
MED00364,6,nz_8,-0.01366
MED00365,6,nz_8,-0.00732
MED00366,6,nz_8,0.00541
MED00367,6,nz_8,-0.00556
MED00368,6,nz_8,0.01297
MED00369,6,nz_8,0.00725
MED00370,6,nz_8,-0.01336
MED00371,6,nz_8,-0.01002
MED00372,6,nz_8,-0.01333
MED00373,6,nz_8,0.02193
MED00374,6,nz_8,0.00341
MED00375,6,nz_8,-0.00916
MED00376,6,nz_8,-0.01746
MED00377,6,nz_8,-0.01606
MED00378,6,nz_8,0.01423
MED00379,6,nz_8,-0.02035
MED00380,6,nz_8,-0.0135
MED00381,6,nz_8,-0.00539
MED00382,6,nz_8,0.00168
MED00383,6,nz_8,0.00795
MED00384,6,nz_8,-0.00347
MED00385,6,nz_8,0.00608
MED00386,6,nz_8,0.00538
MED00387,6,nz_8,0.00612
MED00388,6,nz_8,0.00625
MED00389,6,nz_8,0.00103
MED00390,6,nz_8,0.00439
MED00391,6,nz_8,0.00501
MED00392,6,nz_8,0.00562
MED00393,6,nz_8,0.00568
MED00394,6,nz_8,0.00513
MED00395,6,nz_8,0.00589
MED00396,6,nz_8,0.00831
MED00397,6,nz_8,-0.00051
MED00398,6,nz_8,0.00506
MED00399,6,nz_8,0.00482
MED00400,6,nz_8,0.00521
MED00401,6,nz_8,0.00465
MED00402,6,nz_8,0.00312
MED00403,6,nz_8,0.00798
MED00404,6,nz_8,0.01065
MED00405,6,nz_8,0.00506
MED00406,6,nz_8,0.00559
MED00407,6,nz_8,0.00418
MED00408,6,nz_8,0.00259
MED00409,6,nz_8,0.00622
MED00410,6,nz_8,0.00609
MED00411,6,nz_8,0.00413
MED00412,6,nz_8,-0.00062
MED00413,6,nz_8,0.00277
MED00414,6,nz_8,0.00422
MED00415,6,nz_8,0.00308
MED00416,6,nz_8,0.00338
MED00417,6,nz_8,0.00268
MED00418,6,nz_8,0.005
MED00419,6,nz_8,0.00411
MED00420,6,nz_8,0.00653
MED00421,6,nz_8,0.00582
MED00422,6,nz_8,0.0028
MED00423,6,nz_8,0.0046
MED00424,6,nz_8,0.00558
MED00001,7,nz_8,0.00423
MED00002,7,nz_8,-0.00732
MED00003,7,nz_8,-0.0083
MED00004,7,nz_8,-0.00202
MED00005,7,nz_8,-0.00266
MED00006,7,nz_8,-0.01585
MED00007,7,nz_8,0.0054
MED00008,7,nz_8,0.04684
MED00009,7,nz_8,0.01361
MED00010,7,nz_8,0.00986
MED00011,7,nz_8,-0.00069
MED00012,7,nz_8,-0.01544
MED00013,7,nz_8,0.00878
MED00014,7,nz_8,0.00171
MED00015,7,nz_8,0.02674
MED00016,7,nz_8,0.01083
MED00017,7,nz_8,-0.01487
MED00018,7,nz_8,0.00476
MED00019,7,nz_8,0.0065
MED00020,7,nz_8,0.00067
MED00021,7,nz_8,0.00841
MED00022,7,nz_8,0.01234
MED00023,7,nz_8,-0.02142
MED00024,7,nz_8,-0.00365
MED00025,7,nz_8,-0.00855
MED00026,7,nz_8,-0.00762
MED00027,7,nz_8,-0.00764
MED00028,7,nz_8,-0.00786
MED00029,7,nz_8,0.00402
MED00030,7,nz_8,0.00218
MED00031,7,nz_8,-0.00626
MED00032,7,nz_8,-0.00051
MED00033,7,nz_8,-0.01226
MED00034,7,nz_8,0.00065
MED00035,7,nz_8,-0.01052
MED00036,7,nz_8,0.01679
MED00037,7,nz_8,-0.00828
MED00038,7,nz_8,0.0037
MED00039,7,nz_8,-0.00963
MED00040,7,nz_8,-0.01143
MED00041,7,nz_8,-0.01136
MED00042,7,nz_8,0.01224
MED00043,7,nz_8,-0.0061
MED00044,7,nz_8,-0.00928
MED00045,7,nz_8,-0.01298
MED00046,7,nz_8,-0.01151
MED00047,7,nz_8,0.00466
MED00048,7,nz_8,0.00589
MED00049,7,nz_8,-0.00981
MED00050,7,nz_8,-0.00244
MED00051,7,nz_8,-0.00626
MED00052,7,nz_8,-0.00699
MED00053,7,nz_8,0.00253
MED00054,7,nz_8,0.0027
MED00055,7,nz_8,0.01975
MED00056,7,nz_8,0.00575
MED00057,7,nz_8,-0.01019
MED00058,7,nz_8,-0.01601
MED00059,7,nz_8,0.00337
MED00060,7,nz_8,0.00297
MED00061,7,nz_8,-0.00811
MED00062,7,nz_8,0.00373
MED00063,7,nz_8,-0.01099
MED00064,7,nz_8,-0.00661
MED00065,7,nz_8,0.00599
MED00066,7,nz_8,-0.0051
MED00067,7,nz_8,-0.00581
MED00068,7,nz_8,0.01101
MED00069,7,nz_8,-0.01478
MED00070,7,nz_8,0.00296
MED00071,7,nz_8,0.00465
MED00072,7,nz_8,-0.00305
MED00073,7,nz_8,0.01834
MED00074,7,nz_8,0.01147
MED00075,7,nz_8,-0.00089
MED00076,7,nz_8,-0.00853
MED00077,7,nz_8,0.00788
MED00078,7,nz_8,-0.00409
MED00079,7,nz_8,-0.00155
MED00080,7,nz_8,0.01
MED00081,7,nz_8,-0.00882
MED00082,7,nz_8,-0.00047
MED00083,7,nz_8,0.00701
MED00084,7,nz_8,-0.00233
MED00085,7,nz_8,-0.00225
MED00086,7,nz_8,-0.00633
MED00087,7,nz_8,-0.01772
MED00088,7,nz_8,0.00479
MED00089,7,nz_8,-0.00818
MED00090,7,nz_8,-0.00239
MED00091,7,nz_8,-0.01426
MED00092,7,nz_8,-0.01982
MED00093,7,nz_8,-0.00829
MED00094,7,nz_8,-0.00702
MED00095,7,nz_8,0.0133
MED00096,7,nz_8,-0.00905
MED00097,7,nz_8,-0.00793
MED00098,7,nz_8,0.00523
MED00099,7,nz_8,-0.00792
MED00100,7,nz_8,-0.00832
MED00101,7,nz_8,0.00475
MED00102,7,nz_8,-0.01072
MED00103,7,nz_8,-0.00579
MED00104,7,nz_8,0.0051
MED00105,7,nz_8,0.00523
MED00106,7,nz_8,-0.01077
MED00107,7,nz_8,0.00313
MED00108,7,nz_8,0.01332
MED00109,7,nz_8,-0.00778
MED00110,7,nz_8,-0.00922
MED00111,7,nz_8,0.03561
MED00112,7,nz_8,0.01285
MED00113,7,nz_8,-0.00266
MED00114,7,nz_8,-0.00308
MED00115,7,nz_8,-0.0191
MED00116,7,nz_8,-0.00738
MED00117,7,nz_8,-0.01925
MED00118,7,nz_8,-0.0147
MED00119,7,nz_8,-0.0176
MED00120,7,nz_8,-0.00738
MED00121,7,nz_8,-0.0009
MED00122,7,nz_8,0.02527
MED00123,7,nz_8,-0.01006
MED00124,7,nz_8,0.00211
MED00125,7,nz_8,-0.01105
MED00126,7,nz_8,-0.00863
MED00127,7,nz_8,-0.0036
MED00128,7,nz_8,-0.01666
MED00129,7,nz_8,-0.02312
MED00130,7,nz_8,-0.00981
MED00131,7,nz_8,0.00167
MED00132,7,nz_8,-0.01086
MED00133,7,nz_8,-0.01301
MED00134,7,nz_8,-0.00871
MED00135,7,nz_8,-0.00302
MED00136,7,nz_8,-0.014
MED00137,7,nz_8,0.00361
MED00138,7,nz_8,-0.00182
MED00139,7,nz_8,-0.01876
MED00140,7,nz_8,-0.01411
MED00141,7,nz_8,0.00271
MED00142,7,nz_8,-0.0117
MED00143,7,nz_8,-0.00245
MED00144,7,nz_8,0.00635
MED00145,7,nz_8,0.02336
MED00146,7,nz_8,-0.02227
MED00147,7,nz_8,-0.00086
MED00148,7,nz_8,0.00213
MED00149,7,nz_8,0.01813
MED00150,7,nz_8,-0.00508
MED00151,7,nz_8,-0.01848
MED00152,7,nz_8,-0.0037
MED00153,7,nz_8,-0.0187
MED00155,7,nz_8,-0.00413
MED00156,7,nz_8,0.01496
MED00157,7,nz_8,-0.00646
MED00158,7,nz_8,-0.00762
MED00159,7,nz_8,-0.00333
MED00160,7,nz_8,-0.00276
MED00161,7,nz_8,0.00819
MED00162,7,nz_8,-0.00323
MED00163,7,nz_8,-0.01244
MED00164,7,nz_8,-0.00143
MED00165,7,nz_8,-0.00718
MED00166,7,nz_8,-0.01518
MED00167,7,nz_8,-0.00559
MED00168,7,nz_8,-0.00271
MED00169,7,nz_8,-0.01629
MED00170,7,nz_8,-0.00314
MED00171,7,nz_8,0.00165
MED00172,7,nz_8,0.03438
MED00173,7,nz_8,-0.00224
MED00174,7,nz_8,-0.00389
MED00175,7,nz_8,-0.01238
MED00176,7,nz_8,-0.00683
MED00177,7,nz_8,-0.00823
MED00178,7,nz_8,0.014
MED00179,7,nz_8,-0.00981
MED00180,7,nz_8,-0.01751
MED00181,7,nz_8,0.01384
MED00182,7,nz_8,-0.00769
MED00183,7,nz_8,-0.03731
MED00184,7,nz_8,-0.01213
MED00185,7,nz_8,-0.00375
MED00186,7,nz_8,-0.01891
MED00187,7,nz_8,-0.01361
MED00188,7,nz_8,0.01256
MED00189,7,nz_8,-0.00797
MED00190,7,nz_8,-0.01748
MED00191,7,nz_8,0.00693
MED00192,7,nz_8,-0.01169
MED00193,7,nz_8,-0.00915
MED00194,7,nz_8,-0.0059
MED00195,7,nz_8,-0.00325
MED00196,7,nz_8,-0.00913
MED00197,7,nz_8,-0.00589
MED00198,7,nz_8,-0.01586
MED00199,7,nz_8,-0.01713
MED00200,7,nz_8,-0.01723
MED00201,7,nz_8,0.00404
MED00202,7,nz_8,-0.01348
MED00203,7,nz_8,-0.00337
MED00204,7,nz_8,-0.01634
MED00205,7,nz_8,0.00469
MED00206,7,nz_8,-0.01622
MED00207,7,nz_8,-0.00558
MED00208,7,nz_8,0.00438
MED00209,7,nz_8,0.02474
MED00210,7,nz_8,-0.00213
MED00211,7,nz_8,-0.00684
MED00212,7,nz_8,-0.00835
MED00213,7,nz_8,-0.00859
MED00214,7,nz_8,0.00523
MED00215,7,nz_8,0.01603
MED00216,7,nz_8,-0.01078
MED00217,7,nz_8,-0.00713
MED00218,7,nz_8,0.00905
MED00219,7,nz_8,-0.00488
MED00220,7,nz_8,-0.00627
MED00221,7,nz_8,-0.00102
MED00222,7,nz_8,-0.00636
MED00223,7,nz_8,-0.00637
MED00224,7,nz_8,-0.01679
MED00225,7,nz_8,0.00816
MED00226,7,nz_8,-0.01641
MED00228,7,nz_8,-0.0034
MED00229,7,nz_8,-0.00833
MED00230,7,nz_8,-0.00811
MED00231,7,nz_8,-0.01266
MED00232,7,nz_8,-0.01867
MED00233,7,nz_8,-0.01099
MED00234,7,nz_8,-0.01887
MED00235,7,nz_8,0.0051
MED00236,7,nz_8,-0.02011
MED00237,7,nz_8,0.00821
MED00238,7,nz_8,0.00267
MED00239,7,nz_8,0.01367
MED00240,7,nz_8,0.00778
MED00241,7,nz_8,0.01418
MED00242,7,nz_8,-0.00417
MED00243,7,nz_8,-0.00738
MED00244,7,nz_8,-0.0163
MED00245,7,nz_8,0.00514
MED00246,7,nz_8,0.00062
MED00247,7,nz_8,0.00563
MED00248,7,nz_8,0.00211
MED00249,7,nz_8,0.00217
MED00250,7,nz_8,0.00274
MED00251,7,nz_8,-0.00642
MED00252,7,nz_8,-0.01176
MED00253,7,nz_8,0.01842
MED00254,7,nz_8,-0.00907
MED00255,7,nz_8,0.00875
MED00256,7,nz_8,-0.0192
MED00257,7,nz_8,0.00385
MED00258,7,nz_8,-0.00711
MED00259,7,nz_8,-0.00424
MED00260,7,nz_8,-0.01032
MED00261,7,nz_8,-0.01007
MED00262,7,nz_8,0.01567
MED00263,7,nz_8,0.01217
MED00264,7,nz_8,-0.00951
MED00265,7,nz_8,0.00561
MED00266,7,nz_8,-0.00553
MED00267,7,nz_8,0.01057
MED00268,7,nz_8,-0.0014
MED00269,7,nz_8,-0.01728
MED00270,7,nz_8,0.02763
MED00271,7,nz_8,0.00346
MED00272,7,nz_8,0.01551
MED00273,7,nz_8,0.01886
MED00274,7,nz_8,-0.01061
MED00275,7,nz_8,0.00446
MED00276,7,nz_8,-0.01562
MED00277,7,nz_8,-0.00806
MED00278,7,nz_8,0.00594
MED00279,7,nz_8,0.00123
MED00280,7,nz_8,-0.00775
MED00281,7,nz_8,0.00526
MED00282,7,nz_8,0.02138
MED00283,7,nz_8,-0.006
MED00284,7,nz_8,-0.01048
MED00285,7,nz_8,0.00262
MED00286,7,nz_8,0.00456
MED00287,7,nz_8,0.01324
MED00288,7,nz_8,-0.00605
MED00289,7,nz_8,0.00085
MED00290,7,nz_8,-0.01872
MED00291,7,nz_8,-0.0174
MED00292,7,nz_8,-0.01922
MED00293,7,nz_8,0.00557
MED00294,7,nz_8,-0.01287
MED00295,7,nz_8,-0.01002
MED00296,7,nz_8,-0.00846
MED00297,7,nz_8,0.00468
MED00298,7,nz_8,-0.00808
MED00299,7,nz_8,-0.00502
MED00300,7,nz_8,-0.01778
MED00301,7,nz_8,0.00609
MED00302,7,nz_8,-0.00557
MED00303,7,nz_8,-0.00482
MED00304,7,nz_8,-0.00242
MED00305,7,nz_8,-0.01755
MED00306,7,nz_8,-0.01035
MED00307,7,nz_8,-0.00101
MED00308,7,nz_8,-0.00844
MED00309,7,nz_8,0.01144
MED00310,7,nz_8,-0.00424
MED00311,7,nz_8,0.00777
MED00312,7,nz_8,-0.01104
MED00313,7,nz_8,-0.0085
MED00314,7,nz_8,-0.00286
MED00315,7,nz_8,0.00411
MED00317,7,nz_8,-0.01713
MED00318,7,nz_8,0.00652
MED00319,7,nz_8,0.00501
MED00320,7,nz_8,-0.0006
MED00321,7,nz_8,-0.00343
MED00322,7,nz_8,-0.00982
MED00323,7,nz_8,0.0041
MED00324,7,nz_8,0.00271
MED00325,7,nz_8,0.00474
MED00326,7,nz_8,0.00369
MED00327,7,nz_8,-0.00538
MED00328,7,nz_8,0.00619
MED00329,7,nz_8,0.00475
MED00330,7,nz_8,0.00415
MED00331,7,nz_8,0.00251
MED00332,7,nz_8,-0.00734
MED00333,7,nz_8,0.01125
MED00334,7,nz_8,-0.00996
MED00335,7,nz_8,0.00336
MED00336,7,nz_8,0.00419
MED00337,7,nz_8,-0.00154
MED00338,7,nz_8,0.0029
MED00339,7,nz_8,-0.01374
MED00340,7,nz_8,-0.01082
MED00341,7,nz_8,0.00436
MED00342,7,nz_8,-0.0047
MED00343,7,nz_8,0.00535
MED00344,7,nz_8,-0.00397
MED00345,7,nz_8,-0.0098
MED00346,7,nz_8,-0.00679
MED00347,7,nz_8,-0.00904
MED00348,7,nz_8,-0.01947
MED00349,7,nz_8,0.0158
MED00350,7,nz_8,-0.00625
MED00351,7,nz_8,-0.00866
MED00352,7,nz_8,-0.01053
MED00353,7,nz_8,-0.00842
MED00354,7,nz_8,-0.0088
MED00355,7,nz_8,0.00664
MED00356,7,nz_8,-0.00213
MED00357,7,nz_8,-0.00458
MED00358,7,nz_8,0.00125
MED00359,7,nz_8,-0.01851
MED00360,7,nz_8,-0.00204
MED00361,7,nz_8,0.01185
MED00362,7,nz_8,0.01635
MED00363,7,nz_8,-0.01577
MED00364,7,nz_8,-0.00837
MED00365,7,nz_8,-0.00688
MED00366,7,nz_8,0.00522
MED00367,7,nz_8,-0.00486
MED00368,7,nz_8,0.01268
MED00369,7,nz_8,0.007
MED00370,7,nz_8,-0.01046
MED00371,7,nz_8,-0.00425
MED00372,7,nz_8,-0.00798
MED00373,7,nz_8,0.0227
MED00374,7,nz_8,0.00382
MED00375,7,nz_8,-0.00343
MED00376,7,nz_8,-0.01702
MED00377,7,nz_8,-0.01098
MED00378,7,nz_8,0.01399
MED00379,7,nz_8,-0.00854
MED00380,7,nz_8,-0.00817
MED00382,7,nz_8,0.00205
MED00383,7,nz_8,0.00751
MED00384,7,nz_8,-0.00325
MED00385,7,nz_8,0.00567
MED00386,7,nz_8,0.00487
MED00387,7,nz_8,0.00545
MED00388,7,nz_8,0.00525
MED00389,7,nz_8,0.00079
MED00390,7,nz_8,0.00419
MED00391,7,nz_8,0.00463
MED00392,7,nz_8,0.00523
MED00393,7,nz_8,0.00529
MED00394,7,nz_8,0.00475
MED00395,7,nz_8,0.00549
MED00396,7,nz_8,0.0079
MED00397,7,nz_8,-0.00119
MED00398,7,nz_8,0.00469
MED00399,7,nz_8,0.00438
MED00400,7,nz_8,0.00422
MED00401,7,nz_8,0.0035
MED00402,7,nz_8,0.00271
MED00403,7,nz_8,0.00615
MED00404,7,nz_8,0.00997
MED00405,7,nz_8,0.00439
MED00406,7,nz_8,0.00492
MED00407,7,nz_8,0.00377
MED00408,7,nz_8,0.00217
MED00409,7,nz_8,0.00576
MED00410,7,nz_8,0.00563
MED00411,7,nz_8,0.00392
MED00412,7,nz_8,-0.00083
MED00413,7,nz_8,0.00257
MED00414,7,nz_8,0.00402
MED00415,7,nz_8,0.00287
MED00416,7,nz_8,0.00317
MED00417,7,nz_8,0.00244
MED00418,7,nz_8,0.00462
MED00419,7,nz_8,0.00373
MED00420,7,nz_8,0.00606
MED00421,7,nz_8,0.00535
MED00422,7,nz_8,0.00259
MED00423,7,nz_8,0.00421
MED00424,7,nz_8,0.00551
MED00001,8,nz_8,0.00435
MED00002,8,nz_8,-0.00641
MED00003,8,nz_8,-0.00824
MED00004,8,nz_8,-0.00205
MED00005,8,nz_8,-0.00269
MED00006,8,nz_8,-0.01592
MED00007,8,nz_8,0.00423
MED00008,8,nz_8,0.0472
MED00009,8,nz_8,0.01329
MED00010,8,nz_8,0.00983
MED00011,8,nz_8,-0.00187
MED00012,8,nz_8,-0.01539
MED00013,8,nz_8,0.0091
MED00014,8,nz_8,0.00164
MED00015,8,nz_8,0.02718
MED00016,8,nz_8,0.01116
MED00017,8,nz_8,-0.01483
MED00018,8,nz_8,0.00488
MED00019,8,nz_8,0.00695
MED00020,8,nz_8,0.00037
MED00021,8,nz_8,0.00831
MED00022,8,nz_8,0.01185
MED00023,8,nz_8,-0.02138
MED00024,8,nz_8,-0.00374
MED00025,8,nz_8,-0.00851
MED00026,8,nz_8,-0.00756
MED00027,8,nz_8,-0.0076
MED00028,8,nz_8,-0.00743
MED00029,8,nz_8,0.00408
MED00030,8,nz_8,0.00211
MED00031,8,nz_8,-0.00596
MED00032,8,nz_8,-0.00092
MED00033,8,nz_8,-0.01229
MED00034,8,nz_8,0.00064
MED00035,8,nz_8,-0.01012
MED00036,8,nz_8,0.01672
MED00037,8,nz_8,-0.00787
MED00038,8,nz_8,0.00448
MED00039,8,nz_8,-0.00963
MED00040,8,nz_8,-0.01103
MED00041,8,nz_8,-0.01135
MED00042,8,nz_8,0.0122
MED00043,8,nz_8,-0.00605
MED00044,8,nz_8,-0.00929
MED00045,8,nz_8,-0.0131
MED00046,8,nz_8,-0.01152
MED00047,8,nz_8,0.0041
MED00048,8,nz_8,0.00532
MED00049,8,nz_8,-0.00968
MED00050,8,nz_8,-0.0025
MED00051,8,nz_8,-0.00409
MED00052,8,nz_8,-0.00665
MED00053,8,nz_8,0.00296
MED00054,8,nz_8,0.00312
MED00055,8,nz_8,0.01979
MED00056,8,nz_8,0.00618
MED00057,8,nz_8,-0.01015
MED00058,8,nz_8,-0.01597
MED00059,8,nz_8,0.0038
MED00060,8,nz_8,0.00285
MED00061,8,nz_8,-0.00768
MED00062,8,nz_8,0.00387
MED00063,8,nz_8,-0.01087
MED00064,8,nz_8,-0.00692
MED00065,8,nz_8,0.00605
MED00066,8,nz_8,-0.00466
MED00067,8,nz_8,-0.00541
MED00068,8,nz_8,0.01168
MED00069,8,nz_8,-0.01479
MED00070,8,nz_8,0.00375
MED00071,8,nz_8,0.00415
MED00072,8,nz_8,-0.00354
MED00073,8,nz_8,0.01836
MED00074,8,nz_8,0.01095
MED00075,8,nz_8,-0.00113
MED00076,8,nz_8,-0.008
MED00077,8,nz_8,0.00782
MED00078,8,nz_8,-0.00416
MED00079,8,nz_8,-0.00161
MED00080,8,nz_8,0.01079
MED00081,8,nz_8,-0.00664
MED00082,8,nz_8,-0.00056
MED00083,8,nz_8,0.00692
MED00084,8,nz_8,-0.00209
MED00085,8,nz_8,-0.0019
MED00086,8,nz_8,-0.00629
MED00087,8,nz_8,-0.0177
MED00088,8,nz_8,0.00506
MED00089,8,nz_8,-0.00828
MED00090,8,nz_8,-0.00246
MED00091,8,nz_8,-0.01431
MED00092,8,nz_8,-0.01942
MED00093,8,nz_8,-0.00788
MED00094,8,nz_8,-0.0066
MED00095,8,nz_8,0.01366
MED00096,8,nz_8,-0.00865
MED00097,8,nz_8,-0.00788
MED00098,8,nz_8,0.00529
MED00099,8,nz_8,-0.00788
MED00100,8,nz_8,-0.00819
MED00101,8,nz_8,0.00435
MED00102,8,nz_8,-0.01032
MED00103,8,nz_8,-0.00575
MED00104,8,nz_8,0.00454
MED00105,8,nz_8,0.00529
MED00106,8,nz_8,-0.01073
MED00107,8,nz_8,0.00307
MED00108,8,nz_8,0.01369
MED00109,8,nz_8,-0.00778
MED00110,8,nz_8,-0.00924
MED00111,8,nz_8,0.03558
MED00112,8,nz_8,0.01278
MED00113,8,nz_8,-0.00223
MED00114,8,nz_8,-0.00311
MED00115,8,nz_8,-0.01905
MED00116,8,nz_8,-0.0076
MED00117,8,nz_8,-0.01945
MED00118,8,nz_8,-0.01427
MED00119,8,nz_8,-0.01756
MED00120,8,nz_8,-0.0074
MED00121,8,nz_8,-0.00094
MED00122,8,nz_8,0.02463
MED00123,8,nz_8,-0.01006
MED00124,8,nz_8,0.00203
MED00125,8,nz_8,-0.01098
MED00126,8,nz_8,-0.00863
MED00127,8,nz_8,-0.0036
MED00128,8,nz_8,-0.01662
MED00129,8,nz_8,-0.02014
MED00130,8,nz_8,-0.00977
MED00131,8,nz_8,0.00158
MED00132,8,nz_8,-0.01086
MED00133,8,nz_8,-0.01301
MED00134,8,nz_8,-0.00872
MED00135,8,nz_8,-0.00299
MED00136,8,nz_8,-0.01403
MED00137,8,nz_8,0.00353
MED00138,8,nz_8,-0.00178
MED00139,8,nz_8,-0.01842
MED00140,8,nz_8,-0.01366
MED00141,8,nz_8,0.00258
MED00142,8,nz_8,-0.01166
MED00143,8,nz_8,-0.00241
MED00144,8,nz_8,0.00631
MED00145,8,nz_8,0.02374
MED00146,8,nz_8,-0.01974
MED00147,8,nz_8,-0.00087
MED00148,8,nz_8,0.00218
MED00149,8,nz_8,0.01818
MED00150,8,nz_8,-0.00504
MED00151,8,nz_8,-0.01844
MED00152,8,nz_8,-0.00335
MED00153,8,nz_8,-0.01866
MED00154,8,nz_8,-0.00354
MED00155,8,nz_8,-0.00389
MED00156,8,nz_8,0.01444
MED00157,8,nz_8,-0.00614
MED00158,8,nz_8,-0.00758
MED00159,8,nz_8,-0.00329
MED00160,8,nz_8,-0.00302
MED00161,8,nz_8,0.00822
MED00162,8,nz_8,-0.00329
MED00163,8,nz_8,-0.01087
MED00164,8,nz_8,-0.00145
MED00165,8,nz_8,-0.00717
MED00166,8,nz_8,-0.01513
MED00167,8,nz_8,-0.00518
MED00168,8,nz_8,-0.00267
MED00169,8,nz_8,-0.01586
MED00170,8,nz_8,-0.00271
MED00171,8,nz_8,0.00161
MED00172,8,nz_8,0.03376
MED00173,8,nz_8,-0.0023
MED00174,8,nz_8,-0.00408
MED00175,8,nz_8,-0.01234
MED00176,8,nz_8,-0.00694
MED00177,8,nz_8,-0.0082
MED00178,8,nz_8,0.01374
MED00179,8,nz_8,-0.00981
MED00180,8,nz_8,-0.01747
MED00181,8,nz_8,0.01378
MED00182,8,nz_8,-0.00765
MED00183,8,nz_8,-0.03733
MED00184,8,nz_8,-0.01215
MED00185,8,nz_8,-0.00345
MED00186,8,nz_8,-0.01887
MED00187,8,nz_8,-0.01357
MED00188,8,nz_8,0.01267
MED00189,8,nz_8,-0.00788
MED00190,8,nz_8,-0.01746
MED00191,8,nz_8,0.00737
MED00192,8,nz_8,-0.01369
MED00193,8,nz_8,-0.00863
MED00194,8,nz_8,-0.00552
MED00195,8,nz_8,-0.00288
MED00196,8,nz_8,-0.00911
MED00197,8,nz_8,-0.00551
MED00198,8,nz_8,-0.01582
MED00199,8,nz_8,-0.01713
MED00200,8,nz_8,-0.01719
MED00201,8,nz_8,0.00418
MED00202,8,nz_8,-0.0134
MED00203,8,nz_8,-0.00386
MED00204,8,nz_8,-0.0163
MED00205,8,nz_8,0.00474
MED00206,8,nz_8,-0.01581
MED00207,8,nz_8,-0.00557
MED00208,8,nz_8,0.00444
MED00209,8,nz_8,0.02507
MED00210,8,nz_8,-0.00209
MED00211,8,nz_8,-0.00682
MED00212,8,nz_8,-0.00835
MED00213,8,nz_8,-0.00859
MED00214,8,nz_8,0.00468
MED00215,8,nz_8,0.01599
MED00216,8,nz_8,-0.01066
MED00217,8,nz_8,-0.00672
MED00218,8,nz_8,0.00901
MED00219,8,nz_8,-0.00746
MED00220,8,nz_8,-0.00624
MED00221,8,nz_8,-0.00111
MED00222,8,nz_8,-0.00632
MED00223,8,nz_8,-0.0064
MED00224,8,nz_8,-0.01675
MED00225,8,nz_8,0.00747
MED00226,8,nz_8,-0.01645
MED00227,8,nz_8,-0.00349
MED00228,8,nz_8,-0.00361
MED00229,8,nz_8,-0.00833
MED00230,8,nz_8,-0.00834
MED00231,8,nz_8,-0.01223
MED00232,8,nz_8,-0.01867
MED00233,8,nz_8,-0.01098
MED00234,8,nz_8,-0.01843
MED00235,8,nz_8,0.00519
MED00236,8,nz_8,-0.02031
MED00237,8,nz_8,0.00769
MED00238,8,nz_8,0.00155
MED00239,8,nz_8,0.01363
MED00240,8,nz_8,0.00789
MED00241,8,nz_8,0.01414
MED00242,8,nz_8,-0.00423
MED00243,8,nz_8,-0.00646
MED00244,8,nz_8,-0.01628
MED00245,8,nz_8,0.0055
MED00246,8,nz_8,0.00095
MED00247,8,nz_8,0.00506
MED00248,8,nz_8,0.00182
MED00249,8,nz_8,0.00216
MED00250,8,nz_8,0.00288
MED00251,8,nz_8,-0.00638
MED00252,8,nz_8,-0.01136
MED00253,8,nz_8,0.01837
MED00254,8,nz_8,-0.00868
MED00255,8,nz_8,0.00884
MED00256,8,nz_8,-0.01891
MED00257,8,nz_8,0.00452
MED00258,8,nz_8,-0.00709
MED00259,8,nz_8,-0.0039
MED00260,8,nz_8,-0.01051
MED00261,8,nz_8,-0.01007
MED00262,8,nz_8,0.01634
MED00263,8,nz_8,0.0125
MED00264,8,nz_8,-0.00951
MED00265,8,nz_8,0.00504
MED00266,8,nz_8,-0.00556
MED00267,8,nz_8,0.01053
MED00268,8,nz_8,-0.00115
MED00269,8,nz_8,-0.01734
MED00270,8,nz_8,0.02704
MED00271,8,nz_8,0.00375
MED00272,8,nz_8,0.01554
MED00273,8,nz_8,0.01888
MED00274,8,nz_8,-0.01061
MED00275,8,nz_8,0.00492
MED00276,8,nz_8,-0.01558
MED00277,8,nz_8,-0.00797
MED00278,8,nz_8,0.00537
MED00279,8,nz_8,0.0012
MED00280,8,nz_8,-0.00732
MED00281,8,nz_8,0.00572
MED00282,8,nz_8,0.02141
MED00283,8,nz_8,-0.00604
MED00284,8,nz_8,-0.0109
MED00285,8,nz_8,0.00256
MED00286,8,nz_8,0.00486
MED00287,8,nz_8,0.01357
MED00288,8,nz_8,-0.00635
MED00289,8,nz_8,0.00144
MED00290,8,nz_8,-0.01868
MED00291,8,nz_8,-0.01763
MED00292,8,nz_8,-0.01923
MED00293,8,nz_8,0.00587
MED00294,8,nz_8,-0.01289
MED00295,8,nz_8,-0.00997
MED00296,8,nz_8,-0.00852
MED00297,8,nz_8,0.00479
MED00298,8,nz_8,-0.00768
MED00299,8,nz_8,-0.00498
MED00300,8,nz_8,-0.01774
MED00301,8,nz_8,0.00606
MED00302,8,nz_8,-0.00559
MED00303,8,nz_8,-0.00489
MED00304,8,nz_8,-0.00254
MED00305,8,nz_8,-0.01751
MED00306,8,nz_8,-0.01038
MED00307,8,nz_8,-0.00112
MED00308,8,nz_8,-0.00861
MED00309,8,nz_8,0.01134
MED00310,8,nz_8,-0.00425
MED00311,8,nz_8,0.00774
MED00312,8,nz_8,-0.01104
MED00313,8,nz_8,-0.00874
MED00314,8,nz_8,-0.00288
MED00315,8,nz_8,0.00342
MED00317,8,nz_8,-0.01711
MED00318,8,nz_8,0.006
MED00319,8,nz_8,0.00505
MED00320,8,nz_8,-0.00083
MED00321,8,nz_8,-0.00367
MED00322,8,nz_8,-0.00826
MED00323,8,nz_8,0.00407
MED00324,8,nz_8,0.00244
MED00325,8,nz_8,0.00469
MED00326,8,nz_8,0.00362
MED00327,8,nz_8,-0.00533
MED00328,8,nz_8,0.0055
MED00329,8,nz_8,0.0048
MED00330,8,nz_8,0.00408
MED00331,8,nz_8,0.00286
MED00332,8,nz_8,-0.00701
MED00333,8,nz_8,0.0105
MED00334,8,nz_8,-0.01019
MED00335,8,nz_8,0.00183
MED00336,8,nz_8,0.00412
MED00337,8,nz_8,-0.00107
MED00338,8,nz_8,0.00291
MED00339,8,nz_8,-0.01375
MED00340,8,nz_8,-0.01025
MED00341,8,nz_8,0.00439
MED00342,8,nz_8,-0.00465
MED00343,8,nz_8,0.00479
MED00344,8,nz_8,-0.00356
MED00345,8,nz_8,-0.00968
MED00346,8,nz_8,-0.00644
MED00347,8,nz_8,-0.00891
MED00348,8,nz_8,-0.01943
MED00349,8,nz_8,0.01575
MED00350,8,nz_8,-0.00649
MED00351,8,nz_8,-0.00866
MED00352,8,nz_8,-0.01055
MED00353,8,nz_8,-0.00842
MED00354,8,nz_8,-0.0088
MED00355,8,nz_8,0.0067
MED00356,8,nz_8,-0.00174
MED00357,8,nz_8,-0.00414
MED00358,8,nz_8,0.00113
MED00359,8,nz_8,-0.01847
MED00360,8,nz_8,-0.00233
MED00361,8,nz_8,0.0122
MED00362,8,nz_8,0.01586
MED00363,8,nz_8,-0.01575
MED00364,8,nz_8,-0.00821
MED00365,8,nz_8,-0.00684
MED00366,8,nz_8,0.00465
MED00367,8,nz_8,-0.00483
MED00368,8,nz_8,0.013
MED00369,8,nz_8,0.00662
MED00370,8,nz_8,-0.01047
MED00371,8,nz_8,-0.00409
MED00372,8,nz_8,-0.00786
MED00373,8,nz_8,0.02274
MED00374,8,nz_8,0.00341
MED00375,8,nz_8,-0.00345
MED00376,8,nz_8,-0.01701
MED00377,8,nz_8,-0.01094
MED00378,8,nz_8,0.01372
MED00379,8,nz_8,-0.00878
MED00380,8,nz_8,-0.00817
MED00382,8,nz_8,0.00193
MED00383,8,nz_8,0.00754
MED00384,8,nz_8,-0.00283
MED00385,8,nz_8,0.00581
MED00386,8,nz_8,0.00502
MED00387,8,nz_8,0.00589
MED00388,8,nz_8,0.00615
MED00389,8,nz_8,0.00145
MED00390,8,nz_8,0.00433
MED00391,8,nz_8,0.00475
MED00392,8,nz_8,0.00536
MED00393,8,nz_8,0.00542
MED00394,8,nz_8,0.00487
MED00395,8,nz_8,0.00562
MED00396,8,nz_8,0.00804
MED00397,8,nz_8,-0.00119
MED00398,8,nz_8,0.0048
MED00399,8,nz_8,0.00448
MED00400,8,nz_8,0.00434
MED00401,8,nz_8,0.0047
MED00402,8,nz_8,0.00284
MED00403,8,nz_8,0.00659
MED00404,8,nz_8,0.01039
MED00405,8,nz_8,0.00484
MED00406,8,nz_8,0.00536
MED00407,8,nz_8,0.0039
MED00408,8,nz_8,0.00264
MED00409,8,nz_8,0.00587
MED00410,8,nz_8,0.00574
MED00411,8,nz_8,0.00406
MED00413,8,nz_8,0.00271
MED00414,8,nz_8,0.0048
MED00415,8,nz_8,0.00365
MED00416,8,nz_8,0.00332
MED00417,8,nz_8,0.00246
MED00418,8,nz_8,0.00508
MED00419,8,nz_8,0.00385
MED00420,8,nz_8,0.00553
MED00421,8,nz_8,0.00482
MED00422,8,nz_8,0.00274
MED00423,8,nz_8,0.00433
MED00424,8,nz_8,0.00672
MED00001,9,nz_8,0.00425
MED00002,9,nz_8,-0.00614
MED00003,9,nz_8,-0.00814
MED00004,9,nz_8,-0.00198
MED00005,9,nz_8,-0.00262
MED00006,9,nz_8,-0.01549
MED00007,9,nz_8,0.00272
MED00008,9,nz_8,0.04816
MED00009,9,nz_8,0.01362
MED00010,9,nz_8,0.00969
MED00011,9,nz_8,-0.00177
MED00012,9,nz_8,-0.01525
MED00013,9,nz_8,0.0094
MED00014,9,nz_8,0.00082
MED00015,9,nz_8,0.02804
MED00016,9,nz_8,0.01144
MED00017,9,nz_8,-0.01461
MED00018,9,nz_8,0.00472
MED00019,9,nz_8,0.00636
MED00020,9,nz_8,0.0007
MED00021,9,nz_8,0.00849
MED00022,9,nz_8,0.01215
MED00023,9,nz_8,-0.02118
MED00024,9,nz_8,-0.00364
MED00025,9,nz_8,-0.00834
MED00026,9,nz_8,-0.00742
MED00027,9,nz_8,-0.00747
MED00028,9,nz_8,-0.00648
MED00029,9,nz_8,0.0038
MED00030,9,nz_8,0.00221
MED00031,9,nz_8,-0.00437
MED00032,9,nz_8,-0.00055
MED00033,9,nz_8,-0.01226
MED00034,9,nz_8,0.00052
MED00035,9,nz_8,-0.00867
MED00036,9,nz_8,0.01683
MED00037,9,nz_8,-0.00631
MED00038,9,nz_8,0.00407
MED00039,9,nz_8,-0.00956
MED00040,9,nz_8,-0.01042
MED00041,9,nz_8,-0.01127
MED00042,9,nz_8,0.01232
MED00043,9,nz_8,-0.00527
MED00044,9,nz_8,-0.00912
MED00045,9,nz_8,-0.01295
MED00046,9,nz_8,-0.01147
MED00047,9,nz_8,0.00369
MED00048,9,nz_8,0.00491
MED00049,9,nz_8,-0.00818
MED00050,9,nz_8,-0.00232
MED00051,9,nz_8,-0.00398
MED00052,9,nz_8,-0.00568
MED00053,9,nz_8,0.00239
MED00054,9,nz_8,0.00266
MED00055,9,nz_8,0.01998
MED00056,9,nz_8,0.00648
MED00057,9,nz_8,-0.01007
MED00058,9,nz_8,-0.01582
MED00059,9,nz_8,0.00334
MED00060,9,nz_8,0.00351
MED00061,9,nz_8,-0.00673
MED00062,9,nz_8,0.00431
MED00063,9,nz_8,-0.00929
MED00064,9,nz_8,-0.00665
MED00065,9,nz_8,0.00589
MED00066,9,nz_8,-0.00371
MED00067,9,nz_8,-0.00513
MED00068,9,nz_8,0.01129
MED00069,9,nz_8,-0.01461
MED00070,9,nz_8,0.00339
MED00071,9,nz_8,0.00449
MED00072,9,nz_8,-0.00321
MED00073,9,nz_8,0.01836
MED00074,9,nz_8,0.01121
MED00075,9,nz_8,-0.00057
MED00076,9,nz_8,-0.0079
MED00077,9,nz_8,0.00801
MED00078,9,nz_8,-0.00396
MED00079,9,nz_8,-0.00154
MED00080,9,nz_8,0.01036
MED00081,9,nz_8,-0.0066
MED00082,9,nz_8,-0.00039
MED00083,9,nz_8,0.00701
MED00084,9,nz_8,-0.00263
MED00085,9,nz_8,-0.00157
MED00086,9,nz_8,-0.00613
MED00087,9,nz_8,-0.01757
MED00088,9,nz_8,0.00453
MED00089,9,nz_8,-0.00887
MED00090,9,nz_8,-0.00224
MED00091,9,nz_8,-0.01413
MED00092,9,nz_8,-0.0192
MED00093,9,nz_8,-0.00644
MED00094,9,nz_8,-0.00431
MED00095,9,nz_8,0.01398
MED00096,9,nz_8,-0.00829
MED00097,9,nz_8,-0.00773
MED00098,9,nz_8,0.00513
MED00099,9,nz_8,-0.00773
MED00100,9,nz_8,-0.0081
MED00101,9,nz_8,0.00395
MED00102,9,nz_8,-0.00885
MED00103,9,nz_8,-0.00558
MED00104,9,nz_8,0.00421
MED00105,9,nz_8,0.00514
MED00106,9,nz_8,-0.01068
MED00107,9,nz_8,0.00309
MED00108,9,nz_8,0.01403
MED00109,9,nz_8,-0.00763
MED00110,9,nz_8,-0.00916
MED00111,9,nz_8,0.03637
MED00112,9,nz_8,0.01296
MED00113,9,nz_8,-0.00198
MED00114,9,nz_8,-0.00298
MED00115,9,nz_8,-0.01888
MED00116,9,nz_8,-0.0072
MED00117,9,nz_8,-0.01908
MED00118,9,nz_8,-0.01392
MED00119,9,nz_8,-0.01744
MED00120,9,nz_8,-0.00734
MED00121,9,nz_8,-0.00079
MED00122,9,nz_8,0.02444
MED00123,9,nz_8,-0.00999
MED00124,9,nz_8,0.00216
MED00125,9,nz_8,-0.01104
MED00126,9,nz_8,-0.00855
MED00127,9,nz_8,-0.00342
MED00128,9,nz_8,-0.0165
MED00129,9,nz_8,-0.02011
MED00130,9,nz_8,-0.00977
MED00131,9,nz_8,0.00168
MED00132,9,nz_8,-0.01078
MED00133,9,nz_8,-0.01287
MED00134,9,nz_8,-0.00863
MED00135,9,nz_8,-0.0029
MED00136,9,nz_8,-0.01398
MED00137,9,nz_8,0.00356
MED00138,9,nz_8,-0.00161
MED00139,9,nz_8,-0.01832
MED00140,9,nz_8,-0.01335
MED00141,9,nz_8,0.00269
MED00142,9,nz_8,-0.01147
MED00143,9,nz_8,-0.00223
MED00144,9,nz_8,0.0063
MED00145,9,nz_8,0.02459
MED00146,9,nz_8,-0.01927
MED00147,9,nz_8,-0.00057
MED00148,9,nz_8,0.00273
MED00149,9,nz_8,0.01814
MED00150,9,nz_8,-0.00482
MED00151,9,nz_8,-0.01823
MED00152,9,nz_8,-0.00321
MED00153,9,nz_8,-0.01853
MED00154,9,nz_8,0.00024
MED00155,9,nz_8,-0.00375
MED00156,9,nz_8,0.01492
MED00157,9,nz_8,-0.0058
MED00158,9,nz_8,-0.00745
MED00159,9,nz_8,-0.0032
MED00160,9,nz_8,-0.00366
MED00161,9,nz_8,0.00806
MED00162,9,nz_8,-0.00285
MED00163,9,nz_8,-0.01089
MED00164,9,nz_8,-0.00128
MED00165,9,nz_8,-0.00706
MED00166,9,nz_8,-0.01498
MED00167,9,nz_8,-0.00484
MED00168,9,nz_8,-0.00249
MED00169,9,nz_8,-0.01551
MED00170,9,nz_8,-0.00246
MED00171,9,nz_8,0.00178
MED00172,9,nz_8,0.03257
MED00173,9,nz_8,-0.00213
MED00174,9,nz_8,-0.00366
MED00175,9,nz_8,-0.01224
MED00176,9,nz_8,-0.00684
MED00177,9,nz_8,-0.00802
MED00178,9,nz_8,0.014
MED00179,9,nz_8,-0.00973
MED00180,9,nz_8,-0.01732
MED00181,9,nz_8,0.01378
MED00182,9,nz_8,-0.0075
MED00183,9,nz_8,-0.03723
MED00184,9,nz_8,-0.01199
MED00185,9,nz_8,-0.0025
MED00186,9,nz_8,-0.01869
MED00187,9,nz_8,-0.01343
MED00188,9,nz_8,0.01295
MED00189,9,nz_8,-0.00794
MED00190,9,nz_8,-0.01729
MED00191,9,nz_8,0.00682
MED00192,9,nz_8,-0.01366
MED00193,9,nz_8,-0.00713
MED00194,9,nz_8,-0.00518
MED00195,9,nz_8,-0.00258
MED00196,9,nz_8,-0.009
MED00197,9,nz_8,-0.00521
MED00198,9,nz_8,-0.01564
MED00199,9,nz_8,-0.01701
MED00200,9,nz_8,-0.01701
MED00201,9,nz_8,0.00456
MED00202,9,nz_8,-0.01326
MED00203,9,nz_8,-0.00349
MED00204,9,nz_8,-0.01617
MED00205,9,nz_8,0.00459
MED00206,9,nz_8,-0.01495
MED00207,9,nz_8,-0.0054
MED00208,9,nz_8,0.00429
MED00209,9,nz_8,0.02463
MED00210,9,nz_8,-0.00187
MED00211,9,nz_8,-0.00665
MED00212,9,nz_8,-0.00821
MED00213,9,nz_8,-0.00852
MED00214,9,nz_8,0.00433
MED00215,9,nz_8,0.01606
MED00216,9,nz_8,-0.00908
MED00217,9,nz_8,-0.00663
MED00218,9,nz_8,0.00898
MED00219,9,nz_8,-0.00288
MED00220,9,nz_8,-0.00607
MED00221,9,nz_8,-0.00101
MED00222,9,nz_8,-0.00614
MED00223,9,nz_8,-0.00629
MED00224,9,nz_8,-0.01657
MED00225,9,nz_8,0.00725
MED00226,9,nz_8,-0.01635
MED00227,9,nz_8,0.00027
MED00228,9,nz_8,-0.0033
MED00229,9,nz_8,-0.00825
MED00230,9,nz_8,-0.0079
MED00231,9,nz_8,-0.01189
MED00232,9,nz_8,-0.01855
MED00233,9,nz_8,-0.01174
MED00234,9,nz_8,-0.01808
MED00235,9,nz_8,0.00503
MED00236,9,nz_8,-0.0199
MED00237,9,nz_8,0.00521
MED00238,9,nz_8,0.00162
MED00239,9,nz_8,0.01372
MED00240,9,nz_8,0.00782
MED00241,9,nz_8,0.01432
MED00242,9,nz_8,-0.00412
MED00243,9,nz_8,-0.0062
MED00244,9,nz_8,-0.01616
MED00245,9,nz_8,0.005
MED00246,9,nz_8,0.00125
MED00247,9,nz_8,0.00465
MED00248,9,nz_8,0.00222
MED00249,9,nz_8,0.0021
MED00250,9,nz_8,0.00279
MED00251,9,nz_8,-0.0062
MED00252,9,nz_8,-0.01055
MED00253,9,nz_8,0.01844
MED00254,9,nz_8,-0.00786
MED00255,9,nz_8,0.00875
MED00256,9,nz_8,-0.01894
MED00257,9,nz_8,0.00421
MED00258,9,nz_8,-0.00683
MED00259,9,nz_8,-0.00357
MED00260,9,nz_8,-0.01029
MED00261,9,nz_8,-0.00998
MED00262,9,nz_8,0.01594
MED00263,9,nz_8,0.01282
MED00264,9,nz_8,-0.00936
MED00265,9,nz_8,0.00462
MED00266,9,nz_8,-0.00549
MED00267,9,nz_8,0.01079
MED00268,9,nz_8,-0.00086
MED00269,9,nz_8,-0.01689
MED00270,9,nz_8,0.0267
MED00271,9,nz_8,0.00463
MED00272,9,nz_8,0.0156
MED00273,9,nz_8,0.01894
MED00274,9,nz_8,-0.01054
MED00275,9,nz_8,0.00446
MED00276,9,nz_8,-0.01541
MED00277,9,nz_8,-0.00799
MED00278,9,nz_8,0.00502
MED00279,9,nz_8,0.00108
MED00280,9,nz_8,-0.00714
MED00281,9,nz_8,0.00526
MED00282,9,nz_8,0.02147
MED00283,9,nz_8,-0.00601
MED00284,9,nz_8,-0.01063
MED00285,9,nz_8,0.00257
MED00286,9,nz_8,0.00451
MED00287,9,nz_8,0.01389
MED00288,9,nz_8,-0.00608
MED00289,9,nz_8,0.00109
MED00290,9,nz_8,-0.0185
MED00291,9,nz_8,-0.01735
MED00292,9,nz_8,-0.02172
MED00293,9,nz_8,0.00552
MED00294,9,nz_8,-0.01282
MED00295,9,nz_8,-0.00983
MED00296,9,nz_8,-0.00835
MED00297,9,nz_8,0.00463
MED00298,9,nz_8,-0.00734
MED00299,9,nz_8,-0.00484
MED00300,9,nz_8,-0.01775
MED00301,9,nz_8,0.0061
MED00302,9,nz_8,-0.00555
MED00303,9,nz_8,-0.00471
MED00304,9,nz_8,-0.00237
MED00305,9,nz_8,-0.01734
MED00306,9,nz_8,-0.01022
MED00307,9,nz_8,-0.00111
MED00308,9,nz_8,-0.00827
MED00309,9,nz_8,0.01145
MED00310,9,nz_8,-0.00356
MED00311,9,nz_8,0.0076
MED00312,9,nz_8,-0.01095
MED00313,9,nz_8,-0.00851
MED00314,9,nz_8,-0.00282
MED00315,9,nz_8,0.00312
MED00317,9,nz_8,-0.01694
MED00318,9,nz_8,0.00634
MED00319,9,nz_8,0.00488
MED00320,9,nz_8,-0.0005
MED00321,9,nz_8,-0.00295
MED00322,9,nz_8,-0.00832
MED00323,9,nz_8,0.00492
MED00324,9,nz_8,0.00281
MED00325,9,nz_8,0.00478
MED00326,9,nz_8,0.00358
MED00327,9,nz_8,-0.00515
MED00328,9,nz_8,0.00522
MED00329,9,nz_8,0.00468
MED00330,9,nz_8,0.00413
MED00331,9,nz_8,0.0031
MED00332,9,nz_8,-0.00663
MED00333,9,nz_8,0.01103
MED00334,9,nz_8,-0.00979
MED00335,9,nz_8,0.00164
MED00336,9,nz_8,0.00451
MED00337,9,nz_8,-0.00153
MED00338,9,nz_8,0.00297
MED00339,9,nz_8,-0.01367
MED00340,9,nz_8,-0.00995
MED00341,9,nz_8,0.0043
MED00342,9,nz_8,-0.00448
MED00343,9,nz_8,0.00436
MED00344,9,nz_8,-0.002
MED00345,9,nz_8,-0.00817
MED00346,9,nz_8,-0.0063
MED00347,9,nz_8,-0.00882
MED00348,9,nz_8,-0.01929
MED00349,9,nz_8,0.01594
MED00350,9,nz_8,-0.00627
MED00351,9,nz_8,-0.0086
MED00352,9,nz_8,-0.01065
MED00353,9,nz_8,-0.00834
MED00354,9,nz_8,-0.00874
MED00355,9,nz_8,0.00653
MED00356,9,nz_8,-0.00148
MED00357,9,nz_8,-0.00396
MED00358,9,nz_8,0.00182
MED00359,9,nz_8,-0.01847
MED00360,9,nz_8,-0.00201
MED00361,9,nz_8,0.01246
MED00362,9,nz_8,0.01366
MED00363,9,nz_8,-0.01559
MED00364,9,nz_8,-0.00818
MED00365,9,nz_8,-0.00667
MED00366,9,nz_8,0.00429
MED00367,9,nz_8,-0.00466
MED00368,9,nz_8,0.01326
MED00369,9,nz_8,0.00688
MED00370,9,nz_8,-0.01039
MED00371,9,nz_8,-0.00396
MED00372,9,nz_8,-0.00783
MED00373,9,nz_8,0.02347
MED00374,9,nz_8,0.00121
MED00375,9,nz_8,-0.00326
MED00376,9,nz_8,-0.01688
MED00377,9,nz_8,-0.01163
MED00378,9,nz_8,0.01685
MED00379,9,nz_8,-0.00806
MED00380,9,nz_8,-0.00809
MED00382,9,nz_8,0.00249
MED00383,9,nz_8,0.00742
MED00384,9,nz_8,-0.00253
MED00385,9,nz_8,0.00588
MED00386,9,nz_8,0.00509
MED00387,9,nz_8,0.00537
MED00388,9,nz_8,0.00633
MED00389,9,nz_8,0.00115
MED00390,9,nz_8,0.00418
MED00391,9,nz_8,0.00459
MED00392,9,nz_8,0.0052
MED00393,9,nz_8,0.00531
MED00394,9,nz_8,0.00482
MED00395,9,nz_8,0.00557
MED00396,9,nz_8,0.00788
MED00397,9,nz_8,-0.00124
MED00398,9,nz_8,0.00458
MED00399,9,nz_8,0.00426
MED00400,9,nz_8,0.00417
MED00401,9,nz_8,0.00477
MED00402,9,nz_8,0.00278
MED00403,9,nz_8,0.00606
MED00404,9,nz_8,0.00986
MED00405,9,nz_8,0.00442
MED00406,9,nz_8,0.00494
MED00407,9,nz_8,0.00431
MED00408,9,nz_8,0.00305
MED00409,9,nz_8,0.00577
MED00410,9,nz_8,0.00565
MED00411,9,nz_8,0.00466
MED00412,9,nz_8,0.00416
MED00413,9,nz_8,0.00266
MED00414,9,nz_8,0.00497
MED00415,9,nz_8,0.00335
MED00416,9,nz_8,0.00376
MED00417,9,nz_8,0.00242
MED00418,9,nz_8,0.00456
MED00419,9,nz_8,0.00375
MED00420,9,nz_8,0.00474
MED00421,9,nz_8,0.00391
MED00422,9,nz_8,0.00335
MED00423,9,nz_8,0.00417
MED00424,9,nz_8,0.00613
MED00001,10,nz_8,0.00448
MED00002,10,nz_8,-0.00658
MED00003,10,nz_8,-0.00866
MED00004,10,nz_8,-0.0016
MED00005,10,nz_8,-0.00202
MED00006,10,nz_8,-0.01587
MED00007,10,nz_8,0.00111
MED00008,10,nz_8,0.0484
MED00009,10,nz_8,0.01364
MED00010,10,nz_8,0.0113
MED00011,10,nz_8,-0.00163
MED00012,10,nz_8,-0.01605
MED00013,10,nz_8,0.00954
MED00014,10,nz_8,0.00087
MED00015,10,nz_8,0.02686
MED00016,10,nz_8,0.01158
MED00017,10,nz_8,-0.01575
MED00018,10,nz_8,0.00495
MED00019,10,nz_8,0.00649
MED00020,10,nz_8,0.00087
MED00021,10,nz_8,0.00945
MED00022,10,nz_8,0.0122
MED00023,10,nz_8,-0.02208
MED00024,10,nz_8,-0.00463
MED00025,10,nz_8,-0.00871
MED00026,10,nz_8,-0.00779
MED00027,10,nz_8,-0.00788
MED00028,10,nz_8,-0.00749
MED00029,10,nz_8,0.00406
MED00030,10,nz_8,0.00236
MED00031,10,nz_8,-0.0054
MED00032,10,nz_8,-0.00362
MED00033,10,nz_8,-0.01144
MED00034,10,nz_8,0.00091
MED00035,10,nz_8,-0.00887
MED00036,10,nz_8,0.01309
MED00037,10,nz_8,-0.00728
MED00038,10,nz_8,0.00431
MED00039,10,nz_8,-0.00876
MED00040,10,nz_8,-0.01135
MED00041,10,nz_8,-0.0115
MED00042,10,nz_8,0.01263
MED00043,10,nz_8,-0.00642
MED00044,10,nz_8,-0.0135
MED00045,10,nz_8,-0.01325
MED00046,10,nz_8,-0.01622
MED00047,10,nz_8,0.00393
MED00048,10,nz_8,0.00515
MED00049,10,nz_8,-0.00864
MED00050,10,nz_8,-0.00335
MED00051,10,nz_8,-0.00443
MED00052,10,nz_8,-0.00677
MED00053,10,nz_8,0.00501
MED00054,10,nz_8,0.00484
MED00055,10,nz_8,0.01492
MED00056,10,nz_8,0.00177
MED00057,10,nz_8,-0.00951
MED00058,10,nz_8,-0.01621
MED00059,10,nz_8,0.00348
MED00060,10,nz_8,0.00452
MED00061,10,nz_8,-0.00784
MED00062,10,nz_8,0.0054
MED00063,10,nz_8,-0.00971
MED00064,10,nz_8,-0.00706
MED00065,10,nz_8,0.00606
MED00066,10,nz_8,-0.00487
MED00067,10,nz_8,-0.00601
MED00068,10,nz_8,0.01294
MED00069,10,nz_8,-0.01568
MED00070,10,nz_8,0.00505
MED00071,10,nz_8,0.00011
MED00072,10,nz_8,-0.00418
MED00073,10,nz_8,0.0186
MED00074,10,nz_8,0.01267
MED00075,10,nz_8,-0.00205
MED00076,10,nz_8,-0.00884
MED00077,10,nz_8,0.00804
MED00078,10,nz_8,-0.00544
MED00079,10,nz_8,-0.00153
MED00080,10,nz_8,0.0106
MED00081,10,nz_8,-0.00707
MED00082,10,nz_8,-0.00528
MED00083,10,nz_8,0.00707
MED00084,10,nz_8,-0.00236
MED00085,10,nz_8,-0.00258
MED00086,10,nz_8,-0.00617
MED00087,10,nz_8,-0.01847
MED00088,10,nz_8,0.00426
MED00089,10,nz_8,-0.0104
MED00090,10,nz_8,-0.00314
MED00091,10,nz_8,-0.01511
MED00092,10,nz_8,-0.01949
MED00093,10,nz_8,-0.00672
MED00094,10,nz_8,-0.00519
MED00095,10,nz_8,0.01409
MED00096,10,nz_8,-0.00874
MED00097,10,nz_8,-0.00818
MED00098,10,nz_8,0.00538
MED00099,10,nz_8,-0.00813
MED00100,10,nz_8,-0.00852
MED00101,10,nz_8,0.0042
MED00102,10,nz_8,-0.0098
MED00103,10,nz_8,-0.00707
MED00104,10,nz_8,0.00444
MED00105,10,nz_8,0.00535
MED00106,10,nz_8,-0.01102
MED00107,10,nz_8,0.00333
MED00108,10,nz_8,0.01418
MED00109,10,nz_8,-0.00741
MED00110,10,nz_8,-0.00858
MED00111,10,nz_8,0.03418
MED00112,10,nz_8,0.01311
MED00113,10,nz_8,-0.00294
MED00114,10,nz_8,-0.005
MED00115,10,nz_8,-0.01981
MED00116,10,nz_8,-0.00859
MED00117,10,nz_8,-0.02048
MED00118,10,nz_8,-0.01488
MED00119,10,nz_8,-0.01825
MED00120,10,nz_8,-0.00846
MED00121,10,nz_8,-0.00186
MED00122,10,nz_8,0.02467
MED00123,10,nz_8,-0.01023
MED00124,10,nz_8,0.00232
MED00125,10,nz_8,-0.01146
MED00126,10,nz_8,-0.00838
MED00127,10,nz_8,-0.0047
MED00128,10,nz_8,-0.01731
MED00129,10,nz_8,-0.02041
MED00130,10,nz_8,-0.01017
MED00131,10,nz_8,0.0007
MED00132,10,nz_8,-0.01101
MED00133,10,nz_8,-0.01306
MED00134,10,nz_8,-0.00846
MED00135,10,nz_8,-0.00445
MED00136,10,nz_8,-0.01424
MED00137,10,nz_8,-0.00145
MED00138,10,nz_8,-0.00256
MED00139,10,nz_8,-0.01916
MED00140,10,nz_8,-0.01414
MED00141,10,nz_8,0.00375
MED00142,10,nz_8,-0.01147
MED00143,10,nz_8,-0.00319
MED00144,10,nz_8,0.00656
MED00145,10,nz_8,0.02348
MED00146,10,nz_8,-0.02088
MED00147,10,nz_8,-0.00373
MED00148,10,nz_8,0.00393
MED00149,10,nz_8,0.01777
MED00150,10,nz_8,-0.00588
MED00151,10,nz_8,-0.0192
MED00152,10,nz_8,-0.00418
MED00153,10,nz_8,-0.0198
MED00154,10,nz_8,0.00029
MED00155,10,nz_8,-0.00473
MED00156,10,nz_8,0.01565
MED00157,10,nz_8,-0.0067
MED00158,10,nz_8,-0.00786
MED00159,10,nz_8,-0.00418
MED00160,10,nz_8,-0.00455
MED00161,10,nz_8,0.00829
MED00162,10,nz_8,-0.00432
MED00163,10,nz_8,-0.0115
MED00164,10,nz_8,-0.00275
MED00165,10,nz_8,-0.01176
MED00166,10,nz_8,-0.01645
MED00167,10,nz_8,-0.00581
MED00168,10,nz_8,-0.00346
MED00169,10,nz_8,-0.01647
MED00170,10,nz_8,-0.00341
MED00171,10,nz_8,0.0008
MED00172,10,nz_8,0.0327
MED00173,10,nz_8,-0.0036
MED00174,10,nz_8,-0.00416
MED00175,10,nz_8,-0.01281
MED00176,10,nz_8,-0.00772
MED00177,10,nz_8,-0.00839
MED00178,10,nz_8,0.00937
MED00179,10,nz_8,-0.00966
MED00180,10,nz_8,-0.01813
MED00181,10,nz_8,0.0134
MED00182,10,nz_8,-0.00782
MED00183,10,nz_8,-0.03879
MED00184,10,nz_8,-0.014
MED00185,10,nz_8,-0.00318
MED00186,10,nz_8,-0.01965
MED00187,10,nz_8,-0.0149
MED00188,10,nz_8,0.01272
MED00189,10,nz_8,-0.00836
MED00190,10,nz_8,-0.01873
MED00191,10,nz_8,0.00716
MED00192,10,nz_8,-0.01471
MED00193,10,nz_8,-0.00758
MED00194,10,nz_8,-0.01146
MED00195,10,nz_8,-0.00726
MED00196,10,nz_8,-0.01227
MED00197,10,nz_8,-0.01291
MED00198,10,nz_8,-0.01659
MED00199,10,nz_8,-0.02411
MED00200,10,nz_8,-0.01798
MED00201,10,nz_8,0.00578
MED00202,10,nz_8,-0.01379
MED00203,10,nz_8,-0.00446
MED00204,10,nz_8,-0.01703
MED00205,10,nz_8,0.00479
MED00206,10,nz_8,-0.01591
MED00207,10,nz_8,-0.00638
MED00208,10,nz_8,0.0045
MED00209,10,nz_8,0.02492
MED00210,10,nz_8,-0.00669
MED00211,10,nz_8,-0.00813
MED00212,10,nz_8,-0.01367
MED00213,10,nz_8,-0.00833
MED00214,10,nz_8,0.00457
MED00215,10,nz_8,0.01674
MED00216,10,nz_8,-0.0095
MED00217,10,nz_8,-0.00707
MED00218,10,nz_8,0.00918
MED00219,10,nz_8,-0.00392
MED00220,10,nz_8,-0.0077
MED00221,10,nz_8,-0.00594
MED00222,10,nz_8,-0.00655
MED00223,10,nz_8,-0.00784
MED00224,10,nz_8,-0.01748
MED00225,10,nz_8,0.00747
MED00226,10,nz_8,-0.01787
MED00227,10,nz_8,0.0005
MED00228,10,nz_8,-0.00406
MED00229,10,nz_8,-0.00808
MED00230,10,nz_8,-0.00842
MED00231,10,nz_8,-0.01284
MED00232,10,nz_8,-0.01942
MED00233,10,nz_8,-0.01197
MED00234,10,nz_8,-0.01905
MED00235,10,nz_8,0.00527
MED00236,10,nz_8,-0.02188
MED00237,10,nz_8,0.00544
MED00238,10,nz_8,0.00064
MED00239,10,nz_8,0.01386
MED00240,10,nz_8,0.00806
MED00241,10,nz_8,0.01386
MED00242,10,nz_8,-0.01182
MED00243,10,nz_8,-0.00665
MED00244,10,nz_8,-0.01748
MED00245,10,nz_8,0.00527
MED00246,10,nz_8,0.0014
MED00247,10,nz_8,0.00488
MED00248,10,nz_8,0.00144
MED00249,10,nz_8,0.00259
MED00250,10,nz_8,0.00446
MED00251,10,nz_8,-0.00715
MED00252,10,nz_8,-0.01103
MED00253,10,nz_8,0.01867
MED00254,10,nz_8,-0.00834
MED00255,10,nz_8,0.01001
MED00256,10,nz_8,-0.02037
MED00257,10,nz_8,0.00585
MED00258,10,nz_8,-0.00782
MED00259,10,nz_8,-0.00455
MED00260,10,nz_8,-0.00998
MED00261,10,nz_8,-0.01017
MED00262,10,nz_8,0.0175
MED00263,10,nz_8,0.01296
MED00264,10,nz_8,-0.00914
MED00265,10,nz_8,0.00486
MED00266,10,nz_8,-0.007
MED00267,10,nz_8,0.01086
MED00268,10,nz_8,-0.00183
MED00269,10,nz_8,-0.01785
MED00270,10,nz_8,0.02693
MED00271,10,nz_8,0.00025
MED00272,10,nz_8,0.01593
MED00273,10,nz_8,0.01918
MED00274,10,nz_8,-0.01077
MED00275,10,nz_8,0.00469
MED00276,10,nz_8,-0.01639
MED00277,10,nz_8,-0.00851
MED00278,10,nz_8,0.00526
MED00279,10,nz_8,0.00204
MED00280,10,nz_8,-0.00758
MED00281,10,nz_8,0.00548
MED00282,10,nz_8,0.02226
MED00283,10,nz_8,-0.00806
MED00284,10,nz_8,-0.01095
MED00285,10,nz_8,0.00282
MED00286,10,nz_8,0.00463
MED00287,10,nz_8,0.01393
MED00288,10,nz_8,-0.00594
MED00289,10,nz_8,0.00134
MED00290,10,nz_8,-0.01946
MED00291,10,nz_8,-0.01825
MED00292,10,nz_8,-0.02471
MED00293,10,nz_8,0.00575
MED00294,10,nz_8,-0.01326
MED00295,10,nz_8,-0.01018
MED00296,10,nz_8,-0.00975
MED00297,10,nz_8,0.00488
MED00298,10,nz_8,-0.00822
MED00299,10,nz_8,-0.00529
MED00300,10,nz_8,-0.01855
MED00301,10,nz_8,0.00633
MED00302,10,nz_8,-0.00709
MED00303,10,nz_8,-0.00622
MED00304,10,nz_8,-0.00727
MED00305,10,nz_8,-0.0184
MED00306,10,nz_8,-0.0103
MED00307,10,nz_8,-0.00092
MED00308,10,nz_8,-0.00835
MED00309,10,nz_8,0.01242
MED00310,10,nz_8,-0.00682
MED00311,10,nz_8,0.00774
MED00312,10,nz_8,-0.01119
MED00313,10,nz_8,-0.0077
MED00314,10,nz_8,-0.00437
MED00315,10,nz_8,0.00334
MED00316,10,nz_8,-0.00091
MED00317,10,nz_8,-0.01842
MED00318,10,nz_8,0.00639
MED00319,10,nz_8,0.00513
MED00320,10,nz_8,-0.00121
MED00321,10,nz_8,-0.00332
MED00322,10,nz_8,-0.00875
MED00323,10,nz_8,0.00012
MED00324,10,nz_8,-0.00088
MED00325,10,nz_8,0.00471
MED00326,10,nz_8,0.00382
MED00327,10,nz_8,-0.00611
MED00328,10,nz_8,0.00543
MED00329,10,nz_8,0.00491
MED00330,10,nz_8,0.0049
MED00331,10,nz_8,0.00215
MED00332,10,nz_8,-0.00759
MED00333,10,nz_8,0.01116
MED00334,10,nz_8,-0.01022
MED00335,10,nz_8,0.00197
MED00336,10,nz_8,0.00531
MED00337,10,nz_8,-0.00109
MED00338,10,nz_8,0.00175
MED00339,10,nz_8,-0.01407
MED00340,10,nz_8,-0.00981
MED00341,10,nz_8,0.00451
MED00342,10,nz_8,-0.00545
MED00343,10,nz_8,0.00462
MED00344,10,nz_8,-0.00297
MED00345,10,nz_8,-0.00863
MED00346,10,nz_8,-0.00729
MED00347,10,nz_8,-0.0093
MED00348,10,nz_8,-0.02004
MED00349,10,nz_8,0.01598
MED00350,10,nz_8,-0.00586
MED00351,10,nz_8,-0.00841
MED00352,10,nz_8,-0.01048
MED00353,10,nz_8,-0.00816
MED00354,10,nz_8,-0.00815
MED00355,10,nz_8,0.00677
MED00356,10,nz_8,-0.00244
MED00357,10,nz_8,-0.00473
MED00358,10,nz_8,-0.00194
MED00359,10,nz_8,-0.01977
MED00360,10,nz_8,-0.00271
MED00361,10,nz_8,0.01261
MED00362,10,nz_8,0.0139
MED00363,10,nz_8,-0.01655
MED00364,10,nz_8,-0.00861
MED00365,10,nz_8,-0.0078
MED00366,10,nz_8,0.00453
MED00367,10,nz_8,-0.00568
MED00368,10,nz_8,0.0134
MED00369,10,nz_8,0.00691
MED00370,10,nz_8,-0.00967
MED00371,10,nz_8,-0.00512
MED00372,10,nz_8,-0.00829
MED00373,10,nz_8,0.02241
MED00374,10,nz_8,-0.00183
MED00375,10,nz_8,-0.00431
MED00376,10,nz_8,-0.01815
MED00377,10,nz_8,-0.01204
MED00378,10,nz_8,0.01662
MED00379,10,nz_8,-0.00766
MED00380,10,nz_8,-0.00792
MED00381,10,nz_8,0.00075
MED00382,10,nz_8,-0.0012
MED00383,10,nz_8,0.00735
MED00384,10,nz_8,-0.00351
MED00385,10,nz_8,0.00621
MED00386,10,nz_8,0.00541
MED00387,10,nz_8,0.00571
MED00388,10,nz_8,0.00662
MED00389,10,nz_8,0.00281
MED00390,10,nz_8,0.00597
MED00391,10,nz_8,0.00565
MED00392,10,nz_8,0.00543
MED00393,10,nz_8,0.00609
MED00394,10,nz_8,0.00505
MED00395,10,nz_8,0.0058
MED00396,10,nz_8,0.0091
MED00397,10,nz_8,-0.00099
MED00398,10,nz_8,0.00483
MED00399,10,nz_8,0.00469
MED00400,10,nz_8,0.00458
MED00401,10,nz_8,0.00507
MED00402,10,nz_8,0.00354
MED00403,10,nz_8,0.00639
MED00404,10,nz_8,0.01019
MED00405,10,nz_8,0.00619
MED00406,10,nz_8,0.00672
MED00407,10,nz_8,0.00476
MED00408,10,nz_8,0.00336
MED00409,10,nz_8,0.00795
MED00410,10,nz_8,0.0064
MED00411,10,nz_8,0.00576
MED00412,10,nz_8,0.00525
MED00413,10,nz_8,0.00557
MED00414,10,nz_8,0.00607
MED00415,10,nz_8,0.00445
MED00416,10,nz_8,0.00612
MED00417,10,nz_8,0.00364
MED00418,10,nz_8,0.00491
MED00419,10,nz_8,0.0048
MED00420,10,nz_8,0.00518
MED00421,10,nz_8,0.00435
MED00422,10,nz_8,0.00571
MED00423,10,nz_8,0.0044
MED00424,10,nz_8,0.00628
MED00001,11,nz_8,0.00443
MED00002,11,nz_8,-0.00646
MED00003,11,nz_8,-0.00841
MED00004,11,nz_8,-0.00168
MED00005,11,nz_8,-0.00236
MED00006,11,nz_8,-0.01529
MED00007,11,nz_8,0.00154
MED00008,11,nz_8,0.0487
MED00009,11,nz_8,0.01397
MED00010,11,nz_8,0.01168
MED00011,11,nz_8,-0.00111
MED00012,11,nz_8,-0.01543
MED00013,11,nz_8,0.00986
MED00014,11,nz_8,0.00106
MED00015,11,nz_8,0.02705
MED00016,11,nz_8,0.0119
MED00017,11,nz_8,-0.01532
MED00018,11,nz_8,0.00483
MED00019,11,nz_8,0.00493
MED00020,11,nz_8,0.00112
MED00021,11,nz_8,0.00992
MED00022,11,nz_8,0.01253
MED00023,11,nz_8,-0.01995
MED00024,11,nz_8,-0.00419
MED00025,11,nz_8,-0.00841
MED00026,11,nz_8,-0.00764
MED00027,11,nz_8,-0.00758
MED00028,11,nz_8,-0.00714
MED00029,11,nz_8,0.00623
MED00030,11,nz_8,0.00294
MED00031,11,nz_8,-0.0051
MED00032,11,nz_8,-0.00319
MED00033,11,nz_8,-0.0114
MED00034,11,nz_8,0.00064
MED00035,11,nz_8,-0.0076
MED00036,11,nz_8,0.01605
MED00037,11,nz_8,-0.00713
MED00038,11,nz_8,0.00425
MED00039,11,nz_8,-0.00872
MED00040,11,nz_8,-0.0096
MED00041,11,nz_8,-0.01159
MED00042,11,nz_8,0.01373
MED00043,11,nz_8,-0.00613
MED00044,11,nz_8,-0.0132
MED00045,11,nz_8,-0.01267
MED00046,11,nz_8,-0.01576
MED00047,11,nz_8,0.00382
MED00048,11,nz_8,0.0051
MED00049,11,nz_8,-0.00845
MED00050,11,nz_8,-0.00267
MED00051,11,nz_8,-0.00421
MED00052,11,nz_8,-0.00654
MED00053,11,nz_8,0.00522
MED00054,11,nz_8,0.00505
MED00055,11,nz_8,0.01601
MED00056,11,nz_8,0.00442
MED00057,11,nz_8,-0.00944
MED00058,11,nz_8,-0.01563
MED00059,11,nz_8,0.0035
MED00060,11,nz_8,0.00477
MED00061,11,nz_8,-0.0076
MED00062,11,nz_8,0.00535
MED00063,11,nz_8,-0.00952
MED00064,11,nz_8,-0.00654
MED00065,11,nz_8,0.00449
MED00066,11,nz_8,-0.00463
MED00067,11,nz_8,-0.00558
MED00068,11,nz_8,0.01308
MED00069,11,nz_8,-0.01499
MED00070,11,nz_8,0.00501
MED00071,11,nz_8,0.00042
MED00072,11,nz_8,-0.00375
MED00073,11,nz_8,0.01885
MED00074,11,nz_8,0.01287
MED00075,11,nz_8,-0.00162
MED00076,11,nz_8,-0.00872
MED00077,11,nz_8,0.00836
MED00078,11,nz_8,-0.0049
MED00079,11,nz_8,-0.00098
MED00080,11,nz_8,0.0106
MED00081,11,nz_8,-0.00687
MED00082,11,nz_8,-0.00471
MED00083,11,nz_8,0.0074
MED00084,11,nz_8,0.00148
MED00085,11,nz_8,-0.00215
MED00086,11,nz_8,-0.00562
MED00087,11,nz_8,-0.0179
MED00088,11,nz_8,0.00419
MED00089,11,nz_8,-0.00994
MED00090,11,nz_8,-0.00434
MED00091,11,nz_8,-0.01468
MED00092,11,nz_8,-0.01917
MED00093,11,nz_8,-0.00678
MED00094,11,nz_8,-0.00515
MED00095,11,nz_8,0.01441
MED00096,11,nz_8,-0.00839
MED00097,11,nz_8,-0.00778
MED00098,11,nz_8,0.00503
MED00099,11,nz_8,-0.00784
MED00100,11,nz_8,-0.00833
MED00101,11,nz_8,0.00438
MED00102,11,nz_8,-0.00967
MED00103,11,nz_8,-0.00638
MED00104,11,nz_8,0.00433
MED00105,11,nz_8,0.00528
MED00106,11,nz_8,-0.0093
MED00107,11,nz_8,0.00351
MED00108,11,nz_8,0.01451
MED00109,11,nz_8,-0.0075
MED00110,11,nz_8,-0.00854
MED00111,11,nz_8,0.03439
MED00112,11,nz_8,0.01327
MED00113,11,nz_8,-0.0025
MED00114,11,nz_8,-0.00453
MED00115,11,nz_8,-0.01913
MED00116,11,nz_8,-0.00809
MED00117,11,nz_8,-0.0199
MED00118,11,nz_8,-0.01443
MED00119,11,nz_8,-0.01792
MED00120,11,nz_8,-0.008
MED00121,11,nz_8,-0.00177
MED00122,11,nz_8,0.02493
MED00123,11,nz_8,-0.01053
MED00124,11,nz_8,0.00257
MED00125,11,nz_8,-0.01125
MED00126,11,nz_8,-0.00846
MED00127,11,nz_8,-0.00401
MED00128,11,nz_8,-0.01699
MED00129,11,nz_8,-0.01983
MED00130,11,nz_8,-0.00849
MED00131,11,nz_8,0.00102
MED00132,11,nz_8,-0.01131
MED00133,11,nz_8,-0.01339
MED00134,11,nz_8,-0.00855
MED00135,11,nz_8,-0.00395
MED00136,11,nz_8,-0.01297
MED00137,11,nz_8,-0.00156
MED00138,11,nz_8,-0.00213
MED00139,11,nz_8,-0.01858
MED00140,11,nz_8,-0.01383
MED00141,11,nz_8,0.00421
MED00142,11,nz_8,-0.01094
MED00143,11,nz_8,-0.00276
MED00144,11,nz_8,0.00661
MED00145,11,nz_8,0.0237
MED00146,11,nz_8,-0.02046
MED00147,11,nz_8,-0.00304
MED00148,11,nz_8,0.00418
MED00149,11,nz_8,0.01778
MED00150,11,nz_8,-0.00684
MED00151,11,nz_8,-0.01878
MED00152,11,nz_8,-0.00375
MED00153,11,nz_8,-0.01937
MED00154,11,nz_8,0.00055
MED00155,11,nz_8,-0.00429
MED00156,11,nz_8,0.01597
MED00157,11,nz_8,-0.00628
MED00158,11,nz_8,-0.00756
MED00159,11,nz_8,-0.00393
MED00160,11,nz_8,-0.00412
MED00161,11,nz_8,0.00802
MED00162,11,nz_8,-0.00364
MED00163,11,nz_8,-0.01124
MED00164,11,nz_8,-0.00218
MED00165,11,nz_8,-0.01155
MED00166,11,nz_8,-0.01576
MED00167,11,nz_8,-0.00538
MED00168,11,nz_8,-0.00278
MED00169,11,nz_8,-0.01604
MED00170,11,nz_8,-0.00298
MED00171,11,nz_8,0.00123
MED00172,11,nz_8,0.03148
MED00173,11,nz_8,-0.00291
MED00174,11,nz_8,-0.00389
MED00175,11,nz_8,-0.01129
MED00176,11,nz_8,-0.00738
MED00177,11,nz_8,-0.00809
MED00178,11,nz_8,0.012
MED00179,11,nz_8,-0.00996
MED00180,11,nz_8,-0.01754
MED00181,11,nz_8,0.0137
MED00182,11,nz_8,-0.00915
MED00183,11,nz_8,-0.03831
MED00184,11,nz_8,-0.01343
MED00185,11,nz_8,-0.00275
MED00186,11,nz_8,-0.01896
MED00187,11,nz_8,-0.01447
MED00188,11,nz_8,0.013
MED00189,11,nz_8,-0.00816
MED00190,11,nz_8,-0.01819
MED00191,11,nz_8,0.0071
MED00192,11,nz_8,-0.01453
MED00193,11,nz_8,-0.0074
MED00194,11,nz_8,-0.01137
MED00195,11,nz_8,-0.00718
MED00196,11,nz_8,-0.0122
MED00197,11,nz_8,-0.01282
MED00198,11,nz_8,-0.01616
MED00199,11,nz_8,-0.02395
MED00200,11,nz_8,-0.0173
MED00201,11,nz_8,0.0057
MED00202,11,nz_8,-0.01321
MED00203,11,nz_8,-0.00403
MED00204,11,nz_8,-0.0164
MED00205,11,nz_8,0.00471
MED00206,11,nz_8,-0.01712
MED00207,11,nz_8,-0.00595
MED00208,11,nz_8,0.00442
MED00209,11,nz_8,0.02767
MED00210,11,nz_8,-0.00534
MED00211,11,nz_8,-0.00744
MED00212,11,nz_8,-0.01237
MED00213,11,nz_8,-0.00863
MED00214,11,nz_8,0.00449
MED00215,11,nz_8,0.01673
MED00216,11,nz_8,-0.00932
MED00217,11,nz_8,-0.00692
MED00218,11,nz_8,0.00943
MED00219,11,nz_8,-0.00353
MED00220,11,nz_8,-0.00701
MED00221,11,nz_8,-0.00537
MED00222,11,nz_8,-0.00612
MED00223,11,nz_8,-0.00574
MED00224,11,nz_8,-0.01689
MED00225,11,nz_8,0.00773
MED00226,11,nz_8,-0.01718
MED00227,11,nz_8,0.00067
MED00228,11,nz_8,-0.00363
MED00229,11,nz_8,-0.00838
MED00230,11,nz_8,-0.00806
MED00231,11,nz_8,-0.01242
MED00232,11,nz_8,-0.01882
MED00233,11,nz_8,-0.01232
MED00234,11,nz_8,-0.01862
MED00235,11,nz_8,0.00475
MED00236,11,nz_8,-0.02135
MED00237,11,nz_8,0.00568
MED00238,11,nz_8,0.00107
MED00239,11,nz_8,0.01419
MED00240,11,nz_8,0.00805
MED00241,11,nz_8,0.01428
MED00242,11,nz_8,-0.01174
MED00243,11,nz_8,-0.00652
MED00244,11,nz_8,-0.01689
MED00245,11,nz_8,0.00475
MED00246,11,nz_8,0.00167
MED00247,11,nz_8,0.00481
MED00248,11,nz_8,0.00175
MED00249,11,nz_8,0.0024
MED00250,11,nz_8,0.00445
MED00251,11,nz_8,-0.00671
MED00252,11,nz_8,-0.01088
MED00253,11,nz_8,0.01866
MED00254,11,nz_8,-0.00805
MED00255,11,nz_8,0.01026
MED00256,11,nz_8,-0.02005
MED00257,11,nz_8,0.00598
MED00258,11,nz_8,-0.00713
MED00259,11,nz_8,-0.00413
MED00260,11,nz_8,-0.01019
MED00261,11,nz_8,-0.01025
MED00262,11,nz_8,0.01763
MED00263,11,nz_8,0.01328
MED00264,11,nz_8,-0.00923
MED00265,11,nz_8,0.00477
MED00266,11,nz_8,-0.00647
MED00267,11,nz_8,0.01119
MED00268,11,nz_8,-0.0014
MED00269,11,nz_8,-0.01742
MED00270,11,nz_8,0.02692
MED00271,11,nz_8,-0.00108
MED00272,11,nz_8,0.01594
MED00273,11,nz_8,0.01944
MED00274,11,nz_8,-0.01107
MED00275,11,nz_8,0.00461
MED00276,11,nz_8,-0.01592
MED00277,11,nz_8,-0.00826
MED00278,11,nz_8,0.00516
MED00279,11,nz_8,0.00189
MED00280,11,nz_8,-0.00745
MED00281,11,nz_8,0.00544
MED00282,11,nz_8,0.02225
MED00283,11,nz_8,-0.00736
MED00284,11,nz_8,-0.01062
MED00285,11,nz_8,0.00301
MED00286,11,nz_8,0.00499
MED00287,11,nz_8,0.01422
MED00288,11,nz_8,-0.00151
MED00289,11,nz_8,0.00153
MED00290,11,nz_8,-0.01903
MED00291,11,nz_8,-0.0177
MED00292,11,nz_8,-0.02413
MED00293,11,nz_8,0.00593
MED00294,11,nz_8,-0.01267
MED00295,11,nz_8,-0.00995
MED00296,11,nz_8,-0.00906
MED00297,11,nz_8,0.0048
MED00298,11,nz_8,-0.0078
MED00299,11,nz_8,-0.00349
MED00300,11,nz_8,-0.01797
MED00301,11,nz_8,0.00658
MED00302,11,nz_8,-0.00663
MED00303,11,nz_8,-0.00567
MED00304,11,nz_8,-0.0067
MED00305,11,nz_8,-0.01773
MED00306,11,nz_8,-0.00902
MED00307,11,nz_8,-0.00067
MED00308,11,nz_8,-0.00867
MED00309,11,nz_8,0.01289
MED00310,11,nz_8,-0.00614
MED00311,11,nz_8,0.00825
MED00312,11,nz_8,-0.01127
MED00313,11,nz_8,-0.00791
MED00314,11,nz_8,-0.0039
MED00315,11,nz_8,0.00353
MED00316,11,nz_8,-0.0005
MED00317,11,nz_8,-0.01773
MED00318,11,nz_8,0.00671
MED00319,11,nz_8,0.00505
MED00320,11,nz_8,-0.00063
MED00321,11,nz_8,-0.00365
MED00322,11,nz_8,-0.00855
MED00323,11,nz_8,0.00279
MED00324,11,nz_8,-0.00071
MED00325,11,nz_8,0.00505
MED00326,11,nz_8,0.004
MED00327,11,nz_8,-0.0057
MED00328,11,nz_8,0.00569
MED00329,11,nz_8,0.00483
MED00330,11,nz_8,0.0049
MED00331,11,nz_8,0.00258
MED00332,11,nz_8,-0.00717
MED00333,11,nz_8,0.01149
MED00334,11,nz_8,-0.00977
MED00335,11,nz_8,0.00226
MED00336,11,nz_8,0.00523
MED00337,11,nz_8,-0.00035
MED00338,11,nz_8,0.00221
MED00339,11,nz_8,-0.01361
MED00340,11,nz_8,-0.00899
MED00341,11,nz_8,0.00444
MED00342,11,nz_8,-0.00477
MED00343,11,nz_8,0.00455
MED00344,11,nz_8,-0.00284
MED00345,11,nz_8,-0.00845
MED00346,11,nz_8,-0.0066
MED00347,11,nz_8,-0.00904
MED00348,11,nz_8,-0.01975
MED00349,11,nz_8,0.01631
MED00350,11,nz_8,-0.00621
MED00351,11,nz_8,-0.0085
MED00352,11,nz_8,-0.01078
MED00353,11,nz_8,-0.00846
MED00354,11,nz_8,-0.00824
MED00355,11,nz_8,0.00522
MED00356,11,nz_8,-0.00201
MED00357,11,nz_8,-0.00459
MED00358,11,nz_8,-0.00126
MED00359,11,nz_8,-0.01889
MED00360,11,nz_8,-0.00234
MED00361,11,nz_8,0.01293
MED00362,11,nz_8,0.01424
MED00363,11,nz_8,-0.01612
MED00364,11,nz_8,-0.00836
MED00365,11,nz_8,-0.00736
MED00366,11,nz_8,0.00444
MED00367,11,nz_8,-0.00499
MED00368,11,nz_8,0.01374
MED00369,11,nz_8,0.00724
MED00370,11,nz_8,-0.00964
MED00371,11,nz_8,-0.00452
MED00372,11,nz_8,-0.00809
MED00373,11,nz_8,0.02271
MED00374,11,nz_8,-0.00141
MED00375,11,nz_8,-0.00397
MED00376,11,nz_8,-0.01772
MED00377,11,nz_8,-0.01184
MED00378,11,nz_8,0.0157
MED00379,11,nz_8,-0.00801
MED00380,11,nz_8,-0.008
MED00381,11,nz_8,0.00054
MED00382,11,nz_8,-0.00051
MED00383,11,nz_8,0.00675
MED00384,11,nz_8,-0.00308
MED00385,11,nz_8,0.00617
MED00386,11,nz_8,0.00533
MED00387,11,nz_8,0.00566
MED00388,11,nz_8,0.00627
MED00389,11,nz_8,0.00288
MED00390,11,nz_8,0.00594
MED00391,11,nz_8,0.00564
MED00392,11,nz_8,0.00543
MED00393,11,nz_8,0.0058
MED00394,11,nz_8,0.00501
MED00395,11,nz_8,0.00575
MED00396,11,nz_8,0.00711
MED00397,11,nz_8,0.00309
MED00398,11,nz_8,0.00479
MED00399,11,nz_8,0.00463
MED00400,11,nz_8,0.00447
MED00401,11,nz_8,0.00503
MED00402,11,nz_8,0.00353
MED00403,11,nz_8,0.00611
MED00404,11,nz_8,0.01025
MED00405,11,nz_8,0.00616
MED00406,11,nz_8,0.0067
MED00407,11,nz_8,0.00471
MED00408,11,nz_8,0.00328
MED00409,11,nz_8,0.0079
MED00410,11,nz_8,0.00861
MED00411,11,nz_8,0.00572
MED00412,11,nz_8,0.00517
MED00413,11,nz_8,0.00527
MED00414,11,nz_8,0.00602
MED00415,11,nz_8,0.00437
MED00416,11,nz_8,0.00612
MED00417,11,nz_8,0.00376
MED00418,11,nz_8,0.00483
MED00419,11,nz_8,0.00476
MED00420,11,nz_8,0.00519
MED00421,11,nz_8,0.00432
MED00422,11,nz_8,0.00571
MED00423,11,nz_8,0.00432
MED00424,11,nz_8,0.00624
MED00001,12,nz_8,0.00443
MED00002,12,nz_8,-0.00801
MED00003,12,nz_8,-0.01035
MED00004,12,nz_8,-0.00189
MED00005,12,nz_8,-0.00256
MED00006,12,nz_8,-0.01525
MED00007,12,nz_8,0.0067
MED00008,12,nz_8,0.04946
MED00009,12,nz_8,0.01373
MED00010,12,nz_8,0.01137
MED00011,12,nz_8,-0.00129
MED00012,12,nz_8,-0.01531
MED00013,12,nz_8,0.00979
MED00014,12,nz_8,0.00104
MED00015,12,nz_8,0.03686
MED00016,12,nz_8,0.01169
MED00017,12,nz_8,-0.0153
MED00018,12,nz_8,0.00481
MED00019,12,nz_8,0.00492
MED00020,12,nz_8,0.00115
MED00021,12,nz_8,0.00971
MED00022,12,nz_8,0.01232
MED00023,12,nz_8,-0.01989
MED00024,12,nz_8,-0.00416
MED00025,12,nz_8,-0.01126
MED00026,12,nz_8,-0.00885
MED00027,12,nz_8,-0.01042
MED00028,12,nz_8,-0.00737
MED00029,12,nz_8,0.0062
MED00030,12,nz_8,0.00292
MED00031,12,nz_8,-0.00507
MED00032,12,nz_8,-0.00309
MED00033,12,nz_8,-0.01161
MED00034,12,nz_8,0.00062
MED00035,12,nz_8,-0.0093
MED00036,12,nz_8,0.02
MED00037,12,nz_8,-0.00736
MED00038,12,nz_8,0.00423
MED00039,12,nz_8,-0.00891
MED00040,12,nz_8,-0.00971
MED00041,12,nz_8,-0.01224
MED00042,12,nz_8,0.01349
MED00043,12,nz_8,0.00329
MED00044,12,nz_8,-0.01316
MED00045,12,nz_8,-0.01265
MED00046,12,nz_8,-0.01572
MED00047,12,nz_8,0.00359
MED00048,12,nz_8,0.00507
MED00049,12,nz_8,-0.01039
MED00050,12,nz_8,-0.00244
MED00051,12,nz_8,-0.00618
MED00052,12,nz_8,-0.00681
MED00053,12,nz_8,0.0052
MED00054,12,nz_8,0.00502
MED00055,12,nz_8,0.01708
MED00056,12,nz_8,0.00413
MED00057,12,nz_8,-0.01003
MED00058,12,nz_8,-0.0156
MED00059,12,nz_8,0.00326
MED00060,12,nz_8,0.00456
MED00061,12,nz_8,-0.00784
MED00062,12,nz_8,0.00532
MED00063,12,nz_8,-0.01147
MED00064,12,nz_8,-0.00656
MED00065,12,nz_8,0.00447
MED00066,12,nz_8,0.00519
MED00067,12,nz_8,-0.00551
MED00068,12,nz_8,0.01284
MED00069,12,nz_8,-0.01496
MED00070,12,nz_8,0.00477
MED00071,12,nz_8,0.00047
MED00072,12,nz_8,-0.00371
MED00073,12,nz_8,0.01864
MED00074,12,nz_8,0.01263
MED00075,12,nz_8,-0.00161
MED00076,12,nz_8,-0.01028
MED00077,12,nz_8,0.00815
MED00078,12,nz_8,-0.00487
MED00079,12,nz_8,-0.001
MED00080,12,nz_8,0.01035
MED00081,12,nz_8,-0.00883
MED00082,12,nz_8,-0.00467
MED00083,12,nz_8,0.00718
MED00084,12,nz_8,0.00146
MED00085,12,nz_8,-0.00211
MED00086,12,nz_8,-0.00584
MED00087,12,nz_8,-0.0178
MED00088,12,nz_8,0.00417
MED00089,12,nz_8,-0.01027
MED00090,12,nz_8,-0.0043
MED00091,12,nz_8,-0.01465
MED00092,12,nz_8,-0.01908
MED00093,12,nz_8,-0.0077
MED00094,12,nz_8,-0.0055
MED00095,12,nz_8,0.01419
MED00096,12,nz_8,-0.00865
MED00097,12,nz_8,-0.00796
MED00098,12,nz_8,0.00501
MED00099,12,nz_8,-0.01068
MED00100,12,nz_8,-0.01028
MED00101,12,nz_8,0.00405
MED00102,12,nz_8,-0.00984
MED00103,12,nz_8,-0.00635
MED00104,12,nz_8,0.00432
MED00105,12,nz_8,0.00504
MED00106,12,nz_8,-0.01123
MED00107,12,nz_8,0.00356
MED00108,12,nz_8,0.01429
MED00109,12,nz_8,-0.0077
MED00110,12,nz_8,-0.00892
MED00111,12,nz_8,0.03819
MED00112,12,nz_8,0.01304
MED00113,12,nz_8,-0.0024
MED00114,12,nz_8,-0.00477
MED00115,12,nz_8,-0.0191
MED00116,12,nz_8,-0.00832
MED00117,12,nz_8,-0.01987
MED00118,12,nz_8,-0.01443
MED00119,12,nz_8,-0.0178
MED00120,12,nz_8,-0.00819
MED00121,12,nz_8,-0.00174
MED00122,12,nz_8,0.02469
MED00123,12,nz_8,-0.01111
MED00124,12,nz_8,0.00257
MED00125,12,nz_8,-0.01321
MED00126,12,nz_8,-0.00867
MED00127,12,nz_8,-0.004
MED00128,12,nz_8,-0.01687
MED00129,12,nz_8,-0.01678
MED00130,12,nz_8,-0.01038
MED00131,12,nz_8,0.00107
MED00132,12,nz_8,-0.01196
MED00133,12,nz_8,-0.01404
MED00134,12,nz_8,-0.00949
MED00135,12,nz_8,-0.00421
MED00136,12,nz_8,-0.01355
MED00137,12,nz_8,-0.0015
MED00138,12,nz_8,-0.0021
MED00139,12,nz_8,-0.01855
MED00140,12,nz_8,-0.01381
MED00141,12,nz_8,0.00421
MED00142,12,nz_8,-0.01153
MED00143,12,nz_8,-0.00272
MED00144,12,nz_8,0.00637
MED00145,12,nz_8,0.02353
MED00146,12,nz_8,-0.01742
MED00147,12,nz_8,-0.00301
MED00148,12,nz_8,0.00397
MED00149,12,nz_8,0.01762
MED00150,12,nz_8,-0.00682
MED00151,12,nz_8,-0.01875
MED00152,12,nz_8,-0.00371
MED00153,12,nz_8,-0.01935
MED00154,12,nz_8,0.00053
MED00155,12,nz_8,-0.00427
MED00156,12,nz_8,0.01573
MED00157,12,nz_8,-0.00651
MED00158,12,nz_8,-0.0104
MED00159,12,nz_8,-0.00413
MED00160,12,nz_8,-0.00414
MED00161,12,nz_8,0.00778
MED00162,12,nz_8,-0.0036
MED00163,12,nz_8,-0.01319
MED00164,12,nz_8,-0.00215
MED00165,12,nz_8,-0.01178
MED00166,12,nz_8,-0.01573
MED00167,12,nz_8,-0.00528
MED00168,12,nz_8,-0.00275
MED00169,12,nz_8,-0.01602
MED00170,12,nz_8,-0.0029
MED00171,12,nz_8,0.00124
MED00172,12,nz_8,0.03124
MED00173,12,nz_8,-0.00287
MED00174,12,nz_8,-0.00414
MED00175,12,nz_8,-0.01228
MED00176,12,nz_8,-0.00758
MED00177,12,nz_8,-0.01094
MED00178,12,nz_8,0.01269
MED00179,12,nz_8,-0.01131
MED00180,12,nz_8,-0.01743
MED00181,12,nz_8,0.01342
MED00182,12,nz_8,-0.01055
MED00183,12,nz_8,-0.03839
MED00184,12,nz_8,-0.01315
MED00185,12,nz_8,-0.00271
MED00186,12,nz_8,-0.01893
MED00187,12,nz_8,-0.01446
MED00188,12,nz_8,0.01276
MED00189,12,nz_8,-0.01012
MED00190,12,nz_8,-0.01818
MED00191,12,nz_8,0.00684
MED00192,12,nz_8,-0.01647
MED00193,12,nz_8,-0.00934
MED00194,12,nz_8,-0.01161
MED00195,12,nz_8,-0.00744
MED00196,12,nz_8,-0.01245
MED00197,12,nz_8,-0.01306
MED00198,12,nz_8,-0.01613
MED00199,12,nz_8,-0.02393
MED00200,12,nz_8,-0.01728
MED00201,12,nz_8,0.00539
MED00202,12,nz_8,-0.01309
MED00203,12,nz_8,-0.00401
MED00204,12,nz_8,-0.01629
MED00205,12,nz_8,0.00468
MED00206,12,nz_8,-0.01701
MED00207,12,nz_8,-0.00594
MED00208,12,nz_8,0.0044
MED00209,12,nz_8,0.02845
MED00210,12,nz_8,-0.0048
MED00211,12,nz_8,-0.00738
MED00212,12,nz_8,-0.01268
MED00213,12,nz_8,-0.00883
MED00214,12,nz_8,0.00446
MED00215,12,nz_8,0.0165
MED00216,12,nz_8,-0.01126
MED00217,12,nz_8,-0.0085
MED00218,12,nz_8,0.00928
MED00219,12,nz_8,-0.00363
MED00220,12,nz_8,-0.00698
MED00221,12,nz_8,-0.00533
MED00222,12,nz_8,-0.00634
MED00223,12,nz_8,-0.00592
MED00224,12,nz_8,-0.01677
MED00225,12,nz_8,0.0075
MED00226,12,nz_8,-0.01715
MED00227,12,nz_8,0.00065
MED00228,12,nz_8,-0.00353
MED00229,12,nz_8,-0.00858
MED00230,12,nz_8,-0.00832
MED00231,12,nz_8,-0.01238
MED00232,12,nz_8,-0.01879
MED00233,12,nz_8,-0.01297
MED00234,12,nz_8,-0.01859
MED00235,12,nz_8,0.00474
MED00236,12,nz_8,-0.02175
MED00237,12,nz_8,0.00544
MED00238,12,nz_8,0.00127
MED00239,12,nz_8,0.01398
MED00240,12,nz_8,0.00781
MED00241,12,nz_8,0.01405
MED00242,12,nz_8,-0.01198
MED00243,12,nz_8,-0.00807
MED00244,12,nz_8,-0.01682
MED00245,12,nz_8,0.00473
MED00246,12,nz_8,0.00166
MED00247,12,nz_8,0.00478
MED00248,12,nz_8,0.00179
MED00249,12,nz_8,0.00244
MED00250,12,nz_8,0.00442
MED00251,12,nz_8,-0.0067
MED00252,12,nz_8,-0.01103
MED00253,12,nz_8,0.01852
MED00254,12,nz_8,-0.00822
MED00255,12,nz_8,0.01002
MED00256,12,nz_8,-0.02001
MED00257,12,nz_8,0.00577
MED00258,12,nz_8,-0.00738
MED00259,12,nz_8,-0.00412
MED00260,12,nz_8,-0.01057
MED00261,12,nz_8,-0.01083
MED00262,12,nz_8,0.01742
MED00263,12,nz_8,0.01324
MED00264,12,nz_8,-0.01018
MED00265,12,nz_8,0.00453
MED00266,12,nz_8,-0.00676
MED00267,12,nz_8,0.01097
MED00268,12,nz_8,-0.00136
MED00269,12,nz_8,-0.0174
MED00270,12,nz_8,0.02669
MED00271,12,nz_8,-0.00126
MED00272,12,nz_8,0.0157
MED00273,12,nz_8,0.01921
MED00274,12,nz_8,-0.01172
MED00275,12,nz_8,0.0046
MED00276,12,nz_8,-0.01591
MED00277,12,nz_8,-0.01021
MED00278,12,nz_8,0.00492
MED00279,12,nz_8,0.00188
MED00280,12,nz_8,-0.00902
MED00281,12,nz_8,0.00553
MED00282,12,nz_8,0.02238
MED00283,12,nz_8,-0.00735
MED00284,12,nz_8,-0.0106
MED00285,12,nz_8,0.00279
MED00286,12,nz_8,0.00477
MED00287,12,nz_8,0.01399
MED00288,12,nz_8,-0.00153
MED00289,12,nz_8,0.00159
MED00290,12,nz_8,-0.019
MED00291,12,nz_8,-0.01767
MED00292,12,nz_8,-0.02394
MED00293,12,nz_8,0.00627
MED00294,12,nz_8,-0.01265
MED00295,12,nz_8,-0.01279
MED00296,12,nz_8,-0.00902
MED00297,12,nz_8,0.00457
MED00298,12,nz_8,-0.00776
MED00299,12,nz_8,-0.00374
MED00300,12,nz_8,-0.01785
MED00301,12,nz_8,0.00635
MED00302,12,nz_8,-0.00683
MED00303,12,nz_8,-0.00564
MED00304,12,nz_8,-0.00667
MED00305,12,nz_8,-0.01765
MED00306,12,nz_8,-0.01207
MED00307,12,nz_8,-0.00073
MED00308,12,nz_8,-0.00894
MED00309,12,nz_8,0.01265
MED00310,12,nz_8,-0.00612
MED00311,12,nz_8,0.00803
MED00312,12,nz_8,-0.01192
MED00313,12,nz_8,-0.00822
MED00314,12,nz_8,-0.00409
MED00315,12,nz_8,0.00353
MED00316,12,nz_8,-0.00045
MED00317,12,nz_8,-0.01772
MED00318,12,nz_8,0.00649
MED00319,12,nz_8,0.00481
MED00320,12,nz_8,-0.00096
MED00321,12,nz_8,-0.00385
MED00322,12,nz_8,-0.01049
MED00323,12,nz_8,0.0022
MED00324,12,nz_8,-0.00067
MED00325,12,nz_8,0.00483
MED00326,12,nz_8,0.00377
MED00327,12,nz_8,-0.00568
MED00328,12,nz_8,0.00569
MED00329,12,nz_8,0.00481
MED00330,12,nz_8,0.00487
MED00331,12,nz_8,0.00269
MED00332,12,nz_8,-0.00713
MED00333,12,nz_8,0.00891
MED00334,12,nz_8,-0.01
MED00335,12,nz_8,0.00223
MED00336,12,nz_8,0.00502
MED00337,12,nz_8,0.00138
MED00338,12,nz_8,0.00229
MED00339,12,nz_8,-0.01349
MED00340,12,nz_8,-0.00925
MED00341,12,nz_8,0.00421
MED00342,12,nz_8,-0.00476
MED00343,12,nz_8,0.00452
MED00344,12,nz_8,-0.00313
MED00345,12,nz_8,-0.01039
MED00346,12,nz_8,-0.00657
MED00347,12,nz_8,-0.011
MED00348,12,nz_8,-0.01963
MED00349,12,nz_8,0.0161
MED00350,12,nz_8,-0.00641
MED00351,12,nz_8,-0.0087
MED00352,12,nz_8,-0.01172
MED00353,12,nz_8,-0.00866
MED00354,12,nz_8,-0.00844
MED00355,12,nz_8,0.00519
MED00356,12,nz_8,-0.00192
MED00357,12,nz_8,-0.00615
MED00358,12,nz_8,-0.00123
MED00359,12,nz_8,-0.01886
MED00360,12,nz_8,-0.00184
MED00361,12,nz_8,0.01272
MED00362,12,nz_8,0.01402
MED00363,12,nz_8,-0.01608
MED00364,12,nz_8,-0.01031
MED00365,12,nz_8,-0.00733
MED00366,12,nz_8,0.00441
MED00367,12,nz_8,-0.00496
MED00368,12,nz_8,0.0135
MED00369,12,nz_8,0.00702
MED00370,12,nz_8,-0.00986
MED00371,12,nz_8,-0.00478
MED00372,12,nz_8,-0.01005
MED00373,12,nz_8,0.02213
MED00374,12,nz_8,-0.00132
MED00375,12,nz_8,-0.00422
MED00376,12,nz_8,-0.01769
MED00377,12,nz_8,-0.01394
MED00378,12,nz_8,0.01536
MED00379,12,nz_8,-0.00821
MED00380,12,nz_8,-0.00821
MED00381,12,nz_8,0.00034
MED00382,12,nz_8,-0.00047
MED00383,12,nz_8,0.0065
MED00384,12,nz_8,-0.00305
MED00385,12,nz_8,0.00615
MED00386,12,nz_8,0.00531
MED00387,12,nz_8,0.00564
MED00388,12,nz_8,0.0057
MED00389,12,nz_8,0.00286
MED00390,12,nz_8,0.00592
MED00391,12,nz_8,0.0054
MED00392,12,nz_8,0.00541
MED00393,12,nz_8,0.00555
MED00394,12,nz_8,0.00501
MED00395,12,nz_8,0.00575
MED00396,12,nz_8,0.0071
MED00397,12,nz_8,0.00309
MED00398,12,nz_8,0.00478
MED00399,12,nz_8,0.0046
MED00400,12,nz_8,0.00445
MED00401,12,nz_8,0.00474
MED00402,12,nz_8,0.00351
MED00403,12,nz_8,0.00588
MED00404,12,nz_8,0.01001
MED00405,12,nz_8,0.00592
MED00406,12,nz_8,0.00668
MED00407,12,nz_8,0.00469
MED00408,12,nz_8,0.00304
MED00409,12,nz_8,0.00766
MED00410,12,nz_8,0.00858
MED00411,12,nz_8,0.0057
MED00412,12,nz_8,0.00514
MED00413,12,nz_8,0.00525
MED00414,12,nz_8,0.00602
MED00415,12,nz_8,0.00434
MED00416,12,nz_8,0.00609
MED00417,12,nz_8,0.00353
MED00418,12,nz_8,0.0046
MED00419,12,nz_8,0.00452
MED00420,12,nz_8,0.00516
MED00421,12,nz_8,0.00429
MED00422,12,nz_8,0.00568
MED00423,12,nz_8,0.0043
MED00424,12,nz_8,0.00622
MED00001,1,weeks_since_sale,0.00152
MED00002,1,weeks_since_sale,-0.00092
MED00003,1,weeks_since_sale,0.00714
MED00004,1,weeks_since_sale,0.0019
MED00005,1,weeks_since_sale,0.00775
MED00006,1,weeks_since_sale,-0.00338
MED00007,1,weeks_since_sale,0.00489
MED00008,1,weeks_since_sale,0.00222
MED00009,1,weeks_since_sale,0.00234
MED00010,1,weeks_since_sale,0.0018
MED00011,1,weeks_since_sale,0.00095
MED00012,1,weeks_since_sale,0.00113
MED00013,1,weeks_since_sale,0.00404
MED00015,1,weeks_since_sale,0.00553
MED00016,1,weeks_since_sale,0.00016
MED00017,1,weeks_since_sale,0.00076
MED00018,1,weeks_since_sale,0.0008
MED00021,1,weeks_since_sale,0.00462
MED00022,1,weeks_since_sale,0.00158
MED00023,1,weeks_since_sale,-0.00143
MED00024,1,weeks_since_sale,0.00197
MED00025,1,weeks_since_sale,-0.01945
MED00026,1,weeks_since_sale,0.0042
MED00027,1,weeks_since_sale,-0.0097
MED00028,1,weeks_since_sale,0.00182
MED00029,1,weeks_since_sale,0.00077
MED00030,1,weeks_since_sale,0.00369
MED00031,1,weeks_since_sale,0.00163
MED00032,1,weeks_since_sale,0.00088
MED00033,1,weeks_since_sale,0.00359
MED00034,1,weeks_since_sale,-0.00178
MED00035,1,weeks_since_sale,0.00284
MED00036,1,weeks_since_sale,0.00375
MED00037,1,weeks_since_sale,0.00304
MED00038,1,weeks_since_sale,0.00047
MED00039,1,weeks_since_sale,0.00334
MED00040,1,weeks_since_sale,0.00484
MED00041,1,weeks_since_sale,0.0069
MED00042,1,weeks_since_sale,0.00439
MED00043,1,weeks_since_sale,0.00453
MED00044,1,weeks_since_sale,0.00081
MED00045,1,weeks_since_sale,-0.00147
MED00046,1,weeks_since_sale,0.00116
MED00047,1,weeks_since_sale,0.00484
MED00048,1,weeks_since_sale,0.00077
MED00049,1,weeks_since_sale,-0.0078
MED00050,1,weeks_since_sale,0.0022
MED00051,1,weeks_since_sale,-0.00538
MED00052,1,weeks_since_sale,0.00587
MED00053,1,weeks_since_sale,0.00062
MED00054,1,weeks_since_sale,0.00022
MED00055,1,weeks_since_sale,-0.00186
MED00056,1,weeks_since_sale,0.00025
MED00057,1,weeks_since_sale,0.00538
MED00058,1,weeks_since_sale,-0.00294
MED00059,1,weeks_since_sale,0.00134
MED00060,1,weeks_since_sale,0.00676
MED00061,1,weeks_since_sale,0.00017
MED00062,1,weeks_since_sale,0.00183
MED00063,1,weeks_since_sale,-0.0131
MED00064,1,weeks_since_sale,-0.00354
MED00065,1,weeks_since_sale,0.00025
MED00066,1,weeks_since_sale,0.00667
MED00068,1,weeks_since_sale,0.0032
MED00069,1,weeks_since_sale,0.00117
MED00070,1,weeks_since_sale,0.00047
MED00071,1,weeks_since_sale,0.00071
MED00072,1,weeks_since_sale,0.00075
MED00073,1,weeks_since_sale,0.00281
MED00074,1,weeks_since_sale,0.00231
MED00075,1,weeks_since_sale,0.00109
MED00076,1,weeks_since_sale,0.00239
MED00077,1,weeks_since_sale,0.00312
MED00078,1,weeks_since_sale,0.00075
MED00079,1,weeks_since_sale,0.00019
MED00080,1,weeks_since_sale,0.00243
MED00081,1,weeks_since_sale,0.00316
MED00082,1,weeks_since_sale,0.00253
MED00083,1,weeks_since_sale,0.00396
MED00085,1,weeks_since_sale,-0.00037
MED00086,1,weeks_since_sale,0.00822
MED00087,1,weeks_since_sale,0.00097
MED00088,1,weeks_since_sale,-0.00429
MED00089,1,weeks_since_sale,-0.00179
MED00090,1,weeks_since_sale,0.00465
MED00091,1,weeks_since_sale,0.00088
MED00093,1,weeks_since_sale,-0.00112
MED00094,1,weeks_since_sale,-0.00344
MED00095,1,weeks_since_sale,0.00209
MED00096,1,weeks_since_sale,0.00038
MED00097,1,weeks_since_sale,0.00015
MED00098,1,weeks_since_sale,0.00195
MED00099,1,weeks_since_sale,-0.00708
MED00100,1,weeks_since_sale,-0.01512
MED00101,1,weeks_since_sale,0.00486
MED00102,1,weeks_since_sale,0.00119
MED00103,1,weeks_since_sale,0.00167
MED00104,1,weeks_since_sale,0.00287
MED00105,1,weeks_since_sale,0.00107
MED00106,1,weeks_since_sale,-0.02714
MED00107,1,weeks_since_sale,0.00205
MED00108,1,weeks_since_sale,0.00248
MED00109,1,weeks_since_sale,0.0021
MED00110,1,weeks_since_sale,0.00577
MED00111,1,weeks_since_sale,0.00092
MED00112,1,weeks_since_sale,0.00146
MED00113,1,weeks_since_sale,0.00016
MED00114,1,weeks_since_sale,0.00036
MED00115,1,weeks_since_sale,0.00084
MED00116,1,weeks_since_sale,0.002
MED00117,1,weeks_since_sale,0.00071
MED00118,1,weeks_since_sale,-0.00273
MED00119,1,weeks_since_sale,0.00094
MED00120,1,weeks_since_sale,0.00046
MED00121,1,weeks_since_sale,0.00338
MED00122,1,weeks_since_sale,-0.00037
MED00123,1,weeks_since_sale,0.00511
MED00124,1,weeks_since_sale,0.00203
MED00125,1,weeks_since_sale,0.00275
MED00126,1,weeks_since_sale,0.00029
MED00127,1,weeks_since_sale,0.00161
MED00128,1,weeks_since_sale,0.00113
MED00129,1,weeks_since_sale,0.00078
MED00130,1,weeks_since_sale,-0.00942
MED00131,1,weeks_since_sale,0.00077
MED00132,1,weeks_since_sale,-0.00893
MED00133,1,weeks_since_sale,0.00595
MED00134,1,weeks_since_sale,0.00798
MED00135,1,weeks_since_sale,-0.00198
MED00136,1,weeks_since_sale,0.00472
MED00137,1,weeks_since_sale,-0.00037
MED00138,1,weeks_since_sale,0.00059
MED00139,1,weeks_since_sale,0.00178
MED00140,1,weeks_since_sale,0.00056
MED00141,1,weeks_since_sale,0.00542
MED00142,1,weeks_since_sale,0.00295
MED00143,1,weeks_since_sale,0.00042
MED00144,1,weeks_since_sale,0.00375
MED00146,1,weeks_since_sale,0.00129
MED00147,1,weeks_since_sale,0.00064
MED00148,1,weeks_since_sale,0.00631
MED00149,1,weeks_since_sale,0.00353
MED00150,1,weeks_since_sale,0.00052
MED00151,1,weeks_since_sale,0.00093
MED00152,1,weeks_since_sale,0.00054
MED00153,1,weeks_since_sale,0.00102
MED00154,1,weeks_since_sale,-0.00113
MED00155,1,weeks_since_sale,0.00094
MED00156,1,weeks_since_sale,0.00058
MED00157,1,weeks_since_sale,0.00558
MED00158,1,weeks_since_sale,0.00118
MED00159,1,weeks_since_sale,0.00146
MED00160,1,weeks_since_sale,0.00462
MED00161,1,weeks_since_sale,0.0026
MED00162,1,weeks_since_sale,0.00053
MED00163,1,weeks_since_sale,0.00644
MED00164,1,weeks_since_sale,0.00026
MED00165,1,weeks_since_sale,0.00368
MED00166,1,weeks_since_sale,0.00102
MED00167,1,weeks_since_sale,0.00043
MED00168,1,weeks_since_sale,0.00054
MED00169,1,weeks_since_sale,0.00166
MED00170,1,weeks_since_sale,-0.00012
MED00171,1,weeks_since_sale,0.00069
MED00172,1,weeks_since_sale,1e-04
MED00173,1,weeks_since_sale,0.00092
MED00174,1,weeks_since_sale,0.00318
MED00175,1,weeks_since_sale,0.00099
MED00176,1,weeks_since_sale,0.00044
MED00177,1,weeks_since_sale,-0.00526
MED00178,1,weeks_since_sale,0.00477
MED00179,1,weeks_since_sale,0.00415
MED00180,1,weeks_since_sale,0.00027
MED00181,1,weeks_since_sale,0.0023
MED00182,1,weeks_since_sale,-0.00188
MED00183,1,weeks_since_sale,-0.00059
MED00184,1,weeks_since_sale,-0.00202
MED00185,1,weeks_since_sale,0.00159
MED00186,1,weeks_since_sale,0.00093
MED00187,1,weeks_since_sale,0.00035
MED00188,1,weeks_since_sale,0.00172
MED00189,1,weeks_since_sale,0.00404
MED00190,1,weeks_since_sale,0.00098
MED00191,1,weeks_since_sale,0.0015
MED00192,1,weeks_since_sale,-0.00085
MED00193,1,weeks_since_sale,-0.01796
MED00194,1,weeks_since_sale,-0.00037
MED00195,1,weeks_since_sale,0.0051
MED00196,1,weeks_since_sale,0.00245
MED00197,1,weeks_since_sale,-0.00058
MED00198,1,weeks_since_sale,0.00084
MED00199,1,weeks_since_sale,-0.00017
MED00200,1,weeks_since_sale,0.00066
MED00201,1,weeks_since_sale,0.00255
MED00202,1,weeks_since_sale,0.00095
MED00203,1,weeks_since_sale,0.00076
MED00204,1,weeks_since_sale,0.00106
MED00205,1,weeks_since_sale,0.00086
MED00206,1,weeks_since_sale,-0.00068
MED00207,1,weeks_since_sale,0.00045
MED00208,1,weeks_since_sale,0.00091
MED00209,1,weeks_since_sale,0.00388
MED00210,1,weeks_since_sale,0.00171
MED00211,1,weeks_since_sale,0.00113
MED00212,1,weeks_since_sale,0.00133
MED00213,1,weeks_since_sale,-0.00309
MED00215,1,weeks_since_sale,0.0008
MED00216,1,weeks_since_sale,-0.02229
MED00217,1,weeks_since_sale,0.00086
MED00218,1,weeks_since_sale,0.00579
MED00219,1,weeks_since_sale,-0.00064
MED00220,1,weeks_since_sale,0.00067
MED00221,1,weeks_since_sale,0.00322
MED00222,1,weeks_since_sale,-0.00046
MED00223,1,weeks_since_sale,0.00084
MED00224,1,weeks_since_sale,0.00071
MED00225,1,weeks_since_sale,0.00382
MED00226,1,weeks_since_sale,0.00137
MED00227,1,weeks_since_sale,-0.00232
MED00228,1,weeks_since_sale,-0.00031
MED00229,1,weeks_since_sale,-0.02668
MED00230,1,weeks_since_sale,-0.00032
MED00231,1,weeks_since_sale,-0.0034
MED00232,1,weeks_since_sale,0.00173
MED00233,1,weeks_since_sale,0.00517
MED00235,1,weeks_since_sale,0.00032
MED00236,1,weeks_since_sale,0.00145
MED00237,1,weeks_since_sale,0.00545
MED00238,1,weeks_since_sale,0.00068
MED00239,1,weeks_since_sale,0.00266
MED00240,1,weeks_since_sale,0.00527
MED00241,1,weeks_since_sale,0.00146
MED00242,1,weeks_since_sale,-0.00025
MED00243,1,weeks_since_sale,-0.00193
MED00244,1,weeks_since_sale,0.0009
MED00245,1,weeks_since_sale,-0.00031
MED00246,1,weeks_since_sale,0.00495
MED00247,1,weeks_since_sale,0.00068
MED00248,1,weeks_since_sale,0.00069
MED00249,1,weeks_since_sale,0.00163
MED00250,1,weeks_since_sale,0.00179
MED00251,1,weeks_since_sale,0.00086
MED00252,1,weeks_since_sale,0.0077
MED00253,1,weeks_since_sale,0.00331
MED00254,1,weeks_since_sale,0.00706
MED00255,1,weeks_since_sale,0.00557
MED00256,1,weeks_since_sale,0.00128
MED00257,1,weeks_since_sale,0.00558
MED00258,1,weeks_since_sale,0.00101
MED00260,1,weeks_since_sale,0.0056
MED00261,1,weeks_since_sale,0.00241
MED00262,1,weeks_since_sale,0.00112
MED00263,1,weeks_since_sale,0.00209
MED00264,1,weeks_since_sale,-0.02073
MED00265,1,weeks_since_sale,0.00206
MED00266,1,weeks_since_sale,-0.00158
MED00267,1,weeks_since_sale,0.00621
MED00268,1,weeks_since_sale,0.00027
MED00269,1,weeks_since_sale,0.0009
MED00270,1,weeks_since_sale,0.00021
MED00271,1,weeks_since_sale,0.00106
MED00272,1,weeks_since_sale,0.00446
MED00273,1,weeks_since_sale,0.00254
MED00274,1,weeks_since_sale,0.00827
MED00275,1,weeks_since_sale,0.00312
MED00276,1,weeks_since_sale,0.00077
MED00277,1,weeks_since_sale,0.00407
MED00278,1,weeks_since_sale,0.00118
MED00280,1,weeks_since_sale,0.00176
MED00281,1,weeks_since_sale,0.00159
MED00282,1,weeks_since_sale,0.00305
MED00283,1,weeks_since_sale,0.00117
MED00284,1,weeks_since_sale,0.00185
MED00285,1,weeks_since_sale,0.00698
MED00286,1,weeks_since_sale,0.00261
MED00287,1,weeks_since_sale,0.00233
MED00288,1,weeks_since_sale,0.00041
MED00289,1,weeks_since_sale,0.00685
MED00290,1,weeks_since_sale,0.00092
MED00291,1,weeks_since_sale,0.00016
MED00292,1,weeks_since_sale,0.00166
MED00293,1,weeks_since_sale,0.00478
MED00295,1,weeks_since_sale,-0.00019
MED00296,1,weeks_since_sale,0.00438
MED00297,1,weeks_since_sale,0.00294
MED00298,1,weeks_since_sale,-0.00029
MED00299,1,weeks_since_sale,0.00799
MED00300,1,weeks_since_sale,0.00033
MED00301,1,weeks_since_sale,0.00623
MED00302,1,weeks_since_sale,0.00333
MED00303,1,weeks_since_sale,0.00049
MED00304,1,weeks_since_sale,0.00623
MED00305,1,weeks_since_sale,0.00059
MED00306,1,weeks_since_sale,-0.00599
MED00307,1,weeks_since_sale,0.00168
MED00308,1,weeks_since_sale,0.00189
MED00309,1,weeks_since_sale,0.00286
MED00310,1,weeks_since_sale,0.0029
MED00311,1,weeks_since_sale,0.00359
MED00312,1,weeks_since_sale,0.00555
MED00313,1,weeks_since_sale,0.00818
MED00314,1,weeks_since_sale,-0.00161
MED00315,1,weeks_since_sale,0.00024
MED00316,1,weeks_since_sale,0.00183
MED00317,1,weeks_since_sale,0.00096
MED00318,1,weeks_since_sale,0.0019
MED00319,1,weeks_since_sale,0.00087
MED00320,1,weeks_since_sale,0.00315
MED00321,1,weeks_since_sale,0.00183
MED00322,1,weeks_since_sale,-0.00025
MED00323,1,weeks_since_sale,0.00317
MED00324,1,weeks_since_sale,-0.00175
MED00325,1,weeks_since_sale,0.00254
MED00326,1,weeks_since_sale,0.00112
MED00327,1,weeks_since_sale,0.00219
MED00328,1,weeks_since_sale,0.00347
MED00329,1,weeks_since_sale,0.00043
MED00330,1,weeks_since_sale,0.00533
MED00332,1,weeks_since_sale,0.00227
MED00333,1,weeks_since_sale,0.00122
MED00334,1,weeks_since_sale,0.00053
MED00335,1,weeks_since_sale,0.00596
MED00336,1,weeks_since_sale,0.00181
MED00337,1,weeks_since_sale,-0.00017
MED00338,1,weeks_since_sale,-0.00193
MED00339,1,weeks_since_sale,0.00099
MED00340,1,weeks_since_sale,0.00714
MED00341,1,weeks_since_sale,0.00685
MED00342,1,weeks_since_sale,0.00054
MED00343,1,weeks_since_sale,0.00033
MED00344,1,weeks_since_sale,0.00578
MED00345,1,weeks_since_sale,-0.00864
MED00346,1,weeks_since_sale,0.00258
MED00347,1,weeks_since_sale,-0.00987
MED00348,1,weeks_since_sale,0.00159
MED00349,1,weeks_since_sale,0.00104
MED00350,1,weeks_since_sale,0.00028
MED00351,1,weeks_since_sale,-0.0195
MED00352,1,weeks_since_sale,-0.37005
MED00354,1,weeks_since_sale,0.00178
MED00355,1,weeks_since_sale,0.00104
MED00357,1,weeks_since_sale,-0.00052
MED00358,1,weeks_since_sale,0.0057
MED00359,1,weeks_since_sale,0.00082
MED00360,1,weeks_since_sale,0.00067
MED00363,1,weeks_since_sale,0.0009
MED00364,1,weeks_since_sale,-0.01161
MED00365,1,weeks_since_sale,0.00053
MED00366,1,weeks_since_sale,-0.00065
MED00367,1,weeks_since_sale,0.00056
MED00368,1,weeks_since_sale,0.00193
MED00369,1,weeks_since_sale,0.00474
MED00370,1,weeks_since_sale,0.0054
MED00371,1,weeks_since_sale,-0.00012
MED00372,1,weeks_since_sale,0.00341
MED00374,1,weeks_since_sale,0.00125
MED00375,1,weeks_since_sale,0.00018
MED00376,1,weeks_since_sale,0.00093
MED00378,1,weeks_since_sale,0.00141
MED00379,1,weeks_since_sale,0.0025
MED00380,1,weeks_since_sale,0.00607
MED00381,1,weeks_since_sale,0.00284
MED00382,1,weeks_since_sale,0.00152
MED00383,1,weeks_since_sale,0.00339
MED00384,1,weeks_since_sale,-0.00013
MED00385,1,weeks_since_sale,0.00063
MED00386,1,weeks_since_sale,0.00086
MED00387,1,weeks_since_sale,0.00113
MED00388,1,weeks_since_sale,-0.0004
MED00389,1,weeks_since_sale,0.00074
MED00390,1,weeks_since_sale,0.00036
MED00391,1,weeks_since_sale,0.00108
MED00392,1,weeks_since_sale,0.00157
MED00393,1,weeks_since_sale,0.00358
MED00394,1,weeks_since_sale,0.00129
MED00395,1,weeks_since_sale,0.00129
MED00396,1,weeks_since_sale,0.00068
MED00397,1,weeks_since_sale,0.0003
MED00398,1,weeks_since_sale,0.0004
MED00399,1,weeks_since_sale,0.00037
MED00400,1,weeks_since_sale,-0.00166
MED00401,1,weeks_since_sale,-0.00032
MED00402,1,weeks_since_sale,0.00104
MED00403,1,weeks_since_sale,0.00134
MED00404,1,weeks_since_sale,0.00739
MED00405,1,weeks_since_sale,0.00275
MED00406,1,weeks_since_sale,0.00124
MED00407,1,weeks_since_sale,0.00104
MED00408,1,weeks_since_sale,0.00325
MED00409,1,weeks_since_sale,0.0011
MED00410,1,weeks_since_sale,0.00104
MED00411,1,weeks_since_sale,0.00156
MED00412,1,weeks_since_sale,0.00138
MED00413,1,weeks_since_sale,0.00149
MED00414,1,weeks_since_sale,0.00154
MED00415,1,weeks_since_sale,0.00182
MED00416,1,weeks_since_sale,0.00138
MED00417,1,weeks_since_sale,0.00277
MED00418,1,weeks_since_sale,0.00381
MED00419,1,weeks_since_sale,0.00253
MED00420,1,weeks_since_sale,0.00188
MED00421,1,weeks_since_sale,0.00175
MED00422,1,weeks_since_sale,0.00077
MED00423,1,weeks_since_sale,0.00106
MED00424,1,weeks_since_sale,0.0002
MED00001,2,weeks_since_sale,0.00139
MED00002,2,weeks_since_sale,-0.00042
MED00003,2,weeks_since_sale,0.00762
MED00004,2,weeks_since_sale,0.0017
MED00005,2,weeks_since_sale,0.00771
MED00006,2,weeks_since_sale,-0.00353
MED00007,2,weeks_since_sale,0.00487
MED00008,2,weeks_since_sale,0.00273
MED00009,2,weeks_since_sale,0.0022
MED00010,2,weeks_since_sale,0.00183
MED00011,2,weeks_since_sale,0.00085
MED00012,2,weeks_since_sale,0.00097
MED00013,2,weeks_since_sale,0.00396
MED00014,2,weeks_since_sale,-0.00012
MED00015,2,weeks_since_sale,0.00551
MED00017,2,weeks_since_sale,0.00061
MED00018,2,weeks_since_sale,0.00067
MED00020,2,weeks_since_sale,-0.00013
MED00021,2,weeks_since_sale,0.0045
MED00022,2,weeks_since_sale,0.00145
MED00023,2,weeks_since_sale,-0.00254
MED00024,2,weeks_since_sale,0.00186
MED00025,2,weeks_since_sale,-0.01921
MED00026,2,weeks_since_sale,0.00446
MED00027,2,weeks_since_sale,-0.00943
MED00028,2,weeks_since_sale,0.00379
MED00029,2,weeks_since_sale,0.00065
MED00030,2,weeks_since_sale,0.00357
MED00031,2,weeks_since_sale,0.00152
MED00032,2,weeks_since_sale,0.00078
MED00033,2,weeks_since_sale,0.00251
MED00034,2,weeks_since_sale,-0.00191
MED00035,2,weeks_since_sale,0.00504
MED00036,2,weeks_since_sale,0.00249
MED00037,2,weeks_since_sale,0.00305
MED00038,2,weeks_since_sale,0.00036
MED00039,2,weeks_since_sale,0.00326
MED00040,2,weeks_since_sale,0.005
MED00041,2,weeks_since_sale,0.00688
MED00042,2,weeks_since_sale,0.00433
MED00043,2,weeks_since_sale,0.00457
MED00044,2,weeks_since_sale,0.00065
MED00045,2,weeks_since_sale,-0.00162
MED00046,2,weeks_since_sale,0.001
MED00047,2,weeks_since_sale,0.00473
MED00048,2,weeks_since_sale,0.0006
MED00049,2,weeks_since_sale,-0.00732
MED00050,2,weeks_since_sale,0.00206
MED00051,2,weeks_since_sale,-0.00518
MED00052,2,weeks_since_sale,0.00791
MED00053,2,weeks_since_sale,0.00035
MED00055,2,weeks_since_sale,-0.00178
MED00056,2,weeks_since_sale,0.0003
MED00057,2,weeks_since_sale,0.00608
MED00058,2,weeks_since_sale,-0.00303
MED00059,2,weeks_since_sale,0.00126
MED00060,2,weeks_since_sale,0.00653
MED00061,2,weeks_since_sale,-0.00023
MED00062,2,weeks_since_sale,0.00159
MED00063,2,weeks_since_sale,-0.01323
MED00064,2,weeks_since_sale,-0.00366
MED00065,2,weeks_since_sale,0.0002
MED00066,2,weeks_since_sale,0.00853
MED00068,2,weeks_since_sale,0.00309
MED00069,2,weeks_since_sale,0.00101
MED00070,2,weeks_since_sale,0.00035
MED00071,2,weeks_since_sale,0.00055
MED00072,2,weeks_since_sale,0.00059
MED00073,2,weeks_since_sale,0.0027
MED00074,2,weeks_since_sale,0.00219
MED00075,2,weeks_since_sale,0.00114
MED00076,2,weeks_since_sale,0.00287
MED00077,2,weeks_since_sale,0.00295
MED00078,2,weeks_since_sale,0.00063
MED00079,2,weeks_since_sale,0.00012
MED00080,2,weeks_since_sale,0.00231
MED00081,2,weeks_since_sale,0.00364
MED00082,2,weeks_since_sale,0.00241
MED00083,2,weeks_since_sale,0.00386
MED00085,2,weeks_since_sale,-0.00044
MED00086,2,weeks_since_sale,0.00849
MED00087,2,weeks_since_sale,0.00082
MED00088,2,weeks_since_sale,-0.00426
MED00089,2,weeks_since_sale,-0.00194
MED00090,2,weeks_since_sale,0.00448
MED00091,2,weeks_since_sale,0.00072
MED00093,2,weeks_since_sale,-0.00095
MED00094,2,weeks_since_sale,-0.00358
MED00095,2,weeks_since_sale,0.00198
MED00096,2,weeks_since_sale,0.00031
MED00097,2,weeks_since_sale,0.00034
MED00098,2,weeks_since_sale,0.00183
MED00099,2,weeks_since_sale,-0.0071
MED00100,2,weeks_since_sale,-0.01518
MED00101,2,weeks_since_sale,0.00477
MED00102,2,weeks_since_sale,0.00119
MED00103,2,weeks_since_sale,0.00155
MED00104,2,weeks_since_sale,0.00276
MED00105,2,weeks_since_sale,0.00094
MED00106,2,weeks_since_sale,-0.02718
MED00107,2,weeks_since_sale,0.00194
MED00108,2,weeks_since_sale,0.00237
MED00109,2,weeks_since_sale,0.00215
MED00110,2,weeks_since_sale,0.00571
MED00111,2,weeks_since_sale,0.00043
MED00112,2,weeks_since_sale,0.00135
MED00114,2,weeks_since_sale,0.00026
MED00115,2,weeks_since_sale,0.00075
MED00116,2,weeks_since_sale,0.00195
MED00117,2,weeks_since_sale,0.00062
MED00118,2,weeks_since_sale,-0.00286
MED00119,2,weeks_since_sale,0.00086
MED00120,2,weeks_since_sale,0.0003
MED00121,2,weeks_since_sale,0.00326
MED00122,2,weeks_since_sale,-0.00057
MED00123,2,weeks_since_sale,0.00495
MED00124,2,weeks_since_sale,0.00191
MED00125,2,weeks_since_sale,0.00278
MED00126,2,weeks_since_sale,-0.00067
MED00127,2,weeks_since_sale,0.00149
MED00128,2,weeks_since_sale,0.00104
MED00129,2,weeks_since_sale,0.00073
MED00130,2,weeks_since_sale,-0.00894
MED00131,2,weeks_since_sale,0.00061
MED00132,2,weeks_since_sale,-0.00894
MED00133,2,weeks_since_sale,0.00586
MED00134,2,weeks_since_sale,0.00784
MED00135,2,weeks_since_sale,-0.00213
MED00136,2,weeks_since_sale,0.00461
MED00137,2,weeks_since_sale,-0.00034
MED00138,2,weeks_since_sale,0.00051
MED00139,2,weeks_since_sale,0.00167
MED00140,2,weeks_since_sale,0.00041
MED00141,2,weeks_since_sale,0.0053
MED00142,2,weeks_since_sale,0.00315
MED00143,2,weeks_since_sale,0.00027
MED00144,2,weeks_since_sale,0.00363
MED00145,2,weeks_since_sale,-0.00025
MED00146,2,weeks_since_sale,0.00123
MED00147,2,weeks_since_sale,0.00042
MED00148,2,weeks_since_sale,0.00607
MED00149,2,weeks_since_sale,0.00342
MED00150,2,weeks_since_sale,-0.00067
MED00151,2,weeks_since_sale,0.00084
MED00152,2,weeks_since_sale,0.00045
MED00153,2,weeks_since_sale,0.00093
MED00154,2,weeks_since_sale,-0.00117
MED00155,2,weeks_since_sale,0.00079
MED00156,2,weeks_since_sale,0.00047
MED00157,2,weeks_since_sale,0.00549
MED00158,2,weeks_since_sale,0.00145
MED00159,2,weeks_since_sale,0.00139
MED00160,2,weeks_since_sale,0.00451
MED00161,2,weeks_since_sale,0.00244
MED00162,2,weeks_since_sale,0.00038
MED00163,2,weeks_since_sale,0.00691
MED00165,2,weeks_since_sale,0.00345
MED00166,2,weeks_since_sale,0.00086
MED00167,2,weeks_since_sale,0.0003
MED00168,2,weeks_since_sale,0.00044
MED00169,2,weeks_since_sale,0.00164
MED00170,2,weeks_since_sale,-0.00025
MED00171,2,weeks_since_sale,0.00054
MED00172,2,weeks_since_sale,0.00088
MED00173,2,weeks_since_sale,0.00082
MED00174,2,weeks_since_sale,0.00312
MED00175,2,weeks_since_sale,0.001
MED00176,2,weeks_since_sale,0.00037
MED00177,2,weeks_since_sale,-0.00505
MED00178,2,weeks_since_sale,0.0047
MED00179,2,weeks_since_sale,0.00413
MED00180,2,weeks_since_sale,0.00018
MED00181,2,weeks_since_sale,0.00218
MED00182,2,weeks_since_sale,-0.00162
MED00183,2,weeks_since_sale,-0.00074
MED00184,2,weeks_since_sale,-0.00201
MED00185,2,weeks_since_sale,0.00145
MED00186,2,weeks_since_sale,0.00084
MED00187,2,weeks_since_sale,0.0002
MED00188,2,weeks_since_sale,0.00163
MED00189,2,weeks_since_sale,0.00453
MED00190,2,weeks_since_sale,0.00082
MED00191,2,weeks_since_sale,0.00143
MED00192,2,weeks_since_sale,-0.00037
MED00193,2,weeks_since_sale,-0.01748
MED00194,2,weeks_since_sale,-0.00059
MED00195,2,weeks_since_sale,0.00488
MED00196,2,weeks_since_sale,0.00223
MED00197,2,weeks_since_sale,-0.0007
MED00198,2,weeks_since_sale,0.00069
MED00199,2,weeks_since_sale,-0.00145
MED00200,2,weeks_since_sale,0.00057
MED00201,2,weeks_since_sale,0.00231
MED00202,2,weeks_since_sale,0.00079
MED00203,2,weeks_since_sale,0.00062
MED00204,2,weeks_since_sale,0.00091
MED00205,2,weeks_since_sale,0.00073
MED00206,2,weeks_since_sale,-0.00165
MED00207,2,weeks_since_sale,0.0003
MED00208,2,weeks_since_sale,0.00078
MED00209,2,weeks_since_sale,0.00372
MED00210,2,weeks_since_sale,0.00181
MED00211,2,weeks_since_sale,0.00104
MED00212,2,weeks_since_sale,0.00121
MED00213,2,weeks_since_sale,-0.0034
MED00214,2,weeks_since_sale,-0.00013
MED00215,2,weeks_since_sale,0.00065
MED00216,2,weeks_since_sale,-0.0223
MED00217,2,weeks_since_sale,0.00091
MED00218,2,weeks_since_sale,0.00563
MED00219,2,weeks_since_sale,-0.00061
MED00220,2,weeks_since_sale,0.00052
MED00221,2,weeks_since_sale,0.00309
MED00222,2,weeks_since_sale,-0.00033
MED00223,2,weeks_since_sale,0.00091
MED00224,2,weeks_since_sale,0.00056
MED00225,2,weeks_since_sale,0.00366
MED00226,2,weeks_since_sale,0.0012
MED00227,2,weeks_since_sale,-0.00243
MED00228,2,weeks_since_sale,-0.00038
MED00229,2,weeks_since_sale,-0.02658
MED00230,2,weeks_since_sale,-0.00038
MED00231,2,weeks_since_sale,-0.00355
MED00232,2,weeks_since_sale,0.0016
MED00233,2,weeks_since_sale,0.00514
MED00234,2,weeks_since_sale,-0.00012
MED00235,2,weeks_since_sale,0.0002
MED00236,2,weeks_since_sale,0.00135
MED00237,2,weeks_since_sale,0.00534
MED00238,2,weeks_since_sale,0.00058
MED00239,2,weeks_since_sale,0.00255
MED00240,2,weeks_since_sale,0.00515
MED00241,2,weeks_since_sale,0.00134
MED00242,2,weeks_since_sale,-0.00047
MED00243,2,weeks_since_sale,-0.00145
MED00244,2,weeks_since_sale,0.00075
MED00245,2,weeks_since_sale,-0.00043
MED00246,2,weeks_since_sale,0.00488
MED00247,2,weeks_since_sale,0.00058
MED00248,2,weeks_since_sale,0.00058
MED00249,2,weeks_since_sale,0.00148
MED00250,2,weeks_since_sale,0.00167
MED00251,2,weeks_since_sale,0.00072
MED00252,2,weeks_since_sale,0.00784
MED00253,2,weeks_since_sale,0.0032
MED00254,2,weeks_since_sale,0.0072
MED00255,2,weeks_since_sale,0.0053
MED00256,2,weeks_since_sale,0.00128
MED00257,2,weeks_since_sale,0.00546
MED00258,2,weeks_since_sale,0.00088
MED00259,2,weeks_since_sale,-0.00014
MED00260,2,weeks_since_sale,0.0056
MED00261,2,weeks_since_sale,0.00126
MED00262,2,weeks_since_sale,0.001
MED00263,2,weeks_since_sale,0.00199
MED00264,2,weeks_since_sale,-0.02061
MED00265,2,weeks_since_sale,0.00197
MED00266,2,weeks_since_sale,-0.00173
MED00267,2,weeks_since_sale,0.00612
MED00268,2,weeks_since_sale,0.00013
MED00269,2,weeks_since_sale,0.00081
MED00270,2,weeks_since_sale,0.00014
MED00271,2,weeks_since_sale,-0.00012
MED00272,2,weeks_since_sale,0.00433
MED00273,2,weeks_since_sale,0.0024
MED00274,2,weeks_since_sale,0.00826
MED00275,2,weeks_since_sale,0.00298
MED00276,2,weeks_since_sale,0.00062
MED00277,2,weeks_since_sale,0.00455
MED00278,2,weeks_since_sale,0.00102
MED00280,2,weeks_since_sale,0.00225
MED00281,2,weeks_since_sale,0.00146
MED00282,2,weeks_since_sale,0.0029
MED00283,2,weeks_since_sale,0.00114
MED00284,2,weeks_since_sale,0.00182
MED00285,2,weeks_since_sale,0.00686
MED00286,2,weeks_since_sale,0.00254
MED00287,2,weeks_since_sale,0.00222
MED00288,2,weeks_since_sale,0.00029
MED00289,2,weeks_since_sale,0.00675
MED00290,2,weeks_since_sale,0.00084
MED00291,2,weeks_since_sale,1e-04
MED00292,2,weeks_since_sale,0.00077
MED00293,2,weeks_since_sale,0.00474
MED00296,2,weeks_since_sale,0.00426
MED00297,2,weeks_since_sale,0.00283
MED00298,2,weeks_since_sale,-0.00041
MED00299,2,weeks_since_sale,0.00895
MED00300,2,weeks_since_sale,0.00024
MED00301,2,weeks_since_sale,0.00613
MED00302,2,weeks_since_sale,0.00334
MED00303,2,weeks_since_sale,0.00033
MED00304,2,weeks_since_sale,0.0061
MED00305,2,weeks_since_sale,0.00049
MED00306,2,weeks_since_sale,-0.0037
MED00307,2,weeks_since_sale,0.00154
MED00308,2,weeks_since_sale,0.0018
MED00309,2,weeks_since_sale,0.00274
MED00310,2,weeks_since_sale,0.00266
MED00311,2,weeks_since_sale,0.00349
MED00312,2,weeks_since_sale,0.00555
MED00313,2,weeks_since_sale,0.00823
MED00314,2,weeks_since_sale,-0.0017
MED00315,2,weeks_since_sale,0.00013
MED00316,2,weeks_since_sale,0.00172
MED00317,2,weeks_since_sale,0.0008
MED00318,2,weeks_since_sale,0.00174
MED00319,2,weeks_since_sale,0.00075
MED00320,2,weeks_since_sale,0.00309
MED00321,2,weeks_since_sale,0.00085
MED00322,2,weeks_since_sale,0.00023
MED00323,2,weeks_since_sale,0.00301
MED00324,2,weeks_since_sale,-0.00294
MED00325,2,weeks_since_sale,0.00238
MED00326,2,weeks_since_sale,0.00101
MED00327,2,weeks_since_sale,0.00208
MED00328,2,weeks_since_sale,0.00339
MED00329,2,weeks_since_sale,0.00033
MED00330,2,weeks_since_sale,0.00516
MED00331,2,weeks_since_sale,-0.00012
MED00332,2,weeks_since_sale,0.00215
MED00333,2,weeks_since_sale,0.00113
MED00334,2,weeks_since_sale,0.00047
MED00335,2,weeks_since_sale,0.00607
MED00336,2,weeks_since_sale,0.00168
MED00337,2,weeks_since_sale,-0.0003
MED00338,2,weeks_since_sale,-0.00202
MED00339,2,weeks_since_sale,0.00082
MED00340,2,weeks_since_sale,0.00713
MED00341,2,weeks_since_sale,0.00673
MED00342,2,weeks_since_sale,0.00038
MED00343,2,weeks_since_sale,0.00022
MED00344,2,weeks_since_sale,0.00588
MED00345,2,weeks_since_sale,-0.00863
MED00346,2,weeks_since_sale,0.00247
MED00347,2,weeks_since_sale,-0.00969
MED00348,2,weeks_since_sale,0.00155
MED00349,2,weeks_since_sale,0.00095
MED00351,2,weeks_since_sale,-0.01942
MED00352,2,weeks_since_sale,-0.37416
MED00353,2,weeks_since_sale,-0.00021
MED00354,2,weeks_since_sale,0.00079
MED00355,2,weeks_since_sale,0.00087
MED00356,2,weeks_since_sale,-0.00022
MED00357,2,weeks_since_sale,-0.00047
MED00358,2,weeks_since_sale,0.00545
MED00359,2,weeks_since_sale,0.00067
MED00360,2,weeks_since_sale,0.00061
MED00363,2,weeks_since_sale,0.00075
MED00364,2,weeks_since_sale,-0.01143
MED00365,2,weeks_since_sale,0.00038
MED00366,2,weeks_since_sale,-0.00076
MED00367,2,weeks_since_sale,0.00041
MED00368,2,weeks_since_sale,0.00184
MED00369,2,weeks_since_sale,0.00462
MED00370,2,weeks_since_sale,0.00613
MED00371,2,weeks_since_sale,-0.00028
MED00372,2,weeks_since_sale,0.00344
MED00373,2,weeks_since_sale,-0.00045
MED00374,2,weeks_since_sale,0.00114
MED00376,2,weeks_since_sale,0.00078
MED00377,2,weeks_since_sale,0.00102
MED00378,2,weeks_since_sale,0.00131
MED00379,2,weeks_since_sale,0.00228
MED00380,2,weeks_since_sale,0.00617
MED00381,2,weeks_since_sale,0.00171
MED00382,2,weeks_since_sale,0.00129
MED00383,2,weeks_since_sale,0.00327
MED00384,2,weeks_since_sale,-0.00022
MED00385,2,weeks_since_sale,0.0006
MED00386,2,weeks_since_sale,0.00083
MED00387,2,weeks_since_sale,0.00102
MED00388,2,weeks_since_sale,-0.00051
MED00389,2,weeks_since_sale,0.00062
MED00390,2,weeks_since_sale,0.00024
MED00391,2,weeks_since_sale,0.00093
MED00392,2,weeks_since_sale,0.00143
MED00393,2,weeks_since_sale,0.00343
MED00394,2,weeks_since_sale,0.00118
MED00395,2,weeks_since_sale,0.00118
MED00396,2,weeks_since_sale,0.00044
MED00397,2,weeks_since_sale,0.00016
MED00398,2,weeks_since_sale,0.00029
MED00399,2,weeks_since_sale,0.00022
MED00400,2,weeks_since_sale,-0.00181
MED00401,2,weeks_since_sale,-0.00023
MED00402,2,weeks_since_sale,0.00093
MED00403,2,weeks_since_sale,0.0012
MED00404,2,weeks_since_sale,0.00728
MED00405,2,weeks_since_sale,0.00267
MED00406,2,weeks_since_sale,0.00114
MED00407,2,weeks_since_sale,0.00093
MED00408,2,weeks_since_sale,0.00314
MED00409,2,weeks_since_sale,0.00087
MED00410,2,weeks_since_sale,0.00082
MED00411,2,weeks_since_sale,0.00133
MED00412,2,weeks_since_sale,0.00129
MED00413,2,weeks_since_sale,0.00124
MED00414,2,weeks_since_sale,0.0013
MED00415,2,weeks_since_sale,0.00172
MED00416,2,weeks_since_sale,0.00114
MED00417,2,weeks_since_sale,0.00253
MED00418,2,weeks_since_sale,0.00381
MED00419,2,weeks_since_sale,0.00239
MED00420,2,weeks_since_sale,0.00173
MED00421,2,weeks_since_sale,0.00159
MED00422,2,weeks_since_sale,0.00095
MED00423,2,weeks_since_sale,0.00092
MED00424,2,weeks_since_sale,0.00014
MED00001,3,weeks_since_sale,0.00141
MED00002,3,weeks_since_sale,0.00019
MED00003,3,weeks_since_sale,0.00818
MED00004,3,weeks_since_sale,0.00171
MED00005,3,weeks_since_sale,0.00787
MED00006,3,weeks_since_sale,-0.00344
MED00007,3,weeks_since_sale,0.0049
MED00008,3,weeks_since_sale,0.00105
MED00009,3,weeks_since_sale,0.00223
MED00010,3,weeks_since_sale,0.00187
MED00011,3,weeks_since_sale,0.00086
MED00012,3,weeks_since_sale,0.00102
MED00013,3,weeks_since_sale,0.00398
MED00014,3,weeks_since_sale,-0.00011
MED00015,3,weeks_since_sale,0.0058
MED00017,3,weeks_since_sale,0.00066
MED00018,3,weeks_since_sale,0.00068
MED00020,3,weeks_since_sale,-0.00012
MED00021,3,weeks_since_sale,0.00452
MED00022,3,weeks_since_sale,0.00147
MED00023,3,weeks_since_sale,-0.00243
MED00024,3,weeks_since_sale,0.00188
MED00025,3,weeks_since_sale,-0.01818
MED00026,3,weeks_since_sale,0.00474
MED00027,3,weeks_since_sale,-0.00915
MED00028,3,weeks_since_sale,0.00207
MED00029,3,weeks_since_sale,0.0007
MED00030,3,weeks_since_sale,0.00364
MED00031,3,weeks_since_sale,0.00173
MED00032,3,weeks_since_sale,0.0008
MED00033,3,weeks_since_sale,0.00318
MED00034,3,weeks_since_sale,-0.0019
MED00035,3,weeks_since_sale,0.01279
MED00036,3,weeks_since_sale,0.00275
MED00037,3,weeks_since_sale,0.00308
MED00038,3,weeks_since_sale,0.00045
MED00039,3,weeks_since_sale,0.00397
MED00040,3,weeks_since_sale,0.00555
MED00041,3,weeks_since_sale,0.01193
MED00042,3,weeks_since_sale,0.00438
MED00043,3,weeks_since_sale,0.00486
MED00044,3,weeks_since_sale,0.00076
MED00045,3,weeks_since_sale,-0.00154
MED00046,3,weeks_since_sale,0.00102
MED00047,3,weeks_since_sale,0.00474
MED00048,3,weeks_since_sale,0.00061
MED00049,3,weeks_since_sale,-0.00677
MED00050,3,weeks_since_sale,0.00208
MED00051,3,weeks_since_sale,-0.00399
MED00052,3,weeks_since_sale,0.00643
MED00053,3,weeks_since_sale,0.00039
MED00054,3,weeks_since_sale,0.00011
MED00055,3,weeks_since_sale,0.00017
MED00056,3,weeks_since_sale,0.00084
MED00057,3,weeks_since_sale,0.00637
MED00058,3,weeks_since_sale,-0.00292
MED00059,3,weeks_since_sale,0.00133
MED00060,3,weeks_since_sale,0.00654
MED00061,3,weeks_since_sale,-0.00011
MED00062,3,weeks_since_sale,0.0016
MED00063,3,weeks_since_sale,-0.01247
MED00064,3,weeks_since_sale,-0.00361
MED00065,3,weeks_since_sale,0.00021
MED00066,3,weeks_since_sale,0.00706
MED00068,3,weeks_since_sale,0.00311
MED00069,3,weeks_since_sale,0.00106
MED00070,3,weeks_since_sale,0.00036
MED00071,3,weeks_since_sale,0.0006
MED00072,3,weeks_since_sale,0.00062
MED00073,3,weeks_since_sale,0.00272
MED00074,3,weeks_since_sale,0.00222
MED00075,3,weeks_since_sale,0.00116
MED00076,3,weeks_since_sale,0.00343
MED00077,3,weeks_since_sale,0.00298
MED00078,3,weeks_since_sale,0.00069
MED00079,3,weeks_since_sale,0.00013
MED00080,3,weeks_since_sale,0.00234
MED00081,3,weeks_since_sale,0.0042
MED00082,3,weeks_since_sale,0.00243
MED00083,3,weeks_since_sale,0.00389
MED00085,3,weeks_since_sale,-0.00041
MED00086,3,weeks_since_sale,0.00889
MED00087,3,weeks_since_sale,0.00084
MED00088,3,weeks_since_sale,-0.00424
MED00089,3,weeks_since_sale,-0.00192
MED00090,3,weeks_since_sale,0.00451
MED00091,3,weeks_since_sale,0.00075
MED00093,3,weeks_since_sale,-0.00067
MED00094,3,weeks_since_sale,-0.00304
MED00095,3,weeks_since_sale,0.00201
MED00096,3,weeks_since_sale,0.00033
MED00097,3,weeks_since_sale,0.00063
MED00098,3,weeks_since_sale,0.00184
MED00099,3,weeks_since_sale,-0.00747
MED00100,3,weeks_since_sale,-0.01429
MED00101,3,weeks_since_sale,0.00479
MED00102,3,weeks_since_sale,0.00123
MED00103,3,weeks_since_sale,0.00158
MED00104,3,weeks_since_sale,0.00277
MED00105,3,weeks_since_sale,0.00091
MED00106,3,weeks_since_sale,-0.02608
MED00107,3,weeks_since_sale,0.00195
MED00108,3,weeks_since_sale,0.0024
MED00109,3,weeks_since_sale,0.00232
MED00110,3,weeks_since_sale,0.00531
MED00111,3,weeks_since_sale,0.00051
MED00112,3,weeks_since_sale,0.00137
MED00113,3,weeks_since_sale,0.00014
MED00114,3,weeks_since_sale,0.00027
MED00115,3,weeks_since_sale,0.0008
MED00116,3,weeks_since_sale,0.00201
MED00117,3,weeks_since_sale,0.00072
MED00118,3,weeks_since_sale,-0.00283
MED00119,3,weeks_since_sale,0.00091
MED00120,3,weeks_since_sale,0.00031
MED00121,3,weeks_since_sale,0.00327
MED00122,3,weeks_since_sale,-0.00055
MED00123,3,weeks_since_sale,0.00485
MED00124,3,weeks_since_sale,0.00193
MED00125,3,weeks_since_sale,0.00308
MED00126,3,weeks_since_sale,-0.00062
MED00127,3,weeks_since_sale,0.00152
MED00128,3,weeks_since_sale,0.0011
MED00129,3,weeks_since_sale,0.00083
MED00130,3,weeks_since_sale,-0.00838
MED00131,3,weeks_since_sale,0.00066
MED00132,3,weeks_since_sale,0.00064
MED00133,3,weeks_since_sale,0.0109
MED00134,3,weeks_since_sale,0.00744
MED00135,3,weeks_since_sale,-0.00212
MED00136,3,weeks_since_sale,0.00484
MED00137,3,weeks_since_sale,-0.00025
MED00138,3,weeks_since_sale,0.00055
MED00139,3,weeks_since_sale,0.00177
MED00140,3,weeks_since_sale,0.00044
MED00141,3,weeks_since_sale,0.00531
MED00142,3,weeks_since_sale,0.00343
MED00143,3,weeks_since_sale,0.00032
MED00144,3,weeks_since_sale,0.00364
MED00145,3,weeks_since_sale,0.0003
MED00146,3,weeks_since_sale,0.00125
MED00147,3,weeks_since_sale,0.00045
MED00148,3,weeks_since_sale,0.0061
MED00149,3,weeks_since_sale,0.00345
MED00150,3,weeks_since_sale,-0.00065
MED00151,3,weeks_since_sale,0.0009
MED00152,3,weeks_since_sale,0.00048
MED00153,3,weeks_since_sale,0.00095
MED00154,3,weeks_since_sale,-0.00113
MED00155,3,weeks_since_sale,0.00084
MED00156,3,weeks_since_sale,0.0005
MED00157,3,weeks_since_sale,0.0055
MED00158,3,weeks_since_sale,0.00176
MED00159,3,weeks_since_sale,0.0014
MED00160,3,weeks_since_sale,0.00452
MED00161,3,weeks_since_sale,0.00245
MED00162,3,weeks_since_sale,0.00048
MED00163,3,weeks_since_sale,0.00747
MED00164,3,weeks_since_sale,0.0002
MED00165,3,weeks_since_sale,0.00346
MED00166,3,weeks_since_sale,0.00097
MED00167,3,weeks_since_sale,0.00032
MED00168,3,weeks_since_sale,0.00049
MED00169,3,weeks_since_sale,0.00169
MED00170,3,weeks_since_sale,-0.00022
MED00171,3,weeks_since_sale,0.00057
MED00172,3,weeks_since_sale,0.0009
MED00173,3,weeks_since_sale,0.00085
MED00174,3,weeks_since_sale,0.00317
MED00175,3,weeks_since_sale,0.00334
MED00176,3,weeks_since_sale,0.00039
MED00177,3,weeks_since_sale,-0.00398
MED00178,3,weeks_since_sale,0.00492
MED00179,3,weeks_since_sale,0.00899
MED00180,3,weeks_since_sale,0.00026
MED00181,3,weeks_since_sale,0.00221
MED00182,3,weeks_since_sale,-0.00131
MED00183,3,weeks_since_sale,-0.00074
MED00184,3,weeks_since_sale,-0.002
MED00185,3,weeks_since_sale,0.00156
MED00186,3,weeks_since_sale,0.00089
MED00187,3,weeks_since_sale,0.00026
MED00188,3,weeks_since_sale,0.00165
MED00189,3,weeks_since_sale,0.00508
MED00190,3,weeks_since_sale,0.00085
MED00191,3,weeks_since_sale,0.00145
MED00192,3,weeks_since_sale,0.00019
MED00193,3,weeks_since_sale,-0.01686
MED00194,3,weeks_since_sale,-0.00058
MED00195,3,weeks_since_sale,0.00489
MED00196,3,weeks_since_sale,0.00224
MED00197,3,weeks_since_sale,-0.00069
MED00198,3,weeks_since_sale,0.00074
MED00199,3,weeks_since_sale,-0.00125
MED00200,3,weeks_since_sale,0.00066
MED00201,3,weeks_since_sale,0.00232
MED00202,3,weeks_since_sale,0.0009
MED00203,3,weeks_since_sale,0.00065
MED00204,3,weeks_since_sale,0.00098
MED00205,3,weeks_since_sale,0.00073
MED00206,3,weeks_since_sale,-0.0016
MED00207,3,weeks_since_sale,0.00033
MED00208,3,weeks_since_sale,0.00079
MED00209,3,weeks_since_sale,0.00392
MED00210,3,weeks_since_sale,0.00202
MED00211,3,weeks_since_sale,0.00106
MED00212,3,weeks_since_sale,0.00129
MED00213,3,weeks_since_sale,0.00141
MED00214,3,weeks_since_sale,-0.00012
MED00215,3,weeks_since_sale,0.00067
MED00216,3,weeks_since_sale,-0.02123
MED00217,3,weeks_since_sale,0.00119
MED00218,3,weeks_since_sale,0.00564
MED00219,3,weeks_since_sale,-0.0006
MED00220,3,weeks_since_sale,0.00054
MED00221,3,weeks_since_sale,0.00312
MED00223,3,weeks_since_sale,0.00093
MED00224,3,weeks_since_sale,0.00064
MED00225,3,weeks_since_sale,0.0037
MED00226,3,weeks_since_sale,0.00123
MED00227,3,weeks_since_sale,-0.00238
MED00228,3,weeks_since_sale,-0.00035
MED00229,3,weeks_since_sale,-0.02653
MED00230,3,weeks_since_sale,-0.00034
MED00231,3,weeks_since_sale,-0.00346
MED00232,3,weeks_since_sale,0.0017
MED00233,3,weeks_since_sale,0.01019
MED00235,3,weeks_since_sale,0.00021
MED00236,3,weeks_since_sale,0.00137
MED00237,3,weeks_since_sale,0.00539
MED00238,3,weeks_since_sale,0.00064
MED00239,3,weeks_since_sale,0.00258
MED00240,3,weeks_since_sale,0.00518
MED00241,3,weeks_since_sale,0.00137
MED00242,3,weeks_since_sale,-0.0004
MED00243,3,weeks_since_sale,-0.00089
MED00244,3,weeks_since_sale,0.0008
MED00245,3,weeks_since_sale,-0.00042
MED00246,3,weeks_since_sale,0.00489
MED00247,3,weeks_since_sale,0.00059
MED00248,3,weeks_since_sale,0.0006
MED00249,3,weeks_since_sale,0.0015
MED00250,3,weeks_since_sale,0.00168
MED00251,3,weeks_since_sale,0.00074
MED00252,3,weeks_since_sale,0.00811
MED00253,3,weeks_since_sale,0.00322
MED00254,3,weeks_since_sale,0.00746
MED00255,3,weeks_since_sale,0.00531
MED00256,3,weeks_since_sale,0.00165
MED00257,3,weeks_since_sale,0.00547
MED00258,3,weeks_since_sale,0.00091
MED00259,3,weeks_since_sale,-0.00011
MED00260,3,weeks_since_sale,0.00587
MED00261,3,weeks_since_sale,0.00134
MED00262,3,weeks_since_sale,0.00103
MED00263,3,weeks_since_sale,0.00202
MED00264,3,weeks_since_sale,-0.02045
MED00265,3,weeks_since_sale,0.00198
MED00266,3,weeks_since_sale,-0.00173
MED00267,3,weeks_since_sale,0.00613
MED00268,3,weeks_since_sale,0.00015
MED00269,3,weeks_since_sale,0.00086
MED00270,3,weeks_since_sale,0.00017
MED00272,3,weeks_since_sale,0.00434
MED00273,3,weeks_since_sale,0.00243
MED00274,3,weeks_since_sale,0.01329
MED00275,3,weeks_since_sale,0.00299
MED00276,3,weeks_since_sale,0.00067
MED00277,3,weeks_since_sale,0.00511
MED00278,3,weeks_since_sale,0.00103
MED00280,3,weeks_since_sale,0.00281
MED00281,3,weeks_since_sale,0.00147
MED00282,3,weeks_since_sale,0.00293
MED00283,3,weeks_since_sale,0.00143
MED00284,3,weeks_since_sale,0.00189
MED00285,3,weeks_since_sale,0.00687
MED00286,3,weeks_since_sale,0.00262
MED00287,3,weeks_since_sale,0.00225
MED00288,3,weeks_since_sale,0.00034
MED00289,3,weeks_since_sale,0.00676
MED00290,3,weeks_since_sale,0.00087
MED00291,3,weeks_since_sale,0.00015
MED00292,3,weeks_since_sale,0.00087
MED00293,3,weeks_since_sale,0.00477
MED00294,3,weeks_since_sale,0.00044
MED00295,3,weeks_since_sale,0.00036
MED00296,3,weeks_since_sale,0.00429
MED00297,3,weeks_since_sale,0.00284
MED00298,3,weeks_since_sale,-0.00036
MED00299,3,weeks_since_sale,0.00924
MED00300,3,weeks_since_sale,0.00029
MED00301,3,weeks_since_sale,0.00614
MED00302,3,weeks_since_sale,0.00334
MED00303,3,weeks_since_sale,0.0004
MED00304,3,weeks_since_sale,0.00612
MED00305,3,weeks_since_sale,0.0006
MED00306,3,weeks_since_sale,-0.00158
MED00307,3,weeks_since_sale,0.00155
MED00308,3,weeks_since_sale,0.00187
MED00309,3,weeks_since_sale,0.00277
MED00310,3,weeks_since_sale,0.00268
MED00311,3,weeks_since_sale,0.00357
MED00312,3,weeks_since_sale,0.01058
MED00313,3,weeks_since_sale,0.00894
MED00314,3,weeks_since_sale,-0.00168
MED00315,3,weeks_since_sale,0.00015
MED00316,3,weeks_since_sale,0.00175
MED00317,3,weeks_since_sale,0.00083
MED00318,3,weeks_since_sale,0.00186
MED00319,3,weeks_since_sale,0.00076
MED00320,3,weeks_since_sale,0.00315
MED00321,3,weeks_since_sale,0.00104
MED00322,3,weeks_since_sale,0.00079
MED00323,3,weeks_since_sale,0.0035
MED00324,3,weeks_since_sale,-0.00273
MED00325,3,weeks_since_sale,0.00239
MED00326,3,weeks_since_sale,0.00102
MED00327,3,weeks_since_sale,0.0021
MED00328,3,weeks_since_sale,0.00343
MED00329,3,weeks_since_sale,0.00034
MED00330,3,weeks_since_sale,0.00521
MED00332,3,weeks_since_sale,0.00218
MED00333,3,weeks_since_sale,0.00074
MED00334,3,weeks_since_sale,0.00052
MED00335,3,weeks_since_sale,0.00609
MED00336,3,weeks_since_sale,0.00169
MED00337,3,weeks_since_sale,-0.00029
MED00338,3,weeks_since_sale,-0.00201
MED00339,3,weeks_since_sale,0.00093
MED00340,3,weeks_since_sale,0.00739
MED00341,3,weeks_since_sale,0.00674
MED00342,3,weeks_since_sale,0.00041
MED00343,3,weeks_since_sale,0.00023
MED00344,3,weeks_since_sale,0.0059
MED00345,3,weeks_since_sale,-0.00833
MED00346,3,weeks_since_sale,0.00249
MED00347,3,weeks_since_sale,-0.00855
MED00348,3,weeks_since_sale,0.00165
MED00349,3,weeks_since_sale,0.00098
MED00350,3,weeks_since_sale,0.00064
MED00351,3,weeks_since_sale,-0.01918
MED00352,3,weeks_since_sale,-0.37449
MED00353,3,weeks_since_sale,0.0044
MED00354,3,weeks_since_sale,0.00149
MED00355,3,weeks_since_sale,0.00088
MED00356,3,weeks_since_sale,-0.00017
MED00357,3,weeks_since_sale,-0.00017
MED00358,3,weeks_since_sale,0.00546
MED00359,3,weeks_since_sale,0.00069
MED00360,3,weeks_since_sale,0.00077
MED00363,3,weeks_since_sale,0.00078
MED00364,3,weeks_since_sale,-0.01029
MED00365,3,weeks_since_sale,0.0004
MED00366,3,weeks_since_sale,-0.00076
MED00367,3,weeks_since_sale,0.00043
MED00368,3,weeks_since_sale,0.00187
MED00369,3,weeks_since_sale,0.00464
MED00370,3,weeks_since_sale,0.00642
MED00371,3,weeks_since_sale,-0.00027
MED00372,3,weeks_since_sale,0.00372
MED00373,3,weeks_since_sale,1e-04
MED00374,3,weeks_since_sale,0.00117
MED00376,3,weeks_since_sale,0.0008
MED00377,3,weeks_since_sale,-0.00027
MED00378,3,weeks_since_sale,0.00134
MED00379,3,weeks_since_sale,0.00244
MED00380,3,weeks_since_sale,0.00642
MED00381,3,weeks_since_sale,0.00188
MED00382,3,weeks_since_sale,0.00132
MED00383,3,weeks_since_sale,0.00327
MED00384,3,weeks_since_sale,-0.00017
MED00385,3,weeks_since_sale,0.00061
MED00386,3,weeks_since_sale,0.00084
MED00387,3,weeks_since_sale,0.00103
MED00388,3,weeks_since_sale,-0.00053
MED00389,3,weeks_since_sale,0.00063
MED00390,3,weeks_since_sale,0.00027
MED00391,3,weeks_since_sale,0.00095
MED00392,3,weeks_since_sale,0.00145
MED00393,3,weeks_since_sale,0.00344
MED00394,3,weeks_since_sale,0.00119
MED00395,3,weeks_since_sale,0.00119
MED00396,3,weeks_since_sale,0.00045
MED00397,3,weeks_since_sale,0.00017
MED00398,3,weeks_since_sale,0.0003
MED00399,3,weeks_since_sale,0.00023
MED00400,3,weeks_since_sale,-0.00181
MED00401,3,weeks_since_sale,-0.00021
MED00402,3,weeks_since_sale,0.00095
MED00403,3,weeks_since_sale,0.00121
MED00404,3,weeks_since_sale,0.00729
MED00405,3,weeks_since_sale,0.00268
MED00406,3,weeks_since_sale,0.00115
MED00407,3,weeks_since_sale,0.00095
MED00408,3,weeks_since_sale,0.00315
MED00409,3,weeks_since_sale,0.00089
MED00410,3,weeks_since_sale,0.00083
MED00411,3,weeks_since_sale,0.00133
MED00412,3,weeks_since_sale,0.00129
MED00413,3,weeks_since_sale,0.00125
MED00414,3,weeks_since_sale,0.00145
MED00415,3,weeks_since_sale,0.00173
MED00416,3,weeks_since_sale,0.00115
MED00417,3,weeks_since_sale,0.00255
MED00418,3,weeks_since_sale,0.00382
MED00419,3,weeks_since_sale,0.0024
MED00420,3,weeks_since_sale,0.00174
MED00421,3,weeks_since_sale,0.00161
MED00422,3,weeks_since_sale,0.00096
MED00423,3,weeks_since_sale,0.00093
MED00424,3,weeks_since_sale,0.0002
MED00001,4,weeks_since_sale,0.00144
MED00002,4,weeks_since_sale,0.00021
MED00003,4,weeks_since_sale,0.00818
MED00004,4,weeks_since_sale,0.00166
MED00005,4,weeks_since_sale,0.00778
MED00006,4,weeks_since_sale,-0.0034
MED00007,4,weeks_since_sale,0.0049
MED00008,4,weeks_since_sale,0.00107
MED00009,4,weeks_since_sale,0.00239
MED00010,4,weeks_since_sale,0.00168
MED00011,4,weeks_since_sale,0.00088
MED00012,4,weeks_since_sale,0.00103
MED00013,4,weeks_since_sale,0.004
MED00015,4,weeks_since_sale,0.00582
MED00017,4,weeks_since_sale,0.00067
MED00018,4,weeks_since_sale,0.00069
MED00021,4,weeks_since_sale,0.00449
MED00022,4,weeks_since_sale,0.0015
MED00023,4,weeks_since_sale,-0.0024
MED00024,4,weeks_since_sale,0.00189
MED00025,4,weeks_since_sale,-0.01821
MED00026,4,weeks_since_sale,0.00476
MED00027,4,weeks_since_sale,-0.00892
MED00028,4,weeks_since_sale,0.0021
MED00029,4,weeks_since_sale,0.00071
MED00030,4,weeks_since_sale,0.00364
MED00031,4,weeks_since_sale,0.00175
MED00032,4,weeks_since_sale,0.00097
MED00033,4,weeks_since_sale,0.00315
MED00034,4,weeks_since_sale,-0.00188
MED00035,4,weeks_since_sale,0.01284
MED00036,4,weeks_since_sale,0.00277
MED00037,4,weeks_since_sale,0.00311
MED00038,4,weeks_since_sale,0.00046
MED00039,4,weeks_since_sale,0.00426
MED00040,4,weeks_since_sale,0.00554
MED00041,4,weeks_since_sale,0.01196
MED00042,4,weeks_since_sale,0.00438
MED00043,4,weeks_since_sale,0.00509
MED00044,4,weeks_since_sale,0.00076
MED00045,4,weeks_since_sale,-0.00152
MED00046,4,weeks_since_sale,0.00103
MED00047,4,weeks_since_sale,0.00474
MED00048,4,weeks_since_sale,0.00062
MED00049,4,weeks_since_sale,-0.00677
MED00050,4,weeks_since_sale,0.00206
MED00051,4,weeks_since_sale,-0.00399
MED00052,4,weeks_since_sale,0.00645
MED00053,4,weeks_since_sale,0.00042
MED00054,4,weeks_since_sale,0.00014
MED00055,4,weeks_since_sale,-0.00118
MED00056,4,weeks_since_sale,0.00111
MED00057,4,weeks_since_sale,0.00663
MED00058,4,weeks_since_sale,-0.00289
MED00059,4,weeks_since_sale,0.00134
MED00060,4,weeks_since_sale,0.00655
MED00062,4,weeks_since_sale,0.00162
MED00063,4,weeks_since_sale,-0.01247
MED00064,4,weeks_since_sale,-0.00359
MED00065,4,weeks_since_sale,0.00021
MED00066,4,weeks_since_sale,0.00708
MED00068,4,weeks_since_sale,0.00314
MED00069,4,weeks_since_sale,0.0011
MED00070,4,weeks_since_sale,0.00036
MED00071,4,weeks_since_sale,0.00062
MED00072,4,weeks_since_sale,0.00065
MED00073,4,weeks_since_sale,0.00273
MED00074,4,weeks_since_sale,0.00231
MED00075,4,weeks_since_sale,0.00118
MED00076,4,weeks_since_sale,0.00345
MED00077,4,weeks_since_sale,0.00299
MED00078,4,weeks_since_sale,0.00067
MED00079,4,weeks_since_sale,0.00012
MED00080,4,weeks_since_sale,0.00238
MED00081,4,weeks_since_sale,0.0042
MED00082,4,weeks_since_sale,0.00241
MED00083,4,weeks_since_sale,0.00391
MED00085,4,weeks_since_sale,-0.00039
MED00086,4,weeks_since_sale,0.00911
MED00087,4,weeks_since_sale,0.00088
MED00088,4,weeks_since_sale,-0.00424
MED00089,4,weeks_since_sale,-0.00194
MED00090,4,weeks_since_sale,0.00451
MED00091,4,weeks_since_sale,0.00076
MED00093,4,weeks_since_sale,-0.00051
MED00094,4,weeks_since_sale,-0.00366
MED00095,4,weeks_since_sale,0.00203
MED00096,4,weeks_since_sale,0.00034
MED00097,4,weeks_since_sale,0.00091
MED00098,4,weeks_since_sale,0.00185
MED00099,4,weeks_since_sale,-0.00725
MED00100,4,weeks_since_sale,-0.01407
MED00101,4,weeks_since_sale,0.00481
MED00102,4,weeks_since_sale,0.00126
MED00103,4,weeks_since_sale,0.00156
MED00104,4,weeks_since_sale,0.00277
MED00105,4,weeks_since_sale,0.00092
MED00106,4,weeks_since_sale,-0.02609
MED00107,4,weeks_since_sale,0.00195
MED00108,4,weeks_since_sale,0.0024
MED00109,4,weeks_since_sale,0.0021
MED00110,4,weeks_since_sale,0.00525
MED00111,4,weeks_since_sale,0.00049
MED00112,4,weeks_since_sale,0.00137
MED00113,4,weeks_since_sale,0.00019
MED00114,4,weeks_since_sale,0.00027
MED00115,4,weeks_since_sale,0.0008
MED00116,4,weeks_since_sale,0.00202
MED00117,4,weeks_since_sale,0.00076
MED00118,4,weeks_since_sale,-0.00279
MED00119,4,weeks_since_sale,0.00091
MED00120,4,weeks_since_sale,0.0003
MED00121,4,weeks_since_sale,0.00328
MED00122,4,weeks_since_sale,-0.00053
MED00123,4,weeks_since_sale,0.00488
MED00124,4,weeks_since_sale,0.00193
MED00125,4,weeks_since_sale,0.00307
MED00126,4,weeks_since_sale,-0.00071
MED00127,4,weeks_since_sale,0.00154
MED00128,4,weeks_since_sale,0.0011
MED00129,4,weeks_since_sale,0.00087
MED00130,4,weeks_since_sale,-0.00838
MED00131,4,weeks_since_sale,0.00067
MED00132,4,weeks_since_sale,0.00066
MED00133,4,weeks_since_sale,0.01097
MED00134,4,weeks_since_sale,0.00736
MED00135,4,weeks_since_sale,-0.00211
MED00136,4,weeks_since_sale,0.0051
MED00137,4,weeks_since_sale,-0.00039
MED00138,4,weeks_since_sale,0.00058
MED00139,4,weeks_since_sale,0.00174
MED00140,4,weeks_since_sale,0.00047
MED00141,4,weeks_since_sale,0.00528
MED00142,4,weeks_since_sale,0.00368
MED00143,4,weeks_since_sale,0.00036
MED00144,4,weeks_since_sale,0.00362
MED00145,4,weeks_since_sale,0.00032
MED00146,4,weeks_since_sale,0.0013
MED00147,4,weeks_since_sale,0.00048
MED00148,4,weeks_since_sale,0.0061
MED00149,4,weeks_since_sale,0.00345
MED00150,4,weeks_since_sale,-0.00061
MED00151,4,weeks_since_sale,0.0009
MED00152,4,weeks_since_sale,0.00048
MED00153,4,weeks_since_sale,0.00096
MED00154,4,weeks_since_sale,-0.0011
MED00155,4,weeks_since_sale,0.00084
MED00156,4,weeks_since_sale,0.00053
MED00157,4,weeks_since_sale,0.00552
MED00158,4,weeks_since_sale,0.00177
MED00159,4,weeks_since_sale,0.00141
MED00160,4,weeks_since_sale,0.00452
MED00161,4,weeks_since_sale,0.00245
MED00162,4,weeks_since_sale,0.00048
MED00163,4,weeks_since_sale,0.00747
MED00164,4,weeks_since_sale,0.0002
MED00165,4,weeks_since_sale,0.00347
MED00166,4,weeks_since_sale,0.00097
MED00167,4,weeks_since_sale,0.00036
MED00168,4,weeks_since_sale,0.00053
MED00169,4,weeks_since_sale,0.001
MED00170,4,weeks_since_sale,-0.00018
MED00171,4,weeks_since_sale,0.00057
MED00172,4,weeks_since_sale,0.00093
MED00173,4,weeks_since_sale,0.00085
MED00174,4,weeks_since_sale,0.00318
MED00175,4,weeks_since_sale,0.00338
MED00176,4,weeks_since_sale,0.0004
MED00177,4,weeks_since_sale,-0.00401
MED00178,4,weeks_since_sale,0.005
MED00179,4,weeks_since_sale,0.00902
MED00180,4,weeks_since_sale,0.00026
MED00181,4,weeks_since_sale,0.00219
MED00182,4,weeks_since_sale,-0.00109
MED00183,4,weeks_since_sale,-0.00072
MED00184,4,weeks_since_sale,-0.00202
MED00185,4,weeks_since_sale,0.00178
MED00186,4,weeks_since_sale,0.00093
MED00187,4,weeks_since_sale,0.00027
MED00188,4,weeks_since_sale,0.00167
MED00189,4,weeks_since_sale,0.00509
MED00190,4,weeks_since_sale,0.00083
MED00191,4,weeks_since_sale,0.00145
MED00192,4,weeks_since_sale,0.0002
MED00193,4,weeks_since_sale,-0.01686
MED00194,4,weeks_since_sale,-0.00056
MED00195,4,weeks_since_sale,0.00491
MED00196,4,weeks_since_sale,0.00224
MED00197,4,weeks_since_sale,-0.00066
MED00198,4,weeks_since_sale,0.00078
MED00199,4,weeks_since_sale,-0.0012
MED00200,4,weeks_since_sale,0.0007
MED00201,4,weeks_since_sale,0.00234
MED00202,4,weeks_since_sale,0.00093
MED00203,4,weeks_since_sale,0.00068
MED00204,4,weeks_since_sale,0.00099
MED00205,4,weeks_since_sale,0.00074
MED00206,4,weeks_since_sale,-0.00156
MED00207,4,weeks_since_sale,0.00033
MED00208,4,weeks_since_sale,0.00079
MED00209,4,weeks_since_sale,0.00396
MED00210,4,weeks_since_sale,0.00206
MED00211,4,weeks_since_sale,0.00107
MED00212,4,weeks_since_sale,0.00132
MED00213,4,weeks_since_sale,0.00131
MED00215,4,weeks_since_sale,0.00068
MED00216,4,weeks_since_sale,-0.02123
MED00217,4,weeks_since_sale,0.00121
MED00218,4,weeks_since_sale,0.00564
MED00219,4,weeks_since_sale,-0.00059
MED00220,4,weeks_since_sale,0.00055
MED00221,4,weeks_since_sale,0.00312
MED00222,4,weeks_since_sale,0.00017
MED00223,4,weeks_since_sale,0.00093
MED00224,4,weeks_since_sale,0.00068
MED00225,4,weeks_since_sale,0.00372
MED00226,4,weeks_since_sale,0.00124
MED00227,4,weeks_since_sale,-0.00235
MED00228,4,weeks_since_sale,-0.00019
MED00229,4,weeks_since_sale,-0.02663
MED00230,4,weeks_since_sale,-0.00032
MED00231,4,weeks_since_sale,-0.00342
MED00232,4,weeks_since_sale,0.00168
MED00233,4,weeks_since_sale,0.01027
MED00235,4,weeks_since_sale,0.00021
MED00236,4,weeks_since_sale,0.00138
MED00237,4,weeks_since_sale,0.00541
MED00238,4,weeks_since_sale,0.00064
MED00239,4,weeks_since_sale,0.00261
MED00240,4,weeks_since_sale,0.00519
MED00241,4,weeks_since_sale,0.00134
MED00242,4,weeks_since_sale,-0.0004
MED00243,4,weeks_since_sale,-0.00087
MED00244,4,weeks_since_sale,0.00081
MED00245,4,weeks_since_sale,-0.00041
MED00246,4,weeks_since_sale,0.00491
MED00247,4,weeks_since_sale,0.00059
MED00248,4,weeks_since_sale,0.00064
MED00249,4,weeks_since_sale,0.00151
MED00250,4,weeks_since_sale,0.00169
MED00251,4,weeks_since_sale,0.00078
MED00252,4,weeks_since_sale,0.00835
MED00253,4,weeks_since_sale,0.0032
MED00254,4,weeks_since_sale,0.00772
MED00255,4,weeks_since_sale,0.00533
MED00256,4,weeks_since_sale,0.00165
MED00257,4,weeks_since_sale,0.00547
MED00258,4,weeks_since_sale,0.00092
MED00260,4,weeks_since_sale,0.00592
MED00261,4,weeks_since_sale,0.00138
MED00262,4,weeks_since_sale,0.00107
MED00263,4,weeks_since_sale,0.00204
MED00264,4,weeks_since_sale,-0.02066
MED00265,4,weeks_since_sale,0.002
MED00266,4,weeks_since_sale,-0.00174
MED00267,4,weeks_since_sale,0.00613
MED00268,4,weeks_since_sale,0.00016
MED00269,4,weeks_since_sale,0.00087
MED00270,4,weeks_since_sale,0.00019
MED00272,4,weeks_since_sale,0.00433
MED00273,4,weeks_since_sale,0.00244
MED00274,4,weeks_since_sale,0.01331
MED00275,4,weeks_since_sale,0.00302
MED00276,4,weeks_since_sale,0.00068
MED00277,4,weeks_since_sale,0.00511
MED00278,4,weeks_since_sale,0.00105
MED00280,4,weeks_since_sale,0.00283
MED00281,4,weeks_since_sale,0.00148
MED00282,4,weeks_since_sale,0.00292
MED00283,4,weeks_since_sale,0.00143
MED00284,4,weeks_since_sale,0.00193
MED00285,4,weeks_since_sale,0.00688
MED00286,4,weeks_since_sale,0.00262
MED00287,4,weeks_since_sale,0.00225
MED00288,4,weeks_since_sale,0.00036
MED00289,4,weeks_since_sale,0.0068
MED00290,4,weeks_since_sale,0.0009
MED00291,4,weeks_since_sale,0.00014
MED00292,4,weeks_since_sale,0.00092
MED00293,4,weeks_since_sale,0.00493
MED00294,4,weeks_since_sale,0.00048
MED00295,4,weeks_since_sale,0.00059
MED00296,4,weeks_since_sale,0.00427
MED00297,4,weeks_since_sale,0.00284
MED00298,4,weeks_since_sale,-0.00034
MED00299,4,weeks_since_sale,0.00922
MED00300,4,weeks_since_sale,0.00029
MED00301,4,weeks_since_sale,0.00614
MED00302,4,weeks_since_sale,0.00334
MED00303,4,weeks_since_sale,0.00041
MED00304,4,weeks_since_sale,0.00609
MED00305,4,weeks_since_sale,0.00063
MED00306,4,weeks_since_sale,-0.00157
MED00307,4,weeks_since_sale,0.00156
MED00308,4,weeks_since_sale,0.00192
MED00309,4,weeks_since_sale,0.00274
MED00310,4,weeks_since_sale,0.00268
MED00311,4,weeks_since_sale,0.00357
MED00312,4,weeks_since_sale,0.01062
MED00313,4,weeks_since_sale,0.00891
MED00314,4,weeks_since_sale,-0.00167
MED00315,4,weeks_since_sale,0.00016
MED00316,4,weeks_since_sale,0.00175
MED00317,4,weeks_since_sale,0.00083
MED00318,4,weeks_since_sale,0.00187
MED00319,4,weeks_since_sale,0.00077
MED00320,4,weeks_since_sale,0.00317
MED00321,4,weeks_since_sale,0.00099
MED00322,4,weeks_since_sale,0.00079
MED00323,4,weeks_since_sale,0.00354
MED00324,4,weeks_since_sale,-0.00269
MED00325,4,weeks_since_sale,0.00239
MED00326,4,weeks_since_sale,0.00102
MED00327,4,weeks_since_sale,0.0021
MED00328,4,weeks_since_sale,0.00345
MED00329,4,weeks_since_sale,0.00034
MED00330,4,weeks_since_sale,0.00519
MED00332,4,weeks_since_sale,0.00218
MED00333,4,weeks_since_sale,0.00076
MED00334,4,weeks_since_sale,0.00051
MED00335,4,weeks_since_sale,0.00606
MED00336,4,weeks_since_sale,0.00167
MED00337,4,weeks_since_sale,-0.00029
MED00338,4,weeks_since_sale,-0.00198
MED00339,4,weeks_since_sale,0.00096
MED00340,4,weeks_since_sale,0.00741
MED00341,4,weeks_since_sale,0.00675
MED00342,4,weeks_since_sale,0.00041
MED00343,4,weeks_since_sale,0.00023
MED00344,4,weeks_since_sale,0.00591
MED00345,4,weeks_since_sale,-0.00833
MED00346,4,weeks_since_sale,0.00247
MED00347,4,weeks_since_sale,-0.00855
MED00348,4,weeks_since_sale,0.00169
MED00349,4,weeks_since_sale,0.00098
MED00350,4,weeks_since_sale,0.00057
MED00351,4,weeks_since_sale,-0.01927
MED00352,4,weeks_since_sale,-0.37298
MED00353,4,weeks_since_sale,0.00431
MED00354,4,weeks_since_sale,0.00144
MED00355,4,weeks_since_sale,0.00089
MED00356,4,weeks_since_sale,-0.00015
MED00358,4,weeks_since_sale,0.00545
MED00359,4,weeks_since_sale,0.0007
MED00360,4,weeks_since_sale,0.00079
MED00363,4,weeks_since_sale,0.00081
MED00364,4,weeks_since_sale,-0.01029
MED00365,4,weeks_since_sale,0.00041
MED00366,4,weeks_since_sale,-0.00074
MED00367,4,weeks_since_sale,0.00044
MED00368,4,weeks_since_sale,0.00189
MED00369,4,weeks_since_sale,0.00465
MED00370,4,weeks_since_sale,0.00668
MED00371,4,weeks_since_sale,-0.00025
MED00372,4,weeks_since_sale,0.00395
MED00373,4,weeks_since_sale,0.00033
MED00374,4,weeks_since_sale,0.00123
MED00376,4,weeks_since_sale,0.00081
MED00377,4,weeks_since_sale,-0.00031
MED00378,4,weeks_since_sale,0.00134
MED00379,4,weeks_since_sale,0.00239
MED00380,4,weeks_since_sale,0.00633
MED00381,4,weeks_since_sale,0.00167
MED00382,4,weeks_since_sale,0.00134
MED00383,4,weeks_since_sale,0.00327
MED00384,4,weeks_since_sale,-0.00015
MED00385,4,weeks_since_sale,0.00062
MED00386,4,weeks_since_sale,0.00085
MED00387,4,weeks_since_sale,0.00103
MED00388,4,weeks_since_sale,-0.00054
MED00389,4,weeks_since_sale,0.00133
MED00390,4,weeks_since_sale,0.00028
MED00391,4,weeks_since_sale,0.00096
MED00392,4,weeks_since_sale,0.00146
MED00393,4,weeks_since_sale,0.00343
MED00394,4,weeks_since_sale,0.0012
MED00395,4,weeks_since_sale,0.0012
MED00396,4,weeks_since_sale,0.00045
MED00397,4,weeks_since_sale,0.00018
MED00398,4,weeks_since_sale,0.00032
MED00399,4,weeks_since_sale,0.00024
MED00400,4,weeks_since_sale,-0.0018
MED00401,4,weeks_since_sale,-0.00017
MED00402,4,weeks_since_sale,0.00096
MED00403,4,weeks_since_sale,0.00119
MED00404,4,weeks_since_sale,0.00729
MED00405,4,weeks_since_sale,0.00268
MED00406,4,weeks_since_sale,0.00116
MED00407,4,weeks_since_sale,0.00095
MED00408,4,weeks_since_sale,0.00329
MED00409,4,weeks_since_sale,0.00087
MED00410,4,weeks_since_sale,0.00084
MED00411,4,weeks_since_sale,0.00135
MED00412,4,weeks_since_sale,0.0013
MED00413,4,weeks_since_sale,0.00124
MED00414,4,weeks_since_sale,0.00146
MED00415,4,weeks_since_sale,0.00177
MED00416,4,weeks_since_sale,0.00116
MED00417,4,weeks_since_sale,0.00256
MED00418,4,weeks_since_sale,0.00384
MED00419,4,weeks_since_sale,0.00241
MED00420,4,weeks_since_sale,0.00176
MED00421,4,weeks_since_sale,0.00175
MED00422,4,weeks_since_sale,0.00098
MED00423,4,weeks_since_sale,0.00095
MED00424,4,weeks_since_sale,0.00021
MED00001,5,weeks_since_sale,0.00146
MED00002,5,weeks_since_sale,0.00445
MED00003,5,weeks_since_sale,0.00929
MED00004,5,weeks_since_sale,0.00134
MED00005,5,weeks_since_sale,0.00788
MED00006,5,weeks_since_sale,-0.00414
MED00007,5,weeks_since_sale,0.00492
MED00008,5,weeks_since_sale,0.00037
MED00009,5,weeks_since_sale,0.00238
MED00010,5,weeks_since_sale,0.00159
MED00011,5,weeks_since_sale,0.00087
MED00012,5,weeks_since_sale,0.00077
MED00013,5,weeks_since_sale,0.00384
MED00014,5,weeks_since_sale,-0.00036
MED00015,5,weeks_since_sale,0.00767
MED00016,5,weeks_since_sale,-0.00058
MED00017,5,weeks_since_sale,0.00067
MED00018,5,weeks_since_sale,0.00069
MED00021,5,weeks_since_sale,0.00413
MED00022,5,weeks_since_sale,0.00103
MED00023,5,weeks_since_sale,-0.00304
MED00024,5,weeks_since_sale,0.00149
MED00025,5,weeks_since_sale,-0.01838
MED00026,5,weeks_since_sale,0.00722
MED00027,5,weeks_since_sale,-0.00853
MED00028,5,weeks_since_sale,0.00289
MED00029,5,weeks_since_sale,0.00033
MED00030,5,weeks_since_sale,0.00323
MED00031,5,weeks_since_sale,0.00129
MED00032,5,weeks_since_sale,0.00101
MED00033,5,weeks_since_sale,0.00357
MED00034,5,weeks_since_sale,-0.00185
MED00035,5,weeks_since_sale,0.01114
MED00036,5,weeks_since_sale,0.0027
MED00037,5,weeks_since_sale,0.00284
MED00038,5,weeks_since_sale,-0.00026
MED00039,5,weeks_since_sale,0.00319
MED00040,5,weeks_since_sale,0.00574
MED00041,5,weeks_since_sale,0.01377
MED00042,5,weeks_since_sale,0.00397
MED00043,5,weeks_since_sale,0.00638
MED00044,5,weeks_since_sale,0.00038
MED00045,5,weeks_since_sale,-0.00075
MED00046,5,weeks_since_sale,0.00068
MED00047,5,weeks_since_sale,0.0043
MED00048,5,weeks_since_sale,0.00079
MED00049,5,weeks_since_sale,-0.00569
MED00050,5,weeks_since_sale,0.00213
MED00051,5,weeks_since_sale,-0.00045
MED00052,5,weeks_since_sale,0.00565
MED00054,5,weeks_since_sale,-0.00022
MED00055,5,weeks_since_sale,-0.00134
MED00056,5,weeks_since_sale,0.0013
MED00057,5,weeks_since_sale,0.00802
MED00058,5,weeks_since_sale,-0.00302
MED00059,5,weeks_since_sale,0.00136
MED00060,5,weeks_since_sale,0.0067
MED00061,5,weeks_since_sale,-0.00012
MED00062,5,weeks_since_sale,0.00271
MED00063,5,weeks_since_sale,-0.01251
MED00064,5,weeks_since_sale,-0.00391
MED00065,5,weeks_since_sale,0.00022
MED00066,5,weeks_since_sale,0.00821
MED00067,5,weeks_since_sale,-0.00068
MED00068,5,weeks_since_sale,0.00279
MED00069,5,weeks_since_sale,0.00072
MED00070,5,weeks_since_sale,0.00096
MED00071,5,weeks_since_sale,0.00025
MED00072,5,weeks_since_sale,0.00035
MED00073,5,weeks_since_sale,0.00235
MED00074,5,weeks_since_sale,0.00167
MED00075,5,weeks_since_sale,0.00111
MED00076,5,weeks_since_sale,0.00466
MED00077,5,weeks_since_sale,0.00304
MED00078,5,weeks_since_sale,0.00039
MED00079,5,weeks_since_sale,0.00232
MED00080,5,weeks_since_sale,0.00194
MED00081,5,weeks_since_sale,0.00692
MED00082,5,weeks_since_sale,0.00216
MED00083,5,weeks_since_sale,0.00358
MED00084,5,weeks_since_sale,0.00011
MED00085,5,weeks_since_sale,-0.00057
MED00086,5,weeks_since_sale,0.01086
MED00087,5,weeks_since_sale,0.00058
MED00088,5,weeks_since_sale,-0.00404
MED00089,5,weeks_since_sale,-0.00189
MED00090,5,weeks_since_sale,0.00454
MED00091,5,weeks_since_sale,0.00049
MED00092,5,weeks_since_sale,-0.00059
MED00093,5,weeks_since_sale,0.00027
MED00094,5,weeks_since_sale,-0.00232
MED00095,5,weeks_since_sale,0.00185
MED00097,5,weeks_since_sale,0.00066
MED00098,5,weeks_since_sale,0.00192
MED00099,5,weeks_since_sale,-0.00977
MED00100,5,weeks_since_sale,-0.01239
MED00101,5,weeks_since_sale,0.00446
MED00102,5,weeks_since_sale,0.00087
MED00103,5,weeks_since_sale,0.0015
MED00104,5,weeks_since_sale,0.0026
MED00105,5,weeks_since_sale,0.001
MED00106,5,weeks_since_sale,-0.02422
MED00107,5,weeks_since_sale,0.00191
MED00108,5,weeks_since_sale,0.00245
MED00109,5,weeks_since_sale,0.00293
MED00110,5,weeks_since_sale,0.00207
MED00111,5,weeks_since_sale,0.00049
MED00112,5,weeks_since_sale,0.00138
MED00114,5,weeks_since_sale,0.00017
MED00115,5,weeks_since_sale,0.00076
MED00116,5,weeks_since_sale,0.00161
MED00117,5,weeks_since_sale,0.00078
MED00118,5,weeks_since_sale,-0.00313
MED00119,5,weeks_since_sale,0.00089
MED00120,5,weeks_since_sale,0.00034
MED00121,5,weeks_since_sale,0.00335
MED00122,5,weeks_since_sale,-0.00087
MED00123,5,weeks_since_sale,0.00291
MED00124,5,weeks_since_sale,0.00189
MED00125,5,weeks_since_sale,0.00487
MED00126,5,weeks_since_sale,-0.00075
MED00127,5,weeks_since_sale,0.00176
MED00128,5,weeks_since_sale,0.00105
MED00129,5,weeks_since_sale,0.00132
MED00130,5,weeks_since_sale,-0.00575
MED00131,5,weeks_since_sale,0.00031
MED00132,5,weeks_since_sale,0.00157
MED00133,5,weeks_since_sale,0.01281
MED00134,5,weeks_since_sale,0.00687
MED00135,5,weeks_since_sale,-0.00207
MED00136,5,weeks_since_sale,0.00442
MED00137,5,weeks_since_sale,-0.00055
MED00138,5,weeks_since_sale,0.00064
MED00139,5,weeks_since_sale,0.00266
MED00140,5,weeks_since_sale,0.00059
MED00141,5,weeks_since_sale,0.00497
MED00142,5,weeks_since_sale,0.00392
MED00143,5,weeks_since_sale,0.00032
MED00144,5,weeks_since_sale,0.00406
MED00145,5,weeks_since_sale,0.00027
MED00146,5,weeks_since_sale,-0.00012
MED00147,5,weeks_since_sale,0.00107
MED00148,5,weeks_since_sale,0.00624
MED00149,5,weeks_since_sale,0.00346
MED00150,5,weeks_since_sale,-0.00049
MED00151,5,weeks_since_sale,0.00086
MED00152,5,weeks_since_sale,0.00044
MED00153,5,weeks_since_sale,0.00096
MED00154,5,weeks_since_sale,-0.00139
MED00155,5,weeks_since_sale,0.00078
MED00156,5,weeks_since_sale,0.00079
MED00157,5,weeks_since_sale,0.00513
MED00158,5,weeks_since_sale,0.00259
MED00159,5,weeks_since_sale,0.00144
MED00160,5,weeks_since_sale,0.00453
MED00161,5,weeks_since_sale,0.00248
MED00162,5,weeks_since_sale,0.00018
MED00163,5,weeks_since_sale,0.00856
MED00165,5,weeks_since_sale,0.00305
MED00166,5,weeks_since_sale,0.00069
MED00168,5,weeks_since_sale,0.00062
MED00169,5,weeks_since_sale,0.00111
MED00170,5,weeks_since_sale,-0.00046
MED00171,5,weeks_since_sale,0.00052
MED00172,5,weeks_since_sale,0.00115
MED00173,5,weeks_since_sale,0.00086
MED00174,5,weeks_since_sale,0.00274
MED00175,5,weeks_since_sale,0.00341
MED00177,5,weeks_since_sale,-0.00181
MED00178,5,weeks_since_sale,0.00205
MED00179,5,weeks_since_sale,0.01046
MED00180,5,weeks_since_sale,0.00069
MED00181,5,weeks_since_sale,0.00219
MED00182,5,weeks_since_sale,0.00048
MED00183,5,weeks_since_sale,-0.00057
MED00184,5,weeks_since_sale,-0.00196
MED00185,5,weeks_since_sale,0.00121
MED00186,5,weeks_since_sale,0.00087
MED00187,5,weeks_since_sale,-0.00013
MED00188,5,weeks_since_sale,0.00123
MED00189,5,weeks_since_sale,0.00619
MED00190,5,weeks_since_sale,0.00053
MED00191,5,weeks_since_sale,0.00148
MED00192,5,weeks_since_sale,0.00367
MED00193,5,weeks_since_sale,-0.00653
MED00194,5,weeks_since_sale,-0.00081
MED00195,5,weeks_since_sale,0.0045
MED00196,5,weeks_since_sale,0.00183
MED00197,5,weeks_since_sale,-0.00108
MED00198,5,weeks_since_sale,0.00073
MED00199,5,weeks_since_sale,-0.00153
MED00200,5,weeks_since_sale,0.00162
MED00201,5,weeks_since_sale,0.00251
MED00202,5,weeks_since_sale,0.00091
MED00203,5,weeks_since_sale,0.00038
MED00204,5,weeks_since_sale,0.00108
MED00205,5,weeks_since_sale,0.00083
MED00206,5,weeks_since_sale,-0.00271
MED00208,5,weeks_since_sale,0.00126
MED00209,5,weeks_since_sale,0.00177
MED00210,5,weeks_since_sale,0.00343
MED00211,5,weeks_since_sale,0.00113
MED00212,5,weeks_since_sale,0.00177
MED00213,5,weeks_since_sale,0.00238
MED00214,5,weeks_since_sale,-0.00025
MED00215,5,weeks_since_sale,0.00071
MED00216,5,weeks_since_sale,-0.01936
MED00217,5,weeks_since_sale,0.00311
MED00218,5,weeks_since_sale,0.00561
MED00219,5,weeks_since_sale,-0.0004
MED00220,5,weeks_since_sale,0.00025
MED00221,5,weeks_since_sale,0.00276
MED00223,5,weeks_since_sale,0.00097
MED00224,5,weeks_since_sale,0.00042
MED00225,5,weeks_since_sale,0.00356
MED00226,5,weeks_since_sale,0.00086
MED00227,5,weeks_since_sale,-0.00261
MED00228,5,weeks_since_sale,-0.00037
MED00229,5,weeks_since_sale,-0.02609
MED00230,5,weeks_since_sale,-0.00062
MED00231,5,weeks_since_sale,-0.0037
MED00232,5,weeks_since_sale,0.0026
MED00233,5,weeks_since_sale,0.01108
MED00234,5,weeks_since_sale,-0.00023
MED00235,5,weeks_since_sale,0.00028
MED00236,5,weeks_since_sale,0.00133
MED00237,5,weeks_since_sale,0.00516
MED00238,5,weeks_since_sale,0.00034
MED00239,5,weeks_since_sale,0.00257
MED00240,5,weeks_since_sale,0.0048
MED00241,5,weeks_since_sale,0.00112
MED00242,5,weeks_since_sale,-0.0008
MED00243,5,weeks_since_sale,0.00337
MED00244,5,weeks_since_sale,0.00081
MED00245,5,weeks_since_sale,-0.00013
MED00246,5,weeks_since_sale,0.00485
MED00247,5,weeks_since_sale,0.00071
MED00248,5,weeks_since_sale,0.00058
MED00249,5,weeks_since_sale,0.00161
MED00250,5,weeks_since_sale,0.00355
MED00251,5,weeks_since_sale,0.00078
MED00252,5,weeks_since_sale,0.01029
MED00253,5,weeks_since_sale,0.00314
MED00254,5,weeks_since_sale,0.00963
MED00255,5,weeks_since_sale,0.00494
MED00256,5,weeks_since_sale,0.00167
MED00257,5,weeks_since_sale,0.00512
MED00258,5,weeks_since_sale,0.00062
MED00259,5,weeks_since_sale,-0.00026
MED00260,5,weeks_since_sale,0.00554
MED00261,5,weeks_since_sale,0.00179
MED00262,5,weeks_since_sale,0.00064
MED00263,5,weeks_since_sale,0.00162
MED00264,5,weeks_since_sale,-0.02068
MED00265,5,weeks_since_sale,0.00183
MED00266,5,weeks_since_sale,-0.00168
MED00267,5,weeks_since_sale,0.00619
MED00269,5,weeks_since_sale,0.00087
MED00270,5,weeks_since_sale,-0.00023
MED00271,5,weeks_since_sale,-0.00085
MED00272,5,weeks_since_sale,0.00432
MED00273,5,weeks_since_sale,0.00244
MED00274,5,weeks_since_sale,0.01314
MED00275,5,weeks_since_sale,0.00301
MED00276,5,weeks_since_sale,0.00063
MED00277,5,weeks_since_sale,0.00622
MED00278,5,weeks_since_sale,0.00089
MED00280,5,weeks_since_sale,0.00404
MED00281,5,weeks_since_sale,0.00158
MED00282,5,weeks_since_sale,0.00291
MED00283,5,weeks_since_sale,0.00146
MED00284,5,weeks_since_sale,0.00163
MED00285,5,weeks_since_sale,0.00685
MED00286,5,weeks_since_sale,0.00265
MED00287,5,weeks_since_sale,0.00229
MED00288,5,weeks_since_sale,0.0003
MED00289,5,weeks_since_sale,0.00637
MED00290,5,weeks_since_sale,0.00086
MED00291,5,weeks_since_sale,-0.00017
MED00292,5,weeks_since_sale,0.0015
MED00293,5,weeks_since_sale,0.00472
MED00294,5,weeks_since_sale,0.00024
MED00295,5,weeks_since_sale,0.00114
MED00296,5,weeks_since_sale,0.00423
MED00297,5,weeks_since_sale,0.00285
MED00298,5,weeks_since_sale,-0.00076
MED00299,5,weeks_since_sale,0.0112
MED00300,5,weeks_since_sale,0.00071
MED00301,5,weeks_since_sale,0.00612
MED00302,5,weeks_since_sale,0.00338
MED00304,5,weeks_since_sale,0.00587
MED00305,5,weeks_since_sale,0.00106
MED00306,5,weeks_since_sale,-0.00308
MED00307,5,weeks_since_sale,0.00169
MED00308,5,weeks_since_sale,0.00255
MED00309,5,weeks_since_sale,0.00237
MED00310,5,weeks_since_sale,0.00286
MED00311,5,weeks_since_sale,0.00321
MED00312,5,weeks_since_sale,0.0137
MED00313,5,weeks_since_sale,0.00715
MED00314,5,weeks_since_sale,-0.00164
MED00316,5,weeks_since_sale,0.0017
MED00317,5,weeks_since_sale,0.00084
MED00318,5,weeks_since_sale,0.00097
MED00319,5,weeks_since_sale,0.00073
MED00320,5,weeks_since_sale,0.00276
MED00321,5,weeks_since_sale,0.00101
MED00322,5,weeks_since_sale,0.00188
MED00323,5,weeks_since_sale,0.00087
MED00324,5,weeks_since_sale,-0.00279
MED00325,5,weeks_since_sale,0.00237
MED00326,5,weeks_since_sale,0.00104
MED00327,5,weeks_since_sale,0.00254
MED00328,5,weeks_since_sale,0.00306
MED00329,5,weeks_since_sale,0.0003
MED00330,5,weeks_since_sale,0.00521
MED00331,5,weeks_since_sale,-0.00045
MED00332,5,weeks_since_sale,0.00206
MED00333,5,weeks_since_sale,0.00036
MED00334,5,weeks_since_sale,0.0002
MED00335,5,weeks_since_sale,0.00598
MED00336,5,weeks_since_sale,0.00162
MED00337,5,weeks_since_sale,-0.00032
MED00338,5,weeks_since_sale,-0.00197
MED00339,5,weeks_since_sale,0.00063
MED00340,5,weeks_since_sale,0.00729
MED00341,5,weeks_since_sale,0.00684
MED00342,5,weeks_since_sale,0.00042
MED00344,5,weeks_since_sale,0.00586
MED00345,5,weeks_since_sale,-0.00655
MED00346,5,weeks_since_sale,0.00251
MED00347,5,weeks_since_sale,-0.00737
MED00348,5,weeks_since_sale,0.00165
MED00349,5,weeks_since_sale,0.00094
MED00350,5,weeks_since_sale,0.00135
MED00351,5,weeks_since_sale,-0.01875
MED00352,5,weeks_since_sale,-0.32425
MED00353,5,weeks_since_sale,0.0049
MED00354,5,weeks_since_sale,0.00143
MED00355,5,weeks_since_sale,0.00067
MED00356,5,weeks_since_sale,-0.00037
MED00357,5,weeks_since_sale,0.0014
MED00358,5,weeks_since_sale,0.00562
MED00359,5,weeks_since_sale,0.00046
MED00360,5,weeks_since_sale,0.00031
MED00361,5,weeks_since_sale,-0.00027
MED00363,5,weeks_since_sale,0.00053
MED00364,5,weeks_since_sale,-0.00912
MED00365,5,weeks_since_sale,0.00035
MED00366,5,weeks_since_sale,-0.00079
MED00367,5,weeks_since_sale,0.0004
MED00368,5,weeks_since_sale,0.00153
MED00369,5,weeks_since_sale,0.00426
MED00370,5,weeks_since_sale,0.00486
MED00371,5,weeks_since_sale,-0.00022
MED00372,5,weeks_since_sale,0.0053
MED00374,5,weeks_since_sale,0.00147
MED00376,5,weeks_since_sale,0.00059
MED00377,5,weeks_since_sale,0.00057
MED00378,5,weeks_since_sale,0.00128
MED00379,5,weeks_since_sale,0.00337
MED00380,5,weeks_since_sale,0.00696
MED00381,5,weeks_since_sale,0.00194
MED00382,5,weeks_since_sale,0.00145
MED00383,5,weeks_since_sale,0.00327
MED00384,5,weeks_since_sale,-0.00032
MED00385,5,weeks_since_sale,0.00074
MED00386,5,weeks_since_sale,0.00131
MED00387,5,weeks_since_sale,0.0012
MED00388,5,weeks_since_sale,-0.00047
MED00389,5,weeks_since_sale,0.00057
MED00390,5,weeks_since_sale,0.0003
MED00391,5,weeks_since_sale,0.00098
MED00392,5,weeks_since_sale,0.00156
MED00393,5,weeks_since_sale,0.00432
MED00394,5,weeks_since_sale,0.00129
MED00395,5,weeks_since_sale,0.0013
MED00396,5,weeks_since_sale,0.00049
MED00397,5,weeks_since_sale,0.0002
MED00398,5,weeks_since_sale,0.00029
MED00399,5,weeks_since_sale,0.00026
MED00400,5,weeks_since_sale,-0.00181
MED00401,5,weeks_since_sale,-0.00016
MED00402,5,weeks_since_sale,0.00108
MED00403,5,weeks_since_sale,0.00124
MED00404,5,weeks_since_sale,0.0073
MED00405,5,weeks_since_sale,0.00265
MED00406,5,weeks_since_sale,0.00119
MED00407,5,weeks_since_sale,0.00117
MED00408,5,weeks_since_sale,0.00345
MED00409,5,weeks_since_sale,0.00096
MED00410,5,weeks_since_sale,0.00085
MED00411,5,weeks_since_sale,0.00153
MED00412,5,weeks_since_sale,0.00141
MED00413,5,weeks_since_sale,0.00138
MED00414,5,weeks_since_sale,0.00171
MED00415,5,weeks_since_sale,0.00205
MED00416,5,weeks_since_sale,0.00146
MED00417,5,weeks_since_sale,0.00259
MED00418,5,weeks_since_sale,0.00386
MED00419,5,weeks_since_sale,0.00239
MED00420,5,weeks_since_sale,0.00212
MED00421,5,weeks_since_sale,0.00189
MED00422,5,weeks_since_sale,0.00126
MED00423,5,weeks_since_sale,0.00072
MED00424,5,weeks_since_sale,0.00017
MED00001,6,weeks_since_sale,0.00152
MED00002,6,weeks_since_sale,0.00446
MED00003,6,weeks_since_sale,0.01022
MED00004,6,weeks_since_sale,0.00137
MED00005,6,weeks_since_sale,0.00789
MED00006,6,weeks_since_sale,-0.00411
MED00007,6,weeks_since_sale,0.00498
MED00008,6,weeks_since_sale,0.00041
MED00009,6,weeks_since_sale,0.00244
MED00010,6,weeks_since_sale,0.00252
MED00011,6,weeks_since_sale,0.00091
MED00012,6,weeks_since_sale,0.00081
MED00013,6,weeks_since_sale,0.00381
MED00014,6,weeks_since_sale,-0.0003
MED00015,6,weeks_since_sale,0.00772
MED00016,6,weeks_since_sale,-0.00061
MED00017,6,weeks_since_sale,0.00068
MED00018,6,weeks_since_sale,0.0007
MED00020,6,weeks_since_sale,-0.00011
MED00021,6,weeks_since_sale,0.00421
MED00022,6,weeks_since_sale,0.001
MED00023,6,weeks_since_sale,-0.00302
MED00024,6,weeks_since_sale,0.00149
MED00025,6,weeks_since_sale,-0.01826
MED00026,6,weeks_since_sale,0.00819
MED00027,6,weeks_since_sale,-0.00761
MED00028,6,weeks_since_sale,0.00294
MED00029,6,weeks_since_sale,0.00033
MED00030,6,weeks_since_sale,0.00323
MED00031,6,weeks_since_sale,0.00126
MED00032,6,weeks_since_sale,0.00099
MED00033,6,weeks_since_sale,0.0036
MED00034,6,weeks_since_sale,-0.00187
MED00035,6,weeks_since_sale,0.00979
MED00036,6,weeks_since_sale,0.00364
MED00037,6,weeks_since_sale,0.00287
MED00038,6,weeks_since_sale,-0.00078
MED00039,6,weeks_since_sale,0.00412
MED00040,6,weeks_since_sale,0.00572
MED00041,6,weeks_since_sale,0.01471
MED00042,6,weeks_since_sale,0.00402
MED00043,6,weeks_since_sale,0.0073
MED00044,6,weeks_since_sale,0.00039
MED00045,6,weeks_since_sale,-0.00071
MED00046,6,weeks_since_sale,0.00072
MED00047,6,weeks_since_sale,0.00377
MED00048,6,weeks_since_sale,0.00079
MED00049,6,weeks_since_sale,-0.00476
MED00050,6,weeks_since_sale,0.00219
MED00051,6,weeks_since_sale,-0.00084
MED00052,6,weeks_since_sale,0.0057
MED00054,6,weeks_since_sale,-0.00025
MED00055,6,weeks_since_sale,-0.00127
MED00056,6,weeks_since_sale,0.00136
MED00057,6,weeks_since_sale,0.00895
MED00058,6,weeks_since_sale,-0.00298
MED00059,6,weeks_since_sale,0.00136
MED00060,6,weeks_since_sale,0.00673
MED00062,6,weeks_since_sale,0.00271
MED00063,6,weeks_since_sale,-0.01419
MED00064,6,weeks_since_sale,-0.00387
MED00065,6,weeks_since_sale,0.00028
MED00066,6,weeks_since_sale,0.00826
MED00067,6,weeks_since_sale,-0.00072
MED00068,6,weeks_since_sale,0.00277
MED00069,6,weeks_since_sale,0.00077
MED00070,6,weeks_since_sale,0.00096
MED00071,6,weeks_since_sale,0.00025
MED00072,6,weeks_since_sale,0.00032
MED00073,6,weeks_since_sale,0.00237
MED00074,6,weeks_since_sale,0.00103
MED00075,6,weeks_since_sale,0.0011
MED00076,6,weeks_since_sale,0.0047
MED00077,6,weeks_since_sale,0.00304
MED00078,6,weeks_since_sale,0.00045
MED00079,6,weeks_since_sale,0.00328
MED00080,6,weeks_since_sale,0.00192
MED00081,6,weeks_since_sale,0.00712
MED00082,6,weeks_since_sale,0.00223
MED00083,6,weeks_since_sale,0.00358
MED00084,6,weeks_since_sale,0.00015
MED00085,6,weeks_since_sale,-0.0006
MED00086,6,weeks_since_sale,0.01078
MED00087,6,weeks_since_sale,0.00061
MED00088,6,weeks_since_sale,-0.00404
MED00089,6,weeks_since_sale,-0.00182
MED00090,6,weeks_since_sale,0.00455
MED00091,6,weeks_since_sale,0.00049
MED00092,6,weeks_since_sale,-0.0006
MED00093,6,weeks_since_sale,0.00032
MED00094,6,weeks_since_sale,-0.00176
MED00095,6,weeks_since_sale,0.00182
MED00096,6,weeks_since_sale,0.00012
MED00097,6,weeks_since_sale,0.00069
MED00098,6,weeks_since_sale,0.00191
MED00099,6,weeks_since_sale,-0.01063
MED00100,6,weeks_since_sale,-0.01205
MED00101,6,weeks_since_sale,0.00444
MED00102,6,weeks_since_sale,0.00091
MED00103,6,weeks_since_sale,0.00157
MED00104,6,weeks_since_sale,0.00261
MED00105,6,weeks_since_sale,0.001
MED00106,6,weeks_since_sale,-0.02409
MED00107,6,weeks_since_sale,0.00192
MED00108,6,weeks_since_sale,0.00245
MED00109,6,weeks_since_sale,0.00296
MED00110,6,weeks_since_sale,0.00202
MED00111,6,weeks_since_sale,0.00144
MED00112,6,weeks_since_sale,0.00138
MED00113,6,weeks_since_sale,-0.00012
MED00114,6,weeks_since_sale,0.00021
MED00115,6,weeks_since_sale,0.00076
MED00116,6,weeks_since_sale,0.00165
MED00117,6,weeks_since_sale,0.00081
MED00118,6,weeks_since_sale,-0.00313
MED00119,6,weeks_since_sale,0.00089
MED00120,6,weeks_since_sale,0.00038
MED00121,6,weeks_since_sale,0.00335
MED00122,6,weeks_since_sale,-0.0009
MED00123,6,weeks_since_sale,0.00386
MED00124,6,weeks_since_sale,0.00189
MED00125,6,weeks_since_sale,0.00581
MED00126,6,weeks_since_sale,-0.00071
MED00127,6,weeks_since_sale,0.00269
MED00128,6,weeks_since_sale,0.00107
MED00129,6,weeks_since_sale,0.00136
MED00130,6,weeks_since_sale,-0.00483
MED00131,6,weeks_since_sale,0.00031
MED00132,6,weeks_since_sale,0.00251
MED00133,6,weeks_since_sale,0.01287
MED00134,6,weeks_since_sale,0.00682
MED00135,6,weeks_since_sale,-0.00203
MED00136,6,weeks_since_sale,0.00448
MED00137,6,weeks_since_sale,-0.00049
MED00138,6,weeks_since_sale,0.00064
MED00139,6,weeks_since_sale,0.00272
MED00140,6,weeks_since_sale,0.00059
MED00141,6,weeks_since_sale,0.00503
MED00142,6,weeks_since_sale,0.00396
MED00143,6,weeks_since_sale,0.00026
MED00144,6,weeks_since_sale,0.00412
MED00145,6,weeks_since_sale,0.00031
MED00147,6,weeks_since_sale,0.0011
MED00148,6,weeks_since_sale,0.00624
MED00149,6,weeks_since_sale,0.00346
MED00150,6,weeks_since_sale,-0.00045
MED00151,6,weeks_since_sale,0.00087
MED00152,6,weeks_since_sale,0.00044
MED00153,6,weeks_since_sale,0.001
MED00154,6,weeks_since_sale,-0.00141
MED00155,6,weeks_since_sale,0.00078
MED00156,6,weeks_since_sale,0.00076
MED00157,6,weeks_since_sale,0.0051
MED00158,6,weeks_since_sale,0.00351
MED00159,6,weeks_since_sale,0.00144
MED00160,6,weeks_since_sale,0.00453
MED00161,6,weeks_since_sale,0.0025
MED00162,6,weeks_since_sale,0.00022
MED00163,6,weeks_since_sale,0.00948
MED00165,6,weeks_since_sale,0.00306
MED00166,6,weeks_since_sale,0.00073
MED00168,6,weeks_since_sale,0.00065
MED00169,6,weeks_since_sale,0.00111
MED00170,6,weeks_since_sale,-0.00046
MED00171,6,weeks_since_sale,0.00052
MED00172,6,weeks_since_sale,0.00111
MED00173,6,weeks_since_sale,0.00089
MED00174,6,weeks_since_sale,0.00274
MED00175,6,weeks_since_sale,0.00435
MED00177,6,weeks_since_sale,-0.00168
MED00178,6,weeks_since_sale,0.00207
MED00179,6,weeks_since_sale,0.01141
MED00180,6,weeks_since_sale,0.00073
MED00181,6,weeks_since_sale,0.00225
MED00182,6,weeks_since_sale,0.0014
MED00183,6,weeks_since_sale,-0.00056
MED00184,6,weeks_since_sale,-0.0019
MED00185,6,weeks_since_sale,0.00069
MED00186,6,weeks_since_sale,0.00087
MED00188,6,weeks_since_sale,0.0012
MED00189,6,weeks_since_sale,0.00712
MED00190,6,weeks_since_sale,0.00059
MED00191,6,weeks_since_sale,0.00149
MED00192,6,weeks_since_sale,0.00387
MED00193,6,weeks_since_sale,-0.00634
MED00194,6,weeks_since_sale,-0.00081
MED00195,6,weeks_since_sale,0.00448
MED00196,6,weeks_since_sale,0.00183
MED00197,6,weeks_since_sale,-0.0011
MED00198,6,weeks_since_sale,0.00074
MED00199,6,weeks_since_sale,-0.00154
MED00200,6,weeks_since_sale,0.00166
MED00201,6,weeks_since_sale,0.0025
MED00202,6,weeks_since_sale,0.00095
MED00203,6,weeks_since_sale,0.00036
MED00204,6,weeks_since_sale,0.00111
MED00205,6,weeks_since_sale,0.00084
MED00206,6,weeks_since_sale,-0.00273
MED00208,6,weeks_since_sale,0.00127
MED00209,6,weeks_since_sale,0.00179
MED00210,6,weeks_since_sale,0.0035
MED00211,6,weeks_since_sale,0.00116
MED00212,6,weeks_since_sale,0.00298
MED00213,6,weeks_since_sale,0.00242
MED00214,6,weeks_since_sale,-0.00028
MED00215,6,weeks_since_sale,0.00075
MED00216,6,weeks_since_sale,-0.01923
MED00217,6,weeks_since_sale,0.00315
MED00218,6,weeks_since_sale,0.00562
MED00219,6,weeks_since_sale,-0.00039
MED00220,6,weeks_since_sale,0.00028
MED00221,6,weeks_since_sale,0.00282
MED00223,6,weeks_since_sale,0.00101
MED00224,6,weeks_since_sale,0.00046
MED00225,6,weeks_since_sale,0.00354
MED00226,6,weeks_since_sale,0.00089
MED00227,6,weeks_since_sale,-0.00264
MED00228,6,weeks_since_sale,-0.00032
MED00229,6,weeks_since_sale,-0.02606
MED00230,6,weeks_since_sale,-0.00061
MED00231,6,weeks_since_sale,-0.00371
MED00232,6,weeks_since_sale,0.00265
MED00233,6,weeks_since_sale,0.01102
MED00234,6,weeks_since_sale,-0.00024
MED00235,6,weeks_since_sale,0.00028
MED00236,6,weeks_since_sale,0.00136
MED00237,6,weeks_since_sale,0.00513
MED00238,6,weeks_since_sale,0.00035
MED00239,6,weeks_since_sale,0.00256
MED00240,6,weeks_since_sale,0.00481
MED00241,6,weeks_since_sale,0.00118
MED00242,6,weeks_since_sale,-0.0008
MED00243,6,weeks_since_sale,0.00337
MED00244,6,weeks_since_sale,0.00084
MED00245,6,weeks_since_sale,-0.00012
MED00246,6,weeks_since_sale,0.00483
MED00247,6,weeks_since_sale,0.00071
MED00248,6,weeks_since_sale,0.00063
MED00249,6,weeks_since_sale,0.00165
MED00250,6,weeks_since_sale,0.00355
MED00251,6,weeks_since_sale,0.00078
MED00252,6,weeks_since_sale,0.01028
MED00253,6,weeks_since_sale,0.00317
MED00254,6,weeks_since_sale,0.00963
MED00255,6,weeks_since_sale,0.00493
MED00256,6,weeks_since_sale,0.00147
MED00257,6,weeks_since_sale,0.00512
MED00258,6,weeks_since_sale,0.00061
MED00259,6,weeks_since_sale,-0.00029
MED00260,6,weeks_since_sale,0.00559
MED00261,6,weeks_since_sale,0.00272
MED00262,6,weeks_since_sale,0.00062
MED00263,6,weeks_since_sale,0.00159
MED00264,6,weeks_since_sale,-0.02065
MED00265,6,weeks_since_sale,0.0018
MED00266,6,weeks_since_sale,-0.00162
MED00267,6,weeks_since_sale,0.0062
MED00269,6,weeks_since_sale,0.00088
MED00270,6,weeks_since_sale,-0.00026
MED00271,6,weeks_since_sale,-0.00088
MED00272,6,weeks_since_sale,0.0044
MED00273,6,weeks_since_sale,0.0025
MED00274,6,weeks_since_sale,0.01406
MED00275,6,weeks_since_sale,0.00305
MED00276,6,weeks_since_sale,0.00063
MED00277,6,weeks_since_sale,0.00715
MED00278,6,weeks_since_sale,0.00086
MED00280,6,weeks_since_sale,0.00408
MED00281,6,weeks_since_sale,0.00164
MED00282,6,weeks_since_sale,0.00387
MED00283,6,weeks_since_sale,0.00213
MED00284,6,weeks_since_sale,0.00163
MED00285,6,weeks_since_sale,0.00685
MED00286,6,weeks_since_sale,0.00265
MED00287,6,weeks_since_sale,0.00229
MED00288,6,weeks_since_sale,0.00029
MED00289,6,weeks_since_sale,0.00634
MED00290,6,weeks_since_sale,0.00086
MED00291,6,weeks_since_sale,-0.00011
MED00292,6,weeks_since_sale,0.00182
MED00293,6,weeks_since_sale,0.00475
MED00294,6,weeks_since_sale,0.00027
MED00295,6,weeks_since_sale,0.00218
MED00296,6,weeks_since_sale,0.00428
MED00297,6,weeks_since_sale,0.00285
MED00298,6,weeks_since_sale,-0.00079
MED00299,6,weeks_since_sale,0.01123
MED00300,6,weeks_since_sale,0.00075
MED00301,6,weeks_since_sale,0.00611
MED00302,6,weeks_since_sale,0.00342
MED00304,6,weeks_since_sale,0.00594
MED00305,6,weeks_since_sale,0.00109
MED00306,6,weeks_since_sale,-0.00396
MED00307,6,weeks_since_sale,0.00169
MED00308,6,weeks_since_sale,0.00261
MED00309,6,weeks_since_sale,0.00244
MED00310,6,weeks_since_sale,0.00288
MED00311,6,weeks_since_sale,0.00322
MED00312,6,weeks_since_sale,0.01467
MED00313,6,weeks_since_sale,0.00715
MED00314,6,weeks_since_sale,-0.0016
MED00316,6,weeks_since_sale,0.0017
MED00317,6,weeks_since_sale,0.00087
MED00318,6,weeks_since_sale,0.00045
MED00319,6,weeks_since_sale,0.00073
MED00320,6,weeks_since_sale,0.0028
MED00321,6,weeks_since_sale,0.00102
MED00322,6,weeks_since_sale,0.0028
MED00323,6,weeks_since_sale,0.00179
MED00324,6,weeks_since_sale,-0.00281
MED00325,6,weeks_since_sale,0.00237
MED00326,6,weeks_since_sale,0.00104
MED00327,6,weeks_since_sale,0.00254
MED00328,6,weeks_since_sale,0.00303
MED00329,6,weeks_since_sale,0.0003
MED00330,6,weeks_since_sale,0.00527
MED00331,6,weeks_since_sale,-0.00046
MED00332,6,weeks_since_sale,0.00206
MED00333,6,weeks_since_sale,0.00033
MED00334,6,weeks_since_sale,0.00022
MED00335,6,weeks_since_sale,0.00604
MED00336,6,weeks_since_sale,0.00168
MED00337,6,weeks_since_sale,-0.00032
MED00338,6,weeks_since_sale,-0.00193
MED00339,6,weeks_since_sale,0.00066
MED00340,6,weeks_since_sale,0.00823
MED00341,6,weeks_since_sale,0.00685
MED00342,6,weeks_since_sale,0.00042
MED00344,6,weeks_since_sale,0.00591
MED00345,6,weeks_since_sale,-0.00563
MED00346,6,weeks_since_sale,0.00253
MED00347,6,weeks_since_sale,-0.00703
MED00348,6,weeks_since_sale,0.00166
MED00349,6,weeks_since_sale,0.00095
MED00350,6,weeks_since_sale,0.00133
MED00351,6,weeks_since_sale,-0.0188
MED00352,6,weeks_since_sale,-0.32105
MED00353,6,weeks_since_sale,0.00494
MED00354,6,weeks_since_sale,0.00146
MED00355,6,weeks_since_sale,0.00067
MED00356,6,weeks_since_sale,-0.00039
MED00357,6,weeks_since_sale,0.00144
MED00358,6,weeks_since_sale,0.0057
MED00359,6,weeks_since_sale,0.0005
MED00360,6,weeks_since_sale,0.00035
MED00361,6,weeks_since_sale,-0.0003
MED00363,6,weeks_since_sale,0.00053
MED00364,6,weeks_since_sale,-0.00878
MED00365,6,weeks_since_sale,0.00035
MED00366,6,weeks_since_sale,-0.00081
MED00367,6,weeks_since_sale,0.00047
MED00368,6,weeks_since_sale,0.0015
MED00369,6,weeks_since_sale,0.00426
MED00370,6,weeks_since_sale,0.00579
MED00371,6,weeks_since_sale,-0.00018
MED00372,6,weeks_since_sale,0.00623
MED00374,6,weeks_since_sale,0.00143
MED00376,6,weeks_since_sale,0.00062
MED00377,6,weeks_since_sale,0.00149
MED00378,6,weeks_since_sale,0.00128
MED00379,6,weeks_since_sale,0.00336
MED00380,6,weeks_since_sale,0.007
MED00381,6,weeks_since_sale,0.00194
MED00382,6,weeks_since_sale,0.00148
MED00383,6,weeks_since_sale,0.00327
MED00384,6,weeks_since_sale,-0.00035
MED00385,6,weeks_since_sale,0.0008
MED00386,6,weeks_since_sale,0.00137
MED00387,6,weeks_since_sale,0.00121
MED00388,6,weeks_since_sale,-0.0004
MED00390,6,weeks_since_sale,0.00031
MED00391,6,weeks_since_sale,0.00105
MED00392,6,weeks_since_sale,0.00162
MED00393,6,weeks_since_sale,0.00527
MED00394,6,weeks_since_sale,0.00135
MED00395,6,weeks_since_sale,0.00136
MED00396,6,weeks_since_sale,0.0005
MED00397,6,weeks_since_sale,0.0002
MED00398,6,weeks_since_sale,0.00027
MED00399,6,weeks_since_sale,0.00027
MED00400,6,weeks_since_sale,-0.0018
MED00401,6,weeks_since_sale,-0.00019
MED00402,6,weeks_since_sale,0.0011
MED00403,6,weeks_since_sale,0.0013
MED00404,6,weeks_since_sale,0.0073
MED00405,6,weeks_since_sale,0.00265
MED00406,6,weeks_since_sale,0.00119
MED00407,6,weeks_since_sale,0.00117
MED00408,6,weeks_since_sale,0.00345
MED00409,6,weeks_since_sale,0.00098
MED00410,6,weeks_since_sale,0.00086
MED00411,6,weeks_since_sale,0.00156
MED00412,6,weeks_since_sale,0.00143
MED00413,6,weeks_since_sale,0.00144
MED00414,6,weeks_since_sale,0.00172
MED00415,6,weeks_since_sale,0.00203
MED00416,6,weeks_since_sale,0.00146
MED00417,6,weeks_since_sale,0.0026
MED00418,6,weeks_since_sale,0.00392
MED00419,6,weeks_since_sale,0.00245
MED00420,6,weeks_since_sale,0.0021
MED00421,6,weeks_since_sale,0.00189
MED00422,6,weeks_since_sale,0.00126
MED00423,6,weeks_since_sale,0.00078
MED00424,6,weeks_since_sale,0.00016
MED00001,7,weeks_since_sale,0.00166
MED00002,7,weeks_since_sale,0.00438
MED00003,7,weeks_since_sale,0.01017
MED00004,7,weeks_since_sale,0.0015
MED00005,7,weeks_since_sale,0.00801
MED00006,7,weeks_since_sale,-0.00398
MED00007,7,weeks_since_sale,0.00501
MED00008,7,weeks_since_sale,0.00049
MED00009,7,weeks_since_sale,0.00258
MED00010,7,weeks_since_sale,0.00252
MED00011,7,weeks_since_sale,0.00106
MED00012,7,weeks_since_sale,0.00093
MED00013,7,weeks_since_sale,0.00391
MED00014,7,weeks_since_sale,-0.00023
MED00015,7,weeks_since_sale,0.00769
MED00016,7,weeks_since_sale,-0.00051
MED00017,7,weeks_since_sale,0.0008
MED00018,7,weeks_since_sale,0.00084
MED00019,7,weeks_since_sale,0.00011
MED00021,7,weeks_since_sale,0.00433
MED00022,7,weeks_since_sale,0.0011
MED00023,7,weeks_since_sale,-0.00287
MED00024,7,weeks_since_sale,0.00161
MED00025,7,weeks_since_sale,-0.01844
MED00026,7,weeks_since_sale,0.008
MED00027,7,weeks_since_sale,-0.0078
MED00028,7,weeks_since_sale,0.00302
MED00029,7,weeks_since_sale,0.00047
MED00030,7,weeks_since_sale,0.00336
MED00031,7,weeks_since_sale,0.00139
MED00032,7,weeks_since_sale,0.00114
MED00033,7,weeks_since_sale,0.00373
MED00034,7,weeks_since_sale,-0.00168
MED00035,7,weeks_since_sale,0.00839
MED00036,7,weeks_since_sale,0.00387
MED00037,7,weeks_since_sale,0.00293
MED00038,7,weeks_since_sale,-0.00066
MED00039,7,weeks_since_sale,0.00426
MED00040,7,weeks_since_sale,0.00565
MED00041,7,weeks_since_sale,0.01474
MED00042,7,weeks_since_sale,0.00412
MED00043,7,weeks_since_sale,0.00729
MED00044,7,weeks_since_sale,0.00051
MED00045,7,weeks_since_sale,-0.00058
MED00046,7,weeks_since_sale,0.00084
MED00047,7,weeks_since_sale,0.00389
MED00048,7,weeks_since_sale,0.00096
MED00049,7,weeks_since_sale,-0.00478
MED00050,7,weeks_since_sale,0.00236
MED00051,7,weeks_since_sale,-0.0009
MED00052,7,weeks_since_sale,0.00578
MED00053,7,weeks_since_sale,0.00029
MED00054,7,weeks_since_sale,-0.00011
MED00055,7,weeks_since_sale,-0.00142
MED00056,7,weeks_since_sale,0.00137
MED00057,7,weeks_since_sale,0.00831
MED00058,7,weeks_since_sale,-0.00286
MED00059,7,weeks_since_sale,0.00145
MED00060,7,weeks_since_sale,0.00698
MED00061,7,weeks_since_sale,0.00017
MED00062,7,weeks_since_sale,0.00295
MED00063,7,weeks_since_sale,-0.01423
MED00064,7,weeks_since_sale,-0.00374
MED00065,7,weeks_since_sale,0.00034
MED00066,7,weeks_since_sale,0.0082
MED00067,7,weeks_since_sale,-0.00061
MED00068,7,weeks_since_sale,0.00289
MED00069,7,weeks_since_sale,0.00112
MED00070,7,weeks_since_sale,0.00108
MED00071,7,weeks_since_sale,0.00037
MED00072,7,weeks_since_sale,0.00044
MED00073,7,weeks_since_sale,0.00249
MED00074,7,weeks_since_sale,0.00115
MED00075,7,weeks_since_sale,0.0012
MED00076,7,weeks_since_sale,0.00465
MED00077,7,weeks_since_sale,0.00323
MED00078,7,weeks_since_sale,0.00058
MED00079,7,weeks_since_sale,0.00336
MED00080,7,weeks_since_sale,0.00206
MED00081,7,weeks_since_sale,0.00707
MED00082,7,weeks_since_sale,0.00235
MED00083,7,weeks_since_sale,0.0037
MED00084,7,weeks_since_sale,0.00015
MED00085,7,weeks_since_sale,-0.00051
MED00086,7,weeks_since_sale,0.01058
MED00087,7,weeks_since_sale,0.00074
MED00088,7,weeks_since_sale,-0.00403
MED00089,7,weeks_since_sale,-0.00164
MED00090,7,weeks_since_sale,0.00468
MED00091,7,weeks_since_sale,0.00061
MED00092,7,weeks_since_sale,-0.00049
MED00093,7,weeks_since_sale,0.00041
MED00094,7,weeks_since_sale,-0.00205
MED00095,7,weeks_since_sale,0.00193
MED00096,7,weeks_since_sale,0.00019
MED00097,7,weeks_since_sale,0.00046
MED00098,7,weeks_since_sale,0.00203
MED00099,7,weeks_since_sale,-0.01082
MED00100,7,weeks_since_sale,-0.01206
MED00101,7,weeks_since_sale,0.00455
MED00102,7,weeks_since_sale,0.00097
MED00103,7,weeks_since_sale,0.00169
MED00104,7,weeks_since_sale,0.00272
MED00105,7,weeks_since_sale,0.00116
MED00106,7,weeks_since_sale,-0.0241
MED00107,7,weeks_since_sale,0.00203
MED00108,7,weeks_since_sale,0.00257
MED00109,7,weeks_since_sale,0.00296
MED00110,7,weeks_since_sale,0.002
MED00111,7,weeks_since_sale,0.00168
MED00112,7,weeks_since_sale,0.0015
MED00113,7,weeks_since_sale,-0.00042
MED00114,7,weeks_since_sale,0.00031
MED00115,7,weeks_since_sale,0.00088
MED00116,7,weeks_since_sale,0.00173
MED00117,7,weeks_since_sale,0.00094
MED00118,7,weeks_since_sale,-0.00303
MED00119,7,weeks_since_sale,0.00101
MED00120,7,weeks_since_sale,0.00056
MED00121,7,weeks_since_sale,0.00351
MED00122,7,weeks_since_sale,-0.00073
MED00123,7,weeks_since_sale,0.00409
MED00124,7,weeks_since_sale,0.00201
MED00125,7,weeks_since_sale,0.0058
MED00126,7,weeks_since_sale,-0.00059
MED00127,7,weeks_since_sale,0.00284
MED00128,7,weeks_since_sale,0.00119
MED00129,7,weeks_since_sale,0.00144
MED00130,7,weeks_since_sale,-0.00487
MED00131,7,weeks_since_sale,0.00043
MED00132,7,weeks_since_sale,0.00253
MED00133,7,weeks_since_sale,0.01291
MED00134,7,weeks_since_sale,0.00679
MED00135,7,weeks_since_sale,-0.00184
MED00136,7,weeks_since_sale,0.00456
MED00137,7,weeks_since_sale,-0.00049
MED00138,7,weeks_since_sale,0.00076
MED00139,7,weeks_since_sale,0.00284
MED00140,7,weeks_since_sale,0.00071
MED00141,7,weeks_since_sale,0.00516
MED00142,7,weeks_since_sale,0.00376
MED00143,7,weeks_since_sale,0.00038
MED00144,7,weeks_since_sale,0.00425
MED00145,7,weeks_since_sale,0.00044
MED00147,7,weeks_since_sale,0.00136
MED00148,7,weeks_since_sale,0.0065
MED00149,7,weeks_since_sale,0.00358
MED00150,7,weeks_since_sale,-0.0003
MED00151,7,weeks_since_sale,0.00098
MED00152,7,weeks_since_sale,0.00056
MED00153,7,weeks_since_sale,0.00112
MED00154,7,weeks_since_sale,-0.00134
MED00155,7,weeks_since_sale,0.0009
MED00156,7,weeks_since_sale,0.0009
MED00157,7,weeks_since_sale,0.0052
MED00158,7,weeks_since_sale,0.00333
MED00159,7,weeks_since_sale,0.00161
MED00160,7,weeks_since_sale,0.00465
MED00161,7,weeks_since_sale,0.00268
MED00162,7,weeks_since_sale,0.00034
MED00163,7,weeks_since_sale,0.00944
MED00164,7,weeks_since_sale,0.00015
MED00165,7,weeks_since_sale,0.00329
MED00166,7,weeks_since_sale,0.00085
MED00167,7,weeks_since_sale,0.00018
MED00168,7,weeks_since_sale,0.00078
MED00169,7,weeks_since_sale,0.00119
MED00170,7,weeks_since_sale,-0.00037
MED00171,7,weeks_since_sale,0.00063
MED00172,7,weeks_since_sale,0.00126
MED00173,7,weeks_since_sale,0.00102
MED00174,7,weeks_since_sale,0.00281
MED00175,7,weeks_since_sale,0.00434
MED00176,7,weeks_since_sale,0.00015
MED00177,7,weeks_since_sale,-0.00187
MED00178,7,weeks_since_sale,0.00228
MED00179,7,weeks_since_sale,0.01149
MED00180,7,weeks_since_sale,0.00085
MED00181,7,weeks_since_sale,0.00237
MED00182,7,weeks_since_sale,0.00122
MED00183,7,weeks_since_sale,-0.00038
MED00184,7,weeks_since_sale,-0.00187
MED00185,7,weeks_since_sale,0.00086
MED00186,7,weeks_since_sale,0.00099
MED00188,7,weeks_since_sale,0.0013
MED00189,7,weeks_since_sale,0.00708
MED00190,7,weeks_since_sale,0.00072
MED00191,7,weeks_since_sale,0.00157
MED00192,7,weeks_since_sale,0.00383
MED00193,7,weeks_since_sale,-0.0064
MED00194,7,weeks_since_sale,-0.00057
MED00195,7,weeks_since_sale,0.00485
MED00196,7,weeks_since_sale,0.00208
MED00197,7,weeks_since_sale,-0.00097
MED00198,7,weeks_since_sale,0.00085
MED00199,7,weeks_since_sale,-0.0013
MED00200,7,weeks_since_sale,0.00179
MED00201,7,weeks_since_sale,0.00275
MED00202,7,weeks_since_sale,0.00107
MED00203,7,weeks_since_sale,0.00046
MED00204,7,weeks_since_sale,0.00123
MED00205,7,weeks_since_sale,0.00103
MED00206,7,weeks_since_sale,-0.00259
MED00207,7,weeks_since_sale,0.00019
MED00208,7,weeks_since_sale,0.00142
MED00209,7,weeks_since_sale,0.00192
MED00210,7,weeks_since_sale,0.00339
MED00211,7,weeks_since_sale,0.00129
MED00212,7,weeks_since_sale,0.00313
MED00213,7,weeks_since_sale,0.00254
MED00214,7,weeks_since_sale,-0.00011
MED00215,7,weeks_since_sale,0.00087
MED00216,7,weeks_since_sale,-0.01925
MED00217,7,weeks_since_sale,0.00314
MED00218,7,weeks_since_sale,0.00578
MED00219,7,weeks_since_sale,-0.00038
MED00220,7,weeks_since_sale,0.0004
MED00221,7,weeks_since_sale,0.00295
MED00222,7,weeks_since_sale,-0.0002
MED00223,7,weeks_since_sale,0.00103
MED00224,7,weeks_since_sale,0.00058
MED00225,7,weeks_since_sale,0.00371
MED00226,7,weeks_since_sale,0.00102
MED00227,7,weeks_since_sale,-0.00252
MED00228,7,weeks_since_sale,-0.00021
MED00229,7,weeks_since_sale,-0.02607
MED00230,7,weeks_since_sale,-0.00054
MED00231,7,weeks_since_sale,-0.00225
MED00232,7,weeks_since_sale,0.00282
MED00233,7,weeks_since_sale,0.01104
MED00234,7,weeks_since_sale,-0.00012
MED00235,7,weeks_since_sale,0.00041
MED00236,7,weeks_since_sale,0.0015
MED00237,7,weeks_since_sale,0.00526
MED00238,7,weeks_since_sale,0.00045
MED00239,7,weeks_since_sale,0.00268
MED00240,7,weeks_since_sale,0.00493
MED00241,7,weeks_since_sale,0.00131
MED00242,7,weeks_since_sale,-0.00054
MED00243,7,weeks_since_sale,0.00332
MED00244,7,weeks_since_sale,0.00097
MED00246,7,weeks_since_sale,0.00494
MED00247,7,weeks_since_sale,0.00083
MED00248,7,weeks_since_sale,0.00077
MED00249,7,weeks_since_sale,0.00183
MED00250,7,weeks_since_sale,0.00367
MED00251,7,weeks_since_sale,0.0009
MED00252,7,weeks_since_sale,0.01016
MED00253,7,weeks_since_sale,0.00329
MED00254,7,weeks_since_sale,0.0095
MED00255,7,weeks_since_sale,0.00517
MED00256,7,weeks_since_sale,0.00151
MED00257,7,weeks_since_sale,0.00524
MED00258,7,weeks_since_sale,0.00074
MED00259,7,weeks_since_sale,-0.00018
MED00260,7,weeks_since_sale,0.00679
MED00261,7,weeks_since_sale,0.00296
MED00262,7,weeks_since_sale,0.00074
MED00263,7,weeks_since_sale,0.00169
MED00264,7,weeks_since_sale,-0.02067
MED00265,7,weeks_since_sale,0.0019
MED00266,7,weeks_since_sale,-0.00147
MED00267,7,weeks_since_sale,0.00631
MED00269,7,weeks_since_sale,0.001
MED00270,7,weeks_since_sale,-0.00016
MED00271,7,weeks_since_sale,-0.00073
MED00272,7,weeks_since_sale,0.00455
MED00273,7,weeks_since_sale,0.00264
MED00274,7,weeks_since_sale,0.01409
MED00275,7,weeks_since_sale,0.00319
MED00276,7,weeks_since_sale,0.00074
MED00277,7,weeks_since_sale,0.0071
MED00278,7,weeks_since_sale,0.00103
MED00280,7,weeks_since_sale,0.00403
MED00281,7,weeks_since_sale,0.00179
MED00282,7,weeks_since_sale,0.00402
MED00283,7,weeks_since_sale,0.00219
MED00284,7,weeks_since_sale,0.00174
MED00285,7,weeks_since_sale,0.00697
MED00286,7,weeks_since_sale,0.00273
MED00287,7,weeks_since_sale,0.00241
MED00288,7,weeks_since_sale,0.00042
MED00289,7,weeks_since_sale,0.00644
MED00290,7,weeks_since_sale,0.00098
MED00292,7,weeks_since_sale,0.00203
MED00293,7,weeks_since_sale,0.0048
MED00294,7,weeks_since_sale,0.00039
MED00295,7,weeks_since_sale,0.00199
MED00296,7,weeks_since_sale,0.00441
MED00297,7,weeks_since_sale,0.00297
MED00298,7,weeks_since_sale,-0.00069
MED00299,7,weeks_since_sale,0.01042
MED00300,7,weeks_since_sale,0.00087
MED00301,7,weeks_since_sale,0.00623
MED00302,7,weeks_since_sale,0.00344
MED00303,7,weeks_since_sale,0.00015
MED00304,7,weeks_since_sale,0.00609
MED00305,7,weeks_since_sale,0.00121
MED00306,7,weeks_since_sale,-0.00549
MED00307,7,weeks_since_sale,0.00186
MED00308,7,weeks_since_sale,0.00268
MED00309,7,weeks_since_sale,0.00257
MED00310,7,weeks_since_sale,0.00314
MED00311,7,weeks_since_sale,0.00334
MED00312,7,weeks_since_sale,0.01469
MED00313,7,weeks_since_sale,0.00721
MED00314,7,weeks_since_sale,-0.00144
MED00316,7,weeks_since_sale,0.00184
MED00317,7,weeks_since_sale,0.00103
MED00318,7,weeks_since_sale,0.00057
MED00319,7,weeks_since_sale,0.00085
MED00320,7,weeks_since_sale,0.00289
MED00321,7,weeks_since_sale,0.00113
MED00322,7,weeks_since_sale,0.00276
MED00323,7,weeks_since_sale,0.0019
MED00324,7,weeks_since_sale,-0.00258
MED00325,7,weeks_since_sale,0.00254
MED00326,7,weeks_since_sale,0.00116
MED00327,7,weeks_since_sale,0.00266
MED00328,7,weeks_since_sale,0.00315
MED00329,7,weeks_since_sale,0.00042
MED00330,7,weeks_since_sale,0.00545
MED00331,7,weeks_since_sale,-0.00036
MED00332,7,weeks_since_sale,0.00218
MED00333,7,weeks_since_sale,0.00044
MED00334,7,weeks_since_sale,0.00031
MED00335,7,weeks_since_sale,0.00604
MED00336,7,weeks_since_sale,0.00181
MED00337,7,weeks_since_sale,-0.00015
MED00338,7,weeks_since_sale,-0.00175
MED00339,7,weeks_since_sale,0.00077
MED00340,7,weeks_since_sale,0.00823
MED00341,7,weeks_since_sale,0.00701
MED00342,7,weeks_since_sale,0.00054
MED00343,7,weeks_since_sale,0.00018
MED00344,7,weeks_since_sale,0.00598
MED00345,7,weeks_since_sale,-0.00564
MED00346,7,weeks_since_sale,0.00266
MED00347,7,weeks_since_sale,-0.00707
MED00348,7,weeks_since_sale,0.00173
MED00349,7,weeks_since_sale,0.00106
MED00350,7,weeks_since_sale,0.00144
MED00351,7,weeks_since_sale,-0.0188
MED00352,7,weeks_since_sale,-0.32613
MED00353,7,weeks_since_sale,0.00506
MED00354,7,weeks_since_sale,0.00159
MED00355,7,weeks_since_sale,0.00082
MED00356,7,weeks_since_sale,-0.00029
MED00357,7,weeks_since_sale,0.00142
MED00358,7,weeks_since_sale,0.00596
MED00359,7,weeks_since_sale,0.00062
MED00360,7,weeks_since_sale,0.00039
MED00361,7,weeks_since_sale,-0.00023
MED00362,7,weeks_since_sale,0.00016
MED00363,7,weeks_since_sale,0.00065
MED00364,7,weeks_since_sale,-0.00882
MED00365,7,weeks_since_sale,0.00047
MED00366,7,weeks_since_sale,-0.0007
MED00367,7,weeks_since_sale,0.0006
MED00368,7,weeks_since_sale,0.0016
MED00369,7,weeks_since_sale,0.0044
MED00370,7,weeks_since_sale,0.00515
MED00372,7,weeks_since_sale,0.00624
MED00373,7,weeks_since_sale,0.00032
MED00374,7,weeks_since_sale,0.00157
MED00375,7,weeks_since_sale,0.00025
MED00376,7,weeks_since_sale,0.00075
MED00377,7,weeks_since_sale,0.00134
MED00378,7,weeks_since_sale,0.00135
MED00379,7,weeks_since_sale,0.00347
MED00380,7,weeks_since_sale,0.007
MED00381,7,weeks_since_sale,0.00206
MED00382,7,weeks_since_sale,0.00173
MED00383,7,weeks_since_sale,0.00343
MED00384,7,weeks_since_sale,-0.00024
MED00385,7,weeks_since_sale,0.00085
MED00386,7,weeks_since_sale,0.00141
MED00387,7,weeks_since_sale,0.00134
MED00388,7,weeks_since_sale,-0.00026
MED00389,7,weeks_since_sale,0.00017
MED00390,7,weeks_since_sale,0.00043
MED00391,7,weeks_since_sale,0.0012
MED00392,7,weeks_since_sale,0.00176
MED00393,7,weeks_since_sale,0.00542
MED00394,7,weeks_since_sale,0.00148
MED00395,7,weeks_since_sale,0.00149
MED00396,7,weeks_since_sale,0.00077
MED00397,7,weeks_since_sale,0.00038
MED00398,7,weeks_since_sale,0.00041
MED00399,7,weeks_since_sale,0.00045
MED00400,7,weeks_since_sale,-0.00162
MED00401,7,weeks_since_sale,-0.00012
MED00402,7,weeks_since_sale,0.00123
MED00403,7,weeks_since_sale,0.00148
MED00404,7,weeks_since_sale,0.00744
MED00405,7,weeks_since_sale,0.00276
MED00406,7,weeks_since_sale,0.0013
MED00407,7,weeks_since_sale,0.00128
MED00408,7,weeks_since_sale,0.00358
MED00409,7,weeks_since_sale,0.00126
MED00410,7,weeks_since_sale,0.00113
MED00411,7,weeks_since_sale,0.00181
MED00412,7,weeks_since_sale,0.0017
MED00413,7,weeks_since_sale,0.0017
MED00414,7,weeks_since_sale,0.002
MED00415,7,weeks_since_sale,0.00228
MED00416,7,weeks_since_sale,0.00172
MED00417,7,weeks_since_sale,0.00286
MED00418,7,weeks_since_sale,0.00407
MED00419,7,weeks_since_sale,0.0026
MED00420,7,weeks_since_sale,0.00225
MED00421,7,weeks_since_sale,0.00206
MED00422,7,weeks_since_sale,0.00109
MED00423,7,weeks_since_sale,0.00093
MED00424,7,weeks_since_sale,0.00024
MED00001,8,weeks_since_sale,0.00168
MED00002,8,weeks_since_sale,0.00528
MED00003,8,weeks_since_sale,0.0103
MED00004,8,weeks_since_sale,-0.00032
MED00005,8,weeks_since_sale,0.00625
MED00006,8,weeks_since_sale,-0.004
MED00007,8,weeks_since_sale,0.00507
MED00008,8,weeks_since_sale,0.00143
MED00009,8,weeks_since_sale,0.00305
MED00010,8,weeks_since_sale,0.00256
MED00011,8,weeks_since_sale,0.00106
MED00012,8,weeks_since_sale,0.00093
MED00013,8,weeks_since_sale,0.00393
MED00014,8,weeks_since_sale,-0.00022
MED00015,8,weeks_since_sale,0.00715
MED00016,8,weeks_since_sale,-0.00048
MED00017,8,weeks_since_sale,0.00079
MED00018,8,weeks_since_sale,0.00084
MED00019,8,weeks_since_sale,1e-04
MED00020,8,weeks_since_sale,0.00013
MED00021,8,weeks_since_sale,0.00435
MED00022,8,weeks_since_sale,0.0016
MED00023,8,weeks_since_sale,-0.00288
MED00024,8,weeks_since_sale,0.00162
MED00025,8,weeks_since_sale,-0.01867
MED00026,8,weeks_since_sale,0.00614
MED00027,8,weeks_since_sale,-0.00808
MED00028,8,weeks_since_sale,0.0039
MED00029,8,weeks_since_sale,0.0005
MED00030,8,weeks_since_sale,0.0034
MED00031,8,weeks_since_sale,0.0031
MED00032,8,weeks_since_sale,0.00297
MED00033,8,weeks_since_sale,0.00183
MED00034,8,weeks_since_sale,-0.00168
MED00035,8,weeks_since_sale,0.00637
MED00036,8,weeks_since_sale,0.00239
MED00037,8,weeks_since_sale,0.00297
MED00038,8,weeks_since_sale,-0.00099
MED00039,8,weeks_since_sale,0.00269
MED00040,8,weeks_since_sale,0.00458
MED00041,8,weeks_since_sale,0.01303
MED00042,8,weeks_since_sale,0.00441
MED00043,8,weeks_since_sale,0.00658
MED00044,8,weeks_since_sale,0.00058
MED00045,8,weeks_since_sale,0.00018
MED00046,8,weeks_since_sale,0.00087
MED00047,8,weeks_since_sale,0.00387
MED00048,8,weeks_since_sale,0.00093
MED00049,8,weeks_since_sale,-0.00432
MED00050,8,weeks_since_sale,0.00236
MED00051,8,weeks_since_sale,-0.00061
MED00052,8,weeks_since_sale,0.00591
MED00053,8,weeks_since_sale,0.00094
MED00054,8,weeks_since_sale,0.0005
MED00055,8,weeks_since_sale,-0.00318
MED00056,8,weeks_since_sale,0.00156
MED00057,8,weeks_since_sale,0.00776
MED00058,8,weeks_since_sale,-0.00287
MED00059,8,weeks_since_sale,0.00143
MED00060,8,weeks_since_sale,0.00713
MED00061,8,weeks_since_sale,-0.00128
MED00062,8,weeks_since_sale,0.00309
MED00063,8,weeks_since_sale,-0.01384
MED00064,8,weeks_since_sale,-0.00374
MED00065,8,weeks_since_sale,0.00035
MED00066,8,weeks_since_sale,0.00843
MED00067,8,weeks_since_sale,-0.00059
MED00068,8,weeks_since_sale,0.00257
MED00069,8,weeks_since_sale,0.00114
MED00070,8,weeks_since_sale,0.00075
MED00071,8,weeks_since_sale,0.0003
MED00072,8,weeks_since_sale,0.00094
MED00073,8,weeks_since_sale,0.00249
MED00074,8,weeks_since_sale,0.00107
MED00075,8,weeks_since_sale,0.00127
MED00076,8,weeks_since_sale,0.00489
MED00077,8,weeks_since_sale,0.00325
MED00078,8,weeks_since_sale,0.00064
MED00079,8,weeks_since_sale,0.00336
MED00080,8,weeks_since_sale,0.00232
MED00081,8,weeks_since_sale,0.00697
MED00082,8,weeks_since_sale,0.00237
MED00083,8,weeks_since_sale,0.00373
MED00084,8,weeks_since_sale,0.00016
MED00085,8,weeks_since_sale,-0.00047
MED00086,8,weeks_since_sale,0.01034
MED00087,8,weeks_since_sale,0.00073
MED00088,8,weeks_since_sale,-0.00403
MED00089,8,weeks_since_sale,-0.00165
MED00090,8,weeks_since_sale,0.00469
MED00091,8,weeks_since_sale,0.00062
MED00092,8,weeks_since_sale,-0.00046
MED00094,8,weeks_since_sale,-0.00326
MED00095,8,weeks_since_sale,0.00195
MED00096,8,weeks_since_sale,0.00022
MED00097,8,weeks_since_sale,0.00022
MED00098,8,weeks_since_sale,0.00202
MED00099,8,weeks_since_sale,-0.01121
MED00100,8,weeks_since_sale,-0.01277
MED00101,8,weeks_since_sale,0.00456
MED00102,8,weeks_since_sale,0.00101
MED00103,8,weeks_since_sale,0.00169
MED00104,8,weeks_since_sale,0.0027
MED00105,8,weeks_since_sale,0.00115
MED00106,8,weeks_since_sale,-0.02451
MED00107,8,weeks_since_sale,0.00202
MED00108,8,weeks_since_sale,0.00261
MED00109,8,weeks_since_sale,0.00164
MED00110,8,weeks_since_sale,-0.00056
MED00111,8,weeks_since_sale,0.00165
MED00112,8,weeks_since_sale,0.0015
MED00113,8,weeks_since_sale,-0.00038
MED00114,8,weeks_since_sale,0.00032
MED00115,8,weeks_since_sale,0.00088
MED00116,8,weeks_since_sale,0.00173
MED00117,8,weeks_since_sale,0.00094
MED00118,8,weeks_since_sale,-0.00301
MED00119,8,weeks_since_sale,0.00101
MED00120,8,weeks_since_sale,0.00057
MED00121,8,weeks_since_sale,0.0035
MED00122,8,weeks_since_sale,-0.00068
MED00123,8,weeks_since_sale,0.00275
MED00124,8,weeks_since_sale,0.002
MED00125,8,weeks_since_sale,0.00517
MED00126,8,weeks_since_sale,-0.00234
MED00127,8,weeks_since_sale,0.00289
MED00128,8,weeks_since_sale,0.00119
MED00129,8,weeks_since_sale,0.00142
MED00130,8,weeks_since_sale,-0.0044
MED00131,8,weeks_since_sale,0.00044
MED00132,8,weeks_since_sale,0.00085
MED00133,8,weeks_since_sale,0.01098
MED00134,8,weeks_since_sale,0.00432
MED00135,8,weeks_since_sale,-0.00187
MED00136,8,weeks_since_sale,0.00457
MED00137,8,weeks_since_sale,-0.00045
MED00138,8,weeks_since_sale,0.00076
MED00139,8,weeks_since_sale,0.00284
MED00140,8,weeks_since_sale,0.00074
MED00141,8,weeks_since_sale,0.00517
MED00142,8,weeks_since_sale,0.00286
MED00143,8,weeks_since_sale,0.00038
MED00144,8,weeks_since_sale,0.00424
MED00145,8,weeks_since_sale,-0.00093
MED00146,8,weeks_since_sale,0.00124
MED00147,8,weeks_since_sale,0.00155
MED00148,8,weeks_since_sale,0.00667
MED00149,8,weeks_since_sale,0.00358
MED00150,8,weeks_since_sale,-0.00029
MED00151,8,weeks_since_sale,0.00098
MED00152,8,weeks_since_sale,0.00056
MED00153,8,weeks_since_sale,0.00112
MED00154,8,weeks_since_sale,-0.00126
MED00155,8,weeks_since_sale,0.0009
MED00156,8,weeks_since_sale,0.00273
MED00157,8,weeks_since_sale,0.00522
MED00158,8,weeks_since_sale,0.00151
MED00159,8,weeks_since_sale,0.00162
MED00160,8,weeks_since_sale,0.00464
MED00161,8,weeks_since_sale,0.00268
MED00162,8,weeks_since_sale,0.00034
MED00163,8,weeks_since_sale,0.00992
MED00164,8,weeks_since_sale,0.00016
MED00165,8,weeks_since_sale,0.00369
MED00166,8,weeks_since_sale,0.00085
MED00167,8,weeks_since_sale,0.0002
MED00168,8,weeks_since_sale,0.00077
MED00169,8,weeks_since_sale,0.00118
MED00170,8,weeks_since_sale,-0.00034
MED00171,8,weeks_since_sale,0.00063
MED00172,8,weeks_since_sale,0.0011
MED00173,8,weeks_since_sale,0.00102
MED00174,8,weeks_since_sale,0.00281
MED00175,8,weeks_since_sale,0.00099
MED00176,8,weeks_since_sale,0.00015
MED00177,8,weeks_since_sale,-0.00256
MED00178,8,weeks_since_sale,0.00098
MED00179,8,weeks_since_sale,0.00928
MED00180,8,weeks_since_sale,0.00085
MED00181,8,weeks_since_sale,0.00237
MED00182,8,weeks_since_sale,0.00084
MED00183,8,weeks_since_sale,-0.00038
MED00184,8,weeks_since_sale,-0.00188
MED00185,8,weeks_since_sale,0.00079
MED00186,8,weeks_since_sale,0.00099
MED00188,8,weeks_since_sale,0.00133
MED00189,8,weeks_since_sale,0.00721
MED00190,8,weeks_since_sale,0.00071
MED00191,8,weeks_since_sale,0.00156
MED00192,8,weeks_since_sale,0.00387
MED00193,8,weeks_since_sale,-0.00561
MED00194,8,weeks_since_sale,0.00099
MED00195,8,weeks_since_sale,0.0057
MED00196,8,weeks_since_sale,0.00224
MED00197,8,weeks_since_sale,0.00068
MED00198,8,weeks_since_sale,0.00085
MED00199,8,weeks_since_sale,-0.00079
MED00200,8,weeks_since_sale,0.00179
MED00201,8,weeks_since_sale,0.00291
MED00202,8,weeks_since_sale,0.00106
MED00203,8,weeks_since_sale,0.00096
MED00204,8,weeks_since_sale,0.00123
MED00205,8,weeks_since_sale,0.00101
MED00206,8,weeks_since_sale,-0.00251
MED00207,8,weeks_since_sale,0.00018
MED00208,8,weeks_since_sale,0.00142
MED00209,8,weeks_since_sale,0.00051
MED00210,8,weeks_since_sale,0.00159
MED00211,8,weeks_since_sale,0.00129
MED00212,8,weeks_since_sale,0.00318
MED00213,8,weeks_since_sale,0.00079
MED00215,8,weeks_since_sale,0.00086
MED00216,8,weeks_since_sale,-0.01963
MED00217,8,weeks_since_sale,0.00107
MED00218,8,weeks_since_sale,0.00578
MED00219,8,weeks_since_sale,-0.00037
MED00220,8,weeks_since_sale,0.0004
MED00221,8,weeks_since_sale,0.00297
MED00222,8,weeks_since_sale,-0.00102
MED00223,8,weeks_since_sale,0.00103
MED00224,8,weeks_since_sale,0.00057
MED00225,8,weeks_since_sale,0.00368
MED00226,8,weeks_since_sale,0.00104
MED00227,8,weeks_since_sale,-0.00243
MED00228,8,weeks_since_sale,0.00149
MED00229,8,weeks_since_sale,-0.0281
MED00230,8,weeks_since_sale,-0.00055
MED00231,8,weeks_since_sale,-0.00224
MED00232,8,weeks_since_sale,0.00282
MED00233,8,weeks_since_sale,0.00935
MED00235,8,weeks_since_sale,0.00041
MED00236,8,weeks_since_sale,0.0015
MED00237,8,weeks_since_sale,0.00548
MED00238,8,weeks_since_sale,0.00044
MED00239,8,weeks_since_sale,0.00267
MED00240,8,weeks_since_sale,0.00494
MED00241,8,weeks_since_sale,0.0013
MED00242,8,weeks_since_sale,-0.00015
MED00243,8,weeks_since_sale,0.00378
MED00244,8,weeks_since_sale,0.00096
MED00246,8,weeks_since_sale,0.00497
MED00247,8,weeks_since_sale,0.00084
MED00248,8,weeks_since_sale,0.00247
MED00249,8,weeks_since_sale,0.00184
MED00250,8,weeks_since_sale,0.00367
MED00251,8,weeks_since_sale,0.00089
MED00252,8,weeks_since_sale,0.00945
MED00253,8,weeks_since_sale,0.00329
MED00254,8,weeks_since_sale,0.0088
MED00255,8,weeks_since_sale,0.0054
MED00256,8,weeks_since_sale,0.00157
MED00257,8,weeks_since_sale,0.00492
MED00258,8,weeks_since_sale,0.00072
MED00259,8,weeks_since_sale,-0.00015
MED00260,8,weeks_since_sale,0.00454
MED00261,8,weeks_since_sale,0.00147
MED00262,8,weeks_since_sale,0.00085
MED00263,8,weeks_since_sale,0.00172
MED00264,8,weeks_since_sale,-0.022
MED00265,8,weeks_since_sale,0.00192
MED00266,8,weeks_since_sale,-0.00148
MED00267,8,weeks_since_sale,0.00631
MED00269,8,weeks_since_sale,0.00099
MED00270,8,weeks_since_sale,-0.00014
MED00271,8,weeks_since_sale,-0.00066
MED00272,8,weeks_since_sale,0.00459
MED00273,8,weeks_since_sale,0.00268
MED00274,8,weeks_since_sale,0.01251
MED00275,8,weeks_since_sale,0.00466
MED00276,8,weeks_since_sale,0.00073
MED00277,8,weeks_since_sale,0.00723
MED00278,8,weeks_since_sale,0.00105
MED00280,8,weeks_since_sale,0.00426
MED00281,8,weeks_since_sale,0.002
MED00282,8,weeks_since_sale,0.00408
MED00283,8,weeks_since_sale,0.00225
MED00284,8,weeks_since_sale,0.00168
MED00285,8,weeks_since_sale,0.00697
MED00286,8,weeks_since_sale,0.00271
MED00287,8,weeks_since_sale,0.00245
MED00288,8,weeks_since_sale,0.00042
MED00289,8,weeks_since_sale,0.0067
MED00290,8,weeks_since_sale,0.00098
MED00292,8,weeks_since_sale,0.00218
MED00293,8,weeks_since_sale,0.00481
MED00294,8,weeks_since_sale,0.00041
MED00295,8,weeks_since_sale,0.00156
MED00296,8,weeks_since_sale,0.00441
MED00297,8,weeks_since_sale,0.003
MED00298,8,weeks_since_sale,-0.00067
MED00299,8,weeks_since_sale,0.00856
MED00300,8,weeks_since_sale,0.00087
MED00301,8,weeks_since_sale,0.00623
MED00302,8,weeks_since_sale,0.00345
MED00303,8,weeks_since_sale,0.00021
MED00304,8,weeks_since_sale,0.0061
MED00305,8,weeks_since_sale,0.00121
MED00306,8,weeks_since_sale,-0.00756
MED00307,8,weeks_since_sale,0.00187
MED00308,8,weeks_since_sale,0.00124
MED00309,8,weeks_since_sale,0.00259
MED00310,8,weeks_since_sale,0.00329
MED00311,8,weeks_since_sale,0.00338
MED00312,8,weeks_since_sale,0.013
MED00313,8,weeks_since_sale,0.00463
MED00314,8,weeks_since_sale,-0.00143
MED00315,8,weeks_since_sale,1e-04
MED00316,8,weeks_since_sale,0.00184
MED00317,8,weeks_since_sale,0.00102
MED00318,8,weeks_since_sale,0.00051
MED00319,8,weeks_since_sale,0.00083
MED00320,8,weeks_since_sale,0.00289
MED00321,8,weeks_since_sale,-0.00062
MED00322,8,weeks_since_sale,0.00323
MED00323,8,weeks_since_sale,0.00057
MED00324,8,weeks_since_sale,-0.00162
MED00325,8,weeks_since_sale,0.00253
MED00326,8,weeks_since_sale,0.00115
MED00327,8,weeks_since_sale,0.00266
MED00328,8,weeks_since_sale,0.00316
MED00329,8,weeks_since_sale,0.00041
MED00330,8,weeks_since_sale,0.00544
MED00331,8,weeks_since_sale,-0.00032
MED00332,8,weeks_since_sale,0.00217
MED00333,8,weeks_since_sale,0.00047
MED00334,8,weeks_since_sale,0.00029
MED00335,8,weeks_since_sale,0.00607
MED00336,8,weeks_since_sale,0.00181
MED00337,8,weeks_since_sale,-0.00014
MED00338,8,weeks_since_sale,-0.00175
MED00339,8,weeks_since_sale,0.00079
MED00340,8,weeks_since_sale,0.00477
MED00341,8,weeks_since_sale,0.007
MED00342,8,weeks_since_sale,0.00054
MED00343,8,weeks_since_sale,0.00019
MED00344,8,weeks_since_sale,0.00598
MED00345,8,weeks_since_sale,-0.00746
MED00346,8,weeks_since_sale,0.00265
MED00347,8,weeks_since_sale,-0.00705
MED00348,8,weeks_since_sale,0.00173
MED00349,8,weeks_since_sale,0.00106
MED00350,8,weeks_since_sale,-0.00024
MED00351,8,weeks_since_sale,-0.02127
MED00352,8,weeks_since_sale,-0.28112
MED00353,8,weeks_since_sale,0.00331
MED00354,8,weeks_since_sale,-0.00023
MED00355,8,weeks_since_sale,0.0008
MED00356,8,weeks_since_sale,-0.00026
MED00357,8,weeks_since_sale,0.00113
MED00358,8,weeks_since_sale,0.00612
MED00359,8,weeks_since_sale,0.00061
MED00360,8,weeks_since_sale,0.00042
MED00361,8,weeks_since_sale,-0.0002
MED00362,8,weeks_since_sale,0.00147
MED00363,8,weeks_since_sale,0.00064
MED00364,8,weeks_since_sale,-0.00879
MED00365,8,weeks_since_sale,0.00047
MED00366,8,weeks_since_sale,-0.00069
MED00367,8,weeks_since_sale,0.00058
MED00368,8,weeks_since_sale,0.00163
MED00369,8,weeks_since_sale,0.00432
MED00370,8,weeks_since_sale,0.00271
MED00372,8,weeks_since_sale,0.00553
MED00373,8,weeks_since_sale,0.0003
MED00374,8,weeks_since_sale,0.00339
MED00375,8,weeks_since_sale,0.00025
MED00376,8,weeks_since_sale,0.00074
MED00377,8,weeks_since_sale,0.00214
MED00378,8,weeks_since_sale,0.00135
MED00379,8,weeks_since_sale,0.00172
MED00380,8,weeks_since_sale,0.00453
MED00381,8,weeks_since_sale,0.0003
MED00382,8,weeks_since_sale,0.00191
MED00383,8,weeks_since_sale,0.00342
MED00384,8,weeks_since_sale,-0.0002
MED00385,8,weeks_since_sale,0.00089
MED00386,8,weeks_since_sale,0.00145
MED00387,8,weeks_since_sale,0.00134
MED00388,8,weeks_since_sale,-0.00027
MED00389,8,weeks_since_sale,-0.00016
MED00390,8,weeks_since_sale,0.00045
MED00391,8,weeks_since_sale,0.00124
MED00392,8,weeks_since_sale,0.00179
MED00393,8,weeks_since_sale,0.00546
MED00394,8,weeks_since_sale,0.00154
MED00395,8,weeks_since_sale,0.00155
MED00396,8,weeks_since_sale,0.00095
MED00397,8,weeks_since_sale,0.00037
MED00398,8,weeks_since_sale,0.00041
MED00399,8,weeks_since_sale,0.00045
MED00400,8,weeks_since_sale,-0.00162
MED00401,8,weeks_since_sale,-0.00017
MED00402,8,weeks_since_sale,0.00123
MED00403,8,weeks_since_sale,0.00147
MED00404,8,weeks_since_sale,0.00743
MED00405,8,weeks_since_sale,0.00279
MED00406,8,weeks_since_sale,0.00132
MED00407,8,weeks_since_sale,0.00139
MED00408,8,weeks_since_sale,0.00418
MED00409,8,weeks_since_sale,0.00139
MED00410,8,weeks_since_sale,0.00138
MED00411,8,weeks_since_sale,0.00195
MED00412,8,weeks_since_sale,0.00202
MED00413,8,weeks_since_sale,0.00185
MED00414,8,weeks_since_sale,0.00221
MED00415,8,weeks_since_sale,0.0026
MED00416,8,weeks_since_sale,0.00176
MED00417,8,weeks_since_sale,0.00288
MED00418,8,weeks_since_sale,0.00429
MED00419,8,weeks_since_sale,0.00262
MED00420,8,weeks_since_sale,0.00198
MED00421,8,weeks_since_sale,0.00178
MED00422,8,weeks_since_sale,0.00182
MED00423,8,weeks_since_sale,0.00095
MED00424,8,weeks_since_sale,0.00023
MED00001,9,weeks_since_sale,0.00171
MED00002,9,weeks_since_sale,0.00624
MED00003,9,weeks_since_sale,0.01165
MED00005,9,weeks_since_sale,0.00669
MED00006,9,weeks_since_sale,-0.00408
MED00007,9,weeks_since_sale,0.00503
MED00008,9,weeks_since_sale,0.00171
MED00009,9,weeks_since_sale,0.00267
MED00010,9,weeks_since_sale,0.00263
MED00011,9,weeks_since_sale,0.00113
MED00012,9,weeks_since_sale,0.00101
MED00013,9,weeks_since_sale,0.00396
MED00014,9,weeks_since_sale,-0.00017
MED00015,9,weeks_since_sale,0.00831
MED00016,9,weeks_since_sale,-0.00086
MED00017,9,weeks_since_sale,0.00081
MED00018,9,weeks_since_sale,0.00088
MED00019,9,weeks_since_sale,0.00015
MED00020,9,weeks_since_sale,0.00021
MED00021,9,weeks_since_sale,0.00437
MED00022,9,weeks_since_sale,0.00163
MED00023,9,weeks_since_sale,-0.00295
MED00024,9,weeks_since_sale,0.00164
MED00025,9,weeks_since_sale,-0.02644
MED00026,9,weeks_since_sale,0.00756
MED00027,9,weeks_since_sale,-0.01532
MED00028,9,weeks_since_sale,0.00437
MED00029,9,weeks_since_sale,0.00058
MED00030,9,weeks_since_sale,0.00349
MED00031,9,weeks_since_sale,0.00362
MED00032,9,weeks_since_sale,0.00275
MED00033,9,weeks_since_sale,0.00196
MED00034,9,weeks_since_sale,-0.00124
MED00035,9,weeks_since_sale,0.00767
MED00036,9,weeks_since_sale,0.00247
MED00037,9,weeks_since_sale,0.00259
MED00038,9,weeks_since_sale,-0.00097
MED00039,9,weeks_since_sale,0.00305
MED00040,9,weeks_since_sale,0.00472
MED00041,9,weeks_since_sale,0.01359
MED00042,9,weeks_since_sale,0.00485
MED00043,9,weeks_since_sale,0.00795
MED00044,9,weeks_since_sale,0.00083
MED00045,9,weeks_since_sale,0.00021
MED00046,9,weeks_since_sale,0.00089
MED00047,9,weeks_since_sale,0.00389
MED00048,9,weeks_since_sale,0.00095
MED00049,9,weeks_since_sale,-0.01351
MED00050,9,weeks_since_sale,0.00238
MED00051,9,weeks_since_sale,0.0008
MED00052,9,weeks_since_sale,0.0071
MED00053,9,weeks_since_sale,0.001
MED00054,9,weeks_since_sale,0.00057
MED00055,9,weeks_since_sale,-0.00279
MED00056,9,weeks_since_sale,0.00171
MED00057,9,weeks_since_sale,0.00867
MED00058,9,weeks_since_sale,-0.00288
MED00059,9,weeks_since_sale,0.00149
MED00060,9,weeks_since_sale,0.00716
MED00061,9,weeks_since_sale,-0.00101
MED00062,9,weeks_since_sale,0.00313
MED00063,9,weeks_since_sale,-0.00726
MED00064,9,weeks_since_sale,-0.00372
MED00065,9,weeks_since_sale,0.0004
MED00066,9,weeks_since_sale,0.00948
MED00067,9,weeks_since_sale,-0.00056
MED00068,9,weeks_since_sale,0.00259
MED00069,9,weeks_since_sale,0.00116
MED00070,9,weeks_since_sale,0.00078
MED00071,9,weeks_since_sale,0.00032
MED00072,9,weeks_since_sale,0.00096
MED00073,9,weeks_since_sale,0.00251
MED00074,9,weeks_since_sale,0.00109
MED00075,9,weeks_since_sale,0.00176
MED00076,9,weeks_since_sale,0.00609
MED00077,9,weeks_since_sale,0.00325
MED00078,9,weeks_since_sale,0.00072
MED00079,9,weeks_since_sale,0.00341
MED00080,9,weeks_since_sale,0.00233
MED00081,9,weeks_since_sale,0.00823
MED00082,9,weeks_since_sale,0.00239
MED00083,9,weeks_since_sale,0.00375
MED00084,9,weeks_since_sale,0.00023
MED00085,9,weeks_since_sale,-0.00045
MED00086,9,weeks_since_sale,0.01141
MED00087,9,weeks_since_sale,0.00075
MED00088,9,weeks_since_sale,-0.00395
MED00089,9,weeks_since_sale,-0.00121
MED00090,9,weeks_since_sale,0.00471
MED00091,9,weeks_since_sale,0.00064
MED00092,9,weeks_since_sale,-0.00053
MED00093,9,weeks_since_sale,0.00092
MED00094,9,weeks_since_sale,-0.00291
MED00095,9,weeks_since_sale,0.00198
MED00096,9,weeks_since_sale,0.0007
MED00097,9,weeks_since_sale,0.00133
MED00098,9,weeks_since_sale,0.00204
MED00099,9,weeks_since_sale,-0.02011
MED00100,9,weeks_since_sale,-0.01132
MED00101,9,weeks_since_sale,0.00458
MED00102,9,weeks_since_sale,0.001
MED00103,9,weeks_since_sale,0.00171
MED00104,9,weeks_since_sale,0.00272
MED00105,9,weeks_since_sale,0.00121
MED00106,9,weeks_since_sale,-0.03369
MED00107,9,weeks_since_sale,0.00204
MED00108,9,weeks_since_sale,0.00263
MED00109,9,weeks_since_sale,0.00304
MED00110,9,weeks_since_sale,0.00504
MED00111,9,weeks_since_sale,0.00191
MED00112,9,weeks_since_sale,0.00152
MED00113,9,weeks_since_sale,-0.00035
MED00114,9,weeks_since_sale,0.00034
MED00115,9,weeks_since_sale,0.0009
MED00116,9,weeks_since_sale,0.00175
MED00117,9,weeks_since_sale,0.00096
MED00118,9,weeks_since_sale,-0.00308
MED00119,9,weeks_since_sale,0.00103
MED00120,9,weeks_since_sale,0.001
MED00121,9,weeks_since_sale,0.00357
MED00122,9,weeks_since_sale,-0.00066
MED00123,9,weeks_since_sale,0.00274
MED00124,9,weeks_since_sale,0.00202
MED00125,9,weeks_since_sale,0.0065
MED00126,9,weeks_since_sale,-0.00185
MED00127,9,weeks_since_sale,0.00293
MED00128,9,weeks_since_sale,0.00121
MED00129,9,weeks_since_sale,0.00134
MED00130,9,weeks_since_sale,-0.01363
MED00131,9,weeks_since_sale,0.00046
MED00132,9,weeks_since_sale,-0.00876
MED00133,9,weeks_since_sale,0.01152
MED00134,9,weeks_since_sale,0.0099
MED00135,9,weeks_since_sale,-0.00144
MED00136,9,weeks_since_sale,0.00463
MED00137,9,weeks_since_sale,-0.00038
MED00138,9,weeks_since_sale,0.00082
MED00139,9,weeks_since_sale,0.00291
MED00140,9,weeks_since_sale,0.00068
MED00141,9,weeks_since_sale,0.00519
MED00142,9,weeks_since_sale,0.00414
MED00143,9,weeks_since_sale,0.00029
MED00144,9,weeks_since_sale,0.0043
MED00145,9,weeks_since_sale,-0.00066
MED00146,9,weeks_since_sale,0.0012
MED00147,9,weeks_since_sale,0.00146
MED00148,9,weeks_since_sale,0.00668
MED00149,9,weeks_since_sale,0.00359
MED00150,9,weeks_since_sale,-0.00028
MED00151,9,weeks_since_sale,0.00101
MED00152,9,weeks_since_sale,0.00058
MED00153,9,weeks_since_sale,0.00114
MED00154,9,weeks_since_sale,-0.00127
MED00155,9,weeks_since_sale,0.00092
MED00156,9,weeks_since_sale,0.00252
MED00157,9,weeks_since_sale,0.00525
MED00158,9,weeks_since_sale,0.00283
MED00159,9,weeks_since_sale,0.00169
MED00160,9,weeks_since_sale,0.00466
MED00161,9,weeks_since_sale,0.0027
MED00162,9,weeks_since_sale,0.00036
MED00163,9,weeks_since_sale,0.01086
MED00164,9,weeks_since_sale,0.00019
MED00165,9,weeks_since_sale,0.00373
MED00166,9,weeks_since_sale,0.00087
MED00167,9,weeks_since_sale,-0.00035
MED00168,9,weeks_since_sale,0.00083
MED00169,9,weeks_since_sale,0.0012
MED00170,9,weeks_since_sale,-0.00041
MED00171,9,weeks_since_sale,0.00065
MED00172,9,weeks_since_sale,0.00111
MED00173,9,weeks_since_sale,0.00104
MED00174,9,weeks_since_sale,0.00283
MED00175,9,weeks_since_sale,0.00013
MED00176,9,weeks_since_sale,0.00022
MED00177,9,weeks_since_sale,-0.00119
MED00178,9,weeks_since_sale,0.00049
MED00179,9,weeks_since_sale,0.01019
MED00180,9,weeks_since_sale,0.00093
MED00181,9,weeks_since_sale,0.00239
MED00182,9,weeks_since_sale,-0.00331
MED00184,9,weeks_since_sale,-0.00186
MED00185,9,weeks_since_sale,0.00056
MED00186,9,weeks_since_sale,0.00101
MED00187,9,weeks_since_sale,0.00017
MED00188,9,weeks_since_sale,0.00135
MED00189,9,weeks_since_sale,0.00851
MED00190,9,weeks_since_sale,0.00073
MED00191,9,weeks_since_sale,0.00158
MED00192,9,weeks_since_sale,0.00506
MED00193,9,weeks_since_sale,-0.01492
MED00194,9,weeks_since_sale,0.0006
MED00195,9,weeks_since_sale,0.00532
MED00196,9,weeks_since_sale,0.00228
MED00197,9,weeks_since_sale,0.00044
MED00198,9,weeks_since_sale,0.00078
MED00199,9,weeks_since_sale,-0.00073
MED00200,9,weeks_since_sale,0.00171
MED00201,9,weeks_since_sale,0.00294
MED00202,9,weeks_since_sale,0.00114
MED00203,9,weeks_since_sale,0.00098
MED00204,9,weeks_since_sale,0.00131
MED00205,9,weeks_since_sale,0.00107
MED00206,9,weeks_since_sale,-0.00259
MED00207,9,weeks_since_sale,0.0002
MED00208,9,weeks_since_sale,0.00148
MED00210,9,weeks_since_sale,0.00193
MED00211,9,weeks_since_sale,0.00131
MED00212,9,weeks_since_sale,0.00328
MED00213,9,weeks_since_sale,0.00129
MED00215,9,weeks_since_sale,0.00089
MED00216,9,weeks_since_sale,-0.0291
MED00217,9,weeks_since_sale,0.00213
MED00218,9,weeks_since_sale,0.0058
MED00219,9,weeks_since_sale,-0.0003
MED00220,9,weeks_since_sale,0.00042
MED00221,9,weeks_since_sale,0.00299
MED00222,9,weeks_since_sale,0.00038
MED00223,9,weeks_since_sale,0.00105
MED00224,9,weeks_since_sale,0.00056
MED00225,9,weeks_since_sale,0.0037
MED00226,9,weeks_since_sale,0.00108
MED00227,9,weeks_since_sale,-0.00242
MED00228,9,weeks_since_sale,0.00101
MED00229,9,weeks_since_sale,-0.08166
MED00230,9,weeks_since_sale,-0.00053
MED00231,9,weeks_since_sale,-0.0023
MED00232,9,weeks_since_sale,0.00288
MED00233,9,weeks_since_sale,0.01035
MED00234,9,weeks_since_sale,-0.00017
MED00235,9,weeks_since_sale,0.00043
MED00236,9,weeks_since_sale,0.00152
MED00237,9,weeks_since_sale,0.00599
MED00238,9,weeks_since_sale,0.00046
MED00239,9,weeks_since_sale,0.00269
MED00240,9,weeks_since_sale,0.00496
MED00241,9,weeks_since_sale,0.00132
MED00242,9,weeks_since_sale,-0.00012
MED00243,9,weeks_since_sale,0.00474
MED00244,9,weeks_since_sale,0.00098
MED00246,9,weeks_since_sale,0.00499
MED00247,9,weeks_since_sale,0.00087
MED00248,9,weeks_since_sale,0.00228
MED00249,9,weeks_since_sale,0.00188
MED00250,9,weeks_since_sale,0.00369
MED00251,9,weeks_since_sale,0.00091
MED00252,9,weeks_since_sale,0.0105
MED00253,9,weeks_since_sale,0.00331
MED00254,9,weeks_since_sale,0.00985
MED00255,9,weeks_since_sale,0.00548
MED00256,9,weeks_since_sale,0.00159
MED00257,9,weeks_since_sale,0.00493
MED00258,9,weeks_since_sale,0.00074
MED00259,9,weeks_since_sale,-0.00012
MED00260,9,weeks_since_sale,0.00528
MED00261,9,weeks_since_sale,0.00151
MED00262,9,weeks_since_sale,0.00087
MED00263,9,weeks_since_sale,0.00174
MED00264,9,weeks_since_sale,-0.03106
MED00265,9,weeks_since_sale,0.00195
MED00266,9,weeks_since_sale,-0.00105
MED00267,9,weeks_since_sale,0.00637
MED00268,9,weeks_since_sale,0.00015
MED00269,9,weeks_since_sale,0.00102
MED00270,9,weeks_since_sale,-0.00012
MED00271,9,weeks_since_sale,-0.00065
MED00272,9,weeks_since_sale,0.00464
MED00273,9,weeks_since_sale,0.00271
MED00274,9,weeks_since_sale,0.01351
MED00275,9,weeks_since_sale,0.00446
MED00276,9,weeks_since_sale,0.00075
MED00277,9,weeks_since_sale,0.00854
MED00278,9,weeks_since_sale,0.00108
MED00279,9,weeks_since_sale,0.00011
MED00280,9,weeks_since_sale,0.00532
MED00281,9,weeks_since_sale,0.00195
MED00282,9,weeks_since_sale,0.00413
MED00283,9,weeks_since_sale,0.00226
MED00284,9,weeks_since_sale,0.00171
MED00285,9,weeks_since_sale,0.00699
MED00286,9,weeks_since_sale,0.00277
MED00287,9,weeks_since_sale,0.00248
MED00288,9,weeks_since_sale,0.00044
MED00289,9,weeks_since_sale,0.00672
MED00290,9,weeks_since_sale,0.00091
MED00291,9,weeks_since_sale,0.00012
MED00292,9,weeks_since_sale,0.00228
MED00293,9,weeks_since_sale,0.00532
MED00294,9,weeks_since_sale,0.00045
MED00295,9,weeks_since_sale,0.00312
MED00296,9,weeks_since_sale,0.00443
MED00297,9,weeks_since_sale,0.00302
MED00298,9,weeks_since_sale,-0.00064
MED00299,9,weeks_since_sale,0.00964
MED00300,9,weeks_since_sale,0.00099
MED00301,9,weeks_since_sale,0.00625
MED00302,9,weeks_since_sale,0.00351
MED00303,9,weeks_since_sale,0.00029
MED00304,9,weeks_since_sale,0.00612
MED00305,9,weeks_since_sale,0.00129
MED00306,9,weeks_since_sale,-0.01654
MED00307,9,weeks_since_sale,0.00194
MED00308,9,weeks_since_sale,0.0015
MED00309,9,weeks_since_sale,0.00262
MED00310,9,weeks_since_sale,0.00333
MED00311,9,weeks_since_sale,0.00346
MED00312,9,weeks_since_sale,0.01355
MED00313,9,weeks_since_sale,0.00572
MED00314,9,weeks_since_sale,-0.00099
MED00315,9,weeks_since_sale,0.00013
MED00316,9,weeks_since_sale,0.00185
MED00317,9,weeks_since_sale,0.00104
MED00318,9,weeks_since_sale,0.00053
MED00319,9,weeks_since_sale,0.00085
MED00320,9,weeks_since_sale,0.00291
MED00321,9,weeks_since_sale,-0.00028
MED00322,9,weeks_since_sale,-0.00282
MED00323,9,weeks_since_sale,0.00079
MED00324,9,weeks_since_sale,-0.00143
MED00325,9,weeks_since_sale,0.00255
MED00326,9,weeks_since_sale,0.00117
MED00327,9,weeks_since_sale,0.00272
MED00328,9,weeks_since_sale,0.00318
MED00329,9,weeks_since_sale,0.00043
MED00330,9,weeks_since_sale,0.00546
MED00331,9,weeks_since_sale,-0.0004
MED00332,9,weeks_since_sale,0.0022
MED00333,9,weeks_since_sale,0.0005
MED00334,9,weeks_since_sale,0.00031
MED00335,9,weeks_since_sale,0.00614
MED00336,9,weeks_since_sale,0.00183
MED00338,9,weeks_since_sale,-0.00132
MED00339,9,weeks_since_sale,0.00071
MED00340,9,weeks_since_sale,0.0053
MED00341,9,weeks_since_sale,0.00705
MED00342,9,weeks_since_sale,0.00056
MED00343,9,weeks_since_sale,0.00022
MED00344,9,weeks_since_sale,0.00597
MED00345,9,weeks_since_sale,-0.01664
MED00346,9,weeks_since_sale,0.00267
MED00347,9,weeks_since_sale,-0.00574
MED00348,9,weeks_since_sale,0.00165
MED00349,9,weeks_since_sale,0.00108
MED00350,9,weeks_since_sale,0.00021
MED00351,9,weeks_since_sale,-0.06924
MED00352,9,weeks_since_sale,-0.32233
MED00353,9,weeks_since_sale,0.00344
MED00354,9,weeks_since_sale,0.00017
MED00355,9,weeks_since_sale,0.00082
MED00356,9,weeks_since_sale,-0.00024
MED00357,9,weeks_since_sale,0.00213
MED00358,9,weeks_since_sale,0.00615
MED00359,9,weeks_since_sale,0.00063
MED00360,9,weeks_since_sale,0.00093
MED00361,9,weeks_since_sale,-0.00017
MED00362,9,weeks_since_sale,0.00148
MED00363,9,weeks_since_sale,0.0007
MED00364,9,weeks_since_sale,-0.00748
MED00365,9,weeks_since_sale,0.00049
MED00366,9,weeks_since_sale,-0.00066
MED00367,9,weeks_since_sale,0.00061
MED00368,9,weeks_since_sale,0.00166
MED00369,9,weeks_since_sale,0.00433
MED00370,9,weeks_since_sale,0.00377
MED00371,9,weeks_since_sale,0.00041
MED00372,9,weeks_since_sale,0.00659
MED00373,9,weeks_since_sale,0.00057
MED00374,9,weeks_since_sale,0.00319
MED00375,9,weeks_since_sale,0.00032
MED00376,9,weeks_since_sale,0.00076
MED00377,9,weeks_since_sale,0.00244
MED00378,9,weeks_since_sale,0.00137
MED00379,9,weeks_since_sale,0.00206
MED00380,9,weeks_since_sale,0.00593
MED00381,9,weeks_since_sale,0.00073
MED00382,9,weeks_since_sale,0.00194
MED00383,9,weeks_since_sale,0.00348
MED00384,9,weeks_since_sale,-0.00017
MED00385,9,weeks_since_sale,0.00091
MED00386,9,weeks_since_sale,0.00148
MED00387,9,weeks_since_sale,0.00135
MED00388,9,weeks_since_sale,0.00017
MED00389,9,weeks_since_sale,-0.00015
MED00390,9,weeks_since_sale,0.00049
MED00391,9,weeks_since_sale,0.00128
MED00392,9,weeks_since_sale,0.00184
MED00393,9,weeks_since_sale,0.00547
MED00394,9,weeks_since_sale,0.00155
MED00395,9,weeks_since_sale,0.00158
MED00396,9,weeks_since_sale,0.00098
MED00397,9,weeks_since_sale,0.00044
MED00398,9,weeks_since_sale,0.00048
MED00399,9,weeks_since_sale,0.00052
MED00400,9,weeks_since_sale,-0.00118
MED00401,9,weeks_since_sale,0.00031
MED00402,9,weeks_since_sale,0.00127
MED00403,9,weeks_since_sale,0.00153
MED00404,9,weeks_since_sale,0.00746
MED00405,9,weeks_since_sale,0.0028
MED00406,9,weeks_since_sale,0.00134
MED00407,9,weeks_since_sale,0.00145
MED00408,9,weeks_since_sale,0.00467
MED00409,9,weeks_since_sale,0.00143
MED00410,9,weeks_since_sale,0.00139
MED00411,9,weeks_since_sale,0.00196
MED00412,9,weeks_since_sale,0.0018
MED00413,9,weeks_since_sale,0.00187
MED00414,9,weeks_since_sale,0.00201
MED00415,9,weeks_since_sale,0.00241
MED00416,9,weeks_since_sale,0.00182
MED00417,9,weeks_since_sale,0.00292
MED00418,9,weeks_since_sale,0.00407
MED00419,9,weeks_since_sale,0.00266
MED00420,9,weeks_since_sale,0.00176
MED00421,9,weeks_since_sale,0.00154
MED00422,9,weeks_since_sale,0.00185
MED00423,9,weeks_since_sale,0.00098
MED00424,9,weeks_since_sale,0.00025
MED00001,10,weeks_since_sale,0.00176
MED00002,10,weeks_since_sale,0.00237
MED00003,10,weeks_since_sale,0.01008
MED00004,10,weeks_since_sale,0.00338
MED00005,10,weeks_since_sale,0.00735
MED00006,10,weeks_since_sale,-0.00403
MED00007,10,weeks_since_sale,0.00505
MED00009,10,weeks_since_sale,0.00273
MED00010,10,weeks_since_sale,0.00277
MED00011,10,weeks_since_sale,0.00111
MED00012,10,weeks_since_sale,0.00102
MED00013,10,weeks_since_sale,0.004
MED00014,10,weeks_since_sale,-0.00022
MED00015,10,weeks_since_sale,0.00855
MED00016,10,weeks_since_sale,-0.00082
MED00017,10,weeks_since_sale,0.00085
MED00018,10,weeks_since_sale,0.00087
MED00019,10,weeks_since_sale,0.00014
MED00020,10,weeks_since_sale,0.00026
MED00021,10,weeks_since_sale,0.00442
MED00022,10,weeks_since_sale,0.00204
MED00023,10,weeks_since_sale,-0.00284
MED00024,10,weeks_since_sale,0.00166
MED00025,10,weeks_since_sale,-0.01397
MED00026,10,weeks_since_sale,0.00978
MED00027,10,weeks_since_sale,-0.00284
MED00028,10,weeks_since_sale,0.00248
MED00029,10,weeks_since_sale,0.00064
MED00030,10,weeks_since_sale,0.00354
MED00031,10,weeks_since_sale,0.00369
MED00032,10,weeks_since_sale,0.0032
MED00033,10,weeks_since_sale,0.00247
MED00034,10,weeks_since_sale,0.00105
MED00035,10,weeks_since_sale,0.00948
MED00036,10,weeks_since_sale,0.00151
MED00037,10,weeks_since_sale,0.00283
MED00038,10,weeks_since_sale,-0.0011
MED00039,10,weeks_since_sale,0.00172
MED00040,10,weeks_since_sale,0.00208
MED00041,10,weeks_since_sale,0.01322
MED00042,10,weeks_since_sale,0.00507
MED00043,10,weeks_since_sale,0.00869
MED00044,10,weeks_since_sale,0.00089
MED00045,10,weeks_since_sale,0.00032
MED00046,10,weeks_since_sale,0.00095
MED00047,10,weeks_since_sale,0.00375
MED00048,10,weeks_since_sale,0.00096
MED00049,10,weeks_since_sale,-0.00353
MED00050,10,weeks_since_sale,0.0024
MED00051,10,weeks_since_sale,-0.00299
MED00052,10,weeks_since_sale,0.00542
MED00053,10,weeks_since_sale,0.00124
MED00054,10,weeks_since_sale,0.00085
MED00055,10,weeks_since_sale,-0.00071
MED00056,10,weeks_since_sale,0.00103
MED00057,10,weeks_since_sale,0.00842
MED00058,10,weeks_since_sale,-0.00283
MED00059,10,weeks_since_sale,0.00154
MED00060,10,weeks_since_sale,0.00721
MED00061,10,weeks_since_sale,-0.00148
MED00062,10,weeks_since_sale,0.00318
MED00063,10,weeks_since_sale,-0.01535
MED00064,10,weeks_since_sale,-0.00377
MED00065,10,weeks_since_sale,0.00039
MED00066,10,weeks_since_sale,0.00769
MED00067,10,weeks_since_sale,-0.00052
MED00068,10,weeks_since_sale,0.00264
MED00069,10,weeks_since_sale,0.00118
MED00070,10,weeks_since_sale,0.00083
MED00071,10,weeks_since_sale,0.00038
MED00072,10,weeks_since_sale,0.00098
MED00073,10,weeks_since_sale,0.00252
MED00074,10,weeks_since_sale,0.001
MED00075,10,weeks_since_sale,0.00177
MED00076,10,weeks_since_sale,0.00451
MED00077,10,weeks_since_sale,0.00327
MED00078,10,weeks_since_sale,0.00077
MED00079,10,weeks_since_sale,0.00337
MED00080,10,weeks_since_sale,0.00235
MED00081,10,weeks_since_sale,0.00693
MED00082,10,weeks_since_sale,0.00245
MED00083,10,weeks_since_sale,0.00376
MED00084,10,weeks_since_sale,0.00021
MED00085,10,weeks_since_sale,-0.0004
MED00086,10,weeks_since_sale,0.01211
MED00087,10,weeks_since_sale,0.00077
MED00088,10,weeks_since_sale,-0.00397
MED00089,10,weeks_since_sale,0.00113
MED00090,10,weeks_since_sale,0.00473
MED00091,10,weeks_since_sale,0.00066
MED00092,10,weeks_since_sale,-0.00047
MED00093,10,weeks_since_sale,0.00312
MED00094,10,weeks_since_sale,-0.0012
MED00095,10,weeks_since_sale,0.00202
MED00096,10,weeks_since_sale,0.0007
MED00097,10,weeks_since_sale,0.00409
MED00098,10,weeks_since_sale,0.00206
MED00099,10,weeks_since_sale,-0.01498
MED00100,10,weeks_since_sale,-0.01081
MED00101,10,weeks_since_sale,0.00461
MED00102,10,weeks_since_sale,0.00339
MED00103,10,weeks_since_sale,0.00172
MED00104,10,weeks_since_sale,0.00272
MED00105,10,weeks_since_sale,0.00126
MED00106,10,weeks_since_sale,-0.02138
MED00107,10,weeks_since_sale,0.00205
MED00108,10,weeks_since_sale,0.00263
MED00109,10,weeks_since_sale,0.00631
MED00110,10,weeks_since_sale,-0.00032
MED00111,10,weeks_since_sale,0.00208
MED00112,10,weeks_since_sale,0.00153
MED00113,10,weeks_since_sale,-0.00031
MED00114,10,weeks_since_sale,0.00033
MED00115,10,weeks_since_sale,0.00091
MED00116,10,weeks_since_sale,0.0018
MED00117,10,weeks_since_sale,0.00101
MED00118,10,weeks_since_sale,-0.00305
MED00119,10,weeks_since_sale,0.00104
MED00120,10,weeks_since_sale,0.00122
MED00121,10,weeks_since_sale,0.00361
MED00122,10,weeks_since_sale,-0.00065
MED00123,10,weeks_since_sale,0.00219
MED00124,10,weeks_since_sale,0.00202
MED00125,10,weeks_since_sale,0.00696
MED00126,10,weeks_since_sale,0.00151
MED00127,10,weeks_since_sale,0.00299
MED00128,10,weeks_since_sale,0.00122
MED00129,10,weeks_since_sale,0.00142
MED00130,10,weeks_since_sale,-0.00384
MED00131,10,weeks_since_sale,0.00048
MED00132,10,weeks_since_sale,0.00241
MED00133,10,weeks_since_sale,0.01115
MED00134,10,weeks_since_sale,-0.00032
MED00135,10,weeks_since_sale,0.00091
MED00136,10,weeks_since_sale,0.00048
MED00137,10,weeks_since_sale,-0.00024
MED00138,10,weeks_since_sale,0.00088
MED00139,10,weeks_since_sale,0.00295
MED00140,10,weeks_since_sale,0.0007
MED00141,10,weeks_since_sale,0.00525
MED00142,10,weeks_since_sale,0.00483
MED00143,10,weeks_since_sale,0.00036
MED00144,10,weeks_since_sale,0.00435
MED00145,10,weeks_since_sale,-0.0005
MED00146,10,weeks_since_sale,0.00125
MED00147,10,weeks_since_sale,0.00157
MED00148,10,weeks_since_sale,0.00673
MED00149,10,weeks_since_sale,0.0036
MED00150,10,weeks_since_sale,-0.00021
MED00151,10,weeks_since_sale,0.00102
MED00152,10,weeks_since_sale,0.00059
MED00153,10,weeks_since_sale,0.00116
MED00154,10,weeks_since_sale,-0.00132
MED00155,10,weeks_since_sale,0.00093
MED00156,10,weeks_since_sale,0.00257
MED00157,10,weeks_since_sale,0.00525
MED00158,10,weeks_since_sale,0.00506
MED00159,10,weeks_since_sale,0.00172
MED00160,10,weeks_since_sale,0.00467
MED00161,10,weeks_since_sale,0.00271
MED00162,10,weeks_since_sale,0.00037
MED00163,10,weeks_since_sale,0.00909
MED00164,10,weeks_since_sale,0.00025
MED00165,10,weeks_since_sale,0.00379
MED00166,10,weeks_since_sale,0.00088
MED00167,10,weeks_since_sale,-0.0003
MED00168,10,weeks_since_sale,0.00089
MED00169,10,weeks_since_sale,0.00122
MED00170,10,weeks_since_sale,-0.00035
MED00171,10,weeks_since_sale,0.00066
MED00172,10,weeks_since_sale,0.00117
MED00173,10,weeks_since_sale,0.00105
MED00174,10,weeks_since_sale,0.00283
MED00175,10,weeks_since_sale,0.00226
MED00176,10,weeks_since_sale,0.00025
MED00177,10,weeks_since_sale,0.00126
MED00178,10,weeks_since_sale,0.0004
MED00179,10,weeks_since_sale,0.00915
MED00180,10,weeks_since_sale,0.00094
MED00181,10,weeks_since_sale,0.0024
MED00182,10,weeks_since_sale,0.00498
MED00183,10,weeks_since_sale,0.00238
MED00184,10,weeks_since_sale,-0.00181
MED00185,10,weeks_since_sale,0.00045
MED00186,10,weeks_since_sale,0.00103
MED00187,10,weeks_since_sale,0.00043
MED00188,10,weeks_since_sale,0.00139
MED00189,10,weeks_since_sale,0.00694
MED00190,10,weeks_since_sale,0.00074
MED00191,10,weeks_since_sale,0.00159
MED00192,10,weeks_since_sale,0.00356
MED00193,10,weeks_since_sale,-0.00724
MED00194,10,weeks_since_sale,0.00084
MED00195,10,weeks_since_sale,0.00539
MED00196,10,weeks_since_sale,0.00231
MED00197,10,weeks_since_sale,0.00068
MED00198,10,weeks_since_sale,0.00083
MED00199,10,weeks_since_sale,-0.00044
MED00200,10,weeks_since_sale,0.00178
MED00201,10,weeks_since_sale,0.00299
MED00202,10,weeks_since_sale,0.00119
MED00203,10,weeks_since_sale,0.00099
MED00204,10,weeks_since_sale,0.00133
MED00205,10,weeks_since_sale,0.00109
MED00206,10,weeks_since_sale,-0.00248
MED00207,10,weeks_since_sale,0.00021
MED00208,10,weeks_since_sale,0.00152
MED00210,10,weeks_since_sale,0.00185
MED00211,10,weeks_since_sale,0.00133
MED00212,10,weeks_since_sale,0.00334
MED00213,10,weeks_since_sale,0.00411
MED00215,10,weeks_since_sale,0.0009
MED00216,10,weeks_since_sale,-0.01681
MED00217,10,weeks_since_sale,0.00237
MED00218,10,weeks_since_sale,0.0058
MED00219,10,weeks_since_sale,-0.00025
MED00220,10,weeks_since_sale,0.00047
MED00221,10,weeks_since_sale,0.00305
MED00222,10,weeks_since_sale,0.00315
MED00223,10,weeks_since_sale,0.00106
MED00224,10,weeks_since_sale,0.00061
MED00225,10,weeks_since_sale,0.0037
MED00226,10,weeks_since_sale,0.0011
MED00227,10,weeks_since_sale,-0.00244
MED00228,10,weeks_since_sale,0.00196
MED00229,10,weeks_since_sale,-0.01359
MED00230,10,weeks_since_sale,-0.00056
MED00231,10,weeks_since_sale,-0.00227
MED00232,10,weeks_since_sale,0.00293
MED00233,10,weeks_since_sale,0.00998
MED00234,10,weeks_since_sale,-0.0002
MED00235,10,weeks_since_sale,0.00038
MED00236,10,weeks_since_sale,0.00157
MED00237,10,weeks_since_sale,0.00604
MED00238,10,weeks_since_sale,0.00048
MED00239,10,weeks_since_sale,0.00271
MED00240,10,weeks_since_sale,0.00497
MED00241,10,weeks_since_sale,0.00133
MED00242,10,weeks_since_sale,0.00012
MED00243,10,weeks_since_sale,0.00201
MED00244,10,weeks_since_sale,0.001
MED00246,10,weeks_since_sale,0.005
MED00247,10,weeks_since_sale,0.00087
MED00248,10,weeks_since_sale,0.00233
MED00249,10,weeks_since_sale,0.00205
MED00250,10,weeks_since_sale,0.00375
MED00251,10,weeks_since_sale,0.00093
MED00252,10,weeks_since_sale,0.01118
MED00253,10,weeks_since_sale,0.00332
MED00254,10,weeks_since_sale,0.01052
MED00255,10,weeks_since_sale,0.00553
MED00256,10,weeks_since_sale,0.0016
MED00257,10,weeks_since_sale,0.00498
MED00258,10,weeks_since_sale,0.00076
MED00259,10,weeks_since_sale,-0.00011
MED00260,10,weeks_since_sale,0.00395
MED00261,10,weeks_since_sale,0.0006
MED00262,10,weeks_since_sale,0.00092
MED00263,10,weeks_since_sale,0.00178
MED00264,10,weeks_since_sale,-0.01649
MED00265,10,weeks_since_sale,0.00195
MED00266,10,weeks_since_sale,0.00129
MED00267,10,weeks_since_sale,0.00642
MED00268,10,weeks_since_sale,0.00016
MED00269,10,weeks_since_sale,0.00103
MED00271,10,weeks_since_sale,-0.00052
MED00272,10,weeks_since_sale,0.0047
MED00273,10,weeks_since_sale,0.00276
MED00274,10,weeks_since_sale,0.01307
MED00275,10,weeks_since_sale,0.00452
MED00276,10,weeks_since_sale,0.00077
MED00277,10,weeks_since_sale,0.00697
MED00278,10,weeks_since_sale,0.00108
MED00279,10,weeks_since_sale,1e-04
MED00280,10,weeks_since_sale,0.00355
MED00281,10,weeks_since_sale,0.002
MED00282,10,weeks_since_sale,0.00418
MED00283,10,weeks_since_sale,0.00228
MED00284,10,weeks_since_sale,0.00175
MED00285,10,weeks_since_sale,0.00699
MED00286,10,weeks_since_sale,0.00282
MED00287,10,weeks_since_sale,0.00248
MED00288,10,weeks_since_sale,0.00036
MED00289,10,weeks_since_sale,0.00712
MED00290,10,weeks_since_sale,0.00095
MED00291,10,weeks_since_sale,0.00013
MED00292,10,weeks_since_sale,0.00234
MED00293,10,weeks_since_sale,0.00536
MED00294,10,weeks_since_sale,0.00052
MED00295,10,weeks_since_sale,0.00561
MED00296,10,weeks_since_sale,0.00444
MED00297,10,weeks_since_sale,0.00302
MED00298,10,weeks_since_sale,-0.00063
MED00299,10,weeks_since_sale,0.00749
MED00300,10,weeks_since_sale,0.001
MED00301,10,weeks_since_sale,0.00625
MED00302,10,weeks_since_sale,0.00376
MED00303,10,weeks_since_sale,0.00035
MED00304,10,weeks_since_sale,0.00618
MED00305,10,weeks_since_sale,0.00131
MED00306,10,weeks_since_sale,-0.01148
MED00307,10,weeks_since_sale,0.00191
MED00308,10,weeks_since_sale,0.00055
MED00309,10,weeks_since_sale,0.00268
MED00310,10,weeks_since_sale,0.00339
MED00311,10,weeks_since_sale,0.00352
MED00312,10,weeks_since_sale,0.01316
MED00313,10,weeks_since_sale,0.0064
MED00314,10,weeks_since_sale,0.00135
MED00315,10,weeks_since_sale,0.00017
MED00316,10,weeks_since_sale,0.00186
MED00317,10,weeks_since_sale,0.00106
MED00318,10,weeks_since_sale,0.0004
MED00319,10,weeks_since_sale,0.00086
MED00320,10,weeks_since_sale,0.00292
MED00321,10,weeks_since_sale,0.00303
MED00322,10,weeks_since_sale,0.0029
MED00323,10,weeks_since_sale,0.00036
MED00324,10,weeks_since_sale,-0.00132
MED00325,10,weeks_since_sale,0.00259
MED00326,10,weeks_since_sale,0.00118
MED00327,10,weeks_since_sale,0.00276
MED00328,10,weeks_since_sale,0.00319
MED00329,10,weeks_since_sale,0.00043
MED00330,10,weeks_since_sale,0.00547
MED00331,10,weeks_since_sale,-0.00034
MED00332,10,weeks_since_sale,0.0022
MED00333,10,weeks_since_sale,0.00054
MED00334,10,weeks_since_sale,0.00032
MED00335,10,weeks_since_sale,0.006
MED00336,10,weeks_since_sale,0.00184
MED00337,10,weeks_since_sale,-0.00067
MED00338,10,weeks_since_sale,0.00103
MED00339,10,weeks_since_sale,0.00079
MED00340,10,weeks_since_sale,0.00434
MED00341,10,weeks_since_sale,0.00709
MED00342,10,weeks_since_sale,0.00057
MED00343,10,weeks_since_sale,0.00026
MED00344,10,weeks_since_sale,0.00832
MED00345,10,weeks_since_sale,-0.00464
MED00346,10,weeks_since_sale,0.00268
MED00347,10,weeks_since_sale,-0.00727
MED00348,10,weeks_since_sale,0.0017
MED00349,10,weeks_since_sale,0.00109
MED00350,10,weeks_since_sale,0.00342
MED00351,10,weeks_since_sale,-0.02341
MED00352,10,weeks_since_sale,-0.35826
MED00353,10,weeks_since_sale,0.00468
MED00354,10,weeks_since_sale,0.0014
MED00355,10,weeks_since_sale,0.00084
MED00356,10,weeks_since_sale,-0.0002
MED00357,10,weeks_since_sale,0.00265
MED00358,10,weeks_since_sale,0.00621
MED00359,10,weeks_since_sale,0.00065
MED00360,10,weeks_since_sale,0.001
MED00361,10,weeks_since_sale,-0.00013
MED00362,10,weeks_since_sale,0.00149
MED00363,10,weeks_since_sale,0.00071
MED00364,10,weeks_since_sale,-0.00901
MED00365,10,weeks_since_sale,0.00054
MED00366,10,weeks_since_sale,-0.00066
MED00367,10,weeks_since_sale,0.00062
MED00368,10,weeks_since_sale,0.0017
MED00369,10,weeks_since_sale,0.00435
MED00370,10,weeks_since_sale,0.0029
MED00371,10,weeks_since_sale,0.00063
MED00372,10,weeks_since_sale,0.00733
MED00373,10,weeks_since_sale,0.001
MED00374,10,weeks_since_sale,0.00364
MED00375,10,weeks_since_sale,0.00034
MED00376,10,weeks_since_sale,0.00078
MED00377,10,weeks_since_sale,0.00072
MED00378,10,weeks_since_sale,0.00138
MED00379,10,weeks_since_sale,0.00538
MED00380,10,weeks_since_sale,0.00928
MED00381,10,weeks_since_sale,0.00136
MED00382,10,weeks_since_sale,0.002
MED00383,10,weeks_since_sale,0.00352
MED00384,10,weeks_since_sale,-0.00016
MED00385,10,weeks_since_sale,0.00085
MED00386,10,weeks_since_sale,0.00153
MED00387,10,weeks_since_sale,0.0013
MED00388,10,weeks_since_sale,0.00032
MED00389,10,weeks_since_sale,-0.00023
MED00390,10,weeks_since_sale,0.00049
MED00391,10,weeks_since_sale,0.00148
MED00392,10,weeks_since_sale,0.00186
MED00393,10,weeks_since_sale,0.00554
MED00394,10,weeks_since_sale,0.00163
MED00395,10,weeks_since_sale,0.00158
MED00396,10,weeks_since_sale,0.00097
MED00397,10,weeks_since_sale,0.00041
MED00398,10,weeks_since_sale,0.00046
MED00399,10,weeks_since_sale,0.00069
MED00400,10,weeks_since_sale,0.0011
MED00401,10,weeks_since_sale,0.00032
MED00402,10,weeks_since_sale,0.00127
MED00403,10,weeks_since_sale,0.00156
MED00404,10,weeks_since_sale,0.00746
MED00405,10,weeks_since_sale,0.00285
MED00406,10,weeks_since_sale,0.00133
MED00407,10,weeks_since_sale,0.0014
MED00408,10,weeks_since_sale,0.00468
MED00409,10,weeks_since_sale,0.00169
MED00410,10,weeks_since_sale,0.00144
MED00411,10,weeks_since_sale,0.00195
MED00412,10,weeks_since_sale,0.00184
MED00413,10,weeks_since_sale,0.00215
MED00414,10,weeks_since_sale,0.002
MED00415,10,weeks_since_sale,0.00245
MED00416,10,weeks_since_sale,0.00201
MED00417,10,weeks_since_sale,0.00297
MED00418,10,weeks_since_sale,0.00413
MED00419,10,weeks_since_sale,0.00291
MED00420,10,weeks_since_sale,0.00176
MED00421,10,weeks_since_sale,0.00154
MED00422,10,weeks_since_sale,0.00204
MED00423,10,weeks_since_sale,0.00103
MED00424,10,weeks_since_sale,0.00071
MED00001,11,weeks_since_sale,0.00175
MED00002,11,weeks_since_sale,0.00372
MED00003,11,weeks_since_sale,0.01138
MED00004,11,weeks_since_sale,0.00278
MED00005,11,weeks_since_sale,0.007
MED00006,11,weeks_since_sale,-0.00419
MED00007,11,weeks_since_sale,0.0049
MED00008,11,weeks_since_sale,0.00144
MED00009,11,weeks_since_sale,0.00273
MED00010,11,weeks_since_sale,0.00277
MED00011,11,weeks_since_sale,0.00108
MED00012,11,weeks_since_sale,0.00101
MED00013,11,weeks_since_sale,0.00334
MED00014,11,weeks_since_sale,-0.00025
MED00015,11,weeks_since_sale,0.00856
MED00016,11,weeks_since_sale,-0.00148
MED00017,11,weeks_since_sale,0.00084
MED00018,11,weeks_since_sale,0.00084
MED00019,11,weeks_since_sale,1e-04
MED00021,11,weeks_since_sale,0.00444
MED00022,11,weeks_since_sale,0.00203
MED00023,11,weeks_since_sale,-0.00299
MED00024,11,weeks_since_sale,0.00177
MED00025,11,weeks_since_sale,-0.01408
MED00026,11,weeks_since_sale,0.00973
MED00027,11,weeks_since_sale,-0.00298
MED00028,11,weeks_since_sale,0.00389
MED00029,11,weeks_since_sale,0.00062
MED00030,11,weeks_since_sale,0.00354
MED00031,11,weeks_since_sale,0.00369
MED00032,11,weeks_since_sale,0.00306
MED00033,11,weeks_since_sale,0.00189
MED00034,11,weeks_since_sale,0.00102
MED00035,11,weeks_since_sale,0.01073
MED00036,11,weeks_since_sale,0.00266
MED00037,11,weeks_since_sale,0.00282
MED00038,11,weeks_since_sale,-0.00099
MED00039,11,weeks_since_sale,0.00271
MED00040,11,weeks_since_sale,0.00178
MED00041,11,weeks_since_sale,0.01305
MED00042,11,weeks_since_sale,0.00485
MED00043,11,weeks_since_sale,0.0085
MED00044,11,weeks_since_sale,0.001
MED00045,11,weeks_since_sale,0.00015
MED00046,11,weeks_since_sale,0.00096
MED00047,11,weeks_since_sale,0.0038
MED00048,11,weeks_since_sale,0.00094
MED00049,11,weeks_since_sale,-0.00223
MED00050,11,weeks_since_sale,0.00239
MED00051,11,weeks_since_sale,-0.00169
MED00052,11,weeks_since_sale,0.00682
MED00053,11,weeks_since_sale,0.00135
MED00054,11,weeks_since_sale,0.0003
MED00055,11,weeks_since_sale,0.0002
MED00056,11,weeks_since_sale,0.00214
MED00057,11,weeks_since_sale,0.00953
MED00058,11,weeks_since_sale,-0.003
MED00059,11,weeks_since_sale,0.00164
MED00060,11,weeks_since_sale,0.00719
MED00061,11,weeks_since_sale,-0.00147
MED00062,11,weeks_since_sale,0.00316
MED00063,11,weeks_since_sale,-0.01404
MED00064,11,weeks_since_sale,-0.00381
MED00065,11,weeks_since_sale,0.00036
MED00066,11,weeks_since_sale,0.00905
MED00067,11,weeks_since_sale,-0.00119
MED00068,11,weeks_since_sale,0.00277
MED00069,11,weeks_since_sale,0.00105
MED00070,11,weeks_since_sale,0.00094
MED00071,11,weeks_since_sale,0.00049
MED00072,11,weeks_since_sale,0.00111
MED00073,11,weeks_since_sale,0.00264
MED00074,11,weeks_since_sale,0.00111
MED00075,11,weeks_since_sale,0.00178
MED00076,11,weeks_since_sale,0.00586
MED00077,11,weeks_since_sale,0.00326
MED00078,11,weeks_since_sale,0.00076
MED00079,11,weeks_since_sale,0.00334
MED00080,11,weeks_since_sale,0.00247
MED00081,11,weeks_since_sale,0.00824
MED00082,11,weeks_since_sale,0.00247
MED00083,11,weeks_since_sale,0.00387
MED00084,11,weeks_since_sale,0.00022
MED00085,11,weeks_since_sale,-0.0004
MED00086,11,weeks_since_sale,0.012
MED00087,11,weeks_since_sale,0.00061
MED00088,11,weeks_since_sale,-0.00397
MED00089,11,weeks_since_sale,0.0011
MED00090,11,weeks_since_sale,0.00482
MED00091,11,weeks_since_sale,0.00077
MED00092,11,weeks_since_sale,-0.0014
MED00093,11,weeks_since_sale,0.00314
MED00094,11,weeks_since_sale,-0.00115
MED00095,11,weeks_since_sale,0.00203
MED00096,11,weeks_since_sale,0.00067
MED00097,11,weeks_since_sale,0.00397
MED00098,11,weeks_since_sale,0.00204
MED00099,11,weeks_since_sale,-0.01522
MED00100,11,weeks_since_sale,-0.01087
MED00101,11,weeks_since_sale,0.00395
MED00102,11,weeks_since_sale,0.00211
MED00103,11,weeks_since_sale,0.00171
MED00104,11,weeks_since_sale,0.00271
MED00105,11,weeks_since_sale,0.00125
MED00106,11,weeks_since_sale,-0.02144
MED00107,11,weeks_since_sale,0.00204
MED00108,11,weeks_since_sale,0.00262
MED00109,11,weeks_since_sale,0.00586
MED00110,11,weeks_since_sale,-0.00078
MED00111,11,weeks_since_sale,0.00202
MED00112,11,weeks_since_sale,0.00154
MED00113,11,weeks_since_sale,-0.00111
MED00114,11,weeks_since_sale,0.0003
MED00115,11,weeks_since_sale,0.0009
MED00116,11,weeks_since_sale,0.00176
MED00117,11,weeks_since_sale,0.00085
MED00118,11,weeks_since_sale,-0.00321
MED00119,11,weeks_since_sale,0.00103
MED00120,11,weeks_since_sale,0.0012
MED00121,11,weeks_since_sale,0.0036
MED00122,11,weeks_since_sale,-0.00065
MED00123,11,weeks_since_sale,0.00197
MED00124,11,weeks_since_sale,0.00201
MED00125,11,weeks_since_sale,0.00691
MED00126,11,weeks_since_sale,0.0009
MED00127,11,weeks_since_sale,0.00296
MED00128,11,weeks_since_sale,0.00121
MED00129,11,weeks_since_sale,0.00126
MED00130,11,weeks_since_sale,-0.00254
MED00131,11,weeks_since_sale,0.0006
MED00132,11,weeks_since_sale,0.00221
MED00133,11,weeks_since_sale,0.01097
MED00134,11,weeks_since_sale,-0.00079
MED00135,11,weeks_since_sale,0.00088
MED00136,11,weeks_since_sale,0.00186
MED00137,11,weeks_since_sale,-0.00023
MED00138,11,weeks_since_sale,0.00086
MED00139,11,weeks_since_sale,0.00293
MED00140,11,weeks_since_sale,0.00048
MED00141,11,weeks_since_sale,0.00526
MED00142,11,weeks_since_sale,0.00469
MED00143,11,weeks_since_sale,0.0002
MED00144,11,weeks_since_sale,0.00435
MED00145,11,weeks_since_sale,-0.00067
MED00146,11,weeks_since_sale,0.00032
MED00147,11,weeks_since_sale,0.00141
MED00148,11,weeks_since_sale,0.00671
MED00149,11,weeks_since_sale,0.00359
MED00150,11,weeks_since_sale,-0.00036
MED00151,11,weeks_since_sale,0.00103
MED00152,11,weeks_since_sale,0.00058
MED00153,11,weeks_since_sale,0.00117
MED00154,11,weeks_since_sale,-0.00133
MED00155,11,weeks_since_sale,0.00092
MED00156,11,weeks_since_sale,0.00257
MED00157,11,weeks_since_sale,0.00525
MED00158,11,weeks_since_sale,0.00493
MED00159,11,weeks_since_sale,0.0017
MED00160,11,weeks_since_sale,0.00465
MED00161,11,weeks_since_sale,0.00268
MED00162,11,weeks_since_sale,0.00035
MED00163,11,weeks_since_sale,0.0104
MED00164,11,weeks_since_sale,0.00026
MED00165,11,weeks_since_sale,0.00405
MED00166,11,weeks_since_sale,0.00086
MED00167,11,weeks_since_sale,-0.00111
MED00168,11,weeks_since_sale,0.00073
MED00169,11,weeks_since_sale,0.00178
MED00170,11,weeks_since_sale,-0.00117
MED00171,11,weeks_since_sale,0.00065
MED00172,11,weeks_since_sale,0.00128
MED00173,11,weeks_since_sale,0.00103
MED00174,11,weeks_since_sale,0.00277
MED00175,11,weeks_since_sale,0.00326
MED00176,11,weeks_since_sale,0.00023
MED00177,11,weeks_since_sale,0.00115
MED00179,11,weeks_since_sale,0.01029
MED00180,11,weeks_since_sale,0.00093
MED00181,11,weeks_since_sale,0.00238
MED00182,11,weeks_since_sale,0.0047
MED00183,11,weeks_since_sale,0.00236
MED00184,11,weeks_since_sale,-0.00184
MED00185,11,weeks_since_sale,0.00043
MED00186,11,weeks_since_sale,0.00087
MED00187,11,weeks_since_sale,0.00041
MED00188,11,weeks_since_sale,0.00072
MED00189,11,weeks_since_sale,0.00825
MED00190,11,weeks_since_sale,0.00075
MED00191,11,weeks_since_sale,0.00157
MED00192,11,weeks_since_sale,0.00486
MED00193,11,weeks_since_sale,-0.00594
MED00194,11,weeks_since_sale,0.00112
MED00195,11,weeks_since_sale,0.00566
MED00196,11,weeks_since_sale,0.00256
MED00197,11,weeks_since_sale,0.00094
MED00198,11,weeks_since_sale,0.00068
MED00199,11,weeks_since_sale,-0.00048
MED00200,11,weeks_since_sale,0.00162
MED00201,11,weeks_since_sale,0.00296
MED00202,11,weeks_since_sale,0.00104
MED00203,11,weeks_since_sale,0.00112
MED00204,11,weeks_since_sale,0.00131
MED00205,11,weeks_since_sale,0.00107
MED00206,11,weeks_since_sale,-0.00319
MED00207,11,weeks_since_sale,0.0002
MED00208,11,weeks_since_sale,0.00151
MED00209,11,weeks_since_sale,-0.00027
MED00210,11,weeks_since_sale,0.00272
MED00211,11,weeks_since_sale,0.00131
MED00212,11,weeks_since_sale,0.00331
MED00213,11,weeks_since_sale,0.00351
MED00215,11,weeks_since_sale,0.00088
MED00216,11,weeks_since_sale,-0.01686
MED00217,11,weeks_since_sale,0.00236
MED00218,11,weeks_since_sale,0.00579
MED00219,11,weeks_since_sale,-0.00014
MED00220,11,weeks_since_sale,0.00045
MED00221,11,weeks_since_sale,0.00306
MED00222,11,weeks_since_sale,0.00303
MED00223,11,weeks_since_sale,0.00104
MED00224,11,weeks_since_sale,0.00045
MED00225,11,weeks_since_sale,0.00371
MED00226,11,weeks_since_sale,0.0011
MED00227,11,weeks_since_sale,-0.00246
MED00228,11,weeks_since_sale,0.00168
MED00229,11,weeks_since_sale,-0.01424
MED00230,11,weeks_since_sale,-0.00059
MED00231,11,weeks_since_sale,-0.00231
MED00232,11,weeks_since_sale,0.00292
MED00233,11,weeks_since_sale,0.00978
MED00234,11,weeks_since_sale,-0.00035
MED00235,11,weeks_since_sale,0.00035
MED00236,11,weeks_since_sale,0.00156
MED00237,11,weeks_since_sale,0.00604
MED00238,11,weeks_since_sale,0.00046
MED00239,11,weeks_since_sale,0.00269
MED00240,11,weeks_since_sale,0.00508
MED00241,11,weeks_since_sale,0.00134
MED00242,11,weeks_since_sale,0.00048
MED00243,11,weeks_since_sale,0.00336
MED00244,11,weeks_since_sale,0.00098
MED00246,11,weeks_since_sale,0.005
MED00247,11,weeks_since_sale,0.00086
MED00248,11,weeks_since_sale,0.00233
MED00249,11,weeks_since_sale,0.00203
MED00250,11,weeks_since_sale,0.00386
MED00251,11,weeks_since_sale,0.00077
MED00252,11,weeks_since_sale,0.01105
MED00253,11,weeks_since_sale,0.0033
MED00254,11,weeks_since_sale,0.01039
MED00255,11,weeks_since_sale,0.00561
MED00256,11,weeks_since_sale,0.00159
MED00257,11,weeks_since_sale,0.0051
MED00258,11,weeks_since_sale,0.00074
MED00259,11,weeks_since_sale,-0.00011
MED00260,11,weeks_since_sale,0.00498
MED00261,11,weeks_since_sale,0.0016
MED00262,11,weeks_since_sale,0.00105
MED00263,11,weeks_since_sale,0.00112
MED00264,11,weeks_since_sale,-0.01694
MED00265,11,weeks_since_sale,0.00199
MED00266,11,weeks_since_sale,0.00123
MED00267,11,weeks_since_sale,0.00641
MED00268,11,weeks_since_sale,0.00014
MED00269,11,weeks_since_sale,0.00101
MED00270,11,weeks_since_sale,-0.00073
MED00271,11,weeks_since_sale,-0.00108
MED00272,11,weeks_since_sale,0.00469
MED00273,11,weeks_since_sale,0.00274
MED00274,11,weeks_since_sale,0.01301
MED00275,11,weeks_since_sale,0.00451
MED00276,11,weeks_since_sale,0.00076
MED00277,11,weeks_since_sale,0.00827
MED00278,11,weeks_since_sale,0.00112
MED00280,11,weeks_since_sale,0.00489
MED00281,11,weeks_since_sale,0.00198
MED00282,11,weeks_since_sale,0.00415
MED00283,11,weeks_since_sale,0.00227
MED00284,11,weeks_since_sale,0.00172
MED00285,11,weeks_since_sale,0.00698
MED00286,11,weeks_since_sale,0.00291
MED00287,11,weeks_since_sale,0.0025
MED00288,11,weeks_since_sale,0.00033
MED00289,11,weeks_since_sale,0.00711
MED00290,11,weeks_since_sale,0.00079
MED00292,11,weeks_since_sale,0.00219
MED00293,11,weeks_since_sale,0.00537
MED00294,11,weeks_since_sale,0.00039
MED00295,11,weeks_since_sale,0.00543
MED00296,11,weeks_since_sale,0.00442
MED00297,11,weeks_since_sale,0.00301
MED00298,11,weeks_since_sale,-0.00062
MED00299,11,weeks_since_sale,0.0073
MED00300,11,weeks_since_sale,0.00099
MED00301,11,weeks_since_sale,0.00624
MED00302,11,weeks_since_sale,0.00374
MED00303,11,weeks_since_sale,0.00033
MED00304,11,weeks_since_sale,0.00619
MED00305,11,weeks_since_sale,0.00115
MED00306,11,weeks_since_sale,-0.0107
MED00307,11,weeks_since_sale,0.00189
MED00308,11,weeks_since_sale,0.0017
MED00309,11,weeks_since_sale,0.0027
MED00310,11,weeks_since_sale,0.00336
MED00311,11,weeks_since_sale,0.0035
MED00312,11,weeks_since_sale,0.01298
MED00313,11,weeks_since_sale,0.00594
MED00314,11,weeks_since_sale,0.00132
MED00315,11,weeks_since_sale,0.00018
MED00316,11,weeks_since_sale,0.00185
MED00317,11,weeks_since_sale,0.00104
MED00318,11,weeks_since_sale,0.00051
MED00319,11,weeks_since_sale,0.00085
MED00320,11,weeks_since_sale,0.00288
MED00321,11,weeks_since_sale,0.00247
MED00322,11,weeks_since_sale,0.0042
MED00324,11,weeks_since_sale,-0.00137
MED00325,11,weeks_since_sale,0.00258
MED00326,11,weeks_since_sale,0.00116
MED00327,11,weeks_since_sale,0.00275
MED00328,11,weeks_since_sale,0.00319
MED00329,11,weeks_since_sale,0.00042
MED00330,11,weeks_since_sale,0.00545
MED00331,11,weeks_since_sale,-0.00116
MED00332,11,weeks_since_sale,0.00219
MED00333,11,weeks_since_sale,-0.00012
MED00334,11,weeks_since_sale,0.00025
MED00335,11,weeks_since_sale,0.00599
MED00336,11,weeks_since_sale,0.00182
MED00337,11,weeks_since_sale,-0.00069
MED00338,11,weeks_since_sale,0.001
MED00339,11,weeks_since_sale,0.00066
MED00340,11,weeks_since_sale,0.00549
MED00341,11,weeks_since_sale,0.00707
MED00342,11,weeks_since_sale,0.00055
MED00343,11,weeks_since_sale,0.00025
MED00344,11,weeks_since_sale,0.0082
MED00345,11,weeks_since_sale,-0.0047
MED00346,11,weeks_since_sale,0.00267
MED00347,11,weeks_since_sale,-0.00597
MED00348,11,weeks_since_sale,0.00155
MED00349,11,weeks_since_sale,0.00108
MED00350,11,weeks_since_sale,0.00302
MED00351,11,weeks_since_sale,-0.02389
MED00352,11,weeks_since_sale,-0.32919
MED00353,11,weeks_since_sale,0.00407
MED00354,11,weeks_since_sale,0.0008
MED00355,11,weeks_since_sale,0.00093
MED00356,11,weeks_since_sale,-0.00086
MED00357,11,weeks_since_sale,0.0025
MED00358,11,weeks_since_sale,0.00618
MED00359,11,weeks_since_sale,0.00063
MED00360,11,weeks_since_sale,0.00034
MED00361,11,weeks_since_sale,-0.00079
MED00362,11,weeks_since_sale,0.0015
MED00363,11,weeks_since_sale,0.00056
MED00364,11,weeks_since_sale,-0.00771
MED00365,11,weeks_since_sale,0.00052
MED00366,11,weeks_since_sale,-0.00061
MED00367,11,weeks_since_sale,0.00061
MED00368,11,weeks_since_sale,0.00104
MED00369,11,weeks_since_sale,0.00446
MED00370,11,weeks_since_sale,0.00395
MED00371,11,weeks_since_sale,0.00061
MED00372,11,weeks_since_sale,0.00714
MED00373,11,weeks_since_sale,0.00081
MED00374,11,weeks_since_sale,0.00336
MED00375,11,weeks_since_sale,0.00033
MED00376,11,weeks_since_sale,0.00079
MED00377,11,weeks_since_sale,0.002
MED00378,11,weeks_since_sale,0.00136
MED00379,11,weeks_since_sale,0.00481
MED00380,11,weeks_since_sale,0.00881
MED00381,11,weeks_since_sale,0.00103
MED00382,11,weeks_since_sale,0.00197
MED00383,11,weeks_since_sale,0.00351
MED00384,11,weeks_since_sale,-0.00016
MED00385,11,weeks_since_sale,0.00083
MED00386,11,weeks_since_sale,0.00152
MED00387,11,weeks_since_sale,0.00128
MED00388,11,weeks_since_sale,0.0003
MED00389,11,weeks_since_sale,-0.00013
MED00390,11,weeks_since_sale,0.0006
MED00391,11,weeks_since_sale,0.00145
MED00392,11,weeks_since_sale,0.00184
MED00393,11,weeks_since_sale,0.00553
MED00394,11,weeks_since_sale,0.00161
MED00395,11,weeks_since_sale,0.00156
MED00396,11,weeks_since_sale,0.00107
MED00397,11,weeks_since_sale,0.00039
MED00398,11,weeks_since_sale,0.00044
MED00399,11,weeks_since_sale,0.00063
MED00400,11,weeks_since_sale,0.00108
MED00401,11,weeks_since_sale,0.00033
MED00402,11,weeks_since_sale,0.00126
MED00403,11,weeks_since_sale,0.00153
MED00404,11,weeks_since_sale,0.00745
MED00405,11,weeks_since_sale,0.00283
MED00406,11,weeks_since_sale,0.00131
MED00407,11,weeks_since_sale,0.00138
MED00408,11,weeks_since_sale,0.00467
MED00409,11,weeks_since_sale,0.00169
MED00410,11,weeks_since_sale,0.00154
MED00411,11,weeks_since_sale,0.00193
MED00412,11,weeks_since_sale,0.00182
MED00413,11,weeks_since_sale,0.00212
MED00414,11,weeks_since_sale,0.00197
MED00415,11,weeks_since_sale,0.00245
MED00416,11,weeks_since_sale,0.00199
MED00417,11,weeks_since_sale,0.00298
MED00418,11,weeks_since_sale,0.0041
MED00419,11,weeks_since_sale,0.0029
MED00420,11,weeks_since_sale,0.00176
MED00421,11,weeks_since_sale,0.00152
MED00422,11,weeks_since_sale,0.00201
MED00423,11,weeks_since_sale,0.00101
MED00424,11,weeks_since_sale,0.00068
MED00001,12,weeks_since_sale,0.00174
MED00002,12,weeks_since_sale,0.00648
MED00003,12,weeks_since_sale,0.01424
MED00004,12,weeks_since_sale,0.0029
MED00005,12,weeks_since_sale,0.00684
MED00006,12,weeks_since_sale,-0.00409
MED00007,12,weeks_since_sale,0.0042
MED00008,12,weeks_since_sale,0.00402
MED00009,12,weeks_since_sale,0.00272
MED00010,12,weeks_since_sale,0.00136
MED00011,12,weeks_since_sale,0.00108
MED00012,12,weeks_since_sale,0.001
MED00013,12,weeks_since_sale,0.00326
MED00014,12,weeks_since_sale,-0.00025
MED00015,12,weeks_since_sale,0.00514
MED00016,12,weeks_since_sale,-0.00106
MED00017,12,weeks_since_sale,0.00084
MED00018,12,weeks_since_sale,0.00078
MED00020,12,weeks_since_sale,-0.00054
MED00021,12,weeks_since_sale,0.00441
MED00022,12,weeks_since_sale,0.00187
MED00023,12,weeks_since_sale,-0.00288
MED00024,12,weeks_since_sale,0.00163
MED00025,12,weeks_since_sale,-0.01085
MED00026,12,weeks_since_sale,0.01358
MED00027,12,weeks_since_sale,-0.0047
MED00028,12,weeks_since_sale,0.00646
MED00029,12,weeks_since_sale,0.00062
MED00030,12,weeks_since_sale,0.00352
MED00031,12,weeks_since_sale,0.00369
MED00032,12,weeks_since_sale,0.00282
MED00033,12,weeks_since_sale,0.00198
MED00034,12,weeks_since_sale,0.00098
MED00035,12,weeks_since_sale,0.01195
MED00036,12,weeks_since_sale,0.00259
MED00037,12,weeks_since_sale,0.00279
MED00038,12,weeks_since_sale,-0.00112
MED00039,12,weeks_since_sale,0.00246
MED00040,12,weeks_since_sale,-0.00201
MED00041,12,weeks_since_sale,0.01305
MED00042,12,weeks_since_sale,0.00448
MED00043,12,weeks_since_sale,0.0047
MED00044,12,weeks_since_sale,0.00087
MED00045,12,weeks_since_sale,0.00026
MED00046,12,weeks_since_sale,0.00093
MED00047,12,weeks_since_sale,0.0038
MED00048,12,weeks_since_sale,0.00094
MED00049,12,weeks_since_sale,0.00076
MED00050,12,weeks_since_sale,0.00234
MED00051,12,weeks_since_sale,0.00301
MED00052,12,weeks_since_sale,0.00939
MED00053,12,weeks_since_sale,0.00085
MED00055,12,weeks_since_sale,-0.00041
MED00056,12,weeks_since_sale,0.00211
MED00057,12,weeks_since_sale,0.00964
MED00058,12,weeks_since_sale,-0.00289
MED00059,12,weeks_since_sale,0.00151
MED00060,12,weeks_since_sale,0.00719
MED00061,12,weeks_since_sale,0.00045
MED00062,12,weeks_since_sale,0.00311
MED00063,12,weeks_since_sale,-0.00945
MED00064,12,weeks_since_sale,-0.00381
MED00065,12,weeks_since_sale,0.0003
MED00066,12,weeks_since_sale,0.01149
MED00067,12,weeks_since_sale,-0.00109
MED00068,12,weeks_since_sale,0.00264
MED00069,12,weeks_since_sale,0.00114
MED00070,12,weeks_since_sale,0.00082
MED00071,12,weeks_since_sale,0.00036
MED00072,12,weeks_since_sale,0.00097
MED00073,12,weeks_since_sale,0.0025
MED00074,12,weeks_since_sale,0.00098
MED00075,12,weeks_since_sale,0.00178
MED00076,12,weeks_since_sale,0.00781
MED00077,12,weeks_since_sale,0.00325
MED00078,12,weeks_since_sale,0.00076
MED00079,12,weeks_since_sale,0.00334
MED00080,12,weeks_since_sale,0.00233
MED00081,12,weeks_since_sale,0.01099
MED00082,12,weeks_since_sale,0.00244
MED00083,12,weeks_since_sale,0.00373
MED00084,12,weeks_since_sale,0.00014
MED00085,12,weeks_since_sale,-0.00039
MED00086,12,weeks_since_sale,0.01167
MED00087,12,weeks_since_sale,0.00072
MED00088,12,weeks_since_sale,-0.004
MED00089,12,weeks_since_sale,0.0011
MED00090,12,weeks_since_sale,0.0047
MED00091,12,weeks_since_sale,0.00064
MED00092,12,weeks_since_sale,-0.00117
MED00093,12,weeks_since_sale,0.00735
MED00094,12,weeks_since_sale,0.00132
MED00095,12,weeks_since_sale,0.00203
MED00096,12,weeks_since_sale,0.00067
MED00097,12,weeks_since_sale,0.00362
MED00098,12,weeks_since_sale,0.00204
MED00099,12,weeks_since_sale,-0.01409
MED00100,12,weeks_since_sale,-0.01267
MED00101,12,weeks_since_sale,0.00406
MED00102,12,weeks_since_sale,0.00088
MED00103,12,weeks_since_sale,0.0017
MED00104,12,weeks_since_sale,0.00271
MED00105,12,weeks_since_sale,0.00124
MED00106,12,weeks_since_sale,-0.02314
MED00107,12,weeks_since_sale,0.00206
MED00108,12,weeks_since_sale,0.00261
MED00109,12,weeks_since_sale,0.00586
MED00110,12,weeks_since_sale,0.00043
MED00111,12,weeks_since_sale,0.00264
MED00112,12,weeks_since_sale,0.00154
MED00113,12,weeks_since_sale,-0.00075
MED00114,12,weeks_since_sale,0.0003
MED00115,12,weeks_since_sale,0.00089
MED00116,12,weeks_since_sale,0.00172
MED00117,12,weeks_since_sale,0.00095
MED00118,12,weeks_since_sale,-0.00225
MED00119,12,weeks_since_sale,0.00103
MED00120,12,weeks_since_sale,0.00119
MED00121,12,weeks_since_sale,0.00359
MED00122,12,weeks_since_sale,-0.00065
MED00123,12,weeks_since_sale,-0.00078
MED00124,12,weeks_since_sale,0.00201
MED00125,12,weeks_since_sale,0.00354
MED00126,12,weeks_since_sale,0.00104
MED00127,12,weeks_since_sale,0.00296
MED00128,12,weeks_since_sale,0.00121
MED00129,12,weeks_since_sale,0.00137
MED00130,12,weeks_since_sale,0.00045
MED00131,12,weeks_since_sale,0.00046
MED00132,12,weeks_since_sale,0.00219
MED00133,12,weeks_since_sale,0.01096
MED00134,12,weeks_since_sale,0.00043
MED00135,12,weeks_since_sale,0.00088
MED00136,12,weeks_since_sale,0.00186
MED00137,12,weeks_since_sale,-0.00146
MED00138,12,weeks_since_sale,0.00085
MED00139,12,weeks_since_sale,0.00293
MED00140,12,weeks_since_sale,0.00059
MED00141,12,weeks_since_sale,0.00524
MED00142,12,weeks_since_sale,0.00472
MED00143,12,weeks_since_sale,0.0003
MED00144,12,weeks_since_sale,0.00435
MED00145,12,weeks_since_sale,-0.00035
MED00147,12,weeks_since_sale,0.00152
MED00148,12,weeks_since_sale,0.00669
MED00149,12,weeks_since_sale,0.00361
MED00150,12,weeks_since_sale,-0.00027
MED00151,12,weeks_since_sale,0.00102
MED00152,12,weeks_since_sale,0.00057
MED00153,12,weeks_since_sale,0.00116
MED00154,12,weeks_since_sale,-0.00133
MED00155,12,weeks_since_sale,0.00091
MED00156,12,weeks_since_sale,0.00256
MED00157,12,weeks_since_sale,0.00525
MED00158,12,weeks_since_sale,0.00951
MED00159,12,weeks_since_sale,0.00169
MED00160,12,weeks_since_sale,0.00468
MED00161,12,weeks_since_sale,0.00268
MED00162,12,weeks_since_sale,0.00035
MED00163,12,weeks_since_sale,0.013
MED00164,12,weeks_since_sale,0.00024
MED00165,12,weeks_since_sale,0.00404
MED00166,12,weeks_since_sale,0.00086
MED00167,12,weeks_since_sale,-0.00123
MED00168,12,weeks_since_sale,0.00084
MED00169,12,weeks_since_sale,0.00188
MED00170,12,weeks_since_sale,-0.00106
MED00171,12,weeks_since_sale,0.00068
MED00172,12,weeks_since_sale,0.00117
MED00173,12,weeks_since_sale,0.00103
MED00174,12,weeks_since_sale,0.00276
MED00175,12,weeks_since_sale,0.00263
MED00176,12,weeks_since_sale,0.00022
MED00177,12,weeks_since_sale,0.00566
MED00178,12,weeks_since_sale,-0.00171
MED00179,12,weeks_since_sale,0.0108
MED00180,12,weeks_since_sale,0.00093
MED00181,12,weeks_since_sale,0.00238
MED00182,12,weeks_since_sale,0.00232
MED00183,12,weeks_since_sale,0.00232
MED00184,12,weeks_since_sale,-0.00184
MED00185,12,weeks_since_sale,0.00044
MED00186,12,weeks_since_sale,0.00098
MED00187,12,weeks_since_sale,0.00041
MED00188,12,weeks_since_sale,0.00066
MED00189,12,weeks_since_sale,0.01119
MED00190,12,weeks_since_sale,0.00075
MED00191,12,weeks_since_sale,0.00156
MED00192,12,weeks_since_sale,0.00769
MED00193,12,weeks_since_sale,-0.00182
MED00194,12,weeks_since_sale,0.00114
MED00195,12,weeks_since_sale,0.0056
MED00196,12,weeks_since_sale,0.00256
MED00197,12,weeks_since_sale,0.00096
MED00198,12,weeks_since_sale,0.00078
MED00199,12,weeks_since_sale,-0.00093
MED00200,12,weeks_since_sale,0.00173
MED00201,12,weeks_since_sale,0.00296
MED00202,12,weeks_since_sale,0.00114
MED00203,12,weeks_since_sale,0.00099
MED00204,12,weeks_since_sale,0.0013
MED00205,12,weeks_since_sale,0.00107
MED00206,12,weeks_since_sale,-0.00233
MED00207,12,weeks_since_sale,0.0002
MED00208,12,weeks_since_sale,0.0015
MED00209,12,weeks_since_sale,-0.00048
MED00210,12,weeks_since_sale,0.00226
MED00211,12,weeks_since_sale,0.00131
MED00212,12,weeks_since_sale,0.0033
MED00213,12,weeks_since_sale,0.00376
MED00215,12,weeks_since_sale,0.00087
MED00216,12,weeks_since_sale,-0.01857
MED00217,12,weeks_since_sale,0.00431
MED00218,12,weeks_since_sale,0.00582
MED00219,12,weeks_since_sale,-0.00027
MED00220,12,weeks_since_sale,0.00045
MED00221,12,weeks_since_sale,0.00303
MED00222,12,weeks_since_sale,0.003
MED00223,12,weeks_since_sale,0.00103
MED00224,12,weeks_since_sale,0.00056
MED00225,12,weeks_since_sale,0.00371
MED00226,12,weeks_since_sale,0.00106
MED00227,12,weeks_since_sale,-0.00246
MED00228,12,weeks_since_sale,0.00172
MED00229,12,weeks_since_sale,-0.01758
MED00230,12,weeks_since_sale,-0.0006
MED00231,12,weeks_since_sale,-0.00233
MED00232,12,weeks_since_sale,0.00291
MED00233,12,weeks_since_sale,0.00712
MED00234,12,weeks_since_sale,-0.00024
MED00235,12,weeks_since_sale,0.00029
MED00236,12,weeks_since_sale,0.00155
MED00237,12,weeks_since_sale,0.00605
MED00238,12,weeks_since_sale,0.00046
MED00239,12,weeks_since_sale,0.00268
MED00240,12,weeks_since_sale,0.00494
MED00241,12,weeks_since_sale,0.00134
MED00242,12,weeks_since_sale,0.00063
MED00243,12,weeks_since_sale,0.00675
MED00244,12,weeks_since_sale,0.00097
MED00245,12,weeks_since_sale,-0.00011
MED00246,12,weeks_since_sale,0.005
MED00247,12,weeks_since_sale,0.00086
MED00248,12,weeks_since_sale,0.00231
MED00249,12,weeks_since_sale,0.00202
MED00250,12,weeks_since_sale,0.00373
MED00251,12,weeks_since_sale,0.00088
MED00252,12,weeks_since_sale,0.0105
MED00253,12,weeks_since_sale,0.00333
MED00254,12,weeks_since_sale,0.01056
MED00255,12,weeks_since_sale,0.00512
MED00256,12,weeks_since_sale,0.00158
MED00257,12,weeks_since_sale,0.00497
MED00258,12,weeks_since_sale,0.00074
MED00260,12,weeks_since_sale,0.0055
MED00261,12,weeks_since_sale,0.0017
MED00262,12,weeks_since_sale,0.00092
MED00263,12,weeks_since_sale,0.00064
MED00264,12,weeks_since_sale,-0.01565
MED00265,12,weeks_since_sale,0.00199
MED00266,12,weeks_since_sale,0.00122
MED00267,12,weeks_since_sale,0.0064
MED00268,12,weeks_since_sale,0.00014
MED00269,12,weeks_since_sale,0.001
MED00270,12,weeks_since_sale,-0.00074
MED00271,12,weeks_since_sale,-0.00032
MED00272,12,weeks_since_sale,0.00468
MED00273,12,weeks_since_sale,0.00273
MED00274,12,weeks_since_sale,0.01036
MED00275,12,weeks_since_sale,0.0045
MED00276,12,weeks_since_sale,0.00079
MED00277,12,weeks_since_sale,0.01121
MED00278,12,weeks_since_sale,0.00111
MED00280,12,weeks_since_sale,0.00757
MED00281,12,weeks_since_sale,0.00199
MED00282,12,weeks_since_sale,0.00415
MED00283,12,weeks_since_sale,0.00227
MED00284,12,weeks_since_sale,0.0017
MED00285,12,weeks_since_sale,0.00697
MED00286,12,weeks_since_sale,0.00279
MED00287,12,weeks_since_sale,0.0025
MED00288,12,weeks_since_sale,0.00028
MED00289,12,weeks_since_sale,0.00675
MED00290,12,weeks_since_sale,0.0009
MED00292,12,weeks_since_sale,0.00229
MED00293,12,weeks_since_sale,0.00536
MED00294,12,weeks_since_sale,0.00047
MED00295,12,weeks_since_sale,0.00362
MED00296,12,weeks_since_sale,0.00442
MED00297,12,weeks_since_sale,0.003
MED00298,12,weeks_since_sale,-0.00063
MED00299,12,weeks_since_sale,0.00402
MED00300,12,weeks_since_sale,0.00099
MED00301,12,weeks_since_sale,0.00623
MED00302,12,weeks_since_sale,0.00372
MED00303,12,weeks_since_sale,0.00033
MED00304,12,weeks_since_sale,0.00617
MED00305,12,weeks_since_sale,0.00126
MED00306,12,weeks_since_sale,-0.00944
MED00307,12,weeks_since_sale,0.00185
MED00308,12,weeks_since_sale,0.00167
MED00309,12,weeks_since_sale,0.00265
MED00310,12,weeks_since_sale,0.00336
MED00311,12,weeks_since_sale,0.00349
MED00312,12,weeks_since_sale,0.01301
MED00313,12,weeks_since_sale,0.00648
MED00314,12,weeks_since_sale,0.00132
MED00315,12,weeks_since_sale,0.00018
MED00316,12,weeks_since_sale,0.00184
MED00317,12,weeks_since_sale,0.00103
MED00318,12,weeks_since_sale,0.00039
MED00319,12,weeks_since_sale,0.00084
MED00320,12,weeks_since_sale,0.00284
MED00321,12,weeks_since_sale,0.00191
MED00322,12,weeks_since_sale,0.00719
MED00323,12,weeks_since_sale,-0.00146
MED00324,12,weeks_since_sale,-0.00175
MED00325,12,weeks_since_sale,0.00257
MED00326,12,weeks_since_sale,0.00116
MED00327,12,weeks_since_sale,0.00274
MED00328,12,weeks_since_sale,0.00319
MED00329,12,weeks_since_sale,0.00042
MED00330,12,weeks_since_sale,0.00545
MED00331,12,weeks_since_sale,-0.00091
MED00332,12,weeks_since_sale,0.00218
MED00333,12,weeks_since_sale,-0.0002
MED00334,12,weeks_since_sale,0.00025
MED00335,12,weeks_since_sale,0.00562
MED00336,12,weeks_since_sale,0.00181
MED00337,12,weeks_since_sale,-0.00075
MED00338,12,weeks_since_sale,0.00099
MED00339,12,weeks_since_sale,0.00074
MED00340,12,weeks_since_sale,0.00503
MED00341,12,weeks_since_sale,0.00706
MED00342,12,weeks_since_sale,0.00055
MED00343,12,weeks_since_sale,0.00025
MED00344,12,weeks_since_sale,0.00835
MED00345,12,weeks_since_sale,-0.00242
MED00346,12,weeks_since_sale,0.00266
MED00347,12,weeks_since_sale,-0.00146
MED00348,12,weeks_since_sale,0.00166
MED00349,12,weeks_since_sale,0.00107
MED00350,12,weeks_since_sale,0.00296
MED00351,12,weeks_since_sale,-0.02389
MED00352,12,weeks_since_sale,-0.32244
MED00353,12,weeks_since_sale,0.00419
MED00354,12,weeks_since_sale,0.00094
MED00355,12,weeks_since_sale,0.00082
MED00356,12,weeks_since_sale,-0.00088
MED00357,12,weeks_since_sale,-0.00127
MED00358,12,weeks_since_sale,0.00618
MED00359,12,weeks_since_sale,0.00062
MED00360,12,weeks_since_sale,0.00075
MED00361,12,weeks_since_sale,-0.00082
MED00362,12,weeks_since_sale,0.0015
MED00363,12,weeks_since_sale,0.00067
MED00364,12,weeks_since_sale,-0.00321
MED00365,12,weeks_since_sale,0.00051
MED00366,12,weeks_since_sale,-0.00061
MED00367,12,weeks_since_sale,0.0006
MED00368,12,weeks_since_sale,0.00117
MED00369,12,weeks_since_sale,0.00433
MED00370,12,weeks_since_sale,0.00362
MED00371,12,weeks_since_sale,0.0006
MED00372,12,weeks_since_sale,0.00345
MED00373,12,weeks_since_sale,-0.00251
MED00374,12,weeks_since_sale,0.00348
MED00375,12,weeks_since_sale,0.00032
MED00376,12,weeks_since_sale,0.00078
MED00377,12,weeks_since_sale,0.00531
MED00378,12,weeks_since_sale,0.00136
MED00379,12,weeks_since_sale,0.00695
MED00380,12,weeks_since_sale,0.00881
MED00381,12,weeks_since_sale,0.00086
MED00382,12,weeks_since_sale,0.00197
MED00383,12,weeks_since_sale,0.00351
MED00384,12,weeks_since_sale,-0.00016
MED00385,12,weeks_since_sale,0.00083
MED00386,12,weeks_since_sale,0.00152
MED00387,12,weeks_since_sale,0.00128
MED00388,12,weeks_since_sale,0.00025
MED00389,12,weeks_since_sale,-0.00025
MED00390,12,weeks_since_sale,0.00044
MED00391,12,weeks_since_sale,0.00145
MED00392,12,weeks_since_sale,0.00183
MED00393,12,weeks_since_sale,0.00553
MED00394,12,weeks_since_sale,0.0016
MED00395,12,weeks_since_sale,0.00155
MED00396,12,weeks_since_sale,0.00109
MED00397,12,weeks_since_sale,0.00033
MED00398,12,weeks_since_sale,0.00037
MED00399,12,weeks_since_sale,0.00054
MED00400,12,weeks_since_sale,0.00102
MED00401,12,weeks_since_sale,0.00033
MED00402,12,weeks_since_sale,0.00124
MED00403,12,weeks_since_sale,0.00153
MED00404,12,weeks_since_sale,0.00744
MED00405,12,weeks_since_sale,0.00283
MED00406,12,weeks_since_sale,0.00131
MED00407,12,weeks_since_sale,0.00138
MED00408,12,weeks_since_sale,0.00467
MED00409,12,weeks_since_sale,0.00163
MED00410,12,weeks_since_sale,0.00137
MED00411,12,weeks_since_sale,0.00187
MED00412,12,weeks_since_sale,0.00182
MED00413,12,weeks_since_sale,0.00212
MED00414,12,weeks_since_sale,0.00197
MED00415,12,weeks_since_sale,0.00245
MED00416,12,weeks_since_sale,0.00197
MED00417,12,weeks_since_sale,0.00298
MED00418,12,weeks_since_sale,0.00411
MED00419,12,weeks_since_sale,0.00292
MED00420,12,weeks_since_sale,0.00171
MED00421,12,weeks_since_sale,0.00151
MED00422,12,weeks_since_sale,0.00201
MED00423,12,weeks_since_sale,0.00102
MED00424,12,weeks_since_sale,0.00063
MED00001,1,ema,0.00325
MED00002,1,ema,-0.02579
MED00003,1,ema,-0.00597
MED00004,1,ema,0.00857
MED00005,1,ema,0.00347
MED00006,1,ema,-0.00011
MED00007,1,ema,0.00284
MED00008,1,ema,0.00082
MED00009,1,ema,0.00113
MED00010,1,ema,0.00079
MED00011,1,ema,0.0041
MED00012,1,ema,0.00564
MED00013,1,ema,-0.00215
MED00014,1,ema,0.00137
MED00015,1,ema,-0.00047
MED00017,1,ema,0.00163
MED00018,1,ema,0.00104
MED00019,1,ema,0.00281
MED00020,1,ema,0.00059
MED00021,1,ema,-0.00039
MED00022,1,ema,-0.00346
MED00023,1,ema,0.00084
MED00024,1,ema,0.00055
MED00025,1,ema,-0.04282
MED00026,1,ema,0.00048
MED00027,1,ema,-0.02989
MED00028,1,ema,0.00912
MED00029,1,ema,0.00333
MED00030,1,ema,0.00025
MED00031,1,ema,-0.00146
MED00032,1,ema,-0.00148
MED00033,1,ema,0.00347
MED00034,1,ema,0.00309
MED00035,1,ema,0.0011
MED00036,1,ema,0.0047
MED00037,1,ema,0.00449
MED00038,1,ema,0.00331
MED00039,1,ema,-0.00108
MED00040,1,ema,0.00051
MED00041,1,ema,-0.00127
MED00042,1,ema,0.00331
MED00044,1,ema,0.00319
MED00045,1,ema,0.00146
MED00046,1,ema,0.01198
MED00048,1,ema,0.00354
MED00049,1,ema,-0.05738
MED00050,1,ema,0.00368
MED00051,1,ema,-0.00846
MED00052,1,ema,0.00301
MED00053,1,ema,-0.00464
MED00054,1,ema,-0.0039
MED00055,1,ema,0.00471
MED00056,1,ema,0.00583
MED00057,1,ema,0.00288
MED00058,1,ema,-0.00327
MED00059,1,ema,-0.00472
MED00060,1,ema,-0.00577
MED00061,1,ema,0.00191
MED00062,1,ema,0.00436
MED00063,1,ema,-0.04201
MED00064,1,ema,0.0021
MED00065,1,ema,0.00095
MED00066,1,ema,0.0028
MED00067,1,ema,-0.00163
MED00068,1,ema,-0.00303
MED00069,1,ema,0.01062
MED00070,1,ema,0.0042
MED00071,1,ema,0.00287
MED00072,1,ema,-0.00209
MED00074,1,ema,0.00036
MED00075,1,ema,-0.00219
MED00076,1,ema,0.00019
MED00077,1,ema,0.00195
MED00078,1,ema,0.00271
MED00079,1,ema,-0.00064
MED00080,1,ema,-0.00371
MED00081,1,ema,-0.00122
MED00082,1,ema,0.00369
MED00083,1,ema,0.00372
MED00084,1,ema,0.00269
MED00085,1,ema,-0.00182
MED00086,1,ema,0.00139
MED00087,1,ema,0.00508
MED00088,1,ema,0.00235
MED00090,1,ema,0.00133
MED00091,1,ema,0.00061
MED00092,1,ema,0.00041
MED00093,1,ema,0.00422
MED00095,1,ema,-0.00195
MED00096,1,ema,0.00233
MED00097,1,ema,-0.00017
MED00098,1,ema,-0.00432
MED00099,1,ema,-0.0189
MED00100,1,ema,-0.00213
MED00101,1,ema,-0.0025
MED00103,1,ema,0.00345
MED00104,1,ema,-0.00461
MED00105,1,ema,-0.00275
MED00106,1,ema,-0.05522
MED00107,1,ema,-0.00432
MED00108,1,ema,0.00127
MED00109,1,ema,-0.00094
MED00110,1,ema,-0.02176
MED00111,1,ema,0.00259
MED00112,1,ema,0.00205
MED00113,1,ema,-0.00253
MED00114,1,ema,-0.0056
MED00115,1,ema,0.00588
MED00116,1,ema,0.0025
MED00117,1,ema,0.00286
MED00118,1,ema,-0.00132
MED00119,1,ema,0.00953
MED00120,1,ema,0.00409
MED00121,1,ema,0.00275
MED00122,1,ema,-0.00281
MED00123,1,ema,-0.001
MED00124,1,ema,-0.00463
MED00125,1,ema,-0.00142
MED00126,1,ema,0.01286
MED00127,1,ema,0.00781
MED00128,1,ema,0.00237
MED00129,1,ema,0.00188
MED00130,1,ema,-0.05655
MED00131,1,ema,0.00073
MED00132,1,ema,-0.03876
MED00133,1,ema,1e-04
MED00134,1,ema,-0.02031
MED00135,1,ema,0.00063
MED00136,1,ema,0.00595
MED00137,1,ema,0.00388
MED00138,1,ema,0.00508
MED00139,1,ema,0.0033
MED00140,1,ema,0.00413
MED00141,1,ema,-0.00227
MED00142,1,ema,-0.00086
MED00143,1,ema,0.00164
MED00144,1,ema,0.00132
MED00145,1,ema,0.00092
MED00146,1,ema,-0.00064
MED00147,1,ema,0.00524
MED00149,1,ema,0.00081
MED00150,1,ema,0.01008
MED00151,1,ema,0.00453
MED00152,1,ema,0.00575
MED00153,1,ema,0.00706
MED00154,1,ema,0.00361
MED00155,1,ema,0.00153
MED00156,1,ema,-0.00116
MED00157,1,ema,-0.0031
MED00158,1,ema,0.00102
MED00159,1,ema,0.00365
MED00160,1,ema,0.00132
MED00161,1,ema,0.00018
MED00162,1,ema,0.00224
MED00164,1,ema,0.00319
MED00165,1,ema,0.00256
MED00166,1,ema,0.00229
MED00167,1,ema,-0.00229
MED00168,1,ema,0.00816
MED00169,1,ema,0.00249
MED00170,1,ema,-0.00219
MED00171,1,ema,0.00143
MED00172,1,ema,-0.00202
MED00173,1,ema,0.00445
MED00174,1,ema,0.0011
MED00175,1,ema,-0.00021
MED00176,1,ema,-0.00333
MED00177,1,ema,-0.00065
MED00178,1,ema,-0.00299
MED00179,1,ema,0.00149
MED00180,1,ema,0.00143
MED00181,1,ema,0.00216
MED00182,1,ema,-0.02414
MED00183,1,ema,-0.00686
MED00184,1,ema,0.00181
MED00185,1,ema,0.00098
MED00186,1,ema,0.0057
MED00187,1,ema,0.00687
MED00188,1,ema,-0.00196
MED00189,1,ema,-0.00398
MED00190,1,ema,0.00228
MED00191,1,ema,0.00254
MED00192,1,ema,-0.00166
MED00193,1,ema,-0.08756
MED00194,1,ema,-0.00396
MED00195,1,ema,-0.00379
MED00197,1,ema,0.0033
MED00198,1,ema,0.00443
MED00199,1,ema,0.00967
MED00200,1,ema,0.00261
MED00201,1,ema,-0.00448
MED00202,1,ema,0.00424
MED00203,1,ema,-0.00242
MED00204,1,ema,0.00265
MED00205,1,ema,0.0012
MED00206,1,ema,-0.00313
MED00207,1,ema,0.00195
MED00208,1,ema,-0.00243
MED00209,1,ema,0.00195
MED00210,1,ema,0.00351
MED00211,1,ema,0.00305
MED00212,1,ema,-0.00017
MED00213,1,ema,0.0041
MED00214,1,ema,0.00401
MED00215,1,ema,0.0016
MED00216,1,ema,-0.06546
MED00217,1,ema,-0.00091
MED00218,1,ema,-0.00089
MED00219,1,ema,-0.00277
MED00220,1,ema,0.00476
MED00221,1,ema,0.00204
MED00222,1,ema,0.00011
MED00223,1,ema,0.00514
MED00224,1,ema,0.00186
MED00225,1,ema,-0.0037
MED00226,1,ema,0.01004
MED00227,1,ema,0.00375
MED00228,1,ema,-0.00108
MED00229,1,ema,-0.07121
MED00230,1,ema,-0.00316
MED00231,1,ema,0.00013
MED00232,1,ema,0.00143
MED00233,1,ema,-0.00076
MED00234,1,ema,-0.00144
MED00235,1,ema,0.00109
MED00236,1,ema,0.00159
MED00237,1,ema,-0.00354
MED00238,1,ema,0.00185
MED00239,1,ema,0.00135
MED00240,1,ema,-0.00068
MED00241,1,ema,0.00185
MED00242,1,ema,-0.00316
MED00243,1,ema,-0.00487
MED00244,1,ema,0.00529
MED00245,1,ema,0.00087
MED00246,1,ema,-0.00321
MED00247,1,ema,0.00355
MED00248,1,ema,-0.00125
MED00249,1,ema,0.00376
MED00250,1,ema,0.00411
MED00251,1,ema,0.00147
MED00252,1,ema,-0.0005
MED00253,1,ema,0.00148
MED00254,1,ema,0.002
MED00255,1,ema,-0.0022
MED00256,1,ema,-0.00098
MED00257,1,ema,-0.00489
MED00258,1,ema,0.00188
MED00259,1,ema,-0.00155
MED00260,1,ema,-0.00269
MED00261,1,ema,0.00194
MED00262,1,ema,-0.00143
MED00263,1,ema,-0.00066
MED00264,1,ema,-0.05871
MED00265,1,ema,-0.00468
MED00266,1,ema,0.00264
MED00267,1,ema,0.00145
MED00268,1,ema,0.00163
MED00269,1,ema,0.00546
MED00270,1,ema,-0.00077
MED00271,1,ema,-0.00087
MED00272,1,ema,0.00111
MED00273,1,ema,0.00098
MED00274,1,ema,-0.00103
MED00275,1,ema,0.00306
MED00276,1,ema,0.00213
MED00277,1,ema,-0.00285
MED00278,1,ema,-0.00352
MED00279,1,ema,0.00385
MED00281,1,ema,0.00326
MED00282,1,ema,0.00238
MED00283,1,ema,0.0038
MED00284,1,ema,0.0059
MED00286,1,ema,-0.00044
MED00287,1,ema,0.00257
MED00288,1,ema,0.00252
MED00289,1,ema,-0.00545
MED00290,1,ema,0.00412
MED00291,1,ema,0.01937
MED00293,1,ema,-0.00138
MED00294,1,ema,0.01018
MED00295,1,ema,0.00125
MED00296,1,ema,0.00042
MED00297,1,ema,-0.00067
MED00298,1,ema,-0.00131
MED00299,1,ema,0.00182
MED00300,1,ema,0.004
MED00301,1,ema,0.00094
MED00302,1,ema,0.00124
MED00303,1,ema,0.00687
MED00304,1,ema,-0.00026
MED00305,1,ema,0.0012
MED00306,1,ema,-0.03683
MED00307,1,ema,0.00392
MED00308,1,ema,0.00449
MED00309,1,ema,0.00877
MED00310,1,ema,0.00244
MED00311,1,ema,0.00424
MED00312,1,ema,0.00039
MED00313,1,ema,0.01303
MED00314,1,ema,0.00125
MED00315,1,ema,0.0029
MED00316,1,ema,0.00167
MED00317,1,ema,0.00447
MED00318,1,ema,-0.00041
MED00319,1,ema,-0.00433
MED00320,1,ema,0.00782
MED00321,1,ema,0.00486
MED00322,1,ema,-0.03024
MED00323,1,ema,0.00016
MED00324,1,ema,0.00392
MED00325,1,ema,-0.00037
MED00326,1,ema,-0.00462
MED00327,1,ema,0.0026
MED00328,1,ema,-0.00226
MED00329,1,ema,-0.00438
MED00330,1,ema,-0.00108
MED00331,1,ema,-0.00098
MED00332,1,ema,0.00168
MED00333,1,ema,-0.00257
MED00334,1,ema,0.00125
MED00335,1,ema,0.00849
MED00336,1,ema,-0.0045
MED00337,1,ema,-0.00011
MED00338,1,ema,0.00327
MED00339,1,ema,0.00294
MED00340,1,ema,0.00469
MED00341,1,ema,-0.00213
MED00342,1,ema,0.00635
MED00343,1,ema,0.00241
MED00344,1,ema,0.00667
MED00345,1,ema,-0.05615
MED00346,1,ema,0.00245
MED00347,1,ema,-0.00305
MED00348,1,ema,0.00702
MED00349,1,ema,0.00209
MED00350,1,ema,-0.00191
MED00351,1,ema,-0.06927
MED00352,1,ema,-0.03199
MED00353,1,ema,0.00384
MED00354,1,ema,-0.0002
MED00355,1,ema,-0.00532
MED00356,1,ema,-0.00156
MED00357,1,ema,0.00157
MED00358,1,ema,0.00236
MED00359,1,ema,0.00807
MED00360,1,ema,-0.00168
MED00361,1,ema,-0.00278
MED00362,1,ema,-0.00091
MED00363,1,ema,0.00283
MED00364,1,ema,-0.01087
MED00365,1,ema,0.00136
MED00366,1,ema,0.00263
MED00367,1,ema,0.00902
MED00368,1,ema,-0.00151
MED00369,1,ema,0.00059
MED00370,1,ema,0.00139
MED00371,1,ema,-0.0046
MED00372,1,ema,0.00012
MED00373,1,ema,0.00205
MED00374,1,ema,-0.00232
MED00375,1,ema,0.00283
MED00376,1,ema,0.00483
MED00377,1,ema,0.00417
MED00378,1,ema,0.00138
MED00379,1,ema,-0.00366
MED00380,1,ema,0.0032
MED00381,1,ema,-0.00238
MED00382,1,ema,0.00196
MED00383,1,ema,0.002
MED00384,1,ema,-0.00157
MED00385,1,ema,0.00212
MED00386,1,ema,0.00105
MED00387,1,ema,0.00341
MED00388,1,ema,0.00073
MED00389,1,ema,0.00178
MED00390,1,ema,0.00286
MED00391,1,ema,0.00416
MED00392,1,ema,0.00394
MED00393,1,ema,-0.00602
MED00394,1,ema,0.00292
MED00395,1,ema,0.00319
MED00396,1,ema,0.00202
MED00397,1,ema,0.00089
MED00398,1,ema,0.00104
MED00399,1,ema,0.00102
MED00400,1,ema,0.00105
MED00401,1,ema,0.00169
MED00402,1,ema,0.00297
MED00403,1,ema,-0.00277
MED00404,1,ema,0.00085
MED00405,1,ema,0.00016
MED00406,1,ema,0.00317
MED00407,1,ema,0.00241
MED00408,1,ema,-0.00626
MED00409,1,ema,-0.00475
MED00410,1,ema,0.00176
MED00411,1,ema,0.00378
MED00412,1,ema,-0.00524
MED00413,1,ema,-0.00634
MED00414,1,ema,0.00297
MED00415,1,ema,0.00348
MED00416,1,ema,0.00402
MED00417,1,ema,-0.00447
MED00418,1,ema,-0.00458
MED00419,1,ema,-0.00462
MED00420,1,ema,0.00257
MED00421,1,ema,0.00197
MED00422,1,ema,0.00403
MED00423,1,ema,-0.00459
MED00424,1,ema,0.00114
MED00001,2,ema,0.00325
MED00002,2,ema,-0.02494
MED00003,2,ema,-0.00617
MED00004,2,ema,0.00758
MED00005,2,ema,0.00346
MED00006,2,ema,-0.00013
MED00007,2,ema,0.00284
MED00008,2,ema,0.00083
MED00009,2,ema,0.00113
MED00010,2,ema,0.00124
MED00011,2,ema,0.0041
MED00012,2,ema,0.00612
MED00013,2,ema,-0.00216
MED00014,2,ema,0.00137
MED00015,2,ema,-0.00047
MED00017,2,ema,0.00163
MED00018,2,ema,0.00104
MED00019,2,ema,0.00281
MED00020,2,ema,0.00047
MED00021,2,ema,-0.00029
MED00022,2,ema,-0.00345
MED00023,2,ema,0.00083
MED00024,2,ema,0.00055
MED00025,2,ema,-0.04287
MED00026,2,ema,0.00047
MED00027,2,ema,-0.03007
MED00028,2,ema,0.00912
MED00029,2,ema,0.00333
MED00030,2,ema,0.00025
MED00031,2,ema,-0.00146
MED00032,2,ema,-0.00146
MED00033,2,ema,0.00261
MED00034,2,ema,0.00309
MED00035,2,ema,0.00109
MED00036,2,ema,0.0047
MED00037,2,ema,0.00449
MED00038,2,ema,0.00331
MED00039,2,ema,-0.00132
MED00040,2,ema,0.00051
MED00041,2,ema,-0.00113
MED00042,2,ema,0.00331
MED00043,2,ema,-0.00016
MED00044,2,ema,0.00319
MED00045,2,ema,0.0014
MED00046,2,ema,0.00942
MED00048,2,ema,0.00354
MED00049,2,ema,-0.05552
MED00050,2,ema,0.00368
MED00051,2,ema,-0.00853
MED00052,2,ema,0.003
MED00053,2,ema,-0.00464
MED00054,2,ema,-0.0039
MED00055,2,ema,0.00469
MED00056,2,ema,0.0058
MED00057,2,ema,0.00268
MED00058,2,ema,-0.00333
MED00059,2,ema,-0.00472
MED00060,2,ema,-0.00545
MED00061,2,ema,0.00191
MED00062,2,ema,0.00437
MED00063,2,ema,-0.04205
MED00064,2,ema,0.0021
MED00065,2,ema,0.00095
MED00066,2,ema,0.00278
MED00067,2,ema,-0.00163
MED00068,2,ema,-0.00303
MED00069,2,ema,0.00988
MED00070,2,ema,0.0042
MED00071,2,ema,0.00288
MED00072,2,ema,-0.00209
MED00074,2,ema,0.00036
MED00075,2,ema,-0.00222
MED00076,2,ema,0.00018
MED00077,2,ema,0.00195
MED00078,2,ema,0.00268
MED00079,2,ema,-0.00046
MED00080,2,ema,-0.00371
MED00081,2,ema,-0.00126
MED00082,2,ema,0.00369
MED00083,2,ema,0.00372
MED00084,2,ema,0.00235
MED00085,2,ema,-0.00182
MED00086,2,ema,0.00119
MED00087,2,ema,0.00508
MED00088,2,ema,0.00235
MED00090,2,ema,0.00134
MED00091,2,ema,0.00061
MED00092,2,ema,0.00041
MED00093,2,ema,0.00421
MED00095,2,ema,-0.00194
MED00096,2,ema,0.00233
MED00097,2,ema,-0.00037
MED00098,2,ema,-0.00432
MED00099,2,ema,-0.01907
MED00100,2,ema,-0.0022
MED00101,2,ema,-0.0025
MED00103,2,ema,0.00345
MED00104,2,ema,-0.00461
MED00105,2,ema,-0.00275
MED00106,2,ema,-0.05525
MED00107,2,ema,-0.00432
MED00108,2,ema,0.00128
MED00109,2,ema,-0.00536
MED00110,2,ema,-0.02408
MED00111,2,ema,0.00257
MED00112,2,ema,0.00206
MED00113,2,ema,-0.00253
MED00114,2,ema,-0.0056
MED00115,2,ema,0.00588
MED00116,2,ema,0.0025
MED00117,2,ema,-0.00074
MED00118,2,ema,-0.00132
MED00119,2,ema,0.01001
MED00120,2,ema,0.00409
MED00121,2,ema,0.00262
MED00122,2,ema,-0.00281
MED00123,2,ema,-0.0012
MED00124,2,ema,-0.00463
MED00125,2,ema,-0.00107
MED00126,2,ema,0.01192
MED00127,2,ema,0.00781
MED00128,2,ema,0.00237
MED00129,2,ema,0.00188
MED00130,2,ema,-0.05671
MED00131,2,ema,0.00074
MED00132,2,ema,-0.03896
MED00134,2,ema,-0.02263
MED00135,2,ema,0.00063
MED00136,2,ema,0.00839
MED00137,2,ema,0.00388
MED00138,2,ema,0.00508
MED00139,2,ema,-0.0038
MED00140,2,ema,0.00413
MED00141,2,ema,-0.00218
MED00142,2,ema,-0.00093
MED00143,2,ema,0.00164
MED00144,2,ema,0.00132
MED00145,2,ema,0.00092
MED00146,2,ema,-0.00064
MED00147,2,ema,0.00366
MED00148,2,ema,0.00013
MED00149,2,ema,0.00081
MED00150,2,ema,0.0094
MED00151,2,ema,0.00454
MED00152,2,ema,0.00576
MED00153,2,ema,0.00707
MED00154,2,ema,0.00361
MED00155,2,ema,0.00153
MED00156,2,ema,-0.00116
MED00157,2,ema,-0.0031
MED00158,2,ema,0.00082
MED00159,2,ema,0.00365
MED00160,2,ema,0.00132
MED00161,2,ema,0.00018
MED00162,2,ema,0.00224
MED00163,2,ema,-0.00019
MED00164,2,ema,0.00319
MED00165,2,ema,0.00256
MED00166,2,ema,0.00229
MED00167,2,ema,-0.00229
MED00168,2,ema,0.00815
MED00169,2,ema,0.0025
MED00170,2,ema,-0.00219
MED00171,2,ema,0.00143
MED00172,2,ema,-0.00201
MED00173,2,ema,0.00445
MED00174,2,ema,0.0011
MED00175,2,ema,-0.00027
MED00176,2,ema,-0.00333
MED00177,2,ema,-0.00066
MED00178,2,ema,-0.00299
MED00179,2,ema,0.00129
MED00180,2,ema,0.00136
MED00181,2,ema,0.00216
MED00182,2,ema,-0.02431
MED00183,2,ema,-0.00686
MED00184,2,ema,0.00181
MED00185,2,ema,0.00098
MED00186,2,ema,0.0057
MED00187,2,ema,0.00686
MED00188,2,ema,-0.00196
MED00189,2,ema,-0.00418
MED00190,2,ema,0.00228
MED00191,2,ema,0.00254
MED00192,2,ema,-0.00186
MED00193,2,ema,-0.08688
MED00194,2,ema,-0.00396
MED00195,2,ema,-0.00378
MED00197,2,ema,0.0033
MED00198,2,ema,0.00443
MED00199,2,ema,0.00967
MED00200,2,ema,0.00254
MED00201,2,ema,-0.00448
MED00202,2,ema,0.00417
MED00203,2,ema,-0.00242
MED00204,2,ema,0.00263
MED00205,2,ema,0.0012
MED00206,2,ema,-0.00313
MED00207,2,ema,0.00195
MED00208,2,ema,-0.00242
MED00209,2,ema,0.00195
MED00210,2,ema,0.00351
MED00211,2,ema,0.00305
MED00212,2,ema,0.00081
MED00213,2,ema,0.00241
MED00214,2,ema,0.00401
MED00215,2,ema,0.0016
MED00216,2,ema,-0.0655
MED00217,2,ema,-0.00092
MED00218,2,ema,-0.00089
MED00219,2,ema,-0.00277
MED00220,2,ema,0.00477
MED00221,2,ema,0.00214
MED00223,2,ema,0.00519
MED00224,2,ema,0.00185
MED00225,2,ema,-0.00371
MED00226,2,ema,0.01011
MED00227,2,ema,0.00375
MED00228,2,ema,-0.00108
MED00229,2,ema,-0.07307
MED00230,2,ema,-0.00315
MED00231,2,ema,0.00013
MED00232,2,ema,0.00137
MED00233,2,ema,-0.00062
MED00234,2,ema,-0.00144
MED00235,2,ema,0.00109
MED00236,2,ema,0.00126
MED00237,2,ema,-0.00354
MED00238,2,ema,0.00185
MED00239,2,ema,0.00133
MED00240,2,ema,-0.00068
MED00241,2,ema,0.00185
MED00242,2,ema,-0.00316
MED00243,2,ema,-0.00402
MED00244,2,ema,0.00529
MED00245,2,ema,0.00088
MED00246,2,ema,-0.00326
MED00247,2,ema,0.00355
MED00248,2,ema,-0.00123
MED00249,2,ema,0.00377
MED00250,2,ema,0.00412
MED00251,2,ema,0.00147
MED00252,2,ema,-0.00049
MED00253,2,ema,0.00148
MED00254,2,ema,0.00199
MED00255,2,ema,-0.0022
MED00256,2,ema,-0.00098
MED00257,2,ema,-0.00489
MED00258,2,ema,0.00186
MED00259,2,ema,-0.00154
MED00260,2,ema,-0.00269
MED00261,2,ema,0.00193
MED00262,2,ema,-0.00142
MED00263,2,ema,-0.00066
MED00264,2,ema,-0.06376
MED00265,2,ema,-0.00468
MED00266,2,ema,0.00264
MED00267,2,ema,0.00143
MED00268,2,ema,0.00163
MED00269,2,ema,0.00546
MED00270,2,ema,-0.00077
MED00271,2,ema,-0.00087
MED00272,2,ema,0.00111
MED00273,2,ema,0.00099
MED00274,2,ema,-0.00124
MED00275,2,ema,0.00307
MED00276,2,ema,0.00213
MED00277,2,ema,-0.00304
MED00278,2,ema,-0.00352
MED00279,2,ema,0.00385
MED00281,2,ema,0.00326
MED00282,2,ema,0.00239
MED00283,2,ema,0.0038
MED00284,2,ema,0.0059
MED00286,2,ema,-0.00046
MED00287,2,ema,0.00257
MED00288,2,ema,0.00252
MED00289,2,ema,-0.00545
MED00290,2,ema,0.00412
MED00291,2,ema,0.01948
MED00292,2,ema,0.00122
MED00293,2,ema,-0.00137
MED00294,2,ema,0.0095
MED00295,2,ema,0.00105
MED00296,2,ema,0.00041
MED00297,2,ema,-0.001
MED00298,2,ema,-0.00131
MED00299,2,ema,0.00155
MED00300,2,ema,0.00394
MED00301,2,ema,0.00094
MED00302,2,ema,0.00124
MED00303,2,ema,0.00684
MED00304,2,ema,-0.00024
MED00305,2,ema,0.00113
MED00306,2,ema,-0.03701
MED00307,2,ema,0.00392
MED00308,2,ema,0.00446
MED00309,2,ema,0.00715
MED00310,2,ema,0.00276
MED00311,2,ema,0.00424
MED00312,2,ema,0.00018
MED00313,2,ema,0.01303
MED00314,2,ema,0.00127
MED00315,2,ema,0.0029
MED00316,2,ema,0.00167
MED00317,2,ema,0.00447
MED00318,2,ema,-0.00041
MED00319,2,ema,-0.00433
MED00320,2,ema,0.00784
MED00321,2,ema,0.00486
MED00322,2,ema,-0.03041
MED00323,2,ema,0.00018
MED00324,2,ema,0.00392
MED00325,2,ema,-0.00036
MED00326,2,ema,-0.00462
MED00327,2,ema,0.00261
MED00328,2,ema,-0.00231
MED00329,2,ema,-0.00438
MED00330,2,ema,-0.00108
MED00331,2,ema,-0.00098
MED00332,2,ema,0.00169
MED00333,2,ema,-0.00257
MED00334,2,ema,0.00125
MED00335,2,ema,0.00849
MED00336,2,ema,-0.0045
MED00337,2,ema,-0.00011
MED00338,2,ema,0.00332
MED00339,2,ema,0.00294
MED00340,2,ema,0.00462
MED00341,2,ema,-0.00213
MED00342,2,ema,0.00635
MED00343,2,ema,0.00241
MED00344,2,ema,0.00667
MED00345,2,ema,-0.05632
MED00346,2,ema,0.00244
MED00347,2,ema,-0.00312
MED00348,2,ema,0.00702
MED00349,2,ema,0.00209
MED00350,2,ema,-0.00206
MED00351,2,ema,-0.07008
MED00352,2,ema,-0.03431
MED00353,2,ema,0.00216
MED00354,2,ema,-0.00107
MED00355,2,ema,-0.00532
MED00356,2,ema,-0.00156
MED00357,2,ema,0.00157
MED00358,2,ema,0.00236
MED00359,2,ema,0.008
MED00360,2,ema,-0.00169
MED00361,2,ema,-0.00278
MED00362,2,ema,-0.00106
MED00363,2,ema,0.00283
MED00364,2,ema,-0.01094
MED00365,2,ema,0.00137
MED00366,2,ema,0.00263
MED00367,2,ema,0.00902
MED00368,2,ema,-0.00151
MED00369,2,ema,0.00059
MED00370,2,ema,0.00119
MED00371,2,ema,-0.0046
MED00373,2,ema,0.00259
MED00374,2,ema,-0.00231
MED00375,2,ema,0.00166
MED00376,2,ema,0.00483
MED00377,2,ema,0.00397
MED00378,2,ema,0.00138
MED00379,2,ema,-0.00366
MED00380,2,ema,0.00225
MED00381,2,ema,-0.00237
MED00382,2,ema,0.00195
MED00383,2,ema,0.002
MED00384,2,ema,-0.00157
MED00385,2,ema,0.00225
MED00386,2,ema,0.00105
MED00387,2,ema,0.00342
MED00388,2,ema,0.00073
MED00389,2,ema,0.00178
MED00390,2,ema,0.00286
MED00391,2,ema,0.0045
MED00392,2,ema,0.00394
MED00393,2,ema,-0.00569
MED00394,2,ema,0.00325
MED00395,2,ema,0.00319
MED00396,2,ema,0.00202
MED00397,2,ema,0.00089
MED00398,2,ema,0.00104
MED00399,2,ema,0.00102
MED00400,2,ema,0.00105
MED00401,2,ema,0.00202
MED00402,2,ema,0.00298
MED00403,2,ema,-0.00277
MED00404,2,ema,0.00086
MED00406,2,ema,0.00323
MED00407,2,ema,0.00241
MED00408,2,ema,-0.00626
MED00409,2,ema,-0.00475
MED00410,2,ema,0.00176
MED00411,2,ema,0.00411
MED00412,2,ema,-0.00527
MED00413,2,ema,-0.0063
MED00414,2,ema,0.00299
MED00415,2,ema,0.00381
MED00416,2,ema,0.00403
MED00417,2,ema,-0.00447
MED00418,2,ema,-0.00426
MED00419,2,ema,-0.00462
MED00420,2,ema,0.00257
MED00421,2,ema,0.00198
MED00422,2,ema,0.00404
MED00423,2,ema,-0.00458
MED00424,2,ema,0.00115
MED00001,3,ema,0.00325
MED00002,3,ema,-0.02494
MED00003,3,ema,-0.00615
MED00004,3,ema,0.00758
MED00005,3,ema,0.00348
MED00006,3,ema,-0.00013
MED00007,3,ema,0.00284
MED00008,3,ema,0.00083
MED00009,3,ema,0.00111
MED00010,3,ema,0.00124
MED00011,3,ema,0.0041
MED00012,3,ema,0.00612
MED00013,3,ema,-0.00216
MED00014,3,ema,0.00137
MED00015,3,ema,-0.00047
MED00016,3,ema,-0.00095
MED00017,3,ema,0.00163
MED00018,3,ema,0.00104
MED00019,3,ema,0.00281
MED00020,3,ema,0.00047
MED00021,3,ema,-0.00028
MED00022,3,ema,-0.00345
MED00023,3,ema,0.00083
MED00024,3,ema,0.00055
MED00025,3,ema,-0.04287
MED00026,3,ema,0.00047
MED00027,3,ema,-0.03007
MED00028,3,ema,0.00912
MED00029,3,ema,0.00333
MED00030,3,ema,0.00026
MED00031,3,ema,-0.00149
MED00032,3,ema,-0.00147
MED00033,3,ema,0.00261
MED00034,3,ema,0.00309
MED00035,3,ema,0.00109
MED00036,3,ema,0.0047
MED00037,3,ema,0.00449
MED00038,3,ema,0.00333
MED00039,3,ema,-0.00132
MED00040,3,ema,0.00051
MED00041,3,ema,-0.00113
MED00042,3,ema,0.00331
MED00043,3,ema,-0.00016
MED00044,3,ema,0.00251
MED00045,3,ema,0.0014
MED00046,3,ema,0.0084
MED00048,3,ema,0.00354
MED00049,3,ema,-0.05555
MED00050,3,ema,0.00368
MED00051,3,ema,-0.00851
MED00052,3,ema,0.00293
MED00053,3,ema,-0.00464
MED00054,3,ema,-0.0039
MED00055,3,ema,0.00469
MED00056,3,ema,0.0058
MED00057,3,ema,0.00268
MED00058,3,ema,-0.00333
MED00059,3,ema,-0.00475
MED00060,3,ema,-0.00545
MED00061,3,ema,0.00191
MED00062,3,ema,0.00437
MED00063,3,ema,-0.04209
MED00064,3,ema,0.0021
MED00065,3,ema,0.00096
MED00066,3,ema,0.00278
MED00067,3,ema,-0.00163
MED00068,3,ema,-0.00302
MED00069,3,ema,0.00994
MED00070,3,ema,0.0042
MED00071,3,ema,0.00288
MED00072,3,ema,-0.00208
MED00074,3,ema,0.00036
MED00075,3,ema,-0.00189
MED00076,3,ema,0.00018
MED00077,3,ema,0.00196
MED00078,3,ema,0.00268
MED00079,3,ema,-0.00046
MED00080,3,ema,-0.00373
MED00081,3,ema,-0.00126
MED00082,3,ema,0.0037
MED00083,3,ema,0.00374
MED00084,3,ema,0.00233
MED00085,3,ema,-0.00182
MED00086,3,ema,0.00119
MED00087,3,ema,0.00508
MED00088,3,ema,0.00237
MED00090,3,ema,0.00134
MED00091,3,ema,0.00061
MED00092,3,ema,0.00041
MED00093,3,ema,0.00429
MED00095,3,ema,-0.00194
MED00096,3,ema,0.00233
MED00097,3,ema,-0.00037
MED00098,3,ema,-0.00432
MED00099,3,ema,-0.01907
MED00100,3,ema,-0.00219
MED00101,3,ema,-0.0025
MED00103,3,ema,0.00345
MED00104,3,ema,-0.00461
MED00105,3,ema,-0.0027
MED00106,3,ema,-0.05525
MED00107,3,ema,-0.00432
MED00108,3,ema,0.00128
MED00109,3,ema,-0.00536
MED00110,3,ema,-0.02408
MED00111,3,ema,0.00257
MED00112,3,ema,0.00206
MED00113,3,ema,-0.00253
MED00114,3,ema,-0.0056
MED00115,3,ema,0.00588
MED00116,3,ema,0.0025
MED00117,3,ema,-0.00074
MED00118,3,ema,-0.00132
MED00119,3,ema,0.01001
MED00120,3,ema,0.00409
MED00121,3,ema,0.00262
MED00122,3,ema,-0.00281
MED00123,3,ema,-0.00104
MED00124,3,ema,-0.00463
MED00125,3,ema,-0.00107
MED00126,3,ema,0.01109
MED00127,3,ema,0.00781
MED00128,3,ema,0.00237
MED00129,3,ema,0.00188
MED00130,3,ema,-0.05671
MED00131,3,ema,0.00074
MED00132,3,ema,-0.03896
MED00134,3,ema,-0.02263
MED00135,3,ema,0.00063
MED00136,3,ema,0.00839
MED00137,3,ema,0.00388
MED00138,3,ema,0.00508
MED00139,3,ema,-0.0038
MED00140,3,ema,0.00413
MED00141,3,ema,-0.00218
MED00142,3,ema,-0.00093
MED00143,3,ema,0.0016
MED00144,3,ema,0.00132
MED00145,3,ema,0.00092
MED00146,3,ema,-0.00064
MED00147,3,ema,0.00365
MED00149,3,ema,0.00081
MED00150,3,ema,0.0094
MED00151,3,ema,0.00454
MED00152,3,ema,0.00576
MED00153,3,ema,0.00707
MED00154,3,ema,0.00361
MED00155,3,ema,0.00153
MED00156,3,ema,-0.00115
MED00157,3,ema,-0.0031
MED00158,3,ema,0.00088
MED00159,3,ema,0.00367
MED00160,3,ema,0.00132
MED00161,3,ema,0.00018
MED00162,3,ema,0.00224
MED00163,3,ema,-0.00019
MED00164,3,ema,0.00319
MED00165,3,ema,0.00256
MED00166,3,ema,0.00229
MED00167,3,ema,-0.00229
MED00168,3,ema,0.00815
MED00169,3,ema,0.00249
MED00170,3,ema,-0.00219
MED00171,3,ema,0.00143
MED00172,3,ema,-0.00201
MED00173,3,ema,0.00458
MED00174,3,ema,0.0011
MED00175,3,ema,-0.00027
MED00176,3,ema,-0.00333
MED00177,3,ema,-0.00079
MED00178,3,ema,-0.00299
MED00179,3,ema,0.00129
MED00180,3,ema,0.00136
MED00181,3,ema,0.00216
MED00182,3,ema,-0.02431
MED00183,3,ema,-0.00686
MED00184,3,ema,0.00181
MED00185,3,ema,0.00099
MED00186,3,ema,0.0057
MED00187,3,ema,0.00619
MED00188,3,ema,-0.00196
MED00189,3,ema,-0.00418
MED00190,3,ema,0.00228
MED00191,3,ema,0.00254
MED00192,3,ema,-0.00178
MED00193,3,ema,-0.08691
MED00194,3,ema,-0.00396
MED00195,3,ema,-0.00378
MED00197,3,ema,0.0033
MED00198,3,ema,0.00443
MED00199,3,ema,0.00967
MED00200,3,ema,0.00254
MED00201,3,ema,-0.00448
MED00202,3,ema,0.00417
MED00203,3,ema,-0.00242
MED00204,3,ema,0.00263
MED00205,3,ema,0.0012
MED00206,3,ema,-0.00324
MED00207,3,ema,0.00195
MED00208,3,ema,-0.00255
MED00209,3,ema,0.00194
MED00210,3,ema,0.00351
MED00211,3,ema,0.00305
MED00212,3,ema,0.00081
MED00213,3,ema,0.00233
MED00214,3,ema,0.00401
MED00215,3,ema,0.0016
MED00216,3,ema,-0.06553
MED00217,3,ema,-0.00092
MED00218,3,ema,-0.00089
MED00219,3,ema,-0.00277
MED00220,3,ema,0.00477
MED00221,3,ema,0.00215
MED00223,3,ema,0.00519
MED00224,3,ema,0.00185
MED00225,3,ema,-0.00358
MED00226,3,ema,0.00909
MED00227,3,ema,0.00376
MED00228,3,ema,-0.00109
MED00229,3,ema,-0.07388
MED00230,3,ema,-0.00315
MED00231,3,ema,0.00013
MED00232,3,ema,0.00137
MED00233,3,ema,-0.00062
MED00234,3,ema,-0.00144
MED00235,3,ema,0.00109
MED00236,3,ema,0.00126
MED00237,3,ema,-0.00354
MED00238,3,ema,0.00185
MED00239,3,ema,0.00133
MED00240,3,ema,-0.00066
MED00241,3,ema,0.00185
MED00242,3,ema,-0.00316
MED00243,3,ema,-0.00402
MED00244,3,ema,0.00529
MED00245,3,ema,0.00088
MED00246,3,ema,-0.00326
MED00247,3,ema,0.00355
MED00248,3,ema,-0.00123
MED00249,3,ema,0.00377
MED00250,3,ema,0.00412
MED00251,3,ema,0.00147
MED00252,3,ema,-0.00049
MED00253,3,ema,0.00148
MED00254,3,ema,0.00199
MED00255,3,ema,-0.0022
MED00256,3,ema,-0.00098
MED00257,3,ema,-0.00489
MED00258,3,ema,0.00185
MED00259,3,ema,-0.00154
MED00260,3,ema,-0.00269
MED00261,3,ema,0.00193
MED00262,3,ema,-0.00142
MED00263,3,ema,-0.00066
MED00264,3,ema,-0.06376
MED00265,3,ema,-0.00468
MED00266,3,ema,0.00264
MED00267,3,ema,0.00143
MED00268,3,ema,0.00163
MED00269,3,ema,0.00546
MED00270,3,ema,-0.00077
MED00271,3,ema,-0.00087
MED00272,3,ema,0.00144
MED00273,3,ema,0.00099
MED00274,3,ema,-0.00124
MED00275,3,ema,0.00306
MED00276,3,ema,0.00213
MED00277,3,ema,-0.00304
MED00278,3,ema,-0.00352
MED00279,3,ema,0.00385
MED00281,3,ema,0.00326
MED00282,3,ema,0.0027
MED00283,3,ema,0.0038
MED00284,3,ema,0.00522
MED00286,3,ema,-0.00047
MED00287,3,ema,0.00257
MED00288,3,ema,0.00252
MED00289,3,ema,-0.00542
MED00290,3,ema,0.00412
MED00291,3,ema,0.01947
MED00292,3,ema,0.00044
MED00293,3,ema,-0.00139
MED00294,3,ema,0.00881
MED00295,3,ema,0.00105
MED00296,3,ema,0.00041
MED00297,3,ema,-0.001
MED00298,3,ema,-0.00133
MED00299,3,ema,0.00155
MED00300,3,ema,0.00394
MED00301,3,ema,0.00092
MED00302,3,ema,0.00124
MED00303,3,ema,0.00684
MED00304,3,ema,-0.00015
MED00305,3,ema,0.00113
MED00306,3,ema,-0.037
MED00307,3,ema,0.0036
MED00308,3,ema,0.00446
MED00309,3,ema,0.00713
MED00310,3,ema,0.00275
MED00311,3,ema,0.00424
MED00312,3,ema,0.00034
MED00313,3,ema,0.01303
MED00314,3,ema,0.00127
MED00315,3,ema,0.0029
MED00316,3,ema,0.00167
MED00317,3,ema,0.00447
MED00318,3,ema,-0.00043
MED00319,3,ema,-0.00433
MED00320,3,ema,0.00784
MED00321,3,ema,0.00092
MED00322,3,ema,-0.03041
MED00323,3,ema,0.00033
MED00324,3,ema,0.00392
MED00325,3,ema,-0.00036
MED00326,3,ema,-0.00462
MED00327,3,ema,0.00263
MED00328,3,ema,-0.00231
MED00329,3,ema,-0.00438
MED00330,3,ema,-0.00113
MED00331,3,ema,-0.00098
MED00332,3,ema,0.00169
MED00333,3,ema,-0.00262
MED00334,3,ema,0.00125
MED00335,3,ema,0.00853
MED00336,3,ema,-0.0045
MED00337,3,ema,-0.00011
MED00338,3,ema,0.00332
MED00339,3,ema,0.00294
MED00340,3,ema,0.00462
MED00341,3,ema,-0.00213
MED00342,3,ema,0.00635
MED00343,3,ema,0.00241
MED00344,3,ema,0.00667
MED00345,3,ema,-0.05636
MED00346,3,ema,0.00244
MED00347,3,ema,-0.00257
MED00348,3,ema,0.00702
MED00349,3,ema,0.00209
MED00350,3,ema,-0.00206
MED00351,3,ema,-0.07006
MED00352,3,ema,-0.03431
MED00353,3,ema,0.00217
MED00354,3,ema,-0.00197
MED00355,3,ema,-0.00532
MED00356,3,ema,-0.00156
MED00357,3,ema,0.00158
MED00358,3,ema,0.00267
MED00359,3,ema,0.008
MED00360,3,ema,-0.00155
MED00361,3,ema,-0.00278
MED00362,3,ema,-0.00106
MED00363,3,ema,0.00283
MED00364,3,ema,-0.01037
MED00365,3,ema,0.00137
MED00366,3,ema,0.00263
MED00367,3,ema,0.00902
MED00368,3,ema,-0.00151
MED00369,3,ema,0.00059
MED00370,3,ema,0.00119
MED00371,3,ema,-0.0046
MED00373,3,ema,0.00259
MED00374,3,ema,-0.00231
MED00375,3,ema,0.00166
MED00376,3,ema,0.00483
MED00377,3,ema,0.00389
MED00378,3,ema,0.00138
MED00379,3,ema,-0.00367
MED00380,3,ema,0.00143
MED00381,3,ema,-0.00236
MED00382,3,ema,0.00195
MED00383,3,ema,0.002
MED00384,3,ema,-0.00157
MED00385,3,ema,0.00225
MED00386,3,ema,0.00105
MED00387,3,ema,0.00342
MED00388,3,ema,0.00061
MED00389,3,ema,0.0018
MED00390,3,ema,0.00286
MED00391,3,ema,0.0045
MED00392,3,ema,0.00426
MED00393,3,ema,-0.00569
MED00394,3,ema,0.00325
MED00395,3,ema,0.00319
MED00396,3,ema,0.00202
MED00397,3,ema,0.00089
MED00398,3,ema,0.00104
MED00399,3,ema,0.00102
MED00400,3,ema,0.00105
MED00401,3,ema,0.00202
MED00402,3,ema,0.00334
MED00403,3,ema,-0.00277
MED00404,3,ema,0.00086
MED00406,3,ema,0.00323
MED00407,3,ema,0.00243
MED00408,3,ema,-0.00625
MED00409,3,ema,-0.00475
MED00410,3,ema,0.00176
MED00411,3,ema,0.00411
MED00412,3,ema,-0.00494
MED00413,3,ema,-0.0063
MED00414,3,ema,0.00331
MED00415,3,ema,0.00381
MED00416,3,ema,0.00409
MED00417,3,ema,-0.00447
MED00418,3,ema,-0.00426
MED00419,3,ema,-0.00462
MED00420,3,ema,0.00259
MED00421,3,ema,0.00202
MED00422,3,ema,0.00404
MED00423,3,ema,-0.00457
MED00424,3,ema,0.00115
MED00001,4,ema,0.00331
MED00002,4,ema,-0.02522
MED00003,4,ema,-0.00906
MED00004,4,ema,0.00492
MED00005,4,ema,0.00331
MED00006,4,ema,-0.00062
MED00007,4,ema,0.00277
MED00008,4,ema,0.00156
MED00009,4,ema,0.00102
MED00010,4,ema,-0.01158
MED00011,4,ema,0.00752
MED00012,4,ema,0.00485
MED00013,4,ema,-0.00208
MED00014,4,ema,0.00228
MED00015,4,ema,0.00092
MED00016,4,ema,-0.00093
MED00017,4,ema,0.00153
MED00018,4,ema,0.00118
MED00019,4,ema,0.00291
MED00020,4,ema,0.00053
MED00021,4,ema,-0.00038
MED00022,4,ema,-0.00353
MED00023,4,ema,-0.00037
MED00024,4,ema,0.00045
MED00025,4,ema,-0.04555
MED00026,4,ema,0.00012
MED00027,4,ema,-0.03275
MED00028,4,ema,0.0099
MED00029,4,ema,0.00337
MED00030,4,ema,0.00027
MED00031,4,ema,-0.00146
MED00032,4,ema,-0.0012
MED00034,4,ema,0.00328
MED00035,4,ema,0.001
MED00036,4,ema,0.00326
MED00037,4,ema,0.00461
MED00038,4,ema,0.0034
MED00039,4,ema,-0.01164
MED00040,4,ema,0.00043
MED00041,4,ema,-0.00183
MED00042,4,ema,-0.00525
MED00043,4,ema,-0.00307
MED00044,4,ema,0.0025
MED00046,4,ema,0.00694
MED00048,4,ema,0.00359
MED00049,4,ema,-0.05779
MED00050,4,ema,0.00222
MED00051,4,ema,-0.01138
MED00052,4,ema,0.01055
MED00053,4,ema,-0.00456
MED00054,4,ema,-0.00383
MED00055,4,ema,0.00454
MED00056,4,ema,0.01341
MED00057,4,ema,-0.00023
MED00058,4,ema,-0.00405
MED00059,4,ema,-0.00454
MED00060,4,ema,-0.00555
MED00061,4,ema,0.00325
MED00062,4,ema,0.0044
MED00063,4,ema,-0.04433
MED00064,4,ema,0.00219
MED00065,4,ema,0.00104
MED00066,4,ema,0.00417
MED00067,4,ema,-0.00166
MED00068,4,ema,-0.003
MED00069,4,ema,0.00971
MED00070,4,ema,0.00423
MED00071,4,ema,0.0028
MED00072,4,ema,-0.00217
MED00074,4,ema,0.00027
MED00075,4,ema,-0.00203
MED00076,4,ema,-0.00128
MED00077,4,ema,0.00209
MED00078,4,ema,-0.00198
MED00079,4,ema,0.00499
MED00080,4,ema,-0.0037
MED00081,4,ema,-0.0035
MED00082,4,ema,0.00327
MED00083,4,ema,0.00361
MED00084,4,ema,0.00453
MED00085,4,ema,-0.00188
MED00086,4,ema,-0.00105
MED00087,4,ema,0.00449
MED00088,4,ema,0.00251
MED00089,4,ema,0.0025
MED00090,4,ema,0.00122
MED00091,4,ema,0.00054
MED00092,4,ema,0.00036
MED00093,4,ema,0.00508
MED00094,4,ema,0.00114
MED00095,4,ema,-0.00201
MED00096,4,ema,0.00239
MED00097,4,ema,-0.00261
MED00098,4,ema,-0.00426
MED00099,4,ema,-0.02175
MED00100,4,ema,-0.0051
MED00101,4,ema,-0.00238
MED00102,4,ema,-0.00034
MED00103,4,ema,0.00307
MED00104,4,ema,-0.0046
MED00105,4,ema,-0.00267
MED00106,4,ema,-0.05749
MED00107,4,ema,-0.00428
MED00108,4,ema,0.00122
MED00109,4,ema,-0.00729
MED00110,4,ema,-0.02601
MED00111,4,ema,0.0032
MED00112,4,ema,0.002
MED00113,4,ema,-0.00258
MED00114,4,ema,-0.00541
MED00115,4,ema,0.00583
MED00116,4,ema,0.00107
MED00117,4,ema,-0.00218
MED00118,4,ema,-0.00137
MED00119,4,ema,0.00993
MED00120,4,ema,-0.00423
MED00121,4,ema,0.0025
MED00122,4,ema,-0.00286
MED00123,4,ema,-0.00359
MED00124,4,ema,-0.00462
MED00125,4,ema,-0.00398
MED00126,4,ema,0.00842
MED00127,4,ema,0.00744
MED00128,4,ema,0.00231
MED00129,4,ema,0.00136
MED00130,4,ema,-0.05895
MED00131,4,ema,0.00066
MED00132,4,ema,-0.03995
MED00134,4,ema,-0.02456
MED00135,4,ema,-0.00794
MED00136,4,ema,0.01222
MED00137,4,ema,0.00322
MED00138,4,ema,0.00495
MED00139,4,ema,-0.00538
MED00140,4,ema,0.00403
MED00141,4,ema,-0.0026
MED00142,4,ema,-0.00384
MED00143,4,ema,0.00154
MED00144,4,ema,0.00121
MED00145,4,ema,0.00853
MED00146,4,ema,-0.00066
MED00147,4,ema,0.0033
MED00148,4,ema,0.00039
MED00149,4,ema,0.00075
MED00150,4,ema,0.00772
MED00151,4,ema,0.00448
MED00152,4,ema,0.0057
MED00153,4,ema,0.0067
MED00154,4,ema,0.00365
MED00155,4,ema,0.00148
MED00156,4,ema,-0.00123
MED00157,4,ema,-0.00306
MED00158,4,ema,-0.00137
MED00159,4,ema,0.00402
MED00160,4,ema,0.00126
MED00161,4,ema,0.00018
MED00162,4,ema,0.00186
MED00163,4,ema,-0.00243
MED00164,4,ema,0.00244
MED00165,4,ema,0.00263
MED00166,4,ema,0.00192
MED00167,4,ema,-0.00234
MED00168,4,ema,0.00665
MED00169,4,ema,0.00251
MED00170,4,ema,-0.00222
MED00171,4,ema,0.00136
MED00172,4,ema,-0.00209
MED00173,4,ema,0.00399
MED00174,4,ema,0.00114
MED00175,4,ema,-0.00251
MED00176,4,ema,-0.00325
MED00177,4,ema,-0.00208
MED00178,4,ema,-0.00313
MED00179,4,ema,-0.00027
MED00180,4,ema,0.00064
MED00181,4,ema,0.00179
MED00182,4,ema,-0.02666
MED00183,4,ema,-0.00409
MED00184,4,ema,0.00143
MED00185,4,ema,0.00098
MED00186,4,ema,0.00566
MED00187,4,ema,0.0058
MED00188,4,ema,-0.0019
MED00189,4,ema,-0.00709
MED00190,4,ema,0.00191
MED00191,4,ema,0.00264
MED00192,4,ema,-0.00464
MED00193,4,ema,-0.08865
MED00194,4,ema,-0.00388
MED00195,4,ema,-0.00363
MED00197,4,ema,0.00334
MED00198,4,ema,0.00437
MED00199,4,ema,0.0096
MED00200,4,ema,0.00103
MED00201,4,ema,-0.00436
MED00202,4,ema,0.00345
MED00203,4,ema,-0.00249
MED00204,4,ema,0.00135
MED00205,4,ema,0.00123
MED00206,4,ema,-0.00331
MED00207,4,ema,0.0019
MED00208,4,ema,-0.0025
MED00209,4,ema,0.0018
MED00210,4,ema,0.00339
MED00211,4,ema,0.0022
MED00212,4,ema,-0.00066
MED00213,4,ema,-0.00034
MED00214,4,ema,0.00401
MED00215,4,ema,0.0015
MED00216,4,ema,-0.06777
MED00217,4,ema,-0.00238
MED00218,4,ema,-0.00095
MED00219,4,ema,-0.0026
MED00220,4,ema,0.00417
MED00221,4,ema,0.00174
MED00222,4,ema,-0.00287
MED00223,4,ema,0.00052
MED00224,4,ema,0.00136
MED00225,4,ema,-0.00365
MED00226,4,ema,0.00787
MED00227,4,ema,0.0038
MED00228,4,ema,-0.00109
MED00229,4,ema,-0.07581
MED00230,4,ema,-0.00308
MED00232,4,ema,-0.00022
MED00233,4,ema,-0.00074
MED00234,4,ema,-0.00149
MED00235,4,ema,0.0011
MED00236,4,ema,0.00087
MED00237,4,ema,-0.00346
MED00238,4,ema,0.00185
MED00239,4,ema,0.00119
MED00240,4,ema,-0.0008
MED00241,4,ema,0.0018
MED00242,4,ema,-0.00308
MED00243,4,ema,-0.00784
MED00244,4,ema,0.00492
MED00245,4,ema,0.00087
MED00246,4,ema,-0.00308
MED00247,4,ema,0.00356
MED00248,4,ema,-0.0013
MED00249,4,ema,0.00395
MED00250,4,ema,0.00417
MED00251,4,ema,0.00141
MED00252,4,ema,0.00715
MED00253,4,ema,0.00143
MED00254,4,ema,0.0096
MED00255,4,ema,-0.00214
MED00256,4,ema,-0.00105
MED00257,4,ema,-0.00484
MED00258,4,ema,0.0018
MED00259,4,ema,-0.0016
MED00260,4,ema,-0.00276
MED00261,4,ema,-0.00034
MED00262,4,ema,-0.00155
MED00263,4,ema,-0.0006
MED00264,4,ema,-0.06569
MED00265,4,ema,-0.00467
MED00266,4,ema,-0.01236
MED00267,4,ema,0.00132
MED00268,4,ema,0.00158
MED00269,4,ema,0.00541
MED00270,4,ema,-0.00071
MED00271,4,ema,-0.00093
MED00272,4,ema,0.00136
MED00273,4,ema,0.00089
MED00274,4,ema,-0.00273
MED00275,4,ema,0.0031
MED00276,4,ema,0.00208
MED00277,4,ema,-0.00595
MED00278,4,ema,-0.00351
MED00279,4,ema,0.00394
MED00280,4,ema,-0.00139
MED00281,4,ema,0.0033
MED00282,4,ema,0.00262
MED00283,4,ema,0.00207
MED00284,4,ema,0.00514
MED00286,4,ema,-0.00052
MED00287,4,ema,0.00255
MED00288,4,ema,0.00256
MED00289,4,ema,-0.00524
MED00290,4,ema,0.00406
MED00291,4,ema,0.01839
MED00292,4,ema,-0.00822
MED00293,4,ema,-0.00121
MED00294,4,ema,0.00735
MED00295,4,ema,-0.00119
MED00297,4,ema,-0.00097
MED00298,4,ema,-0.00137
MED00300,4,ema,0.00404
MED00301,4,ema,0.00095
MED00303,4,ema,0.00484
MED00304,4,ema,-0.00056
MED00305,4,ema,0.00042
MED00306,4,ema,-0.03855
MED00307,4,ema,0.00373
MED00308,4,ema,0.00436
MED00309,4,ema,0.00684
MED00310,4,ema,0.00266
MED00311,4,ema,0.00413
MED00312,4,ema,-0.00131
MED00313,4,ema,-0.00306
MED00314,4,ema,-0.01373
MED00315,4,ema,0.00291
MED00316,4,ema,0.00157
MED00317,4,ema,0.0041
MED00318,4,ema,-0.00037
MED00319,4,ema,-0.00432
MED00320,4,ema,0.00612
MED00321,4,ema,0.001
MED00322,4,ema,-0.03265
MED00323,4,ema,-0.00209
MED00324,4,ema,0.00385
MED00325,4,ema,-0.00033
MED00326,4,ema,-0.00461
MED00327,4,ema,0.00252
MED00328,4,ema,-0.00228
MED00329,4,ema,-0.00435
MED00330,4,ema,-0.00119
MED00331,4,ema,-0.00101
MED00332,4,ema,0.00163
MED00333,4,ema,-0.00253
MED00334,4,ema,0.0013
MED00335,4,ema,0.00859
MED00336,4,ema,-0.00381
MED00338,4,ema,-0.01146
MED00339,4,ema,0.00187
MED00340,4,ema,0.00236
MED00341,4,ema,-0.00211
MED00342,4,ema,0.00631
MED00343,4,ema,0.00242
MED00344,4,ema,0.00629
MED00345,4,ema,-0.0586
MED00346,4,ema,0.00233
MED00347,4,ema,-0.00548
MED00348,4,ema,0.00702
MED00349,4,ema,0.00199
MED00350,4,ema,-0.00221
MED00351,4,ema,-0.07201
MED00352,4,ema,-0.03623
MED00353,4,ema,-0.0005
MED00354,4,ema,-0.00464
MED00355,4,ema,-0.00526
MED00356,4,ema,-0.0016
MED00357,4,ema,0.00079
MED00358,4,ema,0.00262
MED00359,4,ema,0.00729
MED00360,4,ema,-0.00173
MED00361,4,ema,-0.00283
MED00362,4,ema,-0.00114
MED00363,4,ema,0.00274
MED00364,4,ema,-0.01328
MED00365,4,ema,0.0013
MED00366,4,ema,0.00266
MED00367,4,ema,0.00785
MED00368,4,ema,-0.00147
MED00369,4,ema,0.00055
MED00370,4,ema,-0.00316
MED00371,4,ema,-0.00186
MED00372,4,ema,-0.00299
MED00373,4,ema,0.00381
MED00374,4,ema,-0.00236
MED00375,4,ema,0.00184
MED00376,4,ema,0.00446
MED00377,4,ema,0.00101
MED00378,4,ema,0.00138
MED00379,4,ema,-0.00378
MED00380,4,ema,-0.00054
MED00381,4,ema,-0.00249
MED00382,4,ema,0.00158
MED00383,4,ema,0.00202
MED00384,4,ema,-0.00162
MED00385,4,ema,0.00233
MED00386,4,ema,0.00112
MED00387,4,ema,0.00346
MED00388,4,ema,0.00348
MED00389,4,ema,0.0018
MED00390,4,ema,0.00291
MED00391,4,ema,0.00454
MED00392,4,ema,0.0043
MED00393,4,ema,-0.00552
MED00394,4,ema,0.00332
MED00395,4,ema,0.00325
MED00396,4,ema,0.00206
MED00397,4,ema,0.00091
MED00398,4,ema,0.00111
MED00399,4,ema,0.00115
MED00400,4,ema,0.00119
MED00401,4,ema,0.00213
MED00402,4,ema,0.0034
MED00403,4,ema,-0.00234
MED00404,4,ema,0.00092
MED00405,4,ema,0.00012
MED00406,4,ema,0.00326
MED00407,4,ema,0.00252
MED00408,4,ema,-0.00589
MED00409,4,ema,-0.00469
MED00410,4,ema,0.00178
MED00411,4,ema,0.00414
MED00412,4,ema,-0.0049
MED00413,4,ema,-0.00608
MED00414,4,ema,0.00335
MED00415,4,ema,0.00388
MED00416,4,ema,0.00417
MED00417,4,ema,-0.00443
MED00418,4,ema,-0.00418
MED00419,4,ema,-0.00458
MED00420,4,ema,0.00267
MED00421,4,ema,0.0024
MED00422,4,ema,0.00413
MED00423,4,ema,-0.00451
MED00424,4,ema,0.00117
MED00001,5,ema,0.00346
MED00002,5,ema,-0.01801
MED00003,5,ema,-0.00646
MED00004,5,ema,0.00493
MED00005,5,ema,0.00296
MED00006,5,ema,0.00016
MED00007,5,ema,0.00247
MED00008,5,ema,0.00056
MED00009,5,ema,0.00213
MED00010,5,ema,-0.01272
MED00011,5,ema,0.00755
MED00012,5,ema,0.00537
MED00013,5,ema,-0.00212
MED00014,5,ema,0.00382
MED00015,5,ema,0.00012
MED00016,5,ema,-0.00089
MED00017,5,ema,0.00201
MED00018,5,ema,0.00119
MED00019,5,ema,0.00291
MED00020,5,ema,0.00056
MED00021,5,ema,-0.00013
MED00022,5,ema,-0.00252
MED00024,5,ema,0.00171
MED00025,5,ema,-0.0519
MED00026,5,ema,0.0027
MED00027,5,ema,-0.04749
MED00028,5,ema,0.00953
MED00029,5,ema,0.00384
MED00030,5,ema,0.00134
MED00031,5,ema,-0.00113
MED00032,5,ema,-0.00042
MED00033,5,ema,-0.00022
MED00034,5,ema,0.00332
MED00035,5,ema,0.0014
MED00036,5,ema,0.00228
MED00037,5,ema,-0.00048
MED00038,5,ema,0.00433
MED00039,5,ema,-0.01102
MED00041,5,ema,-0.00205
MED00042,5,ema,-0.00716
MED00043,5,ema,-0.00021
MED00044,5,ema,0.00099
MED00045,5,ema,0.00216
MED00046,5,ema,0.00085
MED00048,5,ema,0.00387
MED00049,5,ema,-0.05553
MED00050,5,ema,0.00131
MED00051,5,ema,-0.0074
MED00052,5,ema,0.00285
MED00053,5,ema,-0.00389
MED00054,5,ema,-0.00333
MED00055,5,ema,0.00566
MED00056,5,ema,0.00543
MED00057,5,ema,0.00072
MED00058,5,ema,-0.00559
MED00059,5,ema,-0.00437
MED00060,5,ema,-0.00545
MED00061,5,ema,0.00175
MED00062,5,ema,0.00406
MED00063,5,ema,-0.04119
MED00064,5,ema,0.0033
MED00065,5,ema,0.0012
MED00066,5,ema,0.00442
MED00067,5,ema,-0.00205
MED00068,5,ema,-0.00144
MED00069,5,ema,0.00674
MED00070,5,ema,0.00393
MED00071,5,ema,0.00207
MED00072,5,ema,-0.00111
MED00073,5,ema,0.0011
MED00074,5,ema,0.0011
MED00075,5,ema,-0.00154
MED00076,5,ema,0.00468
MED00077,5,ema,0.00119
MED00078,5,ema,-0.00353
MED00079,5,ema,0.00672
MED00080,5,ema,-0.00264
MED00081,5,ema,-0.00127
MED00082,5,ema,0.0014
MED00083,5,ema,0.00125
MED00084,5,ema,0.00436
MED00085,5,ema,-0.0013
MED00086,5,ema,-0.00066
MED00087,5,ema,0.00381
MED00088,5,ema,0.00121
MED00089,5,ema,0.00244
MED00090,5,ema,0.00143
MED00091,5,ema,0.00178
MED00092,5,ema,-0.0023
MED00093,5,ema,0.00716
MED00094,5,ema,0.00064
MED00095,5,ema,-0.0014
MED00096,5,ema,0.00324
MED00097,5,ema,-0.00145
MED00098,5,ema,-0.00433
MED00099,5,ema,-0.02876
MED00100,5,ema,-0.00043
MED00101,5,ema,-0.00229
MED00102,5,ema,-0.00118
MED00103,5,ema,0.00253
MED00104,5,ema,-0.00463
MED00105,5,ema,-0.00275
MED00106,5,ema,-0.05475
MED00107,5,ema,-0.00436
MED00108,5,ema,0.00114
MED00109,5,ema,-0.00617
MED00110,5,ema,-0.02961
MED00111,5,ema,0.00494
MED00112,5,ema,0.00156
MED00113,5,ema,-0.00208
MED00114,5,ema,-0.0055
MED00115,5,ema,0.00532
MED00116,5,ema,-0.00338
MED00117,5,ema,-0.00128
MED00118,5,ema,-0.00066
MED00119,5,ema,0.00911
MED00120,5,ema,-0.00425
MED00121,5,ema,0.00247
MED00122,5,ema,-0.00219
MED00123,5,ema,-0.00402
MED00124,5,ema,-0.00466
MED00126,5,ema,0.00298
MED00127,5,ema,0.00739
MED00128,5,ema,0.00221
MED00129,5,ema,0.00062
MED00130,5,ema,-0.05659
MED00131,5,ema,0.00156
MED00132,5,ema,-0.03565
MED00133,5,ema,0.00076
MED00134,5,ema,-0.02708
MED00135,5,ema,-0.00799
MED00136,5,ema,0.00692
MED00137,5,ema,0.00239
MED00138,5,ema,0.00484
MED00139,5,ema,-0.00705
MED00140,5,ema,0.00453
MED00141,5,ema,-0.00156
MED00142,5,ema,-0.00134
MED00143,5,ema,0.00202
MED00144,5,ema,0.00053
MED00145,5,ema,0.00078
MED00146,5,ema,-0.0009
MED00147,5,ema,-0.00028
MED00148,5,ema,0.00054
MED00149,5,ema,0.00125
MED00150,5,ema,0.00181
MED00151,5,ema,0.00513
MED00152,5,ema,0.00555
MED00153,5,ema,0.00505
MED00154,5,ema,0.00373
MED00155,5,ema,0.002
MED00156,5,ema,-0.00077
MED00157,5,ema,-0.00309
MED00158,5,ema,0.00153
MED00159,5,ema,-0.0002
MED00160,5,ema,0.00126
MED00162,5,ema,0.00135
MED00164,5,ema,0.00099
MED00165,5,ema,0.00272
MED00166,5,ema,0.00142
MED00167,5,ema,-0.0018
MED00168,5,ema,0.00638
MED00169,5,ema,0.00246
MED00170,5,ema,-0.00167
MED00171,5,ema,0.00194
MED00172,5,ema,-0.00098
MED00173,5,ema,0.00364
MED00174,5,ema,0.00178
MED00175,5,ema,-0.00107
MED00177,5,ema,-0.0008
MED00178,5,ema,-0.00431
MED00179,5,ema,0.00086
MED00180,5,ema,-0.00081
MED00181,5,ema,0.00128
MED00182,5,ema,-0.0312
MED00183,5,ema,-0.00412
MED00184,5,ema,0.00138
MED00185,5,ema,0.00128
MED00186,5,ema,0.00511
MED00187,5,ema,0.00391
MED00188,5,ema,-0.00126
MED00189,5,ema,-0.00449
MED00190,5,ema,0.00149
MED00191,5,ema,0.00271
MED00192,5,ema,-0.00095
MED00193,5,ema,-0.08125
MED00194,5,ema,-0.00402
MED00195,5,ema,-0.00382
MED00197,5,ema,0.00346
MED00198,5,ema,0.00483
MED00199,5,ema,0.00419
MED00200,5,ema,-0.00091
MED00201,5,ema,-0.00435
MED00202,5,ema,0.00259
MED00203,5,ema,-0.00123
MED00204,5,ema,0.0026
MED00205,5,ema,0.00142
MED00206,5,ema,-0.002
MED00207,5,ema,0.00183
MED00208,5,ema,-0.00258
MED00209,5,ema,0.00164
MED00210,5,ema,0.00374
MED00211,5,ema,0.00202
MED00212,5,ema,-0.00286
MED00213,5,ema,0.0007
MED00214,5,ema,0.00361
MED00215,5,ema,0.00129
MED00216,5,ema,-0.06583
MED00217,5,ema,0.00383
MED00218,5,ema,-0.00028
MED00219,5,ema,-0.00132
MED00220,5,ema,0.00391
MED00221,5,ema,0.00116
MED00222,5,ema,-0.00114
MED00223,5,ema,-0.00344
MED00224,5,ema,0.00264
MED00225,5,ema,-0.00298
MED00226,5,ema,0.0029
MED00227,5,ema,0.00413
MED00228,5,ema,-0.00107
MED00229,5,ema,-0.07964
MED00230,5,ema,-0.00323
MED00231,5,ema,0.00051
MED00232,5,ema,-0.00269
MED00233,5,ema,-0.00066
MED00234,5,ema,-0.00102
MED00235,5,ema,0.00111
MED00236,5,ema,0.0007
MED00237,5,ema,-0.00248
MED00238,5,ema,0.00175
MED00239,5,ema,0.00118
MED00240,5,ema,0.00046
MED00241,5,ema,0.00129
MED00242,5,ema,-0.00322
MED00243,5,ema,-0.00566
MED00244,5,ema,0.00441
MED00245,5,ema,0.00094
MED00246,5,ema,-0.00311
MED00247,5,ema,0.00302
MED00248,5,ema,-0.00061
MED00249,5,ema,0.00398
MED00250,5,ema,0.00484
MED00251,5,ema,0.00196
MED00252,5,ema,-0.00036
MED00253,5,ema,0.00098
MED00254,5,ema,0.00317
MED00255,5,ema,-0.00113
MED00256,5,ema,-0.00064
MED00257,5,ema,-0.00455
MED00258,5,ema,0.00183
MED00259,5,ema,-0.00098
MED00260,5,ema,-0.00269
MED00261,5,ema,0.00104
MED00262,5,ema,-0.00107
MED00264,5,ema,-0.06592
MED00265,5,ema,-0.0047
MED00266,5,ema,-0.01314
MED00267,5,ema,0.00135
MED00268,5,ema,0.00215
MED00269,5,ema,0.00528
MED00270,5,ema,-0.00075
MED00271,5,ema,0.00011
MED00272,5,ema,0.00171
MED00273,5,ema,0.0014
MED00274,5,ema,-0.00312
MED00275,5,ema,0.0027
MED00276,5,ema,0.00199
MED00277,5,ema,-0.00335
MED00278,5,ema,-0.0035
MED00279,5,ema,0.00396
MED00280,5,ema,0.00456
MED00281,5,ema,0.00362
MED00282,5,ema,0.00262
MED00283,5,ema,0.00153
MED00284,5,ema,-0.00035
MED00286,5,ema,-0.00028
MED00287,5,ema,0.00317
MED00288,5,ema,0.00257
MED00289,5,ema,-0.00482
MED00290,5,ema,0.00436
MED00291,5,ema,0.01763
MED00292,5,ema,-0.01374
MED00293,5,ema,-0.00245
MED00294,5,ema,0.00094
MED00295,5,ema,-0.00157
MED00296,5,ema,0.00014
MED00297,5,ema,-0.00117
MED00298,5,ema,-0.00136
MED00299,5,ema,-0.00019
MED00300,5,ema,0.00393
MED00301,5,ema,0.0015
MED00303,5,ema,0.00254
MED00304,5,ema,0.00012
MED00305,5,ema,-0.00071
MED00306,5,ema,-0.04143
MED00307,5,ema,0.00293
MED00308,5,ema,0.00543
MED00309,5,ema,0.00199
MED00310,5,ema,0.00276
MED00311,5,ema,0.00127
MED00312,5,ema,-0.00168
MED00313,5,ema,0.0047
MED00314,5,ema,-0.01874
MED00315,5,ema,0.00313
MED00316,5,ema,0.00217
MED00317,5,ema,0.00393
MED00319,5,ema,-0.00439
MED00320,5,ema,0.0013
MED00321,5,ema,0.00019
MED00322,5,ema,-0.03089
MED00323,5,ema,-0.00348
MED00324,5,ema,0.00131
MED00325,5,ema,0.00031
MED00326,5,ema,-0.00471
MED00327,5,ema,0.00244
MED00328,5,ema,-0.00154
MED00329,5,ema,-0.00441
MED00330,5,ema,-0.00126
MED00331,5,ema,0.00114
MED00332,5,ema,0.0022
MED00333,5,ema,-0.0024
MED00334,5,ema,0.00114
MED00335,5,ema,0.00428
MED00336,5,ema,-0.00388
MED00337,5,ema,-0.00011
MED00338,5,ema,-0.01069
MED00339,5,ema,-0.00019
MED00340,5,ema,0.00201
MED00341,5,ema,-0.00219
MED00342,5,ema,0.00463
MED00343,5,ema,0.00262
MED00344,5,ema,0.00077
MED00345,5,ema,-0.05663
MED00346,5,ema,0.00188
MED00347,5,ema,-0.00118
MED00348,5,ema,0.00687
MED00349,5,ema,0.0019
MED00350,5,ema,-0.00254
MED00351,5,ema,-0.07543
MED00352,5,ema,-0.03632
MED00353,5,ema,0.00079
MED00354,5,ema,-0.00049
MED00355,5,ema,-0.00513
MED00356,5,ema,-0.00168
MED00357,5,ema,0.00312
MED00358,5,ema,0.00272
MED00359,5,ema,0.00832
MED00360,5,ema,-0.00105
MED00361,5,ema,-0.00286
MED00362,5,ema,-0.00119
MED00363,5,ema,0.00326
MED00364,5,ema,-0.00897
MED00365,5,ema,0.00186
MED00366,5,ema,0.00285
MED00367,5,ema,0.0078
MED00368,5,ema,-0.00146
MED00369,5,ema,0.0009
MED00370,5,ema,-0.00166
MED00371,5,ema,-0.00191
MED00372,5,ema,0.00022
MED00373,5,ema,0.00493
MED00374,5,ema,-0.00167
MED00375,5,ema,0.00189
MED00376,5,ema,0.00396
MED00377,5,ema,0.00274
MED00378,5,ema,0.00195
MED00379,5,ema,-0.00429
MED00380,5,ema,0.00034
MED00381,5,ema,0.00054
MED00382,5,ema,0.0015
MED00383,5,ema,0.00187
MED00384,5,ema,-0.00104
MED00385,5,ema,0.00372
MED00386,5,ema,0.0025
MED00387,5,ema,0.0036
MED00388,5,ema,0.00344
MED00389,5,ema,0.00272
MED00390,5,ema,0.00393
MED00391,5,ema,0.00481
MED00392,5,ema,0.00457
MED00393,5,ema,-0.00549
MED00394,5,ema,0.00362
MED00395,5,ema,0.00346
MED00396,5,ema,0.0021
MED00397,5,ema,0.00093
MED00398,5,ema,0.00116
MED00399,5,ema,0.00116
MED00400,5,ema,0.00102
MED00401,5,ema,0.00297
MED00402,5,ema,0.0041
MED00403,5,ema,-0.0025
MED00404,5,ema,0.00077
MED00406,5,ema,0.00351
MED00407,5,ema,0.00371
MED00408,5,ema,-0.00537
MED00409,5,ema,-0.00438
MED00410,5,ema,0.00271
MED00411,5,ema,0.00452
MED00412,5,ema,-0.00451
MED00413,5,ema,-0.00539
MED00414,5,ema,0.00365
MED00415,5,ema,0.00354
MED00416,5,ema,0.00483
MED00417,5,ema,-0.0044
MED00418,5,ema,-0.00415
MED00419,5,ema,-0.00449
MED00420,5,ema,0.00355
MED00421,5,ema,0.00329
MED00422,5,ema,0.00481
MED00423,5,ema,-0.00456
MED00424,5,ema,0.00121
MED00001,6,ema,0.0034
MED00002,6,ema,-0.01789
MED00003,6,ema,-0.00475
MED00004,6,ema,0.00777
MED00005,6,ema,0.00315
MED00006,6,ema,0.00066
MED00007,6,ema,0.00256
MED00008,6,ema,0.00067
MED00009,6,ema,0.00225
MED00010,6,ema,0.00083
MED00011,6,ema,0.00414
MED00012,6,ema,0.00625
MED00013,6,ema,-0.00216
MED00014,6,ema,0.00376
MED00015,6,ema,0.00021
MED00016,6,ema,-0.00091
MED00017,6,ema,0.00212
MED00018,6,ema,0.00105
MED00019,6,ema,0.00281
MED00020,6,ema,0.00052
MED00022,6,ema,-0.00302
MED00023,6,ema,0.00063
MED00024,6,ema,0.00196
MED00025,6,ema,-0.05123
MED00026,6,ema,0.00312
MED00027,6,ema,-0.04619
MED00028,6,ema,0.00962
MED00029,6,ema,0.00378
MED00030,6,ema,0.0013
MED00031,6,ema,-0.00102
MED00032,6,ema,-0.00092
MED00033,6,ema,0.00261
MED00034,6,ema,0.00315
MED00035,6,ema,0.00152
MED00036,6,ema,0.00378
MED00037,6,ema,-0.0006
MED00038,6,ema,0.00431
MED00039,6,ema,-0.00121
MED00041,6,ema,-0.00139
MED00042,6,ema,0.00145
MED00043,6,ema,0.00149
MED00044,6,ema,0.00108
MED00045,6,ema,0.00383
MED00046,6,ema,0.00247
MED00048,6,ema,0.00399
MED00049,6,ema,-0.05382
MED00050,6,ema,0.0035
MED00051,6,ema,-0.00569
MED00052,6,ema,0.00297
MED00053,6,ema,-0.00395
MED00054,6,ema,-0.00325
MED00055,6,ema,0.00583
MED00056,6,ema,0.00554
MED00057,6,ema,0.00243
MED00058,6,ema,-0.00471
MED00059,6,ema,-0.00447
MED00060,6,ema,-0.00534
MED00061,6,ema,0.00188
MED00062,6,ema,0.00401
MED00063,6,ema,-0.03948
MED00064,6,ema,0.00323
MED00065,6,ema,0.00111
MED00066,6,ema,0.00451
MED00067,6,ema,-0.00198
MED00068,6,ema,-0.00147
MED00069,6,ema,0.00693
MED00070,6,ema,0.00388
MED00071,6,ema,0.00216
MED00072,6,ema,-0.00103
MED00073,6,ema,0.00121
MED00074,6,ema,0.00123
MED00075,6,ema,-0.00139
MED00076,6,ema,0.0048
MED00077,6,ema,0.00137
MED00078,6,ema,0.00187
MED00079,6,ema,0.00082
MED00080,6,ema,-0.00253
MED00081,6,ema,0.00036
MED00082,6,ema,0.00185
MED00083,6,ema,0.00136
MED00084,6,ema,0.00163
MED00085,6,ema,-0.00123
MED00086,6,ema,0.00105
MED00087,6,ema,0.00456
MED00088,6,ema,0.00108
MED00089,6,ema,-0.00028
MED00090,6,ema,0.00156
MED00091,6,ema,0.00199
MED00092,6,ema,-0.00223
MED00093,6,ema,0.00727
MED00094,6,ema,0.00077
MED00095,6,ema,-0.00133
MED00096,6,ema,0.00319
MED00097,6,ema,0.00026
MED00098,6,ema,-0.00439
MED00099,6,ema,-0.02746
MED00100,6,ema,0.00128
MED00101,6,ema,-0.00239
MED00102,6,ema,-0.00083
MED00103,6,ema,0.00292
MED00104,6,ema,-0.00464
MED00105,6,ema,-0.00278
MED00106,6,ema,-0.05304
MED00107,6,ema,-0.00439
MED00108,6,ema,0.00122
MED00109,6,ema,-0.00404
MED00110,6,ema,-0.02751
MED00111,6,ema,0.00518
MED00112,6,ema,0.00163
MED00113,6,ema,-0.00201
MED00114,6,ema,-0.00567
MED00115,6,ema,0.00538
MED00116,6,ema,-0.00191
MED00117,6,ema,0.00035
MED00118,6,ema,-0.00059
MED00119,6,ema,0.0092
MED00120,6,ema,0.00431
MED00121,6,ema,0.00258
MED00122,6,ema,-0.00213
MED00123,6,ema,-0.00134
MED00124,6,ema,-0.00467
MED00125,6,ema,0.00171
MED00126,6,ema,0.00581
MED00127,6,ema,0.00779
MED00128,6,ema,0.00226
MED00129,6,ema,0.00115
MED00130,6,ema,-0.05488
MED00131,6,ema,0.00176
MED00132,6,ema,-0.03386
MED00133,6,ema,0.00087
MED00134,6,ema,-0.02498
MED00135,6,ema,0.00061
MED00136,6,ema,0.007
MED00137,6,ema,0.00276
MED00138,6,ema,0.00496
MED00139,6,ema,-0.00474
MED00140,6,ema,0.00459
MED00141,6,ema,-0.00113
MED00142,6,ema,0.00037
MED00143,6,ema,0.00204
MED00144,6,ema,0.00065
MED00145,6,ema,0.00091
MED00146,6,ema,-0.00086
MED00147,6,ema,0.00025
MED00148,6,ema,0.00059
MED00149,6,ema,0.00133
MED00150,6,ema,0.00364
MED00151,6,ema,0.00519
MED00152,6,ema,0.00562
MED00153,6,ema,0.00488
MED00154,6,ema,0.00364
MED00155,6,ema,0.00207
MED00156,6,ema,-0.00069
MED00157,6,ema,-0.00313
MED00158,6,ema,0.00311
MED00159,6,ema,-0.00034
MED00160,6,ema,0.00134
MED00162,6,ema,0.00173
MED00163,6,ema,0.00167
MED00164,6,ema,0.00108
MED00165,6,ema,0.00275
MED00166,6,ema,0.0018
MED00167,6,ema,-0.00173
MED00168,6,ema,0.00805
MED00169,6,ema,0.00252
MED00170,6,ema,-0.00161
MED00171,6,ema,0.00201
MED00172,6,ema,-0.00081
MED00173,6,ema,0.0044
MED00174,6,ema,0.00176
MED00175,6,ema,0.00137
MED00177,6,ema,-0.00033
MED00178,6,ema,-0.00417
MED00179,6,ema,0.00256
MED00181,6,ema,0.00167
MED00182,6,ema,-0.02989
MED00183,6,ema,-0.00688
MED00184,6,ema,0.00177
MED00185,6,ema,0.00145
MED00186,6,ema,0.00517
MED00187,6,ema,0.0043
MED00188,6,ema,-0.0013
MED00189,6,ema,-0.00278
MED00190,6,ema,0.00187
MED00191,6,ema,0.00262
MED00192,6,ema,0.00076
MED00193,6,ema,-0.07954
MED00194,6,ema,-0.00416
MED00195,6,ema,-0.00395
MED00196,6,ema,-0.00012
MED00197,6,ema,0.00349
MED00198,6,ema,0.00489
MED00199,6,ema,0.00423
MED00200,6,ema,0.00066
MED00201,6,ema,-0.00408
MED00202,6,ema,0.00292
MED00203,6,ema,-0.00103
MED00204,6,ema,0.0039
MED00205,6,ema,0.00139
MED00206,6,ema,-0.00183
MED00207,6,ema,0.00188
MED00208,6,ema,-0.00264
MED00209,6,ema,0.00177
MED00210,6,ema,0.0039
MED00211,6,ema,0.00321
MED00212,6,ema,-0.00124
MED00213,6,ema,0.00353
MED00214,6,ema,0.0036
MED00215,6,ema,0.0014
MED00216,6,ema,-0.06412
MED00217,6,ema,0.00395
MED00218,6,ema,-0.0002
MED00219,6,ema,-0.00148
MED00220,6,ema,0.00467
MED00221,6,ema,0.00159
MED00222,6,ema,0.00058
MED00223,6,ema,0.00193
MED00224,6,ema,0.00314
MED00225,6,ema,-0.00291
MED00226,6,ema,0.0044
MED00227,6,ema,0.0041
MED00228,6,ema,-0.00105
MED00229,6,ema,-0.07756
MED00230,6,ema,-0.00329
MED00231,6,ema,0.00062
MED00232,6,ema,-0.00036
MED00233,6,ema,-0.00054
MED00234,6,ema,-0.00095
MED00235,6,ema,0.00106
MED00236,6,ema,0.0011
MED00237,6,ema,-0.00241
MED00238,6,ema,0.00175
MED00239,6,ema,0.00143
MED00240,6,ema,0.00057
MED00241,6,ema,0.00136
MED00242,6,ema,-0.00329
MED00243,6,ema,-0.00201
MED00244,6,ema,0.0048
MED00245,6,ema,0.00091
MED00246,6,ema,-0.00317
MED00247,6,ema,0.00301
MED00248,6,ema,-0.00053
MED00249,6,ema,0.00381
MED00250,6,ema,0.00484
MED00251,6,ema,0.00203
MED00252,6,ema,-0.00028
MED00253,6,ema,0.00105
MED00254,6,ema,0.00328
MED00255,6,ema,-0.00108
MED00256,6,ema,-0.00055
MED00257,6,ema,-0.00458
MED00258,6,ema,0.00201
MED00259,6,ema,-0.00091
MED00260,6,ema,-0.0026
MED00261,6,ema,0.00345
MED00262,6,ema,-0.00096
MED00264,6,ema,-0.06382
MED00265,6,ema,-0.00472
MED00266,6,ema,0.0026
MED00267,6,ema,0.00148
MED00268,6,ema,0.00222
MED00269,6,ema,0.00534
MED00270,6,ema,-0.00078
MED00272,6,ema,0.00182
MED00273,6,ema,0.00153
MED00274,6,ema,-0.00133
MED00275,6,ema,0.00266
MED00276,6,ema,0.00206
MED00277,6,ema,-0.00164
MED00278,6,ema,-0.00351
MED00279,6,ema,0.00388
MED00280,6,ema,0.00468
MED00281,6,ema,0.00359
MED00282,6,ema,0.00273
MED00283,6,ema,0.00344
MED00284,6,ema,-0.00026
MED00286,6,ema,-0.00011
MED00287,6,ema,0.0032
MED00288,6,ema,0.00253
MED00289,6,ema,-0.00546
MED00290,6,ema,0.00439
MED00291,6,ema,0.01944
MED00292,6,ema,-0.0049
MED00293,6,ema,-0.00253
MED00294,6,ema,0.00251
MED00296,6,ema,0.00054
MED00297,6,ema,-0.0012
MED00298,6,ema,-0.00129
MED00299,6,ema,0.0015
MED00300,6,ema,0.00426
MED00301,6,ema,0.00141
MED00302,6,ema,0.00117
MED00303,6,ema,0.00402
MED00304,6,ema,0.00056
MED00305,6,ema,0.00015
MED00306,6,ema,-0.03986
MED00307,6,ema,0.00279
MED00308,6,ema,0.00556
MED00309,6,ema,0.00242
MED00310,6,ema,0.00287
MED00311,6,ema,0.00139
MED00312,6,ema,0.00011
MED00313,6,ema,0.00489
MED00314,6,ema,-0.003
MED00315,6,ema,0.00312
MED00316,6,ema,0.00223
MED00317,6,ema,0.00431
MED00319,6,ema,-0.0044
MED00320,6,ema,0.00377
MED00321,6,ema,0.00012
MED00322,6,ema,-0.02917
MED00323,6,ema,-0.00092
MED00324,6,ema,0.00143
MED00325,6,ema,0.00028
MED00326,6,ema,-0.00472
MED00327,6,ema,0.00257
MED00328,6,ema,-0.00158
MED00329,6,ema,-0.00445
MED00330,6,ema,-0.00117
MED00331,6,ema,0.00121
MED00332,6,ema,0.00227
MED00333,6,ema,-0.00248
MED00334,6,ema,0.0011
MED00335,6,ema,0.00425
MED00336,6,ema,-0.00458
MED00337,6,ema,-0.00025
MED00338,6,ema,0.00505
MED00339,6,ema,0.00028
MED00340,6,ema,0.00446
MED00341,6,ema,-0.00222
MED00342,6,ema,0.00469
MED00343,6,ema,0.00261
MED00344,6,ema,0.00117
MED00345,6,ema,-0.05492
MED00346,6,ema,0.002
MED00347,6,ema,0.00054
MED00348,6,ema,0.00688
MED00349,6,ema,0.00196
MED00350,6,ema,-0.0024
MED00351,6,ema,-0.07336
MED00352,6,ema,-0.03422
MED00353,6,ema,0.00361
MED00354,6,ema,0.00234
MED00355,6,ema,-0.00507
MED00356,6,ema,-0.00161
MED00357,6,ema,0.00324
MED00358,6,ema,0.00279
MED00359,6,ema,0.0092
MED00360,6,ema,-0.00156
MED00361,6,ema,-0.00279
MED00362,6,ema,-0.0011
MED00363,6,ema,0.00333
MED00364,6,ema,-0.00726
MED00365,6,ema,0.00192
MED00366,6,ema,0.00282
MED00367,6,ema,0.00896
MED00368,6,ema,-0.00147
MED00369,6,ema,0.00096
MED00370,6,ema,0.00135
MED00371,6,ema,-0.00464
MED00372,6,ema,0.00194
MED00373,6,ema,0.00517
MED00374,6,ema,-0.00142
MED00375,6,ema,0.00173
MED00376,6,ema,0.00434
MED00377,6,ema,0.00523
MED00378,6,ema,0.00196
MED00379,6,ema,-0.00415
MED00380,6,ema,0.00246
MED00381,6,ema,0.00068
MED00382,6,ema,0.00222
MED00383,6,ema,0.00184
MED00384,6,ema,-0.00098
MED00385,6,ema,0.00365
MED00386,6,ema,0.00244
MED00387,6,ema,0.00357
MED00388,6,ema,0.00055
MED00389,6,ema,0.00269
MED00390,6,ema,0.0039
MED00391,6,ema,0.00478
MED00392,6,ema,0.00454
MED00393,6,ema,-0.00569
MED00394,6,ema,0.00355
MED00395,6,ema,0.0034
MED00396,6,ema,0.00207
MED00397,6,ema,0.00086
MED00398,6,ema,0.00109
MED00399,6,ema,0.00103
MED00400,6,ema,0.00089
MED00401,6,ema,0.00292
MED00402,6,ema,0.00405
MED00403,6,ema,-0.00293
MED00404,6,ema,0.00071
MED00406,6,ema,0.00352
MED00407,6,ema,0.00366
MED00408,6,ema,-0.00543
MED00409,6,ema,-0.00508
MED00410,6,ema,0.00266
MED00411,6,ema,0.00449
MED00412,6,ema,-0.00454
MED00413,6,ema,-0.00522
MED00414,6,ema,0.00362
MED00415,6,ema,0.00348
MED00416,6,ema,0.0048
MED00417,6,ema,-0.00443
MED00418,6,ema,-0.00419
MED00419,6,ema,-0.00451
MED00420,6,ema,0.00353
MED00421,6,ema,0.00324
MED00422,6,ema,0.00478
MED00423,6,ema,-0.00461
MED00424,6,ema,0.00118
MED00001,7,ema,0.00312
MED00002,7,ema,-0.01984
MED00003,7,ema,-0.00453
MED00004,7,ema,0.00866
MED00005,7,ema,0.00317
MED00006,7,ema,0.00074
MED00007,7,ema,0.00262
MED00008,7,ema,0.00069
MED00009,7,ema,0.00231
MED00010,7,ema,0.00064
MED00011,7,ema,0.00408
MED00012,7,ema,0.00638
MED00013,7,ema,-0.00181
MED00014,7,ema,0.00348
MED00015,7,ema,0.00023
MED00016,7,ema,-0.00085
MED00017,7,ema,0.00218
MED00018,7,ema,0.00103
MED00019,7,ema,0.00279
MED00020,7,ema,0.00046
MED00022,7,ema,-0.00299
MED00023,7,ema,0.00072
MED00024,7,ema,0.00198
MED00025,7,ema,-0.0511
MED00026,7,ema,0.00316
MED00027,7,ema,-0.04597
MED00028,7,ema,0.00964
MED00029,7,ema,0.00387
MED00030,7,ema,0.00137
MED00031,7,ema,-0.001
MED00032,7,ema,-0.00085
MED00033,7,ema,0.0035
MED00034,7,ema,0.00309
MED00035,7,ema,0.00155
MED00036,7,ema,0.00395
MED00037,7,ema,-0.00053
MED00038,7,ema,0.00425
MED00039,7,ema,-0.00099
MED00041,7,ema,-0.00135
MED00042,7,ema,0.00148
MED00043,7,ema,0.00172
MED00044,7,ema,0.00111
MED00045,7,ema,0.00396
MED00046,7,ema,0.00609
MED00047,7,ema,0.00041
MED00048,7,ema,0.00371
MED00049,7,ema,-0.05356
MED00050,7,ema,0.00356
MED00051,7,ema,-0.00595
MED00052,7,ema,0.003
MED00053,7,ema,-0.00389
MED00054,7,ema,-0.00294
MED00055,7,ema,0.00586
MED00056,7,ema,0.0056
MED00057,7,ema,0.00266
MED00058,7,ema,-0.00458
MED00059,7,ema,-0.00413
MED00060,7,ema,-0.00498
MED00061,7,ema,0.0019
MED00062,7,ema,0.00372
MED00063,7,ema,-0.03931
MED00064,7,ema,0.00318
MED00065,7,ema,0.00106
MED00066,7,ema,0.00455
MED00067,7,ema,-0.00192
MED00068,7,ema,-0.00141
MED00069,7,ema,0.00703
MED00070,7,ema,0.00382
MED00071,7,ema,0.00218
MED00072,7,ema,-0.00096
MED00073,7,ema,0.00124
MED00074,7,ema,0.00129
MED00075,7,ema,-0.00104
MED00076,7,ema,0.00483
MED00077,7,ema,0.00172
MED00078,7,ema,0.00195
MED00079,7,ema,0.00035
MED00080,7,ema,-0.00246
MED00081,7,ema,0.00044
MED00082,7,ema,0.00191
MED00083,7,ema,0.00143
MED00084,7,ema,0.00157
MED00085,7,ema,-0.00119
MED00086,7,ema,0.00128
MED00087,7,ema,0.00463
MED00088,7,ema,0.00069
MED00089,7,ema,0.0003
MED00090,7,ema,0.00175
MED00091,7,ema,0.00206
MED00092,7,ema,-0.00217
MED00093,7,ema,0.00728
MED00094,7,ema,0.00071
MED00095,7,ema,-0.00127
MED00096,7,ema,0.00291
MED00097,7,ema,0.00049
MED00098,7,ema,-0.00404
MED00099,7,ema,-0.02724
MED00100,7,ema,0.00141
MED00101,7,ema,-0.00204
MED00102,7,ema,-0.00081
MED00103,7,ema,0.00299
MED00104,7,ema,-0.00429
MED00105,7,ema,-0.00243
MED00106,7,ema,-0.05291
MED00107,7,ema,-0.00404
MED00108,7,ema,0.00128
MED00109,7,ema,-0.00037
MED00110,7,ema,-0.02658
MED00111,7,ema,0.00522
MED00112,7,ema,0.0017
MED00113,7,ema,-0.00197
MED00114,7,ema,-0.0056
MED00115,7,ema,0.00544
MED00116,7,ema,-0.00184
MED00117,7,ema,0.00402
MED00118,7,ema,-0.00054
MED00119,7,ema,0.00933
MED00120,7,ema,0.00433
MED00121,7,ema,0.00266
MED00122,7,ema,-0.00206
MED00123,7,ema,-0.00114
MED00124,7,ema,-0.00431
MED00125,7,ema,0.00194
MED00126,7,ema,0.0067
MED00127,7,ema,0.00786
MED00128,7,ema,0.00232
MED00129,7,ema,0.00123
MED00130,7,ema,-0.05465
MED00131,7,ema,0.00178
MED00132,7,ema,-0.03363
MED00133,7,ema,0.00095
MED00134,7,ema,-0.02405
MED00135,7,ema,0.00068
MED00136,7,ema,0.00702
MED00137,7,ema,0.00278
MED00138,7,ema,0.00502
MED00139,7,ema,0.00244
MED00140,7,ema,0.00465
MED00141,7,ema,-0.00106
MED00142,7,ema,0.00051
MED00143,7,ema,0.0021
MED00144,7,ema,0.001
MED00145,7,ema,0.00093
MED00146,7,ema,-0.00084
MED00147,7,ema,0.00033
MED00148,7,ema,0.00094
MED00149,7,ema,0.0014
MED00150,7,ema,0.00371
MED00151,7,ema,0.00526
MED00152,7,ema,0.00568
MED00153,7,ema,0.00494
MED00154,7,ema,0.00358
MED00155,7,ema,0.00213
MED00156,7,ema,-0.00063
MED00157,7,ema,-0.00278
MED00158,7,ema,0.00332
MED00159,7,ema,-0.00027
MED00160,7,ema,0.00141
MED00161,7,ema,0.00039
MED00162,7,ema,0.00179
MED00163,7,ema,0.0019
MED00164,7,ema,0.00115
MED00165,7,ema,0.00279
MED00166,7,ema,0.00187
MED00167,7,ema,-0.00167
MED00168,7,ema,0.00813
MED00169,7,ema,0.00259
MED00170,7,ema,-0.00192
MED00171,7,ema,0.00207
MED00172,7,ema,-0.00075
MED00173,7,ema,0.00446
MED00174,7,ema,0.00182
MED00175,7,ema,0.00146
MED00177,7,ema,-0.00025
MED00178,7,ema,-0.00415
MED00179,7,ema,0.00281
MED00180,7,ema,0.0002
MED00181,7,ema,0.00174
MED00182,7,ema,-0.02967
MED00183,7,ema,-0.00681
MED00184,7,ema,0.00183
MED00185,7,ema,0.00151
MED00186,7,ema,0.00523
MED00187,7,ema,0.00435
MED00188,7,ema,-0.00124
MED00189,7,ema,-0.00256
MED00190,7,ema,0.00193
MED00191,7,ema,0.00234
MED00192,7,ema,0.0009
MED00193,7,ema,-0.08125
MED00194,7,ema,-0.00379
MED00195,7,ema,-0.00378
MED00196,7,ema,-0.00013
MED00197,7,ema,0.00344
MED00198,7,ema,0.00495
MED00199,7,ema,0.00426
MED00201,7,ema,-0.0037
MED00202,7,ema,0.00308
MED00203,7,ema,-0.00096
MED00204,7,ema,0.00397
MED00205,7,ema,0.00115
MED00206,7,ema,-0.00176
MED00207,7,ema,0.00194
MED00208,7,ema,-0.00229
MED00209,7,ema,0.00179
MED00210,7,ema,0.00392
MED00211,7,ema,0.00327
MED00212,7,ema,-0.00111
MED00213,7,ema,0.00443
MED00214,7,ema,0.00332
MED00215,7,ema,0.00158
MED00216,7,ema,-0.06395
MED00217,7,ema,0.00398
MED00218,7,ema,0.00015
MED00219,7,ema,-0.00141
MED00220,7,ema,0.00418
MED00221,7,ema,0.00162
MED00222,7,ema,0.00071
MED00223,7,ema,0.00195
MED00224,7,ema,0.00322
MED00225,7,ema,-0.00256
MED00226,7,ema,0.00432
MED00227,7,ema,0.00404
MED00229,7,ema,-0.0766
MED00230,7,ema,-0.00293
MED00231,7,ema,0.00065
MED00232,7,ema,0.00055
MED00233,7,ema,-0.00051
MED00234,7,ema,-0.00089
MED00235,7,ema,0.00104
MED00236,7,ema,0.00116
MED00237,7,ema,-0.00235
MED00238,7,ema,0.00179
MED00239,7,ema,0.0015
MED00240,7,ema,0.00064
MED00241,7,ema,0.00142
MED00242,7,ema,-0.00328
MED00243,7,ema,-0.00198
MED00244,7,ema,0.00486
MED00245,7,ema,0.00089
MED00246,7,ema,-0.00282
MED00247,7,ema,0.00273
MED00248,7,ema,-0.00047
MED00249,7,ema,0.00375
MED00250,7,ema,0.00478
MED00251,7,ema,0.00209
MED00252,7,ema,-0.00021
MED00253,7,ema,0.00111
MED00254,7,ema,0.00336
MED00255,7,ema,-0.00101
MED00256,7,ema,-0.00049
MED00257,7,ema,-0.00452
MED00258,7,ema,0.00207
MED00259,7,ema,-0.00085
MED00260,7,ema,0.00238
MED00261,7,ema,0.00349
MED00262,7,ema,-0.00093
MED00263,7,ema,-0.00087
MED00264,7,ema,-0.06012
MED00265,7,ema,-0.00437
MED00266,7,ema,0.00267
MED00267,7,ema,0.00154
MED00268,7,ema,0.00229
MED00269,7,ema,0.0054
MED00270,7,ema,-0.00071
MED00271,7,ema,0.00029
MED00272,7,ema,0.00188
MED00273,7,ema,0.0016
MED00274,7,ema,-0.00111
MED00275,7,ema,0.00238
MED00276,7,ema,0.00212
MED00277,7,ema,-0.00141
MED00278,7,ema,-0.00315
MED00279,7,ema,0.00382
MED00280,7,ema,0.00471
MED00281,7,ema,0.00332
MED00282,7,ema,0.00279
MED00283,7,ema,0.0035
MED00284,7,ema,-0.00024
MED00285,7,ema,0.00033
MED00286,7,ema,0.00024
MED00287,7,ema,0.00328
MED00288,7,ema,0.00218
MED00289,7,ema,-0.0054
MED00290,7,ema,0.00446
MED00291,7,ema,0.0194
MED00292,7,ema,-0.00477
MED00293,7,ema,-0.00218
MED00294,7,ema,0.00341
MED00295,7,ema,0.00022
MED00296,7,ema,0.00089
MED00297,7,ema,-0.00085
MED00298,7,ema,-0.00123
MED00299,7,ema,0.00173
MED00300,7,ema,0.00439
MED00301,7,ema,0.00176
MED00302,7,ema,0.00124
MED00303,7,ema,0.00417
MED00304,7,ema,0.00091
MED00305,7,ema,0.00029
MED00306,7,ema,-0.03963
MED00307,7,ema,0.00274
MED00308,7,ema,0.00561
MED00309,7,ema,0.00244
MED00310,7,ema,0.00293
MED00311,7,ema,0.00159
MED00312,7,ema,0.00031
MED00313,7,ema,0.00492
MED00314,7,ema,-0.00127
MED00315,7,ema,0.00284
MED00316,7,ema,0.00229
MED00317,7,ema,0.00434
MED00318,7,ema,0.00014
MED00319,7,ema,-0.00405
MED00320,7,ema,0.00381
MED00321,7,ema,0.00015
MED00322,7,ema,-0.02895
MED00323,7,ema,-0.00089
MED00324,7,ema,0.00135
MED00325,7,ema,0.00063
MED00326,7,ema,-0.00437
MED00327,7,ema,0.00265
MED00328,7,ema,-0.00123
MED00329,7,ema,-0.0041
MED00330,7,ema,-0.00082
MED00331,7,ema,0.00127
MED00332,7,ema,0.00234
MED00333,7,ema,-0.00213
MED00334,7,ema,0.00145
MED00335,7,ema,0.00432
MED00336,7,ema,-0.00423
MED00337,7,ema,-0.00027
MED00338,7,ema,0.0047
MED00339,7,ema,0.00023
MED00340,7,ema,0.00455
MED00341,7,ema,-0.00187
MED00342,7,ema,0.00475
MED00343,7,ema,0.00233
MED00344,7,ema,0.00124
MED00345,7,ema,-0.05466
MED00346,7,ema,0.00207
MED00347,7,ema,0.00067
MED00348,7,ema,0.00639
MED00349,7,ema,0.00202
MED00350,7,ema,-0.00237
MED00351,7,ema,-0.0724
MED00352,7,ema,-0.03329
MED00353,7,ema,0.0045
MED00354,7,ema,0.00323
MED00355,7,ema,-0.00472
MED00356,7,ema,-0.00155
MED00357,7,ema,0.00326
MED00358,7,ema,0.00285
MED00359,7,ema,0.00933
MED00360,7,ema,-0.00149
MED00361,7,ema,-0.00274
MED00362,7,ema,-0.00104
MED00363,7,ema,0.00284
MED00364,7,ema,-0.0087
MED00365,7,ema,0.00199
MED00366,7,ema,0.00255
MED00367,7,ema,0.00902
MED00368,7,ema,-0.0014
MED00369,7,ema,0.00103
MED00370,7,ema,0.00157
MED00371,7,ema,-0.00457
MED00372,7,ema,0.00216
MED00373,7,ema,0.00521
MED00374,7,ema,-0.00199
MED00375,7,ema,0.00145
MED00376,7,ema,0.0044
MED00377,7,ema,0.00545
MED00378,7,ema,0.00202
MED00379,7,ema,-0.00375
MED00380,7,ema,0.00336
MED00381,7,ema,0.00074
MED00382,7,ema,0.00231
MED00383,7,ema,0.00219
MED00384,7,ema,-0.00091
MED00385,7,ema,0.00324
MED00386,7,ema,0.00216
MED00387,7,ema,0.00329
MED00388,7,ema,0.0005
MED00389,7,ema,0.00241
MED00390,7,ema,0.00384
MED00391,7,ema,0.0045
MED00392,7,ema,0.00426
MED00393,7,ema,-0.00534
MED00394,7,ema,0.00327
MED00395,7,ema,0.00312
MED00396,7,ema,0.00179
MED00397,7,ema,0.00081
MED00398,7,ema,0.00107
MED00399,7,ema,0.00101
MED00400,7,ema,0.00087
MED00401,7,ema,0.00264
MED00402,7,ema,0.00377
MED00403,7,ema,-0.00257
MED00404,7,ema,0.00106
MED00405,7,ema,0.00032
MED00406,7,ema,0.00327
MED00407,7,ema,0.00338
MED00408,7,ema,-0.00508
MED00409,7,ema,-0.00473
MED00410,7,ema,0.00239
MED00411,7,ema,0.00421
MED00412,7,ema,-0.00419
MED00413,7,ema,-0.00487
MED00414,7,ema,0.00334
MED00415,7,ema,0.0032
MED00416,7,ema,0.00451
MED00417,7,ema,-0.00408
MED00418,7,ema,-0.00384
MED00419,7,ema,-0.00418
MED00420,7,ema,0.00324
MED00421,7,ema,0.00296
MED00422,7,ema,0.0045
MED00423,7,ema,-0.00394
MED00424,7,ema,0.00112
MED00001,8,ema,0.00312
MED00002,8,ema,-0.02237
MED00003,8,ema,-0.00455
MED00004,8,ema,0.00848
MED00005,8,ema,0.00317
MED00006,8,ema,0.00073
MED00007,8,ema,0.00262
MED00008,8,ema,0.00052
MED00009,8,ema,0.00231
MED00010,8,ema,0.00064
MED00011,8,ema,0.00408
MED00012,8,ema,0.00638
MED00013,8,ema,-0.00181
MED00014,8,ema,0.00348
MED00015,8,ema,0.00023
MED00016,8,ema,-0.00085
MED00017,8,ema,0.00218
MED00018,8,ema,0.00103
MED00019,8,ema,0.00279
MED00020,8,ema,0.00046
MED00022,8,ema,-0.00299
MED00023,8,ema,0.00071
MED00024,8,ema,0.00198
MED00025,8,ema,-0.05008
MED00026,8,ema,0.00315
MED00027,8,ema,-0.04495
MED00028,8,ema,0.00963
MED00029,8,ema,0.00387
MED00030,8,ema,0.00137
MED00031,8,ema,-0.001
MED00032,8,ema,-0.00085
MED00033,8,ema,0.00332
MED00034,8,ema,0.00309
MED00035,8,ema,0.00155
MED00036,8,ema,0.00395
MED00037,8,ema,-0.00053
MED00038,8,ema,0.00425
MED00039,8,ema,-0.001
MED00041,8,ema,-0.00135
MED00042,8,ema,0.00147
MED00043,8,ema,0.00171
MED00044,8,ema,0.0011
MED00045,8,ema,0.00388
MED00046,8,ema,0.00609
MED00047,8,ema,0.00041
MED00048,8,ema,0.00371
MED00049,8,ema,-0.05485
MED00050,8,ema,0.00356
MED00051,8,ema,-0.00613
MED00052,8,ema,0.003
MED00053,8,ema,-0.00388
MED00054,8,ema,-0.00294
MED00055,8,ema,0.00586
MED00056,8,ema,0.0056
MED00057,8,ema,0.00266
MED00058,8,ema,-0.00459
MED00059,8,ema,-0.00413
MED00060,8,ema,-0.00499
MED00061,8,ema,0.00172
MED00062,8,ema,0.00372
MED00063,8,ema,-0.03818
MED00064,8,ema,0.00316
MED00065,8,ema,0.0011
MED00066,8,ema,0.00454
MED00067,8,ema,-0.00192
MED00068,8,ema,-0.00141
MED00069,8,ema,0.00702
MED00070,8,ema,0.00382
MED00071,8,ema,0.00218
MED00072,8,ema,-0.00097
MED00073,8,ema,0.00124
MED00074,8,ema,0.00129
MED00075,8,ema,-0.00104
MED00076,8,ema,0.00482
MED00077,8,ema,0.00172
MED00078,8,ema,0.00193
MED00079,8,ema,0.00035
MED00080,8,ema,-0.00246
MED00081,8,ema,0.00024
MED00082,8,ema,0.00191
MED00083,8,ema,0.00143
MED00084,8,ema,0.00157
MED00085,8,ema,-0.00118
MED00086,8,ema,0.00127
MED00087,8,ema,0.00461
MED00088,8,ema,0.00069
MED00089,8,ema,0.0003
MED00090,8,ema,0.00175
MED00091,8,ema,0.00207
MED00092,8,ema,-0.00218
MED00093,8,ema,0.00747
MED00094,8,ema,0.00053
MED00095,8,ema,-0.00126
MED00096,8,ema,0.00291
MED00097,8,ema,0.00048
MED00098,8,ema,-0.00404
MED00099,8,ema,-0.02621
MED00100,8,ema,0.00141
MED00101,8,ema,-0.00204
MED00102,8,ema,-0.00081
MED00103,8,ema,0.00299
MED00104,8,ema,-0.00429
MED00105,8,ema,-0.00243
MED00106,8,ema,-0.05179
MED00107,8,ema,-0.00406
MED00108,8,ema,0.00127
MED00109,8,ema,-0.00038
MED00110,8,ema,-0.02547
MED00111,8,ema,0.00504
MED00112,8,ema,0.0017
MED00113,8,ema,-0.00198
MED00114,8,ema,-0.0056
MED00115,8,ema,0.00488
MED00116,8,ema,-0.00184
MED00117,8,ema,0.00401
MED00118,8,ema,-0.00054
MED00119,8,ema,0.00933
MED00120,8,ema,0.00433
MED00121,8,ema,0.00266
MED00122,8,ema,-0.00208
MED00123,8,ema,-0.00115
MED00124,8,ema,-0.00431
MED00125,8,ema,0.00037
MED00126,8,ema,0.00652
MED00127,8,ema,0.00785
MED00128,8,ema,0.00232
MED00129,8,ema,0.00129
MED00130,8,ema,-0.05352
MED00131,8,ema,0.0018
MED00132,8,ema,-0.03264
MED00133,8,ema,0.00095
MED00134,8,ema,-0.02294
MED00135,8,ema,0.00236
MED00136,8,ema,0.00702
MED00137,8,ema,0.00278
MED00138,8,ema,0.00502
MED00139,8,ema,0.00244
MED00140,8,ema,0.00465
MED00141,8,ema,-0.00106
MED00142,8,ema,0.0005
MED00143,8,ema,0.00209
MED00144,8,ema,0.001
MED00145,8,ema,0.00075
MED00146,8,ema,-0.00085
MED00147,8,ema,0.00032
MED00148,8,ema,0.00094
MED00149,8,ema,0.0014
MED00150,8,ema,0.0037
MED00151,8,ema,0.00525
MED00152,8,ema,0.00568
MED00153,8,ema,0.00493
MED00154,8,ema,0.00358
MED00155,8,ema,0.00213
MED00156,8,ema,-0.00063
MED00157,8,ema,-0.00278
MED00158,8,ema,0.00325
MED00159,8,ema,-0.00027
MED00160,8,ema,0.00141
MED00161,8,ema,0.00038
MED00162,8,ema,0.00179
MED00163,8,ema,0.00189
MED00164,8,ema,0.00115
MED00165,8,ema,0.00279
MED00166,8,ema,0.00187
MED00167,8,ema,-0.00168
MED00168,8,ema,0.00812
MED00169,8,ema,0.00258
MED00170,8,ema,-0.00193
MED00171,8,ema,0.00207
MED00172,8,ema,-0.00075
MED00173,8,ema,0.00446
MED00174,8,ema,0.00182
MED00175,8,ema,0.00145
MED00177,8,ema,-0.00034
MED00178,8,ema,-0.00416
MED00179,8,ema,0.0028
MED00180,8,ema,0.00019
MED00181,8,ema,0.00174
MED00182,8,ema,-0.02927
MED00183,8,ema,-0.00681
MED00184,8,ema,0.00183
MED00185,8,ema,0.00151
MED00186,8,ema,0.00522
MED00187,8,ema,0.00435
MED00188,8,ema,-0.00124
MED00189,8,ema,-0.00256
MED00190,8,ema,0.00193
MED00191,8,ema,0.00233
MED00192,8,ema,0.00071
MED00193,8,ema,-0.08265
MED00194,8,ema,-0.00382
MED00195,8,ema,-0.00378
MED00196,8,ema,-0.00013
MED00197,8,ema,0.00348
MED00198,8,ema,0.00494
MED00199,8,ema,0.00425
MED00201,8,ema,-0.0037
MED00202,8,ema,0.00307
MED00203,8,ema,-0.00096
MED00204,8,ema,0.004
MED00205,8,ema,0.00115
MED00206,8,ema,-0.00187
MED00207,8,ema,0.00194
MED00208,8,ema,-0.00229
MED00209,8,ema,0.00179
MED00210,8,ema,0.00391
MED00211,8,ema,0.00327
MED00212,8,ema,-0.00111
MED00213,8,ema,0.00425
MED00214,8,ema,0.00336
MED00215,8,ema,0.00158
MED00216,8,ema,-0.06282
MED00217,8,ema,0.00241
MED00218,8,ema,0.00015
MED00219,8,ema,-0.00037
MED00220,8,ema,0.00418
MED00221,8,ema,0.00161
MED00222,8,ema,0.00071
MED00223,8,ema,0.00195
MED00224,8,ema,0.00321
MED00225,8,ema,-0.00256
MED00226,8,ema,0.00432
MED00227,8,ema,0.00404
MED00229,8,ema,-0.07547
MED00230,8,ema,-0.00293
MED00231,8,ema,0.00064
MED00232,8,ema,0.00055
MED00233,8,ema,-0.00051
MED00234,8,ema,-0.0009
MED00235,8,ema,0.00104
MED00236,8,ema,0.00116
MED00237,8,ema,-0.00235
MED00238,8,ema,0.00178
MED00239,8,ema,0.0015
MED00240,8,ema,0.00064
MED00241,8,ema,0.00142
MED00242,8,ema,-0.00318
MED00243,8,ema,-0.00451
MED00244,8,ema,0.00485
MED00245,8,ema,0.00089
MED00246,8,ema,-0.00282
MED00247,8,ema,0.00273
MED00248,8,ema,-0.00047
MED00249,8,ema,0.00375
MED00250,8,ema,0.00478
MED00251,8,ema,0.00208
MED00252,8,ema,-0.00021
MED00253,8,ema,0.00111
MED00254,8,ema,0.00336
MED00255,8,ema,-0.00101
MED00256,8,ema,-0.00049
MED00257,8,ema,-0.00452
MED00258,8,ema,0.00207
MED00259,8,ema,-0.00084
MED00260,8,ema,0.00238
MED00261,8,ema,0.00353
MED00262,8,ema,-0.00094
MED00263,8,ema,-0.00087
MED00264,8,ema,-0.059
MED00265,8,ema,-0.00437
MED00266,8,ema,0.00266
MED00267,8,ema,0.00154
MED00268,8,ema,0.00228
MED00269,8,ema,0.0054
MED00270,8,ema,-0.00161
MED00271,8,ema,0.00029
MED00272,8,ema,0.00188
MED00273,8,ema,0.00159
MED00274,8,ema,-0.00111
MED00275,8,ema,0.00238
MED00276,8,ema,0.0021
MED00277,8,ema,-0.00142
MED00278,8,ema,-0.00316
MED00279,8,ema,0.00382
MED00280,8,ema,0.0047
MED00281,8,ema,0.00332
MED00282,8,ema,0.00279
MED00283,8,ema,0.0035
MED00284,8,ema,-0.00025
MED00285,8,ema,0.00033
MED00286,8,ema,0.00024
MED00287,8,ema,0.00327
MED00288,8,ema,0.00216
MED00289,8,ema,-0.0054
MED00290,8,ema,0.00443
MED00291,8,ema,0.01908
MED00292,8,ema,-0.00473
MED00293,8,ema,-0.00219
MED00294,8,ema,0.00341
MED00295,8,ema,0.00021
MED00296,8,ema,0.00089
MED00297,8,ema,-0.00089
MED00298,8,ema,-0.00123
MED00299,8,ema,0.00172
MED00300,8,ema,0.00439
MED00301,8,ema,0.00176
MED00302,8,ema,0.00124
MED00303,8,ema,0.00418
MED00304,8,ema,0.00091
MED00305,8,ema,0.00028
MED00306,8,ema,-0.03864
MED00307,8,ema,0.00274
MED00308,8,ema,0.00562
MED00309,8,ema,0.00244
MED00310,8,ema,0.00293
MED00311,8,ema,0.00159
MED00312,8,ema,0.00031
MED00313,8,ema,0.00491
MED00314,8,ema,-0.00127
MED00315,8,ema,0.00284
MED00316,8,ema,0.00229
MED00317,8,ema,0.00434
MED00318,8,ema,0.00014
MED00319,8,ema,-0.00405
MED00320,8,ema,0.0038
MED00322,8,ema,-0.02785
MED00323,8,ema,-0.0009
MED00324,8,ema,0.00135
MED00325,8,ema,0.00064
MED00326,8,ema,-0.00437
MED00327,8,ema,0.00264
MED00328,8,ema,-0.00123
MED00329,8,ema,-0.0041
MED00330,8,ema,-0.00069
MED00331,8,ema,0.00126
MED00332,8,ema,0.00234
MED00333,8,ema,-0.00213
MED00334,8,ema,0.00112
MED00335,8,ema,0.00432
MED00336,8,ema,-0.00423
MED00337,8,ema,-0.00027
MED00338,8,ema,0.0047
MED00339,8,ema,0.00022
MED00340,8,ema,0.00456
MED00341,8,ema,-0.00187
MED00342,8,ema,0.00475
MED00343,8,ema,0.00233
MED00344,8,ema,0.00124
MED00345,8,ema,-0.05353
MED00346,8,ema,0.00208
MED00347,8,ema,-0.0009
MED00348,8,ema,0.00638
MED00349,8,ema,0.00201
MED00350,8,ema,-0.00238
MED00351,8,ema,-0.07128
MED00352,8,ema,-0.03218
MED00353,8,ema,0.00432
MED00354,8,ema,0.00305
MED00355,8,ema,-0.00472
MED00356,8,ema,-0.00155
MED00357,8,ema,0.00326
MED00358,8,ema,0.00285
MED00359,8,ema,0.00933
MED00360,8,ema,-0.0015
MED00361,8,ema,-0.00275
MED00362,8,ema,-0.00104
MED00363,8,ema,0.00283
MED00364,8,ema,-0.00761
MED00365,8,ema,0.00198
MED00366,8,ema,0.00255
MED00367,8,ema,0.00902
MED00368,8,ema,-0.00178
MED00369,8,ema,0.00115
MED00370,8,ema,0.00157
MED00371,8,ema,-0.00353
MED00372,8,ema,0.00216
MED00373,8,ema,0.00502
MED00374,8,ema,-0.002
MED00375,8,ema,0.00169
MED00376,8,ema,0.00439
MED00377,8,ema,0.00526
MED00378,8,ema,0.00202
MED00379,8,ema,-0.00431
MED00380,8,ema,0.00336
MED00381,8,ema,0.00074
MED00382,8,ema,0.00231
MED00383,8,ema,0.00219
MED00384,8,ema,-0.00091
MED00385,8,ema,0.00322
MED00386,8,ema,0.00216
MED00387,8,ema,0.00328
MED00388,8,ema,0.00049
MED00389,8,ema,0.00241
MED00390,8,ema,0.00384
MED00391,8,ema,0.0045
MED00392,8,ema,0.00426
MED00393,8,ema,-0.00534
MED00394,8,ema,0.00327
MED00395,8,ema,0.00312
MED00396,8,ema,0.00184
MED00397,8,ema,0.00081
MED00398,8,ema,0.00107
MED00399,8,ema,0.00101
MED00400,8,ema,0.00087
MED00401,8,ema,0.00264
MED00402,8,ema,0.00377
MED00403,8,ema,-0.00257
MED00404,8,ema,0.00106
MED00405,8,ema,0.00034
MED00406,8,ema,0.00326
MED00407,8,ema,0.00338
MED00408,8,ema,-0.00508
MED00409,8,ema,-0.00473
MED00410,8,ema,0.00239
MED00411,8,ema,0.0042
MED00412,8,ema,-0.00419
MED00413,8,ema,-0.00487
MED00414,8,ema,0.00334
MED00415,8,ema,0.00319
MED00416,8,ema,0.00451
MED00417,8,ema,-0.00375
MED00418,8,ema,-0.00384
MED00419,8,ema,-0.00385
MED00420,8,ema,0.00324
MED00421,8,ema,0.00296
MED00422,8,ema,0.0045
MED00423,8,ema,-0.00394
MED00424,8,ema,0.00112
MED00001,9,ema,0.00315
MED00002,9,ema,-0.01463
MED00003,9,ema,-0.00474
MED00004,9,ema,0.00835
MED00005,9,ema,0.00289
MED00006,9,ema,0.00064
MED00007,9,ema,0.00256
MED00008,9,ema,0.00053
MED00009,9,ema,0.00215
MED00010,9,ema,0.00068
MED00011,9,ema,0.00418
MED00012,9,ema,0.00635
MED00013,9,ema,-0.00175
MED00014,9,ema,0.00356
MED00015,9,ema,0.0002
MED00016,9,ema,-0.00084
MED00017,9,ema,0.00213
MED00018,9,ema,0.00109
MED00019,9,ema,0.00283
MED00020,9,ema,0.00138
MED00022,9,ema,-0.00314
MED00024,9,ema,0.00198
MED00025,9,ema,-0.02817
MED00026,9,ema,0.00048
MED00027,9,ema,-0.02306
MED00028,9,ema,0.00955
MED00029,9,ema,0.0039
MED00030,9,ema,0.0014
MED00031,9,ema,-0.00115
MED00032,9,ema,-0.0009
MED00033,9,ema,0.00296
MED00034,9,ema,0.00318
MED00035,9,ema,0.00067
MED00036,9,ema,0.00374
MED00037,9,ema,-0.00041
MED00038,9,ema,0.00433
MED00039,9,ema,-0.0013
MED00041,9,ema,-0.00162
MED00042,9,ema,0.00147
MED00043,9,ema,0.00168
MED00044,9,ema,0.00113
MED00045,9,ema,0.00378
MED00046,9,ema,0.00597
MED00047,9,ema,0.00044
MED00048,9,ema,0.00375
MED00049,9,ema,-0.03083
MED00050,9,ema,0.00358
MED00051,9,ema,-0.00433
MED00052,9,ema,0.00297
MED00053,9,ema,-0.00486
MED00054,9,ema,-0.00286
MED00055,9,ema,0.00569
MED00056,9,ema,0.00486
MED00057,9,ema,0.00248
MED00058,9,ema,-0.00468
MED00059,9,ema,-0.00404
MED00060,9,ema,-0.00498
MED00061,9,ema,0.00165
MED00062,9,ema,0.00375
MED00063,9,ema,-0.00082
MED00064,9,ema,0.00325
MED00065,9,ema,0.00118
MED00066,9,ema,0.00436
MED00067,9,ema,-0.00204
MED00068,9,ema,-0.00133
MED00069,9,ema,0.00636
MED00070,9,ema,0.00391
MED00071,9,ema,0.00204
MED00072,9,ema,-0.001
MED00073,9,ema,0.00124
MED00074,9,ema,0.00117
MED00075,9,ema,-0.00118
MED00076,9,ema,0.00312
MED00077,9,ema,0.00174
MED00078,9,ema,0.00203
MED00079,9,ema,0.00037
MED00080,9,ema,-0.00258
MED00081,9,ema,0.00033
MED00082,9,ema,0.00196
MED00083,9,ema,0.00141
MED00084,9,ema,0.00164
MED00085,9,ema,-0.00132
MED00086,9,ema,0.00122
MED00087,9,ema,0.00459
MED00088,9,ema,0.00077
MED00089,9,ema,0.00034
MED00090,9,ema,0.00177
MED00091,9,ema,0.00205
MED00092,9,ema,-0.00234
MED00093,9,ema,0.00498
MED00094,9,ema,0.00052
MED00095,9,ema,-0.00129
MED00096,9,ema,0.003
MED00097,9,ema,0.00041
MED00098,9,ema,-0.00396
MED00099,9,ema,-0.00354
MED00100,9,ema,-0.0002
MED00101,9,ema,-0.00237
MED00102,9,ema,-0.00075
MED00103,9,ema,0.00301
MED00104,9,ema,-0.00425
MED00105,9,ema,-0.0024
MED00106,9,ema,-0.02817
MED00107,9,ema,-0.00403
MED00108,9,ema,0.00116
MED00109,9,ema,-0.00052
MED00110,9,ema,0.01088
MED00111,9,ema,0.0049
MED00112,9,ema,0.00174
MED00113,9,ema,-0.0021
MED00114,9,ema,-0.00548
MED00115,9,ema,0.00487
MED00116,9,ema,-0.00213
MED00117,9,ema,0.00396
MED00118,9,ema,-0.00064
MED00119,9,ema,0.00926
MED00120,9,ema,0.00407
MED00121,9,ema,0.00261
MED00122,9,ema,-0.00214
MED00123,9,ema,-0.00124
MED00124,9,ema,-0.00429
MED00125,9,ema,0.00034
MED00126,9,ema,0.00609
MED00127,9,ema,0.0078
MED00128,9,ema,0.00227
MED00129,9,ema,0.00119
MED00130,9,ema,-0.03003
MED00131,9,ema,0.00177
MED00132,9,ema,-0.00857
MED00133,9,ema,0.00086
MED00134,9,ema,0.01341
MED00135,9,ema,0.0021
MED00136,9,ema,0.00495
MED00137,9,ema,0.0028
MED00138,9,ema,0.00499
MED00139,9,ema,0.00241
MED00140,9,ema,0.00448
MED00141,9,ema,-0.00105
MED00142,9,ema,0.0005
MED00143,9,ema,0.00209
MED00144,9,ema,0.00093
MED00145,9,ema,0.00068
MED00146,9,ema,-0.00099
MED00147,9,ema,0.00023
MED00148,9,ema,0.00097
MED00149,9,ema,0.00138
MED00150,9,ema,0.0037
MED00151,9,ema,0.00469
MED00152,9,ema,0.00566
MED00153,9,ema,0.00493
MED00154,9,ema,0.00371
MED00155,9,ema,0.00209
MED00156,9,ema,-0.00068
MED00157,9,ema,-0.00274
MED00158,9,ema,0.00065
MED00159,9,ema,-0.00018
MED00160,9,ema,0.0014
MED00161,9,ema,0.00041
MED00162,9,ema,0.00177
MED00163,9,ema,0.00172
MED00164,9,ema,0.00114
MED00165,9,ema,0.00283
MED00166,9,ema,0.00185
MED00167,9,ema,-0.00177
MED00168,9,ema,0.00802
MED00169,9,ema,0.00239
MED00170,9,ema,-0.00208
MED00171,9,ema,0.00207
MED00172,9,ema,-0.0008
MED00173,9,ema,0.00446
MED00174,9,ema,0.00158
MED00175,9,ema,0.00135
MED00177,9,ema,-0.00028
MED00178,9,ema,-0.00288
MED00179,9,ema,0.00275
MED00180,9,ema,0.00012
MED00181,9,ema,0.00171
MED00182,9,ema,-0.0184
MED00183,9,ema,-0.00675
MED00184,9,ema,0.00182
MED00185,9,ema,0.00141
MED00186,9,ema,0.00517
MED00187,9,ema,0.00435
MED00188,9,ema,-0.00118
MED00189,9,ema,-0.00276
MED00190,9,ema,0.00193
MED00191,9,ema,0.00241
MED00192,9,ema,0.00074
MED00193,9,ema,-0.04765
MED00194,9,ema,-0.0036
MED00195,9,ema,-0.00361
MED00197,9,ema,0.00379
MED00198,9,ema,0.00489
MED00199,9,ema,0.00415
MED00201,9,ema,-0.00367
MED00202,9,ema,0.00298
MED00203,9,ema,-0.001
MED00204,9,ema,0.00391
MED00205,9,ema,0.00113
MED00206,9,ema,-0.00196
MED00207,9,ema,0.00194
MED00208,9,ema,-0.00226
MED00209,9,ema,-0.00249
MED00210,9,ema,0.00385
MED00211,9,ema,0.00327
MED00212,9,ema,-0.00118
MED00213,9,ema,0.00416
MED00214,9,ema,0.0034
MED00215,9,ema,0.00158
MED00216,9,ema,-0.04163
MED00217,9,ema,0.00243
MED00218,9,ema,0.00016
MED00219,9,ema,-0.00024
MED00220,9,ema,0.00419
MED00221,9,ema,0.0016
MED00222,9,ema,0.00062
MED00223,9,ema,0.0017
MED00224,9,ema,0.0031
MED00225,9,ema,-0.00259
MED00226,9,ema,0.00433
MED00227,9,ema,0.00382
MED00228,9,ema,-0.00031
MED00229,9,ema,0.04061
MED00230,9,ema,-0.00285
MED00231,9,ema,0.0004
MED00232,9,ema,0.00051
MED00233,9,ema,-0.0005
MED00234,9,ema,-0.00099
MED00235,9,ema,0.00111
MED00236,9,ema,0.00114
MED00237,9,ema,-0.00229
MED00238,9,ema,0.00171
MED00239,9,ema,0.00149
MED00240,9,ema,0.00065
MED00241,9,ema,0.00138
MED00242,9,ema,-0.00311
MED00243,9,ema,-0.00451
MED00244,9,ema,0.00483
MED00245,9,ema,0.0011
MED00246,9,ema,-0.00276
MED00247,9,ema,0.00279
MED00248,9,ema,-0.00066
MED00249,9,ema,0.00382
MED00250,9,ema,0.00481
MED00251,9,ema,0.00204
MED00252,9,ema,-0.0003
MED00253,9,ema,0.00109
MED00254,9,ema,0.00306
MED00255,9,ema,-0.00095
MED00256,9,ema,-0.00052
MED00257,9,ema,-0.00445
MED00258,9,ema,0.00211
MED00259,9,ema,-0.00096
MED00260,9,ema,-0.00207
MED00261,9,ema,0.00316
MED00262,9,ema,-0.00105
MED00263,9,ema,-0.00081
MED00264,9,ema,-0.03445
MED00265,9,ema,-0.00433
MED00266,9,ema,0.00241
MED00267,9,ema,0.00148
MED00268,9,ema,0.00215
MED00269,9,ema,0.00538
MED00270,9,ema,-0.00156
MED00271,9,ema,0.00033
MED00272,9,ema,0.00187
MED00273,9,ema,0.00195
MED00274,9,ema,-0.00112
MED00275,9,ema,0.00245
MED00276,9,ema,0.00209
MED00277,9,ema,-0.0016
MED00278,9,ema,-0.00312
MED00279,9,ema,0.00395
MED00280,9,ema,0.00456
MED00281,9,ema,0.00371
MED00282,9,ema,0.00276
MED00283,9,ema,0.00352
MED00284,9,ema,-0.00049
MED00285,9,ema,0.00036
MED00287,9,ema,0.00324
MED00288,9,ema,0.00239
MED00289,9,ema,-0.00533
MED00290,9,ema,0.00439
MED00291,9,ema,0.01902
MED00292,9,ema,-0.00482
MED00293,9,ema,-0.0021
MED00294,9,ema,0.00323
MED00295,9,ema,0.0002
MED00296,9,ema,0.00088
MED00297,9,ema,-0.00081
MED00298,9,ema,-0.00128
MED00299,9,ema,0.00171
MED00300,9,ema,0.00432
MED00301,9,ema,0.00179
MED00302,9,ema,0.00097
MED00303,9,ema,0.00418
MED00304,9,ema,0.00093
MED00305,9,ema,0.00019
MED00306,9,ema,-0.02242
MED00307,9,ema,0.00287
MED00308,9,ema,0.00119
MED00309,9,ema,0.00248
MED00310,9,ema,0.00294
MED00311,9,ema,0.00157
MED00313,9,ema,0.00107
MED00314,9,ema,-0.00154
MED00315,9,ema,0.00289
MED00316,9,ema,0.00241
MED00317,9,ema,0.00434
MED00319,9,ema,-0.00402
MED00320,9,ema,0.00383
MED00321,9,ema,-0.00038
MED00322,9,ema,-0.01615
MED00323,9,ema,-0.00098
MED00324,9,ema,0.00056
MED00325,9,ema,0.00067
MED00326,9,ema,-0.00434
MED00327,9,ema,0.00271
MED00328,9,ema,-0.00117
MED00329,9,ema,-0.00407
MED00330,9,ema,-0.00068
MED00331,9,ema,0.00074
MED00332,9,ema,0.00222
MED00333,9,ema,-0.0021
MED00334,9,ema,0.0012
MED00335,9,ema,0.00439
MED00336,9,ema,-0.0042
MED00337,9,ema,0.00064
MED00338,9,ema,0.00448
MED00339,9,ema,0.00017
MED00340,9,ema,0.00452
MED00341,9,ema,-0.00189
MED00342,9,ema,0.00472
MED00343,9,ema,0.00239
MED00344,9,ema,0.0013
MED00345,9,ema,-0.03234
MED00346,9,ema,0.00208
MED00347,9,ema,-0.00109
MED00348,9,ema,0.00633
MED00349,9,ema,0.00198
MED00350,9,ema,-0.00112
MED00351,9,ema,-0.00298
MED00352,9,ema,0.00633
MED00353,9,ema,0.00417
MED00354,9,ema,0.00269
MED00355,9,ema,-0.00467
MED00356,9,ema,-0.00168
MED00357,9,ema,0.00329
MED00358,9,ema,0.00286
MED00359,9,ema,0.00929
MED00360,9,ema,-0.00165
MED00361,9,ema,-0.0028
MED00362,9,ema,-0.00092
MED00363,9,ema,0.00279
MED00364,9,ema,-0.00337
MED00365,9,ema,0.00197
MED00366,9,ema,0.00261
MED00367,9,ema,0.00902
MED00368,9,ema,-0.00172
MED00369,9,ema,0.00123
MED00370,9,ema,0.00122
MED00371,9,ema,-0.00345
MED00372,9,ema,0.00056
MED00373,9,ema,0.00332
MED00374,9,ema,-0.00208
MED00375,9,ema,0.00176
MED00376,9,ema,0.00441
MED00377,9,ema,0.00725
MED00378,9,ema,0.00202
MED00379,9,ema,-0.00311
MED00380,9,ema,0.00302
MED00381,9,ema,0.00061
MED00382,9,ema,0.00228
MED00383,9,ema,0.00219
MED00384,9,ema,-0.00104
MED00385,9,ema,0.00323
MED00386,9,ema,0.00214
MED00387,9,ema,0.00338
MED00388,9,ema,0.00052
MED00389,9,ema,0.00247
MED00390,9,ema,0.00391
MED00391,9,ema,0.00455
MED00392,9,ema,0.00431
MED00393,9,ema,-0.00531
MED00394,9,ema,0.00331
MED00395,9,ema,0.00316
MED00396,9,ema,0.00211
MED00397,9,ema,0.00092
MED00398,9,ema,0.0012
MED00399,9,ema,0.00112
MED00400,9,ema,0.00093
MED00401,9,ema,0.00273
MED00402,9,ema,0.00384
MED00403,9,ema,-0.00255
MED00404,9,ema,0.00114
MED00405,9,ema,0.00042
MED00406,9,ema,0.00336
MED00407,9,ema,0.00344
MED00408,9,ema,-0.005
MED00409,9,ema,-0.00467
MED00410,9,ema,0.00246
MED00411,9,ema,0.00425
MED00412,9,ema,-0.00415
MED00413,9,ema,-0.00484
MED00414,9,ema,0.0034
MED00415,9,ema,0.00323
MED00416,9,ema,0.00456
MED00417,9,ema,-0.00369
MED00418,9,ema,-0.00377
MED00419,9,ema,-0.00382
MED00420,9,ema,0.00332
MED00421,9,ema,0.00303
MED00422,9,ema,0.00455
MED00423,9,ema,-0.0039
MED00424,9,ema,0.00118
MED00001,10,ema,0.00248
MED00002,10,ema,-0.01728
MED00003,10,ema,-0.00492
MED00004,10,ema,0.00855
MED00005,10,ema,0.00186
MED00006,10,ema,0.00027
MED00007,10,ema,0.00229
MED00008,10,ema,-0.00032
MED00009,10,ema,0.00149
MED00010,10,ema,0.00043
MED00011,10,ema,0.00398
MED00012,10,ema,0.00587
MED00013,10,ema,-0.00202
MED00014,10,ema,0.00323
MED00015,10,ema,-0.00025
MED00016,10,ema,-0.0013
MED00017,10,ema,0.00164
MED00018,10,ema,0.00108
MED00019,10,ema,0.00222
MED00020,10,ema,0.0008
MED00021,10,ema,-0.00027
MED00022,10,ema,-0.00337
MED00023,10,ema,0.00065
MED00024,10,ema,0.00163
MED00025,10,ema,-0.05914
MED00026,10,ema,0.00417
MED00027,10,ema,-0.05207
MED00028,10,ema,0.01014
MED00029,10,ema,0.00357
MED00030,10,ema,0.00107
MED00031,10,ema,-0.00148
MED00032,10,ema,-0.00159
MED00033,10,ema,0.0032
MED00034,10,ema,0.00237
MED00036,10,ema,0.00387
MED00037,10,ema,-0.00054
MED00038,10,ema,0.00406
MED00039,10,ema,-0.00046
MED00040,10,ema,0.00025
MED00041,10,ema,-0.00319
MED00042,10,ema,0.00354
MED00043,10,ema,0.00236
MED00044,10,ema,0.00088
MED00045,10,ema,0.00368
MED00046,10,ema,0.00565
MED00048,10,ema,0.00356
MED00049,10,ema,-0.06144
MED00050,10,ema,0.00324
MED00051,10,ema,-0.00437
MED00052,10,ema,0.00282
MED00053,10,ema,-0.00545
MED00054,10,ema,-0.0035
MED00055,10,ema,0.00517
MED00056,10,ema,0.00404
MED00057,10,ema,0.00225
MED00058,10,ema,-0.00503
MED00059,10,ema,-0.00438
MED00060,10,ema,-0.00564
MED00061,10,ema,0.00352
MED00062,10,ema,0.00308
MED00063,10,ema,-0.04634
MED00064,10,ema,0.00252
MED00065,10,ema,0.00124
MED00066,10,ema,0.00382
MED00067,10,ema,-0.00258
MED00068,10,ema,-0.00167
MED00069,10,ema,0.00624
MED00070,10,ema,0.00363
MED00071,10,ema,0.00168
MED00072,10,ema,-0.00134
MED00073,10,ema,0.00091
MED00074,10,ema,0.00084
MED00075,10,ema,-0.00211
MED00076,10,ema,0.00219
MED00077,10,ema,0.00085
MED00078,10,ema,0.0017
MED00079,10,ema,-0.00021
MED00080,10,ema,-0.00294
MED00081,10,ema,0.00014
MED00082,10,ema,0.00161
MED00083,10,ema,0.00027
MED00084,10,ema,0.00125
MED00085,10,ema,-0.00178
MED00086,10,ema,0.00131
MED00087,10,ema,0.00417
MED00090,10,ema,0.00118
MED00091,10,ema,0.00171
MED00092,10,ema,-0.00282
MED00093,10,ema,0.00638
MED00094,10,ema,0.00318
MED00095,10,ema,-0.00184
MED00096,10,ema,0.00233
MED00097,10,ema,0.00055
MED00098,10,ema,-0.00425
MED00099,10,ema,-0.0288
MED00100,10,ema,0.00151
MED00101,10,ema,-0.00289
MED00102,10,ema,-0.00087
MED00103,10,ema,0.00245
MED00104,10,ema,-0.00476
MED00105,10,ema,-0.00269
MED00106,10,ema,-0.05981
MED00107,10,ema,-0.00454
MED00108,10,ema,0.00062
MED00109,10,ema,-0.00067
MED00110,10,ema,-0.02478
MED00111,10,ema,0.0079
MED00112,10,ema,0.00121
MED00113,10,ema,-0.0025
MED00114,10,ema,-0.00618
MED00115,10,ema,0.00431
MED00116,10,ema,-0.00341
MED00117,10,ema,0.00361
MED00118,10,ema,-0.00106
MED00119,10,ema,0.00889
MED00120,10,ema,0.00348
MED00121,10,ema,0.00239
MED00122,10,ema,-0.00266
MED00123,10,ema,-0.00259
MED00124,10,ema,-0.0048
MED00125,10,ema,0.00189
MED00126,10,ema,0.0063
MED00127,10,ema,0.00748
MED00128,10,ema,0.00173
MED00129,10,ema,0.00107
MED00130,10,ema,-0.06297
MED00131,10,ema,0.00142
MED00132,10,ema,-0.03366
MED00133,10,ema,1e-04
MED00134,10,ema,-0.02225
MED00135,10,ema,0.00151
MED00136,10,ema,0.00493
MED00137,10,ema,0.00143
MED00138,10,ema,0.00467
MED00139,10,ema,0.00211
MED00140,10,ema,0.00404
MED00141,10,ema,-0.00138
MED00142,10,ema,0.00018
MED00143,10,ema,0.00167
MED00144,10,ema,0.00078
MED00145,10,ema,0.0016
MED00146,10,ema,-0.00231
MED00148,10,ema,0.0003
MED00149,10,ema,0.00088
MED00150,10,ema,0.00232
MED00151,10,ema,0.00413
MED00152,10,ema,0.0051
MED00153,10,ema,0.00434
MED00154,10,ema,0.00329
MED00155,10,ema,0.00155
MED00156,10,ema,-0.00136
MED00157,10,ema,-0.00325
MED00158,10,ema,0.0044
MED00159,10,ema,-0.00016
MED00160,10,ema,0.0009
MED00162,10,ema,0.00121
MED00163,10,ema,0.00154
MED00164,10,ema,0.00089
MED00165,10,ema,0.00226
MED00166,10,ema,0.00129
MED00167,10,ema,-0.00219
MED00168,10,ema,0.00795
MED00169,10,ema,0.00194
MED00170,10,ema,-0.00247
MED00171,10,ema,0.00154
MED00172,10,ema,-0.00215
MED00173,10,ema,0.00383
MED00174,10,ema,0.00111
MED00175,10,ema,0.00179
MED00176,10,ema,-0.00024
MED00177,10,ema,0.00303
MED00178,10,ema,-0.004
MED00179,10,ema,0.00383
MED00180,10,ema,-0.00082
MED00181,10,ema,0.00121
MED00182,10,ema,-0.02747
MED00183,10,ema,-0.00735
MED00184,10,ema,0.00113
MED00185,10,ema,0.0009
MED00186,10,ema,0.00476
MED00187,10,ema,0.00398
MED00188,10,ema,-0.0017
MED00189,10,ema,-0.00719
MED00190,10,ema,0.0014
MED00191,10,ema,0.0019
MED00192,10,ema,-0.00103
MED00193,10,ema,-0.07606
MED00194,10,ema,-0.00417
MED00195,10,ema,-0.00418
MED00196,10,ema,-0.00051
MED00197,10,ema,0.00321
MED00198,10,ema,0.00446
MED00199,10,ema,0.00283
MED00200,10,ema,-0.00017
MED00201,10,ema,-0.00434
MED00202,10,ema,0.00262
MED00203,10,ema,-0.00134
MED00204,10,ema,0.00372
MED00205,10,ema,0.00079
MED00206,10,ema,-0.00337
MED00207,10,ema,0.00145
MED00208,10,ema,-0.00242
MED00209,10,ema,-0.00316
MED00210,10,ema,0.00412
MED00211,10,ema,0.00296
MED00212,10,ema,-0.0018
MED00213,10,ema,0.00442
MED00214,10,ema,0.0029
MED00215,10,ema,0.00095
MED00216,10,ema,-0.07339
MED00217,10,ema,0.00206
MED00218,10,ema,-0.00036
MED00219,10,ema,-0.00083
MED00220,10,ema,0.00361
MED00221,10,ema,0.00125
MED00222,10,ema,0.0004
MED00223,10,ema,0.00099
MED00224,10,ema,0.00275
MED00225,10,ema,-0.00316
MED00226,10,ema,0.00394
MED00227,10,ema,0.00336
MED00228,10,ema,-0.00064
MED00229,10,ema,-0.12641
MED00230,10,ema,-0.00362
MED00232,10,ema,0.00016
MED00233,10,ema,-0.00028
MED00234,10,ema,-0.00144
MED00235,10,ema,0.0011
MED00236,10,ema,0.00059
MED00237,10,ema,-0.00263
MED00238,10,ema,0.00124
MED00239,10,ema,0.00093
MED00240,10,ema,0.00032
MED00241,10,ema,0.00079
MED00242,10,ema,-0.00368
MED00243,10,ema,-0.00716
MED00244,10,ema,0.00423
MED00245,10,ema,0.00115
MED00246,10,ema,-0.00305
MED00247,10,ema,0.00228
MED00248,10,ema,-0.00134
MED00249,10,ema,0.00208
MED00250,10,ema,0.00448
MED00251,10,ema,0.00163
MED00252,10,ema,-0.00025
MED00253,10,ema,0.00059
MED00254,10,ema,0.00349
MED00255,10,ema,-0.00154
MED00256,10,ema,-0.00072
MED00257,10,ema,-0.00478
MED00258,10,ema,0.00153
MED00259,10,ema,-0.0015
MED00260,10,ema,-0.00173
MED00261,10,ema,0.00554
MED00262,10,ema,-0.00142
MED00263,10,ema,-0.00132
MED00264,10,ema,-0.06335
MED00265,10,ema,-0.00484
MED00266,10,ema,0.00182
MED00267,10,ema,0.00119
MED00268,10,ema,0.00161
MED00269,10,ema,0.00423
MED00270,10,ema,-0.00211
MED00271,10,ema,-0.00121
MED00272,10,ema,0.00121
MED00273,10,ema,0.00161
MED00274,10,ema,-0.0009
MED00275,10,ema,0.00178
MED00276,10,ema,0.00166
MED00277,10,ema,-0.00178
MED00278,10,ema,-0.00363
MED00279,10,ema,0.00353
MED00280,10,ema,0.00363
MED00281,10,ema,0.00304
MED00282,10,ema,0.00206
MED00283,10,ema,0.00312
MED00284,10,ema,-0.00067
MED00285,10,ema,-0.00016
MED00286,10,ema,-0.00024
MED00287,10,ema,0.00273
MED00288,10,ema,0.00196
MED00289,10,ema,-0.00568
MED00290,10,ema,0.00399
MED00291,10,ema,0.01852
MED00292,10,ema,-0.00505
MED00293,10,ema,-0.00267
MED00294,10,ema,0.00231
MED00295,10,ema,0.00271
MED00296,10,ema,0.00032
MED00297,10,ema,-0.00132
MED00298,10,ema,-0.0018
MED00299,10,ema,0.00187
MED00300,10,ema,0.00393
MED00301,10,ema,0.00128
MED00302,10,ema,0.00056
MED00303,10,ema,0.00382
MED00304,10,ema,0.00061
MED00305,10,ema,-0.00012
MED00306,10,ema,-0.0423
MED00307,10,ema,0.00248
MED00308,10,ema,0.00167
MED00309,10,ema,0.00209
MED00310,10,ema,0.00228
MED00311,10,ema,0.00042
MED00312,10,ema,-0.00153
MED00313,10,ema,0.00285
MED00314,10,ema,-0.00169
MED00315,10,ema,0.00242
MED00316,10,ema,0.00182
MED00317,10,ema,0.00376
MED00318,10,ema,-0.00034
MED00319,10,ema,-0.00453
MED00320,10,ema,0.00229
MED00321,10,ema,-0.00232
MED00322,10,ema,-0.02675
MED00323,10,ema,-0.00064
MED00324,10,ema,-0.00063
MED00325,10,ema,0.00016
MED00326,10,ema,-0.00485
MED00327,10,ema,0.00243
MED00328,10,ema,-0.00174
MED00329,10,ema,-0.00458
MED00330,10,ema,-0.00124
MED00331,10,ema,0.00034
MED00332,10,ema,0.00171
MED00333,10,ema,-0.00265
MED00334,10,ema,0.00073
MED00335,10,ema,0.00388
MED00336,10,ema,-0.00471
MED00337,10,ema,-0.00051
MED00338,10,ema,0.00446
MED00340,10,ema,0.00461
MED00341,10,ema,-0.00218
MED00342,10,ema,0.00424
MED00343,10,ema,0.00191
MED00344,10,ema,0.00118
MED00345,10,ema,-0.06527
MED00346,10,ema,0.00184
MED00347,10,ema,-0.00112
MED00348,10,ema,0.006
MED00349,10,ema,0.00143
MED00350,10,ema,-0.00344
MED00351,10,ema,-0.09846
MED00352,10,ema,-0.03311
MED00353,10,ema,0.00439
MED00354,10,ema,0.00282
MED00355,10,ema,-0.00528
MED00356,10,ema,-0.00249
MED00357,10,ema,0.00141
MED00358,10,ema,0.0022
MED00359,10,ema,0.00881
MED00360,10,ema,-0.00224
MED00361,10,ema,-0.00335
MED00362,10,ema,-0.00123
MED00363,10,ema,0.00237
MED00364,10,ema,-0.01293
MED00365,10,ema,0.00142
MED00366,10,ema,0.00238
MED00367,10,ema,0.00878
MED00368,10,ema,-0.00227
MED00369,10,ema,0.00089
MED00370,10,ema,0.00182
MED00371,10,ema,-0.00406
MED00372,10,ema,0.00123
MED00373,10,ema,0.0062
MED00374,10,ema,-0.0024
MED00375,10,ema,0.00135
MED00376,10,ema,0.00381
MED00377,10,ema,0.01079
MED00378,10,ema,0.00148
MED00379,10,ema,-0.00496
MED00380,10,ema,0.00194
MED00381,10,ema,0.00155
MED00382,10,ema,0.00159
MED00383,10,ema,0.00195
MED00384,10,ema,-0.00151
MED00385,10,ema,0.00211
MED00386,10,ema,0.00189
MED00387,10,ema,0.00317
MED00388,10,ema,0.00052
MED00389,10,ema,0.00214
MED00390,10,ema,0.00364
MED00391,10,ema,0.00395
MED00392,10,ema,0.00371
MED00393,10,ema,-0.00598
MED00394,10,ema,0.00264
MED00395,10,ema,0.00249
MED00396,10,ema,0.0019
MED00397,10,ema,0.00093
MED00398,10,ema,0.00123
MED00399,10,ema,0.00111
MED00400,10,ema,0.00092
MED00401,10,ema,0.00218
MED00402,10,ema,0.00329
MED00403,10,ema,-0.00277
MED00404,10,ema,0.00062
MED00406,10,ema,0.00317
MED00407,10,ema,0.0029
MED00408,10,ema,-0.0059
MED00409,10,ema,-0.00525
MED00410,10,ema,0.00186
MED00411,10,ema,0.00365
MED00412,10,ema,-0.00483
MED00413,10,ema,-0.00551
MED00414,10,ema,0.00279
MED00415,10,ema,0.00256
MED00416,10,ema,0.00395
MED00417,10,ema,-0.00436
MED00418,10,ema,-0.00444
MED00419,10,ema,-0.00449
MED00420,10,ema,0.00276
MED00421,10,ema,0.00249
MED00422,10,ema,0.00401
MED00423,10,ema,-0.00457
MED00424,10,ema,0.00116
MED00001,11,ema,0.00261
MED00002,11,ema,-0.01666
MED00003,11,ema,-0.00444
MED00004,11,ema,0.01
MED00005,11,ema,0.00329
MED00006,11,ema,0.00023
MED00007,11,ema,0.00226
MED00008,11,ema,-0.00048
MED00009,11,ema,0.00146
MED00010,11,ema,0.00044
MED00011,11,ema,0.00363
MED00012,11,ema,0.00584
MED00013,11,ema,-0.00211
MED00014,11,ema,0.00337
MED00015,11,ema,-0.00079
MED00016,11,ema,-0.00132
MED00017,11,ema,0.00159
MED00018,11,ema,0.00122
MED00019,11,ema,0.00237
MED00020,11,ema,0.00079
MED00021,11,ema,-0.00043
MED00022,11,ema,-0.00339
MED00023,11,ema,0.00062
MED00024,11,ema,0.00157
MED00025,11,ema,-0.0589
MED00026,11,ema,0.00184
MED00027,11,ema,-0.05228
MED00028,11,ema,0.00998
MED00029,11,ema,0.0037
MED00030,11,ema,0.00096
MED00031,11,ema,-0.00147
MED00032,11,ema,-0.00162
MED00033,11,ema,0.00465
MED00034,11,ema,0.00177
MED00035,11,ema,-0.00085
MED00036,11,ema,0.00402
MED00038,11,ema,0.00419
MED00039,11,ema,-0.00012
MED00040,11,ema,0.00099
MED00041,11,ema,-0.00177
MED00042,11,ema,0.00358
MED00043,11,ema,0.0027
MED00044,11,ema,0.00082
MED00045,11,ema,0.00354
MED00046,11,ema,0.00563
MED00047,11,ema,-0.00021
MED00048,11,ema,0.00369
MED00049,11,ema,-0.06233
MED00050,11,ema,0.00311
MED00051,11,ema,-0.00422
MED00052,11,ema,0.00264
MED00053,11,ema,-0.00556
MED00054,11,ema,-0.0036
MED00055,11,ema,0.00668
MED00056,11,ema,0.00545
MED00057,11,ema,0.00367
MED00058,11,ema,-0.00561
MED00059,11,ema,-0.0045
MED00060,11,ema,-0.00577
MED00061,11,ema,0.0038
MED00062,11,ema,0.00321
MED00063,11,ema,-0.04624
MED00064,11,ema,0.00264
MED00065,11,ema,0.0013
MED00066,11,ema,0.00328
MED00067,11,ema,-0.00261
MED00068,11,ema,-0.00182
MED00069,11,ema,0.00618
MED00070,11,ema,0.00383
MED00071,11,ema,0.00162
MED00072,11,ema,-0.0014
MED00073,11,ema,0.00085
MED00074,11,ema,0.00078
MED00075,11,ema,-0.00226
MED00077,11,ema,0.0007
MED00078,11,ema,0.00167
MED00079,11,ema,0.00056
MED00080,11,ema,-0.00294
MED00081,11,ema,0.00035
MED00082,11,ema,0.00155
MED00083,11,ema,0.00169
MED00084,11,ema,0.00202
MED00085,11,ema,-0.0018
MED00086,11,ema,0.00137
MED00087,11,ema,0.00413
MED00088,11,ema,0.00067
MED00089,11,ema,-0.00124
MED00090,11,ema,0.00115
MED00091,11,ema,0.00165
MED00092,11,ema,-0.00292
MED00093,11,ema,0.00413
MED00094,11,ema,0.00347
MED00095,11,ema,-0.00185
MED00096,11,ema,0.00247
MED00097,11,ema,0.00068
MED00098,11,ema,-0.00436
MED00099,11,ema,-0.029
MED00100,11,ema,0.00166
MED00101,11,ema,-0.003
MED00102,11,ema,-0.00069
MED00103,11,ema,0.0024
MED00104,11,ema,-0.00488
MED00105,11,ema,-0.00361
MED00106,11,ema,-0.06213
MED00107,11,ema,-0.00465
MED00108,11,ema,0.00058
MED00109,11,ema,-0.00053
MED00110,11,ema,-0.03022
MED00111,11,ema,0.00542
MED00112,11,ema,0.00116
MED00113,11,ema,-0.00253
MED00114,11,ema,-0.00631
MED00115,11,ema,0.00427
MED00116,11,ema,-0.00199
MED00117,11,ema,0.00358
MED00118,11,ema,-0.00109
MED00119,11,ema,0.00886
MED00120,11,ema,0.00332
MED00121,11,ema,0.00231
MED00122,11,ema,-0.00268
MED00123,11,ema,-0.00117
MED00124,11,ema,-0.00492
MED00125,11,ema,0.00252
MED00126,11,ema,0.00775
MED00127,11,ema,0.00744
MED00128,11,ema,0.0017
MED00129,11,ema,0.00093
MED00130,11,ema,-0.06625
MED00131,11,ema,0.00136
MED00132,11,ema,-0.03943
MED00134,11,ema,-0.02769
MED00135,11,ema,0.00195
MED00136,11,ema,0.00508
MED00137,11,ema,0.00126
MED00138,11,ema,0.00453
MED00139,11,ema,0.00196
MED00140,11,ema,0.00396
MED00141,11,ema,-0.00153
MED00143,11,ema,0.00164
MED00144,11,ema,-0.0002
MED00145,11,ema,0.00032
MED00146,11,ema,-0.0023
MED00148,11,ema,0.00018
MED00149,11,ema,0.00086
MED00150,11,ema,0.00229
MED00151,11,ema,0.00408
MED00152,11,ema,0.00507
MED00153,11,ema,0.00426
MED00154,11,ema,0.00343
MED00155,11,ema,0.00152
MED00156,11,ema,-0.00139
MED00157,11,ema,-0.00336
MED00158,11,ema,0.005
MED00159,11,ema,0.00045
MED00160,11,ema,0.00087
MED00161,11,ema,-0.00022
MED00162,11,ema,0.00118
MED00163,11,ema,-0.0007
MED00164,11,ema,0.00083
MED00165,11,ema,0.00226
MED00166,11,ema,0.00126
MED00167,11,ema,-0.00223
MED00168,11,ema,0.0078
MED00169,11,ema,0.00186
MED00170,11,ema,-0.00251
MED00171,11,ema,0.00151
MED00172,11,ema,-0.00218
MED00173,11,ema,0.0038
MED00174,11,ema,0.00105
MED00175,11,ema,0.00176
MED00177,11,ema,0.00315
MED00178,11,ema,-0.00257
MED00179,11,ema,0.00404
MED00180,11,ema,-0.00085
MED00181,11,ema,0.00117
MED00182,11,ema,-0.02769
MED00183,11,ema,-0.0069
MED00184,11,ema,0.00107
MED00185,11,ema,0.00084
MED00186,11,ema,0.00416
MED00187,11,ema,0.00394
MED00188,11,ema,-0.00211
MED00189,11,ema,-0.00657
MED00190,11,ema,0.00135
MED00191,11,ema,0.00203
MED00192,11,ema,-0.00058
MED00193,11,ema,-0.07692
MED00194,11,ema,-0.00428
MED00195,11,ema,-0.00429
MED00196,11,ema,-0.00063
MED00197,11,ema,0.00335
MED00198,11,ema,0.00443
MED00199,11,ema,0.00284
MED00200,11,ema,-0.00032
MED00201,11,ema,-0.00445
MED00202,11,ema,0.00258
MED00203,11,ema,-0.0014
MED00204,11,ema,0.00357
MED00205,11,ema,0.00156
MED00206,11,ema,-0.00331
MED00207,11,ema,0.00142
MED00208,11,ema,-0.00333
MED00209,11,ema,-0.00315
MED00210,11,ema,0.00411
MED00211,11,ema,0.00292
MED00212,11,ema,-0.00184
MED00213,11,ema,0.00587
MED00214,11,ema,0.00303
MED00215,11,ema,0.00092
MED00216,11,ema,-0.07331
MED00217,11,ema,0.00258
MED00218,11,ema,-0.00048
MED00219,11,ema,-0.00175
MED00220,11,ema,0.00357
MED00221,11,ema,0.00123
MED00222,11,ema,0.0002
MED00223,11,ema,0.00116
MED00224,11,ema,0.00272
MED00225,11,ema,-0.00328
MED00226,11,ema,0.00391
MED00227,11,ema,0.00349
MED00228,11,ema,-0.00067
MED00229,11,ema,-0.13212
MED00230,11,ema,-0.00371
MED00233,11,ema,0.00108
MED00234,11,ema,-0.00147
MED00235,11,ema,0.00126
MED00236,11,ema,0.00054
MED00237,11,ema,-0.00274
MED00238,11,ema,0.00121
MED00239,11,ema,0.0009
MED00240,11,ema,0.00017
MED00241,11,ema,0.00071
MED00242,11,ema,-0.0038
MED00243,11,ema,-0.00654
MED00244,11,ema,0.00365
MED00245,11,ema,0.00123
MED00246,11,ema,-0.00318
MED00247,11,ema,0.00243
MED00248,11,ema,-0.00137
MED00249,11,ema,0.00173
MED00250,11,ema,0.00449
MED00251,11,ema,0.0016
MED00252,11,ema,-0.00042
MED00253,11,ema,0.00056
MED00254,11,ema,0.0033
MED00255,11,ema,-0.00151
MED00256,11,ema,-0.00076
MED00257,11,ema,-0.00489
MED00258,11,ema,0.0015
MED00259,11,ema,-0.00153
MED00260,11,ema,-0.00136
MED00261,11,ema,0.0057
MED00262,11,ema,-0.00148
MED00263,11,ema,-0.00135
MED00264,11,ema,-0.06326
MED00265,11,ema,-0.00501
MED00266,11,ema,0.00255
MED00267,11,ema,0.00105
MED00268,11,ema,0.00158
MED00269,11,ema,0.0042
MED00270,11,ema,-0.00214
MED00271,11,ema,-0.00122
MED00272,11,ema,0.00118
MED00273,11,ema,0.00159
MED00274,11,ema,0.0004
MED00275,11,ema,0.00191
MED00276,11,ema,0.00163
MED00277,11,ema,-0.00117
MED00278,11,ema,-0.0038
MED00279,11,ema,0.00364
MED00280,11,ema,0.00268
MED00281,11,ema,0.00317
MED00282,11,ema,0.00203
MED00283,11,ema,0.00309
MED00284,11,ema,-0.00073
MED00285,11,ema,-0.00029
MED00286,11,ema,-0.00036
MED00287,11,ema,0.00269
MED00288,11,ema,0.00199
MED00289,11,ema,-0.00578
MED00290,11,ema,0.00396
MED00291,11,ema,0.01848
MED00292,11,ema,-0.00499
MED00293,11,ema,-0.00278
MED00294,11,ema,0.0037
MED00295,11,ema,0.0031
MED00296,11,ema,0.00019
MED00297,11,ema,-0.00144
MED00298,11,ema,-0.00183
MED00299,11,ema,0.00205
MED00300,11,ema,0.0039
MED00301,11,ema,0.00117
MED00302,11,ema,0.00099
MED00303,11,ema,0.00379
MED00304,11,ema,0.00045
MED00305,11,ema,-0.00015
MED00306,11,ema,-0.04833
MED00307,11,ema,0.0026
MED00308,11,ema,0.0018
MED00309,11,ema,0.00203
MED00310,11,ema,0.00225
MED00311,11,ema,0.00187
MED00312,11,ema,-0.00012
MED00313,11,ema,0.00729
MED00314,11,ema,-0.00109
MED00315,11,ema,0.00255
MED00316,11,ema,0.00179
MED00317,11,ema,0.00373
MED00318,11,ema,-0.00049
MED00319,11,ema,-0.00466
MED00320,11,ema,0.00358
MED00321,11,ema,-0.00088
MED00322,11,ema,-0.02761
MED00323,11,ema,0.00078
MED00324,11,ema,-0.00066
MED00326,11,ema,-0.00495
MED00327,11,ema,0.00228
MED00328,11,ema,-0.00185
MED00329,11,ema,-0.0047
MED00330,11,ema,-0.00137
MED00331,11,ema,0.0003
MED00332,11,ema,0.00169
MED00333,11,ema,-0.00279
MED00334,11,ema,0.00066
MED00335,11,ema,0.00437
MED00336,11,ema,-0.00482
MED00337,11,ema,-0.00039
MED00338,11,ema,0.00464
MED00340,11,ema,0.00473
MED00341,11,ema,-0.00309
MED00342,11,ema,0.00419
MED00343,11,ema,0.00204
MED00344,11,ema,0.00178
MED00345,11,ema,-0.06613
MED00346,11,ema,0.00181
MED00347,11,ema,-0.00097
MED00348,11,ema,0.00592
MED00349,11,ema,0.00139
MED00350,11,ema,-0.002
MED00351,11,ema,-0.10392
MED00352,11,ema,-0.0385
MED00353,11,ema,0.00584
MED00354,11,ema,0.00427
MED00355,11,ema,-0.00539
MED00356,11,ema,-0.00252
MED00357,11,ema,0.00204
MED00358,11,ema,0.00217
MED00359,11,ema,0.00878
MED00360,11,ema,-0.00227
MED00361,11,ema,-0.00336
MED00362,11,ema,-0.00126
MED00363,11,ema,0.00233
MED00364,11,ema,-0.01278
MED00365,11,ema,0.00138
MED00366,11,ema,0.00261
MED00367,11,ema,0.00863
MED00368,11,ema,-0.00229
MED00369,11,ema,0.00074
MED00370,11,ema,0.00197
MED00371,11,ema,-0.00512
MED00372,11,ema,0.00186
MED00373,11,ema,0.0065
MED00374,11,ema,-0.00243
MED00375,11,ema,0.0021
MED00376,11,ema,0.00375
MED00377,11,ema,0.01105
MED00378,11,ema,0.00144
MED00379,11,ema,-0.00352
MED00380,11,ema,0.00369
MED00381,11,ema,0.0014
MED00382,11,ema,0.00156
MED00383,11,ema,0.00103
MED00384,11,ema,-0.00154
MED00385,11,ema,0.00223
MED00386,11,ema,0.00266
MED00387,11,ema,0.0033
MED00388,11,ema,0.00065
MED00389,11,ema,0.00227
MED00390,11,ema,0.00378
MED00391,11,ema,0.00408
MED00392,11,ema,0.00385
MED00393,11,ema,-0.00609
MED00394,11,ema,0.00277
MED00395,11,ema,0.00262
MED00396,11,ema,0.00203
MED00397,11,ema,0.00102
MED00398,11,ema,0.00118
MED00399,11,ema,0.00116
MED00400,11,ema,0.00105
MED00401,11,ema,0.00232
MED00402,11,ema,0.00343
MED00403,11,ema,-0.00374
MED00404,11,ema,0.00045
MED00405,11,ema,-0.0002
MED00406,11,ema,0.00326
MED00407,11,ema,0.00303
MED00408,11,ema,-0.00601
MED00409,11,ema,-0.00537
MED00410,11,ema,0.00199
MED00411,11,ema,0.00379
MED00412,11,ema,-0.00494
MED00413,11,ema,-0.00562
MED00414,11,ema,0.00292
MED00415,11,ema,0.0027
MED00416,11,ema,0.00408
MED00417,11,ema,-0.00447
MED00418,11,ema,-0.00455
MED00419,11,ema,-0.00461
MED00420,11,ema,0.0029
MED00421,11,ema,0.00262
MED00422,11,ema,0.00414
MED00423,11,ema,-0.00468
MED00424,11,ema,0.00119
MED00001,12,ema,0.00317
MED00002,12,ema,-0.01343
MED00003,12,ema,-0.00547
MED00004,12,ema,0.00942
MED00005,12,ema,0.00291
MED00006,12,ema,-0.00029
MED00007,12,ema,0.00243
MED00008,12,ema,-0.00041
MED00009,12,ema,0.00197
MED00010,12,ema,0.00228
MED00011,12,ema,0.00419
MED00012,12,ema,0.00592
MED00013,12,ema,-0.00194
MED00014,12,ema,0.00394
MED00015,12,ema,-0.00327
MED00016,12,ema,-0.00123
MED00017,12,ema,0.0017
MED00018,12,ema,0.00121
MED00019,12,ema,0.00292
MED00020,12,ema,0.00133
MED00021,12,ema,-0.00025
MED00022,12,ema,-0.00329
MED00023,12,ema,0.00065
MED00024,12,ema,0.00176
MED00025,12,ema,-0.06365
MED00026,12,ema,0.00217
MED00027,12,ema,-0.05075
MED00028,12,ema,0.00797
MED00029,12,ema,0.00395
MED00030,12,ema,0.00115
MED00031,12,ema,-0.00126
MED00032,12,ema,-0.00114
MED00033,12,ema,0.00406
MED00034,12,ema,0.00233
MED00035,12,ema,0.00036
MED00036,12,ema,0.00344
MED00037,12,ema,-0.00197
MED00038,12,ema,0.00444
MED00039,12,ema,-0.00063
MED00040,12,ema,0.00204
MED00041,12,ema,-0.0023
MED00042,12,ema,0.00399
MED00043,12,ema,0.00371
MED00044,12,ema,0.00082
MED00045,12,ema,0.00352
MED00046,12,ema,0.00573
MED00048,12,ema,0.00394
MED00049,12,ema,-0.05877
MED00050,12,ema,0.00313
MED00051,12,ema,-0.00374
MED00052,12,ema,0.00149
MED00053,12,ema,-0.00543
MED00054,12,ema,-0.00791
MED00055,12,ema,0.00608
MED00056,12,ema,0.00482
MED00057,12,ema,0.00301
MED00058,12,ema,-0.00561
MED00059,12,ema,-0.00438
MED00060,12,ema,-0.00529
MED00061,12,ema,0.00357
MED00062,12,ema,0.00377
MED00063,12,ema,-0.04249
MED00064,12,ema,0.00315
MED00065,12,ema,0.00132
MED00066,12,ema,0.00064
MED00067,12,ema,-0.00244
MED00068,12,ema,-0.00164
MED00069,12,ema,0.00618
MED00070,12,ema,0.00414
MED00071,12,ema,0.0017
MED00072,12,ema,-0.0012
MED00073,12,ema,0.00105
MED00074,12,ema,0.00098
MED00075,12,ema,-0.00177
MED00076,12,ema,-0.00106
MED00077,12,ema,0.00119
MED00078,12,ema,0.00187
MED00079,12,ema,0.00112
MED00080,12,ema,-0.00275
MED00081,12,ema,-0.00065
MED00082,12,ema,0.00163
MED00083,12,ema,-0.00067
MED00084,12,ema,0.00258
MED00085,12,ema,-0.00169
MED00086,12,ema,0.00077
MED00087,12,ema,0.00358
MED00088,12,ema,0.00123
MED00089,12,ema,-0.00078
MED00090,12,ema,0.00131
MED00091,12,ema,0.00185
MED00092,12,ema,-0.00283
MED00093,12,ema,0.00472
MED00094,12,ema,0.00326
MED00095,12,ema,-0.00165
MED00096,12,ema,0.00303
MED00098,12,ema,-0.00419
MED00099,12,ema,-0.03602
MED00100,12,ema,0.00309
MED00101,12,ema,-0.00291
MED00102,12,ema,0.00076
MED00103,12,ema,0.00249
MED00104,12,ema,-0.00472
MED00105,12,ema,-0.00344
MED00106,12,ema,-0.06173
MED00107,12,ema,-0.00453
MED00108,12,ema,0.00076
MED00109,12,ema,-0.00044
MED00110,12,ema,-0.03078
MED00111,12,ema,0.00581
MED00112,12,ema,0.00135
MED00113,12,ema,-0.00232
MED00114,12,ema,-0.00584
MED00115,12,ema,0.00436
MED00116,12,ema,-0.00582
MED00117,12,ema,0.00357
MED00118,12,ema,-0.00104
MED00119,12,ema,0.00885
MED00120,12,ema,0.00382
MED00121,12,ema,0.00251
MED00122,12,ema,-0.00248
MED00123,12,ema,-0.00013
MED00124,12,ema,-0.00477
MED00125,12,ema,0.00301
MED00126,12,ema,0.00718
MED00127,12,ema,0.0076
MED00128,12,ema,0.00192
MED00129,12,ema,0.00092
MED00130,12,ema,-0.06468
MED00131,12,ema,0.00156
MED00132,12,ema,-0.0397
MED00134,12,ema,-0.02894
MED00135,12,ema,0.00229
MED00136,12,ema,0.00453
MED00137,12,ema,0.00178
MED00138,12,ema,0.00461
MED00139,12,ema,0.00204
MED00140,12,ema,0.00396
MED00141,12,ema,-0.00135
MED00142,12,ema,0.00019
MED00143,12,ema,0.00175
MED00145,12,ema,0.00283
MED00146,12,ema,0.00035
MED00147,12,ema,0.00012
MED00148,12,ema,0.00065
MED00149,12,ema,0.00104
MED00150,12,ema,0.00232
MED00151,12,ema,0.00416
MED00152,12,ema,0.00515
MED00153,12,ema,0.00434
MED00154,12,ema,0.00399
MED00155,12,ema,0.00172
MED00156,12,ema,-0.00088
MED00157,12,ema,-0.00319
MED00158,12,ema,0.0055
MED00159,12,ema,-0.00346
MED00160,12,ema,0.00103
MED00162,12,ema,0.0007
MED00163,12,ema,-0.00177
MED00164,12,ema,0.00083
MED00165,12,ema,0.00251
MED00166,12,ema,0.00134
MED00167,12,ema,-0.00214
MED00168,12,ema,0.0078
MED00169,12,ema,0.00197
MED00170,12,ema,-0.00244
MED00171,12,ema,0.00169
MED00172,12,ema,-0.0021
MED00173,12,ema,0.00388
MED00174,12,ema,0.00153
MED00175,12,ema,0.0017
MED00176,12,ema,0.00424
MED00177,12,ema,0.00443
MED00178,12,ema,-0.00141
MED00179,12,ema,0.00338
MED00180,12,ema,-0.00083
MED00181,12,ema,0.00136
MED00182,12,ema,-0.03522
MED00183,12,ema,-0.00475
MED00184,12,ema,0.00158
MED00185,12,ema,0.0011
MED00186,12,ema,0.00416
MED00187,12,ema,0.00402
MED00188,12,ema,-0.00194
MED00189,12,ema,-0.00387
MED00190,12,ema,0.00154
MED00191,12,ema,0.0023
MED00192,12,ema,-0.00093
MED00193,12,ema,-0.06903
MED00194,12,ema,-0.00412
MED00195,12,ema,-0.00412
MED00196,12,ema,-0.00046
MED00197,12,ema,0.0036
MED00198,12,ema,0.00443
MED00199,12,ema,0.00289
MED00200,12,ema,-0.00032
MED00201,12,ema,-0.00397
MED00202,12,ema,0.00258
MED00203,12,ema,-0.0012
MED00204,12,ema,0.00365
MED00205,12,ema,0.00181
MED00206,12,ema,0.00205
MED00207,12,ema,0.00142
MED00208,12,ema,-0.00317
MED00209,12,ema,-0.00267
MED00210,12,ema,0.00412
MED00211,12,ema,0.003
MED00212,12,ema,-0.00137
MED00213,12,ema,0.00528
MED00214,12,ema,0.00328
MED00215,12,ema,0.001
MED00216,12,ema,-0.07292
MED00217,12,ema,0.00181
MED00218,12,ema,-0.00035
MED00219,12,ema,-0.00142
MED00220,12,ema,0.00365
MED00221,12,ema,0.00144
MED00222,12,ema,0.00014
MED00223,12,ema,-0.00089
MED00224,12,ema,0.00271
MED00225,12,ema,-0.0031
MED00226,12,ema,0.00401
MED00227,12,ema,0.00404
MED00228,12,ema,-0.00035
MED00229,12,ema,-0.14011
MED00230,12,ema,-0.00323
MED00233,12,ema,0.00101
MED00234,12,ema,-0.00136
MED00235,12,ema,0.00131
MED00236,12,ema,0.00076
MED00237,12,ema,-0.00256
MED00238,12,ema,0.00132
MED00239,12,ema,0.00109
MED00240,12,ema,0.00035
MED00241,12,ema,0.00079
MED00242,12,ema,-0.00363
MED00243,12,ema,-0.0072
MED00244,12,ema,0.00373
MED00245,12,ema,0.00121
MED00246,12,ema,-0.00301
MED00247,12,ema,0.00268
MED00248,12,ema,-0.00086
MED00249,12,ema,0.00228
MED00250,12,ema,0.00475
MED00251,12,ema,0.00172
MED00252,12,ema,-0.00174
MED00253,12,ema,0.00074
MED00254,12,ema,0.00198
MED00255,12,ema,-0.00135
MED00256,12,ema,-0.00062
MED00257,12,ema,-0.00472
MED00258,12,ema,0.0017
MED00259,12,ema,-0.00135
MED00260,12,ema,-0.00183
MED00261,12,ema,0.00503
MED00262,12,ema,-0.00128
MED00263,12,ema,-0.0012
MED00264,12,ema,-0.0632
MED00265,12,ema,-0.00484
MED00266,12,ema,0.00304
MED00267,12,ema,0.00125
MED00268,12,ema,0.00178
MED00269,12,ema,0.00428
MED00270,12,ema,-0.00198
MED00271,12,ema,-0.0055
MED00272,12,ema,0.00169
MED00273,12,ema,0.0021
MED00274,12,ema,0.00035
MED00275,12,ema,0.00247
MED00276,12,ema,0.00172
MED00277,12,ema,-0.00158
MED00278,12,ema,-0.00363
MED00279,12,ema,0.0042
MED00280,12,ema,0.00166
MED00281,12,ema,0.00373
MED00282,12,ema,0.00254
MED00283,12,ema,0.00312
MED00284,12,ema,-0.00074
MED00285,12,ema,-0.00011
MED00286,12,ema,-0.00018
MED00287,12,ema,0.00288
MED00288,12,ema,0.0025
MED00289,12,ema,-0.00564
MED00290,12,ema,0.00395
MED00291,12,ema,0.02018
MED00292,12,ema,-0.00487
MED00293,12,ema,-0.00261
MED00294,12,ema,0.0031
MED00295,12,ema,0.00417
MED00296,12,ema,0.00037
MED00297,12,ema,-0.00128
MED00298,12,ema,-0.00163
MED00299,12,ema,0.00262
MED00300,12,ema,0.00389
MED00301,12,ema,0.0014
MED00302,12,ema,0.00149
MED00303,12,ema,0.00387
MED00304,12,ema,0.00063
MED00305,12,ema,-0.0007
MED00306,12,ema,-0.04679
MED00307,12,ema,0.004
MED00308,12,ema,0.00117
MED00309,12,ema,0.00211
MED00310,12,ema,0.00275
MED00311,12,ema,-0.00049
MED00312,12,ema,-0.00064
MED00313,12,ema,0.01209
MED00314,12,ema,-0.00513
MED00315,12,ema,0.0028
MED00316,12,ema,0.00198
MED00317,12,ema,0.00381
MED00318,12,ema,-0.00032
MED00319,12,ema,-0.00449
MED00320,12,ema,0.00123
MED00321,12,ema,-0.00564
MED00322,12,ema,-0.02338
MED00323,12,ema,0.00069
MED00324,12,ema,-0.00061
MED00325,12,ema,0.00014
MED00326,12,ema,-0.00478
MED00327,12,ema,0.00248
MED00328,12,ema,-0.00167
MED00329,12,ema,-0.00454
MED00330,12,ema,-0.0012
MED00331,12,ema,0.00039
MED00332,12,ema,0.00189
MED00333,12,ema,-0.00265
MED00334,12,ema,0.00115
MED00335,12,ema,0.00047
MED00336,12,ema,-0.00466
MED00337,12,ema,-0.00038
MED00338,12,ema,0.00416
MED00340,12,ema,0.00484
MED00341,12,ema,-0.00292
MED00342,12,ema,0.00364
MED00343,12,ema,0.00229
MED00344,12,ema,-0.00027
MED00345,12,ema,-0.06462
MED00346,12,ema,0.00198
MED00347,12,ema,-0.00115
MED00348,12,ema,0.00591
MED00349,12,ema,0.00159
MED00350,12,ema,-0.00689
MED00351,12,ema,-0.10427
MED00352,12,ema,-0.03895
MED00353,12,ema,0.00526
MED00354,12,ema,0.0037
MED00355,12,ema,-0.00525
MED00356,12,ema,-0.00243
MED00357,12,ema,0.00218
MED00358,12,ema,0.00267
MED00359,12,ema,0.00886
MED00360,12,ema,-0.0021
MED00361,12,ema,-0.00319
MED00362,12,ema,-0.00105
MED00363,12,ema,0.00233
MED00364,12,ema,-0.009
MED00365,12,ema,0.00158
MED00366,12,ema,0.00286
MED00367,12,ema,0.00871
MED00368,12,ema,-0.00211
MED00369,12,ema,0.00092
MED00370,12,ema,0.00136
MED00371,12,ema,-0.00465
MED00372,12,ema,0.00347
MED00373,12,ema,0.00628
MED00374,12,ema,-0.00223
MED00375,12,ema,0.00266
MED00376,12,ema,0.00383
MED00377,12,ema,0.00992
MED00378,12,ema,0.00164
MED00379,12,ema,0.0017
MED00380,12,ema,0.00312
MED00381,12,ema,0.00152
MED00382,12,ema,0.00212
MED00383,12,ema,0.00126
MED00384,12,ema,-0.00143
MED00385,12,ema,0.0025
MED00386,12,ema,0.00293
MED00387,12,ema,0.00357
MED00388,12,ema,0.00064
MED00389,12,ema,0.00253
MED00390,12,ema,0.00403
MED00391,12,ema,0.00464
MED00392,12,ema,0.00441
MED00393,12,ema,-0.00561
MED00394,12,ema,0.00333
MED00395,12,ema,0.00318
MED00396,12,ema,0.00228
MED00397,12,ema,0.00104
MED00398,12,ema,0.00117
MED00399,12,ema,0.00096
MED00400,12,ema,0.00104
MED00401,12,ema,0.00288
MED00402,12,ema,0.00399
MED00403,12,ema,-0.00359
MED00404,12,ema,0.00061
MED00406,12,ema,0.00353
MED00407,12,ema,0.00359
MED00408,12,ema,-0.00553
MED00409,12,ema,-0.00523
MED00410,12,ema,0.00221
MED00411,12,ema,0.00434
MED00412,12,ema,-0.00447
MED00413,12,ema,-0.00514
MED00414,12,ema,0.00348
MED00415,12,ema,0.00325
MED00416,12,ema,0.00464
MED00417,12,ema,-0.00399
MED00418,12,ema,-0.00407
MED00419,12,ema,-0.00413
MED00420,12,ema,0.00346
MED00421,12,ema,0.00318
MED00422,12,ema,0.0047
MED00423,12,ema,-0.0042
MED00424,12,ema,0.00116
MED00001,1,momentum,-0.00224
MED00002,1,momentum,0.00336
MED00003,1,momentum,0.01147
MED00004,1,momentum,0.01895
MED00005,1,momentum,-0.00261
MED00006,1,momentum,0.00692
MED00007,1,momentum,-0.00831
MED00008,1,momentum,-0.01807
MED00009,1,momentum,-0.00259
MED00010,1,momentum,0.03001
MED00011,1,momentum,0.01717
MED00012,1,momentum,0.008
MED00013,1,momentum,-0.05062
MED00014,1,momentum,0.00041
MED00015,1,momentum,-0.03296
MED00016,1,momentum,-0.07275
MED00017,1,momentum,0.00171
MED00018,1,momentum,0.00206
MED00019,1,momentum,-0.00643
MED00020,1,momentum,-0.05377
MED00021,1,momentum,0.01283
MED00022,1,momentum,-0.05557
MED00023,1,momentum,0.01335
MED00024,1,momentum,0.00064
MED00025,1,momentum,0.00456
MED00026,1,momentum,0.01177
MED00027,1,momentum,0.01809
MED00028,1,momentum,-0.00683
MED00029,1,momentum,-0.0016
MED00030,1,momentum,-0.00503
MED00031,1,momentum,-0.02703
MED00032,1,momentum,-0.04522
MED00033,1,momentum,0.03618
MED00034,1,momentum,0.01163
MED00035,1,momentum,-0.06263
MED00036,1,momentum,0.01521
MED00037,1,momentum,-0.02727
MED00038,1,momentum,-0.00231
MED00039,1,momentum,0.02745
MED00040,1,momentum,-0.04217
MED00041,1,momentum,-0.00054
MED00042,1,momentum,0.01853
MED00043,1,momentum,0.01513
MED00044,1,momentum,-0.00114
MED00045,1,momentum,0.01504
MED00046,1,momentum,0.02189
MED00047,1,momentum,-0.00648
MED00048,1,momentum,-0.00274
MED00049,1,momentum,0.00915
MED00050,1,momentum,0.0252
MED00051,1,momentum,0.00052
MED00052,1,momentum,-0.00087
MED00053,1,momentum,-0.01677
MED00054,1,momentum,-0.07405
MED00055,1,momentum,-0.00315
MED00056,1,momentum,-0.01624
MED00057,1,momentum,0.01213
MED00058,1,momentum,0.00875
MED00059,1,momentum,-0.00094
MED00060,1,momentum,0.00075
MED00061,1,momentum,-0.00138
MED00062,1,momentum,-0.00284
MED00063,1,momentum,-0.00144
MED00064,1,momentum,0.02539
MED00065,1,momentum,-0.00098
MED00066,1,momentum,-0.02469
MED00067,1,momentum,-0.06907
MED00068,1,momentum,-0.01028
MED00069,1,momentum,0.01079
MED00070,1,momentum,-0.00046
MED00071,1,momentum,-0.0058
MED00072,1,momentum,-0.02302
MED00073,1,momentum,0.00142
MED00074,1,momentum,-0.00222
MED00075,1,momentum,-0.03028
MED00076,1,momentum,-0.02061
MED00077,1,momentum,-0.00089
MED00078,1,momentum,0.02514
MED00079,1,momentum,0.0302
MED00080,1,momentum,-0.02213
MED00081,1,momentum,0.01389
MED00082,1,momentum,0.01137
MED00083,1,momentum,-0.00389
MED00084,1,momentum,0.04041
MED00085,1,momentum,-0.03026
MED00086,1,momentum,0.02073
MED00087,1,momentum,0.01842
MED00088,1,momentum,0.03022
MED00089,1,momentum,0.01431
MED00090,1,momentum,0.00539
MED00091,1,momentum,0.00108
MED00092,1,momentum,-0.06409
MED00093,1,momentum,-0.05857
MED00094,1,momentum,-0.01573
MED00095,1,momentum,-0.02275
MED00096,1,momentum,0.00045
MED00097,1,momentum,0.02253
MED00098,1,momentum,0.00906
MED00099,1,momentum,0.01843
MED00100,1,momentum,0.00398
MED00101,1,momentum,-0.06058
MED00102,1,momentum,-0.06187
MED00103,1,momentum,0.01244
MED00104,1,momentum,-0.00732
MED00105,1,momentum,0.00345
MED00106,1,momentum,0.00068
MED00107,1,momentum,0.00015
MED00108,1,momentum,-0.00807
MED00109,1,momentum,0.01794
MED00110,1,momentum,0.02309
MED00111,1,momentum,0.00746
MED00112,1,momentum,0.00712
MED00113,1,momentum,-0.04308
MED00114,1,momentum,0.01168
MED00115,1,momentum,0.01452
MED00116,1,momentum,0.01972
MED00117,1,momentum,0.01938
MED00118,1,momentum,-0.02916
MED00119,1,momentum,0.00472
MED00120,1,momentum,0.00863
MED00121,1,momentum,-0.00244
MED00122,1,momentum,-0.02231
MED00123,1,momentum,0.01178
MED00124,1,momentum,-0.00095
MED00125,1,momentum,0.01492
MED00126,1,momentum,0.02287
MED00127,1,momentum,0.00427
MED00128,1,momentum,0.00152
MED00129,1,momentum,0.00579
MED00130,1,momentum,0.00966
MED00131,1,momentum,0.00042
MED00132,1,momentum,0.007
MED00133,1,momentum,-0.0004
MED00134,1,momentum,0.02443
MED00135,1,momentum,0.01438
MED00136,1,momentum,-0.00705
MED00137,1,momentum,-0.00229
MED00138,1,momentum,-0.00872
MED00139,1,momentum,0.02414
MED00140,1,momentum,-0.00374
MED00141,1,momentum,0.00801
MED00142,1,momentum,0.01924
MED00143,1,momentum,0.0005
MED00144,1,momentum,0.0171
MED00145,1,momentum,-0.04195
MED00146,1,momentum,-0.08699
MED00147,1,momentum,0.00992
MED00148,1,momentum,-0.00039
MED00149,1,momentum,0.0006
MED00150,1,momentum,0.02423
MED00151,1,momentum,0.00193
MED00152,1,momentum,0.00089
MED00153,1,momentum,0.01153
MED00154,1,momentum,-0.02448
MED00155,1,momentum,-0.00844
MED00156,1,momentum,-0.0269
MED00157,1,momentum,-0.02933
MED00158,1,momentum,0.01799
MED00159,1,momentum,0.00552
MED00160,1,momentum,0.00107
MED00161,1,momentum,0.0135
MED00162,1,momentum,0.01552
MED00163,1,momentum,0.01187
MED00164,1,momentum,0.00868
MED00165,1,momentum,-0.00061
MED00166,1,momentum,0.01381
MED00167,1,momentum,-0.04061
MED00168,1,momentum,0.01605
MED00169,1,momentum,-0.00689
MED00170,1,momentum,-0.04652
MED00171,1,momentum,0.00012
MED00172,1,momentum,-0.03848
MED00173,1,momentum,0.02002
MED00174,1,momentum,-0.00154
MED00175,1,momentum,0.01977
MED00176,1,momentum,-0.00785
MED00177,1,momentum,0.00556
MED00178,1,momentum,-0.03384
MED00179,1,momentum,0.0146
MED00180,1,momentum,0.00545
MED00181,1,momentum,0.02121
MED00182,1,momentum,0.01683
MED00183,1,momentum,0.01998
MED00184,1,momentum,0.00766
MED00185,1,momentum,-0.0074
MED00186,1,momentum,0.01235
MED00187,1,momentum,0.01367
MED00188,1,momentum,-0.05763
MED00189,1,momentum,0.01117
MED00190,1,momentum,0.01658
MED00191,1,momentum,-0.00443
MED00192,1,momentum,0.01311
MED00193,1,momentum,0.00727
MED00194,1,momentum,-0.02498
MED00195,1,momentum,-0.01995
MED00196,1,momentum,0.00096
MED00197,1,momentum,-0.03107
MED00198,1,momentum,-0.00016
MED00199,1,momentum,0.00193
MED00200,1,momentum,0.01323
MED00201,1,momentum,0.0007
MED00202,1,momentum,0.01505
MED00203,1,momentum,-0.03231
MED00204,1,momentum,0.00198
MED00205,1,momentum,-0.00326
MED00206,1,momentum,-0.09114
MED00207,1,momentum,0.0053
MED00208,1,momentum,0.00368
MED00209,1,momentum,-0.03838
MED00210,1,momentum,0.00142
MED00211,1,momentum,0.01245
MED00212,1,momentum,0.00075
MED00213,1,momentum,0.03844
MED00214,1,momentum,-0.0182
MED00215,1,momentum,0.01406
MED00216,1,momentum,-0.00764
MED00217,1,momentum,-0.03645
MED00218,1,momentum,0.00064
MED00219,1,momentum,-0.0175
MED00220,1,momentum,0.01512
MED00221,1,momentum,0.01795
MED00222,1,momentum,0.01885
MED00223,1,momentum,0.03129
MED00224,1,momentum,0.00785
MED00225,1,momentum,-0.01131
MED00226,1,momentum,0.02479
MED00227,1,momentum,-0.04296
MED00228,1,momentum,-0.05871
MED00229,1,momentum,0.02532
MED00230,1,momentum,0.00144
MED00231,1,momentum,-0.01513
MED00232,1,momentum,0.0212
MED00233,1,momentum,-0.00339
MED00234,1,momentum,-0.01827
MED00235,1,momentum,0.00046
MED00236,1,momentum,0.02192
MED00237,1,momentum,-0.01453
MED00238,1,momentum,0.0025
MED00239,1,momentum,-0.00135
MED00240,1,momentum,-0.003
MED00241,1,momentum,0.01294
MED00242,1,momentum,-0.00689
MED00243,1,momentum,-0.02262
MED00244,1,momentum,0.0209
MED00245,1,momentum,-0.00793
MED00246,1,momentum,-0.0193
MED00247,1,momentum,-0.00537
MED00248,1,momentum,-0.01405
MED00249,1,momentum,0.01764
MED00250,1,momentum,-0.00246
MED00251,1,momentum,0.00181
MED00252,1,momentum,-0.02632
MED00253,1,momentum,0.01329
MED00254,1,momentum,-0.08322
MED00255,1,momentum,-0.00234
MED00256,1,momentum,-0.00202
MED00257,1,momentum,-0.00394
MED00258,1,momentum,0.00851
MED00259,1,momentum,-0.02431
MED00260,1,momentum,-0.04932
MED00261,1,momentum,0.00816
MED00262,1,momentum,-0.02505
MED00263,1,momentum,-0.06298
MED00264,1,momentum,0.00503
MED00265,1,momentum,-0.02981
MED00266,1,momentum,0.0141
MED00267,1,momentum,0.00177
MED00268,1,momentum,-0.00835
MED00269,1,momentum,0.00278
MED00270,1,momentum,-0.06432
MED00271,1,momentum,-0.10813
MED00272,1,momentum,0.00851
MED00273,1,momentum,0.00587
MED00274,1,momentum,0.00908
MED00275,1,momentum,-0.02103
MED00276,1,momentum,-0.00171
MED00277,1,momentum,0.01116
MED00278,1,momentum,-0.01955
MED00279,1,momentum,0.0165
MED00280,1,momentum,-0.03836
MED00282,1,momentum,0.00913
MED00283,1,momentum,0.02428
MED00284,1,momentum,-0.01096
MED00285,1,momentum,-0.00519
MED00286,1,momentum,-0.00046
MED00287,1,momentum,-0.00776
MED00288,1,momentum,0.01639
MED00289,1,momentum,-0.06133
MED00290,1,momentum,0.00069
MED00291,1,momentum,0.03515
MED00292,1,momentum,0.01466
MED00293,1,momentum,-0.01133
MED00294,1,momentum,0.02334
MED00295,1,momentum,0.01718
MED00296,1,momentum,0.01015
MED00297,1,momentum,0.00445
MED00298,1,momentum,-0.02667
MED00299,1,momentum,0.01633
MED00300,1,momentum,0.00762
MED00301,1,momentum,-0.00279
MED00302,1,momentum,0.02327
MED00303,1,momentum,0.0298
MED00304,1,momentum,0.00676
MED00305,1,momentum,0.01403
MED00306,1,momentum,0.01493
MED00307,1,momentum,0.00185
MED00308,1,momentum,-0.00445
MED00309,1,momentum,0.01474
MED00310,1,momentum,0.01087
MED00311,1,momentum,-0.00484
MED00312,1,momentum,0.00815
MED00313,1,momentum,-0.0671
MED00314,1,momentum,0.02665
MED00315,1,momentum,-0.02189
MED00316,1,momentum,-0.00747
MED00317,1,momentum,0.01658
MED00318,1,momentum,-0.00512
MED00319,1,momentum,-0.00244
MED00320,1,momentum,0.03402
MED00321,1,momentum,-0.07555
MED00322,1,momentum,0.01082
MED00323,1,momentum,0.00595
MED00324,1,momentum,-0.01889
MED00325,1,momentum,0.00174
MED00327,1,momentum,-0.00502
MED00328,1,momentum,-0.01892
MED00329,1,momentum,-0.00221
MED00330,1,momentum,0.0097
MED00331,1,momentum,-0.05465
MED00332,1,momentum,-0.01169
MED00333,1,momentum,-0.04978
MED00334,1,momentum,0.01963
MED00335,1,momentum,-0.00412
MED00336,1,momentum,0.01249
MED00337,1,momentum,0.00049
MED00338,1,momentum,0.02753
MED00339,1,momentum,0.00654
MED00340,1,momentum,0.01497
MED00341,1,momentum,-0.00305
MED00342,1,momentum,0.01163
MED00343,1,momentum,-0.0054
MED00344,1,momentum,-0.01042
MED00345,1,momentum,0.00909
MED00346,1,momentum,0.01357
MED00347,1,momentum,0.00014
MED00348,1,momentum,0.001
MED00349,1,momentum,-0.00112
MED00350,1,momentum,-0.12744
MED00351,1,momentum,0.02352
MED00352,1,momentum,0.01544
MED00353,1,momentum,0.03688
MED00354,1,momentum,0.02925
MED00355,1,momentum,0.00469
MED00356,1,momentum,-0.05178
MED00357,1,momentum,-0.02226
MED00358,1,momentum,0.01254
MED00359,1,momentum,0.01665
MED00360,1,momentum,-0.04691
MED00361,1,momentum,-0.06074
MED00362,1,momentum,-0.01775
MED00363,1,momentum,0.00039
MED00364,1,momentum,-0.00014
MED00365,1,momentum,0.00139
MED00366,1,momentum,-0.0224
MED00367,1,momentum,0.0132
MED00368,1,momentum,-0.07124
MED00369,1,momentum,-0.00449
MED00370,1,momentum,0.02233
MED00371,1,momentum,0.01872
MED00372,1,momentum,0.01524
MED00373,1,momentum,0.01001
MED00374,1,momentum,-0.04757
MED00375,1,momentum,-0.00648
MED00376,1,momentum,0.01837
MED00377,1,momentum,0.02123
MED00378,1,momentum,0.00134
MED00379,1,momentum,-0.09425
MED00380,1,momentum,0.02369
MED00381,1,momentum,-0.00971
MED00382,1,momentum,0.00987
MED00383,1,momentum,-0.00206
MED00384,1,momentum,-0.0237
MED00385,1,momentum,0.00101
MED00386,1,momentum,-0.00246
MED00387,1,momentum,-0.00117
MED00388,1,momentum,0.01293
MED00389,1,momentum,0.00151
MED00390,1,momentum,0.00017
MED00392,1,momentum,-0.00091
MED00393,1,momentum,0.00727
MED00394,1,momentum,-0.00253
MED00395,1,momentum,-0.00043
MED00396,1,momentum,0.00148
MED00397,1,momentum,-0.00043
MED00398,1,momentum,-0.00184
MED00399,1,momentum,-0.00082
MED00400,1,momentum,0.00068
MED00401,1,momentum,-0.02361
MED00402,1,momentum,-0.00287
MED00403,1,momentum,0.02192
MED00404,1,momentum,0.00189
MED00405,1,momentum,0.00023
MED00406,1,momentum,0.0015
MED00407,1,momentum,-0.0022
MED00408,1,momentum,-0.00046
MED00409,1,momentum,0.00836
MED00410,1,momentum,-0.00349
MED00411,1,momentum,0.00216
MED00412,1,momentum,-0.00377
MED00413,1,momentum,0.01012
MED00414,1,momentum,-0.00517
MED00415,1,momentum,-0.01242
MED00416,1,momentum,-0.00164
MED00417,1,momentum,-0.00324
MED00418,1,momentum,-0.00332
MED00419,1,momentum,-0.0003
MED00420,1,momentum,-0.02227
MED00421,1,momentum,-0.00067
MED00422,1,momentum,0.00109
MED00423,1,momentum,-0.00244
MED00424,1,momentum,0.00117
MED00001,2,momentum,-0.00343
MED00002,2,momentum,0.00461
MED00003,2,momentum,0.01661
MED00004,2,momentum,0.02126
MED00005,2,momentum,-0.00385
MED00006,2,momentum,0.00858
MED00007,2,momentum,-0.00995
MED00008,2,momentum,-0.01693
MED00009,2,momentum,-0.00357
MED00010,2,momentum,0.04539
MED00011,2,momentum,0.01704
MED00012,2,momentum,0.01618
MED00013,2,momentum,-0.05012
MED00014,2,momentum,-0.00071
MED00015,2,momentum,-0.0259
MED00016,2,momentum,-0.07182
MED00017,2,momentum,0.00036
MED00018,2,momentum,0.00224
MED00019,2,momentum,-0.00704
MED00020,2,momentum,-0.06187
MED00021,2,momentum,0.01413
MED00022,2,momentum,-0.056
MED00023,2,momentum,0.01262
MED00024,2,momentum,-0.00079
MED00025,2,momentum,0.00797
MED00026,2,momentum,0.01213
MED00027,2,momentum,0.02132
MED00028,2,momentum,-0.00807
MED00029,2,momentum,-0.00233
MED00030,2,momentum,-0.00591
MED00031,2,momentum,-0.02853
MED00032,2,momentum,-0.04543
MED00033,2,momentum,0.03959
MED00034,2,momentum,0.01131
MED00035,2,momentum,-0.05857
MED00036,2,momentum,0.02175
MED00037,2,momentum,-0.02408
MED00038,2,momentum,-0.00622
MED00039,2,momentum,0.03038
MED00040,2,momentum,-0.03061
MED00041,2,momentum,-0.00188
MED00042,2,momentum,0.02159
MED00043,2,momentum,0.01982
MED00044,2,momentum,0.00065
MED00045,2,momentum,0.01925
MED00046,2,momentum,0.03059
MED00047,2,momentum,-0.007
MED00048,2,momentum,-0.004
MED00049,2,momentum,0.01427
MED00050,2,momentum,0.02991
MED00051,2,momentum,0.00537
MED00052,2,momentum,-0.00191
MED00053,2,momentum,-0.01747
MED00054,2,momentum,-0.07688
MED00055,2,momentum,-0.00343
MED00056,2,momentum,-0.02208
MED00057,2,momentum,0.01536
MED00058,2,momentum,0.01307
MED00059,2,momentum,-0.00212
MED00060,2,momentum,-0.00042
MED00061,2,momentum,-0.00252
MED00062,2,momentum,-0.00378
MED00063,2,momentum,0.00396
MED00064,2,momentum,0.02454
MED00065,2,momentum,-0.00186
MED00066,2,momentum,-0.0174
MED00067,2,momentum,-0.06824
MED00068,2,momentum,-0.01438
MED00069,2,momentum,0.01225
MED00070,2,momentum,-0.00185
MED00071,2,momentum,-0.00691
MED00072,2,momentum,-0.02475
MED00073,2,momentum,0.00017
MED00074,2,momentum,-0.00375
MED00075,2,momentum,-0.03019
MED00076,2,momentum,-0.01277
MED00077,2,momentum,-0.00095
MED00078,2,momentum,0.03782
MED00079,2,momentum,0.06021
MED00080,2,momentum,-0.02581
MED00081,2,momentum,0.01832
MED00082,2,momentum,0.01268
MED00083,2,momentum,-0.0046
MED00084,2,momentum,0.03972
MED00085,2,momentum,-0.02958
MED00086,2,momentum,0.02369
MED00087,2,momentum,0.02442
MED00088,2,momentum,0.0301
MED00089,2,momentum,0.01791
MED00090,2,momentum,0.00487
MED00091,2,momentum,-0.00027
MED00092,2,momentum,-0.06379
MED00093,2,momentum,-0.05842
MED00094,2,momentum,-0.01638
MED00095,2,momentum,-0.02326
MED00096,2,momentum,-0.00069
MED00097,2,momentum,0.02548
MED00098,2,momentum,0.00915
MED00099,2,momentum,0.02147
MED00100,2,momentum,0.0095
MED00101,2,momentum,-0.06094
MED00102,2,momentum,-0.05878
MED00103,2,momentum,0.01698
MED00104,2,momentum,-0.00742
MED00105,2,momentum,0.00476
MED00106,2,momentum,0.00559
MED00107,2,momentum,-0.00152
MED00108,2,momentum,-0.01053
MED00109,2,momentum,0.0197
MED00110,2,momentum,0.02395
MED00111,2,momentum,0.00927
MED00112,2,momentum,0.00859
MED00113,2,momentum,-0.04181
MED00114,2,momentum,0.01192
MED00115,2,momentum,0.01561
MED00116,2,momentum,0.01994
MED00117,2,momentum,0.02465
MED00118,2,momentum,-0.02772
MED00119,2,momentum,0.00341
MED00120,2,momentum,0.01217
MED00121,2,momentum,-0.00383
MED00122,2,momentum,-0.02277
MED00123,2,momentum,0.01477
MED00124,2,momentum,-0.00265
MED00125,2,momentum,0.01939
MED00126,2,momentum,0.02527
MED00127,2,momentum,0.00819
MED00128,2,momentum,0.00013
MED00129,2,momentum,0.00797
MED00130,2,momentum,0.01488
MED00131,2,momentum,-0.00113
MED00132,2,momentum,0.01023
MED00133,2,momentum,-0.00067
MED00134,2,momentum,0.02534
MED00135,2,momentum,0.02429
MED00136,2,momentum,-0.00789
MED00137,2,momentum,-0.00233
MED00138,2,momentum,-0.01001
MED00139,2,momentum,0.04053
MED00140,2,momentum,-0.00528
MED00141,2,momentum,0.00915
MED00142,2,momentum,0.02218
MED00143,2,momentum,-0.00076
MED00144,2,momentum,0.018
MED00145,2,momentum,-0.03378
MED00146,2,momentum,-0.08868
MED00147,2,momentum,0.01288
MED00148,2,momentum,-0.00171
MED00149,2,momentum,0.00083
MED00150,2,momentum,0.02731
MED00151,2,momentum,0.00015
MED00152,2,momentum,-0.00049
MED00153,2,momentum,0.01239
MED00154,2,momentum,-0.02547
MED00155,2,momentum,-0.01074
MED00156,2,momentum,-0.02769
MED00157,2,momentum,-0.02896
MED00158,2,momentum,0.02123
MED00159,2,momentum,0.00504
MED00160,2,momentum,-0.0006
MED00161,2,momentum,0.01447
MED00162,2,momentum,0.01994
MED00163,2,momentum,0.01682
MED00164,2,momentum,0.01025
MED00165,2,momentum,-0.00097
MED00166,2,momentum,0.01843
MED00167,2,momentum,-0.0391
MED00168,2,momentum,0.02325
MED00169,2,momentum,-0.01139
MED00170,2,momentum,-0.04586
MED00171,2,momentum,-0.00138
MED00172,2,momentum,-0.03754
MED00173,2,momentum,0.02803
MED00174,2,momentum,-0.00188
MED00175,2,momentum,0.0245
MED00176,2,momentum,-0.00795
MED00177,2,momentum,0.00524
MED00178,2,momentum,-0.03646
MED00179,2,momentum,0.01873
MED00180,2,momentum,0.01342
MED00181,2,momentum,0.02576
MED00182,2,momentum,0.02007
MED00183,2,momentum,0.02341
MED00184,2,momentum,0.01152
MED00185,2,momentum,-0.00998
MED00186,2,momentum,0.01349
MED00187,2,momentum,0.01341
MED00188,2,momentum,-0.05613
MED00189,2,momentum,0.01588
MED00190,2,momentum,0.01815
MED00191,2,momentum,-0.00501
MED00192,2,momentum,0.01765
MED00193,2,momentum,0.01251
MED00194,2,momentum,-0.02448
MED00195,2,momentum,-0.01951
MED00196,2,momentum,0.00053
MED00197,2,momentum,-0.03854
MED00198,2,momentum,-0.00147
MED00199,2,momentum,0.0018
MED00200,2,momentum,0.02107
MED00201,2,momentum,-0.00018
MED00202,2,momentum,0.02303
MED00203,2,momentum,-0.03295
MED00204,2,momentum,0.00689
MED00205,2,momentum,-0.00422
MED00206,2,momentum,-0.09372
MED00207,2,momentum,0.00677
MED00208,2,momentum,0.00485
MED00209,2,momentum,-0.04172
MED00210,2,momentum,0.00106
MED00211,2,momentum,0.01726
MED00212,2,momentum,0.00729
MED00213,2,momentum,0.04194
MED00214,2,momentum,-0.01811
MED00215,2,momentum,0.01452
MED00216,2,momentum,-0.00227
MED00217,2,momentum,-0.03476
MED00218,2,momentum,-0.00074
MED00219,2,momentum,-0.01839
MED00220,2,momentum,0.02315
MED00221,2,momentum,0.02274
MED00222,2,momentum,0.02197
MED00223,2,momentum,0.04097
MED00224,2,momentum,0.01072
MED00225,2,momentum,-0.01165
MED00226,2,momentum,0.03577
MED00227,2,momentum,-0.0422
MED00228,2,momentum,-0.061
MED00229,2,momentum,0.02587
MED00230,2,momentum,0.00065
MED00231,2,momentum,-0.01514
MED00232,2,momentum,0.02923
MED00233,2,momentum,-0.00296
MED00234,2,momentum,-0.01841
MED00235,2,momentum,-0.00043
MED00236,2,momentum,0.02043
MED00237,2,momentum,-0.01571
MED00238,2,momentum,0.00283
MED00239,2,momentum,-0.00317
MED00240,2,momentum,-0.00413
MED00241,2,momentum,0.01406
MED00242,2,momentum,-0.00739
MED00243,2,momentum,-0.02132
MED00244,2,momentum,0.02201
MED00245,2,momentum,-0.00811
MED00246,2,momentum,-0.01909
MED00247,2,momentum,-0.00695
MED00248,2,momentum,-0.0154
MED00249,2,momentum,0.0173
MED00250,2,momentum,-0.00405
MED00251,2,momentum,0.00046
MED00252,2,momentum,-0.01549
MED00253,2,momentum,0.01427
MED00254,2,momentum,-0.07206
MED00255,2,momentum,-0.00239
MED00256,2,momentum,-0.00286
MED00257,2,momentum,-0.00536
MED00258,2,momentum,0.00898
MED00259,2,momentum,-0.02528
MED00260,2,momentum,-0.04961
MED00261,2,momentum,0.0119
MED00262,2,momentum,-0.02644
MED00263,2,momentum,-0.06287
MED00264,2,momentum,0.00679
MED00265,2,momentum,-0.03064
MED00266,2,momentum,0.01944
MED00268,2,momentum,-0.00858
MED00269,2,momentum,0.0012
MED00270,2,momentum,-0.06436
MED00271,2,momentum,-0.10941
MED00272,2,momentum,0.00842
MED00273,2,momentum,0.0061
MED00274,2,momentum,0.01204
MED00275,2,momentum,-0.02188
MED00276,2,momentum,-0.00328
MED00277,2,momentum,0.01591
MED00278,2,momentum,-0.01959
MED00279,2,momentum,0.01686
MED00280,2,momentum,-0.03671
MED00281,2,momentum,-0.00091
MED00282,2,momentum,0.00894
MED00283,2,momentum,0.03156
MED00284,2,momentum,-0.01214
MED00285,2,momentum,-0.00761
MED00286,2,momentum,-0.00139
MED00287,2,momentum,-0.01051
MED00288,2,momentum,0.01466
MED00289,2,momentum,-0.05585
MED00290,2,momentum,-0.00047
MED00291,2,momentum,0.0515
MED00292,2,momentum,0.02314
MED00293,2,momentum,-0.01239
MED00294,2,momentum,0.02817
MED00295,2,momentum,0.02052
MED00296,2,momentum,0.01099
MED00297,2,momentum,0.00526
MED00298,2,momentum,-0.02516
MED00299,2,momentum,0.02171
MED00300,2,momentum,0.0156
MED00301,2,momentum,-0.00703
MED00302,2,momentum,0.02656
MED00303,2,momentum,0.03553
MED00304,2,momentum,0.00822
MED00305,2,momentum,0.02245
MED00306,2,momentum,0.01813
MED00307,2,momentum,0.0016
MED00308,2,momentum,-0.00532
MED00309,2,momentum,0.01967
MED00310,2,momentum,0.0122
MED00311,2,momentum,-0.00536
MED00312,2,momentum,0.01143
MED00313,2,momentum,-0.06251
MED00314,2,momentum,0.03256
MED00315,2,momentum,-0.02197
MED00316,2,momentum,-0.00887
MED00317,2,momentum,0.02119
MED00318,2,momentum,-0.0062
MED00319,2,momentum,-0.00379
MED00320,2,momentum,0.04195
MED00321,2,momentum,-0.07069
MED00322,2,momentum,0.01389
MED00323,2,momentum,0.00896
MED00324,2,momentum,-0.01925
MED00326,2,momentum,-0.00135
MED00327,2,momentum,-0.0063
MED00328,2,momentum,-0.01876
MED00329,2,momentum,-0.00367
MED00330,2,momentum,0.01088
MED00331,2,momentum,-0.05323
MED00332,2,momentum,-0.01216
MED00333,2,momentum,-0.05024
MED00334,2,momentum,0.01979
MED00335,2,momentum,-0.00454
MED00336,2,momentum,0.01463
MED00337,2,momentum,-0.00042
MED00338,2,momentum,0.03608
MED00339,2,momentum,0.00856
MED00340,2,momentum,0.02358
MED00341,2,momentum,-0.00398
MED00342,2,momentum,0.01281
MED00343,2,momentum,-0.00705
MED00344,2,momentum,-0.01077
MED00345,2,momentum,0.01432
MED00346,2,momentum,0.01473
MED00347,2,momentum,0.00476
MED00348,2,momentum,0.00238
MED00349,2,momentum,-0.00281
MED00350,2,momentum,-0.10854
MED00351,2,momentum,0.02434
MED00352,2,momentum,0.01714
MED00353,2,momentum,0.03782
MED00354,2,momentum,0.03014
MED00355,2,momentum,0.00412
MED00356,2,momentum,-0.05092
MED00357,2,momentum,-0.01403
MED00358,2,momentum,0.01431
MED00359,2,momentum,0.02485
MED00360,2,momentum,-0.05347
MED00361,2,momentum,-0.06002
MED00362,2,momentum,-0.01811
MED00363,2,momentum,-0.00186
MED00364,2,momentum,0.00513
MED00366,2,momentum,-0.02354
MED00367,2,momentum,0.018
MED00368,2,momentum,-0.07217
MED00369,2,momentum,-0.00643
MED00370,2,momentum,0.02731
MED00371,2,momentum,0.02851
MED00372,2,momentum,0.02035
MED00373,2,momentum,0.01178
MED00374,2,momentum,-0.04821
MED00375,2,momentum,-0.00741
MED00376,2,momentum,0.0195
MED00377,2,momentum,0.02515
MED00378,2,momentum,0.00166
MED00379,2,momentum,-0.08935
MED00380,2,momentum,0.02592
MED00381,2,momentum,-0.01099
MED00382,2,momentum,0.01493
MED00383,2,momentum,-0.00343
MED00384,2,momentum,-0.02398
MED00385,2,momentum,0.00025
MED00386,2,momentum,-0.003
MED00387,2,momentum,-0.00123
MED00388,2,momentum,0.01488
MED00389,2,momentum,-0.00011
MED00390,2,momentum,-0.00098
MED00391,2,momentum,-0.00054
MED00392,2,momentum,-0.00162
MED00393,2,momentum,0.0173
MED00394,2,momentum,-0.00343
MED00395,2,momentum,-0.00111
MED00396,2,momentum,0.00124
MED00397,2,momentum,-0.00057
MED00398,2,momentum,0.00089
MED00399,2,momentum,0.00188
MED00401,2,momentum,-0.02458
MED00402,2,momentum,-0.00437
MED00403,2,momentum,0.0207
MED00404,2,momentum,0.00168
MED00405,2,momentum,-0.00025
MED00406,2,momentum,0.00132
MED00407,2,momentum,-0.00235
MED00408,2,momentum,-0.00143
MED00409,2,momentum,0.0072
MED00410,2,momentum,-0.00406
MED00411,2,momentum,0.00078
MED00412,2,momentum,-0.00442
MED00413,2,momentum,0.02155
MED00414,2,momentum,-0.00648
MED00415,2,momentum,-0.01292
MED00416,2,momentum,-0.00269
MED00417,2,momentum,-0.00453
MED00418,2,momentum,-0.00349
MED00419,2,momentum,-0.00097
MED00420,2,momentum,-0.02503
MED00421,2,momentum,0.0009
MED00423,2,momentum,-0.00349
MED00424,2,momentum,0.00314
MED00001,3,momentum,-0.00615
MED00002,3,momentum,0.00293
MED00003,3,momentum,0.01898
MED00004,3,momentum,0.02096
MED00005,3,momentum,-0.00782
MED00006,3,momentum,0.02074
MED00007,3,momentum,-0.01079
MED00008,3,momentum,-0.01836
MED00009,3,momentum,-0.00568
MED00010,3,momentum,0.05297
MED00011,3,momentum,0.02743
MED00012,3,momentum,0.03217
MED00013,3,momentum,-0.05376
MED00014,3,momentum,-0.00375
MED00015,3,momentum,-0.02728
MED00016,3,momentum,-0.07678
MED00017,3,momentum,-0.0013
MED00018,3,momentum,0.00159
MED00019,3,momentum,-0.00885
MED00020,3,momentum,-0.0653
MED00021,3,momentum,0.01713
MED00022,3,momentum,-0.05581
MED00023,3,momentum,0.01826
MED00024,3,momentum,-0.0026
MED00025,3,momentum,0.01369
MED00026,3,momentum,0.0127
MED00027,3,momentum,0.02792
MED00028,3,momentum,-0.00951
MED00029,3,momentum,-0.00305
MED00030,3,momentum,-0.00861
MED00031,3,momentum,-0.02968
MED00032,3,momentum,-0.04995
MED00033,3,momentum,0.04851
MED00034,3,momentum,0.01092
MED00035,3,momentum,-0.0581
MED00036,3,momentum,0.0243
MED00037,3,momentum,-0.02546
MED00038,3,momentum,-0.00592
MED00039,3,momentum,0.03819
MED00040,3,momentum,-0.03209
MED00041,3,momentum,-0.00548
MED00042,3,momentum,0.03214
MED00043,3,momentum,0.02245
MED00044,3,momentum,0.00163
MED00045,3,momentum,0.03123
MED00046,3,momentum,0.0498
MED00047,3,momentum,-0.00833
MED00048,3,momentum,-0.00519
MED00049,3,momentum,0.01675
MED00050,3,momentum,0.0419
MED00051,3,momentum,0.01543
MED00052,3,momentum,-0.00451
MED00053,3,momentum,-0.01464
MED00054,3,momentum,-0.07055
MED00055,3,momentum,-0.00134
MED00056,3,momentum,-0.02489
MED00057,3,momentum,0.02093
MED00058,3,momentum,0.02529
MED00059,3,momentum,-0.00285
MED00060,3,momentum,-0.00233
MED00061,3,momentum,-0.00419
MED00062,3,momentum,-0.00524
MED00063,3,momentum,0.01379
MED00064,3,momentum,0.03196
MED00065,3,momentum,-0.0033
MED00066,3,momentum,-0.01889
MED00067,3,momentum,-0.07395
MED00068,3,momentum,-0.01287
MED00069,3,momentum,0.01627
MED00071,3,momentum,-0.0057
MED00072,3,momentum,-0.0262
MED00073,3,momentum,-0.00294
MED00074,3,momentum,-0.00477
MED00075,3,momentum,-0.03188
MED00076,3,momentum,-0.01414
MED00077,3,momentum,-0.00244
MED00078,3,momentum,0.04759
MED00079,3,momentum,0.06333
MED00080,3,momentum,-0.02779
MED00081,3,momentum,0.02095
MED00082,3,momentum,0.01481
MED00083,3,momentum,-0.00824
MED00084,3,momentum,0.05445
MED00085,3,momentum,-0.03135
MED00086,3,momentum,0.03326
MED00087,3,momentum,0.03652
MED00088,3,momentum,0.03022
MED00089,3,momentum,0.0253
MED00090,3,momentum,0.00451
MED00091,3,momentum,-0.0015
MED00092,3,momentum,-0.06633
MED00093,3,momentum,-0.05834
MED00094,3,momentum,-0.01596
MED00095,3,momentum,-0.02507
MED00096,3,momentum,-0.00274
MED00097,3,momentum,0.03541
MED00098,3,momentum,0.00752
MED00099,3,momentum,0.02479
MED00100,3,momentum,0.01924
MED00101,3,momentum,-0.06908
MED00102,3,momentum,-0.06166
MED00103,3,momentum,0.02877
MED00104,3,momentum,-0.00887
MED00105,3,momentum,0.00295
MED00106,3,momentum,0.01579
MED00107,3,momentum,-0.00328
MED00108,3,momentum,-0.01255
MED00109,3,momentum,0.02549
MED00110,3,momentum,0.03299
MED00111,3,momentum,0.01042
MED00112,3,momentum,0.00642
MED00113,3,momentum,-0.04312
MED00114,3,momentum,0.00868
MED00115,3,momentum,0.01432
MED00116,3,momentum,0.03029
MED00117,3,momentum,0.025
MED00118,3,momentum,-0.02957
MED00119,3,momentum,0.00113
MED00120,3,momentum,0.01844
MED00121,3,momentum,-0.00578
MED00122,3,momentum,-0.02448
MED00123,3,momentum,0.01847
MED00124,3,momentum,-0.0066
MED00125,3,momentum,0.02234
MED00126,3,momentum,0.02414
MED00127,3,momentum,0.01187
MED00128,3,momentum,-0.00186
MED00129,3,momentum,0.01184
MED00130,3,momentum,0.01716
MED00131,3,momentum,-0.00293
MED00132,3,momentum,0.01
MED00133,3,momentum,-0.00025
MED00134,3,momentum,0.02404
MED00135,3,momentum,0.03683
MED00136,3,momentum,-0.00952
MED00137,3,momentum,-0.00199
MED00138,3,momentum,-0.01195
MED00139,3,momentum,0.05209
MED00140,3,momentum,-0.00758
MED00141,3,momentum,0.00344
MED00142,3,momentum,0.02751
MED00143,3,momentum,-0.00208
MED00144,3,momentum,0.02193
MED00145,3,momentum,-0.03603
MED00146,3,momentum,-0.08984
MED00147,3,momentum,0.02382
MED00148,3,momentum,-0.00312
MED00149,3,momentum,-0.00012
MED00150,3,momentum,0.03261
MED00151,3,momentum,-0.0021
MED00152,3,momentum,-0.00249
MED00153,3,momentum,0.01699
MED00154,3,momentum,-0.02824
MED00155,3,momentum,-0.01267
MED00156,3,momentum,-0.02869
MED00157,3,momentum,-0.03083
MED00158,3,momentum,0.02783
MED00159,3,momentum,0.002
MED00160,3,momentum,-0.00225
MED00161,3,momentum,0.01187
MED00162,3,momentum,0.03176
MED00163,3,momentum,0.01806
MED00164,3,momentum,0.01386
MED00165,3,momentum,-0.00345
MED00166,3,momentum,0.03442
MED00167,3,momentum,-0.04138
MED00168,3,momentum,0.03484
MED00169,3,momentum,-0.01586
MED00170,3,momentum,-0.04791
MED00171,3,momentum,-0.00341
MED00172,3,momentum,-0.03968
MED00173,3,momentum,0.03881
MED00174,3,momentum,-0.0024
MED00175,3,momentum,0.02173
MED00176,3,momentum,-0.01052
MED00177,3,momentum,0.00449
MED00178,3,momentum,-0.03733
MED00179,3,momentum,0.02111
MED00180,3,momentum,0.02438
MED00181,3,momentum,0.03635
MED00182,3,momentum,0.02667
MED00183,3,momentum,0.02617
MED00184,3,momentum,0.01498
MED00185,3,momentum,-0.00452
MED00186,3,momentum,0.01219
MED00187,3,momentum,0.02283
MED00188,3,momentum,-0.05787
MED00189,3,momentum,0.01829
MED00190,3,momentum,0.02303
MED00191,3,momentum,-0.00766
MED00192,3,momentum,0.02069
MED00193,3,momentum,0.01496
MED00194,3,momentum,-0.02448
MED00195,3,momentum,-0.02059
MED00196,3,momentum,-0.00058
MED00197,3,momentum,-0.03875
MED00198,3,momentum,-0.00383
MED00199,3,momentum,0.00392
MED00200,3,momentum,0.03314
MED00201,3,momentum,-0.00229
MED00202,3,momentum,0.03397
MED00203,3,momentum,-0.03716
MED00204,3,momentum,0.02264
MED00205,3,momentum,-0.00618
MED00206,3,momentum,-0.09742
MED00207,3,momentum,0.00249
MED00208,3,momentum,0.00309
MED00209,3,momentum,-0.04762
MED00210,3,momentum,0.00101
MED00211,3,momentum,0.02934
MED00212,3,momentum,0.01041
MED00213,3,momentum,0.04489
MED00214,3,momentum,-0.01987
MED00215,3,momentum,0.01851
MED00216,3,momentum,-0.00068
MED00217,3,momentum,-0.0363
MED00218,3,momentum,-0.00201
MED00219,3,momentum,-0.02201
MED00220,3,momentum,0.03943
MED00221,3,momentum,0.03748
MED00222,3,momentum,0.02628
MED00223,3,momentum,0.05176
MED00224,3,momentum,0.02295
MED00225,3,momentum,-0.01329
MED00226,3,momentum,0.04571
MED00227,3,momentum,-0.04526
MED00228,3,momentum,-0.06385
MED00229,3,momentum,0.02877
MED00230,3,momentum,0.00075
MED00231,3,momentum,-0.01705
MED00232,3,momentum,0.0408
MED00233,3,momentum,-0.0044
MED00234,3,momentum,-0.0202
MED00235,3,momentum,-0.00119
MED00236,3,momentum,0.02078
MED00237,3,momentum,-0.01559
MED00238,3,momentum,0.00122
MED00239,3,momentum,-0.00491
MED00240,3,momentum,-0.00558
MED00241,3,momentum,0.01843
MED00242,3,momentum,-0.00763
MED00243,3,momentum,-0.02269
MED00244,3,momentum,0.03413
MED00245,3,momentum,-0.01092
MED00246,3,momentum,-0.02119
MED00247,3,momentum,-0.00886
MED00248,3,momentum,-0.01718
MED00249,3,momentum,0.01263
MED00250,3,momentum,-0.00199
MED00251,3,momentum,-0.0012
MED00252,3,momentum,-0.01892
MED00253,3,momentum,0.01255
MED00254,3,momentum,-0.07549
MED00255,3,momentum,-0.00778
MED00256,3,momentum,-0.00501
MED00257,3,momentum,-0.00416
MED00258,3,momentum,0.00797
MED00259,3,momentum,-0.02719
MED00260,3,momentum,-0.05185
MED00261,3,momentum,0.01364
MED00262,3,momentum,-0.02525
MED00263,3,momentum,-0.06858
MED00264,3,momentum,0.00533
MED00265,3,momentum,-0.03252
MED00266,3,momentum,0.02946
MED00267,3,momentum,-0.0018
MED00268,3,momentum,-0.01061
MED00269,3,momentum,-0.00082
MED00270,3,momentum,-0.06774
MED00271,3,momentum,-0.11781
MED00272,3,momentum,0.00784
MED00273,3,momentum,0.00597
MED00274,3,momentum,0.0158
MED00275,3,momentum,-0.02371
MED00276,3,momentum,-0.00532
MED00277,3,momentum,0.01857
MED00278,3,momentum,-0.02138
MED00279,3,momentum,0.01302
MED00280,3,momentum,-0.03811
MED00281,3,momentum,-0.00248
MED00282,3,momentum,0.01213
MED00283,3,momentum,0.03897
MED00284,3,momentum,-0.01421
MED00285,3,momentum,-0.00918
MED00286,3,momentum,-0.0021
MED00287,3,momentum,-0.01178
MED00288,3,momentum,0.01533
MED00289,3,momentum,-0.0584
MED00290,3,momentum,-0.00225
MED00291,3,momentum,0.06783
MED00292,3,momentum,0.03223
MED00293,3,momentum,-0.01399
MED00294,3,momentum,0.04583
MED00295,3,momentum,0.02732
MED00296,3,momentum,0.01528
MED00297,3,momentum,0.00341
MED00298,3,momentum,-0.02664
MED00299,3,momentum,0.02453
MED00300,3,momentum,0.02654
MED00301,3,momentum,-0.01415
MED00302,3,momentum,0.03859
MED00303,3,momentum,0.04503
MED00304,3,momentum,0.01106
MED00305,3,momentum,0.03425
MED00306,3,momentum,0.01991
MED00307,3,momentum,0.00071
MED00308,3,momentum,-0.0078
MED00309,3,momentum,0.02401
MED00310,3,momentum,0.01103
MED00311,3,momentum,-0.00683
MED00312,3,momentum,0.01866
MED00313,3,momentum,-0.06716
MED00314,3,momentum,0.03072
MED00315,3,momentum,-0.02386
MED00316,3,momentum,-0.0109
MED00317,3,momentum,0.03329
MED00318,3,momentum,-0.00713
MED00319,3,momentum,-0.0054
MED00320,3,momentum,0.05357
MED00321,3,momentum,-0.08613
MED00322,3,momentum,0.01684
MED00323,3,momentum,0.01129
MED00324,3,momentum,-0.01984
MED00325,3,momentum,-0.00217
MED00326,3,momentum,-0.00288
MED00327,3,momentum,-0.00823
MED00328,3,momentum,-0.02036
MED00329,3,momentum,-0.00563
MED00330,3,momentum,0.0149
MED00331,3,momentum,-0.05546
MED00332,3,momentum,-0.01405
MED00333,3,momentum,-0.05688
MED00334,3,momentum,0.02001
MED00335,3,momentum,-0.00667
MED00336,3,momentum,0.02631
MED00337,3,momentum,-0.00232
MED00338,3,momentum,0.04852
MED00339,3,momentum,0.0209
MED00340,3,momentum,0.02644
MED00341,3,momentum,-0.00573
MED00342,3,momentum,0.01151
MED00343,3,momentum,-0.00902
MED00344,3,momentum,-0.01244
MED00345,3,momentum,0.01671
MED00346,3,momentum,0.01349
MED00347,3,momentum,0.01508
MED00348,3,momentum,0.00371
MED00349,3,momentum,-0.00484
MED00350,3,momentum,-0.11447
MED00351,3,momentum,0.02385
MED00352,3,momentum,0.01994
MED00353,3,momentum,0.03944
MED00354,3,momentum,0.04125
MED00355,3,momentum,0.00387
MED00356,3,momentum,-0.05272
MED00357,3,momentum,-0.01566
MED00358,3,momentum,0.01928
MED00359,3,momentum,0.04089
MED00360,3,momentum,-0.06235
MED00361,3,momentum,-0.0616
MED00362,3,momentum,-0.02014
MED00363,3,momentum,-0.00399
MED00364,3,momentum,0.01487
MED00365,3,momentum,-0.00192
MED00366,3,momentum,-0.02529
MED00367,3,momentum,0.03373
MED00368,3,momentum,-0.07577
MED00369,3,momentum,-0.00837
MED00370,3,momentum,0.03342
MED00371,3,momentum,0.02603
MED00372,3,momentum,0.02283
MED00373,3,momentum,0.01295
MED00374,3,momentum,-0.05051
MED00375,3,momentum,-0.00982
MED00376,3,momentum,0.03159
MED00377,3,momentum,0.03468
MED00378,3,momentum,0.00042
MED00379,3,momentum,-0.0939
MED00380,3,momentum,0.0345
MED00381,3,momentum,-0.01349
MED00382,3,momentum,0.02535
MED00383,3,momentum,-0.0046
MED00384,3,momentum,-0.02563
MED00385,3,momentum,0.00091
MED00386,3,momentum,-0.00249
MED00387,3,momentum,-0.00342
MED00388,3,momentum,0.02085
MED00389,3,momentum,-0.00139
MED00390,3,momentum,0.00133
MED00391,3,momentum,-0.00214
MED00392,3,momentum,-0.00434
MED00393,3,momentum,0.01681
MED00394,3,momentum,-0.00634
MED00395,3,momentum,-0.00164
MED00396,3,momentum,0.00067
MED00397,3,momentum,-0.00133
MED00398,3,momentum,0.00092
MED00399,3,momentum,0.00528
MED00400,3,momentum,-0.00057
MED00401,3,momentum,-0.02679
MED00402,3,momentum,-0.00345
MED00403,3,momentum,0.0226
MED00404,3,momentum,0.0008
MED00405,3,momentum,-0.00097
MED00406,3,momentum,0.00373
MED00407,3,momentum,-0.00421
MED00408,3,momentum,-0.00469
MED00409,3,momentum,-0.00032
MED00410,3,momentum,-0.00491
MED00411,3,momentum,-0.00021
MED00412,3,momentum,-0.00529
MED00413,3,momentum,0.01964
MED00414,3,momentum,-0.00675
MED00415,3,momentum,-0.01415
MED00416,3,momentum,-0.00439
MED00417,3,momentum,-0.00604
MED00418,3,momentum,-0.00537
MED00419,3,momentum,-0.00229
MED00420,3,momentum,-0.02107
MED00421,3,momentum,0.00128
MED00422,3,momentum,-0.00168
MED00423,3,momentum,-0.0055
MED00424,3,momentum,0.00381
MED00001,4,momentum,-0.01196
MED00002,4,momentum,0.00208
MED00003,4,momentum,0.02876
MED00004,4,momentum,0.01794
MED00005,4,momentum,-0.0099
MED00006,4,momentum,0.02781
MED00007,4,momentum,-0.01748
MED00008,4,momentum,-0.0189
MED00009,4,momentum,-0.00904
MED00010,4,momentum,0.05959
MED00011,4,momentum,0.0773
MED00012,4,momentum,0.04458
MED00013,4,momentum,-0.05504
MED00014,4,momentum,-0.00779
MED00015,4,momentum,-0.02696
MED00016,4,momentum,-0.07734
MED00017,4,momentum,-0.00304
MED00018,4,momentum,-0.00756
MED00019,4,momentum,-0.01943
MED00020,4,momentum,-0.06404
MED00021,4,momentum,0.0273
MED00022,4,momentum,-0.05909
MED00023,4,momentum,0.02898
MED00024,4,momentum,-0.00721
MED00025,4,momentum,0.01627
MED00026,4,momentum,0.00949
MED00027,4,momentum,0.03042
MED00028,4,momentum,-0.0103
MED00029,4,momentum,-0.00784
MED00030,4,momentum,-0.01376
MED00031,4,momentum,-0.03582
MED00032,4,momentum,-0.05191
MED00033,4,momentum,0.05568
MED00034,4,momentum,0.01963
MED00035,4,momentum,-0.0579
MED00036,4,momentum,0.02784
MED00037,4,momentum,-0.02992
MED00038,4,momentum,-0.01078
MED00039,4,momentum,0.05211
MED00040,4,momentum,-0.03338
MED00041,4,momentum,-0.00517
MED00042,4,momentum,0.05263
MED00043,4,momentum,0.03156
MED00044,4,momentum,0.00118
MED00045,4,momentum,0.04459
MED00046,4,momentum,0.06289
MED00047,4,momentum,-0.01136
MED00048,4,momentum,-0.01001
MED00049,4,momentum,0.02638
MED00050,4,momentum,0.06998
MED00051,4,momentum,0.0251
MED00052,4,momentum,-0.00541
MED00053,4,momentum,-0.0151
MED00054,4,momentum,-0.05066
MED00055,4,momentum,-0.00097
MED00056,4,momentum,-0.0255
MED00057,4,momentum,0.03017
MED00058,4,momentum,0.03717
MED00059,4,momentum,-0.00693
MED00060,4,momentum,-0.00792
MED00061,4,momentum,-0.00555
MED00062,4,momentum,-0.01033
MED00063,4,momentum,0.02334
MED00064,4,momentum,0.05273
MED00065,4,momentum,-0.01111
MED00066,4,momentum,-0.01898
MED00067,4,momentum,-0.07447
MED00068,4,momentum,-0.01106
MED00069,4,momentum,0.02347
MED00070,4,momentum,-0.00052
MED00071,4,momentum,-0.00892
MED00072,4,momentum,-0.0289
MED00073,4,momentum,-0.00653
MED00074,4,momentum,-0.00422
MED00075,4,momentum,-0.0355
MED00076,4,momentum,-0.01493
MED00077,4,momentum,-0.00605
MED00078,4,momentum,0.07817
MED00079,4,momentum,0.11417
MED00080,4,momentum,-0.029
MED00081,4,momentum,0.03039
MED00082,4,momentum,0.0252
MED00083,4,momentum,-0.01374
MED00084,4,momentum,0.06459
MED00085,4,momentum,-0.03282
MED00086,4,momentum,0.0482
MED00087,4,momentum,0.04746
MED00088,4,momentum,0.03146
MED00089,4,momentum,0.06433
MED00090,4,momentum,-0.00036
MED00091,4,momentum,-0.00499
MED00092,4,momentum,-0.0679
MED00093,4,momentum,-0.05166
MED00094,4,momentum,-0.01609
MED00095,4,momentum,-0.02718
MED00096,4,momentum,-0.00915
MED00097,4,momentum,0.05007
MED00098,4,momentum,0.00799
MED00099,4,momentum,0.02653
MED00100,4,momentum,0.02824
MED00101,4,momentum,-0.07928
MED00102,4,momentum,-0.06567
MED00103,4,momentum,0.03917
MED00104,4,momentum,-0.01179
MED00105,4,momentum,-0.00111
MED00106,4,momentum,0.02531
MED00107,4,momentum,-0.00664
MED00108,4,momentum,-0.0154
MED00109,4,momentum,0.03603
MED00110,4,momentum,0.04016
MED00111,4,momentum,0.01277
MED00112,4,momentum,0.0046
MED00113,4,momentum,-0.04479
MED00114,4,momentum,0.00265
MED00115,4,momentum,0.01897
MED00116,4,momentum,0.05418
MED00117,4,momentum,0.02869
MED00118,4,momentum,-0.03072
MED00119,4,momentum,-0.00129
MED00120,4,momentum,0.04643
MED00121,4,momentum,-0.00958
MED00122,4,momentum,-0.02634
MED00123,4,momentum,0.02821
MED00124,4,momentum,-0.00996
MED00125,4,momentum,0.03151
MED00126,4,momentum,0.02094
MED00127,4,momentum,0.02747
MED00128,4,momentum,-0.00341
MED00129,4,momentum,0.01268
MED00130,4,momentum,0.02679
MED00131,4,momentum,-0.00686
MED00132,4,momentum,0.01904
MED00133,4,momentum,-0.00332
MED00134,4,momentum,0.02035
MED00135,4,momentum,0.06858
MED00136,4,momentum,-0.01146
MED00137,4,momentum,-0.00501
MED00138,4,momentum,-0.01564
MED00139,4,momentum,0.07459
MED00140,4,momentum,-0.00941
MED00141,4,momentum,-0.00123
MED00142,4,momentum,0.04222
MED00143,4,momentum,-0.00395
MED00144,4,momentum,0.02653
MED00145,4,momentum,-0.03691
MED00146,4,momentum,-0.09352
MED00147,4,momentum,0.03685
MED00148,4,momentum,-0.00707
MED00149,4,momentum,-0.00478
MED00150,4,momentum,0.04315
MED00151,4,momentum,-0.00479
MED00152,4,momentum,-0.00502
MED00153,4,momentum,0.01815
MED00154,4,momentum,-0.03793
MED00155,4,momentum,-0.01458
MED00156,4,momentum,-0.03186
MED00157,4,momentum,-0.03268
MED00158,4,momentum,0.03085
MED00159,4,momentum,-0.00704
MED00160,4,momentum,-0.00557
MED00161,4,momentum,0.01791
MED00162,4,momentum,0.04041
MED00163,4,momentum,0.02563
MED00164,4,momentum,0.02313
MED00165,4,momentum,-0.00757
MED00166,4,momentum,0.04401
MED00167,4,momentum,-0.04149
MED00168,4,momentum,0.05061
MED00169,4,momentum,-0.01756
MED00170,4,momentum,-0.04841
MED00171,4,momentum,-0.00534
MED00172,4,momentum,-0.04051
MED00173,4,momentum,0.0568
MED00174,4,momentum,-0.0055
MED00175,4,momentum,0.02616
MED00176,4,momentum,-0.02008
MED00177,4,momentum,0.00187
MED00178,4,momentum,-0.03686
MED00179,4,momentum,0.02937
MED00180,4,momentum,0.03503
MED00181,4,momentum,0.04844
MED00182,4,momentum,0.02917
MED00183,4,momentum,0.1026
MED00184,4,momentum,0.01392
MED00185,4,momentum,-0.00418
MED00186,4,momentum,0.01374
MED00187,4,momentum,0.03656
MED00188,4,momentum,-0.05975
MED00189,4,momentum,0.02846
MED00190,4,momentum,0.02543
MED00191,4,momentum,-0.01818
MED00192,4,momentum,0.02864
MED00193,4,momentum,0.02459
MED00194,4,momentum,-0.0259
MED00195,4,momentum,-0.02461
MED00196,4,momentum,-0.00394
MED00197,4,momentum,-0.03121
MED00198,4,momentum,-0.00651
MED00199,4,momentum,0.00589
MED00200,4,momentum,0.05033
MED00201,4,momentum,-0.00627
MED00202,4,momentum,0.04603
MED00203,4,momentum,-0.03973
MED00204,4,momentum,0.03381
MED00205,4,momentum,-0.00983
MED00206,4,momentum,-0.09948
MED00207,4,momentum,0.00063
MED00208,4,momentum,-0.00069
MED00209,4,momentum,-0.05337
MED00211,4,momentum,0.04473
MED00212,4,momentum,0.02257
MED00213,4,momentum,0.04254
MED00214,4,momentum,-0.02278
MED00215,4,momentum,0.01947
MED00216,4,momentum,0.00886
MED00217,4,momentum,-0.03718
MED00218,4,momentum,-0.00449
MED00219,4,momentum,-0.02981
MED00220,4,momentum,0.05024
MED00221,4,momentum,0.05713
MED00222,4,momentum,0.04057
MED00223,4,momentum,0.05553
MED00224,4,momentum,0.03222
MED00225,4,momentum,-0.01669
MED00226,4,momentum,0.05729
MED00227,4,momentum,-0.05551
MED00228,4,momentum,-0.06589
MED00229,4,momentum,0.02962
MED00230,4,momentum,-0.0087
MED00231,4,momentum,-0.01873
MED00232,4,momentum,0.07246
MED00233,4,momentum,-0.0084
MED00234,4,momentum,-0.02168
MED00235,4,momentum,-0.00096
MED00236,4,momentum,0.01972
MED00237,4,momentum,-0.01981
MED00238,4,momentum,-0.00042
MED00239,4,momentum,-0.00999
MED00240,4,momentum,-0.00891
MED00241,4,momentum,0.02157
MED00242,4,momentum,-0.00936
MED00243,4,momentum,-0.02304
MED00244,4,momentum,0.0426
MED00245,4,momentum,-0.01506
MED00246,4,momentum,-0.02684
MED00247,4,momentum,-0.01191
MED00248,4,momentum,-0.02115
MED00249,4,momentum,0.0094
MED00250,4,momentum,-0.00205
MED00251,4,momentum,-0.00292
MED00252,4,momentum,-0.02407
MED00253,4,momentum,0.01742
MED00254,4,momentum,-0.08077
MED00255,4,momentum,-0.00987
MED00256,4,momentum,-0.00437
MED00257,4,momentum,-0.00268
MED00258,4,momentum,0.01533
MED00259,4,momentum,-0.02842
MED00260,4,momentum,-0.05213
MED00261,4,momentum,0.01518
MED00262,4,momentum,-0.02364
MED00263,4,momentum,-0.07024
MED00264,4,momentum,0.00177
MED00265,4,momentum,-0.03451
MED00266,4,momentum,0.06583
MED00267,4,momentum,-0.0074
MED00268,4,momentum,-0.0108
MED00269,4,momentum,-0.00253
MED00270,4,momentum,-0.06703
MED00271,4,momentum,-0.12018
MED00272,4,momentum,0.01575
MED00273,4,momentum,0.00145
MED00274,4,momentum,0.0305
MED00275,4,momentum,-0.02857
MED00276,4,momentum,-0.00722
MED00277,4,momentum,0.02837
MED00278,4,momentum,-0.02439
MED00279,4,momentum,0.00581
MED00280,4,momentum,-0.03886
MED00281,4,momentum,-0.00922
MED00282,4,momentum,0.01453
MED00283,4,momentum,0.0484
MED00284,4,momentum,-0.0167
MED00285,4,momentum,-0.01255
MED00286,4,momentum,-0.00571
MED00287,4,momentum,-0.01405
MED00288,4,momentum,0.00973
MED00289,4,momentum,-0.06244
MED00290,4,momentum,-0.00398
MED00291,4,momentum,0.0932
MED00292,4,momentum,0.03453
MED00293,4,momentum,-0.01754
MED00294,4,momentum,0.05961
MED00295,4,momentum,0.02992
MED00296,4,momentum,0.02201
MED00298,4,momentum,-0.02969
MED00299,4,momentum,0.02759
MED00300,4,momentum,0.03852
MED00301,4,momentum,-0.01903
MED00302,4,momentum,0.05262
MED00303,4,momentum,0.06181
MED00304,4,momentum,0.01811
MED00305,4,momentum,0.04667
MED00306,4,momentum,0.022
MED00307,4,momentum,-0.01232
MED00308,4,momentum,-0.01102
MED00309,4,momentum,0.02905
MED00310,4,momentum,0.0205
MED00311,4,momentum,-0.01111
MED00312,4,momentum,0.03012
MED00313,4,momentum,-0.08254
MED00314,4,momentum,0.05169
MED00315,4,momentum,-0.02685
MED00316,4,momentum,-0.0134
MED00317,4,momentum,0.04262
MED00318,4,momentum,-0.00956
MED00319,4,momentum,-0.00874
MED00320,4,momentum,0.09266
MED00321,4,momentum,-0.08552
MED00322,4,momentum,0.02647
MED00323,4,momentum,0.02703
MED00324,4,momentum,-0.02512
MED00325,4,momentum,-0.00472
MED00326,4,momentum,-0.00628
MED00327,4,momentum,-0.01194
MED00328,4,momentum,-0.02328
MED00329,4,momentum,-0.00917
MED00330,4,momentum,0.02158
MED00331,4,momentum,-0.05587
MED00332,4,momentum,-0.01745
MED00333,4,momentum,-0.06415
MED00334,4,momentum,0.02466
MED00335,4,momentum,-0.01143
MED00336,4,momentum,0.05469
MED00337,4,momentum,-0.01504
MED00338,4,momentum,0.07609
MED00339,4,momentum,0.0303
MED00340,4,momentum,0.03329
MED00341,4,momentum,-0.0099
MED00342,4,momentum,0.01283
MED00343,4,momentum,-0.0121
MED00344,4,momentum,-0.01679
MED00345,4,momentum,0.02634
MED00346,4,momentum,0.01906
MED00347,4,momentum,0.0248
MED00348,4,momentum,0.00079
MED00349,4,momentum,-0.0068
MED00350,4,momentum,-0.11316
MED00351,4,momentum,0.02038
MED00352,4,momentum,0.01973
MED00353,4,momentum,0.03755
MED00354,4,momentum,0.0525
MED00355,4,momentum,0.00062
MED00356,4,momentum,-0.05392
MED00357,4,momentum,-0.01596
MED00358,4,momentum,0.02988
MED00359,4,momentum,0.05333
MED00360,4,momentum,-0.06712
MED00361,4,momentum,-0.06233
MED00362,4,momentum,-0.02199
MED00363,4,momentum,-0.00562
MED00364,4,momentum,0.02457
MED00365,4,momentum,-0.00446
MED00366,4,momentum,-0.02832
MED00367,4,momentum,0.0445
MED00368,4,momentum,-0.07726
MED00369,4,momentum,-0.01302
MED00370,4,momentum,0.04602
MED00371,4,momentum,0.10302
MED00372,4,momentum,0.03191
MED00373,4,momentum,0.01198
MED00374,4,momentum,-0.05307
MED00375,4,momentum,-0.02234
MED00376,4,momentum,0.04008
MED00377,4,momentum,0.03641
MED00378,4,momentum,-0.00161
MED00379,4,momentum,-0.09382
MED00380,4,momentum,0.0398
MED00381,4,momentum,-0.01583
MED00382,4,momentum,0.03787
MED00383,4,momentum,-0.00781
MED00384,4,momentum,-0.02803
MED00385,4,momentum,-0.00238
MED00386,4,momentum,-0.00677
MED00387,4,momentum,-0.00671
MED00388,4,momentum,0.06833
MED00389,4,momentum,0.00185
MED00390,4,momentum,0.00138
MED00391,4,momentum,-0.00371
MED00392,4,momentum,-0.01033
MED00393,4,momentum,0.04985
MED00394,4,momentum,-0.01211
MED00395,4,momentum,-0.00516
MED00396,4,momentum,-0.0036
MED00397,4,momentum,-0.01083
MED00398,4,momentum,-0.00922
MED00399,4,momentum,0.00023
MED00400,4,momentum,-0.00968
MED00401,4,momentum,-0.04042
MED00402,4,momentum,-0.00711
MED00403,4,momentum,0.02953
MED00404,4,momentum,-0.00162
MED00405,4,momentum,-0.00386
MED00406,4,momentum,0.00136
MED00407,4,momentum,-0.00983
MED00408,4,momentum,-0.00818
MED00409,4,momentum,-0.01042
MED00410,4,momentum,-0.01177
MED00411,4,momentum,-0.00535
MED00412,4,momentum,-0.01043
MED00413,4,momentum,0.04051
MED00414,4,momentum,-0.01307
MED00415,4,momentum,-0.01921
MED00416,4,momentum,-0.01031
MED00417,4,momentum,-0.00978
MED00418,4,momentum,-0.00814
MED00419,4,momentum,-0.00439
MED00420,4,momentum,-0.02496
MED00421,4,momentum,0.00176
MED00422,4,momentum,-0.00635
MED00423,4,momentum,-0.00901
MED00424,4,momentum,-0.00554
MED00001,5,momentum,-0.00886
MED00002,5,momentum,0.00836
MED00003,5,momentum,0.02371
MED00004,5,momentum,0.01268
MED00005,5,momentum,-0.00834
MED00006,5,momentum,0.02723
MED00007,5,momentum,-0.01328
MED00008,5,momentum,-0.01528
MED00009,5,momentum,-0.00469
MED00010,5,momentum,0.03744
MED00011,5,momentum,0.07998
MED00012,5,momentum,0.03748
MED00013,5,momentum,-0.0484
MED00014,5,momentum,-0.00422
MED00015,5,momentum,-0.02251
MED00016,5,momentum,-0.07841
MED00017,5,momentum,-0.00271
MED00018,5,momentum,-0.0088
MED00019,5,momentum,-0.02031
MED00020,5,momentum,-0.0643
MED00021,5,momentum,0.0261
MED00022,5,momentum,-0.06448
MED00023,5,momentum,0.02782
MED00024,5,momentum,-0.00639
MED00025,5,momentum,0.0064
MED00026,5,momentum,0.00303
MED00027,5,momentum,0.01964
MED00028,5,momentum,-0.00727
MED00029,5,momentum,-0.00614
MED00030,5,momentum,-0.01328
MED00031,5,momentum,-0.03396
MED00032,5,momentum,-0.06075
MED00033,5,momentum,0.05261
MED00034,5,momentum,0.02217
MED00035,5,momentum,-0.035
MED00036,5,momentum,0.01696
MED00037,5,momentum,-0.02473
MED00038,5,momentum,-0.00549
MED00039,5,momentum,0.04944
MED00040,5,momentum,-0.03093
MED00041,5,momentum,-0.00541
MED00042,5,momentum,0.05448
MED00043,5,momentum,0.02823
MED00044,5,momentum,0.00183
MED00045,5,momentum,0.04186
MED00046,5,momentum,0.04934
MED00047,5,momentum,-0.0047
MED00048,5,momentum,-0.00765
MED00049,5,momentum,0.02056
MED00050,5,momentum,0.06266
MED00051,5,momentum,0.01946
MED00052,5,momentum,-0.00347
MED00053,5,momentum,-0.00786
MED00054,5,momentum,-0.04872
MED00055,5,momentum,-0.0037
MED00056,5,momentum,-0.02294
MED00057,5,momentum,0.02915
MED00058,5,momentum,0.03564
MED00059,5,momentum,-0.00571
MED00060,5,momentum,-0.00669
MED00061,5,momentum,-0.00328
MED00062,5,momentum,-0.00828
MED00063,5,momentum,0.01787
MED00064,5,momentum,0.05352
MED00065,5,momentum,-0.00972
MED00066,5,momentum,-0.01666
MED00067,5,momentum,-0.06986
MED00068,5,momentum,-0.00485
MED00069,5,momentum,0.0218
MED00070,5,momentum,0.00058
MED00071,5,momentum,-0.00738
MED00072,5,momentum,-0.02493
MED00073,5,momentum,-0.00461
MED00074,5,momentum,0.00454
MED00075,5,momentum,-0.02443
MED00076,5,momentum,-0.0034
MED00077,5,momentum,-0.00674
MED00078,5,momentum,0.06968
MED00079,5,momentum,0.11712
MED00080,5,momentum,-0.02178
MED00081,5,momentum,0.02705
MED00082,5,momentum,0.02408
MED00083,5,momentum,-0.01007
MED00084,5,momentum,0.06031
MED00085,5,momentum,-0.02688
MED00086,5,momentum,0.04564
MED00087,5,momentum,0.04194
MED00088,5,momentum,0.02723
MED00089,5,momentum,0.08326
MED00090,5,momentum,-0.00231
MED00091,5,momentum,-0.00306
MED00092,5,momentum,-0.05917
MED00093,5,momentum,-0.0407
MED00094,5,momentum,-0.01504
MED00095,5,momentum,-0.02015
MED00096,5,momentum,-0.00678
MED00097,5,momentum,0.04697
MED00098,5,momentum,0.00774
MED00099,5,momentum,0.01691
MED00100,5,momentum,0.02522
MED00101,5,momentum,-0.07762
MED00102,5,momentum,-0.06133
MED00103,5,momentum,0.03674
MED00104,5,momentum,-0.00929
MED00105,5,momentum,-0.00152
MED00106,5,momentum,0.01985
MED00107,5,momentum,-0.00681
MED00108,5,momentum,-0.01142
MED00109,5,momentum,0.0322
MED00110,5,momentum,0.03691
MED00111,5,momentum,0.01144
MED00112,5,momentum,0.00167
MED00113,5,momentum,-0.03842
MED00114,5,momentum,-0.00434
MED00115,5,momentum,0.01428
MED00116,5,momentum,0.05672
MED00117,5,momentum,0.03392
MED00118,5,momentum,-0.0254
MED00119,5,momentum,-0.00246
MED00120,5,momentum,0.06616
MED00121,5,momentum,-0.00863
MED00122,5,momentum,-0.02028
MED00123,5,momentum,0.03653
MED00124,5,momentum,-0.00943
MED00125,5,momentum,0.02817
MED00126,5,momentum,0.01584
MED00127,5,momentum,0.02411
MED00128,5,momentum,-0.00375
MED00129,5,momentum,0.00924
MED00130,5,momentum,0.02097
MED00131,5,momentum,-0.00527
MED00132,5,momentum,0.02644
MED00133,5,momentum,-0.00352
MED00134,5,momentum,0.01447
MED00135,5,momentum,0.0835
MED00136,5,momentum,-0.01064
MED00137,5,momentum,-0.00109
MED00138,5,momentum,-0.01255
MED00139,5,momentum,0.06976
MED00140,5,momentum,-0.00602
MED00141,5,momentum,-0.00168
MED00142,5,momentum,0.04036
MED00143,5,momentum,-0.0037
MED00144,5,momentum,0.0244
MED00145,5,momentum,-0.03173
MED00146,5,momentum,-0.10086
MED00147,5,momentum,0.03088
MED00148,5,momentum,-0.00519
MED00149,5,momentum,-0.00359
MED00150,5,momentum,0.03738
MED00151,5,momentum,-0.00481
MED00152,5,momentum,-0.00422
MED00153,5,momentum,0.01531
MED00154,5,momentum,-0.03847
MED00155,5,momentum,-0.01144
MED00156,5,momentum,-0.03472
MED00157,5,momentum,-0.02659
MED00158,5,momentum,0.0239
MED00159,5,momentum,-0.00977
MED00160,5,momentum,-0.00457
MED00161,5,momentum,0.01594
MED00162,5,momentum,0.03595
MED00163,5,momentum,0.02262
MED00164,5,momentum,0.02
MED00165,5,momentum,-0.00773
MED00166,5,momentum,0.03668
MED00167,5,momentum,-0.039
MED00168,5,momentum,0.04852
MED00169,5,momentum,-0.01465
MED00170,5,momentum,-0.04198
MED00171,5,momentum,-0.00462
MED00172,5,momentum,-0.03712
MED00173,5,momentum,0.05382
MED00174,5,momentum,-0.00645
MED00175,5,momentum,0.01642
MED00176,5,momentum,-0.02141
MED00177,5,momentum,-0.00645
MED00178,5,momentum,-0.03478
MED00179,5,momentum,0.01681
MED00180,5,momentum,0.0332
MED00181,5,momentum,0.03688
MED00182,5,momentum,0.01983
MED00183,5,momentum,0.111
MED00184,5,momentum,0.00075
MED00185,5,momentum,-0.00109
MED00186,5,momentum,0.01086
MED00187,5,momentum,0.02272
MED00188,5,momentum,-0.0562
MED00189,5,momentum,0.02342
MED00190,5,momentum,0.02202
MED00191,5,momentum,-0.02042
MED00192,5,momentum,0.02529
MED00193,5,momentum,0.01907
MED00194,5,momentum,-0.02273
MED00195,5,momentum,-0.02456
MED00196,5,momentum,-0.004
MED00197,5,momentum,-0.02879
MED00198,5,momentum,-0.00572
MED00199,5,momentum,0.00488
MED00200,5,momentum,0.04742
MED00201,5,momentum,-0.00705
MED00202,5,momentum,0.04345
MED00203,5,momentum,-0.03582
MED00204,5,momentum,0.02704
MED00205,5,momentum,-0.00984
MED00206,5,momentum,-0.11261
MED00207,5,momentum,-0.00098
MED00208,5,momentum,-0.00206
MED00209,5,momentum,-0.05418
MED00210,5,momentum,-0.00031
MED00211,5,momentum,0.04206
MED00212,5,momentum,0.01826
MED00213,5,momentum,0.03792
MED00214,5,momentum,-0.01839
MED00215,5,momentum,0.01796
MED00216,5,momentum,0.00339
MED00217,5,momentum,-0.02776
MED00218,5,momentum,-0.00348
MED00219,5,momentum,-0.02651
MED00220,5,momentum,0.04405
MED00221,5,momentum,0.03375
MED00222,5,momentum,0.03747
MED00223,5,momentum,0.06005
MED00224,5,momentum,0.02995
MED00225,5,momentum,-0.0133
MED00226,5,momentum,0.05484
MED00227,5,momentum,-0.04674
MED00228,5,momentum,-0.07427
MED00229,5,momentum,0.02436
MED00230,5,momentum,-0.01239
MED00231,5,momentum,-0.01382
MED00232,5,momentum,0.05891
MED00233,5,momentum,-0.00908
MED00234,5,momentum,-0.0168
MED00235,5,momentum,-0.00085
MED00236,5,momentum,0.02307
MED00237,5,momentum,-0.01623
MED00238,5,momentum,-0.00192
MED00239,5,momentum,-0.00996
MED00240,5,momentum,-0.00599
MED00241,5,momentum,0.01837
MED00242,5,momentum,-0.00613
MED00243,5,momentum,-0.01514
MED00244,5,momentum,0.03891
MED00245,5,momentum,-0.01286
MED00246,5,momentum,-0.01811
MED00247,5,momentum,-0.01073
MED00248,5,momentum,-0.01784
MED00249,5,momentum,0.00695
MED00250,5,momentum,-0.00071
MED00251,5,momentum,-0.0024
MED00252,5,momentum,-0.0218
MED00253,5,momentum,0.01483
MED00254,5,momentum,-0.07837
MED00255,5,momentum,-0.00675
MED00256,5,momentum,-0.00362
MED00257,5,momentum,0.00098
MED00258,5,momentum,0.0117
MED00259,5,momentum,-0.0221
MED00260,5,momentum,-0.05145
MED00261,5,momentum,0.00627
MED00262,5,momentum,-0.01182
MED00263,5,momentum,-0.07467
MED00264,5,momentum,-0.00552
MED00265,5,momentum,-0.02681
MED00266,5,momentum,0.0803
MED00267,5,momentum,-0.00697
MED00268,5,momentum,-0.0057
MED00269,5,momentum,-0.00287
MED00270,5,momentum,-0.06331
MED00271,5,momentum,-0.1344
MED00272,5,momentum,0.01465
MED00274,5,momentum,0.03903
MED00275,5,momentum,-0.02488
MED00276,5,momentum,-0.00539
MED00277,5,momentum,0.02311
MED00278,5,momentum,-0.01898
MED00279,5,momentum,-0.00126
MED00280,5,momentum,-0.02736
MED00281,5,momentum,-0.00643
MED00282,5,momentum,0.01096
MED00283,5,momentum,0.04452
MED00284,5,momentum,-0.01449
MED00285,5,momentum,-0.01208
MED00286,5,momentum,-0.00464
MED00287,5,momentum,-0.00989
MED00288,5,momentum,0.01122
MED00289,5,momentum,-0.0633
MED00290,5,momentum,-0.00363
MED00291,5,momentum,0.0939
MED00292,5,momentum,0.0294
MED00293,5,momentum,-0.01141
MED00294,5,momentum,0.04824
MED00295,5,momentum,0.02002
MED00296,5,momentum,0.02049
MED00297,5,momentum,-0.00134
MED00298,5,momentum,-0.02534
MED00299,5,momentum,0.02362
MED00300,5,momentum,0.03644
MED00301,5,momentum,-0.01844
MED00302,5,momentum,0.04593
MED00303,5,momentum,0.05326
MED00304,5,momentum,0.01876
MED00305,5,momentum,0.04314
MED00306,5,momentum,0.0132
MED00307,5,momentum,-0.01343
MED00308,5,momentum,-0.00784
MED00309,5,momentum,0.00701
MED00310,5,momentum,0.01983
MED00311,5,momentum,-0.00962
MED00312,5,momentum,0.03769
MED00313,5,momentum,-0.06946
MED00314,5,momentum,0.07546
MED00315,5,momentum,-0.02025
MED00316,5,momentum,-0.01135
MED00317,5,momentum,0.03908
MED00318,5,momentum,-0.00329
MED00319,5,momentum,-0.00836
MED00320,5,momentum,0.09278
MED00321,5,momentum,-0.0839
MED00322,5,momentum,0.02057
MED00323,5,momentum,0.03634
MED00324,5,momentum,-0.01674
MED00325,5,momentum,-0.00406
MED00326,5,momentum,-0.00696
MED00327,5,momentum,-0.01157
MED00328,5,momentum,-0.01825
MED00329,5,momentum,-0.0087
MED00330,5,momentum,0.01889
MED00331,5,momentum,-0.05205
MED00332,5,momentum,-0.01197
MED00333,5,momentum,-0.07046
MED00334,5,momentum,0.02352
MED00335,5,momentum,-0.00977
MED00336,5,momentum,0.05228
MED00337,5,momentum,-0.01664
MED00338,5,momentum,0.09148
MED00339,5,momentum,0.02027
MED00340,5,momentum,0.0314
MED00341,5,momentum,-0.00996
MED00342,5,momentum,0.00995
MED00343,5,momentum,-0.00968
MED00344,5,momentum,-0.01248
MED00345,5,momentum,0.02051
MED00346,5,momentum,0.01521
MED00347,5,momentum,0.0201
MED00348,5,momentum,0.00121
MED00349,5,momentum,-0.00513
MED00350,5,momentum,-0.09646
MED00351,5,momentum,0.01296
MED00352,5,momentum,0.01384
MED00353,5,momentum,0.03282
MED00354,5,momentum,0.04876
MED00355,5,momentum,-0.00141
MED00356,5,momentum,-0.04576
MED00357,5,momentum,-0.01216
MED00358,5,momentum,0.0291
MED00359,5,momentum,0.04617
MED00360,5,momentum,-0.07321
MED00361,5,momentum,-0.05588
MED00362,5,momentum,-0.01698
MED00363,5,momentum,-0.00528
MED00364,5,momentum,0.01987
MED00365,5,momentum,-0.00409
MED00366,5,momentum,-0.02277
MED00367,5,momentum,0.0373
MED00368,5,momentum,-0.07443
MED00369,5,momentum,-0.01286
MED00370,5,momentum,0.04499
MED00371,5,momentum,0.12285
MED00372,5,momentum,0.02854
MED00373,5,momentum,0.01039
MED00374,5,momentum,-0.06084
MED00375,5,momentum,-0.02447
MED00376,5,momentum,0.03408
MED00377,5,momentum,0.02976
MED00378,5,momentum,-0.00235
MED00379,5,momentum,-0.08958
MED00380,5,momentum,0.03526
MED00381,5,momentum,-0.01413
MED00382,5,momentum,0.03431
MED00383,5,momentum,-0.00733
MED00384,5,momentum,-0.02074
MED00385,5,momentum,-0.00278
MED00386,5,momentum,-0.00679
MED00387,5,momentum,-0.00938
MED00388,5,momentum,0.07164
MED00389,5,momentum,0.00138
MED00390,5,momentum,0.00313
MED00391,5,momentum,-0.00026
MED00392,5,momentum,-0.00774
MED00393,5,momentum,0.04532
MED00394,5,momentum,-0.00946
MED00395,5,momentum,-0.00507
MED00396,5,momentum,-0.00263
MED00397,5,momentum,-0.01203
MED00398,5,momentum,-0.00976
MED00399,5,momentum,0.0006
MED00400,5,momentum,-0.01103
MED00401,5,momentum,-0.02931
MED00402,5,momentum,-0.00484
MED00403,5,momentum,0.03508
MED00404,5,momentum,-0.00199
MED00405,5,momentum,-0.0047
MED00406,5,momentum,0.00113
MED00407,5,momentum,-0.01052
MED00408,5,momentum,-0.00746
MED00409,5,momentum,-0.01001
MED00410,5,momentum,-0.01252
MED00411,5,momentum,-0.00474
MED00412,5,momentum,-0.00728
MED00413,5,momentum,0.01536
MED00414,5,momentum,-0.01301
MED00415,5,momentum,-0.01947
MED00416,5,momentum,-0.00819
MED00417,5,momentum,-0.00822
MED00418,5,momentum,-0.00553
MED00419,5,momentum,-0.00126
MED00420,5,momentum,-0.01926
MED00421,5,momentum,0.00435
MED00422,5,momentum,-0.00489
MED00423,5,momentum,-0.00705
MED00424,5,momentum,-0.00765
MED00001,6,momentum,-0.00316
MED00002,6,momentum,0.01077
MED00003,6,momentum,0.015
MED00004,6,momentum,0.01705
MED00005,6,momentum,-0.00287
MED00006,6,momentum,0.00682
MED00007,6,momentum,-0.00748
MED00008,6,momentum,-0.01409
MED00009,6,momentum,-0.0004
MED00010,6,momentum,0.04125
MED00011,6,momentum,0.01601
MED00012,6,momentum,0.01426
MED00013,6,momentum,-0.04374
MED00014,6,momentum,0.00164
MED00015,6,momentum,-0.02184
MED00016,6,momentum,-0.07421
MED00017,6,momentum,0.00041
MED00018,6,momentum,0.0022
MED00019,6,momentum,-0.00632
MED00020,6,momentum,-0.06017
MED00021,6,momentum,0.01088
MED00022,6,momentum,-0.05923
MED00023,6,momentum,0.01077
MED00024,6,momentum,0.00012
MED00025,6,momentum,0.00405
MED00026,6,momentum,0.01062
MED00027,6,momentum,0.01655
MED00028,6,momentum,-0.00566
MED00029,6,momentum,-0.00206
MED00030,6,momentum,-0.00593
MED00031,6,momentum,-0.02689
MED00032,6,momentum,-0.05242
MED00033,6,momentum,0.03547
MED00034,6,momentum,0.00955
MED00035,6,momentum,-0.03568
MED00036,6,momentum,0.02354
MED00037,6,momentum,-0.02323
MED00039,6,momentum,0.02776
MED00040,6,momentum,-0.02963
MED00041,6,momentum,-0.00064
MED00042,6,momentum,0.01174
MED00043,6,momentum,0.01993
MED00044,6,momentum,0.00033
MED00045,6,momentum,0.01731
MED00046,6,momentum,0.02812
MED00047,6,momentum,-0.00017
MED00048,6,momentum,-0.00147
MED00049,6,momentum,0.01208
MED00050,6,momentum,0.02811
MED00051,6,momentum,0.00225
MED00052,6,momentum,-0.00177
MED00053,6,momentum,-0.01363
MED00054,6,momentum,-0.06196
MED00055,6,momentum,-0.00613
MED00056,6,momentum,-0.02144
MED00057,6,momentum,0.01675
MED00058,6,momentum,0.01237
MED00059,6,momentum,-0.00093
MED00060,6,momentum,0.00031
MED00061,6,momentum,-0.00097
MED00062,6,momentum,-0.00238
MED00063,6,momentum,0.0008
MED00064,6,momentum,0.02116
MED00065,6,momentum,-0.00133
MED00066,6,momentum,-0.01567
MED00067,6,momentum,-0.06334
MED00068,6,momentum,-0.01207
MED00069,6,momentum,0.00932
MED00070,6,momentum,-0.00201
MED00071,6,momentum,-0.0056
MED00072,6,momentum,-0.01905
MED00073,6,momentum,0.00132
MED00074,6,momentum,0.00163
MED00075,6,momentum,-0.01933
MED00076,6,momentum,-0.00157
MED00077,6,momentum,-0.00252
MED00078,6,momentum,0.04029
MED00079,6,momentum,0.05645
MED00080,6,momentum,-0.01744
MED00081,6,momentum,0.01725
MED00082,6,momentum,0.00871
MED00083,6,momentum,-0.00235
MED00084,6,momentum,0.03583
MED00085,6,momentum,-0.02279
MED00086,6,momentum,0.02055
MED00087,6,momentum,0.01887
MED00088,6,momentum,0.02715
MED00089,6,momentum,0.01457
MED00090,6,momentum,0.0026
MED00091,6,momentum,0.0017
MED00092,6,momentum,-0.05475
MED00093,6,momentum,-0.04186
MED00094,6,momentum,-0.01134
MED00095,6,momentum,-0.01628
MED00096,6,momentum,0.0011
MED00097,6,momentum,0.02226
MED00098,6,momentum,0.00757
MED00099,6,momentum,0.0172
MED00100,6,momentum,0.01011
MED00101,6,momentum,-0.05706
MED00102,6,momentum,-0.05683
MED00103,6,momentum,0.01469
MED00104,6,momentum,-0.0045
MED00105,6,momentum,0.00354
MED00106,6,momentum,0.0041
MED00107,6,momentum,-0.00207
MED00108,6,momentum,-0.00693
MED00109,6,momentum,0.01512
MED00110,6,momentum,0.01864
MED00111,6,momentum,0.00987
MED00112,6,momentum,0.00526
MED00113,6,momentum,-0.03353
MED00114,6,momentum,0.00907
MED00115,6,momentum,0.01039
MED00116,6,momentum,0.01756
MED00117,6,momentum,0.02469
MED00118,6,momentum,-0.02206
MED00119,6,momentum,0.00174
MED00120,6,momentum,0.01694
MED00121,6,momentum,-0.00331
MED00122,6,momentum,-0.01525
MED00123,6,momentum,0.01595
MED00124,6,momentum,-0.00225
MED00125,6,momentum,0.02006
MED00126,6,momentum,0.02047
MED00127,6,momentum,0.00774
MED00128,6,momentum,-0.00037
MED00129,6,momentum,0.00357
MED00130,6,momentum,0.01249
MED00131,6,momentum,0.00031
MED00132,6,momentum,0.01038
MED00133,6,momentum,-0.00333
MED00134,6,momentum,0.01973
MED00135,6,momentum,0.02248
MED00136,6,momentum,-0.00776
MED00137,6,momentum,-0.00115
MED00138,6,momentum,-0.00641
MED00139,6,momentum,0.04175
MED00140,6,momentum,-0.00152
MED00141,6,momentum,0.00757
MED00142,6,momentum,0.01917
MED00143,6,momentum,0.0004
MED00144,6,momentum,0.01555
MED00145,6,momentum,-0.02953
MED00146,6,momentum,-0.08811
MED00147,6,momentum,0.00697
MED00148,6,momentum,-0.0007
MED00149,6,momentum,0.00065
MED00150,6,momentum,0.02107
MED00151,6,momentum,-0.00013
MED00152,6,momentum,0.00032
MED00153,6,momentum,0.00924
MED00154,6,momentum,-0.02375
MED00155,6,momentum,-0.00757
MED00156,6,momentum,-0.02968
MED00157,6,momentum,-0.02259
MED00158,6,momentum,0.02154
MED00159,6,momentum,0.00504
MED00160,6,momentum,-0.0002
MED00161,6,momentum,0.01027
MED00162,6,momentum,0.01663
MED00163,6,momentum,0.01567
MED00164,6,momentum,0.0067
MED00165,6,momentum,-0.00095
MED00166,6,momentum,0.01485
MED00167,6,momentum,-0.03524
MED00168,6,momentum,0.02125
MED00169,6,momentum,-0.00761
MED00170,6,momentum,-0.03862
MED00171,6,momentum,-0.00084
MED00172,6,momentum,-0.03488
MED00173,6,momentum,0.02423
MED00174,6,momentum,-0.00034
MED00175,6,momentum,0.01761
MED00176,6,momentum,-0.0077
MED00177,6,momentum,0.00665
MED00178,6,momentum,-0.03373
MED00179,6,momentum,0.01722
MED00180,6,momentum,0.01157
MED00181,6,momentum,0.02027
MED00182,6,momentum,0.01674
MED00183,6,momentum,0.0214
MED00184,6,momentum,0.01193
MED00185,6,momentum,-0.00341
MED00186,6,momentum,0.01007
MED00187,6,momentum,0.01062
MED00188,6,momentum,-0.05232
MED00189,6,momentum,0.01407
MED00190,6,momentum,0.01449
MED00191,6,momentum,-0.00522
MED00192,6,momentum,0.01698
MED00193,6,momentum,0.0094
MED00194,6,momentum,-0.02242
MED00195,6,momentum,-0.01688
MED00196,6,momentum,-0.00091
MED00197,6,momentum,-0.03765
MED00198,6,momentum,-0.00093
MED00199,6,momentum,-0.00011
MED00200,6,momentum,0.01884
MED00201,6,momentum,-0.00096
MED00202,6,momentum,0.02161
MED00203,6,momentum,-0.03009
MED00204,6,momentum,0.00455
MED00205,6,momentum,-0.00457
MED00206,6,momentum,-0.09917
MED00207,6,momentum,0.00497
MED00208,6,momentum,0.00338
MED00209,6,momentum,-0.04952
MED00210,6,momentum,0.00179
MED00211,6,momentum,0.01478
MED00212,6,momentum,0.00597
MED00213,6,momentum,0.03686
MED00214,6,momentum,-0.01303
MED00215,6,momentum,0.01098
MED00216,6,momentum,-0.0041
MED00217,6,momentum,-0.02578
MED00218,6,momentum,-0.00085
MED00219,6,momentum,-0.01561
MED00220,6,momentum,0.02052
MED00221,6,momentum,0.01799
MED00222,6,momentum,0.01886
MED00223,6,momentum,0.03677
MED00224,6,momentum,0.00857
MED00225,6,momentum,-0.00865
MED00226,6,momentum,0.03411
MED00227,6,momentum,-0.03279
MED00228,6,momentum,-0.06974
MED00229,6,momentum,0.0181
MED00230,6,momentum,0.0011
MED00231,6,momentum,-0.00984
MED00232,6,momentum,0.02972
MED00233,6,momentum,-0.00444
MED00234,6,momentum,-0.01305
MED00235,6,momentum,-0.0011
MED00236,6,momentum,0.01725
MED00237,6,momentum,-0.01263
MED00238,6,momentum,0.00092
MED00239,6,momentum,-0.00224
MED00240,6,momentum,-0.00196
MED00241,6,momentum,0.01024
MED00242,6,momentum,-0.00559
MED00243,6,momentum,-0.01325
MED00244,6,momentum,0.01804
MED00245,6,momentum,-0.00644
MED00246,6,momentum,-0.01081
MED00247,6,momentum,-0.00561
MED00248,6,momentum,-0.01317
MED00249,6,momentum,0.01507
MED00250,6,momentum,-0.00295
MED00251,6,momentum,0.00072
MED00252,6,momentum,-0.0154
MED00253,6,momentum,0.01005
MED00254,6,momentum,-0.07196
MED00255,6,momentum,-0.00071
MED00256,6,momentum,-0.00372
MED00257,6,momentum,-0.00231
MED00258,6,momentum,0.00405
MED00259,6,momentum,-0.01811
MED00260,6,momentum,-0.04926
MED00261,6,momentum,0.01684
MED00262,6,momentum,-0.01548
MED00263,6,momentum,-0.06731
MED00264,6,momentum,0.00145
MED00265,6,momentum,-0.02322
MED00266,6,momentum,0.01696
MED00267,6,momentum,-0.00024
MED00268,6,momentum,-0.00223
MED00269,6,momentum,0.00054
MED00270,6,momentum,-0.05974
MED00271,6,momentum,-0.12375
MED00272,6,momentum,0.00558
MED00273,6,momentum,0.00344
MED00274,6,momentum,0.01135
MED00275,6,momentum,-0.02053
MED00276,6,momentum,-0.00153
MED00277,6,momentum,0.01431
MED00278,6,momentum,-0.01397
MED00279,6,momentum,0.01663
MED00280,6,momentum,-0.02557
MED00281,6,momentum,0.00056
MED00282,6,momentum,0.0069
MED00283,6,momentum,0.031
MED00284,6,momentum,-0.00953
MED00285,6,momentum,-0.00721
MED00286,6,momentum,-0.00058
MED00287,6,momentum,-0.00583
MED00288,6,momentum,0.01087
MED00289,6,momentum,-0.06481
MED00290,6,momentum,0.00049
MED00291,6,momentum,0.04831
MED00292,6,momentum,0.01845
MED00293,6,momentum,-0.00774
MED00294,6,momentum,0.02185
MED00295,6,momentum,0.01488
MED00296,6,momentum,0.00802
MED00297,6,momentum,0.00328
MED00298,6,momentum,-0.02
MED00299,6,momentum,0.02022
MED00300,6,momentum,0.01444
MED00301,6,momentum,-0.00622
MED00302,6,momentum,0.02392
MED00303,6,momentum,0.03195
MED00304,6,momentum,0.00786
MED00305,6,momentum,0.02002
MED00306,6,momentum,0.01083
MED00307,6,momentum,0.00102
MED00308,6,momentum,-0.00328
MED00309,6,momentum,0.01579
MED00310,6,momentum,0.00905
MED00311,6,momentum,-0.00445
MED00312,6,momentum,0.00939
MED00313,6,momentum,-0.06283
MED00314,6,momentum,0.02929
MED00315,6,momentum,-0.01518
MED00316,6,momentum,-0.00574
MED00317,6,momentum,0.01769
MED00318,6,momentum,0.00264
MED00319,6,momentum,-0.0036
MED00320,6,momentum,0.03963
MED00321,6,momentum,-0.07356
MED00322,6,momentum,0.0121
MED00323,6,momentum,0.00846
MED00324,6,momentum,-0.01357
MED00325,6,momentum,-0.0008
MED00326,6,momentum,-0.00186
MED00327,6,momentum,-0.00659
MED00328,6,momentum,-0.01389
MED00329,6,momentum,-0.0033
MED00330,6,momentum,0.00734
MED00331,6,momentum,-0.04863
MED00332,6,momentum,-0.00729
MED00333,6,momentum,-0.05479
MED00334,6,momentum,0.01676
MED00335,6,momentum,-0.00361
MED00336,6,momentum,0.01143
MED00337,6,momentum,-0.00017
MED00338,6,momentum,0.03647
MED00339,6,momentum,0.00463
MED00340,6,momentum,0.02026
MED00341,6,momentum,-0.0045
MED00342,6,momentum,0.00939
MED00343,6,momentum,-0.00454
MED00344,6,momentum,-0.01055
MED00345,6,momentum,0.01204
MED00346,6,momentum,0.00988
MED00347,6,momentum,0.00427
MED00348,6,momentum,0.00215
MED00349,6,momentum,-0.00056
MED00350,6,momentum,-0.09127
MED00351,6,momentum,0.01869
MED00352,6,momentum,0.00877
MED00353,6,momentum,0.03028
MED00354,6,momentum,0.02771
MED00355,6,momentum,0.00238
MED00356,6,momentum,-0.04233
MED00357,6,momentum,-0.01057
MED00358,6,momentum,0.01275
MED00359,6,momentum,0.02299
MED00360,6,momentum,-0.06543
MED00361,6,momentum,-0.05104
MED00362,6,momentum,-0.01487
MED00363,6,momentum,-0.00114
MED00364,6,momentum,0.00404
MED00365,6,momentum,-0.00023
MED00366,6,momentum,-0.01679
MED00367,6,momentum,0.01375
MED00368,6,momentum,-0.06955
MED00369,6,momentum,-0.00672
MED00370,6,momentum,0.0272
MED00371,6,momentum,0.02886
MED00372,6,momentum,0.02052
MED00373,6,momentum,0.0093
MED00374,6,momentum,-0.05312
MED00375,6,momentum,-0.0078
MED00376,6,momentum,0.01345
MED00377,6,momentum,0.02869
MED00378,6,momentum,0.00054
MED00379,6,momentum,-0.0753
MED00380,6,momentum,0.02118
MED00381,6,momentum,-0.00942
MED00382,6,momentum,0.01051
MED00383,6,momentum,-0.00337
MED00384,6,momentum,-0.01658
MED00385,6,momentum,-0.00033
MED00386,6,momentum,-0.00319
MED00387,6,momentum,-0.00236
MED00388,6,momentum,0.01644
MED00389,6,momentum,0.00552
MED00390,6,momentum,0.00055
MED00391,6,momentum,-0.00148
MED00392,6,momentum,-0.00193
MED00393,6,momentum,0.01903
MED00394,6,momentum,-0.00241
MED00395,6,momentum,-0.00056
MED00397,6,momentum,0.00012
MED00398,6,momentum,0.00172
MED00399,6,momentum,0.00216
MED00400,6,momentum,-0.00107
MED00401,6,momentum,-0.01379
MED00402,6,momentum,-0.00516
MED00403,6,momentum,0.01928
MED00404,6,momentum,0.00172
MED00405,6,momentum,0.00061
MED00406,6,momentum,0.00166
MED00407,6,momentum,-0.00422
MED00409,6,momentum,0.00724
MED00410,6,momentum,-0.00514
MED00411,6,momentum,0.00044
MED00412,6,momentum,-0.00152
MED00413,6,momentum,0.01296
MED00414,6,momentum,-0.00609
MED00415,6,momentum,-0.01359
MED00416,6,momentum,-0.0031
MED00417,6,momentum,-0.00286
MED00418,6,momentum,-0.00231
MED00419,6,momentum,-0.0003
MED00420,6,momentum,-0.02058
MED00421,6,momentum,0.00081
MED00423,6,momentum,-0.00338
MED00424,6,momentum,0.00358
MED00001,7,momentum,-0.00241
MED00002,7,momentum,0.00989
MED00003,7,momentum,0.00738
MED00004,7,momentum,0.01716
MED00005,7,momentum,-0.00154
MED00006,7,momentum,0.00534
MED00007,7,momentum,-0.00589
MED00008,7,momentum,-0.01469
MED00009,7,momentum,0.00105
MED00010,7,momentum,0.02636
MED00011,7,momentum,0.01622
MED00012,7,momentum,0.00621
MED00013,7,momentum,-0.04368
MED00014,7,momentum,0.00303
MED00015,7,momentum,-0.02992
MED00016,7,momentum,-0.07447
MED00017,7,momentum,0.00135
MED00018,7,momentum,0.00513
MED00019,7,momentum,-0.00577
MED00020,7,momentum,-0.05218
MED00021,7,momentum,0.00974
MED00022,7,momentum,-0.05914
MED00023,7,momentum,0.01192
MED00024,7,momentum,0.00139
MED00025,7,momentum,-0.00056
MED00026,7,momentum,0.01152
MED00027,7,momentum,0.01212
MED00028,7,momentum,-0.00366
MED00029,7,momentum,-0.00141
MED00030,7,momentum,-0.00517
MED00031,7,momentum,-0.02582
MED00032,7,momentum,-0.05313
MED00033,7,momentum,0.03286
MED00034,7,momentum,0.00994
MED00035,7,momentum,-0.03283
MED00036,7,momentum,0.01993
MED00037,7,momentum,-0.02654
MED00038,7,momentum,0.00149
MED00039,7,momentum,0.02529
MED00040,7,momentum,-0.04179
MED00041,7,momentum,-0.00328
MED00042,7,momentum,0.00872
MED00043,7,momentum,0.01236
MED00044,7,momentum,-0.00086
MED00045,7,momentum,0.01328
MED00046,7,momentum,0.01901
MED00047,7,momentum,0.00138
MED00049,7,momentum,0.00435
MED00050,7,momentum,0.02449
MED00051,7,momentum,-0.00556
MED00053,7,momentum,-0.01336
MED00054,7,momentum,-0.05712
MED00055,7,momentum,-0.00581
MED00056,7,momentum,-0.01497
MED00057,7,momentum,0.01273
MED00058,7,momentum,0.0081
MED00059,7,momentum,0.00023
MED00060,7,momentum,0.00127
MED00061,7,momentum,0.00082
MED00062,7,momentum,-0.00156
MED00063,7,momentum,-0.00712
MED00064,7,momentum,0.02208
MED00065,7,momentum,-0.00278
MED00066,7,momentum,-0.02436
MED00067,7,momentum,-0.06304
MED00068,7,momentum,-0.01051
MED00069,7,momentum,0.00821
MED00070,7,momentum,-0.00059
MED00071,7,momentum,-0.00424
MED00072,7,momentum,-0.01745
MED00073,7,momentum,0.0022
MED00074,7,momentum,0.00286
MED00075,7,momentum,-0.02009
MED00076,7,momentum,-0.00904
MED00077,7,momentum,-0.00267
MED00078,7,momentum,0.02779
MED00079,7,momentum,0.02507
MED00080,7,momentum,-0.01599
MED00081,7,momentum,0.00993
MED00082,7,momentum,0.00783
MED00083,7,momentum,-0.00169
MED00084,7,momentum,0.03694
MED00085,7,momentum,-0.0217
MED00086,7,momentum,0.01705
MED00087,7,momentum,0.01401
MED00088,7,momentum,0.02725
MED00089,7,momentum,0.01113
MED00090,7,momentum,0.0029
MED00091,7,momentum,0.00289
MED00092,7,momentum,-0.05435
MED00093,7,momentum,-0.04299
MED00094,7,momentum,-0.01483
MED00095,7,momentum,-0.01346
MED00096,7,momentum,0.00239
MED00097,7,momentum,0.01996
MED00098,7,momentum,0.00687
MED00099,7,momentum,0.01278
MED00100,7,momentum,0.00227
MED00101,7,momentum,-0.05622
MED00102,7,momentum,-0.06132
MED00103,7,momentum,0.01033
MED00104,7,momentum,-0.00337
MED00105,7,momentum,0.0027
MED00106,7,momentum,-0.00368
MED00107,7,momentum,-0.00088
MED00108,7,momentum,-0.00497
MED00109,7,momentum,0.0141
MED00110,7,momentum,0.01731
MED00111,7,momentum,0.00622
MED00112,7,momentum,0.00398
MED00113,7,momentum,-0.03347
MED00114,7,momentum,0.0089
MED00115,7,momentum,0.00942
MED00116,7,momentum,0.01741
MED00117,7,momentum,0.02007
MED00118,7,momentum,-0.02255
MED00119,7,momentum,0.0026
MED00120,7,momentum,0.01351
MED00121,7,momentum,-0.00259
MED00122,7,momentum,-0.01351
MED00123,7,momentum,0.01107
MED00124,7,momentum,-0.00121
MED00125,7,momentum,0.01186
MED00126,7,momentum,0.02022
MED00127,7,momentum,0.00219
MED00128,7,momentum,0.00059
MED00129,7,momentum,0.00176
MED00130,7,momentum,0.00492
MED00131,7,momentum,0.00161
MED00132,7,momentum,0.00532
MED00133,7,momentum,-0.00239
MED00134,7,momentum,0.01835
MED00135,7,momentum,0.01338
MED00136,7,momentum,-0.00693
MED00137,7,momentum,-0.00067
MED00138,7,momentum,-0.00571
MED00139,7,momentum,0.02552
MED00140,7,momentum,-0.00056
MED00141,7,momentum,0.0067
MED00142,7,momentum,0.01666
MED00143,7,momentum,0.00108
MED00144,7,momentum,0.01481
MED00145,7,momentum,-0.03759
MED00146,7,momentum,-0.09663
MED00147,7,momentum,0.00464
MED00148,7,momentum,0.00033
MED00149,7,momentum,0.00056
MED00150,7,momentum,0.01865
MED00151,7,momentum,0.00076
MED00152,7,momentum,0.00111
MED00153,7,momentum,0.00859
MED00154,7,momentum,-0.02275
MED00155,7,momentum,-0.00608
MED00156,7,momentum,-0.03
MED00157,7,momentum,-0.02247
MED00158,7,momentum,0.01712
MED00159,7,momentum,0.00486
MED00160,7,momentum,0.0009
MED00161,7,momentum,0.0097
MED00162,7,momentum,0.01235
MED00163,7,momentum,0.00818
MED00164,7,momentum,0.00547
MED00165,7,momentum,-0.00074
MED00166,7,momentum,0.01037
MED00167,7,momentum,-0.03601
MED00168,7,momentum,0.01419
MED00169,7,momentum,-0.00359
MED00170,7,momentum,-0.03953
MED00172,7,momentum,-0.03447
MED00173,7,momentum,0.01643
MED00174,7,momentum,-0.00016
MED00175,7,momentum,0.01437
MED00176,7,momentum,-0.00767
MED00177,7,momentum,0.00522
MED00178,7,momentum,-0.0308
MED00179,7,momentum,0.01049
MED00180,7,momentum,0.00374
MED00181,7,momentum,0.01596
MED00182,7,momentum,0.01235
MED00183,7,momentum,0.01806
MED00184,7,momentum,0.00818
MED00185,7,momentum,-0.00325
MED00186,7,momentum,0.0091
MED00187,7,momentum,0.01098
MED00188,7,momentum,-0.05397
MED00189,7,momentum,0.00646
MED00190,7,momentum,0.01332
MED00191,7,momentum,-0.00455
MED00192,7,momentum,0.00869
MED00193,7,momentum,0.00176
MED00194,7,momentum,-0.0207
MED00195,7,momentum,-0.01532
MED00196,7,momentum,-0.00034
MED00197,7,momentum,-0.02763
MED00198,7,momentum,-0.00018
MED00199,7,momentum,-0.00019
MED00200,7,momentum,0.01064
MED00201,7,momentum,-0.00023
MED00202,7,momentum,0.01378
MED00203,7,momentum,-0.02955
MED00204,7,momentum,-0.00023
MED00205,7,momentum,-0.00334
MED00206,7,momentum,-0.10602
MED00207,7,momentum,0.00369
MED00208,7,momentum,0.0026
MED00209,7,momentum,-0.04816
MED00210,7,momentum,0.00228
MED00211,7,momentum,0.01014
MED00212,7,momentum,-0.00278
MED00213,7,momentum,0.03431
MED00214,7,momentum,-0.01174
MED00215,7,momentum,0.00953
MED00216,7,momentum,-0.012
MED00217,7,momentum,-0.02678
MED00218,7,momentum,0.00034
MED00219,7,momentum,-0.01529
MED00220,7,momentum,0.01269
MED00221,7,momentum,0.01336
MED00222,7,momentum,0.01636
MED00223,7,momentum,0.02822
MED00224,7,momentum,0.00584
MED00225,7,momentum,-0.00731
MED00226,7,momentum,0.02166
MED00227,7,momentum,-0.03362
MED00228,7,momentum,-0.06437
MED00229,7,momentum,0.01772
MED00230,7,momentum,0.0021
MED00231,7,momentum,-0.00868
MED00232,7,momentum,0.02575
MED00233,7,momentum,-0.00356
MED00234,7,momentum,-0.01195
MED00235,7,momentum,0.0029
MED00236,7,momentum,0.01864
MED00237,7,momentum,-0.01161
MED00238,7,momentum,0.0003
MED00239,7,momentum,-0.00098
MED00240,7,momentum,-0.00101
MED00241,7,momentum,0.00901
MED00242,7,momentum,-0.00378
MED00243,7,momentum,-0.01427
MED00244,7,momentum,0.01706
MED00245,7,momentum,-0.00828
MED00246,7,momentum,-0.00925
MED00247,7,momentum,-0.00437
MED00248,7,momentum,-0.01136
MED00249,7,momentum,0.01547
MED00250,7,momentum,-0.002
MED00251,7,momentum,0.00166
MED00252,7,momentum,-0.02819
MED00253,7,momentum,0.00914
MED00254,7,momentum,-0.08509
MED00255,7,momentum,-0.00084
MED00256,7,momentum,-0.00295
MED00257,7,momentum,-0.00125
MED00258,7,momentum,0.00315
MED00259,7,momentum,-0.0166
MED00260,7,momentum,-0.05021
MED00261,7,momentum,0.0117
MED00262,7,momentum,-0.01405
MED00263,7,momentum,-0.06894
MED00264,7,momentum,-0.00078
MED00265,7,momentum,-0.0212
MED00266,7,momentum,0.01169
MED00267,7,momentum,0.00108
MED00268,7,momentum,-0.00074
MED00269,7,momentum,0.00176
MED00270,7,momentum,-0.05967
MED00271,7,momentum,-0.13219
MED00272,7,momentum,0.00399
MED00273,7,momentum,0.00452
MED00274,7,momentum,0.00624
MED00275,7,momentum,-0.01965
MED00276,7,momentum,-0.00062
MED00277,7,momentum,0.0067
MED00278,7,momentum,-0.01266
MED00279,7,momentum,0.01673
MED00280,7,momentum,-0.02645
MED00281,7,momentum,0.00313
MED00282,7,momentum,0.00726
MED00283,7,momentum,0.0245
MED00284,7,momentum,-0.00834
MED00285,7,momentum,-0.00619
MED00286,7,momentum,0.00039
MED00287,7,momentum,-0.00452
MED00288,7,momentum,0.01524
MED00289,7,momentum,-0.06454
MED00290,7,momentum,0.00104
MED00291,7,momentum,0.03203
MED00292,7,momentum,0.01233
MED00293,7,momentum,-0.00716
MED00294,7,momentum,0.01721
MED00295,7,momentum,0.0128
MED00296,7,momentum,0.00735
MED00297,7,momentum,0.00199
MED00298,7,momentum,-0.0195
MED00299,7,momentum,0.01667
MED00300,7,momentum,0.00593
MED00301,7,momentum,-0.00257
MED00302,7,momentum,0.0207
MED00303,7,momentum,0.02501
MED00304,7,momentum,0.00673
MED00305,7,momentum,0.01221
MED00306,7,momentum,0.00668
MED00307,7,momentum,0.00124
MED00308,7,momentum,-0.00182
MED00309,7,momentum,0.01117
MED00310,7,momentum,0.00817
MED00311,7,momentum,-0.0032
MED00312,7,momentum,0.00427
MED00313,7,momentum,-0.07278
MED00314,7,momentum,0.02594
MED00315,7,momentum,-0.01384
MED00316,7,momentum,-0.00468
MED00317,7,momentum,0.01301
MED00318,7,momentum,0.0039
MED00319,7,momentum,-0.00258
MED00320,7,momentum,0.03181
MED00321,7,momentum,-0.09137
MED00322,7,momentum,0.00393
MED00323,7,momentum,0.00363
MED00324,7,momentum,-0.0134
MED00325,7,momentum,0.00022
MED00326,7,momentum,-0.00114
MED00327,7,momentum,-0.00588
MED00328,7,momentum,-0.01265
MED00329,7,momentum,-0.0022
MED00330,7,momentum,0.00691
MED00331,7,momentum,-0.04898
MED00332,7,momentum,-0.0058
MED00333,7,momentum,-0.05466
MED00334,7,momentum,0.01658
MED00335,7,momentum,-0.00346
MED00336,7,momentum,0.00939
MED00337,7,momentum,-0.00168
MED00338,7,momentum,0.02852
MED00339,7,momentum,0.00328
MED00340,7,momentum,0.01177
MED00341,7,momentum,-0.00388
MED00342,7,momentum,0.00841
MED00343,7,momentum,-0.00327
MED00344,7,momentum,-0.01031
MED00345,7,momentum,0.00439
MED00346,7,momentum,0.00887
MED00347,7,momentum,-0.00353
MED00348,7,momentum,0.00063
MED00349,7,momentum,0.00044
MED00350,7,momentum,-0.12691
MED00351,7,momentum,0.01833
MED00352,7,momentum,0.00634
MED00353,7,momentum,0.03011
MED00354,7,momentum,0.02755
MED00355,7,momentum,0.00297
MED00356,7,momentum,-0.04259
MED00357,7,momentum,-0.01803
MED00358,7,momentum,0.01146
MED00359,7,momentum,0.01497
MED00360,7,momentum,-0.05969
MED00361,7,momentum,-0.0511
MED00362,7,momentum,-0.01368
MED00364,7,momentum,-0.00375
MED00365,7,momentum,0.00063
MED00366,7,momentum,-0.01544
MED00367,7,momentum,0.00904
MED00368,7,momentum,-0.06975
MED00369,7,momentum,-0.00547
MED00370,7,momentum,0.0213
MED00371,7,momentum,0.01917
MED00372,7,momentum,0.01278
MED00373,7,momentum,0.00623
MED00374,7,momentum,-0.05361
MED00375,7,momentum,-0.0075
MED00376,7,momentum,0.01249
MED00377,7,momentum,0.02503
MED00378,7,momentum,-0.00022
MED00379,7,momentum,-0.09775
MED00380,7,momentum,0.021
MED00381,7,momentum,-0.00825
MED00382,7,momentum,0.00794
MED00383,7,momentum,-0.00219
MED00384,7,momentum,-0.01541
MED00385,7,momentum,0.00041
MED00386,7,momentum,-0.00246
MED00387,7,momentum,-0.00201
MED00388,7,momentum,0.01513
MED00389,7,momentum,0.00715
MED00390,7,momentum,0.00159
MED00392,7,momentum,-0.00057
MED00393,7,momentum,0.00715
MED00394,7,momentum,-0.00193
MED00395,7,momentum,0.00036
MED00396,7,momentum,0.00337
MED00397,7,momentum,0.0004
MED00398,7,momentum,-0.00103
MED00399,7,momentum,-0.00058
MED00400,7,momentum,0.00269
MED00401,7,momentum,-0.01263
MED00402,7,momentum,-0.00467
MED00403,7,momentum,0.02127
MED00404,7,momentum,0.00201
MED00405,7,momentum,0.00122
MED00406,7,momentum,0.0019
MED00407,7,momentum,-0.00395
MED00408,7,momentum,0.0007
MED00409,7,momentum,0.00863
MED00410,7,momentum,-0.00491
MED00411,7,momentum,0.00121
MED00412,7,momentum,-0.00052
MED00413,7,momentum,0.00879
MED00414,7,momentum,-0.00506
MED00415,7,momentum,-0.01362
MED00416,7,momentum,-0.00237
MED00417,7,momentum,-0.00208
MED00418,7,momentum,-0.00161
MED00419,7,momentum,0.00083
MED00420,7,momentum,-0.02064
MED00421,7,momentum,-0.00049
MED00422,7,momentum,0.00079
MED00423,7,momentum,-0.00227
MED00424,7,momentum,0.00188
MED00001,8,momentum,-0.00165
MED00002,8,momentum,0.00415
MED00003,8,momentum,0.0076
MED00004,8,momentum,0.01849
MED00005,8,momentum,-0.00029
MED00006,8,momentum,0.00529
MED00007,8,momentum,-0.00544
MED00008,8,momentum,-0.01733
MED00009,8,momentum,-0.00206
MED00010,8,momentum,0.02938
MED00011,8,momentum,0.01582
MED00012,8,momentum,0.00666
MED00013,8,momentum,-0.04579
MED00014,8,momentum,0.00227
MED00015,8,momentum,-0.03597
MED00016,8,momentum,-0.0739
MED00017,8,momentum,0.0015
MED00018,8,momentum,0.00288
MED00019,8,momentum,-0.00782
MED00020,8,momentum,-0.05239
MED00021,8,momentum,0.00963
MED00022,8,momentum,-0.06485
MED00023,8,momentum,0.01319
MED00024,8,momentum,0.0016
MED00025,8,momentum,-0.00106
MED00026,8,momentum,0.0103
MED00027,8,momentum,0.01343
MED00028,8,momentum,-0.00352
MED00029,8,momentum,-0.00098
MED00030,8,momentum,-0.00497
MED00031,8,momentum,-0.02624
MED00032,8,momentum,-0.05441
MED00033,8,momentum,0.0342
MED00034,8,momentum,0.00768
MED00035,8,momentum,-0.03415
MED00036,8,momentum,0.02193
MED00037,8,momentum,-0.02691
MED00038,8,momentum,0.00296
MED00039,8,momentum,0.0294
MED00040,8,momentum,-0.04929
MED00041,8,momentum,-0.00308
MED00042,8,momentum,0.01185
MED00043,8,momentum,0.0126
MED00044,8,momentum,-0.00088
MED00045,8,momentum,0.01291
MED00046,8,momentum,0.01933
MED00047,8,momentum,0.00015
MED00048,8,momentum,-0.00078
MED00049,8,momentum,0.00419
MED00050,8,momentum,0.02464
MED00051,8,momentum,-0.00516
MED00052,8,momentum,-0.00016
MED00053,8,momentum,-0.01309
MED00054,8,momentum,-0.05987
MED00055,8,momentum,-0.00571
MED00056,8,momentum,-0.01514
MED00057,8,momentum,0.01248
MED00058,8,momentum,0.00809
MED00059,8,momentum,-0.00251
MED00060,8,momentum,0.00164
MED00061,8,momentum,0.00101
MED00062,8,momentum,-0.00109
MED00063,8,momentum,-0.00728
MED00064,8,momentum,0.01858
MED00065,8,momentum,-0.00234
MED00066,8,momentum,-0.03038
MED00067,8,momentum,-0.06406
MED00068,8,momentum,-0.00943
MED00069,8,momentum,0.0078
MED00070,8,momentum,0.00022
MED00071,8,momentum,-0.00401
MED00072,8,momentum,-0.01773
MED00073,8,momentum,0.00208
MED00074,8,momentum,0.00306
MED00075,8,momentum,-0.02339
MED00076,8,momentum,-0.01478
MED00077,8,momentum,-0.00252
MED00078,8,momentum,0.02741
MED00079,8,momentum,0.03289
MED00080,8,momentum,-0.01509
MED00081,8,momentum,0.01011
MED00082,8,momentum,0.00814
MED00083,8,momentum,-0.00172
MED00084,8,momentum,0.03449
MED00085,8,momentum,-0.02188
MED00086,8,momentum,0.01727
MED00087,8,momentum,0.01397
MED00088,8,momentum,0.02383
MED00089,8,momentum,0.01385
MED00090,8,momentum,0.0031
MED00091,8,momentum,0.00302
MED00092,8,momentum,-0.05573
MED00093,8,momentum,-0.04436
MED00094,8,momentum,-0.01421
MED00095,8,momentum,-0.01371
MED00096,8,momentum,0.00061
MED00097,8,momentum,0.02013
MED00098,8,momentum,0.00646
MED00099,8,momentum,0.01428
MED00100,8,momentum,0.00203
MED00101,8,momentum,-0.05766
MED00102,8,momentum,-0.06219
MED00103,8,momentum,0.01028
MED00104,8,momentum,-0.00465
MED00105,8,momentum,0.0028
MED00106,8,momentum,-0.00384
MED00107,8,momentum,-0.00034
MED00108,8,momentum,-0.00544
MED00109,8,momentum,0.01497
MED00110,8,momentum,0.01762
MED00111,8,momentum,0.00641
MED00112,8,momentum,0.00342
MED00113,8,momentum,-0.03966
MED00114,8,momentum,0.00899
MED00115,8,momentum,0.00899
MED00116,8,momentum,0.01752
MED00117,8,momentum,0.02074
MED00118,8,momentum,-0.02246
MED00119,8,momentum,0.00299
MED00120,8,momentum,0.01563
MED00121,8,momentum,-0.00253
MED00122,8,momentum,-0.01452
MED00123,8,momentum,0.01172
MED00124,8,momentum,-0.00118
MED00125,8,momentum,0.01238
MED00126,8,momentum,0.0217
MED00127,8,momentum,0.00333
MED00128,8,momentum,0.00094
MED00129,8,momentum,0.00188
MED00130,8,momentum,0.00467
MED00131,8,momentum,0.00169
MED00132,8,momentum,0.00551
MED00133,8,momentum,-0.00204
MED00134,8,momentum,0.01854
MED00135,8,momentum,0.01627
MED00136,8,momentum,-0.00586
MED00137,8,momentum,-0.0007
MED00138,8,momentum,-0.00532
MED00139,8,momentum,0.02574
MED00140,8,momentum,-0.00067
MED00141,8,momentum,0.00685
MED00142,8,momentum,0.01695
MED00143,8,momentum,0.0017
MED00144,8,momentum,0.01447
MED00145,8,momentum,-0.04574
MED00146,8,momentum,-0.09721
MED00147,8,momentum,0.00461
MED00148,8,momentum,0.00038
MED00149,8,momentum,0.00104
MED00150,8,momentum,0.01992
MED00151,8,momentum,0.00104
MED00152,8,momentum,0.00144
MED00153,8,momentum,0.00856
MED00154,8,momentum,-0.02167
MED00155,8,momentum,-0.00601
MED00156,8,momentum,-0.03089
MED00157,8,momentum,-0.02297
MED00158,8,momentum,0.01847
MED00159,8,momentum,0.00292
MED00160,8,momentum,0.00085
MED00161,8,momentum,0.00956
MED00162,8,momentum,0.01176
MED00163,8,momentum,0.00985
MED00164,8,momentum,0.00562
MED00165,8,momentum,-0.00075
MED00166,8,momentum,0.01081
MED00167,8,momentum,-0.03578
MED00168,8,momentum,0.01453
MED00169,8,momentum,-0.0039
MED00170,8,momentum,-0.04564
MED00171,8,momentum,0.00037
MED00172,8,momentum,-0.03443
MED00173,8,momentum,0.01627
MED00174,8,momentum,-0.00028
MED00175,8,momentum,0.01481
MED00176,8,momentum,-0.00694
MED00177,8,momentum,0.00468
MED00178,8,momentum,-0.03657
MED00179,8,momentum,0.01069
MED00180,8,momentum,0.00341
MED00181,8,momentum,0.01581
MED00182,8,momentum,0.01379
MED00183,8,momentum,0.02019
MED00184,8,momentum,0.00901
MED00185,8,momentum,-0.00369
MED00186,8,momentum,0.00929
MED00187,8,momentum,0.01113
MED00188,8,momentum,-0.05492
MED00189,8,momentum,0.00695
MED00190,8,momentum,0.01283
MED00191,8,momentum,-0.00558
MED00192,8,momentum,0.00914
MED00193,8,momentum,0.00129
MED00194,8,momentum,-0.0204
MED00195,8,momentum,-0.01548
MED00196,8,momentum,-0.00019
MED00197,8,momentum,-0.02819
MED00199,8,momentum,0.0011
MED00200,8,momentum,0.01145
MED00201,8,momentum,-0.00021
MED00202,8,momentum,0.01301
MED00203,8,momentum,-0.03015
MED00204,8,momentum,0.00057
MED00205,8,momentum,-0.00246
MED00206,8,momentum,-0.11654
MED00207,8,momentum,0.00321
MED00208,8,momentum,0.00262
MED00209,8,momentum,-0.04854
MED00210,8,momentum,0.00229
MED00211,8,momentum,0.01034
MED00212,8,momentum,-0.00164
MED00213,8,momentum,0.03578
MED00214,8,momentum,-0.01094
MED00215,8,momentum,0.00923
MED00216,8,momentum,-0.01238
MED00217,8,momentum,-0.03291
MED00218,8,momentum,0.00056
MED00219,8,momentum,-0.01436
MED00220,8,momentum,0.01303
MED00221,8,momentum,0.01368
MED00222,8,momentum,0.01661
MED00223,8,momentum,0.02782
MED00224,8,momentum,0.00583
MED00225,8,momentum,-0.00841
MED00226,8,momentum,0.02184
MED00227,8,momentum,-0.03316
MED00228,8,momentum,-0.0653
MED00229,8,momentum,0.01789
MED00230,8,momentum,0.00189
MED00231,8,momentum,-0.00895
MED00232,8,momentum,0.02672
MED00233,8,momentum,-0.00318
MED00234,8,momentum,-0.0112
MED00235,8,momentum,0.00124
MED00236,8,momentum,0.01928
MED00237,8,momentum,-0.01233
MED00238,8,momentum,0.00075
MED00239,8,momentum,-0.00094
MED00240,8,momentum,-0.00093
MED00241,8,momentum,0.00894
MED00242,8,momentum,-0.00399
MED00243,8,momentum,-0.01992
MED00244,8,momentum,0.01694
MED00245,8,momentum,-0.0053
MED00246,8,momentum,-0.00972
MED00247,8,momentum,-0.00517
MED00248,8,momentum,-0.01473
MED00249,8,momentum,0.01408
MED00250,8,momentum,-0.00221
MED00251,8,momentum,0.0021
MED00252,8,momentum,-0.03437
MED00253,8,momentum,0.00877
MED00254,8,momentum,-0.09125
MED00255,8,momentum,-0.00062
MED00256,8,momentum,-0.00252
MED00257,8,momentum,-0.00027
MED00258,8,momentum,0.00323
MED00259,8,momentum,-0.0169
MED00260,8,momentum,-0.05207
MED00261,8,momentum,0.01328
MED00262,8,momentum,-0.01314
MED00263,8,momentum,-0.06841
MED00264,8,momentum,0.00012
MED00265,8,momentum,-0.02244
MED00266,8,momentum,0.01381
MED00267,8,momentum,0.00135
MED00268,8,momentum,-0.00129
MED00269,8,momentum,0.00218
MED00270,8,momentum,-0.06321
MED00271,8,momentum,-0.13762
MED00272,8,momentum,0.00465
MED00273,8,momentum,0.00525
MED00274,8,momentum,0.00644
MED00275,8,momentum,-0.02208
MED00276,8,momentum,-0.00067
MED00277,8,momentum,0.00697
MED00278,8,momentum,-0.01384
MED00279,8,momentum,0.01597
MED00280,8,momentum,-0.03249
MED00281,8,momentum,0.00034
MED00282,8,momentum,0.00758
MED00283,8,momentum,0.02427
MED00284,8,momentum,-0.00786
MED00285,8,momentum,-0.00591
MED00286,8,momentum,-0.00234
MED00287,8,momentum,-0.00498
MED00288,8,momentum,0.01435
MED00289,8,momentum,-0.06431
MED00290,8,momentum,0.00141
MED00291,8,momentum,0.03333
MED00292,8,momentum,0.01242
MED00293,8,momentum,-0.01169
MED00294,8,momentum,0.01752
MED00295,8,momentum,0.01189
MED00296,8,momentum,0.00716
MED00297,8,momentum,0.00272
MED00298,8,momentum,-0.02011
MED00299,8,momentum,0.01684
MED00300,8,momentum,0.00596
MED00301,8,momentum,-0.00221
MED00302,8,momentum,0.0211
MED00303,8,momentum,0.02504
MED00304,8,momentum,0.00694
MED00305,8,momentum,0.01263
MED00306,8,momentum,0.00591
MED00307,8,momentum,0.00133
MED00308,8,momentum,-0.00239
MED00309,8,momentum,0.01149
MED00310,8,momentum,0.00775
MED00311,8,momentum,-0.0028
MED00312,8,momentum,0.00447
MED00313,8,momentum,-0.07346
MED00314,8,momentum,0.02808
MED00315,8,momentum,-0.01409
MED00316,8,momentum,-0.00444
MED00317,8,momentum,0.01286
MED00318,8,momentum,0.00408
MED00319,8,momentum,-0.00166
MED00320,8,momentum,0.03177
MED00321,8,momentum,-0.09671
MED00322,8,momentum,0.00583
MED00323,8,momentum,0.00415
MED00324,8,momentum,-0.01241
MED00325,8,momentum,0.0004
MED00326,8,momentum,-0.00087
MED00327,8,momentum,-0.00562
MED00328,8,momentum,-0.01379
MED00329,8,momentum,-0.00131
MED00330,8,momentum,0.00642
MED00331,8,momentum,-0.05504
MED00332,8,momentum,-0.00599
MED00333,8,momentum,-0.05572
MED00334,8,momentum,0.0167
MED00335,8,momentum,-0.00386
MED00336,8,momentum,0.00916
MED00337,8,momentum,0.00015
MED00338,8,momentum,0.03067
MED00339,8,momentum,0.00358
MED00340,8,momentum,0.0127
MED00341,8,momentum,-0.00352
MED00342,8,momentum,0.00815
MED00343,8,momentum,-0.00375
MED00344,8,momentum,-0.01073
MED00345,8,momentum,0.00392
MED00346,8,momentum,0.00852
MED00347,8,momentum,-0.00379
MED00348,8,momentum,0.00112
MED00349,8,momentum,0.00104
MED00350,8,momentum,-0.13226
MED00351,8,momentum,0.01851
MED00352,8,momentum,0.00655
MED00353,8,momentum,0.03159
MED00354,8,momentum,0.02889
MED00355,8,momentum,0.00334
MED00356,8,momentum,-0.0486
MED00357,8,momentum,-0.02407
MED00358,8,momentum,0.01114
MED00359,8,momentum,0.01534
MED00360,8,momentum,-0.06515
MED00361,8,momentum,-0.05194
MED00362,8,momentum,-0.01407
MED00363,8,momentum,0.00025
MED00364,8,momentum,-0.00402
MED00365,8,momentum,0.0008
MED00366,8,momentum,-0.01617
MED00367,8,momentum,0.00993
MED00368,8,momentum,-0.07162
MED00369,8,momentum,-0.00485
MED00370,8,momentum,0.02162
MED00371,8,momentum,0.02143
MED00372,8,momentum,0.01242
MED00373,8,momentum,0.00642
MED00374,8,momentum,-0.05488
MED00375,8,momentum,-0.0061
MED00376,8,momentum,0.01233
MED00377,8,momentum,0.02561
MED00379,8,momentum,-0.1038
MED00380,8,momentum,0.02116
MED00381,8,momentum,-0.0063
MED00382,8,momentum,0.00762
MED00383,8,momentum,-0.00173
MED00384,8,momentum,-0.01576
MED00385,8,momentum,0.00095
MED00386,8,momentum,-0.00194
MED00387,8,momentum,-0.00303
MED00388,8,momentum,0.01484
MED00389,8,momentum,0.00776
MED00390,8,momentum,0.0015
MED00391,8,momentum,0.00066
MED00393,8,momentum,0.008
MED00394,8,momentum,-0.00065
MED00395,8,momentum,0.00174
MED00396,8,momentum,0.0022
MED00397,8,momentum,0.00116
MED00398,8,momentum,-0.00102
MED00399,8,momentum,-0.0006
MED00400,8,momentum,-0.00041
MED00401,8,momentum,-0.0147
MED00402,8,momentum,-0.00397
MED00403,8,momentum,0.01984
MED00404,8,momentum,0.00032
MED00405,8,momentum,-0.00058
MED00406,8,momentum,0.00032
MED00407,8,momentum,-0.00292
MED00408,8,momentum,-0.00215
MED00409,8,momentum,0.00923
MED00410,8,momentum,-0.00421
MED00411,8,momentum,0.00133
MED00412,8,momentum,0.00034
MED00413,8,momentum,0.00856
MED00414,8,momentum,-0.00415
MED00415,8,momentum,-0.01245
MED00416,8,momentum,-0.0024
MED00417,8,momentum,-0.00145
MED00418,8,momentum,-0.00426
MED00419,8,momentum,0.00181
MED00420,8,momentum,-0.02058
MED00421,8,momentum,-0.00173
MED00422,8,momentum,0.00079
MED00423,8,momentum,-0.00089
MED00424,8,momentum,0.00049
MED00002,9,momentum,0.00263
MED00003,9,momentum,0.00754
MED00004,9,momentum,0.02111
MED00005,9,momentum,0.00116
MED00006,9,momentum,0.00541
MED00007,9,momentum,-0.00346
MED00008,9,momentum,-0.01837
MED00009,9,momentum,-0.00591
MED00010,9,momentum,0.02968
MED00011,9,momentum,0.01688
MED00012,9,momentum,0.00658
MED00013,9,momentum,-0.04588
MED00014,9,momentum,0.00311
MED00015,9,momentum,-0.03815
MED00016,9,momentum,-0.0712
MED00017,9,momentum,0.00137
MED00018,9,momentum,0.00297
MED00019,9,momentum,-0.00509
MED00020,9,momentum,-0.05187
MED00021,9,momentum,0.0102
MED00022,9,momentum,-0.06468
MED00023,9,momentum,0.01278
MED00024,9,momentum,0.00174
MED00026,9,momentum,0.01213
MED00027,9,momentum,0.01335
MED00028,9,momentum,-0.00408
MED00029,9,momentum,-0.00115
MED00030,9,momentum,-0.00558
MED00031,9,momentum,-0.02421
MED00032,9,momentum,-0.05452
MED00033,9,momentum,0.03856
MED00034,9,momentum,0.00788
MED00035,9,momentum,-0.03353
MED00036,9,momentum,0.02118
MED00037,9,momentum,-0.02697
MED00038,9,momentum,-0.00063
MED00039,9,momentum,0.02897
MED00040,9,momentum,-0.04938
MED00041,9,momentum,-0.00077
MED00042,9,momentum,0.01018
MED00043,9,momentum,0.0129
MED00044,9,momentum,-0.00069
MED00045,9,momentum,0.01373
MED00046,9,momentum,0.01975
MED00047,9,momentum,-0.00312
MED00048,9,momentum,-0.00256
MED00049,9,momentum,0.00625
MED00050,9,momentum,0.02551
MED00051,9,momentum,-0.00497
MED00052,9,momentum,-0.00119
MED00053,9,momentum,-0.02355
MED00054,9,momentum,-0.07173
MED00055,9,momentum,-0.00744
MED00056,9,momentum,-0.01897
MED00057,9,momentum,0.01348
MED00058,9,momentum,0.00866
MED00059,9,momentum,-0.00465
MED00060,9,momentum,0.00157
MED00061,9,momentum,-0.00039
MED00062,9,momentum,-0.00084
MED00063,9,momentum,-0.00436
MED00064,9,momentum,0.01868
MED00065,9,momentum,-0.0022
MED00066,9,momentum,-0.03046
MED00067,9,momentum,-0.06452
MED00068,9,momentum,-0.01154
MED00069,9,momentum,0.00841
MED00070,9,momentum,-0.00168
MED00071,9,momentum,-0.00695
MED00072,9,momentum,-0.0191
MED00073,9,momentum,0.00259
MED00074,9,momentum,-0.00174
MED00075,9,momentum,-0.02707
MED00076,9,momentum,-0.01565
MED00077,9,momentum,-0.00216
MED00078,9,momentum,0.02668
MED00079,9,momentum,0.03273
MED00080,9,momentum,-0.0162
MED00081,9,momentum,0.01038
MED00082,9,momentum,0.00852
MED00083,9,momentum,-0.00137
MED00084,9,momentum,0.03104
MED00085,9,momentum,-0.02289
MED00086,9,momentum,0.0212
MED00087,9,momentum,0.01459
MED00088,9,momentum,0.01831
MED00089,9,momentum,0.01922
MED00090,9,momentum,0.00443
MED00091,9,momentum,0.00321
MED00092,9,momentum,-0.05259
MED00093,9,momentum,-0.03659
MED00094,9,momentum,-0.01221
MED00095,9,momentum,-0.0144
MED00096,9,momentum,-0.00094
MED00097,9,momentum,0.02472
MED00098,9,momentum,0.00704
MED00099,9,momentum,0.01414
MED00100,9,momentum,0.0023
MED00101,9,momentum,-0.05496
MED00102,9,momentum,-0.06144
MED00103,9,momentum,0.01093
MED00104,9,momentum,-0.00692
MED00105,9,momentum,0.00264
MED00106,9,momentum,-0.00235
MED00107,9,momentum,-0.00064
MED00108,9,momentum,-0.00507
MED00109,9,momentum,0.01802
MED00110,9,momentum,0.02218
MED00111,9,momentum,0.00669
MED00112,9,momentum,0.0031
MED00113,9,momentum,-0.04037
MED00114,9,momentum,0.00868
MED00115,9,momentum,0.00938
MED00116,9,momentum,0.02202
MED00117,9,momentum,0.02241
MED00118,9,momentum,-0.02385
MED00119,9,momentum,0.00281
MED00120,9,momentum,0.02219
MED00121,9,momentum,-0.00193
MED00122,9,momentum,-0.01584
MED00123,9,momentum,0.01264
MED00124,9,momentum,-0.00061
MED00125,9,momentum,0.01264
MED00126,9,momentum,0.02567
MED00127,9,momentum,0.00279
MED00128,9,momentum,0.00077
MED00129,9,momentum,0.00251
MED00130,9,momentum,0.00527
MED00131,9,momentum,0.00255
MED00132,9,momentum,0.00664
MED00133,9,momentum,-0.00021
MED00134,9,momentum,0.02316
MED00135,9,momentum,0.02131
MED00136,9,momentum,-0.00308
MED00137,9,momentum,-0.00025
MED00138,9,momentum,-0.00486
MED00139,9,momentum,0.02636
MED00140,9,momentum,-0.00051
MED00141,9,momentum,0.00713
MED00142,9,momentum,0.02154
MED00143,9,momentum,0.00198
MED00144,9,momentum,0.01515
MED00145,9,momentum,-0.04641
MED00146,9,momentum,-0.09774
MED00147,9,momentum,0.00582
MED00148,9,momentum,0.00051
MED00149,9,momentum,0.00086
MED00150,9,momentum,0.01951
MED00151,9,momentum,0.00189
MED00152,9,momentum,0.002
MED00153,9,momentum,0.00908
MED00154,9,momentum,-0.0238
MED00155,9,momentum,-0.00526
MED00156,9,momentum,-0.03406
MED00157,9,momentum,-0.02432
MED00158,9,momentum,0.0183
MED00159,9,momentum,0.00287
MED00160,9,momentum,0.00077
MED00161,9,momentum,0.01012
MED00162,9,momentum,0.01236
MED00163,9,momentum,0.01024
MED00164,9,momentum,0.00585
MED00165,9,momentum,0.00074
MED00166,9,momentum,0.011
MED00167,9,momentum,-0.03684
MED00168,9,momentum,0.01539
MED00169,9,momentum,-0.00538
MED00170,9,momentum,-0.04499
MED00171,9,momentum,0.00098
MED00172,9,momentum,-0.04161
MED00173,9,momentum,0.01703
MED00174,9,momentum,-0.00057
MED00175,9,momentum,0.01456
MED00176,9,momentum,-0.0065
MED00177,9,momentum,0.00557
MED00178,9,momentum,-0.03771
MED00179,9,momentum,0.01042
MED00180,9,momentum,0.00402
MED00181,9,momentum,0.01691
MED00182,9,momentum,0.01331
MED00183,9,momentum,0.02139
MED00184,9,momentum,0.01095
MED00185,9,momentum,-0.0051
MED00186,9,momentum,0.00949
MED00187,9,momentum,0.01144
MED00188,9,momentum,-0.05427
MED00189,9,momentum,0.00717
MED00190,9,momentum,0.01328
MED00191,9,momentum,-0.00333
MED00192,9,momentum,0.00932
MED00193,9,momentum,0.00342
MED00194,9,momentum,-0.02294
MED00195,9,momentum,-0.01593
MED00196,9,momentum,0.00274
MED00197,9,momentum,-0.02988
MED00198,9,momentum,0.00065
MED00199,9,momentum,0.00232
MED00200,9,momentum,0.01229
MED00202,9,momentum,0.01362
MED00203,9,momentum,-0.03153
MED00204,9,momentum,0.00056
MED00205,9,momentum,-0.00196
MED00206,9,momentum,-0.12184
MED00207,9,momentum,0.00261
MED00208,9,momentum,0.00241
MED00209,9,momentum,-0.05462
MED00210,9,momentum,-0.00165
MED00211,9,momentum,0.01112
MED00212,9,momentum,-0.00137
MED00213,9,momentum,0.03882
MED00214,9,momentum,-0.01271
MED00215,9,momentum,0.01018
MED00216,9,momentum,-0.00922
MED00217,9,momentum,-0.03348
MED00218,9,momentum,-0.00039
MED00219,9,momentum,-0.00563
MED00220,9,momentum,0.0121
MED00221,9,momentum,0.01403
MED00222,9,momentum,0.0212
MED00223,9,momentum,0.03087
MED00224,9,momentum,0.00577
MED00225,9,momentum,-0.01036
MED00226,9,momentum,0.02181
MED00227,9,momentum,-0.03481
MED00228,9,momentum,-0.06463
MED00229,9,momentum,0.02113
MED00230,9,momentum,0.00024
MED00231,9,momentum,-0.0103
MED00232,9,momentum,0.02759
MED00233,9,momentum,-0.00278
MED00234,9,momentum,-0.01229
MED00235,9,momentum,0.00256
MED00236,9,momentum,0.02064
MED00237,9,momentum,-0.01226
MED00238,9,momentum,0.00049
MED00239,9,momentum,-0.00044
MED00240,9,momentum,-0.00068
MED00241,9,momentum,0.0089
MED00242,9,momentum,-0.00265
MED00243,9,momentum,-0.02213
MED00244,9,momentum,0.01731
MED00245,9,momentum,-0.011
MED00246,9,momentum,-0.01095
MED00247,9,momentum,-0.00445
MED00248,9,momentum,-0.0176
MED00249,9,momentum,0.01529
MED00250,9,momentum,-0.00278
MED00251,9,momentum,0.00151
MED00252,9,momentum,-0.03831
MED00253,9,momentum,0.00967
MED00254,9,momentum,-0.10254
MED00255,9,momentum,0.00098
MED00257,9,momentum,-0.00315
MED00258,9,momentum,0.00384
MED00259,9,momentum,-0.01793
MED00260,9,momentum,-0.05143
MED00261,9,momentum,0.01439
MED00262,9,momentum,-0.01586
MED00263,9,momentum,-0.06427
MED00264,9,momentum,0.00353
MED00265,9,momentum,-0.02397
MED00266,9,momentum,0.01666
MED00267,9,momentum,0.0011
MED00268,9,momentum,-0.00232
MED00269,9,momentum,0.00147
MED00270,9,momentum,-0.05974
MED00271,9,momentum,-0.14218
MED00272,9,momentum,0.00491
MED00273,9,momentum,0.00642
MED00274,9,momentum,0.00751
MED00275,9,momentum,-0.02545
MED00276,9,momentum,-0.00034
MED00277,9,momentum,0.00721
MED00278,9,momentum,-0.01558
MED00279,9,momentum,0.01329
MED00280,9,momentum,-0.03305
MED00281,9,momentum,-0.0016
MED00282,9,momentum,0.0077
MED00283,9,momentum,0.02547
MED00284,9,momentum,-0.00897
MED00285,9,momentum,-0.00516
MED00286,9,momentum,-0.00469
MED00287,9,momentum,-0.0049
MED00288,9,momentum,0.01276
MED00289,9,momentum,-0.07206
MED00290,9,momentum,0.00227
MED00291,9,momentum,0.03587
MED00292,9,momentum,0.01332
MED00293,9,momentum,-0.01359
MED00294,9,momentum,0.01681
MED00295,9,momentum,0.01379
MED00296,9,momentum,0.00788
MED00297,9,momentum,0.00227
MED00298,9,momentum,-0.02157
MED00299,9,momentum,0.01316
MED00300,9,momentum,0.00618
MED00301,9,momentum,-0.00154
MED00302,9,momentum,0.02352
MED00303,9,momentum,0.02525
MED00304,9,momentum,0.00714
MED00305,9,momentum,0.01319
MED00306,9,momentum,0.00723
MED00308,9,momentum,-0.01006
MED00309,9,momentum,0.01242
MED00310,9,momentum,0.00772
MED00311,9,momentum,-0.00281
MED00312,9,momentum,0.0067
MED00313,9,momentum,-0.08142
MED00314,9,momentum,0.03323
MED00315,9,momentum,-0.01546
MED00316,9,momentum,-0.00323
MED00317,9,momentum,0.01355
MED00318,9,momentum,0.00162
MED00319,9,momentum,-0.0012
MED00320,9,momentum,0.03435
MED00321,9,momentum,-0.10083
MED00322,9,momentum,0.00615
MED00323,9,momentum,0.00505
MED00324,9,momentum,-0.02344
MED00325,9,momentum,0.0005
MED00326,9,momentum,-0.00019
MED00327,9,momentum,-0.00444
MED00328,9,momentum,-0.01556
MED00329,9,momentum,-0.00074
MED00330,9,momentum,0.00726
MED00331,9,momentum,-0.05585
MED00332,9,momentum,-0.00719
MED00333,9,momentum,-0.05192
MED00334,9,momentum,0.01687
MED00335,9,momentum,-0.00269
MED00336,9,momentum,0.00995
MED00337,9,momentum,-0.00661
MED00338,9,momentum,0.03408
MED00339,9,momentum,0.00351
MED00340,9,momentum,0.01661
MED00341,9,momentum,-0.00296
MED00342,9,momentum,0.00874
MED00343,9,momentum,-0.00398
MED00344,9,momentum,-0.01069
MED00345,9,momentum,0.00621
MED00346,9,momentum,0.00899
MED00347,9,momentum,-0.00327
MED00348,9,momentum,0.00084
MED00349,9,momentum,0.00163
MED00350,9,momentum,-0.13337
MED00351,9,momentum,0.02287
MED00352,9,momentum,0.00968
MED00353,9,momentum,0.03434
MED00354,9,momentum,0.03284
MED00355,9,momentum,0.00483
MED00356,9,momentum,-0.04907
MED00357,9,momentum,-0.02404
MED00358,9,momentum,0.01143
MED00359,9,momentum,0.01523
MED00360,9,momentum,-0.06082
MED00361,9,momentum,-0.05288
MED00362,9,momentum,-0.02103
MED00363,9,momentum,0.00088
MED00364,9,momentum,-0.0037
MED00365,9,momentum,0.00098
MED00366,9,momentum,-0.01765
MED00367,9,momentum,0.00948
MED00368,9,momentum,-0.06764
MED00369,9,momentum,-0.00655
MED00370,9,momentum,0.0227
MED00371,9,momentum,0.02519
MED00372,9,momentum,0.01295
MED00373,9,momentum,0.00646
MED00374,9,momentum,-0.06269
MED00375,9,momentum,-0.00528
MED00376,9,momentum,0.0128
MED00377,9,momentum,0.02493
MED00378,9,momentum,-0.00019
MED00379,9,momentum,-0.10557
MED00380,9,momentum,0.02532
MED00381,9,momentum,-0.00532
MED00382,9,momentum,0.01157
MED00383,9,momentum,-0.0021
MED00384,9,momentum,-0.01665
MED00385,9,momentum,0.00135
MED00386,9,momentum,-0.00072
MED00387,9,momentum,-0.00014
MED00388,9,momentum,0.01758
MED00389,9,momentum,0.00423
MED00390,9,momentum,0.00247
MED00391,9,momentum,0.00237
MED00392,9,momentum,0.00188
MED00393,9,momentum,0.00827
MED00394,9,momentum,0.00097
MED00395,9,momentum,0.00223
MED00396,9,momentum,0.00587
MED00397,9,momentum,0.0016
MED00398,9,momentum,-0.00086
MED00399,9,momentum,-0.00036
MED00400,9,momentum,0.00229
MED00401,9,momentum,-0.01792
MED00402,9,momentum,-0.00567
MED00403,9,momentum,0.02394
MED00404,9,momentum,0.00252
MED00405,9,momentum,0.00207
MED00406,9,momentum,0.00359
MED00407,9,momentum,-0.00292
MED00408,9,momentum,-0.00511
MED00409,9,momentum,0.0107
MED00410,9,momentum,-0.00306
MED00411,9,momentum,0.00186
MED00412,9,momentum,-0.00417
MED00413,9,momentum,0.01149
MED00414,9,momentum,-0.00766
MED00415,9,momentum,-0.01538
MED00416,9,momentum,0.00019
MED00417,9,momentum,-0.00066
MED00418,9,momentum,-0.00746
MED00419,9,momentum,0.00345
MED00420,9,momentum,-0.02369
MED00421,9,momentum,-0.00548
MED00422,9,momentum,0.00156
MED00423,9,momentum,0.00083
MED00424,9,momentum,0.00127
MED00002,10,momentum,-0.00025
MED00003,10,momentum,0.00632
MED00004,10,momentum,0.02426
MED00005,10,momentum,0.00352
MED00006,10,momentum,0.00572
MED00007,10,momentum,-0.00212
MED00008,10,momentum,-0.02604
MED00009,10,momentum,-0.00671
MED00010,10,momentum,0.03023
MED00011,10,momentum,0.01618
MED00012,10,momentum,0.00694
MED00013,10,momentum,-0.04841
MED00014,10,momentum,0.00209
MED00015,10,momentum,-0.04082
MED00016,10,momentum,-0.07142
MED00017,10,momentum,0.00181
MED00018,10,momentum,0.00507
MED00019,10,momentum,-0.00507
MED00020,10,momentum,-0.05366
MED00021,10,momentum,0.01191
MED00022,10,momentum,-0.06631
MED00023,10,momentum,0.01107
MED00024,10,momentum,0.00364
MED00025,10,momentum,0.00295
MED00026,10,momentum,0.01684
MED00027,10,momentum,0.01794
MED00028,10,momentum,-0.01481
MED00029,10,momentum,0.00064
MED00030,10,momentum,-0.00354
MED00031,10,momentum,-0.02302
MED00032,10,momentum,-0.05521
MED00033,10,momentum,0.03231
MED00034,10,momentum,0.00871
MED00035,10,momentum,-0.04668
MED00036,10,momentum,0.02413
MED00037,10,momentum,-0.03183
MED00038,10,momentum,-0.00104
MED00039,10,momentum,0.02488
MED00040,10,momentum,-0.05435
MED00041,10,momentum,-0.00367
MED00042,10,momentum,0.01309
MED00043,10,momentum,0.01169
MED00044,10,momentum,0.00014
MED00045,10,momentum,0.01389
MED00046,10,momentum,0.01882
MED00047,10,momentum,-0.00284
MED00048,10,momentum,-0.00368
MED00049,10,momentum,0.00483
MED00050,10,momentum,0.02538
MED00051,10,momentum,-0.00285
MED00052,10,momentum,-0.00207
MED00053,10,momentum,-0.02427
MED00054,10,momentum,-0.07597
MED00055,10,momentum,-0.0005
MED00056,10,momentum,-0.02328
MED00057,10,momentum,0.01206
MED00058,10,momentum,0.00944
MED00059,10,momentum,-0.00628
MED00060,10,momentum,0.00199
MED00061,10,momentum,-0.00065
MED00062,10,momentum,-0.00106
MED00063,10,momentum,0.00296
MED00064,10,momentum,0.01924
MED00065,10,momentum,-0.0019
MED00066,10,momentum,-0.03276
MED00067,10,momentum,-0.06406
MED00068,10,momentum,-0.01296
MED00069,10,momentum,0.00965
MED00070,10,momentum,-0.00304
MED00071,10,momentum,-0.00845
MED00072,10,momentum,-0.02054
MED00073,10,momentum,0.00136
MED00074,10,momentum,-0.00209
MED00075,10,momentum,-0.02747
MED00076,10,momentum,-0.01851
MED00077,10,momentum,-0.00209
MED00078,10,momentum,0.02041
MED00079,10,momentum,0.03291
MED00080,10,momentum,-0.01786
MED00081,10,momentum,0.0092
MED00082,10,momentum,0.01022
MED00083,10,momentum,-0.00123
MED00084,10,momentum,0.02489
MED00085,10,momentum,-0.02333
MED00086,10,momentum,0.01444
MED00087,10,momentum,0.01477
MED00088,10,momentum,0.01132
MED00089,10,momentum,0.01892
MED00090,10,momentum,0.00531
MED00091,10,momentum,0.00405
MED00092,10,momentum,-0.05407
MED00093,10,momentum,-0.05008
MED00094,10,momentum,-0.01831
MED00095,10,momentum,-0.01481
MED00096,10,momentum,-0.00208
MED00097,10,momentum,0.02483
MED00098,10,momentum,0.00691
MED00099,10,momentum,0.01709
MED00100,10,momentum,0.00427
MED00101,10,momentum,-0.05476
MED00102,10,momentum,-0.06366
MED00103,10,momentum,0.01121
MED00104,10,momentum,-0.0072
MED00105,10,momentum,0.0028
MED00106,10,momentum,0.00377
MED00107,10,momentum,-0.00051
MED00108,10,momentum,-0.00603
MED00109,10,momentum,0.01387
MED00110,10,momentum,0.01592
MED00111,10,momentum,0.00575
MED00112,10,momentum,0.00339
MED00113,10,momentum,-0.04115
MED00114,10,momentum,0.00919
MED00115,10,momentum,0.00868
MED00116,10,momentum,0.02212
MED00117,10,momentum,0.02173
MED00118,10,momentum,-0.02492
MED00119,10,momentum,0.00325
MED00120,10,momentum,0.02194
MED00121,10,momentum,-0.00101
MED00122,10,momentum,-0.01711
MED00123,10,momentum,0.01287
MED00124,10,momentum,-0.00094
MED00125,10,momentum,0.01141
MED00126,10,momentum,0.02852
MED00127,10,momentum,0.00115
MED00128,10,momentum,0.00121
MED00129,10,momentum,0.00244
MED00130,10,momentum,0.00345
MED00131,10,momentum,0.003
MED00132,10,momentum,0.00438
MED00133,10,momentum,0.00145
MED00134,10,momentum,0.02583
MED00135,10,momentum,0.02141
MED00136,10,momentum,-0.00414
MED00137,10,momentum,-0.0009
MED00138,10,momentum,-0.00435
MED00139,10,momentum,0.02633
MED00140,10,momentum,-0.00216
MED00141,10,momentum,0.00885
MED00142,10,momentum,0.01481
MED00143,10,momentum,0.00225
MED00144,10,momentum,0.01438
MED00145,10,momentum,-0.05066
MED00146,10,momentum,-0.09203
MED00147,10,momentum,0.00607
MED00148,10,momentum,0.00088
MED00149,10,momentum,0.00022
MED00150,10,momentum,0.01466
MED00151,10,momentum,0.00179
MED00152,10,momentum,0.00167
MED00153,10,momentum,0.00862
MED00154,10,momentum,-0.02448
MED00155,10,momentum,-0.00476
MED00156,10,momentum,-0.03479
MED00157,10,momentum,-0.02468
MED00158,10,momentum,0.0237
MED00159,10,momentum,0.00407
MED00160,10,momentum,0.00039
MED00161,10,momentum,0.0098
MED00162,10,momentum,0.01253
MED00163,10,momentum,0.00966
MED00164,10,momentum,0.00729
MED00165,10,momentum,0.00226
MED00166,10,momentum,0.01118
MED00167,10,momentum,-0.03812
MED00168,10,momentum,0.01539
MED00169,10,momentum,-0.00602
MED00170,10,momentum,-0.04649
MED00171,10,momentum,0.00091
MED00172,10,momentum,-0.04127
MED00173,10,momentum,0.0174
MED00174,10,momentum,-0.00181
MED00175,10,momentum,0.02254
MED00176,10,momentum,-0.00646
MED00177,10,momentum,0.00961
MED00178,10,momentum,-0.04721
MED00179,10,momentum,0.01619
MED00180,10,momentum,0.00444
MED00181,10,momentum,0.01651
MED00182,10,momentum,0.01838
MED00183,10,momentum,0.02115
MED00184,10,momentum,0.01093
MED00185,10,momentum,-0.0056
MED00186,10,momentum,0.00926
MED00187,10,momentum,0.00538
MED00188,10,momentum,-0.05425
MED00189,10,momentum,0.0055
MED00190,10,momentum,0.01284
MED00191,10,momentum,-0.00274
MED00192,10,momentum,0.00841
MED00193,10,momentum,0.00215
MED00194,10,momentum,-0.02922
MED00195,10,momentum,-0.01598
MED00196,10,momentum,0.00492
MED00197,10,momentum,-0.03586
MED00198,10,momentum,0.00041
MED00199,10,momentum,0.00503
MED00200,10,momentum,0.01253
MED00201,10,momentum,0.00053
MED00202,10,momentum,0.01323
MED00203,10,momentum,-0.03194
MED00204,10,momentum,0.00066
MED00205,10,momentum,-0.00254
MED00206,10,momentum,-0.12225
MED00207,10,momentum,0.00293
MED00208,10,momentum,0.00251
MED00209,10,momentum,-0.06491
MED00210,10,momentum,0.00371
MED00211,10,momentum,0.01157
MED00212,10,momentum,-0.00311
MED00213,10,momentum,0.04183
MED00214,10,momentum,-0.0137
MED00215,10,momentum,0.01145
MED00216,10,momentum,-0.01059
MED00217,10,momentum,-0.03915
MED00218,10,momentum,-0.00026
MED00219,10,momentum,-0.01084
MED00220,10,momentum,0.01174
MED00221,10,momentum,0.01572
MED00222,10,momentum,0.02339
MED00223,10,momentum,0.02976
MED00224,10,momentum,0.00616
MED00225,10,momentum,-0.01146
MED00226,10,momentum,0.02054
MED00227,10,momentum,-0.0397
MED00228,10,momentum,-0.06582
MED00229,10,momentum,0.0263
MED00230,10,momentum,0.00098
MED00231,10,momentum,-0.01198
MED00232,10,momentum,0.02767
MED00233,10,momentum,-0.00151
MED00234,10,momentum,-0.01377
MED00235,10,momentum,0.00294
MED00236,10,momentum,0.02066
MED00237,10,momentum,-0.01139
MED00238,10,momentum,0.00072
MED00239,10,momentum,-0.00039
MED00241,10,momentum,0.00843
MED00242,10,momentum,-0.00373
MED00243,10,momentum,-0.02505
MED00244,10,momentum,0.01767
MED00245,10,momentum,-0.01131
MED00246,10,momentum,-0.0123
MED00247,10,momentum,-0.00563
MED00248,10,momentum,-0.01858
MED00249,10,momentum,0.01482
MED00250,10,momentum,-0.00248
MED00251,10,momentum,0.00167
MED00252,10,momentum,-0.04331
MED00253,10,momentum,0.00902
MED00254,10,momentum,-0.09801
MED00255,10,momentum,0.00258
MED00256,10,momentum,-0.00042
MED00257,10,momentum,-0.00449
MED00258,10,momentum,0.0039
MED00259,10,momentum,-0.0186
MED00260,10,momentum,-0.0551
MED00261,10,momentum,0.015
MED00262,10,momentum,-0.01827
MED00263,10,momentum,-0.06452
MED00264,10,momentum,0.00153
MED00265,10,momentum,-0.0241
MED00266,10,momentum,0.01755
MED00267,10,momentum,0.00136
MED00268,10,momentum,-0.00327
MED00269,10,momentum,0.00184
MED00270,10,momentum,-0.05981
MED00271,10,momentum,-0.14784
MED00272,10,momentum,0.00375
MED00273,10,momentum,0.00713
MED00274,10,momentum,0.0074
MED00275,10,momentum,-0.02693
MED00276,10,momentum,-0.0005
MED00277,10,momentum,0.00602
MED00278,10,momentum,-0.0158
MED00279,10,momentum,0.01429
MED00280,10,momentum,-0.03575
MED00281,10,momentum,-0.00245
MED00282,10,momentum,0.00677
MED00283,10,momentum,0.02441
MED00284,10,momentum,-0.00992
MED00285,10,momentum,-0.00434
MED00286,10,momentum,-0.00632
MED00287,10,momentum,-0.00585
MED00288,10,momentum,0.01284
MED00289,10,momentum,-0.06821
MED00290,10,momentum,0.00251
MED00291,10,momentum,0.03605
MED00292,10,momentum,0.01319
MED00293,10,momentum,-0.01547
MED00294,10,momentum,0.0155
MED00295,10,momentum,0.01891
MED00296,10,momentum,0.00827
MED00297,10,momentum,0.00245
MED00298,10,momentum,-0.02218
MED00299,10,momentum,0.02349
MED00300,10,momentum,0.00633
MED00301,10,momentum,-0.00183
MED00302,10,momentum,0.02353
MED00303,10,momentum,0.01923
MED00304,10,momentum,0.0062
MED00305,10,momentum,0.01315
MED00306,10,momentum,0.01322
MED00307,10,momentum,0.00019
MED00308,10,momentum,-0.0151
MED00309,10,momentum,0.01154
MED00310,10,momentum,0.00773
MED00311,10,momentum,-0.00094
MED00312,10,momentum,0.0038
MED00313,10,momentum,-0.08488
MED00314,10,momentum,0.03205
MED00315,10,momentum,-0.01636
MED00316,10,momentum,-0.00304
MED00317,10,momentum,0.01324
MED00318,10,momentum,0.00027
MED00319,10,momentum,-0.00179
MED00320,10,momentum,0.0343
MED00321,10,momentum,-0.10953
MED00322,10,momentum,0.00522
MED00323,10,momentum,0.00492
MED00324,10,momentum,-0.02463
MED00325,10,momentum,0.00139
MED00326,10,momentum,-0.00065
MED00327,10,momentum,-0.00328
MED00328,10,momentum,-0.01691
MED00329,10,momentum,-0.00128
MED00330,10,momentum,0.00836
MED00331,10,momentum,-0.05566
MED00332,10,momentum,-0.00719
MED00333,10,momentum,-0.05211
MED00334,10,momentum,0.01814
MED00335,10,momentum,-0.00266
MED00336,10,momentum,0.01089
MED00337,10,momentum,-0.00636
MED00338,10,momentum,0.03371
MED00339,10,momentum,0.00491
MED00340,10,momentum,0.01693
MED00341,10,momentum,-0.00254
MED00342,10,momentum,0.00843
MED00343,10,momentum,-0.00464
MED00344,10,momentum,-0.01136
MED00345,10,momentum,0.00464
MED00346,10,momentum,0.0091
MED00347,10,momentum,-0.00092
MED00348,10,momentum,0.00152
MED00349,10,momentum,0.00146
MED00350,10,momentum,-0.14114
MED00351,10,momentum,0.02594
MED00352,10,momentum,0.01354
MED00353,10,momentum,0.03746
MED00354,10,momentum,0.02672
MED00355,10,momentum,0.00587
MED00356,10,momentum,-0.0499
MED00357,10,momentum,-0.02868
MED00358,10,momentum,0.01159
MED00359,10,momentum,0.01506
MED00360,10,momentum,-0.06281
MED00361,10,momentum,-0.05351
MED00362,10,momentum,-0.0218
MED00363,10,momentum,0.00076
MED00364,10,momentum,-0.00206
MED00365,10,momentum,0.00157
MED00366,10,momentum,-0.01863
MED00367,10,momentum,0.00967
MED00368,10,momentum,-0.06786
MED00369,10,momentum,-0.00803
MED00370,10,momentum,0.01682
MED00371,10,momentum,0.02466
MED00372,10,momentum,0.01157
MED00373,10,momentum,0.00503
MED00374,10,momentum,-0.06329
MED00375,10,momentum,-0.00517
MED00376,10,momentum,0.01235
MED00377,10,momentum,0.03031
MED00378,10,momentum,-0.00035
MED00379,10,momentum,-0.11516
MED00380,10,momentum,0.0282
MED00381,10,momentum,-0.00327
MED00382,10,momentum,0.01181
MED00383,10,momentum,-0.00198
MED00384,10,momentum,-0.01676
MED00385,10,momentum,0.0021
MED00386,10,momentum,-0.00123
MED00387,10,momentum,-0.00087
MED00388,10,momentum,0.01774
MED00389,10,momentum,0.00396
MED00390,10,momentum,0.00406
MED00391,10,momentum,0.00262
MED00392,10,momentum,0.00202
MED00393,10,momentum,0.00822
MED00394,10,momentum,0.00096
MED00395,10,momentum,0.00283
MED00396,10,momentum,0.00671
MED00397,10,momentum,0.00192
MED00398,10,momentum,0.00151
MED00399,10,momentum,0.00142
MED00400,10,momentum,0.00305
MED00401,10,momentum,-0.01869
MED00402,10,momentum,-0.00591
MED00403,10,momentum,0.02438
MED00404,10,momentum,0.00224
MED00405,10,momentum,0.00152
MED00406,10,momentum,0.00368
MED00407,10,momentum,-0.00303
MED00408,10,momentum,-0.00566
MED00409,10,momentum,0.00894
MED00410,10,momentum,-0.00301
MED00411,10,momentum,0.00223
MED00412,10,momentum,-0.00542
MED00413,10,momentum,0.01314
MED00414,10,momentum,-0.00848
MED00415,10,momentum,-0.01693
MED00416,10,momentum,0.00011
MED00417,10,momentum,-0.00071
MED00418,10,momentum,-0.00839
MED00419,10,momentum,0.00361
MED00420,10,momentum,-0.02484
MED00421,10,momentum,-0.00673
MED00422,10,momentum,0.00209
MED00423,10,momentum,0.00017
MED00424,10,momentum,0.00302
MED00001,11,momentum,0.00017
MED00002,11,momentum,-0.00225
MED00003,11,momentum,0.00564
MED00004,11,momentum,0.02122
MED00005,11,momentum,0.00132
MED00006,11,momentum,0.00573
MED00007,11,momentum,-0.00205
MED00008,11,momentum,-0.02783
MED00009,11,momentum,-0.00653
MED00010,11,momentum,0.02882
MED00011,11,momentum,0.01717
MED00012,11,momentum,0.00634
MED00013,11,momentum,-0.05235
MED00014,11,momentum,0.00201
MED00015,11,momentum,-0.0408
MED00016,11,momentum,-0.07115
MED00017,11,momentum,0.00177
MED00018,11,momentum,0.00496
MED00019,11,momentum,-0.00492
MED00020,11,momentum,-0.05443
MED00021,11,momentum,0.01077
MED00022,11,momentum,-0.06586
MED00023,11,momentum,0.01684
MED00024,11,momentum,0.00293
MED00025,11,momentum,0.00266
MED00026,11,momentum,0.01531
MED00027,11,momentum,0.01667
MED00028,11,momentum,-0.01756
MED00029,11,momentum,-0.00173
MED00030,11,momentum,-0.00602
MED00031,11,momentum,-0.0255
MED00032,11,momentum,-0.05243
MED00033,11,momentum,0.03622
MED00034,11,momentum,0.0089
MED00035,11,momentum,-0.04894
MED00036,11,momentum,0.02342
MED00037,11,momentum,-0.03168
MED00038,11,momentum,-0.00151
MED00039,11,momentum,0.03248
MED00040,11,momentum,-0.05622
MED00041,11,momentum,-0.00067
MED00042,11,momentum,0.01336
MED00043,11,momentum,0.01098
MED00044,11,momentum,0.00049
MED00045,11,momentum,0.01406
MED00046,11,momentum,0.02081
MED00047,11,momentum,-0.00181
MED00048,11,momentum,-0.00347
MED00049,11,momentum,0.00539
MED00050,11,momentum,0.02542
MED00051,11,momentum,-0.00089
MED00052,11,momentum,-0.00243
MED00053,11,momentum,-0.02555
MED00054,11,momentum,-0.07744
MED00055,11,momentum,-0.00031
MED00056,11,momentum,-0.02321
MED00057,11,momentum,0.01191
MED00058,11,momentum,0.0096
MED00059,11,momentum,-0.00611
MED00060,11,momentum,0.00172
MED00061,11,momentum,-0.00024
MED00062,11,momentum,-0.00109
MED00063,11,momentum,0.00574
MED00064,11,momentum,0.01828
MED00065,11,momentum,-0.00151
MED00066,11,momentum,-0.03329
MED00067,11,momentum,-0.06329
MED00068,11,momentum,-0.01333
MED00069,11,momentum,0.0087
MED00070,11,momentum,-0.00244
MED00071,11,momentum,-0.00797
MED00072,11,momentum,-0.02006
MED00073,11,momentum,0.0018
MED00074,11,momentum,-0.0026
MED00075,11,momentum,-0.02738
MED00076,11,momentum,-0.01816
MED00077,11,momentum,-0.00173
MED00078,11,momentum,0.02819
MED00079,11,momentum,0.03269
MED00080,11,momentum,-0.01724
MED00081,11,momentum,0.00865
MED00082,11,momentum,0.00908
MED00083,11,momentum,-0.00176
MED00084,11,momentum,0.03116
MED00085,11,momentum,-0.02317
MED00086,11,momentum,0.02536
MED00087,11,momentum,0.01496
MED00088,11,momentum,0.02148
MED00089,11,momentum,0.01887
MED00090,11,momentum,0.00379
MED00091,11,momentum,0.00437
MED00092,11,momentum,-0.05442
MED00093,11,momentum,-0.05287
MED00094,11,momentum,-0.01543
MED00095,11,momentum,-0.01443
MED00096,11,momentum,-0.00181
MED00097,11,momentum,0.02905
MED00098,11,momentum,0.00663
MED00099,11,momentum,0.01861
MED00100,11,momentum,0.00584
MED00101,11,momentum,-0.05463
MED00102,11,momentum,-0.0629
MED00103,11,momentum,0.01122
MED00104,11,momentum,-0.0071
MED00105,11,momentum,0.003
MED00106,11,momentum,0.00817
MED00107,11,momentum,-0.00015
MED00108,11,momentum,-0.006
MED00109,11,momentum,0.01939
MED00110,11,momentum,0.02032
MED00111,11,momentum,0.00843
MED00112,11,momentum,0.0034
MED00113,11,momentum,-0.04093
MED00114,11,momentum,0.0092
MED00115,11,momentum,0.00868
MED00116,11,momentum,0.01856
MED00117,11,momentum,0.02139
MED00118,11,momentum,-0.02441
MED00119,11,momentum,0.00323
MED00120,11,momentum,0.02404
MED00121,11,momentum,-0.00121
MED00122,11,momentum,-0.01692
MED00123,11,momentum,0.01294
MED00124,11,momentum,-0.001
MED00125,11,momentum,0.01073
MED00126,11,momentum,0.02602
MED00127,11,momentum,0.00119
MED00128,11,momentum,0.00117
MED00129,11,momentum,0.00265
MED00130,11,momentum,0.00538
MED00131,11,momentum,0.00329
MED00132,11,momentum,0.00754
MED00134,11,momentum,0.02339
MED00135,11,momentum,0.02125
MED00136,11,momentum,-0.00617
MED00137,11,momentum,-0.00178
MED00138,11,momentum,-0.00426
MED00139,11,momentum,0.02647
MED00140,11,momentum,-0.00194
MED00141,11,momentum,0.00771
MED00142,11,momentum,0.02399
MED00143,11,momentum,0.00221
MED00144,11,momentum,0.01414
MED00145,11,momentum,-0.05041
MED00146,11,momentum,-0.08868
MED00147,11,momentum,0.00604
MED00148,11,momentum,0.00074
MED00149,11,momentum,0.00037
MED00150,11,momentum,0.02353
MED00151,11,momentum,0.00198
MED00152,11,momentum,0.00159
MED00153,11,momentum,0.0085
MED00154,11,momentum,-0.02406
MED00155,11,momentum,-0.00475
MED00156,11,momentum,-0.03449
MED00157,11,momentum,-0.02516
MED00158,11,momentum,0.02244
MED00159,11,momentum,0.00624
MED00161,11,momentum,0.00953
MED00162,11,momentum,0.01261
MED00163,11,momentum,0.01019
MED00164,11,momentum,0.00632
MED00165,11,momentum,-0.00155
MED00166,11,momentum,0.01121
MED00167,11,momentum,-0.03761
MED00168,11,momentum,0.01546
MED00169,11,momentum,-0.00646
MED00170,11,momentum,-0.04592
MED00171,11,momentum,0.00086
MED00172,11,momentum,-0.04217
MED00173,11,momentum,0.01751
MED00174,11,momentum,-0.00185
MED00175,11,momentum,0.0277
MED00176,11,momentum,-0.00778
MED00177,11,momentum,0.01037
MED00178,11,momentum,-0.0384
MED00179,11,momentum,0.01478
MED00180,11,momentum,0.00443
MED00181,11,momentum,0.01642
MED00182,11,momentum,0.01428
MED00183,11,momentum,0.02249
MED00184,11,momentum,0.01091
MED00185,11,momentum,-0.00517
MED00186,11,momentum,0.00921
MED00187,11,momentum,0.01306
MED00188,11,momentum,-0.05437
MED00189,11,momentum,0.00484
MED00190,11,momentum,0.01274
MED00191,11,momentum,-0.00262
MED00192,11,momentum,0.00785
MED00193,11,momentum,0.00266
MED00194,11,momentum,-0.0303
MED00195,11,momentum,-0.01894
MED00196,11,momentum,0.00095
MED00197,11,momentum,-0.03768
MED00198,11,momentum,0.00029
MED00199,11,momentum,0.00328
MED00200,11,momentum,0.01273
MED00201,11,momentum,0.00037
MED00202,11,momentum,0.01331
MED00203,11,momentum,-0.03245
MED00205,11,momentum,-0.00243
MED00206,11,momentum,-0.12413
MED00207,11,momentum,0.00286
MED00208,11,momentum,0.0027
MED00209,11,momentum,-0.0585
MED00210,11,momentum,0.00383
MED00211,11,momentum,0.01158
MED00212,11,momentum,-0.00305
MED00213,11,momentum,0.03925
MED00214,11,momentum,-0.01311
MED00215,11,momentum,0.01117
MED00216,11,momentum,-0.0078
MED00217,11,momentum,-0.03917
MED00218,11,momentum,-0.00033
MED00219,11,momentum,-0.01301
MED00220,11,momentum,0.01179
MED00221,11,momentum,0.01481
MED00222,11,momentum,0.02612
MED00223,11,momentum,0.03215
MED00224,11,momentum,0.00625
MED00225,11,momentum,-0.01117
MED00226,11,momentum,0.0227
MED00227,11,momentum,-0.03938
MED00228,11,momentum,-0.06602
MED00229,11,momentum,0.02109
MED00230,11,momentum,0.00119
MED00231,11,momentum,-0.01219
MED00232,11,momentum,0.02781
MED00233,11,momentum,-0.00227
MED00234,11,momentum,-0.01377
MED00235,11,momentum,0.00314
MED00236,11,momentum,0.01901
MED00237,11,momentum,-0.01366
MED00238,11,momentum,0.00063
MED00239,11,momentum,-0.00042
MED00240,11,momentum,0.00047
MED00241,11,momentum,0.00804
MED00242,11,momentum,-0.00576
MED00243,11,momentum,-0.02604
MED00244,11,momentum,0.01766
MED00245,11,momentum,-0.01101
MED00246,11,momentum,-0.01208
MED00247,11,momentum,-0.00551
MED00248,11,momentum,-0.01827
MED00249,11,momentum,0.01481
MED00250,11,momentum,-0.00307
MED00251,11,momentum,0.0015
MED00252,11,momentum,-0.04614
MED00253,11,momentum,0.00845
MED00254,11,momentum,-0.10089
MED00255,11,momentum,0.00196
MED00256,11,momentum,-0.00013
MED00257,11,momentum,-0.00387
MED00258,11,momentum,0.00389
MED00259,11,momentum,-0.01849
MED00260,11,momentum,-0.05648
MED00261,11,momentum,0.01271
MED00262,11,momentum,-0.01761
MED00263,11,momentum,-0.0641
MED00264,11,momentum,0.00585
MED00265,11,momentum,-0.02404
MED00266,11,momentum,0.01868
MED00267,11,momentum,0.00132
MED00268,11,momentum,-0.00311
MED00269,11,momentum,0.00161
MED00270,11,momentum,-0.05872
MED00271,11,momentum,-0.15208
MED00272,11,momentum,0.00333
MED00273,11,momentum,0.00705
MED00274,11,momentum,0.00777
MED00275,11,momentum,-0.02646
MED00276,11,momentum,-0.00045
MED00277,11,momentum,0.00535
MED00278,11,momentum,-0.015
MED00279,11,momentum,0.01383
MED00280,11,momentum,-0.03539
MED00281,11,momentum,-0.00249
MED00282,11,momentum,0.00626
MED00283,11,momentum,0.02331
MED00284,11,momentum,-0.01051
MED00285,11,momentum,-0.00418
MED00286,11,momentum,-0.00605
MED00287,11,momentum,-0.00553
MED00288,11,momentum,0.01214
MED00289,11,momentum,-0.06869
MED00290,11,momentum,0.00243
MED00291,11,momentum,0.03604
MED00292,11,momentum,0.01315
MED00293,11,momentum,-0.01521
MED00294,11,momentum,0.01693
MED00295,11,momentum,0.01758
MED00296,11,momentum,0.00826
MED00297,11,momentum,0.00251
MED00298,11,momentum,-0.02196
MED00299,11,momentum,0.01871
MED00300,11,momentum,0.00634
MED00301,11,momentum,-0.00171
MED00302,11,momentum,0.02476
MED00303,11,momentum,0.02693
MED00304,11,momentum,0.0077
MED00305,11,momentum,0.01326
MED00306,11,momentum,0.01495
MED00307,11,momentum,0.00018
MED00308,11,momentum,-0.01553
MED00309,11,momentum,0.01326
MED00310,11,momentum,0.00757
MED00311,11,momentum,-0.00318
MED00312,11,momentum,0.00691
MED00313,11,momentum,-0.08203
MED00314,11,momentum,0.03225
MED00315,11,momentum,-0.01609
MED00316,11,momentum,-0.00305
MED00317,11,momentum,0.0133
MED00318,11,momentum,0.00072
MED00319,11,momentum,-0.00165
MED00320,11,momentum,0.03425
MED00321,11,momentum,-0.10596
MED00322,11,momentum,0.00581
MED00323,11,momentum,0.00514
MED00324,11,momentum,-0.02522
MED00325,11,momentum,0.00135
MED00326,11,momentum,-0.00047
MED00327,11,momentum,-0.00332
MED00328,11,momentum,-0.01659
MED00329,11,momentum,-0.00124
MED00330,11,momentum,0.00816
MED00331,11,momentum,-0.05545
MED00332,11,momentum,-0.00668
MED00333,11,momentum,-0.05272
MED00334,11,momentum,0.01753
MED00335,11,momentum,-0.00298
MED00336,11,momentum,0.01054
MED00337,11,momentum,-0.00691
MED00338,11,momentum,0.03442
MED00339,11,momentum,0.00399
MED00340,11,momentum,0.01785
MED00341,11,momentum,-0.00234
MED00342,11,momentum,0.00844
MED00343,11,momentum,-0.0044
MED00344,11,momentum,-0.01118
MED00345,11,momentum,0.00518
MED00346,11,momentum,0.0089
MED00347,11,momentum,0.00065
MED00348,11,momentum,0.00154
MED00349,11,momentum,0.00137
MED00350,11,momentum,-0.1447
MED00351,11,momentum,0.02348
MED00352,11,momentum,0.00975
MED00353,11,momentum,0.03505
MED00354,11,momentum,0.03112
MED00355,11,momentum,0.00444
MED00356,11,momentum,-0.04905
MED00357,11,momentum,-0.02973
MED00358,11,momentum,0.01142
MED00359,11,momentum,0.01511
MED00360,11,momentum,-0.06317
MED00361,11,momentum,-0.05381
MED00362,11,momentum,-0.02161
MED00363,11,momentum,0.0007
MED00364,11,momentum,-0.0005
MED00365,11,momentum,0.00162
MED00366,11,momentum,-0.01797
MED00367,11,momentum,0.00973
MED00368,11,momentum,-0.06725
MED00369,11,momentum,-0.00759
MED00370,11,momentum,0.02445
MED00371,11,momentum,0.02482
MED00372,11,momentum,0.0109
MED00373,11,momentum,0.00423
MED00374,11,momentum,-0.06077
MED00375,11,momentum,-0.00493
MED00376,11,momentum,0.01223
MED00377,11,momentum,0.02862
MED00378,11,momentum,-0.00031
MED00379,11,momentum,-0.11057
MED00380,11,momentum,0.02572
MED00381,11,momentum,-0.00577
MED00382,11,momentum,0.01177
MED00383,11,momentum,-0.00199
MED00384,11,momentum,-0.01614
MED00385,11,momentum,0.00235
MED00386,11,momentum,-0.00104
MED00387,11,momentum,-0.00045
MED00388,11,momentum,0.01741
MED00389,11,momentum,0.0036
MED00390,11,momentum,0.00349
MED00391,11,momentum,0.00273
MED00392,11,momentum,0.00198
MED00393,11,momentum,0.0078
MED00394,11,momentum,0.00098
MED00395,11,momentum,0.00278
MED00396,11,momentum,0.00314
MED00397,11,momentum,0.0019
MED00398,11,momentum,0.00116
MED00399,11,momentum,0.00149
MED00400,11,momentum,0.00302
MED00401,11,momentum,-0.01854
MED00402,11,momentum,-0.00554
MED00403,11,momentum,0.02441
MED00404,11,momentum,0.00351
MED00405,11,momentum,0.00219
MED00406,11,momentum,0.00428
MED00407,11,momentum,-0.00272
MED00408,11,momentum,-0.00525
MED00409,11,momentum,0.01035
MED00410,11,momentum,-0.00337
MED00411,11,momentum,0.00207
MED00412,11,momentum,-0.0052
MED00413,11,momentum,0.01236
MED00414,11,momentum,-0.00829
MED00415,11,momentum,-0.01674
MED00417,11,momentum,-0.00064
MED00418,11,momentum,-0.00792
MED00419,11,momentum,0.00383
MED00420,11,momentum,-0.02435
MED00421,11,momentum,-0.00609
MED00422,11,momentum,0.00196
MED00423,11,momentum,0.00049
MED00424,11,momentum,0.00345
MED00001,12,momentum,0.00027
MED00002,12,momentum,-0.01
MED00003,12,momentum,0.00577
MED00004,12,momentum,0.02383
MED00005,12,momentum,0.00052
MED00006,12,momentum,0.00619
MED00007,12,momentum,-0.00127
MED00008,12,momentum,-0.02858
MED00009,12,momentum,-0.00662
MED00010,12,momentum,0.02587
MED00011,12,momentum,0.01695
MED00012,12,momentum,0.00654
MED00013,12,momentum,-0.05424
MED00014,12,momentum,0.0055
MED00015,12,momentum,-0.0459
MED00016,12,momentum,-0.07281
MED00017,12,momentum,0.00154
MED00018,12,momentum,0.00504
MED00019,12,momentum,-0.00545
MED00020,12,momentum,-0.05471
MED00021,12,momentum,0.01268
MED00022,12,momentum,-0.0756
MED00023,12,momentum,0.01816
MED00024,12,momentum,0.00362
MED00025,12,momentum,-0.00195
MED00026,12,momentum,0.01444
MED00027,12,momentum,0.01209
MED00028,12,momentum,-0.01928
MED00029,12,momentum,-0.00243
MED00030,12,momentum,-0.00698
MED00031,12,momentum,-0.02848
MED00032,12,momentum,-0.05479
MED00033,12,momentum,0.03854
MED00034,12,momentum,0.01081
MED00035,12,momentum,-0.04848
MED00036,12,momentum,0.02336
MED00037,12,momentum,-0.03358
MED00038,12,momentum,-0.00307
MED00039,12,momentum,0.0327
MED00040,12,momentum,-0.06521
MED00041,12,momentum,0.00029
MED00042,12,momentum,0.01282
MED00043,12,momentum,0.0113
MED00044,12,momentum,0.00092
MED00045,12,momentum,0.01481
MED00046,12,momentum,0.02184
MED00047,12,momentum,-0.00267
MED00048,12,momentum,-0.00476
MED00049,12,momentum,0.00605
MED00050,12,momentum,0.02493
MED00051,12,momentum,-0.00044
MED00052,12,momentum,-0.00464
MED00053,12,momentum,-0.02623
MED00054,12,momentum,-0.07691
MED00055,12,momentum,0.00056
MED00056,12,momentum,-0.02408
MED00057,12,momentum,0.01113
MED00058,12,momentum,0.00966
MED00059,12,momentum,-0.00683
MED00060,12,momentum,0.00155
MED00061,12,momentum,-0.00142
MED00062,12,momentum,-0.00237
MED00063,12,momentum,0.00621
MED00064,12,momentum,0.02094
MED00065,12,momentum,0.00162
MED00066,12,momentum,-0.03696
MED00067,12,momentum,-0.06285
MED00068,12,momentum,-0.01697
MED00069,12,momentum,0.01045
MED00070,12,momentum,-0.00462
MED00071,12,momentum,-0.01105
MED00072,12,momentum,-0.02388
MED00073,12,momentum,0.00219
MED00074,12,momentum,-0.00583
MED00075,12,momentum,-0.03001
MED00076,12,momentum,-0.02621
MED00077,12,momentum,-0.00206
MED00078,12,momentum,0.02844
MED00079,12,momentum,0.02747
MED00080,12,momentum,-0.01908
MED00081,12,momentum,0.00883
MED00082,12,momentum,0.01198
MED00083,12,momentum,-0.00148
MED00084,12,momentum,0.02912
MED00085,12,momentum,-0.02453
MED00086,12,momentum,0.02948
MED00087,12,momentum,0.01461
MED00088,12,momentum,0.02107
MED00089,12,momentum,0.01896
MED00090,12,momentum,0.00419
MED00091,12,momentum,0.00429
MED00092,12,momentum,-0.05434
MED00093,12,momentum,-0.05375
MED00094,12,momentum,-0.01847
MED00095,12,momentum,-0.01582
MED00096,12,momentum,-0.00046
MED00097,12,momentum,0.03288
MED00098,12,momentum,0.00628
MED00099,12,momentum,0.01387
MED00100,12,momentum,0.0061
MED00101,12,momentum,-0.06029
MED00102,12,momentum,-0.06749
MED00103,12,momentum,0.01215
MED00104,12,momentum,-0.00777
MED00105,12,momentum,0.00411
MED00106,12,momentum,0.00877
MED00108,12,momentum,-0.00816
MED00109,12,momentum,0.02196
MED00110,12,momentum,0.02299
MED00111,12,momentum,0.01046
MED00112,12,momentum,0.00355
MED00113,12,momentum,-0.04263
MED00114,12,momentum,0.00966
MED00115,12,momentum,0.01073
MED00116,12,momentum,0.02217
MED00117,12,momentum,0.02212
MED00118,12,momentum,-0.02601
MED00119,12,momentum,0.00364
MED00120,12,momentum,0.02402
MED00121,12,momentum,-0.00157
MED00122,12,momentum,-0.01835
MED00123,12,momentum,0.01325
MED00124,12,momentum,-0.00063
MED00125,12,momentum,0.0112
MED00126,12,momentum,0.02871
MED00128,12,momentum,0.00143
MED00129,12,momentum,0.0037
MED00130,12,momentum,0.00608
MED00131,12,momentum,0.00382
MED00132,12,momentum,0.00771
MED00133,12,momentum,-0.00035
MED00134,12,momentum,0.02602
MED00135,12,momentum,0.02097
MED00136,12,momentum,-0.00666
MED00137,12,momentum,-0.00076
MED00138,12,momentum,-0.00614
MED00139,12,momentum,0.02405
MED00140,12,momentum,-0.00278
MED00141,12,momentum,0.00946
MED00142,12,momentum,0.0284
MED00143,12,momentum,0.00203
MED00144,12,momentum,0.01528
MED00145,12,momentum,-0.05142
MED00146,12,momentum,-0.08498
MED00147,12,momentum,0.00664
MED00148,12,momentum,0.00062
MED00149,12,momentum,0.00122
MED00150,12,momentum,0.02415
MED00151,12,momentum,0.00193
MED00152,12,momentum,0.00158
MED00153,12,momentum,0.00915
MED00154,12,momentum,-0.0255
MED00155,12,momentum,-0.00537
MED00156,12,momentum,-0.03352
MED00157,12,momentum,-0.02654
MED00158,12,momentum,0.0178
MED00159,12,momentum,0.00607
MED00160,12,momentum,0.00061
MED00161,12,momentum,0.01096
MED00162,12,momentum,0.01349
MED00163,12,momentum,0.01028
MED00164,12,momentum,0.00828
MED00165,12,momentum,-0.00293
MED00166,12,momentum,0.01205
MED00167,12,momentum,-0.03892
MED00168,12,momentum,0.01616
MED00169,12,momentum,-0.00846
MED00170,12,momentum,-0.04764
MED00171,12,momentum,0.00091
MED00172,12,momentum,-0.04264
MED00173,12,momentum,0.01766
MED00174,12,momentum,-0.00215
MED00175,12,momentum,0.02308
MED00176,12,momentum,-0.00842
MED00177,12,momentum,0.00682
MED00178,12,momentum,-0.04153
MED00179,12,momentum,0.01325
MED00180,12,momentum,0.00425
MED00181,12,momentum,0.01709
MED00182,12,momentum,0.0131
MED00183,12,momentum,0.02857
MED00184,12,momentum,0.01111
MED00185,12,momentum,-0.0058
MED00186,12,momentum,0.01071
MED00187,12,momentum,0.01674
MED00188,12,momentum,-0.05605
MED00189,12,momentum,0.00538
MED00190,12,momentum,0.01333
MED00191,12,momentum,-0.00167
MED00192,12,momentum,0.00779
MED00193,12,momentum,0.00336
MED00194,12,momentum,-0.03235
MED00195,12,momentum,-0.02069
MED00197,12,momentum,-0.03941
MED00198,12,momentum,0.00028
MED00199,12,momentum,0.00271
MED00200,12,momentum,0.01322
MED00201,12,momentum,0.00073
MED00202,12,momentum,0.01251
MED00203,12,momentum,-0.03601
MED00204,12,momentum,0.00161
MED00205,12,momentum,-0.00132
MED00206,12,momentum,-0.1103
MED00207,12,momentum,0.00316
MED00208,12,momentum,0.00418
MED00209,12,momentum,-0.05957
MED00210,12,momentum,0.00559
MED00211,12,momentum,0.0129
MED00212,12,momentum,-0.00384
MED00213,12,momentum,0.04223
MED00214,12,momentum,-0.01359
MED00215,12,momentum,0.0121
MED00216,12,momentum,-0.0073
MED00217,12,momentum,-0.04495
MED00218,12,momentum,0.00017
MED00219,12,momentum,-0.0174
MED00220,12,momentum,0.01132
MED00221,12,momentum,0.01669
MED00222,12,momentum,0.02977
MED00223,12,momentum,0.03254
MED00224,12,momentum,0.00735
MED00225,12,momentum,-0.01249
MED00226,12,momentum,0.0237
MED00227,12,momentum,-0.04052
MED00228,12,momentum,-0.06046
MED00229,12,momentum,0.02423
MED00230,12,momentum,-0.0002
MED00231,12,momentum,-0.01366
MED00232,12,momentum,0.02545
MED00233,12,momentum,-0.00223
MED00234,12,momentum,-0.01673
MED00235,12,momentum,0.00343
MED00236,12,momentum,0.02065
MED00237,12,momentum,-0.01687
MED00238,12,momentum,0.00066
MED00239,12,momentum,-0.00046
MED00240,12,momentum,0.00099
MED00241,12,momentum,0.00843
MED00242,12,momentum,-0.00683
MED00243,12,momentum,-0.02927
MED00244,12,momentum,0.01796
MED00245,12,momentum,-0.01103
MED00246,12,momentum,-0.01361
MED00247,12,momentum,-0.00688
MED00248,12,momentum,-0.01818
MED00249,12,momentum,0.01553
MED00250,12,momentum,-0.00329
MED00251,12,momentum,0.00151
MED00252,12,momentum,-0.07354
MED00253,12,momentum,0.00921
MED00254,12,momentum,-0.1091
MED00255,12,momentum,0.00154
MED00256,12,momentum,0.00067
MED00257,12,momentum,-0.00694
MED00258,12,momentum,0.00535
MED00259,12,momentum,-0.01963
MED00260,12,momentum,-0.05654
MED00261,12,momentum,0.01061
MED00262,12,momentum,-0.02139
MED00263,12,momentum,-0.06516
MED00264,12,momentum,0.0085
MED00265,12,momentum,-0.0253
MED00266,12,momentum,0.02012
MED00267,12,momentum,0.00171
MED00268,12,momentum,-0.0041
MED00269,12,momentum,0.00208
MED00270,12,momentum,-0.06041
MED00271,12,momentum,-0.14968
MED00272,12,momentum,0.00248
MED00273,12,momentum,0.00749
MED00274,12,momentum,0.00808
MED00275,12,momentum,-0.02608
MED00276,12,momentum,-0.00046
MED00277,12,momentum,0.00557
MED00278,12,momentum,-0.01596
MED00279,12,momentum,0.01371
MED00280,12,momentum,-0.03889
MED00281,12,momentum,-0.00279
MED00282,12,momentum,0.00637
MED00283,12,momentum,0.0232
MED00284,12,momentum,-0.01243
MED00285,12,momentum,-0.00413
MED00286,12,momentum,-0.00675
MED00287,12,momentum,-0.00647
MED00288,12,momentum,0.01384
MED00289,12,momentum,-0.0783
MED00290,12,momentum,0.00243
MED00291,12,momentum,0.03359
MED00292,12,momentum,0.01264
MED00293,12,momentum,-0.01567
MED00294,12,momentum,0.01769
MED00295,12,momentum,0.01327
MED00296,12,momentum,0.0094
MED00297,12,momentum,0.00249
MED00298,12,momentum,-0.0231
MED00299,12,momentum,0.02045
MED00300,12,momentum,0.00655
MED00301,12,momentum,-0.00164
MED00302,12,momentum,0.02663
MED00303,12,momentum,0.02968
MED00304,12,momentum,0.01017
MED00305,12,momentum,0.01292
MED00306,12,momentum,0.01216
MED00307,12,momentum,0.00093
MED00308,12,momentum,-0.01664
MED00309,12,momentum,0.01497
MED00310,12,momentum,0.0073
MED00311,12,momentum,-0.00403
MED00312,12,momentum,0.00695
MED00313,12,momentum,-0.07766
MED00314,12,momentum,0.03288
MED00315,12,momentum,-0.01876
MED00316,12,momentum,-0.0034
MED00317,12,momentum,0.01425
MED00318,12,momentum,-0.00233
MED00319,12,momentum,-0.00154
MED00320,12,momentum,0.03978
MED00321,12,momentum,-0.11182
MED00322,12,momentum,0.00642
MED00323,12,momentum,0.00516
MED00324,12,momentum,-0.02609
MED00325,12,momentum,0.00123
MED00326,12,momentum,-0.00056
MED00327,12,momentum,-0.0036
MED00328,12,momentum,-0.01818
MED00329,12,momentum,-0.00118
MED00330,12,momentum,0.00939
MED00331,12,momentum,-0.05605
MED00332,12,momentum,-0.00733
MED00333,12,momentum,-0.05395
MED00334,12,momentum,0.0194
MED00335,12,momentum,-0.00318
MED00336,12,momentum,0.00822
MED00337,12,momentum,-0.00669
MED00338,12,momentum,0.03189
MED00339,12,momentum,0.00564
MED00340,12,momentum,0.01676
MED00341,12,momentum,-0.00294
MED00342,12,momentum,0.00895
MED00343,12,momentum,-0.00414
MED00344,12,momentum,-0.01269
MED00345,12,momentum,0.00588
MED00346,12,momentum,0.01013
MED00347,12,momentum,0.00067
MED00348,12,momentum,0.0016
MED00349,12,momentum,0.00132
MED00350,12,momentum,-0.14328
MED00351,12,momentum,0.02616
MED00352,12,momentum,0.01163
MED00353,12,momentum,0.03804
MED00354,12,momentum,0.03371
MED00355,12,momentum,0.0049
MED00356,12,momentum,-0.05012
MED00357,12,momentum,-0.03696
MED00358,12,momentum,0.01087
MED00359,12,momentum,0.01502
MED00360,12,momentum,-0.06426
MED00361,12,momentum,-0.05673
MED00362,12,momentum,-0.02385
MED00363,12,momentum,0.0005
MED00364,12,momentum,-0.00023
MED00365,12,momentum,0.00148
MED00366,12,momentum,-0.01912
MED00367,12,momentum,0.01131
MED00368,12,momentum,-0.06847
MED00369,12,momentum,-0.01093
MED00370,12,momentum,0.02272
MED00371,12,momentum,0.02308
MED00372,12,momentum,0.01136
MED00373,12,momentum,0.00574
MED00374,12,momentum,-0.06225
MED00375,12,momentum,-0.00583
MED00376,12,momentum,0.01315
MED00377,12,momentum,0.02324
MED00378,12,momentum,-0.00027
MED00379,12,momentum,-0.10818
MED00380,12,momentum,0.02837
MED00381,12,momentum,-0.00723
MED00382,12,momentum,0.01234
MED00383,12,momentum,-0.00147
MED00384,12,momentum,-0.01742
MED00385,12,momentum,0.0036
MED00386,12,momentum,0.00055
MED00387,12,momentum,0.00088
MED00388,12,momentum,0.01548
MED00389,12,momentum,0.00061
MED00390,12,momentum,0.00456
MED00391,12,momentum,0.0024
MED00392,12,momentum,0.00234
MED00393,12,momentum,0.00762
MED00394,12,momentum,0.00039
MED00395,12,momentum,0.00391
MED00396,12,momentum,0.00125
MED00397,12,momentum,0.00199
MED00398,12,momentum,0.0017
MED00399,12,momentum,0.00177
MED00400,12,momentum,0.00279
MED00401,12,momentum,-0.0199
MED00402,12,momentum,-0.00769
MED00403,12,momentum,0.0245
MED00404,12,momentum,0.00404
MED00405,12,momentum,0.00269
MED00406,12,momentum,0.00567
MED00407,12,momentum,-0.00132
MED00408,12,momentum,-0.00596
MED00409,12,momentum,0.00961
MED00410,12,momentum,-0.00328
MED00411,12,momentum,0.0025
MED00412,12,momentum,-0.00588
MED00413,12,momentum,0.01158
MED00414,12,momentum,-0.00837
MED00415,12,momentum,-0.01609
MED00417,12,momentum,-0.00049
MED00418,12,momentum,-0.00819
MED00419,12,momentum,0.00368
MED00420,12,momentum,-0.02418
MED00421,12,momentum,-0.00628
MED00422,12,momentum,0.00242
MED00423,12,momentum,0.00078
MED00424,12,momentum,0.00202
MED00001,1,cat_momentum,-0.00114
MED00002,1,cat_momentum,-0.00321
MED00003,1,cat_momentum,-0.00379
MED00004,1,cat_momentum,-0.001
MED00005,1,cat_momentum,0.00161
MED00006,1,cat_momentum,0.00012
MED00007,1,cat_momentum,0.00146
MED00008,1,cat_momentum,-0.00102
MED00009,1,cat_momentum,0.00072
MED00011,1,cat_momentum,-0.00132
MED00013,1,cat_momentum,0.00024
MED00014,1,cat_momentum,-0.00133
MED00015,1,cat_momentum,-0.00136
MED00016,1,cat_momentum,0.00067
MED00017,1,cat_momentum,0.00025
MED00018,1,cat_momentum,0.00282
MED00019,1,cat_momentum,-0.00184
MED00020,1,cat_momentum,-0.00278
MED00021,1,cat_momentum,-0.00156
MED00022,1,cat_momentum,-0.00031
MED00023,1,cat_momentum,0.00125
MED00024,1,cat_momentum,-0.00064
MED00025,1,cat_momentum,0.04743
MED00026,1,cat_momentum,0.06204
MED00027,1,cat_momentum,0.04707
MED00028,1,cat_momentum,-0.00104
MED00029,1,cat_momentum,-0.00155
MED00030,1,cat_momentum,-0.0007
MED00032,1,cat_momentum,0.00131
MED00033,1,cat_momentum,-0.00042
MED00034,1,cat_momentum,0.00017
MED00035,1,cat_momentum,0.00067
MED00036,1,cat_momentum,0.00106
MED00037,1,cat_momentum,0.00183
MED00038,1,cat_momentum,-0.00094
MED00039,1,cat_momentum,0.0175
MED00040,1,cat_momentum,0.0009
MED00041,1,cat_momentum,-0.00224
MED00042,1,cat_momentum,0.03387
MED00043,1,cat_momentum,-0.00207
MED00044,1,cat_momentum,-0.00068
MED00045,1,cat_momentum,0.00097
MED00046,1,cat_momentum,-0.00134
MED00047,1,cat_momentum,0.00013
MED00048,1,cat_momentum,-0.00085
MED00049,1,cat_momentum,-0.00322
MED00050,1,cat_momentum,0.00103
MED00051,1,cat_momentum,-0.00267
MED00053,1,cat_momentum,0.00197
MED00054,1,cat_momentum,0.00311
MED00055,1,cat_momentum,0.03271
MED00056,1,cat_momentum,-0.00095
MED00058,1,cat_momentum,0.00022
MED00059,1,cat_momentum,0.00335
MED00060,1,cat_momentum,-0.00126
MED00061,1,cat_momentum,0.00016
MED00062,1,cat_momentum,-0.00238
MED00063,1,cat_momentum,-0.00322
MED00064,1,cat_momentum,-0.00141
MED00065,1,cat_momentum,-0.00036
MED00066,1,cat_momentum,-0.00158
MED00067,1,cat_momentum,0.00101
MED00068,1,cat_momentum,-0.00053
MED00069,1,cat_momentum,-0.00043
MED00070,1,cat_momentum,-0.00264
MED00072,1,cat_momentum,-0.00092
MED00073,1,cat_momentum,-0.00157
MED00074,1,cat_momentum,-0.00026
MED00075,1,cat_momentum,0.00329
MED00076,1,cat_momentum,-0.00237
MED00077,1,cat_momentum,0.0008
MED00078,1,cat_momentum,-0.00015
MED00079,1,cat_momentum,-0.0016
MED00080,1,cat_momentum,-0.00134
MED00081,1,cat_momentum,-0.00252
MED00082,1,cat_momentum,-0.00128
MED00083,1,cat_momentum,-0.00141
MED00084,1,cat_momentum,-0.0003
MED00085,1,cat_momentum,0.0016
MED00086,1,cat_momentum,-0.0003
MED00087,1,cat_momentum,-0.00019
MED00088,1,cat_momentum,-0.00037
MED00089,1,cat_momentum,0.00062
MED00090,1,cat_momentum,0.00255
MED00091,1,cat_momentum,-0.00044
MED00092,1,cat_momentum,0.00075
MED00093,1,cat_momentum,0.03081
MED00094,1,cat_momentum,0.02686
MED00095,1,cat_momentum,-0.00015
MED00096,1,cat_momentum,-0.00206
MED00097,1,cat_momentum,-0.00087
MED00098,1,cat_momentum,-0.00045
MED00099,1,cat_momentum,0.04529
MED00100,1,cat_momentum,-0.00097
MED00101,1,cat_momentum,0.0007
MED00102,1,cat_momentum,0.00342
MED00103,1,cat_momentum,0.00014
MED00104,1,cat_momentum,0.00023
MED00105,1,cat_momentum,-0.00233
MED00106,1,cat_momentum,-0.00108
MED00107,1,cat_momentum,-0.0005
MED00108,1,cat_momentum,0.00227
MED00109,1,cat_momentum,-0.00596
MED00110,1,cat_momentum,-0.00602
MED00111,1,cat_momentum,-0.00083
MED00113,1,cat_momentum,0.00112
MED00114,1,cat_momentum,-0.00241
MED00115,1,cat_momentum,0.00154
MED00116,1,cat_momentum,-0.00344
MED00119,1,cat_momentum,0.00055
MED00120,1,cat_momentum,0.0011
MED00121,1,cat_momentum,0.00033
MED00122,1,cat_momentum,-0.00021
MED00123,1,cat_momentum,-0.0003
MED00124,1,cat_momentum,-0.00036
MED00125,1,cat_momentum,-0.00153
MED00126,1,cat_momentum,-0.00597
MED00127,1,cat_momentum,-0.00086
MED00128,1,cat_momentum,0.00073
MED00129,1,cat_momentum,0.00094
MED00130,1,cat_momentum,-0.00316
MED00131,1,cat_momentum,-0.00059
MED00132,1,cat_momentum,-0.00277
MED00133,1,cat_momentum,-0.00172
MED00134,1,cat_momentum,-0.00615
MED00135,1,cat_momentum,0.00134
MED00136,1,cat_momentum,-0.00043
MED00137,1,cat_momentum,-0.00081
MED00138,1,cat_momentum,0.00247
MED00139,1,cat_momentum,0.00012
MED00140,1,cat_momentum,0.00139
MED00141,1,cat_momentum,-0.00218
MED00142,1,cat_momentum,-0.00091
MED00143,1,cat_momentum,0.00034
MED00144,1,cat_momentum,-0.00049
MED00145,1,cat_momentum,-0.00024
MED00146,1,cat_momentum,0.00207
MED00147,1,cat_momentum,0.0005
MED00148,1,cat_momentum,-0.00054
MED00150,1,cat_momentum,-0.00112
MED00151,1,cat_momentum,0.00095
MED00152,1,cat_momentum,0.00078
MED00153,1,cat_momentum,0.0004
MED00154,1,cat_momentum,-0.00161
MED00155,1,cat_momentum,0.00121
MED00156,1,cat_momentum,0.00032
MED00157,1,cat_momentum,-0.00031
MED00158,1,cat_momentum,0.06277
MED00159,1,cat_momentum,0.00019
MED00160,1,cat_momentum,0.00013
MED00161,1,cat_momentum,-0.00078
MED00163,1,cat_momentum,-0.00274
MED00164,1,cat_momentum,-0.00061
MED00165,1,cat_momentum,-0.00386
MED00167,1,cat_momentum,0.0008
MED00168,1,cat_momentum,0.00031
MED00169,1,cat_momentum,0.00167
MED00170,1,cat_momentum,0.00097
MED00171,1,cat_momentum,0.00047
MED00172,1,cat_momentum,0.00241
MED00173,1,cat_momentum,0.00085
MED00174,1,cat_momentum,-0.00269
MED00175,1,cat_momentum,0.0329
MED00176,1,cat_momentum,-0.00279
MED00177,1,cat_momentum,0.03773
MED00178,1,cat_momentum,0.00175
MED00179,1,cat_momentum,-0.00078
MED00180,1,cat_momentum,0.00089
MED00181,1,cat_momentum,-0.00015
MED00182,1,cat_momentum,0.04646
MED00183,1,cat_momentum,0.00597
MED00184,1,cat_momentum,-0.00159
MED00185,1,cat_momentum,0.00099
MED00186,1,cat_momentum,0.00039
MED00187,1,cat_momentum,-0.00012
MED00188,1,cat_momentum,0.00055
MED00189,1,cat_momentum,-0.00306
MED00190,1,cat_momentum,0.00013
MED00191,1,cat_momentum,-0.00044
MED00192,1,cat_momentum,-0.00319
MED00193,1,cat_momentum,-0.00394
MED00196,1,cat_momentum,-0.00066
MED00197,1,cat_momentum,-0.00027
MED00198,1,cat_momentum,0.0008
MED00199,1,cat_momentum,0.00124
MED00200,1,cat_momentum,0.00039
MED00202,1,cat_momentum,0.00032
MED00203,1,cat_momentum,-0.00093
MED00204,1,cat_momentum,0.0006
MED00205,1,cat_momentum,-0.00037
MED00206,1,cat_momentum,0.00337
MED00207,1,cat_momentum,0.00038
MED00208,1,cat_momentum,-0.00217
MED00209,1,cat_momentum,0.00482
MED00210,1,cat_momentum,0.01388
MED00211,1,cat_momentum,0.00074
MED00212,1,cat_momentum,-0.00052
MED00213,1,cat_momentum,0.00291
MED00214,1,cat_momentum,-0.00157
MED00215,1,cat_momentum,-0.00018
MED00216,1,cat_momentum,-0.00223
MED00217,1,cat_momentum,-0.00057
MED00218,1,cat_momentum,-0.00066
MED00219,1,cat_momentum,-0.00467
MED00221,1,cat_momentum,-0.00207
MED00222,1,cat_momentum,-0.00028
MED00223,1,cat_momentum,-0.00212
MED00224,1,cat_momentum,0.00061
MED00225,1,cat_momentum,-0.00036
MED00226,1,cat_momentum,-0.00134
MED00227,1,cat_momentum,-0.00247
MED00228,1,cat_momentum,0.00099
MED00229,1,cat_momentum,-0.00442
MED00230,1,cat_momentum,-0.00258
MED00232,1,cat_momentum,0.00025
MED00233,1,cat_momentum,-0.00044
MED00234,1,cat_momentum,0.00026
MED00235,1,cat_momentum,-0.0003
MED00236,1,cat_momentum,-0.00117
MED00237,1,cat_momentum,-0.00068
MED00238,1,cat_momentum,0.00049
MED00239,1,cat_momentum,0.00014
MED00240,1,cat_momentum,-0.00163
MED00242,1,cat_momentum,-0.00223
MED00243,1,cat_momentum,-0.0031
MED00245,1,cat_momentum,-0.00055
MED00246,1,cat_momentum,-0.00064
MED00247,1,cat_momentum,-0.00108
MED00248,1,cat_momentum,-0.00047
MED00249,1,cat_momentum,0.0037
MED00250,1,cat_momentum,-0.00265
MED00251,1,cat_momentum,0.00034
MED00252,1,cat_momentum,0.00154
MED00253,1,cat_momentum,-0.00036
MED00254,1,cat_momentum,0.00143
MED00255,1,cat_momentum,0.00218
MED00256,1,cat_momentum,0.00111
MED00257,1,cat_momentum,-0.0012
MED00258,1,cat_momentum,-0.00014
MED00259,1,cat_momentum,0.00027
MED00260,1,cat_momentum,-0.02548
MED00261,1,cat_momentum,0.00175
MED00262,1,cat_momentum,-0.00116
MED00263,1,cat_momentum,0.00084
MED00264,1,cat_momentum,-0.00602
MED00265,1,cat_momentum,-0.00075
MED00266,1,cat_momentum,0.00554
MED00267,1,cat_momentum,-0.00025
MED00268,1,cat_momentum,0.00101
MED00269,1,cat_momentum,0.00078
MED00270,1,cat_momentum,0.00215
MED00271,1,cat_momentum,0.00305
MED00272,1,cat_momentum,-0.0002
MED00273,1,cat_momentum,-0.0003
MED00274,1,cat_momentum,-0.00166
MED00275,1,cat_momentum,-0.00077
MED00276,1,cat_momentum,0.00053
MED00277,1,cat_momentum,-0.00308
MED00278,1,cat_momentum,-0.00127
MED00279,1,cat_momentum,-0.00209
MED00280,1,cat_momentum,-0.00231
MED00281,1,cat_momentum,-0.00088
MED00282,1,cat_momentum,-0.0012
MED00283,1,cat_momentum,-0.00023
MED00284,1,cat_momentum,0.00098
MED00286,1,cat_momentum,0.00191
MED00287,1,cat_momentum,0.00064
MED00288,1,cat_momentum,-0.00121
MED00289,1,cat_momentum,-0.00148
MED00290,1,cat_momentum,0.00053
MED00291,1,cat_momentum,-0.00137
MED00292,1,cat_momentum,-0.00032
MED00293,1,cat_momentum,0.00709
MED00294,1,cat_momentum,-0.00086
MED00295,1,cat_momentum,0.04139
MED00296,1,cat_momentum,-0.00118
MED00297,1,cat_momentum,-0.00042
MED00298,1,cat_momentum,0.00032
MED00299,1,cat_momentum,-0.00176
MED00301,1,cat_momentum,-0.00031
MED00302,1,cat_momentum,-0.00168
MED00303,1,cat_momentum,-0.00046
MED00304,1,cat_momentum,-0.00137
MED00305,1,cat_momentum,0.00038
MED00306,1,cat_momentum,0.0387
MED00307,1,cat_momentum,-0.00079
MED00308,1,cat_momentum,0.00231
MED00309,1,cat_momentum,-0.00186
MED00310,1,cat_momentum,-0.00084
MED00311,1,cat_momentum,-0.00065
MED00312,1,cat_momentum,-0.00272
MED00313,1,cat_momentum,0.00129
MED00314,1,cat_momentum,0.00079
MED00315,1,cat_momentum,-0.00081
MED00316,1,cat_momentum,0.00102
MED00317,1,cat_momentum,-0.00012
MED00318,1,cat_momentum,-0.0003
MED00319,1,cat_momentum,-0.00185
MED00320,1,cat_momentum,-0.00327
MED00321,1,cat_momentum,0.00112
MED00322,1,cat_momentum,-0.00326
MED00323,1,cat_momentum,-0.00078
MED00324,1,cat_momentum,0.00267
MED00325,1,cat_momentum,-0.00074
MED00326,1,cat_momentum,-0.00025
MED00327,1,cat_momentum,0.00078
MED00328,1,cat_momentum,-0.00079
MED00329,1,cat_momentum,-0.0018
MED00330,1,cat_momentum,-0.001
MED00331,1,cat_momentum,0.00098
MED00332,1,cat_momentum,0.00113
MED00333,1,cat_momentum,0.00165
MED00334,1,cat_momentum,-0.00245
MED00335,1,cat_momentum,0.00048
MED00336,1,cat_momentum,-0.00085
MED00337,1,cat_momentum,-0.00258
MED00338,1,cat_momentum,0.00104
MED00339,1,cat_momentum,-0.00031
MED00340,1,cat_momentum,0.01751
MED00341,1,cat_momentum,-0.00042
MED00342,1,cat_momentum,0.00026
MED00344,1,cat_momentum,0.00121
MED00345,1,cat_momentum,-0.00156
MED00347,1,cat_momentum,-0.00248
MED00348,1,cat_momentum,0.00106
MED00349,1,cat_momentum,0.0005
MED00350,1,cat_momentum,0.00305
MED00351,1,cat_momentum,-0.00621
MED00352,1,cat_momentum,-0.0048
MED00353,1,cat_momentum,0.00505
MED00354,1,cat_momentum,-0.00212
MED00355,1,cat_momentum,0.0035
MED00356,1,cat_momentum,0.00089
MED00357,1,cat_momentum,-0.00059
MED00358,1,cat_momentum,-0.00101
MED00359,1,cat_momentum,0.00022
MED00360,1,cat_momentum,0.00832
MED00361,1,cat_momentum,0.00179
MED00362,1,cat_momentum,0.00043
MED00363,1,cat_momentum,0.00046
MED00364,1,cat_momentum,-0.00256
MED00365,1,cat_momentum,0.00035
MED00366,1,cat_momentum,-0.00089
MED00368,1,cat_momentum,0.0023
MED00369,1,cat_momentum,-0.00059
MED00370,1,cat_momentum,0.02741
MED00371,1,cat_momentum,0.0011
MED00372,1,cat_momentum,-0.00137
MED00373,1,cat_momentum,-0.00065
MED00374,1,cat_momentum,0.00172
MED00375,1,cat_momentum,-0.00124
MED00377,1,cat_momentum,0.02049
MED00378,1,cat_momentum,0.0004
MED00379,1,cat_momentum,0.00054
MED00380,1,cat_momentum,-0.00601
MED00381,1,cat_momentum,0.00051
MED00383,1,cat_momentum,-0.00032
MED00384,1,cat_momentum,0.00031
MED00385,1,cat_momentum,0.00014
MED00386,1,cat_momentum,0.00014
MED00387,1,cat_momentum,-0.00094
MED00388,1,cat_momentum,0.00023
MED00389,1,cat_momentum,-0.00118
MED00390,1,cat_momentum,-0.00107
MED00391,1,cat_momentum,-0.00056
MED00392,1,cat_momentum,0.00106
MED00393,1,cat_momentum,-0.00159
MED00394,1,cat_momentum,-0.0007
MED00395,1,cat_momentum,0.001
MED00397,1,cat_momentum,-0.00205
MED00398,1,cat_momentum,-0.00146
MED00399,1,cat_momentum,-0.00221
MED00400,1,cat_momentum,-0.00048
MED00401,1,cat_momentum,0.00345
MED00402,1,cat_momentum,0.00226
MED00403,1,cat_momentum,-0.00199
MED00404,1,cat_momentum,-0.0011
MED00405,1,cat_momentum,-0.00119
MED00406,1,cat_momentum,-0.00115
MED00407,1,cat_momentum,0.00218
MED00408,1,cat_momentum,0.00161
MED00409,1,cat_momentum,0.01073
MED00410,1,cat_momentum,0.00216
MED00411,1,cat_momentum,-0.00144
MED00412,1,cat_momentum,-0.00111
MED00413,1,cat_momentum,-0.00143
MED00414,1,cat_momentum,-0.00076
MED00415,1,cat_momentum,-0.00154
MED00416,1,cat_momentum,-0.00072
MED00417,1,cat_momentum,0.00023
MED00418,1,cat_momentum,-0.00066
MED00419,1,cat_momentum,-0.00019
MED00420,1,cat_momentum,0.00282
MED00421,1,cat_momentum,0.0019
MED00422,1,cat_momentum,-0.00077
MED00424,1,cat_momentum,-0.00195
MED00002,2,cat_momentum,-0.00322
MED00003,2,cat_momentum,-0.00383
MED00004,2,cat_momentum,-0.00087
MED00005,2,cat_momentum,0.00158
MED00007,2,cat_momentum,0.00201
MED00008,2,cat_momentum,-0.00107
MED00009,2,cat_momentum,0.0014
MED00010,2,cat_momentum,-0.00031
MED00011,2,cat_momentum,-0.00774
MED00013,2,cat_momentum,0.00096
MED00014,2,cat_momentum,-0.00166
MED00015,2,cat_momentum,-0.00123
MED00016,2,cat_momentum,0.00058
MED00017,2,cat_momentum,0.00029
MED00018,2,cat_momentum,-0.00277
MED00019,2,cat_momentum,-0.00073
MED00020,2,cat_momentum,-0.00364
MED00021,2,cat_momentum,-0.00063
MED00022,2,cat_momentum,-0.00029
MED00023,2,cat_momentum,0.00115
MED00025,2,cat_momentum,0.04807
MED00026,2,cat_momentum,0.06268
MED00027,2,cat_momentum,0.04771
MED00028,2,cat_momentum,-0.00092
MED00029,2,cat_momentum,-0.0005
MED00031,2,cat_momentum,0.00048
MED00032,2,cat_momentum,0.00093
MED00033,2,cat_momentum,-0.00026
MED00034,2,cat_momentum,0.00258
MED00035,2,cat_momentum,0.00037
MED00036,2,cat_momentum,0.00016
MED00037,2,cat_momentum,0.00168
MED00038,2,cat_momentum,0.00012
MED00039,2,cat_momentum,0.01821
MED00040,2,cat_momentum,0.00105
MED00041,2,cat_momentum,-0.00207
MED00042,2,cat_momentum,0.03468
MED00043,2,cat_momentum,-0.00207
MED00044,2,cat_momentum,-0.00055
MED00045,2,cat_momentum,0.00092
MED00046,2,cat_momentum,-0.00121
MED00047,2,cat_momentum,0.00069
MED00048,2,cat_momentum,0.00018
MED00049,2,cat_momentum,-0.00316
MED00050,2,cat_momentum,0.00136
MED00051,2,cat_momentum,-0.00267
MED00053,2,cat_momentum,0.00276
MED00054,2,cat_momentum,0.00395
MED00055,2,cat_momentum,0.03371
MED00056,2,cat_momentum,-0.00097
MED00057,2,cat_momentum,0.00026
MED00058,2,cat_momentum,0.00023
MED00059,2,cat_momentum,0.00427
MED00060,2,cat_momentum,-0.00027
MED00061,2,cat_momentum,0.00025
MED00062,2,cat_momentum,-0.00132
MED00063,2,cat_momentum,-0.00318
MED00064,2,cat_momentum,-0.00169
MED00065,2,cat_momentum,-0.00076
MED00066,2,cat_momentum,-0.00148
MED00067,2,cat_momentum,0.00093
MED00068,2,cat_momentum,0.00022
MED00069,2,cat_momentum,-0.00041
MED00070,2,cat_momentum,-0.00159
MED00072,2,cat_momentum,-0.00092
MED00073,2,cat_momentum,-0.00105
MED00074,2,cat_momentum,0.00045
MED00075,2,cat_momentum,0.00401
MED00076,2,cat_momentum,-0.00238
MED00077,2,cat_momentum,0.00175
MED00078,2,cat_momentum,0.00082
MED00079,2,cat_momentum,-0.00096
MED00080,2,cat_momentum,-0.00073
MED00081,2,cat_momentum,-0.00254
MED00082,2,cat_momentum,-0.00031
MED00083,2,cat_momentum,-0.0007
MED00084,2,cat_momentum,0.00135
MED00085,2,cat_momentum,0.00145
MED00086,2,cat_momentum,-0.00024
MED00088,2,cat_momentum,-0.00202
MED00089,2,cat_momentum,1e-04
MED00090,2,cat_momentum,0.00302
MED00091,2,cat_momentum,-0.00044
MED00092,2,cat_momentum,0.00063
MED00093,2,cat_momentum,0.03138
MED00094,2,cat_momentum,0.02423
MED00095,2,cat_momentum,0.0004
MED00096,2,cat_momentum,-0.00232
MED00097,2,cat_momentum,-0.00081
MED00098,2,cat_momentum,0.00017
MED00099,2,cat_momentum,0.04602
MED00100,2,cat_momentum,-0.00097
MED00101,2,cat_momentum,0.00111
MED00102,2,cat_momentum,0.00374
MED00103,2,cat_momentum,0.00083
MED00104,2,cat_momentum,0.00078
MED00105,2,cat_momentum,-0.002
MED00106,2,cat_momentum,-0.00114
MED00108,2,cat_momentum,0.00283
MED00109,2,cat_momentum,-0.00597
MED00110,2,cat_momentum,-0.00603
MED00111,2,cat_momentum,-0.00065
MED00112,2,cat_momentum,0.00077
MED00113,2,cat_momentum,0.00103
MED00114,2,cat_momentum,-0.00217
MED00115,2,cat_momentum,0.0017
MED00116,2,cat_momentum,-0.00321
MED00117,2,cat_momentum,-0.00043
MED00119,2,cat_momentum,0.00025
MED00121,2,cat_momentum,0.00021
MED00122,2,cat_momentum,-0.00031
MED00124,2,cat_momentum,0.0002
MED00125,2,cat_momentum,-0.0015
MED00126,2,cat_momentum,-0.00599
MED00127,2,cat_momentum,-0.00075
MED00128,2,cat_momentum,0.00047
MED00129,2,cat_momentum,0.0009
MED00130,2,cat_momentum,-0.00322
MED00131,2,cat_momentum,-0.00059
MED00132,2,cat_momentum,-0.00259
MED00133,2,cat_momentum,-0.00183
MED00134,2,cat_momentum,-0.00616
MED00135,2,cat_momentum,0.0003
MED00136,2,cat_momentum,-0.00047
MED00137,2,cat_momentum,-0.00094
MED00138,2,cat_momentum,0.00232
MED00139,2,cat_momentum,0.00024
MED00140,2,cat_momentum,0.00113
MED00141,2,cat_momentum,-0.00123
MED00142,2,cat_momentum,-0.00085
MED00143,2,cat_momentum,0.00021
MED00144,2,cat_momentum,-0.00026
MED00145,2,cat_momentum,-0.00028
MED00146,2,cat_momentum,0.00197
MED00147,2,cat_momentum,-0.0004
MED00149,2,cat_momentum,0.00063
MED00150,2,cat_momentum,-0.00087
MED00151,2,cat_momentum,0.00069
MED00152,2,cat_momentum,0.00063
MED00153,2,cat_momentum,0.00041
MED00154,2,cat_momentum,-0.0019
MED00155,2,cat_momentum,0.00106
MED00157,2,cat_momentum,0.00026
MED00158,2,cat_momentum,0.06341
MED00159,2,cat_momentum,0.00027
MED00160,2,cat_momentum,0.00068
MED00163,2,cat_momentum,-0.00253
MED00164,2,cat_momentum,-0.0005
MED00165,2,cat_momentum,-0.0035
MED00167,2,cat_momentum,0.0007
MED00168,2,cat_momentum,0.00038
MED00169,2,cat_momentum,0.00136
MED00170,2,cat_momentum,0.00083
MED00171,2,cat_momentum,0.00032
MED00172,2,cat_momentum,0.00217
MED00173,2,cat_momentum,0.00111
MED00174,2,cat_momentum,-0.0029
MED00175,2,cat_momentum,0.0332
MED00176,2,cat_momentum,-0.00369
MED00177,2,cat_momentum,0.03838
MED00178,2,cat_momentum,0.00211
MED00179,2,cat_momentum,-0.00154
MED00180,2,cat_momentum,0.00084
MED00181,2,cat_momentum,0.00066
MED00182,2,cat_momentum,0.04711
MED00183,2,cat_momentum,0.00422
MED00184,2,cat_momentum,-0.00209
MED00185,2,cat_momentum,0.00121
MED00186,2,cat_momentum,0.00049
MED00187,2,cat_momentum,-0.00026
MED00188,2,cat_momentum,0.00112
MED00189,2,cat_momentum,-0.00309
MED00190,2,cat_momentum,0.00095
MED00191,2,cat_momentum,-0.0013
MED00192,2,cat_momentum,-0.00302
MED00193,2,cat_momentum,-0.0039
MED00194,2,cat_momentum,0.00086
MED00195,2,cat_momentum,0.00024
MED00196,2,cat_momentum,-0.00034
MED00197,2,cat_momentum,0.00063
MED00198,2,cat_momentum,0.00069
MED00199,2,cat_momentum,0.00086
MED00200,2,cat_momentum,0.00045
MED00201,2,cat_momentum,0.00061
MED00202,2,cat_momentum,0.00032
MED00203,2,cat_momentum,-0.00092
MED00204,2,cat_momentum,0.00053
MED00205,2,cat_momentum,-0.00017
MED00206,2,cat_momentum,0.00316
MED00207,2,cat_momentum,0.00053
MED00208,2,cat_momentum,-0.00195
MED00209,2,cat_momentum,0.00486
MED00210,2,cat_momentum,0.01463
MED00211,2,cat_momentum,0.00113
MED00212,2,cat_momentum,-0.00024
MED00213,2,cat_momentum,0.0029
MED00214,2,cat_momentum,-0.00065
MED00216,2,cat_momentum,-0.00219
MED00217,2,cat_momentum,-0.00058
MED00218,2,cat_momentum,-1e-04
MED00219,2,cat_momentum,-0.00509
MED00220,2,cat_momentum,0.00017
MED00221,2,cat_momentum,-0.00111
MED00222,2,cat_momentum,-0.00022
MED00223,2,cat_momentum,-0.00263
MED00224,2,cat_momentum,0.00062
MED00225,2,cat_momentum,0.00034
MED00226,2,cat_momentum,-0.00106
MED00227,2,cat_momentum,-0.00283
MED00228,2,cat_momentum,0.001
MED00229,2,cat_momentum,-0.00435
MED00230,2,cat_momentum,-0.00287
MED00232,2,cat_momentum,0.00043
MED00233,2,cat_momentum,-0.00015
MED00234,2,cat_momentum,0.00015
MED00235,2,cat_momentum,-0.00032
MED00236,2,cat_momentum,-0.0013
MED00238,2,cat_momentum,0.00023
MED00239,2,cat_momentum,0.0008
MED00240,2,cat_momentum,-0.00092
MED00241,2,cat_momentum,0.00089
MED00242,2,cat_momentum,-0.00134
MED00243,2,cat_momentum,-0.00311
MED00244,2,cat_momentum,0.00016
MED00245,2,cat_momentum,0.00046
MED00247,2,cat_momentum,-0.0002
MED00248,2,cat_momentum,-0.00046
MED00249,2,cat_momentum,-0.00276
MED00250,2,cat_momentum,-0.0016
MED00251,2,cat_momentum,0.00019
MED00252,2,cat_momentum,0.00108
MED00253,2,cat_momentum,0.00045
MED00254,2,cat_momentum,0.00097
MED00255,2,cat_momentum,0.00266
MED00256,2,cat_momentum,0.00079
MED00257,2,cat_momentum,-0.00045
MED00258,2,cat_momentum,-0.0003
MED00259,2,cat_momentum,0.00016
MED00260,2,cat_momentum,-0.02608
MED00261,2,cat_momentum,0.00091
MED00262,2,cat_momentum,-0.0004
MED00263,2,cat_momentum,0.0014
MED00264,2,cat_momentum,-0.00603
MED00265,2,cat_momentum,0.00015
MED00266,2,cat_momentum,0.00498
MED00267,2,cat_momentum,-0.00026
MED00268,2,cat_momentum,0.0009
MED00269,2,cat_momentum,0.00063
MED00270,2,cat_momentum,0.00201
MED00271,2,cat_momentum,0.00298
MED00272,2,cat_momentum,-0.0003
MED00273,2,cat_momentum,0.00067
MED00274,2,cat_momentum,-0.00134
MED00275,2,cat_momentum,0.00051
MED00276,2,cat_momentum,0.00037
MED00277,2,cat_momentum,-0.00306
MED00278,2,cat_momentum,-0.00036
MED00279,2,cat_momentum,-0.00216
MED00280,2,cat_momentum,-0.00242
MED00281,2,cat_momentum,0.00039
MED00282,2,cat_momentum,0.00016
MED00284,2,cat_momentum,0.00084
MED00285,2,cat_momentum,0.00055
MED00286,2,cat_momentum,0.00278
MED00287,2,cat_momentum,0.00124
MED00288,2,cat_momentum,-0.00035
MED00289,2,cat_momentum,-0.00076
MED00290,2,cat_momentum,0.00028
MED00291,2,cat_momentum,-0.002
MED00292,2,cat_momentum,-0.0002
MED00293,2,cat_momentum,0.0079
MED00294,2,cat_momentum,-0.00075
MED00295,2,cat_momentum,0.04204
MED00296,2,cat_momentum,-0.00021
MED00297,2,cat_momentum,0.00045
MED00298,2,cat_momentum,0.00022
MED00299,2,cat_momentum,-0.00218
MED00301,2,cat_momentum,0.00029
MED00302,2,cat_momentum,-0.00173
MED00303,2,cat_momentum,-0.00047
MED00304,2,cat_momentum,-0.00051
MED00305,2,cat_momentum,0.00034
MED00306,2,cat_momentum,0.03934
MED00307,2,cat_momentum,-0.00352
MED00308,2,cat_momentum,0.00169
MED00309,2,cat_momentum,-0.00101
MED00310,2,cat_momentum,0.00014
MED00311,2,cat_momentum,-0.00021
MED00312,2,cat_momentum,-0.00259
MED00313,2,cat_momentum,0.00118
MED00314,2,cat_momentum,-0.00096
MED00315,2,cat_momentum,0.00013
MED00316,2,cat_momentum,0.00162
MED00318,2,cat_momentum,-0.00031
MED00319,2,cat_momentum,-0.00095
MED00320,2,cat_momentum,-0.00328
MED00321,2,cat_momentum,0.00064
MED00322,2,cat_momentum,-0.00324
MED00323,2,cat_momentum,-0.00039
MED00324,2,cat_momentum,0.00244
MED00325,2,cat_momentum,-0.00012
MED00326,2,cat_momentum,0.0003
MED00327,2,cat_momentum,0.00067
MED00328,2,cat_momentum,-0.00021
MED00329,2,cat_momentum,-0.00091
MED00330,2,cat_momentum,-0.00016
MED00331,2,cat_momentum,0.00084
MED00332,2,cat_momentum,0.00168
MED00333,2,cat_momentum,0.00227
MED00334,2,cat_momentum,-0.00293
MED00335,2,cat_momentum,0.00023
MED00336,2,cat_momentum,-0.00018
MED00338,2,cat_momentum,0.00015
MED00339,2,cat_momentum,-0.0002
MED00340,2,cat_momentum,0.01825
MED00341,2,cat_momentum,-0.00036
MED00342,2,cat_momentum,0.00022
MED00343,2,cat_momentum,0.001
MED00345,2,cat_momentum,-0.00152
MED00346,2,cat_momentum,0.00099
MED00347,2,cat_momentum,-0.00249
MED00348,2,cat_momentum,0.0006
MED00349,2,cat_momentum,0.00039
MED00350,2,cat_momentum,0.00319
MED00351,2,cat_momentum,-0.00622
MED00352,2,cat_momentum,-0.00472
MED00353,2,cat_momentum,0.00504
MED00354,2,cat_momentum,-0.00213
MED00355,2,cat_momentum,0.00398
MED00356,2,cat_momentum,0.00075
MED00357,2,cat_momentum,-0.00063
MED00359,2,cat_momentum,0.00018
MED00360,2,cat_momentum,0.00853
MED00361,2,cat_momentum,0.0017
MED00362,2,cat_momentum,0.00044
MED00363,2,cat_momentum,0.00035
MED00364,2,cat_momentum,-0.00255
MED00365,2,cat_momentum,0.00025
MED00368,2,cat_momentum,0.00286
MED00369,2,cat_momentum,0.00012
MED00370,2,cat_momentum,0.02817
MED00371,2,cat_momentum,-0.00065
MED00372,2,cat_momentum,-0.00133
MED00373,2,cat_momentum,-0.00061
MED00374,2,cat_momentum,0.00173
MED00375,2,cat_momentum,-0.00283
MED00377,2,cat_momentum,0.01767
MED00378,2,cat_momentum,0.00025
MED00379,2,cat_momentum,0.00064
MED00380,2,cat_momentum,-0.00603
MED00381,2,cat_momentum,0.00026
MED00382,2,cat_momentum,0.00021
MED00383,2,cat_momentum,-0.00047
MED00384,2,cat_momentum,0.00015
MED00385,2,cat_momentum,0.00111
MED00386,2,cat_momentum,0.00044
MED00387,2,cat_momentum,-0.0017
MED00388,2,cat_momentum,-0.00585
MED00389,2,cat_momentum,-0.00012
MED00390,2,cat_momentum,0.00019
MED00391,2,cat_momentum,0.00051
MED00392,2,cat_momentum,0.00091
MED00393,2,cat_momentum,-0.0006
MED00394,2,cat_momentum,0.00059
MED00395,2,cat_momentum,0.00119
MED00396,2,cat_momentum,-0.00021
MED00397,2,cat_momentum,0.00016
MED00398,2,cat_momentum,-0.00277
MED00399,2,cat_momentum,-0.00778
MED00400,2,cat_momentum,-0.00634
MED00401,2,cat_momentum,0.00454
MED00402,2,cat_momentum,0.00321
MED00403,2,cat_momentum,-0.00209
MED00404,2,cat_momentum,-0.00211
MED00405,2,cat_momentum,-0.00221
MED00406,2,cat_momentum,-0.00187
MED00407,2,cat_momentum,0.00313
MED00408,2,cat_momentum,0.00235
MED00409,2,cat_momentum,0.01147
MED00410,2,cat_momentum,0.00265
MED00411,2,cat_momentum,-0.00067
MED00412,2,cat_momentum,-0.00015
MED00413,2,cat_momentum,-0.00046
MED00414,2,cat_momentum,0.00039
MED00415,2,cat_momentum,-0.00049
MED00417,2,cat_momentum,0.00094
MED00419,2,cat_momentum,0.00052
MED00420,2,cat_momentum,0.00411
MED00421,2,cat_momentum,0.00292
MED00422,2,cat_momentum,0.00026
MED00423,2,cat_momentum,0.00094
MED00424,2,cat_momentum,-0.00106
MED00001,3,cat_momentum,0.00084
MED00002,3,cat_momentum,-0.00298
MED00003,3,cat_momentum,-0.00334
MED00004,3,cat_momentum,-0.00041
MED00005,3,cat_momentum,0.0018
MED00006,3,cat_momentum,0.00021
MED00007,3,cat_momentum,0.00218
MED00008,3,cat_momentum,-0.00083
MED00009,3,cat_momentum,0.00046
MED00010,3,cat_momentum,-0.00048
MED00011,3,cat_momentum,-0.00975
MED00013,3,cat_momentum,0.00123
MED00014,3,cat_momentum,-0.00366
MED00015,3,cat_momentum,-0.00099
MED00016,3,cat_momentum,0.00075
MED00017,3,cat_momentum,0.00046
MED00018,3,cat_momentum,-0.00315
MED00019,3,cat_momentum,-0.0011
MED00020,3,cat_momentum,-0.00569
MED00021,3,cat_momentum,-0.00047
MED00022,3,cat_momentum,-0.00024
MED00023,3,cat_momentum,0.00122
MED00024,3,cat_momentum,0.00025
MED00025,3,cat_momentum,0.04432
MED00026,3,cat_momentum,0.05885
MED00027,3,cat_momentum,0.04073
MED00028,3,cat_momentum,-0.00069
MED00029,3,cat_momentum,0.00012
MED00031,3,cat_momentum,0.00058
MED00032,3,cat_momentum,0.00117
MED00033,3,cat_momentum,-0.00021
MED00034,3,cat_momentum,0.00057
MED00035,3,cat_momentum,-0.00083
MED00037,3,cat_momentum,0.00185
MED00038,3,cat_momentum,0.00096
MED00039,3,cat_momentum,0.01757
MED00040,3,cat_momentum,0.0013
MED00041,3,cat_momentum,-0.00186
MED00042,3,cat_momentum,0.03903
MED00043,3,cat_momentum,-0.00161
MED00044,3,cat_momentum,-0.00047
MED00045,3,cat_momentum,0.00105
MED00046,3,cat_momentum,-0.00122
MED00047,3,cat_momentum,0.00085
MED00048,3,cat_momentum,0.00105
MED00049,3,cat_momentum,-0.0027
MED00050,3,cat_momentum,0.00145
MED00051,3,cat_momentum,-0.00219
MED00052,3,cat_momentum,0.00014
MED00053,3,cat_momentum,0.00366
MED00054,3,cat_momentum,0.00497
MED00055,3,cat_momentum,0.03289
MED00056,3,cat_momentum,-0.00079
MED00057,3,cat_momentum,0.00038
MED00058,3,cat_momentum,0.00036
MED00059,3,cat_momentum,0.0051
MED00060,3,cat_momentum,-1e-04
MED00061,3,cat_momentum,0.00048
MED00062,3,cat_momentum,-0.00044
MED00063,3,cat_momentum,-0.00272
MED00064,3,cat_momentum,-0.00369
MED00065,3,cat_momentum,-0.00111
MED00066,3,cat_momentum,-0.00124
MED00067,3,cat_momentum,0.0011
MED00068,3,cat_momentum,0.00038
MED00069,3,cat_momentum,-0.00025
MED00070,3,cat_momentum,-0.00071
MED00071,3,cat_momentum,0.00013
MED00072,3,cat_momentum,-0.00089
MED00073,3,cat_momentum,-0.00087
MED00074,3,cat_momentum,0.00062
MED00075,3,cat_momentum,0.00419
MED00076,3,cat_momentum,-0.00213
MED00077,3,cat_momentum,0.00182
MED00078,3,cat_momentum,0.0009
MED00079,3,cat_momentum,-0.00154
MED00080,3,cat_momentum,-0.00066
MED00081,3,cat_momentum,-0.00207
MED00082,3,cat_momentum,-0.0002
MED00083,3,cat_momentum,-0.00061
MED00084,3,cat_momentum,0.00016
MED00085,3,cat_momentum,0.00161
MED00086,3,cat_momentum,-0.00011
MED00088,3,cat_momentum,-0.00403
MED00089,3,cat_momentum,-0.00047
MED00090,3,cat_momentum,0.0032
MED00091,3,cat_momentum,-0.00028
MED00092,3,cat_momentum,0.00082
MED00093,3,cat_momentum,0.03018
MED00094,3,cat_momentum,0.02321
MED00095,3,cat_momentum,0.00056
MED00096,3,cat_momentum,-0.0054
MED00097,3,cat_momentum,-0.00068
MED00098,3,cat_momentum,0.00105
MED00099,3,cat_momentum,0.03904
MED00100,3,cat_momentum,-0.0005
MED00101,3,cat_momentum,0.00128
MED00102,3,cat_momentum,0.00392
MED00103,3,cat_momentum,0.00091
MED00104,3,cat_momentum,0.00166
MED00105,3,cat_momentum,-0.00114
MED00106,3,cat_momentum,-0.00068
MED00107,3,cat_momentum,0.00094
MED00108,3,cat_momentum,0.00299
MED00109,3,cat_momentum,-0.00584
MED00110,3,cat_momentum,-0.0059
MED00111,3,cat_momentum,-0.00011
MED00112,3,cat_momentum,0.00094
MED00113,3,cat_momentum,0.0012
MED00114,3,cat_momentum,-0.00418
MED00115,3,cat_momentum,0.00187
MED00116,3,cat_momentum,-0.00522
MED00117,3,cat_momentum,-0.00062
MED00118,3,cat_momentum,1e-04
MED00119,3,cat_momentum,0.00042
MED00120,3,cat_momentum,-0.00051
MED00121,3,cat_momentum,0.00038
MED00122,3,cat_momentum,-0.00015
MED00123,3,cat_momentum,0.00051
MED00124,3,cat_momentum,0.00108
MED00125,3,cat_momentum,-0.001
MED00126,3,cat_momentum,-0.00587
MED00127,3,cat_momentum,-0.00067
MED00128,3,cat_momentum,0.00061
MED00129,3,cat_momentum,0.00111
MED00130,3,cat_momentum,-0.00276
MED00131,3,cat_momentum,-0.00042
MED00132,3,cat_momentum,-0.00215
MED00133,3,cat_momentum,-0.00268
MED00134,3,cat_momentum,-0.00603
MED00135,3,cat_momentum,-0.00028
MED00136,3,cat_momentum,-0.00035
MED00137,3,cat_momentum,-0.00131
MED00138,3,cat_momentum,0.00248
MED00139,3,cat_momentum,0.00033
MED00140,3,cat_momentum,0.00131
MED00141,3,cat_momentum,-0.00106
MED00142,3,cat_momentum,-0.00072
MED00143,3,cat_momentum,0.00042
MED00144,3,cat_momentum,0.00062
MED00146,3,cat_momentum,0.00215
MED00147,3,cat_momentum,-0.00034
MED00148,3,cat_momentum,0.00013
MED00149,3,cat_momentum,0.00079
MED00150,3,cat_momentum,-0.0008
MED00151,3,cat_momentum,0.00086
MED00152,3,cat_momentum,0.00079
MED00153,3,cat_momentum,0.00058
MED00154,3,cat_momentum,-0.00391
MED00155,3,cat_momentum,0.00122
MED00156,3,cat_momentum,0.00012
MED00157,3,cat_momentum,0.00042
MED00158,3,cat_momentum,0.05643
MED00159,3,cat_momentum,-0.00173
MED00160,3,cat_momentum,0.00084
MED00161,3,cat_momentum,0.00098
MED00163,3,cat_momentum,-0.00207
MED00164,3,cat_momentum,-0.00036
MED00165,3,cat_momentum,-0.00262
MED00166,3,cat_momentum,0.00012
MED00167,3,cat_momentum,0.00089
MED00168,3,cat_momentum,0.00046
MED00169,3,cat_momentum,0.00152
MED00170,3,cat_momentum,0.00102
MED00171,3,cat_momentum,0.00049
MED00172,3,cat_momentum,0.00221
MED00173,3,cat_momentum,0.0012
MED00174,3,cat_momentum,-0.00491
MED00175,3,cat_momentum,0.02954
MED00176,3,cat_momentum,-0.00567
MED00177,3,cat_momentum,0.03443
MED00178,3,cat_momentum,0.00232
MED00179,3,cat_momentum,-0.00136
MED00180,3,cat_momentum,0.00092
MED00181,3,cat_momentum,0.00075
MED00182,3,cat_momentum,0.04012
MED00183,3,cat_momentum,0.00364
MED00184,3,cat_momentum,-0.00267
MED00185,3,cat_momentum,0.0013
MED00186,3,cat_momentum,0.00064
MED00187,3,cat_momentum,-0.00032
MED00188,3,cat_momentum,0.00129
MED00189,3,cat_momentum,-0.00263
MED00190,3,cat_momentum,0.00111
MED00191,3,cat_momentum,-0.00331
MED00192,3,cat_momentum,-0.00256
MED00193,3,cat_momentum,-0.00344
MED00194,3,cat_momentum,0.00174
MED00195,3,cat_momentum,0.00112
MED00196,3,cat_momentum,0.00054
MED00197,3,cat_momentum,0.00151
MED00198,3,cat_momentum,0.00091
MED00199,3,cat_momentum,0.00102
MED00200,3,cat_momentum,0.00058
MED00201,3,cat_momentum,0.00149
MED00202,3,cat_momentum,0.0004
MED00203,3,cat_momentum,-0.00075
MED00204,3,cat_momentum,0.00061
MED00205,3,cat_momentum,0.00071
MED00206,3,cat_momentum,0.00334
MED00207,3,cat_momentum,0.00066
MED00208,3,cat_momentum,-0.00111
MED00209,3,cat_momentum,0.00512
MED00210,3,cat_momentum,0.01382
MED00211,3,cat_momentum,0.00121
MED00212,3,cat_momentum,-0.00016
MED00213,3,cat_momentum,0.00296
MED00214,3,cat_momentum,0.00023
MED00215,3,cat_momentum,0.00027
MED00216,3,cat_momentum,-0.00173
MED00217,3,cat_momentum,-0.00034
MED00219,3,cat_momentum,-0.00711
MED00220,3,cat_momentum,0.00026
MED00221,3,cat_momentum,-0.00104
MED00223,3,cat_momentum,-0.00321
MED00224,3,cat_momentum,0.00075
MED00225,3,cat_momentum,0.00053
MED00226,3,cat_momentum,-0.00105
MED00227,3,cat_momentum,-0.00483
MED00228,3,cat_momentum,0.00126
MED00229,3,cat_momentum,-0.00388
MED00230,3,cat_momentum,-0.00488
MED00231,3,cat_momentum,0.00014
MED00232,3,cat_momentum,0.00051
MED00233,3,cat_momentum,0.00039
MED00234,3,cat_momentum,0.00033
MED00235,3,cat_momentum,-0.0007
MED00236,3,cat_momentum,-0.00149
MED00237,3,cat_momentum,0.0002
MED00238,3,cat_momentum,0.0004
MED00239,3,cat_momentum,0.00096
MED00240,3,cat_momentum,-0.00088
MED00241,3,cat_momentum,0.00105
MED00242,3,cat_momentum,-0.00046
MED00243,3,cat_momentum,-0.00287
MED00244,3,cat_momentum,0.00024
MED00246,3,cat_momentum,0.00021
MED00247,3,cat_momentum,0.00068
MED00248,3,cat_momentum,-0.0003
MED00249,3,cat_momentum,-0.00477
MED00250,3,cat_momentum,-0.00071
MED00251,3,cat_momentum,0.00035
MED00252,3,cat_momentum,0.00127
MED00253,3,cat_momentum,0.00062
MED00254,3,cat_momentum,0.00116
MED00255,3,cat_momentum,0.00283
MED00256,3,cat_momentum,0.00096
MED00257,3,cat_momentum,-0.00028
MED00258,3,cat_momentum,-0.00013
MED00259,3,cat_momentum,0.00032
MED00260,3,cat_momentum,-0.02663
MED00261,3,cat_momentum,0.00077
MED00262,3,cat_momentum,-0.00036
MED00263,3,cat_momentum,0.00157
MED00264,3,cat_momentum,-0.0059
MED00265,3,cat_momentum,0.00104
MED00266,3,cat_momentum,0.0044
MED00268,3,cat_momentum,0.00106
MED00269,3,cat_momentum,0.00078
MED00270,3,cat_momentum,0.00218
MED00271,3,cat_momentum,0.00316
MED00272,3,cat_momentum,-0.00011
MED00273,3,cat_momentum,0.00084
MED00274,3,cat_momentum,-0.00088
MED00275,3,cat_momentum,0.0014
MED00276,3,cat_momentum,0.00053
MED00277,3,cat_momentum,-0.00263
MED00278,3,cat_momentum,0.00052
MED00279,3,cat_momentum,-0.00416
MED00280,3,cat_momentum,-0.00218
MED00281,3,cat_momentum,0.00128
MED00282,3,cat_momentum,0.00032
MED00283,3,cat_momentum,0.00012
MED00284,3,cat_momentum,0.00091
MED00285,3,cat_momentum,0.00072
MED00286,3,cat_momentum,0.00294
MED00287,3,cat_momentum,0.0014
MED00288,3,cat_momentum,-0.00072
MED00289,3,cat_momentum,-0.0007
MED00290,3,cat_momentum,0.00049
MED00291,3,cat_momentum,-0.00258
MED00292,3,cat_momentum,-0.00012
MED00293,3,cat_momentum,0.00803
MED00294,3,cat_momentum,-0.00067
MED00295,3,cat_momentum,0.0384
MED00297,3,cat_momentum,0.00133
MED00298,3,cat_momentum,0.00032
MED00299,3,cat_momentum,-0.00172
MED00300,3,cat_momentum,0.00015
MED00301,3,cat_momentum,0.00039
MED00302,3,cat_momentum,-0.00229
MED00303,3,cat_momentum,-0.00037
MED00304,3,cat_momentum,-0.00036
MED00305,3,cat_momentum,0.00042
MED00306,3,cat_momentum,0.0357
MED00307,3,cat_momentum,-0.00542
MED00308,3,cat_momentum,0.00133
MED00309,3,cat_momentum,-0.00094
MED00310,3,cat_momentum,0.00031
MED00312,3,cat_momentum,-0.00244
MED00313,3,cat_momentum,0.00136
MED00314,3,cat_momentum,-0.00154
MED00315,3,cat_momentum,0.00102
MED00316,3,cat_momentum,0.00179
MED00317,3,cat_momentum,0.00012
MED00318,3,cat_momentum,-0.00033
MED00320,3,cat_momentum,-0.00386
MED00321,3,cat_momentum,0.00097
MED00322,3,cat_momentum,-0.00279
MED00323,3,cat_momentum,-0.00098
MED00324,3,cat_momentum,0.00263
MED00325,3,cat_momentum,0.00076
MED00326,3,cat_momentum,0.00118
MED00327,3,cat_momentum,0.0009
MED00331,3,cat_momentum,0.00103
MED00332,3,cat_momentum,0.00184
MED00333,3,cat_momentum,0.00251
MED00334,3,cat_momentum,-0.00494
MED00335,3,cat_momentum,-0.00015
MED00336,3,cat_momentum,0.0007
MED00337,3,cat_momentum,-0.001
MED00338,3,cat_momentum,-0.00043
MED00340,3,cat_momentum,0.01805
MED00341,3,cat_momentum,-0.00019
MED00342,3,cat_momentum,0.00039
MED00343,3,cat_momentum,0.00187
MED00344,3,cat_momentum,0.00015
MED00345,3,cat_momentum,-0.00106
MED00346,3,cat_momentum,0.00125
MED00347,3,cat_momentum,-0.00201
MED00348,3,cat_momentum,0.00082
MED00349,3,cat_momentum,0.00056
MED00350,3,cat_momentum,0.00346
MED00351,3,cat_momentum,-0.00608
MED00352,3,cat_momentum,-0.00426
MED00353,3,cat_momentum,0.00552
MED00354,3,cat_momentum,-0.00202
MED00355,3,cat_momentum,0.00486
MED00356,3,cat_momentum,0.00092
MED00357,3,cat_momentum,-0.00045
MED00358,3,cat_momentum,0.00013
MED00359,3,cat_momentum,0.00026
MED00360,3,cat_momentum,0.00844
MED00361,3,cat_momentum,0.00188
MED00362,3,cat_momentum,0.00062
MED00363,3,cat_momentum,0.00052
MED00364,3,cat_momentum,-0.00206
MED00365,3,cat_momentum,0.00041
MED00366,3,cat_momentum,0.00091
MED00368,3,cat_momentum,0.00303
MED00369,3,cat_momentum,0.00029
MED00370,3,cat_momentum,0.02707
MED00371,3,cat_momentum,-0.00123
MED00372,3,cat_momentum,-0.00087
MED00374,3,cat_momentum,0.00164
MED00375,3,cat_momentum,-0.00484
MED00376,3,cat_momentum,0.00016
MED00377,3,cat_momentum,0.01522
MED00378,3,cat_momentum,0.00041
MED00379,3,cat_momentum,0.00088
MED00380,3,cat_momentum,-0.0059
MED00381,3,cat_momentum,0.00039
MED00382,3,cat_momentum,-0.00078
MED00383,3,cat_momentum,0.00041
MED00384,3,cat_momentum,0.00032
MED00385,3,cat_momentum,0.00199
MED00386,3,cat_momentum,0.00132
MED00387,3,cat_momentum,-0.00371
MED00388,3,cat_momentum,0.00056
MED00389,3,cat_momentum,0.00064
MED00390,3,cat_momentum,0.00107
MED00391,3,cat_momentum,0.00143
MED00392,3,cat_momentum,0.00181
MED00393,3,cat_momentum,-0.00141
MED00394,3,cat_momentum,0.00147
MED00395,3,cat_momentum,0.00207
MED00397,3,cat_momentum,-0.00011
MED00398,3,cat_momentum,-0.00315
MED00399,3,cat_momentum,-0.00815
MED00400,3,cat_momentum,-0.00671
MED00401,3,cat_momentum,0.00543
MED00402,3,cat_momentum,0.00395
MED00403,3,cat_momentum,-0.00267
MED00404,3,cat_momentum,-0.00248
MED00405,3,cat_momentum,-0.00426
MED00406,3,cat_momentum,-0.00356
MED00407,3,cat_momentum,0.00395
MED00408,3,cat_momentum,0.00312
MED00409,3,cat_momentum,0.01236
MED00410,3,cat_momentum,0.00354
MED00411,3,cat_momentum,0.00021
MED00412,3,cat_momentum,0.00076
MED00413,3,cat_momentum,-0.00046
MED00414,3,cat_momentum,0.0013
MED00415,3,cat_momentum,0.00039
MED00416,3,cat_momentum,0.00077
MED00417,3,cat_momentum,0.00182
MED00418,3,cat_momentum,0.00095
MED00419,3,cat_momentum,0.0014
MED00420,3,cat_momentum,0.00494
MED00421,3,cat_momentum,0.00366
MED00422,3,cat_momentum,0.00085
MED00423,3,cat_momentum,0.00171
MED00424,3,cat_momentum,-0.00143
MED00001,4,cat_momentum,0.00101
MED00002,4,cat_momentum,-0.00426
MED00003,4,cat_momentum,-0.00448
MED00004,4,cat_momentum,0.00067
MED00005,4,cat_momentum,0.00224
MED00006,4,cat_momentum,0.00035
MED00007,4,cat_momentum,0.00229
MED00008,4,cat_momentum,-0.00296
MED00009,4,cat_momentum,0.0006
MED00010,4,cat_momentum,-0.00547
MED00011,4,cat_momentum,-0.00984
MED00012,4,cat_momentum,0.00105
MED00013,4,cat_momentum,0.00149
MED00014,4,cat_momentum,-0.00378
MED00015,4,cat_momentum,-0.00316
MED00016,4,cat_momentum,0.00095
MED00017,4,cat_momentum,0.00056
MED00018,4,cat_momentum,-0.00325
MED00019,4,cat_momentum,-0.0012
MED00020,4,cat_momentum,-0.00695
MED00021,4,cat_momentum,-0.00028
MED00023,4,cat_momentum,0.00201
MED00024,4,cat_momentum,0.00031
MED00025,4,cat_momentum,0.04142
MED00026,4,cat_momentum,0.05749
MED00027,4,cat_momentum,0.03797
MED00028,4,cat_momentum,-0.00282
MED00029,4,cat_momentum,0.00045
MED00031,4,cat_momentum,0.00079
MED00032,4,cat_momentum,0.00103
MED00033,4,cat_momentum,0.00087
MED00034,4,cat_momentum,0.0005
MED00035,4,cat_momentum,-0.00066
MED00036,4,cat_momentum,0.00015
MED00037,4,cat_momentum,0.00215
MED00038,4,cat_momentum,0.00133
MED00039,4,cat_momentum,0.01494
MED00040,4,cat_momentum,0.00131
MED00041,4,cat_momentum,-0.00293
MED00042,4,cat_momentum,0.03391
MED00043,4,cat_momentum,-0.00274
MED00044,4,cat_momentum,-0.00033
MED00045,4,cat_momentum,0.00192
MED00046,4,cat_momentum,-0.0003
MED00047,4,cat_momentum,0.00103
MED00048,4,cat_momentum,0.00129
MED00049,4,cat_momentum,-0.00303
MED00050,4,cat_momentum,0.00563
MED00051,4,cat_momentum,-0.00332
MED00052,4,cat_momentum,-0.00066
MED00053,4,cat_momentum,0.00398
MED00054,4,cat_momentum,0.00523
MED00055,4,cat_momentum,0.03399
MED00056,4,cat_momentum,-0.00196
MED00057,4,cat_momentum,-0.00274
MED00058,4,cat_momentum,0.00121
MED00059,4,cat_momentum,0.00526
MED00060,4,cat_momentum,0.00011
MED00061,4,cat_momentum,-0.00169
MED00062,4,cat_momentum,0.00281
MED00063,4,cat_momentum,-0.00305
MED00064,4,cat_momentum,-0.00377
MED00065,4,cat_momentum,-0.0013
MED00066,4,cat_momentum,-0.0034
MED00067,4,cat_momentum,0.0012
MED00068,4,cat_momentum,0.00043
MED00069,4,cat_momentum,-0.00013
MED00070,4,cat_momentum,0.00234
MED00071,4,cat_momentum,0.00026
MED00072,4,cat_momentum,-0.00078
MED00073,4,cat_momentum,-0.00058
MED00074,4,cat_momentum,0.00069
MED00075,4,cat_momentum,0.00438
MED00076,4,cat_momentum,-0.0042
MED00077,4,cat_momentum,0.00202
MED00078,4,cat_momentum,0.00471
MED00079,4,cat_momentum,-0.0066
MED00080,4,cat_momentum,-0.00055
MED00081,4,cat_momentum,-0.00318
MED00083,4,cat_momentum,-0.00038
MED00084,4,cat_momentum,-0.00075
MED00085,4,cat_momentum,0.00181
MED00086,4,cat_momentum,-0.00075
MED00087,4,cat_momentum,0.0009
MED00088,4,cat_momentum,-0.0042
MED00089,4,cat_momentum,-0.00095
MED00090,4,cat_momentum,0.0032
MED00091,4,cat_momentum,-0.00026
MED00092,4,cat_momentum,0.00092
MED00093,4,cat_momentum,0.03359
MED00094,4,cat_momentum,0.02056
MED00095,4,cat_momentum,0.00082
MED00096,4,cat_momentum,-0.00567
MED00097,4,cat_momentum,-0.00132
MED00098,4,cat_momentum,0.00125
MED00099,4,cat_momentum,0.03628
MED00100,4,cat_momentum,-0.00163
MED00101,4,cat_momentum,0.00133
MED00102,4,cat_momentum,0.00419
MED00103,4,cat_momentum,0.00185
MED00104,4,cat_momentum,0.00193
MED00105,4,cat_momentum,-0.0007
MED00106,4,cat_momentum,-0.00101
MED00107,4,cat_momentum,0.00121
MED00108,4,cat_momentum,0.00324
MED00109,4,cat_momentum,-0.00474
MED00110,4,cat_momentum,-0.0048
MED00111,4,cat_momentum,-0.00201
MED00112,4,cat_momentum,0.00112
MED00113,4,cat_momentum,0.00129
MED00114,4,cat_momentum,-0.00446
MED00115,4,cat_momentum,0.00198
MED00116,4,cat_momentum,-0.00529
MED00117,4,cat_momentum,-0.00158
MED00118,4,cat_momentum,0.00022
MED00119,4,cat_momentum,0.00062
MED00120,4,cat_momentum,-0.00068
MED00121,4,cat_momentum,0.00064
MED00123,4,cat_momentum,0.00122
MED00124,4,cat_momentum,0.00136
MED00125,4,cat_momentum,-0.00212
MED00126,4,cat_momentum,-0.00476
MED00127,4,cat_momentum,0.00014
MED00128,4,cat_momentum,0.00083
MED00129,4,cat_momentum,0.00125
MED00130,4,cat_momentum,-0.00309
MED00131,4,cat_momentum,-0.00018
MED00132,4,cat_momentum,-0.00143
MED00133,4,cat_momentum,-0.00269
MED00134,4,cat_momentum,-0.00493
MED00135,4,cat_momentum,-0.00088
MED00136,4,cat_momentum,-0.00105
MED00137,4,cat_momentum,-0.00103
MED00138,4,cat_momentum,0.00269
MED00139,4,cat_momentum,0.00451
MED00140,4,cat_momentum,0.00143
MED00141,4,cat_momentum,-0.00074
MED00142,4,cat_momentum,-0.00221
MED00143,4,cat_momentum,0.00056
MED00144,4,cat_momentum,0.00082
MED00145,4,cat_momentum,-0.00083
MED00146,4,cat_momentum,0.00227
MED00147,4,cat_momentum,0.00054
MED00148,4,cat_momentum,0.00036
MED00149,4,cat_momentum,0.00099
MED00151,4,cat_momentum,0.00098
MED00152,4,cat_momentum,0.00091
MED00153,4,cat_momentum,0.00069
MED00154,4,cat_momentum,-0.00408
MED00155,4,cat_momentum,0.00141
MED00157,4,cat_momentum,0.0006
MED00158,4,cat_momentum,0.05602
MED00159,4,cat_momentum,-0.00202
MED00160,4,cat_momentum,0.00104
MED00161,4,cat_momentum,0.00112
MED00162,4,cat_momentum,0.00087
MED00163,4,cat_momentum,-0.00241
MED00164,4,cat_momentum,-0.00018
MED00165,4,cat_momentum,0.00084
MED00166,4,cat_momentum,0.00096
MED00167,4,cat_momentum,0.00108
MED00168,4,cat_momentum,0.00138
MED00169,4,cat_momentum,0.00162
MED00170,4,cat_momentum,0.00113
MED00171,4,cat_momentum,0.00076
MED00172,4,cat_momentum,0.00235
MED00173,4,cat_momentum,0.00206
MED00174,4,cat_momentum,-0.00499
MED00175,4,cat_momentum,0.02964
MED00176,4,cat_momentum,-0.00575
MED00177,4,cat_momentum,0.03476
MED00178,4,cat_momentum,0.00231
MED00179,4,cat_momentum,-0.00123
MED00180,4,cat_momentum,0.00185
MED00181,4,cat_momentum,0.00493
MED00182,4,cat_momentum,0.03734
MED00183,4,cat_momentum,0.00312
MED00184,4,cat_momentum,-0.00775
MED00185,4,cat_momentum,0.00142
MED00186,4,cat_momentum,0.00076
MED00187,4,cat_momentum,0.00036
MED00188,4,cat_momentum,0.00147
MED00189,4,cat_momentum,-0.00372
MED00190,4,cat_momentum,0.00125
MED00191,4,cat_momentum,-0.00368
MED00192,4,cat_momentum,-0.00368
MED00193,4,cat_momentum,-0.00377
MED00194,4,cat_momentum,0.00189
MED00195,4,cat_momentum,0.00126
MED00196,4,cat_momentum,0.00067
MED00197,4,cat_momentum,0.00165
MED00198,4,cat_momentum,0.00111
MED00199,4,cat_momentum,0.00114
MED00200,4,cat_momentum,0.00142
MED00201,4,cat_momentum,0.00045
MED00202,4,cat_momentum,0.00133
MED00203,4,cat_momentum,-0.0006
MED00204,4,cat_momentum,0.00156
MED00205,4,cat_momentum,0.00115
MED00206,4,cat_momentum,0.00326
MED00207,4,cat_momentum,0.00072
MED00208,4,cat_momentum,-0.00063
MED00209,4,cat_momentum,0.00404
MED00210,4,cat_momentum,0.01479
MED00211,4,cat_momentum,0.00213
MED00212,4,cat_momentum,0.00065
MED00213,4,cat_momentum,0.00407
MED00214,4,cat_momentum,0.0005
MED00215,4,cat_momentum,0.0004
MED00216,4,cat_momentum,-0.00206
MED00217,4,cat_momentum,-0.0024
MED00218,4,cat_momentum,0.00026
MED00219,4,cat_momentum,-0.00738
MED00220,4,cat_momentum,0.00125
MED00221,4,cat_momentum,0.00329
MED00222,4,cat_momentum,-0.00151
MED00223,4,cat_momentum,-0.00947
MED00224,4,cat_momentum,0.00166
MED00225,4,cat_momentum,-0.0003
MED00226,4,cat_momentum,-0.00014
MED00227,4,cat_momentum,-0.00501
MED00228,4,cat_momentum,0.00114
MED00229,4,cat_momentum,-0.00278
MED00230,4,cat_momentum,-0.00504
MED00231,4,cat_momentum,0.00032
MED00232,4,cat_momentum,0.00469
MED00233,4,cat_momentum,-0.00069
MED00234,4,cat_momentum,0.00053
MED00235,4,cat_momentum,-0.00091
MED00236,4,cat_momentum,-0.00249
MED00237,4,cat_momentum,0.00017
MED00238,4,cat_momentum,0.00051
MED00239,4,cat_momentum,0.00121
MED00240,4,cat_momentum,-0.00063
MED00241,4,cat_momentum,0.0012
MED00243,4,cat_momentum,-0.00415
MED00244,4,cat_momentum,0.00109
MED00245,4,cat_momentum,-0.00012
MED00246,4,cat_momentum,0.00051
MED00247,4,cat_momentum,0.00112
MED00248,4,cat_momentum,-0.00015
MED00249,4,cat_momentum,-0.00486
MED00250,4,cat_momentum,0.0025
MED00251,4,cat_momentum,0.00049
MED00252,4,cat_momentum,0.00038
MED00253,4,cat_momentum,0.0009
MED00254,4,cat_momentum,0.00027
MED00255,4,cat_momentum,0.00289
MED00256,4,cat_momentum,0.00099
MED00257,4,cat_momentum,-0.00024
MED00259,4,cat_momentum,0.00051
MED00260,4,cat_momentum,-0.02653
MED00261,4,cat_momentum,0.0009
MED00262,4,cat_momentum,-0.00023
MED00263,4,cat_momentum,0.00184
MED00264,4,cat_momentum,-0.0048
MED00265,4,cat_momentum,0.00121
MED00266,4,cat_momentum,0.0038
MED00267,4,cat_momentum,0.00019
MED00268,4,cat_momentum,0.00117
MED00269,4,cat_momentum,0.0009
MED00270,4,cat_momentum,0.00238
MED00271,4,cat_momentum,0.00344
MED00273,4,cat_momentum,0.00099
MED00274,4,cat_momentum,-0.00015
MED00275,4,cat_momentum,0.00155
MED00276,4,cat_momentum,0.00075
MED00277,4,cat_momentum,-0.00375
MED00278,4,cat_momentum,0.00078
MED00279,4,cat_momentum,-0.00436
MED00280,4,cat_momentum,-0.00425
MED00281,4,cat_momentum,0.00167
MED00282,4,cat_momentum,0.00048
MED00283,4,cat_momentum,0.00088
MED00284,4,cat_momentum,0.00103
MED00285,4,cat_momentum,0.00098
MED00286,4,cat_momentum,0.0031
MED00287,4,cat_momentum,0.00166
MED00288,4,cat_momentum,-0.00082
MED00289,4,cat_momentum,-0.00028
MED00290,4,cat_momentum,0.00067
MED00291,4,cat_momentum,-0.00328
MED00292,4,cat_momentum,0.00071
MED00293,4,cat_momentum,0.00807
MED00294,4,cat_momentum,0.00022
MED00295,4,cat_momentum,0.03475
MED00296,4,cat_momentum,0.00022
MED00297,4,cat_momentum,0.00153
MED00298,4,cat_momentum,0.00047
MED00299,4,cat_momentum,-0.00088
MED00300,4,cat_momentum,0.00107
MED00301,4,cat_momentum,0.00067
MED00302,4,cat_momentum,-0.00738
MED00303,4,cat_momentum,0.00023
MED00304,4,cat_momentum,-0.00014
MED00305,4,cat_momentum,0.00134
MED00306,4,cat_momentum,0.03358
MED00307,4,cat_momentum,-0.00552
MED00308,4,cat_momentum,0.00147
MED00309,4,cat_momentum,0.0033
MED00310,4,cat_momentum,0.00043
MED00311,4,cat_momentum,0.00013
MED00312,4,cat_momentum,-0.0028
MED00313,4,cat_momentum,0.00151
MED00314,4,cat_momentum,-0.00206
MED00315,4,cat_momentum,0.00119
MED00316,4,cat_momentum,0.00193
MED00317,4,cat_momentum,0.00096
MED00318,4,cat_momentum,-0.00012
MED00319,4,cat_momentum,0.00036
MED00320,4,cat_momentum,-0.00436
MED00321,4,cat_momentum,0.00105
MED00322,4,cat_momentum,-0.00312
MED00323,4,cat_momentum,-0.00028
MED00324,4,cat_momentum,0.00262
MED00325,4,cat_momentum,0.00094
MED00326,4,cat_momentum,0.00138
MED00327,4,cat_momentum,0.00106
MED00328,4,cat_momentum,0.00013
MED00329,4,cat_momentum,0.00041
MED00330,4,cat_momentum,0.0002
MED00331,4,cat_momentum,0.00114
MED00332,4,cat_momentum,0.00201
MED00333,4,cat_momentum,0.00269
MED00334,4,cat_momentum,-0.0051
MED00335,4,cat_momentum,-0.00029
MED00336,4,cat_momentum,0.00087
MED00337,4,cat_momentum,-0.00107
MED00338,4,cat_momentum,-0.00039
MED00340,4,cat_momentum,0.017
MED00341,4,cat_momentum,-0.00097
MED00342,4,cat_momentum,0.00052
MED00343,4,cat_momentum,0.00198
MED00344,4,cat_momentum,0.00044
MED00345,4,cat_momentum,-0.00139
MED00346,4,cat_momentum,0.00154
MED00347,4,cat_momentum,-0.00309
MED00348,4,cat_momentum,0.00098
MED00349,4,cat_momentum,0.00078
MED00350,4,cat_momentum,0.00364
MED00351,4,cat_momentum,-0.00506
MED00352,4,cat_momentum,-0.00315
MED00353,4,cat_momentum,0.00663
MED00354,4,cat_momentum,-0.00093
MED00355,4,cat_momentum,0.00507
MED00356,4,cat_momentum,0.00104
MED00357,4,cat_momentum,-0.00173
MED00358,4,cat_momentum,0.00025
MED00359,4,cat_momentum,0.00109
MED00360,4,cat_momentum,0.00823
MED00361,4,cat_momentum,0.00198
MED00362,4,cat_momentum,0.00075
MED00363,4,cat_momentum,0.00064
MED00364,4,cat_momentum,-0.00314
MED00365,4,cat_momentum,0.00054
MED00366,4,cat_momentum,0.00117
MED00367,4,cat_momentum,0.00102
MED00368,4,cat_momentum,0.00321
MED00369,4,cat_momentum,0.00048
MED00370,4,cat_momentum,0.02347
MED00371,4,cat_momentum,-0.00183
MED00372,4,cat_momentum,-0.00199
MED00373,4,cat_momentum,-0.00197
MED00374,4,cat_momentum,0.00158
MED00375,4,cat_momentum,-0.00501
MED00376,4,cat_momentum,0.001
MED00377,4,cat_momentum,0.01395
MED00378,4,cat_momentum,0.00051
MED00379,4,cat_momentum,0.00096
MED00380,4,cat_momentum,-0.00479
MED00381,4,cat_momentum,0.00049
MED00383,4,cat_momentum,0.00069
MED00384,4,cat_momentum,0.00052
MED00385,4,cat_momentum,0.00211
MED00386,4,cat_momentum,0.00168
MED00387,4,cat_momentum,-0.00391
MED00388,4,cat_momentum,0.00048
MED00389,4,cat_momentum,0.00097
MED00390,4,cat_momentum,0.00166
MED00391,4,cat_momentum,0.00157
MED00392,4,cat_momentum,0.00195
MED00393,4,cat_momentum,0.00586
MED00394,4,cat_momentum,0.00189
MED00395,4,cat_momentum,0.00224
MED00397,4,cat_momentum,-0.00074
MED00398,4,cat_momentum,-0.00324
MED00399,4,cat_momentum,-0.00824
MED00400,4,cat_momentum,-0.00681
MED00401,4,cat_momentum,0.00541
MED00402,4,cat_momentum,0.00418
MED00403,4,cat_momentum,-0.00782
MED00404,4,cat_momentum,-0.00265
MED00405,4,cat_momentum,-0.00446
MED00406,4,cat_momentum,-0.00382
MED00407,4,cat_momentum,0.00423
MED00408,4,cat_momentum,0.00331
MED00409,4,cat_momentum,0.00885
MED00410,4,cat_momentum,0.0035
MED00411,4,cat_momentum,0.00035
MED00412,4,cat_momentum,0.00087
MED00413,4,cat_momentum,0.00377
MED00414,4,cat_momentum,0.00143
MED00415,4,cat_momentum,0.00076
MED00416,4,cat_momentum,0.00073
MED00417,4,cat_momentum,0.00195
MED00418,4,cat_momentum,0.00108
MED00419,4,cat_momentum,0.00163
MED00420,4,cat_momentum,0.00529
MED00421,4,cat_momentum,0.00404
MED00422,4,cat_momentum,0.00113
MED00423,4,cat_momentum,0.00105
MED00424,4,cat_momentum,-0.00153
MED00001,5,cat_momentum,0.00071
MED00002,5,cat_momentum,-0.00382
MED00003,5,cat_momentum,-0.00397
MED00004,5,cat_momentum,-0.00071
MED00005,5,cat_momentum,0.00134
MED00006,5,cat_momentum,-0.00027
MED00007,5,cat_momentum,0.00144
MED00008,5,cat_momentum,-0.00135
MED00009,5,cat_momentum,0.00027
MED00010,5,cat_momentum,-0.00138
MED00011,5,cat_momentum,-0.01311
MED00012,5,cat_momentum,-0.00041
MED00013,5,cat_momentum,0.00075
MED00014,5,cat_momentum,-0.00401
MED00015,5,cat_momentum,-0.00168
MED00017,5,cat_momentum,-0.00012
MED00018,5,cat_momentum,-0.00693
MED00019,5,cat_momentum,-0.00492
MED00020,5,cat_momentum,-0.00725
MED00021,5,cat_momentum,-0.00092
MED00022,5,cat_momentum,-0.00086
MED00023,5,cat_momentum,0.0012
MED00024,5,cat_momentum,-0.00018
MED00025,5,cat_momentum,0.04213
MED00026,5,cat_momentum,0.06369
MED00027,5,cat_momentum,0.04084
MED00028,5,cat_momentum,-0.0012
MED00029,5,cat_momentum,-0.00039
MED00030,5,cat_momentum,-0.00053
MED00031,5,cat_momentum,0.00038
MED00032,5,cat_momentum,0.00101
MED00033,5,cat_momentum,-0.00056
MED00034,5,cat_momentum,-0.00078
MED00035,5,cat_momentum,0.01282
MED00036,5,cat_momentum,0.00187
MED00037,5,cat_momentum,0.00228
MED00038,5,cat_momentum,0.00085
MED00039,5,cat_momentum,0.01976
MED00040,5,cat_momentum,0.00027
MED00041,5,cat_momentum,-0.00282
MED00042,5,cat_momentum,0.03878
MED00043,5,cat_momentum,-0.00191
MED00044,5,cat_momentum,-0.0008
MED00045,5,cat_momentum,0.00019
MED00046,5,cat_momentum,-0.00163
MED00047,5,cat_momentum,0.00075
MED00048,5,cat_momentum,0.00124
MED00049,5,cat_momentum,-0.00323
MED00050,5,cat_momentum,0.00123
MED00051,5,cat_momentum,-0.00282
MED00052,5,cat_momentum,-0.00043
MED00053,5,cat_momentum,0.00331
MED00054,5,cat_momentum,0.0045
MED00055,5,cat_momentum,0.03015
MED00056,5,cat_momentum,-0.00175
MED00057,5,cat_momentum,-0.00149
MED00059,5,cat_momentum,0.00981
MED00061,5,cat_momentum,-0.00011
MED00062,5,cat_momentum,0.0023
MED00063,5,cat_momentum,-0.00325
MED00064,5,cat_momentum,-0.00429
MED00065,5,cat_momentum,-0.00149
MED00066,5,cat_momentum,-0.00187
MED00067,5,cat_momentum,0.00033
MED00068,5,cat_momentum,-0.00013
MED00069,5,cat_momentum,-0.00049
MED00070,5,cat_momentum,0.00124
MED00071,5,cat_momentum,-0.00032
MED00072,5,cat_momentum,-0.00125
MED00073,5,cat_momentum,-0.00076
MED00075,5,cat_momentum,0.00475
MED00076,5,cat_momentum,-0.00306
MED00077,5,cat_momentum,0.0022
MED00078,5,cat_momentum,0.00074
MED00079,5,cat_momentum,-0.00172
MED00080,5,cat_momentum,-0.00097
MED00081,5,cat_momentum,-0.00218
MED00082,5,cat_momentum,-0.00043
MED00083,5,cat_momentum,-0.00058
MED00084,5,cat_momentum,-0.0055
MED00085,5,cat_momentum,0.00098
MED00086,5,cat_momentum,-0.00067
MED00087,5,cat_momentum,-0.00037
MED00088,5,cat_momentum,-0.00467
MED00089,5,cat_momentum,-0.00186
MED00090,5,cat_momentum,0.0031
MED00091,5,cat_momentum,-0.00071
MED00092,5,cat_momentum,-0.00011
MED00093,5,cat_momentum,0.05272
MED00094,5,cat_momentum,0.01846
MED00096,5,cat_momentum,-0.00598
MED00097,5,cat_momentum,-0.00093
MED00098,5,cat_momentum,0.00065
MED00099,5,cat_momentum,0.04052
MED00100,5,cat_momentum,-0.00104
MED00101,5,cat_momentum,0.00092
MED00102,5,cat_momentum,0.00328
MED00103,5,cat_momentum,0.00049
MED00104,5,cat_momentum,0.00127
MED00105,5,cat_momentum,-0.00138
MED00106,5,cat_momentum,-0.00122
MED00107,5,cat_momentum,0.00069
MED00108,5,cat_momentum,0.00253
MED00109,5,cat_momentum,-0.00583
MED00110,5,cat_momentum,-0.00585
MED00111,5,cat_momentum,-0.00044
MED00112,5,cat_momentum,0.00046
MED00113,5,cat_momentum,0.00033
MED00114,5,cat_momentum,-0.00459
MED00115,5,cat_momentum,0.00136
MED00116,5,cat_momentum,-0.005
MED00117,5,cat_momentum,-0.00075
MED00118,5,cat_momentum,-0.00074
MED00119,5,cat_momentum,-1e-04
MED00120,5,cat_momentum,-0.00161
MED00122,5,cat_momentum,-0.00046
MED00123,5,cat_momentum,-0.00141
MED00124,5,cat_momentum,0.0007
MED00125,5,cat_momentum,-0.00134
MED00126,5,cat_momentum,-0.0059
MED00127,5,cat_momentum,-0.00109
MED00129,5,cat_momentum,0.00035
MED00130,5,cat_momentum,-0.0033
MED00131,5,cat_momentum,-0.00051
MED00132,5,cat_momentum,-0.00223
MED00133,5,cat_momentum,-0.00249
MED00134,5,cat_momentum,-0.00689
MED00135,5,cat_momentum,-0.0018
MED00136,5,cat_momentum,-0.00045
MED00137,5,cat_momentum,-0.00179
MED00138,5,cat_momentum,0.00188
MED00140,5,cat_momentum,0.00059
MED00141,5,cat_momentum,-0.0015
MED00142,5,cat_momentum,-0.00114
MED00143,5,cat_momentum,-0.00021
MED00144,5,cat_momentum,0.00032
MED00145,5,cat_momentum,-0.00073
MED00146,5,cat_momentum,0.00151
MED00147,5,cat_momentum,-0.00039
MED00148,5,cat_momentum,0.00056
MED00149,5,cat_momentum,0.00037
MED00150,5,cat_momentum,-0.00087
MED00151,5,cat_momentum,0.00021
MED00152,5,cat_momentum,0.00016
MED00154,5,cat_momentum,-0.00443
MED00155,5,cat_momentum,0.00061
MED00156,5,cat_momentum,0.00016
MED00158,5,cat_momentum,0.06653
MED00159,5,cat_momentum,-0.0033
MED00160,5,cat_momentum,0.00042
MED00161,5,cat_momentum,0.00092
MED00162,5,cat_momentum,-0.0004
MED00163,5,cat_momentum,-0.00209
MED00164,5,cat_momentum,-0.00055
MED00165,5,cat_momentum,0.00081
MED00166,5,cat_momentum,-0.00039
MED00167,5,cat_momentum,0.00025
MED00169,5,cat_momentum,0.00078
MED00170,5,cat_momentum,0.00021
MED00172,5,cat_momentum,0.00212
MED00173,5,cat_momentum,0.00103
MED00174,5,cat_momentum,-0.00508
MED00175,5,cat_momentum,0.02476
MED00176,5,cat_momentum,-0.00605
MED00177,5,cat_momentum,0.03376
MED00178,5,cat_momentum,0.00139
MED00179,5,cat_momentum,0.00179
MED00180,5,cat_momentum,0.00014
MED00181,5,cat_momentum,0.00054
MED00182,5,cat_momentum,0.03731
MED00183,5,cat_momentum,0.00168
MED00184,5,cat_momentum,-0.00333
MED00185,5,cat_momentum,0.00124
MED00187,5,cat_momentum,-0.00054
MED00188,5,cat_momentum,0.00079
MED00189,5,cat_momentum,-0.00322
MED00190,5,cat_momentum,0.00066
MED00191,5,cat_momentum,-0.00398
MED00192,5,cat_momentum,-0.00309
MED00193,5,cat_momentum,-0.00397
MED00194,5,cat_momentum,0.00217
MED00195,5,cat_momentum,0.00159
MED00196,5,cat_momentum,0.00087
MED00197,5,cat_momentum,0.00202
MED00198,5,cat_momentum,0.00034
MED00199,5,cat_momentum,0.00078
MED00201,5,cat_momentum,0.0004
MED00203,5,cat_momentum,-0.00124
MED00204,5,cat_momentum,-0.00013
MED00205,5,cat_momentum,0.0009
MED00206,5,cat_momentum,0.00293
MED00208,5,cat_momentum,-0.00145
MED00209,5,cat_momentum,0.00329
MED00210,5,cat_momentum,0.01589
MED00211,5,cat_momentum,0.00116
MED00212,5,cat_momentum,-0.00093
MED00213,5,cat_momentum,-0.00682
MED00214,5,cat_momentum,0.00032
MED00215,5,cat_momentum,-0.00031
MED00216,5,cat_momentum,-0.00189
MED00217,5,cat_momentum,-0.00126
MED00219,5,cat_momentum,-0.00888
MED00221,5,cat_momentum,-0.00099
MED00222,5,cat_momentum,-0.00073
MED00223,5,cat_momentum,-0.00518
MED00225,5,cat_momentum,-0.00062
MED00226,5,cat_momentum,-0.00147
MED00227,5,cat_momentum,-0.00542
MED00228,5,cat_momentum,0.00084
MED00229,5,cat_momentum,-0.00426
MED00230,5,cat_momentum,-0.00536
MED00231,5,cat_momentum,-0.00052
MED00232,5,cat_momentum,0.0002
MED00233,5,cat_momentum,-0.00049
MED00234,5,cat_momentum,-0.00026
MED00235,5,cat_momentum,-0.00112
MED00236,5,cat_momentum,-0.00162
MED00237,5,cat_momentum,-0.00059
MED00238,5,cat_momentum,-0.00032
MED00239,5,cat_momentum,0.00049
MED00240,5,cat_momentum,-0.00104
MED00241,5,cat_momentum,0.00053
MED00243,5,cat_momentum,-0.00371
MED00244,5,cat_momentum,-0.00018
MED00245,5,cat_momentum,-0.00369
MED00246,5,cat_momentum,-0.00014
MED00247,5,cat_momentum,0.00039
MED00248,5,cat_momentum,-0.00046
MED00249,5,cat_momentum,-0.00856
MED00250,5,cat_momentum,0.00113
MED00251,5,cat_momentum,-0.0002
MED00252,5,cat_momentum,0.00066
MED00253,5,cat_momentum,0.0004
MED00254,5,cat_momentum,0.00055
MED00255,5,cat_momentum,0.00287
MED00256,5,cat_momentum,0.00022
MED00257,5,cat_momentum,-0.00104
MED00258,5,cat_momentum,-0.00022
MED00259,5,cat_momentum,-0.00031
MED00260,5,cat_momentum,-0.02429
MED00261,5,cat_momentum,0.00077
MED00262,5,cat_momentum,-0.00085
MED00263,5,cat_momentum,0.00104
MED00264,5,cat_momentum,-0.00597
MED00265,5,cat_momentum,0.00054
MED00266,5,cat_momentum,0.00284
MED00267,5,cat_momentum,-0.00049
MED00268,5,cat_momentum,0.00028
MED00269,5,cat_momentum,0.00016
MED00270,5,cat_momentum,0.00149
MED00271,5,cat_momentum,0.0028
MED00272,5,cat_momentum,-0.00013
MED00273,5,cat_momentum,0.00057
MED00274,5,cat_momentum,-0.00202
MED00275,5,cat_momentum,0.0013
MED00277,5,cat_momentum,-0.00324
MED00278,5,cat_momentum,0.00046
MED00279,5,cat_momentum,-0.00457
MED00280,5,cat_momentum,-0.0031
MED00281,5,cat_momentum,0.0014
MED00282,5,cat_momentum,0.00027
MED00283,5,cat_momentum,-0.00139
MED00285,5,cat_momentum,0.00038
MED00286,5,cat_momentum,0.00335
MED00287,5,cat_momentum,0.00089
MED00288,5,cat_momentum,-0.00473
MED00289,5,cat_momentum,-0.0012
MED00290,5,cat_momentum,-0.00012
MED00291,5,cat_momentum,-0.00267
MED00292,5,cat_momentum,-0.00033
MED00293,5,cat_momentum,0.00884
MED00294,5,cat_momentum,-0.00111
MED00295,5,cat_momentum,0.03245
MED00297,5,cat_momentum,0.00096
MED00298,5,cat_momentum,-0.00029
MED00299,5,cat_momentum,-0.00243
MED00300,5,cat_momentum,-0.00029
MED00302,5,cat_momentum,-0.00307
MED00303,5,cat_momentum,-0.00067
MED00304,5,cat_momentum,-0.0008
MED00306,5,cat_momentum,0.02936
MED00307,5,cat_momentum,-0.00529
MED00308,5,cat_momentum,0.00842
MED00309,5,cat_momentum,-0.00095
MED00310,5,cat_momentum,0.00027
MED00311,5,cat_momentum,-0.00021
MED00312,5,cat_momentum,-0.00359
MED00313,5,cat_momentum,-0.0003
MED00314,5,cat_momentum,-0.00301
MED00315,5,cat_momentum,0.00044
MED00316,5,cat_momentum,0.00111
MED00317,5,cat_momentum,-0.00032
MED00318,5,cat_momentum,-0.0006
MED00319,5,cat_momentum,-0.00036
MED00320,5,cat_momentum,-0.00361
MED00322,5,cat_momentum,-0.00333
MED00323,5,cat_momentum,-0.0017
MED00324,5,cat_momentum,0.00247
MED00325,5,cat_momentum,0.00067
MED00326,5,cat_momentum,0.00066
MED00327,5,cat_momentum,0.00016
MED00328,5,cat_momentum,-0.00047
MED00329,5,cat_momentum,-0.00029
MED00330,5,cat_momentum,-0.00017
MED00331,5,cat_momentum,0.00027
MED00332,5,cat_momentum,0.00121
MED00333,5,cat_momentum,0.00187
MED00334,5,cat_momentum,-0.00488
MED00335,5,cat_momentum,-0.00082
MED00336,5,cat_momentum,0.00049
MED00337,5,cat_momentum,-0.00477
MED00338,5,cat_momentum,-0.00156
MED00339,5,cat_momentum,-0.00032
MED00340,5,cat_momentum,0.0132
MED00341,5,cat_momentum,-0.00163
MED00343,5,cat_momentum,0.00127
MED00344,5,cat_momentum,0.00056
MED00345,5,cat_momentum,-0.0016
MED00346,5,cat_momentum,0.00086
MED00347,5,cat_momentum,-0.00258
MED00348,5,cat_momentum,0.00023
MED00350,5,cat_momentum,0.0026
MED00351,5,cat_momentum,-0.0061
MED00352,5,cat_momentum,-0.00546
MED00353,5,cat_momentum,-0.00429
MED00354,5,cat_momentum,-0.00204
MED00355,5,cat_momentum,0.00898
MED00357,5,cat_momentum,-0.00142
MED00358,5,cat_momentum,0.00023
MED00359,5,cat_momentum,-0.00027
MED00360,5,cat_momentum,0.00894
MED00361,5,cat_momentum,0.00114
MED00362,5,cat_momentum,0.00034
MED00363,5,cat_momentum,-0.00011
MED00364,5,cat_momentum,-0.00264
MED00365,5,cat_momentum,-0.00013
MED00366,5,cat_momentum,0.00038
MED00367,5,cat_momentum,-0.00023
MED00368,5,cat_momentum,0.00238
MED00369,5,cat_momentum,-0.0002
MED00370,5,cat_momentum,0.02866
MED00371,5,cat_momentum,-0.00324
MED00372,5,cat_momentum,-0.0014
MED00373,5,cat_momentum,-0.00044
MED00374,5,cat_momentum,0.00137
MED00375,5,cat_momentum,-0.00529
MED00376,5,cat_momentum,-0.00026
MED00377,5,cat_momentum,0.01748
MED00378,5,cat_momentum,-0.00029
MED00379,5,cat_momentum,-0.00021
MED00380,5,cat_momentum,-0.00584
MED00381,5,cat_momentum,-0.00044
MED00382,5,cat_momentum,-0.00091
MED00384,5,cat_momentum,-0.00035
MED00385,5,cat_momentum,0.00134
MED00386,5,cat_momentum,0.00095
MED00387,5,cat_momentum,-0.00407
MED00388,5,cat_momentum,-0.00423
MED00390,5,cat_momentum,0.00213
MED00391,5,cat_momentum,0.00245
MED00392,5,cat_momentum,0.00293
MED00393,5,cat_momentum,0.00611
MED00394,5,cat_momentum,0.00616
MED00395,5,cat_momentum,0.00261
MED00396,5,cat_momentum,0.0007
MED00397,5,cat_momentum,-0.00439
MED00398,5,cat_momentum,-0.00719
MED00399,5,cat_momentum,-0.01199
MED00400,5,cat_momentum,-0.00466
MED00401,5,cat_momentum,0.01039
MED00402,5,cat_momentum,0.00548
MED00403,5,cat_momentum,-0.00335
MED00404,5,cat_momentum,-0.00263
MED00405,5,cat_momentum,-0.00474
MED00406,5,cat_momentum,-0.00447
MED00407,5,cat_momentum,0.00569
MED00408,5,cat_momentum,0.00385
MED00409,5,cat_momentum,0.01273
MED00410,5,cat_momentum,0.0034
MED00411,5,cat_momentum,0.00043
MED00412,5,cat_momentum,0.00103
MED00414,5,cat_momentum,0.00124
MED00415,5,cat_momentum,0.00108
MED00416,5,cat_momentum,0.00066
MED00417,5,cat_momentum,0.00167
MED00418,5,cat_momentum,0.00096
MED00419,5,cat_momentum,0.00148
MED00420,5,cat_momentum,0.00672
MED00421,5,cat_momentum,0.00486
MED00422,5,cat_momentum,0.00072
MED00423,5,cat_momentum,0.00029
MED00424,5,cat_momentum,-0.00481
MED00001,6,cat_momentum,-0.00029
MED00002,6,cat_momentum,-0.00414
MED00003,6,cat_momentum,-0.00433
MED00004,6,cat_momentum,-0.00108
MED00005,6,cat_momentum,0.00095
MED00006,6,cat_momentum,-0.00042
MED00007,6,cat_momentum,0.0012
MED00008,6,cat_momentum,-0.00163
MED00010,6,cat_momentum,-0.00084
MED00011,6,cat_momentum,-0.0111
MED00012,6,cat_momentum,-0.00074
MED00013,6,cat_momentum,0.00036
MED00014,6,cat_momentum,-0.00204
MED00015,6,cat_momentum,-0.00193
MED00016,6,cat_momentum,-0.0004
MED00017,6,cat_momentum,-0.00035
MED00018,6,cat_momentum,-0.0066
MED00019,6,cat_momentum,-0.00459
MED00020,6,cat_momentum,-0.00376
MED00021,6,cat_momentum,-0.00119
MED00022,6,cat_momentum,-0.0011
MED00023,6,cat_momentum,0.00096
MED00024,6,cat_momentum,-0.00036
MED00025,6,cat_momentum,0.04267
MED00026,6,cat_momentum,0.06454
MED00027,6,cat_momentum,0.04188
MED00028,6,cat_momentum,-0.00151
MED00029,6,cat_momentum,-0.00174
MED00030,6,cat_momentum,-0.00077
MED00032,6,cat_momentum,0.00072
MED00033,6,cat_momentum,-0.00095
MED00034,6,cat_momentum,-0.00341
MED00035,6,cat_momentum,0.01377
MED00036,6,cat_momentum,0.00227
MED00037,6,cat_momentum,0.00199
MED00038,6,cat_momentum,-0.00036
MED00039,6,cat_momentum,0.02231
MED00041,6,cat_momentum,-0.00306
MED00042,6,cat_momentum,0.04514
MED00043,6,cat_momentum,-0.00231
MED00044,6,cat_momentum,-0.00103
MED00046,6,cat_momentum,-0.00196
MED00047,6,cat_momentum,0.00048
MED00048,6,cat_momentum,0.00015
MED00049,6,cat_momentum,-0.00366
MED00050,6,cat_momentum,0.00071
MED00051,6,cat_momentum,-0.00314
MED00052,6,cat_momentum,-0.00068
MED00053,6,cat_momentum,0.0023
MED00054,6,cat_momentum,0.00319
MED00055,6,cat_momentum,0.03126
MED00056,6,cat_momentum,-0.00199
MED00057,6,cat_momentum,-0.00184
MED00058,6,cat_momentum,-0.00035
MED00059,6,cat_momentum,0.00874
MED00060,6,cat_momentum,-0.00034
MED00061,6,cat_momentum,-0.00035
MED00062,6,cat_momentum,-0.00132
MED00063,6,cat_momentum,-0.00367
MED00064,6,cat_momentum,-0.00233
MED00065,6,cat_momentum,-0.00117
MED00066,6,cat_momentum,-0.00212
MED00067,6,cat_momentum,0.00011
MED00068,6,cat_momentum,-0.0004
MED00069,6,cat_momentum,-0.00072
MED00070,6,cat_momentum,-0.00239
MED00071,6,cat_momentum,-0.00053
MED00072,6,cat_momentum,-0.00148
MED00073,6,cat_momentum,-0.00111
MED00074,6,cat_momentum,-0.00025
MED00075,6,cat_momentum,0.00447
MED00076,6,cat_momentum,-0.0033
MED00077,6,cat_momentum,0.0019
MED00078,6,cat_momentum,0.00023
MED00079,6,cat_momentum,-0.00075
MED00080,6,cat_momentum,-0.00119
MED00081,6,cat_momentum,-0.00256
MED00082,6,cat_momentum,-0.0007
MED00083,6,cat_momentum,-0.00093
MED00084,6,cat_momentum,-0.00513
MED00085,6,cat_momentum,0.00069
MED00086,6,cat_momentum,-0.00096
MED00087,6,cat_momentum,-0.00062
MED00088,6,cat_momentum,-0.00272
MED00089,6,cat_momentum,-0.00123
MED00090,6,cat_momentum,0.00274
MED00091,6,cat_momentum,-0.00091
MED00092,6,cat_momentum,-0.0004
MED00093,6,cat_momentum,0.05376
MED00094,6,cat_momentum,0.01947
MED00095,6,cat_momentum,-0.0003
MED00096,6,cat_momentum,-0.00388
MED00097,6,cat_momentum,-0.00122
MED00098,6,cat_momentum,-0.00034
MED00099,6,cat_momentum,0.04138
MED00100,6,cat_momentum,-0.00138
MED00101,6,cat_momentum,0.00077
MED00102,6,cat_momentum,0.00299
MED00103,6,cat_momentum,0.00016
MED00104,6,cat_momentum,0.0002
MED00105,6,cat_momentum,-0.00259
MED00106,6,cat_momentum,-0.00164
MED00107,6,cat_momentum,-0.00039
MED00108,6,cat_momentum,0.00219
MED00109,6,cat_momentum,-0.00618
MED00110,6,cat_momentum,-0.00623
MED00111,6,cat_momentum,-0.00083
MED00112,6,cat_momentum,0.00023
MED00114,6,cat_momentum,-0.00252
MED00115,6,cat_momentum,0.00112
MED00116,6,cat_momentum,-0.00302
MED00117,6,cat_momentum,-0.00042
MED00118,6,cat_momentum,-0.0009
MED00119,6,cat_momentum,-0.00048
MED00120,6,cat_momentum,-0.00095
MED00121,6,cat_momentum,-0.00039
MED00122,6,cat_momentum,-0.00068
MED00123,6,cat_momentum,-0.00167
MED00124,6,cat_momentum,-0.00038
MED00125,6,cat_momentum,-0.00173
MED00126,6,cat_momentum,-0.00629
MED00127,6,cat_momentum,-0.00135
MED00128,6,cat_momentum,-0.0002
MED00129,6,cat_momentum,0.00011
MED00130,6,cat_momentum,-0.00372
MED00131,6,cat_momentum,-0.00079
MED00132,6,cat_momentum,-0.00356
MED00133,6,cat_momentum,-0.00273
MED00134,6,cat_momentum,-0.00727
MED00135,6,cat_momentum,-0.00105
MED00136,6,cat_momentum,-0.00074
MED00137,6,cat_momentum,-0.00141
MED00138,6,cat_momentum,0.00166
MED00139,6,cat_momentum,-0.00047
MED00140,6,cat_momentum,0.00037
MED00141,6,cat_momentum,-0.00184
MED00142,6,cat_momentum,-0.00136
MED00143,6,cat_momentum,-0.00037
MED00144,6,cat_momentum,-0.00081
MED00145,6,cat_momentum,-0.00098
MED00146,6,cat_momentum,0.00123
MED00147,6,cat_momentum,-0.0007
MED00148,6,cat_momentum,0.00022
MED00150,6,cat_momentum,-0.00113
MED00153,6,cat_momentum,-0.00026
MED00154,6,cat_momentum,-0.00215
MED00155,6,cat_momentum,0.00032
MED00157,6,cat_momentum,-0.00032
MED00158,6,cat_momentum,0.06757
MED00159,6,cat_momentum,-0.00133
MED00160,6,cat_momentum,0.00015
MED00161,6,cat_momentum,-0.00013
MED00162,6,cat_momentum,-0.00065
MED00163,6,cat_momentum,-0.00252
MED00164,6,cat_momentum,-0.00085
MED00165,6,cat_momentum,-0.00303
MED00166,6,cat_momentum,-0.00065
MED00168,6,cat_momentum,-0.0003
MED00169,6,cat_momentum,0.00059
MED00171,6,cat_momentum,-0.00029
MED00172,6,cat_momentum,0.00193
MED00173,6,cat_momentum,0.00078
MED00174,6,cat_momentum,-0.0031
MED00175,6,cat_momentum,0.02608
MED00176,6,cat_momentum,-0.00404
MED00177,6,cat_momentum,0.03435
MED00178,6,cat_momentum,0.00116
MED00179,6,cat_momentum,0.00211
MED00180,6,cat_momentum,-0.0002
MED00182,6,cat_momentum,0.03835
MED00183,6,cat_momentum,-0.00225
MED00184,6,cat_momentum,-0.00236
MED00185,6,cat_momentum,0.00101
MED00187,6,cat_momentum,-0.00077
MED00188,6,cat_momentum,0.00051
MED00189,6,cat_momentum,-0.0036
MED00190,6,cat_momentum,0.00042
MED00191,6,cat_momentum,-0.00174
MED00192,6,cat_momentum,-0.00347
MED00193,6,cat_momentum,-0.0044
MED00194,6,cat_momentum,0.00114
MED00195,6,cat_momentum,0.00048
MED00196,6,cat_momentum,-0.00011
MED00197,6,cat_momentum,0.00097
MED00199,6,cat_momentum,0.00058
MED00200,6,cat_momentum,-0.00028
MED00201,6,cat_momentum,-0.00037
MED00202,6,cat_momentum,-0.00036
MED00203,6,cat_momentum,-0.00148
MED00204,6,cat_momentum,-0.00046
MED00205,6,cat_momentum,-0.00031
MED00206,6,cat_momentum,0.00247
MED00207,6,cat_momentum,-0.00019
MED00208,6,cat_momentum,-0.00266
MED00209,6,cat_momentum,0.00304
MED00210,6,cat_momentum,0.0172
MED00211,6,cat_momentum,0.00083
MED00212,6,cat_momentum,-0.00118
MED00213,6,cat_momentum,-0.00726
MED00214,6,cat_momentum,-0.00075
MED00215,6,cat_momentum,-0.00054
MED00216,6,cat_momentum,-0.00231
MED00217,6,cat_momentum,-0.00151
MED00218,6,cat_momentum,-0.00026
MED00219,6,cat_momentum,-0.00675
MED00220,6,cat_momentum,-0.00039
MED00221,6,cat_momentum,-0.00158
MED00222,6,cat_momentum,-0.00095
MED00223,6,cat_momentum,-0.00251
MED00224,6,cat_momentum,-0.00035
MED00225,6,cat_momentum,-0.00096
MED00226,6,cat_momentum,-0.0018
MED00227,6,cat_momentum,-0.00333
MED00228,6,cat_momentum,0.00055
MED00229,6,cat_momentum,-0.00463
MED00230,6,cat_momentum,-0.00327
MED00231,6,cat_momentum,-0.00081
MED00232,6,cat_momentum,-0.00035
MED00233,6,cat_momentum,-0.00073
MED00234,6,cat_momentum,-0.00055
MED00235,6,cat_momentum,-0.00079
MED00236,6,cat_momentum,-0.00123
MED00237,6,cat_momentum,-0.00073
MED00238,6,cat_momentum,-0.00055
MED00239,6,cat_momentum,0.00035
MED00240,6,cat_momentum,-0.00138
MED00241,6,cat_momentum,0.0003
MED00242,6,cat_momentum,-0.00103
MED00243,6,cat_momentum,-0.00403
MED00244,6,cat_momentum,-0.00044
MED00245,6,cat_momentum,-0.00334
MED00246,6,cat_momentum,-0.00049
MED00247,6,cat_momentum,-0.00081
MED00248,6,cat_momentum,-0.00074
MED00249,6,cat_momentum,-0.00656
MED00250,6,cat_momentum,-0.00267
MED00251,6,cat_momentum,-0.00038
MED00252,6,cat_momentum,0.00046
MED00254,6,cat_momentum,0.00035
MED00255,6,cat_momentum,0.00251
MED00257,6,cat_momentum,-0.0013
MED00258,6,cat_momentum,-0.00049
MED00259,6,cat_momentum,-0.00061
MED00260,6,cat_momentum,-0.0239
MED00261,6,cat_momentum,0.00093
MED00262,6,cat_momentum,-0.00113
MED00263,6,cat_momentum,0.00068
MED00264,6,cat_momentum,-0.00632
MED00265,6,cat_momentum,-0.00045
MED00266,6,cat_momentum,0.00359
MED00267,6,cat_momentum,-0.00083
MED00270,6,cat_momentum,0.0012
MED00271,6,cat_momentum,0.00295
MED00272,6,cat_momentum,-0.0004
MED00273,6,cat_momentum,0.00015
MED00274,6,cat_momentum,-0.00228
MED00275,6,cat_momentum,0.00031
MED00276,6,cat_momentum,-0.00033
MED00277,6,cat_momentum,-0.00362
MED00278,6,cat_momentum,-0.0006
MED00279,6,cat_momentum,-0.00262
MED00280,6,cat_momentum,-0.00335
MED00281,6,cat_momentum,0.00021
MED00283,6,cat_momentum,-0.00163
MED00284,6,cat_momentum,-0.00025
MED00286,6,cat_momentum,0.00301
MED00287,6,cat_momentum,0.00045
MED00288,6,cat_momentum,-0.0044
MED00289,6,cat_momentum,-0.00155
MED00290,6,cat_momentum,-0.00036
MED00291,6,cat_momentum,-0.0018
MED00292,6,cat_momentum,-0.00061
MED00293,6,cat_momentum,0.00852
MED00294,6,cat_momentum,-0.00137
MED00295,6,cat_momentum,0.03399
MED00296,6,cat_momentum,-0.00025
MED00298,6,cat_momentum,-0.00057
MED00299,6,cat_momentum,-0.00273
MED00300,6,cat_momentum,-0.00063
MED00301,6,cat_momentum,-0.00038
MED00302,6,cat_momentum,-0.00205
MED00303,6,cat_momentum,-0.00096
MED00304,6,cat_momentum,-0.00107
MED00305,6,cat_momentum,-0.00034
MED00306,6,cat_momentum,0.03028
MED00307,6,cat_momentum,-0.00333
MED00308,6,cat_momentum,0.00886
MED00309,6,cat_momentum,-0.00146
MED00311,6,cat_momentum,-0.00072
MED00312,6,cat_momentum,-0.00386
MED00313,6,cat_momentum,-0.00054
MED00314,6,cat_momentum,-0.00234
MED00315,6,cat_momentum,-0.00054
MED00316,6,cat_momentum,0.00083
MED00317,6,cat_momentum,-0.00058
MED00318,6,cat_momentum,-0.00089
MED00319,6,cat_momentum,-0.00158
MED00320,6,cat_momentum,-0.00299
MED00321,6,cat_momentum,-0.00019
MED00322,6,cat_momentum,-0.00375
MED00323,6,cat_momentum,-0.00196
MED00324,6,cat_momentum,0.00228
MED00325,6,cat_momentum,-0.00033
MED00326,6,cat_momentum,-0.00036
MED00327,6,cat_momentum,-0.00011
MED00328,6,cat_momentum,-0.00074
MED00329,6,cat_momentum,-0.0015
MED00330,6,cat_momentum,-0.00045
MED00332,6,cat_momentum,0.00095
MED00333,6,cat_momentum,0.00159
MED00334,6,cat_momentum,-0.00278
MED00335,6,cat_momentum,-0.00049
MED00336,6,cat_momentum,-0.00046
MED00337,6,cat_momentum,-0.0044
MED00338,6,cat_momentum,-0.00089
MED00339,6,cat_momentum,-0.00051
MED00340,6,cat_momentum,0.01442
MED00341,6,cat_momentum,-0.00197
MED00342,6,cat_momentum,-0.00033
MED00343,6,cat_momentum,0.0002
MED00344,6,cat_momentum,0.00027
MED00345,6,cat_momentum,-0.00202
MED00346,6,cat_momentum,0.00051
MED00347,6,cat_momentum,-0.00293
MED00348,6,cat_momentum,-0.00014
MED00349,6,cat_momentum,-0.00038
MED00350,6,cat_momentum,0.00227
MED00351,6,cat_momentum,-0.00648
MED00352,6,cat_momentum,-0.00585
MED00353,6,cat_momentum,-0.00467
MED00354,6,cat_momentum,-0.00243
MED00355,6,cat_momentum,0.00805
MED00356,6,cat_momentum,-0.00015
MED00357,6,cat_momentum,-0.00173
MED00359,6,cat_momentum,-0.00052
MED00360,6,cat_momentum,0.00866
MED00361,6,cat_momentum,0.00091
MED00363,6,cat_momentum,-0.00044
MED00364,6,cat_momentum,-0.00302
MED00365,6,cat_momentum,-0.00036
MED00366,6,cat_momentum,-0.00069
MED00367,6,cat_momentum,-0.00053
MED00368,6,cat_momentum,0.00212
MED00369,6,cat_momentum,-0.0006
MED00370,6,cat_momentum,0.03122
MED00371,6,cat_momentum,-0.0025
MED00372,6,cat_momentum,-0.00178
MED00373,6,cat_momentum,-0.0008
MED00374,6,cat_momentum,0.00094
MED00375,6,cat_momentum,-0.0032
MED00376,6,cat_momentum,-0.0005
MED00377,6,cat_momentum,0.01862
MED00378,6,cat_momentum,-0.00048
MED00379,6,cat_momentum,-0.00048
MED00380,6,cat_momentum,-0.00622
MED00381,6,cat_momentum,-0.00071
MED00382,6,cat_momentum,-0.00111
MED00383,6,cat_momentum,-0.00097
MED00384,6,cat_momentum,-0.00064
MED00385,6,cat_momentum,0.00036
MED00386,6,cat_momentum,-0.00023
MED00387,6,cat_momentum,-0.00208
MED00388,6,cat_momentum,-0.00466
MED00389,6,cat_momentum,-0.00104
MED00390,6,cat_momentum,0.00112
MED00391,6,cat_momentum,0.00144
MED00392,6,cat_momentum,0.00193
MED00393,6,cat_momentum,0.00279
MED00394,6,cat_momentum,0.00495
MED00395,6,cat_momentum,0.0016
MED00396,6,cat_momentum,0.00043
MED00397,6,cat_momentum,-0.00407
MED00398,6,cat_momentum,-0.01145
MED00399,6,cat_momentum,-0.01166
MED00400,6,cat_momentum,-0.00436
MED00401,6,cat_momentum,0.00937
MED00402,6,cat_momentum,0.00444
MED00403,6,cat_momentum,-0.00225
MED00404,6,cat_momentum,-0.00226
MED00405,6,cat_momentum,-0.00276
MED00406,6,cat_momentum,-0.0037
MED00407,6,cat_momentum,0.00457
MED00408,6,cat_momentum,0.0028
MED00409,6,cat_momentum,0.01115
MED00410,6,cat_momentum,0.00238
MED00411,6,cat_momentum,-0.00056
MED00413,6,cat_momentum,-0.00077
MED00414,6,cat_momentum,0.00035
MED00415,6,cat_momentum,-0.00011
MED00416,6,cat_momentum,-0.0004
MED00417,6,cat_momentum,-0.00061
MED00419,6,cat_momentum,-0.00079
MED00420,6,cat_momentum,0.00572
MED00421,6,cat_momentum,0.00385
MED00422,6,cat_momentum,-0.00028
MED00423,6,cat_momentum,-0.00092
MED00424,6,cat_momentum,-0.00448
MED00001,7,cat_momentum,-0.00152
MED00002,7,cat_momentum,-0.00432
MED00003,7,cat_momentum,-0.00448
MED00004,7,cat_momentum,-0.00133
MED00005,7,cat_momentum,0.00061
MED00006,7,cat_momentum,-0.00074
MED00007,7,cat_momentum,0.00013
MED00008,7,cat_momentum,-0.00184
MED00009,7,cat_momentum,-0.00121
MED00010,7,cat_momentum,-0.00026
MED00011,7,cat_momentum,-0.00082
MED00012,7,cat_momentum,-0.0011
MED00013,7,cat_momentum,-0.00104
MED00014,7,cat_momentum,-0.00145
MED00015,7,cat_momentum,-0.00228
MED00016,7,cat_momentum,-0.00091
MED00017,7,cat_momentum,-0.00075
MED00018,7,cat_momentum,0.00336
MED00019,7,cat_momentum,-0.0019
MED00020,7,cat_momentum,-0.00286
MED00021,7,cat_momentum,-0.00257
MED00022,7,cat_momentum,-0.00173
MED00023,7,cat_momentum,0.00043
MED00024,7,cat_momentum,-0.00161
MED00025,7,cat_momentum,0.0419
MED00026,7,cat_momentum,0.06417
MED00027,7,cat_momentum,0.0419
MED00028,7,cat_momentum,-0.00184
MED00029,7,cat_momentum,-0.003
MED00030,7,cat_momentum,-0.00215
MED00031,7,cat_momentum,-0.00118
MED00032,7,cat_momentum,0.00012
MED00033,7,cat_momentum,-0.00115
MED00034,7,cat_momentum,-0.00077
MED00035,7,cat_momentum,0.01375
MED00036,7,cat_momentum,0.00255
MED00037,7,cat_momentum,0.00148
MED00038,7,cat_momentum,-0.00174
MED00039,7,cat_momentum,0.02188
MED00040,7,cat_momentum,-0.00034
MED00041,7,cat_momentum,-0.00355
MED00042,7,cat_momentum,0.04483
MED00043,7,cat_momentum,-0.00245
MED00044,7,cat_momentum,-0.00151
MED00045,7,cat_momentum,-0.00029
MED00046,7,cat_momentum,-0.00245
MED00047,7,cat_momentum,-0.00073
MED00048,7,cat_momentum,-0.0015
MED00049,7,cat_momentum,-0.00381
MED00050,7,cat_momentum,0.00024
MED00051,7,cat_momentum,-0.00332
MED00052,7,cat_momentum,-0.00083
MED00053,7,cat_momentum,0.00087
MED00054,7,cat_momentum,0.00173
MED00055,7,cat_momentum,0.02643
MED00056,7,cat_momentum,-0.00249
MED00057,7,cat_momentum,-0.00232
MED00058,7,cat_momentum,-0.00073
MED00059,7,cat_momentum,0.00746
MED00060,7,cat_momentum,-0.00157
MED00061,7,cat_momentum,-0.00067
MED00062,7,cat_momentum,-0.00255
MED00063,7,cat_momentum,-0.00383
MED00064,7,cat_momentum,-0.00163
MED00065,7,cat_momentum,-0.00064
MED00066,7,cat_momentum,-0.00247
MED00067,7,cat_momentum,-0.0004
MED00068,7,cat_momentum,-0.00164
MED00069,7,cat_momentum,-0.0012
MED00070,7,cat_momentum,-0.00375
MED00071,7,cat_momentum,-0.00102
MED00072,7,cat_momentum,-0.00196
MED00073,7,cat_momentum,-0.00235
MED00074,7,cat_momentum,-0.00149
MED00075,7,cat_momentum,0.00317
MED00076,7,cat_momentum,-0.00348
MED00077,7,cat_momentum,0.00062
MED00078,7,cat_momentum,-0.00108
MED00079,7,cat_momentum,-0.00058
MED00080,7,cat_momentum,-0.00243
MED00081,7,cat_momentum,-0.00269
MED00082,7,cat_momentum,-0.0019
MED00083,7,cat_momentum,-0.00217
MED00084,7,cat_momentum,-0.00237
MED00085,7,cat_momentum,0.00036
MED00086,7,cat_momentum,-0.00021
MED00087,7,cat_momentum,-0.00099
MED00088,7,cat_momentum,-0.00182
MED00089,7,cat_momentum,-0.0009
MED00090,7,cat_momentum,0.00143
MED00091,7,cat_momentum,-0.00139
MED00092,7,cat_momentum,-0.00091
MED00093,7,cat_momentum,0.05546
MED00094,7,cat_momentum,0.02069
MED00095,7,cat_momentum,-0.00153
MED00096,7,cat_momentum,-0.00318
MED00097,7,cat_momentum,-0.00154
MED00098,7,cat_momentum,-0.00172
MED00099,7,cat_momentum,0.0414
MED00100,7,cat_momentum,-0.00154
MED00101,7,cat_momentum,-0.00043
MED00102,7,cat_momentum,0.00249
MED00103,7,cat_momentum,-0.00094
MED00104,7,cat_momentum,-0.00101
MED00105,7,cat_momentum,-0.00309
MED00106,7,cat_momentum,-0.00179
MED00107,7,cat_momentum,-0.0016
MED00108,7,cat_momentum,0.00111
MED00109,7,cat_momentum,-0.00643
MED00110,7,cat_momentum,-0.00648
MED00111,7,cat_momentum,-0.00115
MED00112,7,cat_momentum,-0.00089
MED00113,7,cat_momentum,-0.00048
MED00114,7,cat_momentum,-0.00184
MED00115,7,cat_momentum,0.00066
MED00116,7,cat_momentum,-0.00232
MED00117,7,cat_momentum,-0.00018
MED00118,7,cat_momentum,-0.00128
MED00119,7,cat_momentum,-0.00086
MED00121,7,cat_momentum,-0.00082
MED00122,7,cat_momentum,-0.00119
MED00123,7,cat_momentum,-0.00217
MED00124,7,cat_momentum,-0.00158
MED00125,7,cat_momentum,-0.00191
MED00126,7,cat_momentum,-0.00654
MED00127,7,cat_momentum,-0.0018
MED00128,7,cat_momentum,-0.00068
MED00130,7,cat_momentum,-0.00387
MED00131,7,cat_momentum,-0.00128
MED00132,7,cat_momentum,-0.00406
MED00133,7,cat_momentum,-0.00322
MED00134,7,cat_momentum,-0.00752
MED00135,7,cat_momentum,0.00043
MED00136,7,cat_momentum,-0.00109
MED00137,7,cat_momentum,-0.00111
MED00138,7,cat_momentum,0.00134
MED00139,7,cat_momentum,-0.00076
MED00141,7,cat_momentum,-0.00323
MED00142,7,cat_momentum,-0.00168
MED00143,7,cat_momentum,-0.00085
MED00144,7,cat_momentum,-0.0013
MED00145,7,cat_momentum,-0.00116
MED00146,7,cat_momentum,0.00072
MED00147,7,cat_momentum,-0.00116
MED00148,7,cat_momentum,-0.00102
MED00149,7,cat_momentum,-0.00111
MED00150,7,cat_momentum,-0.00165
MED00151,7,cat_momentum,-0.00041
MED00152,7,cat_momentum,-0.0004
MED00153,7,cat_momentum,-0.00062
MED00154,7,cat_momentum,-0.00152
MED00156,7,cat_momentum,-0.00053
MED00157,7,cat_momentum,-0.00154
MED00158,7,cat_momentum,0.06759
MED00159,7,cat_momentum,-0.00077
MED00160,7,cat_momentum,-0.00106
MED00161,7,cat_momentum,-0.00151
MED00162,7,cat_momentum,-0.00098
MED00163,7,cat_momentum,-0.00284
MED00164,7,cat_momentum,-0.00134
MED00165,7,cat_momentum,-0.00574
MED00166,7,cat_momentum,-0.00097
MED00167,7,cat_momentum,-0.00056
MED00168,7,cat_momentum,-0.00062
MED00169,7,cat_momentum,0.00026
MED00170,7,cat_momentum,-0.00045
MED00171,7,cat_momentum,-0.00067
MED00172,7,cat_momentum,0.0014
MED00173,7,cat_momentum,0.00029
MED00174,7,cat_momentum,-0.0011
MED00175,7,cat_momentum,0.02585
MED00176,7,cat_momentum,-0.00271
MED00177,7,cat_momentum,0.03357
MED00178,7,cat_momentum,0.00063
MED00179,7,cat_momentum,0.00337
MED00180,7,cat_momentum,-0.00051
MED00181,7,cat_momentum,-0.00104
MED00182,7,cat_momentum,0.03837
MED00183,7,cat_momentum,0.00038
MED00184,7,cat_momentum,-0.00139
MED00185,7,cat_momentum,0.00051
MED00186,7,cat_momentum,-0.00047
MED00187,7,cat_momentum,-0.00126
MED00188,7,cat_momentum,-0.00084
MED00189,7,cat_momentum,-0.00377
MED00190,7,cat_momentum,-0.0007
MED00191,7,cat_momentum,-0.00078
MED00192,7,cat_momentum,-0.00379
MED00193,7,cat_momentum,-0.00455
MED00194,7,cat_momentum,-0.00056
MED00195,7,cat_momentum,-0.00115
MED00196,7,cat_momentum,-0.00157
MED00197,7,cat_momentum,-0.00064
MED00198,7,cat_momentum,-0.00034
MED00200,7,cat_momentum,-0.0006
MED00201,7,cat_momentum,-0.0016
MED00202,7,cat_momentum,-0.00081
MED00203,7,cat_momentum,-0.00199
MED00204,7,cat_momentum,-0.00068
MED00205,7,cat_momentum,-0.00083
MED00206,7,cat_momentum,0.00179
MED00207,7,cat_momentum,-0.00067
MED00208,7,cat_momentum,-0.00309
MED00209,7,cat_momentum,0.0024
MED00210,7,cat_momentum,0.01699
MED00211,7,cat_momentum,0.00035
MED00212,7,cat_momentum,-0.00164
MED00213,7,cat_momentum,-0.00744
MED00214,7,cat_momentum,-0.00202
MED00215,7,cat_momentum,-0.00099
MED00216,7,cat_momentum,-0.00247
MED00217,7,cat_momentum,-0.00169
MED00218,7,cat_momentum,-0.00146
MED00219,7,cat_momentum,-0.00517
MED00220,7,cat_momentum,-0.00083
MED00221,7,cat_momentum,-0.00282
MED00222,7,cat_momentum,-0.00127
MED00223,7,cat_momentum,-0.00155
MED00224,7,cat_momentum,-0.00073
MED00225,7,cat_momentum,-0.00234
MED00226,7,cat_momentum,-0.00229
MED00227,7,cat_momentum,-0.00265
MED00229,7,cat_momentum,-0.00487
MED00230,7,cat_momentum,-0.0015
MED00231,7,cat_momentum,-0.00121
MED00232,7,cat_momentum,-0.00072
MED00233,7,cat_momentum,-0.00123
MED00234,7,cat_momentum,-0.00093
MED00235,7,cat_momentum,-0.00041
MED00236,7,cat_momentum,-0.00102
MED00237,7,cat_momentum,-0.00212
MED00238,7,cat_momentum,-0.001
MED00239,7,cat_momentum,-0.00104
MED00240,7,cat_momentum,-0.00277
MED00241,7,cat_momentum,-0.00085
MED00242,7,cat_momentum,-0.00279
MED00243,7,cat_momentum,-0.00421
MED00244,7,cat_momentum,-0.00074
MED00245,7,cat_momentum,-0.00055
MED00246,7,cat_momentum,-0.00187
MED00247,7,cat_momentum,-0.00208
MED00248,7,cat_momentum,-0.0012
MED00249,7,cat_momentum,0.00372
MED00250,7,cat_momentum,-0.00405
MED00251,7,cat_momentum,-0.00075
MED00252,7,cat_momentum,0.00028
MED00253,7,cat_momentum,-0.00116
MED00254,7,cat_momentum,0.00016
MED00255,7,cat_momentum,0.00108
MED00256,7,cat_momentum,-0.0003
MED00257,7,cat_momentum,-0.00279
MED00258,7,cat_momentum,-0.00097
MED00259,7,cat_momentum,-0.00108
MED00260,7,cat_momentum,-0.02526
MED00261,7,cat_momentum,0.00176
MED00262,7,cat_momentum,-0.00237
MED00263,7,cat_momentum,-0.00059
MED00264,7,cat_momentum,-0.00656
MED00265,7,cat_momentum,-0.00172
MED00266,7,cat_momentum,0.00045
MED00267,7,cat_momentum,-0.00144
MED00268,7,cat_momentum,-0.00035
MED00269,7,cat_momentum,-0.00038
MED00270,7,cat_momentum,0.00074
MED00271,7,cat_momentum,0.00199
MED00272,7,cat_momentum,-0.00163
MED00273,7,cat_momentum,-0.00101
MED00274,7,cat_momentum,-0.00278
MED00275,7,cat_momentum,-0.00092
MED00276,7,cat_momentum,-0.00065
MED00277,7,cat_momentum,-0.00377
MED00278,7,cat_momentum,-0.00186
MED00279,7,cat_momentum,-0.0017
MED00280,7,cat_momentum,-0.00353
MED00281,7,cat_momentum,-0.00139
MED00282,7,cat_momentum,-0.00122
MED00283,7,cat_momentum,-0.00211
MED00284,7,cat_momentum,-0.00074
MED00285,7,cat_momentum,-0.00116
MED00286,7,cat_momentum,0.00174
MED00287,7,cat_momentum,-0.0007
MED00288,7,cat_momentum,-0.0006
MED00289,7,cat_momentum,-0.00308
MED00290,7,cat_momentum,-0.00084
MED00291,7,cat_momentum,0.00036
MED00292,7,cat_momentum,-0.00107
MED00293,7,cat_momentum,0.00725
MED00294,7,cat_momentum,-0.00186
MED00295,7,cat_momentum,0.03362
MED00296,7,cat_momentum,-0.00164
MED00297,7,cat_momentum,-0.0014
MED00298,7,cat_momentum,-0.00107
MED00299,7,cat_momentum,-0.00297
MED00300,7,cat_momentum,-0.001
MED00301,7,cat_momentum,-0.00174
MED00302,7,cat_momentum,-0.00162
MED00303,7,cat_momentum,-0.00141
MED00304,7,cat_momentum,-0.00245
MED00305,7,cat_momentum,-0.00071
MED00306,7,cat_momentum,0.02545
MED00307,7,cat_momentum,-0.0008
MED00308,7,cat_momentum,0.01026
MED00309,7,cat_momentum,-0.00271
MED00310,7,cat_momentum,-0.0012
MED00311,7,cat_momentum,-0.00199
MED00312,7,cat_momentum,-0.00435
MED00313,7,cat_momentum,-0.00094
MED00315,7,cat_momentum,-0.0018
MED00316,7,cat_momentum,-0.00031
MED00317,7,cat_momentum,-0.00105
MED00318,7,cat_momentum,-0.00137
MED00319,7,cat_momentum,-0.00278
MED00320,7,cat_momentum,-0.00206
MED00321,7,cat_momentum,-0.00048
MED00322,7,cat_momentum,-0.00388
MED00323,7,cat_momentum,-0.00246
MED00324,7,cat_momentum,0.00175
MED00325,7,cat_momentum,-0.0017
MED00326,7,cat_momentum,-0.00161
MED00327,7,cat_momentum,-0.0004
MED00328,7,cat_momentum,-0.00212
MED00329,7,cat_momentum,-0.0027
MED00330,7,cat_momentum,-0.00181
MED00331,7,cat_momentum,-0.00041
MED00332,7,cat_momentum,-0.00012
MED00333,7,cat_momentum,0.00022
MED00334,7,cat_momentum,-0.00078
MED00335,7,cat_momentum,0.0002
MED00336,7,cat_momentum,-0.00151
MED00337,7,cat_momentum,-0.00177
MED00339,7,cat_momentum,-0.001
MED00340,7,cat_momentum,0.01422
MED00341,7,cat_momentum,-0.00257
MED00342,7,cat_momentum,-0.00065
MED00343,7,cat_momentum,-0.00105
MED00344,7,cat_momentum,-0.00021
MED00345,7,cat_momentum,-0.00217
MED00346,7,cat_momentum,-0.00057
MED00347,7,cat_momentum,-0.00312
MED00348,7,cat_momentum,-0.00039
MED00349,7,cat_momentum,-0.00075
MED00350,7,cat_momentum,0.00204
MED00351,7,cat_momentum,-0.00668
MED00352,7,cat_momentum,-0.0061
MED00353,7,cat_momentum,-0.00492
MED00354,7,cat_momentum,-0.00268
MED00355,7,cat_momentum,0.00662
MED00356,7,cat_momentum,-0.00061
MED00357,7,cat_momentum,-0.00185
MED00358,7,cat_momentum,-0.00126
MED00359,7,cat_momentum,-0.00085
MED00360,7,cat_momentum,0.00801
MED00361,7,cat_momentum,0.00025
MED00362,7,cat_momentum,-0.0004
MED00363,7,cat_momentum,-0.00084
MED00364,7,cat_momentum,-0.0032
MED00365,7,cat_momentum,-0.00074
MED00366,7,cat_momentum,-0.00208
MED00367,7,cat_momentum,-0.00084
MED00368,7,cat_momentum,0.00091
MED00369,7,cat_momentum,-0.00215
MED00370,7,cat_momentum,0.03091
MED00371,7,cat_momentum,0.00014
MED00372,7,cat_momentum,-0.00193
MED00373,7,cat_momentum,-0.00095
MED00374,7,cat_momentum,0.00034
MED00375,7,cat_momentum,-0.00121
MED00376,7,cat_momentum,-0.00089
MED00377,7,cat_momentum,0.01716
MED00378,7,cat_momentum,-0.0008
MED00379,7,cat_momentum,-0.00079
MED00380,7,cat_momentum,-0.00647
MED00381,7,cat_momentum,-0.0009
MED00382,7,cat_momentum,-0.00157
MED00383,7,cat_momentum,-0.00137
MED00384,7,cat_momentum,-0.00096
MED00385,7,cat_momentum,-0.00111
MED00386,7,cat_momentum,-0.00083
MED00387,7,cat_momentum,-0.00127
MED00388,7,cat_momentum,-0.00087
MED00389,7,cat_momentum,-0.00243
MED00390,7,cat_momentum,-0.00049
MED00391,7,cat_momentum,0.00021
MED00392,7,cat_momentum,0.00071
MED00393,7,cat_momentum,0.00156
MED00394,7,cat_momentum,0.00372
MED00395,7,cat_momentum,0.00037
MED00396,7,cat_momentum,-0.00045
MED00397,7,cat_momentum,-0.00136
MED00398,7,cat_momentum,-0.00114
MED00399,7,cat_momentum,-0.00167
MED00400,7,cat_momentum,-0.00095
MED00401,7,cat_momentum,0.00793
MED00402,7,cat_momentum,0.003
MED00403,7,cat_momentum,-0.002
MED00404,7,cat_momentum,-0.00152
MED00405,7,cat_momentum,-0.0021
MED00406,7,cat_momentum,-0.00304
MED00407,7,cat_momentum,0.00314
MED00408,7,cat_momentum,0.00137
MED00409,7,cat_momentum,0.00971
MED00410,7,cat_momentum,0.00091
MED00411,7,cat_momentum,-0.00179
MED00412,7,cat_momentum,-0.00119
MED00413,7,cat_momentum,-0.002
MED00414,7,cat_momentum,-0.00088
MED00415,7,cat_momentum,-0.00134
MED00416,7,cat_momentum,-0.00155
MED00417,7,cat_momentum,-0.00187
MED00418,7,cat_momentum,-0.00126
MED00419,7,cat_momentum,-0.00219
MED00420,7,cat_momentum,0.00421
MED00421,7,cat_momentum,0.00257
MED00422,7,cat_momentum,-0.00142
MED00423,7,cat_momentum,-0.00203
MED00424,7,cat_momentum,-0.00167
MED00001,8,cat_momentum,-0.00153
MED00002,8,cat_momentum,-0.00453
MED00003,8,cat_momentum,-0.00453
MED00004,8,cat_momentum,-0.00133
MED00005,8,cat_momentum,0.00062
MED00006,8,cat_momentum,-0.00075
MED00007,8,cat_momentum,0.00012
MED00008,8,cat_momentum,-0.00186
MED00009,8,cat_momentum,-0.00124
MED00010,8,cat_momentum,-0.0002
MED00011,8,cat_momentum,-0.00099
MED00012,8,cat_momentum,-0.0011
MED00013,8,cat_momentum,-0.00103
MED00014,8,cat_momentum,-0.00146
MED00015,8,cat_momentum,-0.00245
MED00016,8,cat_momentum,-0.0009
MED00017,8,cat_momentum,-0.00075
MED00018,8,cat_momentum,0.00335
MED00019,8,cat_momentum,-0.00191
MED00020,8,cat_momentum,-0.00288
MED00021,8,cat_momentum,-0.00256
MED00022,8,cat_momentum,-0.00164
MED00023,8,cat_momentum,0.00044
MED00024,8,cat_momentum,-0.0016
MED00025,8,cat_momentum,0.04314
MED00026,8,cat_momentum,0.0642
MED00027,8,cat_momentum,0.04314
MED00028,8,cat_momentum,-0.00185
MED00029,8,cat_momentum,-0.00301
MED00030,8,cat_momentum,-0.00216
MED00031,8,cat_momentum,-0.00125
MED00033,8,cat_momentum,-0.00115
MED00034,8,cat_momentum,-0.00095
MED00035,8,cat_momentum,0.01788
MED00036,8,cat_momentum,0.00246
MED00037,8,cat_momentum,0.00151
MED00038,8,cat_momentum,-0.00162
MED00039,8,cat_momentum,0.02194
MED00040,8,cat_momentum,-0.00024
MED00041,8,cat_momentum,-0.00357
MED00042,8,cat_momentum,0.04492
MED00043,8,cat_momentum,-0.00248
MED00044,8,cat_momentum,-0.00151
MED00045,8,cat_momentum,-0.00036
MED00046,8,cat_momentum,-0.00244
MED00047,8,cat_momentum,-0.00071
MED00048,8,cat_momentum,-0.00149
MED00049,8,cat_momentum,-0.00389
MED00050,8,cat_momentum,0.00023
MED00051,8,cat_momentum,-0.00334
MED00052,8,cat_momentum,-0.00084
MED00053,8,cat_momentum,0.00084
MED00054,8,cat_momentum,0.00175
MED00055,8,cat_momentum,0.02648
MED00056,8,cat_momentum,-0.0025
MED00057,8,cat_momentum,-0.00127
MED00058,8,cat_momentum,-0.00073
MED00059,8,cat_momentum,0.00748
MED00060,8,cat_momentum,-0.00158
MED00061,8,cat_momentum,-0.00068
MED00062,8,cat_momentum,-0.00256
MED00063,8,cat_momentum,-0.00385
MED00064,8,cat_momentum,-0.00167
MED00065,8,cat_momentum,-0.00085
MED00066,8,cat_momentum,-0.00265
MED00067,8,cat_momentum,-0.00039
MED00068,8,cat_momentum,-0.00152
MED00069,8,cat_momentum,-0.0012
MED00070,8,cat_momentum,-0.00361
MED00071,8,cat_momentum,-0.0009
MED00072,8,cat_momentum,-0.0017
MED00073,8,cat_momentum,-0.00234
MED00074,8,cat_momentum,-0.00137
MED00075,8,cat_momentum,0.00343
MED00076,8,cat_momentum,-0.00366
MED00077,8,cat_momentum,0.00063
MED00078,8,cat_momentum,-0.00129
MED00079,8,cat_momentum,-0.00166
MED00080,8,cat_momentum,-0.00217
MED00081,8,cat_momentum,-0.00274
MED00082,8,cat_momentum,-0.0019
MED00083,8,cat_momentum,-0.00216
MED00084,8,cat_momentum,-0.00188
MED00085,8,cat_momentum,0.00025
MED00086,8,cat_momentum,-0.00023
MED00087,8,cat_momentum,-0.00101
MED00088,8,cat_momentum,-0.00133
MED00089,8,cat_momentum,-0.00092
MED00090,8,cat_momentum,0.00144
MED00091,8,cat_momentum,-0.00138
MED00092,8,cat_momentum,-0.0009
MED00093,8,cat_momentum,0.05949
MED00094,8,cat_momentum,0.02076
MED00095,8,cat_momentum,-0.00154
MED00096,8,cat_momentum,-0.00319
MED00097,8,cat_momentum,-0.00049
MED00098,8,cat_momentum,-0.00173
MED00099,8,cat_momentum,0.0426
MED00100,8,cat_momentum,-0.00156
MED00101,8,cat_momentum,-0.00041
MED00102,8,cat_momentum,0.00251
MED00103,8,cat_momentum,-0.00095
MED00104,8,cat_momentum,-0.00099
MED00105,8,cat_momentum,-0.0031
MED00106,8,cat_momentum,-0.00174
MED00107,8,cat_momentum,-0.00167
MED00108,8,cat_momentum,0.00091
MED00109,8,cat_momentum,-0.00643
MED00110,8,cat_momentum,-0.00639
MED00111,8,cat_momentum,-0.00117
MED00112,8,cat_momentum,-0.00088
MED00113,8,cat_momentum,-0.0006
MED00114,8,cat_momentum,-0.00185
MED00115,8,cat_momentum,0.00062
MED00116,8,cat_momentum,-0.00233
MED00117,8,cat_momentum,-0.00019
MED00118,8,cat_momentum,-0.00126
MED00119,8,cat_momentum,-0.00084
MED00121,8,cat_momentum,-0.00082
MED00122,8,cat_momentum,-0.00119
MED00123,8,cat_momentum,-0.00219
MED00124,8,cat_momentum,-0.00158
MED00125,8,cat_momentum,-0.00197
MED00126,8,cat_momentum,-0.00654
MED00127,8,cat_momentum,-0.00182
MED00128,8,cat_momentum,-0.00068
MED00130,8,cat_momentum,-0.00389
MED00131,8,cat_momentum,-0.00127
MED00132,8,cat_momentum,-0.00408
MED00133,8,cat_momentum,-0.00322
MED00134,8,cat_momentum,-0.00753
MED00136,8,cat_momentum,-0.0011
MED00137,8,cat_momentum,-0.0011
MED00138,8,cat_momentum,0.00134
MED00139,8,cat_momentum,-0.00088
MED00141,8,cat_momentum,-0.00322
MED00142,8,cat_momentum,-0.0017
MED00143,8,cat_momentum,-0.00085
MED00144,8,cat_momentum,-0.00136
MED00145,8,cat_momentum,-0.00134
MED00146,8,cat_momentum,0.00064
MED00147,8,cat_momentum,-0.00117
MED00148,8,cat_momentum,-0.00102
MED00149,8,cat_momentum,-0.00118
MED00150,8,cat_momentum,-0.00165
MED00151,8,cat_momentum,-0.00042
MED00152,8,cat_momentum,-0.0004
MED00153,8,cat_momentum,-0.00065
MED00154,8,cat_momentum,-0.00156
MED00156,8,cat_momentum,-0.0006
MED00157,8,cat_momentum,-0.00152
MED00158,8,cat_momentum,0.06883
MED00159,8,cat_momentum,-0.00075
MED00160,8,cat_momentum,-0.00106
MED00161,8,cat_momentum,-0.00154
MED00162,8,cat_momentum,-0.00098
MED00163,8,cat_momentum,-0.00286
MED00164,8,cat_momentum,-0.00133
MED00165,8,cat_momentum,-0.00575
MED00166,8,cat_momentum,-0.00098
MED00167,8,cat_momentum,-0.00055
MED00168,8,cat_momentum,-0.00062
MED00169,8,cat_momentum,0.00027
MED00170,8,cat_momentum,-0.00059
MED00171,8,cat_momentum,-0.00067
MED00172,8,cat_momentum,0.00166
MED00173,8,cat_momentum,0.00029
MED00174,8,cat_momentum,-0.0011
MED00175,8,cat_momentum,0.02135
MED00176,8,cat_momentum,-0.00271
MED00177,8,cat_momentum,0.03481
MED00178,8,cat_momentum,0.00049
MED00179,8,cat_momentum,0.00346
MED00180,8,cat_momentum,-0.00053
MED00181,8,cat_momentum,-0.00105
MED00182,8,cat_momentum,0.03961
MED00183,8,cat_momentum,0.00036
MED00184,8,cat_momentum,-0.00141
MED00185,8,cat_momentum,0.00063
MED00186,8,cat_momentum,-0.00048
MED00187,8,cat_momentum,-0.00127
MED00188,8,cat_momentum,-0.00082
MED00189,8,cat_momentum,-0.00376
MED00190,8,cat_momentum,-0.00072
MED00191,8,cat_momentum,-0.00078
MED00192,8,cat_momentum,-0.00381
MED00193,8,cat_momentum,-0.00461
MED00194,8,cat_momentum,-0.00177
MED00195,8,cat_momentum,-0.00226
MED00196,8,cat_momentum,-0.00159
MED00197,8,cat_momentum,-0.00203
MED00198,8,cat_momentum,-0.00034
MED00200,8,cat_momentum,-0.00061
MED00201,8,cat_momentum,-0.00161
MED00202,8,cat_momentum,-0.0008
MED00203,8,cat_momentum,-0.00173
MED00204,8,cat_momentum,-0.00069
MED00205,8,cat_momentum,-0.00084
MED00206,8,cat_momentum,0.00188
MED00207,8,cat_momentum,-0.0007
MED00208,8,cat_momentum,-0.00311
MED00209,8,cat_momentum,0.00242
MED00210,8,cat_momentum,0.01701
MED00211,8,cat_momentum,0.00034
MED00212,8,cat_momentum,-0.00165
MED00213,8,cat_momentum,-0.00744
MED00214,8,cat_momentum,-0.00205
MED00215,8,cat_momentum,-0.001
MED00216,8,cat_momentum,-0.00253
MED00217,8,cat_momentum,-0.00193
MED00218,8,cat_momentum,-0.00146
MED00219,8,cat_momentum,-0.00593
MED00220,8,cat_momentum,-0.00089
MED00221,8,cat_momentum,-0.00281
MED00222,8,cat_momentum,-0.00022
MED00223,8,cat_momentum,-0.00157
MED00224,8,cat_momentum,-0.00073
MED00225,8,cat_momentum,-0.00233
MED00226,8,cat_momentum,-0.00228
MED00227,8,cat_momentum,-0.00266
MED00228,8,cat_momentum,-0.00013
MED00229,8,cat_momentum,-0.00488
MED00230,8,cat_momentum,-0.0015
MED00231,8,cat_momentum,-0.0012
MED00232,8,cat_momentum,-0.00072
MED00233,8,cat_momentum,-0.00123
MED00234,8,cat_momentum,-0.00092
MED00235,8,cat_momentum,-0.00044
MED00236,8,cat_momentum,-0.00103
MED00237,8,cat_momentum,-0.00215
MED00238,8,cat_momentum,-0.001
MED00239,8,cat_momentum,-0.00104
MED00240,8,cat_momentum,-0.00276
MED00241,8,cat_momentum,-0.00099
MED00242,8,cat_momentum,-0.00389
MED00243,8,cat_momentum,-0.00438
MED00244,8,cat_momentum,-0.00074
MED00245,8,cat_momentum,-0.00058
MED00246,8,cat_momentum,-0.00185
MED00247,8,cat_momentum,-0.00209
MED00248,8,cat_momentum,-0.00127
MED00249,8,cat_momentum,0.00355
MED00250,8,cat_momentum,-0.00404
MED00251,8,cat_momentum,-0.00075
MED00252,8,cat_momentum,1e-04
MED00253,8,cat_momentum,-0.00116
MED00255,8,cat_momentum,0.00107
MED00256,8,cat_momentum,-0.00031
MED00257,8,cat_momentum,-0.00267
MED00258,8,cat_momentum,-0.00098
MED00259,8,cat_momentum,-0.00108
MED00260,8,cat_momentum,-0.02118
MED00261,8,cat_momentum,0.00178
MED00262,8,cat_momentum,-0.00225
MED00263,8,cat_momentum,-0.00058
MED00264,8,cat_momentum,-0.00657
MED00265,8,cat_momentum,-0.00169
MED00266,8,cat_momentum,0.00043
MED00267,8,cat_momentum,-0.00144
MED00268,8,cat_momentum,-0.00033
MED00269,8,cat_momentum,-0.00038
MED00270,8,cat_momentum,0.00076
MED00271,8,cat_momentum,0.00223
MED00272,8,cat_momentum,-0.00165
MED00273,8,cat_momentum,-0.0012
MED00274,8,cat_momentum,-0.0028
MED00275,8,cat_momentum,-0.00099
MED00276,8,cat_momentum,-0.00066
MED00277,8,cat_momentum,-0.00379
MED00278,8,cat_momentum,-0.00183
MED00279,8,cat_momentum,-0.00187
MED00280,8,cat_momentum,-0.00364
MED00281,8,cat_momentum,-0.00154
MED00282,8,cat_momentum,-0.00123
MED00283,8,cat_momentum,-0.00105
MED00284,8,cat_momentum,-0.00062
MED00285,8,cat_momentum,-0.00116
MED00286,8,cat_momentum,0.00175
MED00287,8,cat_momentum,-0.0007
MED00288,8,cat_momentum,-0.00065
MED00289,8,cat_momentum,-0.00283
MED00290,8,cat_momentum,-0.00086
MED00291,8,cat_momentum,0.00026
MED00292,8,cat_momentum,-0.00108
MED00293,8,cat_momentum,0.00727
MED00294,8,cat_momentum,-0.00185
MED00295,8,cat_momentum,0.03364
MED00296,8,cat_momentum,-0.00164
MED00297,8,cat_momentum,-0.00152
MED00298,8,cat_momentum,-0.00104
MED00299,8,cat_momentum,-0.00298
MED00300,8,cat_momentum,-0.00099
MED00301,8,cat_momentum,-0.00174
MED00302,8,cat_momentum,-0.00164
MED00303,8,cat_momentum,-0.00143
MED00304,8,cat_momentum,-0.00245
MED00305,8,cat_momentum,-0.00072
MED00306,8,cat_momentum,0.02554
MED00307,8,cat_momentum,-0.00082
MED00308,8,cat_momentum,0.01034
MED00309,8,cat_momentum,-0.0027
MED00310,8,cat_momentum,-0.00121
MED00311,8,cat_momentum,-0.002
MED00312,8,cat_momentum,-0.00437
MED00313,8,cat_momentum,-0.00069
MED00315,8,cat_momentum,-0.00177
MED00316,8,cat_momentum,-0.00031
MED00317,8,cat_momentum,-0.00105
MED00318,8,cat_momentum,-0.00125
MED00319,8,cat_momentum,-0.00278
MED00320,8,cat_momentum,-0.00207
MED00321,8,cat_momentum,-0.00022
MED00322,8,cat_momentum,-0.00393
MED00323,8,cat_momentum,-0.00248
MED00324,8,cat_momentum,0.00176
MED00325,8,cat_momentum,-0.00173
MED00326,8,cat_momentum,-0.00161
MED00327,8,cat_momentum,-0.00046
MED00328,8,cat_momentum,-0.00209
MED00329,8,cat_momentum,-0.0027
MED00330,8,cat_momentum,-0.00172
MED00331,8,cat_momentum,-0.00055
MED00332,8,cat_momentum,-0.00011
MED00333,8,cat_momentum,0.00017
MED00334,8,cat_momentum,-0.00088
MED00335,8,cat_momentum,0.00021
MED00336,8,cat_momentum,-0.00151
MED00337,8,cat_momentum,-0.00179
MED00339,8,cat_momentum,-0.00099
MED00340,8,cat_momentum,0.0143
MED00341,8,cat_momentum,-0.00257
MED00342,8,cat_momentum,-0.00065
MED00343,8,cat_momentum,-0.00108
MED00344,8,cat_momentum,-0.0002
MED00345,8,cat_momentum,-0.00223
MED00346,8,cat_momentum,-0.0007
MED00347,8,cat_momentum,-0.00317
MED00348,8,cat_momentum,-0.00037
MED00349,8,cat_momentum,-0.00078
MED00350,8,cat_momentum,0.00229
MED00351,8,cat_momentum,-0.00669
MED00352,8,cat_momentum,-0.00601
MED00353,8,cat_momentum,-0.00493
MED00354,8,cat_momentum,-0.00268
MED00355,8,cat_momentum,0.00663
MED00356,8,cat_momentum,-0.00075
MED00357,8,cat_momentum,-0.00202
MED00358,8,cat_momentum,-0.00127
MED00359,8,cat_momentum,-0.00085
MED00360,8,cat_momentum,0.00803
MED00361,8,cat_momentum,0.00027
MED00362,8,cat_momentum,-0.00049
MED00363,8,cat_momentum,-0.00085
MED00364,8,cat_momentum,-0.00323
MED00365,8,cat_momentum,-0.00075
MED00366,8,cat_momentum,-0.00207
MED00367,8,cat_momentum,-0.00085
MED00368,8,cat_momentum,0.00086
MED00369,8,cat_momentum,-0.00194
MED00370,8,cat_momentum,0.031
MED00371,8,cat_momentum,-0.00026
MED00372,8,cat_momentum,-0.00199
MED00373,8,cat_momentum,-0.001
MED00374,8,cat_momentum,0.00026
MED00375,8,cat_momentum,-0.00142
MED00376,8,cat_momentum,-0.0009
MED00377,8,cat_momentum,0.01687
MED00378,8,cat_momentum,-0.0008
MED00379,8,cat_momentum,-0.00054
MED00380,8,cat_momentum,-0.00648
MED00381,8,cat_momentum,-0.00089
MED00382,8,cat_momentum,-0.00158
MED00383,8,cat_momentum,-0.00137
MED00384,8,cat_momentum,-0.00094
MED00385,8,cat_momentum,-0.00112
MED00386,8,cat_momentum,-0.00084
MED00387,8,cat_momentum,-0.00128
MED00388,8,cat_momentum,-0.00105
MED00389,8,cat_momentum,-0.0023
MED00390,8,cat_momentum,-0.00048
MED00391,8,cat_momentum,0.0002
MED00392,8,cat_momentum,0.00069
MED00393,8,cat_momentum,0.00155
MED00394,8,cat_momentum,0.00371
MED00395,8,cat_momentum,0.00036
MED00396,8,cat_momentum,-0.00039
MED00397,8,cat_momentum,-0.00139
MED00398,8,cat_momentum,-0.00116
MED00399,8,cat_momentum,-0.00169
MED00400,8,cat_momentum,-0.00097
MED00401,8,cat_momentum,0.0082
MED00402,8,cat_momentum,0.003
MED00403,8,cat_momentum,-0.00203
MED00404,8,cat_momentum,-0.00153
MED00405,8,cat_momentum,-0.0021
MED00406,8,cat_momentum,-0.00305
MED00407,8,cat_momentum,0.00314
MED00408,8,cat_momentum,0.00133
MED00409,8,cat_momentum,0.00971
MED00410,8,cat_momentum,0.00091
MED00411,8,cat_momentum,-0.0018
MED00412,8,cat_momentum,-0.00122
MED00413,8,cat_momentum,-0.00202
MED00414,8,cat_momentum,-0.00093
MED00415,8,cat_momentum,-0.00137
MED00416,8,cat_momentum,-0.00156
MED00417,8,cat_momentum,-0.00179
MED00418,8,cat_momentum,-0.00129
MED00419,8,cat_momentum,-0.0021
MED00420,8,cat_momentum,0.00432
MED00421,8,cat_momentum,0.00269
MED00422,8,cat_momentum,-0.00143
MED00423,8,cat_momentum,-0.00204
MED00424,8,cat_momentum,-0.00171
MED00001,9,cat_momentum,-0.00159
MED00002,9,cat_momentum,-0.00494
MED00003,9,cat_momentum,-0.0052
MED00004,9,cat_momentum,-0.00238
MED00005,9,cat_momentum,-0.00013
MED00006,9,cat_momentum,-0.00183
MED00007,9,cat_momentum,-0.00057
MED00008,9,cat_momentum,-0.00261
MED00009,9,cat_momentum,-0.00104
MED00010,9,cat_momentum,0.00234
MED00011,9,cat_momentum,0.00163
MED00012,9,cat_momentum,-0.00222
MED00013,9,cat_momentum,-0.0021
MED00014,9,cat_momentum,-0.00211
MED00015,9,cat_momentum,-0.00324
MED00016,9,cat_momentum,-0.00152
MED00017,9,cat_momentum,-0.00185
MED00018,9,cat_momentum,0.00132
MED00019,9,cat_momentum,-0.0016
MED00020,9,cat_momentum,-0.00054
MED00021,9,cat_momentum,-0.00301
MED00022,9,cat_momentum,-0.00194
MED00024,9,cat_momentum,-0.00201
MED00025,9,cat_momentum,0.04503
MED00026,9,cat_momentum,0.06818
MED00027,9,cat_momentum,0.04503
MED00028,9,cat_momentum,-0.00257
MED00029,9,cat_momentum,-0.00295
MED00030,9,cat_momentum,-0.0022
MED00031,9,cat_momentum,-0.00129
MED00032,9,cat_momentum,-0.00041
MED00033,9,cat_momentum,-0.00221
MED00034,9,cat_momentum,0.00169
MED00035,9,cat_momentum,0.02342
MED00036,9,cat_momentum,0.00608
MED00037,9,cat_momentum,0.00088
MED00038,9,cat_momentum,-0.00156
MED00039,9,cat_momentum,0.01506
MED00040,9,cat_momentum,-0.00098
MED00041,9,cat_momentum,-0.00318
MED00042,9,cat_momentum,0.04841
MED00043,9,cat_momentum,-0.00317
MED00044,9,cat_momentum,-0.00192
MED00045,9,cat_momentum,-0.00145
MED00046,9,cat_momentum,-0.00287
MED00047,9,cat_momentum,-0.00138
MED00048,9,cat_momentum,-0.00143
MED00049,9,cat_momentum,-0.00449
MED00050,9,cat_momentum,-0.00087
MED00051,9,cat_momentum,-0.00401
MED00052,9,cat_momentum,-0.00156
MED00053,9,cat_momentum,0.00078
MED00054,9,cat_momentum,0.00133
MED00055,9,cat_momentum,0.02933
MED00056,9,cat_momentum,-0.00216
MED00057,9,cat_momentum,-0.00201
MED00058,9,cat_momentum,-0.00183
MED00059,9,cat_momentum,0.00752
MED00060,9,cat_momentum,-0.0011
MED00061,9,cat_momentum,-0.00141
MED00062,9,cat_momentum,-0.00258
MED00063,9,cat_momentum,-0.00452
MED00064,9,cat_momentum,-0.00143
MED00065,9,cat_momentum,-0.00148
MED00066,9,cat_momentum,-0.00342
MED00067,9,cat_momentum,-0.00137
MED00068,9,cat_momentum,-0.00147
MED00069,9,cat_momentum,-0.00163
MED00070,9,cat_momentum,-0.00367
MED00071,9,cat_momentum,-0.00085
MED00072,9,cat_momentum,-0.00165
MED00073,9,cat_momentum,-0.00238
MED00074,9,cat_momentum,-0.00132
MED00075,9,cat_momentum,0.00348
MED00076,9,cat_momentum,-0.00411
MED00077,9,cat_momentum,0.00059
MED00078,9,cat_momentum,-0.00114
MED00079,9,cat_momentum,-0.00121
MED00080,9,cat_momentum,-0.00212
MED00081,9,cat_momentum,-0.0034
MED00082,9,cat_momentum,-0.00236
MED00083,9,cat_momentum,-0.0022
MED00084,9,cat_momentum,0.00146
MED00085,9,cat_momentum,-0.00036
MED00086,9,cat_momentum,-0.00079
MED00087,9,cat_momentum,-0.00212
MED00088,9,cat_momentum,0.00191
MED00089,9,cat_momentum,0.00162
MED00090,9,cat_momentum,0.001
MED00091,9,cat_momentum,-0.00181
MED00092,9,cat_momentum,-0.00159
MED00093,9,cat_momentum,0.06776
MED00094,9,cat_momentum,0.02539
MED00095,9,cat_momentum,-0.00217
MED00096,9,cat_momentum,-0.00288
MED00097,9,cat_momentum,-0.00102
MED00098,9,cat_momentum,-0.00283
MED00099,9,cat_momentum,0.04449
MED00100,9,cat_momentum,-0.00232
MED00101,9,cat_momentum,-0.00145
MED00102,9,cat_momentum,0.00153
MED00103,9,cat_momentum,-0.00206
MED00104,9,cat_momentum,-0.00161
MED00105,9,cat_momentum,-0.00419
MED00106,9,cat_momentum,-0.00236
MED00107,9,cat_momentum,-0.00274
MED00108,9,cat_momentum,0.00027
MED00109,9,cat_momentum,-0.00744
MED00110,9,cat_momentum,-0.00698
MED00111,9,cat_momentum,-0.00215
MED00112,9,cat_momentum,-0.00201
MED00113,9,cat_momentum,-0.00122
MED00114,9,cat_momentum,-0.00238
MED00115,9,cat_momentum,-0.00052
MED00116,9,cat_momentum,-0.00196
MED00117,9,cat_momentum,-0.00078
MED00118,9,cat_momentum,-0.00179
MED00119,9,cat_momentum,-0.0019
MED00120,9,cat_momentum,0.00252
MED00121,9,cat_momentum,-0.00162
MED00122,9,cat_momentum,-0.00182
MED00123,9,cat_momentum,-0.00214
MED00124,9,cat_momentum,-0.00228
MED00125,9,cat_momentum,-0.00265
MED00126,9,cat_momentum,-0.00756
MED00127,9,cat_momentum,-0.00187
MED00128,9,cat_momentum,-0.00176
MED00129,9,cat_momentum,-0.00116
MED00130,9,cat_momentum,-0.00444
MED00131,9,cat_momentum,-0.00131
MED00132,9,cat_momentum,-0.00361
MED00133,9,cat_momentum,-0.00277
MED00134,9,cat_momentum,-0.00811
MED00135,9,cat_momentum,0.00267
MED00136,9,cat_momentum,-0.00186
MED00137,9,cat_momentum,0.0014
MED00138,9,cat_momentum,0.00073
MED00139,9,cat_momentum,-0.00198
MED00140,9,cat_momentum,-0.00059
MED00141,9,cat_momentum,-0.00365
MED00142,9,cat_momentum,-0.00119
MED00143,9,cat_momentum,-0.0015
MED00144,9,cat_momentum,-0.00248
MED00145,9,cat_momentum,-0.00219
MED00146,9,cat_momentum,0.00023
MED00147,9,cat_momentum,-0.00071
MED00148,9,cat_momentum,-0.00094
MED00149,9,cat_momentum,-0.00227
MED00150,9,cat_momentum,-0.00211
MED00151,9,cat_momentum,-0.00122
MED00152,9,cat_momentum,-0.0011
MED00153,9,cat_momentum,-0.00174
MED00154,9,cat_momentum,-0.00222
MED00155,9,cat_momentum,-0.00068
MED00156,9,cat_momentum,-0.0007
MED00157,9,cat_momentum,-0.00219
MED00158,9,cat_momentum,0.0717
MED00159,9,cat_momentum,0.00176
MED00160,9,cat_momentum,-0.00175
MED00161,9,cat_momentum,-0.00269
MED00162,9,cat_momentum,-0.00206
MED00163,9,cat_momentum,-0.00356
MED00164,9,cat_momentum,-0.00177
MED00165,9,cat_momentum,-0.0058
MED00166,9,cat_momentum,-0.00214
MED00167,9,cat_momentum,-0.00138
MED00168,9,cat_momentum,-0.00171
MED00169,9,cat_momentum,-0.00032
MED00170,9,cat_momentum,-0.00131
MED00171,9,cat_momentum,-0.00137
MED00172,9,cat_momentum,0.00157
MED00173,9,cat_momentum,-0.00083
MED00174,9,cat_momentum,-0.00181
MED00175,9,cat_momentum,0.02486
MED00176,9,cat_momentum,-0.00022
MED00177,9,cat_momentum,0.0377
MED00178,9,cat_momentum,0.00085
MED00179,9,cat_momentum,0.00631
MED00180,9,cat_momentum,-0.00163
MED00181,9,cat_momentum,-0.00216
MED00182,9,cat_momentum,0.0415
MED00183,9,cat_momentum,0.0029
MED00184,9,cat_momentum,-0.00193
MED00185,9,cat_momentum,0.00068
MED00186,9,cat_momentum,-0.0016
MED00187,9,cat_momentum,-0.00119
MED00188,9,cat_momentum,-0.00182
MED00189,9,cat_momentum,-0.00448
MED00190,9,cat_momentum,-0.00196
MED00191,9,cat_momentum,-0.0015
MED00192,9,cat_momentum,-0.00451
MED00193,9,cat_momentum,-0.00526
MED00194,9,cat_momentum,-0.00159
MED00195,9,cat_momentum,-0.00208
MED00196,9,cat_momentum,-0.00285
MED00197,9,cat_momentum,-0.00183
MED00198,9,cat_momentum,-0.00104
MED00199,9,cat_momentum,-0.0004
MED00200,9,cat_momentum,-0.0017
MED00201,9,cat_momentum,-0.00113
MED00202,9,cat_momentum,-0.00191
MED00203,9,cat_momentum,-0.00168
MED00204,9,cat_momentum,-0.00178
MED00205,9,cat_momentum,-0.00152
MED00206,9,cat_momentum,0.00177
MED00207,9,cat_momentum,-0.0018
MED00208,9,cat_momentum,-0.0042
MED00209,9,cat_momentum,0.00248
MED00210,9,cat_momentum,0.01586
MED00211,9,cat_momentum,-0.00077
MED00212,9,cat_momentum,-0.0017
MED00213,9,cat_momentum,-0.00849
MED00214,9,cat_momentum,-0.00265
MED00215,9,cat_momentum,-0.00211
MED00216,9,cat_momentum,-0.00318
MED00217,9,cat_momentum,-0.00271
MED00218,9,cat_momentum,-0.00255
MED00219,9,cat_momentum,0.00631
MED00220,9,cat_momentum,-0.00203
MED00221,9,cat_momentum,-0.00324
MED00222,9,cat_momentum,-0.00074
MED00223,9,cat_momentum,-0.00211
MED00224,9,cat_momentum,-0.00182
MED00225,9,cat_momentum,-0.00187
MED00226,9,cat_momentum,-0.00274
MED00227,9,cat_momentum,-0.00242
MED00228,9,cat_momentum,-0.00037
MED00229,9,cat_momentum,-0.00555
MED00230,9,cat_momentum,-0.00217
MED00231,9,cat_momentum,-0.00172
MED00232,9,cat_momentum,-0.0018
MED00233,9,cat_momentum,-0.00078
MED00234,9,cat_momentum,-0.00159
MED00235,9,cat_momentum,-0.00114
MED00236,9,cat_momentum,-0.00164
MED00237,9,cat_momentum,-0.00219
MED00238,9,cat_momentum,-0.00206
MED00239,9,cat_momentum,-0.00181
MED00240,9,cat_momentum,-0.00318
MED00241,9,cat_momentum,-0.00211
MED00242,9,cat_momentum,-0.00368
MED00243,9,cat_momentum,-0.00483
MED00244,9,cat_momentum,-0.00186
MED00245,9,cat_momentum,-0.00136
MED00246,9,cat_momentum,-0.00245
MED00247,9,cat_momentum,-0.00269
MED00248,9,cat_momentum,-0.00106
MED00249,9,cat_momentum,0.00149
MED00250,9,cat_momentum,-0.00398
MED00251,9,cat_momentum,-0.00183
MED00252,9,cat_momentum,-0.00017
MED00253,9,cat_momentum,-0.00236
MED00254,9,cat_momentum,-0.00029
MED00255,9,cat_momentum,0.00064
MED00256,9,cat_momentum,-0.00089
MED00257,9,cat_momentum,-0.00259
MED00258,9,cat_momentum,-0.00208
MED00259,9,cat_momentum,-0.00168
MED00260,9,cat_momentum,-0.01335
MED00261,9,cat_momentum,0.00467
MED00262,9,cat_momentum,-0.00218
MED00263,9,cat_momentum,-0.00156
MED00264,9,cat_momentum,-0.00716
MED00265,9,cat_momentum,-0.00229
MED00266,9,cat_momentum,0.003
MED00267,9,cat_momentum,-0.00252
MED00268,9,cat_momentum,-0.00098
MED00269,9,cat_momentum,-0.00149
MED00270,9,cat_momentum,-0.00021
MED00271,9,cat_momentum,0.00178
MED00272,9,cat_momentum,-0.00176
MED00273,9,cat_momentum,-0.00157
MED00274,9,cat_momentum,-0.00241
MED00275,9,cat_momentum,-0.00078
MED00276,9,cat_momentum,-0.00141
MED00277,9,cat_momentum,-0.00446
MED00278,9,cat_momentum,-0.00243
MED00279,9,cat_momentum,-0.00237
MED00280,9,cat_momentum,-0.00402
MED00281,9,cat_momentum,-0.00167
MED00282,9,cat_momentum,-0.00131
MED00283,9,cat_momentum,-0.00165
MED00284,9,cat_momentum,-0.00047
MED00285,9,cat_momentum,-0.00192
MED00286,9,cat_momentum,0.00179
MED00287,9,cat_momentum,-0.00131
MED00288,9,cat_momentum,-0.0016
MED00289,9,cat_momentum,-0.00313
MED00290,9,cat_momentum,-0.00153
MED00291,9,cat_momentum,-0.00036
MED00292,9,cat_momentum,-0.00061
MED00293,9,cat_momentum,0.00732
MED00294,9,cat_momentum,-0.00228
MED00295,9,cat_momentum,0.03763
MED00296,9,cat_momentum,-0.00275
MED00297,9,cat_momentum,-0.0027
MED00298,9,cat_momentum,-0.00165
MED00299,9,cat_momentum,-0.00366
MED00300,9,cat_momentum,-0.00216
MED00301,9,cat_momentum,-0.00244
MED00302,9,cat_momentum,-0.00218
MED00303,9,cat_momentum,-0.00136
MED00304,9,cat_momentum,-0.0029
MED00305,9,cat_momentum,-0.00181
MED00306,9,cat_momentum,0.02727
MED00307,9,cat_momentum,0.00149
MED00308,9,cat_momentum,0.00677
MED00309,9,cat_momentum,-0.00315
MED00310,9,cat_momentum,-0.00079
MED00311,9,cat_momentum,-0.00195
MED00312,9,cat_momentum,-0.00399
MED00313,9,cat_momentum,-0.001
MED00314,9,cat_momentum,0.00251
MED00315,9,cat_momentum,-0.00242
MED00316,9,cat_momentum,-0.00089
MED00317,9,cat_momentum,-0.00216
MED00318,9,cat_momentum,-0.0012
MED00319,9,cat_momentum,-0.00348
MED00320,9,cat_momentum,-0.00161
MED00321,9,cat_momentum,-0.00059
MED00322,9,cat_momentum,-0.00451
MED00323,9,cat_momentum,-0.00244
MED00324,9,cat_momentum,0.00164
MED00325,9,cat_momentum,-0.0028
MED00326,9,cat_momentum,-0.00231
MED00327,9,cat_momentum,-0.00118
MED00328,9,cat_momentum,-0.0027
MED00329,9,cat_momentum,-0.00339
MED00330,9,cat_momentum,-0.00283
MED00331,9,cat_momentum,-0.00125
MED00332,9,cat_momentum,-0.00071
MED00333,9,cat_momentum,-0.00035
MED00334,9,cat_momentum,-0.00146
MED00335,9,cat_momentum,0.00266
MED00336,9,cat_momentum,-0.00263
MED00337,9,cat_momentum,0.00053
MED00338,9,cat_momentum,0.00258
MED00339,9,cat_momentum,-0.00142
MED00340,9,cat_momentum,0.0183
MED00341,9,cat_momentum,-0.00221
MED00342,9,cat_momentum,-0.00173
MED00343,9,cat_momentum,-0.00169
MED00344,9,cat_momentum,0.00023
MED00345,9,cat_momentum,-0.00288
MED00346,9,cat_momentum,-0.00186
MED00347,9,cat_momentum,-0.00385
MED00348,9,cat_momentum,-0.00146
MED00349,9,cat_momentum,-0.00147
MED00350,9,cat_momentum,0.00117
MED00351,9,cat_momentum,-0.00735
MED00352,9,cat_momentum,-0.00619
MED00353,9,cat_momentum,-0.00595
MED00354,9,cat_momentum,-0.00371
MED00355,9,cat_momentum,0.0062
MED00356,9,cat_momentum,-0.00146
MED00357,9,cat_momentum,-0.0028
MED00358,9,cat_momentum,-0.00082
MED00359,9,cat_momentum,-0.00195
MED00360,9,cat_momentum,0.00771
MED00361,9,cat_momentum,-0.00071
MED00362,9,cat_momentum,-0.00116
MED00363,9,cat_momentum,-0.00155
MED00364,9,cat_momentum,-0.00385
MED00365,9,cat_momentum,-0.00189
MED00366,9,cat_momentum,-0.00279
MED00367,9,cat_momentum,-0.00194
MED00368,9,cat_momentum,-0.00011
MED00369,9,cat_momentum,-0.00188
MED00370,9,cat_momentum,0.02367
MED00371,9,cat_momentum,0.00232
MED00372,9,cat_momentum,-0.00272
MED00373,9,cat_momentum,-0.00211
MED00375,9,cat_momentum,0.00097
MED00376,9,cat_momentum,-0.00203
MED00377,9,cat_momentum,0.01523
MED00378,9,cat_momentum,-0.00189
MED00379,9,cat_momentum,-0.00088
MED00380,9,cat_momentum,-0.0075
MED00381,9,cat_momentum,-0.00157
MED00382,9,cat_momentum,-0.00112
MED00383,9,cat_momentum,-0.0026
MED00384,9,cat_momentum,-0.00154
MED00385,9,cat_momentum,-0.00149
MED00386,9,cat_momentum,-0.00145
MED00387,9,cat_momentum,-0.0019
MED00388,9,cat_momentum,0.00156
MED00389,9,cat_momentum,-0.00224
MED00390,9,cat_momentum,-0.00088
MED00391,9,cat_momentum,0.00014
MED00392,9,cat_momentum,0.00096
MED00393,9,cat_momentum,0.00147
MED00394,9,cat_momentum,0.00405
MED00395,9,cat_momentum,0.00032
MED00396,9,cat_momentum,-0.00165
MED00397,9,cat_momentum,0.00116
MED00398,9,cat_momentum,0.00133
MED00399,9,cat_momentum,0.00083
MED00400,9,cat_momentum,0.00154
MED00401,9,cat_momentum,0.00825
MED00402,9,cat_momentum,0.00308
MED00403,9,cat_momentum,-0.00256
MED00404,9,cat_momentum,-0.00226
MED00405,9,cat_momentum,-0.00272
MED00406,9,cat_momentum,-0.00256
MED00407,9,cat_momentum,0.0031
MED00408,9,cat_momentum,0.00137
MED00409,9,cat_momentum,0.0092
MED00410,9,cat_momentum,0.00076
MED00411,9,cat_momentum,-0.00163
MED00412,9,cat_momentum,-0.00091
MED00413,9,cat_momentum,-0.00197
MED00414,9,cat_momentum,-0.00101
MED00415,9,cat_momentum,-0.00146
MED00416,9,cat_momentum,-0.00152
MED00417,9,cat_momentum,-0.00141
MED00418,9,cat_momentum,-0.00109
MED00419,9,cat_momentum,-0.00177
MED00420,9,cat_momentum,0.00437
MED00421,9,cat_momentum,0.00276
MED00422,9,cat_momentum,-0.00135
MED00423,9,cat_momentum,-0.0017
MED00424,9,cat_momentum,-0.00125
MED00001,10,cat_momentum,-0.00141
MED00002,10,cat_momentum,-0.00497
MED00003,10,cat_momentum,-0.00506
MED00004,10,cat_momentum,-0.00216
MED00005,10,cat_momentum,0.00014
MED00006,10,cat_momentum,-0.00161
MED00007,10,cat_momentum,-0.00029
MED00008,10,cat_momentum,-0.00226
MED00009,10,cat_momentum,-0.0007
MED00010,10,cat_momentum,0.00104
MED00011,10,cat_momentum,0.00048
MED00012,10,cat_momentum,-0.00198
MED00013,10,cat_momentum,-0.0014
MED00014,10,cat_momentum,-0.00174
MED00015,10,cat_momentum,-0.00288
MED00016,10,cat_momentum,-0.00193
MED00017,10,cat_momentum,-0.00168
MED00018,10,cat_momentum,0.00013
MED00019,10,cat_momentum,-0.00109
MED00020,10,cat_momentum,-0.00163
MED00021,10,cat_momentum,-0.0029
MED00022,10,cat_momentum,-0.00228
MED00024,10,cat_momentum,-0.00197
MED00025,10,cat_momentum,0.04297
MED00026,10,cat_momentum,0.06579
MED00027,10,cat_momentum,0.04297
MED00028,10,cat_momentum,-0.00222
MED00029,10,cat_momentum,-0.00278
MED00030,10,cat_momentum,-0.00207
MED00031,10,cat_momentum,-0.00121
MED00032,10,cat_momentum,-0.0008
MED00033,10,cat_momentum,-0.00195
MED00034,10,cat_momentum,0.00052
MED00035,10,cat_momentum,0.02052
MED00036,10,cat_momentum,0.00395
MED00037,10,cat_momentum,0.00128
MED00038,10,cat_momentum,-0.00137
MED00039,10,cat_momentum,0.01278
MED00040,10,cat_momentum,-0.00066
MED00041,10,cat_momentum,-0.00368
MED00042,10,cat_momentum,0.04477
MED00043,10,cat_momentum,-0.00289
MED00044,10,cat_momentum,-0.00188
MED00045,10,cat_momentum,-0.00196
MED00046,10,cat_momentum,-0.00283
MED00047,10,cat_momentum,-0.001
MED00048,10,cat_momentum,-0.00124
MED00049,10,cat_momentum,-0.00436
MED00050,10,cat_momentum,-0.00059
MED00051,10,cat_momentum,-0.00387
MED00052,10,cat_momentum,-0.00128
MED00053,10,cat_momentum,0.00092
MED00054,10,cat_momentum,0.00101
MED00055,10,cat_momentum,0.02551
MED00056,10,cat_momentum,-0.00187
MED00057,10,cat_momentum,-0.00179
MED00058,10,cat_momentum,-0.00169
MED00059,10,cat_momentum,0.00768
MED00060,10,cat_momentum,-0.00076
MED00061,10,cat_momentum,-0.00112
MED00062,10,cat_momentum,-0.00239
MED00063,10,cat_momentum,-0.00436
MED00064,10,cat_momentum,-0.00111
MED00065,10,cat_momentum,-0.00101
MED00066,10,cat_momentum,-0.00313
MED00067,10,cat_momentum,-0.00114
MED00068,10,cat_momentum,-0.00133
MED00069,10,cat_momentum,-0.00159
MED00070,10,cat_momentum,-0.0036
MED00071,10,cat_momentum,-0.00079
MED00072,10,cat_momentum,-0.00159
MED00073,10,cat_momentum,-0.00226
MED00074,10,cat_momentum,-0.00119
MED00075,10,cat_momentum,0.00355
MED00076,10,cat_momentum,-0.00414
MED00077,10,cat_momentum,0.00074
MED00078,10,cat_momentum,-0.00108
MED00079,10,cat_momentum,-0.00084
MED00080,10,cat_momentum,-0.00201
MED00081,10,cat_momentum,-0.00313
MED00082,10,cat_momentum,-0.00229
MED00083,10,cat_momentum,-0.00209
MED00084,10,cat_momentum,-0.00055
MED00085,10,cat_momentum,-0.00012
MED00086,10,cat_momentum,-0.0007
MED00087,10,cat_momentum,-0.00189
MED00088,10,cat_momentum,-0.00082
MED00089,10,cat_momentum,0.00052
MED00090,10,cat_momentum,0.00107
MED00091,10,cat_momentum,-0.00177
MED00092,10,cat_momentum,-0.00125
MED00093,10,cat_momentum,0.06126
MED00094,10,cat_momentum,0.01901
MED00095,10,cat_momentum,-0.002
MED00096,10,cat_momentum,-0.00241
MED00097,10,cat_momentum,-0.0008
MED00098,10,cat_momentum,-0.00248
MED00099,10,cat_momentum,0.04243
MED00100,10,cat_momentum,-0.00215
MED00101,10,cat_momentum,-0.00113
MED00102,10,cat_momentum,0.00146
MED00103,10,cat_momentum,-0.00182
MED00104,10,cat_momentum,-0.00124
MED00105,10,cat_momentum,-0.0038
MED00106,10,cat_momentum,-0.00221
MED00107,10,cat_momentum,-0.00236
MED00108,10,cat_momentum,0.00068
MED00109,10,cat_momentum,-0.00741
MED00110,10,cat_momentum,-0.00698
MED00111,10,cat_momentum,-0.00186
MED00112,10,cat_momentum,-0.00171
MED00113,10,cat_momentum,-0.001
MED00114,10,cat_momentum,-0.00189
MED00115,10,cat_momentum,-0.00026
MED00116,10,cat_momentum,-0.0013
MED00117,10,cat_momentum,-0.00041
MED00118,10,cat_momentum,-0.00153
MED00119,10,cat_momentum,-0.00168
MED00120,10,cat_momentum,0.00137
MED00121,10,cat_momentum,-0.00124
MED00122,10,cat_momentum,-0.00152
MED00123,10,cat_momentum,-0.00186
MED00124,10,cat_momentum,-0.00193
MED00125,10,cat_momentum,-0.00251
MED00126,10,cat_momentum,-0.00753
MED00127,10,cat_momentum,-0.00163
MED00128,10,cat_momentum,-0.0015
MED00129,10,cat_momentum,-0.00095
MED00130,10,cat_momentum,-0.00429
MED00131,10,cat_momentum,-0.00127
MED00132,10,cat_momentum,-0.00404
MED00133,10,cat_momentum,-0.00254
MED00134,10,cat_momentum,-0.00812
MED00135,10,cat_momentum,0.00152
MED00136,10,cat_momentum,-0.00164
MED00137,10,cat_momentum,0.00019
MED00138,10,cat_momentum,0.001
MED00139,10,cat_momentum,-0.00182
MED00140,10,cat_momentum,-0.00033
MED00141,10,cat_momentum,-0.00353
MED00142,10,cat_momentum,-0.0011
MED00143,10,cat_momentum,-0.00129
MED00144,10,cat_momentum,-0.00206
MED00145,10,cat_momentum,-0.00193
MED00146,10,cat_momentum,0.00027
MED00147,10,cat_momentum,-0.00056
MED00148,10,cat_momentum,-0.0008
MED00149,10,cat_momentum,-0.00204
MED00150,10,cat_momentum,-0.00207
MED00151,10,cat_momentum,-0.00097
MED00152,10,cat_momentum,-0.00086
MED00153,10,cat_momentum,-0.00152
MED00154,10,cat_momentum,-0.00171
MED00155,10,cat_momentum,-0.00042
MED00156,10,cat_momentum,-0.00058
MED00157,10,cat_momentum,-0.00188
MED00158,10,cat_momentum,0.06919
MED00159,10,cat_momentum,0.00064
MED00160,10,cat_momentum,-0.00161
MED00161,10,cat_momentum,-0.00236
MED00162,10,cat_momentum,-0.0019
MED00163,10,cat_momentum,-0.00331
MED00164,10,cat_momentum,-0.00173
MED00165,10,cat_momentum,-0.00546
MED00166,10,cat_momentum,-0.0019
MED00167,10,cat_momentum,-0.00115
MED00168,10,cat_momentum,-0.00147
MED00170,10,cat_momentum,-0.0011
MED00171,10,cat_momentum,-0.00113
MED00172,10,cat_momentum,0.00168
MED00173,10,cat_momentum,-0.00058
MED00174,10,cat_momentum,-0.00135
MED00175,10,cat_momentum,0.02051
MED00176,10,cat_momentum,-0.00132
MED00177,10,cat_momentum,0.03514
MED00178,10,cat_momentum,0.00115
MED00179,10,cat_momentum,0.00357
MED00180,10,cat_momentum,-0.00138
MED00181,10,cat_momentum,-0.00185
MED00182,10,cat_momentum,0.03944
MED00183,10,cat_momentum,0.00179
MED00184,10,cat_momentum,-0.00151
MED00185,10,cat_momentum,0.00074
MED00186,10,cat_momentum,-0.00137
MED00187,10,cat_momentum,-0.00115
MED00188,10,cat_momentum,-0.0015
MED00189,10,cat_momentum,-0.00432
MED00190,10,cat_momentum,-0.0017
MED00191,10,cat_momentum,-0.00098
MED00192,10,cat_momentum,-0.00442
MED00193,10,cat_momentum,-0.00509
MED00194,10,cat_momentum,-0.00118
MED00195,10,cat_momentum,-0.00159
MED00196,10,cat_momentum,-0.00251
MED00197,10,cat_momentum,-0.00142
MED00198,10,cat_momentum,-0.00083
MED00199,10,cat_momentum,-0.00036
MED00200,10,cat_momentum,-0.00148
MED00201,10,cat_momentum,-0.00075
MED00202,10,cat_momentum,-0.00177
MED00203,10,cat_momentum,-0.00161
MED00204,10,cat_momentum,-0.00154
MED00205,10,cat_momentum,-0.00112
MED00206,10,cat_momentum,0.00172
MED00207,10,cat_momentum,-0.00156
MED00208,10,cat_momentum,-0.00377
MED00209,10,cat_momentum,0.00243
MED00210,10,cat_momentum,0.01288
MED00211,10,cat_momentum,-0.00053
MED00212,10,cat_momentum,-0.00146
MED00213,10,cat_momentum,-0.00836
MED00214,10,cat_momentum,-0.00229
MED00215,10,cat_momentum,-0.00181
MED00216,10,cat_momentum,-0.00303
MED00217,10,cat_momentum,-0.00255
MED00218,10,cat_momentum,-0.00231
MED00219,10,cat_momentum,-0.00371
MED00220,10,cat_momentum,-0.00185
MED00221,10,cat_momentum,-0.00318
MED00222,10,cat_momentum,-0.00066
MED00223,10,cat_momentum,-0.00168
MED00224,10,cat_momentum,-0.00163
MED00225,10,cat_momentum,-0.00153
MED00226,10,cat_momentum,-0.0027
MED00227,10,cat_momentum,-0.00182
MED00228,10,cat_momentum,-0.00037
MED00229,10,cat_momentum,-0.00549
MED00230,10,cat_momentum,-0.0015
MED00231,10,cat_momentum,-0.00147
MED00232,10,cat_momentum,-0.00152
MED00233,10,cat_momentum,-0.00049
MED00234,10,cat_momentum,-0.00143
MED00235,10,cat_momentum,-0.00069
MED00236,10,cat_momentum,-0.00127
MED00237,10,cat_momentum,-0.00205
MED00238,10,cat_momentum,-0.00182
MED00239,10,cat_momentum,-0.00146
MED00240,10,cat_momentum,-0.00307
MED00241,10,cat_momentum,-0.00181
MED00242,10,cat_momentum,-0.00325
MED00243,10,cat_momentum,-0.00486
MED00244,10,cat_momentum,-0.00173
MED00245,10,cat_momentum,-0.00086
MED00246,10,cat_momentum,-0.00211
MED00247,10,cat_momentum,-0.00238
MED00248,10,cat_momentum,-0.0008
MED00249,10,cat_momentum,0.00033
MED00250,10,cat_momentum,-0.00379
MED00251,10,cat_momentum,-0.00159
MED00253,10,cat_momentum,-0.00205
MED00254,10,cat_momentum,-0.0002
MED00255,10,cat_momentum,0.00071
MED00256,10,cat_momentum,-0.00066
MED00257,10,cat_momentum,-0.00244
MED00258,10,cat_momentum,-0.00183
MED00259,10,cat_momentum,-0.00142
MED00260,10,cat_momentum,-0.01616
MED00261,10,cat_momentum,0.00291
MED00262,10,cat_momentum,-0.00204
MED00263,10,cat_momentum,-0.00136
MED00264,10,cat_momentum,-0.00715
MED00265,10,cat_momentum,-0.00192
MED00266,10,cat_momentum,0.00185
MED00267,10,cat_momentum,-0.0022
MED00268,10,cat_momentum,-0.00072
MED00269,10,cat_momentum,-0.00136
MED00271,10,cat_momentum,0.00134
MED00272,10,cat_momentum,-0.00143
MED00273,10,cat_momentum,-0.00145
MED00274,10,cat_momentum,-0.00284
MED00275,10,cat_momentum,-0.00038
MED00276,10,cat_momentum,-0.00123
MED00277,10,cat_momentum,-0.0043
MED00278,10,cat_momentum,-0.00204
MED00279,10,cat_momentum,-0.00196
MED00280,10,cat_momentum,-0.0041
MED00281,10,cat_momentum,-0.00148
MED00282,10,cat_momentum,-0.00098
MED00283,10,cat_momentum,-0.0014
MED00284,10,cat_momentum,-0.00044
MED00285,10,cat_momentum,-0.00161
MED00286,10,cat_momentum,0.00193
MED00287,10,cat_momentum,-0.00099
MED00288,10,cat_momentum,-0.00115
MED00289,10,cat_momentum,-0.00343
MED00290,10,cat_momentum,-0.00132
MED00291,10,cat_momentum,0.00028
MED00292,10,cat_momentum,-0.00036
MED00293,10,cat_momentum,0.00744
MED00294,10,cat_momentum,-0.00233
MED00295,10,cat_momentum,0.03449
MED00296,10,cat_momentum,-0.00248
MED00297,10,cat_momentum,-0.00237
MED00298,10,cat_momentum,-0.00137
MED00299,10,cat_momentum,-0.00411
MED00300,10,cat_momentum,-0.00194
MED00301,10,cat_momentum,-0.00211
MED00302,10,cat_momentum,-0.00184
MED00303,10,cat_momentum,-0.00132
MED00304,10,cat_momentum,-0.00284
MED00305,10,cat_momentum,-0.00157
MED00306,10,cat_momentum,0.03093
MED00307,10,cat_momentum,0.00043
MED00308,10,cat_momentum,0.00334
MED00309,10,cat_momentum,-0.00303
MED00310,10,cat_momentum,-0.00052
MED00311,10,cat_momentum,-0.00184
MED00312,10,cat_momentum,-0.00377
MED00313,10,cat_momentum,-0.00086
MED00314,10,cat_momentum,0.00138
MED00315,10,cat_momentum,-0.00218
MED00316,10,cat_momentum,-0.00063
MED00317,10,cat_momentum,-0.00192
MED00318,10,cat_momentum,-0.00109
MED00319,10,cat_momentum,-0.00311
MED00320,10,cat_momentum,-0.00121
MED00321,10,cat_momentum,-0.00054
MED00322,10,cat_momentum,-0.00438
MED00323,10,cat_momentum,-0.00216
MED00324,10,cat_momentum,0.00168
MED00325,10,cat_momentum,-0.00261
MED00326,10,cat_momentum,-0.00194
MED00327,10,cat_momentum,-0.0008
MED00328,10,cat_momentum,-0.00236
MED00329,10,cat_momentum,-0.00302
MED00330,10,cat_momentum,-0.00251
MED00331,10,cat_momentum,-0.00099
MED00332,10,cat_momentum,-0.00049
MED00333,10,cat_momentum,-0.00069
MED00334,10,cat_momentum,-0.00086
MED00335,10,cat_momentum,0.00141
MED00336,10,cat_momentum,-0.00226
MED00337,10,cat_momentum,-0.00052
MED00338,10,cat_momentum,0.00143
MED00339,10,cat_momentum,-0.00146
MED00340,10,cat_momentum,0.01578
MED00341,10,cat_momentum,-0.00186
MED00342,10,cat_momentum,-0.00149
MED00343,10,cat_momentum,-0.00143
MED00344,10,cat_momentum,0.00061
MED00345,10,cat_momentum,-0.0027
MED00346,10,cat_momentum,-0.00161
MED00347,10,cat_momentum,-0.00372
MED00348,10,cat_momentum,-0.00126
MED00349,10,cat_momentum,-0.00118
MED00350,10,cat_momentum,0.00158
MED00351,10,cat_momentum,-0.00729
MED00352,10,cat_momentum,-0.00634
MED00353,10,cat_momentum,-0.00586
MED00354,10,cat_momentum,-0.00355
MED00355,10,cat_momentum,0.00637
MED00356,10,cat_momentum,-0.00121
MED00357,10,cat_momentum,-0.0027
MED00358,10,cat_momentum,-0.00055
MED00359,10,cat_momentum,-0.00171
MED00360,10,cat_momentum,0.00725
MED00361,10,cat_momentum,-0.0009
MED00362,10,cat_momentum,-0.00081
MED00363,10,cat_momentum,-0.00131
MED00364,10,cat_momentum,-0.00366
MED00365,10,cat_momentum,-0.00183
MED00366,10,cat_momentum,-0.00245
MED00367,10,cat_momentum,-0.0017
MED00368,10,cat_momentum,0.00021
MED00369,10,cat_momentum,-0.00175
MED00370,10,cat_momentum,0.02173
MED00371,10,cat_momentum,0.00122
MED00372,10,cat_momentum,-0.00257
MED00373,10,cat_momentum,-0.00181
MED00376,10,cat_momentum,-0.00181
MED00377,10,cat_momentum,0.00699
MED00378,10,cat_momentum,-0.0016
MED00379,10,cat_momentum,-0.00081
MED00380,10,cat_momentum,-0.00747
MED00381,10,cat_momentum,-0.00123
MED00382,10,cat_momentum,-0.00088
MED00383,10,cat_momentum,-0.00227
MED00384,10,cat_momentum,-0.00127
MED00385,10,cat_momentum,-0.00089
MED00386,10,cat_momentum,-0.00107
MED00387,10,cat_momentum,-0.00152
MED00388,10,cat_momentum,0.0004
MED00389,10,cat_momentum,-0.00206
MED00390,10,cat_momentum,-0.00073
MED00391,10,cat_momentum,0.00031
MED00392,10,cat_momentum,0.00136
MED00393,10,cat_momentum,0.00184
MED00394,10,cat_momentum,0.00443
MED00395,10,cat_momentum,0.00069
MED00396,10,cat_momentum,-0.00127
MED00398,10,cat_momentum,0.00017
MED00399,10,cat_momentum,-0.00032
MED00400,10,cat_momentum,0.00039
MED00401,10,cat_momentum,0.00844
MED00402,10,cat_momentum,0.00326
MED00403,10,cat_momentum,-0.002
MED00404,10,cat_momentum,-0.00192
MED00405,10,cat_momentum,-0.00237
MED00406,10,cat_momentum,-0.00217
MED00407,10,cat_momentum,0.00326
MED00408,10,cat_momentum,0.00154
MED00409,10,cat_momentum,0.00929
MED00410,10,cat_momentum,0.00094
MED00411,10,cat_momentum,-0.00146
MED00412,10,cat_momentum,-0.00051
MED00413,10,cat_momentum,-0.0018
MED00414,10,cat_momentum,-0.00082
MED00415,10,cat_momentum,-0.00126
MED00416,10,cat_momentum,-0.00134
MED00417,10,cat_momentum,-0.00105
MED00418,10,cat_momentum,-0.00072
MED00419,10,cat_momentum,-0.00142
MED00420,10,cat_momentum,0.00455
MED00421,10,cat_momentum,0.00294
MED00422,10,cat_momentum,-0.00118
MED00423,10,cat_momentum,-0.00132
MED00424,10,cat_momentum,-0.00091
MED00001,11,cat_momentum,-0.00144
MED00002,11,cat_momentum,-0.00519
MED00003,11,cat_momentum,-0.00532
MED00004,11,cat_momentum,-0.00228
MED00006,11,cat_momentum,-0.00173
MED00007,11,cat_momentum,-0.00031
MED00008,11,cat_momentum,-0.00234
MED00009,11,cat_momentum,-0.00072
MED00010,11,cat_momentum,0.00091
MED00011,11,cat_momentum,0.00049
MED00012,11,cat_momentum,-0.00201
MED00013,11,cat_momentum,-0.00117
MED00014,11,cat_momentum,-0.00177
MED00015,11,cat_momentum,-0.00296
MED00016,11,cat_momentum,-0.0017
MED00017,11,cat_momentum,-0.00171
MED00019,11,cat_momentum,-0.00111
MED00020,11,cat_momentum,-0.00098
MED00021,11,cat_momentum,-0.00297
MED00022,11,cat_momentum,-0.00213
MED00023,11,cat_momentum,-0.00019
MED00024,11,cat_momentum,-0.00201
MED00025,11,cat_momentum,0.05544
MED00026,11,cat_momentum,0.07495
MED00027,11,cat_momentum,0.0553
MED00028,11,cat_momentum,-0.00234
MED00029,11,cat_momentum,-0.00282
MED00030,11,cat_momentum,-0.0021
MED00031,11,cat_momentum,-0.00128
MED00032,11,cat_momentum,-0.00062
MED00033,11,cat_momentum,-0.00203
MED00034,11,cat_momentum,0.00051
MED00035,11,cat_momentum,0.02295
MED00036,11,cat_momentum,0.00379
MED00037,11,cat_momentum,0.0012
MED00038,11,cat_momentum,-0.00136
MED00039,11,cat_momentum,0.0237
MED00040,11,cat_momentum,-0.00092
MED00041,11,cat_momentum,-0.00389
MED00042,11,cat_momentum,0.04122
MED00043,11,cat_momentum,-0.00302
MED00044,11,cat_momentum,-0.00195
MED00045,11,cat_momentum,-0.00202
MED00046,11,cat_momentum,-0.00289
MED00047,11,cat_momentum,-0.00126
MED00048,11,cat_momentum,-0.00123
MED00049,11,cat_momentum,-0.00459
MED00050,11,cat_momentum,-0.00066
MED00051,11,cat_momentum,-0.00406
MED00052,11,cat_momentum,-0.00136
MED00053,11,cat_momentum,0.00074
MED00054,11,cat_momentum,0.0009
MED00055,11,cat_momentum,0.03423
MED00056,11,cat_momentum,-0.00201
MED00057,11,cat_momentum,-0.00194
MED00058,11,cat_momentum,-0.00167
MED00059,11,cat_momentum,0.00743
MED00060,11,cat_momentum,-0.00079
MED00061,11,cat_momentum,-0.00125
MED00062,11,cat_momentum,-0.00188
MED00063,11,cat_momentum,-0.00465
MED00064,11,cat_momentum,-0.00113
MED00065,11,cat_momentum,-0.00103
MED00066,11,cat_momentum,-0.00316
MED00067,11,cat_momentum,-0.00096
MED00068,11,cat_momentum,-0.00137
MED00069,11,cat_momentum,-0.00168
MED00070,11,cat_momentum,-0.00333
MED00071,11,cat_momentum,-0.00085
MED00072,11,cat_momentum,-0.00164
MED00073,11,cat_momentum,-0.00231
MED00074,11,cat_momentum,-0.00123
MED00075,11,cat_momentum,0.00352
MED00076,11,cat_momentum,-0.00435
MED00077,11,cat_momentum,0.00066
MED00078,11,cat_momentum,-0.00111
MED00079,11,cat_momentum,-0.00086
MED00080,11,cat_momentum,-0.00206
MED00081,11,cat_momentum,-0.00321
MED00082,11,cat_momentum,-0.00236
MED00083,11,cat_momentum,-0.00212
MED00084,11,cat_momentum,-0.00067
MED00085,11,cat_momentum,-0.00016
MED00086,11,cat_momentum,-0.00148
MED00087,11,cat_momentum,-0.00203
MED00088,11,cat_momentum,-0.00082
MED00089,11,cat_momentum,0.00072
MED00090,11,cat_momentum,0.00088
MED00091,11,cat_momentum,-0.00182
MED00092,11,cat_momentum,-0.00126
MED00093,11,cat_momentum,0.06499
MED00094,11,cat_momentum,0.02658
MED00095,11,cat_momentum,-0.00205
MED00096,11,cat_momentum,-0.00239
MED00097,11,cat_momentum,-0.00084
MED00098,11,cat_momentum,-0.00254
MED00099,11,cat_momentum,0.05475
MED00100,11,cat_momentum,-0.00298
MED00101,11,cat_momentum,-0.00092
MED00102,11,cat_momentum,0.00158
MED00103,11,cat_momentum,-0.00188
MED00104,11,cat_momentum,-0.00126
MED00105,11,cat_momentum,-0.00382
MED00106,11,cat_momentum,-0.00309
MED00107,11,cat_momentum,-0.00241
MED00108,11,cat_momentum,0.00054
MED00109,11,cat_momentum,-0.00755
MED00110,11,cat_momentum,-0.00713
MED00111,11,cat_momentum,-0.00207
MED00112,11,cat_momentum,-0.00181
MED00113,11,cat_momentum,-0.001
MED00114,11,cat_momentum,-0.0019
MED00115,11,cat_momentum,-0.00034
MED00116,11,cat_momentum,-0.00134
MED00117,11,cat_momentum,-0.00047
MED00118,11,cat_momentum,-0.00157
MED00119,11,cat_momentum,-0.00175
MED00120,11,cat_momentum,0.00135
MED00121,11,cat_momentum,-0.00128
MED00122,11,cat_momentum,-0.00156
MED00123,11,cat_momentum,-0.00207
MED00124,11,cat_momentum,-0.00202
MED00125,11,cat_momentum,-0.0026
MED00126,11,cat_momentum,-0.00766
MED00127,11,cat_momentum,-0.00169
MED00128,11,cat_momentum,-0.00157
MED00129,11,cat_momentum,-0.001
MED00130,11,cat_momentum,-0.00463
MED00131,11,cat_momentum,-0.00132
MED00132,11,cat_momentum,-0.00426
MED00133,11,cat_momentum,-0.00277
MED00134,11,cat_momentum,-0.00824
MED00135,11,cat_momentum,0.00152
MED00136,11,cat_momentum,-0.00174
MED00137,11,cat_momentum,0.00011
MED00138,11,cat_momentum,0.00095
MED00139,11,cat_momentum,-0.00185
MED00140,11,cat_momentum,-0.00041
MED00141,11,cat_momentum,-0.0036
MED00142,11,cat_momentum,-0.0013
MED00143,11,cat_momentum,-0.00136
MED00144,11,cat_momentum,-0.00223
MED00145,11,cat_momentum,-0.00203
MED00146,11,cat_momentum,0.00029
MED00147,11,cat_momentum,-0.00059
MED00148,11,cat_momentum,-0.00084
MED00149,11,cat_momentum,-0.00209
MED00150,11,cat_momentum,-0.00212
MED00151,11,cat_momentum,-0.0011
MED00152,11,cat_momentum,-0.00091
MED00153,11,cat_momentum,-0.00171
MED00154,11,cat_momentum,-0.0017
MED00155,11,cat_momentum,-0.00046
MED00156,11,cat_momentum,-0.0006
MED00157,11,cat_momentum,-0.00194
MED00158,11,cat_momentum,0.07678
MED00159,11,cat_momentum,0.00062
MED00160,11,cat_momentum,-0.00174
MED00161,11,cat_momentum,-0.00239
MED00162,11,cat_momentum,-0.00209
MED00163,11,cat_momentum,-0.00344
MED00164,11,cat_momentum,-0.0018
MED00165,11,cat_momentum,-0.00501
MED00166,11,cat_momentum,-0.00198
MED00167,11,cat_momentum,-0.00114
MED00168,11,cat_momentum,-0.00153
MED00169,11,cat_momentum,-0.00013
MED00170,11,cat_momentum,-0.00117
MED00171,11,cat_momentum,-0.00117
MED00172,11,cat_momentum,0.00163
MED00173,11,cat_momentum,-0.0006
MED00174,11,cat_momentum,-0.00112
MED00175,11,cat_momentum,0.0277
MED00176,11,cat_momentum,-0.00136
MED00177,11,cat_momentum,0.0477
MED00178,11,cat_momentum,0.00098
MED00179,11,cat_momentum,0.00328
MED00180,11,cat_momentum,-0.00153
MED00181,11,cat_momentum,-0.00189
MED00182,11,cat_momentum,0.05177
MED00183,11,cat_momentum,0.0018
MED00184,11,cat_momentum,-0.00156
MED00185,11,cat_momentum,0.00066
MED00186,11,cat_momentum,-0.0015
MED00187,11,cat_momentum,-0.00121
MED00188,11,cat_momentum,-0.00134
MED00189,11,cat_momentum,-0.00457
MED00190,11,cat_momentum,-0.00182
MED00191,11,cat_momentum,-0.00096
MED00192,11,cat_momentum,-0.00466
MED00193,11,cat_momentum,-0.00538
MED00194,11,cat_momentum,-0.00126
MED00195,11,cat_momentum,-0.00165
MED00196,11,cat_momentum,-0.00257
MED00197,11,cat_momentum,-0.00152
MED00198,11,cat_momentum,-0.00089
MED00199,11,cat_momentum,-0.00049
MED00200,11,cat_momentum,-0.00153
MED00201,11,cat_momentum,-0.00077
MED00202,11,cat_momentum,-0.00186
MED00203,11,cat_momentum,-0.00163
MED00204,11,cat_momentum,-0.00161
MED00205,11,cat_momentum,-0.00112
MED00206,11,cat_momentum,0.00159
MED00207,11,cat_momentum,-0.00156
MED00208,11,cat_momentum,-0.00377
MED00209,11,cat_momentum,0.00247
MED00210,11,cat_momentum,0.02115
MED00211,11,cat_momentum,-0.00056
MED00212,11,cat_momentum,-0.00154
MED00213,11,cat_momentum,-0.00848
MED00214,11,cat_momentum,-0.00239
MED00215,11,cat_momentum,-0.00184
MED00216,11,cat_momentum,-0.00381
MED00217,11,cat_momentum,-0.00326
MED00218,11,cat_momentum,-0.00238
MED00219,11,cat_momentum,-0.00395
MED00220,11,cat_momentum,-0.00191
MED00221,11,cat_momentum,-0.00326
MED00222,11,cat_momentum,-0.00138
MED00223,11,cat_momentum,-0.00116
MED00224,11,cat_momentum,-0.0017
MED00225,11,cat_momentum,-0.00158
MED00226,11,cat_momentum,-0.00274
MED00227,11,cat_momentum,-0.00165
MED00228,11,cat_momentum,-0.00035
MED00229,11,cat_momentum,-0.00561
MED00230,11,cat_momentum,-0.00128
MED00231,11,cat_momentum,-0.00152
MED00232,11,cat_momentum,-0.00156
MED00233,11,cat_momentum,-0.00071
MED00234,11,cat_momentum,-0.00145
MED00235,11,cat_momentum,-0.00076
MED00236,11,cat_momentum,-0.00136
MED00237,11,cat_momentum,-0.00208
MED00238,11,cat_momentum,-0.00187
MED00239,11,cat_momentum,-0.00153
MED00240,11,cat_momentum,-0.00311
MED00241,11,cat_momentum,-0.00198
MED00242,11,cat_momentum,-0.0033
MED00243,11,cat_momentum,-0.00508
MED00244,11,cat_momentum,-0.00178
MED00245,11,cat_momentum,-0.00088
MED00246,11,cat_momentum,-0.00217
MED00247,11,cat_momentum,-0.00241
MED00248,11,cat_momentum,-0.00085
MED00249,11,cat_momentum,0.00034
MED00250,11,cat_momentum,-0.0033
MED00251,11,cat_momentum,-0.00162
MED00252,11,cat_momentum,0.00014
MED00253,11,cat_momentum,-0.00224
MED00254,11,cat_momentum,-0.00021
MED00255,11,cat_momentum,0.00042
MED00256,11,cat_momentum,-0.0007
MED00257,11,cat_momentum,-0.00252
MED00258,11,cat_momentum,-0.00187
MED00259,11,cat_momentum,-0.0015
MED00260,11,cat_momentum,-0.0185
MED00261,11,cat_momentum,0.00286
MED00262,11,cat_momentum,-0.00213
MED00263,11,cat_momentum,-0.00115
MED00264,11,cat_momentum,-0.00729
MED00265,11,cat_momentum,-0.00204
MED00266,11,cat_momentum,0.00156
MED00267,11,cat_momentum,-0.00225
MED00268,11,cat_momentum,-0.00076
MED00269,11,cat_momentum,-0.00139
MED00270,11,cat_momentum,0.0003
MED00271,11,cat_momentum,0.00148
MED00272,11,cat_momentum,-0.00147
MED00273,11,cat_momentum,-0.00148
MED00274,11,cat_momentum,-0.00305
MED00275,11,cat_momentum,-0.00041
MED00276,11,cat_momentum,-0.0013
MED00277,11,cat_momentum,-0.00458
MED00278,11,cat_momentum,-0.00213
MED00279,11,cat_momentum,-0.002
MED00280,11,cat_momentum,-0.00432
MED00281,11,cat_momentum,-0.00148
MED00282,11,cat_momentum,-0.00103
MED00283,11,cat_momentum,-0.00143
MED00284,11,cat_momentum,-0.00049
MED00285,11,cat_momentum,-0.00166
MED00286,11,cat_momentum,0.00165
MED00287,11,cat_momentum,-0.00118
MED00288,11,cat_momentum,-0.00117
MED00289,11,cat_momentum,-0.00322
MED00290,11,cat_momentum,-0.00139
MED00291,11,cat_momentum,0.00039
MED00292,11,cat_momentum,-0.00043
MED00293,11,cat_momentum,0.00714
MED00294,11,cat_momentum,-0.00236
MED00295,11,cat_momentum,0.04245
MED00296,11,cat_momentum,-0.00253
MED00297,11,cat_momentum,-0.00241
MED00298,11,cat_momentum,-0.00141
MED00299,11,cat_momentum,-0.00511
MED00300,11,cat_momentum,-0.00201
MED00301,11,cat_momentum,-0.00216
MED00302,11,cat_momentum,-0.00187
MED00303,11,cat_momentum,-0.00135
MED00304,11,cat_momentum,-0.00288
MED00305,11,cat_momentum,-0.00175
MED00306,11,cat_momentum,0.03974
MED00307,11,cat_momentum,0.0004
MED00308,11,cat_momentum,0.00313
MED00309,11,cat_momentum,-0.00307
MED00310,11,cat_momentum,-0.00054
MED00311,11,cat_momentum,-0.00188
MED00312,11,cat_momentum,-0.00397
MED00313,11,cat_momentum,-0.00088
MED00314,11,cat_momentum,0.00134
MED00315,11,cat_momentum,-0.00225
MED00316,11,cat_momentum,-0.00068
MED00317,11,cat_momentum,-0.00195
MED00318,11,cat_momentum,-0.00113
MED00319,11,cat_momentum,-0.00318
MED00320,11,cat_momentum,-0.00129
MED00321,11,cat_momentum,-0.00048
MED00322,11,cat_momentum,-0.00464
MED00323,11,cat_momentum,-0.00239
MED00324,11,cat_momentum,0.0014
MED00325,11,cat_momentum,-0.00279
MED00326,11,cat_momentum,-0.00209
MED00327,11,cat_momentum,-0.00084
MED00328,11,cat_momentum,-0.00242
MED00329,11,cat_momentum,-0.00303
MED00330,11,cat_momentum,-0.00255
MED00331,11,cat_momentum,-0.00097
MED00332,11,cat_momentum,-0.00066
MED00334,11,cat_momentum,-0.00067
MED00335,11,cat_momentum,0.00135
MED00336,11,cat_momentum,-0.00231
MED00337,11,cat_momentum,-0.00074
MED00338,11,cat_momentum,0.00138
MED00339,11,cat_momentum,-0.00151
MED00340,11,cat_momentum,0.02332
MED00341,11,cat_momentum,-0.00191
MED00342,11,cat_momentum,-0.00154
MED00343,11,cat_momentum,-0.00148
MED00344,11,cat_momentum,0.0005
MED00345,11,cat_momentum,-0.00355
MED00346,11,cat_momentum,-0.00178
MED00347,11,cat_momentum,-0.00397
MED00348,11,cat_momentum,-0.00142
MED00349,11,cat_momentum,-0.00121
MED00350,11,cat_momentum,0.00181
MED00351,11,cat_momentum,-0.00743
MED00352,11,cat_momentum,-0.00647
MED00353,11,cat_momentum,-0.00596
MED00354,11,cat_momentum,-0.00367
MED00355,11,cat_momentum,0.00619
MED00356,11,cat_momentum,-0.00119
MED00357,11,cat_momentum,-0.00346
MED00358,11,cat_momentum,-0.00057
MED00359,11,cat_momentum,-0.00177
MED00360,11,cat_momentum,0.00723
MED00361,11,cat_momentum,-0.00069
MED00362,11,cat_momentum,-0.00076
MED00363,11,cat_momentum,-0.00139
MED00364,11,cat_momentum,-0.00392
MED00365,11,cat_momentum,-0.00187
MED00366,11,cat_momentum,-0.00247
MED00367,11,cat_momentum,-0.00178
MED00368,11,cat_momentum,0.00044
MED00369,11,cat_momentum,-0.0018
MED00370,11,cat_momentum,0.03433
MED00371,11,cat_momentum,0.00123
MED00372,11,cat_momentum,-0.00333
MED00373,11,cat_momentum,-0.00195
MED00374,11,cat_momentum,0.00013
MED00376,11,cat_momentum,-0.0019
MED00377,11,cat_momentum,0.01459
MED00378,11,cat_momentum,-0.00171
MED00379,11,cat_momentum,-0.00076
MED00380,11,cat_momentum,-0.00759
MED00381,11,cat_momentum,-0.00133
MED00382,11,cat_momentum,-0.00091
MED00383,11,cat_momentum,-0.00256
MED00384,11,cat_momentum,-0.0013
MED00385,11,cat_momentum,-0.00087
MED00386,11,cat_momentum,-0.00105
MED00387,11,cat_momentum,-0.00157
MED00388,11,cat_momentum,0.0004
MED00389,11,cat_momentum,-0.0021
MED00390,11,cat_momentum,-0.00078
MED00391,11,cat_momentum,0.00028
MED00392,11,cat_momentum,0.00132
MED00393,11,cat_momentum,0.00232
MED00394,11,cat_momentum,0.00445
MED00395,11,cat_momentum,0.00067
MED00396,11,cat_momentum,-0.00134
MED00399,11,cat_momentum,-0.00038
MED00400,11,cat_momentum,0.00038
MED00401,11,cat_momentum,0.00805
MED00402,11,cat_momentum,0.00318
MED00403,11,cat_momentum,-0.00201
MED00404,11,cat_momentum,-0.00208
MED00405,11,cat_momentum,-0.00239
MED00406,11,cat_momentum,-0.00199
MED00407,11,cat_momentum,0.00321
MED00408,11,cat_momentum,0.00149
MED00409,11,cat_momentum,0.00459
MED00410,11,cat_momentum,0.00065
MED00411,11,cat_momentum,-0.0015
MED00412,11,cat_momentum,-0.00054
MED00413,11,cat_momentum,-0.00178
MED00414,11,cat_momentum,-0.00085
MED00415,11,cat_momentum,-0.00124
MED00416,11,cat_momentum,-0.00137
MED00417,11,cat_momentum,-0.00107
MED00418,11,cat_momentum,-0.00074
MED00419,11,cat_momentum,-0.00145
MED00420,11,cat_momentum,0.00437
MED00421,11,cat_momentum,0.00287
MED00422,11,cat_momentum,-0.00121
MED00423,11,cat_momentum,-0.00131
MED00424,11,cat_momentum,-0.0009
MED00001,12,cat_momentum,-0.00179
MED00002,12,cat_momentum,-0.00552
MED00003,12,cat_momentum,-0.00483
MED00004,12,cat_momentum,-0.00227
MED00006,12,cat_momentum,-0.00174
MED00007,12,cat_momentum,-0.00063
MED00008,12,cat_momentum,-0.00248
MED00009,12,cat_momentum,-0.00099
MED00010,12,cat_momentum,0.00121
MED00011,12,cat_momentum,0.00051
MED00012,12,cat_momentum,-0.00198
MED00013,12,cat_momentum,-0.0018
MED00014,12,cat_momentum,-0.00133
MED00015,12,cat_momentum,-0.00298
MED00016,12,cat_momentum,-0.00167
MED00017,12,cat_momentum,-0.00167
MED00018,12,cat_momentum,0.00015
MED00019,12,cat_momentum,-0.00109
MED00020,12,cat_momentum,-0.00058
MED00021,12,cat_momentum,-0.0029
MED00022,12,cat_momentum,-0.00217
MED00023,12,cat_momentum,-0.00027
MED00024,12,cat_momentum,-0.00199
MED00025,12,cat_momentum,0.05041
MED00026,12,cat_momentum,0.06816
MED00027,12,cat_momentum,0.05118
MED00028,12,cat_momentum,-0.00242
MED00029,12,cat_momentum,-0.00288
MED00030,12,cat_momentum,-0.00207
MED00031,12,cat_momentum,-0.00126
MED00032,12,cat_momentum,-0.00063
MED00033,12,cat_momentum,-0.00201
MED00034,12,cat_momentum,0.00081
MED00035,12,cat_momentum,0.01359
MED00036,12,cat_momentum,0.00379
MED00037,12,cat_momentum,0.00082
MED00038,12,cat_momentum,-0.0014
MED00039,12,cat_momentum,0.02283
MED00040,12,cat_momentum,-0.00109
MED00041,12,cat_momentum,-0.00259
MED00042,12,cat_momentum,0.03387
MED00043,12,cat_momentum,-0.00254
MED00044,12,cat_momentum,-0.00191
MED00045,12,cat_momentum,-0.00229
MED00046,12,cat_momentum,-0.00285
MED00047,12,cat_momentum,-0.00125
MED00048,12,cat_momentum,-0.00127
MED00049,12,cat_momentum,-0.0049
MED00050,12,cat_momentum,-0.00067
MED00051,12,cat_momentum,-0.00434
MED00052,12,cat_momentum,-0.00141
MED00053,12,cat_momentum,0.00082
MED00054,12,cat_momentum,0.00097
MED00055,12,cat_momentum,0.03096
MED00056,12,cat_momentum,-0.00206
MED00057,12,cat_momentum,-0.00218
MED00058,12,cat_momentum,-0.00171
MED00059,12,cat_momentum,0.00702
MED00060,12,cat_momentum,-0.00108
MED00061,12,cat_momentum,-0.0013
MED00062,12,cat_momentum,-0.00224
MED00063,12,cat_momentum,-0.0049
MED00064,12,cat_momentum,-0.00077
MED00065,12,cat_momentum,-0.00092
MED00066,12,cat_momentum,-0.00283
MED00067,12,cat_momentum,-0.00098
MED00068,12,cat_momentum,-0.00131
MED00069,12,cat_momentum,-0.00164
MED00070,12,cat_momentum,-0.00328
MED00071,12,cat_momentum,-0.00077
MED00072,12,cat_momentum,-0.00158
MED00073,12,cat_momentum,-0.00227
MED00074,12,cat_momentum,-0.00117
MED00075,12,cat_momentum,0.00317
MED00076,12,cat_momentum,-0.00468
MED00077,12,cat_momentum,0.00029
MED00078,12,cat_momentum,-0.00112
MED00079,12,cat_momentum,-0.00079
MED00080,12,cat_momentum,-0.00203
MED00081,12,cat_momentum,-0.00274
MED00082,12,cat_momentum,-0.00229
MED00083,12,cat_momentum,-0.00208
MED00084,12,cat_momentum,-0.00066
MED00086,12,cat_momentum,-0.00182
MED00087,12,cat_momentum,-0.00195
MED00088,12,cat_momentum,-0.00081
MED00089,12,cat_momentum,0.00118
MED00090,12,cat_momentum,0.00082
MED00091,12,cat_momentum,-0.00174
MED00092,12,cat_momentum,-0.00123
MED00093,12,cat_momentum,0.05628
MED00094,12,cat_momentum,0.02574
MED00095,12,cat_momentum,-0.00202
MED00096,12,cat_momentum,-0.0019
MED00097,12,cat_momentum,-0.00117
MED00098,12,cat_momentum,-0.0025
MED00099,12,cat_momentum,0.04918
MED00100,12,cat_momentum,-0.00414
MED00101,12,cat_momentum,-0.00136
MED00102,12,cat_momentum,0.00119
MED00103,12,cat_momentum,-0.0019
MED00104,12,cat_momentum,-0.00123
MED00105,12,cat_momentum,-0.00385
MED00106,12,cat_momentum,-0.00339
MED00107,12,cat_momentum,-0.00264
MED00108,12,cat_momentum,0.00051
MED00109,12,cat_momentum,-0.00626
MED00110,12,cat_momentum,-0.00614
MED00111,12,cat_momentum,-0.00204
MED00112,12,cat_momentum,-0.00179
MED00113,12,cat_momentum,-0.00098
MED00114,12,cat_momentum,-0.00147
MED00115,12,cat_momentum,-0.0003
MED00116,12,cat_momentum,-0.00093
MED00117,12,cat_momentum,-0.00045
MED00118,12,cat_momentum,-0.00169
MED00119,12,cat_momentum,-0.00172
MED00120,12,cat_momentum,0.00176
MED00121,12,cat_momentum,-0.00125
MED00122,12,cat_momentum,-0.00149
MED00123,12,cat_momentum,-0.00191
MED00124,12,cat_momentum,-0.00198
MED00125,12,cat_momentum,-0.00326
MED00126,12,cat_momentum,-0.00639
MED00127,12,cat_momentum,-0.0017
MED00128,12,cat_momentum,-0.00154
MED00129,12,cat_momentum,-0.00097
MED00130,12,cat_momentum,-0.00491
MED00131,12,cat_momentum,-0.00129
MED00132,12,cat_momentum,-0.00295
MED00133,12,cat_momentum,-0.00147
MED00134,12,cat_momentum,-0.00649
MED00135,12,cat_momentum,0.00195
MED00136,12,cat_momentum,-0.00163
MED00137,12,cat_momentum,0.00017
MED00138,12,cat_momentum,0.00098
MED00139,12,cat_momentum,-0.00184
MED00140,12,cat_momentum,-0.00038
MED00141,12,cat_momentum,-0.00357
MED00142,12,cat_momentum,-0.00159
MED00143,12,cat_momentum,-0.00132
MED00144,12,cat_momentum,-0.00219
MED00145,12,cat_momentum,-0.00204
MED00146,12,cat_momentum,0.00028
MED00147,12,cat_momentum,-0.00061
MED00148,12,cat_momentum,-0.00112
MED00149,12,cat_momentum,-0.00217
MED00150,12,cat_momentum,-0.00216
MED00151,12,cat_momentum,-0.00107
MED00152,12,cat_momentum,-0.00087
MED00153,12,cat_momentum,-0.00167
MED00154,12,cat_momentum,-0.00163
MED00155,12,cat_momentum,-0.00044
MED00156,12,cat_momentum,-0.00058
MED00157,12,cat_momentum,-0.00191
MED00158,12,cat_momentum,0.07266
MED00159,12,cat_momentum,0.00115
MED00160,12,cat_momentum,-0.00188
MED00161,12,cat_momentum,-0.00235
MED00162,12,cat_momentum,-0.00207
MED00163,12,cat_momentum,-0.00295
MED00164,12,cat_momentum,-0.00176
MED00165,12,cat_momentum,-0.00506
MED00166,12,cat_momentum,-0.00195
MED00167,12,cat_momentum,-0.00107
MED00168,12,cat_momentum,-0.0015
MED00169,12,cat_momentum,-1e-04
MED00170,12,cat_momentum,-0.00117
MED00171,12,cat_momentum,-0.00112
MED00172,12,cat_momentum,0.00161
MED00173,12,cat_momentum,-0.00056
MED00174,12,cat_momentum,-0.00091
MED00175,12,cat_momentum,0.02793
MED00176,12,cat_momentum,-0.00022
MED00177,12,cat_momentum,0.04213
MED00178,12,cat_momentum,0.00106
MED00179,12,cat_momentum,0.00169
MED00180,12,cat_momentum,-0.00178
MED00181,12,cat_momentum,-0.00194
MED00182,12,cat_momentum,0.04619
MED00183,12,cat_momentum,0.00147
MED00184,12,cat_momentum,-0.00104
MED00185,12,cat_momentum,0.00057
MED00186,12,cat_momentum,-0.00154
MED00187,12,cat_momentum,-0.00118
MED00188,12,cat_momentum,-0.00132
MED00189,12,cat_momentum,-0.00486
MED00190,12,cat_momentum,-0.0018
MED00191,12,cat_momentum,-0.00093
MED00192,12,cat_momentum,-0.00497
MED00193,12,cat_momentum,-0.00562
MED00194,12,cat_momentum,-0.00123
MED00195,12,cat_momentum,-0.00159
MED00196,12,cat_momentum,-0.0025
MED00197,12,cat_momentum,-0.00151
MED00198,12,cat_momentum,-0.00085
MED00199,12,cat_momentum,-0.00043
MED00200,12,cat_momentum,-0.00148
MED00201,12,cat_momentum,-0.00106
MED00202,12,cat_momentum,-0.00182
MED00203,12,cat_momentum,-0.00156
MED00204,12,cat_momentum,-0.00187
MED00205,12,cat_momentum,-0.00115
MED00206,12,cat_momentum,0.00149
MED00207,12,cat_momentum,-0.00152
MED00208,12,cat_momentum,-0.00381
MED00209,12,cat_momentum,0.00253
MED00210,12,cat_momentum,0.0174
MED00211,12,cat_momentum,-0.00052
MED00212,12,cat_momentum,-0.00185
MED00213,12,cat_momentum,-0.0083
MED00214,12,cat_momentum,-0.00243
MED00215,12,cat_momentum,-0.0018
MED00216,12,cat_momentum,-0.00503
MED00217,12,cat_momentum,-0.00363
MED00218,12,cat_momentum,-0.00249
MED00219,12,cat_momentum,-0.00361
MED00220,12,cat_momentum,-0.00187
MED00221,12,cat_momentum,-0.00325
MED00222,12,cat_momentum,-0.00171
MED00223,12,cat_momentum,-0.00073
MED00224,12,cat_momentum,-0.00197
MED00225,12,cat_momentum,-0.00155
MED00226,12,cat_momentum,-0.0027
MED00227,12,cat_momentum,-0.00156
MED00228,12,cat_momentum,-0.00021
MED00229,12,cat_momentum,-0.00543
MED00230,12,cat_momentum,-0.00121
MED00231,12,cat_momentum,-0.00149
MED00232,12,cat_momentum,-0.00156
MED00233,12,cat_momentum,-0.00052
MED00234,12,cat_momentum,-0.00141
MED00235,12,cat_momentum,-0.00088
MED00236,12,cat_momentum,-0.00137
MED00237,12,cat_momentum,-0.00206
MED00238,12,cat_momentum,-0.00183
MED00239,12,cat_momentum,-0.0015
MED00240,12,cat_momentum,-0.00307
MED00241,12,cat_momentum,-0.00194
MED00242,12,cat_momentum,-0.00338
MED00243,12,cat_momentum,-0.00541
MED00244,12,cat_momentum,-0.00175
MED00245,12,cat_momentum,-0.0008
MED00246,12,cat_momentum,-0.00214
MED00247,12,cat_momentum,-0.00246
MED00248,12,cat_momentum,-0.0008
MED00249,12,cat_momentum,0.00038
MED00250,12,cat_momentum,-0.00332
MED00251,12,cat_momentum,-0.00159
MED00252,12,cat_momentum,-0.00016
MED00253,12,cat_momentum,-0.00229
MED00254,12,cat_momentum,-0.00067
MED00255,12,cat_momentum,0.00051
MED00256,12,cat_momentum,-0.00072
MED00257,12,cat_momentum,-0.00249
MED00258,12,cat_momentum,-0.0018
MED00259,12,cat_momentum,-0.00144
MED00260,12,cat_momentum,-0.02124
MED00261,12,cat_momentum,0.00254
MED00262,12,cat_momentum,-0.0021
MED00263,12,cat_momentum,-0.00156
MED00264,12,cat_momentum,-0.00724
MED00265,12,cat_momentum,-0.00201
MED00266,12,cat_momentum,0.00201
MED00267,12,cat_momentum,-0.00221
MED00268,12,cat_momentum,-0.0007
MED00269,12,cat_momentum,-0.00137
MED00270,12,cat_momentum,-0.00021
MED00271,12,cat_momentum,0.00146
MED00272,12,cat_momentum,-0.00173
MED00273,12,cat_momentum,-0.00175
MED00274,12,cat_momentum,-0.00286
MED00275,12,cat_momentum,-0.00068
MED00276,12,cat_momentum,-0.0013
MED00277,12,cat_momentum,-0.00487
MED00278,12,cat_momentum,-0.00211
MED00279,12,cat_momentum,-0.00157
MED00280,12,cat_momentum,-0.00469
MED00281,12,cat_momentum,-0.00182
MED00282,12,cat_momentum,-0.00129
MED00283,12,cat_momentum,-0.00148
MED00284,12,cat_momentum,-0.00077
MED00285,12,cat_momentum,-0.00176
MED00286,12,cat_momentum,0.00134
MED00287,12,cat_momentum,-0.00115
MED00288,12,cat_momentum,-0.00113
MED00289,12,cat_momentum,-0.00329
MED00290,12,cat_momentum,-0.00135
MED00291,12,cat_momentum,0.00056
MED00292,12,cat_momentum,-0.00046
MED00293,12,cat_momentum,0.00682
MED00294,12,cat_momentum,-0.00232
MED00295,12,cat_momentum,0.03566
MED00296,12,cat_momentum,-0.00249
MED00297,12,cat_momentum,-0.00237
MED00298,12,cat_momentum,-0.00134
MED00299,12,cat_momentum,-0.00504
MED00300,12,cat_momentum,-0.00198
MED00301,12,cat_momentum,-0.0021
MED00302,12,cat_momentum,-0.00132
MED00303,12,cat_momentum,-0.00133
MED00304,12,cat_momentum,-0.00281
MED00305,12,cat_momentum,-0.00174
MED00306,12,cat_momentum,0.03597
MED00307,12,cat_momentum,0.00044
MED00308,12,cat_momentum,0.00291
MED00309,12,cat_momentum,-0.00307
MED00310,12,cat_momentum,-0.00082
MED00311,12,cat_momentum,-0.00186
MED00312,12,cat_momentum,-0.00267
MED00313,12,cat_momentum,-0.00049
MED00314,12,cat_momentum,0.00182
MED00315,12,cat_momentum,-0.00222
MED00316,12,cat_momentum,-0.00066
MED00317,12,cat_momentum,-0.0019
MED00318,12,cat_momentum,-0.00106
MED00319,12,cat_momentum,-0.00321
MED00320,12,cat_momentum,-0.00075
MED00321,12,cat_momentum,-0.00051
MED00322,12,cat_momentum,-0.00493
MED00323,12,cat_momentum,-0.00241
MED00324,12,cat_momentum,0.00146
MED00325,12,cat_momentum,-0.00281
MED00326,12,cat_momentum,-0.00212
MED00327,12,cat_momentum,-0.00085
MED00328,12,cat_momentum,-0.00239
MED00329,12,cat_momentum,-0.00314
MED00330,12,cat_momentum,-0.00251
MED00331,12,cat_momentum,-0.00095
MED00332,12,cat_momentum,-0.00065
MED00334,12,cat_momentum,-0.00049
MED00335,12,cat_momentum,0.00148
MED00336,12,cat_momentum,-0.00243
MED00337,12,cat_momentum,-0.00073
MED00338,12,cat_momentum,0.00183
MED00339,12,cat_momentum,-0.00147
MED00340,12,cat_momentum,0.02218
MED00341,12,cat_momentum,-0.00187
MED00342,12,cat_momentum,-0.00165
MED00343,12,cat_momentum,-0.00154
MED00344,12,cat_momentum,1e-04
MED00345,12,cat_momentum,-0.00379
MED00346,12,cat_momentum,-0.0018
MED00347,12,cat_momentum,-0.00422
MED00348,12,cat_momentum,-0.00138
MED00349,12,cat_momentum,-0.00113
MED00350,12,cat_momentum,0.00178
MED00351,12,cat_momentum,-0.00617
MED00352,12,cat_momentum,-0.00584
MED00353,12,cat_momentum,-0.00579
MED00354,12,cat_momentum,-0.00362
MED00355,12,cat_momentum,0.00614
MED00356,12,cat_momentum,-0.00129
MED00357,12,cat_momentum,-0.00383
MED00358,12,cat_momentum,-0.00085
MED00359,12,cat_momentum,-0.00173
MED00360,12,cat_momentum,0.00712
MED00361,12,cat_momentum,-0.00064
MED00362,12,cat_momentum,-0.00074
MED00363,12,cat_momentum,-0.00135
MED00364,12,cat_momentum,-0.00513
MED00365,12,cat_momentum,-0.0018
MED00366,12,cat_momentum,-0.00244
MED00367,12,cat_momentum,-0.00174
MED00368,12,cat_momentum,0.00033
MED00369,12,cat_momentum,-0.00177
MED00370,12,cat_momentum,0.03007
MED00371,12,cat_momentum,0.00164
MED00372,12,cat_momentum,-0.00364
MED00373,12,cat_momentum,-0.00184
MED00374,12,cat_momentum,0.00013
MED00375,12,cat_momentum,0.00041
MED00376,12,cat_momentum,-0.00186
MED00377,12,cat_momentum,0.01351
MED00378,12,cat_momentum,-0.00168
MED00379,12,cat_momentum,-0.0008
MED00380,12,cat_momentum,-0.00631
MED00381,12,cat_momentum,-0.00135
MED00382,12,cat_momentum,-0.00093
MED00383,12,cat_momentum,-0.00243
MED00384,12,cat_momentum,-0.00127
MED00385,12,cat_momentum,-0.00122
MED00386,12,cat_momentum,-0.00142
MED00387,12,cat_momentum,-0.00152
MED00388,12,cat_momentum,0.00041
MED00389,12,cat_momentum,-0.00204
MED00390,12,cat_momentum,-0.00078
MED00392,12,cat_momentum,0.00098
MED00393,12,cat_momentum,0.002
MED00394,12,cat_momentum,0.0041
MED00395,12,cat_momentum,0.00032
MED00396,12,cat_momentum,-0.00133
MED00399,12,cat_momentum,-0.00021
MED00400,12,cat_momentum,0.00047
MED00401,12,cat_momentum,0.00764
MED00402,12,cat_momentum,0.00278
MED00403,12,cat_momentum,-0.00192
MED00404,12,cat_momentum,-0.00202
MED00405,12,cat_momentum,-0.00224
MED00406,12,cat_momentum,-0.00197
MED00407,12,cat_momentum,0.00289
MED00408,12,cat_momentum,0.00115
MED00409,12,cat_momentum,0.00463
MED00410,12,cat_momentum,0.00073
MED00411,12,cat_momentum,-0.00157
MED00412,12,cat_momentum,-0.0009
MED00413,12,cat_momentum,-0.00213
MED00414,12,cat_momentum,-0.0012
MED00415,12,cat_momentum,-0.00162
MED00416,12,cat_momentum,-0.00169
MED00417,12,cat_momentum,-0.00135
MED00418,12,cat_momentum,-0.00101
MED00419,12,cat_momentum,-0.00167
MED00420,12,cat_momentum,0.00424
MED00421,12,cat_momentum,0.00241
MED00422,12,cat_momentum,-0.00154
MED00423,12,cat_momentum,-0.00165
MED00424,12,cat_momentum,-0.00082
MED00002,1,store_momentum,-0.00032
MED00004,1,store_momentum,-0.00102
MED00005,1,store_momentum,-0.00019
MED00010,1,store_momentum,-0.00013
MED00013,1,store_momentum,-0.00035
MED00015,1,store_momentum,-0.00019
MED00016,1,store_momentum,-0.00038
MED00020,1,store_momentum,-0.00061
MED00022,1,store_momentum,-0.00132
MED00026,1,store_momentum,0.00012
MED00029,1,store_momentum,-0.00034
MED00030,1,store_momentum,-0.00164
MED00031,1,store_momentum,-0.00205
MED00032,1,store_momentum,-0.00017
MED00033,1,store_momentum,-0.00012
MED00035,1,store_momentum,-0.001
MED00036,1,store_momentum,-0.00045
MED00038,1,store_momentum,-0.00043
MED00040,1,store_momentum,-0.0002
MED00046,1,store_momentum,-0.00026
MED00053,1,store_momentum,-0.00056
MED00054,1,store_momentum,-0.00073
MED00055,1,store_momentum,-1e-04
MED00056,1,store_momentum,-0.00016
MED00059,1,store_momentum,-0.00014
MED00061,1,store_momentum,-0.00058
MED00066,1,store_momentum,-0.00022
MED00067,1,store_momentum,-0.00043
MED00068,1,store_momentum,-0.00057
MED00072,1,store_momentum,-0.00043
MED00073,1,store_momentum,-0.00023
MED00074,1,store_momentum,-0.00042
MED00076,1,store_momentum,-0.00027
MED00078,1,store_momentum,-0.00015
MED00079,1,store_momentum,0.00016
MED00080,1,store_momentum,-0.00062
MED00083,1,store_momentum,-0.00022
MED00084,1,store_momentum,0.00011
MED00088,1,store_momentum,0.00011
MED00089,1,store_momentum,0.00141
MED00092,1,store_momentum,-0.00038
MED00093,1,store_momentum,-0.00032
MED00097,1,store_momentum,0.00011
MED00101,1,store_momentum,-0.00036
MED00102,1,store_momentum,-0.0004
MED00110,1,store_momentum,-0.00031
MED00113,1,store_momentum,-0.00036
MED00116,1,store_momentum,-0.0004
MED00126,1,store_momentum,-0.00012
MED00134,1,store_momentum,-0.00011
MED00135,1,store_momentum,0.0014
MED00136,1,store_momentum,-0.00212
MED00141,1,store_momentum,-0.00017
MED00142,1,store_momentum,0.00017
MED00145,1,store_momentum,-0.00071
MED00146,1,store_momentum,-0.00052
MED00159,1,store_momentum,0.00026
MED00163,1,store_momentum,-0.00016
MED00165,1,store_momentum,-0.00063
MED00167,1,store_momentum,-0.00037
MED00170,1,store_momentum,-0.00036
MED00172,1,store_momentum,-0.00011
MED00174,1,store_momentum,-0.00039
MED00176,1,store_momentum,-0.00073
MED00177,1,store_momentum,0.00019
MED00178,1,store_momentum,-0.00076
MED00182,1,store_momentum,0.00012
MED00183,1,store_momentum,0.00017
MED00185,1,store_momentum,-1e-04
MED00187,1,store_momentum,-0.00032
MED00188,1,store_momentum,-0.00046
MED00192,1,store_momentum,-0.00025
MED00193,1,store_momentum,-0.00014
MED00194,1,store_momentum,-0.00035
MED00196,1,store_momentum,-0.00019
MED00197,1,store_momentum,-0.00057
MED00199,1,store_momentum,-0.00026
MED00203,1,store_momentum,-0.00043
MED00206,1,store_momentum,-0.00049
MED00209,1,store_momentum,-0.0002
MED00213,1,store_momentum,-0.00012
MED00217,1,store_momentum,-0.00031
MED00221,1,store_momentum,-0.00026
MED00222,1,store_momentum,0.00017
MED00226,1,store_momentum,-0.00027
MED00228,1,store_momentum,-0.00015
MED00229,1,store_momentum,-0.00011
MED00237,1,store_momentum,-0.00067
MED00240,1,store_momentum,-0.0002
MED00243,1,store_momentum,-0.00032
MED00249,1,store_momentum,0.00012
MED00250,1,store_momentum,-0.00028
MED00252,1,store_momentum,-0.00178
MED00254,1,store_momentum,-0.00178
MED00255,1,store_momentum,-0.00021
MED00260,1,store_momentum,-0.0003
MED00262,1,store_momentum,-0.0006
MED00263,1,store_momentum,-0.00038
MED00266,1,store_momentum,0.00141
MED00270,1,store_momentum,-0.00041
MED00271,1,store_momentum,-0.0004
MED00280,1,store_momentum,-0.00027
MED00284,1,store_momentum,-0.0006
MED00286,1,store_momentum,-0.00013
MED00288,1,store_momentum,-0.00032
MED00289,1,store_momentum,-0.00123
MED00293,1,store_momentum,0.00092
MED00294,1,store_momentum,-0.00027
MED00302,1,store_momentum,0.0012
MED00303,1,store_momentum,-0.00165
MED00309,1,store_momentum,-0.00021
MED00311,1,store_momentum,-0.00163
MED00313,1,store_momentum,-0.00205
MED00314,1,store_momentum,0.00139
MED00318,1,store_momentum,-0.0004
MED00320,1,store_momentum,-0.0004
MED00321,1,store_momentum,-0.00105
MED00324,1,store_momentum,-0.00059
MED00331,1,store_momentum,-0.00039
MED00333,1,store_momentum,-0.00037
MED00337,1,store_momentum,-0.00075
MED00350,1,store_momentum,-0.00217
MED00351,1,store_momentum,-0.00011
MED00352,1,store_momentum,-0.00011
MED00353,1,store_momentum,-0.00023
MED00354,1,store_momentum,-0.00011
MED00356,1,store_momentum,-0.00036
MED00357,1,store_momentum,-0.00041
MED00361,1,store_momentum,-0.00038
MED00368,1,store_momentum,-0.00038
MED00374,1,store_momentum,-0.00016
MED00377,1,store_momentum,0.00011
MED00379,1,store_momentum,-0.00236
MED00424,1,store_momentum,0.00127
MED00002,2,store_momentum,-0.00032
MED00004,2,store_momentum,-0.00102
MED00005,2,store_momentum,-0.00019
MED00010,2,store_momentum,-0.00013
MED00013,2,store_momentum,-0.00035
MED00015,2,store_momentum,-0.00019
MED00016,2,store_momentum,-0.00038
MED00020,2,store_momentum,-0.00061
MED00022,2,store_momentum,-0.00132
MED00026,2,store_momentum,0.00012
MED00029,2,store_momentum,-0.00034
MED00030,2,store_momentum,-0.00164
MED00031,2,store_momentum,-0.00206
MED00032,2,store_momentum,-0.00028
MED00033,2,store_momentum,-0.00012
MED00035,2,store_momentum,-0.001
MED00036,2,store_momentum,-0.00045
MED00038,2,store_momentum,-0.00042
MED00040,2,store_momentum,-0.0002
MED00046,2,store_momentum,-0.00026
MED00053,2,store_momentum,-0.00056
MED00054,2,store_momentum,-0.00084
MED00055,2,store_momentum,-1e-04
MED00056,2,store_momentum,-0.00016
MED00059,2,store_momentum,-0.00014
MED00061,2,store_momentum,-0.00058
MED00066,2,store_momentum,-0.00022
MED00067,2,store_momentum,-0.00043
MED00068,2,store_momentum,-0.00057
MED00072,2,store_momentum,-0.00043
MED00073,2,store_momentum,-0.00023
MED00074,2,store_momentum,-0.00042
MED00076,2,store_momentum,-0.00027
MED00078,2,store_momentum,-0.00015
MED00079,2,store_momentum,0.00016
MED00080,2,store_momentum,-0.00062
MED00083,2,store_momentum,-0.00022
MED00084,2,store_momentum,0.00011
MED00088,2,store_momentum,0.00011
MED00089,2,store_momentum,0.00141
MED00092,2,store_momentum,-0.00038
MED00093,2,store_momentum,-0.00032
MED00097,2,store_momentum,0.00011
MED00101,2,store_momentum,-0.00036
MED00102,2,store_momentum,-0.0004
MED00110,2,store_momentum,-0.00031
MED00113,2,store_momentum,-0.00036
MED00116,2,store_momentum,-0.0004
MED00126,2,store_momentum,-0.00012
MED00134,2,store_momentum,-0.00011
MED00135,2,store_momentum,0.0014
MED00136,2,store_momentum,-0.00212
MED00141,2,store_momentum,-0.00017
MED00142,2,store_momentum,0.00017
MED00145,2,store_momentum,-0.00071
MED00146,2,store_momentum,-0.00052
MED00159,2,store_momentum,0.00026
MED00163,2,store_momentum,-0.00016
MED00165,2,store_momentum,-0.00063
MED00167,2,store_momentum,-0.00037
MED00170,2,store_momentum,-0.00036
MED00172,2,store_momentum,-0.00011
MED00174,2,store_momentum,-0.00039
MED00176,2,store_momentum,-0.00073
MED00177,2,store_momentum,0.00019
MED00178,2,store_momentum,-0.00076
MED00182,2,store_momentum,0.00012
MED00183,2,store_momentum,0.00016
MED00187,2,store_momentum,-0.00033
MED00188,2,store_momentum,-0.00046
MED00192,2,store_momentum,-0.00025
MED00193,2,store_momentum,-0.00014
MED00194,2,store_momentum,-0.00035
MED00196,2,store_momentum,-0.00019
MED00197,2,store_momentum,-0.00057
MED00199,2,store_momentum,-0.00027
MED00203,2,store_momentum,-0.00043
MED00206,2,store_momentum,-0.0006
MED00209,2,store_momentum,-0.0002
MED00213,2,store_momentum,-0.00012
MED00217,2,store_momentum,-0.00031
MED00221,2,store_momentum,-0.00025
MED00222,2,store_momentum,0.00017
MED00226,2,store_momentum,-0.00026
MED00228,2,store_momentum,-0.00072
MED00229,2,store_momentum,-0.00011
MED00237,2,store_momentum,-0.00068
MED00240,2,store_momentum,-0.0002
MED00243,2,store_momentum,-0.00032
MED00249,2,store_momentum,0.00012
MED00250,2,store_momentum,-0.00028
MED00252,2,store_momentum,-0.00178
MED00254,2,store_momentum,-0.00178
MED00255,2,store_momentum,-0.00021
MED00260,2,store_momentum,-0.0003
MED00262,2,store_momentum,-0.0006
MED00263,2,store_momentum,-0.00038
MED00266,2,store_momentum,0.00141
MED00270,2,store_momentum,-0.00041
MED00271,2,store_momentum,-0.0004
MED00280,2,store_momentum,-0.00027
MED00284,2,store_momentum,-0.0006
MED00286,2,store_momentum,-0.00014
MED00288,2,store_momentum,-0.00032
MED00289,2,store_momentum,-0.00066
MED00293,2,store_momentum,0.00091
MED00294,2,store_momentum,-0.00027
MED00302,2,store_momentum,0.0012
MED00303,2,store_momentum,-0.00166
MED00309,2,store_momentum,-0.00021
MED00311,2,store_momentum,-0.00163
MED00313,2,store_momentum,-0.00205
MED00314,2,store_momentum,0.00139
MED00318,2,store_momentum,-0.00039
MED00320,2,store_momentum,-0.0004
MED00321,2,store_momentum,-0.00105
MED00324,2,store_momentum,-0.00059
MED00331,2,store_momentum,-0.00039
MED00333,2,store_momentum,-0.00034
MED00335,2,store_momentum,-0.00011
MED00337,2,store_momentum,-0.00075
MED00350,2,store_momentum,-0.00217
MED00351,2,store_momentum,-0.00011
MED00352,2,store_momentum,-0.00011
MED00353,2,store_momentum,-0.00023
MED00354,2,store_momentum,-0.00012
MED00356,2,store_momentum,-0.00036
MED00357,2,store_momentum,-0.00041
MED00361,2,store_momentum,-0.00038
MED00368,2,store_momentum,-0.00038
MED00374,2,store_momentum,-0.00016
MED00377,2,store_momentum,0.00011
MED00379,2,store_momentum,-0.00236
MED00380,2,store_momentum,-1e-04
MED00424,2,store_momentum,0.00127
MED00002,3,store_momentum,-0.00032
MED00004,3,store_momentum,-0.00102
MED00005,3,store_momentum,-0.00019
MED00010,3,store_momentum,-0.00013
MED00013,3,store_momentum,-0.00035
MED00015,3,store_momentum,-0.00019
MED00016,3,store_momentum,-0.00038
MED00020,3,store_momentum,-0.00061
MED00022,3,store_momentum,-0.00075
MED00026,3,store_momentum,0.00012
MED00029,3,store_momentum,-0.00034
MED00030,3,store_momentum,-0.00164
MED00031,3,store_momentum,-0.00206
MED00032,3,store_momentum,-0.00028
MED00033,3,store_momentum,-0.00012
MED00035,3,store_momentum,-0.001
MED00036,3,store_momentum,-0.00045
MED00038,3,store_momentum,-0.00042
MED00040,3,store_momentum,-0.0002
MED00046,3,store_momentum,-0.00026
MED00053,3,store_momentum,-0.00056
MED00054,3,store_momentum,-0.00084
MED00055,3,store_momentum,-1e-04
MED00056,3,store_momentum,-0.00016
MED00059,3,store_momentum,-0.00014
MED00061,3,store_momentum,-0.00058
MED00066,3,store_momentum,-0.00022
MED00067,3,store_momentum,-0.00043
MED00068,3,store_momentum,-0.00057
MED00072,3,store_momentum,-0.00042
MED00073,3,store_momentum,-0.00023
MED00074,3,store_momentum,-0.00041
MED00076,3,store_momentum,-0.00027
MED00078,3,store_momentum,-0.00015
MED00079,3,store_momentum,0.00016
MED00080,3,store_momentum,-0.00062
MED00083,3,store_momentum,-0.00021
MED00084,3,store_momentum,0.00011
MED00088,3,store_momentum,0.00011
MED00089,3,store_momentum,0.00141
MED00092,3,store_momentum,-0.00038
MED00093,3,store_momentum,-0.00032
MED00097,3,store_momentum,0.00011
MED00101,3,store_momentum,-0.00036
MED00102,3,store_momentum,-0.0004
MED00110,3,store_momentum,-0.00031
MED00113,3,store_momentum,-0.00036
MED00116,3,store_momentum,-0.0004
MED00126,3,store_momentum,-0.00012
MED00134,3,store_momentum,-0.00011
MED00135,3,store_momentum,0.0014
MED00136,3,store_momentum,-0.00212
MED00141,3,store_momentum,-0.00017
MED00142,3,store_momentum,0.00017
MED00145,3,store_momentum,-0.00071
MED00146,3,store_momentum,-0.00052
MED00159,3,store_momentum,0.00026
MED00163,3,store_momentum,-0.00016
MED00165,3,store_momentum,-0.00063
MED00167,3,store_momentum,-0.00037
MED00170,3,store_momentum,-0.00036
MED00172,3,store_momentum,-0.00011
MED00174,3,store_momentum,-0.00039
MED00176,3,store_momentum,-0.00073
MED00177,3,store_momentum,0.00019
MED00178,3,store_momentum,-0.00076
MED00182,3,store_momentum,0.00012
MED00183,3,store_momentum,0.00016
MED00187,3,store_momentum,-0.00033
MED00188,3,store_momentum,-0.00046
MED00192,3,store_momentum,-0.00025
MED00193,3,store_momentum,-0.00014
MED00194,3,store_momentum,-0.00035
MED00196,3,store_momentum,-0.00019
MED00197,3,store_momentum,-0.00057
MED00199,3,store_momentum,-0.00027
MED00203,3,store_momentum,-0.00043
MED00206,3,store_momentum,-0.0006
MED00209,3,store_momentum,-0.0002
MED00213,3,store_momentum,-0.00012
MED00217,3,store_momentum,-0.00031
MED00221,3,store_momentum,-0.00025
MED00222,3,store_momentum,0.00017
MED00226,3,store_momentum,-0.00026
MED00228,3,store_momentum,-0.00072
MED00229,3,store_momentum,-0.00011
MED00237,3,store_momentum,-0.00068
MED00240,3,store_momentum,-0.00019
MED00243,3,store_momentum,-0.00032
MED00249,3,store_momentum,0.00012
MED00250,3,store_momentum,-0.00028
MED00252,3,store_momentum,-0.00189
MED00254,3,store_momentum,-0.00189
MED00255,3,store_momentum,-0.00021
MED00260,3,store_momentum,-0.0003
MED00262,3,store_momentum,-0.0006
MED00263,3,store_momentum,-0.00038
MED00266,3,store_momentum,0.00141
MED00270,3,store_momentum,-0.00041
MED00271,3,store_momentum,-0.00051
MED00280,3,store_momentum,-0.00027
MED00284,3,store_momentum,-0.0006
MED00286,3,store_momentum,-0.00014
MED00288,3,store_momentum,-0.00032
MED00289,3,store_momentum,-0.00067
MED00293,3,store_momentum,0.00091
MED00294,3,store_momentum,-0.00026
MED00302,3,store_momentum,0.0012
MED00303,3,store_momentum,-0.00166
MED00309,3,store_momentum,-0.0002
MED00311,3,store_momentum,-0.00164
MED00313,3,store_momentum,-0.00205
MED00314,3,store_momentum,0.00139
MED00318,3,store_momentum,-0.00039
MED00320,3,store_momentum,-0.0004
MED00321,3,store_momentum,-0.00105
MED00324,3,store_momentum,-0.00059
MED00331,3,store_momentum,-0.00039
MED00333,3,store_momentum,-0.00034
MED00335,3,store_momentum,-0.00011
MED00337,3,store_momentum,-0.00075
MED00350,3,store_momentum,-0.00217
MED00351,3,store_momentum,-0.00011
MED00352,3,store_momentum,-0.00011
MED00353,3,store_momentum,-0.00023
MED00354,3,store_momentum,-0.00012
MED00356,3,store_momentum,-0.00036
MED00357,3,store_momentum,-0.00041
MED00360,3,store_momentum,-0.00065
MED00361,3,store_momentum,-0.00038
MED00368,3,store_momentum,-0.00038
MED00374,3,store_momentum,-0.00027
MED00377,3,store_momentum,0.00011
MED00379,3,store_momentum,-0.00236
MED00380,3,store_momentum,-1e-04
MED00424,3,store_momentum,0.00127
MED00002,4,store_momentum,-0.00032
MED00004,4,store_momentum,-0.00102
MED00005,4,store_momentum,-0.00019
MED00010,4,store_momentum,-0.00013
MED00013,4,store_momentum,-0.00035
MED00015,4,store_momentum,-0.00019
MED00016,4,store_momentum,-0.00038
MED00020,4,store_momentum,-0.00061
MED00022,4,store_momentum,-0.00075
MED00026,4,store_momentum,0.00012
MED00029,4,store_momentum,-0.00034
MED00030,4,store_momentum,-0.00163
MED00031,4,store_momentum,-0.00206
MED00032,4,store_momentum,-0.00028
MED00033,4,store_momentum,-0.00012
MED00035,4,store_momentum,-0.001
MED00036,4,store_momentum,-0.00045
MED00038,4,store_momentum,-0.00042
MED00040,4,store_momentum,-0.0002
MED00046,4,store_momentum,-0.00026
MED00053,4,store_momentum,-0.00056
MED00054,4,store_momentum,-0.00073
MED00055,4,store_momentum,-1e-04
MED00056,4,store_momentum,-0.00016
MED00059,4,store_momentum,-0.00014
MED00061,4,store_momentum,-0.00058
MED00066,4,store_momentum,-0.00022
MED00067,4,store_momentum,-0.00043
MED00068,4,store_momentum,-0.00057
MED00072,4,store_momentum,-0.00042
MED00073,4,store_momentum,-0.00023
MED00074,4,store_momentum,-0.00041
MED00076,4,store_momentum,-0.00027
MED00078,4,store_momentum,-0.00016
MED00079,4,store_momentum,0.00016
MED00080,4,store_momentum,-0.00062
MED00083,4,store_momentum,-0.00021
MED00084,4,store_momentum,0.00011
MED00088,4,store_momentum,0.00011
MED00089,4,store_momentum,0.00141
MED00092,4,store_momentum,-0.00038
MED00093,4,store_momentum,-0.00032
MED00097,4,store_momentum,0.00011
MED00101,4,store_momentum,-0.00036
MED00102,4,store_momentum,-0.0004
MED00110,4,store_momentum,-0.00031
MED00113,4,store_momentum,-0.00036
MED00116,4,store_momentum,-0.0004
MED00126,4,store_momentum,-0.00012
MED00134,4,store_momentum,-0.00011
MED00135,4,store_momentum,0.0014
MED00136,4,store_momentum,-0.00212
MED00141,4,store_momentum,-0.00017
MED00142,4,store_momentum,0.00017
MED00145,4,store_momentum,-0.00071
MED00146,4,store_momentum,-0.00052
MED00159,4,store_momentum,0.00026
MED00163,4,store_momentum,-0.00016
MED00165,4,store_momentum,-0.00063
MED00167,4,store_momentum,-0.00037
MED00170,4,store_momentum,-0.00036
MED00172,4,store_momentum,-0.00011
MED00174,4,store_momentum,-0.00039
MED00176,4,store_momentum,-0.00073
MED00177,4,store_momentum,0.00019
MED00178,4,store_momentum,-0.00076
MED00182,4,store_momentum,0.00012
MED00183,4,store_momentum,0.00016
MED00187,4,store_momentum,-0.00033
MED00188,4,store_momentum,-0.00046
MED00192,4,store_momentum,-0.00025
MED00193,4,store_momentum,-0.00014
MED00194,4,store_momentum,-0.00035
MED00196,4,store_momentum,-0.00019
MED00197,4,store_momentum,-0.00057
MED00199,4,store_momentum,-0.00026
MED00203,4,store_momentum,-0.00043
MED00206,4,store_momentum,-0.0006
MED00209,4,store_momentum,-0.0002
MED00213,4,store_momentum,-0.00012
MED00217,4,store_momentum,-0.00031
MED00221,4,store_momentum,-0.00025
MED00222,4,store_momentum,0.00017
MED00226,4,store_momentum,-0.00026
MED00228,4,store_momentum,-0.00072
MED00229,4,store_momentum,-0.00011
MED00237,4,store_momentum,-0.00068
MED00240,4,store_momentum,-0.00019
MED00243,4,store_momentum,-0.00032
MED00249,4,store_momentum,0.00012
MED00250,4,store_momentum,-0.00028
MED00252,4,store_momentum,-0.00189
MED00254,4,store_momentum,-0.00189
MED00255,4,store_momentum,-0.00021
MED00260,4,store_momentum,-0.0003
MED00262,4,store_momentum,-0.0006
MED00263,4,store_momentum,-0.00038
MED00266,4,store_momentum,0.00141
MED00270,4,store_momentum,-0.00041
MED00271,4,store_momentum,-0.00051
MED00280,4,store_momentum,-0.00027
MED00284,4,store_momentum,-0.0006
MED00286,4,store_momentum,-0.00014
MED00288,4,store_momentum,-0.00032
MED00289,4,store_momentum,-0.00067
MED00293,4,store_momentum,0.00091
MED00294,4,store_momentum,-0.00026
MED00302,4,store_momentum,0.0012
MED00303,4,store_momentum,-0.00166
MED00309,4,store_momentum,-0.0002
MED00311,4,store_momentum,-0.00164
MED00313,4,store_momentum,-0.00205
MED00314,4,store_momentum,0.00139
MED00318,4,store_momentum,-0.00039
MED00320,4,store_momentum,-0.0004
MED00321,4,store_momentum,-0.00105
MED00324,4,store_momentum,-0.00059
MED00331,4,store_momentum,-0.00039
MED00333,4,store_momentum,-0.00034
MED00335,4,store_momentum,-0.00011
MED00337,4,store_momentum,-0.00075
MED00350,4,store_momentum,-0.00217
MED00351,4,store_momentum,-0.00011
MED00352,4,store_momentum,-0.00011
MED00353,4,store_momentum,-0.00023
MED00354,4,store_momentum,-0.00012
MED00356,4,store_momentum,-0.00036
MED00357,4,store_momentum,-0.00041
MED00360,4,store_momentum,-0.00065
MED00361,4,store_momentum,-0.00038
MED00368,4,store_momentum,-0.00038
MED00374,4,store_momentum,-0.00027
MED00377,4,store_momentum,0.00011
MED00379,4,store_momentum,-0.00236
MED00380,4,store_momentum,-1e-04
MED00424,4,store_momentum,0.00127
MED00001,5,store_momentum,-0.00011
MED00002,5,store_momentum,-0.00033
MED00004,5,store_momentum,-0.00102
MED00005,5,store_momentum,-0.00018
MED00009,5,store_momentum,-0.00012
MED00010,5,store_momentum,-0.00014
MED00013,5,store_momentum,-0.00038
MED00014,5,store_momentum,-0.00062
MED00015,5,store_momentum,-0.0002
MED00016,5,store_momentum,-0.00043
MED00020,5,store_momentum,-0.00062
MED00021,5,store_momentum,-0.00061
MED00022,5,store_momentum,-0.00146
MED00024,5,store_momentum,-0.00063
MED00026,5,store_momentum,0.00011
MED00029,5,store_momentum,-0.00073
MED00030,5,store_momentum,-0.00106
MED00031,5,store_momentum,-0.00172
MED00032,5,store_momentum,-0.0003
MED00033,5,store_momentum,-0.00012
MED00035,5,store_momentum,-0.00126
MED00036,5,store_momentum,-0.00046
MED00037,5,store_momentum,-0.00013
MED00038,5,store_momentum,-0.00125
MED00040,5,store_momentum,-0.00021
MED00044,5,store_momentum,-0.00062
MED00046,5,store_momentum,-0.00071
MED00049,5,store_momentum,-0.00011
MED00053,5,store_momentum,-0.00125
MED00054,5,store_momentum,-0.00184
MED00055,5,store_momentum,-0.00011
MED00056,5,store_momentum,-0.00016
MED00059,5,store_momentum,-0.00013
MED00061,5,store_momentum,-0.00059
MED00066,5,store_momentum,-0.00023
MED00067,5,store_momentum,-0.00052
MED00068,5,store_momentum,-0.00126
MED00069,5,store_momentum,-0.00063
MED00070,5,store_momentum,-0.00066
MED00071,5,store_momentum,-0.00064
MED00072,5,store_momentum,-0.00124
MED00073,5,store_momentum,-0.0007
MED00074,5,store_momentum,-0.00124
MED00075,5,store_momentum,-0.00018
MED00076,5,store_momentum,-0.00028
MED00078,5,store_momentum,-0.00068
MED00079,5,store_momentum,0.00016
MED00080,5,store_momentum,-0.00127
MED00081,5,store_momentum,-0.00011
MED00082,5,store_momentum,-0.00063
MED00083,5,store_momentum,-0.00066
MED00089,5,store_momentum,0.0014
MED00090,5,store_momentum,-0.00011
MED00091,5,store_momentum,-0.00064
MED00092,5,store_momentum,-0.00047
MED00093,5,store_momentum,-0.00063
MED00101,5,store_momentum,-0.00041
MED00102,5,store_momentum,-0.00049
MED00110,5,store_momentum,-0.0003
MED00113,5,store_momentum,-0.00041
MED00116,5,store_momentum,-0.00044
MED00118,5,store_momentum,-0.00011
MED00125,5,store_momentum,-0.00011
MED00126,5,store_momentum,-0.00012
MED00130,5,store_momentum,-0.00011
MED00131,5,store_momentum,-0.00064
MED00134,5,store_momentum,-1e-04
MED00135,5,store_momentum,0.00139
MED00136,5,store_momentum,-0.00111
MED00141,5,store_momentum,-0.00064
MED00142,5,store_momentum,0.00017
MED00145,5,store_momentum,-0.00073
MED00146,5,store_momentum,-0.00199
MED00154,5,store_momentum,-0.00013
MED00156,5,store_momentum,-0.00019
MED00157,5,store_momentum,-0.00016
MED00159,5,store_momentum,0.00025
MED00163,5,store_momentum,-0.00017
MED00164,5,store_momentum,-0.00062
MED00165,5,store_momentum,-0.00068
MED00167,5,store_momentum,-0.00042
MED00170,5,store_momentum,-0.00041
MED00171,5,store_momentum,-0.00014
MED00172,5,store_momentum,-0.00022
MED00174,5,store_momentum,-0.00043
MED00176,5,store_momentum,-0.00077
MED00177,5,store_momentum,0.00017
MED00178,5,store_momentum,-0.00085
MED00183,5,store_momentum,0.00016
MED00185,5,store_momentum,-0.00019
MED00187,5,store_momentum,-0.00071
MED00188,5,store_momentum,-0.0006
MED00189,5,store_momentum,-0.00011
MED00192,5,store_momentum,-0.00026
MED00193,5,store_momentum,-0.00015
MED00194,5,store_momentum,-0.00125
MED00196,5,store_momentum,-0.00096
MED00197,5,store_momentum,-0.00134
MED00199,5,store_momentum,-0.00071
MED00203,5,store_momentum,-0.00125
MED00206,5,store_momentum,-0.00212
MED00209,5,store_momentum,-0.00085
MED00213,5,store_momentum,-0.00012
MED00217,5,store_momentum,-0.00032
MED00218,5,store_momentum,-1e-04
MED00221,5,store_momentum,-0.00069
MED00222,5,store_momentum,0.00017
MED00226,5,store_momentum,-0.00071
MED00227,5,store_momentum,-0.00011
MED00228,5,store_momentum,-0.00077
MED00229,5,store_momentum,-1e-04
MED00233,5,store_momentum,-1e-04
MED00237,5,store_momentum,-0.00128
MED00240,5,store_momentum,-0.00066
MED00243,5,store_momentum,-0.00033
MED00250,5,store_momentum,-0.00073
MED00252,5,store_momentum,-0.0019
MED00254,5,store_momentum,-0.00189
MED00255,5,store_momentum,-0.00066
MED00257,5,store_momentum,-0.00063
MED00260,5,store_momentum,-0.00029
MED00262,5,store_momentum,-0.00129
MED00263,5,store_momentum,-0.00044
MED00265,5,store_momentum,-0.00015
MED00266,5,store_momentum,0.0014
MED00270,5,store_momentum,-0.00046
MED00271,5,store_momentum,-0.00081
MED00277,5,store_momentum,-0.00011
MED00278,5,store_momentum,-0.00015
MED00280,5,store_momentum,-0.00028
MED00281,5,store_momentum,-0.00011
MED00284,5,store_momentum,-0.00129
MED00286,5,store_momentum,-0.00013
MED00288,5,store_momentum,-0.00035
MED00289,5,store_momentum,-0.00134
MED00293,5,store_momentum,0.00082
MED00294,5,store_momentum,-0.0007
MED00302,5,store_momentum,0.00119
MED00303,5,store_momentum,-0.00109
MED00304,5,store_momentum,-0.00057
MED00306,5,store_momentum,-1e-04
MED00309,5,store_momentum,-0.00067
MED00311,5,store_momentum,-0.00108
MED00313,5,store_momentum,-0.00055
MED00314,5,store_momentum,0.00139
MED00318,5,store_momentum,-0.00121
MED00320,5,store_momentum,-0.00045
MED00321,5,store_momentum,-0.00078
MED00322,5,store_momentum,-0.00011
MED00324,5,store_momentum,-0.00129
MED00331,5,store_momentum,-0.00044
MED00333,5,store_momentum,-0.00038
MED00335,5,store_momentum,-0.00012
MED00337,5,store_momentum,-0.00071
MED00339,5,store_momentum,-0.00062
MED00345,5,store_momentum,-0.00011
MED00350,5,store_momentum,-0.00067
MED00351,5,store_momentum,-1e-04
MED00352,5,store_momentum,-0.00011
MED00353,5,store_momentum,-0.00022
MED00354,5,store_momentum,-0.00011
MED00355,5,store_momentum,-0.00011
MED00356,5,store_momentum,-0.00041
MED00357,5,store_momentum,-0.00042
MED00360,5,store_momentum,-0.00072
MED00361,5,store_momentum,-0.00043
MED00368,5,store_momentum,-0.00043
MED00369,5,store_momentum,-0.00063
MED00372,5,store_momentum,-0.00011
MED00374,5,store_momentum,-0.00041
MED00378,5,store_momentum,-0.00013
MED00379,5,store_momentum,-0.00086
MED00387,5,store_momentum,-0.0002
MED00389,5,store_momentum,-0.00057
MED00390,5,store_momentum,-0.00064
MED00391,5,store_momentum,-0.00011
MED00392,5,store_momentum,-0.00011
MED00394,5,store_momentum,-0.00012
MED00401,5,store_momentum,-0.00019
MED00415,5,store_momentum,-0.00018
MED00420,5,store_momentum,-0.00017
MED00424,5,store_momentum,0.00124
MED00001,6,store_momentum,-0.00011
MED00002,6,store_momentum,-0.00033
MED00004,6,store_momentum,-0.00102
MED00005,6,store_momentum,-0.00018
MED00009,6,store_momentum,-0.00012
MED00010,6,store_momentum,-0.00014
MED00013,6,store_momentum,-0.00038
MED00014,6,store_momentum,-0.00062
MED00015,6,store_momentum,-0.0002
MED00016,6,store_momentum,-0.00043
MED00020,6,store_momentum,-0.00062
MED00021,6,store_momentum,-0.00061
MED00022,6,store_momentum,-0.00146
MED00024,6,store_momentum,-0.00063
MED00026,6,store_momentum,0.00011
MED00027,6,store_momentum,-0.00012
MED00029,6,store_momentum,-0.00073
MED00030,6,store_momentum,-0.00106
MED00031,6,store_momentum,-0.00171
MED00032,6,store_momentum,-0.00031
MED00033,6,store_momentum,-0.00012
MED00035,6,store_momentum,-0.00126
MED00036,6,store_momentum,-0.00046
MED00037,6,store_momentum,-0.00013
MED00038,6,store_momentum,-0.00125
MED00040,6,store_momentum,-0.00021
MED00044,6,store_momentum,-0.00062
MED00046,6,store_momentum,-0.00071
MED00049,6,store_momentum,-0.00011
MED00053,6,store_momentum,-0.00125
MED00054,6,store_momentum,-0.00184
MED00055,6,store_momentum,-1e-04
MED00056,6,store_momentum,-0.00016
MED00059,6,store_momentum,-0.00013
MED00061,6,store_momentum,-0.00059
MED00066,6,store_momentum,-0.00023
MED00067,6,store_momentum,-0.00052
MED00068,6,store_momentum,-0.00126
MED00069,6,store_momentum,-0.00063
MED00070,6,store_momentum,-0.00066
MED00071,6,store_momentum,-0.00064
MED00072,6,store_momentum,-0.00124
MED00073,6,store_momentum,-0.0007
MED00074,6,store_momentum,-0.00124
MED00075,6,store_momentum,-0.00018
MED00076,6,store_momentum,-0.00028
MED00078,6,store_momentum,-0.00068
MED00079,6,store_momentum,0.00016
MED00080,6,store_momentum,-0.00127
MED00081,6,store_momentum,-0.00011
MED00082,6,store_momentum,-0.00063
MED00083,6,store_momentum,-0.00066
MED00089,6,store_momentum,0.0014
MED00090,6,store_momentum,-1e-04
MED00091,6,store_momentum,-0.00064
MED00092,6,store_momentum,-0.00047
MED00093,6,store_momentum,-0.00063
MED00094,6,store_momentum,-0.00015
MED00099,6,store_momentum,-0.00012
MED00101,6,store_momentum,-0.00041
MED00102,6,store_momentum,-0.00049
MED00110,6,store_momentum,-0.0003
MED00113,6,store_momentum,-0.0004
MED00116,6,store_momentum,-0.00044
MED00118,6,store_momentum,-0.00011
MED00123,6,store_momentum,-1e-04
MED00125,6,store_momentum,-0.00011
MED00126,6,store_momentum,-0.00012
MED00130,6,store_momentum,-0.00011
MED00131,6,store_momentum,-0.00064
MED00134,6,store_momentum,-1e-04
MED00135,6,store_momentum,0.00139
MED00136,6,store_momentum,-0.00111
MED00141,6,store_momentum,-0.00064
MED00142,6,store_momentum,0.00017
MED00145,6,store_momentum,-0.00073
MED00146,6,store_momentum,-0.00199
MED00154,6,store_momentum,-0.00013
MED00156,6,store_momentum,-0.00019
MED00157,6,store_momentum,-0.00016
MED00158,6,store_momentum,-0.00012
MED00159,6,store_momentum,0.00025
MED00163,6,store_momentum,-0.00017
MED00164,6,store_momentum,-0.00062
MED00167,6,store_momentum,-0.00042
MED00170,6,store_momentum,-0.00041
MED00171,6,store_momentum,-0.00014
MED00172,6,store_momentum,-0.00022
MED00174,6,store_momentum,-0.00043
MED00176,6,store_momentum,-0.00077
MED00177,6,store_momentum,0.00016
MED00178,6,store_momentum,-0.00085
MED00183,6,store_momentum,0.00016
MED00185,6,store_momentum,-0.00019
MED00187,6,store_momentum,-0.00071
MED00188,6,store_momentum,-0.0006
MED00189,6,store_momentum,-0.00011
MED00192,6,store_momentum,-0.00026
MED00193,6,store_momentum,-0.00015
MED00194,6,store_momentum,-0.00122
MED00196,6,store_momentum,-0.00096
MED00197,6,store_momentum,-0.00131
MED00199,6,store_momentum,-0.00071
MED00203,6,store_momentum,-0.00125
MED00206,6,store_momentum,-0.00201
MED00209,6,store_momentum,-0.00085
MED00213,6,store_momentum,-0.00012
MED00217,6,store_momentum,-0.00032
MED00218,6,store_momentum,-1e-04
MED00221,6,store_momentum,-0.00069
MED00222,6,store_momentum,0.00017
MED00226,6,store_momentum,-0.00071
MED00227,6,store_momentum,-0.00011
MED00228,6,store_momentum,-0.00077
MED00229,6,store_momentum,-1e-04
MED00233,6,store_momentum,-1e-04
MED00237,6,store_momentum,-0.00128
MED00240,6,store_momentum,-0.00066
MED00243,6,store_momentum,-0.00033
MED00250,6,store_momentum,-0.00073
MED00252,6,store_momentum,-0.0019
MED00254,6,store_momentum,-0.00189
MED00255,6,store_momentum,-0.00066
MED00257,6,store_momentum,-0.00063
MED00260,6,store_momentum,-0.00029
MED00261,6,store_momentum,-0.00021
MED00262,6,store_momentum,-0.00129
MED00263,6,store_momentum,-0.00044
MED00265,6,store_momentum,-0.00015
MED00266,6,store_momentum,0.0014
MED00270,6,store_momentum,-0.00046
MED00271,6,store_momentum,-0.00081
MED00277,6,store_momentum,-0.00011
MED00278,6,store_momentum,-0.00015
MED00280,6,store_momentum,-0.00028
MED00281,6,store_momentum,-0.00011
MED00284,6,store_momentum,-0.00129
MED00286,6,store_momentum,-0.00013
MED00288,6,store_momentum,-0.00035
MED00289,6,store_momentum,-0.00134
MED00293,6,store_momentum,0.00082
MED00294,6,store_momentum,-0.0007
MED00302,6,store_momentum,0.00119
MED00303,6,store_momentum,-0.00108
MED00304,6,store_momentum,-0.00057
MED00309,6,store_momentum,-0.00067
MED00311,6,store_momentum,-0.00107
MED00313,6,store_momentum,-0.00055
MED00314,6,store_momentum,0.00139
MED00318,6,store_momentum,-0.00121
MED00320,6,store_momentum,-0.00045
MED00321,6,store_momentum,-0.00078
MED00322,6,store_momentum,-0.00011
MED00324,6,store_momentum,-0.00129
MED00331,6,store_momentum,-0.00044
MED00333,6,store_momentum,-0.00038
MED00335,6,store_momentum,-0.00012
MED00337,6,store_momentum,-0.00071
MED00339,6,store_momentum,-0.00062
MED00345,6,store_momentum,-0.00011
MED00350,6,store_momentum,-0.00067
MED00351,6,store_momentum,-1e-04
MED00352,6,store_momentum,-0.00011
MED00353,6,store_momentum,-0.00022
MED00354,6,store_momentum,-0.00011
MED00355,6,store_momentum,-0.00011
MED00356,6,store_momentum,-0.00041
MED00357,6,store_momentum,-0.00042
MED00360,6,store_momentum,-0.00072
MED00361,6,store_momentum,-0.00041
MED00368,6,store_momentum,-0.00043
MED00369,6,store_momentum,-0.00063
MED00372,6,store_momentum,-0.00011
MED00374,6,store_momentum,-0.0003
MED00377,6,store_momentum,-0.00019
MED00378,6,store_momentum,-0.00013
MED00379,6,store_momentum,-0.00086
MED00387,6,store_momentum,-0.0002
MED00389,6,store_momentum,-0.00057
MED00390,6,store_momentum,-0.00064
MED00391,6,store_momentum,-0.00011
MED00392,6,store_momentum,-0.00011
MED00394,6,store_momentum,-0.00012
MED00401,6,store_momentum,-0.00019
MED00415,6,store_momentum,-0.00018
MED00420,6,store_momentum,-0.00017
MED00424,6,store_momentum,0.00124
MED00001,7,store_momentum,-0.00011
MED00002,7,store_momentum,-0.00032
MED00004,7,store_momentum,-0.00102
MED00005,7,store_momentum,-0.00018
MED00009,7,store_momentum,-0.00012
MED00010,7,store_momentum,-0.00014
MED00013,7,store_momentum,-0.00038
MED00014,7,store_momentum,-0.00062
MED00015,7,store_momentum,-0.0002
MED00016,7,store_momentum,-0.00042
MED00020,7,store_momentum,-0.00062
MED00021,7,store_momentum,-0.00061
MED00022,7,store_momentum,-0.00146
MED00024,7,store_momentum,-0.00063
MED00027,7,store_momentum,-0.00012
MED00029,7,store_momentum,-0.00073
MED00030,7,store_momentum,-0.00106
MED00031,7,store_momentum,-0.00171
MED00032,7,store_momentum,-0.00031
MED00033,7,store_momentum,-0.00012
MED00035,7,store_momentum,-0.00026
MED00036,7,store_momentum,-0.00046
MED00037,7,store_momentum,-0.00013
MED00038,7,store_momentum,-0.00125
MED00040,7,store_momentum,-0.0002
MED00044,7,store_momentum,-0.00062
MED00046,7,store_momentum,-0.00071
MED00049,7,store_momentum,-0.00011
MED00053,7,store_momentum,-0.00125
MED00054,7,store_momentum,-0.00183
MED00055,7,store_momentum,-1e-04
MED00056,7,store_momentum,-0.00016
MED00059,7,store_momentum,-0.00013
MED00061,7,store_momentum,-0.00059
MED00066,7,store_momentum,-0.00023
MED00067,7,store_momentum,-0.00051
MED00068,7,store_momentum,-0.00126
MED00069,7,store_momentum,-0.00063
MED00070,7,store_momentum,-0.00066
MED00071,7,store_momentum,-0.00064
MED00072,7,store_momentum,-0.00124
MED00073,7,store_momentum,-0.0007
MED00074,7,store_momentum,-0.00124
MED00075,7,store_momentum,-0.00018
MED00076,7,store_momentum,-0.00028
MED00078,7,store_momentum,-0.00068
MED00079,7,store_momentum,0.00016
MED00080,7,store_momentum,-0.00127
MED00081,7,store_momentum,-0.00011
MED00082,7,store_momentum,-0.00063
MED00083,7,store_momentum,-0.00066
MED00089,7,store_momentum,0.0014
MED00090,7,store_momentum,-1e-04
MED00091,7,store_momentum,-0.00064
MED00092,7,store_momentum,-0.00047
MED00093,7,store_momentum,-0.00019
MED00094,7,store_momentum,-0.00015
MED00099,7,store_momentum,-0.00012
MED00101,7,store_momentum,-0.00041
MED00102,7,store_momentum,-0.00049
MED00110,7,store_momentum,-0.0003
MED00113,7,store_momentum,-0.0004
MED00116,7,store_momentum,-0.00044
MED00118,7,store_momentum,-0.00011
MED00123,7,store_momentum,-1e-04
MED00125,7,store_momentum,-0.00011
MED00126,7,store_momentum,-0.00012
MED00130,7,store_momentum,-0.00011
MED00131,7,store_momentum,-0.00064
MED00134,7,store_momentum,-1e-04
MED00135,7,store_momentum,0.00139
MED00136,7,store_momentum,-0.00111
MED00141,7,store_momentum,-0.00064
MED00142,7,store_momentum,0.00017
MED00145,7,store_momentum,-0.00072
MED00146,7,store_momentum,-0.00199
MED00154,7,store_momentum,-0.00013
MED00156,7,store_momentum,-0.00019
MED00157,7,store_momentum,-0.00016
MED00158,7,store_momentum,-0.00012
MED00159,7,store_momentum,0.00025
MED00163,7,store_momentum,-0.00017
MED00164,7,store_momentum,-0.00062
MED00167,7,store_momentum,-0.00041
MED00170,7,store_momentum,-0.00041
MED00171,7,store_momentum,-0.00014
MED00172,7,store_momentum,-0.00022
MED00174,7,store_momentum,-0.00043
MED00176,7,store_momentum,-0.00077
MED00178,7,store_momentum,-0.00084
MED00183,7,store_momentum,0.00016
MED00185,7,store_momentum,-0.00019
MED00187,7,store_momentum,-0.00071
MED00188,7,store_momentum,-0.0006
MED00189,7,store_momentum,-0.00011
MED00192,7,store_momentum,-0.00026
MED00193,7,store_momentum,-0.00015
MED00194,7,store_momentum,-0.00122
MED00196,7,store_momentum,-0.00093
MED00197,7,store_momentum,-0.00131
MED00199,7,store_momentum,-0.00071
MED00203,7,store_momentum,-0.00125
MED00206,7,store_momentum,-0.00201
MED00209,7,store_momentum,-0.00085
MED00213,7,store_momentum,-0.00012
MED00217,7,store_momentum,-0.00032
MED00218,7,store_momentum,-1e-04
MED00221,7,store_momentum,-0.00069
MED00222,7,store_momentum,0.00017
MED00226,7,store_momentum,-0.00071
MED00227,7,store_momentum,-0.00011
MED00228,7,store_momentum,-0.00077
MED00229,7,store_momentum,-1e-04
MED00233,7,store_momentum,-1e-04
MED00237,7,store_momentum,-0.00128
MED00240,7,store_momentum,-0.00066
MED00243,7,store_momentum,-0.00032
MED00250,7,store_momentum,-0.00073
MED00252,7,store_momentum,-0.00179
MED00254,7,store_momentum,-0.00178
MED00255,7,store_momentum,-0.00066
MED00257,7,store_momentum,-0.00063
MED00260,7,store_momentum,-0.00026
MED00261,7,store_momentum,-0.00022
MED00262,7,store_momentum,-0.00129
MED00263,7,store_momentum,-0.00043
MED00265,7,store_momentum,-0.00015
MED00266,7,store_momentum,0.0014
MED00270,7,store_momentum,-0.00046
MED00271,7,store_momentum,-0.0007
MED00277,7,store_momentum,-0.00011
MED00278,7,store_momentum,-0.00015
MED00280,7,store_momentum,-0.00028
MED00281,7,store_momentum,-0.00011
MED00284,7,store_momentum,-0.00129
MED00286,7,store_momentum,-0.00013
MED00288,7,store_momentum,-0.00034
MED00289,7,store_momentum,-0.00134
MED00293,7,store_momentum,0.00082
MED00294,7,store_momentum,-0.0007
MED00295,7,store_momentum,-0.00012
MED00302,7,store_momentum,0.00119
MED00303,7,store_momentum,-0.00108
MED00304,7,store_momentum,-0.00057
MED00309,7,store_momentum,-0.00067
MED00311,7,store_momentum,-0.00107
MED00313,7,store_momentum,-0.00055
MED00314,7,store_momentum,0.00139
MED00318,7,store_momentum,-0.00121
MED00320,7,store_momentum,-0.00045
MED00321,7,store_momentum,-0.00078
MED00322,7,store_momentum,-0.00011
MED00324,7,store_momentum,-0.00129
MED00331,7,store_momentum,-0.00044
MED00333,7,store_momentum,-0.00038
MED00335,7,store_momentum,-0.00012
MED00337,7,store_momentum,-0.00071
MED00339,7,store_momentum,-0.00062
MED00345,7,store_momentum,-0.00011
MED00350,7,store_momentum,-0.00067
MED00351,7,store_momentum,-1e-04
MED00352,7,store_momentum,-0.00011
MED00353,7,store_momentum,-0.00022
MED00354,7,store_momentum,-0.00011
MED00355,7,store_momentum,-0.00011
MED00356,7,store_momentum,-0.00041
MED00357,7,store_momentum,-0.00042
MED00360,7,store_momentum,-0.00071
MED00361,7,store_momentum,-0.0004
MED00368,7,store_momentum,-0.00043
MED00369,7,store_momentum,-0.00063
MED00372,7,store_momentum,-0.00011
MED00374,7,store_momentum,-0.0003
MED00377,7,store_momentum,-0.00019
MED00378,7,store_momentum,-0.00013
MED00379,7,store_momentum,-0.00086
MED00387,7,store_momentum,-0.0002
MED00389,7,store_momentum,-0.00057
MED00390,7,store_momentum,-0.00064
MED00391,7,store_momentum,-0.00011
MED00392,7,store_momentum,-0.00011
MED00394,7,store_momentum,-0.00012
MED00401,7,store_momentum,-0.00019
MED00415,7,store_momentum,-0.00018
MED00420,7,store_momentum,-0.00017
MED00424,7,store_momentum,0.00124
MED00001,8,store_momentum,-0.00011
MED00002,8,store_momentum,-0.00032
MED00004,8,store_momentum,-0.00102
MED00005,8,store_momentum,-0.00018
MED00009,8,store_momentum,-0.00012
MED00010,8,store_momentum,-0.00014
MED00013,8,store_momentum,-0.00038
MED00014,8,store_momentum,-0.00062
MED00015,8,store_momentum,-0.0002
MED00016,8,store_momentum,-0.00041
MED00020,8,store_momentum,-0.00062
MED00021,8,store_momentum,-0.00061
MED00022,8,store_momentum,-0.00146
MED00024,8,store_momentum,-0.00063
MED00027,8,store_momentum,-0.00012
MED00029,8,store_momentum,-0.00073
MED00030,8,store_momentum,-0.00106
MED00031,8,store_momentum,-0.00171
MED00032,8,store_momentum,-0.00031
MED00033,8,store_momentum,-0.00012
MED00035,8,store_momentum,-0.00026
MED00036,8,store_momentum,-0.00109
MED00037,8,store_momentum,-0.00013
MED00038,8,store_momentum,-0.00125
MED00040,8,store_momentum,-0.0002
MED00044,8,store_momentum,-0.00062
MED00046,8,store_momentum,-0.00071
MED00049,8,store_momentum,-0.00011
MED00053,8,store_momentum,-0.00125
MED00054,8,store_momentum,-0.00183
MED00055,8,store_momentum,-1e-04
MED00056,8,store_momentum,-0.00016
MED00059,8,store_momentum,-0.00013
MED00061,8,store_momentum,-0.00059
MED00066,8,store_momentum,-0.00023
MED00067,8,store_momentum,-0.00051
MED00068,8,store_momentum,-0.00126
MED00069,8,store_momentum,-0.00063
MED00070,8,store_momentum,-0.00065
MED00071,8,store_momentum,-0.00064
MED00072,8,store_momentum,-0.00124
MED00073,8,store_momentum,-0.0007
MED00074,8,store_momentum,-0.00124
MED00075,8,store_momentum,-0.00018
MED00076,8,store_momentum,-0.00028
MED00078,8,store_momentum,-0.00068
MED00079,8,store_momentum,0.00016
MED00080,8,store_momentum,-0.00127
MED00081,8,store_momentum,-0.00011
MED00082,8,store_momentum,-0.00063
MED00083,8,store_momentum,-0.00066
MED00089,8,store_momentum,0.0014
MED00090,8,store_momentum,-1e-04
MED00091,8,store_momentum,-0.00064
MED00092,8,store_momentum,-0.00047
MED00093,8,store_momentum,-0.00019
MED00094,8,store_momentum,-0.00015
MED00097,8,store_momentum,1e-04
MED00099,8,store_momentum,-0.00012
MED00101,8,store_momentum,-0.00041
MED00102,8,store_momentum,-0.00049
MED00110,8,store_momentum,-0.0003
MED00113,8,store_momentum,-0.0004
MED00116,8,store_momentum,-0.00044
MED00118,8,store_momentum,-0.00011
MED00123,8,store_momentum,-1e-04
MED00125,8,store_momentum,-0.00011
MED00126,8,store_momentum,-0.00012
MED00130,8,store_momentum,-0.00011
MED00131,8,store_momentum,-0.00064
MED00134,8,store_momentum,-1e-04
MED00135,8,store_momentum,0.00139
MED00136,8,store_momentum,-0.00111
MED00141,8,store_momentum,-0.00064
MED00142,8,store_momentum,0.00017
MED00145,8,store_momentum,-0.00072
MED00146,8,store_momentum,-0.00199
MED00154,8,store_momentum,-0.00013
MED00156,8,store_momentum,-0.00019
MED00157,8,store_momentum,-0.00016
MED00158,8,store_momentum,-0.00012
MED00159,8,store_momentum,0.00025
MED00163,8,store_momentum,-0.00017
MED00164,8,store_momentum,-0.00062
MED00167,8,store_momentum,-0.0004
MED00170,8,store_momentum,-0.00041
MED00171,8,store_momentum,-0.00014
MED00172,8,store_momentum,-0.00022
MED00174,8,store_momentum,-0.00043
MED00176,8,store_momentum,-0.00077
MED00178,8,store_momentum,-0.00084
MED00183,8,store_momentum,0.00016
MED00185,8,store_momentum,-0.00019
MED00187,8,store_momentum,-0.00071
MED00188,8,store_momentum,-0.0006
MED00189,8,store_momentum,-0.00011
MED00192,8,store_momentum,-0.00026
MED00193,8,store_momentum,-0.00015
MED00194,8,store_momentum,-0.00123
MED00196,8,store_momentum,-0.00093
MED00197,8,store_momentum,-0.00131
MED00199,8,store_momentum,-0.00071
MED00203,8,store_momentum,-0.00125
MED00206,8,store_momentum,-0.00201
MED00209,8,store_momentum,-0.00085
MED00213,8,store_momentum,-0.00012
MED00217,8,store_momentum,-0.00032
MED00218,8,store_momentum,-1e-04
MED00221,8,store_momentum,-0.00069
MED00222,8,store_momentum,0.00017
MED00226,8,store_momentum,-0.00071
MED00227,8,store_momentum,-0.00011
MED00228,8,store_momentum,-0.0002
MED00229,8,store_momentum,-1e-04
MED00233,8,store_momentum,-1e-04
MED00237,8,store_momentum,-0.00128
MED00240,8,store_momentum,-0.00066
MED00243,8,store_momentum,-0.00032
MED00250,8,store_momentum,-0.00073
MED00252,8,store_momentum,-0.00179
MED00254,8,store_momentum,-0.00178
MED00255,8,store_momentum,-0.00066
MED00257,8,store_momentum,-0.00063
MED00260,8,store_momentum,-0.00041
MED00261,8,store_momentum,-0.00022
MED00262,8,store_momentum,-0.00129
MED00263,8,store_momentum,-0.00043
MED00265,8,store_momentum,-0.00015
MED00266,8,store_momentum,0.0014
MED00270,8,store_momentum,-0.00046
MED00271,8,store_momentum,-0.0007
MED00277,8,store_momentum,-0.00011
MED00278,8,store_momentum,-0.00015
MED00280,8,store_momentum,-0.00028
MED00281,8,store_momentum,-0.00011
MED00284,8,store_momentum,-0.00129
MED00286,8,store_momentum,-0.00013
MED00288,8,store_momentum,-0.00034
MED00289,8,store_momentum,-0.00134
MED00293,8,store_momentum,0.00083
MED00294,8,store_momentum,-0.0007
MED00295,8,store_momentum,-0.00012
MED00302,8,store_momentum,0.00119
MED00303,8,store_momentum,-0.00108
MED00304,8,store_momentum,-0.00057
MED00309,8,store_momentum,-0.00067
MED00311,8,store_momentum,-0.00107
MED00313,8,store_momentum,-0.00055
MED00314,8,store_momentum,0.00128
MED00318,8,store_momentum,-0.00121
MED00320,8,store_momentum,-0.00045
MED00321,8,store_momentum,-0.00078
MED00322,8,store_momentum,-0.00011
MED00324,8,store_momentum,-0.00129
MED00331,8,store_momentum,-0.00044
MED00333,8,store_momentum,-0.00038
MED00335,8,store_momentum,-0.00012
MED00337,8,store_momentum,-0.00071
MED00339,8,store_momentum,-0.00062
MED00345,8,store_momentum,-0.00011
MED00350,8,store_momentum,-0.00067
MED00351,8,store_momentum,-1e-04
MED00352,8,store_momentum,-0.00011
MED00353,8,store_momentum,-0.00022
MED00354,8,store_momentum,-0.00011
MED00355,8,store_momentum,-0.00011
MED00356,8,store_momentum,-0.00041
MED00357,8,store_momentum,-0.00042
MED00360,8,store_momentum,-0.00071
MED00361,8,store_momentum,-0.0004
MED00368,8,store_momentum,-0.00043
MED00369,8,store_momentum,-0.00063
MED00372,8,store_momentum,-0.00011
MED00374,8,store_momentum,-0.0003
MED00377,8,store_momentum,-0.00019
MED00378,8,store_momentum,-0.00013
MED00379,8,store_momentum,-0.00086
MED00387,8,store_momentum,-0.0002
MED00389,8,store_momentum,-0.00057
MED00390,8,store_momentum,-0.00064
MED00391,8,store_momentum,-0.00011
MED00392,8,store_momentum,-0.00011
MED00394,8,store_momentum,-0.00012
MED00401,8,store_momentum,-0.00019
MED00415,8,store_momentum,-0.00018
MED00420,8,store_momentum,-0.00017
MED00424,8,store_momentum,0.00124
MED00001,9,store_momentum,-0.00011
MED00002,9,store_momentum,-0.00032
MED00004,9,store_momentum,-0.00102
MED00005,9,store_momentum,-0.00018
MED00009,9,store_momentum,-0.00011
MED00010,9,store_momentum,-0.00014
MED00013,9,store_momentum,-0.00038
MED00014,9,store_momentum,-0.00062
MED00015,9,store_momentum,-0.0002
MED00016,9,store_momentum,-0.00041
MED00020,9,store_momentum,-0.00062
MED00021,9,store_momentum,-0.00061
MED00022,9,store_momentum,-0.00146
MED00024,9,store_momentum,-0.00063
MED00027,9,store_momentum,-0.00012
MED00029,9,store_momentum,-0.00073
MED00030,9,store_momentum,-0.00106
MED00031,9,store_momentum,-0.00171
MED00032,9,store_momentum,-0.00031
MED00033,9,store_momentum,-0.00012
MED00035,9,store_momentum,-0.00026
MED00036,9,store_momentum,-0.00109
MED00037,9,store_momentum,-0.00013
MED00038,9,store_momentum,-0.00125
MED00040,9,store_momentum,-0.0002
MED00044,9,store_momentum,-0.00062
MED00046,9,store_momentum,-0.00071
MED00049,9,store_momentum,-0.00011
MED00053,9,store_momentum,-0.00125
MED00054,9,store_momentum,-0.00183
MED00055,9,store_momentum,-1e-04
MED00056,9,store_momentum,-0.00016
MED00059,9,store_momentum,-0.00013
MED00061,9,store_momentum,-0.00059
MED00066,9,store_momentum,-0.00023
MED00067,9,store_momentum,-0.00051
MED00068,9,store_momentum,-0.00126
MED00069,9,store_momentum,-0.00063
MED00070,9,store_momentum,-0.00065
MED00071,9,store_momentum,-0.00064
MED00072,9,store_momentum,-0.00124
MED00073,9,store_momentum,-0.0007
MED00074,9,store_momentum,-0.00124
MED00075,9,store_momentum,-0.00018
MED00076,9,store_momentum,-0.00028
MED00078,9,store_momentum,-0.00068
MED00079,9,store_momentum,0.00016
MED00080,9,store_momentum,-0.00127
MED00081,9,store_momentum,-0.00011
MED00082,9,store_momentum,-0.00063
MED00083,9,store_momentum,-0.00066
MED00089,9,store_momentum,0.0014
MED00090,9,store_momentum,-1e-04
MED00091,9,store_momentum,-0.00064
MED00092,9,store_momentum,-0.00046
MED00093,9,store_momentum,-0.00019
MED00094,9,store_momentum,-0.00015
MED00097,9,store_momentum,1e-04
MED00099,9,store_momentum,-0.00012
MED00101,9,store_momentum,-0.00041
MED00102,9,store_momentum,-0.00049
MED00110,9,store_momentum,-0.0003
MED00113,9,store_momentum,-0.0004
MED00116,9,store_momentum,-0.00044
MED00118,9,store_momentum,-0.00011
MED00123,9,store_momentum,-1e-04
MED00125,9,store_momentum,-0.00011
MED00126,9,store_momentum,-0.00012
MED00130,9,store_momentum,-0.00011
MED00131,9,store_momentum,-0.00064
MED00134,9,store_momentum,-1e-04
MED00135,9,store_momentum,0.00128
MED00136,9,store_momentum,-0.00111
MED00141,9,store_momentum,-0.00064
MED00142,9,store_momentum,0.00017
MED00145,9,store_momentum,-0.00072
MED00146,9,store_momentum,-0.00199
MED00154,9,store_momentum,-0.00015
MED00156,9,store_momentum,-0.00019
MED00157,9,store_momentum,-0.00016
MED00158,9,store_momentum,-0.00012
MED00159,9,store_momentum,0.00025
MED00163,9,store_momentum,-0.00017
MED00164,9,store_momentum,-0.00062
MED00167,9,store_momentum,-0.0004
MED00170,9,store_momentum,-0.00041
MED00171,9,store_momentum,-0.00014
MED00172,9,store_momentum,-0.00022
MED00174,9,store_momentum,-0.00043
MED00176,9,store_momentum,-0.00077
MED00178,9,store_momentum,-0.00084
MED00183,9,store_momentum,0.00016
MED00185,9,store_momentum,-0.00019
MED00187,9,store_momentum,-0.00071
MED00188,9,store_momentum,-0.0006
MED00189,9,store_momentum,-0.00011
MED00192,9,store_momentum,-0.00026
MED00193,9,store_momentum,-0.00015
MED00194,9,store_momentum,-0.00123
MED00196,9,store_momentum,-0.00093
MED00197,9,store_momentum,-0.00131
MED00199,9,store_momentum,-0.00071
MED00203,9,store_momentum,-0.00125
MED00206,9,store_momentum,-0.00201
MED00209,9,store_momentum,-0.00085
MED00213,9,store_momentum,-0.00012
MED00217,9,store_momentum,-0.00032
MED00218,9,store_momentum,-1e-04
MED00221,9,store_momentum,-0.00069
MED00222,9,store_momentum,0.00017
MED00226,9,store_momentum,-0.00071
MED00227,9,store_momentum,-0.00011
MED00228,9,store_momentum,-0.0002
MED00229,9,store_momentum,-1e-04
MED00233,9,store_momentum,-1e-04
MED00237,9,store_momentum,-0.00128
MED00240,9,store_momentum,-0.00066
MED00243,9,store_momentum,-0.00032
MED00250,9,store_momentum,-0.00073
MED00252,9,store_momentum,-0.00179
MED00254,9,store_momentum,-0.00178
MED00255,9,store_momentum,-0.00066
MED00257,9,store_momentum,-0.00063
MED00260,9,store_momentum,-0.00041
MED00261,9,store_momentum,-0.00022
MED00262,9,store_momentum,-0.00129
MED00263,9,store_momentum,-0.00043
MED00265,9,store_momentum,-0.00015
MED00266,9,store_momentum,0.0014
MED00270,9,store_momentum,-0.00046
MED00271,9,store_momentum,-0.0007
MED00277,9,store_momentum,-0.00011
MED00278,9,store_momentum,-0.00015
MED00280,9,store_momentum,-0.00028
MED00281,9,store_momentum,-0.00011
MED00284,9,store_momentum,-0.00129
MED00286,9,store_momentum,-0.00013
MED00288,9,store_momentum,-0.00034
MED00289,9,store_momentum,-0.00134
MED00293,9,store_momentum,0.00083
MED00294,9,store_momentum,-0.0007
MED00295,9,store_momentum,-0.00012
MED00302,9,store_momentum,0.00119
MED00303,9,store_momentum,-0.00108
MED00304,9,store_momentum,-0.00057
MED00309,9,store_momentum,-0.00067
MED00311,9,store_momentum,-0.00107
MED00313,9,store_momentum,-0.00055
MED00314,9,store_momentum,0.00128
MED00318,9,store_momentum,-0.00121
MED00320,9,store_momentum,-0.00044
MED00321,9,store_momentum,-0.00078
MED00322,9,store_momentum,-0.00011
MED00324,9,store_momentum,-0.00129
MED00331,9,store_momentum,-0.00044
MED00333,9,store_momentum,-0.00038
MED00335,9,store_momentum,-0.00012
MED00337,9,store_momentum,-0.00071
MED00339,9,store_momentum,-0.00062
MED00340,9,store_momentum,-0.00021
MED00345,9,store_momentum,-0.00011
MED00350,9,store_momentum,-0.00067
MED00351,9,store_momentum,-1e-04
MED00352,9,store_momentum,-0.00011
MED00353,9,store_momentum,-0.00022
MED00354,9,store_momentum,-0.00011
MED00355,9,store_momentum,-0.00011
MED00356,9,store_momentum,-0.00041
MED00357,9,store_momentum,-0.00042
MED00360,9,store_momentum,-0.00071
MED00361,9,store_momentum,-0.0004
MED00368,9,store_momentum,-0.00043
MED00369,9,store_momentum,-0.00063
MED00372,9,store_momentum,-0.00011
MED00374,9,store_momentum,-0.0003
MED00377,9,store_momentum,-0.00019
MED00378,9,store_momentum,-0.00013
MED00379,9,store_momentum,-0.00086
MED00387,9,store_momentum,-0.0002
MED00389,9,store_momentum,-0.00057
MED00390,9,store_momentum,-0.00064
MED00391,9,store_momentum,-0.00011
MED00392,9,store_momentum,-0.00011
MED00394,9,store_momentum,-0.00012
MED00401,9,store_momentum,-0.00019
MED00415,9,store_momentum,-0.00018
MED00420,9,store_momentum,-0.00017
MED00424,9,store_momentum,0.00124
MED00001,10,store_momentum,-0.00014
MED00002,10,store_momentum,-0.00027
MED00004,10,store_momentum,-0.00105
MED00005,10,store_momentum,-0.00022
MED00009,10,store_momentum,-0.00013
MED00010,10,store_momentum,-0.00017
MED00013,10,store_momentum,-0.00039
MED00014,10,store_momentum,-0.00064
MED00015,10,store_momentum,-0.00015
MED00016,10,store_momentum,-0.00041
MED00020,10,store_momentum,-0.00063
MED00021,10,store_momentum,-0.00063
MED00022,10,store_momentum,-0.00145
MED00023,10,store_momentum,-0.00012
MED00024,10,store_momentum,-0.00066
MED00027,10,store_momentum,-0.00014
MED00029,10,store_momentum,-0.00075
MED00030,10,store_momentum,-0.00109
MED00031,10,store_momentum,-0.00174
MED00032,10,store_momentum,-0.0003
MED00033,10,store_momentum,-0.00015
MED00035,10,store_momentum,-0.00032
MED00036,10,store_momentum,-0.00111
MED00037,10,store_momentum,-0.00016
MED00038,10,store_momentum,-0.00127
MED00040,10,store_momentum,-0.00066
MED00041,10,store_momentum,-1e-04
MED00044,10,store_momentum,-0.00065
MED00046,10,store_momentum,-0.00073
MED00049,10,store_momentum,-0.00013
MED00053,10,store_momentum,-0.00127
MED00054,10,store_momentum,-0.00165
MED00055,10,store_momentum,-0.00017
MED00056,10,store_momentum,-0.00018
MED00059,10,store_momentum,-0.00015
MED00061,10,store_momentum,-0.00061
MED00062,10,store_momentum,-0.00011
MED00066,10,store_momentum,-0.00018
MED00067,10,store_momentum,-0.00051
MED00068,10,store_momentum,-0.00128
MED00069,10,store_momentum,-0.00066
MED00070,10,store_momentum,-0.00067
MED00071,10,store_momentum,-0.00066
MED00072,10,store_momentum,-0.00127
MED00073,10,store_momentum,-0.00072
MED00074,10,store_momentum,-0.00126
MED00075,10,store_momentum,-0.00021
MED00076,10,store_momentum,-0.00023
MED00078,10,store_momentum,-0.0007
MED00079,10,store_momentum,0.00013
MED00080,10,store_momentum,-0.0013
MED00081,10,store_momentum,-0.00013
MED00082,10,store_momentum,-0.00065
MED00083,10,store_momentum,-0.00068
MED00089,10,store_momentum,0.0014
MED00090,10,store_momentum,-0.00013
MED00091,10,store_momentum,-0.00067
MED00092,10,store_momentum,-0.00045
MED00093,10,store_momentum,-0.00021
MED00094,10,store_momentum,-0.00017
MED00099,10,store_momentum,-0.00014
MED00101,10,store_momentum,-0.0004
MED00102,10,store_momentum,-0.00049
MED00104,10,store_momentum,-0.00012
MED00110,10,store_momentum,-0.00034
MED00113,10,store_momentum,-0.00039
MED00116,10,store_momentum,-0.00046
MED00118,10,store_momentum,-0.00013
MED00123,10,store_momentum,-0.00013
MED00124,10,store_momentum,-0.00012
MED00125,10,store_momentum,-0.00013
MED00126,10,store_momentum,-0.00015
MED00130,10,store_momentum,-0.00013
MED00131,10,store_momentum,-0.00066
MED00132,10,store_momentum,-0.00011
MED00134,10,store_momentum,-0.00013
MED00135,10,store_momentum,0.00128
MED00136,10,store_momentum,-0.00113
MED00137,10,store_momentum,-0.00011
MED00141,10,store_momentum,-0.00066
MED00142,10,store_momentum,0.00015
MED00145,10,store_momentum,-0.00067
MED00146,10,store_momentum,-0.00071
MED00150,10,store_momentum,-0.00012
MED00154,10,store_momentum,-0.00018
MED00156,10,store_momentum,-0.00021
MED00157,10,store_momentum,-0.00019
MED00158,10,store_momentum,-0.00014
MED00159,10,store_momentum,0.00025
MED00163,10,store_momentum,-0.00019
MED00164,10,store_momentum,-0.00065
MED00167,10,store_momentum,-0.0004
MED00170,10,store_momentum,-0.00041
MED00171,10,store_momentum,-0.00016
MED00172,10,store_momentum,-0.00069
MED00174,10,store_momentum,-0.00045
MED00175,10,store_momentum,-0.00011
MED00176,10,store_momentum,-0.00078
MED00178,10,store_momentum,-0.00084
MED00183,10,store_momentum,0.00016
MED00185,10,store_momentum,-0.00021
MED00187,10,store_momentum,-0.00073
MED00188,10,store_momentum,-0.0006
MED00189,10,store_momentum,-0.00013
MED00192,10,store_momentum,-0.00028
MED00193,10,store_momentum,-0.00017
MED00194,10,store_momentum,-0.00125
MED00196,10,store_momentum,-0.00096
MED00197,10,store_momentum,-0.00134
MED00199,10,store_momentum,-0.00073
MED00203,10,store_momentum,-0.00128
MED00206,10,store_momentum,-0.00119
MED00209,10,store_momentum,-0.00085
MED00213,10,store_momentum,-0.00015
MED00217,10,store_momentum,-0.00027
MED00218,10,store_momentum,-0.00012
MED00221,10,store_momentum,-0.00071
MED00222,10,store_momentum,0.00015
MED00226,10,store_momentum,-0.00073
MED00227,10,store_momentum,-0.00013
MED00228,10,store_momentum,-0.0002
MED00229,10,store_momentum,-0.00014
MED00233,10,store_momentum,-0.00012
MED00237,10,store_momentum,-0.00131
MED00240,10,store_momentum,-0.00068
MED00243,10,store_momentum,-0.00027
MED00250,10,store_momentum,-0.00075
MED00252,10,store_momentum,-0.00058
MED00254,10,store_momentum,-0.00058
MED00255,10,store_momentum,-0.00067
MED00257,10,store_momentum,-0.00065
MED00260,10,store_momentum,-0.00043
MED00261,10,store_momentum,-0.00024
MED00262,10,store_momentum,-0.00131
MED00263,10,store_momentum,-0.00043
MED00265,10,store_momentum,-0.00015
MED00266,10,store_momentum,0.0014
MED00270,10,store_momentum,-0.00046
MED00271,10,store_momentum,-0.00097
MED00272,10,store_momentum,-1e-04
MED00273,10,store_momentum,-1e-04
MED00274,10,store_momentum,-0.00011
MED00277,10,store_momentum,-0.00013
MED00278,10,store_momentum,-0.00016
MED00280,10,store_momentum,-0.00023
MED00281,10,store_momentum,-0.00013
MED00284,10,store_momentum,-0.00131
MED00286,10,store_momentum,-0.00015
MED00288,10,store_momentum,-0.00039
MED00289,10,store_momentum,-0.00136
MED00291,10,store_momentum,-1e-04
MED00293,10,store_momentum,0.00079
MED00294,10,store_momentum,-0.00072
MED00295,10,store_momentum,-0.00014
MED00298,10,store_momentum,-0.00012
MED00302,10,store_momentum,0.00117
MED00303,10,store_momentum,-0.00111
MED00304,10,store_momentum,-0.00059
MED00306,10,store_momentum,-0.00016
MED00308,10,store_momentum,-0.00027
MED00309,10,store_momentum,-0.0007
MED00310,10,store_momentum,-1e-04
MED00311,10,store_momentum,-0.00109
MED00312,10,store_momentum,-1e-04
MED00313,10,store_momentum,-0.00095
MED00314,10,store_momentum,0.00127
MED00318,10,store_momentum,-0.00124
MED00320,10,store_momentum,-0.00046
MED00321,10,store_momentum,-0.00124
MED00322,10,store_momentum,-0.00013
MED00323,10,store_momentum,-0.00012
MED00324,10,store_momentum,-0.00131
MED00329,10,store_momentum,-0.00012
MED00331,10,store_momentum,-0.00044
MED00333,10,store_momentum,-0.00038
MED00335,10,store_momentum,-0.00015
MED00337,10,store_momentum,-0.00071
MED00339,10,store_momentum,-0.00065
MED00340,10,store_momentum,-0.00023
MED00345,10,store_momentum,-0.00013
MED00350,10,store_momentum,-0.00108
MED00351,10,store_momentum,-0.00014
MED00352,10,store_momentum,-0.00014
MED00353,10,store_momentum,-0.00026
MED00354,10,store_momentum,-0.00015
MED00355,10,store_momentum,-0.00014
MED00356,10,store_momentum,-0.00041
MED00357,10,store_momentum,-0.00037
MED00360,10,store_momentum,-0.00071
MED00361,10,store_momentum,-0.0004
MED00368,10,store_momentum,-0.00042
MED00369,10,store_momentum,-0.00065
MED00372,10,store_momentum,-0.00013
MED00373,10,store_momentum,-1e-04
MED00374,10,store_momentum,-0.0003
MED00377,10,store_momentum,-0.00021
MED00378,10,store_momentum,-0.00015
MED00379,10,store_momentum,-0.00126
MED00380,10,store_momentum,-0.00013
MED00387,10,store_momentum,-0.00023
MED00389,10,store_momentum,-0.00059
MED00390,10,store_momentum,-0.00066
MED00391,10,store_momentum,-0.00013
MED00392,10,store_momentum,-0.00013
MED00394,10,store_momentum,-0.00014
MED00401,10,store_momentum,-0.00022
MED00402,10,store_momentum,-0.00012
MED00406,10,store_momentum,-0.00013
MED00407,10,store_momentum,-0.00012
MED00408,10,store_momentum,-0.00012
MED00409,10,store_momentum,-1e-04
MED00410,10,store_momentum,-0.00012
MED00412,10,store_momentum,-0.00011
MED00414,10,store_momentum,-0.00011
MED00415,10,store_momentum,-0.0002
MED00416,10,store_momentum,-0.00011
MED00420,10,store_momentum,-0.00019
MED00421,10,store_momentum,-0.00012
MED00422,10,store_momentum,-0.00011
MED00423,10,store_momentum,-0.00011
MED00001,11,store_momentum,-0.00014
MED00002,11,store_momentum,-0.00027
MED00004,11,store_momentum,-0.00105
MED00005,11,store_momentum,-0.00022
MED00009,11,store_momentum,-0.00013
MED00010,11,store_momentum,-0.00017
MED00013,11,store_momentum,-0.00037
MED00014,11,store_momentum,-0.00064
MED00015,11,store_momentum,-0.00015
MED00016,11,store_momentum,-0.00041
MED00020,11,store_momentum,-0.00063
MED00021,11,store_momentum,-0.00063
MED00022,11,store_momentum,-0.00145
MED00023,11,store_momentum,-0.00012
MED00024,11,store_momentum,-0.00066
MED00027,11,store_momentum,-0.00014
MED00029,11,store_momentum,-0.00075
MED00030,11,store_momentum,-0.00109
MED00031,11,store_momentum,-0.00174
MED00032,11,store_momentum,-0.0003
MED00033,11,store_momentum,-0.00015
MED00035,11,store_momentum,-0.00032
MED00036,11,store_momentum,-0.00111
MED00037,11,store_momentum,-0.00016
MED00038,11,store_momentum,-0.00127
MED00040,11,store_momentum,-0.00066
MED00041,11,store_momentum,-1e-04
MED00044,11,store_momentum,-0.00065
MED00046,11,store_momentum,-0.00073
MED00049,11,store_momentum,-0.00013
MED00053,11,store_momentum,-0.00127
MED00054,11,store_momentum,-0.00165
MED00055,11,store_momentum,-0.00017
MED00056,11,store_momentum,-0.00018
MED00059,11,store_momentum,-0.00015
MED00061,11,store_momentum,-0.00061
MED00062,11,store_momentum,-0.00011
MED00066,11,store_momentum,-0.00018
MED00067,11,store_momentum,-0.00051
MED00068,11,store_momentum,-0.00128
MED00069,11,store_momentum,-0.00066
MED00070,11,store_momentum,-0.00067
MED00071,11,store_momentum,-0.00066
MED00072,11,store_momentum,-0.00127
MED00073,11,store_momentum,-0.00072
MED00074,11,store_momentum,-0.00126
MED00075,11,store_momentum,-0.00021
MED00076,11,store_momentum,-0.00023
MED00078,11,store_momentum,-0.0007
MED00079,11,store_momentum,0.00013
MED00080,11,store_momentum,-0.0013
MED00081,11,store_momentum,-0.00013
MED00082,11,store_momentum,-0.00065
MED00083,11,store_momentum,-0.00068
MED00089,11,store_momentum,0.0014
MED00090,11,store_momentum,-0.00013
MED00091,11,store_momentum,-0.00067
MED00092,11,store_momentum,-0.00045
MED00093,11,store_momentum,-0.00021
MED00094,11,store_momentum,-0.00017
MED00099,11,store_momentum,-0.00014
MED00101,11,store_momentum,-0.0004
MED00102,11,store_momentum,-0.00049
MED00104,11,store_momentum,-0.00012
MED00110,11,store_momentum,-0.00034
MED00113,11,store_momentum,-0.00039
MED00116,11,store_momentum,-0.00046
MED00118,11,store_momentum,-0.00012
MED00123,11,store_momentum,-0.00013
MED00124,11,store_momentum,-0.00012
MED00125,11,store_momentum,-0.00013
MED00126,11,store_momentum,-0.00015
MED00130,11,store_momentum,-0.00013
MED00131,11,store_momentum,-0.00066
MED00132,11,store_momentum,-0.00011
MED00134,11,store_momentum,-0.00013
MED00135,11,store_momentum,0.00128
MED00136,11,store_momentum,-0.00113
MED00137,11,store_momentum,-0.00011
MED00141,11,store_momentum,-0.00066
MED00142,11,store_momentum,0.00015
MED00145,11,store_momentum,-0.00067
MED00146,11,store_momentum,-0.00071
MED00150,11,store_momentum,-0.00012
MED00154,11,store_momentum,-0.00018
MED00156,11,store_momentum,-0.00021
MED00157,11,store_momentum,-0.00019
MED00158,11,store_momentum,-0.00014
MED00159,11,store_momentum,0.00025
MED00163,11,store_momentum,-0.00019
MED00164,11,store_momentum,-0.00065
MED00167,11,store_momentum,-0.0004
MED00170,11,store_momentum,-0.00041
MED00171,11,store_momentum,-0.00013
MED00172,11,store_momentum,-0.00069
MED00174,11,store_momentum,-0.00048
MED00175,11,store_momentum,-0.00012
MED00176,11,store_momentum,-0.00078
MED00178,11,store_momentum,-0.00084
MED00179,11,store_momentum,-0.00023
MED00183,11,store_momentum,0.00016
MED00185,11,store_momentum,-0.00021
MED00187,11,store_momentum,-0.00073
MED00188,11,store_momentum,-0.0006
MED00189,11,store_momentum,-0.00013
MED00192,11,store_momentum,-0.00028
MED00193,11,store_momentum,-0.00017
MED00194,11,store_momentum,-0.00125
MED00196,11,store_momentum,-0.00095
MED00197,11,store_momentum,-0.00134
MED00199,11,store_momentum,-0.00073
MED00203,11,store_momentum,-0.00128
MED00206,11,store_momentum,-0.00119
MED00209,11,store_momentum,-0.00085
MED00213,11,store_momentum,-0.00015
MED00217,11,store_momentum,-0.00027
MED00218,11,store_momentum,-0.00012
MED00221,11,store_momentum,-0.00071
MED00222,11,store_momentum,0.00015
MED00226,11,store_momentum,-0.00073
MED00227,11,store_momentum,-0.00013
MED00228,11,store_momentum,-0.0002
MED00229,11,store_momentum,-0.00014
MED00233,11,store_momentum,-0.00012
MED00237,11,store_momentum,-0.00131
MED00240,11,store_momentum,-0.00068
MED00243,11,store_momentum,-0.00027
MED00250,11,store_momentum,-0.00075
MED00252,11,store_momentum,-0.00058
MED00254,11,store_momentum,-0.00058
MED00255,11,store_momentum,-0.00067
MED00257,11,store_momentum,-0.00065
MED00260,11,store_momentum,-0.00043
MED00261,11,store_momentum,-0.00024
MED00262,11,store_momentum,-0.00131
MED00263,11,store_momentum,-0.0004
MED00265,11,store_momentum,-0.00015
MED00266,11,store_momentum,0.0014
MED00270,11,store_momentum,-0.00043
MED00271,11,store_momentum,-0.00097
MED00272,11,store_momentum,-1e-04
MED00273,11,store_momentum,-1e-04
MED00274,11,store_momentum,-0.00011
MED00277,11,store_momentum,-0.00013
MED00278,11,store_momentum,-0.00016
MED00280,11,store_momentum,-0.00023
MED00281,11,store_momentum,-0.00013
MED00284,11,store_momentum,-0.00131
MED00286,11,store_momentum,-0.00015
MED00288,11,store_momentum,-0.00039
MED00289,11,store_momentum,-0.00136
MED00291,11,store_momentum,-0.00013
MED00293,11,store_momentum,0.00079
MED00294,11,store_momentum,-0.00072
MED00295,11,store_momentum,-0.00014
MED00298,11,store_momentum,-0.00012
MED00302,11,store_momentum,0.00117
MED00303,11,store_momentum,-0.00111
MED00304,11,store_momentum,-0.00059
MED00306,11,store_momentum,-0.00016
MED00308,11,store_momentum,-0.00027
MED00309,11,store_momentum,-0.0007
MED00310,11,store_momentum,-1e-04
MED00311,11,store_momentum,-0.00109
MED00312,11,store_momentum,-1e-04
MED00313,11,store_momentum,-0.00095
MED00314,11,store_momentum,0.00127
MED00318,11,store_momentum,-0.00124
MED00320,11,store_momentum,-0.00046
MED00321,11,store_momentum,-0.00124
MED00322,11,store_momentum,-0.00013
MED00323,11,store_momentum,-0.00012
MED00324,11,store_momentum,-0.00131
MED00329,11,store_momentum,-0.00012
MED00331,11,store_momentum,-0.00044
MED00333,11,store_momentum,-0.00038
MED00335,11,store_momentum,-0.00015
MED00337,11,store_momentum,-0.00071
MED00339,11,store_momentum,-0.00065
MED00340,11,store_momentum,-0.00023
MED00345,11,store_momentum,-0.00013
MED00350,11,store_momentum,-0.00108
MED00351,11,store_momentum,-0.00014
MED00352,11,store_momentum,-0.00014
MED00353,11,store_momentum,-0.00026
MED00354,11,store_momentum,-0.00015
MED00355,11,store_momentum,-0.00014
MED00356,11,store_momentum,-0.00041
MED00357,11,store_momentum,-0.00037
MED00360,11,store_momentum,-0.00071
MED00361,11,store_momentum,-0.0004
MED00368,11,store_momentum,-0.00042
MED00369,11,store_momentum,-0.00065
MED00372,11,store_momentum,-0.00013
MED00373,11,store_momentum,-1e-04
MED00374,11,store_momentum,-0.0003
MED00377,11,store_momentum,-0.00021
MED00378,11,store_momentum,-0.00015
MED00379,11,store_momentum,-0.00126
MED00380,11,store_momentum,-0.00013
MED00387,11,store_momentum,-0.00023
MED00389,11,store_momentum,-0.00059
MED00390,11,store_momentum,-0.00066
MED00391,11,store_momentum,-0.00013
MED00392,11,store_momentum,-0.00013
MED00394,11,store_momentum,-0.00014
MED00401,11,store_momentum,-0.00022
MED00402,11,store_momentum,-0.00012
MED00406,11,store_momentum,-0.00013
MED00407,11,store_momentum,-0.00012
MED00408,11,store_momentum,-0.00012
MED00409,11,store_momentum,-1e-04
MED00410,11,store_momentum,-0.00012
MED00412,11,store_momentum,-0.00011
MED00414,11,store_momentum,-0.00011
MED00415,11,store_momentum,-0.0002
MED00416,11,store_momentum,-0.00011
MED00420,11,store_momentum,-0.00019
MED00421,11,store_momentum,-0.00012
MED00422,11,store_momentum,-0.00011
MED00423,11,store_momentum,-0.00011
MED00001,12,store_momentum,-0.00014
MED00002,12,store_momentum,-0.00027
MED00004,12,store_momentum,-0.00105
MED00005,12,store_momentum,-0.00022
MED00009,12,store_momentum,-0.00013
MED00010,12,store_momentum,-0.00017
MED00013,12,store_momentum,-0.00037
MED00014,12,store_momentum,-0.00064
MED00015,12,store_momentum,-0.00015
MED00016,12,store_momentum,-0.00041
MED00020,12,store_momentum,-0.00063
MED00021,12,store_momentum,-0.00063
MED00022,12,store_momentum,-0.00145
MED00023,12,store_momentum,-0.00012
MED00024,12,store_momentum,-0.00066
MED00027,12,store_momentum,-0.00014
MED00029,12,store_momentum,-0.00075
MED00030,12,store_momentum,-0.00109
MED00031,12,store_momentum,-0.00174
MED00032,12,store_momentum,-0.0003
MED00033,12,store_momentum,-0.00015
MED00035,12,store_momentum,-0.00032
MED00036,12,store_momentum,-0.00111
MED00037,12,store_momentum,-0.00016
MED00038,12,store_momentum,-0.00127
MED00040,12,store_momentum,-0.0007
MED00041,12,store_momentum,-1e-04
MED00044,12,store_momentum,-0.00065
MED00046,12,store_momentum,-0.00073
MED00049,12,store_momentum,-0.00013
MED00053,12,store_momentum,-0.00127
MED00054,12,store_momentum,-0.00165
MED00055,12,store_momentum,-0.00017
MED00056,12,store_momentum,-0.00018
MED00059,12,store_momentum,-0.00015
MED00061,12,store_momentum,-0.00061
MED00062,12,store_momentum,-0.00011
MED00066,12,store_momentum,-0.00018
MED00067,12,store_momentum,-0.00048
MED00068,12,store_momentum,-0.00128
MED00069,12,store_momentum,-0.00066
MED00070,12,store_momentum,-0.00067
MED00071,12,store_momentum,-0.00066
MED00072,12,store_momentum,-0.00127
MED00073,12,store_momentum,-0.00072
MED00074,12,store_momentum,-0.00126
MED00075,12,store_momentum,-0.00021
MED00076,12,store_momentum,-0.00023
MED00078,12,store_momentum,-0.0007
MED00079,12,store_momentum,0.00013
MED00080,12,store_momentum,-0.0013
MED00081,12,store_momentum,-0.00013
MED00082,12,store_momentum,-0.00065
MED00083,12,store_momentum,-0.00068
MED00086,12,store_momentum,-0.00014
MED00089,12,store_momentum,0.0014
MED00090,12,store_momentum,-0.00013
MED00091,12,store_momentum,-0.00067
MED00092,12,store_momentum,-0.00045
MED00093,12,store_momentum,-0.00021
MED00094,12,store_momentum,-0.00017
MED00097,12,store_momentum,-0.00011
MED00099,12,store_momentum,-0.00014
MED00101,12,store_momentum,-0.00038
MED00102,12,store_momentum,-0.00049
MED00104,12,store_momentum,-0.00012
MED00110,12,store_momentum,-0.00034
MED00113,12,store_momentum,-0.00039
MED00116,12,store_momentum,-0.00046
MED00118,12,store_momentum,-0.00012
MED00123,12,store_momentum,-0.00013
MED00124,12,store_momentum,-0.00012
MED00125,12,store_momentum,-0.00013
MED00126,12,store_momentum,-0.00015
MED00130,12,store_momentum,-0.00013
MED00131,12,store_momentum,-0.00066
MED00132,12,store_momentum,-0.00011
MED00134,12,store_momentum,-0.00013
MED00135,12,store_momentum,0.00128
MED00136,12,store_momentum,-0.00112
MED00137,12,store_momentum,-0.00011
MED00141,12,store_momentum,-0.00066
MED00145,12,store_momentum,-0.00067
MED00146,12,store_momentum,-0.00071
MED00150,12,store_momentum,-0.00012
MED00154,12,store_momentum,-0.00018
MED00156,12,store_momentum,-0.00021
MED00157,12,store_momentum,-0.00019
MED00158,12,store_momentum,-0.00014
MED00159,12,store_momentum,0.00025
MED00163,12,store_momentum,-0.00019
MED00164,12,store_momentum,-0.00065
MED00167,12,store_momentum,-0.0004
MED00170,12,store_momentum,-0.00039
MED00171,12,store_momentum,-0.00013
MED00172,12,store_momentum,-0.00069
MED00174,12,store_momentum,-0.00048
MED00175,12,store_momentum,-0.00012
MED00176,12,store_momentum,-0.00015
MED00178,12,store_momentum,-0.00084
MED00179,12,store_momentum,-0.00023
MED00185,12,store_momentum,-0.00021
MED00187,12,store_momentum,-0.00073
MED00188,12,store_momentum,-0.0006
MED00189,12,store_momentum,-0.00013
MED00192,12,store_momentum,-0.00028
MED00193,12,store_momentum,-0.00018
MED00194,12,store_momentum,-0.00125
MED00196,12,store_momentum,-0.00095
MED00197,12,store_momentum,-0.00134
MED00199,12,store_momentum,-0.00073
MED00203,12,store_momentum,-0.00128
MED00206,12,store_momentum,-0.00118
MED00209,12,store_momentum,-0.00085
MED00213,12,store_momentum,-0.00015
MED00217,12,store_momentum,-0.00027
MED00221,12,store_momentum,-0.00071
MED00226,12,store_momentum,-0.00073
MED00227,12,store_momentum,-0.00013
MED00228,12,store_momentum,-0.0002
MED00229,12,store_momentum,-0.00014
MED00233,12,store_momentum,-0.00012
MED00237,12,store_momentum,-0.00131
MED00240,12,store_momentum,-0.00068
MED00243,12,store_momentum,-0.00027
MED00250,12,store_momentum,-0.00075
MED00252,12,store_momentum,-0.00059
MED00254,12,store_momentum,-0.00059
MED00255,12,store_momentum,-0.00067
MED00257,12,store_momentum,-0.00065
MED00260,12,store_momentum,-0.00043
MED00261,12,store_momentum,-0.00024
MED00262,12,store_momentum,-0.00131
MED00263,12,store_momentum,-0.0004
MED00265,12,store_momentum,-0.00015
MED00266,12,store_momentum,0.00139
MED00270,12,store_momentum,-0.00043
MED00271,12,store_momentum,-0.00097
MED00272,12,store_momentum,-1e-04
MED00273,12,store_momentum,-1e-04
MED00274,12,store_momentum,-0.00011
MED00277,12,store_momentum,-0.00013
MED00278,12,store_momentum,-0.00016
MED00280,12,store_momentum,-0.00023
MED00281,12,store_momentum,-0.00013
MED00284,12,store_momentum,-0.00131
MED00286,12,store_momentum,-0.00015
MED00288,12,store_momentum,-0.00039
MED00289,12,store_momentum,-0.00136
MED00291,12,store_momentum,-0.00013
MED00293,12,store_momentum,0.00079
MED00294,12,store_momentum,-0.00072
MED00295,12,store_momentum,-0.00014
MED00298,12,store_momentum,-0.00012
MED00302,12,store_momentum,0.00117
MED00303,12,store_momentum,-0.00111
MED00304,12,store_momentum,-0.00059
MED00306,12,store_momentum,-0.00016
MED00308,12,store_momentum,-0.00027
MED00309,12,store_momentum,-0.0007
MED00310,12,store_momentum,-1e-04
MED00311,12,store_momentum,-0.00109
MED00312,12,store_momentum,-1e-04
MED00313,12,store_momentum,-0.00096
MED00314,12,store_momentum,0.00127
MED00318,12,store_momentum,-0.00124
MED00320,12,store_momentum,-0.00046
MED00321,12,store_momentum,-0.00124
MED00322,12,store_momentum,-0.00013
MED00323,12,store_momentum,-0.00012
MED00324,12,store_momentum,-0.00131
MED00329,12,store_momentum,-0.00012
MED00331,12,store_momentum,-0.00042
MED00333,12,store_momentum,-0.00038
MED00335,12,store_momentum,-0.00015
MED00337,12,store_momentum,-0.00071
MED00339,12,store_momentum,-0.00065
MED00340,12,store_momentum,-0.00023
MED00345,12,store_momentum,-0.00013
MED00350,12,store_momentum,-0.00108
MED00351,12,store_momentum,-0.00014
MED00352,12,store_momentum,-0.00014
MED00353,12,store_momentum,-0.00026
MED00354,12,store_momentum,-0.00015
MED00355,12,store_momentum,-0.00014
MED00356,12,store_momentum,-0.00041
MED00357,12,store_momentum,-0.00037
MED00360,12,store_momentum,-0.00071
MED00361,12,store_momentum,-0.0004
MED00368,12,store_momentum,-0.0004
MED00369,12,store_momentum,-0.00065
MED00372,12,store_momentum,-0.00013
MED00373,12,store_momentum,-1e-04
MED00374,12,store_momentum,-0.0003
MED00377,12,store_momentum,-0.00021
MED00378,12,store_momentum,-0.00015
MED00379,12,store_momentum,-0.00127
MED00380,12,store_momentum,-0.00013
MED00387,12,store_momentum,-0.00023
MED00389,12,store_momentum,-0.00059
MED00390,12,store_momentum,-0.00066
MED00391,12,store_momentum,-0.00013
MED00392,12,store_momentum,-0.00013
MED00394,12,store_momentum,-0.00014
MED00401,12,store_momentum,-0.00022
MED00402,12,store_momentum,-0.00012
MED00406,12,store_momentum,-0.00013
MED00407,12,store_momentum,-0.00012
MED00408,12,store_momentum,-0.00012
MED00409,12,store_momentum,-1e-04
MED00410,12,store_momentum,-0.00012
MED00412,12,store_momentum,-0.00011
MED00414,12,store_momentum,-0.00011
MED00415,12,store_momentum,-0.0002
MED00416,12,store_momentum,-0.00011
MED00420,12,store_momentum,-0.00019
MED00421,12,store_momentum,-0.00012
MED00422,12,store_momentum,-0.00011
MED00423,12,store_momentum,-0.00011
MED00001,1,recent_season_idx,0.00765
MED00002,1,recent_season_idx,-0.00268
MED00003,1,recent_season_idx,-0.00627
MED00004,1,recent_season_idx,-0.00423
MED00005,1,recent_season_idx,-0.00228
MED00006,1,recent_season_idx,0.00601
MED00007,1,recent_season_idx,0.00293
MED00008,1,recent_season_idx,0.00131
MED00009,1,recent_season_idx,0.00288
MED00010,1,recent_season_idx,-0.00477
MED00011,1,recent_season_idx,-0.00189
MED00012,1,recent_season_idx,0.00409
MED00013,1,recent_season_idx,0.00592
MED00014,1,recent_season_idx,0.00709
MED00015,1,recent_season_idx,-0.00727
MED00016,1,recent_season_idx,0.00871
MED00017,1,recent_season_idx,0.00428
MED00018,1,recent_season_idx,0.00546
MED00019,1,recent_season_idx,0.00801
MED00020,1,recent_season_idx,-0.00549
MED00021,1,recent_season_idx,0.00328
MED00022,1,recent_season_idx,0.00662
MED00023,1,recent_season_idx,0.01524
MED00024,1,recent_season_idx,0.00471
MED00025,1,recent_season_idx,-0.00593
MED00026,1,recent_season_idx,-0.00412
MED00027,1,recent_season_idx,-0.00581
MED00028,1,recent_season_idx,-0.00344
MED00029,1,recent_season_idx,0.0064
MED00030,1,recent_season_idx,0.00486
MED00031,1,recent_season_idx,0.00716
MED00032,1,recent_season_idx,0.01576
MED00033,1,recent_season_idx,-0.00396
MED00034,1,recent_season_idx,-0.00565
MED00035,1,recent_season_idx,-0.00687
MED00036,1,recent_season_idx,-0.00243
MED00037,1,recent_season_idx,0.00417
MED00038,1,recent_season_idx,0.00955
MED00039,1,recent_season_idx,-0.00245
MED00040,1,recent_season_idx,-0.00266
MED00041,1,recent_season_idx,-0.00679
MED00042,1,recent_season_idx,-0.00153
MED00043,1,recent_season_idx,-0.00709
MED00044,1,recent_season_idx,0.00726
MED00045,1,recent_season_idx,0.00457
MED00046,1,recent_season_idx,0.00722
MED00047,1,recent_season_idx,0.00474
MED00048,1,recent_season_idx,0.01229
MED00049,1,recent_season_idx,-0.00312
MED00050,1,recent_season_idx,-0.00166
MED00051,1,recent_season_idx,-0.00214
MED00052,1,recent_season_idx,-0.00414
MED00053,1,recent_season_idx,0.01039
MED00054,1,recent_season_idx,0.00713
MED00055,1,recent_season_idx,-0.0051
MED00056,1,recent_season_idx,-0.00426
MED00057,1,recent_season_idx,-0.00392
MED00058,1,recent_season_idx,0.00593
MED00059,1,recent_season_idx,0.00362
MED00060,1,recent_season_idx,0.00392
MED00061,1,recent_season_idx,-0.00269
MED00062,1,recent_season_idx,0.00687
MED00063,1,recent_season_idx,-0.00254
MED00064,1,recent_season_idx,0.0131
MED00065,1,recent_season_idx,0.00142
MED00066,1,recent_season_idx,-0.0037
MED00067,1,recent_season_idx,0.0056
MED00068,1,recent_season_idx,0.00499
MED00069,1,recent_season_idx,0.00676
MED00070,1,recent_season_idx,0.00791
MED00071,1,recent_season_idx,0.00673
MED00072,1,recent_season_idx,0.00978
MED00073,1,recent_season_idx,0.00703
MED00074,1,recent_season_idx,0.00492
MED00075,1,recent_season_idx,0.00724
MED00076,1,recent_season_idx,-0.00237
MED00077,1,recent_season_idx,0.00924
MED00078,1,recent_season_idx,0.00852
MED00079,1,recent_season_idx,0.00623
MED00080,1,recent_season_idx,0.00806
MED00081,1,recent_season_idx,-0.00713
MED00082,1,recent_season_idx,0.00343
MED00083,1,recent_season_idx,0.00386
MED00084,1,recent_season_idx,-0.00816
MED00085,1,recent_season_idx,0.00485
MED00086,1,recent_season_idx,0.01135
MED00087,1,recent_season_idx,0.0028
MED00088,1,recent_season_idx,-0.00558
MED00089,1,recent_season_idx,-0.00665
MED00090,1,recent_season_idx,0.00783
MED00091,1,recent_season_idx,0.00971
MED00092,1,recent_season_idx,0.01007
MED00093,1,recent_season_idx,-0.00989
MED00094,1,recent_season_idx,-0.00678
MED00095,1,recent_season_idx,0.00343
MED00096,1,recent_season_idx,0.00704
MED00097,1,recent_season_idx,-0.00412
MED00098,1,recent_season_idx,0.00591
MED00099,1,recent_season_idx,-0.00546
MED00100,1,recent_season_idx,-0.0023
MED00101,1,recent_season_idx,0.01164
MED00102,1,recent_season_idx,-0.00082
MED00103,1,recent_season_idx,0.00281
MED00104,1,recent_season_idx,0.00468
MED00105,1,recent_season_idx,-0.00453
MED00106,1,recent_season_idx,-0.00252
MED00107,1,recent_season_idx,0.00534
MED00108,1,recent_season_idx,0.0046
MED00109,1,recent_season_idx,-0.00201
MED00110,1,recent_season_idx,-0.00263
MED00111,1,recent_season_idx,-0.00201
MED00112,1,recent_season_idx,0.00241
MED00113,1,recent_season_idx,0.00855
MED00114,1,recent_season_idx,-0.00081
MED00115,1,recent_season_idx,0.00452
MED00116,1,recent_season_idx,-0.00797
MED00117,1,recent_season_idx,0.00365
MED00118,1,recent_season_idx,0.00529
MED00119,1,recent_season_idx,0.00508
MED00120,1,recent_season_idx,-0.00653
MED00121,1,recent_season_idx,-0.00228
MED00122,1,recent_season_idx,0.00546
MED00123,1,recent_season_idx,-0.00216
MED00124,1,recent_season_idx,0.00644
MED00125,1,recent_season_idx,-0.00281
MED00126,1,recent_season_idx,-0.00356
MED00127,1,recent_season_idx,0.00484
MED00128,1,recent_season_idx,0.00435
MED00129,1,recent_season_idx,0.00417
MED00130,1,recent_season_idx,-0.00311
MED00131,1,recent_season_idx,0.00799
MED00132,1,recent_season_idx,-0.00702
MED00133,1,recent_season_idx,-0.0044
MED00134,1,recent_season_idx,-0.00439
MED00135,1,recent_season_idx,-0.00663
MED00136,1,recent_season_idx,0.00363
MED00137,1,recent_season_idx,-0.00589
MED00138,1,recent_season_idx,0.00804
MED00139,1,recent_season_idx,0.00439
MED00140,1,recent_season_idx,0.00396
MED00141,1,recent_season_idx,0.00429
MED00142,1,recent_season_idx,-0.00245
MED00143,1,recent_season_idx,0.00492
MED00144,1,recent_season_idx,0.00333
MED00145,1,recent_season_idx,-0.00327
MED00146,1,recent_season_idx,0.0097
MED00147,1,recent_season_idx,0.00695
MED00148,1,recent_season_idx,0.00725
MED00149,1,recent_season_idx,0.00597
MED00150,1,recent_season_idx,0.00717
MED00151,1,recent_season_idx,0.0049
MED00152,1,recent_season_idx,0.00531
MED00153,1,recent_season_idx,0.00409
MED00155,1,recent_season_idx,0.00454
MED00156,1,recent_season_idx,0.01711
MED00157,1,recent_season_idx,0.00637
MED00158,1,recent_season_idx,-0.00581
MED00159,1,recent_season_idx,-0.0043
MED00160,1,recent_season_idx,0.00598
MED00161,1,recent_season_idx,0.00818
MED00162,1,recent_season_idx,0.00462
MED00163,1,recent_season_idx,-0.00742
MED00164,1,recent_season_idx,0.00646
MED00165,1,recent_season_idx,0.0037
MED00166,1,recent_season_idx,0.00449
MED00167,1,recent_season_idx,0.00916
MED00168,1,recent_season_idx,0.00473
MED00169,1,recent_season_idx,0.00406
MED00170,1,recent_season_idx,0.00656
MED00171,1,recent_season_idx,0.00542
MED00172,1,recent_season_idx,0.0118
MED00173,1,recent_season_idx,0.00319
MED00174,1,recent_season_idx,-0.00189
MED00175,1,recent_season_idx,-0.00502
MED00176,1,recent_season_idx,-0.00362
MED00177,1,recent_season_idx,-0.00375
MED00178,1,recent_season_idx,0.00727
MED00179,1,recent_season_idx,-0.00247
MED00180,1,recent_season_idx,0.00515
MED00181,1,recent_season_idx,0.00262
MED00182,1,recent_season_idx,-0.00449
MED00183,1,recent_season_idx,-0.00842
MED00184,1,recent_season_idx,-0.00151
MED00185,1,recent_season_idx,0.0089
MED00186,1,recent_season_idx,0.00481
MED00187,1,recent_season_idx,0.00504
MED00188,1,recent_season_idx,0.00577
MED00189,1,recent_season_idx,-0.00281
MED00190,1,recent_season_idx,0.00409
MED00191,1,recent_season_idx,0.00336
MED00192,1,recent_season_idx,-0.00255
MED00193,1,recent_season_idx,-0.00305
MED00194,1,recent_season_idx,0.00385
MED00195,1,recent_season_idx,0.00169
MED00196,1,recent_season_idx,0.00571
MED00197,1,recent_season_idx,0.00519
MED00198,1,recent_season_idx,0.00622
MED00199,1,recent_season_idx,0.00713
MED00200,1,recent_season_idx,0.00501
MED00201,1,recent_season_idx,0.00328
MED00202,1,recent_season_idx,0.00562
MED00203,1,recent_season_idx,0.01106
MED00204,1,recent_season_idx,0.00457
MED00205,1,recent_season_idx,-0.00431
MED00206,1,recent_season_idx,0.01517
MED00207,1,recent_season_idx,0.00293
MED00208,1,recent_season_idx,-0.00429
MED00209,1,recent_season_idx,0.00133
MED00210,1,recent_season_idx,-0.00439
MED00211,1,recent_season_idx,0.00297
MED00212,1,recent_season_idx,0.00686
MED00213,1,recent_season_idx,-0.00096
MED00214,1,recent_season_idx,0.00956
MED00215,1,recent_season_idx,0.00176
MED00216,1,recent_season_idx,-0.00295
MED00217,1,recent_season_idx,-0.00316
MED00218,1,recent_season_idx,0.00962
MED00219,1,recent_season_idx,-0.00941
MED00220,1,recent_season_idx,0.00329
MED00221,1,recent_season_idx,0.00329
MED00222,1,recent_season_idx,-0.00395
MED00223,1,recent_season_idx,-0.00585
MED00224,1,recent_season_idx,0.00497
MED00225,1,recent_season_idx,0.00957
MED00226,1,recent_season_idx,0.00692
MED00227,1,recent_season_idx,0.0081
MED00228,1,recent_season_idx,0.01999
MED00229,1,recent_season_idx,-0.00141
MED00230,1,recent_season_idx,0.00138
MED00231,1,recent_season_idx,0.00639
MED00232,1,recent_season_idx,-0.00117
MED00233,1,recent_season_idx,-0.00481
MED00234,1,recent_season_idx,0.00361
MED00235,1,recent_season_idx,0.0041
MED00236,1,recent_season_idx,0.00044
MED00237,1,recent_season_idx,0.00515
MED00238,1,recent_season_idx,0.00367
MED00239,1,recent_season_idx,0.00442
MED00240,1,recent_season_idx,0.00755
MED00241,1,recent_season_idx,0.00196
MED00242,1,recent_season_idx,0.00237
MED00243,1,recent_season_idx,-0.00319
MED00244,1,recent_season_idx,0.00364
MED00245,1,recent_season_idx,0.00968
MED00246,1,recent_season_idx,0.00301
MED00247,1,recent_season_idx,0.00666
MED00248,1,recent_season_idx,0.00575
MED00249,1,recent_season_idx,-0.0008
MED00250,1,recent_season_idx,0.00496
MED00251,1,recent_season_idx,0.00332
MED00252,1,recent_season_idx,0.0181
MED00253,1,recent_season_idx,0.00319
MED00254,1,recent_season_idx,0.00689
MED00255,1,recent_season_idx,0.0045
MED00256,1,recent_season_idx,0.00618
MED00257,1,recent_season_idx,0.00653
MED00258,1,recent_season_idx,0.00363
MED00259,1,recent_season_idx,0.0031
MED00260,1,recent_season_idx,-0.00378
MED00261,1,recent_season_idx,-0.00173
MED00262,1,recent_season_idx,0.00482
MED00263,1,recent_season_idx,0.00661
MED00264,1,recent_season_idx,-0.00275
MED00265,1,recent_season_idx,0.00671
MED00266,1,recent_season_idx,-0.00535
MED00267,1,recent_season_idx,0.00569
MED00268,1,recent_season_idx,0.00275
MED00269,1,recent_season_idx,0.00653
MED00270,1,recent_season_idx,0.00646
MED00271,1,recent_season_idx,0.01986
MED00272,1,recent_season_idx,0.00239
MED00273,1,recent_season_idx,0.00267
MED00274,1,recent_season_idx,-0.00607
MED00275,1,recent_season_idx,0.00772
MED00276,1,recent_season_idx,0.00606
MED00277,1,recent_season_idx,-0.0028
MED00278,1,recent_season_idx,0.00975
MED00279,1,recent_season_idx,-0.00173
MED00280,1,recent_season_idx,-0.00256
MED00281,1,recent_season_idx,0.00664
MED00282,1,recent_season_idx,0.00425
MED00283,1,recent_season_idx,0.002
MED00284,1,recent_season_idx,0.01327
MED00285,1,recent_season_idx,0.00588
MED00286,1,recent_season_idx,0.00197
MED00287,1,recent_season_idx,0.00552
MED00288,1,recent_season_idx,0.01009
MED00289,1,recent_season_idx,0.00847
MED00290,1,recent_season_idx,0.00593
MED00292,1,recent_season_idx,0.00676
MED00293,1,recent_season_idx,0.0087
MED00294,1,recent_season_idx,0.00895
MED00295,1,recent_season_idx,-0.00542
MED00296,1,recent_season_idx,0.00524
MED00297,1,recent_season_idx,0.00588
MED00298,1,recent_season_idx,0.00605
MED00299,1,recent_season_idx,-0.0023
MED00300,1,recent_season_idx,0.00439
MED00301,1,recent_season_idx,0.00729
MED00302,1,recent_season_idx,-0.00355
MED00303,1,recent_season_idx,0.00866
MED00304,1,recent_season_idx,0.00558
MED00305,1,recent_season_idx,0.00507
MED00306,1,recent_season_idx,-0.00271
MED00307,1,recent_season_idx,0.00115
MED00308,1,recent_season_idx,-0.00281
MED00309,1,recent_season_idx,0.00211
MED00310,1,recent_season_idx,0.00378
MED00311,1,recent_season_idx,0.00478
MED00312,1,recent_season_idx,-0.0065
MED00313,1,recent_season_idx,-0.00168
MED00314,1,recent_season_idx,-0.00372
MED00315,1,recent_season_idx,0.00452
MED00316,1,recent_season_idx,0.00431
MED00317,1,recent_season_idx,0.00288
MED00318,1,recent_season_idx,0.01108
MED00319,1,recent_season_idx,0.00586
MED00320,1,recent_season_idx,0.00026
MED00321,1,recent_season_idx,-0.0018
MED00322,1,recent_season_idx,-0.00307
MED00323,1,recent_season_idx,-0.00064
MED00324,1,recent_season_idx,0.00953
MED00325,1,recent_season_idx,0.0087
MED00326,1,recent_season_idx,0.00611
MED00327,1,recent_season_idx,0.00397
MED00328,1,recent_season_idx,0.00423
MED00329,1,recent_season_idx,0.00583
MED00330,1,recent_season_idx,0.00743
MED00331,1,recent_season_idx,0.00824
MED00332,1,recent_season_idx,0.00219
MED00333,1,recent_season_idx,0.0153
MED00334,1,recent_season_idx,-0.00087
MED00335,1,recent_season_idx,0.00292
MED00336,1,recent_season_idx,0.00906
MED00337,1,recent_season_idx,0.0015
MED00338,1,recent_season_idx,-0.00604
MED00339,1,recent_season_idx,0.00872
MED00340,1,recent_season_idx,0.00085
MED00341,1,recent_season_idx,-0.00406
MED00342,1,recent_season_idx,0.00436
MED00343,1,recent_season_idx,0.00596
MED00344,1,recent_season_idx,0.00353
MED00345,1,recent_season_idx,-0.00317
MED00346,1,recent_season_idx,0.00378
MED00347,1,recent_season_idx,-0.00228
MED00348,1,recent_season_idx,0.00809
MED00349,1,recent_season_idx,0.00451
MED00350,1,recent_season_idx,-0.00568
MED00351,1,recent_season_idx,-0.00242
MED00352,1,recent_season_idx,-0.00236
MED00353,1,recent_season_idx,-0.00219
MED00354,1,recent_season_idx,-0.002
MED00355,1,recent_season_idx,0.0125
MED00356,1,recent_season_idx,0.00784
MED00357,1,recent_season_idx,-0.00333
MED00358,1,recent_season_idx,0.00418
MED00359,1,recent_season_idx,0.00378
MED00360,1,recent_season_idx,0.01881
MED00361,1,recent_season_idx,0.00799
MED00362,1,recent_season_idx,0.00736
MED00363,1,recent_season_idx,0.00296
MED00364,1,recent_season_idx,-0.00226
MED00365,1,recent_season_idx,0.00384
MED00366,1,recent_season_idx,0.0047
MED00367,1,recent_season_idx,0.00346
MED00368,1,recent_season_idx,0.00443
MED00369,1,recent_season_idx,0.00862
MED00370,1,recent_season_idx,-0.00273
MED00371,1,recent_season_idx,-0.00699
MED00372,1,recent_season_idx,-0.00273
MED00373,1,recent_season_idx,-0.00296
MED00374,1,recent_season_idx,0.01255
MED00375,1,recent_season_idx,-0.00879
MED00376,1,recent_season_idx,0.00282
MED00377,1,recent_season_idx,-0.00215
MED00378,1,recent_season_idx,0.00409
MED00379,1,recent_season_idx,-0.00216
MED00380,1,recent_season_idx,-0.00269
MED00381,1,recent_season_idx,-0.00241
MED00382,1,recent_season_idx,0.01234
MED00383,1,recent_season_idx,-0.00294
MED00384,1,recent_season_idx,0.00415
MED00385,1,recent_season_idx,0.00271
MED00386,1,recent_season_idx,0.00117
MED00387,1,recent_season_idx,0.00451
MED00388,1,recent_season_idx,-0.06044
MED00389,1,recent_season_idx,0.00643
MED00390,1,recent_season_idx,0.0075
MED00391,1,recent_season_idx,0.00666
MED00392,1,recent_season_idx,0.00663
MED00393,1,recent_season_idx,0.00292
MED00394,1,recent_season_idx,0.00645
MED00395,1,recent_season_idx,0.0035
MED00396,1,recent_season_idx,-0.00278
MED00397,1,recent_season_idx,0.00255
MED00398,1,recent_season_idx,0.0105
MED00399,1,recent_season_idx,0.00479
MED00400,1,recent_season_idx,-0.00558
MED00401,1,recent_season_idx,0.00496
MED00402,1,recent_season_idx,0.00483
MED00403,1,recent_season_idx,-0.00538
MED00404,1,recent_season_idx,0.00186
MED00405,1,recent_season_idx,0.00228
MED00406,1,recent_season_idx,0.00578
MED00407,1,recent_season_idx,0.00571
MED00408,1,recent_season_idx,0.00455
MED00409,1,recent_season_idx,0.0031
MED00410,1,recent_season_idx,0.00428
MED00411,1,recent_season_idx,0.00624
MED00412,1,recent_season_idx,0.00421
MED00413,1,recent_season_idx,0.00457
MED00414,1,recent_season_idx,0.00886
MED00415,1,recent_season_idx,0.00458
MED00416,1,recent_season_idx,0.00803
MED00417,1,recent_season_idx,0.00181
MED00418,1,recent_season_idx,0.00522
MED00419,1,recent_season_idx,0.00533
MED00420,1,recent_season_idx,0.00962
MED00421,1,recent_season_idx,0.00882
MED00422,1,recent_season_idx,0.00678
MED00423,1,recent_season_idx,0.00241
MED00424,1,recent_season_idx,0.00571
MED00001,2,recent_season_idx,0.00722
MED00002,2,recent_season_idx,-0.00148
MED00003,2,recent_season_idx,-0.00537
MED00004,2,recent_season_idx,-0.00293
MED00005,2,recent_season_idx,-0.00138
MED00006,2,recent_season_idx,0.00109
MED00007,2,recent_season_idx,0.00237
MED00008,2,recent_season_idx,-0.00456
MED00009,2,recent_season_idx,0.00267
MED00010,2,recent_season_idx,-0.00434
MED00011,2,recent_season_idx,-0.00138
MED00012,2,recent_season_idx,-0.00083
MED00013,2,recent_season_idx,0.00075
MED00014,2,recent_season_idx,0.00681
MED00015,2,recent_season_idx,-0.00619
MED00016,2,recent_season_idx,0.00352
MED00017,2,recent_season_idx,0.00366
MED00018,2,recent_season_idx,0.0046
MED00019,2,recent_season_idx,0.00804
MED00020,2,recent_season_idx,-0.00504
MED00021,2,recent_season_idx,0.00366
MED00022,2,recent_season_idx,0.00069
MED00023,2,recent_season_idx,0.01015
MED00024,2,recent_season_idx,0.00447
MED00025,2,recent_season_idx,-0.00473
MED00026,2,recent_season_idx,-0.00292
MED00027,2,recent_season_idx,-0.00461
MED00028,2,recent_season_idx,-0.00357
MED00029,2,recent_season_idx,0.00423
MED00030,2,recent_season_idx,0.00271
MED00031,2,recent_season_idx,0.00481
MED00032,2,recent_season_idx,0.00938
MED00033,2,recent_season_idx,-0.00302
MED00034,2,recent_season_idx,-0.00507
MED00035,2,recent_season_idx,-0.00518
MED00036,2,recent_season_idx,-0.00183
MED00037,2,recent_season_idx,0.00344
MED00038,2,recent_season_idx,0.00909
MED00039,2,recent_season_idx,-0.00203
MED00040,2,recent_season_idx,-0.00139
MED00041,2,recent_season_idx,-0.00722
MED00042,2,recent_season_idx,-0.00087
MED00043,2,recent_season_idx,-0.0072
MED00044,2,recent_season_idx,0.00707
MED00045,2,recent_season_idx,-0.00036
MED00046,2,recent_season_idx,0.00703
MED00047,2,recent_season_idx,0.00548
MED00048,2,recent_season_idx,0.01095
MED00049,2,recent_season_idx,-0.00224
MED00050,2,recent_season_idx,-0.00137
MED00051,2,recent_season_idx,-0.00128
MED00052,2,recent_season_idx,-0.00427
MED00053,2,recent_season_idx,0.00857
MED00054,2,recent_season_idx,0.00443
MED00055,2,recent_season_idx,-0.00464
MED00056,2,recent_season_idx,-0.00408
MED00057,2,recent_season_idx,-0.00271
MED00058,2,recent_season_idx,0.00101
MED00059,2,recent_season_idx,0.00326
MED00060,2,recent_season_idx,0.0042
MED00061,2,recent_season_idx,-0.00282
MED00062,2,recent_season_idx,0.0064
MED00063,2,recent_season_idx,-0.00164
MED00064,2,recent_season_idx,0.00718
MED00065,2,recent_season_idx,0.00123
MED00066,2,recent_season_idx,-0.00261
MED00067,2,recent_season_idx,0.00088
MED00068,2,recent_season_idx,0.00482
MED00069,2,recent_season_idx,0.00615
MED00070,2,recent_season_idx,0.00777
MED00071,2,recent_season_idx,0.00637
MED00072,2,recent_season_idx,0.00946
MED00073,2,recent_season_idx,0.00637
MED00074,2,recent_season_idx,0.00475
MED00075,2,recent_season_idx,0.00139
MED00076,2,recent_season_idx,-0.00121
MED00077,2,recent_season_idx,0.00264
MED00078,2,recent_season_idx,0.00664
MED00079,2,recent_season_idx,0.00588
MED00080,2,recent_season_idx,0.00746
MED00081,2,recent_season_idx,-0.00622
MED00082,2,recent_season_idx,0.00318
MED00083,2,recent_season_idx,0.00361
MED00084,2,recent_season_idx,-0.00988
MED00086,2,recent_season_idx,0.01244
MED00087,2,recent_season_idx,0.00249
MED00088,2,recent_season_idx,-0.00589
MED00089,2,recent_season_idx,-0.00623
MED00090,2,recent_season_idx,0.00269
MED00091,2,recent_season_idx,0.00951
MED00092,2,recent_season_idx,0.00568
MED00093,2,recent_season_idx,-0.00847
MED00094,2,recent_season_idx,-0.00662
MED00095,2,recent_season_idx,0.00387
MED00096,2,recent_season_idx,0.00677
MED00097,2,recent_season_idx,-0.00288
MED00098,2,recent_season_idx,0.00575
MED00099,2,recent_season_idx,-0.00426
MED00100,2,recent_season_idx,-0.0014
MED00101,2,recent_season_idx,0.01266
MED00102,2,recent_season_idx,-0.00059
MED00103,2,recent_season_idx,0.0025
MED00104,2,recent_season_idx,0.00515
MED00105,2,recent_season_idx,-0.00424
MED00106,2,recent_season_idx,-0.00165
MED00107,2,recent_season_idx,0.0046
MED00108,2,recent_season_idx,0.0041
MED00109,2,recent_season_idx,-0.00106
MED00110,2,recent_season_idx,-0.00168
MED00111,2,recent_season_idx,-0.00209
MED00112,2,recent_season_idx,0.00192
MED00113,2,recent_season_idx,0.00383
MED00114,2,recent_season_idx,-0.00175
MED00115,2,recent_season_idx,0.0042
MED00116,2,recent_season_idx,-0.00794
MED00117,2,recent_season_idx,0.0031
MED00118,2,recent_season_idx,0.00057
MED00119,2,recent_season_idx,0.00477
MED00120,2,recent_season_idx,-0.0064
MED00121,2,recent_season_idx,-0.00226
MED00122,2,recent_season_idx,0.00829
MED00123,2,recent_season_idx,-0.00204
MED00124,2,recent_season_idx,0.00594
MED00125,2,recent_season_idx,-0.0019
MED00126,2,recent_season_idx,-0.00226
MED00127,2,recent_season_idx,0.0047
MED00128,2,recent_season_idx,0.00403
MED00129,2,recent_season_idx,-0.0008
MED00130,2,recent_season_idx,-0.00224
MED00131,2,recent_season_idx,0.00762
MED00132,2,recent_season_idx,-0.00689
MED00133,2,recent_season_idx,-0.00446
MED00134,2,recent_season_idx,-0.00344
MED00135,2,recent_season_idx,-0.0065
MED00136,2,recent_season_idx,0.00409
MED00137,2,recent_season_idx,-0.00543
MED00138,2,recent_season_idx,0.00773
MED00139,2,recent_season_idx,0.00407
MED00140,2,recent_season_idx,0.00364
MED00141,2,recent_season_idx,0.00467
MED00142,2,recent_season_idx,-0.00121
MED00143,2,recent_season_idx,0.0046
MED00144,2,recent_season_idx,0.00253
MED00145,2,recent_season_idx,-0.00196
MED00146,2,recent_season_idx,0.0037
MED00147,2,recent_season_idx,0.00667
MED00148,2,recent_season_idx,0.00663
MED00149,2,recent_season_idx,0.00548
MED00150,2,recent_season_idx,0.00217
MED00151,2,recent_season_idx,0.00458
MED00152,2,recent_season_idx,0.005
MED00153,2,recent_season_idx,0.00378
MED00155,2,recent_season_idx,0.00422
MED00156,2,recent_season_idx,0.01107
MED00157,2,recent_season_idx,0.00118
MED00158,2,recent_season_idx,-0.0046
MED00159,2,recent_season_idx,-0.00415
MED00160,2,recent_season_idx,0.00549
MED00161,2,recent_season_idx,0.01353
MED00162,2,recent_season_idx,0.00411
MED00163,2,recent_season_idx,-0.00654
MED00164,2,recent_season_idx,0.00625
MED00165,2,recent_season_idx,0.0029
MED00166,2,recent_season_idx,0.00417
MED00167,2,recent_season_idx,0.00445
MED00168,2,recent_season_idx,0.00475
MED00169,2,recent_season_idx,0.00403
MED00170,2,recent_season_idx,0.00184
MED00171,2,recent_season_idx,0.00493
MED00172,2,recent_season_idx,0.00791
MED00173,2,recent_season_idx,0.00304
MED00174,2,recent_season_idx,-0.00179
MED00175,2,recent_season_idx,-0.00457
MED00176,2,recent_season_idx,-0.00318
MED00177,2,recent_season_idx,-0.00255
MED00178,2,recent_season_idx,0.00632
MED00179,2,recent_season_idx,-0.00211
MED00180,2,recent_season_idx,0.00022
MED00181,2,recent_season_idx,0.00212
MED00182,2,recent_season_idx,-0.00328
MED00183,2,recent_season_idx,-0.00822
MED00184,2,recent_season_idx,-0.00152
MED00185,2,recent_season_idx,0.00245
MED00186,2,recent_season_idx,0.00449
MED00187,2,recent_season_idx,0.00418
MED00188,2,recent_season_idx,0.00053
MED00189,2,recent_season_idx,-0.00194
MED00190,2,recent_season_idx,0.00377
MED00191,2,recent_season_idx,0.00127
MED00192,2,recent_season_idx,-0.00263
MED00193,2,recent_season_idx,-0.00215
MED00194,2,recent_season_idx,0.00429
MED00195,2,recent_season_idx,0.00213
MED00196,2,recent_season_idx,0.00522
MED00197,2,recent_season_idx,0.00494
MED00198,2,recent_season_idx,0.0059
MED00199,2,recent_season_idx,0.00644
MED00200,2,recent_season_idx,0.00504
MED00201,2,recent_season_idx,0.00275
MED00202,2,recent_season_idx,0.0007
MED00203,2,recent_season_idx,0.00525
MED00204,2,recent_season_idx,0.00426
MED00205,2,recent_season_idx,-0.00435
MED00206,2,recent_season_idx,0.006
MED00207,2,recent_season_idx,0.00261
MED00208,2,recent_season_idx,-0.00433
MED00209,2,recent_season_idx,0.00044
MED00210,2,recent_season_idx,-0.00394
MED00211,2,recent_season_idx,0.00299
MED00212,2,recent_season_idx,0.0021
MED00214,2,recent_season_idx,0.01621
MED00215,2,recent_season_idx,0.00126
MED00216,2,recent_season_idx,-0.00207
MED00217,2,recent_season_idx,-0.00203
MED00218,2,recent_season_idx,0.01499
MED00219,2,recent_season_idx,-0.00906
MED00220,2,recent_season_idx,0.00298
MED00221,2,recent_season_idx,0.00379
MED00222,2,recent_season_idx,-0.00271
MED00223,2,recent_season_idx,-0.00586
MED00224,2,recent_season_idx,0.00466
MED00225,2,recent_season_idx,0.0091
MED00226,2,recent_season_idx,0.00673
MED00227,2,recent_season_idx,0.00338
MED00228,2,recent_season_idx,0.01433
MED00229,2,recent_season_idx,-0.00046
MED00230,2,recent_season_idx,0.00142
MED00231,2,recent_season_idx,0.00731
MED00232,2,recent_season_idx,-0.00091
MED00233,2,recent_season_idx,-0.00528
MED00234,2,recent_season_idx,0.00423
MED00235,2,recent_season_idx,0.00289
MED00236,2,recent_season_idx,-0.00011
MED00237,2,recent_season_idx,0.003
MED00238,2,recent_season_idx,0.00317
MED00239,2,recent_season_idx,0.00363
MED00240,2,recent_season_idx,0.00729
MED00241,2,recent_season_idx,0.00145
MED00242,2,recent_season_idx,0.00187
MED00243,2,recent_season_idx,-0.00199
MED00244,2,recent_season_idx,0.00333
MED00245,2,recent_season_idx,0.00841
MED00246,2,recent_season_idx,0.00408
MED00247,2,recent_season_idx,0.00588
MED00248,2,recent_season_idx,0.00554
MED00249,2,recent_season_idx,-0.0006
MED00250,2,recent_season_idx,0.00473
MED00251,2,recent_season_idx,0.00301
MED00252,2,recent_season_idx,0.01936
MED00253,2,recent_season_idx,0.0027
MED00254,2,recent_season_idx,0.00815
MED00255,2,recent_season_idx,0.00243
MED00256,2,recent_season_idx,0.00545
MED00257,2,recent_season_idx,0.00631
MED00258,2,recent_season_idx,0.00366
MED00259,2,recent_season_idx,0.00385
MED00260,2,recent_season_idx,-0.00338
MED00261,2,recent_season_idx,-0.00137
MED00262,2,recent_season_idx,0.00465
MED00263,2,recent_season_idx,0.00171
MED00264,2,recent_season_idx,-0.0018
MED00265,2,recent_season_idx,0.00715
MED00266,2,recent_season_idx,-0.00521
MED00267,2,recent_season_idx,0.00554
MED00268,2,recent_season_idx,0.0032
MED00269,2,recent_season_idx,0.00622
MED00270,2,recent_season_idx,0.00156
MED00271,2,recent_season_idx,0.01095
MED00272,2,recent_season_idx,0.00212
MED00273,2,recent_season_idx,0.0025
MED00274,2,recent_season_idx,-0.00595
MED00275,2,recent_season_idx,0.00752
MED00276,2,recent_season_idx,0.00574
MED00277,2,recent_season_idx,-0.00193
MED00278,2,recent_season_idx,0.0164
MED00279,2,recent_season_idx,-0.00135
MED00280,2,recent_season_idx,-0.00142
MED00281,2,recent_season_idx,0.00657
MED00282,2,recent_season_idx,0.00397
MED00283,2,recent_season_idx,0.00488
MED00284,2,recent_season_idx,0.00852
MED00285,2,recent_season_idx,0.00538
MED00286,2,recent_season_idx,0.00161
MED00287,2,recent_season_idx,0.00502
MED00288,2,recent_season_idx,0.00435
MED00289,2,recent_season_idx,0.00177
MED00290,2,recent_season_idx,0.00562
MED00292,2,recent_season_idx,0.00786
MED00293,2,recent_season_idx,0.00761
MED00294,2,recent_season_idx,0.00411
MED00295,2,recent_season_idx,-0.00421
MED00296,2,recent_season_idx,0.00508
MED00297,2,recent_season_idx,0.00509
MED00298,2,recent_season_idx,0.00133
MED00299,2,recent_season_idx,-0.00084
MED00300,2,recent_season_idx,-0.00054
MED00301,2,recent_season_idx,0.00651
MED00302,2,recent_season_idx,-0.00352
MED00303,2,recent_season_idx,0.00628
MED00304,2,recent_season_idx,0.00478
MED00305,2,recent_season_idx,0.00476
MED00306,2,recent_season_idx,-0.00142
MED00307,2,recent_season_idx,0.00134
MED00308,2,recent_season_idx,-0.00248
MED00309,2,recent_season_idx,0.00172
MED00310,2,recent_season_idx,0.00339
MED00311,2,recent_season_idx,0.00239
MED00312,2,recent_season_idx,-0.00697
MED00313,2,recent_season_idx,-0.00102
MED00314,2,recent_season_idx,-0.00353
MED00315,2,recent_season_idx,0.00499
MED00316,2,recent_season_idx,0.00381
MED00317,2,recent_season_idx,0.00256
MED00318,2,recent_season_idx,0.01061
MED00319,2,recent_season_idx,0.00507
MED00321,2,recent_season_idx,-0.00116
MED00322,2,recent_season_idx,-0.00218
MED00323,2,recent_season_idx,-0.00064
MED00324,2,recent_season_idx,0.00739
MED00325,2,recent_season_idx,0.01405
MED00326,2,recent_season_idx,0.00532
MED00327,2,recent_season_idx,0.00336
MED00328,2,recent_season_idx,0.0054
MED00329,2,recent_season_idx,0.00505
MED00330,2,recent_season_idx,0.00896
MED00331,2,recent_season_idx,0.00334
MED00332,2,recent_season_idx,0.00281
MED00333,2,recent_season_idx,0.01528
MED00334,2,recent_season_idx,-0.00077
MED00335,2,recent_season_idx,0.00334
MED00336,2,recent_season_idx,0.01356
MED00337,2,recent_season_idx,0.00156
MED00338,2,recent_season_idx,-0.00583
MED00339,2,recent_season_idx,0.00391
MED00340,2,recent_season_idx,0.0023
MED00341,2,recent_season_idx,-0.00364
MED00342,2,recent_season_idx,0.00404
MED00343,2,recent_season_idx,0.00516
MED00344,2,recent_season_idx,0.00343
MED00345,2,recent_season_idx,-0.00227
MED00346,2,recent_season_idx,0.00346
MED00347,2,recent_season_idx,-0.00136
MED00348,2,recent_season_idx,0.00777
MED00349,2,recent_season_idx,0.00401
MED00350,2,recent_season_idx,-0.00452
MED00351,2,recent_season_idx,-0.00151
MED00352,2,recent_season_idx,-0.00148
MED00353,2,recent_season_idx,-0.00128
MED00354,2,recent_season_idx,-0.0011
MED00355,2,recent_season_idx,0.0074
MED00356,2,recent_season_idx,0.00251
MED00357,2,recent_season_idx,-0.00225
MED00358,2,recent_season_idx,0.0036
MED00359,2,recent_season_idx,0.00346
MED00360,2,recent_season_idx,0.01761
MED00361,2,recent_season_idx,0.00309
MED00362,2,recent_season_idx,0.0056
MED00363,2,recent_season_idx,0.00265
MED00364,2,recent_season_idx,-0.00136
MED00365,2,recent_season_idx,0.00352
MED00366,2,recent_season_idx,0.00515
MED00367,2,recent_season_idx,0.00314
MED00368,2,recent_season_idx,-0.00076
MED00369,2,recent_season_idx,0.00838
MED00370,2,recent_season_idx,-0.00231
MED00371,2,recent_season_idx,-0.0068
MED00372,2,recent_season_idx,-0.00186
MED00373,2,recent_season_idx,-0.00307
MED00374,2,recent_season_idx,0.00679
MED00375,2,recent_season_idx,-0.0083
MED00376,2,recent_season_idx,0.00251
MED00377,2,recent_season_idx,-0.00095
MED00378,2,recent_season_idx,0.0036
MED00379,2,recent_season_idx,-0.00126
MED00380,2,recent_season_idx,-0.00149
MED00381,2,recent_season_idx,-0.00152
MED00382,2,recent_season_idx,0.01194
MED00383,2,recent_season_idx,-0.00327
MED00384,2,recent_season_idx,0.00477
MED00385,2,recent_season_idx,0.00388
MED00386,2,recent_season_idx,0.00118
MED00387,2,recent_season_idx,0.00243
MED00388,2,recent_season_idx,-0.06028
MED00389,2,recent_season_idx,0.00543
MED00390,2,recent_season_idx,0.00705
MED00391,2,recent_season_idx,0.00799
MED00392,2,recent_season_idx,0.00646
MED00393,2,recent_season_idx,0.0023
MED00394,2,recent_season_idx,0.00733
MED00395,2,recent_season_idx,0.00338
MED00396,2,recent_season_idx,-0.00263
MED00397,2,recent_season_idx,0.00272
MED00398,2,recent_season_idx,0.00969
MED00399,2,recent_season_idx,0.00496
MED00400,2,recent_season_idx,-0.00542
MED00401,2,recent_season_idx,0.01137
MED00402,2,recent_season_idx,0.00375
MED00403,2,recent_season_idx,-0.00492
MED00404,2,recent_season_idx,-0.00023
MED00406,2,recent_season_idx,0.00323
MED00407,2,recent_season_idx,0.00531
MED00408,2,recent_season_idx,0.00356
MED00409,2,recent_season_idx,0.00096
MED00410,2,recent_season_idx,0.00241
MED00411,2,recent_season_idx,0.00771
MED00412,2,recent_season_idx,0.00375
MED00413,2,recent_season_idx,0.00432
MED00414,2,recent_season_idx,0.00824
MED00415,2,recent_season_idx,0.00584
MED00416,2,recent_season_idx,0.00712
MED00417,2,recent_season_idx,0.00125
MED00418,2,recent_season_idx,0.00691
MED00419,2,recent_season_idx,0.00512
MED00420,2,recent_season_idx,0.00301
MED00421,2,recent_season_idx,0.00248
MED00422,2,recent_season_idx,0.0063
MED00423,2,recent_season_idx,0.00232
MED00424,2,recent_season_idx,0.00593
MED00001,3,recent_season_idx,0.00722
MED00002,3,recent_season_idx,-0.00148
MED00003,3,recent_season_idx,-0.00537
MED00004,3,recent_season_idx,-0.00292
MED00005,3,recent_season_idx,-0.00134
MED00006,3,recent_season_idx,0.00109
MED00007,3,recent_season_idx,0.00236
MED00008,3,recent_season_idx,-0.00456
MED00009,3,recent_season_idx,0.00268
MED00010,3,recent_season_idx,-0.00434
MED00011,3,recent_season_idx,-0.00138
MED00012,3,recent_season_idx,-0.00083
MED00013,3,recent_season_idx,0.00087
MED00014,3,recent_season_idx,0.00682
MED00015,3,recent_season_idx,-0.00619
MED00016,3,recent_season_idx,0.00352
MED00017,3,recent_season_idx,0.00366
MED00018,3,recent_season_idx,0.0046
MED00019,3,recent_season_idx,0.00804
MED00020,3,recent_season_idx,-0.00505
MED00021,3,recent_season_idx,0.00366
MED00022,3,recent_season_idx,-0.00033
MED00023,3,recent_season_idx,0.01008
MED00024,3,recent_season_idx,0.00418
MED00025,3,recent_season_idx,-0.00473
MED00026,3,recent_season_idx,-0.00292
MED00027,3,recent_season_idx,-0.00461
MED00028,3,recent_season_idx,-0.00357
MED00029,3,recent_season_idx,0.00397
MED00030,3,recent_season_idx,0.00217
MED00031,3,recent_season_idx,0.00491
MED00032,3,recent_season_idx,0.00937
MED00033,3,recent_season_idx,-0.00302
MED00034,3,recent_season_idx,-0.00507
MED00035,3,recent_season_idx,-0.00518
MED00036,3,recent_season_idx,-0.00183
MED00037,3,recent_season_idx,0.00344
MED00038,3,recent_season_idx,0.00845
MED00039,3,recent_season_idx,-0.00203
MED00040,3,recent_season_idx,-0.00139
MED00041,3,recent_season_idx,-0.00721
MED00042,3,recent_season_idx,-0.00081
MED00043,3,recent_season_idx,-0.0072
MED00044,3,recent_season_idx,0.00664
MED00045,3,recent_season_idx,-0.00035
MED00046,3,recent_season_idx,0.00658
MED00047,3,recent_season_idx,0.00548
MED00048,3,recent_season_idx,0.01095
MED00049,3,recent_season_idx,-0.00224
MED00050,3,recent_season_idx,-0.00136
MED00051,3,recent_season_idx,-0.00128
MED00052,3,recent_season_idx,-0.00373
MED00053,3,recent_season_idx,0.00828
MED00054,3,recent_season_idx,0.00438
MED00055,3,recent_season_idx,-0.00464
MED00056,3,recent_season_idx,-0.00408
MED00057,3,recent_season_idx,-0.00271
MED00058,3,recent_season_idx,0.00101
MED00059,3,recent_season_idx,0.00336
MED00060,3,recent_season_idx,0.0042
MED00061,3,recent_season_idx,-0.00282
MED00062,3,recent_season_idx,0.00634
MED00063,3,recent_season_idx,-0.00164
MED00064,3,recent_season_idx,0.00718
MED00065,3,recent_season_idx,0.00123
MED00066,3,recent_season_idx,-0.00261
MED00067,3,recent_season_idx,0.00088
MED00068,3,recent_season_idx,0.00452
MED00069,3,recent_season_idx,0.00666
MED00070,3,recent_season_idx,0.00777
MED00071,3,recent_season_idx,0.00595
MED00072,3,recent_season_idx,0.00906
MED00073,3,recent_season_idx,0.00686
MED00074,3,recent_season_idx,0.00446
MED00075,3,recent_season_idx,0.00823
MED00076,3,recent_season_idx,-0.00121
MED00077,3,recent_season_idx,0.00251
MED00078,3,recent_season_idx,0.00664
MED00079,3,recent_season_idx,0.00588
MED00080,3,recent_season_idx,0.00745
MED00081,3,recent_season_idx,-0.00622
MED00082,3,recent_season_idx,0.00305
MED00083,3,recent_season_idx,0.00278
MED00084,3,recent_season_idx,-0.00988
MED00086,3,recent_season_idx,0.01244
MED00087,3,recent_season_idx,0.00249
MED00088,3,recent_season_idx,-0.00589
MED00089,3,recent_season_idx,-0.00622
MED00090,3,recent_season_idx,0.00269
MED00091,3,recent_season_idx,0.00921
MED00092,3,recent_season_idx,0.00568
MED00093,3,recent_season_idx,-0.00847
MED00094,3,recent_season_idx,-0.00662
MED00095,3,recent_season_idx,0.00387
MED00096,3,recent_season_idx,0.00677
MED00097,3,recent_season_idx,-0.00288
MED00098,3,recent_season_idx,0.00575
MED00099,3,recent_season_idx,-0.00426
MED00100,3,recent_season_idx,-0.0014
MED00101,3,recent_season_idx,0.01266
MED00102,3,recent_season_idx,-0.00059
MED00103,3,recent_season_idx,0.0025
MED00104,3,recent_season_idx,0.00515
MED00105,3,recent_season_idx,-0.00487
MED00106,3,recent_season_idx,-0.00165
MED00107,3,recent_season_idx,0.0046
MED00108,3,recent_season_idx,0.0041
MED00109,3,recent_season_idx,-0.00106
MED00110,3,recent_season_idx,-0.00168
MED00111,3,recent_season_idx,-0.00209
MED00112,3,recent_season_idx,0.00192
MED00113,3,recent_season_idx,0.00383
MED00114,3,recent_season_idx,-0.00175
MED00115,3,recent_season_idx,0.0042
MED00116,3,recent_season_idx,-0.00794
MED00117,3,recent_season_idx,0.0031
MED00118,3,recent_season_idx,0.00057
MED00119,3,recent_season_idx,0.00477
MED00120,3,recent_season_idx,-0.0064
MED00121,3,recent_season_idx,-0.00222
MED00122,3,recent_season_idx,0.00829
MED00123,3,recent_season_idx,-0.00187
MED00124,3,recent_season_idx,0.00594
MED00125,3,recent_season_idx,-0.00193
MED00126,3,recent_season_idx,-0.00222
MED00127,3,recent_season_idx,0.0047
MED00128,3,recent_season_idx,0.00403
MED00129,3,recent_season_idx,-0.0008
MED00130,3,recent_season_idx,-0.00224
MED00131,3,recent_season_idx,0.00761
MED00132,3,recent_season_idx,-0.00676
MED00133,3,recent_season_idx,-0.00446
MED00134,3,recent_season_idx,-0.00344
MED00135,3,recent_season_idx,-0.0065
MED00136,3,recent_season_idx,0.00409
MED00137,3,recent_season_idx,-0.00542
MED00138,3,recent_season_idx,0.00773
MED00139,3,recent_season_idx,0.00407
MED00140,3,recent_season_idx,0.00364
MED00141,3,recent_season_idx,0.00474
MED00142,3,recent_season_idx,-0.00121
MED00143,3,recent_season_idx,0.0046
MED00144,3,recent_season_idx,0.00253
MED00145,3,recent_season_idx,-0.00196
MED00146,3,recent_season_idx,0.0037
MED00147,3,recent_season_idx,0.00667
MED00148,3,recent_season_idx,0.00672
MED00149,3,recent_season_idx,0.00548
MED00150,3,recent_season_idx,0.00214
MED00151,3,recent_season_idx,0.00458
MED00152,3,recent_season_idx,0.005
MED00153,3,recent_season_idx,0.00378
MED00155,3,recent_season_idx,0.00422
MED00156,3,recent_season_idx,0.01053
MED00157,3,recent_season_idx,0.00118
MED00158,3,recent_season_idx,-0.0046
MED00159,3,recent_season_idx,-0.00415
MED00160,3,recent_season_idx,0.00549
MED00161,3,recent_season_idx,0.01354
MED00162,3,recent_season_idx,0.00411
MED00163,3,recent_season_idx,-0.00654
MED00164,3,recent_season_idx,0.00613
MED00165,3,recent_season_idx,0.0029
MED00166,3,recent_season_idx,0.00417
MED00167,3,recent_season_idx,0.00445
MED00168,3,recent_season_idx,0.00475
MED00169,3,recent_season_idx,0.00405
MED00170,3,recent_season_idx,0.00184
MED00171,3,recent_season_idx,0.00493
MED00172,3,recent_season_idx,0.00738
MED00173,3,recent_season_idx,0.00327
MED00174,3,recent_season_idx,-0.00184
MED00175,3,recent_season_idx,-0.00457
MED00176,3,recent_season_idx,-0.00318
MED00177,3,recent_season_idx,-0.00255
MED00178,3,recent_season_idx,0.00632
MED00179,3,recent_season_idx,-0.00211
MED00180,3,recent_season_idx,0.00022
MED00181,3,recent_season_idx,0.00209
MED00182,3,recent_season_idx,-0.00328
MED00183,3,recent_season_idx,-0.00822
MED00184,3,recent_season_idx,-0.00152
MED00185,3,recent_season_idx,0.00233
MED00186,3,recent_season_idx,0.00447
MED00187,3,recent_season_idx,0.00403
MED00188,3,recent_season_idx,0.00053
MED00189,3,recent_season_idx,-0.00191
MED00190,3,recent_season_idx,0.00377
MED00191,3,recent_season_idx,0.00127
MED00192,3,recent_season_idx,-0.00263
MED00193,3,recent_season_idx,-0.00215
MED00194,3,recent_season_idx,0.0043
MED00195,3,recent_season_idx,0.00213
MED00196,3,recent_season_idx,0.00522
MED00197,3,recent_season_idx,0.00495
MED00198,3,recent_season_idx,0.0059
MED00199,3,recent_season_idx,0.00642
MED00200,3,recent_season_idx,0.00504
MED00201,3,recent_season_idx,0.00282
MED00202,3,recent_season_idx,0.0007
MED00203,3,recent_season_idx,0.00526
MED00204,3,recent_season_idx,0.00426
MED00205,3,recent_season_idx,-0.00435
MED00206,3,recent_season_idx,0.006
MED00207,3,recent_season_idx,0.00208
MED00208,3,recent_season_idx,-0.00408
MED00209,3,recent_season_idx,0.00044
MED00210,3,recent_season_idx,-0.00394
MED00211,3,recent_season_idx,0.00299
MED00212,3,recent_season_idx,0.0021
MED00213,3,recent_season_idx,0.00038
MED00214,3,recent_season_idx,0.01618
MED00215,3,recent_season_idx,0.00126
MED00216,3,recent_season_idx,-0.00207
MED00217,3,recent_season_idx,-0.00195
MED00218,3,recent_season_idx,0.01499
MED00219,3,recent_season_idx,-0.00906
MED00220,3,recent_season_idx,0.00298
MED00221,3,recent_season_idx,0.0038
MED00222,3,recent_season_idx,-0.00271
MED00223,3,recent_season_idx,-0.00586
MED00224,3,recent_season_idx,0.00466
MED00225,3,recent_season_idx,0.00953
MED00226,3,recent_season_idx,0.00626
MED00227,3,recent_season_idx,0.00338
MED00228,3,recent_season_idx,0.01433
MED00229,3,recent_season_idx,-0.00046
MED00230,3,recent_season_idx,0.00142
MED00231,3,recent_season_idx,0.00731
MED00232,3,recent_season_idx,-0.00091
MED00233,3,recent_season_idx,-0.00528
MED00234,3,recent_season_idx,0.00423
MED00235,3,recent_season_idx,0.00288
MED00236,3,recent_season_idx,-0.00011
MED00237,3,recent_season_idx,0.003
MED00238,3,recent_season_idx,0.00317
MED00239,3,recent_season_idx,0.00363
MED00240,3,recent_season_idx,0.00689
MED00241,3,recent_season_idx,0.00145
MED00242,3,recent_season_idx,0.00188
MED00243,3,recent_season_idx,-0.00199
MED00244,3,recent_season_idx,0.00333
MED00245,3,recent_season_idx,0.00841
MED00246,3,recent_season_idx,0.00404
MED00247,3,recent_season_idx,0.00588
MED00248,3,recent_season_idx,0.00549
MED00249,3,recent_season_idx,-0.0006
MED00250,3,recent_season_idx,0.00445
MED00251,3,recent_season_idx,0.00301
MED00252,3,recent_season_idx,0.01936
MED00253,3,recent_season_idx,0.0027
MED00254,3,recent_season_idx,0.00815
MED00255,3,recent_season_idx,0.00241
MED00256,3,recent_season_idx,0.00545
MED00257,3,recent_season_idx,0.00601
MED00258,3,recent_season_idx,0.00366
MED00259,3,recent_season_idx,0.00385
MED00260,3,recent_season_idx,-0.00338
MED00261,3,recent_season_idx,-0.00137
MED00262,3,recent_season_idx,0.00423
MED00263,3,recent_season_idx,0.00171
MED00264,3,recent_season_idx,-0.0018
MED00265,3,recent_season_idx,0.00715
MED00266,3,recent_season_idx,-0.00521
MED00267,3,recent_season_idx,0.00554
MED00268,3,recent_season_idx,0.00321
MED00269,3,recent_season_idx,0.00559
MED00270,3,recent_season_idx,0.00156
MED00271,3,recent_season_idx,0.01095
MED00272,3,recent_season_idx,0.00348
MED00273,3,recent_season_idx,0.0025
MED00274,3,recent_season_idx,-0.00581
MED00275,3,recent_season_idx,0.00752
MED00276,3,recent_season_idx,0.00574
MED00277,3,recent_season_idx,-0.00193
MED00278,3,recent_season_idx,0.0164
MED00279,3,recent_season_idx,-0.00135
MED00280,3,recent_season_idx,-0.00142
MED00281,3,recent_season_idx,0.00657
MED00282,3,recent_season_idx,0.00397
MED00283,3,recent_season_idx,0.00487
MED00284,3,recent_season_idx,0.00797
MED00285,3,recent_season_idx,0.00533
MED00286,3,recent_season_idx,0.0017
MED00287,3,recent_season_idx,0.00502
MED00288,3,recent_season_idx,0.00435
MED00289,3,recent_season_idx,0.00123
MED00290,3,recent_season_idx,0.00562
MED00292,3,recent_season_idx,0.00786
MED00293,3,recent_season_idx,0.00761
MED00294,3,recent_season_idx,0.00368
MED00295,3,recent_season_idx,-0.00421
MED00296,3,recent_season_idx,0.00509
MED00297,3,recent_season_idx,0.00509
MED00298,3,recent_season_idx,0.00154
MED00299,3,recent_season_idx,-0.00084
MED00300,3,recent_season_idx,-0.00054
MED00301,3,recent_season_idx,0.00651
MED00302,3,recent_season_idx,-0.00352
MED00303,3,recent_season_idx,0.00628
MED00304,3,recent_season_idx,0.00577
MED00305,3,recent_season_idx,0.00476
MED00306,3,recent_season_idx,-0.00142
MED00307,3,recent_season_idx,0.00166
MED00308,3,recent_season_idx,-0.00248
MED00309,3,recent_season_idx,0.0014
MED00310,3,recent_season_idx,0.00334
MED00311,3,recent_season_idx,0.00238
MED00312,3,recent_season_idx,-0.00486
MED00313,3,recent_season_idx,-0.00102
MED00314,3,recent_season_idx,-0.00353
MED00315,3,recent_season_idx,0.00499
MED00316,3,recent_season_idx,0.00381
MED00317,3,recent_season_idx,0.00256
MED00318,3,recent_season_idx,0.01048
MED00319,3,recent_season_idx,0.00507
MED00321,3,recent_season_idx,-0.00116
MED00322,3,recent_season_idx,-0.00218
MED00323,3,recent_season_idx,-0.001
MED00324,3,recent_season_idx,0.00737
MED00325,3,recent_season_idx,0.01405
MED00326,3,recent_season_idx,0.00532
MED00327,3,recent_season_idx,0.00336
MED00328,3,recent_season_idx,0.0054
MED00329,3,recent_season_idx,0.00505
MED00330,3,recent_season_idx,0.0055
MED00331,3,recent_season_idx,0.00334
MED00332,3,recent_season_idx,0.00281
MED00333,3,recent_season_idx,0.00813
MED00334,3,recent_season_idx,-0.00077
MED00335,3,recent_season_idx,0.00334
MED00336,3,recent_season_idx,0.01356
MED00337,3,recent_season_idx,0.00156
MED00338,3,recent_season_idx,-0.00583
MED00339,3,recent_season_idx,0.00363
MED00340,3,recent_season_idx,0.0023
MED00341,3,recent_season_idx,-0.00364
MED00342,3,recent_season_idx,0.00404
MED00343,3,recent_season_idx,0.00516
MED00344,3,recent_season_idx,0.00343
MED00345,3,recent_season_idx,-0.00227
MED00346,3,recent_season_idx,0.00359
MED00347,3,recent_season_idx,-0.00138
MED00348,3,recent_season_idx,0.00777
MED00349,3,recent_season_idx,0.00401
MED00350,3,recent_season_idx,-0.00452
MED00351,3,recent_season_idx,-0.00151
MED00352,3,recent_season_idx,-0.00147
MED00353,3,recent_season_idx,-0.00128
MED00354,3,recent_season_idx,-0.00068
MED00355,3,recent_season_idx,0.0074
MED00356,3,recent_season_idx,0.00251
MED00357,3,recent_season_idx,-0.00224
MED00358,3,recent_season_idx,0.0036
MED00359,3,recent_season_idx,0.00346
MED00360,3,recent_season_idx,0.01976
MED00361,3,recent_season_idx,0.0031
MED00362,3,recent_season_idx,0.0056
MED00363,3,recent_season_idx,0.00265
MED00364,3,recent_season_idx,-0.00136
MED00365,3,recent_season_idx,0.00352
MED00366,3,recent_season_idx,0.00515
MED00367,3,recent_season_idx,0.0031
MED00368,3,recent_season_idx,-0.00076
MED00369,3,recent_season_idx,0.00839
MED00370,3,recent_season_idx,-0.00231
MED00371,3,recent_season_idx,-0.0068
MED00372,3,recent_season_idx,-0.00186
MED00373,3,recent_season_idx,-0.00319
MED00374,3,recent_season_idx,0.00652
MED00375,3,recent_season_idx,-0.0083
MED00376,3,recent_season_idx,0.00251
MED00377,3,recent_season_idx,-0.00053
MED00378,3,recent_season_idx,0.0036
MED00379,3,recent_season_idx,-0.00126
MED00380,3,recent_season_idx,-0.00145
MED00381,3,recent_season_idx,-0.00152
MED00382,3,recent_season_idx,0.01195
MED00383,3,recent_season_idx,-0.00327
MED00384,3,recent_season_idx,0.00477
MED00385,3,recent_season_idx,0.00388
MED00386,3,recent_season_idx,0.00118
MED00387,3,recent_season_idx,0.00243
MED00388,3,recent_season_idx,-0.06028
MED00389,3,recent_season_idx,0.00459
MED00390,3,recent_season_idx,0.00666
MED00391,3,recent_season_idx,0.00799
MED00392,3,recent_season_idx,0.00843
MED00393,3,recent_season_idx,0.0023
MED00394,3,recent_season_idx,0.00733
MED00395,3,recent_season_idx,0.00338
MED00396,3,recent_season_idx,-0.00263
MED00397,3,recent_season_idx,0.00272
MED00398,3,recent_season_idx,0.00969
MED00399,3,recent_season_idx,0.00496
MED00400,3,recent_season_idx,-0.00542
MED00401,3,recent_season_idx,0.01132
MED00402,3,recent_season_idx,0.01041
MED00403,3,recent_season_idx,-0.00492
MED00404,3,recent_season_idx,-0.00022
MED00406,3,recent_season_idx,0.00325
MED00407,3,recent_season_idx,0.00448
MED00408,3,recent_season_idx,0.00274
MED00409,3,recent_season_idx,0.00023
MED00410,3,recent_season_idx,0.00205
MED00411,3,recent_season_idx,0.00771
MED00412,3,recent_season_idx,0.00407
MED00413,3,recent_season_idx,0.00404
MED00414,3,recent_season_idx,0.00901
MED00415,3,recent_season_idx,0.00584
MED00416,3,recent_season_idx,0.00696
MED00417,3,recent_season_idx,0.00125
MED00418,3,recent_season_idx,0.00691
MED00419,3,recent_season_idx,0.00513
MED00420,3,recent_season_idx,0.00279
MED00421,3,recent_season_idx,0.00248
MED00422,3,recent_season_idx,0.00601
MED00423,3,recent_season_idx,0.00178
MED00424,3,recent_season_idx,0.00593
MED00001,4,recent_season_idx,0.00721
MED00002,4,recent_season_idx,-0.00308
MED00003,4,recent_season_idx,-0.00698
MED00004,4,recent_season_idx,-0.0045
MED00005,4,recent_season_idx,-0.00295
MED00006,4,recent_season_idx,0.0085
MED00007,4,recent_season_idx,0.00242
MED00008,4,recent_season_idx,-0.00441
MED00009,4,recent_season_idx,0.00327
MED00010,4,recent_season_idx,-0.0043
MED00011,4,recent_season_idx,-0.00136
MED00012,4,recent_season_idx,0.00668
MED00013,4,recent_season_idx,0.00094
MED00014,4,recent_season_idx,0.00652
MED00015,4,recent_season_idx,-0.00611
MED00016,4,recent_season_idx,0.00358
MED00017,4,recent_season_idx,0.00372
MED00018,4,recent_season_idx,0.00462
MED00019,4,recent_season_idx,0.00806
MED00020,4,recent_season_idx,-0.00459
MED00021,4,recent_season_idx,0.00582
MED00022,4,recent_season_idx,-0.00031
MED00023,4,recent_season_idx,0.01038
MED00024,4,recent_season_idx,0.00284
MED00025,4,recent_season_idx,-0.00637
MED00026,4,recent_season_idx,-0.00455
MED00027,4,recent_season_idx,-0.00624
MED00028,4,recent_season_idx,-0.00348
MED00029,4,recent_season_idx,0.00386
MED00030,4,recent_season_idx,0.0021
MED00031,4,recent_season_idx,0.01215
MED00032,4,recent_season_idx,0.00975
MED00033,4,recent_season_idx,-0.00464
MED00034,4,recent_season_idx,-0.00506
MED00035,4,recent_season_idx,-0.00687
MED00036,4,recent_season_idx,-0.00179
MED00037,4,recent_season_idx,0.00345
MED00038,4,recent_season_idx,0.00848
MED00039,4,recent_season_idx,-0.00217
MED00040,4,recent_season_idx,-0.00131
MED00041,4,recent_season_idx,-0.00736
MED00042,4,recent_season_idx,-0.00083
MED00043,4,recent_season_idx,-0.00721
MED00044,4,recent_season_idx,0.00678
MED00045,4,recent_season_idx,0.00777
MED00046,4,recent_season_idx,0.00699
MED00047,4,recent_season_idx,0.00554
MED00048,4,recent_season_idx,0.01098
MED00049,4,recent_season_idx,-0.00384
MED00050,4,recent_season_idx,-0.00138
MED00051,4,recent_season_idx,-0.00288
MED00052,4,recent_season_idx,-0.00374
MED00053,4,recent_season_idx,0.00688
MED00054,4,recent_season_idx,0.0032
MED00055,4,recent_season_idx,-0.00473
MED00056,4,recent_season_idx,-0.00409
MED00057,4,recent_season_idx,-0.00432
MED00058,4,recent_season_idx,0.00851
MED00059,4,recent_season_idx,0.01017
MED00060,4,recent_season_idx,0.00422
MED00061,4,recent_season_idx,-0.00274
MED00062,4,recent_season_idx,0.0065
MED00063,4,recent_season_idx,-0.00323
MED00064,4,recent_season_idx,0.00716
MED00065,4,recent_season_idx,0.00124
MED00066,4,recent_season_idx,-0.00253
MED00067,4,recent_season_idx,0.00093
MED00068,4,recent_season_idx,0.00399
MED00069,4,recent_season_idx,0.00699
MED00070,4,recent_season_idx,0.00791
MED00071,4,recent_season_idx,0.0061
MED00072,4,recent_season_idx,0.00908
MED00073,4,recent_season_idx,0.00694
MED00074,4,recent_season_idx,0.00392
MED00075,4,recent_season_idx,0.00807
MED00076,4,recent_season_idx,-0.00122
MED00077,4,recent_season_idx,0.00289
MED00078,4,recent_season_idx,0.00534
MED00079,4,recent_season_idx,0.00584
MED00080,4,recent_season_idx,0.00799
MED00081,4,recent_season_idx,-0.00783
MED00082,4,recent_season_idx,0.00309
MED00083,4,recent_season_idx,0.00282
MED00084,4,recent_season_idx,-0.00993
MED00086,4,recent_season_idx,0.01076
MED00087,4,recent_season_idx,0.00263
MED00088,4,recent_season_idx,-0.00592
MED00089,4,recent_season_idx,-0.00603
MED00090,4,recent_season_idx,0.0026
MED00091,4,recent_season_idx,0.00831
MED00092,4,recent_season_idx,0.01318
MED00093,4,recent_season_idx,-0.01034
MED00094,4,recent_season_idx,-0.00689
MED00095,4,recent_season_idx,0.00394
MED00096,4,recent_season_idx,0.00675
MED00097,4,recent_season_idx,-0.00456
MED00098,4,recent_season_idx,0.00583
MED00099,4,recent_season_idx,-0.00589
MED00100,4,recent_season_idx,-0.003
MED00101,4,recent_season_idx,0.01265
MED00102,4,recent_season_idx,-0.00059
MED00103,4,recent_season_idx,0.00265
MED00104,4,recent_season_idx,0.00522
MED00105,4,recent_season_idx,-0.00484
MED00106,4,recent_season_idx,-0.00324
MED00107,4,recent_season_idx,0.00467
MED00108,4,recent_season_idx,0.00417
MED00109,4,recent_season_idx,-0.00267
MED00110,4,recent_season_idx,-0.00329
MED00111,4,recent_season_idx,-0.00208
MED00112,4,recent_season_idx,0.00206
MED00113,4,recent_season_idx,0.00377
MED00114,4,recent_season_idx,-0.0017
MED00115,4,recent_season_idx,0.00426
MED00116,4,recent_season_idx,-0.00793
MED00117,4,recent_season_idx,0.00311
MED00118,4,recent_season_idx,0.0007
MED00119,4,recent_season_idx,0.00483
MED00120,4,recent_season_idx,-0.00635
MED00121,4,recent_season_idx,-0.00221
MED00122,4,recent_season_idx,0.00835
MED00123,4,recent_season_idx,-0.00202
MED00124,4,recent_season_idx,0.00602
MED00125,4,recent_season_idx,-0.00354
MED00126,4,recent_season_idx,-0.00383
MED00127,4,recent_season_idx,0.00481
MED00128,4,recent_season_idx,0.00419
MED00129,4,recent_season_idx,0.0068
MED00130,4,recent_season_idx,-0.00383
MED00131,4,recent_season_idx,0.00683
MED00132,4,recent_season_idx,-0.00695
MED00133,4,recent_season_idx,-0.00446
MED00134,4,recent_season_idx,-0.00505
MED00135,4,recent_season_idx,-0.00646
MED00136,4,recent_season_idx,0.00417
MED00137,4,recent_season_idx,-0.00597
MED00138,4,recent_season_idx,0.00811
MED00139,4,recent_season_idx,0.00412
MED00140,4,recent_season_idx,0.00379
MED00141,4,recent_season_idx,0.00469
MED00142,4,recent_season_idx,-0.00287
MED00143,4,recent_season_idx,0.00474
MED00144,4,recent_season_idx,0.0026
MED00145,4,recent_season_idx,-0.00197
MED00146,4,recent_season_idx,0.00377
MED00147,4,recent_season_idx,0.00799
MED00148,4,recent_season_idx,0.00682
MED00149,4,recent_season_idx,0.00554
MED00150,4,recent_season_idx,0.00363
MED00151,4,recent_season_idx,0.00464
MED00152,4,recent_season_idx,0.00505
MED00153,4,recent_season_idx,0.00382
MED00154,4,recent_season_idx,0.00012
MED00155,4,recent_season_idx,0.00429
MED00156,4,recent_season_idx,0.01046
MED00157,4,recent_season_idx,0.00124
MED00158,4,recent_season_idx,-0.00623
MED00159,4,recent_season_idx,-0.00436
MED00160,4,recent_season_idx,0.00555
MED00161,4,recent_season_idx,0.00626
MED00162,4,recent_season_idx,0.00417
MED00163,4,recent_season_idx,-0.0081
MED00164,4,recent_season_idx,0.00506
MED00165,4,recent_season_idx,0.00337
MED00166,4,recent_season_idx,0.00431
MED00167,4,recent_season_idx,0.0045
MED00168,4,recent_season_idx,0.00482
MED00169,4,recent_season_idx,0.00497
MED00170,4,recent_season_idx,0.00189
MED00171,4,recent_season_idx,0.00509
MED00172,4,recent_season_idx,0.00739
MED00173,4,recent_season_idx,0.00374
MED00174,4,recent_season_idx,-0.00177
MED00175,4,recent_season_idx,-0.00466
MED00176,4,recent_season_idx,-0.00316
MED00177,4,recent_season_idx,-0.00418
MED00178,4,recent_season_idx,0.00633
MED00179,4,recent_season_idx,-0.00227
MED00180,4,recent_season_idx,0.00774
MED00181,4,recent_season_idx,0.00214
MED00182,4,recent_season_idx,-0.00492
MED00183,4,recent_season_idx,-0.00824
MED00184,4,recent_season_idx,-0.00153
MED00185,4,recent_season_idx,0.00241
MED00186,4,recent_season_idx,0.00453
MED00187,4,recent_season_idx,0.00407
MED00188,4,recent_season_idx,0.00058
MED00189,4,recent_season_idx,-0.00352
MED00190,4,recent_season_idx,0.00391
MED00191,4,recent_season_idx,0.00132
MED00192,4,recent_season_idx,-0.00264
MED00193,4,recent_season_idx,-0.00375
MED00194,4,recent_season_idx,0.00435
MED00195,4,recent_season_idx,0.00215
MED00196,4,recent_season_idx,0.00525
MED00197,4,recent_season_idx,0.005
MED00198,4,recent_season_idx,0.00597
MED00199,4,recent_season_idx,0.00621
MED00200,4,recent_season_idx,0.00509
MED00201,4,recent_season_idx,0.00227
MED00202,4,recent_season_idx,0.00822
MED00203,4,recent_season_idx,0.00499
MED00204,4,recent_season_idx,0.00432
MED00205,4,recent_season_idx,-0.00432
MED00206,4,recent_season_idx,0.00592
MED00207,4,recent_season_idx,0.00222
MED00208,4,recent_season_idx,-0.00405
MED00209,4,recent_season_idx,0.00045
MED00210,4,recent_season_idx,-0.00403
MED00211,4,recent_season_idx,0.00306
MED00212,4,recent_season_idx,0.00967
MED00213,4,recent_season_idx,-0.00123
MED00214,4,recent_season_idx,0.01618
MED00215,4,recent_season_idx,0.00132
MED00216,4,recent_season_idx,-0.00366
MED00217,4,recent_season_idx,-0.00356
MED00218,4,recent_season_idx,0.01499
MED00219,4,recent_season_idx,-0.00919
MED00220,4,recent_season_idx,0.00305
MED00221,4,recent_season_idx,0.00297
MED00222,4,recent_season_idx,-0.00436
MED00223,4,recent_season_idx,-0.00487
MED00224,4,recent_season_idx,0.00472
MED00225,4,recent_season_idx,0.0096
MED00226,4,recent_season_idx,0.00773
MED00227,4,recent_season_idx,0.00334
MED00228,4,recent_season_idx,0.01486
MED00229,4,recent_season_idx,-0.00207
MED00230,4,recent_season_idx,0.00147
MED00231,4,recent_season_idx,0.00746
MED00232,4,recent_season_idx,-0.00092
MED00233,4,recent_season_idx,-0.00527
MED00234,4,recent_season_idx,0.00431
MED00235,4,recent_season_idx,0.0029
MED00237,4,recent_season_idx,0.00243
MED00238,4,recent_season_idx,0.00332
MED00239,4,recent_season_idx,0.00433
MED00240,4,recent_season_idx,0.0069
MED00241,4,recent_season_idx,0.00152
MED00242,4,recent_season_idx,0.00198
MED00243,4,recent_season_idx,-0.00359
MED00244,4,recent_season_idx,0.00347
MED00245,4,recent_season_idx,0.00843
MED00246,4,recent_season_idx,0.00495
MED00247,4,recent_season_idx,0.00598
MED00248,4,recent_season_idx,0.00539
MED00249,4,recent_season_idx,-0.00059
MED00250,4,recent_season_idx,0.00434
MED00251,4,recent_season_idx,0.00315
MED00252,4,recent_season_idx,0.0193
MED00253,4,recent_season_idx,0.00277
MED00254,4,recent_season_idx,0.0081
MED00255,4,recent_season_idx,0.00239
MED00256,4,recent_season_idx,0.00559
MED00257,4,recent_season_idx,0.00593
MED00258,4,recent_season_idx,0.00381
MED00259,4,recent_season_idx,0.0039
MED00260,4,recent_season_idx,-0.00329
MED00261,4,recent_season_idx,-0.00152
MED00262,4,recent_season_idx,0.00426
MED00263,4,recent_season_idx,0.00177
MED00264,4,recent_season_idx,-0.00341
MED00265,4,recent_season_idx,0.0072
MED00266,4,recent_season_idx,-0.00521
MED00267,4,recent_season_idx,0.00561
MED00268,4,recent_season_idx,0.00327
MED00269,4,recent_season_idx,0.00565
MED00270,4,recent_season_idx,0.00162
MED00271,4,recent_season_idx,0.01043
MED00272,4,recent_season_idx,0.00354
MED00273,4,recent_season_idx,0.00149
MED00274,4,recent_season_idx,-0.00632
MED00275,4,recent_season_idx,0.00745
MED00276,4,recent_season_idx,0.00589
MED00277,4,recent_season_idx,-0.00354
MED00278,4,recent_season_idx,0.01639
MED00279,4,recent_season_idx,-0.00134
MED00280,4,recent_season_idx,-0.00303
MED00281,4,recent_season_idx,0.00662
MED00282,4,recent_season_idx,0.00297
MED00283,4,recent_season_idx,0.00498
MED00284,4,recent_season_idx,0.01432
MED00285,4,recent_season_idx,0.00541
MED00286,4,recent_season_idx,0.00888
MED00287,4,recent_season_idx,0.00509
MED00288,4,recent_season_idx,0.0043
MED00289,4,recent_season_idx,0.00242
MED00290,4,recent_season_idx,0.00568
MED00292,4,recent_season_idx,0.00815
MED00293,4,recent_season_idx,0.0097
MED00294,4,recent_season_idx,0.01144
MED00295,4,recent_season_idx,-0.00585
MED00296,4,recent_season_idx,0.00504
MED00297,4,recent_season_idx,0.00516
MED00298,4,recent_season_idx,0.0016
MED00299,4,recent_season_idx,-0.00241
MED00300,4,recent_season_idx,0.00698
MED00301,4,recent_season_idx,0.00658
MED00302,4,recent_season_idx,-0.0035
MED00303,4,recent_season_idx,0.0062
MED00304,4,recent_season_idx,0.00584
MED00305,4,recent_season_idx,0.00482
MED00306,4,recent_season_idx,-0.00311
MED00307,4,recent_season_idx,0.00166
MED00308,4,recent_season_idx,-0.00262
MED00309,4,recent_season_idx,0.00288
MED00310,4,recent_season_idx,0.00227
MED00311,4,recent_season_idx,0.00241
MED00312,4,recent_season_idx,-0.00413
MED00313,4,recent_season_idx,-0.00262
MED00314,4,recent_season_idx,-0.00351
MED00315,4,recent_season_idx,0.00504
MED00316,4,recent_season_idx,0.00386
MED00317,4,recent_season_idx,0.00262
MED00318,4,recent_season_idx,0.01098
MED00319,4,recent_season_idx,0.00517
MED00320,4,recent_season_idx,0.00071
MED00321,4,recent_season_idx,-0.00276
MED00322,4,recent_season_idx,-0.00377
MED00323,4,recent_season_idx,-0.001
MED00324,4,recent_season_idx,0.00714
MED00325,4,recent_season_idx,0.01404
MED00326,4,recent_season_idx,0.00539
MED00327,4,recent_season_idx,0.00342
MED00328,4,recent_season_idx,0.00542
MED00329,4,recent_season_idx,0.00514
MED00330,4,recent_season_idx,0.00549
MED00331,4,recent_season_idx,0.00339
MED00332,4,recent_season_idx,0.00287
MED00333,4,recent_season_idx,0.00805
MED00334,4,recent_season_idx,-0.00072
MED00335,4,recent_season_idx,0.00336
MED00336,4,recent_season_idx,0.01358
MED00337,4,recent_season_idx,0.00147
MED00338,4,recent_season_idx,-0.00603
MED00339,4,recent_season_idx,0.01018
MED00340,4,recent_season_idx,0.0007
MED00341,4,recent_season_idx,-0.00362
MED00342,4,recent_season_idx,0.0041
MED00343,4,recent_season_idx,0.00511
MED00344,4,recent_season_idx,0.00344
MED00345,4,recent_season_idx,-0.00386
MED00346,4,recent_season_idx,0.00375
MED00347,4,recent_season_idx,-0.00299
MED00348,4,recent_season_idx,0.00784
MED00349,4,recent_season_idx,0.00416
MED00350,4,recent_season_idx,-0.00612
MED00351,4,recent_season_idx,-0.00312
MED00352,4,recent_season_idx,-0.00309
MED00353,4,recent_season_idx,-0.00289
MED00354,4,recent_season_idx,-0.00215
MED00355,4,recent_season_idx,0.00728
MED00356,4,recent_season_idx,0.00256
MED00357,4,recent_season_idx,-0.00224
MED00358,4,recent_season_idx,0.00357
MED00359,4,recent_season_idx,0.00351
MED00360,4,recent_season_idx,0.02018
MED00361,4,recent_season_idx,0.00316
MED00362,4,recent_season_idx,0.00564
MED00363,4,recent_season_idx,0.0027
MED00364,4,recent_season_idx,-0.00298
MED00365,4,recent_season_idx,0.00366
MED00366,4,recent_season_idx,0.00521
MED00367,4,recent_season_idx,0.00317
MED00368,4,recent_season_idx,-0.00071
MED00369,4,recent_season_idx,0.0084
MED00370,4,recent_season_idx,-0.00246
MED00371,4,recent_season_idx,-0.00675
MED00372,4,recent_season_idx,-0.00347
MED00373,4,recent_season_idx,-0.00312
MED00374,4,recent_season_idx,0.00587
MED00375,4,recent_season_idx,-0.00822
MED00376,4,recent_season_idx,0.00256
MED00377,4,recent_season_idx,0.00026
MED00378,4,recent_season_idx,0.00375
MED00379,4,recent_season_idx,-0.00286
MED00380,4,recent_season_idx,-0.00306
MED00381,4,recent_season_idx,-0.00314
MED00382,4,recent_season_idx,0.01223
MED00383,4,recent_season_idx,-0.00326
MED00384,4,recent_season_idx,0.00484
MED00385,4,recent_season_idx,0.00394
MED00386,4,recent_season_idx,0.00128
MED00387,4,recent_season_idx,0.00245
MED00388,4,recent_season_idx,-0.0607
MED00389,4,recent_season_idx,0.00467
MED00390,4,recent_season_idx,0.00612
MED00391,4,recent_season_idx,0.00797
MED00392,4,recent_season_idx,0.00841
MED00393,4,recent_season_idx,0.00274
MED00394,4,recent_season_idx,0.00736
MED00395,4,recent_season_idx,0.00345
MED00396,4,recent_season_idx,-0.0026
MED00397,4,recent_season_idx,0.00261
MED00398,4,recent_season_idx,0.00972
MED00399,4,recent_season_idx,0.00497
MED00400,4,recent_season_idx,-0.00546
MED00401,4,recent_season_idx,0.01035
MED00402,4,recent_season_idx,0.01039
MED00403,4,recent_season_idx,-0.00488
MED00404,4,recent_season_idx,-0.0002
MED00406,4,recent_season_idx,0.0032
MED00407,4,recent_season_idx,0.00445
MED00408,4,recent_season_idx,0.00935
MED00409,4,recent_season_idx,-0.00016
MED00410,4,recent_season_idx,0.00186
MED00411,4,recent_season_idx,0.00771
MED00412,4,recent_season_idx,0.00378
MED00413,4,recent_season_idx,0.00392
MED00414,4,recent_season_idx,0.00901
MED00415,4,recent_season_idx,0.00553
MED00416,4,recent_season_idx,0.00697
MED00417,4,recent_season_idx,0.00127
MED00418,4,recent_season_idx,0.0069
MED00419,4,recent_season_idx,0.00513
MED00420,4,recent_season_idx,0.00273
MED00421,4,recent_season_idx,0.00362
MED00422,4,recent_season_idx,0.00547
MED00423,4,recent_season_idx,0.00188
MED00424,4,recent_season_idx,0.00595
MED00001,5,recent_season_idx,0.00654
MED00002,5,recent_season_idx,-0.00245
MED00003,5,recent_season_idx,-0.00676
MED00004,5,recent_season_idx,-0.00461
MED00005,5,recent_season_idx,-0.00308
MED00006,5,recent_season_idx,0.00718
MED00007,5,recent_season_idx,0.00036
MED00008,5,recent_season_idx,-0.00455
MED00009,5,recent_season_idx,0.00398
MED00010,5,recent_season_idx,-0.00546
MED00011,5,recent_season_idx,-0.0013
MED00012,5,recent_season_idx,0.00411
MED00013,5,recent_season_idx,-0.00079
MED00014,5,recent_season_idx,0.0043
MED00015,5,recent_season_idx,-0.00617
MED00016,5,recent_season_idx,0.00236
MED00017,5,recent_season_idx,0.00233
MED00018,5,recent_season_idx,0.00442
MED00019,5,recent_season_idx,0.00782
MED00020,5,recent_season_idx,-0.00432
MED00021,5,recent_season_idx,0.00342
MED00022,5,recent_season_idx,-0.00447
MED00023,5,recent_season_idx,0.00923
MED00024,5,recent_season_idx,0.00165
MED00025,5,recent_season_idx,-0.00576
MED00026,5,recent_season_idx,-0.00085
MED00027,5,recent_season_idx,-0.00567
MED00028,5,recent_season_idx,-0.00334
MED00029,5,recent_season_idx,0.00232
MED00030,5,recent_season_idx,0.00164
MED00031,5,recent_season_idx,0.0043
MED00032,5,recent_season_idx,0.0027
MED00033,5,recent_season_idx,-0.00474
MED00034,5,recent_season_idx,-0.00508
MED00035,5,recent_season_idx,-0.00284
MED00036,5,recent_season_idx,-0.00171
MED00037,5,recent_season_idx,0.00314
MED00038,5,recent_season_idx,0.00878
MED00039,5,recent_season_idx,-0.00212
MED00040,5,recent_season_idx,-0.00132
MED00041,5,recent_season_idx,-0.00274
MED00042,5,recent_season_idx,-0.00096
MED00043,5,recent_season_idx,-0.00699
MED00044,5,recent_season_idx,0.00663
MED00045,5,recent_season_idx,0.00677
MED00046,5,recent_season_idx,0.0057
MED00047,5,recent_season_idx,0.00417
MED00048,5,recent_season_idx,0.01026
MED00049,5,recent_season_idx,-0.00343
MED00050,5,recent_season_idx,-0.0013
MED00051,5,recent_season_idx,-0.00258
MED00052,5,recent_season_idx,-0.00431
MED00053,5,recent_season_idx,0.00472
MED00054,5,recent_season_idx,0.00064
MED00055,5,recent_season_idx,-0.00472
MED00056,5,recent_season_idx,-0.00423
MED00057,5,recent_season_idx,-0.00448
MED00058,5,recent_season_idx,0.00717
MED00059,5,recent_season_idx,0.00429
MED00060,5,recent_season_idx,0.00263
MED00061,5,recent_season_idx,-0.00277
MED00062,5,recent_season_idx,0.00487
MED00063,5,recent_season_idx,-0.00279
MED00064,5,recent_season_idx,0.00224
MED00065,5,recent_season_idx,0.00086
MED00066,5,recent_season_idx,-0.00272
MED00067,5,recent_season_idx,-0.00015
MED00068,5,recent_season_idx,0.00299
MED00069,5,recent_season_idx,0.00584
MED00070,5,recent_season_idx,0.00731
MED00071,5,recent_season_idx,0.00589
MED00072,5,recent_season_idx,0.00868
MED00073,5,recent_season_idx,0.00585
MED00074,5,recent_season_idx,0.00253
MED00075,5,recent_season_idx,-0.00134
MED00076,5,recent_season_idx,-0.00072
MED00077,5,recent_season_idx,0.00112
MED00078,5,recent_season_idx,0.00515
MED00079,5,recent_season_idx,0.00497
MED00080,5,recent_season_idx,0.00711
MED00081,5,recent_season_idx,-0.00761
MED00082,5,recent_season_idx,0.00288
MED00083,5,recent_season_idx,0.00177
MED00084,5,recent_season_idx,-0.0096
MED00085,5,recent_season_idx,-0.0013
MED00086,5,recent_season_idx,0.01075
MED00087,5,recent_season_idx,0.00142
MED00088,5,recent_season_idx,-0.00585
MED00089,5,recent_season_idx,-0.00575
MED00090,5,recent_season_idx,0.00043
MED00091,5,recent_season_idx,0.00852
MED00092,5,recent_season_idx,0.0115
MED00093,5,recent_season_idx,-0.00948
MED00094,5,recent_season_idx,-0.00672
MED00095,5,recent_season_idx,0.00307
MED00096,5,recent_season_idx,0.00609
MED00097,5,recent_season_idx,-0.00442
MED00098,5,recent_season_idx,0.00332
MED00099,5,recent_season_idx,0.00195
MED00100,5,recent_season_idx,-0.00269
MED00101,5,recent_season_idx,0.01163
MED00102,5,recent_season_idx,-0.00056
MED00103,5,recent_season_idx,0.00123
MED00104,5,recent_season_idx,0.00373
MED00105,5,recent_season_idx,-0.00468
MED00106,5,recent_season_idx,-0.0028
MED00107,5,recent_season_idx,0.0028
MED00108,5,recent_season_idx,0.0028
MED00109,5,recent_season_idx,-0.00276
MED00110,5,recent_season_idx,-0.00443
MED00111,5,recent_season_idx,-0.00047
MED00112,5,recent_season_idx,0.00065
MED00113,5,recent_season_idx,0.00258
MED00114,5,recent_season_idx,-0.00196
MED00115,5,recent_season_idx,0.00302
MED00116,5,recent_season_idx,-0.00763
MED00117,5,recent_season_idx,0.00293
MED00118,5,recent_season_idx,-0.00066
MED00119,5,recent_season_idx,0.00348
MED00120,5,recent_season_idx,-0.00639
MED00121,5,recent_season_idx,-0.00215
MED00122,5,recent_season_idx,0.00755
MED00123,5,recent_season_idx,-0.00192
MED00124,5,recent_season_idx,0.00405
MED00125,5,recent_season_idx,-0.00326
MED00126,5,recent_season_idx,-0.00395
MED00127,5,recent_season_idx,0.00456
MED00128,5,recent_season_idx,0.00295
MED00129,5,recent_season_idx,0.00563
MED00130,5,recent_season_idx,-0.00342
MED00131,5,recent_season_idx,0.00653
MED00132,5,recent_season_idx,-0.00162
MED00133,5,recent_season_idx,0.00018
MED00134,5,recent_season_idx,-0.01137
MED00135,5,recent_season_idx,-0.00655
MED00136,5,recent_season_idx,0.00518
MED00137,5,recent_season_idx,-0.0059
MED00138,5,recent_season_idx,0.00677
MED00139,5,recent_season_idx,0.0028
MED00140,5,recent_season_idx,0.00107
MED00141,5,recent_season_idx,0.00402
MED00142,5,recent_season_idx,-0.00269
MED00143,5,recent_season_idx,0.00343
MED00144,5,recent_season_idx,0.00055
MED00145,5,recent_season_idx,-0.00191
MED00146,5,recent_season_idx,0.0035
MED00147,5,recent_season_idx,0.00543
MED00148,5,recent_season_idx,0.00367
MED00149,5,recent_season_idx,0.00366
MED00150,5,recent_season_idx,0.00055
MED00151,5,recent_season_idx,0.00342
MED00152,5,recent_season_idx,0.00382
MED00153,5,recent_season_idx,0.00171
MED00154,5,recent_season_idx,0.00011
MED00155,5,recent_season_idx,0.00181
MED00156,5,recent_season_idx,0.00577
MED00157,5,recent_season_idx,-0.00048
MED00158,5,recent_season_idx,-0.00567
MED00159,5,recent_season_idx,-0.00439
MED00160,5,recent_season_idx,0.00364
MED00161,5,recent_season_idx,0.00509
MED00162,5,recent_season_idx,0.00292
MED00163,5,recent_season_idx,-0.00775
MED00164,5,recent_season_idx,0.0057
MED00165,5,recent_season_idx,0.00289
MED00166,5,recent_season_idx,0.003
MED00167,5,recent_season_idx,0.00334
MED00168,5,recent_season_idx,0.00336
MED00169,5,recent_season_idx,0.00373
MED00170,5,recent_season_idx,0.00072
MED00171,5,recent_season_idx,0.00384
MED00172,5,recent_season_idx,0.00566
MED00173,5,recent_season_idx,0.00273
MED00174,5,recent_season_idx,-0.00184
MED00175,5,recent_season_idx,-0.00464
MED00176,5,recent_season_idx,-0.0029
MED00177,5,recent_season_idx,-0.0008
MED00178,5,recent_season_idx,0.0061
MED00179,5,recent_season_idx,-0.00601
MED00180,5,recent_season_idx,0.00621
MED00181,5,recent_season_idx,0.00097
MED00182,5,recent_season_idx,-0.00154
MED00183,5,recent_season_idx,-0.00799
MED00184,5,recent_season_idx,-0.00173
MED00185,5,recent_season_idx,0.00174
MED00186,5,recent_season_idx,0.0033
MED00187,5,recent_season_idx,0.00325
MED00188,5,recent_season_idx,-0.00071
MED00189,5,recent_season_idx,-0.00324
MED00190,5,recent_season_idx,0.00264
MED00191,5,recent_season_idx,0.00131
MED00192,5,recent_season_idx,-0.00235
MED00193,5,recent_season_idx,-0.00333
MED00194,5,recent_season_idx,0.00352
MED00195,5,recent_season_idx,0.00133
MED00196,5,recent_season_idx,0.00441
MED00197,5,recent_season_idx,0.00406
MED00198,5,recent_season_idx,0.00476
MED00199,5,recent_season_idx,0.00283
MED00200,5,recent_season_idx,0.00409
MED00201,5,recent_season_idx,-0.00016
MED00202,5,recent_season_idx,0.00698
MED00203,5,recent_season_idx,-0.00112
MED00204,5,recent_season_idx,0.00302
MED00205,5,recent_season_idx,-0.00427
MED00206,5,recent_season_idx,0.00479
MED00207,5,recent_season_idx,0.00081
MED00208,5,recent_season_idx,-0.00388
MED00209,5,recent_season_idx,0.00317
MED00210,5,recent_season_idx,-0.00407
MED00211,5,recent_season_idx,0.00178
MED00212,5,recent_season_idx,0.00963
MED00213,5,recent_season_idx,-0.00135
MED00214,5,recent_season_idx,0.0155
MED00215,5,recent_season_idx,0.00066
MED00216,5,recent_season_idx,-0.0032
MED00217,5,recent_season_idx,-0.00352
MED00218,5,recent_season_idx,0.01421
MED00219,5,recent_season_idx,-0.00895
MED00220,5,recent_season_idx,0.00184
MED00221,5,recent_season_idx,0.00273
MED00222,5,recent_season_idx,-0.00426
MED00223,5,recent_season_idx,-0.00507
MED00224,5,recent_season_idx,0.00342
MED00225,5,recent_season_idx,0.00913
MED00226,5,recent_season_idx,0.0053
MED00227,5,recent_season_idx,0.00347
MED00228,5,recent_season_idx,0.01056
MED00229,5,recent_season_idx,-0.00218
MED00230,5,recent_season_idx,0.00125
MED00231,5,recent_season_idx,0.0064
MED00232,5,recent_season_idx,-0.00076
MED00233,5,recent_season_idx,-0.00069
MED00234,5,recent_season_idx,0.00342
MED00235,5,recent_season_idx,0.00259
MED00236,5,recent_season_idx,-0.00023
MED00237,5,recent_season_idx,0.00021
MED00238,5,recent_season_idx,0.0021
MED00239,5,recent_season_idx,0.00296
MED00240,5,recent_season_idx,0.00683
MED00241,5,recent_season_idx,-0.00112
MED00242,5,recent_season_idx,0.00111
MED00243,5,recent_season_idx,-0.00295
MED00244,5,recent_season_idx,0.00219
MED00245,5,recent_season_idx,0.00812
MED00246,5,recent_season_idx,0.00343
MED00247,5,recent_season_idx,0.00417
MED00248,5,recent_season_idx,0.00449
MED00249,5,recent_season_idx,-0.00054
MED00250,5,recent_season_idx,0.00494
MED00251,5,recent_season_idx,0.00179
MED00252,5,recent_season_idx,0.01842
MED00253,5,recent_season_idx,0.00158
MED00254,5,recent_season_idx,0.00722
MED00255,5,recent_season_idx,0.00122
MED00256,5,recent_season_idx,0.00381
MED00257,5,recent_season_idx,0.0058
MED00258,5,recent_season_idx,0.00243
MED00259,5,recent_season_idx,0.003
MED00260,5,recent_season_idx,-0.00692
MED00261,5,recent_season_idx,-0.00189
MED00262,5,recent_season_idx,0.00432
MED00263,5,recent_season_idx,0.00056
MED00264,5,recent_season_idx,-0.00451
MED00265,5,recent_season_idx,0.00541
MED00266,5,recent_season_idx,-0.00491
MED00267,5,recent_season_idx,0.0038
MED00268,5,recent_season_idx,0.00224
MED00269,5,recent_season_idx,0.00424
MED00270,5,recent_season_idx,0.00045
MED00271,5,recent_season_idx,0.00659
MED00272,5,recent_season_idx,0.00359
MED00273,5,recent_season_idx,0.00161
MED00274,5,recent_season_idx,-0.00185
MED00275,5,recent_season_idx,0.00677
MED00276,5,recent_season_idx,0.0046
MED00277,5,recent_season_idx,-0.00323
MED00278,5,recent_season_idx,0.01568
MED00279,5,recent_season_idx,-0.0015
MED00280,5,recent_season_idx,-0.00252
MED00281,5,recent_season_idx,0.00609
MED00282,5,recent_season_idx,0.00333
MED00283,5,recent_season_idx,0.0037
MED00284,5,recent_season_idx,0.01398
MED00285,5,recent_season_idx,0.00437
MED00286,5,recent_season_idx,0.00276
MED00287,5,recent_season_idx,0.0039
MED00288,5,recent_season_idx,0.00495
MED00289,5,recent_season_idx,-0.00289
MED00290,5,recent_season_idx,0.00456
MED00291,5,recent_season_idx,-0.00019
MED00292,5,recent_season_idx,0.00673
MED00293,5,recent_season_idx,0.00059
MED00294,5,recent_season_idx,0.01004
MED00295,5,recent_season_idx,-0.00214
MED00296,5,recent_season_idx,0.00296
MED00297,5,recent_season_idx,0.00321
MED00299,5,recent_season_idx,-0.0025
MED00300,5,recent_season_idx,0.00569
MED00301,5,recent_season_idx,0.00519
MED00302,5,recent_season_idx,-0.00377
MED00303,5,recent_season_idx,0.00339
MED00304,5,recent_season_idx,0.00391
MED00305,5,recent_season_idx,0.00359
MED00306,5,recent_season_idx,-0.0009
MED00307,5,recent_season_idx,0.00165
MED00308,5,recent_season_idx,-0.00262
MED00309,5,recent_season_idx,0.0003
MED00310,5,recent_season_idx,0.00222
MED00311,5,recent_season_idx,-0.0007
MED00312,5,recent_season_idx,0.00034
MED00313,5,recent_season_idx,-0.00538
MED00314,5,recent_season_idx,-0.00294
MED00315,5,recent_season_idx,0.00347
MED00316,5,recent_season_idx,0.00258
MED00317,5,recent_season_idx,0.00162
MED00318,5,recent_season_idx,0.01016
MED00319,5,recent_season_idx,0.00326
MED00320,5,recent_season_idx,0.00123
MED00321,5,recent_season_idx,-0.00237
MED00322,5,recent_season_idx,-0.00336
MED00323,5,recent_season_idx,-0.00093
MED00324,5,recent_season_idx,0.00539
MED00325,5,recent_season_idx,0.01184
MED00326,5,recent_season_idx,0.00345
MED00327,5,recent_season_idx,0.00206
MED00328,5,recent_season_idx,0.00387
MED00329,5,recent_season_idx,0.00329
MED00330,5,recent_season_idx,0.0049
MED00331,5,recent_season_idx,0.00222
MED00332,5,recent_season_idx,0.00194
MED00333,5,recent_season_idx,0.00889
MED00334,5,recent_season_idx,-0.00093
MED00335,5,recent_season_idx,0.00062
MED00336,5,recent_season_idx,0.01255
MED00337,5,recent_season_idx,0.00144
MED00338,5,recent_season_idx,-0.00599
MED00339,5,recent_season_idx,0.01034
MED00340,5,recent_season_idx,0.00062
MED00341,5,recent_season_idx,-0.0034
MED00342,5,recent_season_idx,0.0028
MED00343,5,recent_season_idx,0.00328
MED00344,5,recent_season_idx,0.0026
MED00345,5,recent_season_idx,-0.00345
MED00346,5,recent_season_idx,0.00236
MED00347,5,recent_season_idx,-0.00268
MED00348,5,recent_season_idx,0.00635
MED00349,5,recent_season_idx,0.00281
MED00350,5,recent_season_idx,-0.00626
MED00351,5,recent_season_idx,-0.00324
MED00352,5,recent_season_idx,-0.01098
MED00353,5,recent_season_idx,-0.00301
MED00354,5,recent_season_idx,-0.00227
MED00355,5,recent_season_idx,0.00621
MED00356,5,recent_season_idx,0.00155
MED00357,5,recent_season_idx,-0.00213
MED00358,5,recent_season_idx,0.00317
MED00359,5,recent_season_idx,0.00108
MED00360,5,recent_season_idx,0.00872
MED00361,5,recent_season_idx,0.00199
MED00362,5,recent_season_idx,0.00433
MED00363,5,recent_season_idx,0.00224
MED00364,5,recent_season_idx,-0.00267
MED00365,5,recent_season_idx,0.00119
MED00366,5,recent_season_idx,0.0036
MED00367,5,recent_season_idx,0.00123
MED00368,5,recent_season_idx,-0.00193
MED00369,5,recent_season_idx,0.0081
MED00370,5,recent_season_idx,-0.00269
MED00371,5,recent_season_idx,-0.00684
MED00372,5,recent_season_idx,-0.00325
MED00373,5,recent_season_idx,-0.00167
MED00374,5,recent_season_idx,0.00044
MED00375,5,recent_season_idx,-0.00828
MED00376,5,recent_season_idx,0.00114
MED00378,5,recent_season_idx,0.00246
MED00379,5,recent_season_idx,-0.00254
MED00380,5,recent_season_idx,-0.00325
MED00381,5,recent_season_idx,-0.00326
MED00382,5,recent_season_idx,0.01024
MED00383,5,recent_season_idx,-0.00311
MED00384,5,recent_season_idx,0.00394
MED00385,5,recent_season_idx,0.0034
MED00386,5,recent_season_idx,0.00083
MED00387,5,recent_season_idx,0.00201
MED00388,5,recent_season_idx,-0.05884
MED00389,5,recent_season_idx,0.00382
MED00390,5,recent_season_idx,0.0071
MED00391,5,recent_season_idx,0.00677
MED00392,5,recent_season_idx,0.00682
MED00393,5,recent_season_idx,0.00148
MED00394,5,recent_season_idx,0.00642
MED00395,5,recent_season_idx,0.0028
MED00396,5,recent_season_idx,-0.00254
MED00397,5,recent_season_idx,0.00254
MED00398,5,recent_season_idx,0.00985
MED00399,5,recent_season_idx,0.00512
MED00400,5,recent_season_idx,-0.00529
MED00401,5,recent_season_idx,0.00221
MED00402,5,recent_season_idx,0.00215
MED00403,5,recent_season_idx,-0.00504
MED00404,5,recent_season_idx,-0.00049
MED00405,5,recent_season_idx,-0.00058
MED00406,5,recent_season_idx,0.00328
MED00407,5,recent_season_idx,0.0032
MED00409,5,recent_season_idx,-0.00272
MED00410,5,recent_season_idx,0.00061
MED00411,5,recent_season_idx,0.00621
MED00412,5,recent_season_idx,0.00283
MED00413,5,recent_season_idx,0.00239
MED00414,5,recent_season_idx,0.00623
MED00415,5,recent_season_idx,0.00391
MED00416,5,recent_season_idx,0.00567
MED00418,5,recent_season_idx,0.00538
MED00419,5,recent_season_idx,0.00322
MED00420,5,recent_season_idx,0.00285
MED00421,5,recent_season_idx,0.00273
MED00422,5,recent_season_idx,0.00454
MED00423,5,recent_season_idx,0.00159
MED00424,5,recent_season_idx,0.00588
MED00001,6,recent_season_idx,0.00662
MED00002,6,recent_season_idx,-0.00262
MED00003,6,recent_season_idx,-0.00693
MED00004,6,recent_season_idx,-0.00478
MED00005,6,recent_season_idx,-0.00323
MED00006,6,recent_season_idx,0.00736
MED00007,6,recent_season_idx,0.00023
MED00008,6,recent_season_idx,-0.00473
MED00009,6,recent_season_idx,0.00399
MED00010,6,recent_season_idx,-0.00554
MED00011,6,recent_season_idx,-0.00134
MED00012,6,recent_season_idx,0.0041
MED00013,6,recent_season_idx,-0.00081
MED00014,6,recent_season_idx,0.00452
MED00015,6,recent_season_idx,-0.00634
MED00016,6,recent_season_idx,0.00236
MED00017,6,recent_season_idx,0.00273
MED00018,6,recent_season_idx,0.00441
MED00019,6,recent_season_idx,0.0078
MED00020,6,recent_season_idx,-0.00479
MED00021,6,recent_season_idx,0.00257
MED00022,6,recent_season_idx,-0.00447
MED00023,6,recent_season_idx,0.00979
MED00024,6,recent_season_idx,0.00283
MED00025,6,recent_season_idx,-0.00585
MED00026,6,recent_season_idx,-0.00126
MED00027,6,recent_season_idx,-0.00576
MED00028,6,recent_season_idx,-0.00353
MED00029,6,recent_season_idx,0.00189
MED00030,6,recent_season_idx,0.00159
MED00031,6,recent_season_idx,0.00412
MED00032,6,recent_season_idx,0.00235
MED00033,6,recent_season_idx,-0.00491
MED00034,6,recent_season_idx,-0.00517
MED00035,6,recent_season_idx,-0.00287
MED00036,6,recent_season_idx,-0.0019
MED00037,6,recent_season_idx,0.00313
MED00038,6,recent_season_idx,0.00882
MED00039,6,recent_season_idx,-0.00218
MED00040,6,recent_season_idx,-0.0015
MED00041,6,recent_season_idx,-0.00291
MED00042,6,recent_season_idx,-0.00232
MED00043,6,recent_season_idx,-0.00716
MED00044,6,recent_season_idx,0.00677
MED00045,6,recent_season_idx,0.00676
MED00046,6,recent_season_idx,0.00575
MED00047,6,recent_season_idx,0.00416
MED00048,6,recent_season_idx,0.01132
MED00049,6,recent_season_idx,-0.00361
MED00050,6,recent_season_idx,-0.00135
MED00051,6,recent_season_idx,-0.00275
MED00052,6,recent_season_idx,-0.00447
MED00053,6,recent_season_idx,0.00328
MED00054,6,recent_season_idx,0.00041
MED00055,6,recent_season_idx,-0.00475
MED00056,6,recent_season_idx,-0.00439
MED00057,6,recent_season_idx,-0.00465
MED00058,6,recent_season_idx,0.00717
MED00059,6,recent_season_idx,0.00436
MED00060,6,recent_season_idx,0.00263
MED00061,6,recent_season_idx,-0.00294
MED00062,6,recent_season_idx,0.00448
MED00063,6,recent_season_idx,-0.00298
MED00064,6,recent_season_idx,0.00235
MED00065,6,recent_season_idx,0.001
MED00066,6,recent_season_idx,-0.00289
MED00067,6,recent_season_idx,-0.00016
MED00068,6,recent_season_idx,0.00306
MED00069,6,recent_season_idx,0.0059
MED00070,6,recent_season_idx,0.00694
MED00071,6,recent_season_idx,0.0059
MED00072,6,recent_season_idx,0.00868
MED00073,6,recent_season_idx,0.00585
MED00074,6,recent_season_idx,0.00295
MED00075,6,recent_season_idx,-0.00133
MED00076,6,recent_season_idx,-0.00088
MED00077,6,recent_season_idx,0.00116
MED00078,6,recent_season_idx,0.00545
MED00079,6,recent_season_idx,0.00735
MED00080,6,recent_season_idx,0.00559
MED00081,6,recent_season_idx,-0.00778
MED00082,6,recent_season_idx,0.00294
MED00083,6,recent_season_idx,0.00176
MED00084,6,recent_season_idx,-0.00974
MED00085,6,recent_season_idx,-0.00132
MED00086,6,recent_season_idx,0.01062
MED00087,6,recent_season_idx,0.00141
MED00088,6,recent_season_idx,-0.0059
MED00089,6,recent_season_idx,-0.00579
MED00090,6,recent_season_idx,0.00053
MED00091,6,recent_season_idx,0.00886
MED00092,6,recent_season_idx,0.01149
MED00093,6,recent_season_idx,-0.00956
MED00094,6,recent_season_idx,-0.0068
MED00095,6,recent_season_idx,0.00305
MED00096,6,recent_season_idx,0.00628
MED00097,6,recent_season_idx,-0.00456
MED00098,6,recent_season_idx,0.00331
MED00099,6,recent_season_idx,0.00186
MED00100,6,recent_season_idx,-0.00286
MED00101,6,recent_season_idx,0.01165
MED00102,6,recent_season_idx,-0.00063
MED00103,6,recent_season_idx,0.0012
MED00104,6,recent_season_idx,0.00371
MED00105,6,recent_season_idx,-0.00473
MED00106,6,recent_season_idx,-0.00298
MED00107,6,recent_season_idx,0.00277
MED00108,6,recent_season_idx,0.00278
MED00109,6,recent_season_idx,-0.00293
MED00110,6,recent_season_idx,-0.0046
MED00111,6,recent_season_idx,-0.00065
MED00112,6,recent_season_idx,0.00061
MED00113,6,recent_season_idx,0.00256
MED00114,6,recent_season_idx,-0.00143
MED00115,6,recent_season_idx,0.00303
MED00116,6,recent_season_idx,-0.00761
MED00117,6,recent_season_idx,0.00293
MED00118,6,recent_season_idx,-0.00069
MED00119,6,recent_season_idx,0.00344
MED00120,6,recent_season_idx,-0.00645
MED00121,6,recent_season_idx,-0.00218
MED00122,6,recent_season_idx,0.00756
MED00123,6,recent_season_idx,-0.0021
MED00124,6,recent_season_idx,0.00403
MED00125,6,recent_season_idx,-0.00343
MED00126,6,recent_season_idx,-0.00412
MED00127,6,recent_season_idx,0.00456
MED00128,6,recent_season_idx,0.00325
MED00129,6,recent_season_idx,0.00557
MED00130,6,recent_season_idx,-0.00361
MED00131,6,recent_season_idx,0.00728
MED00132,6,recent_season_idx,-0.00179
MED00134,6,recent_season_idx,-0.01154
MED00135,6,recent_season_idx,-0.00661
MED00136,6,recent_season_idx,0.0053
MED00137,6,recent_season_idx,-0.00592
MED00138,6,recent_season_idx,0.00674
MED00139,6,recent_season_idx,0.00276
MED00140,6,recent_season_idx,0.00103
MED00141,6,recent_season_idx,0.00256
MED00142,6,recent_season_idx,-0.00286
MED00143,6,recent_season_idx,0.00372
MED00144,6,recent_season_idx,0.00099
MED00145,6,recent_season_idx,-0.00207
MED00146,6,recent_season_idx,0.00336
MED00147,6,recent_season_idx,0.00515
MED00148,6,recent_season_idx,0.00368
MED00149,6,recent_season_idx,0.00365
MED00150,6,recent_season_idx,0.00061
MED00151,6,recent_season_idx,0.0034
MED00152,6,recent_season_idx,0.0038
MED00153,6,recent_season_idx,0.0017
MED00155,6,recent_season_idx,0.0024
MED00156,6,recent_season_idx,0.00549
MED00157,6,recent_season_idx,-0.00049
MED00158,6,recent_season_idx,-0.00575
MED00159,6,recent_season_idx,-0.00442
MED00160,6,recent_season_idx,0.00363
MED00161,6,recent_season_idx,0.00464
MED00162,6,recent_season_idx,0.00292
MED00163,6,recent_season_idx,-0.00794
MED00164,6,recent_season_idx,0.00591
MED00165,6,recent_season_idx,0.00179
MED00166,6,recent_season_idx,0.00298
MED00167,6,recent_season_idx,0.00332
MED00168,6,recent_season_idx,0.00334
MED00169,6,recent_season_idx,0.00369
MED00170,6,recent_season_idx,0.00072
MED00171,6,recent_season_idx,0.00375
MED00172,6,recent_season_idx,0.00646
MED00173,6,recent_season_idx,0.00272
MED00174,6,recent_season_idx,-0.00186
MED00175,6,recent_season_idx,-0.00468
MED00176,6,recent_season_idx,-0.00293
MED00177,6,recent_season_idx,-0.00089
MED00178,6,recent_season_idx,0.00596
MED00179,6,recent_season_idx,-0.00601
MED00180,6,recent_season_idx,0.0062
MED00181,6,recent_season_idx,0.00097
MED00182,6,recent_season_idx,-0.00163
MED00183,6,recent_season_idx,-0.00809
MED00184,6,recent_season_idx,-0.00175
MED00185,6,recent_season_idx,0.00199
MED00186,6,recent_season_idx,0.0033
MED00187,6,recent_season_idx,0.00311
MED00188,6,recent_season_idx,-0.00072
MED00189,6,recent_season_idx,-0.00341
MED00190,6,recent_season_idx,0.00262
MED00191,6,recent_season_idx,0.00126
MED00192,6,recent_season_idx,-0.00253
MED00193,6,recent_season_idx,-0.00352
MED00194,6,recent_season_idx,0.0034
MED00195,6,recent_season_idx,0.00066
MED00196,6,recent_season_idx,0.00431
MED00197,6,recent_season_idx,0.00398
MED00198,6,recent_season_idx,0.00472
MED00199,6,recent_season_idx,0.00385
MED00200,6,recent_season_idx,0.00409
MED00201,6,recent_season_idx,0.00079
MED00202,6,recent_season_idx,0.00693
MED00203,6,recent_season_idx,-0.00026
MED00204,6,recent_season_idx,0.00302
MED00205,6,recent_season_idx,-0.00433
MED00206,6,recent_season_idx,0.00487
MED00207,6,recent_season_idx,0.00112
MED00208,6,recent_season_idx,-0.00393
MED00209,6,recent_season_idx,0.00276
MED00210,6,recent_season_idx,-0.00409
MED00211,6,recent_season_idx,0.00177
MED00212,6,recent_season_idx,0.00991
MED00213,6,recent_season_idx,-0.00152
MED00214,6,recent_season_idx,0.01557
MED00215,6,recent_season_idx,0.00062
MED00216,6,recent_season_idx,-0.00338
MED00217,6,recent_season_idx,-0.00368
MED00218,6,recent_season_idx,0.01422
MED00219,6,recent_season_idx,-0.00901
MED00220,6,recent_season_idx,0.00179
MED00221,6,recent_season_idx,0.00294
MED00222,6,recent_season_idx,-0.00443
MED00223,6,recent_season_idx,-0.00616
MED00224,6,recent_season_idx,0.0034
MED00225,6,recent_season_idx,0.00913
MED00226,6,recent_season_idx,0.0053
MED00227,6,recent_season_idx,0.00352
MED00228,6,recent_season_idx,0.01056
MED00229,6,recent_season_idx,-0.00235
MED00230,6,recent_season_idx,0.0012
MED00231,6,recent_season_idx,0.00635
MED00232,6,recent_season_idx,-0.00115
MED00233,6,recent_season_idx,-0.00086
MED00234,6,recent_season_idx,0.0034
MED00235,6,recent_season_idx,0.00258
MED00236,6,recent_season_idx,-0.00026
MED00237,6,recent_season_idx,0.00192
MED00238,6,recent_season_idx,0.00206
MED00239,6,recent_season_idx,0.0038
MED00240,6,recent_season_idx,0.00683
MED00241,6,recent_season_idx,-0.00112
MED00242,6,recent_season_idx,0.00096
MED00243,6,recent_season_idx,-0.00312
MED00244,6,recent_season_idx,0.00217
MED00245,6,recent_season_idx,0.00814
MED00246,6,recent_season_idx,0.0034
MED00247,6,recent_season_idx,0.00413
MED00248,6,recent_season_idx,0.00449
MED00249,6,recent_season_idx,-0.00058
MED00250,6,recent_season_idx,0.00457
MED00251,6,recent_season_idx,0.00175
MED00252,6,recent_season_idx,0.01827
MED00253,6,recent_season_idx,0.00159
MED00254,6,recent_season_idx,0.00707
MED00255,6,recent_season_idx,0.00087
MED00256,6,recent_season_idx,0.00365
MED00257,6,recent_season_idx,0.00623
MED00258,6,recent_season_idx,0.00246
MED00259,6,recent_season_idx,0.00299
MED00260,6,recent_season_idx,-0.00699
MED00261,6,recent_season_idx,-0.00202
MED00262,6,recent_season_idx,0.00433
MED00263,6,recent_season_idx,0.00054
MED00264,6,recent_season_idx,-0.00469
MED00265,6,recent_season_idx,0.00539
MED00266,6,recent_season_idx,-0.00497
MED00267,6,recent_season_idx,0.00378
MED00268,6,recent_season_idx,0.00223
MED00269,6,recent_season_idx,0.00484
MED00270,6,recent_season_idx,0.00043
MED00271,6,recent_season_idx,0.0065
MED00272,6,recent_season_idx,0.00363
MED00273,6,recent_season_idx,0.00148
MED00274,6,recent_season_idx,-0.00202
MED00275,6,recent_season_idx,0.00685
MED00276,6,recent_season_idx,0.00456
MED00277,6,recent_season_idx,-0.00343
MED00278,6,recent_season_idx,0.01575
MED00279,6,recent_season_idx,-0.00153
MED00280,6,recent_season_idx,-0.00268
MED00281,6,recent_season_idx,0.00616
MED00282,6,recent_season_idx,0.00376
MED00283,6,recent_season_idx,0.00385
MED00284,6,recent_season_idx,0.01418
MED00285,6,recent_season_idx,0.00439
MED00286,6,recent_season_idx,0.00276
MED00287,6,recent_season_idx,0.00377
MED00288,6,recent_season_idx,0.00503
MED00289,6,recent_season_idx,-0.00289
MED00290,6,recent_season_idx,0.00485
MED00291,6,recent_season_idx,-0.00023
MED00292,6,recent_season_idx,0.00677
MED00293,6,recent_season_idx,0.00064
MED00294,6,recent_season_idx,0.0101
MED00295,6,recent_season_idx,-0.00256
MED00296,6,recent_season_idx,0.00335
MED00297,6,recent_season_idx,0.00319
MED00299,6,recent_season_idx,-0.00267
MED00300,6,recent_season_idx,0.00568
MED00301,6,recent_season_idx,0.00517
MED00302,6,recent_season_idx,-0.0038
MED00303,6,recent_season_idx,0.00336
MED00304,6,recent_season_idx,0.00393
MED00305,6,recent_season_idx,0.00359
MED00306,6,recent_season_idx,-0.00094
MED00307,6,recent_season_idx,0.00163
MED00308,6,recent_season_idx,-0.00279
MED00309,6,recent_season_idx,0.00031
MED00310,6,recent_season_idx,0.00243
MED00311,6,recent_season_idx,-0.00074
MED00312,6,recent_season_idx,0.00017
MED00313,6,recent_season_idx,-0.00552
MED00314,6,recent_season_idx,-0.00355
MED00315,6,recent_season_idx,0.00348
MED00316,6,recent_season_idx,0.00258
MED00317,6,recent_season_idx,0.00161
MED00318,6,recent_season_idx,0.0101
MED00319,6,recent_season_idx,0.00322
MED00320,6,recent_season_idx,0.00067
MED00321,6,recent_season_idx,-0.00251
MED00322,6,recent_season_idx,-0.00355
MED00323,6,recent_season_idx,-0.00111
MED00324,6,recent_season_idx,0.00596
MED00325,6,recent_season_idx,0.01189
MED00326,6,recent_season_idx,0.00344
MED00327,6,recent_season_idx,0.00206
MED00328,6,recent_season_idx,0.00387
MED00329,6,recent_season_idx,0.00324
MED00330,6,recent_season_idx,0.005
MED00331,6,recent_season_idx,0.00221
MED00332,6,recent_season_idx,0.00193
MED00333,6,recent_season_idx,0.00889
MED00334,6,recent_season_idx,-0.00095
MED00335,6,recent_season_idx,0.00062
MED00336,6,recent_season_idx,0.01264
MED00337,6,recent_season_idx,0.00141
MED00338,6,recent_season_idx,-0.00606
MED00339,6,recent_season_idx,0.011
MED00340,6,recent_season_idx,0.00059
MED00341,6,recent_season_idx,-0.00343
MED00342,6,recent_season_idx,0.0028
MED00343,6,recent_season_idx,0.00327
MED00344,6,recent_season_idx,0.00259
MED00345,6,recent_season_idx,-0.00363
MED00346,6,recent_season_idx,0.00233
MED00347,6,recent_season_idx,-0.00286
MED00348,6,recent_season_idx,0.00619
MED00349,6,recent_season_idx,0.00276
MED00350,6,recent_season_idx,-0.0064
MED00351,6,recent_season_idx,-0.00341
MED00352,6,recent_season_idx,-0.01115
MED00353,6,recent_season_idx,-0.00319
MED00354,6,recent_season_idx,-0.00244
MED00355,6,recent_season_idx,0.00596
MED00356,6,recent_season_idx,0.00154
MED00357,6,recent_season_idx,-0.0023
MED00358,6,recent_season_idx,0.00292
MED00359,6,recent_season_idx,0.00108
MED00360,6,recent_season_idx,0.00873
MED00361,6,recent_season_idx,0.00197
MED00362,6,recent_season_idx,0.0042
MED00363,6,recent_season_idx,0.00208
MED00364,6,recent_season_idx,-0.00284
MED00365,6,recent_season_idx,0.00113
MED00366,6,recent_season_idx,0.00357
MED00367,6,recent_season_idx,0.00155
MED00368,6,recent_season_idx,-0.00194
MED00369,6,recent_season_idx,0.00775
MED00370,6,recent_season_idx,-0.00273
MED00371,6,recent_season_idx,-0.0069
MED00372,6,recent_season_idx,-0.00342
MED00373,6,recent_season_idx,-0.00184
MED00374,6,recent_season_idx,0.00048
MED00375,6,recent_season_idx,-0.00833
MED00376,6,recent_season_idx,0.00111
MED00377,6,recent_season_idx,-0.00017
MED00378,6,recent_season_idx,0.00241
MED00379,6,recent_season_idx,-0.00268
MED00380,6,recent_season_idx,-0.00342
MED00381,6,recent_season_idx,-0.00342
MED00382,6,recent_season_idx,0.01076
MED00383,6,recent_season_idx,-0.00314
MED00384,6,recent_season_idx,0.00392
MED00385,6,recent_season_idx,0.00285
MED00386,6,recent_season_idx,0.00066
MED00387,6,recent_season_idx,0.002
MED00388,6,recent_season_idx,-0.05886
MED00389,6,recent_season_idx,0.00389
MED00390,6,recent_season_idx,0.00717
MED00391,6,recent_season_idx,0.00657
MED00392,6,recent_season_idx,0.0069
MED00393,6,recent_season_idx,0.00114
MED00394,6,recent_season_idx,0.00642
MED00395,6,recent_season_idx,0.00278
MED00396,6,recent_season_idx,-0.00269
MED00397,6,recent_season_idx,0.00252
MED00398,6,recent_season_idx,0.00978
MED00399,6,recent_season_idx,0.0051
MED00400,6,recent_season_idx,-0.0053
MED00401,6,recent_season_idx,0.00228
MED00402,6,recent_season_idx,0.00126
MED00403,6,recent_season_idx,-0.00509
MED00404,6,recent_season_idx,-0.0005
MED00405,6,recent_season_idx,-0.00052
MED00406,6,recent_season_idx,0.00335
MED00407,6,recent_season_idx,0.00328
MED00409,6,recent_season_idx,-0.00287
MED00410,6,recent_season_idx,-0.00107
MED00411,6,recent_season_idx,0.00599
MED00412,6,recent_season_idx,0.0029
MED00413,6,recent_season_idx,0.00311
MED00414,6,recent_season_idx,0.0063
MED00415,6,recent_season_idx,0.00394
MED00416,6,recent_season_idx,0.00544
MED00417,6,recent_season_idx,0.00042
MED00418,6,recent_season_idx,0.00555
MED00419,6,recent_season_idx,0.00316
MED00420,6,recent_season_idx,0.00252
MED00421,6,recent_season_idx,0.00276
MED00422,6,recent_season_idx,0.0046
MED00423,6,recent_season_idx,0.00155
MED00424,6,recent_season_idx,0.00588
MED00001,7,recent_season_idx,0.00695
MED00002,7,recent_season_idx,-0.00177
MED00003,7,recent_season_idx,-0.00611
MED00004,7,recent_season_idx,-0.00403
MED00005,7,recent_season_idx,-0.00247
MED00006,7,recent_season_idx,0.00473
MED00007,7,recent_season_idx,0.00087
MED00008,7,recent_season_idx,0.00136
MED00009,7,recent_season_idx,0.0043
MED00010,7,recent_season_idx,-0.00605
MED00011,7,recent_season_idx,-0.00181
MED00012,7,recent_season_idx,0.00148
MED00013,7,recent_season_idx,0.00544
MED00014,7,recent_season_idx,0.00491
MED00015,7,recent_season_idx,-0.00703
MED00016,7,recent_season_idx,0.00863
MED00017,7,recent_season_idx,0.00316
MED00018,7,recent_season_idx,0.00506
MED00019,7,recent_season_idx,0.00774
MED00020,7,recent_season_idx,-0.00531
MED00021,7,recent_season_idx,0.00179
MED00022,7,recent_season_idx,0.00185
MED00023,7,recent_season_idx,0.01454
MED00024,7,recent_season_idx,0.00362
MED00025,7,recent_season_idx,-0.00533
MED00026,7,recent_season_idx,-0.00076
MED00027,7,recent_season_idx,-0.00524
MED00028,7,recent_season_idx,-0.00338
MED00029,7,recent_season_idx,0.00604
MED00030,7,recent_season_idx,0.00383
MED00031,7,recent_season_idx,0.00611
MED00032,7,recent_season_idx,0.00841
MED00033,7,recent_season_idx,-0.00414
MED00034,7,recent_season_idx,-0.00564
MED00035,7,recent_season_idx,-0.00438
MED00036,7,recent_season_idx,-0.00255
MED00037,7,recent_season_idx,0.00393
MED00038,7,recent_season_idx,0.00797
MED00039,7,recent_season_idx,-0.00236
MED00040,7,recent_season_idx,-0.00266
MED00041,7,recent_season_idx,-0.00312
MED00042,7,recent_season_idx,-0.00307
MED00043,7,recent_season_idx,-0.00694
MED00044,7,recent_season_idx,0.00736
MED00045,7,recent_season_idx,0.00414
MED00046,7,recent_season_idx,0.00631
MED00047,7,recent_season_idx,0.00451
MED00048,7,recent_season_idx,0.01255
MED00049,7,recent_season_idx,-0.00279
MED00050,7,recent_season_idx,-0.00157
MED00051,7,recent_season_idx,-0.00193
MED00052,7,recent_season_idx,-0.00432
MED00053,7,recent_season_idx,0.00544
MED00054,7,recent_season_idx,0.0016
MED00055,7,recent_season_idx,-0.00703
MED00056,7,recent_season_idx,-0.00434
MED00057,7,recent_season_idx,-0.00394
MED00058,7,recent_season_idx,0.00455
MED00059,7,recent_season_idx,0.00497
MED00060,7,recent_season_idx,0.00298
MED00061,7,recent_season_idx,-0.0028
MED00062,7,recent_season_idx,0.00506
MED00063,7,recent_season_idx,-0.00216
MED00064,7,recent_season_idx,0.00824
MED00065,7,recent_season_idx,0.00116
MED00066,7,recent_season_idx,-0.00505
MED00067,7,recent_season_idx,0.00567
MED00068,7,recent_season_idx,0.00374
MED00069,7,recent_season_idx,0.00649
MED00070,7,recent_season_idx,0.00758
MED00071,7,recent_season_idx,0.00656
MED00072,7,recent_season_idx,0.0094
MED00073,7,recent_season_idx,0.00506
MED00074,7,recent_season_idx,0.00367
MED00075,7,recent_season_idx,0.00418
MED00076,7,recent_season_idx,-0.00157
MED00077,7,recent_season_idx,0.00704
MED00078,7,recent_season_idx,0.00584
MED00079,7,recent_season_idx,0.00768
MED00080,7,recent_season_idx,0.00632
MED00081,7,recent_season_idx,-0.00699
MED00082,7,recent_season_idx,0.00368
MED00083,7,recent_season_idx,0.00245
MED00084,7,recent_season_idx,-0.00987
MED00085,7,recent_season_idx,0.0047
MED00086,7,recent_season_idx,0.01102
MED00087,7,recent_season_idx,0.0016
MED00088,7,recent_season_idx,-0.00558
MED00089,7,recent_season_idx,-0.00823
MED00090,7,recent_season_idx,0.00598
MED00091,7,recent_season_idx,0.00946
MED00092,7,recent_season_idx,0.01008
MED00093,7,recent_season_idx,-0.00851
MED00094,7,recent_season_idx,-0.00638
MED00095,7,recent_season_idx,0.00356
MED00096,7,recent_season_idx,0.00656
MED00097,7,recent_season_idx,-0.00426
MED00098,7,recent_season_idx,0.00331
MED00099,7,recent_season_idx,0.00238
MED00100,7,recent_season_idx,-0.00204
MED00101,7,recent_season_idx,0.01172
MED00102,7,recent_season_idx,-0.00077
MED00103,7,recent_season_idx,0.0014
MED00104,7,recent_season_idx,0.00432
MED00105,7,recent_season_idx,-0.00436
MED00106,7,recent_season_idx,-0.00216
MED00107,7,recent_season_idx,0.00336
MED00108,7,recent_season_idx,0.00312
MED00109,7,recent_season_idx,-0.00217
MED00110,7,recent_season_idx,-0.00374
MED00111,7,recent_season_idx,-0.0006
MED00112,7,recent_season_idx,0.00095
MED00113,7,recent_season_idx,0.00803
MED00114,7,recent_season_idx,-0.00037
MED00115,7,recent_season_idx,0.00308
MED00116,7,recent_season_idx,-0.00763
MED00117,7,recent_season_idx,0.00358
MED00118,7,recent_season_idx,0.00514
MED00119,7,recent_season_idx,0.00359
MED00120,7,recent_season_idx,-0.00622
MED00121,7,recent_season_idx,-0.00206
MED00122,7,recent_season_idx,0.00526
MED00123,7,recent_season_idx,-0.00201
MED00124,7,recent_season_idx,0.00437
MED00125,7,recent_season_idx,-0.0026
MED00126,7,recent_season_idx,-0.00335
MED00127,7,recent_season_idx,0.00474
MED00128,7,recent_season_idx,0.00305
MED00129,7,recent_season_idx,0.00294
MED00130,7,recent_season_idx,-0.00278
MED00131,7,recent_season_idx,0.00801
MED00132,7,recent_season_idx,-0.002
MED00133,7,recent_season_idx,-0.00105
MED00134,7,recent_season_idx,-0.01068
MED00135,7,recent_season_idx,-0.00641
MED00136,7,recent_season_idx,0.00576
MED00137,7,recent_season_idx,-0.00834
MED00138,7,recent_season_idx,0.00656
MED00139,7,recent_season_idx,0.00294
MED00140,7,recent_season_idx,0.00165
MED00141,7,recent_season_idx,0.00331
MED00142,7,recent_season_idx,-0.00255
MED00143,7,recent_season_idx,0.00352
MED00144,7,recent_season_idx,0.00162
MED00145,7,recent_season_idx,-0.00313
MED00146,7,recent_season_idx,0.00945
MED00147,7,recent_season_idx,0.00536
MED00148,7,recent_season_idx,0.00426
MED00149,7,recent_season_idx,0.00406
MED00150,7,recent_season_idx,0.00561
MED00151,7,recent_season_idx,0.00355
MED00152,7,recent_season_idx,0.004
MED00153,7,recent_season_idx,0.00192
MED00155,7,recent_season_idx,0.00254
MED00156,7,recent_season_idx,0.01142
MED00157,7,recent_season_idx,0.00582
MED00158,7,recent_season_idx,-0.00524
MED00159,7,recent_season_idx,-0.00419
MED00160,7,recent_season_idx,0.00401
MED00161,7,recent_season_idx,0.00632
MED00162,7,recent_season_idx,0.00328
MED00163,7,recent_season_idx,-0.00714
MED00164,7,recent_season_idx,0.00644
MED00165,7,recent_season_idx,0.0036
MED00166,7,recent_season_idx,0.00316
MED00167,7,recent_season_idx,0.00916
MED00168,7,recent_season_idx,0.00317
MED00169,7,recent_season_idx,0.0035
MED00170,7,recent_season_idx,0.00656
MED00171,7,recent_season_idx,0.00423
MED00172,7,recent_season_idx,0.01119
MED00173,7,recent_season_idx,0.00277
MED00174,7,recent_season_idx,-0.00194
MED00175,7,recent_season_idx,-0.00694
MED00176,7,recent_season_idx,-0.00303
MED00177,7,recent_season_idx,-0.00038
MED00178,7,recent_season_idx,0.00693
MED00179,7,recent_season_idx,-0.00613
MED00180,7,recent_season_idx,0.00357
MED00181,7,recent_season_idx,0.00134
MED00182,7,recent_season_idx,-0.00115
MED00183,7,recent_season_idx,-0.0103
MED00184,7,recent_season_idx,-0.0014
MED00185,7,recent_season_idx,0.0086
MED00186,7,recent_season_idx,0.00348
MED00187,7,recent_season_idx,0.00388
MED00188,7,recent_season_idx,0.0056
MED00189,7,recent_season_idx,-0.00259
MED00190,7,recent_season_idx,0.00279
MED00191,7,recent_season_idx,0.00318
MED00192,7,recent_season_idx,-0.0023
MED00193,7,recent_season_idx,-0.00269
MED00194,7,recent_season_idx,0.00357
MED00195,7,recent_season_idx,0.00253
MED00196,7,recent_season_idx,0.00475
MED00197,7,recent_season_idx,0.00486
MED00198,7,recent_season_idx,0.00486
MED00199,7,recent_season_idx,0.00301
MED00200,7,recent_season_idx,0.00392
MED00201,7,recent_season_idx,0.00081
MED00202,7,recent_season_idx,0.0043
MED00203,7,recent_season_idx,0.00613
MED00204,7,recent_season_idx,0.0032
MED00205,7,recent_season_idx,-0.00424
MED00206,7,recent_season_idx,0.01504
MED00207,7,recent_season_idx,0.00098
MED00208,7,recent_season_idx,-0.00385
MED00209,7,recent_season_idx,0.0037
MED00210,7,recent_season_idx,-0.00636
MED00211,7,recent_season_idx,0.00162
MED00212,7,recent_season_idx,0.00699
MED00213,7,recent_season_idx,-0.00076
MED00214,7,recent_season_idx,0.01
MED00215,7,recent_season_idx,0.00149
MED00216,7,recent_season_idx,-0.00256
MED00217,7,recent_season_idx,-0.00291
MED00218,7,recent_season_idx,0.00871
MED00219,7,recent_season_idx,-0.01138
MED00220,7,recent_season_idx,0.00195
MED00221,7,recent_season_idx,0.00371
MED00222,7,recent_season_idx,-0.00412
MED00223,7,recent_season_idx,-0.00581
MED00224,7,recent_season_idx,0.00357
MED00225,7,recent_season_idx,0.01069
MED00226,7,recent_season_idx,0.00591
MED00227,7,recent_season_idx,0.00827
MED00228,7,recent_season_idx,0.01622
MED00229,7,recent_season_idx,-0.00159
MED00230,7,recent_season_idx,0.00112
MED00231,7,recent_season_idx,0.00649
MED00232,7,recent_season_idx,-0.00102
MED00233,7,recent_season_idx,-0.00193
MED00234,7,recent_season_idx,0.00389
MED00235,7,recent_season_idx,0.00363
MED00236,7,recent_season_idx,0.00041
MED00237,7,recent_season_idx,0.00416
MED00238,7,recent_season_idx,0.00238
MED00239,7,recent_season_idx,0.00381
MED00240,7,recent_season_idx,0.00753
MED00241,7,recent_season_idx,-0.00078
MED00242,7,recent_season_idx,0.00082
MED00243,7,recent_season_idx,-0.00226
MED00244,7,recent_season_idx,0.00236
MED00245,7,recent_season_idx,0.00921
MED00246,7,recent_season_idx,0.00342
MED00247,7,recent_season_idx,0.00474
MED00248,7,recent_season_idx,0.00483
MED00249,7,recent_season_idx,-0.00074
MED00250,7,recent_season_idx,0.00529
MED00251,7,recent_season_idx,0.00195
MED00252,7,recent_season_idx,0.01716
MED00253,7,recent_season_idx,0.00193
MED00254,7,recent_season_idx,0.00595
MED00255,7,recent_season_idx,0.00307
MED00256,7,recent_season_idx,0.0044
MED00257,7,recent_season_idx,0.00696
MED00258,7,recent_season_idx,0.00232
MED00259,7,recent_season_idx,0.00325
MED00260,7,recent_season_idx,-0.00728
MED00261,7,recent_season_idx,-0.00189
MED00262,7,recent_season_idx,0.00501
MED00263,7,recent_season_idx,0.00652
MED00264,7,recent_season_idx,-0.00383
MED00265,7,recent_season_idx,0.00604
MED00266,7,recent_season_idx,-0.00717
MED00267,7,recent_season_idx,0.00378
MED00268,7,recent_season_idx,0.00291
MED00269,7,recent_season_idx,0.00498
MED00270,7,recent_season_idx,0.00641
MED00271,7,recent_season_idx,0.01754
MED00272,7,recent_season_idx,0.00391
MED00273,7,recent_season_idx,0.00027
MED00274,7,recent_season_idx,-0.00223
MED00275,7,recent_season_idx,0.00687
MED00276,7,recent_season_idx,0.0047
MED00277,7,recent_season_idx,-0.00261
MED00278,7,recent_season_idx,0.0102
MED00279,7,recent_season_idx,-0.00186
MED00280,7,recent_season_idx,-0.00183
MED00281,7,recent_season_idx,0.00606
MED00282,7,recent_season_idx,0.00381
MED00283,7,recent_season_idx,0.00106
MED00284,7,recent_season_idx,0.01186
MED00285,7,recent_season_idx,0.00473
MED00286,7,recent_season_idx,0.00338
MED00287,7,recent_season_idx,0.00412
MED00288,7,recent_season_idx,0.00909
MED00289,7,recent_season_idx,0.00195
MED00290,7,recent_season_idx,0.00471
MED00291,7,recent_season_idx,-0.00033
MED00292,7,recent_season_idx,0.00696
MED00293,7,recent_season_idx,0.00125
MED00294,7,recent_season_idx,0.00783
MED00295,7,recent_season_idx,-0.00205
MED00296,7,recent_season_idx,0.00338
MED00297,7,recent_season_idx,0.00328
MED00298,7,recent_season_idx,0.00555
MED00299,7,recent_season_idx,-0.00192
MED00300,7,recent_season_idx,0.00305
MED00301,7,recent_season_idx,0.00517
MED00302,7,recent_season_idx,-0.00345
MED00303,7,recent_season_idx,0.00758
MED00304,7,recent_season_idx,0.00471
MED00305,7,recent_season_idx,0.00376
MED00306,7,recent_season_idx,-0.00255
MED00307,7,recent_season_idx,0.00151
MED00308,7,recent_season_idx,-0.00298
MED00309,7,recent_season_idx,0.00106
MED00310,7,recent_season_idx,0.00264
MED00311,7,recent_season_idx,0.00329
MED00312,7,recent_season_idx,-0.00032
MED00313,7,recent_season_idx,-0.00434
MED00314,7,recent_season_idx,-0.00337
MED00315,7,recent_season_idx,0.0041
MED00316,7,recent_season_idx,0.00295
MED00317,7,recent_season_idx,0.0018
MED00318,7,recent_season_idx,0.01082
MED00319,7,recent_season_idx,0.00385
MED00320,7,recent_season_idx,0.00031
MED00321,7,recent_season_idx,-0.00174
MED00322,7,recent_season_idx,-0.00272
MED00323,7,recent_season_idx,-0.00115
MED00324,7,recent_season_idx,0.00657
MED00325,7,recent_season_idx,0.00627
MED00326,7,recent_season_idx,0.00409
MED00327,7,recent_season_idx,0.00255
MED00328,7,recent_season_idx,0.00378
MED00329,7,recent_season_idx,0.00387
MED00330,7,recent_season_idx,0.00728
MED00331,7,recent_season_idx,0.00817
MED00332,7,recent_season_idx,0.00243
MED00333,7,recent_season_idx,0.01608
MED00334,7,recent_season_idx,-0.00104
MED00335,7,recent_season_idx,0.00012
MED00336,7,recent_season_idx,0.00793
MED00337,7,recent_season_idx,0.0013
MED00338,7,recent_season_idx,-0.00559
MED00339,7,recent_season_idx,0.00878
MED00340,7,recent_season_idx,-0.00106
MED00341,7,recent_season_idx,-0.00369
MED00342,7,recent_season_idx,0.00299
MED00343,7,recent_season_idx,0.0039
MED00344,7,recent_season_idx,0.0027
MED00345,7,recent_season_idx,-0.00281
MED00346,7,recent_season_idx,0.00252
MED00347,7,recent_season_idx,-0.00203
MED00348,7,recent_season_idx,0.00633
MED00349,7,recent_season_idx,0.0031
MED00350,7,recent_season_idx,-0.00557
MED00351,7,recent_season_idx,-0.00265
MED00352,7,recent_season_idx,-0.01026
MED00353,7,recent_season_idx,-0.00242
MED00354,7,recent_season_idx,-0.00168
MED00355,7,recent_season_idx,0.01081
MED00356,7,recent_season_idx,0.00793
MED00357,7,recent_season_idx,-0.00299
MED00358,7,recent_season_idx,0.00331
MED00359,7,recent_season_idx,0.00127
MED00360,7,recent_season_idx,0.01002
MED00361,7,recent_season_idx,0.00746
MED00362,7,recent_season_idx,0.00576
MED00363,7,recent_season_idx,0.00228
MED00364,7,recent_season_idx,-0.002
MED00365,7,recent_season_idx,0.00134
MED00366,7,recent_season_idx,0.00408
MED00367,7,recent_season_idx,0.00141
MED00368,7,recent_season_idx,0.00433
MED00369,7,recent_season_idx,0.00857
MED00370,7,recent_season_idx,-0.00281
MED00371,7,recent_season_idx,-0.00676
MED00372,7,recent_season_idx,-0.0026
MED00373,7,recent_season_idx,-0.00179
MED00374,7,recent_season_idx,0.00626
MED00375,7,recent_season_idx,-0.00816
MED00376,7,recent_season_idx,0.00132
MED00377,7,recent_season_idx,0.00053
MED00378,7,recent_season_idx,0.00275
MED00379,7,recent_season_idx,-0.00218
MED00380,7,recent_season_idx,-0.00266
MED00381,7,recent_season_idx,-0.00263
MED00382,7,recent_season_idx,0.01082
MED00383,7,recent_season_idx,-0.00277
MED00384,7,recent_season_idx,0.00439
MED00385,7,recent_season_idx,0.00193
MED00386,7,recent_season_idx,0.00043
MED00387,7,recent_season_idx,0.00392
MED00388,7,recent_season_idx,-0.05911
MED00389,7,recent_season_idx,0.00456
MED00390,7,recent_season_idx,0.00688
MED00391,7,recent_season_idx,0.00718
MED00392,7,recent_season_idx,0.00739
MED00393,7,recent_season_idx,0.00146
MED00394,7,recent_season_idx,0.00674
MED00395,7,recent_season_idx,0.00296
MED00396,7,recent_season_idx,-0.00282
MED00397,7,recent_season_idx,0.00241
MED00398,7,recent_season_idx,0.01044
MED00399,7,recent_season_idx,0.00494
MED00400,7,recent_season_idx,-0.00557
MED00401,7,recent_season_idx,0.00302
MED00402,7,recent_season_idx,0.00201
MED00403,7,recent_season_idx,-0.0055
MED00404,7,recent_season_idx,0.00143
MED00405,7,recent_season_idx,0.00153
MED00406,7,recent_season_idx,0.0056
MED00407,7,recent_season_idx,0.00405
MED00408,7,recent_season_idx,0.00068
MED00409,7,recent_season_idx,-0.00161
MED00410,7,recent_season_idx,0.00114
MED00411,7,recent_season_idx,0.00633
MED00412,7,recent_season_idx,0.00323
MED00413,7,recent_season_idx,0.00318
MED00414,7,recent_season_idx,0.00686
MED00415,7,recent_season_idx,0.00442
MED00416,7,recent_season_idx,0.00603
MED00417,7,recent_season_idx,0.00087
MED00418,7,recent_season_idx,0.00581
MED00419,7,recent_season_idx,0.0035
MED00420,7,recent_season_idx,0.00854
MED00421,7,recent_season_idx,0.00817
MED00422,7,recent_season_idx,0.00483
MED00423,7,recent_season_idx,0.00281
MED00424,7,recent_season_idx,0.00559
MED00001,8,recent_season_idx,0.00763
MED00002,8,recent_season_idx,-0.00176
MED00003,8,recent_season_idx,-0.00612
MED00004,8,recent_season_idx,-0.00413
MED00005,8,recent_season_idx,-0.00314
MED00006,8,recent_season_idx,0.00478
MED00007,8,recent_season_idx,0.00109
MED00008,8,recent_season_idx,0.00134
MED00009,8,recent_season_idx,0.00447
MED00010,8,recent_season_idx,-0.00601
MED00011,8,recent_season_idx,-0.0019
MED00012,8,recent_season_idx,0.00154
MED00013,8,recent_season_idx,0.00544
MED00014,8,recent_season_idx,0.0052
MED00015,8,recent_season_idx,-0.00704
MED00016,8,recent_season_idx,0.00863
MED00017,8,recent_season_idx,0.00318
MED00018,8,recent_season_idx,0.00501
MED00019,8,recent_season_idx,0.00775
MED00020,8,recent_season_idx,-0.00551
MED00021,8,recent_season_idx,0.00185
MED00022,8,recent_season_idx,0.00185
MED00023,8,recent_season_idx,0.01451
MED00024,8,recent_season_idx,0.00363
MED00025,8,recent_season_idx,-0.00472
MED00026,8,recent_season_idx,-0.00056
MED00027,8,recent_season_idx,-0.00464
MED00028,8,recent_season_idx,-0.0034
MED00029,8,recent_season_idx,0.00612
MED00030,8,recent_season_idx,0.00378
MED00031,8,recent_season_idx,0.00611
MED00032,8,recent_season_idx,0.00845
MED00033,8,recent_season_idx,-0.00424
MED00034,8,recent_season_idx,-0.00545
MED00035,8,recent_season_idx,-0.00435
MED00036,8,recent_season_idx,-0.00257
MED00037,8,recent_season_idx,0.00325
MED00038,8,recent_season_idx,0.00797
MED00039,8,recent_season_idx,-0.00246
MED00040,8,recent_season_idx,-0.00334
MED00041,8,recent_season_idx,-0.00323
MED00042,8,recent_season_idx,-0.00555
MED00043,8,recent_season_idx,-0.00696
MED00044,8,recent_season_idx,0.00737
MED00045,8,recent_season_idx,0.00419
MED00046,8,recent_season_idx,0.00636
MED00047,8,recent_season_idx,0.00451
MED00048,8,recent_season_idx,0.01263
MED00049,8,recent_season_idx,-0.00282
MED00050,8,recent_season_idx,-0.00159
MED00051,8,recent_season_idx,-0.00194
MED00052,8,recent_season_idx,-0.00434
MED00053,8,recent_season_idx,0.00543
MED00054,8,recent_season_idx,0.00168
MED00055,8,recent_season_idx,-0.00706
MED00056,8,recent_season_idx,-0.00436
MED00057,8,recent_season_idx,-0.00395
MED00058,8,recent_season_idx,0.00461
MED00059,8,recent_season_idx,0.00526
MED00060,8,recent_season_idx,0.00323
MED00061,8,recent_season_idx,-0.00281
MED00062,8,recent_season_idx,0.00575
MED00063,8,recent_season_idx,-0.00221
MED00064,8,recent_season_idx,0.00831
MED00065,8,recent_season_idx,0.00146
MED00066,8,recent_season_idx,-0.00506
MED00067,8,recent_season_idx,0.00569
MED00068,8,recent_season_idx,0.00374
MED00069,8,recent_season_idx,0.00501
MED00070,8,recent_season_idx,0.00737
MED00071,8,recent_season_idx,0.00655
MED00072,8,recent_season_idx,0.0094
MED00073,8,recent_season_idx,0.00506
MED00074,8,recent_season_idx,0.00363
MED00075,8,recent_season_idx,0.0042
MED00076,8,recent_season_idx,-0.00159
MED00077,8,recent_season_idx,0.00727
MED00078,8,recent_season_idx,0.00561
MED00079,8,recent_season_idx,0.01195
MED00080,8,recent_season_idx,0.00632
MED00081,8,recent_season_idx,-0.00701
MED00082,8,recent_season_idx,0.00374
MED00083,8,recent_season_idx,0.00245
MED00084,8,recent_season_idx,-0.00966
MED00085,8,recent_season_idx,0.00458
MED00086,8,recent_season_idx,0.01097
MED00087,8,recent_season_idx,0.00166
MED00088,8,recent_season_idx,-0.00552
MED00089,8,recent_season_idx,-0.00801
MED00090,8,recent_season_idx,0.00591
MED00091,8,recent_season_idx,0.00948
MED00092,8,recent_season_idx,0.01008
MED00093,8,recent_season_idx,-0.00696
MED00094,8,recent_season_idx,-0.00488
MED00095,8,recent_season_idx,0.00357
MED00096,8,recent_season_idx,0.00731
MED00097,8,recent_season_idx,-0.00431
MED00098,8,recent_season_idx,0.00341
MED00099,8,recent_season_idx,0.00298
MED00100,8,recent_season_idx,-0.00209
MED00101,8,recent_season_idx,0.01172
MED00102,8,recent_season_idx,-0.00145
MED00103,8,recent_season_idx,0.00147
MED00104,8,recent_season_idx,0.00432
MED00105,8,recent_season_idx,-0.00427
MED00106,8,recent_season_idx,-0.00218
MED00107,8,recent_season_idx,0.00338
MED00108,8,recent_season_idx,0.003
MED00109,8,recent_season_idx,-0.00227
MED00110,8,recent_season_idx,-0.00385
MED00111,8,recent_season_idx,-0.00062
MED00112,8,recent_season_idx,0.00097
MED00113,8,recent_season_idx,0.00802
MED00114,8,recent_season_idx,-0.00022
MED00115,8,recent_season_idx,0.00314
MED00116,8,recent_season_idx,-0.0071
MED00117,8,recent_season_idx,0.00362
MED00118,8,recent_season_idx,0.00513
MED00119,8,recent_season_idx,0.00361
MED00120,8,recent_season_idx,-0.00601
MED00121,8,recent_season_idx,-0.00208
MED00122,8,recent_season_idx,0.0052
MED00123,8,recent_season_idx,-0.00212
MED00124,8,recent_season_idx,0.00437
MED00125,8,recent_season_idx,-0.00263
MED00126,8,recent_season_idx,-0.00346
MED00127,8,recent_season_idx,0.00484
MED00128,8,recent_season_idx,0.00306
MED00129,8,recent_season_idx,0.00339
MED00130,8,recent_season_idx,-0.0028
MED00131,8,recent_season_idx,0.00801
MED00132,8,recent_season_idx,-0.00211
MED00133,8,recent_season_idx,-0.00178
MED00134,8,recent_season_idx,-0.01078
MED00135,8,recent_season_idx,-0.00615
MED00136,8,recent_season_idx,0.00575
MED00137,8,recent_season_idx,-0.00833
MED00138,8,recent_season_idx,0.00656
MED00139,8,recent_season_idx,0.00292
MED00140,8,recent_season_idx,0.00165
MED00141,8,recent_season_idx,0.00337
MED00142,8,recent_season_idx,-0.00261
MED00143,8,recent_season_idx,0.00352
MED00144,8,recent_season_idx,0.00166
MED00145,8,recent_season_idx,-0.00315
MED00146,8,recent_season_idx,0.00947
MED00147,8,recent_season_idx,0.00546
MED00148,8,recent_season_idx,0.0045
MED00149,8,recent_season_idx,0.00408
MED00150,8,recent_season_idx,0.00558
MED00151,8,recent_season_idx,0.00354
MED00152,8,recent_season_idx,0.00399
MED00153,8,recent_season_idx,0.00197
MED00154,8,recent_season_idx,0.00057
MED00155,8,recent_season_idx,0.00254
MED00156,8,recent_season_idx,0.01146
MED00157,8,recent_season_idx,0.00582
MED00158,8,recent_season_idx,-0.00462
MED00159,8,recent_season_idx,-0.00396
MED00160,8,recent_season_idx,0.00401
MED00161,8,recent_season_idx,0.00638
MED00162,8,recent_season_idx,0.00333
MED00163,8,recent_season_idx,-0.00716
MED00164,8,recent_season_idx,0.0065
MED00165,8,recent_season_idx,0.00361
MED00166,8,recent_season_idx,0.00321
MED00167,8,recent_season_idx,0.00915
MED00168,8,recent_season_idx,0.00323
MED00169,8,recent_season_idx,0.0035
MED00170,8,recent_season_idx,0.00656
MED00171,8,recent_season_idx,0.00423
MED00172,8,recent_season_idx,0.01052
MED00173,8,recent_season_idx,0.00283
MED00174,8,recent_season_idx,-0.00192
MED00175,8,recent_season_idx,-0.00705
MED00176,8,recent_season_idx,-0.00323
MED00177,8,recent_season_idx,0.00042
MED00178,8,recent_season_idx,0.00625
MED00179,8,recent_season_idx,-0.00615
MED00180,8,recent_season_idx,0.00363
MED00181,8,recent_season_idx,0.0014
MED00182,8,recent_season_idx,-0.00043
MED00183,8,recent_season_idx,-0.00963
MED00184,8,recent_season_idx,-0.00141
MED00185,8,recent_season_idx,0.00768
MED00186,8,recent_season_idx,0.00353
MED00187,8,recent_season_idx,0.00389
MED00188,8,recent_season_idx,0.00566
MED00189,8,recent_season_idx,-0.00264
MED00190,8,recent_season_idx,0.00286
MED00191,8,recent_season_idx,0.00344
MED00192,8,recent_season_idx,-0.00235
MED00193,8,recent_season_idx,-0.00271
MED00194,8,recent_season_idx,0.00353
MED00195,8,recent_season_idx,0.00253
MED00196,8,recent_season_idx,0.00487
MED00197,8,recent_season_idx,0.00486
MED00198,8,recent_season_idx,0.00486
MED00199,8,recent_season_idx,0.00302
MED00200,8,recent_season_idx,0.00399
MED00201,8,recent_season_idx,0.00105
MED00202,8,recent_season_idx,0.00436
MED00203,8,recent_season_idx,0.00613
MED00204,8,recent_season_idx,0.00326
MED00205,8,recent_season_idx,-0.00418
MED00206,8,recent_season_idx,0.01437
MED00207,8,recent_season_idx,0.00099
MED00208,8,recent_season_idx,-0.00377
MED00209,8,recent_season_idx,0.00303
MED00210,8,recent_season_idx,-0.00639
MED00211,8,recent_season_idx,0.00168
MED00212,8,recent_season_idx,0.00708
MED00213,8,recent_season_idx,-0.00086
MED00214,8,recent_season_idx,0.00999
MED00215,8,recent_season_idx,0.00155
MED00216,8,recent_season_idx,-0.00257
MED00217,8,recent_season_idx,-0.00281
MED00218,8,recent_season_idx,0.00876
MED00219,8,recent_season_idx,-0.00937
MED00220,8,recent_season_idx,0.00201
MED00221,8,recent_season_idx,0.00378
MED00222,8,recent_season_idx,-0.00416
MED00223,8,recent_season_idx,-0.00582
MED00224,8,recent_season_idx,0.00363
MED00225,8,recent_season_idx,0.01069
MED00226,8,recent_season_idx,0.00444
MED00227,8,recent_season_idx,0.00829
MED00228,8,recent_season_idx,0.01593
MED00229,8,recent_season_idx,-0.00169
MED00230,8,recent_season_idx,0.00114
MED00231,8,recent_season_idx,0.00649
MED00232,8,recent_season_idx,-0.00103
MED00233,8,recent_season_idx,-0.0026
MED00234,8,recent_season_idx,0.00389
MED00235,8,recent_season_idx,0.00365
MED00236,8,recent_season_idx,0.00046
MED00237,8,recent_season_idx,0.00416
MED00238,8,recent_season_idx,0.00239
MED00239,8,recent_season_idx,0.00381
MED00240,8,recent_season_idx,0.00755
MED00241,8,recent_season_idx,-0.00129
MED00242,8,recent_season_idx,0.00205
MED00243,8,recent_season_idx,-0.00226
MED00244,8,recent_season_idx,0.00242
MED00245,8,recent_season_idx,0.00921
MED00246,8,recent_season_idx,0.00342
MED00247,8,recent_season_idx,0.00483
MED00248,8,recent_season_idx,0.00488
MED00249,8,recent_season_idx,-0.00082
MED00250,8,recent_season_idx,0.00525
MED00251,8,recent_season_idx,0.00196
MED00252,8,recent_season_idx,0.01717
MED00253,8,recent_season_idx,0.00199
MED00254,8,recent_season_idx,0.00596
MED00255,8,recent_season_idx,0.00156
MED00256,8,recent_season_idx,0.00444
MED00257,8,recent_season_idx,0.00691
MED00258,8,recent_season_idx,0.00233
MED00259,8,recent_season_idx,0.00324
MED00260,8,recent_season_idx,-0.00729
MED00261,8,recent_season_idx,-0.00191
MED00262,8,recent_season_idx,0.005
MED00263,8,recent_season_idx,0.00651
MED00264,8,recent_season_idx,-0.00393
MED00265,8,recent_season_idx,0.00613
MED00266,8,recent_season_idx,-0.00696
MED00267,8,recent_season_idx,0.0038
MED00268,8,recent_season_idx,0.0029
MED00269,8,recent_season_idx,0.00499
MED00270,8,recent_season_idx,0.00641
MED00271,8,recent_season_idx,0.01687
MED00272,8,recent_season_idx,0.00419
MED00273,8,recent_season_idx,0.00051
MED00274,8,recent_season_idx,-0.00234
MED00275,8,recent_season_idx,0.00755
MED00276,8,recent_season_idx,0.0047
MED00277,8,recent_season_idx,-0.00262
MED00278,8,recent_season_idx,0.01029
MED00279,8,recent_season_idx,-0.00188
MED00280,8,recent_season_idx,-0.00185
MED00281,8,recent_season_idx,0.00676
MED00282,8,recent_season_idx,0.00391
MED00283,8,recent_season_idx,0.00116
MED00284,8,recent_season_idx,0.01186
MED00285,8,recent_season_idx,0.00473
MED00286,8,recent_season_idx,0.00359
MED00287,8,recent_season_idx,0.00412
MED00288,8,recent_season_idx,0.00857
MED00289,8,recent_season_idx,0.00195
MED00290,8,recent_season_idx,0.00471
MED00291,8,recent_season_idx,-0.00217
MED00292,8,recent_season_idx,0.00706
MED00293,8,recent_season_idx,0.00152
MED00294,8,recent_season_idx,0.00789
MED00295,8,recent_season_idx,-0.00186
MED00296,8,recent_season_idx,0.00344
MED00297,8,recent_season_idx,0.0033
MED00298,8,recent_season_idx,0.00555
MED00299,8,recent_season_idx,-0.00203
MED00300,8,recent_season_idx,0.00311
MED00301,8,recent_season_idx,0.00518
MED00302,8,recent_season_idx,-0.00347
MED00303,8,recent_season_idx,0.00763
MED00304,8,recent_season_idx,0.00325
MED00305,8,recent_season_idx,0.00382
MED00306,8,recent_season_idx,-0.00244
MED00307,8,recent_season_idx,0.00085
MED00308,8,recent_season_idx,-0.00299
MED00309,8,recent_season_idx,0.00112
MED00310,8,recent_season_idx,0.00293
MED00311,8,recent_season_idx,0.00329
MED00312,8,recent_season_idx,-0.00043
MED00313,8,recent_season_idx,-0.00502
MED00314,8,recent_season_idx,-0.00316
MED00315,8,recent_season_idx,0.00411
MED00316,8,recent_season_idx,0.00291
MED00317,8,recent_season_idx,0.00186
MED00318,8,recent_season_idx,0.00929
MED00319,8,recent_season_idx,0.00385
MED00320,8,recent_season_idx,0.00039
MED00321,8,recent_season_idx,-0.00242
MED00322,8,recent_season_idx,-0.00277
MED00323,8,recent_season_idx,-0.00126
MED00324,8,recent_season_idx,0.00657
MED00325,8,recent_season_idx,0.00629
MED00326,8,recent_season_idx,0.00408
MED00327,8,recent_season_idx,0.00255
MED00328,8,recent_season_idx,0.00378
MED00329,8,recent_season_idx,0.00387
MED00330,8,recent_season_idx,0.00807
MED00331,8,recent_season_idx,0.00817
MED00332,8,recent_season_idx,0.00243
MED00333,8,recent_season_idx,0.01615
MED00334,8,recent_season_idx,-0.00303
MED00336,8,recent_season_idx,0.00806
MED00337,8,recent_season_idx,0.00064
MED00338,8,recent_season_idx,-0.00533
MED00339,8,recent_season_idx,0.00878
MED00340,8,recent_season_idx,-0.00113
MED00341,8,recent_season_idx,-0.0037
MED00342,8,recent_season_idx,0.00305
MED00343,8,recent_season_idx,0.00398
MED00344,8,recent_season_idx,0.00203
MED00345,8,recent_season_idx,-0.00283
MED00346,8,recent_season_idx,0.00246
MED00347,8,recent_season_idx,-0.00203
MED00348,8,recent_season_idx,0.00636
MED00349,8,recent_season_idx,0.0031
MED00350,8,recent_season_idx,-0.00625
MED00351,8,recent_season_idx,-0.00275
MED00352,8,recent_season_idx,-0.01036
MED00353,8,recent_season_idx,-0.00253
MED00354,8,recent_season_idx,-0.00178
MED00355,8,recent_season_idx,0.01082
MED00356,8,recent_season_idx,0.00792
MED00357,8,recent_season_idx,-0.00301
MED00358,8,recent_season_idx,0.00359
MED00359,8,recent_season_idx,0.00133
MED00360,8,recent_season_idx,0.01028
MED00361,8,recent_season_idx,0.00747
MED00362,8,recent_season_idx,0.00581
MED00363,8,recent_season_idx,0.00227
MED00364,8,recent_season_idx,-0.00202
MED00365,8,recent_season_idx,0.00135
MED00366,8,recent_season_idx,0.00408
MED00367,8,recent_season_idx,0.00146
MED00368,8,recent_season_idx,0.00434
MED00369,8,recent_season_idx,0.00853
MED00370,8,recent_season_idx,-0.00292
MED00371,8,recent_season_idx,-0.00605
MED00372,8,recent_season_idx,-0.00261
MED00373,8,recent_season_idx,-0.00169
MED00374,8,recent_season_idx,0.0063
MED00375,8,recent_season_idx,-0.00618
MED00376,8,recent_season_idx,0.0018
MED00377,8,recent_season_idx,0.00042
MED00378,8,recent_season_idx,0.0028
MED00379,8,recent_season_idx,-0.00286
MED00380,8,recent_season_idx,-0.00276
MED00381,8,recent_season_idx,-0.00331
MED00382,8,recent_season_idx,0.01092
MED00383,8,recent_season_idx,-0.00277
MED00384,8,recent_season_idx,0.005
MED00385,8,recent_season_idx,0.00199
MED00386,8,recent_season_idx,0.00112
MED00387,8,recent_season_idx,0.00392
MED00388,8,recent_season_idx,-0.05907
MED00389,8,recent_season_idx,0.00455
MED00390,8,recent_season_idx,0.00689
MED00391,8,recent_season_idx,0.00741
MED00392,8,recent_season_idx,0.00742
MED00393,8,recent_season_idx,0.00216
MED00394,8,recent_season_idx,0.00714
MED00395,8,recent_season_idx,0.00302
MED00396,8,recent_season_idx,-0.0027
MED00397,8,recent_season_idx,0.00234
MED00398,8,recent_season_idx,0.00977
MED00399,8,recent_season_idx,0.00428
MED00400,8,recent_season_idx,-0.00534
MED00401,8,recent_season_idx,0.00304
MED00402,8,recent_season_idx,0.00202
MED00403,8,recent_season_idx,-0.0055
MED00404,8,recent_season_idx,0.00125
MED00405,8,recent_season_idx,0.00132
MED00406,8,recent_season_idx,0.00561
MED00407,8,recent_season_idx,0.00406
MED00408,8,recent_season_idx,0.0002
MED00409,8,recent_season_idx,-0.00148
MED00410,8,recent_season_idx,0.00122
MED00411,8,recent_season_idx,0.00639
MED00412,8,recent_season_idx,0.00391
MED00413,8,recent_season_idx,0.00387
MED00414,8,recent_season_idx,0.0069
MED00415,8,recent_season_idx,0.00414
MED00416,8,recent_season_idx,0.00608
MED00417,8,recent_season_idx,0.00226
MED00418,8,recent_season_idx,0.00575
MED00419,8,recent_season_idx,0.00458
MED00420,8,recent_season_idx,0.00858
MED00421,8,recent_season_idx,0.00822
MED00422,8,recent_season_idx,0.00507
MED00423,8,recent_season_idx,0.00332
MED00424,8,recent_season_idx,0.00682
MED00001,9,recent_season_idx,0.00761
MED00002,9,recent_season_idx,-0.00162
MED00003,9,recent_season_idx,-0.00614
MED00004,9,recent_season_idx,-0.00412
MED00005,9,recent_season_idx,-0.00313
MED00006,9,recent_season_idx,0.00483
MED00007,9,recent_season_idx,0.00112
MED00008,9,recent_season_idx,0.00436
MED00009,9,recent_season_idx,0.00394
MED00010,9,recent_season_idx,-0.00602
MED00011,9,recent_season_idx,-0.00187
MED00012,9,recent_season_idx,0.00158
MED00013,9,recent_season_idx,0.00544
MED00014,9,recent_season_idx,0.00517
MED00015,9,recent_season_idx,-0.00694
MED00016,9,recent_season_idx,0.01076
MED00017,9,recent_season_idx,0.0032
MED00018,9,recent_season_idx,0.00501
MED00019,9,recent_season_idx,0.00777
MED00020,9,recent_season_idx,-0.0052
MED00021,9,recent_season_idx,0.00189
MED00022,9,recent_season_idx,0.00173
MED00023,9,recent_season_idx,0.01458
MED00024,9,recent_season_idx,0.00361
MED00025,9,recent_season_idx,-0.00463
MED00027,9,recent_season_idx,-0.00455
MED00028,9,recent_season_idx,-0.00334
MED00029,9,recent_season_idx,0.0061
MED00030,9,recent_season_idx,0.00377
MED00031,9,recent_season_idx,0.00601
MED00032,9,recent_season_idx,0.00848
MED00033,9,recent_season_idx,-0.00423
MED00034,9,recent_season_idx,-0.0054
MED00035,9,recent_season_idx,-0.00503
MED00036,9,recent_season_idx,-0.00255
MED00037,9,recent_season_idx,0.00332
MED00038,9,recent_season_idx,0.00741
MED00039,9,recent_season_idx,-0.00282
MED00040,9,recent_season_idx,-0.00326
MED00041,9,recent_season_idx,-0.0032
MED00042,9,recent_season_idx,0.00236
MED00043,9,recent_season_idx,-0.00695
MED00044,9,recent_season_idx,0.00588
MED00045,9,recent_season_idx,0.00424
MED00046,9,recent_season_idx,0.0064
MED00047,9,recent_season_idx,0.00436
MED00048,9,recent_season_idx,0.01253
MED00049,9,recent_season_idx,-0.00281
MED00050,9,recent_season_idx,-0.00159
MED00051,9,recent_season_idx,-0.00193
MED00052,9,recent_season_idx,-0.00432
MED00053,9,recent_season_idx,0.0006
MED00054,9,recent_season_idx,0.00105
MED00055,9,recent_season_idx,-0.00705
MED00056,9,recent_season_idx,-0.00426
MED00057,9,recent_season_idx,-0.00394
MED00058,9,recent_season_idx,0.00465
MED00059,9,recent_season_idx,0.0046
MED00060,9,recent_season_idx,0.00321
MED00061,9,recent_season_idx,-0.00279
MED00062,9,recent_season_idx,0.00483
MED00063,9,recent_season_idx,-0.00218
MED00064,9,recent_season_idx,0.00826
MED00065,9,recent_season_idx,0.00148
MED00066,9,recent_season_idx,-0.0047
MED00067,9,recent_season_idx,0.00501
MED00068,9,recent_season_idx,0.00323
MED00069,9,recent_season_idx,0.00505
MED00070,9,recent_season_idx,0.00668
MED00071,9,recent_season_idx,0.0064
MED00072,9,recent_season_idx,0.00943
MED00073,9,recent_season_idx,0.00509
MED00074,9,recent_season_idx,0.00347
MED00075,9,recent_season_idx,0.00406
MED00076,9,recent_season_idx,-0.00144
MED00077,9,recent_season_idx,0.00733
MED00078,9,recent_season_idx,0.0077
MED00079,9,recent_season_idx,0.01193
MED00080,9,recent_season_idx,0.00621
MED00081,9,recent_season_idx,-0.00699
MED00082,9,recent_season_idx,0.00379
MED00083,9,recent_season_idx,0.00249
MED00084,9,recent_season_idx,-0.00972
MED00085,9,recent_season_idx,0.00465
MED00086,9,recent_season_idx,0.01095
MED00087,9,recent_season_idx,0.00169
MED00088,9,recent_season_idx,-0.00558
MED00089,9,recent_season_idx,-0.00798
MED00090,9,recent_season_idx,0.00597
MED00091,9,recent_season_idx,0.00948
MED00092,9,recent_season_idx,0.01332
MED00093,9,recent_season_idx,-0.00696
MED00094,9,recent_season_idx,-0.00481
MED00095,9,recent_season_idx,0.0036
MED00096,9,recent_season_idx,0.00713
MED00097,9,recent_season_idx,-0.00432
MED00098,9,recent_season_idx,0.00339
MED00099,9,recent_season_idx,0.00307
MED00100,9,recent_season_idx,-0.00205
MED00101,9,recent_season_idx,0.01199
MED00102,9,recent_season_idx,-0.00139
MED00103,9,recent_season_idx,0.00151
MED00104,9,recent_season_idx,0.00418
MED00105,9,recent_season_idx,-0.00427
MED00106,9,recent_season_idx,-0.00217
MED00107,9,recent_season_idx,0.0034
MED00108,9,recent_season_idx,0.00301
MED00109,9,recent_season_idx,-0.00226
MED00110,9,recent_season_idx,-0.00384
MED00111,9,recent_season_idx,-0.00061
MED00112,9,recent_season_idx,0.001
MED00113,9,recent_season_idx,0.00801
MED00114,9,recent_season_idx,-0.00019
MED00115,9,recent_season_idx,0.00316
MED00116,9,recent_season_idx,-0.00855
MED00117,9,recent_season_idx,0.00366
MED00118,9,recent_season_idx,0.00514
MED00119,9,recent_season_idx,0.00365
MED00120,9,recent_season_idx,-0.00621
MED00121,9,recent_season_idx,-0.00206
MED00122,9,recent_season_idx,0.00561
MED00123,9,recent_season_idx,-0.00209
MED00124,9,recent_season_idx,0.00438
MED00125,9,recent_season_idx,-0.00262
MED00126,9,recent_season_idx,-0.00345
MED00127,9,recent_season_idx,0.00482
MED00128,9,recent_season_idx,0.0031
MED00129,9,recent_season_idx,0.00393
MED00130,9,recent_season_idx,-0.0028
MED00131,9,recent_season_idx,0.00799
MED00132,9,recent_season_idx,-0.00208
MED00133,9,recent_season_idx,-0.00176
MED00134,9,recent_season_idx,-0.01077
MED00135,9,recent_season_idx,-0.00612
MED00136,9,recent_season_idx,0.00509
MED00137,9,recent_season_idx,-0.00832
MED00138,9,recent_season_idx,0.00657
MED00139,9,recent_season_idx,0.00296
MED00140,9,recent_season_idx,0.00169
MED00141,9,recent_season_idx,0.0034
MED00142,9,recent_season_idx,-0.00259
MED00143,9,recent_season_idx,0.00314
MED00144,9,recent_season_idx,0.00164
MED00145,9,recent_season_idx,-0.00327
MED00146,9,recent_season_idx,0.0102
MED00147,9,recent_season_idx,0.00545
MED00148,9,recent_season_idx,0.00454
MED00149,9,recent_season_idx,0.00409
MED00150,9,recent_season_idx,0.00564
MED00151,9,recent_season_idx,0.00346
MED00152,9,recent_season_idx,0.00401
MED00153,9,recent_season_idx,0.00241
MED00154,9,recent_season_idx,0.00119
MED00155,9,recent_season_idx,0.00256
MED00156,9,recent_season_idx,0.01148
MED00157,9,recent_season_idx,0.0057
MED00158,9,recent_season_idx,-0.00452
MED00159,9,recent_season_idx,-0.00391
MED00160,9,recent_season_idx,0.00405
MED00161,9,recent_season_idx,0.00637
MED00162,9,recent_season_idx,0.00339
MED00163,9,recent_season_idx,-0.00715
MED00164,9,recent_season_idx,0.00656
MED00165,9,recent_season_idx,0.00359
MED00166,9,recent_season_idx,0.00325
MED00167,9,recent_season_idx,0.00864
MED00168,9,recent_season_idx,0.00327
MED00169,9,recent_season_idx,0.00354
MED00170,9,recent_season_idx,0.00663
MED00171,9,recent_season_idx,0.00422
MED00172,9,recent_season_idx,0.01056
MED00173,9,recent_season_idx,0.00286
MED00174,9,recent_season_idx,-0.00397
MED00175,9,recent_season_idx,-0.007
MED00176,9,recent_season_idx,-0.00319
MED00177,9,recent_season_idx,0.00047
MED00178,9,recent_season_idx,0.00634
MED00179,9,recent_season_idx,-0.00613
MED00180,9,recent_season_idx,0.00366
MED00181,9,recent_season_idx,0.00143
MED00182,9,recent_season_idx,-0.00038
MED00183,9,recent_season_idx,-0.00956
MED00184,9,recent_season_idx,-0.00141
MED00185,9,recent_season_idx,0.00768
MED00186,9,recent_season_idx,0.00354
MED00187,9,recent_season_idx,0.00393
MED00188,9,recent_season_idx,0.00578
MED00189,9,recent_season_idx,-0.00263
MED00190,9,recent_season_idx,0.00233
MED00191,9,recent_season_idx,0.00345
MED00192,9,recent_season_idx,-0.00234
MED00193,9,recent_season_idx,-0.00271
MED00194,9,recent_season_idx,0.00482
MED00195,9,recent_season_idx,0.00258
MED00196,9,recent_season_idx,0.00425
MED00197,9,recent_season_idx,0.00612
MED00198,9,recent_season_idx,0.00488
MED00199,9,recent_season_idx,0.00297
MED00200,9,recent_season_idx,0.00403
MED00201,9,recent_season_idx,0.00102
MED00202,9,recent_season_idx,0.00446
MED00203,9,recent_season_idx,0.00616
MED00204,9,recent_season_idx,0.00329
MED00205,9,recent_season_idx,-0.00417
MED00206,9,recent_season_idx,0.01444
MED00207,9,recent_season_idx,0.00102
MED00208,9,recent_season_idx,-0.00381
MED00209,9,recent_season_idx,0.00238
MED00210,9,recent_season_idx,-0.00642
MED00211,9,recent_season_idx,0.00171
MED00212,9,recent_season_idx,0.00706
MED00213,9,recent_season_idx,-0.00085
MED00214,9,recent_season_idx,0.00987
MED00215,9,recent_season_idx,0.00157
MED00216,9,recent_season_idx,-0.00258
MED00217,9,recent_season_idx,-0.0027
MED00218,9,recent_season_idx,0.00876
MED00219,9,recent_season_idx,-0.00926
MED00220,9,recent_season_idx,0.00203
MED00221,9,recent_season_idx,0.00228
MED00222,9,recent_season_idx,-0.00418
MED00223,9,recent_season_idx,-0.00582
MED00224,9,recent_season_idx,0.00367
MED00225,9,recent_season_idx,0.01067
MED00226,9,recent_season_idx,0.00447
MED00227,9,recent_season_idx,0.00545
MED00228,9,recent_season_idx,0.01845
MED00229,9,recent_season_idx,-0.00168
MED00230,9,recent_season_idx,0.00073
MED00231,9,recent_season_idx,0.00654
MED00232,9,recent_season_idx,-0.00101
MED00233,9,recent_season_idx,-0.00262
MED00234,9,recent_season_idx,0.00374
MED00235,9,recent_season_idx,0.00312
MED00236,9,recent_season_idx,0.00047
MED00237,9,recent_season_idx,0.00359
MED00238,9,recent_season_idx,0.00243
MED00239,9,recent_season_idx,0.00382
MED00240,9,recent_season_idx,0.00758
MED00241,9,recent_season_idx,-0.00127
MED00242,9,recent_season_idx,0.00205
MED00243,9,recent_season_idx,-0.00211
MED00244,9,recent_season_idx,0.00242
MED00245,9,recent_season_idx,0.00405
MED00246,9,recent_season_idx,0.00349
MED00247,9,recent_season_idx,0.00486
MED00248,9,recent_season_idx,0.00466
MED00249,9,recent_season_idx,-0.00079
MED00250,9,recent_season_idx,0.00371
MED00251,9,recent_season_idx,0.00198
MED00252,9,recent_season_idx,0.01656
MED00253,9,recent_season_idx,0.00202
MED00254,9,recent_season_idx,0.00536
MED00255,9,recent_season_idx,0.00129
MED00256,9,recent_season_idx,0.00445
MED00257,9,recent_season_idx,0.00635
MED00258,9,recent_season_idx,0.00236
MED00259,9,recent_season_idx,0.00332
MED00260,9,recent_season_idx,-0.00719
MED00261,9,recent_season_idx,-0.00189
MED00262,9,recent_season_idx,0.00489
MED00263,9,recent_season_idx,0.00934
MED00264,9,recent_season_idx,-0.00392
MED00265,9,recent_season_idx,0.00601
MED00266,9,recent_season_idx,-0.00692
MED00267,9,recent_season_idx,0.00382
MED00268,9,recent_season_idx,0.00294
MED00269,9,recent_season_idx,0.00499
MED00270,9,recent_season_idx,0.00923
MED00271,9,recent_season_idx,0.01705
MED00272,9,recent_season_idx,0.00386
MED00273,9,recent_season_idx,0.00152
MED00274,9,recent_season_idx,-0.00231
MED00275,9,recent_season_idx,0.00686
MED00276,9,recent_season_idx,0.00456
MED00277,9,recent_season_idx,-0.00261
MED00278,9,recent_season_idx,0.01018
MED00279,9,recent_season_idx,-0.00187
MED00280,9,recent_season_idx,-0.00174
MED00281,9,recent_season_idx,0.00694
MED00282,9,recent_season_idx,0.00387
MED00283,9,recent_season_idx,0.00115
MED00284,9,recent_season_idx,0.01173
MED00285,9,recent_season_idx,0.00471
MED00286,9,recent_season_idx,0.00342
MED00287,9,recent_season_idx,0.00406
MED00288,9,recent_season_idx,0.00853
MED00289,9,recent_season_idx,0.00143
MED00290,9,recent_season_idx,0.00472
MED00291,9,recent_season_idx,-0.00216
MED00292,9,recent_season_idx,0.00707
MED00293,9,recent_season_idx,0.0009
MED00294,9,recent_season_idx,0.00791
MED00295,9,recent_season_idx,-0.00139
MED00296,9,recent_season_idx,0.00347
MED00297,9,recent_season_idx,0.00332
MED00298,9,recent_season_idx,0.00553
MED00299,9,recent_season_idx,-0.002
MED00300,9,recent_season_idx,0.00315
MED00301,9,recent_season_idx,0.0052
MED00302,9,recent_season_idx,-0.00347
MED00303,9,recent_season_idx,0.00767
MED00304,9,recent_season_idx,0.0033
MED00305,9,recent_season_idx,0.00388
MED00306,9,recent_season_idx,-0.00244
MED00307,9,recent_season_idx,0.00091
MED00308,9,recent_season_idx,-0.0027
MED00309,9,recent_season_idx,0.00115
MED00310,9,recent_season_idx,0.00292
MED00311,9,recent_season_idx,0.00332
MED00312,9,recent_season_idx,-0.00039
MED00313,9,recent_season_idx,-0.00502
MED00314,9,recent_season_idx,-0.00311
MED00315,9,recent_season_idx,0.00385
MED00316,9,recent_season_idx,0.00293
MED00317,9,recent_season_idx,0.00189
MED00318,9,recent_season_idx,0.00914
MED00319,9,recent_season_idx,0.00386
MED00320,9,recent_season_idx,0.00035
MED00321,9,recent_season_idx,-0.00266
MED00322,9,recent_season_idx,-0.00276
MED00323,9,recent_season_idx,-0.00124
MED00324,9,recent_season_idx,0.00569
MED00325,9,recent_season_idx,0.00627
MED00326,9,recent_season_idx,0.00411
MED00327,9,recent_season_idx,0.00416
MED00328,9,recent_season_idx,0.00386
MED00329,9,recent_season_idx,0.00389
MED00330,9,recent_season_idx,0.00807
MED00331,9,recent_season_idx,0.00863
MED00332,9,recent_season_idx,0.00247
MED00333,9,recent_season_idx,0.01977
MED00334,9,recent_season_idx,-0.00301
MED00335,9,recent_season_idx,0.00012
MED00336,9,recent_season_idx,0.00808
MED00337,9,recent_season_idx,0.00084
MED00338,9,recent_season_idx,-0.00551
MED00339,9,recent_season_idx,0.00882
MED00340,9,recent_season_idx,-0.00108
MED00341,9,recent_season_idx,-0.00369
MED00342,9,recent_season_idx,0.00308
MED00343,9,recent_season_idx,0.004
MED00344,9,recent_season_idx,0.00204
MED00345,9,recent_season_idx,-0.00283
MED00346,9,recent_season_idx,0.00248
MED00347,9,recent_season_idx,-0.00206
MED00348,9,recent_season_idx,0.0064
MED00349,9,recent_season_idx,0.00311
MED00350,9,recent_season_idx,-0.00626
MED00351,9,recent_season_idx,-0.00274
MED00352,9,recent_season_idx,-0.01035
MED00353,9,recent_season_idx,-0.00252
MED00354,9,recent_season_idx,-0.00177
MED00355,9,recent_season_idx,0.01087
MED00356,9,recent_season_idx,0.00802
MED00357,9,recent_season_idx,-0.00296
MED00358,9,recent_season_idx,0.00358
MED00359,9,recent_season_idx,0.00137
MED00360,9,recent_season_idx,0.01221
MED00361,9,recent_season_idx,0.00751
MED00362,9,recent_season_idx,0.00583
MED00363,9,recent_season_idx,0.00229
MED00364,9,recent_season_idx,-0.00205
MED00365,9,recent_season_idx,0.00121
MED00366,9,recent_season_idx,0.00418
MED00367,9,recent_season_idx,0.00151
MED00368,9,recent_season_idx,0.00714
MED00369,9,recent_season_idx,0.00797
MED00370,9,recent_season_idx,-0.00328
MED00371,9,recent_season_idx,-0.006
MED00372,9,recent_season_idx,-0.0026
MED00373,9,recent_season_idx,-0.00168
MED00374,9,recent_season_idx,0.00634
MED00375,9,recent_season_idx,-0.00613
MED00376,9,recent_season_idx,0.00183
MED00377,9,recent_season_idx,0.00162
MED00378,9,recent_season_idx,0.00282
MED00379,9,recent_season_idx,-0.00322
MED00380,9,recent_season_idx,-0.00275
MED00381,9,recent_season_idx,-0.00331
MED00382,9,recent_season_idx,0.01091
MED00383,9,recent_season_idx,-0.00273
MED00384,9,recent_season_idx,0.00507
MED00385,9,recent_season_idx,0.00196
MED00386,9,recent_season_idx,0.00113
MED00387,9,recent_season_idx,0.00389
MED00388,9,recent_season_idx,-0.0589
MED00389,9,recent_season_idx,0.00445
MED00390,9,recent_season_idx,0.00688
MED00391,9,recent_season_idx,0.00738
MED00392,9,recent_season_idx,0.00705
MED00393,9,recent_season_idx,0.00207
MED00394,9,recent_season_idx,0.00705
MED00395,9,recent_season_idx,0.00303
MED00396,9,recent_season_idx,-0.00291
MED00397,9,recent_season_idx,0.00239
MED00398,9,recent_season_idx,0.00865
MED00399,9,recent_season_idx,0.00433
MED00400,9,recent_season_idx,-0.00538
MED00401,9,recent_season_idx,0.00248
MED00402,9,recent_season_idx,0.002
MED00403,9,recent_season_idx,-0.00549
MED00404,9,recent_season_idx,0.00126
MED00405,9,recent_season_idx,0.0013
MED00406,9,recent_season_idx,0.00559
MED00407,9,recent_season_idx,0.00403
MED00408,9,recent_season_idx,-0.00048
MED00409,9,recent_season_idx,-0.00149
MED00410,9,recent_season_idx,0.0012
MED00411,9,recent_season_idx,0.00645
MED00412,9,recent_season_idx,0.00374
MED00413,9,recent_season_idx,0.00392
MED00414,9,recent_season_idx,0.00681
MED00415,9,recent_season_idx,0.00408
MED00416,9,recent_season_idx,0.00613
MED00417,9,recent_season_idx,0.00222
MED00418,9,recent_season_idx,0.00501
MED00419,9,recent_season_idx,0.00448
MED00420,9,recent_season_idx,0.00882
MED00421,9,recent_season_idx,0.00812
MED00422,9,recent_season_idx,0.00511
MED00423,9,recent_season_idx,0.00339
MED00424,9,recent_season_idx,0.00679
MED00001,10,recent_season_idx,0.00778
MED00002,10,recent_season_idx,-0.00167
MED00003,10,recent_season_idx,-0.00618
MED00004,10,recent_season_idx,-0.00412
MED00005,10,recent_season_idx,-0.00311
MED00006,10,recent_season_idx,0.00483
MED00007,10,recent_season_idx,0.00103
MED00008,10,recent_season_idx,0.00415
MED00009,10,recent_season_idx,0.00401
MED00010,10,recent_season_idx,-0.00509
MED00011,10,recent_season_idx,-0.00196
MED00012,10,recent_season_idx,0.00163
MED00013,10,recent_season_idx,0.00535
MED00014,10,recent_season_idx,0.00514
MED00015,10,recent_season_idx,-0.00723
MED00016,10,recent_season_idx,0.01074
MED00017,10,recent_season_idx,0.00312
MED00018,10,recent_season_idx,0.00539
MED00019,10,recent_season_idx,0.00772
MED00020,10,recent_season_idx,-0.00519
MED00021,10,recent_season_idx,0.00213
MED00022,10,recent_season_idx,0.00183
MED00023,10,recent_season_idx,0.01465
MED00024,10,recent_season_idx,0.00374
MED00025,10,recent_season_idx,-0.0043
MED00026,10,recent_season_idx,0.0004
MED00027,10,recent_season_idx,-0.00425
MED00028,10,recent_season_idx,-0.00378
MED00029,10,recent_season_idx,0.00618
MED00030,10,recent_season_idx,0.00389
MED00031,10,recent_season_idx,0.00612
MED00032,10,recent_season_idx,0.00862
MED00033,10,recent_season_idx,-0.0042
MED00034,10,recent_season_idx,-0.00522
MED00035,10,recent_season_idx,-0.00459
MED00036,10,recent_season_idx,-0.00282
MED00037,10,recent_season_idx,0.00326
MED00038,10,recent_season_idx,0.00753
MED00039,10,recent_season_idx,-0.00273
MED00040,10,recent_season_idx,-0.00347
MED00041,10,recent_season_idx,-0.00323
MED00042,10,recent_season_idx,0.00274
MED00043,10,recent_season_idx,-0.00703
MED00044,10,recent_season_idx,0.00601
MED00045,10,recent_season_idx,0.00424
MED00046,10,recent_season_idx,0.00664
MED00047,10,recent_season_idx,0.0043
MED00048,10,recent_season_idx,0.01258
MED00049,10,recent_season_idx,-0.00284
MED00050,10,recent_season_idx,-0.00158
MED00051,10,recent_season_idx,-0.00199
MED00052,10,recent_season_idx,-0.00437
MED00053,10,recent_season_idx,0.00107
MED00054,10,recent_season_idx,0.00124
MED00055,10,recent_season_idx,-0.0066
MED00056,10,recent_season_idx,-0.00422
MED00057,10,recent_season_idx,-0.00364
MED00058,10,recent_season_idx,0.0045
MED00059,10,recent_season_idx,0.00463
MED00060,10,recent_season_idx,0.00231
MED00061,10,recent_season_idx,-0.00283
MED00062,10,recent_season_idx,0.005
MED00063,10,recent_season_idx,-0.00224
MED00064,10,recent_season_idx,0.00661
MED00065,10,recent_season_idx,0.0032
MED00066,10,recent_season_idx,-0.00477
MED00067,10,recent_season_idx,0.00492
MED00068,10,recent_season_idx,0.00186
MED00069,10,recent_season_idx,0.00522
MED00070,10,recent_season_idx,0.00677
MED00071,10,recent_season_idx,0.005
MED00072,10,recent_season_idx,0.00798
MED00073,10,recent_season_idx,0.00521
MED00074,10,recent_season_idx,0.0036
MED00075,10,recent_season_idx,0.00422
MED00076,10,recent_season_idx,-0.00149
MED00077,10,recent_season_idx,0.00751
MED00078,10,recent_season_idx,0.00782
MED00079,10,recent_season_idx,0.0119
MED00080,10,recent_season_idx,0.00633
MED00081,10,recent_season_idx,-0.00703
MED00082,10,recent_season_idx,0.004
MED00083,10,recent_season_idx,0.00227
MED00084,10,recent_season_idx,-0.0094
MED00085,10,recent_season_idx,0.00425
MED00086,10,recent_season_idx,0.01138
MED00087,10,recent_season_idx,0.00168
MED00088,10,recent_season_idx,-0.00527
MED00089,10,recent_season_idx,-0.00761
MED00090,10,recent_season_idx,0.00603
MED00091,10,recent_season_idx,0.00957
MED00092,10,recent_season_idx,0.01324
MED00093,10,recent_season_idx,-0.00667
MED00094,10,recent_season_idx,-0.00452
MED00095,10,recent_season_idx,0.00351
MED00096,10,recent_season_idx,0.00712
MED00097,10,recent_season_idx,-0.0039
MED00098,10,recent_season_idx,0.00331
MED00099,10,recent_season_idx,0.00338
MED00100,10,recent_season_idx,-0.00211
MED00101,10,recent_season_idx,0.01188
MED00102,10,recent_season_idx,-0.00138
MED00103,10,recent_season_idx,0.00152
MED00104,10,recent_season_idx,0.00411
MED00105,10,recent_season_idx,-0.00434
MED00106,10,recent_season_idx,-0.00223
MED00107,10,recent_season_idx,0.00335
MED00108,10,recent_season_idx,0.00295
MED00109,10,recent_season_idx,-0.00226
MED00110,10,recent_season_idx,-0.00381
MED00111,10,recent_season_idx,-0.00048
MED00112,10,recent_season_idx,0.00092
MED00113,10,recent_season_idx,0.00792
MED00114,10,recent_season_idx,-0.00016
MED00115,10,recent_season_idx,0.00308
MED00116,10,recent_season_idx,-0.00866
MED00117,10,recent_season_idx,0.00365
MED00118,10,recent_season_idx,0.00505
MED00119,10,recent_season_idx,0.00357
MED00120,10,recent_season_idx,-0.00598
MED00121,10,recent_season_idx,-0.00207
MED00122,10,recent_season_idx,0.00555
MED00123,10,recent_season_idx,-0.00212
MED00124,10,recent_season_idx,0.0043
MED00125,10,recent_season_idx,-0.00265
MED00126,10,recent_season_idx,-0.00344
MED00127,10,recent_season_idx,0.0049
MED00128,10,recent_season_idx,0.00302
MED00129,10,recent_season_idx,0.00393
MED00130,10,recent_season_idx,-0.00287
MED00131,10,recent_season_idx,0.00812
MED00132,10,recent_season_idx,-0.00211
MED00133,10,recent_season_idx,-0.00175
MED00134,10,recent_season_idx,-0.01076
MED00135,10,recent_season_idx,-0.00591
MED00136,10,recent_season_idx,0.00502
MED00137,10,recent_season_idx,-0.00741
MED00138,10,recent_season_idx,0.00649
MED00139,10,recent_season_idx,0.00296
MED00140,10,recent_season_idx,0.00161
MED00141,10,recent_season_idx,0.00365
MED00142,10,recent_season_idx,-0.00214
MED00143,10,recent_season_idx,0.00348
MED00144,10,recent_season_idx,0.00246
MED00145,10,recent_season_idx,-0.00332
MED00146,10,recent_season_idx,0.01009
MED00147,10,recent_season_idx,0.00552
MED00148,10,recent_season_idx,0.00471
MED00149,10,recent_season_idx,0.00346
MED00150,10,recent_season_idx,0.00581
MED00151,10,recent_season_idx,0.00338
MED00152,10,recent_season_idx,0.00393
MED00153,10,recent_season_idx,0.00241
MED00154,10,recent_season_idx,0.00109
MED00155,10,recent_season_idx,0.00248
MED00156,10,recent_season_idx,0.01165
MED00157,10,recent_season_idx,0.00561
MED00158,10,recent_season_idx,-0.00422
MED00159,10,recent_season_idx,-0.00369
MED00160,10,recent_season_idx,0.00342
MED00161,10,recent_season_idx,0.00674
MED00162,10,recent_season_idx,0.00339
MED00163,10,recent_season_idx,-0.00716
MED00164,10,recent_season_idx,0.00677
MED00165,10,recent_season_idx,0.00355
MED00166,10,recent_season_idx,0.00327
MED00167,10,recent_season_idx,0.00856
MED00168,10,recent_season_idx,0.00327
MED00169,10,recent_season_idx,0.00305
MED00170,10,recent_season_idx,0.00642
MED00171,10,recent_season_idx,0.00414
MED00172,10,recent_season_idx,0.01043
MED00173,10,recent_season_idx,0.00286
MED00174,10,recent_season_idx,-0.00406
MED00175,10,recent_season_idx,-0.00659
MED00176,10,recent_season_idx,-0.00328
MED00177,10,recent_season_idx,0.0008
MED00178,10,recent_season_idx,0.00634
MED00179,10,recent_season_idx,-0.00602
MED00180,10,recent_season_idx,0.00361
MED00181,10,recent_season_idx,0.00143
MED00183,10,recent_season_idx,-0.00926
MED00184,10,recent_season_idx,-0.00137
MED00185,10,recent_season_idx,0.00785
MED00186,10,recent_season_idx,0.00347
MED00187,10,recent_season_idx,0.00417
MED00188,10,recent_season_idx,0.00569
MED00189,10,recent_season_idx,-0.00266
MED00190,10,recent_season_idx,0.00233
MED00191,10,recent_season_idx,0.00336
MED00192,10,recent_season_idx,-0.00235
MED00193,10,recent_season_idx,-0.00275
MED00194,10,recent_season_idx,0.00475
MED00195,10,recent_season_idx,0.00251
MED00196,10,recent_season_idx,0.00501
MED00197,10,recent_season_idx,0.00604
MED00198,10,recent_season_idx,0.0048
MED00199,10,recent_season_idx,0.00346
MED00200,10,recent_season_idx,0.00403
MED00201,10,recent_season_idx,0.00108
MED00202,10,recent_season_idx,0.00445
MED00203,10,recent_season_idx,0.0062
MED00204,10,recent_season_idx,0.00329
MED00205,10,recent_season_idx,-0.00414
MED00206,10,recent_season_idx,0.01239
MED00207,10,recent_season_idx,0.00094
MED00208,10,recent_season_idx,-0.00403
MED00209,10,recent_season_idx,0.00229
MED00210,10,recent_season_idx,-0.00599
MED00211,10,recent_season_idx,0.00171
MED00212,10,recent_season_idx,0.00714
MED00213,10,recent_season_idx,-0.00084
MED00214,10,recent_season_idx,0.00969
MED00215,10,recent_season_idx,0.00157
MED00216,10,recent_season_idx,-0.00264
MED00217,10,recent_season_idx,-0.00275
MED00218,10,recent_season_idx,0.00871
MED00219,10,recent_season_idx,-0.00895
MED00220,10,recent_season_idx,0.00208
MED00221,10,recent_season_idx,0.00253
MED00222,10,recent_season_idx,-0.00374
MED00223,10,recent_season_idx,-0.00581
MED00224,10,recent_season_idx,0.00367
MED00225,10,recent_season_idx,0.01061
MED00226,10,recent_season_idx,0.00468
MED00227,10,recent_season_idx,0.00543
MED00228,10,recent_season_idx,0.01848
MED00229,10,recent_season_idx,-0.00167
MED00230,10,recent_season_idx,-0.00074
MED00231,10,recent_season_idx,0.00645
MED00232,10,recent_season_idx,-0.001
MED00233,10,recent_season_idx,-0.00261
MED00234,10,recent_season_idx,0.00365
MED00235,10,recent_season_idx,0.00303
MED00236,10,recent_season_idx,0.00042
MED00237,10,recent_season_idx,0.00371
MED00238,10,recent_season_idx,0.00235
MED00239,10,recent_season_idx,0.00376
MED00240,10,recent_season_idx,0.00618
MED00241,10,recent_season_idx,-0.00084
MED00242,10,recent_season_idx,0.00198
MED00243,10,recent_season_idx,-0.00217
MED00244,10,recent_season_idx,0.00227
MED00245,10,recent_season_idx,0.00396
MED00246,10,recent_season_idx,0.0034
MED00247,10,recent_season_idx,0.00423
MED00248,10,recent_season_idx,0.00472
MED00249,10,recent_season_idx,-0.00079
MED00250,10,recent_season_idx,0.00387
MED00251,10,recent_season_idx,0.0019
MED00252,10,recent_season_idx,0.01801
MED00253,10,recent_season_idx,0.00193
MED00254,10,recent_season_idx,0.0068
MED00255,10,recent_season_idx,0.00174
MED00256,10,recent_season_idx,0.00436
MED00257,10,recent_season_idx,0.00652
MED00258,10,recent_season_idx,0.00228
MED00259,10,recent_season_idx,0.00323
MED00260,10,recent_season_idx,-0.00718
MED00261,10,recent_season_idx,-0.00189
MED00262,10,recent_season_idx,0.00505
MED00263,10,recent_season_idx,0.00913
MED00264,10,recent_season_idx,-0.00392
MED00265,10,recent_season_idx,0.00594
MED00266,10,recent_season_idx,-0.00662
MED00267,10,recent_season_idx,0.00375
MED00268,10,recent_season_idx,0.00292
MED00269,10,recent_season_idx,0.00437
MED00270,10,recent_season_idx,0.00916
MED00271,10,recent_season_idx,0.01588
MED00272,10,recent_season_idx,0.00393
MED00273,10,recent_season_idx,0.00136
MED00274,10,recent_season_idx,-0.00233
MED00275,10,recent_season_idx,0.0069
MED00276,10,recent_season_idx,0.0045
MED00277,10,recent_season_idx,-0.00265
MED00278,10,recent_season_idx,0.01007
MED00279,10,recent_season_idx,-0.00184
MED00280,10,recent_season_idx,-0.00176
MED00281,10,recent_season_idx,0.00706
MED00282,10,recent_season_idx,0.00394
MED00283,10,recent_season_idx,0.00119
MED00284,10,recent_season_idx,0.01185
MED00285,10,recent_season_idx,0.00465
MED00286,10,recent_season_idx,0.00345
MED00287,10,recent_season_idx,0.00398
MED00288,10,recent_season_idx,0.0092
MED00289,10,recent_season_idx,0.00152
MED00290,10,recent_season_idx,0.00464
MED00291,10,recent_season_idx,-0.00224
MED00292,10,recent_season_idx,0.00619
MED00293,10,recent_season_idx,0.00038
MED00294,10,recent_season_idx,0.00807
MED00295,10,recent_season_idx,-0.00104
MED00296,10,recent_season_idx,0.00347
MED00297,10,recent_season_idx,0.00324
MED00298,10,recent_season_idx,0.00544
MED00299,10,recent_season_idx,-0.00204
MED00300,10,recent_season_idx,0.00314
MED00301,10,recent_season_idx,0.00512
MED00302,10,recent_season_idx,-0.00343
MED00303,10,recent_season_idx,0.00783
MED00304,10,recent_season_idx,0.00351
MED00305,10,recent_season_idx,0.00388
MED00306,10,recent_season_idx,-0.002
MED00307,10,recent_season_idx,0.0008
MED00308,10,recent_season_idx,-0.00267
MED00309,10,recent_season_idx,0.0014
MED00310,10,recent_season_idx,0.00202
MED00311,10,recent_season_idx,0.00336
MED00312,10,recent_season_idx,-0.00042
MED00313,10,recent_season_idx,-0.0052
MED00314,10,recent_season_idx,-0.0029
MED00315,10,recent_season_idx,0.00375
MED00316,10,recent_season_idx,0.00285
MED00317,10,recent_season_idx,0.00189
MED00318,10,recent_season_idx,0.00923
MED00319,10,recent_season_idx,0.00378
MED00320,10,recent_season_idx,0.00028
MED00321,10,recent_season_idx,-0.00386
MED00322,10,recent_season_idx,-0.00279
MED00323,10,recent_season_idx,-0.00127
MED00324,10,recent_season_idx,0.00613
MED00325,10,recent_season_idx,0.00618
MED00326,10,recent_season_idx,0.00403
MED00327,10,recent_season_idx,0.0041
MED00328,10,recent_season_idx,0.00376
MED00329,10,recent_season_idx,0.00381
MED00330,10,recent_season_idx,0.0081
MED00331,10,recent_season_idx,0.00855
MED00332,10,recent_season_idx,0.0024
MED00333,10,recent_season_idx,0.01968
MED00334,10,recent_season_idx,-0.00311
MED00335,10,recent_season_idx,0.00059
MED00336,10,recent_season_idx,0.0081
MED00337,10,recent_season_idx,0.00077
MED00338,10,recent_season_idx,-0.0053
MED00339,10,recent_season_idx,0.00903
MED00340,10,recent_season_idx,0.00054
MED00341,10,recent_season_idx,-0.00372
MED00342,10,recent_season_idx,0.00302
MED00343,10,recent_season_idx,0.00392
MED00344,10,recent_season_idx,0.00205
MED00345,10,recent_season_idx,-0.00287
MED00346,10,recent_season_idx,0.0024
MED00347,10,recent_season_idx,-0.00212
MED00348,10,recent_season_idx,0.00638
MED00349,10,recent_season_idx,0.00303
MED00350,10,recent_season_idx,-0.00751
MED00351,10,recent_season_idx,-0.00273
MED00352,10,recent_season_idx,-0.01034
MED00353,10,recent_season_idx,-0.0025
MED00354,10,recent_season_idx,-0.00174
MED00355,10,recent_season_idx,0.01091
MED00356,10,recent_season_idx,0.00794
MED00357,10,recent_season_idx,-0.00289
MED00358,10,recent_season_idx,0.00366
MED00359,10,recent_season_idx,0.00137
MED00360,10,recent_season_idx,0.01228
MED00361,10,recent_season_idx,0.00742
MED00362,10,recent_season_idx,0.00584
MED00363,10,recent_season_idx,0.00221
MED00364,10,recent_season_idx,-0.0021
MED00365,10,recent_season_idx,0.00112
MED00366,10,recent_season_idx,0.00408
MED00367,10,recent_season_idx,0.00151
MED00368,10,recent_season_idx,0.00707
MED00369,10,recent_season_idx,0.00801
MED00370,10,recent_season_idx,-0.00318
MED00371,10,recent_season_idx,-0.00567
MED00372,10,recent_season_idx,-0.00264
MED00373,10,recent_season_idx,-0.00173
MED00374,10,recent_season_idx,0.00647
MED00375,10,recent_season_idx,-0.00586
MED00376,10,recent_season_idx,0.00183
MED00377,10,recent_season_idx,0.00053
MED00378,10,recent_season_idx,0.00274
MED00379,10,recent_season_idx,-0.00442
MED00380,10,recent_season_idx,-0.00274
MED00381,10,recent_season_idx,-0.00329
MED00382,10,recent_season_idx,0.01098
MED00383,10,recent_season_idx,-0.00281
MED00384,10,recent_season_idx,0.00498
MED00385,10,recent_season_idx,0.00186
MED00386,10,recent_season_idx,0.00102
MED00387,10,recent_season_idx,0.00378
MED00388,10,recent_season_idx,-0.0477
MED00389,10,recent_season_idx,0.00459
MED00390,10,recent_season_idx,0.00705
MED00391,10,recent_season_idx,0.00758
MED00392,10,recent_season_idx,0.00711
MED00393,10,recent_season_idx,0.00214
MED00394,10,recent_season_idx,0.00711
MED00395,10,recent_season_idx,0.00302
MED00396,10,recent_season_idx,-0.003
MED00397,10,recent_season_idx,0.00229
MED00398,10,recent_season_idx,0.00654
MED00399,10,recent_season_idx,0.00402
MED00400,10,recent_season_idx,-0.00507
MED00401,10,recent_season_idx,0.00264
MED00402,10,recent_season_idx,0.00221
MED00403,10,recent_season_idx,-0.00516
MED00404,10,recent_season_idx,0.00118
MED00405,10,recent_season_idx,0.00122
MED00406,10,recent_season_idx,0.00553
MED00407,10,recent_season_idx,0.0042
MED00408,10,recent_season_idx,-0.00031
MED00409,10,recent_season_idx,-0.00129
MED00410,10,recent_season_idx,0.00125
MED00411,10,recent_season_idx,0.00571
MED00412,10,recent_season_idx,0.0038
MED00413,10,recent_season_idx,0.00339
MED00414,10,recent_season_idx,0.00601
MED00415,10,recent_season_idx,0.00424
MED00416,10,recent_season_idx,0.00632
MED00417,10,recent_season_idx,0.00196
MED00418,10,recent_season_idx,0.00508
MED00419,10,recent_season_idx,0.00425
MED00420,10,recent_season_idx,0.00714
MED00421,10,recent_season_idx,0.00834
MED00422,10,recent_season_idx,0.00531
MED00423,10,recent_season_idx,0.0033
MED00424,10,recent_season_idx,0.003
MED00001,11,recent_season_idx,0.00826
MED00002,11,recent_season_idx,-0.00188
MED00003,11,recent_season_idx,-0.0064
MED00004,11,recent_season_idx,-0.00403
MED00005,11,recent_season_idx,-0.00305
MED00006,11,recent_season_idx,0.00463
MED00007,11,recent_season_idx,0.00091
MED00008,11,recent_season_idx,0.00392
MED00009,11,recent_season_idx,0.00406
MED00010,11,recent_season_idx,-0.00483
MED00011,11,recent_season_idx,-0.0021
MED00012,11,recent_season_idx,0.00141
MED00013,11,recent_season_idx,0.0052
MED00014,11,recent_season_idx,0.00562
MED00015,11,recent_season_idx,-0.00745
MED00016,11,recent_season_idx,0.01059
MED00017,11,recent_season_idx,0.0029
MED00018,11,recent_season_idx,0.0052
MED00019,11,recent_season_idx,0.0048
MED00020,11,recent_season_idx,-0.00509
MED00021,11,recent_season_idx,0.0022
MED00022,11,recent_season_idx,0.0019
MED00023,11,recent_season_idx,0.01448
MED00024,11,recent_season_idx,0.00372
MED00025,11,recent_season_idx,-0.00399
MED00026,11,recent_season_idx,0.00071
MED00027,11,recent_season_idx,-0.00393
MED00028,11,recent_season_idx,-0.00388
MED00029,11,recent_season_idx,0.00667
MED00030,11,recent_season_idx,0.00438
MED00031,11,recent_season_idx,0.00619
MED00032,11,recent_season_idx,0.00773
MED00033,11,recent_season_idx,-0.00409
MED00034,11,recent_season_idx,-0.00471
MED00035,11,recent_season_idx,-0.00429
MED00036,11,recent_season_idx,-0.00288
MED00037,11,recent_season_idx,0.00316
MED00038,11,recent_season_idx,0.00803
MED00039,11,recent_season_idx,-0.00235
MED00040,11,recent_season_idx,-0.00362
MED00041,11,recent_season_idx,-0.0033
MED00042,11,recent_season_idx,-0.00487
MED00043,11,recent_season_idx,-0.00723
MED00044,11,recent_season_idx,0.00599
MED00045,11,recent_season_idx,0.00403
MED00046,11,recent_season_idx,0.00663
MED00047,11,recent_season_idx,0.00401
MED00048,11,recent_season_idx,0.01243
MED00049,11,recent_season_idx,-0.00306
MED00050,11,recent_season_idx,-0.00164
MED00051,11,recent_season_idx,-0.00221
MED00052,11,recent_season_idx,-0.00458
MED00053,11,recent_season_idx,0.00106
MED00054,11,recent_season_idx,0.00123
MED00055,11,recent_season_idx,-0.00609
MED00056,11,recent_season_idx,-0.00397
MED00057,11,recent_season_idx,-0.00338
MED00058,11,recent_season_idx,0.00429
MED00059,11,recent_season_idx,0.00461
MED00060,11,recent_season_idx,0.0028
MED00061,11,recent_season_idx,-0.00305
MED00062,11,recent_season_idx,0.00548
MED00063,11,recent_season_idx,-0.00245
MED00064,11,recent_season_idx,0.00601
MED00065,11,recent_season_idx,0.00307
MED00066,11,recent_season_idx,-0.005
MED00067,11,recent_season_idx,0.00477
MED00068,11,recent_season_idx,0.00193
MED00069,11,recent_season_idx,0.0052
MED00070,11,recent_season_idx,0.00725
MED00071,11,recent_season_idx,0.00659
MED00072,11,recent_season_idx,0.00806
MED00073,11,recent_season_idx,0.00528
MED00074,11,recent_season_idx,0.00367
MED00075,11,recent_season_idx,0.00418
MED00076,11,recent_season_idx,-0.00171
MED00077,11,recent_season_idx,0.008
MED00078,11,recent_season_idx,0.0078
MED00079,11,recent_season_idx,0.01176
MED00080,11,recent_season_idx,0.0064
MED00081,11,recent_season_idx,-0.00725
MED00082,11,recent_season_idx,0.00398
MED00083,11,recent_season_idx,0.00264
MED00084,11,recent_season_idx,-0.00449
MED00085,11,recent_season_idx,0.00411
MED00086,11,recent_season_idx,0.01171
MED00087,11,recent_season_idx,0.0014
MED00088,11,recent_season_idx,-0.00472
MED00089,11,recent_season_idx,-0.00699
MED00090,11,recent_season_idx,0.00587
MED00091,11,recent_season_idx,0.00956
MED00092,11,recent_season_idx,0.0131
MED00093,11,recent_season_idx,-0.00644
MED00094,11,recent_season_idx,-0.00407
MED00095,11,recent_season_idx,0.00337
MED00096,11,recent_season_idx,0.00761
MED00097,11,recent_season_idx,-0.00355
MED00098,11,recent_season_idx,0.0031
MED00099,11,recent_season_idx,0.00383
MED00100,11,recent_season_idx,-0.00233
MED00101,11,recent_season_idx,0.01178
MED00102,11,recent_season_idx,-0.00161
MED00103,11,recent_season_idx,0.00129
MED00104,11,recent_season_idx,0.00399
MED00105,11,recent_season_idx,-0.0044
MED00106,11,recent_season_idx,-0.00246
MED00107,11,recent_season_idx,0.00312
MED00108,11,recent_season_idx,0.00272
MED00109,11,recent_season_idx,-0.00214
MED00110,11,recent_season_idx,-0.00369
MED00111,11,recent_season_idx,-0.00058
MED00112,11,recent_season_idx,0.00111
MED00113,11,recent_season_idx,0.00778
MED00114,11,recent_season_idx,-0.0003
MED00115,11,recent_season_idx,0.00286
MED00116,11,recent_season_idx,-0.00881
MED00117,11,recent_season_idx,0.00351
MED00118,11,recent_season_idx,0.00492
MED00119,11,recent_season_idx,0.00334
MED00120,11,recent_season_idx,-0.00544
MED00121,11,recent_season_idx,-0.00213
MED00122,11,recent_season_idx,0.00544
MED00123,11,recent_season_idx,-0.00233
MED00124,11,recent_season_idx,0.00407
MED00125,11,recent_season_idx,-0.00286
MED00126,11,recent_season_idx,-0.00332
MED00127,11,recent_season_idx,0.00487
MED00128,11,recent_season_idx,0.00279
MED00129,11,recent_season_idx,0.00373
MED00130,11,recent_season_idx,-0.00306
MED00131,11,recent_season_idx,0.0081
MED00132,11,recent_season_idx,-0.00217
MED00133,11,recent_season_idx,-0.00181
MED00134,11,recent_season_idx,-0.01065
MED00135,11,recent_season_idx,-0.0054
MED00136,11,recent_season_idx,0.00456
MED00137,11,recent_season_idx,-0.00701
MED00138,11,recent_season_idx,0.00629
MED00139,11,recent_season_idx,0.00274
MED00140,11,recent_season_idx,0.00139
MED00141,11,recent_season_idx,0.00414
MED00142,11,recent_season_idx,-0.00181
MED00143,11,recent_season_idx,0.00328
MED00144,11,recent_season_idx,0.00225
MED00145,11,recent_season_idx,-0.00342
MED00146,11,recent_season_idx,0.00998
MED00147,11,recent_season_idx,0.00455
MED00148,11,recent_season_idx,0.00424
MED00149,11,recent_season_idx,0.00323
MED00150,11,recent_season_idx,0.00564
MED00151,11,recent_season_idx,0.00315
MED00152,11,recent_season_idx,0.00371
MED00153,11,recent_season_idx,0.00218
MED00154,11,recent_season_idx,0.00094
MED00155,11,recent_season_idx,0.00228
MED00156,11,recent_season_idx,0.01075
MED00157,11,recent_season_idx,0.00556
MED00158,11,recent_season_idx,-0.00391
MED00159,11,recent_season_idx,-0.00312
MED00160,11,recent_season_idx,0.00318
MED00161,11,recent_season_idx,0.00657
MED00162,11,recent_season_idx,0.00311
MED00163,11,recent_season_idx,-0.00737
MED00164,11,recent_season_idx,0.00675
MED00165,11,recent_season_idx,0.00276
MED00166,11,recent_season_idx,0.00305
MED00167,11,recent_season_idx,0.00843
MED00168,11,recent_season_idx,0.00307
MED00169,11,recent_season_idx,0.00244
MED00170,11,recent_season_idx,0.00628
MED00171,11,recent_season_idx,0.00391
MED00172,11,recent_season_idx,0.01035
MED00173,11,recent_season_idx,0.00265
MED00174,11,recent_season_idx,-0.00421
MED00175,11,recent_season_idx,-0.00627
MED00176,11,recent_season_idx,-0.0034
MED00177,11,recent_season_idx,0.0011
MED00178,11,recent_season_idx,0.0061
MED00179,11,recent_season_idx,-0.00599
MED00180,11,recent_season_idx,0.0034
MED00181,11,recent_season_idx,0.0012
MED00182,11,recent_season_idx,0.00026
MED00183,11,recent_season_idx,-0.00869
MED00184,11,recent_season_idx,-0.00146
MED00185,11,recent_season_idx,0.00784
MED00186,11,recent_season_idx,0.00311
MED00187,11,recent_season_idx,0.00415
MED00188,11,recent_season_idx,0.00556
MED00189,11,recent_season_idx,-0.00288
MED00190,11,recent_season_idx,0.00252
MED00191,11,recent_season_idx,0.00322
MED00192,11,recent_season_idx,-0.00256
MED00193,11,recent_season_idx,-0.00296
MED00194,11,recent_season_idx,0.00452
MED00195,11,recent_season_idx,0.00224
MED00196,11,recent_season_idx,0.00429
MED00197,11,recent_season_idx,0.0058
MED00198,11,recent_season_idx,0.0046
MED00199,11,recent_season_idx,0.0034
MED00200,11,recent_season_idx,0.00382
MED00201,11,recent_season_idx,0.00158
MED00202,11,recent_season_idx,0.00422
MED00203,11,recent_season_idx,0.00627
MED00204,11,recent_season_idx,0.00306
MED00205,11,recent_season_idx,-0.00414
MED00206,11,recent_season_idx,0.01231
MED00207,11,recent_season_idx,0.00071
MED00208,11,recent_season_idx,-0.00402
MED00209,11,recent_season_idx,0.0022
MED00210,11,recent_season_idx,-0.00543
MED00211,11,recent_season_idx,0.00151
MED00212,11,recent_season_idx,0.00711
MED00213,11,recent_season_idx,-0.00074
MED00214,11,recent_season_idx,0.0096
MED00215,11,recent_season_idx,0.00137
MED00216,11,recent_season_idx,-0.00285
MED00217,11,recent_season_idx,-0.00296
MED00218,11,recent_season_idx,0.00859
MED00219,11,recent_season_idx,-0.00848
MED00220,11,recent_season_idx,0.00186
MED00221,11,recent_season_idx,0.00404
MED00222,11,recent_season_idx,-0.00341
MED00223,11,recent_season_idx,-0.00591
MED00224,11,recent_season_idx,0.00346
MED00225,11,recent_season_idx,0.01054
MED00226,11,recent_season_idx,0.00466
MED00227,11,recent_season_idx,0.00536
MED00228,11,recent_season_idx,0.01856
MED00229,11,recent_season_idx,-0.00169
MED00230,11,recent_season_idx,-0.00088
MED00231,11,recent_season_idx,0.00631
MED00232,11,recent_season_idx,-0.00105
MED00233,11,recent_season_idx,-0.00282
MED00234,11,recent_season_idx,0.00352
MED00235,11,recent_season_idx,0.0029
MED00236,11,recent_season_idx,0.00028
MED00237,11,recent_season_idx,0.00421
MED00238,11,recent_season_idx,0.00208
MED00239,11,recent_season_idx,0.00355
MED00240,11,recent_season_idx,0.00667
MED00241,11,recent_season_idx,-0.00107
MED00242,11,recent_season_idx,0.00121
MED00243,11,recent_season_idx,-0.00238
MED00244,11,recent_season_idx,0.00205
MED00245,11,recent_season_idx,0.00373
MED00246,11,recent_season_idx,0.00327
MED00247,11,recent_season_idx,0.004
MED00248,11,recent_season_idx,0.00478
MED00249,11,recent_season_idx,-0.00093
MED00250,11,recent_season_idx,0.00436
MED00251,11,recent_season_idx,0.00167
MED00252,11,recent_season_idx,0.01835
MED00253,11,recent_season_idx,0.00157
MED00254,11,recent_season_idx,0.00714
MED00255,11,recent_season_idx,0.00172
MED00256,11,recent_season_idx,0.00425
MED00257,11,recent_season_idx,0.00701
MED00258,11,recent_season_idx,0.00207
MED00259,11,recent_season_idx,0.00309
MED00260,11,recent_season_idx,-0.00719
MED00261,11,recent_season_idx,-0.0019
MED00262,11,recent_season_idx,0.00512
MED00263,11,recent_season_idx,0.00898
MED00264,11,recent_season_idx,-0.0038
MED00265,11,recent_season_idx,0.00542
MED00266,11,recent_season_idx,-0.006
MED00267,11,recent_season_idx,0.00354
MED00268,11,recent_season_idx,0.00277
MED00269,11,recent_season_idx,0.00413
MED00270,11,recent_season_idx,0.00901
MED00271,11,recent_season_idx,0.0158
MED00272,11,recent_season_idx,0.00441
MED00273,11,recent_season_idx,0.00134
MED00274,11,recent_season_idx,-0.00254
MED00275,11,recent_season_idx,0.00739
MED00276,11,recent_season_idx,0.00428
MED00277,11,recent_season_idx,-0.00287
MED00278,11,recent_season_idx,0.00991
MED00279,11,recent_season_idx,-0.00194
MED00280,11,recent_season_idx,-0.00198
MED00281,11,recent_season_idx,0.00726
MED00282,11,recent_season_idx,0.00391
MED00283,11,recent_season_idx,0.00069
MED00284,11,recent_season_idx,0.01185
MED00285,11,recent_season_idx,0.00444
MED00286,11,recent_season_idx,0.00343
MED00287,11,recent_season_idx,0.0038
MED00288,11,recent_season_idx,0.00611
MED00289,11,recent_season_idx,0.00202
MED00290,11,recent_season_idx,0.00444
MED00291,11,recent_season_idx,-0.00238
MED00292,11,recent_season_idx,0.00616
MED00293,11,recent_season_idx,0.00035
MED00294,11,recent_season_idx,0.00806
MED00295,11,recent_season_idx,-0.00073
MED00296,11,recent_season_idx,0.00326
MED00297,11,recent_season_idx,0.00301
MED00298,11,recent_season_idx,0.0053
MED00299,11,recent_season_idx,-0.0022
MED00300,11,recent_season_idx,0.00292
MED00301,11,recent_season_idx,0.00489
MED00302,11,recent_season_idx,-0.00352
MED00303,11,recent_season_idx,0.00781
MED00304,11,recent_season_idx,0.004
MED00305,11,recent_season_idx,0.00359
MED00306,11,recent_season_idx,-0.00174
MED00307,11,recent_season_idx,0.00067
MED00308,11,recent_season_idx,-0.00268
MED00309,11,recent_season_idx,0.00138
MED00310,11,recent_season_idx,0.00199
MED00311,11,recent_season_idx,0.00386
MED00312,11,recent_season_idx,-0.00054
MED00313,11,recent_season_idx,-0.00521
MED00314,11,recent_season_idx,-0.00229
MED00315,11,recent_season_idx,0.0036
MED00316,11,recent_season_idx,0.00265
MED00317,11,recent_season_idx,0.00166
MED00318,11,recent_season_idx,0.0093
MED00319,11,recent_season_idx,0.00356
MED00320,11,recent_season_idx,-0.00174
MED00321,11,recent_season_idx,-0.00386
MED00322,11,recent_season_idx,-0.00301
MED00323,11,recent_season_idx,-0.00148
MED00324,11,recent_season_idx,0.00608
MED00325,11,recent_season_idx,0.00601
MED00326,11,recent_season_idx,0.00325
MED00327,11,recent_season_idx,0.00389
MED00328,11,recent_season_idx,0.00364
MED00329,11,recent_season_idx,0.00358
MED00330,11,recent_season_idx,0.00795
MED00331,11,recent_season_idx,0.00843
MED00332,11,recent_season_idx,0.00171
MED00333,11,recent_season_idx,0.01957
MED00334,11,recent_season_idx,-0.00325
MED00335,11,recent_season_idx,0.00091
MED00336,11,recent_season_idx,0.00793
MED00337,11,recent_season_idx,0.00066
MED00338,11,recent_season_idx,-0.00473
MED00339,11,recent_season_idx,0.00901
MED00340,11,recent_season_idx,0.00087
MED00341,11,recent_season_idx,-0.00377
MED00342,11,recent_season_idx,0.00279
MED00343,11,recent_season_idx,0.00369
MED00344,11,recent_season_idx,0.00191
MED00345,11,recent_season_idx,-0.00308
MED00346,11,recent_season_idx,0.00215
MED00347,11,recent_season_idx,-0.00233
MED00348,11,recent_season_idx,0.00617
MED00349,11,recent_season_idx,0.00281
MED00350,11,recent_season_idx,-0.00752
MED00351,11,recent_season_idx,-0.00261
MED00352,11,recent_season_idx,-0.01037
MED00353,11,recent_season_idx,-0.00238
MED00354,11,recent_season_idx,-0.00162
MED00355,11,recent_season_idx,0.01077
MED00356,11,recent_season_idx,0.0078
MED00357,11,recent_season_idx,-0.00311
MED00358,11,recent_season_idx,0.00414
MED00359,11,recent_season_idx,0.00114
MED00360,11,recent_season_idx,0.01223
MED00361,11,recent_season_idx,0.00735
MED00362,11,recent_season_idx,0.00588
MED00363,11,recent_season_idx,0.00199
MED00364,11,recent_season_idx,-0.00232
MED00365,11,recent_season_idx,0.0009
MED00366,11,recent_season_idx,0.00382
MED00367,11,recent_season_idx,0.00131
MED00368,11,recent_season_idx,0.00693
MED00369,11,recent_season_idx,0.00851
MED00370,11,recent_season_idx,-0.00284
MED00371,11,recent_season_idx,-0.00499
MED00372,11,recent_season_idx,-0.00285
MED00373,11,recent_season_idx,-0.00194
MED00374,11,recent_season_idx,0.00557
MED00375,11,recent_season_idx,-0.0053
MED00376,11,recent_season_idx,0.00161
MED00377,11,recent_season_idx,0.00049
MED00378,11,recent_season_idx,0.00255
MED00379,11,recent_season_idx,-0.00457
MED00380,11,recent_season_idx,-0.00262
MED00381,11,recent_season_idx,-0.00318
MED00382,11,recent_season_idx,0.01097
MED00383,11,recent_season_idx,-0.00289
MED00384,11,recent_season_idx,0.00485
MED00385,11,recent_season_idx,0.00229
MED00386,11,recent_season_idx,0.00092
MED00387,11,recent_season_idx,0.00365
MED00388,11,recent_season_idx,-0.03463
MED00389,11,recent_season_idx,0.00509
MED00390,11,recent_season_idx,0.00754
MED00391,11,recent_season_idx,0.00806
MED00392,11,recent_season_idx,0.00758
MED00393,11,recent_season_idx,0.00233
MED00394,11,recent_season_idx,0.00759
MED00395,11,recent_season_idx,0.00288
MED00396,11,recent_season_idx,-0.003
MED00397,11,recent_season_idx,-0.00072
MED00398,11,recent_season_idx,0.00451
MED00399,11,recent_season_idx,0.00238
MED00400,11,recent_season_idx,-0.00447
MED00401,11,recent_season_idx,0.00262
MED00402,11,recent_season_idx,0.00219
MED00403,11,recent_season_idx,-0.00459
MED00404,11,recent_season_idx,0.00103
MED00405,11,recent_season_idx,0.00114
MED00406,11,recent_season_idx,0.00545
MED00407,11,recent_season_idx,0.00418
MED00408,11,recent_season_idx,-0.00033
MED00409,11,recent_season_idx,-0.00131
MED00410,11,recent_season_idx,0.00123
MED00411,11,recent_season_idx,0.00619
MED00412,11,recent_season_idx,0.00259
MED00413,11,recent_season_idx,0.00388
MED00414,11,recent_season_idx,0.0065
MED00415,11,recent_season_idx,0.00474
MED00416,11,recent_season_idx,0.00585
MED00417,11,recent_season_idx,0.00245
MED00418,11,recent_season_idx,0.00556
MED00419,11,recent_season_idx,0.00484
MED00420,11,recent_season_idx,0.00764
MED00421,11,recent_season_idx,0.00883
MED00422,11,recent_season_idx,0.0058
MED00423,11,recent_season_idx,0.00318
MED00424,11,recent_season_idx,0.00235
MED00001,12,recent_season_idx,0.00816
MED00002,12,recent_season_idx,-0.00125
MED00003,12,recent_season_idx,-0.004
MED00004,12,recent_season_idx,-0.00408
MED00005,12,recent_season_idx,-0.00304
MED00006,12,recent_season_idx,0.00451
MED00007,12,recent_season_idx,0.00071
MED00008,12,recent_season_idx,0.00406
MED00009,12,recent_season_idx,0.00388
MED00010,12,recent_season_idx,-0.00479
MED00011,12,recent_season_idx,-0.00217
MED00012,12,recent_season_idx,0.00142
MED00013,12,recent_season_idx,0.00598
MED00014,12,recent_season_idx,0.00497
MED00015,12,recent_season_idx,-0.00451
MED00016,12,recent_season_idx,0.01052
MED00017,12,recent_season_idx,0.00286
MED00018,12,recent_season_idx,0.00513
MED00019,12,recent_season_idx,0.00479
MED00020,12,recent_season_idx,-0.0051
MED00021,12,recent_season_idx,0.00207
MED00022,12,recent_season_idx,0.00177
MED00023,12,recent_season_idx,0.01467
MED00024,12,recent_season_idx,0.00366
MED00025,12,recent_season_idx,-0.0043
MED00026,12,recent_season_idx,-0.00206
MED00027,12,recent_season_idx,-0.00425
MED00028,12,recent_season_idx,-0.00374
MED00029,12,recent_season_idx,0.00661
MED00030,12,recent_season_idx,0.00434
MED00031,12,recent_season_idx,0.00613
MED00032,12,recent_season_idx,0.00761
MED00033,12,recent_season_idx,-0.00413
MED00034,12,recent_season_idx,-0.00468
MED00035,12,recent_season_idx,-0.00898
MED00036,12,recent_season_idx,-0.0029
MED00037,12,recent_season_idx,0.00316
MED00038,12,recent_season_idx,0.00798
MED00039,12,recent_season_idx,-0.00235
MED00040,12,recent_season_idx,-0.00349
MED00041,12,recent_season_idx,-0.00303
MED00042,12,recent_season_idx,-0.00496
MED00043,12,recent_season_idx,-0.00483
MED00044,12,recent_season_idx,0.00588
MED00045,12,recent_season_idx,0.00404
MED00046,12,recent_season_idx,0.00657
MED00047,12,recent_season_idx,0.00394
MED00048,12,recent_season_idx,0.01235
MED00049,12,recent_season_idx,-0.00242
MED00050,12,recent_season_idx,-0.00164
MED00051,12,recent_season_idx,-0.00158
MED00052,12,recent_season_idx,-0.00444
MED00053,12,recent_season_idx,0.001
MED00054,12,recent_season_idx,0.00112
MED00055,12,recent_season_idx,-0.00589
MED00056,12,recent_season_idx,-0.00398
MED00057,12,recent_season_idx,-0.00321
MED00058,12,recent_season_idx,0.00429
MED00059,12,recent_season_idx,0.00258
MED00060,12,recent_season_idx,0.00262
MED00061,12,recent_season_idx,-0.00291
MED00062,12,recent_season_idx,0.00538
MED00063,12,recent_season_idx,-0.00182
MED00064,12,recent_season_idx,0.00596
MED00065,12,recent_season_idx,0.0033
MED00066,12,recent_season_idx,-0.00205
MED00067,12,recent_season_idx,0.00424
MED00068,12,recent_season_idx,0.00179
MED00069,12,recent_season_idx,0.00509
MED00070,12,recent_season_idx,0.00798
MED00071,12,recent_season_idx,0.00648
MED00072,12,recent_season_idx,0.00947
MED00073,12,recent_season_idx,0.00516
MED00074,12,recent_season_idx,0.00348
MED00075,12,recent_season_idx,0.00407
MED00076,12,recent_season_idx,-0.00108
MED00077,12,recent_season_idx,0.0078
MED00078,12,recent_season_idx,0.00768
MED00079,12,recent_season_idx,0.01176
MED00080,12,recent_season_idx,0.00626
MED00081,12,recent_season_idx,-0.00443
MED00082,12,recent_season_idx,0.00387
MED00083,12,recent_season_idx,0.00251
MED00084,12,recent_season_idx,-0.00451
MED00085,12,recent_season_idx,0.00407
MED00086,12,recent_season_idx,0.01168
MED00087,12,recent_season_idx,0.00141
MED00088,12,recent_season_idx,-0.00475
MED00089,12,recent_season_idx,-0.007
MED00090,12,recent_season_idx,0.00577
MED00091,12,recent_season_idx,0.00944
MED00092,12,recent_season_idx,0.0131
MED00093,12,recent_season_idx,-0.0067
MED00094,12,recent_season_idx,-0.00395
MED00095,12,recent_season_idx,0.00325
MED00096,12,recent_season_idx,0.00752
MED00097,12,recent_season_idx,-0.00336
MED00098,12,recent_season_idx,0.00311
MED00099,12,recent_season_idx,-0.00296
MED00100,12,recent_season_idx,-0.00169
MED00101,12,recent_season_idx,0.01122
MED00102,12,recent_season_idx,-0.00147
MED00103,12,recent_season_idx,0.0013
MED00104,12,recent_season_idx,0.004
MED00105,12,recent_season_idx,-0.00449
MED00106,12,recent_season_idx,-0.00183
MED00107,12,recent_season_idx,0.00301
MED00108,12,recent_season_idx,0.00266
MED00109,12,recent_season_idx,-0.00215
MED00110,12,recent_season_idx,-0.0028
MED00111,12,recent_season_idx,-0.00044
MED00112,12,recent_season_idx,0.00104
MED00113,12,recent_season_idx,0.00773
MED00114,12,recent_season_idx,-0.0003
MED00115,12,recent_season_idx,0.00287
MED00116,12,recent_season_idx,-0.00824
MED00117,12,recent_season_idx,0.0035
MED00118,12,recent_season_idx,0.00401
MED00119,12,recent_season_idx,0.00341
MED00120,12,recent_season_idx,-0.00549
MED00121,12,recent_season_idx,-0.00214
MED00122,12,recent_season_idx,0.00536
MED00123,12,recent_season_idx,-0.00219
MED00124,12,recent_season_idx,0.00408
MED00125,12,recent_season_idx,-0.00223
MED00126,12,recent_season_idx,-0.00333
MED00127,12,recent_season_idx,0.00476
MED00128,12,recent_season_idx,0.0028
MED00129,12,recent_season_idx,0.0032
MED00130,12,recent_season_idx,-0.00243
MED00131,12,recent_season_idx,0.00804
MED00132,12,recent_season_idx,-0.00191
MED00133,12,recent_season_idx,-0.00154
MED00134,12,recent_season_idx,-0.00435
MED00135,12,recent_season_idx,-0.00512
MED00136,12,recent_season_idx,0.00499
MED00137,12,recent_season_idx,-0.00709
MED00138,12,recent_season_idx,0.00629
MED00139,12,recent_season_idx,0.00274
MED00140,12,recent_season_idx,0.0014
MED00141,12,recent_season_idx,0.00409
MED00142,12,recent_season_idx,-0.002
MED00143,12,recent_season_idx,0.00328
MED00144,12,recent_season_idx,0.00219
MED00145,12,recent_season_idx,-0.00328
MED00146,12,recent_season_idx,0.00984
MED00147,12,recent_season_idx,0.00443
MED00148,12,recent_season_idx,0.00404
MED00149,12,recent_season_idx,0.00359
MED00150,12,recent_season_idx,0.00554
MED00151,12,recent_season_idx,0.00321
MED00152,12,recent_season_idx,0.0037
MED00153,12,recent_season_idx,0.00219
MED00154,12,recent_season_idx,0.00094
MED00155,12,recent_season_idx,0.00229
MED00156,12,recent_season_idx,0.01056
MED00157,12,recent_season_idx,0.00558
MED00158,12,recent_season_idx,-0.00422
MED00159,12,recent_season_idx,-0.00313
MED00160,12,recent_season_idx,0.0036
MED00161,12,recent_season_idx,0.0065
MED00162,12,recent_season_idx,0.00313
MED00163,12,recent_season_idx,-0.00456
MED00164,12,recent_season_idx,0.00664
MED00165,12,recent_season_idx,0.00282
MED00166,12,recent_season_idx,0.00307
MED00167,12,recent_season_idx,0.00849
MED00168,12,recent_season_idx,0.00308
MED00169,12,recent_season_idx,0.00249
MED00170,12,recent_season_idx,0.00591
MED00171,12,recent_season_idx,0.00392
MED00172,12,recent_season_idx,0.01016
MED00173,12,recent_season_idx,0.00265
MED00174,12,recent_season_idx,-0.00363
MED00175,12,recent_season_idx,-0.00609
MED00176,12,recent_season_idx,-0.0034
MED00177,12,recent_season_idx,-0.00163
MED00178,12,recent_season_idx,0.00624
MED00179,12,recent_season_idx,-0.00291
MED00180,12,recent_season_idx,0.00341
MED00181,12,recent_season_idx,0.00114
MED00182,12,recent_season_idx,-0.00251
MED00183,12,recent_season_idx,-0.00866
MED00184,12,recent_season_idx,-0.00145
MED00185,12,recent_season_idx,0.00868
MED00186,12,recent_season_idx,0.00312
MED00187,12,recent_season_idx,0.00408
MED00188,12,recent_season_idx,0.00557
MED00189,12,recent_season_idx,-0.00258
MED00190,12,recent_season_idx,0.00253
MED00191,12,recent_season_idx,0.00314
MED00192,12,recent_season_idx,-0.00193
MED00193,12,recent_season_idx,-0.00233
MED00194,12,recent_season_idx,0.00455
MED00195,12,recent_season_idx,0.00227
MED00196,12,recent_season_idx,0.00434
MED00197,12,recent_season_idx,0.00583
MED00198,12,recent_season_idx,0.0046
MED00199,12,recent_season_idx,0.00333
MED00200,12,recent_season_idx,0.00383
MED00201,12,recent_season_idx,0.00042
MED00202,12,recent_season_idx,0.00423
MED00203,12,recent_season_idx,0.00615
MED00204,12,recent_season_idx,0.00303
MED00205,12,recent_season_idx,-0.00414
MED00206,12,recent_season_idx,0.01219
MED00207,12,recent_season_idx,0.00072
MED00208,12,recent_season_idx,-0.00403
MED00209,12,recent_season_idx,0.00218
MED00210,12,recent_season_idx,-0.00541
MED00211,12,recent_season_idx,0.00151
MED00212,12,recent_season_idx,0.00702
MED00213,12,recent_season_idx,-0.00075
MED00214,12,recent_season_idx,0.00951
MED00215,12,recent_season_idx,0.0013
MED00216,12,recent_season_idx,-0.00222
MED00217,12,recent_season_idx,-0.00233
MED00218,12,recent_season_idx,0.00845
MED00219,12,recent_season_idx,-0.00817
MED00220,12,recent_season_idx,0.00187
MED00221,12,recent_season_idx,0.00398
MED00222,12,recent_season_idx,-0.00323
MED00223,12,recent_season_idx,-0.0059
MED00224,12,recent_season_idx,0.00347
MED00225,12,recent_season_idx,0.01046
MED00226,12,recent_season_idx,0.0046
MED00227,12,recent_season_idx,0.00534
MED00228,12,recent_season_idx,0.01844
MED00229,12,recent_season_idx,-0.00157
MED00230,12,recent_season_idx,-0.00089
MED00231,12,recent_season_idx,0.00631
MED00232,12,recent_season_idx,-0.00107
MED00233,12,recent_season_idx,-0.00246
MED00234,12,recent_season_idx,0.00352
MED00235,12,recent_season_idx,0.00284
MED00236,12,recent_season_idx,0.00029
MED00237,12,recent_season_idx,0.00407
MED00238,12,recent_season_idx,0.00208
MED00239,12,recent_season_idx,0.00348
MED00240,12,recent_season_idx,0.00654
MED00241,12,recent_season_idx,-0.00113
MED00242,12,recent_season_idx,0.00127
MED00243,12,recent_season_idx,-0.00175
MED00244,12,recent_season_idx,0.00205
MED00245,12,recent_season_idx,0.00369
MED00246,12,recent_season_idx,0.00327
MED00247,12,recent_season_idx,0.00401
MED00248,12,recent_season_idx,0.00467
MED00249,12,recent_season_idx,-0.00093
MED00250,12,recent_season_idx,0.00431
MED00251,12,recent_season_idx,0.00167
MED00252,12,recent_season_idx,0.01553
MED00253,12,recent_season_idx,0.0015
MED00254,12,recent_season_idx,0.00738
MED00255,12,recent_season_idx,0.00158
MED00256,12,recent_season_idx,0.00425
MED00257,12,recent_season_idx,0.00688
MED00258,12,recent_season_idx,0.00209
MED00259,12,recent_season_idx,0.00313
MED00260,12,recent_season_idx,-0.00427
MED00261,12,recent_season_idx,-0.0019
MED00262,12,recent_season_idx,0.00499
MED00263,12,recent_season_idx,0.00862
MED00264,12,recent_season_idx,-0.00291
MED00265,12,recent_season_idx,0.00535
MED00266,12,recent_season_idx,-0.00601
MED00267,12,recent_season_idx,0.00348
MED00268,12,recent_season_idx,0.00277
MED00269,12,recent_season_idx,0.00457
MED00270,12,recent_season_idx,0.00844
MED00271,12,recent_season_idx,0.0157
MED00272,12,recent_season_idx,0.0043
MED00273,12,recent_season_idx,0.00114
MED00274,12,recent_season_idx,-0.00218
MED00275,12,recent_season_idx,0.0073
MED00276,12,recent_season_idx,0.00434
MED00277,12,recent_season_idx,-0.00224
MED00278,12,recent_season_idx,0.00974
MED00279,12,recent_season_idx,-0.00193
MED00280,12,recent_season_idx,-0.00134
MED00281,12,recent_season_idx,0.00719
MED00282,12,recent_season_idx,0.00386
MED00283,12,recent_season_idx,-0.00016
MED00284,12,recent_season_idx,0.01178
MED00285,12,recent_season_idx,0.00424
MED00286,12,recent_season_idx,0.00324
MED00287,12,recent_season_idx,0.00374
MED00288,12,recent_season_idx,0.00618
MED00289,12,recent_season_idx,0.00197
MED00290,12,recent_season_idx,0.00444
MED00291,12,recent_season_idx,-0.00223
MED00292,12,recent_season_idx,0.00609
MED00293,12,recent_season_idx,0.00024
MED00294,12,recent_season_idx,0.008
MED00295,12,recent_season_idx,-0.0035
MED00296,12,recent_season_idx,0.00327
MED00297,12,recent_season_idx,0.00294
MED00298,12,recent_season_idx,0.0053
MED00299,12,recent_season_idx,-0.00192
MED00300,12,recent_season_idx,0.00298
MED00301,12,recent_season_idx,0.00482
MED00302,12,recent_season_idx,-0.00356
MED00303,12,recent_season_idx,0.00774
MED00304,12,recent_season_idx,0.00389
MED00305,12,recent_season_idx,0.0036
MED00306,12,recent_season_idx,-0.00406
MED00307,12,recent_season_idx,0.00058
MED00308,12,recent_season_idx,-0.00273
MED00309,12,recent_season_idx,0.00125
MED00310,12,recent_season_idx,0.00188
MED00311,12,recent_season_idx,0.00372
MED00312,12,recent_season_idx,-0.00027
MED00313,12,recent_season_idx,-0.00228
MED00314,12,recent_season_idx,-0.00213
MED00315,12,recent_season_idx,0.00361
MED00316,12,recent_season_idx,0.00267
MED00317,12,recent_season_idx,0.00167
MED00318,12,recent_season_idx,0.00911
MED00319,12,recent_season_idx,0.00352
MED00320,12,recent_season_idx,-0.00175
MED00321,12,recent_season_idx,-0.00386
MED00322,12,recent_season_idx,-0.00242
MED00323,12,recent_season_idx,-0.00135
MED00324,12,recent_season_idx,0.00602
MED00325,12,recent_season_idx,0.00586
MED00326,12,recent_season_idx,0.00319
MED00327,12,recent_season_idx,0.0039
MED00328,12,recent_season_idx,0.00364
MED00329,12,recent_season_idx,0.0036
MED00330,12,recent_season_idx,0.00795
MED00331,12,recent_season_idx,0.00843
MED00332,12,recent_season_idx,0.00171
MED00333,12,recent_season_idx,0.01859
MED00334,12,recent_season_idx,-0.0027
MED00335,12,recent_season_idx,0.00138
MED00336,12,recent_season_idx,0.00796
MED00337,12,recent_season_idx,0.00068
MED00338,12,recent_season_idx,-0.00475
MED00339,12,recent_season_idx,0.00895
MED00340,12,recent_season_idx,0.00098
MED00341,12,recent_season_idx,-0.00399
MED00342,12,recent_season_idx,0.00225
MED00343,12,recent_season_idx,0.00371
MED00344,12,recent_season_idx,0.00191
MED00345,12,recent_season_idx,-0.00245
MED00346,12,recent_season_idx,0.00217
MED00347,12,recent_season_idx,-0.0017
MED00348,12,recent_season_idx,0.00617
MED00349,12,recent_season_idx,0.00275
MED00350,12,recent_season_idx,-0.00752
MED00351,12,recent_season_idx,-0.00262
MED00352,12,recent_season_idx,-0.00404
MED00353,12,recent_season_idx,-0.00239
MED00354,12,recent_season_idx,-0.00167
MED00355,12,recent_season_idx,0.01068
MED00356,12,recent_season_idx,0.00725
MED00357,12,recent_season_idx,-0.00247
MED00358,12,recent_season_idx,0.00307
MED00359,12,recent_season_idx,0.00115
MED00360,12,recent_season_idx,0.01214
MED00361,12,recent_season_idx,0.00728
MED00362,12,recent_season_idx,0.00582
MED00363,12,recent_season_idx,0.002
MED00364,12,recent_season_idx,-0.00169
MED00365,12,recent_season_idx,0.00097
MED00366,12,recent_season_idx,0.00424
MED00367,12,recent_season_idx,0.00131
MED00368,12,recent_season_idx,0.0063
MED00369,12,recent_season_idx,0.00831
MED00370,12,recent_season_idx,-0.0026
MED00371,12,recent_season_idx,-0.005
MED00372,12,recent_season_idx,-0.00222
MED00373,12,recent_season_idx,-0.0018
MED00374,12,recent_season_idx,0.00546
MED00375,12,recent_season_idx,-0.00531
MED00376,12,recent_season_idx,0.00161
MED00377,12,recent_season_idx,0.00065
MED00378,12,recent_season_idx,0.00254
MED00379,12,recent_season_idx,-0.00442
MED00380,12,recent_season_idx,-0.00264
MED00381,12,recent_season_idx,-0.00318
MED00382,12,recent_season_idx,0.00988
MED00383,12,recent_season_idx,-0.00303
MED00384,12,recent_season_idx,0.00486
MED00385,12,recent_season_idx,0.00229
MED00386,12,recent_season_idx,0.00092
MED00387,12,recent_season_idx,0.00365
MED00388,12,recent_season_idx,-0.03421
MED00389,12,recent_season_idx,0.00498
MED00390,12,recent_season_idx,0.00748
MED00391,12,recent_season_idx,0.00788
MED00392,12,recent_season_idx,0.00749
MED00393,12,recent_season_idx,0.00215
MED00394,12,recent_season_idx,0.00753
MED00395,12,recent_season_idx,0.00288
MED00396,12,recent_season_idx,-0.00276
MED00397,12,recent_season_idx,-0.00072
MED00398,12,recent_season_idx,0.00452
MED00399,12,recent_season_idx,0.00243
MED00400,12,recent_season_idx,-0.00456
MED00401,12,recent_season_idx,0.00248
MED00402,12,recent_season_idx,0.00304
MED00403,12,recent_season_idx,-0.00464
MED00404,12,recent_season_idx,0.00096
MED00405,12,recent_season_idx,0.00106
MED00406,12,recent_season_idx,0.00536
MED00407,12,recent_season_idx,0.00409
MED00408,12,recent_season_idx,-0.00052
MED00409,12,recent_season_idx,-0.0015
MED00410,12,recent_season_idx,0.00112
MED00411,12,recent_season_idx,0.00609
MED00412,12,recent_season_idx,0.00248
MED00413,12,recent_season_idx,0.0028
MED00414,12,recent_season_idx,0.00641
MED00415,12,recent_season_idx,0.00463
MED00416,12,recent_season_idx,0.00574
MED00417,12,recent_season_idx,0.00235
MED00418,12,recent_season_idx,0.00538
MED00419,12,recent_season_idx,0.00465
MED00420,12,recent_season_idx,0.00752
MED00421,12,recent_season_idx,0.00872
MED00422,12,recent_season_idx,0.00472
MED00423,12,recent_season_idx,0.00317
MED00424,12,recent_season_idx,0.00288
MED00001,1,deseason_level,0.00159
MED00002,1,deseason_level,-0.02475
MED00003,1,deseason_level,-0.0327
MED00004,1,deseason_level,-0.01907
MED00005,1,deseason_level,-0.01895
MED00006,1,deseason_level,-0.01005
MED00007,1,deseason_level,-0.01916
MED00008,1,deseason_level,-0.01777
MED00009,1,deseason_level,-0.00985
MED00010,1,deseason_level,-0.0039
MED00011,1,deseason_level,0.0019
MED00012,1,deseason_level,-0.01199
MED00013,1,deseason_level,-0.00326
MED00014,1,deseason_level,0.0005
MED00015,1,deseason_level,-0.01527
MED00016,1,deseason_level,-0.00631
MED00017,1,deseason_level,-0.01701
MED00018,1,deseason_level,0.00398
MED00019,1,deseason_level,0.00051
MED00020,1,deseason_level,0.00128
MED00021,1,deseason_level,-0.00892
MED00022,1,deseason_level,-0.01596
MED00023,1,deseason_level,-0.01164
MED00024,1,deseason_level,-0.0165
MED00025,1,deseason_level,-0.03086
MED00026,1,deseason_level,-0.02273
MED00027,1,deseason_level,-0.02828
MED00028,1,deseason_level,-0.01182
MED00029,1,deseason_level,0.00432
MED00030,1,deseason_level,-0.00526
MED00031,1,deseason_level,-0.01446
MED00032,1,deseason_level,-0.0146
MED00033,1,deseason_level,-0.02092
MED00034,1,deseason_level,0.0039
MED00035,1,deseason_level,-0.01212
MED00036,1,deseason_level,-0.0181
MED00037,1,deseason_level,-0.00262
MED00038,1,deseason_level,-0.00155
MED00039,1,deseason_level,-0.02005
MED00040,1,deseason_level,-0.02169
MED00041,1,deseason_level,-0.02209
MED00042,1,deseason_level,-0.01017
MED00043,1,deseason_level,-0.0142
MED00044,1,deseason_level,-0.01752
MED00045,1,deseason_level,-0.01444
MED00046,1,deseason_level,-0.01806
MED00047,1,deseason_level,0.00198
MED00048,1,deseason_level,0.00042
MED00049,1,deseason_level,-0.03156
MED00050,1,deseason_level,-0.0161
MED00051,1,deseason_level,-0.02954
MED00052,1,deseason_level,-0.01112
MED00053,1,deseason_level,0.00504
MED00054,1,deseason_level,0.00506
MED00055,1,deseason_level,-0.01647
MED00056,1,deseason_level,-0.01951
MED00057,1,deseason_level,-0.01673
MED00058,1,deseason_level,-0.01448
MED00059,1,deseason_level,0.0033
MED00060,1,deseason_level,0.00317
MED00061,1,deseason_level,-0.01113
MED00062,1,deseason_level,0.00067
MED00063,1,deseason_level,-0.03515
MED00064,1,deseason_level,0.0016
MED00066,1,deseason_level,-0.01174
MED00067,1,deseason_level,-0.00538
MED00068,1,deseason_level,-0.00458
MED00069,1,deseason_level,-0.01591
MED00070,1,deseason_level,0.00289
MED00071,1,deseason_level,-0.01763
MED00072,1,deseason_level,-0.01535
MED00073,1,deseason_level,-0.00477
MED00074,1,deseason_level,-0.00406
MED00075,1,deseason_level,-0.00946
MED00076,1,deseason_level,-0.0213
MED00077,1,deseason_level,-0.00552
MED00078,1,deseason_level,-0.01788
MED00079,1,deseason_level,-0.00399
MED00080,1,deseason_level,-0.00421
MED00081,1,deseason_level,-0.01963
MED00082,1,deseason_level,-0.01667
MED00083,1,deseason_level,-0.00786
MED00084,1,deseason_level,0.0023
MED00085,1,deseason_level,-0.01089
MED00086,1,deseason_level,-0.02238
MED00087,1,deseason_level,-0.01618
MED00088,1,deseason_level,0.00369
MED00089,1,deseason_level,0.00093
MED00090,1,deseason_level,-0.00358
MED00091,1,deseason_level,-0.01512
MED00092,1,deseason_level,-0.01494
MED00093,1,deseason_level,-0.01678
MED00094,1,deseason_level,-0.02063
MED00095,1,deseason_level,-0.00905
MED00096,1,deseason_level,0.00194
MED00097,1,deseason_level,-0.02021
MED00098,1,deseason_level,0.00233
MED00099,1,deseason_level,-0.02764
MED00100,1,deseason_level,-0.02554
MED00101,1,deseason_level,0.00034
MED00102,1,deseason_level,-0.00768
MED00103,1,deseason_level,-0.01657
MED00104,1,deseason_level,0.00624
MED00105,1,deseason_level,0.00464
MED00106,1,deseason_level,-0.03516
MED00107,1,deseason_level,0.00452
MED00108,1,deseason_level,-0.0038
MED00109,1,deseason_level,-0.01966
MED00110,1,deseason_level,-0.01657
MED00111,1,deseason_level,-0.01829
MED00112,1,deseason_level,-0.00918
MED00113,1,deseason_level,-0.01574
MED00114,1,deseason_level,-0.00119
MED00115,1,deseason_level,-0.0161
MED00116,1,deseason_level,0.00147
MED00117,1,deseason_level,-0.01953
MED00118,1,deseason_level,-0.01547
MED00119,1,deseason_level,0.00098
MED00120,1,deseason_level,-0.00875
MED00121,1,deseason_level,-0.00811
MED00122,1,deseason_level,-0.00459
MED00123,1,deseason_level,-0.01543
MED00124,1,deseason_level,0.00242
MED00125,1,deseason_level,-0.01659
MED00126,1,deseason_level,-0.01527
MED00127,1,deseason_level,-0.01803
MED00128,1,deseason_level,-0.01952
MED00129,1,deseason_level,-0.0123
MED00130,1,deseason_level,-0.03161
MED00131,1,deseason_level,-0.01501
MED00132,1,deseason_level,-0.02519
MED00133,1,deseason_level,-0.00623
MED00134,1,deseason_level,-0.01674
MED00135,1,deseason_level,0.00122
MED00136,1,deseason_level,-0.01958
MED00137,1,deseason_level,-0.01644
MED00138,1,deseason_level,-0.01521
MED00139,1,deseason_level,-0.01611
MED00140,1,deseason_level,-0.0182
MED00141,1,deseason_level,-0.00442
MED00142,1,deseason_level,-0.01798
MED00143,1,deseason_level,-0.01733
MED00144,1,deseason_level,-0.0046
MED00145,1,deseason_level,-0.01822
MED00146,1,deseason_level,-0.01915
MED00147,1,deseason_level,-0.01629
MED00148,1,deseason_level,0.00361
MED00149,1,deseason_level,-0.00321
MED00150,1,deseason_level,-0.01526
MED00151,1,deseason_level,-0.01888
MED00152,1,deseason_level,-0.01665
MED00153,1,deseason_level,-0.01731
MED00154,1,deseason_level,0.00112
MED00155,1,deseason_level,-0.01661
MED00156,1,deseason_level,-0.0049
MED00157,1,deseason_level,-0.00495
MED00158,1,deseason_level,-0.02444
MED00159,1,deseason_level,0.00359
MED00160,1,deseason_level,-0.00361
MED00161,1,deseason_level,-0.00409
MED00162,1,deseason_level,-0.01662
MED00163,1,deseason_level,-0.02222
MED00164,1,deseason_level,-0.01691
MED00165,1,deseason_level,0.00185
MED00166,1,deseason_level,-0.01705
MED00167,1,deseason_level,-0.01287
MED00168,1,deseason_level,-0.01553
MED00169,1,deseason_level,-0.01773
MED00170,1,deseason_level,-0.01468
MED00171,1,deseason_level,-0.01648
MED00172,1,deseason_level,-0.00895
MED00173,1,deseason_level,-0.01699
MED00174,1,deseason_level,-0.00271
MED00175,1,deseason_level,-0.01401
MED00176,1,deseason_level,0.00159
MED00177,1,deseason_level,-0.02291
MED00178,1,deseason_level,-0.01791
MED00179,1,deseason_level,-0.0105
MED00180,1,deseason_level,-0.00838
MED00181,1,deseason_level,-0.00867
MED00182,1,deseason_level,-0.03337
MED00183,1,deseason_level,-0.00022
MED00184,1,deseason_level,-0.00397
MED00185,1,deseason_level,-0.01425
MED00186,1,deseason_level,-0.01707
MED00187,1,deseason_level,-0.01642
MED00188,1,deseason_level,-0.00374
MED00189,1,deseason_level,-0.02839
MED00190,1,deseason_level,-0.01024
MED00191,1,deseason_level,0.00384
MED00192,1,deseason_level,-0.02104
MED00193,1,deseason_level,-0.03107
MED00194,1,deseason_level,0.00084
MED00195,1,deseason_level,0.00349
MED00196,1,deseason_level,-0.00189
MED00197,1,deseason_level,0.00152
MED00198,1,deseason_level,-0.01676
MED00199,1,deseason_level,-0.01858
MED00200,1,deseason_level,-0.01683
MED00201,1,deseason_level,0.00511
MED00202,1,deseason_level,-0.01309
MED00203,1,deseason_level,-0.01648
MED00204,1,deseason_level,-0.01136
MED00205,1,deseason_level,0.00385
MED00206,1,deseason_level,-0.01879
MED00207,1,deseason_level,-0.01607
MED00208,1,deseason_level,0.00471
MED00209,1,deseason_level,-0.00645
MED00210,1,deseason_level,-0.01793
MED00211,1,deseason_level,-0.01672
MED00212,1,deseason_level,-0.01059
MED00213,1,deseason_level,-0.01193
MED00214,1,deseason_level,0.00279
MED00215,1,deseason_level,-0.01511
MED00216,1,deseason_level,-0.03433
MED00217,1,deseason_level,-0.02071
MED00218,1,deseason_level,-0.00621
MED00219,1,deseason_level,0.00308
MED00220,1,deseason_level,-0.0169
MED00221,1,deseason_level,-0.0149
MED00222,1,deseason_level,-0.01888
MED00223,1,deseason_level,-0.00166
MED00224,1,deseason_level,-0.01211
MED00225,1,deseason_level,-0.00528
MED00226,1,deseason_level,-0.01452
MED00228,1,deseason_level,-0.01647
MED00229,1,deseason_level,-0.014
MED00230,1,deseason_level,0.00355
MED00231,1,deseason_level,-0.01636
MED00232,1,deseason_level,-0.01605
MED00233,1,deseason_level,-0.00478
MED00234,1,deseason_level,-0.01793
MED00235,1,deseason_level,0.00026
MED00236,1,deseason_level,-0.01753
MED00237,1,deseason_level,-0.00497
MED00238,1,deseason_level,-0.01592
MED00239,1,deseason_level,-0.00282
MED00240,1,deseason_level,-0.00543
MED00241,1,deseason_level,-0.01522
MED00242,1,deseason_level,0.00444
MED00243,1,deseason_level,-0.02467
MED00244,1,deseason_level,-0.01773
MED00245,1,deseason_level,-0.00011
MED00246,1,deseason_level,0.00252
MED00247,1,deseason_level,0.00453
MED00248,1,deseason_level,-0.01679
MED00249,1,deseason_level,0.00145
MED00250,1,deseason_level,-0.00011
MED00251,1,deseason_level,-0.0161
MED00252,1,deseason_level,-0.02528
MED00253,1,deseason_level,-0.00211
MED00254,1,deseason_level,-0.02527
MED00255,1,deseason_level,-0.00193
MED00256,1,deseason_level,-0.01856
MED00257,1,deseason_level,-0.00289
MED00258,1,deseason_level,-0.01077
MED00259,1,deseason_level,-0.01009
MED00260,1,deseason_level,-0.01649
MED00261,1,deseason_level,-0.01511
MED00262,1,deseason_level,-0.00509
MED00263,1,deseason_level,-0.00356
MED00264,1,deseason_level,-0.0186
MED00265,1,deseason_level,0.00422
MED00266,1,deseason_level,0.00247
MED00267,1,deseason_level,-0.00377
MED00268,1,deseason_level,-0.0098
MED00269,1,deseason_level,-0.01762
MED00270,1,deseason_level,-0.00458
MED00271,1,deseason_level,-0.01105
MED00272,1,deseason_level,-0.00385
MED00273,1,deseason_level,-0.01681
MED00274,1,deseason_level,-0.02086
MED00275,1,deseason_level,0.00392
MED00276,1,deseason_level,-0.01768
MED00277,1,deseason_level,-0.02838
MED00278,1,deseason_level,0.00305
MED00279,1,deseason_level,0.0039
MED00280,1,deseason_level,-0.02122
MED00281,1,deseason_level,0.00194
MED00282,1,deseason_level,-0.00903
MED00283,1,deseason_level,-0.01159
MED00284,1,deseason_level,-0.00587
MED00285,1,deseason_level,0.00167
MED00286,1,deseason_level,-0.00227
MED00287,1,deseason_level,-0.00923
MED00288,1,deseason_level,0.00204
MED00289,1,deseason_level,0.00319
MED00290,1,deseason_level,-0.0168
MED00291,1,deseason_level,-0.0239
MED00292,1,deseason_level,-0.01926
MED00293,1,deseason_level,0.00669
MED00294,1,deseason_level,-0.01644
MED00295,1,deseason_level,-0.0278
MED00296,1,deseason_level,-0.00415
MED00297,1,deseason_level,0.00235
MED00298,1,deseason_level,-0.00505
MED00299,1,deseason_level,-0.01882
MED00300,1,deseason_level,-0.0088
MED00301,1,deseason_level,-0.00435
MED00302,1,deseason_level,-0.00035
MED00303,1,deseason_level,-0.00827
MED00304,1,deseason_level,-0.01076
MED00305,1,deseason_level,-0.01833
MED00306,1,deseason_level,-0.02158
MED00307,1,deseason_level,0.00241
MED00308,1,deseason_level,-0.01212
MED00309,1,deseason_level,-0.01465
MED00310,1,deseason_level,-0.00996
MED00311,1,deseason_level,-0.00845
MED00312,1,deseason_level,-0.02116
MED00313,1,deseason_level,-0.01772
MED00314,1,deseason_level,0.00303
MED00315,1,deseason_level,0.0044
MED00316,1,deseason_level,-0.01642
MED00317,1,deseason_level,-0.01769
MED00318,1,deseason_level,-0.00528
MED00319,1,deseason_level,0.00384
MED00320,1,deseason_level,-0.00504
MED00321,1,deseason_level,0.03244
MED00322,1,deseason_level,-0.0314
MED00323,1,deseason_level,-0.01819
MED00324,1,deseason_level,-0.01702
MED00325,1,deseason_level,-0.00389
MED00326,1,deseason_level,0.00448
MED00327,1,deseason_level,-0.01707
MED00328,1,deseason_level,-0.00387
MED00329,1,deseason_level,0.00436
MED00330,1,deseason_level,-0.00397
MED00331,1,deseason_level,-0.01137
MED00332,1,deseason_level,-0.01643
MED00333,1,deseason_level,-0.00456
MED00334,1,deseason_level,-0.00415
MED00335,1,deseason_level,0.00178
MED00336,1,deseason_level,0.00335
MED00337,1,deseason_level,-0.00055
MED00338,1,deseason_level,-0.0154
MED00339,1,deseason_level,-0.01184
MED00340,1,deseason_level,-0.0119
MED00341,1,deseason_level,0.0048
MED00342,1,deseason_level,-0.01678
MED00343,1,deseason_level,0.00402
MED00344,1,deseason_level,-0.0033
MED00345,1,deseason_level,-0.03149
MED00346,1,deseason_level,-0.01277
MED00347,1,deseason_level,-0.03036
MED00348,1,deseason_level,-0.01609
MED00349,1,deseason_level,-0.01441
MED00350,1,deseason_level,-0.01978
MED00351,1,deseason_level,-0.01747
MED00352,1,deseason_level,-0.02017
MED00353,1,deseason_level,-0.01516
MED00354,1,deseason_level,-0.02023
MED00355,1,deseason_level,0.00537
MED00356,1,deseason_level,-0.01419
MED00357,1,deseason_level,-0.02177
MED00358,1,deseason_level,-0.00863
MED00359,1,deseason_level,-0.01735
MED00360,1,deseason_level,-0.01143
MED00361,1,deseason_level,-0.00521
MED00362,1,deseason_level,-0.00674
MED00363,1,deseason_level,-0.01693
MED00364,1,deseason_level,-0.03044
MED00365,1,deseason_level,-0.01701
MED00366,1,deseason_level,0.00382
MED00367,1,deseason_level,-0.01588
MED00368,1,deseason_level,-0.00561
MED00369,1,deseason_level,-0.00521
MED00370,1,deseason_level,-0.02475
MED00371,1,deseason_level,-0.0003
MED00372,1,deseason_level,-0.02341
MED00373,1,deseason_level,-0.01591
MED00374,1,deseason_level,-0.01335
MED00375,1,deseason_level,0.00241
MED00376,1,deseason_level,-0.01626
MED00377,1,deseason_level,-0.02588
MED00378,1,deseason_level,-0.01541
MED00379,1,deseason_level,-0.02087
MED00380,1,deseason_level,-0.01758
MED00381,1,deseason_level,-0.02278
MED00382,1,deseason_level,-0.00974
MED00383,1,deseason_level,-0.00499
MED00384,1,deseason_level,-0.01642
MED00385,1,deseason_level,0.00468
MED00386,1,deseason_level,0.00473
MED00387,1,deseason_level,0.0037
MED00388,1,deseason_level,0.00677
MED00389,1,deseason_level,0.00544
MED00390,1,deseason_level,0.00085
MED00391,1,deseason_level,0.00325
MED00392,1,deseason_level,0.00318
MED00393,1,deseason_level,0.00927
MED00394,1,deseason_level,0.00141
MED00395,1,deseason_level,-0.00081
MED00396,1,deseason_level,0.00113
MED00397,1,deseason_level,0.00136
MED00398,1,deseason_level,0.00803
MED00399,1,deseason_level,0.00644
MED00400,1,deseason_level,0.00062
MED00401,1,deseason_level,0.00354
MED00402,1,deseason_level,0.00105
MED00403,1,deseason_level,0.00534
MED00404,1,deseason_level,-0.00395
MED00405,1,deseason_level,0.00173
MED00406,1,deseason_level,0.00098
MED00407,1,deseason_level,0.00135
MED00408,1,deseason_level,0.00589
MED00409,1,deseason_level,0.0025
MED00410,1,deseason_level,0.0038
MED00411,1,deseason_level,0.00299
MED00412,1,deseason_level,0.00401
MED00413,1,deseason_level,0.00313
MED00414,1,deseason_level,0.00145
MED00415,1,deseason_level,0.00263
MED00416,1,deseason_level,0.00321
MED00417,1,deseason_level,0.00353
MED00418,1,deseason_level,0.00501
MED00419,1,deseason_level,0.00523
MED00420,1,deseason_level,0.00104
MED00421,1,deseason_level,0.00059
MED00422,1,deseason_level,0.00396
MED00423,1,deseason_level,0.00377
MED00424,1,deseason_level,0.00697
MED00001,2,deseason_level,0.0021
MED00002,2,deseason_level,-0.02938
MED00003,2,deseason_level,-0.03729
MED00004,2,deseason_level,-0.01873
MED00005,2,deseason_level,-0.01858
MED00006,2,deseason_level,-0.00969
MED00007,2,deseason_level,-0.0188
MED00008,2,deseason_level,-0.01229
MED00009,2,deseason_level,-0.00935
MED00010,2,deseason_level,-0.00246
MED00011,2,deseason_level,0.00305
MED00012,2,deseason_level,-0.01158
MED00013,2,deseason_level,-0.00286
MED00014,2,deseason_level,0.00089
MED00015,2,deseason_level,-0.01491
MED00016,2,deseason_level,-0.00592
MED00017,2,deseason_level,-0.01666
MED00018,2,deseason_level,-0.00107
MED00019,2,deseason_level,0.00304
MED00020,2,deseason_level,0.00176
MED00021,2,deseason_level,-0.00839
MED00022,2,deseason_level,-0.01557
MED00023,2,deseason_level,-0.01129
MED00024,2,deseason_level,-0.01614
MED00025,2,deseason_level,-0.0304
MED00026,2,deseason_level,-0.02235
MED00027,2,deseason_level,-0.02786
MED00028,2,deseason_level,-0.00646
MED00029,2,deseason_level,0.00482
MED00030,2,deseason_level,-0.00473
MED00031,2,deseason_level,-0.01408
MED00032,2,deseason_level,-0.01425
MED00033,2,deseason_level,-0.02052
MED00034,2,deseason_level,0.00504
MED00035,2,deseason_level,-0.01175
MED00036,2,deseason_level,-0.01765
MED00037,2,deseason_level,-0.00225
MED00038,2,deseason_level,-0.00117
MED00039,2,deseason_level,-0.01964
MED00040,2,deseason_level,-0.02132
MED00041,2,deseason_level,-0.02161
MED00042,2,deseason_level,-0.00895
MED00043,2,deseason_level,-0.0138
MED00044,2,deseason_level,-0.01716
MED00045,2,deseason_level,-0.01398
MED00046,2,deseason_level,-0.01768
MED00047,2,deseason_level,0.00239
MED00048,2,deseason_level,0.0008
MED00049,2,deseason_level,-0.03615
MED00050,2,deseason_level,-0.0157
MED00051,2,deseason_level,-0.03409
MED00052,2,deseason_level,-0.00573
MED00053,2,deseason_level,0.00557
MED00054,2,deseason_level,0.00557
MED00055,2,deseason_level,-0.01607
MED00056,2,deseason_level,-0.01916
MED00057,2,deseason_level,-0.01635
MED00058,2,deseason_level,-0.01406
MED00059,2,deseason_level,0.00368
MED00060,2,deseason_level,0.00398
MED00061,2,deseason_level,-0.01077
MED00062,2,deseason_level,0.00106
MED00063,2,deseason_level,-0.0397
MED00064,2,deseason_level,0.00193
MED00065,2,deseason_level,0.00252
MED00066,2,deseason_level,-0.00638
MED00067,2,deseason_level,-0.00502
MED00068,2,deseason_level,-0.0042
MED00069,2,deseason_level,-0.01596
MED00070,2,deseason_level,0.00326
MED00071,2,deseason_level,-0.01728
MED00072,2,deseason_level,-0.015
MED00073,2,deseason_level,-0.0044
MED00074,2,deseason_level,-0.00368
MED00075,2,deseason_level,-0.00911
MED00076,2,deseason_level,-0.02593
MED00077,2,deseason_level,-0.00557
MED00078,2,deseason_level,-0.0174
MED00079,2,deseason_level,-0.00361
MED00080,2,deseason_level,-0.00383
MED00081,2,deseason_level,-0.02422
MED00082,2,deseason_level,-0.01631
MED00083,2,deseason_level,-0.00748
MED00084,2,deseason_level,0.00491
MED00085,2,deseason_level,-0.01053
MED00086,2,deseason_level,-0.02196
MED00087,2,deseason_level,-0.01581
MED00088,2,deseason_level,0.00418
MED00089,2,deseason_level,0.00144
MED00090,2,deseason_level,-0.00323
MED00091,2,deseason_level,-0.01476
MED00092,2,deseason_level,-0.01457
MED00093,2,deseason_level,-0.01642
MED00094,2,deseason_level,-0.02026
MED00095,2,deseason_level,-0.00865
MED00096,2,deseason_level,0.00227
MED00097,2,deseason_level,-0.0198
MED00098,2,deseason_level,0.00271
MED00099,2,deseason_level,-0.02723
MED00100,2,deseason_level,-0.02508
MED00101,2,deseason_level,0.00074
MED00102,2,deseason_level,-0.00732
MED00103,2,deseason_level,-0.01623
MED00104,2,deseason_level,0.00664
MED00105,2,deseason_level,0.00511
MED00106,2,deseason_level,-0.0347
MED00107,2,deseason_level,0.00492
MED00108,2,deseason_level,-0.00341
MED00109,2,deseason_level,-0.0192
MED00110,2,deseason_level,-0.01615
MED00111,2,deseason_level,-0.01792
MED00112,2,deseason_level,-0.00877
MED00113,2,deseason_level,-0.01538
MED00114,2,deseason_level,-0.00076
MED00115,2,deseason_level,-0.01575
MED00116,2,deseason_level,0.00176
MED00117,2,deseason_level,-0.01902
MED00118,2,deseason_level,-0.01511
MED00119,2,deseason_level,0.00133
MED00120,2,deseason_level,-0.00821
MED00121,2,deseason_level,-0.0078
MED00122,2,deseason_level,-0.0042
MED00123,2,deseason_level,-0.01498
MED00124,2,deseason_level,0.00282
MED00125,2,deseason_level,-0.01617
MED00126,2,deseason_level,-0.01491
MED00127,2,deseason_level,-0.0176
MED00128,2,deseason_level,-0.01915
MED00129,2,deseason_level,-0.0119
MED00130,2,deseason_level,-0.0362
MED00131,2,deseason_level,-0.01465
MED00132,2,deseason_level,-0.02474
MED00133,2,deseason_level,-0.00585
MED00134,2,deseason_level,-0.01632
MED00135,2,deseason_level,0.00176
MED00136,2,deseason_level,-0.01915
MED00137,2,deseason_level,-0.01593
MED00138,2,deseason_level,-0.01482
MED00139,2,deseason_level,-0.01564
MED00140,2,deseason_level,-0.01784
MED00141,2,deseason_level,-0.00391
MED00142,2,deseason_level,-0.01752
MED00143,2,deseason_level,-0.01696
MED00144,2,deseason_level,-0.00411
MED00145,2,deseason_level,-0.01783
MED00146,2,deseason_level,-0.01879
MED00147,2,deseason_level,-0.01593
MED00148,2,deseason_level,0.004
MED00149,2,deseason_level,-0.00281
MED00150,2,deseason_level,-0.0149
MED00151,2,deseason_level,-0.01851
MED00152,2,deseason_level,-0.01628
MED00153,2,deseason_level,-0.01694
MED00154,2,deseason_level,0.00143
MED00155,2,deseason_level,-0.01625
MED00156,2,deseason_level,-0.00452
MED00157,2,deseason_level,-0.00458
MED00158,2,deseason_level,-0.02401
MED00159,2,deseason_level,0.00407
MED00160,2,deseason_level,-0.00325
MED00161,2,deseason_level,-0.00368
MED00162,2,deseason_level,-0.01625
MED00163,2,deseason_level,-0.02685
MED00164,2,deseason_level,-0.01655
MED00165,2,deseason_level,0.00226
MED00166,2,deseason_level,-0.01669
MED00167,2,deseason_level,-0.0125
MED00168,2,deseason_level,-0.01514
MED00169,2,deseason_level,-0.01737
MED00170,2,deseason_level,-0.01432
MED00171,2,deseason_level,-0.01611
MED00172,2,deseason_level,-0.00858
MED00173,2,deseason_level,-0.01636
MED00174,2,deseason_level,-0.00242
MED00175,2,deseason_level,-0.01355
MED00176,2,deseason_level,0.00196
MED00177,2,deseason_level,-0.02253
MED00178,2,deseason_level,-0.01752
MED00179,2,deseason_level,-0.00987
MED00180,2,deseason_level,-0.00796
MED00181,2,deseason_level,-0.00829
MED00182,2,deseason_level,-0.03294
MED00183,2,deseason_level,0.00032
MED00184,2,deseason_level,-0.00353
MED00185,2,deseason_level,-0.01386
MED00186,2,deseason_level,-0.01671
MED00187,2,deseason_level,-0.01599
MED00188,2,deseason_level,-0.00335
MED00189,2,deseason_level,-0.03298
MED00190,2,deseason_level,-0.00988
MED00191,2,deseason_level,0.0044
MED00192,2,deseason_level,-0.02567
MED00193,2,deseason_level,-0.03567
MED00194,2,deseason_level,0.00126
MED00195,2,deseason_level,0.00391
MED00196,2,deseason_level,-0.00144
MED00197,2,deseason_level,0.00194
MED00198,2,deseason_level,-0.01639
MED00199,2,deseason_level,-0.01814
MED00200,2,deseason_level,-0.01637
MED00201,2,deseason_level,0.00551
MED00202,2,deseason_level,-0.01267
MED00203,2,deseason_level,-0.01612
MED00204,2,deseason_level,-0.01096
MED00205,2,deseason_level,0.00433
MED00206,2,deseason_level,-0.01843
MED00207,2,deseason_level,-0.01571
MED00208,2,deseason_level,0.00516
MED00209,2,deseason_level,-0.00592
MED00210,2,deseason_level,-0.01754
MED00211,2,deseason_level,-0.01636
MED00212,2,deseason_level,-0.01014
MED00213,2,deseason_level,-0.01151
MED00214,2,deseason_level,0.00318
MED00215,2,deseason_level,-0.01471
MED00216,2,deseason_level,-0.03386
MED00217,2,deseason_level,-0.02032
MED00218,2,deseason_level,-0.00522
MED00219,2,deseason_level,0.00345
MED00220,2,deseason_level,-0.01628
MED00221,2,deseason_level,-0.0144
MED00222,2,deseason_level,-0.01843
MED00223,2,deseason_level,-0.00116
MED00224,2,deseason_level,-0.01174
MED00225,2,deseason_level,-0.00491
MED00226,2,deseason_level,-0.0141
MED00227,2,deseason_level,0.00038
MED00228,2,deseason_level,-0.0161
MED00229,2,deseason_level,-0.01359
MED00230,2,deseason_level,0.00383
MED00231,2,deseason_level,-0.016
MED00232,2,deseason_level,-0.01559
MED00233,2,deseason_level,-0.0043
MED00234,2,deseason_level,-0.01756
MED00235,2,deseason_level,0.0043
MED00236,2,deseason_level,-0.01709
MED00237,2,deseason_level,-0.00444
MED00238,2,deseason_level,-0.01555
MED00239,2,deseason_level,-0.00242
MED00240,2,deseason_level,-0.00504
MED00241,2,deseason_level,-0.01481
MED00242,2,deseason_level,0.00486
MED00243,2,deseason_level,-0.0293
MED00244,2,deseason_level,-0.01736
MED00245,2,deseason_level,0.00273
MED00246,2,deseason_level,0.00282
MED00247,2,deseason_level,0.00491
MED00248,2,deseason_level,-0.01642
MED00249,2,deseason_level,0.00475
MED00250,2,deseason_level,0.00027
MED00251,2,deseason_level,-0.01573
MED00252,2,deseason_level,-0.0249
MED00253,2,deseason_level,-0.00171
MED00254,2,deseason_level,-0.0249
MED00255,2,deseason_level,-0.00137
MED00256,2,deseason_level,-0.0182
MED00257,2,deseason_level,-0.00251
MED00258,2,deseason_level,-0.01042
MED00259,2,deseason_level,-0.00973
MED00260,2,deseason_level,-0.01614
MED00261,2,deseason_level,-0.01476
MED00262,2,deseason_level,-0.00471
MED00263,2,deseason_level,-0.00317
MED00264,2,deseason_level,-0.01814
MED00265,2,deseason_level,0.00461
MED00266,2,deseason_level,0.00301
MED00267,2,deseason_level,-0.00332
MED00268,2,deseason_level,-0.00942
MED00269,2,deseason_level,-0.01725
MED00270,2,deseason_level,-0.00419
MED00271,2,deseason_level,-0.01071
MED00272,2,deseason_level,-0.0033
MED00273,2,deseason_level,-0.01626
MED00274,2,deseason_level,-0.02042
MED00275,2,deseason_level,0.00443
MED00276,2,deseason_level,-0.01732
MED00277,2,deseason_level,-0.03298
MED00278,2,deseason_level,0.00343
MED00279,2,deseason_level,0.00447
MED00280,2,deseason_level,-0.02585
MED00281,2,deseason_level,0.00245
MED00282,2,deseason_level,-0.00848
MED00283,2,deseason_level,-0.01096
MED00284,2,deseason_level,-0.00552
MED00285,2,deseason_level,0.00207
MED00286,2,deseason_level,-0.00189
MED00287,2,deseason_level,-0.00883
MED00288,2,deseason_level,0.00451
MED00289,2,deseason_level,0.00358
MED00290,2,deseason_level,-0.01644
MED00291,2,deseason_level,-0.02331
MED00292,2,deseason_level,-0.01846
MED00293,2,deseason_level,0.00708
MED00294,2,deseason_level,-0.01607
MED00295,2,deseason_level,-0.02739
MED00296,2,deseason_level,-0.00379
MED00297,2,deseason_level,0.00275
MED00298,2,deseason_level,-0.00469
MED00299,2,deseason_level,-0.01845
MED00300,2,deseason_level,-0.00838
MED00301,2,deseason_level,-0.00395
MED00302,2,deseason_level,0.00025
MED00303,2,deseason_level,-0.00778
MED00304,2,deseason_level,-0.0104
MED00305,2,deseason_level,-0.0179
MED00306,2,deseason_level,-0.02117
MED00307,2,deseason_level,0.00502
MED00308,2,deseason_level,-0.01177
MED00309,2,deseason_level,-0.01426
MED00310,2,deseason_level,-0.00958
MED00311,2,deseason_level,-0.0079
MED00312,2,deseason_level,-0.0207
MED00313,2,deseason_level,-0.01732
MED00314,2,deseason_level,0.00345
MED00315,2,deseason_level,0.00479
MED00316,2,deseason_level,-0.01606
MED00317,2,deseason_level,-0.01732
MED00318,2,deseason_level,-0.0049
MED00319,2,deseason_level,0.00423
MED00320,2,deseason_level,-0.00468
MED00321,2,deseason_level,0.03282
MED00322,2,deseason_level,-0.03599
MED00323,2,deseason_level,-0.01773
MED00324,2,deseason_level,-0.01664
MED00325,2,deseason_level,-0.00349
MED00326,2,deseason_level,0.00488
MED00327,2,deseason_level,-0.01667
MED00328,2,deseason_level,-0.00357
MED00329,2,deseason_level,0.00475
MED00330,2,deseason_level,-0.00357
MED00331,2,deseason_level,-0.01101
MED00332,2,deseason_level,-0.01607
MED00333,2,deseason_level,-0.00417
MED00334,2,deseason_level,-0.00386
MED00335,2,deseason_level,0.00292
MED00336,2,deseason_level,0.00375
MED00337,2,deseason_level,0.00065
MED00338,2,deseason_level,-0.0148
MED00339,2,deseason_level,-0.01012
MED00340,2,deseason_level,-0.01145
MED00341,2,deseason_level,0.00524
MED00342,2,deseason_level,-0.01641
MED00343,2,deseason_level,0.00441
MED00344,2,deseason_level,-0.00293
MED00345,2,deseason_level,-0.03108
MED00346,2,deseason_level,-0.01241
MED00347,2,deseason_level,-0.03491
MED00348,2,deseason_level,-0.01572
MED00349,2,deseason_level,-0.01401
MED00350,2,deseason_level,-0.01948
MED00351,2,deseason_level,-0.01708
MED00352,2,deseason_level,-0.01975
MED00353,2,deseason_level,-0.01475
MED00354,2,deseason_level,-0.0198
MED00355,2,deseason_level,0.00576
MED00356,2,deseason_level,-0.01382
MED00357,2,deseason_level,-0.02139
MED00358,2,deseason_level,-0.00824
MED00359,2,deseason_level,-0.01692
MED00360,2,deseason_level,-0.0111
MED00361,2,deseason_level,-0.0049
MED00362,2,deseason_level,-0.00636
MED00363,2,deseason_level,-0.01657
MED00364,2,deseason_level,-0.035
MED00365,2,deseason_level,-0.01664
MED00366,2,deseason_level,0.00421
MED00367,2,deseason_level,-0.01547
MED00368,2,deseason_level,-0.00522
MED00369,2,deseason_level,-0.00482
MED00370,2,deseason_level,-0.02438
MED00371,2,deseason_level,0.00023
MED00372,2,deseason_level,-0.02299
MED00373,2,deseason_level,-0.01551
MED00374,2,deseason_level,-0.01302
MED00375,2,deseason_level,0.00278
MED00376,2,deseason_level,-0.0159
MED00377,2,deseason_level,-0.0205
MED00378,2,deseason_level,-0.01502
MED00379,2,deseason_level,-0.02049
MED00380,2,deseason_level,-0.01722
MED00381,2,deseason_level,-0.02243
MED00382,2,deseason_level,-0.00939
MED00383,2,deseason_level,-0.0045
MED00384,2,deseason_level,-0.01606
MED00385,2,deseason_level,0.00516
MED00386,2,deseason_level,0.0052
MED00387,2,deseason_level,0.00423
MED00388,2,deseason_level,-0.00193
MED00389,2,deseason_level,0.00582
MED00390,2,deseason_level,0.00339
MED00391,2,deseason_level,0.00422
MED00392,2,deseason_level,0.00369
MED00393,2,deseason_level,0.01014
MED00394,2,deseason_level,0.00238
MED00395,2,deseason_level,-0.00026
MED00396,2,deseason_level,0.00386
MED00397,2,deseason_level,0.00417
MED00398,2,deseason_level,0.00765
MED00399,2,deseason_level,0.00605
MED00400,2,deseason_level,0.00395
MED00401,2,deseason_level,0.00412
MED00402,2,deseason_level,0.00359
MED00403,2,deseason_level,0.00656
MED00404,2,deseason_level,-0.00337
MED00405,2,deseason_level,0.00217
MED00406,2,deseason_level,0.00154
MED00407,2,deseason_level,0.00389
MED00408,2,deseason_level,0.00628
MED00409,2,deseason_level,0.00306
MED00410,2,deseason_level,0.00432
MED00411,2,deseason_level,0.00378
MED00412,2,deseason_level,0.0044
MED00413,2,deseason_level,0.00351
MED00414,2,deseason_level,0.00182
MED00415,2,deseason_level,0.00314
MED00416,2,deseason_level,0.00359
MED00417,2,deseason_level,0.00391
MED00418,2,deseason_level,0.00594
MED00419,2,deseason_level,0.00578
MED00420,2,deseason_level,0.00372
MED00421,2,deseason_level,0.00326
MED00422,2,deseason_level,0.00433
MED00423,2,deseason_level,0.00428
MED00424,2,deseason_level,0.00719
MED00001,3,deseason_level,0.00181
MED00002,3,deseason_level,-0.02465
MED00003,3,deseason_level,-0.03257
MED00004,3,deseason_level,-0.01902
MED00005,3,deseason_level,-0.0189
MED00006,3,deseason_level,-0.00997
MED00007,3,deseason_level,-0.01907
MED00008,3,deseason_level,-0.01757
MED00009,3,deseason_level,-0.00963
MED00010,3,deseason_level,-0.00275
MED00011,3,deseason_level,0.00276
MED00012,3,deseason_level,-0.01186
MED00013,3,deseason_level,-0.00315
MED00014,3,deseason_level,0.0006
MED00015,3,deseason_level,-0.0152
MED00016,3,deseason_level,-0.00621
MED00017,3,deseason_level,-0.01694
MED00018,3,deseason_level,-0.00029
MED00019,3,deseason_level,0.00103
MED00020,3,deseason_level,0.00147
MED00021,3,deseason_level,-0.00868
MED00022,3,deseason_level,-0.01579
MED00023,3,deseason_level,-0.01157
MED00024,3,deseason_level,-0.01637
MED00025,3,deseason_level,-0.03075
MED00026,3,deseason_level,-0.02263
MED00027,3,deseason_level,-0.02821
MED00028,3,deseason_level,-0.01174
MED00029,3,deseason_level,0.00456
MED00030,3,deseason_level,-0.00513
MED00031,3,deseason_level,-0.01431
MED00032,3,deseason_level,-0.01399
MED00033,3,deseason_level,-0.02122
MED00034,3,deseason_level,0.00475
MED00035,3,deseason_level,-0.01204
MED00036,3,deseason_level,-0.01794
MED00037,3,deseason_level,-0.00254
MED00038,3,deseason_level,-0.00154
MED00039,3,deseason_level,-0.01992
MED00040,3,deseason_level,-0.02161
MED00041,3,deseason_level,-0.02191
MED00042,3,deseason_level,-0.00923
MED00043,3,deseason_level,-0.01408
MED00044,3,deseason_level,-0.01784
MED00045,3,deseason_level,-0.01425
MED00046,3,deseason_level,-0.01795
MED00047,3,deseason_level,0.0021
MED00048,3,deseason_level,0.0005
MED00049,3,deseason_level,-0.03143
MED00050,3,deseason_level,-0.01599
MED00051,3,deseason_level,-0.02935
MED00052,3,deseason_level,-0.01107
MED00053,3,deseason_level,0.00527
MED00054,3,deseason_level,0.00528
MED00055,3,deseason_level,-0.01636
MED00056,3,deseason_level,-0.01945
MED00057,3,deseason_level,-0.01662
MED00058,3,deseason_level,-0.01432
MED00059,3,deseason_level,0.00339
MED00060,3,deseason_level,0.0037
MED00061,3,deseason_level,-0.01105
MED00062,3,deseason_level,0.00077
MED00063,3,deseason_level,-0.03499
MED00064,3,deseason_level,0.00164
MED00065,3,deseason_level,0.00051
MED00066,3,deseason_level,-0.01167
MED00067,3,deseason_level,-0.00531
MED00068,3,deseason_level,-0.00449
MED00069,3,deseason_level,-0.01605
MED00070,3,deseason_level,0.00295
MED00071,3,deseason_level,-0.01755
MED00072,3,deseason_level,-0.01522
MED00073,3,deseason_level,-0.00464
MED00074,3,deseason_level,-0.00397
MED00075,3,deseason_level,-0.0093
MED00076,3,deseason_level,-0.02119
MED00077,3,deseason_level,-0.00598
MED00078,3,deseason_level,-0.01566
MED00079,3,deseason_level,-0.0039
MED00080,3,deseason_level,-0.00414
MED00081,3,deseason_level,-0.01948
MED00082,3,deseason_level,-0.01656
MED00083,3,deseason_level,-0.00777
MED00084,3,deseason_level,0.00286
MED00085,3,deseason_level,-0.01082
MED00086,3,deseason_level,-0.02224
MED00087,3,deseason_level,-0.0161
MED00088,3,deseason_level,0.00389
MED00089,3,deseason_level,0.00112
MED00090,3,deseason_level,-0.00353
MED00091,3,deseason_level,-0.01499
MED00092,3,deseason_level,-0.01486
MED00093,3,deseason_level,-0.0167
MED00094,3,deseason_level,-0.02055
MED00095,3,deseason_level,-0.00894
MED00096,3,deseason_level,0.00198
MED00097,3,deseason_level,-0.02008
MED00098,3,deseason_level,0.00242
MED00099,3,deseason_level,-0.02758
MED00100,3,deseason_level,-0.02537
MED00101,3,deseason_level,0.00045
MED00102,3,deseason_level,-0.0076
MED00103,3,deseason_level,-0.01651
MED00104,3,deseason_level,0.00635
MED00105,3,deseason_level,0.00492
MED00106,3,deseason_level,-0.03498
MED00107,3,deseason_level,0.00463
MED00108,3,deseason_level,-0.0037
MED00109,3,deseason_level,-0.0195
MED00110,3,deseason_level,-0.01643
MED00111,3,deseason_level,-0.01821
MED00112,3,deseason_level,-0.00906
MED00113,3,deseason_level,-0.01564
MED00114,3,deseason_level,-0.00113
MED00115,3,deseason_level,-0.01604
MED00116,3,deseason_level,0.00147
MED00117,3,deseason_level,-0.01931
MED00118,3,deseason_level,-0.01539
MED00119,3,deseason_level,0.00104
MED00120,3,deseason_level,-0.0085
MED00121,3,deseason_level,-0.0081
MED00122,3,deseason_level,-0.00453
MED00123,3,deseason_level,-0.01517
MED00124,3,deseason_level,0.00253
MED00125,3,deseason_level,-0.01645
MED00126,3,deseason_level,-0.01519
MED00127,3,deseason_level,-0.01788
MED00128,3,deseason_level,-0.01944
MED00129,3,deseason_level,-0.01217
MED00130,3,deseason_level,-0.03147
MED00131,3,deseason_level,-0.01488
MED00132,3,deseason_level,-0.025
MED00133,3,deseason_level,-0.00614
MED00134,3,deseason_level,-0.0166
MED00135,3,deseason_level,0.00147
MED00136,3,deseason_level,-0.01945
MED00137,3,deseason_level,-0.01622
MED00138,3,deseason_level,-0.0151
MED00139,3,deseason_level,-0.0159
MED00140,3,deseason_level,-0.01813
MED00141,3,deseason_level,-0.0042
MED00142,3,deseason_level,-0.0178
MED00143,3,deseason_level,-0.01725
MED00144,3,deseason_level,-0.0044
MED00145,3,deseason_level,-0.01811
MED00146,3,deseason_level,-0.01907
MED00147,3,deseason_level,-0.0162
MED00148,3,deseason_level,0.00371
MED00149,3,deseason_level,-0.0031
MED00150,3,deseason_level,-0.01515
MED00151,3,deseason_level,-0.0188
MED00152,3,deseason_level,-0.01657
MED00153,3,deseason_level,-0.01722
MED00154,3,deseason_level,0.00114
MED00155,3,deseason_level,-0.01653
MED00156,3,deseason_level,-0.00481
MED00157,3,deseason_level,-0.00487
MED00158,3,deseason_level,-0.02437
MED00159,3,deseason_level,0.00378
MED00160,3,deseason_level,-0.00354
MED00161,3,deseason_level,-0.00398
MED00162,3,deseason_level,-0.01653
MED00163,3,deseason_level,-0.02211
MED00164,3,deseason_level,-0.01719
MED00165,3,deseason_level,0.00197
MED00166,3,deseason_level,-0.01697
MED00167,3,deseason_level,-0.01278
MED00168,3,deseason_level,-0.01543
MED00169,3,deseason_level,-0.01765
MED00170,3,deseason_level,-0.0146
MED00171,3,deseason_level,-0.0164
MED00172,3,deseason_level,-0.00889
MED00173,3,deseason_level,-0.01654
MED00174,3,deseason_level,-0.00271
MED00175,3,deseason_level,-0.01384
MED00176,3,deseason_level,0.00167
MED00177,3,deseason_level,-0.02288
MED00178,3,deseason_level,-0.01781
MED00179,3,deseason_level,-0.01016
MED00180,3,deseason_level,-0.00823
MED00181,3,deseason_level,-0.00858
MED00182,3,deseason_level,-0.0333
MED00184,3,deseason_level,-0.0039
MED00185,3,deseason_level,-0.01417
MED00186,3,deseason_level,-0.017
MED00187,3,deseason_level,-0.01621
MED00188,3,deseason_level,-0.00364
MED00189,3,deseason_level,-0.02824
MED00190,3,deseason_level,-0.01017
MED00191,3,deseason_level,0.00412
MED00192,3,deseason_level,-0.02093
MED00193,3,deseason_level,-0.03095
MED00194,3,deseason_level,0.00097
MED00195,3,deseason_level,0.00361
MED00196,3,deseason_level,-0.00173
MED00197,3,deseason_level,0.00164
MED00198,3,deseason_level,-0.01668
MED00199,3,deseason_level,-0.01837
MED00200,3,deseason_level,-0.01666
MED00201,3,deseason_level,0.0052
MED00202,3,deseason_level,-0.01294
MED00203,3,deseason_level,-0.01608
MED00204,3,deseason_level,-0.01126
MED00205,3,deseason_level,0.00404
MED00206,3,deseason_level,-0.01866
MED00207,3,deseason_level,-0.01598
MED00208,3,deseason_level,0.00478
MED00209,3,deseason_level,-0.00623
MED00210,3,deseason_level,-0.01783
MED00211,3,deseason_level,-0.01661
MED00212,3,deseason_level,-0.01042
MED00213,3,deseason_level,-0.01187
MED00214,3,deseason_level,0.00283
MED00215,3,deseason_level,-0.01499
MED00216,3,deseason_level,-0.03416
MED00217,3,deseason_level,-0.0206
MED00218,3,deseason_level,-0.00551
MED00219,3,deseason_level,0.00316
MED00220,3,deseason_level,-0.01657
MED00221,3,deseason_level,-0.01448
MED00222,3,deseason_level,-0.0187
MED00223,3,deseason_level,-0.00151
MED00224,3,deseason_level,-0.01202
MED00225,3,deseason_level,-0.0048
MED00226,3,deseason_level,-0.01438
MED00228,3,deseason_level,-0.01584
MED00229,3,deseason_level,-0.01387
MED00230,3,deseason_level,0.00354
MED00231,3,deseason_level,-0.01629
MED00232,3,deseason_level,-0.01587
MED00233,3,deseason_level,-0.0046
MED00234,3,deseason_level,-0.01784
MED00235,3,deseason_level,0.0016
MED00236,3,deseason_level,-0.01738
MED00237,3,deseason_level,-0.00542
MED00238,3,deseason_level,-0.01583
MED00239,3,deseason_level,-0.00271
MED00240,3,deseason_level,-0.00544
MED00241,3,deseason_level,-0.0151
MED00242,3,deseason_level,0.00457
MED00243,3,deseason_level,-0.02457
MED00244,3,deseason_level,-0.01764
MED00246,3,deseason_level,0.00253
MED00247,3,deseason_level,0.00462
MED00248,3,deseason_level,-0.01671
MED00249,3,deseason_level,0.00274
MED00251,3,deseason_level,-0.01601
MED00252,3,deseason_level,-0.02519
MED00253,3,deseason_level,-0.00198
MED00254,3,deseason_level,-0.02518
MED00255,3,deseason_level,-0.00225
MED00256,3,deseason_level,-0.01848
MED00257,3,deseason_level,-0.0028
MED00258,3,deseason_level,-0.01071
MED00259,3,deseason_level,-0.01002
MED00260,3,deseason_level,-0.01642
MED00261,3,deseason_level,-0.01503
MED00262,3,deseason_level,-0.005
MED00263,3,deseason_level,-0.00346
MED00264,3,deseason_level,-0.01844
MED00265,3,deseason_level,0.00432
MED00266,3,deseason_level,0.00272
MED00267,3,deseason_level,-0.00361
MED00268,3,deseason_level,-0.00971
MED00269,3,deseason_level,-0.01753
MED00270,3,deseason_level,-0.00448
MED00271,3,deseason_level,-0.011
MED00272,3,deseason_level,-0.00317
MED00273,3,deseason_level,-0.01649
MED00274,3,deseason_level,-0.02068
MED00275,3,deseason_level,0.00415
MED00276,3,deseason_level,-0.0176
MED00277,3,deseason_level,-0.02824
MED00278,3,deseason_level,0.00314
MED00279,3,deseason_level,0.0041
MED00280,3,deseason_level,-0.02111
MED00281,3,deseason_level,0.00216
MED00282,3,deseason_level,-0.00875
MED00283,3,deseason_level,-0.01127
MED00284,3,deseason_level,-0.00547
MED00285,3,deseason_level,0.00178
MED00286,3,deseason_level,-0.00217
MED00287,3,deseason_level,-0.00912
MED00288,3,deseason_level,0.0025
MED00289,3,deseason_level,0.00329
MED00290,3,deseason_level,-0.01672
MED00291,3,deseason_level,-0.02357
MED00292,3,deseason_level,-0.0185
MED00293,3,deseason_level,0.00677
MED00294,3,deseason_level,-0.0163
MED00295,3,deseason_level,-0.02766
MED00296,3,deseason_level,-0.00408
MED00297,3,deseason_level,0.00246
MED00298,3,deseason_level,-0.005
MED00299,3,deseason_level,-0.01873
MED00300,3,deseason_level,-0.00865
MED00301,3,deseason_level,-0.00424
MED00302,3,deseason_level,-0.00014
MED00303,3,deseason_level,-0.00807
MED00304,3,deseason_level,-0.01057
MED00305,3,deseason_level,-0.01819
MED00306,3,deseason_level,-0.02145
MED00307,3,deseason_level,0.00292
MED00308,3,deseason_level,-0.01205
MED00309,3,deseason_level,-0.01437
MED00310,3,deseason_level,-0.00988
MED00311,3,deseason_level,-0.00819
MED00312,3,deseason_level,-0.0209
MED00313,3,deseason_level,-0.01763
MED00314,3,deseason_level,0.00317
MED00315,3,deseason_level,0.0045
MED00316,3,deseason_level,-0.01635
MED00317,3,deseason_level,-0.0176
MED00318,3,deseason_level,-0.00523
MED00319,3,deseason_level,0.00394
MED00320,3,deseason_level,-0.00497
MED00321,3,deseason_level,0.03253
MED00322,3,deseason_level,-0.03125
MED00323,3,deseason_level,-0.01792
MED00324,3,deseason_level,-0.01687
MED00325,3,deseason_level,-0.00378
MED00326,3,deseason_level,0.00459
MED00327,3,deseason_level,-0.01695
MED00328,3,deseason_level,-0.00386
MED00329,3,deseason_level,0.00446
MED00330,3,deseason_level,-0.00397
MED00331,3,deseason_level,-0.01129
MED00332,3,deseason_level,-0.01636
MED00333,3,deseason_level,-0.00452
MED00334,3,deseason_level,-0.00415
MED00335,3,deseason_level,0.00261
MED00336,3,deseason_level,0.00346
MED00337,3,deseason_level,0.00023
MED00338,3,deseason_level,-0.01509
MED00339,3,deseason_level,-0.01034
MED00340,3,deseason_level,-0.01172
MED00341,3,deseason_level,0.00495
MED00342,3,deseason_level,-0.01669
MED00343,3,deseason_level,0.00412
MED00344,3,deseason_level,-0.00321
MED00345,3,deseason_level,-0.03137
MED00346,3,deseason_level,-0.01269
MED00347,3,deseason_level,-0.03017
MED00348,3,deseason_level,-0.016
MED00349,3,deseason_level,-0.01429
MED00350,3,deseason_level,-0.01978
MED00351,3,deseason_level,-0.01777
MED00352,3,deseason_level,-0.02003
MED00353,3,deseason_level,-0.01503
MED00354,3,deseason_level,-0.02018
MED00355,3,deseason_level,0.00547
MED00356,3,deseason_level,-0.01411
MED00357,3,deseason_level,-0.02166
MED00358,3,deseason_level,-0.00855
MED00359,3,deseason_level,-0.01721
MED00360,3,deseason_level,-0.01043
MED00361,3,deseason_level,-0.00517
MED00362,3,deseason_level,-0.00665
MED00363,3,deseason_level,-0.01685
MED00364,3,deseason_level,-0.03028
MED00365,3,deseason_level,-0.01693
MED00366,3,deseason_level,0.00392
MED00367,3,deseason_level,-0.01576
MED00368,3,deseason_level,-0.00551
MED00369,3,deseason_level,-0.00511
MED00370,3,deseason_level,-0.02465
MED00372,3,deseason_level,-0.02328
MED00373,3,deseason_level,-0.01579
MED00374,3,deseason_level,-0.0133
MED00375,3,deseason_level,0.00248
MED00376,3,deseason_level,-0.01619
MED00377,3,deseason_level,-0.02584
MED00378,3,deseason_level,-0.01529
MED00379,3,deseason_level,-0.02078
MED00380,3,deseason_level,-0.0175
MED00381,3,deseason_level,-0.02311
MED00382,3,deseason_level,-0.00968
MED00383,3,deseason_level,-0.00479
MED00384,3,deseason_level,-0.01634
MED00385,3,deseason_level,0.00487
MED00386,3,deseason_level,0.00491
MED00387,3,deseason_level,0.00394
MED00388,3,deseason_level,-0.00124
MED00389,3,deseason_level,0.00552
MED00390,3,deseason_level,0.00137
MED00391,3,deseason_level,0.00394
MED00392,3,deseason_level,0.00382
MED00393,3,deseason_level,0.00985
MED00394,3,deseason_level,0.00209
MED00395,3,deseason_level,-0.00055
MED00396,3,deseason_level,0.00185
MED00397,3,deseason_level,0.00215
MED00398,3,deseason_level,0.00843
MED00399,3,deseason_level,0.00678
MED00400,3,deseason_level,0.00195
MED00401,3,deseason_level,0.00372
MED00402,3,deseason_level,0.0017
MED00403,3,deseason_level,0.00627
MED00404,3,deseason_level,-0.00366
MED00405,3,deseason_level,0.00188
MED00406,3,deseason_level,0.00125
MED00407,3,deseason_level,0.00177
MED00408,3,deseason_level,0.00588
MED00409,3,deseason_level,0.00276
MED00410,3,deseason_level,0.00402
MED00411,3,deseason_level,0.0035
MED00412,3,deseason_level,0.00423
MED00413,3,deseason_level,0.00322
MED00414,3,deseason_level,0.00166
MED00415,3,deseason_level,0.00286
MED00416,3,deseason_level,0.00327
MED00417,3,deseason_level,0.00362
MED00418,3,deseason_level,0.00565
MED00419,3,deseason_level,0.00549
MED00420,3,deseason_level,0.00171
MED00421,3,deseason_level,0.00124
MED00422,3,deseason_level,0.00402
MED00423,3,deseason_level,0.00398
MED00424,3,deseason_level,0.00796
MED00001,4,deseason_level,0.00165
MED00002,4,deseason_level,-0.02442
MED00003,4,deseason_level,-0.03148
MED00004,4,deseason_level,-0.01885
MED00005,4,deseason_level,-0.01927
MED00006,4,deseason_level,-0.01045
MED00007,4,deseason_level,-0.01906
MED00008,4,deseason_level,-0.0177
MED00009,4,deseason_level,-0.00968
MED00010,4,deseason_level,-0.00158
MED00011,4,deseason_level,0.00215
MED00012,4,deseason_level,-0.01174
MED00013,4,deseason_level,-0.00319
MED00014,4,deseason_level,0.00081
MED00015,4,deseason_level,-0.01574
MED00016,4,deseason_level,-0.00627
MED00017,4,deseason_level,-0.01691
MED00018,4,deseason_level,0.00183
MED00019,4,deseason_level,0.00096
MED00020,4,deseason_level,0.00137
MED00021,4,deseason_level,-0.00872
MED00022,4,deseason_level,-0.01508
MED00023,4,deseason_level,-0.0116
MED00024,4,deseason_level,-0.01635
MED00025,4,deseason_level,-0.03022
MED00026,4,deseason_level,-0.02237
MED00027,4,deseason_level,-0.02768
MED00028,4,deseason_level,-0.01229
MED00029,4,deseason_level,0.00436
MED00030,4,deseason_level,-0.0053
MED00031,4,deseason_level,-0.01418
MED00032,4,deseason_level,-0.01385
MED00033,4,deseason_level,-0.02095
MED00034,4,deseason_level,0.00414
MED00035,4,deseason_level,-0.01329
MED00036,4,deseason_level,-0.01794
MED00037,4,deseason_level,-0.00259
MED00038,4,deseason_level,-0.00163
MED00039,4,deseason_level,-0.01968
MED00040,4,deseason_level,-0.02171
MED00041,4,deseason_level,-0.02128
MED00042,4,deseason_level,-0.00803
MED00043,4,deseason_level,-0.01486
MED00044,4,deseason_level,-0.01768
MED00045,4,deseason_level,-0.01393
MED00046,4,deseason_level,-0.01782
MED00047,4,deseason_level,0.00201
MED00048,4,deseason_level,0.00043
MED00049,4,deseason_level,-0.03034
MED00050,4,deseason_level,-0.01574
MED00051,4,deseason_level,-0.02826
MED00052,4,deseason_level,-0.01163
MED00053,4,deseason_level,0.00508
MED00054,4,deseason_level,0.00512
MED00055,4,deseason_level,-0.01636
MED00056,4,deseason_level,-0.01954
MED00057,4,deseason_level,-0.01647
MED00058,4,deseason_level,-0.01363
MED00059,4,deseason_level,0.00346
MED00060,4,deseason_level,0.00365
MED00061,4,deseason_level,-0.01109
MED00062,4,deseason_level,0.00072
MED00063,4,deseason_level,-0.03389
MED00064,4,deseason_level,0.00162
MED00065,4,deseason_level,0.00047
MED00066,4,deseason_level,-0.01221
MED00067,4,deseason_level,-0.0053
MED00068,4,deseason_level,-0.00452
MED00069,4,deseason_level,-0.01581
MED00070,4,deseason_level,0.00291
MED00071,4,deseason_level,-0.01751
MED00072,4,deseason_level,-0.01519
MED00073,4,deseason_level,-0.00466
MED00074,4,deseason_level,-0.004
MED00075,4,deseason_level,-0.00929
MED00076,4,deseason_level,-0.02096
MED00077,4,deseason_level,-0.00602
MED00078,4,deseason_level,-0.01527
MED00079,4,deseason_level,-0.00373
MED00080,4,deseason_level,-0.00402
MED00081,4,deseason_level,-0.01947
MED00082,4,deseason_level,-0.01654
MED00083,4,deseason_level,-0.00778
MED00084,4,deseason_level,0.0027
MED00085,4,deseason_level,-0.0108
MED00086,4,deseason_level,-0.02191
MED00087,4,deseason_level,-0.01598
MED00088,4,deseason_level,0.00353
MED00089,4,deseason_level,0.00283
MED00090,4,deseason_level,-0.0035
MED00091,4,deseason_level,-0.01497
MED00092,4,deseason_level,-0.01484
MED00093,4,deseason_level,-0.01636
MED00094,4,deseason_level,-0.02033
MED00095,4,deseason_level,-0.00895
MED00096,4,deseason_level,0.00201
MED00097,4,deseason_level,-0.01975
MED00098,4,deseason_level,0.00236
MED00099,4,deseason_level,-0.02705
MED00100,4,deseason_level,-0.02536
MED00101,4,deseason_level,0.00036
MED00102,4,deseason_level,-0.00759
MED00103,4,deseason_level,-0.01641
MED00104,4,deseason_level,0.00631
MED00105,4,deseason_level,0.00479
MED00106,4,deseason_level,-0.03388
MED00107,4,deseason_level,0.00459
MED00108,4,deseason_level,-0.00371
MED00109,4,deseason_level,-0.01912
MED00110,4,deseason_level,-0.01608
MED00111,4,deseason_level,-0.01871
MED00112,4,deseason_level,-0.00909
MED00113,4,deseason_level,-0.01562
MED00114,4,deseason_level,-0.00119
MED00115,4,deseason_level,-0.016
MED00116,4,deseason_level,0.00149
MED00117,4,deseason_level,-0.01891
MED00118,4,deseason_level,-0.01538
MED00119,4,deseason_level,0.00106
MED00120,4,deseason_level,-0.00666
MED00121,4,deseason_level,-0.00808
MED00122,4,deseason_level,-0.00461
MED00123,4,deseason_level,-0.01484
MED00124,4,deseason_level,0.00248
MED00125,4,deseason_level,-0.01718
MED00126,4,deseason_level,-0.01484
MED00127,4,deseason_level,-0.01748
MED00128,4,deseason_level,-0.01942
MED00129,4,deseason_level,-0.01217
MED00130,4,deseason_level,-0.03037
MED00131,4,deseason_level,-0.01486
MED00132,4,deseason_level,-0.02399
MED00133,4,deseason_level,-0.00669
MED00134,4,deseason_level,-0.01622
MED00135,4,deseason_level,0.00325
MED00136,4,deseason_level,-0.01944
MED00137,4,deseason_level,-0.01633
MED00138,4,deseason_level,-0.01513
MED00139,4,deseason_level,-0.01564
MED00140,4,deseason_level,-0.0181
MED00141,4,deseason_level,-0.00422
MED00142,4,deseason_level,-0.01767
MED00143,4,deseason_level,-0.01723
MED00144,4,deseason_level,-0.00455
MED00145,4,deseason_level,-0.01816
MED00146,4,deseason_level,-0.01905
MED00147,4,deseason_level,-0.01595
MED00148,4,deseason_level,0.00379
MED00149,4,deseason_level,-0.00312
MED00150,4,deseason_level,-0.01493
MED00151,4,deseason_level,-0.01878
MED00152,4,deseason_level,-0.01656
MED00153,4,deseason_level,-0.01721
MED00154,4,deseason_level,0.00112
MED00155,4,deseason_level,-0.01651
MED00156,4,deseason_level,-0.00484
MED00157,4,deseason_level,-0.00491
MED00158,4,deseason_level,-0.02386
MED00159,4,deseason_level,0.00418
MED00160,4,deseason_level,-0.00351
MED00161,4,deseason_level,-0.00415
MED00162,4,deseason_level,-0.01642
MED00163,4,deseason_level,-0.02224
MED00164,4,deseason_level,-0.01715
MED00165,4,deseason_level,0.00194
MED00166,4,deseason_level,-0.01686
MED00167,4,deseason_level,-0.01274
MED00168,4,deseason_level,-0.01519
MED00169,4,deseason_level,-0.01754
MED00170,4,deseason_level,-0.01458
MED00171,4,deseason_level,-0.01638
MED00172,4,deseason_level,-0.00892
MED00173,4,deseason_level,-0.01642
MED00174,4,deseason_level,-0.00269
MED00175,4,deseason_level,-0.01359
MED00176,4,deseason_level,0.0017
MED00177,4,deseason_level,-0.02263
MED00178,4,deseason_level,-0.01781
MED00179,4,deseason_level,-0.01002
MED00180,4,deseason_level,-0.00812
MED00181,4,deseason_level,-0.0085
MED00182,4,deseason_level,-0.03276
MED00183,4,deseason_level,0.00184
MED00184,4,deseason_level,-0.0035
MED00185,4,deseason_level,-0.01395
MED00186,4,deseason_level,-0.01698
MED00187,4,deseason_level,-0.01623
MED00188,4,deseason_level,-0.00371
MED00189,4,deseason_level,-0.02715
MED00190,4,deseason_level,-0.01016
MED00191,4,deseason_level,0.00392
MED00192,4,deseason_level,-0.02107
MED00193,4,deseason_level,-0.02985
MED00194,4,deseason_level,0.00091
MED00195,4,deseason_level,0.00356
MED00196,4,deseason_level,-0.00179
MED00197,4,deseason_level,0.00159
MED00198,4,deseason_level,-0.01664
MED00199,4,deseason_level,-0.01837
MED00200,4,deseason_level,-0.0164
MED00201,4,deseason_level,0.00513
MED00202,4,deseason_level,-0.01282
MED00203,4,deseason_level,-0.01605
MED00204,4,deseason_level,-0.01098
MED00205,4,deseason_level,0.00391
MED00206,4,deseason_level,-0.01865
MED00207,4,deseason_level,-0.01597
MED00208,4,deseason_level,0.00464
MED00209,4,deseason_level,-0.00758
MED00210,4,deseason_level,-0.01782
MED00211,4,deseason_level,-0.01649
MED00212,4,deseason_level,-0.01002
MED00213,4,deseason_level,-0.01162
MED00214,4,deseason_level,0.00278
MED00215,4,deseason_level,-0.01501
MED00216,4,deseason_level,-0.03306
MED00217,4,deseason_level,-0.02036
MED00218,4,deseason_level,-0.00553
MED00219,4,deseason_level,0.00311
MED00220,4,deseason_level,-0.01644
MED00221,4,deseason_level,-0.01438
MED00222,4,deseason_level,-0.01837
MED00223,4,deseason_level,-0.00112
MED00224,4,deseason_level,-0.01191
MED00225,4,deseason_level,-0.00484
MED00226,4,deseason_level,-0.01411
MED00228,4,deseason_level,-0.0157
MED00229,4,deseason_level,-0.01366
MED00230,4,deseason_level,0.00356
MED00231,4,deseason_level,-0.0163
MED00232,4,deseason_level,-0.01561
MED00233,4,deseason_level,-0.00514
MED00234,4,deseason_level,-0.01781
MED00235,4,deseason_level,0.00089
MED00236,4,deseason_level,-0.01738
MED00237,4,deseason_level,-0.00563
MED00238,4,deseason_level,-0.01582
MED00239,4,deseason_level,-0.00279
MED00240,4,deseason_level,-0.00547
MED00241,4,deseason_level,-0.01512
MED00242,4,deseason_level,0.00451
MED00243,4,deseason_level,-0.02434
MED00244,4,deseason_level,-0.01763
MED00245,4,deseason_level,-0.00021
MED00246,4,deseason_level,0.00259
MED00247,4,deseason_level,0.00455
MED00248,4,deseason_level,-0.0167
MED00249,4,deseason_level,0.00217
MED00251,4,deseason_level,-0.016
MED00252,4,deseason_level,-0.02529
MED00253,4,deseason_level,-0.002
MED00254,4,deseason_level,-0.02528
MED00255,4,deseason_level,-0.00241
MED00256,4,deseason_level,-0.01847
MED00257,4,deseason_level,-0.00287
MED00258,4,deseason_level,-0.01069
MED00259,4,deseason_level,-0.01
MED00260,4,deseason_level,-0.01651
MED00261,4,deseason_level,-0.01492
MED00262,4,deseason_level,-0.00502
MED00263,4,deseason_level,-0.00351
MED00264,4,deseason_level,-0.01806
MED00265,4,deseason_level,0.00425
MED00266,4,deseason_level,0.00456
MED00267,4,deseason_level,-0.00368
MED00268,4,deseason_level,-0.00969
MED00269,4,deseason_level,-0.01751
MED00270,4,deseason_level,-0.0045
MED00271,4,deseason_level,-0.01098
MED00272,4,deseason_level,-0.00331
MED00273,4,deseason_level,-0.01664
MED00274,4,deseason_level,-0.01968
MED00275,4,deseason_level,0.00399
MED00276,4,deseason_level,-0.01757
MED00277,4,deseason_level,-0.02715
MED00278,4,deseason_level,0.00311
MED00279,4,deseason_level,0.0039
MED00280,4,deseason_level,-0.02088
MED00281,4,deseason_level,0.002
MED00282,4,deseason_level,-0.00889
MED00283,4,deseason_level,-0.01116
MED00284,4,deseason_level,-0.00547
MED00285,4,deseason_level,0.00175
MED00286,4,deseason_level,-0.0021
MED00287,4,deseason_level,-0.00913
MED00288,4,deseason_level,0.00249
MED00289,4,deseason_level,0.00216
MED00290,4,deseason_level,-0.0167
MED00291,4,deseason_level,-0.02343
MED00292,4,deseason_level,-0.01881
MED00293,4,deseason_level,0.00687
MED00294,4,deseason_level,-0.01624
MED00295,4,deseason_level,-0.02713
MED00296,4,deseason_level,-0.00405
MED00297,4,deseason_level,0.00239
MED00298,4,deseason_level,-0.00499
MED00299,4,deseason_level,-0.01849
MED00300,4,deseason_level,-0.00854
MED00301,4,deseason_level,-0.0043
MED00302,4,deseason_level,0.00164
MED00303,4,deseason_level,-0.00767
MED00304,4,deseason_level,-0.01055
MED00305,4,deseason_level,-0.01807
MED00306,4,deseason_level,-0.02061
MED00307,4,deseason_level,0.00278
MED00308,4,deseason_level,-0.01214
MED00309,4,deseason_level,-0.01415
MED00310,4,deseason_level,-0.00987
MED00311,4,deseason_level,-0.00832
MED00312,4,deseason_level,-0.01997
MED00313,4,deseason_level,-0.01848
MED00314,4,deseason_level,0.00501
MED00315,4,deseason_level,0.00442
MED00316,4,deseason_level,-0.01633
MED00317,4,deseason_level,-0.01748
MED00318,4,deseason_level,-0.00511
MED00319,4,deseason_level,0.00385
MED00320,4,deseason_level,-0.0048
MED00321,4,deseason_level,0.03334
MED00322,4,deseason_level,-0.03016
MED00323,4,deseason_level,-0.01757
MED00324,4,deseason_level,-0.01687
MED00325,4,deseason_level,-0.00385
MED00326,4,deseason_level,0.00452
MED00327,4,deseason_level,-0.01694
MED00328,4,deseason_level,-0.00393
MED00329,4,deseason_level,0.00439
MED00330,4,deseason_level,-0.00399
MED00331,4,deseason_level,-0.01127
MED00332,4,deseason_level,-0.01633
MED00333,4,deseason_level,-0.00456
MED00334,4,deseason_level,-0.0041
MED00335,4,deseason_level,0.00142
MED00336,4,deseason_level,0.0034
MED00338,4,deseason_level,-0.01324
MED00339,4,deseason_level,-0.01032
MED00340,4,deseason_level,-0.01145
MED00341,4,deseason_level,0.00485
MED00342,4,deseason_level,-0.01667
MED00343,4,deseason_level,0.00404
MED00344,4,deseason_level,-0.00326
MED00345,4,deseason_level,-0.03028
MED00346,4,deseason_level,-0.01268
MED00347,4,deseason_level,-0.02908
MED00348,4,deseason_level,-0.01599
MED00349,4,deseason_level,-0.0143
MED00350,4,deseason_level,-0.02018
MED00351,4,deseason_level,-0.01738
MED00352,4,deseason_level,-0.01966
MED00353,4,deseason_level,-0.0147
MED00354,4,deseason_level,-0.01999
MED00355,4,deseason_level,0.00542
MED00356,4,deseason_level,-0.01409
MED00357,4,deseason_level,-0.02143
MED00358,4,deseason_level,-0.00853
MED00359,4,deseason_level,-0.01709
MED00360,4,deseason_level,-0.01041
MED00361,4,deseason_level,-0.00518
MED00362,4,deseason_level,-0.00667
MED00363,4,deseason_level,-0.01683
MED00364,4,deseason_level,-0.02918
MED00365,4,deseason_level,-0.01691
MED00366,4,deseason_level,0.00388
MED00367,4,deseason_level,-0.0155
MED00368,4,deseason_level,-0.00552
MED00369,4,deseason_level,-0.00513
MED00370,4,deseason_level,-0.02427
MED00371,4,deseason_level,0.0017
MED00372,4,deseason_level,-0.02326
MED00373,4,deseason_level,-0.0163
MED00374,4,deseason_level,-0.01328
MED00375,4,deseason_level,0.00245
MED00376,4,deseason_level,-0.01616
MED00377,4,deseason_level,-0.02576
MED00378,4,deseason_level,-0.01532
MED00379,4,deseason_level,-0.02147
MED00380,4,deseason_level,-0.01709
MED00381,4,deseason_level,-0.02311
MED00382,4,deseason_level,-0.00956
MED00383,4,deseason_level,-0.00488
MED00384,4,deseason_level,-0.01632
MED00385,4,deseason_level,0.00478
MED00386,4,deseason_level,0.00477
MED00387,4,deseason_level,0.00373
MED00388,4,deseason_level,0.00088
MED00389,4,deseason_level,0.00544
MED00390,4,deseason_level,0.0013
MED00391,4,deseason_level,0.00372
MED00392,4,deseason_level,0.00362
MED00393,4,deseason_level,0.01009
MED00394,4,deseason_level,0.00192
MED00395,4,deseason_level,-0.00071
MED00396,4,deseason_level,0.00166
MED00397,4,deseason_level,0.00202
MED00398,4,deseason_level,0.00894
MED00399,4,deseason_level,0.0073
MED00400,4,deseason_level,0.00122
MED00401,4,deseason_level,0.00364
MED00402,4,deseason_level,0.00164
MED00403,4,deseason_level,0.0056
MED00404,4,deseason_level,-0.00385
MED00405,4,deseason_level,0.00172
MED00406,4,deseason_level,0.00107
MED00407,4,deseason_level,0.00169
MED00408,4,deseason_level,0.00592
MED00409,4,deseason_level,0.0026
MED00410,4,deseason_level,0.00386
MED00411,4,deseason_level,0.00343
MED00412,4,deseason_level,0.00417
MED00413,4,deseason_level,0.00325
MED00414,4,deseason_level,0.00163
MED00415,4,deseason_level,0.00279
MED00416,4,deseason_level,0.00324
MED00417,4,deseason_level,0.00355
MED00418,4,deseason_level,0.00546
MED00419,4,deseason_level,0.00533
MED00420,4,deseason_level,0.00155
MED00421,4,deseason_level,0.00122
MED00422,4,deseason_level,0.00395
MED00423,4,deseason_level,0.00377
MED00424,4,deseason_level,0.00807
MED00001,5,deseason_level,0.00389
MED00002,5,deseason_level,-0.02321
MED00003,5,deseason_level,-0.03207
MED00004,5,deseason_level,-0.01857
MED00005,5,deseason_level,-0.01887
MED00006,5,deseason_level,-0.01027
MED00007,5,deseason_level,-0.01707
MED00008,5,deseason_level,-0.01777
MED00009,5,deseason_level,-0.01111
MED00010,5,deseason_level,-0.00114
MED00011,5,deseason_level,0.00218
MED00012,5,deseason_level,-0.01187
MED00013,5,deseason_level,-0.00378
MED00014,5,deseason_level,0.00173
MED00015,5,deseason_level,-0.01579
MED00016,5,deseason_level,-0.00725
MED00017,5,deseason_level,-0.01736
MED00018,5,deseason_level,0.00199
MED00019,5,deseason_level,0.00118
MED00020,5,deseason_level,0.00144
MED00021,5,deseason_level,-0.01117
MED00022,5,deseason_level,-0.01614
MED00023,5,deseason_level,-0.01328
MED00024,5,deseason_level,-0.0171
MED00025,5,deseason_level,-0.03196
MED00026,5,deseason_level,-0.02334
MED00027,5,deseason_level,-0.03034
MED00028,5,deseason_level,-0.01218
MED00029,5,deseason_level,0.00524
MED00030,5,deseason_level,-0.00577
MED00031,5,deseason_level,-0.0157
MED00032,5,deseason_level,-0.01729
MED00033,5,deseason_level,-0.02003
MED00034,5,deseason_level,0.00417
MED00035,5,deseason_level,-0.01463
MED00036,5,deseason_level,-0.01762
MED00037,5,deseason_level,-0.00277
MED00038,5,deseason_level,0.00148
MED00039,5,deseason_level,-0.0207
MED00040,5,deseason_level,-0.02176
MED00041,5,deseason_level,-0.01821
MED00042,5,deseason_level,-0.00736
MED00043,5,deseason_level,-0.01367
MED00044,5,deseason_level,-0.02023
MED00045,5,deseason_level,-0.01488
MED00046,5,deseason_level,-0.01979
MED00047,5,deseason_level,0.00077
MED00048,5,deseason_level,0.00204
MED00049,5,deseason_level,-0.0308
MED00050,5,deseason_level,-0.01694
MED00051,5,deseason_level,-0.02927
MED00052,5,deseason_level,-0.01077
MED00053,5,deseason_level,0.0027
MED00054,5,deseason_level,0.00392
MED00055,5,deseason_level,-0.01389
MED00056,5,deseason_level,-0.0185
MED00057,5,deseason_level,-0.01702
MED00058,5,deseason_level,-0.01402
MED00059,5,deseason_level,0.00143
MED00060,5,deseason_level,0.00131
MED00061,5,deseason_level,-0.01031
MED00062,5,deseason_level,0.00284
MED00063,5,deseason_level,-0.03496
MED00064,5,deseason_level,0.00202
MED00065,5,deseason_level,0.00082
MED00066,5,deseason_level,-0.01199
MED00067,5,deseason_level,-0.00458
MED00068,5,deseason_level,-0.0069
MED00069,5,deseason_level,-0.01894
MED00070,5,deseason_level,0.00352
MED00071,5,deseason_level,-0.01875
MED00072,5,deseason_level,-0.01624
MED00073,5,deseason_level,-0.00527
MED00074,5,deseason_level,-0.00632
MED00075,5,deseason_level,-0.01169
MED00076,5,deseason_level,-0.01723
MED00077,5,deseason_level,-0.00731
MED00078,5,deseason_level,-0.01516
MED00079,5,deseason_level,-0.00366
MED00080,5,deseason_level,-0.00473
MED00081,5,deseason_level,-0.01839
MED00082,5,deseason_level,-0.01853
MED00083,5,deseason_level,-0.00955
MED00084,5,deseason_level,0.00213
MED00085,5,deseason_level,-0.0121
MED00086,5,deseason_level,-0.0217
MED00087,5,deseason_level,-0.01816
MED00088,5,deseason_level,0.00384
MED00089,5,deseason_level,-0.00584
MED00090,5,deseason_level,-0.00598
MED00091,5,deseason_level,-0.01714
MED00092,5,deseason_level,-0.01555
MED00093,5,deseason_level,-0.01752
MED00094,5,deseason_level,-0.01851
MED00095,5,deseason_level,-0.0105
MED00096,5,deseason_level,0.00392
MED00097,5,deseason_level,-0.01963
MED00098,5,deseason_level,-0.00041
MED00099,5,deseason_level,-0.02969
MED00100,5,deseason_level,-0.0247
MED00101,5,deseason_level,0.0002
MED00102,5,deseason_level,-0.00765
MED00103,5,deseason_level,-0.01788
MED00104,5,deseason_level,0.00517
MED00105,5,deseason_level,0.00359
MED00106,5,deseason_level,-0.03495
MED00107,5,deseason_level,0.00343
MED00108,5,deseason_level,-0.00422
MED00109,5,deseason_level,-0.02157
MED00110,5,deseason_level,-0.01913
MED00111,5,deseason_level,-0.01836
MED00112,5,deseason_level,-0.01031
MED00113,5,deseason_level,-0.01714
MED00115,5,deseason_level,-0.01833
MED00116,5,deseason_level,0.00223
MED00117,5,deseason_level,-0.01993
MED00118,5,deseason_level,-0.01493
MED00119,5,deseason_level,0.00166
MED00120,5,deseason_level,-0.00654
MED00121,5,deseason_level,-0.00822
MED00122,5,deseason_level,-0.00523
MED00123,5,deseason_level,-0.0144
MED00124,5,deseason_level,0.00147
MED00125,5,deseason_level,-0.01585
MED00126,5,deseason_level,-0.01689
MED00127,5,deseason_level,-0.01964
MED00128,5,deseason_level,-0.02084
MED00129,5,deseason_level,-0.01288
MED00130,5,deseason_level,-0.03083
MED00131,5,deseason_level,-0.0162
MED00132,5,deseason_level,-0.02073
MED00133,5,deseason_level,-0.00993
MED00134,5,deseason_level,-0.01861
MED00135,5,deseason_level,0.0027
MED00136,5,deseason_level,-0.02469
MED00137,5,deseason_level,-0.01604
MED00138,5,deseason_level,-0.01554
MED00139,5,deseason_level,-0.01712
MED00140,5,deseason_level,-0.01886
MED00141,5,deseason_level,-0.00771
MED00142,5,deseason_level,-0.01748
MED00143,5,deseason_level,-0.01864
MED00144,5,deseason_level,-0.00679
MED00145,5,deseason_level,-0.01754
MED00146,5,deseason_level,-0.01702
MED00147,5,deseason_level,-0.01893
MED00148,5,deseason_level,0.00148
MED00149,5,deseason_level,-0.00339
MED00150,5,deseason_level,-0.01987
MED00151,5,deseason_level,-0.02027
MED00152,5,deseason_level,-0.01747
MED00153,5,deseason_level,-0.01819
MED00154,5,deseason_level,0.00127
MED00155,5,deseason_level,-0.01802
MED00156,5,deseason_level,-0.00566
MED00157,5,deseason_level,-0.00634
MED00158,5,deseason_level,-0.02453
MED00159,5,deseason_level,0.00364
MED00160,5,deseason_level,-0.00415
MED00161,5,deseason_level,-0.00608
MED00162,5,deseason_level,-0.01873
MED00163,5,deseason_level,-0.02121
MED00164,5,deseason_level,-0.01929
MED00165,5,deseason_level,0.00193
MED00166,5,deseason_level,-0.01921
MED00167,5,deseason_level,-0.01408
MED00168,5,deseason_level,-0.0172
MED00169,5,deseason_level,-0.01769
MED00170,5,deseason_level,-0.0161
MED00171,5,deseason_level,-0.01787
MED00172,5,deseason_level,-0.01104
MED00173,5,deseason_level,-0.01779
MED00174,5,deseason_level,-0.00312
MED00175,5,deseason_level,-0.01209
MED00176,5,deseason_level,0.00167
MED00177,5,deseason_level,-0.02337
MED00178,5,deseason_level,-0.01955
MED00179,5,deseason_level,-0.00862
MED00180,5,deseason_level,-0.00791
MED00181,5,deseason_level,-0.01034
MED00182,5,deseason_level,-0.03559
MED00183,5,deseason_level,0.00211
MED00184,5,deseason_level,-0.0035
MED00185,5,deseason_level,-0.01486
MED00186,5,deseason_level,-0.01938
MED00187,5,deseason_level,-0.01863
MED00188,5,deseason_level,-0.00421
MED00189,5,deseason_level,-0.02756
MED00190,5,deseason_level,-0.01062
MED00191,5,deseason_level,0.00397
MED00192,5,deseason_level,-0.0198
MED00193,5,deseason_level,-0.03032
MED00194,5,deseason_level,0.00113
MED00195,5,deseason_level,0.00348
MED00196,5,deseason_level,-0.00207
MED00197,5,deseason_level,0.00186
MED00198,5,deseason_level,-0.01827
MED00199,5,deseason_level,-0.02097
MED00200,5,deseason_level,-0.01793
MED00201,5,deseason_level,0.00361
MED00202,5,deseason_level,-0.01261
MED00203,5,deseason_level,-0.01649
MED00204,5,deseason_level,-0.01131
MED00205,5,deseason_level,0.0039
MED00206,5,deseason_level,-0.02253
MED00207,5,deseason_level,-0.01633
MED00208,5,deseason_level,0.00453
MED00209,5,deseason_level,-0.00955
MED00210,5,deseason_level,-0.01563
MED00211,5,deseason_level,-0.0187
MED00212,5,deseason_level,-0.01178
MED00213,5,deseason_level,-0.0127
MED00214,5,deseason_level,0.00344
MED00215,5,deseason_level,-0.01706
MED00216,5,deseason_level,-0.03413
MED00217,5,deseason_level,-0.01663
MED00218,5,deseason_level,-0.00698
MED00219,5,deseason_level,0.00303
MED00220,5,deseason_level,-0.0186
MED00221,5,deseason_level,-0.01644
MED00222,5,deseason_level,-0.01818
MED00223,5,deseason_level,-0.00104
MED00224,5,deseason_level,-0.01142
MED00225,5,deseason_level,-0.00609
MED00226,5,deseason_level,-0.01819
MED00227,5,deseason_level,-1e-04
MED00228,5,deseason_level,-0.01754
MED00229,5,deseason_level,-0.01569
MED00230,5,deseason_level,0.00359
MED00231,5,deseason_level,-0.01809
MED00232,5,deseason_level,-0.01711
MED00233,5,deseason_level,-0.00858
MED00234,5,deseason_level,-0.01917
MED00235,5,deseason_level,0.00091
MED00236,5,deseason_level,-0.01881
MED00237,5,deseason_level,-0.00781
MED00238,5,deseason_level,-0.01512
MED00239,5,deseason_level,-0.00433
MED00240,5,deseason_level,-0.00625
MED00241,5,deseason_level,-0.01708
MED00242,5,deseason_level,0.00455
MED00243,5,deseason_level,-0.02313
MED00244,5,deseason_level,-0.01893
MED00245,5,deseason_level,-0.0002
MED00246,5,deseason_level,0.00111
MED00247,5,deseason_level,0.00559
MED00248,5,deseason_level,-0.01864
MED00249,5,deseason_level,0.00182
MED00250,5,deseason_level,0.0024
MED00251,5,deseason_level,-0.01644
MED00252,5,deseason_level,-0.02543
MED00253,5,deseason_level,-0.00495
MED00254,5,deseason_level,-0.02548
MED00255,5,deseason_level,-0.0041
MED00256,5,deseason_level,-0.01826
MED00257,5,deseason_level,-0.00522
MED00258,5,deseason_level,-0.01288
MED00259,5,deseason_level,-0.0115
MED00260,5,deseason_level,-0.01465
MED00261,5,deseason_level,-0.0174
MED00262,5,deseason_level,-0.00662
MED00263,5,deseason_level,-0.00451
MED00264,5,deseason_level,-0.02036
MED00265,5,deseason_level,0.00283
MED00266,5,deseason_level,0.00404
MED00267,5,deseason_level,-0.00521
MED00268,5,deseason_level,-0.01119
MED00269,5,deseason_level,-0.0178
MED00270,5,deseason_level,-0.00572
MED00271,5,deseason_level,-0.01362
MED00272,5,deseason_level,-0.00617
MED00273,5,deseason_level,-0.01842
MED00274,5,deseason_level,-0.01667
MED00275,5,deseason_level,0.00534
MED00276,5,deseason_level,-0.01874
MED00277,5,deseason_level,-0.02755
MED00278,5,deseason_level,0.00436
MED00279,5,deseason_level,0.00383
MED00280,5,deseason_level,-0.01714
MED00281,5,deseason_level,0.00447
MED00282,5,deseason_level,-0.01191
MED00283,5,deseason_level,-0.01255
MED00284,5,deseason_level,-0.0059
MED00285,5,deseason_level,0.00029
MED00286,5,deseason_level,-0.00433
MED00287,5,deseason_level,-0.01048
MED00288,5,deseason_level,0.00316
MED00290,5,deseason_level,-0.01841
MED00291,5,deseason_level,-0.02447
MED00292,5,deseason_level,-0.02101
MED00293,5,deseason_level,0.00283
MED00294,5,deseason_level,-0.01794
MED00295,5,deseason_level,-0.02963
MED00296,5,deseason_level,-0.00625
MED00297,5,deseason_level,0.00059
MED00298,5,deseason_level,-0.00506
MED00299,5,deseason_level,-0.01827
MED00300,5,deseason_level,-0.00837
MED00301,5,deseason_level,-0.00547
MED00302,5,deseason_level,0.00168
MED00303,5,deseason_level,-0.01064
MED00304,5,deseason_level,-0.01188
MED00305,5,deseason_level,-0.02041
MED00306,5,deseason_level,-0.02274
MED00307,5,deseason_level,0.0026
MED00308,5,deseason_level,-0.01282
MED00309,5,deseason_level,-0.0161
MED00310,5,deseason_level,-0.01228
MED00311,5,deseason_level,-0.00994
MED00312,5,deseason_level,-0.01712
MED00313,5,deseason_level,-0.02036
MED00314,5,deseason_level,0.00497
MED00315,5,deseason_level,0.00571
MED00316,5,deseason_level,-0.01786
MED00317,5,deseason_level,-0.01886
MED00318,5,deseason_level,-0.00579
MED00319,5,deseason_level,0.00455
MED00320,5,deseason_level,-0.0063
MED00321,5,deseason_level,0.03441
MED00322,5,deseason_level,-0.03062
MED00323,5,deseason_level,-0.01967
MED00324,5,deseason_level,-0.01851
MED00325,5,deseason_level,-0.00535
MED00326,5,deseason_level,0.0041
MED00327,5,deseason_level,-0.01738
MED00328,5,deseason_level,-0.00536
MED00329,5,deseason_level,0.00545
MED00330,5,deseason_level,-0.00654
MED00331,5,deseason_level,-0.01263
MED00332,5,deseason_level,-0.01704
MED00333,5,deseason_level,-0.00551
MED00334,5,deseason_level,-0.00529
MED00335,5,deseason_level,0.00186
MED00336,5,deseason_level,0.00295
MED00338,5,deseason_level,-0.01366
MED00339,5,deseason_level,-0.00982
MED00340,5,deseason_level,-0.01414
MED00341,5,deseason_level,0.00473
MED00342,5,deseason_level,-0.01801
MED00343,5,deseason_level,0.0047
MED00344,5,deseason_level,-0.0035
MED00345,5,deseason_level,-0.03074
MED00346,5,deseason_level,-0.01412
MED00347,5,deseason_level,-0.0301
MED00348,5,deseason_level,-0.01699
MED00349,5,deseason_level,-0.01553
MED00350,5,deseason_level,-0.0205
MED00351,5,deseason_level,-0.0194
MED00352,5,deseason_level,-0.02202
MED00353,5,deseason_level,-0.01715
MED00354,5,deseason_level,-0.01842
MED00355,5,deseason_level,0.00278
MED00356,5,deseason_level,-0.01464
MED00357,5,deseason_level,-0.02023
MED00358,5,deseason_level,-0.01127
MED00359,5,deseason_level,-0.0194
MED00360,5,deseason_level,-0.01153
MED00361,5,deseason_level,-0.00641
MED00362,5,deseason_level,-0.00799
MED00363,5,deseason_level,-0.01814
MED00364,5,deseason_level,-0.0302
MED00365,5,deseason_level,-0.01842
MED00366,5,deseason_level,0.0049
MED00367,5,deseason_level,-0.01761
MED00368,5,deseason_level,-0.00612
MED00369,5,deseason_level,-0.00483
MED00370,5,deseason_level,-0.02327
MED00371,5,deseason_level,0.00175
MED00372,5,deseason_level,-0.02199
MED00373,5,deseason_level,-0.01536
MED00374,5,deseason_level,-0.01613
MED00375,5,deseason_level,0.00255
MED00376,5,deseason_level,-0.01744
MED00377,5,deseason_level,-0.0238
MED00378,5,deseason_level,-0.0164
MED00379,5,deseason_level,-0.02079
MED00380,5,deseason_level,-0.01923
MED00381,5,deseason_level,-0.02226
MED00382,5,deseason_level,-0.01316
MED00383,5,deseason_level,-0.00511
MED00384,5,deseason_level,-0.01783
MED00385,5,deseason_level,0.00432
MED00386,5,deseason_level,0.00532
MED00387,5,deseason_level,0.00265
MED00388,5,deseason_level,0.00129
MED00389,5,deseason_level,0.00203
MED00390,5,deseason_level,0.00162
MED00391,5,deseason_level,0.0038
MED00392,5,deseason_level,0.00371
MED00393,5,deseason_level,0.00259
MED00394,5,deseason_level,0.00381
MED00395,5,deseason_level,0.00095
MED00396,5,deseason_level,0.00176
MED00397,5,deseason_level,0.00204
MED00398,5,deseason_level,0.00899
MED00399,5,deseason_level,0.00742
MED00400,5,deseason_level,0.00186
MED00401,5,deseason_level,0.00253
MED00402,5,deseason_level,0.00137
MED00403,5,deseason_level,0.0057
MED00404,5,deseason_level,-0.00426
MED00405,5,deseason_level,0.0006
MED00406,5,deseason_level,0.00174
MED00407,5,deseason_level,0.00178
MED00408,5,deseason_level,0.00244
MED00409,5,deseason_level,-0.00124
MED00410,5,deseason_level,0.00505
MED00411,5,deseason_level,0.00338
MED00412,5,deseason_level,0.00538
MED00413,5,deseason_level,0.00249
MED00414,5,deseason_level,0.00239
MED00415,5,deseason_level,0.00425
MED00416,5,deseason_level,0.00333
MED00417,5,deseason_level,0.00198
MED00418,5,deseason_level,0.0039
MED00419,5,deseason_level,0.00289
MED00420,5,deseason_level,0.00285
MED00421,5,deseason_level,0.00302
MED00422,5,deseason_level,0.00296
MED00423,5,deseason_level,0.00487
MED00424,5,deseason_level,0.0091
MED00001,6,deseason_level,0.00435
MED00002,6,deseason_level,-0.02287
MED00003,6,deseason_level,-0.03259
MED00004,6,deseason_level,-0.01801
MED00005,6,deseason_level,-0.01856
MED00006,6,deseason_level,-0.00989
MED00007,6,deseason_level,-0.01678
MED00008,6,deseason_level,-0.01732
MED00009,6,deseason_level,-0.01064
MED00010,6,deseason_level,-0.00196
MED00011,6,deseason_level,0.00307
MED00012,6,deseason_level,-0.01165
MED00013,6,deseason_level,-0.00344
MED00014,6,deseason_level,0.00207
MED00015,6,deseason_level,-0.01546
MED00016,6,deseason_level,-0.00689
MED00017,6,deseason_level,-0.01713
MED00018,6,deseason_level,-0.00099
MED00019,6,deseason_level,0.00329
MED00020,6,deseason_level,0.0019
MED00021,6,deseason_level,-0.01083
MED00022,6,deseason_level,-0.01681
MED00023,6,deseason_level,-0.01289
MED00024,6,deseason_level,-0.01667
MED00025,6,deseason_level,-0.03248
MED00026,6,deseason_level,-0.02247
MED00027,6,deseason_level,-0.03083
MED00028,6,deseason_level,-0.01184
MED00029,6,deseason_level,0.00583
MED00030,6,deseason_level,-0.0053
MED00031,6,deseason_level,-0.0154
MED00032,6,deseason_level,-0.01739
MED00033,6,deseason_level,-0.01997
MED00034,6,deseason_level,0.00511
MED00035,6,deseason_level,-0.01431
MED00036,6,deseason_level,-0.01738
MED00037,6,deseason_level,-0.00246
MED00038,6,deseason_level,0.00183
MED00039,6,deseason_level,-0.02064
MED00040,6,deseason_level,-0.02144
MED00041,6,deseason_level,-0.01791
MED00042,6,deseason_level,-0.00822
MED00043,6,deseason_level,-0.01311
MED00044,6,deseason_level,-0.01994
MED00045,6,deseason_level,-0.01483
MED00046,6,deseason_level,-0.01959
MED00047,6,deseason_level,0.00111
MED00048,6,deseason_level,0.00271
MED00049,6,deseason_level,-0.03132
MED00050,6,deseason_level,-0.01688
MED00051,6,deseason_level,-0.02979
MED00052,6,deseason_level,-0.01043
MED00053,6,deseason_level,0.00317
MED00054,6,deseason_level,0.00354
MED00055,6,deseason_level,-0.01357
MED00056,6,deseason_level,-0.0182
MED00057,6,deseason_level,-0.01681
MED00058,6,deseason_level,-0.01389
MED00059,6,deseason_level,0.00177
MED00060,6,deseason_level,0.00165
MED00061,6,deseason_level,-0.00998
MED00062,6,deseason_level,0.00319
MED00063,6,deseason_level,-0.03548
MED00064,6,deseason_level,0.00236
MED00065,6,deseason_level,0.00287
MED00066,6,deseason_level,-0.01165
MED00067,6,deseason_level,-0.00432
MED00068,6,deseason_level,-0.00657
MED00069,6,deseason_level,-0.01864
MED00070,6,deseason_level,0.00386
MED00071,6,deseason_level,-0.01846
MED00072,6,deseason_level,-0.01595
MED00073,6,deseason_level,-0.00493
MED00074,6,deseason_level,-0.00598
MED00075,6,deseason_level,-0.01138
MED00076,6,deseason_level,-0.01688
MED00077,6,deseason_level,-0.00683
MED00078,6,deseason_level,-0.01526
MED00079,6,deseason_level,-0.0035
MED00080,6,deseason_level,-0.00439
MED00081,6,deseason_level,-0.01783
MED00082,6,deseason_level,-0.01824
MED00083,6,deseason_level,-0.00923
MED00084,6,deseason_level,0.00433
MED00085,6,deseason_level,-0.01179
MED00086,6,deseason_level,-0.02166
MED00087,6,deseason_level,-0.01795
MED00088,6,deseason_level,0.00596
MED00089,6,deseason_level,-0.00728
MED00090,6,deseason_level,-0.00567
MED00091,6,deseason_level,-0.01671
MED00092,6,deseason_level,-0.01523
MED00093,6,deseason_level,-0.01718
MED00094,6,deseason_level,-0.01817
MED00095,6,deseason_level,-0.01016
MED00096,6,deseason_level,0.00423
MED00097,6,deseason_level,-0.01958
MED00099,6,deseason_level,-0.0302
MED00100,6,deseason_level,-0.02413
MED00101,6,deseason_level,0.00054
MED00102,6,deseason_level,-0.00734
MED00103,6,deseason_level,-0.01768
MED00104,6,deseason_level,0.00551
MED00105,6,deseason_level,0.00399
MED00106,6,deseason_level,-0.03547
MED00107,6,deseason_level,0.00377
MED00108,6,deseason_level,-0.00388
MED00109,6,deseason_level,-0.02209
MED00110,6,deseason_level,-0.01965
MED00111,6,deseason_level,-0.01756
MED00112,6,deseason_level,-0.00997
MED00113,6,deseason_level,-0.01684
MED00114,6,deseason_level,0.00032
MED00115,6,deseason_level,-0.018
MED00116,6,deseason_level,0.00253
MED00117,6,deseason_level,-0.02001
MED00118,6,deseason_level,-0.01463
MED00119,6,deseason_level,0.00198
MED00120,6,deseason_level,-0.00799
MED00121,6,deseason_level,-0.0079
MED00122,6,deseason_level,-0.00489
MED00123,6,deseason_level,-0.0146
MED00124,6,deseason_level,0.00181
MED00125,6,deseason_level,-0.01529
MED00126,6,deseason_level,-0.01743
MED00127,6,deseason_level,-0.01972
MED00128,6,deseason_level,-0.02056
MED00129,6,deseason_level,-0.01257
MED00130,6,deseason_level,-0.03135
MED00131,6,deseason_level,-0.01575
MED00132,6,deseason_level,-0.02082
MED00133,6,deseason_level,-0.0096
MED00134,6,deseason_level,-0.01913
MED00135,6,deseason_level,0.00125
MED00136,6,deseason_level,-0.02437
MED00137,6,deseason_level,-0.01573
MED00138,6,deseason_level,-0.01522
MED00139,6,deseason_level,-0.01709
MED00140,6,deseason_level,-0.01856
MED00141,6,deseason_level,-0.00737
MED00142,6,deseason_level,-0.0174
MED00143,6,deseason_level,-0.0184
MED00144,6,deseason_level,-0.00645
MED00145,6,deseason_level,-0.0172
MED00146,6,deseason_level,-0.01672
MED00147,6,deseason_level,-0.01874
MED00148,6,deseason_level,0.00209
MED00149,6,deseason_level,-0.00305
MED00150,6,deseason_level,-0.01969
MED00151,6,deseason_level,-0.01995
MED00152,6,deseason_level,-0.01717
MED00153,6,deseason_level,-0.01787
MED00154,6,deseason_level,0.00162
MED00155,6,deseason_level,-0.01772
MED00156,6,deseason_level,-0.00531
MED00157,6,deseason_level,-0.00604
MED00158,6,deseason_level,-0.02394
MED00159,6,deseason_level,0.00397
MED00160,6,deseason_level,-0.00384
MED00161,6,deseason_level,-0.00573
MED00162,6,deseason_level,-0.01852
MED00163,6,deseason_level,-0.02051
MED00164,6,deseason_level,-0.01878
MED00165,6,deseason_level,0.00216
MED00166,6,deseason_level,-0.01901
MED00167,6,deseason_level,-0.01378
MED00168,6,deseason_level,-0.01714
MED00169,6,deseason_level,-0.0174
MED00170,6,deseason_level,-0.0158
MED00171,6,deseason_level,-0.01755
MED00172,6,deseason_level,-0.01061
MED00173,6,deseason_level,-0.0176
MED00174,6,deseason_level,-0.00284
MED00175,6,deseason_level,-0.01202
MED00176,6,deseason_level,0.00199
MED00177,6,deseason_level,-0.02256
MED00178,6,deseason_level,-0.01923
MED00179,6,deseason_level,-0.00852
MED00180,6,deseason_level,-0.00772
MED00181,6,deseason_level,-0.0101
MED00182,6,deseason_level,-0.03611
MED00183,6,deseason_level,0.00065
MED00184,6,deseason_level,-0.00349
MED00185,6,deseason_level,-0.01492
MED00186,6,deseason_level,-0.01907
MED00187,6,deseason_level,-0.0183
MED00188,6,deseason_level,-0.00387
MED00189,6,deseason_level,-0.02808
MED00190,6,deseason_level,-0.01031
MED00191,6,deseason_level,0.00443
MED00192,6,deseason_level,-0.01908
MED00193,6,deseason_level,-0.03083
MED00194,6,deseason_level,0.00132
MED00195,6,deseason_level,0.00368
MED00196,6,deseason_level,-0.00285
MED00197,6,deseason_level,0.00203
MED00198,6,deseason_level,-0.01797
MED00199,6,deseason_level,-0.0205
MED00200,6,deseason_level,-0.01787
MED00201,6,deseason_level,0.00408
MED00202,6,deseason_level,-0.01239
MED00203,6,deseason_level,-0.01605
MED00204,6,deseason_level,-0.01123
MED00205,6,deseason_level,0.0043
MED00206,6,deseason_level,-0.02213
MED00207,6,deseason_level,-0.01606
MED00208,6,deseason_level,0.00493
MED00209,6,deseason_level,-0.00909
MED00210,6,deseason_level,-0.01532
MED00211,6,deseason_level,-0.01852
MED00212,6,deseason_level,-0.01186
MED00213,6,deseason_level,-0.01267
MED00214,6,deseason_level,0.00378
MED00215,6,deseason_level,-0.01672
MED00216,6,deseason_level,-0.03465
MED00217,6,deseason_level,-0.01629
MED00218,6,deseason_level,-0.00723
MED00219,6,deseason_level,0.00334
MED00220,6,deseason_level,-0.01836
MED00221,6,deseason_level,-0.01624
MED00222,6,deseason_level,-0.01814
MED00223,6,deseason_level,-0.00103
MED00224,6,deseason_level,-0.01123
MED00225,6,deseason_level,-0.00575
MED00226,6,deseason_level,-0.01798
MED00227,6,deseason_level,0.00024
MED00228,6,deseason_level,-0.01722
MED00229,6,deseason_level,-0.01662
MED00230,6,deseason_level,0.00389
MED00231,6,deseason_level,-0.01778
MED00232,6,deseason_level,-0.01704
MED00233,6,deseason_level,-0.00806
MED00234,6,deseason_level,-0.01886
MED00235,6,deseason_level,0.00426
MED00236,6,deseason_level,-0.01849
MED00237,6,deseason_level,-0.00723
MED00238,6,deseason_level,-0.01482
MED00239,6,deseason_level,-0.0039
MED00240,6,deseason_level,-0.00589
MED00241,6,deseason_level,-0.01674
MED00242,6,deseason_level,0.00509
MED00243,6,deseason_level,-0.02279
MED00244,6,deseason_level,-0.01863
MED00245,6,deseason_level,0.00267
MED00246,6,deseason_level,0.00145
MED00247,6,deseason_level,0.00593
MED00248,6,deseason_level,-0.01832
MED00249,6,deseason_level,0.00447
MED00250,6,deseason_level,0.00274
MED00251,6,deseason_level,-0.01615
MED00252,6,deseason_level,-0.02512
MED00253,6,deseason_level,-0.00461
MED00254,6,deseason_level,-0.02517
MED00255,6,deseason_level,-0.00368
MED00256,6,deseason_level,-0.01796
MED00257,6,deseason_level,-0.00489
MED00258,6,deseason_level,-0.01248
MED00259,6,deseason_level,-0.0112
MED00260,6,deseason_level,-0.01434
MED00261,6,deseason_level,-0.0167
MED00262,6,deseason_level,-0.00627
MED00263,6,deseason_level,-0.00417
MED00264,6,deseason_level,-0.02088
MED00265,6,deseason_level,0.00317
MED00266,6,deseason_level,0.00258
MED00267,6,deseason_level,-0.00481
MED00268,6,deseason_level,-0.01089
MED00269,6,deseason_level,-0.0175
MED00270,6,deseason_level,-0.00538
MED00271,6,deseason_level,-0.01319
MED00272,6,deseason_level,-0.0057
MED00273,6,deseason_level,-0.01796
MED00274,6,deseason_level,-0.01672
MED00275,6,deseason_level,0.0058
MED00276,6,deseason_level,-0.01845
MED00277,6,deseason_level,-0.02807
MED00278,6,deseason_level,0.00471
MED00279,6,deseason_level,0.00438
MED00280,6,deseason_level,-0.0168
MED00281,6,deseason_level,0.00493
MED00282,6,deseason_level,-0.01145
MED00283,6,deseason_level,-0.01234
MED00284,6,deseason_level,-0.00543
MED00285,6,deseason_level,0.00062
MED00286,6,deseason_level,-0.00399
MED00287,6,deseason_level,-0.01013
MED00288,6,deseason_level,0.00521
MED00289,6,deseason_level,0.00146
MED00290,6,deseason_level,-0.01817
MED00291,6,deseason_level,-0.02431
MED00292,6,deseason_level,-0.02082
MED00293,6,deseason_level,0.00317
MED00294,6,deseason_level,-0.01751
MED00295,6,deseason_level,-0.03037
MED00296,6,deseason_level,-0.00594
MED00297,6,deseason_level,0.00093
MED00298,6,deseason_level,-0.00476
MED00299,6,deseason_level,-0.01813
MED00300,6,deseason_level,-0.00817
MED00301,6,deseason_level,-0.00513
MED00302,6,deseason_level,0.00031
MED00303,6,deseason_level,-0.01069
MED00304,6,deseason_level,-0.01157
MED00305,6,deseason_level,-0.02021
MED00306,6,deseason_level,-0.02274
MED00307,6,deseason_level,0.00478
MED00308,6,deseason_level,-0.01251
MED00309,6,deseason_level,-0.01586
MED00310,6,deseason_level,-0.01197
MED00311,6,deseason_level,-0.00946
MED00312,6,deseason_level,-0.01732
MED00313,6,deseason_level,-0.02001
MED00314,6,deseason_level,0.00351
MED00315,6,deseason_level,0.00601
MED00316,6,deseason_level,-0.01755
MED00317,6,deseason_level,-0.01866
MED00318,6,deseason_level,-0.00545
MED00319,6,deseason_level,0.00489
MED00320,6,deseason_level,-0.0061
MED00321,6,deseason_level,0.03637
MED00322,6,deseason_level,-0.03114
MED00323,6,deseason_level,-0.02011
MED00324,6,deseason_level,-0.01805
MED00325,6,deseason_level,-0.00514
MED00326,6,deseason_level,0.00444
MED00327,6,deseason_level,-0.01707
MED00328,6,deseason_level,-0.00502
MED00329,6,deseason_level,0.00579
MED00330,6,deseason_level,-0.0062
MED00331,6,deseason_level,-0.01233
MED00332,6,deseason_level,-0.01674
MED00333,6,deseason_level,-0.00517
MED00334,6,deseason_level,-0.00499
MED00335,6,deseason_level,0.00281
MED00336,6,deseason_level,0.00329
MED00337,6,deseason_level,0.00064
MED00338,6,deseason_level,-0.01512
MED00339,6,deseason_level,-0.00945
MED00340,6,deseason_level,-0.01406
MED00341,6,deseason_level,0.00513
MED00342,6,deseason_level,-0.01771
MED00343,6,deseason_level,0.00504
MED00344,6,deseason_level,-0.00318
MED00345,6,deseason_level,-0.03125
MED00346,6,deseason_level,-0.01382
MED00347,6,deseason_level,-0.03061
MED00348,6,deseason_level,-0.01669
MED00349,6,deseason_level,-0.0152
MED00350,6,deseason_level,-0.0202
MED00351,6,deseason_level,-0.01992
MED00352,6,deseason_level,-0.02254
MED00353,6,deseason_level,-0.01766
MED00354,6,deseason_level,-0.01827
MED00355,6,deseason_level,0.00322
MED00356,6,deseason_level,-0.01434
MED00357,6,deseason_level,-0.01988
MED00358,6,deseason_level,-0.01096
MED00359,6,deseason_level,-0.01919
MED00360,6,deseason_level,-0.01162
MED00361,6,deseason_level,-0.00607
MED00362,6,deseason_level,-0.00765
MED00363,6,deseason_level,-0.01784
MED00364,6,deseason_level,-0.03071
MED00365,6,deseason_level,-0.01808
MED00366,6,deseason_level,0.00524
MED00367,6,deseason_level,-0.01758
MED00368,6,deseason_level,-0.00578
MED00369,6,deseason_level,-0.00464
MED00370,6,deseason_level,-0.02309
MED00371,6,deseason_level,0.00029
MED00372,6,deseason_level,-0.02143
MED00373,6,deseason_level,-0.01455
MED00374,6,deseason_level,-0.01569
MED00375,6,deseason_level,0.00287
MED00376,6,deseason_level,-0.01713
MED00377,6,deseason_level,-0.02311
MED00378,6,deseason_level,-0.01608
MED00379,6,deseason_level,-0.02048
MED00380,6,deseason_level,-0.01976
MED00381,6,deseason_level,-0.02195
MED00382,6,deseason_level,-0.01283
MED00383,6,deseason_level,-0.00471
MED00384,6,deseason_level,-0.01752
MED00385,6,deseason_level,0.00466
MED00386,6,deseason_level,0.00572
MED00387,6,deseason_level,0.00311
MED00388,6,deseason_level,-0.00169
MED00389,6,deseason_level,0.00238
MED00390,6,deseason_level,0.00196
MED00391,6,deseason_level,0.00426
MED00392,6,deseason_level,0.00418
MED00393,6,deseason_level,0.00264
MED00394,6,deseason_level,0.00427
MED00395,6,deseason_level,0.00141
MED00396,6,deseason_level,0.00352
MED00397,6,deseason_level,0.00422
MED00398,6,deseason_level,0.00762
MED00399,6,deseason_level,0.00605
MED00400,6,deseason_level,0.00451
MED00401,6,deseason_level,0.00287
MED00402,6,deseason_level,0.00171
MED00403,6,deseason_level,0.00664
MED00404,6,deseason_level,-0.0038
MED00405,6,deseason_level,0.00106
MED00406,6,deseason_level,0.0022
MED00407,6,deseason_level,0.00213
MED00408,6,deseason_level,0.00279
MED00409,6,deseason_level,-0.00077
MED00410,6,deseason_level,0.00552
MED00411,6,deseason_level,0.00372
MED00412,6,deseason_level,0.00571
MED00413,6,deseason_level,0.00286
MED00414,6,deseason_level,0.00273
MED00415,6,deseason_level,0.00459
MED00416,6,deseason_level,0.00367
MED00417,6,deseason_level,0.00226
MED00418,6,deseason_level,0.00438
MED00419,6,deseason_level,0.00335
MED00420,6,deseason_level,0.00329
MED00421,6,deseason_level,0.00348
MED00422,6,deseason_level,0.0033
MED00423,6,deseason_level,0.00533
MED00424,6,deseason_level,0.00814
MED00001,7,deseason_level,0.0039
MED00002,7,deseason_level,-0.02325
MED00003,7,deseason_level,-0.03302
MED00004,7,deseason_level,-0.01843
MED00005,7,deseason_level,-0.01895
MED00006,7,deseason_level,-0.01026
MED00007,7,deseason_level,-0.01713
MED00008,7,deseason_level,-0.01773
MED00009,7,deseason_level,-0.01112
MED00010,7,deseason_level,-0.00339
MED00011,7,deseason_level,0.00194
MED00012,7,deseason_level,-0.01208
MED00013,7,deseason_level,-0.00384
MED00014,7,deseason_level,0.0017
MED00015,7,deseason_level,-0.01582
MED00016,7,deseason_level,-0.00729
MED00017,7,deseason_level,-0.0175
MED00018,7,deseason_level,0.00406
MED00019,7,deseason_level,0.00077
MED00020,7,deseason_level,0.00142
MED00021,7,deseason_level,-0.01121
MED00022,7,deseason_level,-0.01719
MED00023,7,deseason_level,-0.01324
MED00024,7,deseason_level,-0.01702
MED00025,7,deseason_level,-0.03294
MED00026,7,deseason_level,-0.02285
MED00027,7,deseason_level,-0.03126
MED00028,7,deseason_level,-0.0122
MED00029,7,deseason_level,0.00544
MED00030,7,deseason_level,-0.00581
MED00031,7,deseason_level,-0.01578
MED00032,7,deseason_level,-0.01774
MED00033,7,deseason_level,-0.02039
MED00034,7,deseason_level,0.00397
MED00035,7,deseason_level,-0.01469
MED00036,7,deseason_level,-0.01783
MED00037,7,deseason_level,-0.00282
MED00038,7,deseason_level,0.00146
MED00039,7,deseason_level,-0.02105
MED00040,7,deseason_level,-0.02181
MED00041,7,deseason_level,-0.01812
MED00042,7,deseason_level,-0.00943
MED00043,7,deseason_level,-0.01351
MED00044,7,deseason_level,-0.0203
MED00045,7,deseason_level,-0.01529
MED00046,7,deseason_level,-0.02001
MED00047,7,deseason_level,0.00072
MED00048,7,deseason_level,0.00234
MED00049,7,deseason_level,-0.03173
MED00050,7,deseason_level,-0.01727
MED00051,7,deseason_level,-0.03026
MED00052,7,deseason_level,-0.0108
MED00053,7,deseason_level,0.00265
MED00054,7,deseason_level,0.00407
MED00055,7,deseason_level,-0.01396
MED00056,7,deseason_level,-0.01855
MED00057,7,deseason_level,-0.0172
MED00058,7,deseason_level,-0.01432
MED00059,7,deseason_level,0.0014
MED00060,7,deseason_level,0.00153
MED00061,7,deseason_level,-0.01034
MED00062,7,deseason_level,0.00282
MED00063,7,deseason_level,-0.03592
MED00064,7,deseason_level,0.00203
MED00065,7,deseason_level,0.00036
MED00066,7,deseason_level,-0.01201
MED00067,7,deseason_level,-0.00477
MED00068,7,deseason_level,-0.00693
MED00069,7,deseason_level,-0.02024
MED00070,7,deseason_level,0.00349
MED00071,7,deseason_level,-0.01881
MED00072,7,deseason_level,-0.0163
MED00073,7,deseason_level,-0.00532
MED00074,7,deseason_level,-0.00634
MED00075,7,deseason_level,-0.01173
MED00076,7,deseason_level,-0.01727
MED00077,7,deseason_level,-0.00736
MED00078,7,deseason_level,-0.01719
MED00079,7,deseason_level,-0.00351
MED00080,7,deseason_level,-0.00477
MED00081,7,deseason_level,-0.01825
MED00082,7,deseason_level,-0.0186
MED00083,7,deseason_level,-0.00961
MED00084,7,deseason_level,0.0017
MED00085,7,deseason_level,-0.01215
MED00086,7,deseason_level,-0.02208
MED00087,7,deseason_level,-0.01831
MED00088,7,deseason_level,0.00324
MED00089,7,deseason_level,-0.00777
MED00090,7,deseason_level,-0.00594
MED00091,7,deseason_level,-0.01705
MED00092,7,deseason_level,-0.01557
MED00093,7,deseason_level,-0.01762
MED00094,7,deseason_level,-0.01869
MED00095,7,deseason_level,-0.01051
MED00096,7,deseason_level,0.00389
MED00097,7,deseason_level,-0.02
MED00098,7,deseason_level,-0.00048
MED00099,7,deseason_level,-0.03063
MED00100,7,deseason_level,-0.02458
MED00101,7,deseason_level,0.00015
MED00102,7,deseason_level,-0.0077
MED00103,7,deseason_level,-0.01802
MED00104,7,deseason_level,0.00512
MED00105,7,deseason_level,0.00351
MED00106,7,deseason_level,-0.03593
MED00107,7,deseason_level,0.00338
MED00108,7,deseason_level,-0.00427
MED00109,7,deseason_level,-0.02257
MED00110,7,deseason_level,-0.02008
MED00111,7,deseason_level,-0.01792
MED00112,7,deseason_level,-0.01037
MED00113,7,deseason_level,-0.01723
MED00114,7,deseason_level,-1e-04
MED00115,7,deseason_level,-0.01837
MED00116,7,deseason_level,0.00225
MED00117,7,deseason_level,-0.0205
MED00118,7,deseason_level,-0.01499
MED00119,7,deseason_level,0.00164
MED00120,7,deseason_level,-0.00847
MED00121,7,deseason_level,-0.00829
MED00122,7,deseason_level,-0.00529
MED00123,7,deseason_level,-0.01505
MED00124,7,deseason_level,0.00141
MED00125,7,deseason_level,-0.01571
MED00126,7,deseason_level,-0.01825
MED00127,7,deseason_level,-0.02015
MED00128,7,deseason_level,-0.02092
MED00129,7,deseason_level,-0.01297
MED00130,7,deseason_level,-0.03177
MED00131,7,deseason_level,-0.0161
MED00132,7,deseason_level,-0.02127
MED00133,7,deseason_level,-0.00999
MED00134,7,deseason_level,-0.01955
MED00135,7,deseason_level,0.00071
MED00136,7,deseason_level,-0.0248
MED00137,7,deseason_level,-0.01628
MED00138,7,deseason_level,-0.01559
MED00139,7,deseason_level,-0.01755
MED00140,7,deseason_level,-0.01915
MED00141,7,deseason_level,-0.00776
MED00142,7,deseason_level,-0.01786
MED00143,7,deseason_level,-0.01876
MED00144,7,deseason_level,-0.00707
MED00145,7,deseason_level,-0.01759
MED00146,7,deseason_level,-0.01708
MED00147,7,deseason_level,-0.0191
MED00148,7,deseason_level,0.0017
MED00149,7,deseason_level,-0.00345
MED00150,7,deseason_level,-0.02005
MED00151,7,deseason_level,-0.02032
MED00152,7,deseason_level,-0.01754
MED00153,7,deseason_level,-0.01822
MED00154,7,deseason_level,0.00132
MED00155,7,deseason_level,-0.01808
MED00156,7,deseason_level,-0.00568
MED00157,7,deseason_level,-0.00639
MED00158,7,deseason_level,-0.02437
MED00159,7,deseason_level,0.00349
MED00160,7,deseason_level,-0.00421
MED00161,7,deseason_level,-0.00612
MED00162,7,deseason_level,-0.01889
MED00163,7,deseason_level,-0.0209
MED00164,7,deseason_level,-0.01915
MED00165,7,deseason_level,0.00181
MED00166,7,deseason_level,-0.01937
MED00167,7,deseason_level,-0.01414
MED00168,7,deseason_level,-0.01755
MED00169,7,deseason_level,-0.01775
MED00170,7,deseason_level,-0.01615
MED00171,7,deseason_level,-0.01789
MED00172,7,deseason_level,-0.01098
MED00173,7,deseason_level,-0.01822
MED00174,7,deseason_level,-0.00315
MED00175,7,deseason_level,-0.01247
MED00176,7,deseason_level,0.00163
MED00177,7,deseason_level,-0.02296
MED00178,7,deseason_level,-0.01961
MED00179,7,deseason_level,-0.00893
MED00180,7,deseason_level,-0.00814
MED00181,7,deseason_level,-0.01049
MED00182,7,deseason_level,-0.03654
MED00183,7,deseason_level,0.00012
MED00184,7,deseason_level,-0.00392
MED00185,7,deseason_level,-0.01531
MED00186,7,deseason_level,-0.01943
MED00187,7,deseason_level,-0.01874
MED00188,7,deseason_level,-0.00426
MED00189,7,deseason_level,-0.0285
MED00190,7,deseason_level,-0.01064
MED00191,7,deseason_level,0.00388
MED00192,7,deseason_level,-0.01947
MED00193,7,deseason_level,-0.03124
MED00194,7,deseason_level,0.00093
MED00195,7,deseason_level,0.00337
MED00196,7,deseason_level,-0.00338
MED00197,7,deseason_level,0.00165
MED00198,7,deseason_level,-0.01833
MED00199,7,deseason_level,-0.02073
MED00200,7,deseason_level,-0.01832
MED00201,7,deseason_level,0.0037
MED00202,7,deseason_level,-0.01282
MED00203,7,deseason_level,-0.01639
MED00204,7,deseason_level,-0.01163
MED00205,7,deseason_level,0.00378
MED00206,7,deseason_level,-0.02248
MED00207,7,deseason_level,-0.01641
MED00208,7,deseason_level,0.00446
MED00209,7,deseason_level,-0.00962
MED00210,7,deseason_level,-0.01571
MED00211,7,deseason_level,-0.01887
MED00212,7,deseason_level,-0.01235
MED00213,7,deseason_level,-0.01309
MED00214,7,deseason_level,0.0034
MED00215,7,deseason_level,-0.01702
MED00216,7,deseason_level,-0.0351
MED00217,7,deseason_level,-0.01668
MED00218,7,deseason_level,-0.00762
MED00219,7,deseason_level,0.00299
MED00220,7,deseason_level,-0.01897
MED00221,7,deseason_level,-0.0166
MED00222,7,deseason_level,-0.0186
MED00223,7,deseason_level,-0.00153
MED00224,7,deseason_level,-0.01159
MED00225,7,deseason_level,-0.00613
MED00226,7,deseason_level,-0.0186
MED00228,7,deseason_level,-0.01831
MED00229,7,deseason_level,-0.01704
MED00230,7,deseason_level,0.00359
MED00231,7,deseason_level,-0.01822
MED00232,7,deseason_level,-0.01749
MED00233,7,deseason_level,-0.00845
MED00234,7,deseason_level,-0.01922
MED00235,7,deseason_level,0.00022
MED00236,7,deseason_level,-0.01893
MED00237,7,deseason_level,-0.00775
MED00238,7,deseason_level,-0.0152
MED00239,7,deseason_level,-0.00428
MED00240,7,deseason_level,-0.00627
MED00241,7,deseason_level,-0.01713
MED00242,7,deseason_level,0.00458
MED00243,7,deseason_level,-0.02317
MED00244,7,deseason_level,-0.01899
MED00245,7,deseason_level,-0.00016
MED00246,7,deseason_level,0.00107
MED00247,7,deseason_level,0.00554
MED00248,7,deseason_level,-0.01864
MED00249,7,deseason_level,0.00118
MED00250,7,deseason_level,0.00238
MED00251,7,deseason_level,-0.01651
MED00252,7,deseason_level,-0.02549
MED00253,7,deseason_level,-0.005
MED00254,7,deseason_level,-0.02554
MED00255,7,deseason_level,-0.00422
MED00256,7,deseason_level,-0.01832
MED00257,7,deseason_level,-0.00526
MED00258,7,deseason_level,-0.01284
MED00259,7,deseason_level,-0.01156
MED00260,7,deseason_level,-0.01468
MED00261,7,deseason_level,-0.01707
MED00262,7,deseason_level,-0.00665
MED00263,7,deseason_level,-0.00457
MED00264,7,deseason_level,-0.02134
MED00265,7,deseason_level,0.00275
MED00266,7,deseason_level,0.00204
MED00267,7,deseason_level,-0.00527
MED00268,7,deseason_level,-0.01124
MED00269,7,deseason_level,-0.01786
MED00270,7,deseason_level,-0.00578
MED00271,7,deseason_level,-0.01344
MED00272,7,deseason_level,-0.0062
MED00273,7,deseason_level,-0.01969
MED00274,7,deseason_level,-0.01718
MED00275,7,deseason_level,0.00535
MED00276,7,deseason_level,-0.01881
MED00277,7,deseason_level,-0.0285
MED00278,7,deseason_level,0.00429
MED00279,7,deseason_level,0.00382
MED00280,7,deseason_level,-0.01719
MED00281,7,deseason_level,0.00447
MED00282,7,deseason_level,-0.01194
MED00283,7,deseason_level,-0.01296
MED00284,7,deseason_level,-0.00578
MED00285,7,deseason_level,0.00023
MED00286,7,deseason_level,-0.00437
MED00287,7,deseason_level,-0.01052
MED00288,7,deseason_level,0.00242
MED00289,7,deseason_level,0.00108
MED00290,7,deseason_level,-0.01853
MED00291,7,deseason_level,-0.02487
MED00292,7,deseason_level,-0.02124
MED00293,7,deseason_level,0.00279
MED00294,7,deseason_level,-0.01791
MED00295,7,deseason_level,-0.03077
MED00296,7,deseason_level,-0.00629
MED00297,7,deseason_level,0.00054
MED00298,7,deseason_level,-0.0051
MED00299,7,deseason_level,-0.01856
MED00300,7,deseason_level,-0.0086
MED00301,7,deseason_level,-0.00551
MED00302,7,deseason_level,-0.00025
MED00303,7,deseason_level,-0.01126
MED00304,7,deseason_level,-0.01192
MED00305,7,deseason_level,-0.0206
MED00306,7,deseason_level,-0.02314
MED00307,7,deseason_level,0.00214
MED00308,7,deseason_level,-0.01202
MED00309,7,deseason_level,-0.01625
MED00310,7,deseason_level,-0.01233
MED00311,7,deseason_level,-0.0099
MED00312,7,deseason_level,-0.01778
MED00313,7,deseason_level,-0.0204
MED00314,7,deseason_level,0.00312
MED00315,7,deseason_level,0.00563
MED00316,7,deseason_level,-0.01792
MED00317,7,deseason_level,-0.01903
MED00318,7,deseason_level,-0.00583
MED00319,7,deseason_level,0.00451
MED00320,7,deseason_level,-0.00644
MED00321,7,deseason_level,0.03605
MED00322,7,deseason_level,-0.03156
MED00323,7,deseason_level,-0.02054
MED00324,7,deseason_level,-0.01846
MED00325,7,deseason_level,-0.0061
MED00326,7,deseason_level,0.00405
MED00327,7,deseason_level,-0.01746
MED00328,7,deseason_level,-0.0054
MED00329,7,deseason_level,0.00541
MED00330,7,deseason_level,-0.00662
MED00331,7,deseason_level,-0.01268
MED00332,7,deseason_level,-0.0171
MED00333,7,deseason_level,-0.00555
MED00334,7,deseason_level,-0.00528
MED00335,7,deseason_level,0.00168
MED00336,7,deseason_level,0.0029
MED00337,7,deseason_level,-0.00054
MED00338,7,deseason_level,-0.01576
MED00339,7,deseason_level,-0.00961
MED00340,7,deseason_level,-0.01452
MED00341,7,deseason_level,0.00468
MED00342,7,deseason_level,-0.01807
MED00343,7,deseason_level,0.00465
MED00344,7,deseason_level,-0.00355
MED00345,7,deseason_level,-0.03166
MED00346,7,deseason_level,-0.01418
MED00347,7,deseason_level,-0.03108
MED00348,7,deseason_level,-0.01703
MED00349,7,deseason_level,-0.0156
MED00350,7,deseason_level,-0.02059
MED00351,7,deseason_level,-0.02034
MED00352,7,deseason_level,-0.02296
MED00353,7,deseason_level,-0.01808
MED00354,7,deseason_level,-0.01869
MED00355,7,deseason_level,0.00284
MED00356,7,deseason_level,-0.0147
MED00357,7,deseason_level,-0.02027
MED00358,7,deseason_level,-0.01131
MED00359,7,deseason_level,-0.01962
MED00360,7,deseason_level,-0.01197
MED00361,7,deseason_level,-0.00647
MED00362,7,deseason_level,-0.00803
MED00363,7,deseason_level,-0.0182
MED00364,7,deseason_level,-0.03118
MED00365,7,deseason_level,-0.01844
MED00366,7,deseason_level,0.00486
MED00367,7,deseason_level,-0.01797
MED00368,7,deseason_level,-0.00617
MED00369,7,deseason_level,-0.00502
MED00370,7,deseason_level,-0.02347
MED00371,7,deseason_level,-0.00024
MED00372,7,deseason_level,-0.02184
MED00373,7,deseason_level,-0.01495
MED00374,7,deseason_level,-0.01644
MED00375,7,deseason_level,0.00244
MED00376,7,deseason_level,-0.01749
MED00377,7,deseason_level,-0.0235
MED00378,7,deseason_level,-0.01647
MED00379,7,deseason_level,-0.02079
MED00380,7,deseason_level,-0.02019
MED00381,7,deseason_level,-0.02234
MED00382,7,deseason_level,-0.0132
MED00383,7,deseason_level,-0.0052
MED00384,7,deseason_level,-0.01788
MED00385,7,deseason_level,0.00418
MED00386,7,deseason_level,0.00525
MED00387,7,deseason_level,0.00256
MED00388,7,deseason_level,0.00688
MED00389,7,deseason_level,0.00201
MED00390,7,deseason_level,0.00159
MED00391,7,deseason_level,0.00377
MED00392,7,deseason_level,0.00373
MED00393,7,deseason_level,0.00217
MED00394,7,deseason_level,0.00378
MED00395,7,deseason_level,0.00101
MED00396,7,deseason_level,0.00083
MED00397,7,deseason_level,0.00144
MED00398,7,deseason_level,0.00801
MED00399,7,deseason_level,0.00644
MED00400,7,deseason_level,0.00059
MED00401,7,deseason_level,0.0025
MED00402,7,deseason_level,0.00134
MED00403,7,deseason_level,0.00542
MED00404,7,deseason_level,-0.00437
MED00405,7,deseason_level,0.00053
MED00406,7,deseason_level,0.00165
MED00407,7,deseason_level,0.00175
MED00408,7,deseason_level,0.00241
MED00409,7,deseason_level,-0.00133
MED00410,7,deseason_level,0.00501
MED00411,7,deseason_level,0.00334
MED00412,7,deseason_level,0.00535
MED00413,7,deseason_level,0.00249
MED00414,7,deseason_level,0.00236
MED00415,7,deseason_level,0.00422
MED00416,7,deseason_level,0.0033
MED00417,7,deseason_level,0.00188
MED00418,7,deseason_level,0.00393
MED00419,7,deseason_level,0.00285
MED00420,7,deseason_level,0.00278
MED00421,7,deseason_level,0.00296
MED00422,7,deseason_level,0.00293
MED00423,7,deseason_level,0.00497
MED00424,7,deseason_level,0.00793
MED00001,8,deseason_level,0.00393
MED00002,8,deseason_level,-0.02338
MED00003,8,deseason_level,-0.03291
MED00004,8,deseason_level,-0.02118
MED00005,8,deseason_level,-0.02191
MED00006,8,deseason_level,-0.01027
MED00007,8,deseason_level,-0.01706
MED00008,8,deseason_level,-0.01784
MED00009,8,deseason_level,-0.01126
MED00010,8,deseason_level,-0.00332
MED00011,8,deseason_level,0.00145
MED00012,8,deseason_level,-0.01217
MED00013,8,deseason_level,-0.00383
MED00014,8,deseason_level,0.00168
MED00015,8,deseason_level,-0.01594
MED00016,8,deseason_level,-0.00725
MED00017,8,deseason_level,-0.01756
MED00018,8,deseason_level,0.00402
MED00019,8,deseason_level,0.00077
MED00020,8,deseason_level,0.00146
MED00021,8,deseason_level,-0.01131
MED00022,8,deseason_level,-0.01725
MED00023,8,deseason_level,-0.01335
MED00024,8,deseason_level,-0.01718
MED00025,8,deseason_level,-0.03315
MED00026,8,deseason_level,-0.02295
MED00027,8,deseason_level,-0.03147
MED00028,8,deseason_level,-0.01233
MED00029,8,deseason_level,0.00549
MED00030,8,deseason_level,-0.00578
MED00031,8,deseason_level,-0.01593
MED00032,8,deseason_level,-0.0178
MED00033,8,deseason_level,-0.02314
MED00034,8,deseason_level,0.00352
MED00035,8,deseason_level,-0.01765
MED00036,8,deseason_level,-0.02077
MED00037,8,deseason_level,-0.00277
MED00038,8,deseason_level,0.00149
MED00039,8,deseason_level,-0.02399
MED00040,8,deseason_level,-0.02193
MED00041,8,deseason_level,-0.02087
MED00042,8,deseason_level,-0.00948
MED00043,8,deseason_level,-0.01342
MED00044,8,deseason_level,-0.02164
MED00045,8,deseason_level,-0.01341
MED00046,8,deseason_level,-0.02011
MED00047,8,deseason_level,0.00074
MED00048,8,deseason_level,0.00237
MED00049,8,deseason_level,-0.03164
MED00050,8,deseason_level,-0.01728
MED00051,8,deseason_level,-0.03017
MED00052,8,deseason_level,-0.01068
MED00053,8,deseason_level,0.00269
MED00054,8,deseason_level,0.00412
MED00055,8,deseason_level,-0.01693
MED00056,8,deseason_level,-0.02151
MED00057,8,deseason_level,-0.0177
MED00058,8,deseason_level,-0.01434
MED00059,8,deseason_level,0.00143
MED00060,8,deseason_level,0.00155
MED00061,8,deseason_level,-0.01047
MED00062,8,deseason_level,0.00284
MED00063,8,deseason_level,-0.03584
MED00064,8,deseason_level,0.00192
MED00065,8,deseason_level,0.00031
MED00066,8,deseason_level,-0.01213
MED00067,8,deseason_level,-0.00472
MED00068,8,deseason_level,-0.00688
MED00069,8,deseason_level,-0.02026
MED00070,8,deseason_level,0.00354
MED00071,8,deseason_level,-0.01895
MED00072,8,deseason_level,-0.01636
MED00073,8,deseason_level,-0.00529
MED00074,8,deseason_level,-0.0063
MED00075,8,deseason_level,-0.01179
MED00076,8,deseason_level,-0.01739
MED00077,8,deseason_level,-0.00733
MED00078,8,deseason_level,-0.01719
MED00079,8,deseason_level,-0.00344
MED00080,8,deseason_level,-0.00474
MED00081,8,deseason_level,-0.01816
MED00082,8,deseason_level,-0.01869
MED00083,8,deseason_level,-0.00975
MED00084,8,deseason_level,0.0016
MED00085,8,deseason_level,-0.01216
MED00086,8,deseason_level,-0.02199
MED00087,8,deseason_level,-0.01841
MED00088,8,deseason_level,0.00316
MED00089,8,deseason_level,-0.00749
MED00090,8,deseason_level,-0.00589
MED00091,8,deseason_level,-0.01714
MED00092,8,deseason_level,-0.01571
MED00093,8,deseason_level,-0.01783
MED00094,8,deseason_level,-0.01886
MED00095,8,deseason_level,-0.01065
MED00096,8,deseason_level,0.00392
MED00097,8,deseason_level,-0.01991
MED00098,8,deseason_level,-0.00039
MED00099,8,deseason_level,-0.03078
MED00100,8,deseason_level,-0.02449
MED00101,8,deseason_level,0.00017
MED00102,8,deseason_level,-0.00784
MED00103,8,deseason_level,-0.01802
MED00104,8,deseason_level,0.00514
MED00105,8,deseason_level,0.0036
MED00106,8,deseason_level,-0.03584
MED00107,8,deseason_level,0.0034
MED00108,8,deseason_level,-0.00422
MED00109,8,deseason_level,-0.02531
MED00110,8,deseason_level,-0.02282
MED00111,8,deseason_level,-0.01783
MED00112,8,deseason_level,-0.01038
MED00113,8,deseason_level,-0.01737
MED00114,8,deseason_level,0.00017
MED00115,8,deseason_level,-0.01846
MED00116,8,deseason_level,0.00231
MED00117,8,deseason_level,-0.02052
MED00118,8,deseason_level,-0.01502
MED00119,8,deseason_level,0.0015
MED00120,8,deseason_level,-0.00838
MED00121,8,deseason_level,-0.00844
MED00122,8,deseason_level,-0.00525
MED00123,8,deseason_level,-0.0178
MED00124,8,deseason_level,0.00144
MED00125,8,deseason_level,-0.01562
MED00126,8,deseason_level,-0.021
MED00127,8,deseason_level,-0.02024
MED00128,8,deseason_level,-0.02106
MED00129,8,deseason_level,-0.01276
MED00130,8,deseason_level,-0.03168
MED00131,8,deseason_level,-0.01626
MED00132,8,deseason_level,-0.02416
MED00133,8,deseason_level,-0.01295
MED00134,8,deseason_level,-0.0223
MED00135,8,deseason_level,0.00105
MED00136,8,deseason_level,-0.02495
MED00137,8,deseason_level,-0.01642
MED00138,8,deseason_level,-0.01573
MED00139,8,deseason_level,-0.01756
MED00140,8,deseason_level,-0.01929
MED00141,8,deseason_level,-0.00767
MED00142,8,deseason_level,-0.01777
MED00143,8,deseason_level,-0.01882
MED00144,8,deseason_level,-0.00647
MED00145,8,deseason_level,-0.01771
MED00146,8,deseason_level,-0.017
MED00147,8,deseason_level,-0.01912
MED00148,8,deseason_level,0.00173
MED00149,8,deseason_level,-0.00342
MED00150,8,deseason_level,-0.02015
MED00151,8,deseason_level,-0.02046
MED00152,8,deseason_level,-0.0176
MED00153,8,deseason_level,-0.01823
MED00154,8,deseason_level,0.00136
MED00155,8,deseason_level,-0.01822
MED00156,8,deseason_level,-0.00566
MED00157,8,deseason_level,-0.00635
MED00158,8,deseason_level,-0.02458
MED00159,8,deseason_level,0.00375
MED00160,8,deseason_level,-0.00416
MED00161,8,deseason_level,-0.00605
MED00162,8,deseason_level,-0.01898
MED00163,8,deseason_level,-0.02081
MED00164,8,deseason_level,-0.01925
MED00165,8,deseason_level,0.00187
MED00166,8,deseason_level,-0.01947
MED00167,8,deseason_level,-0.0142
MED00168,8,deseason_level,-0.01756
MED00169,8,deseason_level,-0.01781
MED00170,8,deseason_level,-0.01626
MED00171,8,deseason_level,-0.01803
MED00172,8,deseason_level,-0.01142
MED00173,8,deseason_level,-0.01823
MED00174,8,deseason_level,-0.0031
MED00175,8,deseason_level,-0.01542
MED00176,8,deseason_level,0.00167
MED00177,8,deseason_level,-0.02318
MED00178,8,deseason_level,-0.02257
MED00179,8,deseason_level,-0.01258
MED00180,8,deseason_level,-0.00815
MED00181,8,deseason_level,-0.01051
MED00182,8,deseason_level,-0.03676
MED00183,8,deseason_level,0.00041
MED00184,8,deseason_level,-0.00364
MED00185,8,deseason_level,-0.01536
MED00186,8,deseason_level,-0.01952
MED00187,8,deseason_level,-0.01883
MED00188,8,deseason_level,-0.00424
MED00189,8,deseason_level,-0.02841
MED00190,8,deseason_level,-0.01064
MED00191,8,deseason_level,0.00392
MED00192,8,deseason_level,-0.01938
MED00193,8,deseason_level,-0.03115
MED00194,8,deseason_level,0.00099
MED00195,8,deseason_level,0.00343
MED00196,8,deseason_level,-0.00335
MED00197,8,deseason_level,0.00169
MED00198,8,deseason_level,-0.01847
MED00199,8,deseason_level,-0.02088
MED00200,8,deseason_level,-0.01841
MED00201,8,deseason_level,0.00372
MED00202,8,deseason_level,-0.01283
MED00203,8,deseason_level,-0.01646
MED00204,8,deseason_level,-0.01171
MED00205,8,deseason_level,0.00383
MED00206,8,deseason_level,-0.02253
MED00207,8,deseason_level,-0.01643
MED00208,8,deseason_level,0.00473
MED00209,8,deseason_level,-0.00888
MED00210,8,deseason_level,-0.01869
MED00211,8,deseason_level,-0.01889
MED00212,8,deseason_level,-0.01245
MED00213,8,deseason_level,-0.01584
MED00214,8,deseason_level,0.00337
MED00215,8,deseason_level,-0.01711
MED00216,8,deseason_level,-0.03501
MED00217,8,deseason_level,-0.0168
MED00218,8,deseason_level,-0.00758
MED00219,8,deseason_level,0.00308
MED00220,8,deseason_level,-0.01907
MED00221,8,deseason_level,-0.0167
MED00222,8,deseason_level,-0.01851
MED00223,8,deseason_level,-0.00127
MED00224,8,deseason_level,-0.0116
MED00225,8,deseason_level,-0.00609
MED00226,8,deseason_level,-0.0187
MED00228,8,deseason_level,-0.01837
MED00229,8,deseason_level,-0.01979
MED00230,8,deseason_level,0.00365
MED00231,8,deseason_level,-0.01836
MED00232,8,deseason_level,-0.0175
MED00233,8,deseason_level,-0.01141
MED00234,8,deseason_level,-0.01928
MED00235,8,deseason_level,0.00016
MED00236,8,deseason_level,-0.01894
MED00237,8,deseason_level,-0.0077
MED00238,8,deseason_level,-0.01526
MED00239,8,deseason_level,-0.00423
MED00240,8,deseason_level,-0.00624
MED00241,8,deseason_level,-0.01718
MED00242,8,deseason_level,0.00472
MED00243,8,deseason_level,-0.0233
MED00244,8,deseason_level,-0.019
MED00245,8,deseason_level,-0.00026
MED00246,8,deseason_level,0.00111
MED00247,8,deseason_level,0.0056
MED00248,8,deseason_level,-0.01878
MED00249,8,deseason_level,0.00071
MED00250,8,deseason_level,0.00242
MED00251,8,deseason_level,-0.01654
MED00252,8,deseason_level,-0.0256
MED00253,8,deseason_level,-0.00491
MED00254,8,deseason_level,-0.02566
MED00255,8,deseason_level,-0.00418
MED00256,8,deseason_level,-0.01838
MED00257,8,deseason_level,-0.00521
MED00258,8,deseason_level,-0.01293
MED00259,8,deseason_level,-0.01162
MED00260,8,deseason_level,-0.01542
MED00261,8,deseason_level,-0.02001
MED00262,8,deseason_level,-0.0066
MED00263,8,deseason_level,-0.00466
MED00264,8,deseason_level,-0.02409
MED00265,8,deseason_level,0.0028
MED00266,8,deseason_level,0.00232
MED00267,8,deseason_level,-0.00523
MED00268,8,deseason_level,-0.01139
MED00269,8,deseason_level,-0.01792
MED00270,8,deseason_level,-0.00579
MED00271,8,deseason_level,-0.01358
MED00272,8,deseason_level,-0.0061
MED00273,8,deseason_level,-0.01979
MED00274,8,deseason_level,-0.02006
MED00275,8,deseason_level,0.00538
MED00276,8,deseason_level,-0.01887
MED00277,8,deseason_level,-0.02841
MED00278,8,deseason_level,0.00433
MED00279,8,deseason_level,0.00335
MED00280,8,deseason_level,-0.01732
MED00281,8,deseason_level,0.00452
MED00282,8,deseason_level,-0.01196
MED00283,8,deseason_level,-0.01298
MED00284,8,deseason_level,-0.00584
MED00285,8,deseason_level,0.00025
MED00286,8,deseason_level,-0.00433
MED00287,8,deseason_level,-0.01058
MED00288,8,deseason_level,0.00235
MED00289,8,deseason_level,0.0014
MED00290,8,deseason_level,-0.01866
MED00291,8,deseason_level,-0.02511
MED00292,8,deseason_level,-0.02126
MED00293,8,deseason_level,0.00284
MED00294,8,deseason_level,-0.01801
MED00295,8,deseason_level,-0.03087
MED00296,8,deseason_level,-0.00622
MED00297,8,deseason_level,0.00054
MED00298,8,deseason_level,-0.00507
MED00299,8,deseason_level,-0.01847
MED00300,8,deseason_level,-0.00861
MED00301,8,deseason_level,-0.00548
MED00303,8,deseason_level,-0.01135
MED00304,8,deseason_level,-0.01202
MED00305,8,deseason_level,-0.02068
MED00306,8,deseason_level,-0.02608
MED00307,8,deseason_level,0.00211
MED00308,8,deseason_level,-0.015
MED00309,8,deseason_level,-0.01635
MED00310,8,deseason_level,-0.01235
MED00311,8,deseason_level,-0.01004
MED00312,8,deseason_level,-0.02052
MED00313,8,deseason_level,-0.02112
MED00314,8,deseason_level,0.0034
MED00315,8,deseason_level,0.00567
MED00316,8,deseason_level,-0.01806
MED00317,8,deseason_level,-0.01904
MED00318,8,deseason_level,-0.0058
MED00319,8,deseason_level,0.00452
MED00320,8,deseason_level,-0.00644
MED00321,8,deseason_level,0.03669
MED00322,8,deseason_level,-0.03148
MED00323,8,deseason_level,-0.02329
MED00324,8,deseason_level,-0.0186
MED00325,8,deseason_level,-0.00605
MED00326,8,deseason_level,0.00412
MED00327,8,deseason_level,-0.01752
MED00328,8,deseason_level,-0.00536
MED00329,8,deseason_level,0.00544
MED00330,8,deseason_level,-0.00621
MED00331,8,deseason_level,-0.01274
MED00332,8,deseason_level,-0.01724
MED00333,8,deseason_level,-0.00553
MED00334,8,deseason_level,-0.00528
MED00335,8,deseason_level,0.00172
MED00336,8,deseason_level,0.00297
MED00337,8,deseason_level,-0.00059
MED00338,8,deseason_level,-0.01568
MED00339,8,deseason_level,-0.00971
MED00340,8,deseason_level,-0.01745
MED00341,8,deseason_level,0.00471
MED00342,8,deseason_level,-0.01809
MED00343,8,deseason_level,0.00468
MED00344,8,deseason_level,-0.0035
MED00345,8,deseason_level,-0.03157
MED00346,8,deseason_level,-0.01428
MED00347,8,deseason_level,-0.03099
MED00348,8,deseason_level,-0.01707
MED00349,8,deseason_level,-0.01566
MED00350,8,deseason_level,-0.02355
MED00351,8,deseason_level,-0.02309
MED00352,8,deseason_level,-0.02571
MED00353,8,deseason_level,-0.02083
MED00354,8,deseason_level,-0.02144
MED00355,8,deseason_level,0.00287
MED00356,8,deseason_level,-0.01484
MED00357,8,deseason_level,-0.02039
MED00358,8,deseason_level,-0.01133
MED00359,8,deseason_level,-0.01971
MED00360,8,deseason_level,-0.01211
MED00361,8,deseason_level,-0.00644
MED00362,8,deseason_level,-0.00799
MED00363,8,deseason_level,-0.01826
MED00364,8,deseason_level,-0.03107
MED00365,8,deseason_level,-0.01858
MED00366,8,deseason_level,0.00492
MED00367,8,deseason_level,-0.01806
MED00368,8,deseason_level,-0.00613
MED00369,8,deseason_level,-0.00488
MED00370,8,deseason_level,-0.02416
MED00372,8,deseason_level,-0.02175
MED00373,8,deseason_level,-0.01486
MED00374,8,deseason_level,-0.01659
MED00375,8,deseason_level,0.00249
MED00376,8,deseason_level,-0.01757
MED00377,8,deseason_level,-0.02367
MED00378,8,deseason_level,-0.01653
MED00379,8,deseason_level,-0.02375
MED00380,8,deseason_level,-0.02293
MED00381,8,deseason_level,-0.0253
MED00382,8,deseason_level,-0.01329
MED00383,8,deseason_level,-0.00515
MED00384,8,deseason_level,-0.01802
MED00385,8,deseason_level,0.00416
MED00386,8,deseason_level,0.00528
MED00387,8,deseason_level,0.00254
MED00388,8,deseason_level,0.0043
MED00389,8,deseason_level,0.00205
MED00390,8,deseason_level,0.00159
MED00391,8,deseason_level,0.00377
MED00392,8,deseason_level,0.00373
MED00393,8,deseason_level,0.00226
MED00394,8,deseason_level,0.00381
MED00395,8,deseason_level,0.00104
MED00396,8,deseason_level,0.00124
MED00397,8,deseason_level,0.00141
MED00398,8,deseason_level,0.00799
MED00399,8,deseason_level,0.00642
MED00400,8,deseason_level,0.00055
MED00401,8,deseason_level,0.00235
MED00402,8,deseason_level,0.00134
MED00403,8,deseason_level,0.00569
MED00404,8,deseason_level,-0.00432
MED00405,8,deseason_level,0.00057
MED00406,8,deseason_level,0.00165
MED00407,8,deseason_level,0.00173
MED00408,8,deseason_level,0.00244
MED00409,8,deseason_level,-0.00124
MED00410,8,deseason_level,0.00505
MED00411,8,deseason_level,0.00334
MED00412,8,deseason_level,0.00537
MED00413,8,deseason_level,0.00257
MED00414,8,deseason_level,0.00234
MED00415,8,deseason_level,0.00425
MED00416,8,deseason_level,0.0033
MED00417,8,deseason_level,0.00203
MED00418,8,deseason_level,0.00395
MED00419,8,deseason_level,0.00302
MED00420,8,deseason_level,0.00278
MED00421,8,deseason_level,0.00296
MED00422,8,deseason_level,0.00293
MED00423,8,deseason_level,0.005
MED00424,8,deseason_level,0.00794
MED00001,9,deseason_level,0.00362
MED00002,9,deseason_level,-0.02355
MED00003,9,deseason_level,-0.03256
MED00004,9,deseason_level,-0.02121
MED00005,9,deseason_level,-0.02217
MED00006,9,deseason_level,-0.01189
MED00007,9,deseason_level,-0.01721
MED00008,9,deseason_level,-0.01794
MED00009,9,deseason_level,-0.01127
MED00010,9,deseason_level,-0.00333
MED00011,9,deseason_level,0.00073
MED00012,9,deseason_level,-0.01392
MED00013,9,deseason_level,-0.00393
MED00014,9,deseason_level,0.00112
MED00015,9,deseason_level,-0.01609
MED00016,9,deseason_level,-0.00745
MED00017,9,deseason_level,-0.0177
MED00018,9,deseason_level,0.00471
MED00019,9,deseason_level,0.00261
MED00020,9,deseason_level,0.00094
MED00021,9,deseason_level,-0.01072
MED00022,9,deseason_level,-0.01753
MED00023,9,deseason_level,-0.01504
MED00024,9,deseason_level,-0.01861
MED00025,9,deseason_level,-0.0331
MED00026,9,deseason_level,-0.02291
MED00027,9,deseason_level,-0.03134
MED00028,9,deseason_level,-0.01249
MED00029,9,deseason_level,0.00472
MED00030,9,deseason_level,-0.00597
MED00031,9,deseason_level,-0.016
MED00032,9,deseason_level,-0.01796
MED00033,9,deseason_level,-0.02254
MED00034,9,deseason_level,0.00273
MED00035,9,deseason_level,-0.01687
MED00036,9,deseason_level,-0.01969
MED00037,9,deseason_level,-0.00294
MED00038,9,deseason_level,-0.00018
MED00039,9,deseason_level,-0.02383
MED00040,9,deseason_level,-0.0221
MED00041,9,deseason_level,-0.02088
MED00042,9,deseason_level,-0.00882
MED00043,9,deseason_level,-0.01282
MED00044,9,deseason_level,-0.02127
MED00045,9,deseason_level,-0.01252
MED00046,9,deseason_level,-0.01847
MED00047,9,deseason_level,0.00052
MED00048,9,deseason_level,0.00205
MED00049,9,deseason_level,-0.03128
MED00050,9,deseason_level,-0.01618
MED00051,9,deseason_level,-0.02997
MED00052,9,deseason_level,-0.01083
MED00053,9,deseason_level,0.00108
MED00054,9,deseason_level,0.00362
MED00055,9,deseason_level,-0.01732
MED00056,9,deseason_level,-0.02168
MED00057,9,deseason_level,-0.01768
MED00058,9,deseason_level,-0.01345
MED00059,9,deseason_level,0.00117
MED00060,9,deseason_level,0.00145
MED00061,9,deseason_level,-0.01063
MED00062,9,deseason_level,0.00254
MED00063,9,deseason_level,-0.03562
MED00064,9,deseason_level,0.00061
MED00065,9,deseason_level,0.0003
MED00066,9,deseason_level,-0.01229
MED00067,9,deseason_level,-0.00504
MED00068,9,deseason_level,-0.0071
MED00069,9,deseason_level,-0.01846
MED00070,9,deseason_level,0.00305
MED00071,9,deseason_level,-0.01924
MED00072,9,deseason_level,-0.0167
MED00073,9,deseason_level,-0.00552
MED00074,9,deseason_level,-0.00643
MED00075,9,deseason_level,-0.01193
MED00076,9,deseason_level,-0.01757
MED00077,9,deseason_level,-0.00735
MED00078,9,deseason_level,-0.01595
MED00079,9,deseason_level,-0.00258
MED00080,9,deseason_level,-0.00511
MED00081,9,deseason_level,-0.01781
MED00082,9,deseason_level,-0.01766
MED00083,9,deseason_level,-0.00988
MED00085,9,deseason_level,-0.01232
MED00086,9,deseason_level,-0.02191
MED00087,9,deseason_level,-0.01733
MED00088,9,deseason_level,0.00157
MED00089,9,deseason_level,-0.00779
MED00090,9,deseason_level,-0.00601
MED00091,9,deseason_level,-0.01748
MED00092,9,deseason_level,-0.01593
MED00093,9,deseason_level,-0.01914
MED00094,9,deseason_level,-0.01902
MED00095,9,deseason_level,-0.01069
MED00096,9,deseason_level,0.00343
MED00097,9,deseason_level,-0.01983
MED00099,9,deseason_level,-0.03072
MED00100,9,deseason_level,-0.02422
MED00101,9,deseason_level,0.00017
MED00102,9,deseason_level,-0.00805
MED00103,9,deseason_level,-0.01693
MED00104,9,deseason_level,0.00503
MED00105,9,deseason_level,0.00402
MED00106,9,deseason_level,-0.03563
MED00107,9,deseason_level,0.00333
MED00108,9,deseason_level,-0.00449
MED00109,9,deseason_level,-0.02529
MED00110,9,deseason_level,-0.02288
MED00111,9,deseason_level,-0.01744
MED00112,9,deseason_level,-0.00987
MED00113,9,deseason_level,-0.01681
MED00115,9,deseason_level,-0.01739
MED00116,9,deseason_level,0.00279
MED00117,9,deseason_level,-0.01927
MED00118,9,deseason_level,-0.01516
MED00119,9,deseason_level,-0.00146
MED00120,9,deseason_level,-0.00772
MED00121,9,deseason_level,-0.00844
MED00122,9,deseason_level,-0.00549
MED00123,9,deseason_level,-0.01758
MED00124,9,deseason_level,0.00133
MED00125,9,deseason_level,-0.01527
MED00126,9,deseason_level,-0.02067
MED00127,9,deseason_level,-0.01916
MED00128,9,deseason_level,-0.02122
MED00129,9,deseason_level,-0.01179
MED00130,9,deseason_level,-0.03131
MED00131,9,deseason_level,-0.0177
MED00132,9,deseason_level,-0.02415
MED00133,9,deseason_level,-0.01321
MED00134,9,deseason_level,-0.02236
MED00135,9,deseason_level,0.00061
MED00136,9,deseason_level,-0.02519
MED00137,9,deseason_level,-0.01675
MED00138,9,deseason_level,-0.01588
MED00139,9,deseason_level,-0.01633
MED00140,9,deseason_level,-0.01926
MED00141,9,deseason_level,-0.00803
MED00142,9,deseason_level,-0.01778
MED00143,9,deseason_level,-0.01871
MED00144,9,deseason_level,-0.00535
MED00145,9,deseason_level,-0.01787
MED00146,9,deseason_level,-0.01709
MED00147,9,deseason_level,-0.01786
MED00148,9,deseason_level,0.00172
MED00149,9,deseason_level,-0.00345
MED00150,9,deseason_level,-0.01895
MED00151,9,deseason_level,-0.02062
MED00152,9,deseason_level,-0.01776
MED00153,9,deseason_level,-0.01738
MED00154,9,deseason_level,-0.00075
MED00155,9,deseason_level,-0.01837
MED00156,9,deseason_level,-0.00583
MED00157,9,deseason_level,-0.00636
MED00158,9,deseason_level,-0.02445
MED00159,9,deseason_level,0.00327
MED00160,9,deseason_level,-0.00413
MED00161,9,deseason_level,-0.00493
MED00162,9,deseason_level,-0.01791
MED00163,9,deseason_level,-0.02045
MED00164,9,deseason_level,-0.01835
MED00165,9,deseason_level,0.00135
MED00166,9,deseason_level,-0.01838
MED00167,9,deseason_level,-0.01423
MED00168,9,deseason_level,-0.01631
MED00169,9,deseason_level,-0.01777
MED00170,9,deseason_level,-0.01622
MED00171,9,deseason_level,-0.01819
MED00172,9,deseason_level,-0.01165
MED00173,9,deseason_level,-0.01715
MED00174,9,deseason_level,-0.00337
MED00175,9,deseason_level,-0.01531
MED00176,9,deseason_level,0.00115
MED00177,9,deseason_level,-0.0232
MED00178,9,deseason_level,-0.02275
MED00179,9,deseason_level,-0.012
MED00180,9,deseason_level,-0.00989
MED00181,9,deseason_level,-0.00927
MED00182,9,deseason_level,-0.03662
MED00183,9,deseason_level,-0.00019
MED00184,9,deseason_level,-0.00332
MED00185,9,deseason_level,-0.01552
MED00186,9,deseason_level,-0.01823
MED00187,9,deseason_level,-0.0183
MED00188,9,deseason_level,-0.00428
MED00189,9,deseason_level,-0.02806
MED00190,9,deseason_level,-0.00973
MED00191,9,deseason_level,0.00357
MED00192,9,deseason_level,-0.01903
MED00193,9,deseason_level,-0.03079
MED00194,9,deseason_level,0.00056
MED00195,9,deseason_level,0.00292
MED00196,9,deseason_level,-0.0047
MED00197,9,deseason_level,0.00125
MED00198,9,deseason_level,-0.01845
MED00199,9,deseason_level,-0.02114
MED00200,9,deseason_level,-0.01715
MED00201,9,deseason_level,0.00362
MED00202,9,deseason_level,-0.01441
MED00203,9,deseason_level,-0.0168
MED00204,9,deseason_level,-0.01346
MED00205,9,deseason_level,0.00351
MED00206,9,deseason_level,-0.0226
MED00207,9,deseason_level,-0.0161
MED00208,9,deseason_level,0.00399
MED00209,9,deseason_level,-0.00923
MED00210,9,deseason_level,-0.01888
MED00211,9,deseason_level,-0.01781
MED00212,9,deseason_level,-0.01167
MED00213,9,deseason_level,-0.01525
MED00214,9,deseason_level,0.00307
MED00215,9,deseason_level,-0.01603
MED00216,9,deseason_level,-0.03473
MED00217,9,deseason_level,-0.01698
MED00218,9,deseason_level,-0.00758
MED00219,9,deseason_level,0.00143
MED00220,9,deseason_level,-0.01817
MED00221,9,deseason_level,-0.01494
MED00222,9,deseason_level,-0.01851
MED00223,9,deseason_level,-1e-04
MED00224,9,deseason_level,-0.01335
MED00225,9,deseason_level,-0.0061
MED00226,9,deseason_level,-0.01707
MED00227,9,deseason_level,-0.00208
MED00228,9,deseason_level,-0.01836
MED00229,9,deseason_level,-0.01945
MED00230,9,deseason_level,0.00316
MED00231,9,deseason_level,-0.01835
MED00232,9,deseason_level,-0.01641
MED00233,9,deseason_level,-0.01164
MED00234,9,deseason_level,-0.01926
MED00236,9,deseason_level,-0.01785
MED00237,9,deseason_level,-0.00789
MED00238,9,deseason_level,-0.01559
MED00239,9,deseason_level,-0.00428
MED00240,9,deseason_level,-0.00644
MED00241,9,deseason_level,-0.01609
MED00242,9,deseason_level,0.00434
MED00243,9,deseason_level,-0.02347
MED00244,9,deseason_level,-0.01787
MED00245,9,deseason_level,-0.00035
MED00246,9,deseason_level,0.00111
MED00247,9,deseason_level,0.00522
MED00248,9,deseason_level,-0.01894
MED00249,9,deseason_level,0.00039
MED00250,9,deseason_level,0.00192
MED00251,9,deseason_level,-0.01649
MED00252,9,deseason_level,-0.02579
MED00253,9,deseason_level,-0.00369
MED00254,9,deseason_level,-0.02537
MED00255,9,deseason_level,-0.00437
MED00256,9,deseason_level,-0.01853
MED00257,9,deseason_level,-0.00657
MED00258,9,deseason_level,-0.01234
MED00259,9,deseason_level,-0.01178
MED00260,9,deseason_level,-0.01558
MED00261,9,deseason_level,-0.01945
MED00262,9,deseason_level,-0.00688
MED00263,9,deseason_level,-0.00469
MED00264,9,deseason_level,-0.02409
MED00265,9,deseason_level,0.00246
MED00266,9,deseason_level,0.00084
MED00267,9,deseason_level,-0.0052
MED00268,9,deseason_level,-0.01156
MED00269,9,deseason_level,-0.01807
MED00270,9,deseason_level,-0.00604
MED00271,9,deseason_level,-0.0138
MED00272,9,deseason_level,-0.00498
MED00273,9,deseason_level,-0.019
MED00274,9,deseason_level,-0.02005
MED00275,9,deseason_level,0.00507
MED00276,9,deseason_level,-0.01899
MED00277,9,deseason_level,-0.02806
MED00278,9,deseason_level,0.00403
MED00279,9,deseason_level,0.00032
MED00280,9,deseason_level,-0.01749
MED00281,9,deseason_level,0.00434
MED00282,9,deseason_level,-0.01087
MED00283,9,deseason_level,-0.0119
MED00284,9,deseason_level,-0.00627
MED00285,9,deseason_level,0.00015
MED00286,9,deseason_level,-0.00435
MED00287,9,deseason_level,-0.0106
MED00288,9,deseason_level,0.00193
MED00289,9,deseason_level,0.00122
MED00290,9,deseason_level,-0.01865
MED00291,9,deseason_level,-0.0233
MED00292,9,deseason_level,-0.02126
MED00293,9,deseason_level,-0.00115
MED00294,9,deseason_level,-0.01684
MED00295,9,deseason_level,-0.03084
MED00296,9,deseason_level,-0.00511
MED00297,9,deseason_level,0.0012
MED00298,9,deseason_level,-0.0054
MED00299,9,deseason_level,-0.0184
MED00300,9,deseason_level,-0.01036
MED00301,9,deseason_level,-0.00549
MED00302,9,deseason_level,0.00021
MED00303,9,deseason_level,-0.00965
MED00304,9,deseason_level,-0.01093
MED00305,9,deseason_level,-0.01944
MED00306,9,deseason_level,-0.02597
MED00307,9,deseason_level,0.00197
MED00308,9,deseason_level,-0.01517
MED00309,9,deseason_level,-0.01574
MED00310,9,deseason_level,-0.01112
MED00311,9,deseason_level,-0.01013
MED00312,9,deseason_level,-0.02031
MED00313,9,deseason_level,-0.02139
MED00314,9,deseason_level,0.00297
MED00315,9,deseason_level,0.00536
MED00316,9,deseason_level,-0.01813
MED00317,9,deseason_level,-0.01795
MED00318,9,deseason_level,-0.00608
MED00319,9,deseason_level,0.00421
MED00320,9,deseason_level,-0.00465
MED00321,9,deseason_level,0.03641
MED00322,9,deseason_level,-0.03111
MED00323,9,deseason_level,-0.02328
MED00324,9,deseason_level,-0.01875
MED00325,9,deseason_level,-0.00607
MED00326,9,deseason_level,0.00396
MED00327,9,deseason_level,-0.0174
MED00328,9,deseason_level,-0.00537
MED00329,9,deseason_level,0.00513
MED00330,9,deseason_level,-0.00508
MED00331,9,deseason_level,-0.01271
MED00332,9,deseason_level,-0.01739
MED00333,9,deseason_level,-0.00572
MED00334,9,deseason_level,-0.00417
MED00335,9,deseason_level,0.00148
MED00336,9,deseason_level,0.00386
MED00337,9,deseason_level,-0.00062
MED00338,9,deseason_level,-0.01501
MED00339,9,deseason_level,-0.01188
MED00340,9,deseason_level,-0.01754
MED00341,9,deseason_level,0.00462
MED00342,9,deseason_level,-0.01697
MED00343,9,deseason_level,0.00429
MED00344,9,deseason_level,-0.00368
MED00345,9,deseason_level,-0.03122
MED00346,9,deseason_level,-0.01304
MED00347,9,deseason_level,-0.03079
MED00348,9,deseason_level,-0.01705
MED00349,9,deseason_level,-0.01581
MED00350,9,deseason_level,-0.02397
MED00351,9,deseason_level,-0.02314
MED00352,9,deseason_level,-0.02775
MED00353,9,deseason_level,-0.02089
MED00354,9,deseason_level,-0.02148
MED00355,9,deseason_level,0.00256
MED00356,9,deseason_level,-0.01499
MED00357,9,deseason_level,-0.02056
MED00358,9,deseason_level,-0.01007
MED00359,9,deseason_level,-0.01864
MED00360,9,deseason_level,-0.01227
MED00361,9,deseason_level,-0.00664
MED00362,9,deseason_level,-0.00817
MED00363,9,deseason_level,-0.01825
MED00364,9,deseason_level,-0.0308
MED00365,9,deseason_level,-0.01874
MED00366,9,deseason_level,0.00456
MED00367,9,deseason_level,-0.01717
MED00368,9,deseason_level,-0.00643
MED00369,9,deseason_level,-0.00502
MED00370,9,deseason_level,-0.02403
MED00371,9,deseason_level,-0.00055
MED00372,9,deseason_level,-0.0214
MED00373,9,deseason_level,-0.01449
MED00374,9,deseason_level,-0.01656
MED00375,9,deseason_level,0.00196
MED00376,9,deseason_level,-0.01648
MED00377,9,deseason_level,-0.02356
MED00378,9,deseason_level,-0.01669
MED00379,9,deseason_level,-0.02404
MED00380,9,deseason_level,-0.02298
MED00381,9,deseason_level,-0.02574
MED00382,9,deseason_level,-0.01222
MED00383,9,deseason_level,-0.00515
MED00384,9,deseason_level,-0.01818
MED00385,9,deseason_level,0.0038
MED00386,9,deseason_level,0.00496
MED00387,9,deseason_level,0.00217
MED00388,9,deseason_level,0.00379
MED00389,9,deseason_level,0.00155
MED00390,9,deseason_level,0.00104
MED00391,9,deseason_level,0.00341
MED00392,9,deseason_level,0.00336
MED00393,9,deseason_level,0.00311
MED00394,9,deseason_level,0.0035
MED00395,9,deseason_level,0.00072
MED00396,9,deseason_level,0.00112
MED00397,9,deseason_level,0.00126
MED00398,9,deseason_level,0.00872
MED00399,9,deseason_level,0.00843
MED00400,9,deseason_level,0.00259
MED00401,9,deseason_level,0.00203
MED00402,9,deseason_level,0.00097
MED00403,9,deseason_level,0.00541
MED00404,9,deseason_level,-0.00432
MED00405,9,deseason_level,0.00057
MED00406,9,deseason_level,0.0013
MED00407,9,deseason_level,0.00137
MED00408,9,deseason_level,0.00218
MED00409,9,deseason_level,-0.00038
MED00410,9,deseason_level,0.00482
MED00411,9,deseason_level,0.00298
MED00412,9,deseason_level,0.00506
MED00413,9,deseason_level,0.00345
MED00414,9,deseason_level,0.00198
MED00415,9,deseason_level,0.00393
MED00416,9,deseason_level,0.00295
MED00417,9,deseason_level,0.00193
MED00418,9,deseason_level,0.0037
MED00419,9,deseason_level,0.00276
MED00420,9,deseason_level,0.00243
MED00421,9,deseason_level,0.00261
MED00422,9,deseason_level,0.00256
MED00423,9,deseason_level,0.00467
MED00424,9,deseason_level,0.00792
MED00001,10,deseason_level,0.00359
MED00002,10,deseason_level,-0.02325
MED00003,10,deseason_level,-0.03238
MED00004,10,deseason_level,-0.01866
MED00005,10,deseason_level,-0.02003
MED00006,10,deseason_level,-0.01178
MED00007,10,deseason_level,-0.01713
MED00008,10,deseason_level,-0.01784
MED00009,10,deseason_level,-0.01109
MED00010,10,deseason_level,-0.00342
MED00011,10,deseason_level,0.00067
MED00012,10,deseason_level,-0.01374
MED00013,10,deseason_level,-0.00454
MED00014,10,deseason_level,0.00109
MED00015,10,deseason_level,-0.01599
MED00016,10,deseason_level,-0.00747
MED00017,10,deseason_level,-0.01763
MED00018,10,deseason_level,0.0047
MED00019,10,deseason_level,0.00218
MED00020,10,deseason_level,0.00091
MED00021,10,deseason_level,-0.01053
MED00022,10,deseason_level,-0.01748
MED00023,10,deseason_level,-0.01485
MED00024,10,deseason_level,-0.01846
MED00025,10,deseason_level,-0.03291
MED00026,10,deseason_level,-0.02279
MED00027,10,deseason_level,-0.03119
MED00028,10,deseason_level,-0.01234
MED00029,10,deseason_level,0.00464
MED00030,10,deseason_level,-0.00602
MED00031,10,deseason_level,-0.01585
MED00032,10,deseason_level,-0.01788
MED00033,10,deseason_level,-0.0204
MED00034,10,deseason_level,0.00265
MED00035,10,deseason_level,-0.01223
MED00036,10,deseason_level,-0.01756
MED00037,10,deseason_level,-0.00301
MED00038,10,deseason_level,-0.00024
MED00039,10,deseason_level,-0.02034
MED00040,10,deseason_level,-0.02193
MED00041,10,deseason_level,-0.01717
MED00042,10,deseason_level,-0.00878
MED00043,10,deseason_level,-0.01267
MED00044,10,deseason_level,-0.02109
MED00045,10,deseason_level,-0.01242
MED00046,10,deseason_level,-0.01833
MED00047,10,deseason_level,0.0005
MED00048,10,deseason_level,0.00203
MED00049,10,deseason_level,-0.03111
MED00050,10,deseason_level,-0.01611
MED00051,10,deseason_level,-0.02961
MED00052,10,deseason_level,-0.01071
MED00053,10,deseason_level,0.00129
MED00054,10,deseason_level,0.00358
MED00055,10,deseason_level,-0.01518
MED00056,10,deseason_level,-0.01876
MED00057,10,deseason_level,-0.0153
MED00058,10,deseason_level,-0.01337
MED00059,10,deseason_level,0.00115
MED00060,10,deseason_level,0.00143
MED00061,10,deseason_level,-0.01053
MED00062,10,deseason_level,0.00252
MED00063,10,deseason_level,-0.03542
MED00064,10,deseason_level,0.00023
MED00065,10,deseason_level,0.00058
MED00066,10,deseason_level,-0.01215
MED00067,10,deseason_level,-0.00506
MED00068,10,deseason_level,-0.00717
MED00069,10,deseason_level,-0.01838
MED00070,10,deseason_level,0.00303
MED00071,10,deseason_level,-0.01906
MED00072,10,deseason_level,-0.01662
MED00073,10,deseason_level,-0.00558
MED00074,10,deseason_level,-0.00647
MED00075,10,deseason_level,-0.01185
MED00076,10,deseason_level,-0.01743
MED00077,10,deseason_level,-0.00736
MED00078,10,deseason_level,-0.01586
MED00079,10,deseason_level,-0.00261
MED00080,10,deseason_level,-0.00516
MED00081,10,deseason_level,-0.01795
MED00082,10,deseason_level,-0.01748
MED00083,10,deseason_level,-0.00973
MED00084,10,deseason_level,-0.00037
MED00085,10,deseason_level,-0.01227
MED00086,10,deseason_level,-0.02178
MED00087,10,deseason_level,-0.01716
MED00088,10,deseason_level,0.00121
MED00089,10,deseason_level,-0.00782
MED00090,10,deseason_level,-0.00605
MED00091,10,deseason_level,-0.0174
MED00092,10,deseason_level,-0.01575
MED00093,10,deseason_level,-0.019
MED00094,10,deseason_level,-0.01892
MED00095,10,deseason_level,-0.01056
MED00096,10,deseason_level,0.00341
MED00097,10,deseason_level,-0.0197
MED00099,10,deseason_level,-0.03056
MED00100,10,deseason_level,-0.02405
MED00101,10,deseason_level,0.00055
MED00102,10,deseason_level,-0.00791
MED00103,10,deseason_level,-0.01686
MED00104,10,deseason_level,0.00501
MED00105,10,deseason_level,0.00398
MED00106,10,deseason_level,-0.03541
MED00107,10,deseason_level,0.00325
MED00108,10,deseason_level,-0.00452
MED00109,10,deseason_level,-0.02178
MED00110,10,deseason_level,-0.01939
MED00111,10,deseason_level,-0.01731
MED00112,10,deseason_level,-0.00979
MED00113,10,deseason_level,-0.01663
MED00115,10,deseason_level,-0.01721
MED00116,10,deseason_level,0.00273
MED00117,10,deseason_level,-0.01919
MED00118,10,deseason_level,-0.01508
MED00119,10,deseason_level,-0.00129
MED00120,10,deseason_level,-0.00762
MED00121,10,deseason_level,-0.00827
MED00122,10,deseason_level,-0.00553
MED00123,10,deseason_level,-0.01387
MED00124,10,deseason_level,0.00131
MED00125,10,deseason_level,-0.01513
MED00126,10,deseason_level,-0.01715
MED00127,10,deseason_level,-0.01915
MED00128,10,deseason_level,-0.02104
MED00129,10,deseason_level,-0.01169
MED00130,10,deseason_level,-0.03113
MED00131,10,deseason_level,-0.01756
MED00132,10,deseason_level,-0.02041
MED00133,10,deseason_level,-0.00969
MED00134,10,deseason_level,-0.01887
MED00135,10,deseason_level,0.00055
MED00136,10,deseason_level,-0.02466
MED00137,10,deseason_level,-0.01666
MED00138,10,deseason_level,-0.0157
MED00139,10,deseason_level,-0.01626
MED00140,10,deseason_level,-0.01909
MED00141,10,deseason_level,-0.0081
MED00142,10,deseason_level,-0.01759
MED00143,10,deseason_level,-0.01863
MED00144,10,deseason_level,-0.00528
MED00145,10,deseason_level,-0.01777
MED00146,10,deseason_level,-0.01704
MED00147,10,deseason_level,-0.01778
MED00148,10,deseason_level,0.00171
MED00149,10,deseason_level,-0.00412
MED00150,10,deseason_level,-0.01878
MED00151,10,deseason_level,-0.02044
MED00152,10,deseason_level,-0.01767
MED00153,10,deseason_level,-0.0173
MED00154,10,deseason_level,-0.00082
MED00155,10,deseason_level,-0.01816
MED00156,10,deseason_level,-0.00585
MED00157,10,deseason_level,-0.00653
MED00158,10,deseason_level,-0.02433
MED00159,10,deseason_level,0.00321
MED00160,10,deseason_level,-0.00417
MED00161,10,deseason_level,-0.00501
MED00162,10,deseason_level,-0.01773
MED00163,10,deseason_level,-0.0203
MED00164,10,deseason_level,-0.01942
MED00165,10,deseason_level,0.0013
MED00166,10,deseason_level,-0.01819
MED00167,10,deseason_level,-0.01415
MED00168,10,deseason_level,-0.01621
MED00169,10,deseason_level,-0.01769
MED00170,10,deseason_level,-0.01605
MED00171,10,deseason_level,-0.01802
MED00172,10,deseason_level,-0.01157
MED00173,10,deseason_level,-0.01707
MED00174,10,deseason_level,-0.00341
MED00175,10,deseason_level,-0.01248
MED00176,10,deseason_level,0.0011
MED00177,10,deseason_level,-0.02304
MED00178,10,deseason_level,-0.01926
MED00179,10,deseason_level,-0.00933
MED00180,10,deseason_level,-0.00979
MED00181,10,deseason_level,-0.00919
MED00182,10,deseason_level,-0.03646
MED00183,10,deseason_level,-0.00026
MED00184,10,deseason_level,-0.00338
MED00185,10,deseason_level,-0.01544
MED00186,10,deseason_level,-0.01805
MED00187,10,deseason_level,-0.01816
MED00188,10,deseason_level,-0.00488
MED00189,10,deseason_level,-0.02788
MED00190,10,deseason_level,-0.00965
MED00191,10,deseason_level,0.00354
MED00192,10,deseason_level,-0.01919
MED00193,10,deseason_level,-0.03046
MED00194,10,deseason_level,0.00054
MED00195,10,deseason_level,0.00286
MED00196,10,deseason_level,-0.00467
MED00197,10,deseason_level,0.0012
MED00198,10,deseason_level,-0.01827
MED00199,10,deseason_level,-0.02099
MED00200,10,deseason_level,-0.01699
MED00201,10,deseason_level,0.00361
MED00202,10,deseason_level,-0.01436
MED00203,10,deseason_level,-0.01672
MED00204,10,deseason_level,-0.01328
MED00205,10,deseason_level,0.00351
MED00206,10,deseason_level,-0.02251
MED00207,10,deseason_level,-0.01602
MED00208,10,deseason_level,0.00404
MED00209,10,deseason_level,-0.0101
MED00210,10,deseason_level,-0.01671
MED00211,10,deseason_level,-0.01773
MED00212,10,deseason_level,-0.01148
MED00213,10,deseason_level,-0.01174
MED00214,10,deseason_level,0.00304
MED00215,10,deseason_level,-0.01585
MED00216,10,deseason_level,-0.03452
MED00217,10,deseason_level,-0.01684
MED00218,10,deseason_level,-0.00767
MED00219,10,deseason_level,0.00113
MED00220,10,deseason_level,-0.01803
MED00221,10,deseason_level,-0.01479
MED00222,10,deseason_level,-0.01836
MED00223,10,deseason_level,-0.00016
MED00224,10,deseason_level,-0.01327
MED00225,10,deseason_level,-0.00612
MED00226,10,deseason_level,-0.01692
MED00227,10,deseason_level,-0.00214
MED00228,10,deseason_level,-0.01828
MED00229,10,deseason_level,-0.01595
MED00230,10,deseason_level,0.00307
MED00231,10,deseason_level,-0.01817
MED00232,10,deseason_level,-0.01633
MED00233,10,deseason_level,-0.00816
MED00234,10,deseason_level,-0.01923
MED00235,10,deseason_level,-0.00033
MED00236,10,deseason_level,-0.01778
MED00237,10,deseason_level,-0.00794
MED00238,10,deseason_level,-0.01551
MED00239,10,deseason_level,-0.00432
MED00240,10,deseason_level,-0.00648
MED00241,10,deseason_level,-0.01598
MED00242,10,deseason_level,0.00429
MED00243,10,deseason_level,-0.02317
MED00244,10,deseason_level,-0.01779
MED00245,10,deseason_level,-0.00039
MED00246,10,deseason_level,0.00107
MED00247,10,deseason_level,0.0052
MED00248,10,deseason_level,-0.01877
MED00250,10,deseason_level,0.00184
MED00251,10,deseason_level,-0.01641
MED00252,10,deseason_level,-0.0253
MED00253,10,deseason_level,-0.00384
MED00254,10,deseason_level,-0.02527
MED00255,10,deseason_level,-0.00444
MED00256,10,deseason_level,-0.01845
MED00257,10,deseason_level,-0.00661
MED00258,10,deseason_level,-0.01216
MED00259,10,deseason_level,-0.0117
MED00260,10,deseason_level,-0.01625
MED00261,10,deseason_level,-0.01601
MED00262,10,deseason_level,-0.00696
MED00263,10,deseason_level,-0.00471
MED00264,10,deseason_level,-0.02057
MED00265,10,deseason_level,0.00242
MED00266,10,deseason_level,0.00077
MED00267,10,deseason_level,-0.00525
MED00268,10,deseason_level,-0.0114
MED00269,10,deseason_level,-0.01798
MED00270,10,deseason_level,-0.00606
MED00271,10,deseason_level,-0.01362
MED00272,10,deseason_level,-0.00502
MED00273,10,deseason_level,-0.01882
MED00274,10,deseason_level,-0.01634
MED00275,10,deseason_level,0.00504
MED00276,10,deseason_level,-0.0189
MED00277,10,deseason_level,-0.02789
MED00278,10,deseason_level,0.00398
MED00279,10,deseason_level,0.00025
MED00280,10,deseason_level,-0.01735
MED00281,10,deseason_level,0.00429
MED00282,10,deseason_level,-0.01079
MED00283,10,deseason_level,-0.01181
MED00284,10,deseason_level,-0.0062
MED00286,10,deseason_level,-0.00437
MED00287,10,deseason_level,-0.01052
MED00288,10,deseason_level,0.00105
MED00289,10,deseason_level,0.00115
MED00290,10,deseason_level,-0.01848
MED00291,10,deseason_level,-0.02322
MED00292,10,deseason_level,-0.02118
MED00293,10,deseason_level,-0.00118
MED00294,10,deseason_level,-0.0167
MED00295,10,deseason_level,-0.03068
MED00296,10,deseason_level,-0.00512
MED00297,10,deseason_level,0.00116
MED00298,10,deseason_level,-0.00543
MED00299,10,deseason_level,-0.01823
MED00300,10,deseason_level,-0.01027
MED00301,10,deseason_level,-0.0055
MED00302,10,deseason_level,0.00015
MED00303,10,deseason_level,-0.00952
MED00304,10,deseason_level,-0.01075
MED00305,10,deseason_level,-0.01926
MED00306,10,deseason_level,-0.02347
MED00307,10,deseason_level,0.00154
MED00308,10,deseason_level,-0.01172
MED00309,10,deseason_level,-0.01559
MED00310,10,deseason_level,-0.01104
MED00311,10,deseason_level,-0.00998
MED00312,10,deseason_level,-0.0166
MED00313,10,deseason_level,-0.02094
MED00314,10,deseason_level,0.0029
MED00315,10,deseason_level,0.00523
MED00316,10,deseason_level,-0.01795
MED00317,10,deseason_level,-0.01787
MED00318,10,deseason_level,-0.0061
MED00319,10,deseason_level,0.00419
MED00320,10,deseason_level,-0.00458
MED00321,10,deseason_level,0.03356
MED00322,10,deseason_level,-0.03093
MED00323,10,deseason_level,-0.01979
MED00324,10,deseason_level,-0.01861
MED00325,10,deseason_level,-0.00621
MED00326,10,deseason_level,0.00392
MED00327,10,deseason_level,-0.0173
MED00328,10,deseason_level,-0.00541
MED00329,10,deseason_level,0.0051
MED00330,10,deseason_level,-0.0051
MED00331,10,deseason_level,-0.01259
MED00332,10,deseason_level,-0.0172
MED00333,10,deseason_level,-0.00573
MED00334,10,deseason_level,-0.00419
MED00335,10,deseason_level,0.00141
MED00336,10,deseason_level,0.00381
MED00337,10,deseason_level,-0.00104
MED00338,10,deseason_level,-0.01491
MED00339,10,deseason_level,-0.01171
MED00340,10,deseason_level,-0.01417
MED00341,10,deseason_level,0.00459
MED00342,10,deseason_level,-0.01687
MED00343,10,deseason_level,0.00427
MED00344,10,deseason_level,-0.00376
MED00345,10,deseason_level,-0.03104
MED00346,10,deseason_level,-0.01287
MED00347,10,deseason_level,-0.03058
MED00348,10,deseason_level,-0.01699
MED00349,10,deseason_level,-0.01573
MED00350,10,deseason_level,-0.02109
MED00351,10,deseason_level,-0.01965
MED00352,10,deseason_level,-0.02388
MED00353,10,deseason_level,-0.01702
MED00354,10,deseason_level,-0.01935
MED00355,10,deseason_level,0.00255
MED00356,10,deseason_level,-0.01481
MED00357,10,deseason_level,-0.02042
MED00358,10,deseason_level,-0.00999
MED00359,10,deseason_level,-0.01846
MED00360,10,deseason_level,-0.01209
MED00361,10,deseason_level,-0.00666
MED00362,10,deseason_level,-0.00819
MED00363,10,deseason_level,-0.01817
MED00364,10,deseason_level,-0.0306
MED00365,10,deseason_level,-0.01857
MED00366,10,deseason_level,0.00452
MED00367,10,deseason_level,-0.01699
MED00368,10,deseason_level,-0.00645
MED00369,10,deseason_level,-0.00502
MED00370,10,deseason_level,-0.02304
MED00371,10,deseason_level,-0.0006
MED00372,10,deseason_level,-0.02126
MED00373,10,deseason_level,-0.01439
MED00374,10,deseason_level,-0.01638
MED00375,10,deseason_level,0.00194
MED00376,10,deseason_level,-0.0164
MED00377,10,deseason_level,-0.02346
MED00378,10,deseason_level,-0.01661
MED00379,10,deseason_level,-0.02152
MED00380,10,deseason_level,-0.01947
MED00381,10,deseason_level,-0.02357
MED00382,10,deseason_level,-0.01204
MED00383,10,deseason_level,-0.00519
MED00384,10,deseason_level,-0.01798
MED00385,10,deseason_level,0.00331
MED00386,10,deseason_level,0.00492
MED00387,10,deseason_level,0.00215
MED00388,10,deseason_level,0.00383
MED00389,10,deseason_level,0.00151
MED00390,10,deseason_level,0.00099
MED00391,10,deseason_level,0.00337
MED00392,10,deseason_level,0.00332
MED00393,10,deseason_level,0.00308
MED00394,10,deseason_level,0.00347
MED00395,10,deseason_level,0.0007
MED00396,10,deseason_level,0.00102
MED00397,10,deseason_level,0.00121
MED00398,10,deseason_level,0.00871
MED00399,10,deseason_level,0.00841
MED00400,10,deseason_level,0.00216
MED00401,10,deseason_level,0.002
MED00402,10,deseason_level,0.00092
MED00403,10,deseason_level,0.00542
MED00404,10,deseason_level,-0.00436
MED00405,10,deseason_level,0.00053
MED00406,10,deseason_level,0.00126
MED00407,10,deseason_level,0.00134
MED00408,10,deseason_level,0.00217
MED00409,10,deseason_level,-0.00041
MED00410,10,deseason_level,0.00477
MED00411,10,deseason_level,0.00293
MED00412,10,deseason_level,0.00504
MED00413,10,deseason_level,0.0034
MED00414,10,deseason_level,0.00196
MED00415,10,deseason_level,0.0039
MED00416,10,deseason_level,0.00291
MED00417,10,deseason_level,0.00192
MED00418,10,deseason_level,0.00368
MED00419,10,deseason_level,0.00273
MED00420,10,deseason_level,0.00239
MED00421,10,deseason_level,0.00256
MED00422,10,deseason_level,0.00251
MED00423,10,deseason_level,0.00466
MED00424,10,deseason_level,0.00794
MED00001,11,deseason_level,0.00359
MED00002,11,deseason_level,-0.0215
MED00003,11,deseason_level,-0.03219
MED00004,11,deseason_level,-0.01627
MED00005,11,deseason_level,-0.01723
MED00006,11,deseason_level,-0.01226
MED00007,11,deseason_level,-0.01733
MED00008,11,deseason_level,-0.01826
MED00009,11,deseason_level,-0.01115
MED00010,11,deseason_level,-0.00079
MED00011,11,deseason_level,0.00085
MED00012,11,deseason_level,-0.01379
MED00013,11,deseason_level,-0.00452
MED00014,11,deseason_level,0.00111
MED00015,11,deseason_level,-0.01576
MED00016,11,deseason_level,-0.00806
MED00017,11,deseason_level,-0.0182
MED00018,11,deseason_level,0.0047
MED00019,11,deseason_level,0.00217
MED00020,11,deseason_level,0.00098
MED00021,11,deseason_level,-0.01072
MED00022,11,deseason_level,-0.01756
MED00023,11,deseason_level,-0.01486
MED00024,11,deseason_level,-0.01854
MED00025,11,deseason_level,-0.0311
MED00026,11,deseason_level,-0.02083
MED00027,11,deseason_level,-0.02921
MED00028,11,deseason_level,-0.01034
MED00029,11,deseason_level,0.00463
MED00030,11,deseason_level,-0.0066
MED00031,11,deseason_level,-0.01577
MED00032,11,deseason_level,-0.01807
MED00033,11,deseason_level,-0.01742
MED00034,11,deseason_level,0.00265
MED00035,11,deseason_level,-0.01092
MED00036,11,deseason_level,-0.01759
MED00037,11,deseason_level,-0.00059
MED00038,11,deseason_level,-0.00017
MED00039,11,deseason_level,-0.01884
MED00040,11,deseason_level,-0.02043
MED00041,11,deseason_level,-0.01687
MED00042,11,deseason_level,-0.00903
MED00043,11,deseason_level,-0.01248
MED00044,11,deseason_level,-0.02115
MED00045,11,deseason_level,-0.01295
MED00046,11,deseason_level,-0.01828
MED00047,11,deseason_level,0.00053
MED00048,11,deseason_level,0.00202
MED00049,11,deseason_level,-0.02914
MED00050,11,deseason_level,-0.01667
MED00051,11,deseason_level,-0.02934
MED00052,11,deseason_level,-0.01074
MED00053,11,deseason_level,0.00124
MED00054,11,deseason_level,0.0036
MED00055,11,deseason_level,-0.01413
MED00056,11,deseason_level,-0.01901
MED00057,11,deseason_level,-0.01586
MED00058,11,deseason_level,-0.0139
MED00059,11,deseason_level,0.00126
MED00060,11,deseason_level,0.00139
MED00061,11,deseason_level,-0.01055
MED00062,11,deseason_level,0.00254
MED00063,11,deseason_level,-0.03341
MED00064,11,deseason_level,0.00015
MED00065,11,deseason_level,0.00058
MED00066,11,deseason_level,-0.01192
MED00067,11,deseason_level,-0.00564
MED00068,11,deseason_level,-0.00717
MED00069,11,deseason_level,-0.01893
MED00070,11,deseason_level,0.00299
MED00071,11,deseason_level,-0.01914
MED00072,11,deseason_level,-0.01669
MED00073,11,deseason_level,-0.00556
MED00074,11,deseason_level,-0.00656
MED00075,11,deseason_level,-0.01189
MED00076,11,deseason_level,-0.01745
MED00077,11,deseason_level,-0.00735
MED00078,11,deseason_level,-0.01609
MED00079,11,deseason_level,-0.00261
MED00080,11,deseason_level,-0.00516
MED00081,11,deseason_level,-0.01774
MED00082,11,deseason_level,-0.01756
MED00083,11,deseason_level,-0.00996
MED00084,11,deseason_level,-0.00035
MED00085,11,deseason_level,-0.01274
MED00086,11,deseason_level,-0.02021
MED00087,11,deseason_level,-0.01722
MED00088,11,deseason_level,0.00122
MED00089,11,deseason_level,-0.00785
MED00090,11,deseason_level,-0.00624
MED00091,11,deseason_level,-0.01748
MED00092,11,deseason_level,-0.0159
MED00093,11,deseason_level,-0.01726
MED00094,11,deseason_level,-0.01718
MED00095,11,deseason_level,-0.01061
MED00096,11,deseason_level,0.00341
MED00097,11,deseason_level,-0.01813
MED00099,11,deseason_level,-0.02858
MED00100,11,deseason_level,-0.02381
MED00101,11,deseason_level,0.00066
MED00102,11,deseason_level,-0.00557
MED00103,11,deseason_level,-0.01742
MED00104,11,deseason_level,0.00501
MED00105,11,deseason_level,0.00397
MED00106,11,deseason_level,-0.03341
MED00107,11,deseason_level,0.00325
MED00108,11,deseason_level,-0.0046
MED00109,11,deseason_level,-0.01871
MED00110,11,deseason_level,-0.01635
MED00111,11,deseason_level,-0.01572
MED00112,11,deseason_level,-0.01044
MED00113,11,deseason_level,-0.0167
MED00115,11,deseason_level,-0.01727
MED00116,11,deseason_level,0.00291
MED00117,11,deseason_level,-0.01921
MED00118,11,deseason_level,-0.01587
MED00119,11,deseason_level,-0.00134
MED00120,11,deseason_level,-0.00767
MED00121,11,deseason_level,-0.00834
MED00122,11,deseason_level,-0.00552
MED00123,11,deseason_level,-0.01359
MED00124,11,deseason_level,0.00142
MED00125,11,deseason_level,-0.01493
MED00126,11,deseason_level,-0.01453
MED00127,11,deseason_level,-0.0192
MED00128,11,deseason_level,-0.0211
MED00129,11,deseason_level,-0.01225
MED00130,11,deseason_level,-0.02918
MED00131,11,deseason_level,-0.01764
MED00132,11,deseason_level,-0.02013
MED00133,11,deseason_level,-0.00937
MED00134,11,deseason_level,-0.01582
MED00135,11,deseason_level,0.00057
MED00136,11,deseason_level,-0.0222
MED00137,11,deseason_level,-0.01402
MED00138,11,deseason_level,-0.01576
MED00139,11,deseason_level,-0.01631
MED00140,11,deseason_level,-0.0192
MED00141,11,deseason_level,-0.00809
MED00142,11,deseason_level,-0.01766
MED00143,11,deseason_level,-0.01892
MED00144,11,deseason_level,-0.00525
MED00145,11,deseason_level,-0.01779
MED00146,11,deseason_level,-0.01715
MED00147,11,deseason_level,-0.01778
MED00148,11,deseason_level,0.00165
MED00149,11,deseason_level,-0.00401
MED00150,11,deseason_level,-0.01884
MED00151,11,deseason_level,-0.02051
MED00152,11,deseason_level,-0.01821
MED00153,11,deseason_level,-0.01787
MED00154,11,deseason_level,-0.00083
MED00155,11,deseason_level,-0.0182
MED00156,11,deseason_level,-0.00615
MED00157,11,deseason_level,-0.00599
MED00158,11,deseason_level,-0.02235
MED00159,11,deseason_level,0.00436
MED00160,11,deseason_level,-0.00447
MED00161,11,deseason_level,-0.00499
MED00162,11,deseason_level,-0.01773
MED00163,11,deseason_level,-0.01835
MED00164,11,deseason_level,-0.01947
MED00165,11,deseason_level,0.00168
MED00166,11,deseason_level,-0.01821
MED00167,11,deseason_level,-0.01421
MED00168,11,deseason_level,-0.01678
MED00169,11,deseason_level,-0.01835
MED00170,11,deseason_level,-0.01611
MED00171,11,deseason_level,-0.01808
MED00172,11,deseason_level,-0.01213
MED00173,11,deseason_level,-0.01712
MED00174,11,deseason_level,-0.0033
MED00175,11,deseason_level,-0.01173
MED00176,11,deseason_level,0.00137
MED00177,11,deseason_level,-0.02101
MED00178,11,deseason_level,-0.01949
MED00179,11,deseason_level,-0.00916
MED00180,11,deseason_level,-0.01033
MED00181,11,deseason_level,-0.00925
MED00182,11,deseason_level,-0.03448
MED00183,11,deseason_level,-0.00017
MED00184,11,deseason_level,-0.00336
MED00185,11,deseason_level,-0.01565
MED00186,11,deseason_level,-0.01811
MED00187,11,deseason_level,-0.01818
MED00188,11,deseason_level,-0.00497
MED00189,11,deseason_level,-0.02767
MED00190,11,deseason_level,-0.0103
MED00191,11,deseason_level,0.00355
MED00192,11,deseason_level,-0.019
MED00193,11,deseason_level,-0.02851
MED00194,11,deseason_level,-0.00093
MED00195,11,deseason_level,0.00139
MED00196,11,deseason_level,-0.00205
MED00197,11,deseason_level,-0.00026
MED00198,11,deseason_level,-0.01834
MED00199,11,deseason_level,-0.02104
MED00200,11,deseason_level,-0.01703
MED00201,11,deseason_level,0.00361
MED00202,11,deseason_level,-0.01492
MED00203,11,deseason_level,-0.0168
MED00204,11,deseason_level,-0.01333
MED00205,11,deseason_level,0.0035
MED00206,11,deseason_level,-0.02305
MED00207,11,deseason_level,-0.01658
MED00208,11,deseason_level,0.00405
MED00209,11,deseason_level,-0.01053
MED00210,11,deseason_level,-0.01535
MED00211,11,deseason_level,-0.01779
MED00212,11,deseason_level,-0.01153
MED00213,11,deseason_level,-0.00875
MED00214,11,deseason_level,0.00313
MED00215,11,deseason_level,-0.01591
MED00216,11,deseason_level,-0.03274
MED00217,11,deseason_level,-0.01685
MED00218,11,deseason_level,-0.00721
MED00219,11,deseason_level,0.00115
MED00220,11,deseason_level,-0.01808
MED00221,11,deseason_level,-0.01487
MED00222,11,deseason_level,-0.01851
MED00223,11,deseason_level,-0.00068
MED00224,11,deseason_level,-0.01332
MED00225,11,deseason_level,-0.00601
MED00226,11,deseason_level,-0.01689
MED00227,11,deseason_level,-0.00217
MED00228,11,deseason_level,-0.01857
MED00229,11,deseason_level,-0.0133
MED00230,11,deseason_level,0.00307
MED00231,11,deseason_level,-0.0181
MED00232,11,deseason_level,-0.01639
MED00233,11,deseason_level,-0.00809
MED00234,11,deseason_level,-0.0193
MED00235,11,deseason_level,-0.00032
MED00236,11,deseason_level,-0.01781
MED00237,11,deseason_level,-0.00792
MED00238,11,deseason_level,-0.01607
MED00239,11,deseason_level,-0.0045
MED00240,11,deseason_level,-0.00648
MED00241,11,deseason_level,-0.01605
MED00242,11,deseason_level,0.00281
MED00243,11,deseason_level,-0.02143
MED00244,11,deseason_level,-0.01785
MED00245,11,deseason_level,-0.00038
MED00246,11,deseason_level,0.00109
MED00247,11,deseason_level,0.00519
MED00248,11,deseason_level,-0.01883
MED00250,11,deseason_level,0.00192
MED00251,11,deseason_level,-0.01697
MED00252,11,deseason_level,-0.02528
MED00253,11,deseason_level,-0.00403
MED00254,11,deseason_level,-0.02525
MED00255,11,deseason_level,-0.00449
MED00256,11,deseason_level,-0.01865
MED00257,11,deseason_level,-0.0066
MED00258,11,deseason_level,-0.01222
MED00259,11,deseason_level,-0.01177
MED00260,11,deseason_level,-0.01628
MED00261,11,deseason_level,-0.01585
MED00262,11,deseason_level,-0.00705
MED00263,11,deseason_level,-0.00468
MED00264,11,deseason_level,-0.01751
MED00265,11,deseason_level,0.00234
MED00266,11,deseason_level,0.00083
MED00267,11,deseason_level,-0.00543
MED00268,11,deseason_level,-0.01146
MED00269,11,deseason_level,-0.018
MED00270,11,deseason_level,-0.00602
MED00271,11,deseason_level,-0.01369
MED00272,11,deseason_level,-0.00521
MED00273,11,deseason_level,-0.01889
MED00274,11,deseason_level,-0.01607
MED00275,11,deseason_level,0.00504
MED00276,11,deseason_level,-0.01896
MED00277,11,deseason_level,-0.02768
MED00278,11,deseason_level,0.0039
MED00279,11,deseason_level,0.00023
MED00280,11,deseason_level,-0.01737
MED00281,11,deseason_level,0.00429
MED00282,11,deseason_level,-0.01085
MED00283,11,deseason_level,-0.01201
MED00284,11,deseason_level,-0.00649
MED00285,11,deseason_level,0.00054
MED00286,11,deseason_level,-0.00433
MED00287,11,deseason_level,-0.01065
MED00288,11,deseason_level,0.00104
MED00289,11,deseason_level,0.00072
MED00290,11,deseason_level,-0.01852
MED00291,11,deseason_level,-0.02567
MED00292,11,deseason_level,-0.02136
MED00293,11,deseason_level,-0.00118
MED00294,11,deseason_level,-0.01652
MED00295,11,deseason_level,-0.02872
MED00296,11,deseason_level,-0.00531
MED00297,11,deseason_level,0.00118
MED00298,11,deseason_level,-0.00601
MED00299,11,deseason_level,-0.01828
MED00300,11,deseason_level,-0.01083
MED00301,11,deseason_level,-0.00539
MED00302,11,deseason_level,-0.00036
MED00303,11,deseason_level,-0.00954
MED00304,11,deseason_level,-0.01094
MED00305,11,deseason_level,-0.01932
MED00306,11,deseason_level,-0.02189
MED00307,11,deseason_level,0.00155
MED00308,11,deseason_level,-0.01167
MED00309,11,deseason_level,-0.01567
MED00310,11,deseason_level,-0.01122
MED00311,11,deseason_level,-0.0102
MED00312,11,deseason_level,-0.01653
MED00313,11,deseason_level,-0.01804
MED00314,11,deseason_level,0.00318
MED00315,11,deseason_level,0.00522
MED00316,11,deseason_level,-0.01801
MED00317,11,deseason_level,-0.01793
MED00318,11,deseason_level,-0.00619
MED00319,11,deseason_level,0.0043
MED00320,11,deseason_level,-0.00489
MED00321,11,deseason_level,0.03561
MED00322,11,deseason_level,-0.02896
MED00323,11,deseason_level,-0.02193
MED00324,11,deseason_level,-0.01887
MED00325,11,deseason_level,-0.00618
MED00326,11,deseason_level,0.00391
MED00327,11,deseason_level,-0.01736
MED00328,11,deseason_level,-0.00538
MED00329,11,deseason_level,0.00509
MED00330,11,deseason_level,-0.005
MED00331,11,deseason_level,-0.01265
MED00332,11,deseason_level,-0.01722
MED00333,11,deseason_level,-0.0057
MED00334,11,deseason_level,-0.00658
MED00335,11,deseason_level,0.00383
MED00336,11,deseason_level,0.00389
MED00337,11,deseason_level,-0.00102
MED00338,11,deseason_level,-0.015
MED00339,11,deseason_level,-0.01177
MED00340,11,deseason_level,-0.01244
MED00341,11,deseason_level,0.00459
MED00342,11,deseason_level,-0.01693
MED00343,11,deseason_level,0.00435
MED00344,11,deseason_level,-0.00133
MED00345,11,deseason_level,-0.02909
MED00346,11,deseason_level,-0.01288
MED00347,11,deseason_level,-0.03035
MED00348,11,deseason_level,-0.01761
MED00349,11,deseason_level,-0.01579
MED00350,11,deseason_level,-0.0183
MED00351,11,deseason_level,-0.01664
MED00352,11,deseason_level,-0.02122
MED00353,11,deseason_level,-0.01437
MED00354,11,deseason_level,-0.01632
MED00355,11,deseason_level,0.00263
MED00356,11,deseason_level,-0.01483
MED00357,11,deseason_level,-0.01867
MED00358,11,deseason_level,-0.01003
MED00359,11,deseason_level,-0.01852
MED00360,11,deseason_level,-0.01215
MED00361,11,deseason_level,-0.00678
MED00362,11,deseason_level,-0.00841
MED00363,11,deseason_level,-0.01823
MED00364,11,deseason_level,-0.03036
MED00365,11,deseason_level,-0.01864
MED00366,11,deseason_level,0.00453
MED00367,11,deseason_level,-0.01705
MED00368,11,deseason_level,-0.00643
MED00369,11,deseason_level,-0.00522
MED00370,11,deseason_level,-0.02378
MED00371,11,deseason_level,-0.00061
MED00372,11,deseason_level,-0.02106
MED00373,11,deseason_level,-0.01419
MED00374,11,deseason_level,-0.01638
MED00375,11,deseason_level,0.00202
MED00376,11,deseason_level,-0.01647
MED00377,11,deseason_level,-0.02152
MED00378,11,deseason_level,-0.01717
MED00379,11,deseason_level,-0.01934
MED00380,11,deseason_level,-0.01685
MED00381,11,deseason_level,-0.02092
MED00382,11,deseason_level,-0.01204
MED00383,11,deseason_level,-0.00589
MED00384,11,deseason_level,-0.018
MED00385,11,deseason_level,0.00332
MED00386,11,deseason_level,0.00494
MED00387,11,deseason_level,0.00215
MED00388,11,deseason_level,0.00393
MED00389,11,deseason_level,0.0015
MED00390,11,deseason_level,0.00097
MED00391,11,deseason_level,0.00336
MED00392,11,deseason_level,0.00331
MED00393,11,deseason_level,0.00307
MED00394,11,deseason_level,0.00355
MED00395,11,deseason_level,0.00078
MED00396,11,deseason_level,0.00078
MED00397,11,deseason_level,0.00122
MED00398,11,deseason_level,0.0087
MED00399,11,deseason_level,0.00845
MED00400,11,deseason_level,0.00215
MED00401,11,deseason_level,0.00211
MED00402,11,deseason_level,0.00094
MED00403,11,deseason_level,0.00531
MED00404,11,deseason_level,-0.00443
MED00405,11,deseason_level,0.00055
MED00406,11,deseason_level,0.00125
MED00407,11,deseason_level,0.00145
MED00408,11,deseason_level,0.00228
MED00409,11,deseason_level,-0.0004
MED00410,11,deseason_level,0.00479
MED00411,11,deseason_level,0.00294
MED00412,11,deseason_level,0.00505
MED00413,11,deseason_level,0.00341
MED00414,11,deseason_level,0.00196
MED00415,11,deseason_level,0.00391
MED00416,11,deseason_level,0.003
MED00417,11,deseason_level,0.00213
MED00418,11,deseason_level,0.00368
MED00419,11,deseason_level,0.00273
MED00420,11,deseason_level,0.00238
MED00421,11,deseason_level,0.00256
MED00422,11,deseason_level,0.00261
MED00423,11,deseason_level,0.00474
MED00424,11,deseason_level,0.00794
MED00001,12,deseason_level,0.00305
MED00002,12,deseason_level,-0.02185
MED00003,12,deseason_level,-0.03251
MED00004,12,deseason_level,-0.01685
MED00005,12,deseason_level,-0.01779
MED00006,12,deseason_level,-0.01293
MED00007,12,deseason_level,-0.01809
MED00008,12,deseason_level,-0.01882
MED00009,12,deseason_level,-0.01173
MED00010,12,deseason_level,-0.00138
MED00011,12,deseason_level,0.00027
MED00012,12,deseason_level,-0.01443
MED00013,12,deseason_level,-0.00508
MED00014,12,deseason_level,0.00056
MED00015,12,deseason_level,-0.01611
MED00016,12,deseason_level,-0.00868
MED00017,12,deseason_level,-0.01896
MED00018,12,deseason_level,0.00484
MED00019,12,deseason_level,0.00165
MED00020,12,deseason_level,0.00041
MED00021,12,deseason_level,-0.01129
MED00022,12,deseason_level,-0.01819
MED00023,12,deseason_level,-0.0152
MED00024,12,deseason_level,-0.01929
MED00025,12,deseason_level,-0.03143
MED00026,12,deseason_level,-0.02115
MED00027,12,deseason_level,-0.02954
MED00028,12,deseason_level,-0.01063
MED00029,12,deseason_level,0.0041
MED00030,12,deseason_level,-0.00719
MED00031,12,deseason_level,-0.01652
MED00032,12,deseason_level,-0.01869
MED00033,12,deseason_level,-0.01796
MED00034,12,deseason_level,0.00181
MED00035,12,deseason_level,-0.01269
MED00036,12,deseason_level,-0.01818
MED00037,12,deseason_level,-0.00116
MED00038,12,deseason_level,-0.00071
MED00039,12,deseason_level,-0.01914
MED00040,12,deseason_level,-0.02073
MED00041,12,deseason_level,-0.01775
MED00042,12,deseason_level,-0.00962
MED00043,12,deseason_level,-0.01279
MED00044,12,deseason_level,-0.02179
MED00045,12,deseason_level,-0.01373
MED00046,12,deseason_level,-0.01906
MED00048,12,deseason_level,0.00148
MED00049,12,deseason_level,-0.02944
MED00050,12,deseason_level,-0.01734
MED00051,12,deseason_level,-0.02947
MED00052,12,deseason_level,-0.01104
MED00053,12,deseason_level,0.00066
MED00054,12,deseason_level,0.00297
MED00055,12,deseason_level,-0.01474
MED00056,12,deseason_level,-0.02002
MED00057,12,deseason_level,-0.01614
MED00058,12,deseason_level,-0.01468
MED00059,12,deseason_level,0.00053
MED00060,12,deseason_level,0.0008
MED00061,12,deseason_level,-0.01085
MED00062,12,deseason_level,0.00197
MED00063,12,deseason_level,-0.03378
MED00064,12,deseason_level,-0.00036
MED00066,12,deseason_level,-0.01226
MED00067,12,deseason_level,-0.00641
MED00068,12,deseason_level,-0.00792
MED00069,12,deseason_level,-0.01957
MED00070,12,deseason_level,0.00257
MED00071,12,deseason_level,-0.01975
MED00072,12,deseason_level,-0.01732
MED00073,12,deseason_level,-0.00618
MED00074,12,deseason_level,-0.00731
MED00075,12,deseason_level,-0.01266
MED00076,12,deseason_level,-0.0178
MED00077,12,deseason_level,-0.00793
MED00078,12,deseason_level,-0.01686
MED00079,12,deseason_level,-0.00315
MED00080,12,deseason_level,-0.00579
MED00081,12,deseason_level,-0.01786
MED00082,12,deseason_level,-0.01817
MED00083,12,deseason_level,-0.01071
MED00084,12,deseason_level,-0.00093
MED00085,12,deseason_level,-0.01336
MED00086,12,deseason_level,-0.0206
MED00087,12,deseason_level,-0.01783
MED00088,12,deseason_level,0.00065
MED00089,12,deseason_level,-0.00842
MED00090,12,deseason_level,-0.00652
MED00091,12,deseason_level,-0.0181
MED00092,12,deseason_level,-0.01665
MED00093,12,deseason_level,-0.01757
MED00094,12,deseason_level,-0.01748
MED00095,12,deseason_level,-0.01122
MED00096,12,deseason_level,0.00289
MED00097,12,deseason_level,-0.01856
MED00098,12,deseason_level,-0.00063
MED00099,12,deseason_level,-0.02891
MED00100,12,deseason_level,-0.02417
MED00102,12,deseason_level,-0.00614
MED00103,12,deseason_level,-0.01802
MED00104,12,deseason_level,0.00442
MED00105,12,deseason_level,0.0034
MED00106,12,deseason_level,-0.03379
MED00107,12,deseason_level,0.00258
MED00108,12,deseason_level,-0.00517
MED00109,12,deseason_level,-0.01931
MED00110,12,deseason_level,-0.01701
MED00111,12,deseason_level,-0.01593
MED00112,12,deseason_level,-0.0112
MED00113,12,deseason_level,-0.01731
MED00114,12,deseason_level,-0.00055
MED00115,12,deseason_level,-0.01788
MED00116,12,deseason_level,0.00243
MED00117,12,deseason_level,-0.01981
MED00118,12,deseason_level,-0.01685
MED00119,12,deseason_level,-0.002
MED00120,12,deseason_level,-0.00825
MED00121,12,deseason_level,-0.00891
MED00122,12,deseason_level,-0.00627
MED00123,12,deseason_level,-0.0144
MED00124,12,deseason_level,0.00071
MED00125,12,deseason_level,-0.01529
MED00126,12,deseason_level,-0.01513
MED00127,12,deseason_level,-0.01999
MED00128,12,deseason_level,-0.02174
MED00129,12,deseason_level,-0.01304
MED00130,12,deseason_level,-0.02955
MED00131,12,deseason_level,-0.01825
MED00132,12,deseason_level,-0.02082
MED00133,12,deseason_level,-0.01004
MED00134,12,deseason_level,-0.01649
MED00136,12,deseason_level,-0.02272
MED00137,12,deseason_level,-0.0145
MED00138,12,deseason_level,-0.01634
MED00139,12,deseason_level,-0.01688
MED00140,12,deseason_level,-0.01998
MED00141,12,deseason_level,-0.00866
MED00142,12,deseason_level,-0.01784
MED00143,12,deseason_level,-0.01955
MED00144,12,deseason_level,-0.00584
MED00145,12,deseason_level,-0.01809
MED00146,12,deseason_level,-0.01792
MED00147,12,deseason_level,-0.01841
MED00148,12,deseason_level,0.00106
MED00149,12,deseason_level,-0.00472
MED00150,12,deseason_level,-0.01929
MED00151,12,deseason_level,-0.02114
MED00152,12,deseason_level,-0.01882
MED00153,12,deseason_level,-0.01865
MED00154,12,deseason_level,-0.0014
MED00155,12,deseason_level,-0.01881
MED00156,12,deseason_level,-0.00692
MED00157,12,deseason_level,-0.00656
MED00158,12,deseason_level,-0.02267
MED00159,12,deseason_level,0.00378
MED00160,12,deseason_level,-0.00517
MED00161,12,deseason_level,-0.00558
MED00162,12,deseason_level,-0.01837
MED00163,12,deseason_level,-0.01872
MED00164,12,deseason_level,-0.02011
MED00165,12,deseason_level,0.00109
MED00166,12,deseason_level,-0.01885
MED00167,12,deseason_level,-0.01486
MED00168,12,deseason_level,-0.0174
MED00169,12,deseason_level,-0.01912
MED00170,12,deseason_level,-0.01673
MED00171,12,deseason_level,-0.0187
MED00172,12,deseason_level,-0.01222
MED00173,12,deseason_level,-0.01789
MED00174,12,deseason_level,-0.004
MED00175,12,deseason_level,-0.01246
MED00176,12,deseason_level,0.00078
MED00177,12,deseason_level,-0.02133
MED00178,12,deseason_level,-0.02007
MED00179,12,deseason_level,-0.00985
MED00180,12,deseason_level,-0.01097
MED00181,12,deseason_level,-0.00998
MED00182,12,deseason_level,-0.03482
MED00183,12,deseason_level,-0.00085
MED00184,12,deseason_level,-0.00394
MED00185,12,deseason_level,-0.01628
MED00186,12,deseason_level,-0.01872
MED00187,12,deseason_level,-0.01893
MED00188,12,deseason_level,-0.00557
MED00189,12,deseason_level,-0.02801
MED00190,12,deseason_level,-0.01106
MED00191,12,deseason_level,0.00297
MED00192,12,deseason_level,-0.01935
MED00193,12,deseason_level,-0.02887
MED00194,12,deseason_level,-0.0015
MED00195,12,deseason_level,0.00082
MED00196,12,deseason_level,-0.00262
MED00197,12,deseason_level,-0.00083
MED00198,12,deseason_level,-0.01895
MED00199,12,deseason_level,-0.02182
MED00200,12,deseason_level,-0.01778
MED00201,12,deseason_level,0.00328
MED00202,12,deseason_level,-0.01555
MED00203,12,deseason_level,-0.01756
MED00204,12,deseason_level,-0.01397
MED00205,12,deseason_level,0.00293
MED00206,12,deseason_level,-0.02339
MED00207,12,deseason_level,-0.01735
MED00208,12,deseason_level,0.0035
MED00209,12,deseason_level,-0.01111
MED00210,12,deseason_level,-0.01604
MED00211,12,deseason_level,-0.01838
MED00212,12,deseason_level,-0.01231
MED00213,12,deseason_level,-0.00933
MED00214,12,deseason_level,0.00255
MED00215,12,deseason_level,-0.01666
MED00216,12,deseason_level,-0.0331
MED00217,12,deseason_level,-0.01696
MED00218,12,deseason_level,-0.00787
MED00219,12,deseason_level,0.00049
MED00220,12,deseason_level,-0.01867
MED00221,12,deseason_level,-0.01548
MED00222,12,deseason_level,-0.01887
MED00223,12,deseason_level,-0.00126
MED00224,12,deseason_level,-0.01396
MED00225,12,deseason_level,-0.0066
MED00226,12,deseason_level,-0.01765
MED00227,12,deseason_level,-0.00269
MED00228,12,deseason_level,-0.01919
MED00229,12,deseason_level,-0.01391
MED00230,12,deseason_level,0.00253
MED00231,12,deseason_level,-0.01874
MED00232,12,deseason_level,-0.01703
MED00233,12,deseason_level,-0.00877
MED00234,12,deseason_level,-0.01992
MED00235,12,deseason_level,-0.00022
MED00236,12,deseason_level,-0.01839
MED00237,12,deseason_level,-0.00852
MED00238,12,deseason_level,-0.01684
MED00239,12,deseason_level,-0.00508
MED00240,12,deseason_level,-0.00707
MED00241,12,deseason_level,-0.01681
MED00242,12,deseason_level,0.00224
MED00243,12,deseason_level,-0.02178
MED00244,12,deseason_level,-0.01862
MED00245,12,deseason_level,-0.00028
MED00246,12,deseason_level,0.00052
MED00247,12,deseason_level,0.00465
MED00248,12,deseason_level,-0.01944
MED00249,12,deseason_level,-0.00058
MED00250,12,deseason_level,0.0014
MED00251,12,deseason_level,-0.01774
MED00252,12,deseason_level,-0.02571
MED00253,12,deseason_level,-0.00466
MED00254,12,deseason_level,-0.02568
MED00255,12,deseason_level,-0.00506
MED00256,12,deseason_level,-0.01943
MED00257,12,deseason_level,-0.00717
MED00258,12,deseason_level,-0.01283
MED00259,12,deseason_level,-0.0124
MED00260,12,deseason_level,-0.01697
MED00261,12,deseason_level,-0.01645
MED00262,12,deseason_level,-0.00766
MED00263,12,deseason_level,-0.00535
MED00264,12,deseason_level,-0.01817
MED00265,12,deseason_level,0.00175
MED00266,12,deseason_level,0.00024
MED00267,12,deseason_level,-0.00601
MED00268,12,deseason_level,-0.01207
MED00269,12,deseason_level,-0.01884
MED00270,12,deseason_level,-0.00666
MED00271,12,deseason_level,-0.01414
MED00272,12,deseason_level,-0.00578
MED00273,12,deseason_level,-0.01964
MED00274,12,deseason_level,-0.01674
MED00275,12,deseason_level,0.00452
MED00276,12,deseason_level,-0.01961
MED00277,12,deseason_level,-0.02807
MED00278,12,deseason_level,0.00334
MED00279,12,deseason_level,-0.00034
MED00280,12,deseason_level,-0.01773
MED00281,12,deseason_level,0.00377
MED00282,12,deseason_level,-0.01162
MED00283,12,deseason_level,-0.01319
MED00284,12,deseason_level,-0.00727
MED00286,12,deseason_level,-0.00492
MED00287,12,deseason_level,-0.01127
MED00288,12,deseason_level,0.00054
MED00289,12,deseason_level,-0.00013
MED00290,12,deseason_level,-0.01916
MED00291,12,deseason_level,-0.02626
MED00292,12,deseason_level,-0.022
MED00293,12,deseason_level,-0.00176
MED00294,12,deseason_level,-0.0173
MED00295,12,deseason_level,-0.02906
MED00296,12,deseason_level,-0.0059
MED00297,12,deseason_level,0.0006
MED00298,12,deseason_level,-0.00664
MED00299,12,deseason_level,-0.01865
MED00300,12,deseason_level,-0.01148
MED00301,12,deseason_level,-0.00598
MED00302,12,deseason_level,-0.00092
MED00303,12,deseason_level,-0.0103
MED00304,12,deseason_level,-0.01151
MED00305,12,deseason_level,-0.01996
MED00306,12,deseason_level,-0.02256
MED00307,12,deseason_level,0.00125
MED00308,12,deseason_level,-0.0123
MED00309,12,deseason_level,-0.01642
MED00310,12,deseason_level,-0.01199
MED00311,12,deseason_level,-0.01077
MED00312,12,deseason_level,-0.01721
MED00313,12,deseason_level,-0.01669
MED00314,12,deseason_level,0.00252
MED00315,12,deseason_level,0.00467
MED00316,12,deseason_level,-0.01862
MED00317,12,deseason_level,-0.0187
MED00318,12,deseason_level,-0.00682
MED00319,12,deseason_level,0.00367
MED00320,12,deseason_level,-0.00543
MED00321,12,deseason_level,0.03429
MED00322,12,deseason_level,-0.02927
MED00323,12,deseason_level,-0.02249
MED00324,12,deseason_level,-0.01949
MED00325,12,deseason_level,-0.00676
MED00326,12,deseason_level,0.00334
MED00327,12,deseason_level,-0.01795
MED00328,12,deseason_level,-0.00596
MED00329,12,deseason_level,0.00452
MED00330,12,deseason_level,-0.00559
MED00331,12,deseason_level,-0.01328
MED00332,12,deseason_level,-0.01797
MED00333,12,deseason_level,-0.00632
MED00334,12,deseason_level,-0.00717
MED00335,12,deseason_level,0.00326
MED00336,12,deseason_level,0.00335
MED00337,12,deseason_level,-0.00097
MED00338,12,deseason_level,-0.01559
MED00339,12,deseason_level,-0.01241
MED00340,12,deseason_level,-0.01222
MED00341,12,deseason_level,0.00402
MED00342,12,deseason_level,-0.01771
MED00343,12,deseason_level,0.00377
MED00344,12,deseason_level,-0.0019
MED00345,12,deseason_level,-0.02945
MED00346,12,deseason_level,-0.01345
MED00347,12,deseason_level,-0.03072
MED00348,12,deseason_level,-0.01823
MED00349,12,deseason_level,-0.01641
MED00350,12,deseason_level,-0.01886
MED00351,12,deseason_level,-0.0172
MED00352,12,deseason_level,-0.02189
MED00353,12,deseason_level,-0.01496
MED00354,12,deseason_level,-0.0169
MED00355,12,deseason_level,0.00233
MED00356,12,deseason_level,-0.01558
MED00357,12,deseason_level,-0.01903
MED00358,12,deseason_level,-0.01062
MED00359,12,deseason_level,-0.01912
MED00360,12,deseason_level,-0.01276
MED00361,12,deseason_level,-0.0074
MED00362,12,deseason_level,-0.00904
MED00363,12,deseason_level,-0.01886
MED00364,12,deseason_level,-0.03073
MED00365,12,deseason_level,-0.01927
MED00366,12,deseason_level,0.00395
MED00367,12,deseason_level,-0.01766
MED00368,12,deseason_level,-0.00719
MED00369,12,deseason_level,-0.00581
MED00370,12,deseason_level,-0.02411
MED00371,12,deseason_level,-0.0012
MED00372,12,deseason_level,-0.02142
MED00373,12,deseason_level,-0.01448
MED00374,12,deseason_level,-0.01714
MED00375,12,deseason_level,0.00144
MED00376,12,deseason_level,-0.01724
MED00377,12,deseason_level,-0.02183
MED00378,12,deseason_level,-0.01775
MED00379,12,deseason_level,-0.01917
MED00380,12,deseason_level,-0.01747
MED00381,12,deseason_level,-0.02111
MED00382,12,deseason_level,-0.01265
MED00383,12,deseason_level,-0.00584
MED00384,12,deseason_level,-0.01861
MED00385,12,deseason_level,0.00243
MED00386,12,deseason_level,0.0044
MED00387,12,deseason_level,0.00157
MED00388,12,deseason_level,0.00404
MED00389,12,deseason_level,0.00085
MED00390,12,deseason_level,0.00045
MED00391,12,deseason_level,0.0028
MED00392,12,deseason_level,0.00279
MED00393,12,deseason_level,0.00248
MED00394,12,deseason_level,0.00301
MED00395,12,deseason_level,0.00024
MED00396,12,deseason_level,0.00021
MED00397,12,deseason_level,0.00063
MED00398,12,deseason_level,0.00882
MED00399,12,deseason_level,0.00831
MED00400,12,deseason_level,0.00227
MED00401,12,deseason_level,0.00157
MED00402,12,deseason_level,0.00041
MED00403,12,deseason_level,0.00476
MED00404,12,deseason_level,-0.005
MED00406,12,deseason_level,0.00069
MED00407,12,deseason_level,0.00091
MED00408,12,deseason_level,0.00169
MED00409,12,deseason_level,-0.00098
MED00410,12,deseason_level,0.00423
MED00411,12,deseason_level,0.00241
MED00412,12,deseason_level,0.00447
MED00413,12,deseason_level,0.00288
MED00414,12,deseason_level,0.00151
MED00415,12,deseason_level,0.00337
MED00416,12,deseason_level,0.00244
MED00417,12,deseason_level,0.00154
MED00418,12,deseason_level,0.00309
MED00419,12,deseason_level,0.00215
MED00420,12,deseason_level,0.00182
MED00421,12,deseason_level,0.002
MED00422,12,deseason_level,0.00208
MED00423,12,deseason_level,0.0042
MED00424,12,deseason_level,0.00808
MED00001,1,h,0.00096
MED00002,1,h,0.00014
MED00003,1,h,0.0007
MED00004,1,h,0.00038
MED00005,1,h,0.00034
MED00006,1,h,0.00256
MED00007,1,h,0.00374
MED00008,1,h,0.00175
MED00009,1,h,0.00141
MED00010,1,h,0.00095
MED00011,1,h,0.00163
MED00012,1,h,0.00217
MED00013,1,h,0.00122
MED00014,1,h,0.00119
MED00015,1,h,0.00083
MED00016,1,h,-0.00161
MED00017,1,h,0.00181
MED00018,1,h,0.00119
MED00019,1,h,0.00141
MED00020,1,h,0.00122
MED00021,1,h,0.00123
MED00022,1,h,0.00113
MED00023,1,h,0.00171
MED00024,1,h,0.0019
MED00025,1,h,0.00072
MED00026,1,h,-0.00136
MED00028,1,h,0.00179
MED00029,1,h,0.00076
MED00030,1,h,0.00149
MED00031,1,h,0.00145
MED00032,1,h,0.00116
MED00033,1,h,0.00026
MED00034,1,h,0.00223
MED00035,1,h,-0.01423
MED00036,1,h,-0.00108
MED00037,1,h,0.00119
MED00038,1,h,0.00058
MED00039,1,h,0.00032
MED00040,1,h,0.00295
MED00041,1,h,0.00188
MED00042,1,h,-0.00094
MED00043,1,h,0.00076
MED00044,1,h,0.00179
MED00045,1,h,0.00157
MED00046,1,h,0.00205
MED00047,1,h,0.00148
MED00050,1,h,0.00123
MED00051,1,h,0.00109
MED00052,1,h,0.00085
MED00053,1,h,0.00202
MED00054,1,h,0.00144
MED00055,1,h,-0.00187
MED00056,1,h,0.00142
MED00057,1,h,0.00036
MED00058,1,h,0.00205
MED00059,1,h,0.0009
MED00060,1,h,0.00119
MED00061,1,h,0.00097
MED00062,1,h,0.00037
MED00063,1,h,0.00085
MED00064,1,h,0.00162
MED00065,1,h,0.00089
MED00066,1,h,0.00164
MED00067,1,h,0.00157
MED00068,1,h,0.00139
MED00069,1,h,0.00175
MED00070,1,h,0.00057
MED00071,1,h,0.0014
MED00072,1,h,0.00146
MED00073,1,h,0.00156
MED00074,1,h,0.00128
MED00075,1,h,0.00204
MED00077,1,h,0.00048
MED00078,1,h,0.00144
MED00079,1,h,0.00199
MED00080,1,h,0.00143
MED00081,1,h,0.00058
MED00082,1,h,0.00154
MED00083,1,h,0.00078
MED00084,1,h,0.00355
MED00085,1,h,0.00014
MED00086,1,h,0.00103
MED00087,1,h,0.00197
MED00088,1,h,0.0024
MED00089,1,h,0.00125
MED00090,1,h,0.00152
MED00091,1,h,0.00196
MED00092,1,h,0.00196
MED00093,1,h,-0.01112
MED00094,1,h,-0.00639
MED00095,1,h,0.00146
MED00096,1,h,0.00103
MED00097,1,h,0.00133
MED00098,1,h,0.00224
MED00099,1,h,0.00016
MED00100,1,h,0.00105
MED00101,1,h,0.00105
MED00102,1,h,-0.00031
MED00103,1,h,0.00214
MED00104,1,h,0.00157
MED00105,1,h,0.00115
MED00106,1,h,0.0009
MED00107,1,h,0.00214
MED00108,1,h,0.00152
MED00109,1,h,0.00123
MED00111,1,h,0.00207
MED00112,1,h,0.00161
MED00113,1,h,0.00137
MED00114,1,h,0.00223
MED00115,1,h,0.00181
MED00116,1,h,0.00154
MED00117,1,h,0.00165
MED00118,1,h,0.00167
MED00119,1,h,0.00254
MED00120,1,h,0.00137
MED00121,1,h,0.00117
MED00122,1,h,0.00139
MED00123,1,h,0.00156
MED00124,1,h,0.0016
MED00125,1,h,0.00073
MED00126,1,h,0.00092
MED00127,1,h,0.00186
MED00128,1,h,0.00254
MED00129,1,h,0.00397
MED00130,1,h,0.00019
MED00131,1,h,0.00162
MED00132,1,h,0.00138
MED00133,1,h,0.00266
MED00135,1,h,0.0018
MED00136,1,h,0.00063
MED00137,1,h,0.0012
MED00138,1,h,0.00116
MED00139,1,h,0.00159
MED00140,1,h,0.00184
MED00141,1,h,0.00162
MED00142,1,h,0.00209
MED00143,1,h,0.00175
MED00144,1,h,0.00126
MED00145,1,h,0.0008
MED00146,1,h,0.00395
MED00147,1,h,0.00112
MED00148,1,h,0.00137
MED00149,1,h,0.00213
MED00150,1,h,0.00115
MED00151,1,h,0.002
MED00152,1,h,0.0016
MED00153,1,h,0.00208
MED00154,1,h,0.00143
MED00155,1,h,0.00148
MED00156,1,h,0.00112
MED00157,1,h,0.00155
MED00158,1,h,-0.00136
MED00159,1,h,0.00125
MED00160,1,h,0.00175
MED00161,1,h,0.00141
MED00162,1,h,0.00243
MED00163,1,h,0.00053
MED00164,1,h,0.00199
MED00165,1,h,0.00354
MED00166,1,h,0.00228
MED00168,1,h,0.00152
MED00169,1,h,0.00175
MED00170,1,h,0.00138
MED00171,1,h,0.0016
MED00172,1,h,-0.00017
MED00173,1,h,0.00156
MED00174,1,h,0.00176
MED00175,1,h,-0.00034
MED00176,1,h,0.00045
MED00177,1,h,-0.00047
MED00178,1,h,0.00064
MED00179,1,h,-0.001
MED00180,1,h,0.00212
MED00181,1,h,0.00199
MED00182,1,h,0.00023
MED00183,1,h,0.0024
MED00184,1,h,0.00162
MED00185,1,h,-0.00026
MED00186,1,h,0.00183
MED00187,1,h,0.0018
MED00188,1,h,0.00155
MED00189,1,h,0.0007
MED00190,1,h,0.00188
MED00191,1,h,0.00069
MED00192,1,h,0.00089
MED00193,1,h,0.00012
MED00194,1,h,0.00137
MED00195,1,h,0.0026
MED00196,1,h,0.00428
MED00197,1,h,0.00184
MED00198,1,h,0.00164
MED00199,1,h,0.00315
MED00200,1,h,0.00157
MED00201,1,h,0.00173
MED00202,1,h,0.00201
MED00203,1,h,0.00136
MED00204,1,h,0.00165
MED00205,1,h,0.00091
MED00206,1,h,0.00208
MED00207,1,h,0.00185
MED00208,1,h,0.00112
MED00209,1,h,0.00253
MED00210,1,h,-0.00076
MED00211,1,h,0.00124
MED00212,1,h,0.00147
MED00213,1,h,0.00056
MED00214,1,h,0.00026
MED00215,1,h,0.00152
MED00216,1,h,0.00063
MED00217,1,h,-0.00017
MED00218,1,h,0.00187
MED00219,1,h,-0.0026
MED00220,1,h,0.00201
MED00221,1,h,0.00016
MED00222,1,h,0.00184
MED00223,1,h,0.00066
MED00224,1,h,0.00235
MED00225,1,h,0.00106
MED00226,1,h,0.00171
MED00227,1,h,0.00129
MED00228,1,h,0.00155
MED00230,1,h,0.00185
MED00231,1,h,0.00173
MED00232,1,h,0.0016
MED00233,1,h,0.00096
MED00234,1,h,0.00148
MED00235,1,h,0.00227
MED00236,1,h,0.00066
MED00237,1,h,0.00152
MED00238,1,h,0.00254
MED00239,1,h,0.00124
MED00240,1,h,0.00195
MED00241,1,h,0.00178
MED00242,1,h,0.00147
MED00243,1,h,-0.00011
MED00244,1,h,0.00179
MED00245,1,h,0.00065
MED00246,1,h,0.00121
MED00247,1,h,0.00074
MED00248,1,h,0.00143
MED00249,1,h,0.00278
MED00250,1,h,0.0006
MED00251,1,h,0.00208
MED00252,1,h,0.00406
MED00253,1,h,0.00189
MED00254,1,h,0.00192
MED00255,1,h,0.00262
MED00256,1,h,0.00181
MED00257,1,h,0.00137
MED00258,1,h,0.00204
MED00259,1,h,0.00147
MED00260,1,h,-0.00161
MED00261,1,h,-0.00055
MED00262,1,h,0.00139
MED00263,1,h,0.00143
MED00264,1,h,0.0003
MED00265,1,h,0.0008
MED00266,1,h,0.00195
MED00267,1,h,0.00157
MED00268,1,h,0.00145
MED00269,1,h,0.0021
MED00270,1,h,0.00141
MED00271,1,h,0.00112
MED00272,1,h,0.00161
MED00273,1,h,0.00109
MED00274,1,h,0.00127
MED00275,1,h,0.00064
MED00276,1,h,0.00158
MED00277,1,h,0.0007
MED00278,1,h,0.00036
MED00279,1,h,0.00256
MED00280,1,h,-0.00016
MED00281,1,h,0.0005
MED00282,1,h,0.00118
MED00283,1,h,0.00105
MED00284,1,h,0.00205
MED00285,1,h,0.00149
MED00286,1,h,0.00092
MED00287,1,h,0.00148
MED00288,1,h,0.00243
MED00289,1,h,0.00132
MED00290,1,h,0.00219
MED00291,1,h,0.0018
MED00292,1,h,0.0014
MED00293,1,h,0.00032
MED00294,1,h,0.00129
MED00295,1,h,0.00038
MED00296,1,h,0.00158
MED00297,1,h,0.00168
MED00298,1,h,0.00169
MED00299,1,h,0.00147
MED00300,1,h,0.00203
MED00301,1,h,0.0016
MED00302,1,h,0.00116
MED00303,1,h,0.00141
MED00304,1,h,0.00132
MED00305,1,h,0.00215
MED00306,1,h,-0.00018
MED00307,1,h,0.00122
MED00308,1,h,-0.00453
MED00309,1,h,0.00149
MED00310,1,h,0.00131
MED00311,1,h,0.00069
MED00312,1,h,0.00194
MED00313,1,h,0.00053
MED00314,1,h,0.00121
MED00315,1,h,0.00075
MED00316,1,h,0.00151
MED00317,1,h,0.00174
MED00318,1,h,0.0013
MED00319,1,h,0.00103
MED00320,1,h,0.00101
MED00321,1,h,-0.00083
MED00322,1,h,0.00025
MED00323,1,h,0.00144
MED00324,1,h,0.00246
MED00325,1,h,0.00179
MED00326,1,h,0.00168
MED00327,1,h,0.00119
MED00328,1,h,0.00156
MED00329,1,h,0.0009
MED00330,1,h,0.00143
MED00331,1,h,0.00133
MED00332,1,h,0.00151
MED00333,1,h,0.0013
MED00334,1,h,0.00178
MED00335,1,h,0.00068
MED00336,1,h,0.00153
MED00337,1,h,0.00096
MED00338,1,h,0.00072
MED00339,1,h,0.00193
MED00341,1,h,0.00138
MED00342,1,h,0.00216
MED00343,1,h,0.00074
MED00344,1,h,0.00098
MED00346,1,h,0.00158
MED00347,1,h,0.00125
MED00348,1,h,0.00237
MED00349,1,h,0.0016
MED00350,1,h,0.00058
MED00351,1,h,0.00036
MED00352,1,h,-0.00052
MED00353,1,h,0.00079
MED00354,1,h,0.00082
MED00355,1,h,0.00115
MED00356,1,h,0.00136
MED00357,1,h,-0.00014
MED00358,1,h,0.00117
MED00359,1,h,0.0023
MED00360,1,h,0.00041
MED00361,1,h,0.00141
MED00362,1,h,0.00136
MED00363,1,h,0.00163
MED00364,1,h,0.00084
MED00365,1,h,0.00208
MED00366,1,h,0.00067
MED00367,1,h,0.00179
MED00368,1,h,0.00144
MED00369,1,h,0.00133
MED00371,1,h,0.00182
MED00372,1,h,0.00073
MED00373,1,h,0.00119
MED00374,1,h,0.00113
MED00375,1,h,0.00109
MED00376,1,h,0.00171
MED00377,1,h,-0.00113
MED00378,1,h,0.00214
MED00379,1,h,0.00119
MED00380,1,h,0.00094
MED00381,1,h,0.00159
MED00382,1,h,0.0011
MED00383,1,h,0.00202
MED00384,1,h,0.00143
MED00385,1,h,0.00064
MED00386,1,h,0.00059
MED00387,1,h,0.00065
MED00388,1,h,0.00987
MED00389,1,h,0.00052
MED00390,1,h,0.00111
MED00391,1,h,0.00052
MED00392,1,h,0.00049
MED00393,1,h,0.00161
MED00394,1,h,0.00082
MED00395,1,h,0.0012
MED00396,1,h,0.0018
MED00397,1,h,0.00141
MED00398,1,h,0.00108
MED00399,1,h,0.00105
MED00400,1,h,0.00123
MED00401,1,h,0.00403
MED00402,1,h,0.00112
MED00403,1,h,0.00086
MED00404,1,h,0.00178
MED00405,1,h,0.00141
MED00406,1,h,0.00077
MED00407,1,h,0.00092
MED00408,1,h,0.00178
MED00409,1,h,0.00189
MED00410,1,h,0.00236
MED00411,1,h,0.00075
MED00412,1,h,0.00065
MED00413,1,h,0.00107
MED00414,1,h,0.00039
MED00415,1,h,0.00046
MED00416,1,h,0.00055
MED00417,1,h,0.00139
MED00418,1,h,0.00143
MED00419,1,h,0.00158
MED00422,1,h,0.00075
MED00423,1,h,0.00087
MED00424,1,h,0.0013
MED00001,2,h,0.00052
MED00002,2,h,-0.00032
MED00003,2,h,0.00052
MED00004,2,h,0.00029
MED00005,2,h,-0.00042
MED00006,2,h,0.00168
MED00008,2,h,0.00128
MED00009,2,h,0.00032
MED00010,2,h,0.00085
MED00011,2,h,0.00149
MED00012,2,h,0.0013
MED00013,2,h,0.00042
MED00014,2,h,0.00101
MED00015,2,h,0.00035
MED00016,2,h,-0.0027
MED00017,2,h,0.00102
MED00018,2,h,0.00104
MED00019,2,h,0.00115
MED00020,2,h,0.00107
MED00021,2,h,0.00103
MED00022,2,h,0.00023
MED00023,2,h,0.00099
MED00024,2,h,0.00113
MED00025,2,h,0.00055
MED00026,2,h,-0.00154
MED00027,2,h,-0.00011
MED00028,2,h,0.00132
MED00029,2,h,0.00088
MED00030,2,h,0.00067
MED00031,2,h,0.00069
MED00032,2,h,0.00026
MED00033,2,h,0.00014
MED00034,2,h,0.00207
MED00035,2,h,-0.01445
MED00036,2,h,-0.00124
MED00037,2,h,-0.00026
MED00038,2,h,0.00063
MED00040,2,h,0.00248
MED00041,2,h,0.001
MED00042,2,h,-0.00105
MED00043,2,h,0.00042
MED00044,2,h,0.00108
MED00045,2,h,0.00098
MED00046,2,h,0.00124
MED00047,2,h,0.00039
MED00049,2,h,-0.00013
MED00050,2,h,0.00107
MED00051,2,h,0.00076
MED00052,2,h,0.00036
MED00053,2,h,0.0012
MED00054,2,h,0.00147
MED00055,2,h,-0.00221
MED00056,2,h,0.00022
MED00057,2,h,-0.00024
MED00058,2,h,0.00118
MED00059,2,h,0.00012
MED00060,2,h,0.00067
MED00061,2,h,0.00041
MED00062,2,h,0.00039
MED00063,2,h,0.00057
MED00064,2,h,0.00145
MED00065,2,h,0.00063
MED00066,2,h,0.00108
MED00067,2,h,0.00048
MED00068,2,h,0.0006
MED00069,2,h,0.00104
MED00070,2,h,0.00062
MED00071,2,h,0.00049
MED00072,2,h,0.00056
MED00073,2,h,0.00078
MED00074,2,h,0.00051
MED00075,2,h,0.00125
MED00076,2,h,-0.00037
MED00077,2,h,0.00015
MED00078,2,h,0.0013
MED00079,2,h,0.00167
MED00080,2,h,0.00065
MED00081,2,h,0.00024
MED00082,2,h,0.0014
MED00084,2,h,0.00335
MED00085,2,h,-0.00094
MED00086,2,h,0.00044
MED00087,2,h,0.00152
MED00088,2,h,0.00224
MED00089,2,h,0.00111
MED00090,2,h,0.00074
MED00091,2,h,0.00105
MED00092,2,h,0.00046
MED00093,2,h,-0.01133
MED00094,2,h,-0.0066
MED00095,2,h,0.00038
MED00096,2,h,0.00085
MED00097,2,h,0.00074
MED00098,2,h,0.00093
MED00100,2,h,0.00076
MED00102,2,h,-0.00062
MED00103,2,h,0.00127
MED00104,2,h,0.00047
MED00105,2,h,0.00096
MED00106,2,h,0.00057
MED00107,2,h,0.00105
MED00108,2,h,0.00044
MED00109,2,h,0.0007
MED00110,2,h,-0.00051
MED00111,2,h,0.00174
MED00112,2,h,0.00115
MED00113,2,h,0.00029
MED00114,2,h,0.00186
MED00115,2,h,0.00136
MED00116,2,h,0.00112
MED00117,2,h,0.00077
MED00118,2,h,0.0006
MED00119,2,h,0.00103
MED00120,2,h,0.00123
MED00121,2,h,0.00038
MED00122,2,h,0.00032
MED00123,2,h,0.00117
MED00124,2,h,0.00064
MED00125,2,h,0.0004
MED00126,2,h,0.00038
MED00127,2,h,0.00098
MED00128,2,h,0.00103
MED00129,2,h,0.00073
MED00131,2,h,0.00071
MED00132,2,h,0.0005
MED00133,2,h,0.00115
MED00134,2,h,-0.00051
MED00135,2,h,0.00165
MED00136,2,h,-0.00045
MED00137,2,h,0.00097
MED00138,2,h,0.00037
MED00139,2,h,0.00101
MED00140,2,h,0.00033
MED00141,2,h,0.00141
MED00142,2,h,0.00149
MED00143,2,h,0.00067
MED00144,2,h,0.0011
MED00145,2,h,0.00029
MED00146,2,h,0.00023
MED00147,2,h,0.00084
MED00148,2,h,0.0006
MED00149,2,h,0.00105
MED00150,2,h,0.00088
MED00151,2,h,0.00049
MED00152,2,h,0.00052
MED00153,2,h,0.0012
MED00154,2,h,0.00126
MED00155,2,h,0.00044
MED00156,2,h,0.00034
MED00157,2,h,0.00046
MED00158,2,h,-0.00153
MED00159,2,h,0.0006
MED00160,2,h,0.00066
MED00161,2,h,0.00095
MED00162,2,h,0.00155
MED00163,2,h,0.00021
MED00164,2,h,0.00129
MED00165,2,h,0.00194
MED00166,2,h,0.0014
MED00167,2,h,-0.00113
MED00168,2,h,0.00094
MED00169,2,h,0.00024
MED00170,2,h,0.00031
MED00171,2,h,0.00052
MED00172,2,h,-0.00107
MED00173,2,h,0.00111
MED00174,2,h,0.00142
MED00175,2,h,-0.00082
MED00176,2,h,0.00028
MED00177,2,h,-0.00065
MED00178,2,h,0.00028
MED00179,2,h,-0.00126
MED00180,2,h,0.00124
MED00181,2,h,0.00154
MED00183,2,h,0.00207
MED00184,2,h,0.00143
MED00185,2,h,-0.00072
MED00186,2,h,0.00137
MED00187,2,h,0.00112
MED00188,2,h,0.00047
MED00189,2,h,0.00037
MED00190,2,h,0.00154
MED00191,2,h,0.00045
MED00192,2,h,0.00055
MED00194,2,h,0.00102
MED00195,2,h,0.00086
MED00196,2,h,0.00268
MED00197,2,h,0.00149
MED00198,2,h,0.00056
MED00199,2,h,0.00179
MED00200,2,h,0.00098
MED00201,2,h,0.00065
MED00202,2,h,0.00113
MED00203,2,h,0.0006
MED00204,2,h,0.00106
MED00205,2,h,0.00068
MED00206,2,h,0.00076
MED00207,2,h,0.00139
MED00208,2,h,0.00093
MED00209,2,h,0.00146
MED00210,2,h,-0.00103
MED00211,2,h,0.00108
MED00212,2,h,0.00106
MED00215,2,h,0.0014
MED00216,2,h,0.00035
MED00217,2,h,-0.00065
MED00218,2,h,0.00078
MED00219,2,h,-0.00277
MED00220,2,h,0.00155
MED00222,2,h,0.00125
MED00223,2,h,0.00073
MED00224,2,h,0.00147
MED00226,2,h,0.00132
MED00227,2,h,0.00107
MED00228,2,h,0.00048
MED00229,2,h,-0.00034
MED00230,2,h,0.00167
MED00231,2,h,0.00052
MED00232,2,h,0.00102
MED00233,2,h,0.0004
MED00234,2,h,0.00042
MED00235,2,h,0.00194
MED00236,2,h,0.00068
MED00237,2,h,0.00072
MED00238,2,h,0.00103
MED00239,2,h,0.00045
MED00240,2,h,0.00117
MED00241,2,h,0.00132
MED00242,2,h,0.00111
MED00243,2,h,-0.00056
MED00244,2,h,0.00133
MED00245,2,h,0.00031
MED00246,2,h,0.00037
MED00247,2,h,0.00049
MED00248,2,h,0.00035
MED00249,2,h,0.00278
MED00250,2,h,0.00072
MED00251,2,h,0.001
MED00252,2,h,0.00283
MED00253,2,h,0.00156
MED00254,2,h,0.0007
MED00255,2,h,0.00185
MED00257,2,h,0.00057
MED00258,2,h,0.00133
MED00259,2,h,0.00038
MED00260,2,h,-0.00197
MED00261,2,h,-0.00079
MED00262,2,h,0.0006
MED00263,2,h,0.00034
MED00264,2,h,-0.00025
MED00265,2,h,0.00055
MED00266,2,h,0.00162
MED00267,2,h,0.00077
MED00268,2,h,0.00037
MED00269,2,h,0.00102
MED00270,2,h,0.00033
MED00271,2,h,0.00035
MED00272,2,h,0.00115
MED00273,2,h,0.00095
MED00274,2,h,0.00086
MED00275,2,h,0.00042
MED00276,2,h,0.00051
MED00277,2,h,0.00037
MED00278,2,h,0.00011
MED00279,2,h,0.00225
MED00280,2,h,-0.00065
MED00281,2,h,0.0005
MED00282,2,h,0.00119
MED00283,2,h,0.00032
MED00284,2,h,0.00071
MED00285,2,h,0.00045
MED00286,2,h,0.00014
MED00287,2,h,0.0004
MED00288,2,h,0.00213
MED00289,2,h,0.00054
MED00290,2,h,0.00068
MED00291,2,h,0.00162
MED00292,2,h,0.00065
MED00294,2,h,0.00059
MED00295,2,h,0.0002
MED00296,2,h,0.00111
MED00297,2,h,0.00123
MED00298,2,h,0.00061
MED00299,2,h,0.0011
MED00300,2,h,0.00115
MED00301,2,h,0.00052
MED00302,2,h,0.00103
MED00303,2,h,0.00126
MED00304,2,h,0.00116
MED00305,2,h,0.00138
MED00306,2,h,-0.00035
MED00307,2,h,0.00106
MED00308,2,h,-0.00487
MED00309,2,h,0.00124
MED00310,2,h,0.00086
MED00312,2,h,0.00106
MED00313,2,h,-0.00022
MED00314,2,h,0.00089
MED00315,2,h,0.0005
MED00316,2,h,0.00043
MED00317,2,h,0.00129
MED00318,2,h,0.00052
MED00319,2,h,0.00077
MED00320,2,h,0.00078
MED00321,2,h,-0.00224
MED00323,2,h,0.00121
MED00324,2,h,0.00153
MED00325,2,h,0.0007
MED00326,2,h,0.00058
MED00327,2,h,0.0004
MED00328,2,h,0.00043
MED00329,2,h,0.00064
MED00330,2,h,0.00096
MED00331,2,h,0.00026
MED00332,2,h,0.00043
MED00333,2,h,0.00023
MED00334,2,h,0.00159
MED00335,2,h,0.0003
MED00336,2,h,0.00106
MED00337,2,h,0.00072
MED00338,2,h,0.00047
MED00339,2,h,0.00123
MED00340,2,h,-0.00023
MED00341,2,h,0.00059
MED00342,2,h,0.00128
MED00343,2,h,0.00049
MED00344,2,h,-0.00047
MED00345,2,h,-0.00013
MED00346,2,h,0.00142
MED00347,2,h,0.00091
MED00348,2,h,0.00086
MED00349,2,h,0.00052
MED00350,2,h,0.00215
MED00351,2,h,-0.00017
MED00352,2,h,-0.00081
MED00353,2,h,0.00026
MED00354,2,h,0.00029
MED00355,2,h,0.00036
MED00356,2,h,0.00028
MED00357,2,h,-0.00062
MED00358,2,h,0.00071
MED00359,2,h,0.00142
MED00361,2,h,0.00033
MED00362,2,h,0.00013
MED00363,2,h,0.00055
MED00364,2,h,0.00055
MED00365,2,h,0.001
MED00366,2,h,0.00046
MED00367,2,h,0.0012
MED00368,2,h,0.00035
MED00369,2,h,0.00055
MED00370,2,h,-1e-04
MED00371,2,h,0.00149
MED00372,2,h,0.00055
MED00373,2,h,0.00087
MED00374,2,h,0.00024
MED00375,2,h,0.0009
MED00376,2,h,0.00126
MED00377,2,h,-0.00129
MED00378,2,h,0.00106
MED00379,2,h,0.00091
MED00380,2,h,0.00042
MED00381,2,h,0.00044
MED00382,2,h,0.00082
MED00383,2,h,0.00124
MED00384,2,h,0.00035
MED00385,2,h,0.00038
MED00386,2,h,0.00037
MED00387,2,h,0.00039
MED00389,2,h,0.00057
MED00390,2,h,0.00112
MED00391,2,h,0.00058
MED00392,2,h,0.00043
MED00393,2,h,0.00112
MED00394,2,h,0.00065
MED00395,2,h,0.00092
MED00396,2,h,0.00143
MED00397,2,h,0.00114
MED00398,2,h,0.00092
MED00399,2,h,0.0009
MED00400,2,h,0.00098
MED00401,2,h,0.00069
MED00402,2,h,0.00107
MED00403,2,h,0.00068
MED00404,2,h,0.0007
MED00405,2,h,0.00027
MED00406,2,h,0.00051
MED00407,2,h,0.00086
MED00408,2,h,0.00099
MED00409,2,h,0.00171
MED00410,2,h,0.0009
MED00411,2,h,0.00068
MED00412,2,h,0.00037
MED00413,2,h,0.00091
MED00414,2,h,0.00037
MED00415,2,h,0.0004
MED00416,2,h,0.00049
MED00417,2,h,0.00031
MED00418,2,h,0.00038
MED00419,2,h,0.00048
MED00422,2,h,0.00069
MED00423,2,h,0.00062
MED00424,2,h,0.00115
MED00001,3,h,0.00029
MED00002,3,h,0.00019
MED00003,3,h,0.00103
MED00004,3,h,0.00084
MED00005,3,h,0.00016
MED00006,3,h,0.00115
MED00007,3,h,0.00025
MED00008,3,h,0.00064
MED00010,3,h,0.00131
MED00011,3,h,0.00235
MED00012,3,h,0.001
MED00014,3,h,0.00105
MED00015,3,h,-0.00029
MED00016,3,h,-0.00296
MED00017,3,h,0.00077
MED00018,3,h,0.00113
MED00019,3,h,0.00089
MED00020,3,h,0.00106
MED00021,3,h,0.00053
MED00022,3,h,-0.00034
MED00023,3,h,0.00065
MED00024,3,h,0.0006
MED00025,3,h,0.00016
MED00026,3,h,-0.00106
MED00027,3,h,0.00037
MED00028,3,h,0.00068
MED00029,3,h,0.00013
MED00033,3,h,0.0007
MED00034,3,h,0.00205
MED00035,3,h,-0.01412
MED00036,3,h,-0.00069
MED00037,3,h,0.00029
MED00038,3,h,0.00015
MED00039,3,h,0.00059
MED00040,3,h,0.00295
MED00041,3,h,0.00155
MED00042,3,h,-0.00079
MED00043,3,h,0.00094
MED00044,3,h,0.00056
MED00045,3,h,0.00072
MED00046,3,h,0.00075
MED00047,3,h,0.00013
MED00048,3,h,-0.00033
MED00049,3,h,0.00038
MED00050,3,h,0.00079
MED00051,3,h,0.00012
MED00052,3,h,0.00087
MED00053,3,h,0.00061
MED00054,3,h,0.00083
MED00055,3,h,-0.00171
MED00056,3,h,0.0007
MED00057,3,h,0.00033
MED00058,3,h,0.00092
MED00059,3,h,-0.00017
MED00060,3,h,0.00041
MED00061,3,h,0.00092
MED00062,3,h,0.00014
MED00064,3,h,0.00124
MED00065,3,h,0.00108
MED00066,3,h,0.00044
MED00069,3,h,0.00046
MED00070,3,h,0.00012
MED00073,3,h,0.00024
MED00075,3,h,0.00084
MED00076,3,h,0.00014
MED00078,3,h,0.00057
MED00079,3,h,0.00171
MED00080,3,h,0.00012
MED00081,3,h,0.00076
MED00082,3,h,0.00078
MED00083,3,h,0.00065
MED00084,3,h,0.00378
MED00085,3,h,-0.00123
MED00086,3,h,0.00092
MED00087,3,h,0.00093
MED00088,3,h,0.00226
MED00089,3,h,0.00109
MED00090,3,h,0.00042
MED00091,3,h,0.00055
MED00092,3,h,-0.00014
MED00093,3,h,-0.01104
MED00094,3,h,-0.00613
MED00096,3,h,0.00089
MED00097,3,h,0.00121
MED00098,3,h,0.00066
MED00099,3,h,0.00039
MED00100,3,h,0.0004
MED00101,3,h,-0.00026
MED00103,3,h,0.00102
MED00104,3,h,0.00016
MED00105,3,h,0.00124
MED00107,3,h,0.00079
MED00108,3,h,1e-04
MED00109,3,h,0.00038
MED00111,3,h,0.00111
MED00112,3,h,0.00088
MED00114,3,h,0.00185
MED00115,3,h,0.00106
MED00116,3,h,0.00179
MED00117,3,h,0.00054
MED00119,3,h,0.00072
MED00120,3,h,0.00122
MED00123,3,h,0.00166
MED00124,3,h,0.00038
MED00125,3,h,0.00107
MED00126,3,h,0.00096
MED00127,3,h,0.00088
MED00128,3,h,0.00073
MED00129,3,h,0.00096
MED00130,3,h,0.00049
MED00131,3,h,0.00022
MED00132,3,h,0.00105
MED00133,3,h,0.00055
MED00135,3,h,0.00164
MED00137,3,h,0.0003
MED00139,3,h,0.00077
MED00141,3,h,0.00087
MED00142,3,h,0.00081
MED00143,3,h,0.00036
MED00144,3,h,0.00084
MED00145,3,h,0.00084
MED00146,3,h,0.0002
MED00147,3,h,0.00059
MED00148,3,h,0.00037
MED00149,3,h,0.00079
MED00150,3,h,0.00054
MED00151,3,h,0.00019
MED00152,3,h,0.00027
MED00153,3,h,0.00096
MED00154,3,h,0.00105
MED00155,3,h,0.00011
MED00157,3,h,0.00015
MED00158,3,h,-0.00105
MED00159,3,h,0.00147
MED00160,3,h,0.00035
MED00161,3,h,0.00073
MED00162,3,h,0.00098
MED00163,3,h,0.00073
MED00164,3,h,0.00065
MED00165,3,h,0.00135
MED00166,3,h,0.0011
MED00167,3,h,-0.00143
MED00168,3,h,0.00065
MED00171,3,h,0.00022
MED00172,3,h,-0.00138
MED00173,3,h,0.00071
MED00174,3,h,0.00122
MED00175,3,h,-0.00147
MED00176,3,h,0.00114
MED00177,3,h,-0.00132
MED00178,3,h,0.00078
MED00179,3,h,-0.00075
MED00180,3,h,0.00099
MED00181,3,h,0.00128
MED00182,3,h,0.00053
MED00183,3,h,0.00206
MED00184,3,h,0.00143
MED00185,3,h,-0.001
MED00186,3,h,0.00106
MED00187,3,h,0.00035
MED00188,3,h,0.00014
MED00189,3,h,0.00088
MED00190,3,h,0.00099
MED00191,3,h,0.00023
MED00192,3,h,0.00122
MED00193,3,h,0.00046
MED00194,3,h,0.00106
MED00195,3,h,0.0009
MED00196,3,h,0.00272
MED00197,3,h,0.00153
MED00198,3,h,0.00024
MED00199,3,h,0.00117
MED00200,3,h,0.00063
MED00201,3,h,0.00042
MED00202,3,h,0.00087
MED00204,3,h,0.00076
MED00205,3,h,0.00036
MED00206,3,h,0.00047
MED00207,3,h,0.00086
MED00208,3,h,0.00067
MED00209,3,h,0.00084
MED00210,3,h,-0.00166
MED00211,3,h,0.00074
MED00212,3,h,0.00099
MED00213,3,h,0.0006
MED00214,3,h,-0.00035
MED00215,3,h,0.0011
MED00217,3,h,-0.00017
MED00218,3,h,0.00047
MED00219,3,h,-0.00274
MED00220,3,h,0.00094
MED00221,3,h,-0.00053
MED00222,3,h,0.00083
MED00223,3,h,0.0016
MED00224,3,h,0.00094
MED00225,3,h,-0.0003
MED00226,3,h,0.00079
MED00227,3,h,0.00087
MED00228,3,h,0.00018
MED00229,3,h,0.00021
MED00230,3,h,0.00147
MED00231,3,h,0.00021
MED00232,3,h,0.00072
MED00233,3,h,0.00095
MED00235,3,h,0.00195
MED00236,3,h,0.00046
MED00238,3,h,0.0005
MED00239,3,h,0.00015
MED00240,3,h,0.00066
MED00241,3,h,0.00102
MED00242,3,h,0.00115
MED00244,3,h,0.00109
MED00245,3,h,0.00037
MED00247,3,h,0.00023
MED00248,3,h,0.00015
MED00249,3,h,0.00364
MED00250,3,h,0.00021
MED00251,3,h,0.00071
MED00252,3,h,0.00212
MED00253,3,h,0.00125
MED00254,3,h,0.00026
MED00255,3,h,0.00126
MED00256,3,h,-0.00093
MED00258,3,h,0.00071
MED00260,3,h,-0.00162
MED00261,3,h,-0.00026
MED00264,3,h,-0.00056
MED00265,3,h,0.00023
MED00266,3,h,0.00161
MED00267,3,h,0.00045
MED00269,3,h,0.00078
MED00272,3,h,0.00089
MED00273,3,h,0.00072
MED00274,3,h,0.00141
MED00275,3,h,0.00017
MED00276,3,h,0.0002
MED00277,3,h,0.00088
MED00278,3,h,-0.00021
MED00279,3,h,0.00223
MED00280,3,h,-0.00013
MED00281,3,h,0.00027
MED00282,3,h,0.00094
MED00283,3,h,-0.00065
MED00284,3,h,0.00019
MED00285,3,h,0.00013
MED00286,3,h,-0.00012
MED00288,3,h,0.00195
MED00290,3,h,0.00037
MED00291,3,h,0.00142
MED00292,3,h,0.0004
MED00293,3,h,-0.00054
MED00294,3,h,0.00111
MED00295,3,h,0.00068
MED00296,3,h,0.00079
MED00297,3,h,0.00091
MED00299,3,h,0.00162
MED00300,3,h,0.00089
MED00301,3,h,0.0003
MED00302,3,h,0.00102
MED00303,3,h,0.00038
MED00304,3,h,0.0006
MED00305,3,h,0.00107
MED00306,3,h,0.00017
MED00307,3,h,0.00101
MED00308,3,h,-0.00434
MED00309,3,h,0.00075
MED00310,3,h,0.00063
MED00311,3,h,0.00028
MED00312,3,h,0.00161
MED00313,3,h,0.00034
MED00314,3,h,0.00176
MED00315,3,h,0.00018
MED00317,3,h,0.00102
MED00319,3,h,0.00051
MED00320,3,h,0.00145
MED00321,3,h,-0.00176
MED00322,3,h,0.00059
MED00323,3,h,0.0017
MED00324,3,h,0.00091
MED00325,3,h,0.00038
MED00326,3,h,0.00026
MED00327,3,h,1e-04
MED00328,3,h,0.00011
MED00329,3,h,0.00038
MED00330,3,h,0.00045
MED00332,3,h,0.00016
MED00334,3,h,0.00139
MED00335,3,h,0.00076
MED00336,3,h,0.0008
MED00337,3,h,0.00077
MED00338,3,h,0.00136
MED00339,3,h,0.0006
MED00340,3,h,-0.00081
MED00341,3,h,0.00027
MED00342,3,h,0.00096
MED00343,3,h,0.00023
MED00345,3,h,0.00038
MED00346,3,h,0.00112
MED00347,3,h,0.00032
MED00348,3,h,0.00061
MED00349,3,h,0.00028
MED00350,3,h,0.00268
MED00351,3,h,0.0004
MED00352,3,h,-0.00025
MED00353,3,h,0.00081
MED00354,3,h,0.00086
MED00357,3,h,-1e-04
MED00358,3,h,0.00047
MED00359,3,h,0.00112
MED00360,3,h,-0.00057
MED00362,3,h,-0.00012
MED00363,3,h,0.00023
MED00364,3,h,0.00019
MED00365,3,h,0.0007
MED00366,3,h,0.0002
MED00367,3,h,0.00063
MED00371,3,h,0.00148
MED00372,3,h,0.00106
MED00373,3,h,0.00138
MED00375,3,h,0.00089
MED00376,3,h,0.00102
MED00377,3,h,-0.00073
MED00378,3,h,0.00082
MED00379,3,h,0.00146
MED00380,3,h,0.00097
MED00381,3,h,-0.00012
MED00382,3,h,0.00055
MED00383,3,h,0.00064
MED00385,3,h,0.00015
MED00386,3,h,0.00014
MED00387,3,h,0.00017
MED00388,3,h,0.00041
MED00390,3,h,0.00061
MED00391,3,h,0.0003
MED00392,3,h,0.00023
MED00393,3,h,0.00089
MED00394,3,h,0.00038
MED00395,3,h,0.00069
MED00396,3,h,0.0019
MED00397,3,h,0.00115
MED00398,3,h,0.00096
MED00399,3,h,0.00099
MED00400,3,h,0.00102
MED00401,3,h,0.00054
MED00402,3,h,0.00068
MED00403,3,h,0.00045
MED00404,3,h,0.00047
MED00406,3,h,0.00027
MED00407,3,h,0.00044
MED00408,3,h,0.00056
MED00409,3,h,0.00139
MED00410,3,h,0.00058
MED00411,3,h,0.00038
MED00412,3,h,0.00014
MED00413,3,h,0.00066
MED00414,3,h,0.00014
MED00415,3,h,0.00016
MED00416,3,h,0.00023
MED00418,3,h,0.00015
MED00419,3,h,0.00025
MED00420,3,h,-0.00029
MED00421,3,h,-0.00021
MED00422,3,h,0.00045
MED00423,3,h,0.00038
MED00424,3,h,0.00101
MED00002,4,h,1e-04
MED00003,4,h,0.0013
MED00004,4,h,0.00087
MED00005,4,h,0.00037
MED00006,4,h,0.00091
MED00008,4,h,0.00073
MED00010,4,h,0.00073
MED00011,4,h,0.00314
MED00012,4,h,0.00058
MED00014,4,h,0.00059
MED00015,4,h,-0.00022
MED00016,4,h,-0.00312
MED00017,4,h,0.00044
MED00018,4,h,0.00086
MED00019,4,h,0.00079
MED00020,4,h,0.00067
MED00021,4,h,0.00016
MED00023,4,h,-0.00026
MED00024,4,h,0.00025
MED00025,4,h,-0.00135
MED00026,4,h,-0.0002
MED00027,4,h,-0.00123
MED00028,4,h,0.00077
MED00029,4,h,-0.00026
MED00030,4,h,-0.00017
MED00031,4,h,-0.00017
MED00032,4,h,-0.00011
MED00033,4,h,0.00052
MED00034,4,h,0.00173
MED00035,4,h,-0.01402
MED00036,4,h,0.00072
MED00037,4,h,0.00023
MED00039,4,h,-0.00018
MED00040,4,h,0.00069
MED00041,4,h,0.00259
MED00042,4,h,-0.00138
MED00043,4,h,0.00142
MED00044,4,h,0.00018
MED00045,4,h,0.00023
MED00046,4,h,1e-04
MED00048,4,h,-0.00052
MED00049,4,h,0.00066
MED00050,4,h,0.00038
MED00051,4,h,0.00084
MED00052,4,h,0.00103
MED00053,4,h,0.00059
MED00054,4,h,0.00035
MED00055,4,h,-0.00066
MED00056,4,h,0.0008
MED00057,4,h,0.00105
MED00058,4,h,0.0005
MED00059,4,h,-0.00017
MED00060,4,h,0.00012
MED00061,4,h,0.00101
MED00063,4,h,0.00036
MED00064,4,h,0.00211
MED00065,4,h,0.00075
MED00066,4,h,0.00049
MED00067,4,h,-0.00019
MED00071,4,h,-0.00013
MED00073,4,h,-0.00013
MED00074,4,h,-0.00012
MED00075,4,h,0.00044
MED00076,4,h,0.00019
MED00077,4,h,-0.00034
MED00078,4,h,0.00025
MED00079,4,h,0.00136
MED00081,4,h,0.00143
MED00082,4,h,0.00039
MED00083,4,h,1e-04
MED00084,4,h,0.00346
MED00085,4,h,-0.00141
MED00086,4,h,0.00063
MED00087,4,h,0.00053
MED00088,4,h,0.00175
MED00089,4,h,0.00074
MED00091,4,h,0.00022
MED00092,4,h,-0.00032
MED00093,4,h,-0.00701
MED00094,4,h,-0.00192
MED00096,4,h,0.00068
MED00097,4,h,0.00092
MED00098,4,h,0.00022
MED00099,4,h,-0.00107
MED00100,4,h,0.00082
MED00101,4,h,-0.00049
MED00103,4,h,0.00066
MED00105,4,h,0.00025
MED00106,4,h,0.00046
MED00107,4,h,0.00048
MED00110,4,h,-0.00028
MED00111,4,h,0.00159
MED00112,4,h,0.00059
MED00113,4,h,-0.00018
MED00114,4,h,0.00195
MED00115,4,h,0.00068
MED00116,4,h,0.00248
MED00117,4,h,0.00046
MED00118,4,h,-0.00014
MED00119,4,h,0.00039
MED00120,4,h,0.00048
MED00122,4,h,-0.00014
MED00123,4,h,0.00283
MED00124,4,h,-1e-04
MED00125,4,h,0.00134
MED00126,4,h,0.00075
MED00127,4,h,0.00052
MED00128,4,h,0.0004
MED00129,4,h,0.00035
MED00130,4,h,0.00077
MED00131,4,h,-0.00012
MED00132,4,h,0.00223
MED00133,4,h,0.00032
MED00134,4,h,-0.00015
MED00135,4,h,0.00075
MED00137,4,h,-0.00012
MED00139,4,h,0.00038
MED00140,4,h,-0.00012
MED00141,4,h,0.0006
MED00142,4,h,0.00075
MED00143,4,h,0.00024
MED00144,4,h,0.00043
MED00145,4,h,0.00092
MED00146,4,h,-0.00047
MED00147,4,h,0.00018
MED00149,4,h,0.0005
MED00150,4,h,-0.00029
MED00151,4,h,-0.00013
MED00153,4,h,0.00057
MED00154,4,h,0.00092
MED00156,4,h,-1e-04
MED00158,4,h,-0.0002
MED00159,4,h,0.00144
MED00160,4,h,-0.00012
MED00162,4,h,0.00056
MED00163,4,h,0.00121
MED00164,4,h,0.00027
MED00165,4,h,0.00132
MED00166,4,h,0.0007
MED00167,4,h,-0.00159
MED00168,4,h,0.00022
MED00169,4,h,-0.00018
MED00170,4,h,-0.00013
MED00172,4,h,-0.00155
MED00173,4,h,0.00029
MED00174,4,h,0.00074
MED00175,4,h,-0.00058
MED00176,4,h,0.00112
MED00177,4,h,-0.00038
MED00178,4,h,0.00081
MED00179,4,h,0.00062
MED00180,4,h,0.00058
MED00181,4,h,0.00073
MED00182,4,h,-0.00108
MED00183,4,h,0.00282
MED00184,4,h,0.00136
MED00185,4,h,-0.00017
MED00186,4,h,0.00067
MED00189,4,h,0.0013
MED00190,4,h,0.00061
MED00192,4,h,0.00174
MED00193,4,h,0.00064
MED00194,4,h,0.0009
MED00195,4,h,0.00077
MED00196,4,h,0.00149
MED00197,4,h,0.00083
MED00199,4,h,0.00088
MED00200,4,h,0.0002
MED00202,4,h,0.00045
MED00203,4,h,-0.00015
MED00204,4,h,0.00036
MED00207,4,h,0.00051
MED00208,4,h,0.00032
MED00209,4,h,0.00063
MED00210,4,h,-0.00059
MED00211,4,h,0.00033
MED00212,4,h,0.00061
MED00213,4,h,0.00052
MED00214,4,h,-0.00046
MED00215,4,h,0.0007
MED00216,4,h,0.00041
MED00219,4,h,-0.00298
MED00220,4,h,0.00058
MED00221,4,h,0.00071
MED00222,4,h,0.00075
MED00223,4,h,0.00122
MED00224,4,h,0.00053
MED00225,4,h,-0.00045
MED00227,4,h,0.00033
MED00228,4,h,0.00022
MED00229,4,h,0.00015
MED00230,4,h,0.00112
MED00231,4,h,0.00026
MED00232,4,h,0.0003
MED00233,4,h,0.00051
MED00235,4,h,0.00172
MED00236,4,h,0.00039
MED00237,4,h,-0.00026
MED00238,4,h,0.00021
MED00240,4,h,0.00029
MED00241,4,h,0.00068
MED00242,4,h,0.00096
MED00243,4,h,-0.00014
MED00244,4,h,0.00069
MED00245,4,h,0.00028
MED00246,4,h,-1e-04
MED00249,4,h,0.00595
MED00251,4,h,0.00041
MED00253,4,h,0.00073
MED00254,4,h,-0.00194
MED00255,4,h,0.00096
MED00256,4,h,-0.00092
MED00258,4,h,0.00032
MED00260,4,h,-0.00159
MED00261,4,h,0.00095
MED00264,4,h,-0.00071
MED00266,4,h,0.00255
MED00267,4,h,0.00011
MED00269,4,h,0.00045
MED00271,4,h,-0.00058
MED00272,4,h,0.00057
MED00273,4,h,0.00043
MED00274,4,h,0.00102
MED00276,4,h,-0.00012
MED00277,4,h,0.00136
MED00278,4,h,-0.00034
MED00279,4,h,0.00234
MED00281,4,h,0.00015
MED00282,4,h,0.00061
MED00283,4,h,-0.00074
MED00286,4,h,-0.00012
MED00288,4,h,0.00161
MED00289,4,h,-0.0002
MED00290,4,h,0.00021
MED00291,4,h,0.00076
MED00294,4,h,0.00046
MED00295,4,h,-0.00093
MED00296,4,h,0.00039
MED00297,4,h,0.00056
MED00298,4,h,-0.0002
MED00299,4,h,0.00102
MED00300,4,h,0.00048
MED00302,4,h,0.00129
MED00304,4,h,0.0002
MED00305,4,h,0.00067
MED00306,4,h,-0.00141
MED00307,4,h,0.00094
MED00308,4,h,-0.00415
MED00309,4,h,0.00036
MED00310,4,h,0.0003
MED00312,4,h,0.00107
MED00313,4,h,-0.00179
MED00314,4,h,0.00409
MED00317,4,h,0.00061
MED00318,4,h,-0.00012
MED00320,4,h,0.00217
MED00321,4,h,-0.00372
MED00322,4,h,0.00086
MED00323,4,h,0.00132
MED00324,4,h,0.00094
MED00331,4,h,-0.00012
MED00333,4,h,-0.00028
MED00334,4,h,0.00102
MED00335,4,h,0.00021
MED00336,4,h,0.00025
MED00337,4,h,0.00081
MED00338,4,h,0.00052
MED00339,4,h,0.00016
MED00340,4,h,0.0003
MED00342,4,h,0.00062
MED00344,4,h,0.00023
MED00345,4,h,0.00066
MED00346,4,h,0.00078
MED00347,4,h,0.00074
MED00348,4,h,0.00028
MED00350,4,h,0.0006
MED00351,4,h,0.0002
MED00352,4,h,-0.00035
MED00353,4,h,0.00074
MED00354,4,h,0.00068
MED00355,4,h,-0.00035
MED00356,4,h,-0.00017
MED00358,4,h,0.00017
MED00359,4,h,0.00073
MED00360,4,h,-0.00022
MED00361,4,h,-0.00011
MED00362,4,h,-0.00018
MED00363,4,h,-1e-04
MED00364,4,h,0.0006
MED00365,4,h,0.0004
MED00367,4,h,0.00025
MED00370,4,h,-0.00088
MED00371,4,h,0.00237
MED00372,4,h,0.00134
MED00373,4,h,0.00191
MED00374,4,h,-0.00021
MED00375,4,h,0.00079
MED00376,4,h,0.00062
MED00377,4,h,0.00013
MED00378,4,h,0.00035
MED00379,4,h,-0.00059
MED00380,4,h,0.00063
MED00381,4,h,-0.00015
MED00382,4,h,0.0002
MED00383,4,h,0.00016
MED00384,4,h,-0.00013
MED00388,4,h,0.00114
MED00389,4,h,-0.00013
MED00390,4,h,0.00024
MED00393,4,h,0.00051
MED00395,4,h,0.00035
MED00396,4,h,0.00148
MED00397,4,h,0.00118
MED00398,4,h,0.0007
MED00399,4,h,0.00083
MED00400,4,h,0.00071
MED00401,4,h,0.00033
MED00402,4,h,0.00064
MED00403,4,h,0.00029
MED00404,4,h,0.00038
MED00406,4,h,0.0003
MED00407,4,h,0.00072
MED00408,4,h,0.00057
MED00409,4,h,0.00121
MED00410,4,h,0.00048
MED00413,4,h,0.00037
MED00420,4,h,-0.00036
MED00421,4,h,-0.00028
MED00422,4,h,0.00013
MED00424,4,h,0.0007
MED00001,5,h,0.00015
MED00002,5,h,0.00015
MED00003,5,h,0.00124
MED00004,5,h,0.00087
MED00005,5,h,0.00037
MED00006,5,h,0.00183
MED00007,5,h,0.00232
MED00008,5,h,0.00069
MED00009,5,h,0.00014
MED00010,5,h,0.00037
MED00011,5,h,0.00313
MED00012,5,h,0.00165
MED00014,5,h,0.00074
MED00015,5,h,-0.00016
MED00016,5,h,0.00116
MED00017,5,h,0.0005
MED00018,5,h,0.00095
MED00019,5,h,0.00099
MED00020,5,h,0.00074
MED00021,5,h,0.00026
MED00023,5,h,0.00098
MED00024,5,h,0.00026
MED00026,5,h,0.00143
MED00028,5,h,0.00074
MED00029,5,h,-0.00017
MED00031,5,h,-0.00019
MED00032,5,h,-0.00011
MED00033,5,h,0.00053
MED00034,5,h,0.00174
MED00035,5,h,0.00598
MED00036,5,h,0.00171
MED00037,5,h,0.00026
MED00039,5,h,0.00068
MED00040,5,h,0.00082
MED00041,5,h,0.00258
MED00042,5,h,0.00017
MED00043,5,h,0.00136
MED00044,5,h,0.00023
MED00045,5,h,0.00033
MED00048,5,h,0.0003
MED00049,5,h,0.00062
MED00050,5,h,0.00039
MED00051,5,h,0.00078
MED00052,5,h,0.00102
MED00053,5,h,0.00075
MED00055,5,h,0.00232
MED00056,5,h,0.00087
MED00057,5,h,0.00105
MED00058,5,h,0.00065
MED00060,5,h,0.00015
MED00061,5,h,0.001
MED00062,5,h,0.00017
MED00063,5,h,0.00032
MED00064,5,h,0.00365
MED00065,5,h,0.00085
MED00066,5,h,0.00052
MED00067,5,h,-0.00016
MED00069,5,h,0.00016
MED00070,5,h,0.00013
MED00071,5,h,-0.00012
MED00076,5,h,0.00025
MED00077,5,h,0.00047
MED00078,5,h,0.00031
MED00079,5,h,0.0012
MED00081,5,h,0.00137
MED00082,5,h,0.00035
MED00083,5,h,0.00011
MED00084,5,h,0.00293
MED00085,5,h,0.0005
MED00086,5,h,0.00061
MED00087,5,h,0.00061
MED00088,5,h,0.00193
MED00089,5,h,0.00066
MED00090,5,h,0.00017
MED00091,5,h,0.00025
MED00092,5,h,-0.00034
MED00093,5,h,0.00255
MED00094,5,h,0.0012
MED00096,5,h,0.0008
MED00097,5,h,0.00092
MED00098,5,h,0.00038
MED00099,5,h,0.00011
MED00100,5,h,0.00076
MED00101,5,h,0.00024
MED00102,5,h,0.00024
MED00103,5,h,0.00066
MED00105,5,h,0.00038
MED00106,5,h,0.00042
MED00107,5,h,0.00056
MED00109,5,h,0.00012
MED00110,5,h,-0.00028
MED00111,5,h,0.00122
MED00112,5,h,0.0007
MED00113,5,h,-0.00013
MED00114,5,h,0.00202
MED00115,5,h,0.00072
MED00116,5,h,0.00287
MED00117,5,h,0.00052
MED00118,5,h,-0.00011
MED00119,5,h,0.00151
MED00120,5,h,0.00059
MED00123,5,h,0.00281
MED00125,5,h,0.00128
MED00126,5,h,0.00075
MED00127,5,h,0.00056
MED00128,5,h,0.00042
MED00129,5,h,0.00279
MED00130,5,h,0.00073
MED00131,5,h,-0.00015
MED00132,5,h,0.00222
MED00133,5,h,0.00036
MED00134,5,h,-0.00013
MED00135,5,h,0.00069
MED00136,5,h,0.00011
MED00137,5,h,-0.00017
MED00139,5,h,0.00038
MED00141,5,h,0.00069
MED00142,5,h,0.00076
MED00144,5,h,0.00042
MED00145,5,h,0.00096
MED00146,5,h,0.00112
MED00147,5,h,0.00021
MED00148,5,h,0.00012
MED00149,5,h,0.00057
MED00150,5,h,-0.00013
MED00151,5,h,-1e-04
MED00153,5,h,0.00063
MED00154,5,h,0.00104
MED00158,5,h,0.00094
MED00159,5,h,0.0013
MED00161,5,h,0.00087
MED00162,5,h,0.00061
MED00163,5,h,0.00113
MED00164,5,h,0.00024
MED00165,5,h,0.0013
MED00166,5,h,0.0007
MED00167,5,h,0.00057
MED00168,5,h,0.00027
MED00169,5,h,-0.00012
MED00172,5,h,-0.0004
MED00173,5,h,0.00034
MED00174,5,h,0.00087
MED00175,5,h,0.00135
MED00176,5,h,0.00113
MED00177,5,h,0.00101
MED00178,5,h,0.00089
MED00179,5,h,0.00165
MED00180,5,h,0.00167
MED00181,5,h,0.00079
MED00182,5,h,1e-04
MED00183,5,h,0.00275
MED00184,5,h,0.0014
MED00186,5,h,0.00071
MED00189,5,h,0.00124
MED00190,5,h,0.00063
MED00192,5,h,0.00168
MED00193,5,h,0.0006
MED00194,5,h,0.00096
MED00195,5,h,0.00091
MED00196,5,h,0.00168
MED00197,5,h,0.00089
MED00199,5,h,0.00091
MED00200,5,h,0.00023
MED00201,5,h,0.0002
MED00202,5,h,0.00162
MED00203,5,h,-0.00014
MED00204,5,h,0.00142
MED00206,5,h,-0.00087
MED00207,5,h,0.00059
MED00208,5,h,0.00036
MED00209,5,h,0.00063
MED00210,5,h,0.00177
MED00211,5,h,0.00037
MED00212,5,h,0.00074
MED00213,5,h,0.00055
MED00214,5,h,0.00036
MED00215,5,h,0.00045
MED00216,5,h,0.00037
MED00218,5,h,0.00083
MED00219,5,h,-0.00224
MED00220,5,h,0.00062
MED00221,5,h,0.00068
MED00222,5,h,0.00077
MED00223,5,h,0.00115
MED00224,5,h,0.00164
MED00225,5,h,0.00034
MED00227,5,h,0.00072
MED00228,5,h,0.00012
MED00229,5,h,0.00015
MED00230,5,h,0.00118
MED00232,5,h,0.0003
MED00233,5,h,0.00056
MED00235,5,h,0.00187
MED00236,5,h,0.00043
MED00237,5,h,-0.00014
MED00238,5,h,0.00026
MED00240,5,h,0.00036
MED00241,5,h,0.00068
MED00242,5,h,0.00106
MED00244,5,h,0.00075
MED00245,5,h,0.00052
MED00247,5,h,0.00014
MED00249,5,h,0.00439
MED00251,5,h,0.00051
MED00253,5,h,0.00072
MED00254,5,h,-0.00188
MED00255,5,h,0.00101
MED00256,5,h,-0.00083
MED00258,5,h,0.00048
MED00260,5,h,-0.00058
MED00261,5,h,0.00241
MED00264,5,h,-0.00069
MED00266,5,h,0.00249
MED00267,5,h,0.0002
MED00269,5,h,0.00047
MED00271,5,h,-0.00097
MED00272,5,h,0.00055
MED00273,5,h,0.00046
MED00274,5,h,0.001
MED00275,5,h,0.00025
MED00277,5,h,0.0013
MED00278,5,h,0.00045
MED00279,5,h,0.00289
MED00281,5,h,0.00021
MED00282,5,h,0.00067
MED00283,5,h,-0.00021
MED00288,5,h,0.00173
MED00291,5,h,0.00085
MED00292,5,h,0.00013
MED00294,5,h,0.00042
MED00295,5,h,0.00075
MED00296,5,h,0.00041
MED00297,5,h,0.00065
MED00298,5,h,-0.00016
MED00299,5,h,0.001
MED00300,5,h,0.00162
MED00302,5,h,0.00128
MED00304,5,h,0.00031
MED00305,5,h,0.0006
MED00306,5,h,0.00022
MED00307,5,h,0.001
MED00308,5,h,0.00293
MED00309,5,h,0.00038
MED00310,5,h,0.00036
MED00312,5,h,0.001
MED00313,5,h,-0.00026
MED00314,5,h,0.00402
MED00317,5,h,0.00065
MED00320,5,h,0.00273
MED00321,5,h,0.00156
MED00322,5,h,0.00078
MED00323,5,h,0.00126
MED00324,5,h,0.0007
MED00325,5,h,0.00083
MED00329,5,h,0.00012
MED00330,5,h,0.00079
MED00334,5,h,0.00139
MED00336,5,h,0.00099
MED00337,5,h,0.0008
MED00338,5,h,0.00059
MED00339,5,h,0.00126
MED00340,5,h,0.00109
MED00342,5,h,0.00071
MED00343,5,h,0.00015
MED00344,5,h,0.00031
MED00345,5,h,0.00062
MED00346,5,h,0.00079
MED00347,5,h,0.00068
MED00348,5,h,0.00033
MED00350,5,h,0.00376
MED00351,5,h,0.00021
MED00352,5,h,-0.00041
MED00353,5,h,0.00075
MED00354,5,h,0.00068
MED00355,5,h,0.00044
MED00356,5,h,-0.00013
MED00358,5,h,0.00026
MED00359,5,h,0.00073
MED00360,5,h,-0.0002
MED00362,5,h,1e-04
MED00364,5,h,0.00054
MED00365,5,h,0.00045
MED00366,5,h,0.00016
MED00367,5,h,0.00024
MED00371,5,h,0.00233
MED00372,5,h,0.00128
MED00373,5,h,0.00162
MED00374,5,h,-0.00016
MED00375,5,h,0.00087
MED00376,5,h,0.00066
MED00377,5,h,0.0013
MED00378,5,h,0.0004
MED00379,5,h,0.00028
MED00380,5,h,0.00064
MED00381,5,h,-0.00014
MED00382,5,h,0.0003
MED00383,5,h,0.00024
MED00385,5,h,0.00051
MED00386,5,h,0.00016
MED00387,5,h,0.00022
MED00388,5,h,0.00234
MED00390,5,h,0.00039
MED00391,5,h,0.00032
MED00392,5,h,0.00034
MED00393,5,h,0.00063
MED00394,5,h,0.0002
MED00395,5,h,0.00051
MED00396,5,h,0.00167
MED00397,5,h,0.00121
MED00398,5,h,0.00087
MED00399,5,h,0.001
MED00400,5,h,0.00118
MED00401,5,h,0.00305
MED00402,5,h,0.00094
MED00403,5,h,0.00029
MED00404,5,h,0.00042
MED00406,5,h,0.00048
MED00407,5,h,0.00101
MED00408,5,h,0.0007
MED00409,5,h,0.0013
MED00410,5,h,0.0006
MED00411,5,h,0.00037
MED00412,5,h,0.00016
MED00413,5,h,0.00047
MED00414,5,h,0.00027
MED00415,5,h,0.00016
MED00416,5,h,0.00018
MED00420,5,h,0.00067
MED00421,5,h,0.00063
MED00422,5,h,0.00033
MED00423,5,h,0.00012
MED00424,5,h,0.00124
MED00002,6,h,-0.00071
MED00004,6,h,0.00047
MED00005,6,h,0.00025
MED00006,6,h,0.00104
MED00007,6,h,-0.00178
MED00010,6,h,-0.0005
MED00011,6,h,0.00119
MED00012,6,h,0.00105
MED00013,6,h,-0.00025
MED00014,6,h,0.0004
MED00015,6,h,-0.001
MED00016,6,h,0.00096
MED00017,6,h,-0.00015
MED00018,6,h,0.00047
MED00019,6,h,0.00042
MED00022,6,h,-0.00035
MED00023,6,h,0.00099
MED00024,6,h,-0.00015
MED00025,6,h,-0.00059
MED00026,6,h,0.00061
MED00027,6,h,-0.00039
MED00029,6,h,-0.0004
MED00030,6,h,-0.00028
MED00031,6,h,-0.00041
MED00032,6,h,-0.0004
MED00033,6,h,0.00025
MED00034,6,h,0.00122
MED00035,6,h,0.00514
MED00036,6,h,0.00064
MED00037,6,h,-0.0002
MED00043,6,h,0.00019
MED00045,6,h,0.0003
MED00046,6,h,-0.00014
MED00048,6,h,0.00012
MED00050,6,h,0.00023
MED00051,6,h,0.00037
MED00054,6,h,-0.00067
MED00055,6,h,0.00154
MED00057,6,h,0.00038
MED00058,6,h,0.00015
MED00059,6,h,0.00016
MED00064,6,h,0.00173
MED00065,6,h,0.00039
MED00066,6,h,-0.00035
MED00067,6,h,-0.00042
MED00068,6,h,-0.00025
MED00071,6,h,-0.00037
MED00072,6,h,-0.00027
MED00073,6,h,-0.00019
MED00074,6,h,-0.00015
MED00075,6,h,-0.00045
MED00076,6,h,-0.00068
MED00077,6,h,0.00028
MED00079,6,h,0.00051
MED00080,6,h,-0.00017
MED00081,6,h,0.00026
MED00082,6,h,0.00011
MED00083,6,h,-0.00027
MED00084,6,h,0.00012
MED00085,6,h,0.00024
MED00086,6,h,-0.00019
MED00088,6,h,0.00092
MED00089,6,h,0.0003
MED00092,6,h,-0.00057
MED00093,6,h,0.00181
MED00094,6,h,0.00044
MED00095,6,h,-0.0002
MED00096,6,h,0.0002
MED00097,6,h,0.00012
MED00098,6,h,0.00019
MED00099,6,h,-0.00033
MED00100,6,h,0.00038
MED00102,6,h,-0.00017
MED00104,6,h,-0.00018
MED00105,6,h,0.00022
MED00108,6,h,-0.00022
MED00109,6,h,0.00059
MED00110,6,h,-0.00058
MED00111,6,h,0.00072
MED00113,6,h,-0.00036
MED00114,6,h,0.00059
MED00115,6,h,0.00012
MED00116,6,h,0.00053
MED00118,6,h,-0.00039
MED00119,6,h,0.00086
MED00120,6,h,0.00012
MED00121,6,h,-0.00015
MED00122,6,h,-0.00016
MED00123,6,h,0.00022
MED00124,6,h,-0.00026
MED00125,6,h,0.00011
MED00126,6,h,0.00033
MED00127,6,h,0.00038
MED00129,6,h,-0.00141
MED00131,6,h,-0.00034
MED00132,6,h,-0.00037
MED00133,6,h,-0.00047
MED00134,6,h,-0.00057
MED00135,6,h,0.00028
MED00137,6,h,-0.0005
MED00138,6,h,-0.00022
MED00139,6,h,0.00022
MED00140,6,h,-0.0003
MED00141,6,h,0.00026
MED00143,6,h,-0.00035
MED00144,6,h,0.00032
MED00146,6,h,-0.00297
MED00148,6,h,-0.00012
MED00151,6,h,-0.00035
MED00152,6,h,-0.00024
MED00154,6,h,0.00026
MED00155,6,h,-0.00027
MED00156,6,h,-0.00024
MED00157,6,h,-0.00035
MED00158,6,h,0.00063
MED00159,6,h,0.0003
MED00160,6,h,-0.0003
MED00161,6,h,0.00071
MED00163,6,h,0.00031
MED00165,6,h,0.00039
MED00166,6,h,0.00011
MED00167,6,h,0.00035
MED00168,6,h,0.00015
MED00169,6,h,-0.00031
MED00170,6,h,-0.0003
MED00171,6,h,-0.00026
MED00172,6,h,-0.00058
MED00173,6,h,0.00015
MED00174,6,h,0.00015
MED00175,6,h,0.00078
MED00176,6,h,0.00021
MED00177,6,h,0.00036
MED00178,6,h,-0.00013
MED00179,6,h,0.00051
MED00180,6,h,0.00107
MED00181,6,h,0.00019
MED00182,6,h,-0.00021
MED00183,6,h,0.00078
MED00184,6,h,0.00067
MED00186,6,h,0.00012
MED00187,6,h,-0.00037
MED00188,6,h,-0.00029
MED00189,6,h,0.00013
MED00191,6,h,-0.00018
MED00194,6,h,0.0002
MED00195,6,h,1e-04
MED00198,6,h,-0.00028
MED00200,6,h,0.00012
MED00202,6,h,0.0011
MED00203,6,h,-0.00035
MED00204,6,h,0.0013
MED00205,6,h,-0.00011
MED00206,6,h,-0.00139
MED00208,6,h,0.00019
MED00210,6,h,0.00116
MED00211,6,h,0.00019
MED00212,6,h,0.00055
MED00213,6,h,0.00013
MED00215,6,h,0.00029
MED00217,6,h,-0.00091
MED00218,6,h,0.00017
MED00219,6,h,-0.00295
MED00221,6,h,0.00037
MED00222,6,h,0.00017
MED00223,6,h,0.00061
MED00224,6,h,0.00101
MED00225,6,h,0.00014
MED00228,6,h,-0.00015
MED00229,6,h,-0.00033
MED00230,6,h,0.00034
MED00231,6,h,-0.00024
MED00232,6,h,-0.00025
MED00233,6,h,-0.00035
MED00234,6,h,-0.00022
MED00235,6,h,0.00132
MED00236,6,h,0.00011
MED00237,6,h,-0.00033
MED00238,6,h,-0.00031
MED00239,6,h,-0.00013
MED00241,6,h,0.00011
MED00242,6,h,0.00016
MED00243,6,h,-0.00095
MED00245,6,h,0.00056
MED00246,6,h,-0.00019
MED00247,6,h,-0.00011
MED00248,6,h,-0.00014
MED00249,6,h,0.00094
MED00250,6,h,-0.00013
MED00251,6,h,-0.00013
MED00252,6,h,-0.00106
MED00253,6,h,0.00016
MED00254,6,h,-0.0029
MED00255,6,h,0.00012
MED00256,6,h,-0.00035
MED00257,6,h,-0.00023
MED00259,6,h,-0.00027
MED00260,6,h,-0.0015
MED00261,6,h,0.00029
MED00262,6,h,-0.00028
MED00263,6,h,-0.0003
MED00264,6,h,-0.00035
MED00265,6,h,-0.00021
MED00266,6,h,0.00047
MED00268,6,h,-0.00023
MED00269,6,h,-0.00018
MED00270,6,h,-0.00023
MED00271,6,h,-0.00172
MED00272,6,h,0.00037
MED00273,6,h,0.00022
MED00276,6,h,-0.00031
MED00277,6,h,0.00013
MED00278,6,h,0.00021
MED00279,6,h,0.0017
MED00280,6,h,-0.00094
MED00282,6,h,0.00062
MED00283,6,h,0.00033
MED00284,6,h,-0.00024
MED00285,6,h,-0.00024
MED00286,6,h,0.00012
MED00287,6,h,-0.00019
MED00288,6,h,0.00101
MED00289,6,h,-0.00041
MED00290,6,h,-0.00036
MED00291,6,h,0.00023
MED00293,6,h,0.00016
MED00296,6,h,0.0002
MED00298,6,h,-0.00036
MED00299,6,h,-0.00051
MED00300,6,h,0.0011
MED00301,6,h,-0.00022
MED00302,6,h,0.00104
MED00303,6,h,-0.00028
MED00304,6,h,1e-04
MED00306,6,h,-0.00041
MED00307,6,h,0.00036
MED00308,6,h,0.00201
MED00310,6,h,0.00013
MED00311,6,h,-0.00029
MED00313,6,h,-0.00073
MED00314,6,h,0.00032
MED00315,6,h,-0.00017
MED00316,6,h,-0.00025
MED00318,6,h,-0.00011
MED00319,6,h,-0.00016
MED00320,6,h,0.00038
MED00321,6,h,0.00169
MED00323,6,h,0.00023
MED00324,6,h,-1e-04
MED00325,6,h,0.0002
MED00326,6,h,-0.00025
MED00327,6,h,-0.00018
MED00328,6,h,-0.00021
MED00329,6,h,-0.00012
MED00330,6,h,0.00059
MED00331,6,h,-0.00032
MED00332,6,h,-0.00024
MED00333,6,h,-0.00024
MED00334,6,h,0.00062
MED00335,6,h,-0.00037
MED00336,6,h,0.00048
MED00337,6,h,0.00028
MED00339,6,h,0.00092
MED00340,6,h,0.00077
MED00341,6,h,-0.00014
MED00342,6,h,0.00011
MED00343,6,h,-0.00011
MED00344,6,h,-0.00013
MED00346,6,h,0.00017
MED00347,6,h,0.00026
MED00348,6,h,-0.00024
MED00349,6,h,-0.00022
MED00350,6,h,0.00307
MED00351,6,h,-0.00025
MED00352,6,h,-0.00092
MED00353,6,h,0.00026
MED00354,6,h,0.00039
MED00355,6,h,0.00015
MED00356,6,h,-0.00033
MED00357,6,h,-0.00082
MED00359,6,h,0.00013
MED00360,6,h,-0.00016
MED00361,6,h,-0.00026
MED00363,6,h,-0.00028
MED00364,6,h,0.00017
MED00365,6,h,-0.0002
MED00366,6,h,-1e-04
MED00367,6,h,1e-04
MED00368,6,h,-0.00028
MED00369,6,h,-0.00021
MED00370,6,h,-0.00073
MED00371,6,h,0.00032
MED00372,6,h,0.00012
MED00373,6,h,0.00046
MED00374,6,h,-0.00032
MED00375,6,h,0.00019
MED00377,6,h,0.00088
MED00378,6,h,-0.00016
MED00379,6,h,0.00206
MED00380,6,h,0.00036
MED00381,6,h,-0.00033
MED00384,6,h,-0.00031
MED00385,6,h,0.00026
MED00388,6,h,-0.00342
MED00390,6,h,0.00025
MED00391,6,h,0.00015
MED00392,6,h,0.00013
MED00393,6,h,0.00049
MED00395,6,h,0.00027
MED00396,6,h,0.00077
MED00397,6,h,0.00024
MED00398,6,h,0.00044
MED00399,6,h,0.00045
MED00400,6,h,0.00016
MED00401,6,h,-0.00116
MED00402,6,h,0.0005
MED00403,6,h,0.00012
MED00404,6,h,-0.00023
MED00405,6,h,-0.00013
MED00406,6,h,0.00021
MED00407,6,h,0.00091
MED00408,6,h,0.00032
MED00409,6,h,0.00047
MED00410,6,h,-0.00012
MED00413,6,h,0.00011
MED00417,6,h,-0.00019
MED00419,6,h,-0.00012
MED00420,6,h,0.00047
MED00421,6,h,0.00052
MED00422,6,h,1e-04
MED00424,6,h,0.00066
MED00001,7,h,0.00026
MED00002,7,h,0.00055
MED00003,7,h,-0.00012
MED00004,7,h,0.00037
MED00005,7,h,0.00016
MED00006,7,h,0.00114
MED00007,7,h,-0.00179
MED00008,7,h,-0.00084
MED00010,7,h,-0.00054
MED00011,7,h,0.00041
MED00012,7,h,0.00114
MED00013,7,h,-0.0003
MED00014,7,h,-0.00034
MED00015,7,h,0.00021
MED00016,7,h,0.00101
MED00018,7,h,-0.00031
MED00019,7,h,-0.0004
MED00020,7,h,-0.00075
MED00021,7,h,0.00041
MED00022,7,h,-0.00017
MED00023,7,h,0.00148
MED00024,7,h,0.00023
MED00025,7,h,-0.00078
MED00026,7,h,0.00045
MED00027,7,h,-0.00058
MED00028,7,h,-0.00077
MED00029,7,h,-0.00023
MED00032,7,h,-0.00024
MED00033,7,h,0.00034
MED00034,7,h,0.00043
MED00035,7,h,0.00685
MED00036,7,h,-0.00058
MED00037,7,h,-0.00021
MED00038,7,h,0.00018
MED00039,7,h,-0.00082
MED00040,7,h,-0.00084
MED00041,7,h,-0.00057
MED00044,7,h,0.00039
MED00045,7,h,0.00039
MED00046,7,h,0.00029
MED00048,7,h,0.00017
MED00049,7,h,-0.00028
MED00050,7,h,0.0002
MED00051,7,h,0.00017
MED00052,7,h,-0.0007
MED00053,7,h,-0.00069
MED00054,7,h,-0.00186
MED00055,7,h,0.00079
MED00056,7,h,-0.00076
MED00057,7,h,0.00018
MED00058,7,h,0.00024
MED00059,7,h,0.00032
MED00060,7,h,0.00023
MED00061,7,h,-0.00078
MED00062,7,h,0.00024
MED00063,7,h,-0.00027
MED00064,7,h,0.00094
MED00065,7,h,-0.00039
MED00066,7,h,-0.0006
MED00067,7,h,-0.00038
MED00068,7,h,0.00016
MED00069,7,h,0.00012
MED00071,7,h,0.00013
MED00072,7,h,-0.00013
MED00074,7,h,0.00023
MED00075,7,h,-0.00124
MED00076,7,h,0.00055
MED00077,7,h,0.00038
MED00079,7,h,-0.00026
MED00082,7,h,0.00048
MED00083,7,h,0.00012
MED00084,7,h,-0.00061
MED00085,7,h,0.00026
MED00086,7,h,-0.00039
MED00088,7,h,0.00015
MED00089,7,h,-0.00048
MED00090,7,h,0.00022
MED00092,7,h,-0.00039
MED00093,7,h,0.00353
MED00094,7,h,-0.00027
MED00095,7,h,-0.00022
MED00096,7,h,-0.00043
MED00097,7,h,-0.0007
MED00098,7,h,0.00022
MED00099,7,h,-0.00052
MED00100,7,h,0.00018
MED00102,7,h,-0.00022
MED00104,7,h,-0.00013
MED00105,7,h,0.00023
MED00106,7,h,-0.00015
MED00108,7,h,-0.00025
MED00109,7,h,0.00063
MED00111,7,h,-0.00016
MED00113,7,h,-0.00019
MED00114,7,h,-0.00033
MED00115,7,h,0.00018
MED00116,7,h,-0.0004
MED00118,7,h,-0.00037
MED00119,7,h,0.00096
MED00120,7,h,-0.00066
MED00121,7,h,-0.00017
MED00122,7,h,-0.00021
MED00123,7,h,-0.00059
MED00124,7,h,-0.00021
MED00126,7,h,0.00039
MED00127,7,h,0.00079
MED00129,7,h,-0.0013
MED00130,7,h,-0.00017
MED00131,7,h,0.00015
MED00132,7,h,-0.00095
MED00133,7,h,-0.00064
MED00135,7,h,-0.00049
MED00137,7,h,-0.00035
MED00138,7,h,-0.00014
MED00139,7,h,0.00024
MED00140,7,h,-0.00028
MED00141,7,h,0.00084
MED00142,7,h,-0.00075
MED00143,7,h,-0.00012
MED00144,7,h,0.00039
MED00145,7,h,-0.00087
MED00146,7,h,-0.00363
MED00147,7,h,0.00019
MED00150,7,h,0.00037
MED00151,7,h,-0.00025
MED00152,7,h,-0.00022
MED00154,7,h,-0.00065
MED00155,7,h,-0.00017
MED00157,7,h,-0.00028
MED00158,7,h,0.00044
MED00159,7,h,-0.00048
MED00160,7,h,-0.00031
MED00161,7,h,0.00078
MED00162,7,h,1e-04
MED00163,7,h,0.00012
MED00164,7,h,0.00048
MED00165,7,h,-0.00059
MED00166,7,h,0.00017
MED00167,7,h,0.00039
MED00168,7,h,0.00021
MED00169,7,h,-0.00021
MED00170,7,h,-0.00028
MED00171,7,h,-0.00024
MED00172,7,h,-0.00045
MED00173,7,h,0.00016
MED00174,7,h,-0.00071
MED00176,7,h,-0.00057
MED00177,7,h,0.00018
MED00178,7,h,-0.00106
MED00179,7,h,0.00033
MED00180,7,h,0.00116
MED00181,7,h,0.00017
MED00182,7,h,-0.00039
MED00184,7,h,-0.00025
MED00185,7,h,0.00033
MED00186,7,h,0.00018
MED00188,7,h,-0.00034
MED00191,7,h,-0.0002
MED00192,7,h,-0.00013
MED00193,7,h,-0.0003
MED00194,7,h,-0.00073
MED00195,7,h,-0.00076
MED00196,7,h,-0.00063
MED00197,7,h,-0.00086
MED00198,7,h,-0.00017
MED00199,7,h,-0.00054
MED00200,7,h,0.00018
MED00202,7,h,0.00119
MED00203,7,h,-0.00021
MED00204,7,h,0.00136
MED00206,7,h,-0.00192
MED00208,7,h,0.0002
MED00209,7,h,-0.00093
MED00210,7,h,0.00027
MED00211,7,h,0.0002
MED00212,7,h,0.00104
MED00213,7,h,0.00016
MED00215,7,h,0.00025
MED00216,7,h,-0.00019
MED00217,7,h,0.0003
MED00218,7,h,0.00021
MED00219,7,h,-0.00371
MED00221,7,h,0.00074
MED00222,7,h,-0.00065
MED00223,7,h,-0.0003
MED00224,7,h,0.00107
MED00225,7,h,0.00013
MED00226,7,h,0.00032
MED00227,7,h,-0.00096
MED00228,7,h,-0.00011
MED00229,7,h,-0.00027
MED00230,7,h,-0.00057
MED00231,7,h,-0.00011
MED00232,7,h,0.00016
MED00233,7,h,-0.00052
MED00234,7,h,-0.0002
MED00235,7,h,0.00048
MED00239,7,h,-0.00016
MED00240,7,h,0.00011
MED00241,7,h,0.00012
MED00242,7,h,-0.00067
MED00243,7,h,0.0003
MED00244,7,h,1e-04
MED00245,7,h,-0.00036
MED00247,7,h,-1e-04
MED00248,7,h,0.00027
MED00249,7,h,0.00028
MED00250,7,h,0.00041
MED00251,7,h,-0.00012
MED00253,7,h,0.00014
MED00254,7,h,-0.00185
MED00255,7,h,-0.00032
MED00256,7,h,-0.00026
MED00257,7,h,0.00026
MED00259,7,h,-0.00025
MED00260,7,h,0.00095
MED00261,7,h,-0.00049
MED00262,7,h,0.00011
MED00263,7,h,-0.00031
MED00264,7,h,0.00031
MED00265,7,h,-0.00011
MED00266,7,h,-0.00031
MED00267,7,h,0.00014
MED00268,7,h,-0.00022
MED00270,7,h,-0.00024
MED00271,7,h,-0.00215
MED00272,7,h,0.00074
MED00273,7,h,0.00059
MED00274,7,h,-0.0006
MED00275,7,h,0.00023
MED00276,7,h,-0.00022
MED00278,7,h,0.00025
MED00279,7,h,0.00078
MED00280,7,h,0.00031
MED00282,7,h,0.00072
MED00283,7,h,0.00045
MED00285,7,h,-0.00013
MED00286,7,h,0.00011
MED00287,7,h,-0.00021
MED00289,7,h,-0.00021
MED00290,7,h,-0.00034
MED00291,7,h,-0.0007
MED00293,7,h,0.00066
MED00294,7,h,0.00049
MED00295,7,h,-0.00023
MED00296,7,h,0.00019
MED00298,7,h,-0.00035
MED00299,7,h,-0.00071
MED00300,7,h,0.00118
MED00301,7,h,-0.00016
MED00302,7,h,0.00012
MED00304,7,h,0.00052
MED00306,7,h,-0.0006
MED00307,7,h,-0.00042
MED00308,7,h,0.00132
MED00309,7,h,0.00031
MED00310,7,h,0.00023
MED00312,7,h,-0.00056
MED00313,7,h,-0.0017
MED00314,7,h,-0.00051
MED00315,7,h,-0.00012
MED00316,7,h,-0.00023
MED00317,7,h,0.00023
MED00319,7,h,-0.00011
MED00320,7,h,-0.00049
MED00321,7,h,-0.00179
MED00323,7,h,-0.00059
MED00324,7,h,-0.00048
MED00325,7,h,0.00024
MED00326,7,h,-0.00024
MED00327,7,h,-0.00021
MED00328,7,h,-0.00021
MED00330,7,h,0.00058
MED00331,7,h,-0.00025
MED00332,7,h,-0.00025
MED00333,7,h,-0.00019
MED00334,7,h,-0.0003
MED00335,7,h,-0.00032
MED00336,7,h,0.0005
MED00337,7,h,-0.00047
MED00338,7,h,-0.00063
MED00339,7,h,0.00141
MED00342,7,h,0.00012
MED00345,7,h,-0.00027
MED00346,7,h,0.00014
MED00348,7,h,-0.00014
MED00349,7,h,-0.0002
MED00350,7,h,-0.00816
MED00351,7,h,-0.0002
MED00352,7,h,-0.00027
MED00353,7,h,0.00029
MED00354,7,h,0.00042
MED00355,7,h,0.00045
MED00356,7,h,-0.00027
MED00357,7,h,0.00039
MED00358,7,h,0.00026
MED00359,7,h,0.00013
MED00360,7,h,0.0004
MED00361,7,h,-0.00019
MED00363,7,h,-0.00026
MED00365,7,h,-0.00018
MED00367,7,h,0.00011
MED00368,7,h,-0.00032
MED00370,7,h,-0.00089
MED00371,7,h,-0.00047
MED00373,7,h,-0.00039
MED00374,7,h,-0.0003
MED00375,7,h,-0.00059
MED00378,7,h,-0.00014
MED00379,7,h,-0.00688
MED00380,7,h,0.00042
MED00381,7,h,-0.00017
MED00382,7,h,0.00019
MED00384,7,h,-0.00019
MED00385,7,h,0.00031
MED00388,7,h,-0.00392
MED00389,7,h,0.00046
MED00390,7,h,0.00044
MED00391,7,h,0.00031
MED00392,7,h,0.0003
MED00393,7,h,0.00101
MED00394,7,h,0.00021
MED00395,7,h,0.00041
MED00396,7,h,-0.00021
MED00397,7,h,-0.00054
MED00398,7,h,-0.00034
MED00399,7,h,-0.00032
MED00400,7,h,-0.00061
MED00401,7,h,-0.00191
MED00402,7,h,-0.00026
MED00403,7,h,0.00011
MED00404,7,h,-0.00018
MED00405,7,h,-0.00011
MED00406,7,h,0.00025
MED00407,7,h,0.00015
MED00408,7,h,-0.00028
MED00410,7,h,-0.00051
MED00411,7,h,0.0003
MED00412,7,h,0.00013
MED00413,7,h,0.00066
MED00414,7,h,0.00024
MED00415,7,h,0.00013
MED00416,7,h,0.00053
MED00418,7,h,0.00014
MED00419,7,h,0.00041
MED00420,7,h,0.00069
MED00421,7,h,0.00068
MED00422,7,h,0.00026
MED00423,7,h,0.00012
MED00424,7,h,-0.00016
MED00001,8,h,0.00033
MED00002,8,h,0.00048
MED00003,8,h,-0.00023
MED00004,8,h,0.00038
MED00005,8,h,0.00019
MED00006,8,h,0.00139
MED00007,8,h,-0.00013
MED00008,8,h,-0.00084
MED00010,8,h,-0.00055
MED00011,8,h,-0.0004
MED00012,8,h,0.00118
MED00013,8,h,-0.00018
MED00014,8,h,0.00012
MED00015,8,h,0.00016
MED00016,8,h,0.00107
MED00018,8,h,-0.00029
MED00019,8,h,-0.00032
MED00020,8,h,-0.0007
MED00021,8,h,0.00042
MED00022,8,h,-0.00014
MED00023,8,h,0.00154
MED00024,8,h,0.00022
MED00025,8,h,0.00029
MED00026,8,h,0.00036
MED00027,8,h,0.00048
MED00028,8,h,-0.00084
MED00029,8,h,-0.00013
MED00032,8,h,0.00028
MED00033,8,h,0.00035
MED00034,8,h,-0.0004
MED00035,8,h,0.00684
MED00036,8,h,-0.0006
MED00037,8,h,-0.00021
MED00038,8,h,0.00021
MED00039,8,h,-0.00083
MED00040,8,h,-0.00085
MED00041,8,h,-0.00071
MED00042,8,h,0.00071
MED00043,8,h,-0.0002
MED00044,8,h,0.00032
MED00045,8,h,0.00042
MED00046,8,h,0.00032
MED00047,8,h,0.00011
MED00048,8,h,0.00025
MED00049,8,h,0.00078
MED00050,8,h,0.00019
MED00052,8,h,-0.00079
MED00053,8,h,-0.00063
MED00054,8,h,-0.00174
MED00055,8,h,0.00079
MED00056,8,h,-0.00078
MED00058,8,h,0.00029
MED00059,8,h,0.00041
MED00060,8,h,0.00069
MED00061,8,h,-0.00079
MED00062,8,h,0.00079
MED00063,8,h,0.00075
MED00064,8,h,0.0007
MED00065,8,h,0.00022
MED00066,8,h,-0.00066
MED00067,8,h,-0.00031
MED00068,8,h,0.00016
MED00069,8,h,0.00016
MED00070,8,h,0.00015
MED00072,8,h,-0.00015
MED00074,8,h,0.00023
MED00075,8,h,-0.00075
MED00076,8,h,0.00047
MED00077,8,h,0.00087
MED00079,8,h,0.00714
MED00081,8,h,-1e-04
MED00082,8,h,0.00051
MED00083,8,h,0.00011
MED00084,8,h,-0.00082
MED00085,8,h,0.00025
MED00086,8,h,-0.00047
MED00089,8,h,-0.00061
MED00090,8,h,0.00025
MED00092,8,h,-0.00032
MED00093,8,h,0.00342
MED00094,8,h,-0.00025
MED00095,8,h,-0.00022
MED00097,8,h,-0.00078
MED00098,8,h,0.00026
MED00099,8,h,0.00055
MED00102,8,h,-0.00016
MED00105,8,h,0.00029
MED00106,8,h,0.00074
MED00108,8,h,-0.00023
MED00109,8,h,0.00058
MED00110,8,h,0.00113
MED00111,8,h,-0.00025
MED00113,8,h,-0.00014
MED00114,8,h,-0.00048
MED00115,8,h,0.00022
MED00116,8,h,-0.00035
MED00117,8,h,0.00014
MED00118,8,h,-0.00038
MED00119,8,h,0.00095
MED00120,8,h,-0.00075
MED00121,8,h,-0.00018
MED00122,8,h,-0.00011
MED00123,8,h,-0.00071
MED00124,8,h,-0.00018
MED00125,8,h,-0.00019
MED00126,8,h,0.0004
MED00127,8,h,0.00083
MED00129,8,h,0.00032
MED00130,8,h,0.00072
MED00131,8,h,0.00012
MED00133,8,h,-0.00069
MED00134,8,h,0.00113
MED00135,8,h,-0.0008
MED00137,8,h,-0.00033
MED00138,8,h,-0.00013
MED00139,8,h,0.00021
MED00140,8,h,-0.00028
MED00141,8,h,0.00086
MED00142,8,h,-0.00086
MED00143,8,h,-0.00024
MED00144,8,h,0.00042
MED00145,8,h,-0.0008
MED00146,8,h,0.00019
MED00147,8,h,0.00061
MED00148,8,h,0.00053
MED00150,8,h,0.00044
MED00151,8,h,-0.00026
MED00152,8,h,-0.00023
MED00154,8,h,-0.00062
MED00155,8,h,-0.00017
MED00156,8,h,0.00041
MED00157,8,h,-0.0003
MED00158,8,h,0.00036
MED00159,8,h,-0.00058
MED00160,8,h,-0.00027
MED00161,8,h,0.00084
MED00164,8,h,0.00051
MED00165,8,h,-0.00047
MED00166,8,h,0.00021
MED00167,8,h,0.00037
MED00168,8,h,0.00025
MED00169,8,h,-0.00021
MED00170,8,h,-0.00023
MED00171,8,h,-0.00025
MED00172,8,h,-0.00044
MED00173,8,h,0.00022
MED00174,8,h,-0.00069
MED00176,8,h,-0.00057
MED00177,8,h,1e-04
MED00178,8,h,-0.00102
MED00179,8,h,0.00023
MED00180,8,h,0.00119
MED00181,8,h,0.00022
MED00182,8,h,0.00068
MED00184,8,h,-0.00036
MED00185,8,h,0.00034
MED00186,8,h,0.00023
MED00188,8,h,-0.00026
MED00189,8,h,-0.00018
MED00192,8,h,-0.0003
MED00193,8,h,0.00076
MED00194,8,h,-0.00064
MED00195,8,h,-0.00063
MED00196,8,h,-0.00061
MED00197,8,h,-0.00086
MED00198,8,h,-0.00027
MED00199,8,h,-0.00055
MED00200,8,h,0.00023
MED00201,8,h,0.00053
MED00202,8,h,0.00123
MED00203,8,h,-0.00022
MED00204,8,h,0.00139
MED00206,8,h,0.00024
MED00208,8,h,0.00019
MED00209,8,h,-0.00087
MED00210,8,h,0.00023
MED00211,8,h,0.00025
MED00212,8,h,0.00107
MED00213,8,h,0.00018
MED00214,8,h,0.00023
MED00215,8,h,0.00028
MED00216,8,h,0.00083
MED00217,8,h,0.00024
MED00218,8,h,0.00025
MED00219,8,h,-0.00389
MED00221,8,h,0.00075
MED00222,8,h,-0.00071
MED00223,8,h,-0.00052
MED00224,8,h,0.0011
MED00225,8,h,0.00014
MED00226,8,h,0.00037
MED00227,8,h,-0.00099
MED00228,8,h,-0.00026
MED00229,8,h,0.00076
MED00230,8,h,-0.00054
MED00231,8,h,-0.00022
MED00232,8,h,0.00015
MED00233,8,h,-0.00057
MED00234,8,h,-0.0003
MED00235,8,h,-0.00259
MED00236,8,h,0.00016
MED00239,8,h,-0.00015
MED00240,8,h,0.00013
MED00241,8,h,0.00016
MED00242,8,h,-0.00067
MED00243,8,h,0.00023
MED00244,8,h,0.00016
MED00245,8,h,-0.00036
MED00246,8,h,-0.00011
MED00248,8,h,0.00025
MED00249,8,h,-0.00058
MED00250,8,h,0.00047
MED00251,8,h,-0.00012
MED00252,8,h,0.00045
MED00253,8,h,0.00018
MED00254,8,h,-0.00141
MED00255,8,h,-0.00033
MED00256,8,h,-0.00024
MED00257,8,h,0.00025
MED00259,8,h,-0.00024
MED00260,8,h,0.00091
MED00261,8,h,-0.00057
MED00263,8,h,-0.00025
MED00264,8,h,0.00135
MED00266,8,h,-0.0004
MED00268,8,h,-0.00022
MED00270,8,h,-0.00013
MED00272,8,h,0.00079
MED00273,8,h,0.00055
MED00274,8,h,-0.00074
MED00275,8,h,0.00029
MED00276,8,h,-0.00022
MED00277,8,h,-0.00018
MED00278,8,h,0.00032
MED00280,8,h,0.00025
MED00281,8,h,0.00025
MED00282,8,h,0.00075
MED00283,8,h,0.00053
MED00285,8,h,-0.00015
MED00286,8,h,0.00014
MED00287,8,h,-0.0002
MED00288,8,h,-0.00017
MED00289,8,h,-0.00014
MED00290,8,h,-0.00014
MED00291,8,h,-0.00066
MED00292,8,h,0.00061
MED00293,8,h,0.00118
MED00294,8,h,0.00054
MED00295,8,h,-0.00028
MED00296,8,h,0.00024
MED00297,8,h,0.00024
MED00298,8,h,-0.00033
MED00299,8,h,-0.00087
MED00300,8,h,0.00122
MED00301,8,h,-0.00016
MED00303,8,h,0.00012
MED00304,8,h,0.00056
MED00305,8,h,0.00011
MED00306,8,h,0.00022
MED00307,8,h,-0.00055
MED00308,8,h,0.00125
MED00309,8,h,0.00034
MED00310,8,h,0.00075
MED00312,8,h,-0.0007
MED00313,8,h,-0.00121
MED00314,8,h,-0.00061
MED00315,8,h,-0.00014
MED00316,8,h,-0.00024
MED00317,8,h,0.00029
MED00320,8,h,-0.00053
MED00321,8,h,0.00042
MED00322,8,h,0.00094
MED00323,8,h,-0.00072
MED00324,8,h,-0.0007
MED00325,8,h,0.00023
MED00326,8,h,-0.00021
MED00327,8,h,-0.0002
MED00328,8,h,-0.0002
MED00330,8,h,0.00058
MED00331,8,h,-0.0003
MED00332,8,h,-0.00027
MED00333,8,h,-0.00013
MED00334,8,h,-0.00027
MED00335,8,h,0.00021
MED00336,8,h,0.00055
MED00337,8,h,-0.00056
MED00338,8,h,-0.00074
MED00339,8,h,0.00143
MED00342,8,h,0.00017
MED00345,8,h,0.00078
MED00346,8,h,0.00019
MED00348,8,h,-0.00014
MED00349,8,h,-0.00022
MED00350,8,h,-0.00598
MED00351,8,h,0.00084
MED00352,8,h,0.00094
MED00353,8,h,0.00029
MED00354,8,h,0.00041
MED00355,8,h,0.00054
MED00356,8,h,-0.00022
MED00357,8,h,0.00034
MED00358,8,h,0.00078
MED00359,8,h,0.00018
MED00360,8,h,0.00099
MED00361,8,h,-0.00014
MED00363,8,h,-0.00024
MED00364,8,h,0.00098
MED00365,8,h,-0.00019
MED00367,8,h,0.00015
MED00368,8,h,-0.00022
MED00369,8,h,-0.00011
MED00370,8,h,-0.00089
MED00371,8,h,-0.00077
MED00372,8,h,-0.00019
MED00373,8,h,-0.00047
MED00374,8,h,0.00024
MED00375,8,h,-0.00059
MED00376,8,h,0.00013
MED00378,8,h,-1e-04
MED00379,8,h,-0.00467
MED00380,8,h,0.00036
MED00381,8,h,-0.00016
MED00382,8,h,0.00074
MED00384,8,h,-0.0002
MED00385,8,h,0.00037
MED00386,8,h,0.00014
MED00388,8,h,-0.00305
MED00389,8,h,0.00044
MED00390,8,h,0.00046
MED00391,8,h,0.00033
MED00392,8,h,0.00033
MED00393,8,h,0.00113
MED00394,8,h,0.00027
MED00395,8,h,0.00043
MED00397,8,h,-0.00062
MED00398,8,h,-0.00034
MED00399,8,h,-0.00034
MED00400,8,h,-0.00058
MED00401,8,h,0.00028
MED00402,8,h,0.00024
MED00403,8,h,0.00013
MED00404,8,h,-0.00013
MED00406,8,h,0.0003
MED00407,8,h,0.00066
MED00408,8,h,0.00027
MED00409,8,h,0.00018
MED00410,8,h,-0.00045
MED00411,8,h,0.00081
MED00412,8,h,0.00067
MED00413,8,h,0.00128
MED00414,8,h,0.00075
MED00415,8,h,0.00068
MED00416,8,h,0.00102
MED00417,8,h,0.00046
MED00418,8,h,0.00022
MED00419,8,h,0.00052
MED00420,8,h,0.00116
MED00421,8,h,0.00069
MED00422,8,h,0.00076
MED00423,8,h,0.00023
MED00001,9,h,-0.0002
MED00002,9,h,0.00019
MED00003,9,h,-0.00082
MED00004,9,h,-0.0022
MED00005,9,h,-0.00035
MED00006,9,h,-0.0062
MED00007,9,h,-0.00042
MED00008,9,h,-0.00105
MED00009,9,h,-0.0004
MED00010,9,h,-0.00264
MED00011,9,h,-0.00319
MED00012,9,h,-0.00615
MED00013,9,h,-0.0007
MED00014,9,h,-0.00037
MED00016,9,h,0.00057
MED00017,9,h,-0.00142
MED00018,9,h,-0.00122
MED00019,9,h,-0.00131
MED00020,9,h,-0.00096
MED00021,9,h,-0.00101
MED00022,9,h,-0.0002
MED00023,9,h,-0.00513
MED00024,9,h,-0.00092
MED00025,9,h,0.00264
MED00027,9,h,0.00278
MED00028,9,h,-0.0012
MED00029,9,h,-0.00056
MED00030,9,h,-0.00044
MED00031,9,h,-0.00039
MED00032,9,h,0.00032
MED00033,9,h,-0.00188
MED00034,9,h,-0.00274
MED00035,9,h,0.00784
MED00036,9,h,-0.00054
MED00037,9,h,-0.00081
MED00038,9,h,-0.00029
MED00039,9,h,-0.00093
MED00040,9,h,-0.00131
MED00041,9,h,-0.0016
MED00042,9,h,0.00131
MED00043,9,h,-0.00083
MED00044,9,h,-0.00102
MED00045,9,h,-0.0021
MED00046,9,h,-0.00117
MED00047,9,h,-0.00051
MED00048,9,h,-0.00023
MED00049,9,h,0.00282
MED00050,9,h,-0.00168
MED00051,9,h,-0.00053
MED00052,9,h,-0.00108
MED00053,9,h,-0.00125
MED00054,9,h,-0.00155
MED00056,9,h,-0.00112
MED00057,9,h,-0.00082
MED00058,9,h,-0.00243
MED00059,9,h,-0.0003
MED00061,9,h,-0.00112
MED00062,9,h,0.00042
MED00063,9,h,0.00285
MED00064,9,h,-0.00406
MED00065,9,h,-0.00051
MED00066,9,h,-0.00084
MED00067,9,h,-0.00074
MED00068,9,h,-0.00035
MED00069,9,h,-0.0013
MED00070,9,h,-0.00048
MED00071,9,h,-0.00027
MED00072,9,h,-0.00053
MED00073,9,h,-0.00053
MED00074,9,h,-1e-04
MED00075,9,h,-0.00111
MED00076,9,h,0.00021
MED00077,9,h,0.00024
MED00078,9,h,-0.00128
MED00079,9,h,0.00483
MED00080,9,h,-0.0006
MED00081,9,h,-0.00074
MED00082,9,h,-0.00137
MED00083,9,h,-0.00041
MED00084,9,h,-0.00561
MED00085,9,h,-0.00017
MED00086,9,h,-0.00133
MED00087,9,h,-0.00205
MED00088,9,h,-0.00576
MED00089,9,h,-0.00164
MED00090,9,h,-0.00066
MED00091,9,h,-0.0011
MED00092,9,h,-0.00072
MED00093,9,h,0.00427
MED00094,9,h,0.00159
MED00095,9,h,-0.00074
MED00097,9,h,-0.00172
MED00098,9,h,-0.00164
MED00099,9,h,0.00267
MED00100,9,h,-0.00054
MED00101,9,h,-0.0004
MED00102,9,h,-0.00017
MED00103,9,h,-0.002
MED00104,9,h,-0.00072
MED00105,9,h,-0.00126
MED00106,9,h,0.00283
MED00107,9,h,-0.00153
MED00108,9,h,-0.0006
MED00109,9,h,-0.00205
MED00110,9,h,0.00214
MED00111,9,h,-0.00101
MED00112,9,h,-0.00155
MED00113,9,h,-0.00058
MED00114,9,h,-0.00344
MED00115,9,h,-0.00191
MED00116,9,h,-0.00378
MED00117,9,h,-0.00084
MED00118,9,h,-0.00077
MED00119,9,h,-0.0057
MED00120,9,h,-0.00099
MED00121,9,h,-0.00069
MED00122,9,h,-0.00055
MED00123,9,h,-0.00188
MED00124,9,h,-0.00073
MED00125,9,h,-0.00083
MED00126,9,h,-0.0023
MED00127,9,h,-0.00102
MED00128,9,h,-0.00136
MED00129,9,h,-0.00195
MED00130,9,h,0.00277
MED00131,9,h,-0.00036
MED00132,9,h,0.00181
MED00133,9,h,-0.00093
MED00134,9,h,0.00214
MED00135,9,h,-0.00196
MED00136,9,h,-0.00047
MED00137,9,h,-0.00079
MED00138,9,h,-0.00049
MED00139,9,h,-0.00184
MED00140,9,h,-0.00066
MED00141,9,h,-0.00165
MED00142,9,h,-0.00165
MED00143,9,h,-0.00078
MED00144,9,h,-0.00187
MED00145,9,h,-0.00106
MED00146,9,h,-0.00487
MED00147,9,h,-0.0006
MED00148,9,h,-0.00015
MED00149,9,h,-0.00142
MED00150,9,h,-0.00079
MED00151,9,h,-0.00073
MED00152,9,h,-0.0007
MED00153,9,h,-0.00197
MED00154,9,h,-0.00133
MED00155,9,h,-0.0006
MED00156,9,h,0.00014
MED00157,9,h,-0.0008
MED00159,9,h,-0.00155
MED00160,9,h,-0.00071
MED00161,9,h,-0.00159
MED00162,9,h,-0.00206
MED00163,9,h,-0.0007
MED00164,9,h,-0.00138
MED00165,9,h,-0.00169
MED00166,9,h,-0.002
MED00168,9,h,-0.00166
MED00169,9,h,-0.00055
MED00170,9,h,-0.00057
MED00171,9,h,-0.00069
MED00172,9,h,-0.00229
MED00173,9,h,-0.00164
MED00174,9,h,-0.00135
MED00175,9,h,-0.00026
MED00176,9,h,-0.001
MED00177,9,h,-0.00026
MED00178,9,h,-0.00092
MED00179,9,h,-0.00048
MED00180,9,h,-0.00614
MED00181,9,h,-0.00179
MED00182,9,h,0.00237
MED00183,9,h,-0.00255
MED00184,9,h,-0.00265
MED00185,9,h,-0.00016
MED00186,9,h,-0.00191
MED00187,9,h,-0.00087
MED00188,9,h,-0.00068
MED00189,9,h,-0.00082
MED00190,9,h,-0.00197
MED00191,9,h,-0.0004
MED00192,9,h,-0.00092
MED00193,9,h,0.0028
MED00194,9,h,-0.0009
MED00195,9,h,-0.00105
MED00196,9,h,-0.00199
MED00197,9,h,-0.00116
MED00198,9,h,-0.00074
MED00199,9,h,-0.00173
MED00200,9,h,-0.00161
MED00201,9,h,-0.00021
MED00202,9,h,-0.00613
MED00203,9,h,-0.00059
MED00204,9,h,-0.00595
MED00205,9,h,-0.00056
MED00206,9,h,-0.00023
MED00207,9,h,-0.00151
MED00208,9,h,-0.00124
MED00209,9,h,-0.00144
MED00211,9,h,-0.00163
MED00212,9,h,-0.00142
MED00213,9,h,-0.00183
MED00214,9,h,-0.00036
MED00215,9,h,-0.00157
MED00216,9,h,0.00292
MED00218,9,h,-0.00116
MED00219,9,h,0.00538
MED00220,9,h,-0.00206
MED00221,9,h,-0.00077
MED00222,9,h,-0.0016
MED00223,9,h,-0.00236
MED00224,9,h,-0.00624
MED00225,9,h,-0.00036
MED00226,9,h,-0.00112
MED00227,9,h,-0.0017
MED00228,9,h,-0.00046
MED00229,9,h,0.00199
MED00230,9,h,-0.00163
MED00231,9,h,-0.00081
MED00232,9,h,-0.00168
MED00233,9,h,-0.00085
MED00234,9,h,-0.00074
MED00235,9,h,-0.004
MED00236,9,h,-0.00081
MED00237,9,h,-0.00041
MED00238,9,h,-0.00129
MED00239,9,h,-0.00057
MED00240,9,h,-0.0013
MED00241,9,h,-0.0019
MED00242,9,h,-0.00091
MED00244,9,h,-0.0019
MED00245,9,h,-0.00119
MED00246,9,h,-0.00062
MED00247,9,h,-0.0005
MED00248,9,h,-0.00017
MED00249,9,h,-0.0033
MED00251,9,h,-0.00145
MED00252,9,h,0.00026
MED00253,9,h,-0.00194
MED00254,9,h,-0.00165
MED00255,9,h,-0.00175
MED00256,9,h,-0.00043
MED00257,9,h,-0.00024
MED00258,9,h,-0.00167
MED00259,9,h,-0.00066
MED00260,9,h,0.00176
MED00261,9,h,-0.00163
MED00262,9,h,-0.00037
MED00263,9,h,-0.0008
MED00264,9,h,0.00241
MED00265,9,h,-0.00063
MED00266,9,h,-0.00167
MED00267,9,h,-0.00116
MED00268,9,h,-0.00062
MED00269,9,h,-0.00143
MED00270,9,h,-0.00082
MED00271,9,h,-0.00173
MED00272,9,h,-0.00121
MED00273,9,h,-0.00077
MED00274,9,h,-0.00144
MED00275,9,h,-0.00024
MED00276,9,h,-0.00069
MED00277,9,h,-0.00082
MED00278,9,h,-0.00028
MED00279,9,h,-0.00529
MED00281,9,h,-0.00024
MED00282,9,h,-0.00111
MED00283,9,h,-0.00107
MED00284,9,h,-0.00106
MED00285,9,h,-0.00068
MED00286,9,h,-0.00045
MED00287,9,h,-0.00069
MED00288,9,h,-0.0038
MED00289,9,h,-0.00036
MED00290,9,h,-0.00092
MED00291,9,h,-0.00285
MED00292,9,h,-0.00046
MED00293,9,h,0.00071
MED00294,9,h,-0.00139
MED00295,9,h,-0.00069
MED00296,9,h,-0.00177
MED00297,9,h,-0.0015
MED00298,9,h,-0.00076
MED00299,9,h,-0.00166
MED00300,9,h,-0.00605
MED00301,9,h,-0.00074
MED00302,9,h,-0.00296
MED00303,9,h,-0.00084
MED00304,9,h,-0.00126
MED00305,9,h,-0.00202
MED00306,9,h,0.00279
MED00307,9,h,-0.0011
MED00309,9,h,-0.00115
MED00310,9,h,-0.00055
MED00311,9,h,-0.00032
MED00312,9,h,-0.00162
MED00313,9,h,-0.00097
MED00314,9,h,-0.00175
MED00315,9,h,-0.00056
MED00316,9,h,-0.00061
MED00317,9,h,-0.00181
MED00318,9,h,-0.00033
MED00319,9,h,-0.00056
MED00320,9,h,-0.0029
MED00321,9,h,0.00143
MED00322,9,h,0.00246
MED00323,9,h,-0.00177
MED00324,9,h,-0.00132
MED00325,9,h,-0.00122
MED00326,9,h,-0.00068
MED00327,9,h,-0.00058
MED00328,9,h,-0.00067
MED00329,9,h,-0.00057
MED00330,9,h,-0.0014
MED00331,9,h,-0.00067
MED00332,9,h,-0.00066
MED00333,9,h,-0.00064
MED00334,9,h,-0.00334
MED00335,9,h,-0.00039
MED00336,9,h,-0.00155
MED00337,9,h,-0.00123
MED00338,9,h,-0.00124
MED00339,9,h,-0.00532
MED00340,9,h,-0.00047
MED00341,9,h,-0.00072
MED00342,9,h,-0.00195
MED00343,9,h,-0.0006
MED00344,9,h,-0.0006
MED00345,9,h,0.00282
MED00346,9,h,-0.00188
MED00347,9,h,-0.00062
MED00348,9,h,-0.00136
MED00349,9,h,-0.00069
MED00350,9,h,-0.00799
MED00351,9,h,0.00164
MED00352,9,h,0.00268
MED00353,9,h,-0.00215
MED00354,9,h,-0.00223
MED00355,9,h,-0.00082
MED00356,9,h,-0.00058
MED00358,9,h,-0.00037
MED00359,9,h,-0.00191
MED00360,9,h,0.00088
MED00361,9,h,-0.00057
MED00362,9,h,-0.00054
MED00363,9,h,-0.0007
MED00364,9,h,0.00258
MED00365,9,h,-0.00138
MED00366,9,h,-0.00058
MED00367,9,h,-0.00174
MED00368,9,h,-0.00068
MED00369,9,h,-0.00049
MED00370,9,h,-0.00119
MED00371,9,h,-0.00194
MED00372,9,h,-0.00083
MED00373,9,h,-0.00123
MED00374,9,h,0.00039
MED00375,9,h,-0.00087
MED00376,9,h,-0.00193
MED00377,9,h,-0.00031
MED00378,9,h,-0.00129
MED00379,9,h,-0.00559
MED00380,9,h,-0.00233
MED00381,9,h,-0.00068
MED00382,9,h,-0.00048
MED00383,9,h,-0.0015
MED00384,9,h,-0.00063
MED00385,9,h,-0.00108
MED00386,9,h,-0.00037
MED00387,9,h,-0.00055
MED00388,9,h,-0.00383
MED00389,9,h,0.00011
MED00390,9,h,-0.00109
MED00391,9,h,-0.00035
MED00392,9,h,-0.00032
MED00393,9,h,-0.00095
MED00394,9,h,-0.00025
MED00395,9,h,-0.00095
MED00396,9,h,-0.00167
MED00397,9,h,-0.00157
MED00398,9,h,-0.00088
MED00399,9,h,-0.00085
MED00400,9,h,-0.00153
MED00402,9,h,-0.00039
MED00403,9,h,-0.001
MED00404,9,h,-0.00106
MED00405,9,h,-0.00057
MED00406,9,h,-0.00092
MED00408,9,h,-0.00022
MED00409,9,h,-0.00207
MED00410,9,h,-0.00101
MED00411,9,h,-0.00011
MED00412,9,h,0.00035
MED00413,9,h,-0.00017
MED00414,9,h,0.00019
MED00415,9,h,0.00034
MED00416,9,h,0.00042
MED00417,9,h,0.00018
MED00418,9,h,-0.00032
MED00419,9,h,-1e-04
MED00420,9,h,0.00031
MED00423,9,h,-0.00028
MED00424,9,h,-0.00162
MED00001,10,h,-0.00079
MED00002,10,h,0.00022
MED00003,10,h,-0.00122
MED00004,10,h,-0.00283
MED00005,10,h,-0.00037
MED00006,10,h,-0.0061
MED00007,10,h,-0.0006
MED00008,10,h,-0.00103
MED00009,10,h,-0.00099
MED00010,10,h,-0.00353
MED00011,10,h,-0.00453
MED00012,10,h,-0.00612
MED00013,10,h,-0.00075
MED00014,10,h,-0.0007
MED00016,10,h,0.00058
MED00017,10,h,-0.00129
MED00018,10,h,-0.00106
MED00019,10,h,-0.00126
MED00020,10,h,-0.00126
MED00021,10,h,-0.00112
MED00022,10,h,-0.00022
MED00023,10,h,-0.00593
MED00024,10,h,-0.00107
MED00025,10,h,-0.00058
MED00026,10,h,-0.00053
MED00027,10,h,-0.00048
MED00028,10,h,-0.00111
MED00029,10,h,-0.00068
MED00030,10,h,-0.00058
MED00031,10,h,-0.00048
MED00032,10,h,-0.00017
MED00033,10,h,-0.00258
MED00034,10,h,-0.00334
MED00035,10,h,0.00482
MED00036,10,h,-0.00133
MED00037,10,h,-0.0012
MED00038,10,h,-0.00033
MED00039,10,h,-0.0013
MED00040,10,h,-0.00159
MED00041,10,h,-0.00223
MED00042,10,h,0.00045
MED00043,10,h,-0.00116
MED00044,10,h,-0.00111
MED00045,10,h,-0.00204
MED00046,10,h,-0.00128
MED00047,10,h,-0.00048
MED00048,10,h,-0.00039
MED00049,10,h,-0.00028
MED00050,10,h,-0.0017
MED00051,10,h,-0.0009
MED00052,10,h,-0.0011
MED00053,10,h,-0.00125
MED00054,10,h,-0.0016
MED00055,10,h,-0.00025
MED00056,10,h,-0.00118
MED00057,10,h,-0.00076
MED00058,10,h,-0.00234
MED00059,10,h,-0.0005
MED00060,10,h,-0.00055
MED00061,10,h,-0.00087
MED00062,10,h,-0.00011
MED00063,10,h,-0.00022
MED00064,10,h,-0.00525
MED00066,10,h,-0.00079
MED00067,10,h,-0.00079
MED00068,10,h,-0.0005
MED00069,10,h,-0.00132
MED00070,10,h,-0.00047
MED00071,10,h,-0.00043
MED00072,10,h,-0.00065
MED00073,10,h,-0.00068
MED00074,10,h,-0.00012
MED00075,10,h,-0.00154
MED00076,10,h,0.00024
MED00077,10,h,-0.00025
MED00078,10,h,-0.00126
MED00079,10,h,0.00347
MED00080,10,h,-0.00072
MED00081,10,h,-0.00107
MED00082,10,h,-0.00148
MED00083,10,h,-0.00059
MED00084,10,h,-0.00641
MED00085,10,h,-0.00014
MED00086,10,h,-0.00132
MED00087,10,h,-0.00195
MED00088,10,h,-0.00649
MED00089,10,h,-0.00268
MED00090,10,h,-0.00078
MED00091,10,h,-0.00125
MED00092,10,h,-0.00073
MED00093,10,h,0.00323
MED00094,10,h,0.00081
MED00095,10,h,-0.00076
MED00096,10,h,-0.00069
MED00097,10,h,-0.00171
MED00098,10,h,-0.00182
MED00099,10,h,-0.00059
MED00100,10,h,-0.00084
MED00101,10,h,-0.00049
MED00102,10,h,-0.00058
MED00103,10,h,-0.00197
MED00104,10,h,-0.00083
MED00105,10,h,-0.00144
MED00106,10,h,-0.00022
MED00107,10,h,-0.00162
MED00108,10,h,-0.0007
MED00109,10,h,-0.00282
MED00110,10,h,-0.00136
MED00111,10,h,-0.00131
MED00112,10,h,-0.00167
MED00113,10,h,-0.00058
MED00114,10,h,-0.00356
MED00115,10,h,-0.00205
MED00116,10,h,-0.00491
MED00117,10,h,-0.00115
MED00118,10,h,-0.00077
MED00119,10,h,-0.00572
MED00120,10,h,-0.00227
MED00121,10,h,-0.00079
MED00122,10,h,-0.0006
MED00123,10,h,-0.00236
MED00124,10,h,-0.00086
MED00125,10,h,-0.00115
MED00126,10,h,-0.00301
MED00127,10,h,-0.00221
MED00128,10,h,-0.00145
MED00129,10,h,-0.00189
MED00130,10,h,-0.00028
MED00131,10,h,-0.00051
MED00132,10,h,-0.00145
MED00133,10,h,-0.00115
MED00134,10,h,-0.00136
MED00135,10,h,-0.00324
MED00136,10,h,-0.0006
MED00137,10,h,-0.00093
MED00138,10,h,-0.00064
MED00139,10,h,-0.00181
MED00140,10,h,-0.0007
MED00141,10,h,-0.00165
MED00142,10,h,-0.00153
MED00143,10,h,-0.00083
MED00144,10,h,-0.00173
MED00145,10,h,-0.00108
MED00146,10,h,-0.00491
MED00147,10,h,-0.00099
MED00148,10,h,-0.00067
MED00149,10,h,-0.00151
MED00150,10,h,-0.00224
MED00151,10,h,-0.00082
MED00152,10,h,-0.00082
MED00153,10,h,-0.00195
MED00154,10,h,-0.00166
MED00155,10,h,-0.00073
MED00156,10,h,-0.00035
MED00157,10,h,-0.00089
MED00158,10,h,-0.00053
MED00159,10,h,-0.00198
MED00160,10,h,-0.00079
MED00161,10,h,-0.00171
MED00162,10,h,-0.00203
MED00163,10,h,-0.00103
MED00164,10,h,-0.00139
MED00165,10,h,-0.00188
MED00166,10,h,-0.00197
MED00168,10,h,-0.0016
MED00169,10,h,-0.00061
MED00170,10,h,-0.00058
MED00171,10,h,-0.00083
MED00172,10,h,-0.00051
MED00173,10,h,-0.00167
MED00174,10,h,-0.00169
MED00175,10,h,-0.00155
MED00176,10,h,-0.0014
MED00177,10,h,-0.00071
MED00178,10,h,-0.00109
MED00179,10,h,-0.00142
MED00180,10,h,-0.00606
MED00181,10,h,-0.00224
MED00182,10,h,-0.00089
MED00183,10,h,-0.00448
MED00184,10,h,-0.00314
MED00185,10,h,-0.00023
MED00186,10,h,-0.00197
MED00187,10,h,-0.00093
MED00188,10,h,-0.00077
MED00189,10,h,-0.00122
MED00190,10,h,-0.00194
MED00191,10,h,-0.00047
MED00192,10,h,-0.00124
MED00193,10,h,-0.00029
MED00194,10,h,-0.00098
MED00195,10,h,-0.00123
MED00196,10,h,-0.00194
MED00197,10,h,-0.00114
MED00198,10,h,-0.00077
MED00199,10,h,-0.00168
MED00200,10,h,-0.00155
MED00201,10,h,-0.00073
MED00202,10,h,-0.00595
MED00203,10,h,-0.00069
MED00204,10,h,-0.00592
MED00205,10,h,-0.0007
MED00206,10,h,0.00043
MED00207,10,h,-0.00156
MED00208,10,h,-0.00124
MED00209,10,h,-0.00194
MED00210,10,h,-0.0005
MED00211,10,h,-0.00166
MED00212,10,h,-0.00292
MED00213,10,h,-0.0025
MED00214,10,h,-0.00042
MED00215,10,h,-0.0016
MED00216,10,h,-0.00015
MED00218,10,h,-0.00128
MED00219,10,h,-0.00032
MED00220,10,h,-0.00188
MED00221,10,h,-0.00088
MED00222,10,h,-0.00156
MED00223,10,h,-0.00294
MED00224,10,h,-0.00614
MED00225,10,h,-0.0005
MED00226,10,h,-0.00122
MED00227,10,h,-0.002
MED00228,10,h,-0.00073
MED00229,10,h,-0.00142
MED00230,10,h,-0.0022
MED00231,10,h,-0.00082
MED00232,10,h,-0.0017
MED00233,10,h,-0.00099
MED00234,10,h,-0.00073
MED00235,10,h,-0.00334
MED00236,10,h,-0.00073
MED00237,10,h,-0.00054
MED00238,10,h,-0.00131
MED00239,10,h,-0.00071
MED00240,10,h,-0.00145
MED00241,10,h,-0.00188
MED00242,10,h,-0.00096
MED00244,10,h,-0.00187
MED00245,10,h,-0.00026
MED00246,10,h,-0.00072
MED00247,10,h,-0.0006
MED00248,10,h,-0.00072
MED00249,10,h,-0.00522
MED00250,10,h,-0.00023
MED00251,10,h,-0.00148
MED00252,10,h,-0.00505
MED00253,10,h,-0.00206
MED00254,10,h,0.00056
MED00255,10,h,-0.0019
MED00256,10,h,-0.00051
MED00257,10,h,-0.00029
MED00258,10,h,-0.00185
MED00259,10,h,-0.00072
MED00260,10,h,0.00062
MED00261,10,h,-0.00222
MED00262,10,h,-0.00038
MED00263,10,h,-0.00086
MED00264,10,h,-0.00093
MED00265,10,h,-0.0007
MED00266,10,h,-0.00311
MED00267,10,h,-0.0013
MED00268,10,h,-0.00071
MED00269,10,h,-0.00152
MED00270,10,h,-0.00087
MED00271,10,h,0.00012
MED00272,10,h,-0.00183
MED00273,10,h,-0.00134
MED00274,10,h,-0.00192
MED00275,10,h,-0.0008
MED00276,10,h,-0.00072
MED00277,10,h,-0.00122
MED00278,10,h,-0.00039
MED00279,10,h,-0.00541
MED00281,10,h,-0.00076
MED00282,10,h,-0.0026
MED00283,10,h,-0.00162
MED00284,10,h,-0.00112
MED00285,10,h,-0.00078
MED00286,10,h,-0.00062
MED00287,10,h,-0.00078
MED00288,10,h,-0.004
MED00289,10,h,-0.00048
MED00290,10,h,-0.00095
MED00291,10,h,-0.00391
MED00292,10,h,-0.00085
MED00293,10,h,0.00057
MED00294,10,h,-0.00144
MED00295,10,h,-0.00125
MED00296,10,h,-0.0018
MED00297,10,h,-0.00163
MED00298,10,h,-0.00081
MED00299,10,h,-0.00163
MED00300,10,h,-0.00596
MED00301,10,h,-0.00083
MED00302,10,h,-0.00309
MED00303,10,h,-0.00081
MED00304,10,h,-0.00137
MED00305,10,h,-0.00193
MED00306,10,h,-0.00088
MED00307,10,h,-0.0015
MED00308,10,h,-0.00122
MED00309,10,h,-0.00125
MED00310,10,h,-0.00111
MED00311,10,h,-0.00047
MED00312,10,h,-0.00221
MED00313,10,h,0.00223
MED00314,10,h,-0.00308
MED00315,10,h,-0.0006
MED00316,10,h,-0.00076
MED00317,10,h,-0.00178
MED00318,10,h,-0.00036
MED00319,10,h,-0.0007
MED00320,10,h,-0.00421
MED00321,10,h,0.00325
MED00322,10,h,-0.00064
MED00323,10,h,-0.00225
MED00324,10,h,-0.00136
MED00325,10,h,-0.00114
MED00326,10,h,-0.00077
MED00327,10,h,-0.00074
MED00328,10,h,-0.00078
MED00329,10,h,-0.00071
MED00330,10,h,-0.00142
MED00331,10,h,-0.00072
MED00332,10,h,-0.00075
MED00333,10,h,-0.00069
MED00334,10,h,-0.00373
MED00335,10,h,-0.00087
MED00336,10,h,-0.00196
MED00337,10,h,-0.00037
MED00338,10,h,-0.00235
MED00339,10,h,-0.00534
MED00340,10,h,-0.00196
MED00341,10,h,-0.00088
MED00342,10,h,-0.00201
MED00343,10,h,-0.0006
MED00344,10,h,-0.00105
MED00345,10,h,-0.00028
MED00346,10,h,-0.002
MED00347,10,h,-0.00099
MED00348,10,h,-0.00139
MED00349,10,h,-0.00077
MED00350,10,h,-0.00323
MED00351,10,h,-0.00177
MED00352,10,h,-0.00052
MED00353,10,h,-0.00282
MED00354,10,h,-0.00295
MED00355,10,h,-0.00097
MED00356,10,h,-0.00053
MED00358,10,h,-0.00106
MED00359,10,h,-0.00236
MED00360,10,h,0.00074
MED00361,10,h,-0.00062
MED00362,10,h,-0.00057
MED00363,10,h,-0.00072
MED00364,10,h,-0.0005
MED00365,10,h,-0.00131
MED00366,10,h,-0.00066
MED00367,10,h,-0.00176
MED00368,10,h,-0.00074
MED00369,10,h,-0.00063
MED00370,10,h,-0.00138
MED00371,10,h,-0.00324
MED00372,10,h,-0.00115
MED00373,10,h,-0.00125
MED00374,10,h,0.00021
MED00375,10,h,-0.00125
MED00376,10,h,-0.00191
MED00377,10,h,-0.00079
MED00378,10,h,-0.00142
MED00379,10,h,0.00141
MED00380,10,h,-0.00315
MED00381,10,h,-0.0007
MED00382,10,h,-0.00117
MED00383,10,h,-0.00158
MED00384,10,h,-0.00066
MED00385,10,h,-0.00138
MED00386,10,h,-0.0006
MED00387,10,h,-0.00058
MED00388,10,h,-0.00448
MED00390,10,h,-0.00113
MED00391,10,h,-0.00093
MED00392,10,h,-0.00091
MED00393,10,h,-0.00244
MED00394,10,h,-0.00085
MED00395,10,h,-0.00153
MED00396,10,h,-0.00153
MED00397,10,h,-0.00096
MED00398,10,h,-0.00085
MED00399,10,h,-0.00083
MED00400,10,h,-0.00086
MED00401,10,h,-0.00051
MED00402,10,h,-0.00076
MED00403,10,h,-0.00056
MED00404,10,h,-0.00107
MED00405,10,h,-0.00056
MED00406,10,h,-0.0009
MED00407,10,h,-0.00046
MED00408,10,h,-0.0007
MED00409,10,h,-0.00226
MED00410,10,h,-0.00118
MED00411,10,h,-0.00065
MED00412,10,h,-0.00019
MED00413,10,h,-0.00087
MED00414,10,h,-0.00034
MED00415,10,h,-0.00018
MED00417,10,h,-0.00034
MED00418,10,h,-0.00091
MED00419,10,h,-0.00063
MED00420,10,h,-0.00029
MED00421,10,h,-0.00057
MED00422,10,h,-0.00059
MED00423,10,h,-0.00081
MED00424,10,h,-0.00164
MED00001,11,h,-0.00063
MED00002,11,h,0.00042
MED00003,11,h,-0.00088
MED00004,11,h,-0.00237
MED00006,11,h,-0.00574
MED00007,11,h,-0.00078
MED00008,11,h,-0.00074
MED00009,11,h,-0.00083
MED00010,11,h,-0.00321
MED00011,11,h,-0.00456
MED00012,11,h,-0.00578
MED00013,11,h,-0.00062
MED00014,11,h,-0.00077
MED00015,11,h,0.00012
MED00016,11,h,0.00067
MED00017,11,h,-0.00094
MED00018,11,h,-0.0012
MED00019,11,h,-0.00126
MED00020,11,h,-0.00127
MED00021,11,h,-0.00101
MED00022,11,h,-0.00015
MED00023,11,h,-0.00558
MED00024,11,h,-0.00084
MED00025,11,h,-0.00021
MED00026,11,h,-0.00015
MED00027,11,h,-1e-04
MED00028,11,h,-0.00078
MED00030,11,h,-0.00031
MED00033,11,h,-0.00212
MED00034,11,h,-0.00337
MED00035,11,h,0.00497
MED00036,11,h,-0.00114
MED00037,11,h,-0.00078
MED00038,11,h,-0.00016
MED00039,11,h,-0.00089
MED00040,11,h,-0.00137
MED00041,11,h,-0.00192
MED00042,11,h,0.00071
MED00043,11,h,-0.00081
MED00044,11,h,-0.0009
MED00045,11,h,-0.00167
MED00046,11,h,-0.00106
MED00047,11,h,-0.0002
MED00048,11,h,0.00038
MED00050,11,h,-0.00134
MED00051,11,h,-0.00055
MED00052,11,h,-0.00073
MED00053,11,h,-0.00097
MED00054,11,h,-0.00143
MED00056,11,h,-0.0008
MED00057,11,h,-0.00046
MED00058,11,h,-0.00199
MED00059,11,h,-0.00025
MED00060,11,h,-0.00044
MED00061,11,h,-0.00051
MED00063,11,h,0.00013
MED00064,11,h,-0.00532
MED00065,11,h,-0.00038
MED00066,11,h,-0.00061
MED00067,11,h,-0.00054
MED00068,11,h,-0.00034
MED00069,11,h,-0.0011
MED00070,11,h,-0.00033
MED00071,11,h,-0.00017
MED00072,11,h,-0.00034
MED00073,11,h,-0.00056
MED00075,11,h,-0.00122
MED00076,11,h,0.00044
MED00078,11,h,-0.0009
MED00079,11,h,0.00344
MED00080,11,h,-0.00053
MED00081,11,h,-0.00071
MED00082,11,h,-0.00126
MED00083,11,h,-0.00043
MED00084,11,h,-0.00635
MED00085,11,h,-0.0003
MED00086,11,h,-0.00057
MED00087,11,h,-0.0016
MED00088,11,h,-0.00643
MED00089,11,h,-0.0026
MED00090,11,h,-0.00042
MED00091,11,h,-0.00103
MED00092,11,h,-0.00047
MED00093,11,h,0.00342
MED00094,11,h,0.00118
MED00095,11,h,-0.00047
MED00096,11,h,-0.00061
MED00097,11,h,-0.00088
MED00098,11,h,-0.00158
MED00099,11,h,-0.00022
MED00100,11,h,-0.00049
MED00101,11,h,-0.00032
MED00102,11,h,-0.00032
MED00103,11,h,-0.00162
MED00104,11,h,-0.00057
MED00105,11,h,-0.00118
MED00106,11,h,0.00013
MED00107,11,h,-0.00139
MED00108,11,h,-0.00044
MED00109,11,h,-0.00246
MED00110,11,h,-0.001
MED00111,11,h,-0.001
MED00112,11,h,-0.00127
MED00113,11,h,-0.00032
MED00114,11,h,-0.00348
MED00115,11,h,-0.00169
MED00116,11,h,-0.00488
MED00117,11,h,-0.00091
MED00118,11,h,-0.0004
MED00119,11,h,-0.00538
MED00120,11,h,-0.0022
MED00121,11,h,-0.00041
MED00122,11,h,-0.0003
MED00123,11,h,-0.00205
MED00124,11,h,-0.00059
MED00125,11,h,-0.0008
MED00126,11,h,-0.00265
MED00127,11,h,-0.00199
MED00128,11,h,-0.0011
MED00129,11,h,-0.00198
MED00131,11,h,-0.00028
MED00132,11,h,-0.00114
MED00133,11,h,-0.00079
MED00134,11,h,-0.001
MED00135,11,h,-0.00316
MED00136,11,h,-0.00021
MED00137,11,h,-0.00047
MED00138,11,h,-0.00025
MED00139,11,h,-0.00144
MED00140,11,h,-0.0003
MED00141,11,h,-0.00154
MED00142,11,h,-0.00113
MED00143,11,h,-0.00047
MED00144,11,h,-0.0015
MED00145,11,h,-0.0009
MED00146,11,h,-0.00516
MED00147,11,h,-0.00077
MED00148,11,h,-0.00056
MED00149,11,h,-0.00127
MED00150,11,h,-0.0014
MED00151,11,h,-0.00044
MED00152,11,h,-0.00046
MED00153,11,h,-0.00147
MED00154,11,h,-0.00157
MED00155,11,h,-0.00033
MED00156,11,h,-0.00015
MED00157,11,h,-0.00047
MED00158,11,h,-0.00016
MED00159,11,h,-0.00191
MED00160,11,h,-0.00043
MED00161,11,h,-0.00148
MED00162,11,h,-0.00168
MED00163,11,h,-0.00072
MED00164,11,h,-0.00117
MED00165,11,h,-0.00184
MED00166,11,h,-0.00162
MED00167,11,h,0.0002
MED00168,11,h,-0.00122
MED00169,11,h,-0.00025
MED00170,11,h,-0.00032
MED00171,11,h,-0.00043
MED00172,11,h,0.00101
MED00173,11,h,-0.00132
MED00174,11,h,-0.00167
MED00175,11,h,-0.00117
MED00176,11,h,-0.00136
MED00177,11,h,-0.00034
MED00178,11,h,-0.00082
MED00179,11,h,-0.00104
MED00180,11,h,-0.00571
MED00181,11,h,-0.002
MED00182,11,h,-0.00052
MED00183,11,h,-0.00393
MED00184,11,h,-0.00307
MED00186,11,h,-0.00162
MED00187,11,h,-0.00058
MED00188,11,h,-0.00059
MED00189,11,h,-0.00088
MED00190,11,h,-0.00147
MED00191,11,h,-0.00023
MED00192,11,h,-0.00094
MED00194,11,h,-0.00087
MED00195,11,h,-0.00111
MED00196,11,h,-0.00191
MED00197,11,h,-0.00102
MED00198,11,h,-0.00041
MED00199,11,h,-0.00136
MED00200,11,h,-0.00117
MED00201,11,h,-0.00062
MED00202,11,h,-0.0056
MED00203,11,h,-0.00037
MED00204,11,h,-0.00556
MED00205,11,h,-0.00043
MED00206,11,h,0.00158
MED00207,11,h,-0.00121
MED00208,11,h,-0.00098
MED00209,11,h,-0.00182
MED00211,11,h,-0.00131
MED00212,11,h,-0.00262
MED00213,11,h,-0.0021
MED00214,11,h,0.00034
MED00215,11,h,-0.00136
MED00216,11,h,0.0002
MED00217,11,h,0.00026
MED00218,11,h,-0.00104
MED00220,11,h,-0.00154
MED00221,11,h,-0.00066
MED00222,11,h,-0.00076
MED00223,11,h,-0.0025
MED00224,11,h,-0.00579
MED00225,11,h,-0.00024
MED00226,11,h,-0.001
MED00227,11,h,-0.00203
MED00228,11,h,-0.00054
MED00229,11,h,-0.00106
MED00230,11,h,-0.00215
MED00231,11,h,-0.00041
MED00232,11,h,-0.00134
MED00233,11,h,-0.00068
MED00234,11,h,-0.00036
MED00235,11,h,-0.00341
MED00236,11,h,-0.00073
MED00237,11,h,-0.00027
MED00238,11,h,-0.00096
MED00239,11,h,-0.00045
MED00240,11,h,-0.00134
MED00241,11,h,-0.00151
MED00242,11,h,-0.00088
MED00243,11,h,0.00016
MED00244,11,h,-0.00152
MED00245,11,h,-0.00031
MED00246,11,h,-0.00042
MED00247,11,h,-0.00034
MED00248,11,h,-0.00041
MED00249,11,h,-0.00478
MED00251,11,h,-0.00113
MED00252,11,h,-0.00385
MED00253,11,h,-0.00182
MED00254,11,h,0.00176
MED00255,11,h,-0.0017
MED00256,11,h,-0.00024
MED00257,11,h,-0.00013
MED00258,11,h,-0.0015
MED00259,11,h,-0.00032
MED00260,11,h,0.0008
MED00261,11,h,-0.00192
MED00262,11,h,-0.00018
MED00263,11,h,-0.00076
MED00264,11,h,-0.00057
MED00265,11,h,-0.00041
MED00266,11,h,-0.00322
MED00267,11,h,-0.00104
MED00268,11,h,-0.00034
MED00269,11,h,-0.00117
MED00270,11,h,-0.00074
MED00271,11,h,0.0016
MED00272,11,h,-0.00172
MED00273,11,h,-0.00123
MED00274,11,h,-0.00161
MED00275,11,h,-0.0006
MED00276,11,h,-0.00037
MED00277,11,h,-0.00087
MED00279,11,h,-0.00543
MED00280,11,h,0.00019
MED00281,11,h,-0.00058
MED00282,11,h,-0.00249
MED00283,11,h,-0.00136
MED00284,11,h,-0.00085
MED00285,11,h,-0.00051
MED00286,11,h,-0.00037
MED00287,11,h,-0.0005
MED00288,11,h,-0.00404
MED00289,11,h,-0.00041
MED00290,11,h,-0.00059
MED00291,11,h,-0.00401
MED00292,11,h,-0.00063
MED00293,11,h,0.00086
MED00294,11,h,-0.00122
MED00295,11,h,-0.00088
MED00296,11,h,-0.00144
MED00297,11,h,-0.00139
MED00298,11,h,-0.00044
MED00299,11,h,-0.00126
MED00300,11,h,-0.00561
MED00301,11,h,-0.00056
MED00302,11,h,-0.003
MED00303,11,h,-0.00046
MED00304,11,h,-0.00115
MED00305,11,h,-0.00158
MED00306,11,h,-0.00049
MED00307,11,h,-0.00152
MED00308,11,h,-0.00087
MED00309,11,h,-0.00114
MED00310,11,h,-0.00089
MED00311,11,h,-0.00023
MED00312,11,h,-0.0019
MED00313,11,h,0.00474
MED00314,11,h,-0.00301
MED00315,11,h,-0.00034
MED00316,11,h,-0.00038
MED00317,11,h,-0.00143
MED00318,11,h,-0.0002
MED00319,11,h,-0.0004
MED00320,11,h,-0.00408
MED00321,11,h,0.00545
MED00322,11,h,-0.00029
MED00323,11,h,-0.00194
MED00324,11,h,-0.00097
MED00325,11,h,-0.00091
MED00326,11,h,-0.00054
MED00327,11,h,-0.00035
MED00328,11,h,-0.00047
MED00329,11,h,-0.00046
MED00330,11,h,-0.00119
MED00331,11,h,-0.00043
MED00332,11,h,-0.00038
MED00333,11,h,-0.00061
MED00334,11,h,-0.00344
MED00335,11,h,-0.00052
MED00336,11,h,-0.00172
MED00337,11,h,-0.0006
MED00338,11,h,-0.00228
MED00339,11,h,-0.00512
MED00340,11,h,-0.00161
MED00341,11,h,-0.00061
MED00342,11,h,-0.00167
MED00343,11,h,-0.00034
MED00344,11,h,-0.00066
MED00346,11,h,-0.00165
MED00347,11,h,-0.00064
MED00348,11,h,-0.00093
MED00349,11,h,-0.00053
MED00350,11,h,0.00485
MED00351,11,h,-0.0014
MED00352,11,h,-0.00015
MED00353,11,h,-0.00248
MED00354,11,h,-0.00258
MED00355,11,h,-0.00021
MED00356,11,h,-0.00027
MED00357,11,h,0.00029
MED00358,11,h,-0.00084
MED00359,11,h,-0.00201
MED00360,11,h,0.00096
MED00361,11,h,-0.00049
MED00362,11,h,-0.00035
MED00363,11,h,-0.00036
MED00364,11,h,-0.00014
MED00365,11,h,-0.00096
MED00366,11,h,-0.00034
MED00367,11,h,-0.00139
MED00368,11,h,-0.00059
MED00369,11,h,-0.00048
MED00370,11,h,-0.00097
MED00371,11,h,-0.00318
MED00372,11,h,-0.0008
MED00373,11,h,-0.0009
MED00374,11,h,0.00039
MED00375,11,h,-0.00116
MED00376,11,h,-0.00142
MED00377,11,h,-0.00047
MED00378,11,h,-0.00118
MED00379,11,h,0.00361
MED00380,11,h,-0.00278
MED00381,11,h,-0.00035
MED00382,11,h,-0.00095
MED00383,11,h,-0.00132
MED00384,11,h,-0.00024
MED00385,11,h,-0.0012
MED00386,11,h,-0.00042
MED00387,11,h,-0.00034
MED00388,11,h,-0.00509
MED00389,11,h,0.00025
MED00390,11,h,-0.00101
MED00391,11,h,-0.00081
MED00392,11,h,-0.00075
MED00393,11,h,-0.00233
MED00394,11,h,-0.00073
MED00395,11,h,-0.00141
MED00396,11,h,-0.0016
MED00397,11,h,-0.0014
MED00398,11,h,-0.00134
MED00399,11,h,-0.00135
MED00400,11,h,-0.00098
MED00401,11,h,-0.00076
MED00402,11,h,-0.00058
MED00403,11,h,-0.0004
MED00404,11,h,-0.00079
MED00405,11,h,-0.00034
MED00406,11,h,-0.00073
MED00407,11,h,-0.0003
MED00408,11,h,-0.00053
MED00409,11,h,-0.00155
MED00410,11,h,-0.00043
MED00411,11,h,-0.00054
MED00413,11,h,-0.00075
MED00414,11,h,-0.00017
MED00417,11,h,-0.00018
MED00418,11,h,-0.00076
MED00419,11,h,-0.00056
MED00420,11,h,-0.00013
MED00421,11,h,-0.0004
MED00422,11,h,-0.0005
MED00423,11,h,-0.00069
MED00424,11,h,-0.00213
MED00001,12,h,0.00013
MED00002,12,h,-0.00234
MED00003,12,h,-0.00086
MED00004,12,h,-0.00269
MED00005,12,h,-1e-04
MED00006,12,h,-0.00538
MED00007,12,h,-0.00048
MED00008,12,h,-0.00042
MED00009,12,h,-0.00023
MED00010,12,h,-0.00274
MED00011,12,h,-0.00386
MED00012,12,h,-0.0055
MED00013,12,h,0.00055
MED00014,12,h,-0.00019
MED00015,12,h,0.00175
MED00016,12,h,0.00239
MED00017,12,h,-0.00073
MED00018,12,h,-0.00112
MED00019,12,h,-0.00064
MED00020,12,h,-0.00027
MED00021,12,h,-0.00075
MED00022,12,h,0.00024
MED00023,12,h,-0.00586
MED00024,12,h,-0.00057
MED00027,12,h,0.00011
MED00028,12,h,-0.00046
MED00029,12,h,0.00054
MED00031,12,h,0.00048
MED00032,12,h,0.00099
MED00033,12,h,-0.00244
MED00034,12,h,-0.00302
MED00035,12,h,0.00615
MED00036,12,h,-0.00108
MED00037,12,h,0.00013
MED00038,12,h,0.00011
MED00039,12,h,-0.00053
MED00040,12,h,-0.00071
MED00041,12,h,-0.00159
MED00042,12,h,0.00117
MED00043,12,h,-0.00088
MED00044,12,h,-0.00069
MED00045,12,h,-0.00147
MED00046,12,h,-0.00077
MED00048,12,h,0.00067
MED00049,12,h,0.00011
MED00050,12,h,-0.00116
MED00051,12,h,-0.00062
MED00052,12,h,-0.00053
MED00053,12,h,-0.00065
MED00054,12,h,0.00067
MED00056,12,h,-0.00063
MED00057,12,h,-0.00194
MED00058,12,h,-0.0018
MED00060,12,h,0.00037
MED00061,12,h,-0.00029
MED00062,12,h,0.00074
MED00064,12,h,-0.00469
MED00065,12,h,-0.00031
MED00067,12,h,0.00132
MED00069,12,h,-0.00088
MED00071,12,h,0.00014
MED00073,12,h,-0.00029
MED00074,12,h,0.00032
MED00075,12,h,-0.00067
MED00076,12,h,-0.00235
MED00077,12,h,0.00067
MED00078,12,h,-0.00043
MED00079,12,h,0.00413
MED00080,12,h,-0.00025
MED00081,12,h,-0.00078
MED00082,12,h,-0.00096
MED00084,12,h,-0.00527
MED00086,12,h,-0.00039
MED00087,12,h,-0.00139
MED00088,12,h,-0.00538
MED00089,12,h,-0.00213
MED00090,12,h,-0.00021
MED00091,12,h,-0.00074
MED00092,12,h,0.00138
MED00093,12,h,0.00468
MED00094,12,h,0.00141
MED00097,12,h,-0.00092
MED00098,12,h,-0.00131
MED00100,12,h,-0.00064
MED00101,12,h,0.00147
MED00102,12,h,0.00083
MED00103,12,h,-0.00133
MED00104,12,h,-0.00023
MED00105,12,h,-0.00094
MED00107,12,h,-0.00091
MED00108,12,h,-0.00017
MED00109,12,h,-0.00321
MED00110,12,h,-0.00174
MED00111,12,h,-0.00111
MED00112,12,h,-0.00102
MED00113,12,h,0.00029
MED00114,12,h,-0.0031
MED00115,12,h,-0.0014
MED00116,12,h,-0.00414
MED00117,12,h,-0.00091
MED00119,12,h,-0.00514
MED00120,12,h,-0.00172
MED00123,12,h,-0.00172
MED00124,12,h,-0.00026
MED00125,12,h,-0.00087
MED00126,12,h,-0.00339
MED00127,12,h,-0.00156
MED00128,12,h,-0.0008
MED00129,12,h,-0.00179
MED00130,12,h,1e-04
MED00132,12,h,-0.00073
MED00133,12,h,-0.00046
MED00134,12,h,-0.00174
MED00135,12,h,-0.00265
MED00136,12,h,0.00047
MED00137,12,h,-0.00012
MED00139,12,h,-0.00116
MED00141,12,h,-0.00127
MED00142,12,h,-0.0007
MED00144,12,h,-0.00123
MED00145,12,h,0.00075
MED00146,12,h,0.00564
MED00147,12,h,-0.00027
MED00148,12,h,0.00025
MED00149,12,h,-0.00091
MED00150,12,h,-0.00122
MED00151,12,h,-0.00014
MED00152,12,h,-0.00013
MED00153,12,h,-0.00118
MED00154,12,h,-0.00086
MED00156,12,h,0.00046
MED00159,12,h,-0.00133
MED00160,12,h,-0.00012
MED00161,12,h,-0.00121
MED00162,12,h,-0.00138
MED00163,12,h,-0.00076
MED00164,12,h,-0.00096
MED00165,12,h,-0.00031
MED00166,12,h,-0.00132
MED00167,12,h,0.00098
MED00168,12,h,-0.00099
MED00170,12,h,0.00017
MED00171,12,h,-0.00011
MED00172,12,h,0.00325
MED00173,12,h,-0.00103
MED00174,12,h,-0.00102
MED00175,12,h,-0.00111
MED00176,12,h,-0.00076
MED00177,12,h,-0.00022
MED00178,12,h,-0.00037
MED00179,12,h,-0.001
MED00180,12,h,-0.00551
MED00181,12,h,-0.00173
MED00182,12,h,-0.00036
MED00183,12,h,-0.00325
MED00184,12,h,-0.00268
MED00185,12,h,0.00041
MED00186,12,h,-0.0014
MED00187,12,h,-0.00011
MED00189,12,h,-0.00086
MED00190,12,h,-0.00118
MED00192,12,h,-0.001
MED00194,12,h,-0.00057
MED00195,12,h,-0.00081
MED00196,12,h,-0.00143
MED00197,12,h,-0.00073
MED00198,12,h,-0.00017
MED00199,12,h,-0.00091
MED00200,12,h,-0.00097
MED00201,12,h,0.00012
MED00202,12,h,-0.00539
MED00204,12,h,-0.00526
MED00205,12,h,-0.0002
MED00206,12,h,0.01901
MED00207,12,h,-0.00101
MED00208,12,h,-0.00074
MED00209,12,h,-0.0002
MED00211,12,h,-0.00102
MED00212,12,h,-0.00189
MED00213,12,h,-0.00285
MED00214,12,h,0.00079
MED00215,12,h,-0.0011
MED00216,12,h,0.00015
MED00217,12,h,0.0019
MED00218,12,h,-0.0006
MED00219,12,h,0.00104
MED00220,12,h,-0.00124
MED00221,12,h,-0.00035
MED00222,12,h,-0.00081
MED00223,12,h,-0.00214
MED00224,12,h,-0.00556
MED00225,12,h,0.00023
MED00226,12,h,-0.00071
MED00227,12,h,-0.0013
MED00228,12,h,0.00156
MED00229,12,h,-0.0018
MED00230,12,h,-0.00151
MED00231,12,h,0.00013
MED00232,12,h,-0.00108
MED00233,12,h,-0.00033
MED00235,12,h,-0.00354
MED00236,12,h,-0.00064
MED00238,12,h,-0.00075
MED00239,12,h,-0.00015
MED00240,12,h,-0.001
MED00241,12,h,-0.00125
MED00242,12,h,-0.00049
MED00243,12,h,0.00192
MED00244,12,h,-0.00124
MED00245,12,h,-0.00022
MED00248,12,h,0.0002
MED00249,12,h,-0.00409
MED00250,12,h,0.00027
MED00251,12,h,-0.00093
MED00252,12,h,-0.0089
MED00253,12,h,-0.00144
MED00254,12,h,0.00121
MED00255,12,h,-0.00119
MED00256,12,h,-0.00011
MED00257,12,h,0.00017
MED00258,12,h,-0.0012
MED00260,12,h,0.00143
MED00261,12,h,-0.00189
MED00263,12,h,0.00122
MED00264,12,h,-0.00132
MED00266,12,h,-0.00268
MED00267,12,h,-0.00071
MED00269,12,h,-0.00088
MED00270,12,h,0.00104
MED00271,12,h,0.00983
MED00272,12,h,-0.00103
MED00273,12,h,-0.00058
MED00274,12,h,-0.00129
MED00276,12,h,-0.00012
MED00277,12,h,-0.00086
MED00278,12,h,0.00039
MED00279,12,h,-0.00511
MED00280,12,h,0.00184
MED00282,12,h,-0.0018
MED00283,12,h,-0.00114
MED00284,12,h,-0.00064
MED00285,12,h,-0.00017
MED00286,12,h,-0.00016
MED00287,12,h,-0.00015
MED00288,12,h,-0.00339
MED00289,12,h,0.00017
MED00290,12,h,-0.00019
MED00291,12,h,-0.00338
MED00292,12,h,-0.00014
MED00293,12,h,0.00109
MED00294,12,h,-0.00099
MED00295,12,h,-0.00067
MED00296,12,h,-0.00115
MED00297,12,h,-0.00112
MED00299,12,h,-0.00173
MED00300,12,h,-0.0054
MED00301,12,h,-0.00023
MED00302,12,h,-0.0026
MED00304,12,h,-0.00088
MED00305,12,h,-0.00135
MED00306,12,h,-0.00089
MED00307,12,h,-0.00087
MED00308,12,h,-0.00053
MED00309,12,h,-0.00089
MED00310,12,h,-0.00014
MED00311,12,h,0.00127
MED00312,12,h,-0.00156
MED00313,12,h,0.01395
MED00314,12,h,-0.00255
MED00317,12,h,-0.00114
MED00319,12,h,-0.00012
MED00320,12,h,-0.00339
MED00321,12,h,0.00613
MED00322,12,h,-0.00026
MED00323,12,h,-0.0016
MED00324,12,h,-0.00044
MED00325,12,h,-0.00063
MED00326,12,h,-0.00028
MED00329,12,h,-0.00018
MED00330,12,h,-0.00093
MED00331,12,h,0.0013
MED00333,12,h,0.00134
MED00334,12,h,-0.00281
MED00336,12,h,-0.00138
MED00337,12,h,-0.00038
MED00338,12,h,-0.0018
MED00339,12,h,-0.0049
MED00340,12,h,-0.00203
MED00341,12,h,-0.00032
MED00342,12,h,-0.00147
MED00344,12,h,0.00014
MED00345,12,h,0.00011
MED00346,12,h,-0.00136
MED00347,12,h,-0.00071
MED00348,12,h,-0.00069
MED00349,12,h,-0.00026
MED00350,12,h,0.00991
MED00351,12,h,-0.00213
MED00352,12,h,-0.00088
MED00353,12,h,-0.0032
MED00354,12,h,-0.0029
MED00356,12,h,0.00025
MED00357,12,h,0.00103
MED00359,12,h,-0.00171
MED00360,12,h,0.00263
MED00361,12,h,0.00011
MED00363,12,h,-0.00015
MED00364,12,h,-0.00022
MED00365,12,h,-0.00066
MED00366,12,h,0.00011
MED00367,12,h,-0.0011
MED00368,12,h,0.00116
MED00369,12,h,-0.00018
MED00370,12,h,-0.00033
MED00371,12,h,-0.0027
MED00372,12,h,-0.00086
MED00373,12,h,-0.00095
MED00374,12,h,0.00091
MED00375,12,h,-0.00058
MED00376,12,h,-0.00113
MED00377,12,h,-0.00054
MED00378,12,h,-0.00091
MED00379,12,h,0.01498
MED00380,12,h,-0.00353
MED00382,12,h,-0.0002
MED00383,12,h,-0.0009
MED00384,12,h,0.00012
MED00385,12,h,-0.00101
MED00386,12,h,-0.00022
MED00387,12,h,-0.00028
MED00388,12,h,-0.0016
MED00389,12,h,0.00052
MED00390,12,h,-0.00075
MED00391,12,h,-1e-04
MED00392,12,h,-0.00015
MED00393,12,h,-0.00157
MED00395,12,h,-0.00065
MED00396,12,h,-0.00123
MED00397,12,h,-0.00144
MED00398,12,h,-0.00118
MED00399,12,h,-0.00125
MED00400,12,h,-0.00098
MED00401,12,h,-0.00026
MED00403,12,h,-0.00037
MED00404,12,h,-0.00072
MED00405,12,h,-0.00021
MED00406,12,h,-0.00063
MED00407,12,h,-0.00016
MED00409,12,h,-0.00103
MED00411,12,h,0.0002
MED00412,12,h,0.00061
MED00414,12,h,0.00049
MED00415,12,h,0.00056
MED00416,12,h,0.00082
MED00417,12,h,0.00045
MED00418,12,h,-0.00015
MED00419,12,h,0.00021
MED00420,12,h,0.00048
MED00421,12,h,0.00026
MED00422,12,h,0.00024
MED00424,12,h,-0.00197
MED00001,1,category_code,0.08701
MED00002,1,category_code,-0.80953
MED00003,1,category_code,-0.56919
MED00004,1,category_code,-0.31474
MED00005,1,category_code,-0.32175
MED00006,1,category_code,0.09659
MED00007,1,category_code,-0.00454
MED00008,1,category_code,-0.48695
MED00009,1,category_code,0.06888
MED00010,1,category_code,0.09369
MED00011,1,category_code,0.24668
MED00012,1,category_code,-0.01336
MED00013,1,category_code,-0.00352
MED00014,1,category_code,0.23317
MED00015,1,category_code,-0.42337
MED00016,1,category_code,-0.00704
MED00017,1,category_code,-0.02304
MED00018,1,category_code,0.26371
MED00019,1,category_code,0.21211
MED00020,1,category_code,0.28074
MED00021,1,category_code,-0.01264
MED00022,1,category_code,0.01555
MED00023,1,category_code,-0.03928
MED00024,1,category_code,0.00048
MED00025,1,category_code,-0.80077
MED00026,1,category_code,-0.5652
MED00027,1,category_code,-0.61642
MED00028,1,category_code,-0.498
MED00029,1,category_code,-0.10902
MED00030,1,category_code,-0.05024
MED00031,1,category_code,0.01551
MED00032,1,category_code,0.07729
MED00033,1,category_code,-0.38283
MED00034,1,category_code,0.26073
MED00035,1,category_code,-0.32343
MED00036,1,category_code,-0.26427
MED00037,1,category_code,0.21932
MED00038,1,category_code,-0.03969
MED00039,1,category_code,-0.29007
MED00040,1,category_code,-0.37636
MED00041,1,category_code,-0.36269
MED00042,1,category_code,0.08846
MED00043,1,category_code,-0.49263
MED00044,1,category_code,0.00321
MED00045,1,category_code,0.05003
MED00046,1,category_code,0.02774
MED00047,1,category_code,-0.05253
MED00048,1,category_code,-0.05835
MED00049,1,category_code,-0.75733
MED00050,1,category_code,-0.01395
MED00051,1,category_code,-0.80621
MED00052,1,category_code,-0.49566
MED00053,1,category_code,-0.10543
MED00054,1,category_code,-0.10355
MED00055,1,category_code,-0.24973
MED00056,1,category_code,-0.28753
MED00057,1,category_code,-0.33742
MED00058,1,category_code,0.09853
MED00059,1,category_code,0.02295
MED00060,1,category_code,0.0534
MED00061,1,category_code,-0.49084
MED00062,1,category_code,0.07158
MED00063,1,category_code,-0.82154
MED00064,1,category_code,0.23234
MED00065,1,category_code,0.24526
MED00066,1,category_code,-0.46199
MED00067,1,category_code,-0.01984
MED00068,1,category_code,-0.01612
MED00069,1,category_code,-0.00258
MED00070,1,category_code,-0.00733
MED00071,1,category_code,0.00366
MED00072,1,category_code,-0.00433
MED00073,1,category_code,0.00201
MED00074,1,category_code,-0.00356
MED00075,1,category_code,0.23062
MED00076,1,category_code,-0.68912
MED00077,1,category_code,0.04018
MED00078,1,category_code,-0.03672
MED00079,1,category_code,0.25539
MED00080,1,category_code,-0.01246
MED00081,1,category_code,-0.50995
MED00082,1,category_code,-0.01425
MED00083,1,category_code,-0.02324
MED00084,1,category_code,0.2276
MED00085,1,category_code,-0.01285
MED00086,1,category_code,-0.48579
MED00087,1,category_code,-0.00465
MED00088,1,category_code,0.27243
MED00089,1,category_code,0.28935
MED00090,1,category_code,-0.05945
MED00091,1,category_code,-0.00272
MED00092,1,category_code,0.01995
MED00093,1,category_code,-0.5623
MED00094,1,category_code,-0.53892
MED00095,1,category_code,-0.00803
MED00096,1,category_code,0.33931
MED00097,1,category_code,-0.47443
MED00098,1,category_code,-0.06508
MED00099,1,category_code,-0.68104
MED00100,1,category_code,-0.74725
MED00101,1,category_code,-0.01772
MED00102,1,category_code,0.34343
MED00103,1,category_code,-0.00759
MED00104,1,category_code,-0.06046
MED00105,1,category_code,-0.05422
MED00106,1,category_code,-0.79692
MED00107,1,category_code,-0.05716
MED00108,1,category_code,-0.00821
MED00109,1,category_code,-0.28193
MED00110,1,category_code,-0.24005
MED00111,1,category_code,-0.49562
MED00112,1,category_code,0.00037
MED00113,1,category_code,0.00749
MED00114,1,category_code,0.11837
MED00115,1,category_code,-0.01457
MED00116,1,category_code,0.17011
MED00117,1,category_code,0.0169
MED00118,1,category_code,0.08216
MED00119,1,category_code,-0.00193
MED00120,1,category_code,0.44961
MED00121,1,category_code,-0.01193
MED00122,1,category_code,-0.00481
MED00123,1,category_code,-0.23589
MED00124,1,category_code,-0.05935
MED00125,1,category_code,-0.63943
MED00126,1,category_code,-0.33388
MED00127,1,category_code,0.03692
MED00128,1,category_code,-0.00464
MED00129,1,category_code,0.02989
MED00130,1,category_code,-0.75628
MED00131,1,category_code,-0.00192
MED00132,1,category_code,-0.38607
MED00133,1,category_code,-0.36753
MED00134,1,category_code,-0.19075
MED00135,1,category_code,0.31665
MED00136,1,category_code,-0.19712
MED00137,1,category_code,0.00994
MED00138,1,category_code,-0.01257
MED00139,1,category_code,-0.00756
MED00140,1,category_code,0.01886
MED00141,1,category_code,-0.09088
MED00142,1,category_code,-0.44801
MED00143,1,category_code,0.02181
MED00144,1,category_code,-0.04989
MED00145,1,category_code,-0.46411
MED00146,1,category_code,-0.00325
MED00147,1,category_code,0.07322
MED00148,1,category_code,0.0487
MED00149,1,category_code,-0.00213
MED00150,1,category_code,-0.05145
MED00151,1,category_code,-0.00552
MED00152,1,category_code,-0.01294
MED00153,1,category_code,-0.00906
MED00154,1,category_code,0.21129
MED00155,1,category_code,-0.01127
MED00156,1,category_code,0.07361
MED00157,1,category_code,-0.0511
MED00158,1,category_code,-0.5701
MED00159,1,category_code,0.41949
MED00160,1,category_code,-0.0144
MED00161,1,category_code,-0.0414
MED00162,1,category_code,-0.0024
MED00163,1,category_code,-0.50971
MED00164,1,category_code,-0.00627
MED00165,1,category_code,0.11218
MED00166,1,category_code,-0.00563
MED00167,1,category_code,0.01743
MED00168,1,category_code,-0.00494
MED00169,1,category_code,0.00067
MED00170,1,category_code,0.0083
MED00171,1,category_code,-0.00844
MED00172,1,category_code,-0.09387
MED00173,1,category_code,-0.00703
MED00174,1,category_code,0.20327
MED00175,1,category_code,-0.26367
MED00176,1,category_code,0.27165
MED00177,1,category_code,-0.64379
MED00178,1,category_code,-0.08346
MED00179,1,category_code,-0.26169
MED00180,1,category_code,-0.00401
MED00181,1,category_code,-0.00479
MED00182,1,category_code,-0.62159
MED00183,1,category_code,0.24668
MED00184,1,category_code,0.15889
MED00185,1,category_code,0.03386
MED00186,1,category_code,-0.00256
MED00187,1,category_code,0.05921
MED00188,1,category_code,0.00523
MED00189,1,category_code,-0.72764
MED00190,1,category_code,-0.01457
MED00191,1,category_code,-0.01114
MED00192,1,category_code,-0.72747
MED00193,1,category_code,-0.82726
MED00194,1,category_code,0.06661
MED00195,1,category_code,0.15493
MED00196,1,category_code,0.04956
MED00197,1,category_code,0.0752
MED00198,1,category_code,0.02257
MED00199,1,category_code,-0.13383
MED00200,1,category_code,0.01188
MED00201,1,category_code,0.05685
MED00202,1,category_code,0.01088
MED00203,1,category_code,0.00602
MED00204,1,category_code,-0.00471
MED00205,1,category_code,-0.04992
MED00206,1,category_code,-0.08515
MED00207,1,category_code,-0.02638
MED00208,1,category_code,-0.06023
MED00209,1,category_code,-0.05783
MED00210,1,category_code,-0.19262
MED00211,1,category_code,-0.00432
MED00212,1,category_code,0.05002
MED00213,1,category_code,-0.30972
MED00214,1,category_code,-0.06075
MED00215,1,category_code,-0.01146
MED00216,1,category_code,-0.90382
MED00217,1,category_code,-0.6689
MED00218,1,category_code,-0.03409
MED00219,1,category_code,0.23984
MED00220,1,category_code,-0.02151
MED00221,1,category_code,0.00649
MED00222,1,category_code,-0.46447
MED00223,1,category_code,0.18792
MED00224,1,category_code,0.02885
MED00225,1,category_code,-0.02043
MED00226,1,category_code,0.02324
MED00227,1,category_code,0.19101
MED00228,1,category_code,0.12372
MED00229,1,category_code,-0.26812
MED00230,1,category_code,0.19444
MED00231,1,category_code,0.11904
MED00232,1,category_code,-0.00862
MED00233,1,category_code,-0.30174
MED00234,1,category_code,0.0221
MED00235,1,category_code,0.19471
MED00236,1,category_code,-0.01396
MED00237,1,category_code,-0.14839
MED00238,1,category_code,-0.01803
MED00239,1,category_code,-0.00348
MED00240,1,category_code,-0.02368
MED00241,1,category_code,-0.00859
MED00242,1,category_code,0.0476
MED00243,1,category_code,-0.78658
MED00244,1,category_code,-0.01267
MED00245,1,category_code,0.17571
MED00246,1,category_code,-0.05112
MED00247,1,category_code,-0.0455
MED00248,1,category_code,0.04061
MED00249,1,category_code,0.23293
MED00250,1,category_code,-0.01234
MED00251,1,category_code,-0.00469
MED00252,1,category_code,-0.45977
MED00253,1,category_code,0.00307
MED00254,1,category_code,-0.53711
MED00255,1,category_code,-0.0552
MED00256,1,category_code,0.0423
MED00257,1,category_code,-0.02639
MED00258,1,category_code,-0.01819
MED00259,1,category_code,-0.0023
MED00260,1,category_code,-0.23596
MED00261,1,category_code,-0.32525
MED00262,1,category_code,0.01345
MED00263,1,category_code,0.00081
MED00264,1,category_code,-0.23621
MED00265,1,category_code,-0.04938
MED00266,1,category_code,0.33498
MED00267,1,category_code,-0.02712
MED00268,1,category_code,-0.01381
MED00269,1,category_code,-0.00781
MED00270,1,category_code,0.0099
MED00271,1,category_code,-0.06876
MED00272,1,category_code,0.05552
MED00273,1,category_code,0.06433
MED00274,1,category_code,-0.33288
MED00275,1,category_code,0.09437
MED00276,1,category_code,-0.01367
MED00277,1,category_code,-0.72699
MED00278,1,category_code,-0.06425
MED00279,1,category_code,0.16901
MED00280,1,category_code,-0.68959
MED00281,1,category_code,0.06348
MED00282,1,category_code,0.06501
MED00283,1,category_code,0.01423
MED00284,1,category_code,0.01526
MED00285,1,category_code,-0.04235
MED00286,1,category_code,0.11757
MED00287,1,category_code,0.00336
MED00288,1,category_code,0.20899
MED00289,1,category_code,-0.05062
MED00290,1,category_code,0.03352
MED00291,1,category_code,0.38081
MED00292,1,category_code,0.05845
MED00293,1,category_code,0.11443
MED00294,1,category_code,0.0027
MED00295,1,category_code,-0.59908
MED00296,1,category_code,-0.01739
MED00297,1,category_code,-0.04494
MED00298,1,category_code,-0.0096
MED00299,1,category_code,-0.39567
MED00300,1,category_code,-0.0151
MED00301,1,category_code,-0.03894
MED00302,1,category_code,0.19668
MED00303,1,category_code,0.05277
MED00304,1,category_code,-0.07086
MED00305,1,category_code,0.00839
MED00306,1,category_code,-0.3652
MED00307,1,category_code,0.25062
MED00308,1,category_code,-0.21639
MED00309,1,category_code,0.00181
MED00310,1,category_code,0.121
MED00311,1,category_code,-0.05944
MED00312,1,category_code,-0.34725
MED00313,1,category_code,-0.27015
MED00314,1,category_code,0.34283
MED00315,1,category_code,-0.0637
MED00316,1,category_code,-0.00995
MED00317,1,category_code,-0.00642
MED00318,1,category_code,-0.0051
MED00319,1,category_code,-0.04544
MED00320,1,category_code,0.20062
MED00321,1,category_code,-0.33108
MED00322,1,category_code,-0.75473
MED00323,1,category_code,-0.1842
MED00324,1,category_code,-0.14816
MED00325,1,category_code,-0.0495
MED00326,1,category_code,-0.05342
MED00327,1,category_code,-0.01404
MED00328,1,category_code,-0.03013
MED00329,1,category_code,-0.05016
MED00330,1,category_code,-0.0264
MED00331,1,category_code,0.02775
MED00332,1,category_code,-0.01692
MED00333,1,category_code,-0.01581
MED00334,1,category_code,0.21869
MED00335,1,category_code,-0.00162
MED00336,1,category_code,-0.04749
MED00337,1,category_code,0.26407
MED00338,1,category_code,0.4292
MED00339,1,category_code,0.01486
MED00340,1,category_code,-0.2098
MED00341,1,category_code,-0.04242
MED00342,1,category_code,-0.01659
MED00343,1,category_code,-0.05609
MED00344,1,category_code,0.05003
MED00345,1,category_code,-0.7414
MED00346,1,category_code,-0.01555
MED00347,1,category_code,-0.75679
MED00348,1,category_code,0.03871
MED00349,1,category_code,-0.00536
MED00350,1,category_code,-0.39556
MED00351,1,category_code,-0.23404
MED00352,1,category_code,-0.39166
MED00353,1,category_code,-0.30774
MED00354,1,category_code,-0.32395
MED00355,1,category_code,-0.10701
MED00356,1,category_code,-0.00042
MED00357,1,category_code,-0.7298
MED00358,1,category_code,0.07127
MED00359,1,category_code,-0.01077
MED00360,1,category_code,0.17555
MED00361,1,category_code,0.00076
MED00362,1,category_code,0.02703
MED00363,1,category_code,-0.00519
MED00364,1,category_code,-0.75905
MED00365,1,category_code,-0.00953
MED00366,1,category_code,-0.05352
MED00367,1,category_code,-0.01561
MED00368,1,category_code,-0.00217
MED00369,1,category_code,-0.01851
MED00370,1,category_code,-0.40301
MED00371,1,category_code,0.29291
MED00372,1,category_code,-0.73278
MED00373,1,category_code,-0.49811
MED00374,1,category_code,0.05633
MED00375,1,category_code,0.29416
MED00376,1,category_code,-0.01749
MED00377,1,category_code,-0.55018
MED00379,1,category_code,-0.37055
MED00380,1,category_code,-0.24003
MED00381,1,category_code,-0.35927
MED00382,1,category_code,0.05354
MED00383,1,category_code,-0.05279
MED00384,1,category_code,-0.01112
MED00385,1,category_code,0.03988
MED00386,1,category_code,0.06592
MED00387,1,category_code,0.03142
MED00388,1,category_code,0.27708
MED00389,1,category_code,-0.00471
MED00390,1,category_code,-0.02716
MED00391,1,category_code,0.05077
MED00392,1,category_code,0.02825
MED00393,1,category_code,0.06415
MED00394,1,category_code,0.06838
MED00395,1,category_code,0.04696
MED00396,1,category_code,0.07841
MED00397,1,category_code,0.27902
MED00398,1,category_code,0.28612
MED00399,1,category_code,0.28412
MED00400,1,category_code,0.26015
MED00401,1,category_code,0.1623
MED00402,1,category_code,0.13172
MED00403,1,category_code,-0.01189
MED00404,1,category_code,-0.01668
MED00405,1,category_code,-0.03318
MED00406,1,category_code,0.01865
MED00407,1,category_code,0.13026
MED00408,1,category_code,0.14371
MED00409,1,category_code,-0.12531
MED00410,1,category_code,-0.13184
MED00411,1,category_code,0.01744
MED00412,1,category_code,0.07656
MED00413,1,category_code,0.04519
MED00414,1,category_code,0.03081
MED00415,1,category_code,0.05432
MED00416,1,category_code,0.04623
MED00417,1,category_code,0.03905
MED00418,1,category_code,0.08016
MED00419,1,category_code,0.0694
MED00420,1,category_code,0.05197
MED00421,1,category_code,0.06017
MED00422,1,category_code,0.05294
MED00423,1,category_code,0.06224
MED00424,1,category_code,0.12563
MED00001,2,category_code,0.09823
MED00002,2,category_code,-0.82981
MED00003,2,category_code,-0.59548
MED00004,2,category_code,-0.34029
MED00005,2,category_code,-0.32906
MED00006,2,category_code,0.07808
MED00007,2,category_code,-0.0223
MED00008,2,category_code,-0.52772
MED00009,2,category_code,0.07827
MED00010,2,category_code,0.10394
MED00011,2,category_code,0.26807
MED00012,2,category_code,-0.03312
MED00013,2,category_code,-0.02065
MED00014,2,category_code,0.20078
MED00015,2,category_code,-0.46328
MED00016,2,category_code,-0.02407
MED00017,2,category_code,-0.04431
MED00018,2,category_code,0.28001
MED00019,2,category_code,0.19697
MED00020,2,category_code,0.31
MED00021,2,category_code,-0.01957
MED00022,2,category_code,0.01408
MED00023,2,category_code,-0.06825
MED00024,2,category_code,-0.00502
MED00025,2,category_code,-0.82783
MED00026,2,category_code,-0.60468
MED00027,2,category_code,-0.65556
MED00028,2,category_code,-0.54594
MED00029,2,category_code,-0.10103
MED00030,2,category_code,-0.04811
MED00031,2,category_code,0.02247
MED00032,2,category_code,0.06988
MED00033,2,category_code,-0.40003
MED00034,2,category_code,0.27942
MED00035,2,category_code,-0.31416
MED00036,2,category_code,-0.26427
MED00037,2,category_code,0.18981
MED00038,2,category_code,-0.04979
MED00039,2,category_code,-0.28712
MED00040,2,category_code,-0.39284
MED00041,2,category_code,-0.36219
MED00042,2,category_code,0.10338
MED00043,2,category_code,-0.49114
MED00045,2,category_code,0.04524
MED00046,2,category_code,0.02592
MED00047,2,category_code,-0.07445
MED00048,2,category_code,-0.08557
MED00049,2,category_code,-0.78378
MED00050,2,category_code,-0.02322
MED00051,2,category_code,-0.83605
MED00052,2,category_code,-0.52637
MED00053,2,category_code,-0.0869
MED00054,2,category_code,-0.07982
MED00055,2,category_code,-0.25564
MED00056,2,category_code,-0.31578
MED00057,2,category_code,-0.36186
MED00058,2,category_code,0.07832
MED00059,2,category_code,0.00561
MED00060,2,category_code,0.03983
MED00061,2,category_code,-0.5423
MED00062,2,category_code,0.05641
MED00063,2,category_code,-0.85078
MED00064,2,category_code,0.18356
MED00065,2,category_code,0.21217
MED00066,2,category_code,-0.5018
MED00067,2,category_code,-0.03599
MED00068,2,category_code,-0.02194
MED00069,2,category_code,-0.007
MED00070,2,category_code,-0.01632
MED00071,2,category_code,-0.00012
MED00072,2,category_code,-0.01018
MED00073,2,category_code,-0.00663
MED00074,2,category_code,-0.01092
MED00075,2,category_code,0.22845
MED00076,2,category_code,-0.71426
MED00077,2,category_code,0.05705
MED00078,2,category_code,-0.02499
MED00079,2,category_code,0.24297
MED00080,2,category_code,-0.01944
MED00081,2,category_code,-0.5342
MED00082,2,category_code,-0.0182
MED00083,2,category_code,-0.02855
MED00084,2,category_code,0.2212
MED00085,2,category_code,-0.03038
MED00086,2,category_code,-0.5037
MED00087,2,category_code,-0.02378
MED00088,2,category_code,0.23716
MED00089,2,category_code,0.30841
MED00090,2,category_code,-0.08937
MED00091,2,category_code,-0.01051
MED00092,2,category_code,0.00718
MED00093,2,category_code,-0.59955
MED00094,2,category_code,-0.58654
MED00095,2,category_code,-0.02905
MED00096,2,category_code,0.30615
MED00097,2,category_code,-0.4859
MED00098,2,category_code,-0.08662
MED00099,2,category_code,-0.69325
MED00100,2,category_code,-0.77568
MED00101,2,category_code,-0.02403
MED00102,2,category_code,0.31675
MED00103,2,category_code,-0.02953
MED00104,2,category_code,-0.0839
MED00105,2,category_code,-0.06589
MED00106,2,category_code,-0.82582
MED00107,2,category_code,-0.08083
MED00108,2,category_code,-0.03054
MED00109,2,category_code,-0.30773
MED00110,2,category_code,-0.25467
MED00111,2,category_code,-0.54706
MED00112,2,category_code,-0.02152
MED00113,2,category_code,-0.00815
MED00114,2,category_code,0.15005
MED00115,2,category_code,-0.03608
MED00116,2,category_code,0.14721
MED00117,2,category_code,0.01913
MED00118,2,category_code,0.06762
MED00119,2,category_code,-0.02357
MED00120,2,category_code,0.4641
MED00121,2,category_code,-0.02002
MED00122,2,category_code,-0.02287
MED00123,2,category_code,-0.23269
MED00124,2,category_code,-0.08315
MED00125,2,category_code,-0.66488
MED00126,2,category_code,-0.35485
MED00127,2,category_code,0.04078
MED00128,2,category_code,-0.0267
MED00129,2,category_code,0.03047
MED00130,2,category_code,-0.78204
MED00131,2,category_code,-0.00711
MED00132,2,category_code,-0.38336
MED00133,2,category_code,-0.35817
MED00134,2,category_code,-0.20608
MED00135,2,category_code,0.33262
MED00136,2,category_code,-0.17746
MED00137,2,category_code,0.01765
MED00138,2,category_code,-0.01919
MED00139,2,category_code,-0.01155
MED00140,2,category_code,0.00071
MED00141,2,category_code,-0.0982
MED00142,2,category_code,-0.46786
MED00143,2,category_code,0.00087
MED00144,2,category_code,-0.05775
MED00145,2,category_code,-0.49787
MED00146,2,category_code,-0.02014
MED00147,2,category_code,0.06253
MED00148,2,category_code,0.03652
MED00149,2,category_code,-0.01492
MED00150,2,category_code,-0.08642
MED00151,2,category_code,-0.02756
MED00152,2,category_code,-0.03616
MED00153,2,category_code,-0.03065
MED00154,2,category_code,0.18023
MED00155,2,category_code,-0.0322
MED00156,2,category_code,0.06389
MED00157,2,category_code,-0.06783
MED00158,2,category_code,-0.6091
MED00159,2,category_code,0.43154
MED00160,2,category_code,-0.03683
MED00161,2,category_code,-0.05812
MED00162,2,category_code,-0.02216
MED00163,2,category_code,-0.54872
MED00164,2,category_code,-0.00918
MED00165,2,category_code,0.1306
MED00166,2,category_code,-0.02513
MED00167,2,category_code,0.00352
MED00168,2,category_code,-0.01025
MED00169,2,category_code,-0.01576
MED00170,2,category_code,-0.00779
MED00171,2,category_code,-0.02989
MED00172,2,category_code,-0.11335
MED00173,2,category_code,-0.03232
MED00174,2,category_code,0.17831
MED00175,2,category_code,-0.27319
MED00176,2,category_code,0.31076
MED00177,2,category_code,-0.66652
MED00178,2,category_code,-0.07782
MED00179,2,category_code,-0.26077
MED00180,2,category_code,-0.02591
MED00181,2,category_code,-0.02638
MED00182,2,category_code,-0.6308
MED00183,2,category_code,0.27252
MED00184,2,category_code,0.18893
MED00185,2,category_code,0.05234
MED00186,2,category_code,-0.02292
MED00187,2,category_code,0.06575
MED00188,2,category_code,-0.01297
MED00189,2,category_code,-0.75332
MED00190,2,category_code,-0.03486
MED00191,2,category_code,-0.00932
MED00192,2,category_code,-0.76685
MED00193,2,category_code,-0.84835
MED00194,2,category_code,0.08269
MED00195,2,category_code,0.17336
MED00196,2,category_code,0.06644
MED00197,2,category_code,0.08711
MED00198,2,category_code,0.00399
MED00199,2,category_code,-0.12096
MED00200,2,category_code,0.00551
MED00201,2,category_code,0.04627
MED00202,2,category_code,-0.00939
MED00203,2,category_code,0.00288
MED00204,2,category_code,-0.01044
MED00205,2,category_code,-0.06223
MED00206,2,category_code,-0.10699
MED00207,2,category_code,-0.04718
MED00208,2,category_code,-0.07162
MED00209,2,category_code,-0.05418
MED00210,2,category_code,-0.20061
MED00211,2,category_code,-0.0226
MED00212,2,category_code,0.05929
MED00213,2,category_code,-0.33332
MED00214,2,category_code,-0.08325
MED00215,2,category_code,-0.03155
MED00216,2,category_code,-0.93103
MED00217,2,category_code,-0.69413
MED00218,2,category_code,-0.052
MED00219,2,category_code,0.21772
MED00220,2,category_code,-0.04448
MED00221,2,category_code,-0.00292
MED00222,2,category_code,-0.48144
MED00223,2,category_code,0.21406
MED00224,2,category_code,0.00968
MED00225,2,category_code,-0.04464
MED00226,2,category_code,0.02241
MED00227,2,category_code,0.15966
MED00228,2,category_code,0.12918
MED00229,2,category_code,-0.2807
MED00230,2,category_code,0.16715
MED00231,2,category_code,0.0997
MED00232,2,category_code,-0.01514
MED00233,2,category_code,-0.29794
MED00234,2,category_code,0.00277
MED00235,2,category_code,0.20959
MED00236,2,category_code,-0.01225
MED00237,2,category_code,-0.14141
MED00238,2,category_code,-0.0288
MED00239,2,category_code,-0.02675
MED00240,2,category_code,-0.03098
MED00241,2,category_code,-0.02891
MED00242,2,category_code,0.06423
MED00243,2,category_code,-0.80719
MED00244,2,category_code,-0.03308
MED00245,2,category_code,0.20537
MED00246,2,category_code,-0.07308
MED00247,2,category_code,-0.07207
MED00248,2,category_code,0.04327
MED00249,2,category_code,0.25849
MED00250,2,category_code,-0.02237
MED00251,2,category_code,-0.02572
MED00252,2,category_code,-0.47734
MED00253,2,category_code,-0.01842
MED00254,2,category_code,-0.52984
MED00255,2,category_code,-0.03684
MED00256,2,category_code,0.02386
MED00257,2,category_code,-0.03444
MED00258,2,category_code,-0.03942
MED00259,2,category_code,-0.02354
MED00260,2,category_code,-0.23712
MED00261,2,category_code,-0.32619
MED00262,2,category_code,0.00794
MED00263,2,category_code,-0.01664
MED00264,2,category_code,-0.26291
MED00265,2,category_code,-0.06792
MED00266,2,category_code,0.34579
MED00267,2,category_code,-0.03569
MED00268,2,category_code,-0.0338
MED00269,2,category_code,-0.0304
MED00270,2,category_code,-0.00831
MED00271,2,category_code,-0.10177
MED00272,2,category_code,0.06329
MED00273,2,category_code,0.07333
MED00274,2,category_code,-0.32546
MED00275,2,category_code,0.10479
MED00276,2,category_code,-0.03575
MED00277,2,category_code,-0.75337
MED00278,2,category_code,-0.08166
MED00279,2,category_code,0.20473
MED00280,2,category_code,-0.71424
MED00281,2,category_code,0.07486
MED00282,2,category_code,0.07295
MED00283,2,category_code,-0.00664
MED00284,2,category_code,0.01137
MED00285,2,category_code,-0.06607
MED00286,2,category_code,0.09932
MED00287,2,category_code,-0.02011
MED00288,2,category_code,0.16826
MED00289,2,category_code,-0.05418
MED00290,2,category_code,0.01578
MED00291,2,category_code,0.36608
MED00292,2,category_code,0.04939
MED00293,2,category_code,0.0763
MED00294,2,category_code,0.00175
MED00295,2,category_code,-0.60825
MED00296,2,category_code,-0.04076
MED00297,2,category_code,-0.06623
MED00298,2,category_code,-0.02634
MED00299,2,category_code,-0.41075
MED00300,2,category_code,-0.03652
MED00301,2,category_code,-0.05919
MED00302,2,category_code,0.21287
MED00303,2,category_code,0.05653
MED00304,2,category_code,-0.07632
MED00305,2,category_code,-0.01191
MED00306,2,category_code,-0.37189
MED00307,2,category_code,0.29961
MED00308,2,category_code,-0.21649
MED00309,2,category_code,-0.00321
MED00310,2,category_code,0.10924
MED00311,2,category_code,-0.05077
MED00312,2,category_code,-0.34193
MED00313,2,category_code,-0.27712
MED00314,2,category_code,0.35247
MED00315,2,category_code,-0.08806
MED00316,2,category_code,-0.03234
MED00317,2,category_code,-0.02691
MED00318,2,category_code,-0.01161
MED00319,2,category_code,-0.07242
MED00320,2,category_code,0.17579
MED00321,2,category_code,-0.34369
MED00322,2,category_code,-0.78052
MED00323,2,category_code,-0.17898
MED00324,2,category_code,-0.13514
MED00325,2,category_code,-0.06691
MED00326,2,category_code,-0.07804
MED00327,2,category_code,-0.02103
MED00328,2,category_code,-0.05282
MED00329,2,category_code,-0.07698
MED00330,2,category_code,-0.04726
MED00331,2,category_code,0.01259
MED00332,2,category_code,-0.0366
MED00333,2,category_code,-0.02137
MED00334,2,category_code,0.18979
MED00335,2,category_code,0.01454
MED00336,2,category_code,-0.06096
MED00337,2,category_code,0.29742
MED00338,2,category_code,0.43454
MED00339,2,category_code,0.01283
MED00340,2,category_code,-0.21737
MED00341,2,category_code,-0.0521
MED00342,2,category_code,-0.03657
MED00343,2,category_code,-0.08243
MED00344,2,category_code,0.02222
MED00345,2,category_code,-0.76847
MED00346,2,category_code,-0.03614
MED00347,2,category_code,-0.78464
MED00348,2,category_code,0.02611
MED00349,2,category_code,-0.02899
MED00350,2,category_code,-0.39957
MED00351,2,category_code,-0.24577
MED00352,2,category_code,-0.41454
MED00353,2,category_code,-0.32785
MED00354,2,category_code,-0.33907
MED00355,2,category_code,-0.13551
MED00356,2,category_code,-0.01518
MED00357,2,category_code,-0.72547
MED00358,2,category_code,0.06129
MED00359,2,category_code,-0.03084
MED00360,2,category_code,0.13825
MED00361,2,category_code,-0.017
MED00362,2,category_code,0.00499
MED00363,2,category_code,-0.02673
MED00364,2,category_code,-0.78788
MED00365,2,category_code,-0.03051
MED00366,2,category_code,-0.07829
MED00367,2,category_code,-0.02136
MED00368,2,category_code,-0.01824
MED00369,2,category_code,-0.02608
MED00370,2,category_code,-0.4101
MED00371,2,category_code,0.31151
MED00372,2,category_code,-0.72958
MED00373,2,category_code,-0.53612
MED00374,2,category_code,0.0494
MED00375,2,category_code,0.31936
MED00376,2,category_code,-0.03792
MED00377,2,category_code,-0.60057
MED00378,2,category_code,-0.01188
MED00379,2,category_code,-0.38329
MED00380,2,category_code,-0.259
MED00381,2,category_code,-0.38347
MED00382,2,category_code,0.04246
MED00383,2,category_code,-0.06408
MED00384,2,category_code,-0.03162
MED00385,2,category_code,0.01997
MED00386,2,category_code,0.05343
MED00387,2,category_code,0.03823
MED00388,2,category_code,0.27495
MED00389,2,category_code,-0.01201
MED00390,2,category_code,-0.0347
MED00391,2,category_code,0.06121
MED00392,2,category_code,0.03549
MED00393,2,category_code,0.06905
MED00394,2,category_code,0.07293
MED00395,2,category_code,0.04759
MED00396,2,category_code,0.10279
MED00397,2,category_code,0.31354
MED00398,2,category_code,0.30394
MED00399,2,category_code,0.30236
MED00400,2,category_code,0.27579
MED00401,2,category_code,0.16432
MED00402,2,category_code,0.12975
MED00403,2,category_code,-0.00394
MED00404,2,category_code,-0.01315
MED00405,2,category_code,-0.02969
MED00406,2,category_code,0.02648
MED00407,2,category_code,0.1281
MED00408,2,category_code,0.13816
MED00409,2,category_code,-0.10583
MED00410,2,category_code,-0.11061
MED00411,2,category_code,-0.00269
MED00412,2,category_code,0.06281
MED00413,2,category_code,0.03554
MED00414,2,category_code,0.00799
MED00415,2,category_code,0.04126
MED00416,2,category_code,0.02978
MED00417,2,category_code,0.02276
MED00418,2,category_code,0.08071
MED00419,2,category_code,0.07319
MED00420,2,category_code,0.0733
MED00421,2,category_code,0.07987
MED00422,2,category_code,0.04079
MED00423,2,category_code,0.07324
MED00424,2,category_code,0.12657
MED00001,3,category_code,0.09249
MED00002,3,category_code,-0.81122
MED00003,3,category_code,-0.59269
MED00004,3,category_code,-0.36238
MED00005,3,category_code,-0.34233
MED00006,3,category_code,0.08201
MED00007,3,category_code,-0.02928
MED00008,3,category_code,-0.5306
MED00009,3,category_code,0.07202
MED00010,3,category_code,0.10901
MED00011,3,category_code,0.26864
MED00012,3,category_code,-0.02674
MED00013,3,category_code,-0.0198
MED00014,3,category_code,0.19675
MED00015,3,category_code,-0.46517
MED00016,3,category_code,-0.02344
MED00017,3,category_code,-0.04545
MED00018,3,category_code,0.2783
MED00019,3,category_code,0.19561
MED00020,3,category_code,0.31173
MED00021,3,category_code,-0.02048
MED00022,3,category_code,0.01294
MED00023,3,category_code,-0.07519
MED00024,3,category_code,-0.00526
MED00025,3,category_code,-0.84183
MED00026,3,category_code,-0.60181
MED00027,3,category_code,-0.65422
MED00028,3,category_code,-0.54643
MED00029,3,category_code,-0.07864
MED00030,3,category_code,-0.04272
MED00031,3,category_code,0.03389
MED00032,3,category_code,0.07107
MED00033,3,category_code,-0.41326
MED00034,3,category_code,0.27877
MED00035,3,category_code,-0.31293
MED00036,3,category_code,-0.25342
MED00037,3,category_code,0.17992
MED00038,3,category_code,-0.052
MED00039,3,category_code,-0.28051
MED00040,3,category_code,-0.39974
MED00041,3,category_code,-0.34902
MED00042,3,category_code,0.11768
MED00043,3,category_code,-0.49562
MED00044,3,category_code,-0.00039
MED00045,3,category_code,0.05003
MED00046,3,category_code,0.03107
MED00047,3,category_code,-0.0762
MED00048,3,category_code,-0.08759
MED00049,3,category_code,-0.75798
MED00050,3,category_code,-0.01886
MED00051,3,category_code,-0.82042
MED00052,3,category_code,-0.52446
MED00053,3,category_code,-0.08308
MED00054,3,category_code,-0.06572
MED00055,3,category_code,-0.26233
MED00056,3,category_code,-0.31901
MED00057,3,category_code,-0.37148
MED00058,3,category_code,0.08215
MED00059,3,category_code,0.01093
MED00060,3,category_code,0.04114
MED00061,3,category_code,-0.54592
MED00062,3,category_code,0.0576
MED00063,3,category_code,-0.82172
MED00064,3,category_code,0.18101
MED00065,3,category_code,0.21265
MED00066,3,category_code,-0.50383
MED00067,3,category_code,-0.03606
MED00068,3,category_code,-0.02444
MED00069,3,category_code,-0.01025
MED00070,3,category_code,-0.02452
MED00071,3,category_code,-0.00231
MED00072,3,category_code,-0.01287
MED00073,3,category_code,-0.0085
MED00074,3,category_code,-0.01361
MED00075,3,category_code,0.23258
MED00076,3,category_code,-0.69651
MED00077,3,category_code,0.06558
MED00078,3,category_code,-0.01164
MED00079,3,category_code,0.23831
MED00080,3,category_code,-0.02042
MED00081,3,category_code,-0.53693
MED00082,3,category_code,-0.01855
MED00083,3,category_code,-0.02901
MED00084,3,category_code,0.2278
MED00085,3,category_code,-0.03141
MED00086,3,category_code,-0.505
MED00087,3,category_code,-0.01945
MED00088,3,category_code,0.23889
MED00089,3,category_code,0.30771
MED00090,3,category_code,-0.0915
MED00091,3,category_code,-0.01191
MED00092,3,category_code,0.00724
MED00093,3,category_code,-0.61219
MED00094,3,category_code,-0.58892
MED00095,3,category_code,-0.03061
MED00096,3,category_code,0.30191
MED00097,3,category_code,-0.49154
MED00098,3,category_code,-0.0875
MED00099,3,category_code,-0.68773
MED00100,3,category_code,-0.76066
MED00101,3,category_code,-0.02111
MED00102,3,category_code,0.3072
MED00103,3,category_code,-0.02526
MED00104,3,category_code,-0.08496
MED00105,3,category_code,-0.06658
MED00106,3,category_code,-0.79385
MED00107,3,category_code,-0.08165
MED00108,3,category_code,-0.03153
MED00109,3,category_code,-0.3445
MED00110,3,category_code,-0.27656
MED00111,3,category_code,-0.54126
MED00112,3,category_code,-0.02265
MED00113,3,category_code,-0.00944
MED00114,3,category_code,0.15825
MED00115,3,category_code,-0.03679
MED00116,3,category_code,0.14626
MED00117,3,category_code,0.01695
MED00118,3,category_code,0.06588
MED00119,3,category_code,-0.02428
MED00120,3,category_code,0.46229
MED00121,3,category_code,-0.02042
MED00122,3,category_code,-0.02427
MED00123,3,category_code,-0.23638
MED00124,3,category_code,-0.08409
MED00125,3,category_code,-0.65285
MED00126,3,category_code,-0.3719
MED00127,3,category_code,0.03134
MED00128,3,category_code,-0.02768
MED00129,3,category_code,0.03094
MED00130,3,category_code,-0.75673
MED00131,3,category_code,-0.00661
MED00132,3,category_code,-0.36653
MED00133,3,category_code,-0.33846
MED00134,3,category_code,-0.22721
MED00135,3,category_code,0.32923
MED00136,3,category_code,-0.1638
MED00137,3,category_code,0.02378
MED00138,3,category_code,-0.01982
MED00139,3,category_code,-0.00732
MED00141,3,category_code,-0.10741
MED00142,3,category_code,-0.46807
MED00143,3,category_code,-0.00043
MED00144,3,category_code,-0.05826
MED00145,3,category_code,-0.50186
MED00146,3,category_code,-0.02798
MED00147,3,category_code,0.06855
MED00148,3,category_code,0.03723
MED00149,3,category_code,-0.01131
MED00150,3,category_code,-0.0947
MED00151,3,category_code,-0.02833
MED00152,3,category_code,-0.03705
MED00153,3,category_code,-0.03117
MED00154,3,category_code,0.17448
MED00155,3,category_code,-0.03288
MED00156,3,category_code,0.06416
MED00157,3,category_code,-0.0695
MED00158,3,category_code,-0.60628
MED00159,3,category_code,0.43618
MED00160,3,category_code,-0.03879
MED00161,3,category_code,-0.05837
MED00162,3,category_code,-0.0183
MED00163,3,category_code,-0.54972
MED00164,3,category_code,-0.00903
MED00165,3,category_code,0.13392
MED00166,3,category_code,-0.01887
MED00167,3,category_code,0.00285
MED00168,3,category_code,-0.00562
MED00169,3,category_code,-0.01309
MED00170,3,category_code,-0.00901
MED00171,3,category_code,-0.03078
MED00172,3,category_code,-0.11949
MED00173,3,category_code,-0.0285
MED00174,3,category_code,0.17412
MED00175,3,category_code,-0.28008
MED00176,3,category_code,0.31203
MED00177,3,category_code,-0.65939
MED00178,3,category_code,-0.07573
MED00179,3,category_code,-0.24422
MED00180,3,category_code,-0.02113
MED00181,3,category_code,-0.02239
MED00182,3,category_code,-0.63162
MED00183,3,category_code,0.26569
MED00184,3,category_code,0.2067
MED00185,3,category_code,0.06431
MED00186,3,category_code,-0.02378
MED00187,3,category_code,0.07898
MED00188,3,category_code,-0.01564
MED00189,3,category_code,-0.73412
MED00190,3,category_code,-0.03563
MED00191,3,category_code,-0.01024
MED00192,3,category_code,-0.75697
MED00193,3,category_code,-0.8338
MED00194,3,category_code,0.08437
MED00195,3,category_code,0.17656
MED00196,3,category_code,0.07522
MED00197,3,category_code,0.08358
MED00198,3,category_code,0.00356
MED00199,3,category_code,-0.11767
MED00200,3,category_code,0.00964
MED00201,3,category_code,0.0476
MED00202,3,category_code,-0.00452
MED00203,3,category_code,0.0016
MED00204,3,category_code,-0.00406
MED00205,3,category_code,-0.06332
MED00206,3,category_code,-0.11398
MED00207,3,category_code,-0.04775
MED00208,3,category_code,-0.07209
MED00209,3,category_code,-0.05539
MED00210,3,category_code,-0.21239
MED00211,3,category_code,-0.01912
MED00212,3,category_code,0.05082
MED00213,3,category_code,-0.35622
MED00214,3,category_code,-0.08489
MED00215,3,category_code,-0.03226
MED00216,3,category_code,-0.91437
MED00217,3,category_code,-0.67718
MED00218,3,category_code,-0.05412
MED00219,3,category_code,0.21296
MED00220,3,category_code,-0.03826
MED00221,3,category_code,0.00238
MED00222,3,category_code,-0.48752
MED00223,3,category_code,0.21942
MED00224,3,category_code,0.01416
MED00225,3,category_code,-0.04572
MED00226,3,category_code,0.02506
MED00227,3,category_code,0.15491
MED00228,3,category_code,0.12616
MED00229,3,category_code,-0.29922
MED00230,3,category_code,0.16641
MED00231,3,category_code,0.09828
MED00232,3,category_code,-0.0107
MED00233,3,category_code,-0.28643
MED00234,3,category_code,0.00111
MED00235,3,category_code,0.21157
MED00236,3,category_code,-0.01398
MED00237,3,category_code,-0.13154
MED00238,3,category_code,-0.02901
MED00239,3,category_code,-0.02793
MED00240,3,category_code,-0.03176
MED00241,3,category_code,-0.02948
MED00242,3,category_code,0.06075
MED00243,3,category_code,-0.78218
MED00244,3,category_code,-0.02892
MED00245,3,category_code,0.21128
MED00246,3,category_code,-0.07467
MED00247,3,category_code,-0.07352
MED00248,3,category_code,0.03841
MED00249,3,category_code,0.25527
MED00250,3,category_code,-0.02574
MED00251,3,category_code,-0.02679
MED00252,3,category_code,-0.48227
MED00253,3,category_code,-0.01971
MED00254,3,category_code,-0.53435
MED00255,3,category_code,-0.03309
MED00256,3,category_code,0.01881
MED00257,3,category_code,-0.04189
MED00258,3,category_code,-0.04027
MED00259,3,category_code,-0.02493
MED00260,3,category_code,-0.23456
MED00261,3,category_code,-0.31846
MED00262,3,category_code,-0.00012
MED00263,3,category_code,-0.01665
MED00264,3,category_code,-0.30732
MED00265,3,category_code,-0.06939
MED00266,3,category_code,0.34391
MED00267,3,category_code,-0.03679
MED00268,3,category_code,-0.0347
MED00269,3,category_code,-0.03141
MED00270,3,category_code,-0.0078
MED00271,3,category_code,-0.10669
MED00272,3,category_code,0.06012
MED00273,3,category_code,0.06956
MED00274,3,category_code,-0.31806
MED00275,3,category_code,0.09817
MED00276,3,category_code,-0.03616
MED00277,3,category_code,-0.73416
MED00278,3,category_code,-0.08333
MED00279,3,category_code,0.2143
MED00280,3,category_code,-0.69706
MED00281,3,category_code,0.06886
MED00282,3,category_code,0.0659
MED00283,3,category_code,-0.01671
MED00284,3,category_code,0.01179
MED00285,3,category_code,-0.06746
MED00286,3,category_code,0.1049
MED00287,3,category_code,-0.02119
MED00288,3,category_code,0.1677
MED00289,3,category_code,-0.05553
MED00290,3,category_code,0.01441
MED00291,3,category_code,0.36377
MED00292,3,category_code,0.05521
MED00293,3,category_code,0.07048
MED00294,3,category_code,0.00671
MED00295,3,category_code,-0.6081
MED00296,3,category_code,-0.04091
MED00297,3,category_code,-0.06754
MED00298,3,category_code,-0.02876
MED00299,3,category_code,-0.42306
MED00300,3,category_code,-0.0321
MED00301,3,category_code,-0.05786
MED00302,3,category_code,0.22045
MED00303,3,category_code,0.06817
MED00304,3,category_code,-0.08061
MED00305,3,category_code,-0.00757
MED00306,3,category_code,-0.36039
MED00307,3,category_code,0.30464
MED00308,3,category_code,-0.20957
MED00309,3,category_code,-0.00104
MED00310,3,category_code,0.11146
MED00311,3,category_code,-0.04088
MED00312,3,category_code,-0.33754
MED00313,3,category_code,-0.29958
MED00314,3,category_code,0.34626
MED00315,3,category_code,-0.08952
MED00316,3,category_code,-0.03337
MED00317,3,category_code,-0.02264
MED00318,3,category_code,-0.01387
MED00319,3,category_code,-0.07348
MED00320,3,category_code,0.17055
MED00321,3,category_code,-0.37528
MED00322,3,category_code,-0.75618
MED00323,3,category_code,-0.17872
MED00324,3,category_code,-0.12935
MED00325,3,category_code,-0.06775
MED00326,3,category_code,-0.07973
MED00327,3,category_code,-0.0221
MED00328,3,category_code,-0.05448
MED00329,3,category_code,-0.078
MED00330,3,category_code,-0.05035
MED00331,3,category_code,0.01135
MED00332,3,category_code,-0.03781
MED00333,3,category_code,-0.02581
MED00334,3,category_code,0.18771
MED00335,3,category_code,0.01811
MED00336,3,category_code,-0.05463
MED00337,3,category_code,0.29262
MED00338,3,category_code,0.43249
MED00339,3,category_code,0.02104
MED00340,3,category_code,-0.23478
MED00341,3,category_code,-0.0533
MED00342,3,category_code,-0.03714
MED00343,3,category_code,-0.08363
MED00344,3,category_code,0.01238
MED00345,3,category_code,-0.74252
MED00346,3,category_code,-0.037
MED00347,3,category_code,-0.76468
MED00348,3,category_code,0.03029
MED00349,3,category_code,-0.02974
MED00350,3,category_code,-0.42014
MED00351,3,category_code,-0.26418
MED00352,3,category_code,-0.43632
MED00353,3,category_code,-0.35471
MED00354,3,category_code,-0.36008
MED00355,3,category_code,-0.13819
MED00356,3,category_code,-0.0164
MED00357,3,category_code,-0.70258
MED00358,3,category_code,0.06276
MED00359,3,category_code,-0.02461
MED00360,3,category_code,0.12694
MED00361,3,category_code,-0.01846
MED00362,3,category_code,-0.00012
MED00363,3,category_code,-0.02732
MED00364,3,category_code,-0.7733
MED00365,3,category_code,-0.03182
MED00366,3,category_code,-0.07982
MED00367,3,category_code,-0.01504
MED00368,3,category_code,-0.01872
MED00369,3,category_code,-0.02859
MED00370,3,category_code,-0.39915
MED00371,3,category_code,0.30869
MED00372,3,category_code,-0.71072
MED00373,3,category_code,-0.53655
MED00374,3,category_code,0.05116
MED00375,3,category_code,0.32038
MED00376,3,category_code,-0.03404
MED00377,3,category_code,-0.6005
MED00378,3,category_code,-0.01176
MED00379,3,category_code,-0.404
MED00380,3,category_code,-0.27805
MED00381,3,category_code,-0.40252
MED00382,3,category_code,0.04756
MED00383,3,category_code,-0.06562
MED00384,3,category_code,-0.03299
MED00385,3,category_code,0.01547
MED00386,3,category_code,0.05
MED00387,3,category_code,0.03823
MED00388,3,category_code,0.2744
MED00389,3,category_code,-0.01546
MED00390,3,category_code,-0.04268
MED00391,3,category_code,0.05574
MED00392,3,category_code,0.02803
MED00393,3,category_code,0.06077
MED00394,3,category_code,0.06709
MED00395,3,category_code,0.04467
MED00396,3,category_code,0.11266
MED00397,3,category_code,0.3112
MED00398,3,category_code,0.30357
MED00399,3,category_code,0.30086
MED00400,3,category_code,0.27395
MED00401,3,category_code,0.16557
MED00402,3,category_code,0.1251
MED00403,3,category_code,-0.01305
MED00404,3,category_code,-0.01203
MED00405,3,category_code,-0.02982
MED00406,3,category_code,0.02498
MED00407,3,category_code,0.12842
MED00408,3,category_code,0.13839
MED00409,3,category_code,-0.0935
MED00410,3,category_code,-0.09092
MED00411,3,category_code,-0.00034
MED00412,3,category_code,0.06534
MED00413,3,category_code,0.04299
MED00414,3,category_code,0.00876
MED00415,3,category_code,0.04137
MED00416,3,category_code,0.03055
MED00417,3,category_code,0.02479
MED00418,3,category_code,0.07545
MED00419,3,category_code,0.06924
MED00420,3,category_code,0.082
MED00421,3,category_code,0.08474
MED00422,3,category_code,0.04096
MED00423,3,category_code,0.06723
MED00424,3,category_code,0.11883
MED00001,4,category_code,0.08989
MED00002,4,category_code,-0.78189
MED00003,4,category_code,-0.59771
MED00004,4,category_code,-0.38221
MED00005,4,category_code,-0.34254
MED00006,4,category_code,0.0897
MED00007,4,category_code,-0.01653
MED00008,4,category_code,-0.5147
MED00009,4,category_code,0.07243
MED00010,4,category_code,0.11796
MED00011,4,category_code,0.28762
MED00012,4,category_code,-0.01923
MED00013,4,category_code,-0.01588
MED00014,4,category_code,0.2049
MED00015,4,category_code,-0.46253
MED00016,4,category_code,-0.02226
MED00017,4,category_code,-0.03964
MED00018,4,category_code,0.27926
MED00019,4,category_code,0.20232
MED00020,4,category_code,0.30867
MED00021,4,category_code,-0.01649
MED00022,4,category_code,0.01624
MED00023,4,category_code,-0.07035
MED00024,4,category_code,-0.0043
MED00025,4,category_code,-0.83481
MED00026,4,category_code,-0.60697
MED00027,4,category_code,-0.65155
MED00028,4,category_code,-0.51728
MED00029,4,category_code,-0.07739
MED00030,4,category_code,-0.04397
MED00031,4,category_code,0.04125
MED00032,4,category_code,0.07296
MED00033,4,category_code,-0.43
MED00034,4,category_code,0.28799
MED00035,4,category_code,-0.32019
MED00036,4,category_code,-0.24312
MED00037,4,category_code,0.17297
MED00038,4,category_code,-0.04813
MED00039,4,category_code,-0.24391
MED00040,4,category_code,-0.37521
MED00041,4,category_code,-0.33903
MED00042,4,category_code,0.11071
MED00043,4,category_code,-0.49715
MED00044,4,category_code,-0.00635
MED00045,4,category_code,0.04715
MED00046,4,category_code,0.03938
MED00047,4,category_code,-0.07023
MED00048,4,category_code,-0.08118
MED00049,4,category_code,-0.72083
MED00050,4,category_code,-0.0104
MED00051,4,category_code,-0.81163
MED00052,4,category_code,-0.51692
MED00053,4,category_code,-0.07499
MED00054,4,category_code,-0.05487
MED00055,4,category_code,-0.26525
MED00056,4,category_code,-0.30631
MED00057,4,category_code,-0.37414
MED00058,4,category_code,0.09211
MED00059,4,category_code,0.02547
MED00060,4,category_code,0.04647
MED00061,4,category_code,-0.55506
MED00062,4,category_code,0.06356
MED00063,4,category_code,-0.7767
MED00064,4,category_code,0.20293
MED00065,4,category_code,0.22101
MED00066,4,category_code,-0.49666
MED00067,4,category_code,-0.03495
MED00068,4,category_code,-0.02281
MED00069,4,category_code,-0.01743
MED00070,4,category_code,-0.0158
MED00071,4,category_code,-0.0039
MED00072,4,category_code,-0.00599
MED00073,4,category_code,-0.00546
MED00074,4,category_code,-0.011
MED00075,4,category_code,0.22941
MED00076,4,category_code,-0.69178
MED00077,4,category_code,0.05597
MED00078,4,category_code,0.00777
MED00079,4,category_code,0.23988
MED00080,4,category_code,-0.01867
MED00081,4,category_code,-0.54846
MED00082,4,category_code,-0.01586
MED00083,4,category_code,-0.02768
MED00084,4,category_code,0.22986
MED00085,4,category_code,-0.02899
MED00086,4,category_code,-0.4875
MED00087,4,category_code,-0.00981
MED00088,4,category_code,0.23838
MED00089,4,category_code,0.33517
MED00090,4,category_code,-0.07726
MED00091,4,category_code,-0.00235
MED00092,4,category_code,0.00732
MED00093,4,category_code,-0.62091
MED00094,4,category_code,-0.60662
MED00095,4,category_code,-0.02286
MED00096,4,category_code,0.30944
MED00097,4,category_code,-0.47127
MED00098,4,category_code,-0.08105
MED00099,4,category_code,-0.67519
MED00100,4,category_code,-0.749
MED00101,4,category_code,-0.02249
MED00102,4,category_code,0.30018
MED00103,4,category_code,-0.01413
MED00104,4,category_code,-0.07895
MED00105,4,category_code,-0.068
MED00106,4,category_code,-0.728
MED00107,4,category_code,-0.07655
MED00108,4,category_code,-0.02482
MED00109,4,category_code,-0.35364
MED00110,4,category_code,-0.29686
MED00111,4,category_code,-0.50938
MED00112,4,category_code,-0.0146
MED00113,4,category_code,-0.00712
MED00114,4,category_code,0.15193
MED00115,4,category_code,-0.02973
MED00116,4,category_code,0.16739
MED00117,4,category_code,0.01071
MED00118,4,category_code,0.0695
MED00119,4,category_code,-0.01942
MED00120,4,category_code,0.4722
MED00121,4,category_code,-0.02093
MED00122,4,category_code,-0.01841
MED00123,4,category_code,-0.23225
MED00124,4,category_code,-0.07765
MED00125,4,category_code,-0.65844
MED00126,4,category_code,-0.39031
MED00127,4,category_code,0.03624
MED00128,4,category_code,-0.02126
MED00129,4,category_code,0.02387
MED00130,4,category_code,-0.72136
MED00131,4,category_code,0.00144
MED00132,4,category_code,-0.35746
MED00133,4,category_code,-0.33118
MED00134,4,category_code,-0.24891
MED00135,4,category_code,0.33975
MED00136,4,category_code,-0.05289
MED00137,4,category_code,0.02448
MED00138,4,category_code,-0.02244
MED00139,4,category_code,-0.00132
MED00140,4,category_code,0.00626
MED00141,4,category_code,-0.10135
MED00142,4,category_code,-0.47812
MED00143,4,category_code,0.00433
MED00144,4,category_code,-0.05727
MED00145,4,category_code,-0.50848
MED00146,4,category_code,-0.0195
MED00147,4,category_code,0.07298
MED00148,4,category_code,0.04244
MED00149,4,category_code,-0.0038
MED00150,4,category_code,-0.0934
MED00151,4,category_code,-0.02363
MED00152,4,category_code,-0.03178
MED00153,4,category_code,-0.02126
MED00154,4,category_code,0.18732
MED00155,4,category_code,-0.03085
MED00156,4,category_code,0.06506
MED00157,4,category_code,-0.06714
MED00158,4,category_code,-0.62632
MED00159,4,category_code,0.43691
MED00160,4,category_code,-0.03217
MED00161,4,category_code,-0.0563
MED00162,4,category_code,-0.00779
MED00163,4,category_code,-0.52156
MED00164,4,category_code,-0.00066
MED00165,4,category_code,0.13013
MED00166,4,category_code,-0.00851
MED00167,4,category_code,0.00259
MED00168,4,category_code,-0.01056
MED00169,4,category_code,-0.01202
MED00170,4,category_code,-0.0061
MED00171,4,category_code,-0.0242
MED00172,4,category_code,-0.10862
MED00173,4,category_code,-0.01821
MED00174,4,category_code,0.18514
MED00175,4,category_code,-0.28696
MED00176,4,category_code,0.30496
MED00177,4,category_code,-0.66024
MED00178,4,category_code,-0.071
MED00179,4,category_code,-0.24908
MED00180,4,category_code,-0.01477
MED00181,4,category_code,-0.0141
MED00182,4,category_code,-0.61634
MED00183,4,category_code,0.29905
MED00184,4,category_code,0.21002
MED00185,4,category_code,0.06107
MED00186,4,category_code,-0.01395
MED00187,4,category_code,0.08315
MED00188,4,category_code,-0.0113
MED00189,4,category_code,-0.73034
MED00190,4,category_code,-0.02668
MED00191,4,category_code,-0.01731
MED00192,4,category_code,-0.74886
MED00193,4,category_code,-0.8037
MED00194,4,category_code,0.07565
MED00195,4,category_code,0.17003
MED00196,4,category_code,0.06953
MED00197,4,category_code,0.0809
MED00198,4,category_code,0.00826
MED00199,4,category_code,-0.10895
MED00200,4,category_code,0.0056
MED00201,4,category_code,0.05308
MED00202,4,category_code,0.00524
MED00203,4,category_code,0.00226
MED00204,4,category_code,-0.01098
MED00205,4,category_code,-0.06375
MED00206,4,category_code,-0.10604
MED00207,4,category_code,-0.0434
MED00208,4,category_code,-0.07306
MED00209,4,category_code,-0.04987
MED00210,4,category_code,-0.20839
MED00211,4,category_code,-0.0129
MED00212,4,category_code,0.04955
MED00213,4,category_code,-0.37517
MED00214,4,category_code,-0.07879
MED00215,4,category_code,-0.02029
MED00216,4,category_code,-0.84075
MED00217,4,category_code,-0.68743
MED00218,4,category_code,-0.04693
MED00219,4,category_code,0.21375
MED00220,4,category_code,-0.02936
MED00221,4,category_code,0.00582
MED00222,4,category_code,-0.49613
MED00223,4,category_code,0.20367
MED00224,4,category_code,0.02297
MED00225,4,category_code,-0.04013
MED00226,4,category_code,0.03214
MED00227,4,category_code,0.16384
MED00228,4,category_code,0.11806
MED00229,4,category_code,-0.30953
MED00230,4,category_code,0.17671
MED00231,4,category_code,0.10393
MED00232,4,category_code,-0.0043
MED00233,4,category_code,-0.28277
MED00234,4,category_code,0.0064
MED00235,4,category_code,0.21267
MED00236,4,category_code,-0.02353
MED00237,4,category_code,-0.13011
MED00238,4,category_code,-0.03094
MED00239,4,category_code,-0.02297
MED00240,4,category_code,-0.0302
MED00241,4,category_code,-0.01859
MED00242,4,category_code,0.05541
MED00243,4,category_code,-0.75244
MED00244,4,category_code,-0.01975
MED00245,4,category_code,0.19437
MED00246,4,category_code,-0.06722
MED00247,4,category_code,-0.06695
MED00248,4,category_code,0.0359
MED00249,4,category_code,0.25774
MED00250,4,category_code,-0.01757
MED00251,4,category_code,-0.0219
MED00252,4,category_code,-0.47356
MED00253,4,category_code,-0.01141
MED00254,4,category_code,-0.52683
MED00255,4,category_code,-0.02539
MED00256,4,category_code,0.02517
MED00257,4,category_code,-0.0366
MED00258,4,category_code,-0.03328
MED00259,4,category_code,-0.02247
MED00260,4,category_code,-0.22518
MED00261,4,category_code,-0.31114
MED00262,4,category_code,0.00576
MED00263,4,category_code,-0.01281
MED00264,4,category_code,-0.32895
MED00265,4,category_code,-0.06676
MED00266,4,category_code,0.35626
MED00267,4,category_code,-0.03682
MED00268,4,category_code,-0.02851
MED00269,4,category_code,-0.02551
MED00270,4,category_code,-0.00534
MED00271,4,category_code,-0.1004
MED00272,4,category_code,0.06094
MED00273,4,category_code,0.06782
MED00274,4,category_code,-0.30741
MED00275,4,category_code,0.09609
MED00276,4,category_code,-0.02936
MED00277,4,category_code,-0.73546
MED00278,4,category_code,-0.07746
MED00279,4,category_code,0.20714
MED00280,4,category_code,-0.69813
MED00281,4,category_code,0.0663
MED00282,4,category_code,0.06026
MED00283,4,category_code,-0.01761
MED00284,4,category_code,0.01452
MED00285,4,category_code,-0.06079
MED00286,4,category_code,0.11698
MED00287,4,category_code,-0.01306
MED00288,4,category_code,0.18236
MED00289,4,category_code,-0.05394
MED00290,4,category_code,0.01817
MED00291,4,category_code,0.39078
MED00292,4,category_code,0.06173
MED00293,4,category_code,0.06974
MED00294,4,category_code,0.0081
MED00295,4,category_code,-0.59565
MED00296,4,category_code,-0.03119
MED00297,4,category_code,-0.06027
MED00298,4,category_code,-0.02934
MED00299,4,category_code,-0.45189
MED00300,4,category_code,-0.0226
MED00301,4,category_code,-0.05101
MED00302,4,category_code,0.21249
MED00303,4,category_code,0.07699
MED00304,4,category_code,-0.07496
MED00306,4,category_code,-0.37583
MED00307,4,category_code,0.29694
MED00308,4,category_code,-0.185
MED00309,4,category_code,0.00144
MED00310,4,category_code,0.11794
MED00311,4,category_code,-0.04084
MED00312,4,category_code,-0.33568
MED00313,4,category_code,-0.32915
MED00314,4,category_code,0.36404
MED00315,4,category_code,-0.0832
MED00316,4,category_code,-0.02614
MED00317,4,category_code,-0.01573
MED00318,4,category_code,-0.01508
MED00319,4,category_code,-0.06701
MED00320,4,category_code,0.19406
MED00321,4,category_code,-0.3828
MED00322,4,category_code,-0.7261
MED00323,4,category_code,-0.15983
MED00324,4,category_code,-0.1186
MED00325,4,category_code,-0.06201
MED00326,4,category_code,-0.07276
MED00327,4,category_code,-0.02269
MED00328,4,category_code,-0.04755
MED00329,4,category_code,-0.07155
MED00330,4,category_code,-0.0424
MED00331,4,category_code,0.01419
MED00332,4,category_code,-0.03158
MED00333,4,category_code,-0.03548
MED00334,4,category_code,0.19484
MED00335,4,category_code,0.01376
MED00336,4,category_code,-0.05509
MED00337,4,category_code,0.28441
MED00338,4,category_code,0.44546
MED00339,4,category_code,0.02952
MED00340,4,category_code,-0.24986
MED00341,4,category_code,-0.05408
MED00342,4,category_code,-0.0269
MED00343,4,category_code,-0.07713
MED00344,4,category_code,0.01043
MED00345,4,category_code,-0.71572
MED00346,4,category_code,-0.02754
MED00347,4,category_code,-0.7491
MED00348,4,category_code,0.03501
MED00349,4,category_code,-0.02302
MED00350,4,category_code,-0.42601
MED00351,4,category_code,-0.28397
MED00352,4,category_code,-0.44792
MED00353,4,category_code,-0.37322
MED00354,4,category_code,-0.37006
MED00355,4,category_code,-0.12752
MED00356,4,category_code,-0.01299
MED00357,4,category_code,-0.65022
MED00358,4,category_code,0.07498
MED00359,4,category_code,-0.01623
MED00360,4,category_code,0.12827
MED00361,4,category_code,-0.01588
MED00362,4,category_code,0.00324
MED00363,4,category_code,-0.02278
MED00364,4,category_code,-0.75762
MED00365,4,category_code,-0.02654
MED00366,4,category_code,-0.07367
MED00367,4,category_code,-0.02354
MED00368,4,category_code,-0.01447
MED00369,4,category_code,-0.0362
MED00370,4,category_code,-0.37137
MED00371,4,category_code,0.34169
MED00372,4,category_code,-0.7109
MED00373,4,category_code,-0.53498
MED00374,4,category_code,0.05401
MED00375,4,category_code,0.32248
MED00376,4,category_code,-0.02601
MED00377,4,category_code,-0.61464
MED00378,4,category_code,-0.01443
MED00379,4,category_code,-0.41102
MED00380,4,category_code,-0.29644
MED00381,4,category_code,-0.39736
MED00382,4,category_code,0.04809
MED00383,4,category_code,-0.06606
MED00384,4,category_code,-0.02699
MED00385,4,category_code,0.02148
MED00386,4,category_code,0.04972
MED00387,4,category_code,0.03593
MED00388,4,category_code,0.29732
MED00389,4,category_code,-0.01106
MED00390,4,category_code,-0.04196
MED00391,4,category_code,0.0525
MED00392,4,category_code,0.02638
MED00393,4,category_code,0.06233
MED00394,4,category_code,0.06456
MED00395,4,category_code,0.04205
MED00396,4,category_code,0.10563
MED00397,4,category_code,0.3042
MED00398,4,category_code,0.29633
MED00399,4,category_code,0.2931
MED00400,4,category_code,0.27424
MED00401,4,category_code,0.16235
MED00402,4,category_code,0.1242
MED00403,4,category_code,-0.03135
MED00404,4,category_code,-0.01381
MED00405,4,category_code,-0.0323
MED00406,4,category_code,0.01885
MED00407,4,category_code,0.12694
MED00408,4,category_code,0.14428
MED00409,4,category_code,-0.08887
MED00410,4,category_code,-0.08456
MED00411,4,category_code,0.00506
MED00412,4,category_code,0.0711
MED00413,4,category_code,0.05859
MED00414,4,category_code,0.01151
MED00415,4,category_code,0.04765
MED00416,4,category_code,0.03662
MED00417,4,category_code,0.03022
MED00418,4,category_code,0.07344
MED00419,4,category_code,0.06531
MED00420,4,category_code,0.07851
MED00421,4,category_code,0.07749
MED00422,4,category_code,0.0465
MED00423,4,category_code,0.06471
MED00424,4,category_code,0.12236
MED00001,5,category_code,0.08494
MED00002,5,category_code,-0.80577
MED00003,5,category_code,-0.59754
MED00004,5,category_code,-0.39753
MED00005,5,category_code,-0.35502
MED00006,5,category_code,0.07276
MED00007,5,category_code,-0.01452
MED00008,5,category_code,-0.51887
MED00009,5,category_code,0.0712
MED00010,5,category_code,0.14415
MED00011,5,category_code,0.29457
MED00012,5,category_code,-0.03654
MED00013,5,category_code,-0.02512
MED00014,5,category_code,0.19273
MED00015,5,category_code,-0.456
MED00016,5,category_code,-0.02158
MED00017,5,category_code,-0.04811
MED00018,5,category_code,0.28844
MED00019,5,category_code,0.20405
MED00020,5,category_code,0.31937
MED00021,5,category_code,-0.05699
MED00022,5,category_code,-0.01594
MED00023,5,category_code,-0.14412
MED00024,5,category_code,-0.04296
MED00025,5,category_code,-0.85459
MED00026,5,category_code,-0.61327
MED00027,5,category_code,-0.70635
MED00028,5,category_code,-0.52424
MED00029,5,category_code,-0.08582
MED00030,5,category_code,-0.07944
MED00031,5,category_code,0.03319
MED00032,5,category_code,0.06151
MED00033,5,category_code,-0.43115
MED00034,5,category_code,0.29636
MED00035,5,category_code,-0.32233
MED00036,5,category_code,-0.25704
MED00037,5,category_code,0.14922
MED00038,5,category_code,-0.10618
MED00039,5,category_code,-0.2553
MED00040,5,category_code,-0.4061
MED00041,5,category_code,-0.26513
MED00042,5,category_code,0.09022
MED00043,5,category_code,-0.4844
MED00044,5,category_code,-0.03013
MED00045,5,category_code,0.03166
MED00046,5,category_code,-0.00146
MED00047,5,category_code,-0.07667
MED00048,5,category_code,-0.07591
MED00049,5,category_code,-0.75971
MED00050,5,category_code,-0.03385
MED00051,5,category_code,-0.81649
MED00052,5,category_code,-0.51355
MED00053,5,category_code,-0.14305
MED00054,5,category_code,-0.10886
MED00055,5,category_code,-0.27103
MED00056,5,category_code,-0.30887
MED00057,5,category_code,-0.37799
MED00058,5,category_code,0.07367
MED00059,5,category_code,0.01621
MED00060,5,category_code,0.05312
MED00061,5,category_code,-0.52725
MED00062,5,category_code,0.0425
MED00063,5,category_code,-0.81549
MED00064,5,category_code,0.20628
MED00065,5,category_code,0.2208
MED00066,5,category_code,-0.48899
MED00067,5,category_code,-0.03554
MED00068,5,category_code,-0.05605
MED00069,5,category_code,-0.04106
MED00070,5,category_code,-0.06368
MED00071,5,category_code,-0.03612
MED00072,5,category_code,-0.03741
MED00073,5,category_code,-0.03622
MED00074,5,category_code,-0.05648
MED00075,5,category_code,0.19325
MED00076,5,category_code,-0.68332
MED00077,5,category_code,-0.00565
MED00078,5,category_code,-0.00238
MED00079,5,category_code,0.23013
MED00080,5,category_code,-0.04994
MED00081,5,category_code,-0.53747
MED00082,5,category_code,-0.0605
MED00083,5,category_code,-0.06553
MED00084,5,category_code,0.23216
MED00085,5,category_code,-0.03479
MED00086,5,category_code,-0.52799
MED00087,5,category_code,-0.02203
MED00088,5,category_code,0.24349
MED00089,5,category_code,0.3643
MED00090,5,category_code,-0.16914
MED00091,5,category_code,-0.03785
MED00092,5,category_code,0.01065
MED00093,5,category_code,-0.60731
MED00094,5,category_code,-0.58262
MED00095,5,category_code,-0.03274
MED00096,5,category_code,0.2794
MED00097,5,category_code,-0.487
MED00098,5,category_code,-0.08298
MED00099,5,category_code,-0.72038
MED00100,5,category_code,-0.75596
MED00101,5,category_code,-0.02377
MED00102,5,category_code,0.28934
MED00103,5,category_code,-0.03085
MED00104,5,category_code,-0.08019
MED00105,5,category_code,-0.07303
MED00106,5,category_code,-0.78276
MED00107,5,category_code,-0.07887
MED00108,5,category_code,-0.0384
MED00109,5,category_code,-0.36621
MED00110,5,category_code,-0.32833
MED00111,5,category_code,-0.5388
MED00112,5,category_code,-0.0296
MED00113,5,category_code,-0.01212
MED00114,5,category_code,0.15257
MED00115,5,category_code,-0.03977
MED00116,5,category_code,0.19094
MED00117,5,category_code,-0.00543
MED00118,5,category_code,0.05496
MED00119,5,category_code,-0.02693
MED00120,5,category_code,0.49337
MED00121,5,category_code,-0.03175
MED00122,5,category_code,-0.02404
MED00123,5,category_code,-0.19379
MED00124,5,category_code,-0.08041
MED00125,5,category_code,-0.6465
MED00126,5,category_code,-0.40441
MED00127,5,category_code,0.03334
MED00128,5,category_code,-0.03168
MED00129,5,category_code,0.01349
MED00130,5,category_code,-0.75608
MED00131,5,category_code,-0.02495
MED00132,5,category_code,-0.27656
MED00133,5,category_code,-0.28401
MED00134,5,category_code,-0.29673
MED00135,5,category_code,0.37242
MED00136,5,category_code,-0.17339
MED00137,5,category_code,0.02389
MED00138,5,category_code,-0.03448
MED00139,5,category_code,-0.01762
MED00140,5,category_code,-0.00082
MED00141,5,category_code,-0.13189
MED00142,5,category_code,-0.47345
MED00143,5,category_code,-0.00483
MED00144,5,category_code,-0.06371
MED00145,5,category_code,-0.48985
MED00146,5,category_code,-0.02822
MED00147,5,category_code,0.06198
MED00148,5,category_code,0.04737
MED00149,5,category_code,-0.01252
MED00150,5,category_code,-0.18993
MED00151,5,category_code,-0.03403
MED00152,5,category_code,-0.04443
MED00153,5,category_code,-0.03161
MED00154,5,category_code,0.20609
MED00155,5,category_code,-0.03966
MED00156,5,category_code,0.05773
MED00157,5,category_code,-0.07479
MED00158,5,category_code,-0.63036
MED00159,5,category_code,0.45823
MED00160,5,category_code,-0.04238
MED00161,5,category_code,-0.06251
MED00162,5,category_code,-0.02063
MED00163,5,category_code,-0.53803
MED00164,5,category_code,-0.0248
MED00165,5,category_code,0.11855
MED00166,5,category_code,-0.02305
MED00167,5,category_code,0.00268
MED00168,5,category_code,-0.02486
MED00169,5,category_code,-0.01922
MED00170,5,category_code,-0.0118
MED00171,5,category_code,-0.03496
MED00172,5,category_code,-0.20432
MED00173,5,category_code,-0.03094
MED00174,5,category_code,0.1984
MED00175,5,category_code,-0.29192
MED00176,5,category_code,0.316
MED00177,5,category_code,-0.66533
MED00178,5,category_code,-0.03942
MED00179,5,category_code,-0.2834
MED00180,5,category_code,-0.02787
MED00181,5,category_code,-0.03761
MED00182,5,category_code,-0.65375
MED00183,5,category_code,0.31356
MED00184,5,category_code,0.19984
MED00185,5,category_code,-0.01191
MED00186,5,category_code,-0.02398
MED00187,5,category_code,0.10146
MED00188,5,category_code,-0.01653
MED00189,5,category_code,-0.73335
MED00190,5,category_code,-0.03301
MED00191,5,category_code,-0.01578
MED00192,5,category_code,-0.7352
MED00193,5,category_code,-0.83709
MED00194,5,category_code,0.04964
MED00195,5,category_code,0.15549
MED00196,5,category_code,0.04672
MED00197,5,category_code,0.04701
MED00198,5,category_code,-0.00157
MED00199,5,category_code,-0.19301
MED00200,5,category_code,-0.0088
MED00201,5,category_code,0.04782
MED00202,5,category_code,-0.00748
MED00203,5,category_code,-0.03237
MED00204,5,category_code,-0.02802
MED00205,5,category_code,-0.06902
MED00206,5,category_code,-0.18801
MED00207,5,category_code,-0.04985
MED00208,5,category_code,-0.07563
MED00209,5,category_code,-0.0267
MED00210,5,category_code,-0.2157
MED00211,5,category_code,-0.02581
MED00212,5,category_code,0.04085
MED00213,5,category_code,-0.38425
MED00214,5,category_code,-0.07822
MED00215,5,category_code,-0.03467
MED00216,5,category_code,-0.87524
MED00217,5,category_code,-0.66914
MED00218,5,category_code,-0.05837
MED00219,5,category_code,0.2323
MED00220,5,category_code,-0.04262
MED00221,5,category_code,-0.0497
MED00222,5,category_code,-0.48362
MED00223,5,category_code,0.2115
MED00224,5,category_code,0.01039
MED00225,5,category_code,-0.04198
MED00226,5,category_code,-0.00666
MED00227,5,category_code,0.18525
MED00228,5,category_code,0.10646
MED00229,5,category_code,-0.33518
MED00230,5,category_code,0.19354
MED00231,5,category_code,0.09849
MED00232,5,category_code,-0.02369
MED00233,5,category_code,-0.23096
MED00235,5,category_code,0.22088
MED00236,5,category_code,-0.0333
MED00237,5,category_code,-0.17185
MED00238,5,category_code,-0.03822
MED00239,5,category_code,-0.03777
MED00240,5,category_code,-0.05929
MED00241,5,category_code,-0.03422
MED00242,5,category_code,0.04727
MED00243,5,category_code,-0.77676
MED00244,5,category_code,-0.03258
MED00245,5,category_code,0.20283
MED00246,5,category_code,-0.07428
MED00247,5,category_code,-0.07098
MED00248,5,category_code,0.03281
MED00249,5,category_code,0.26628
MED00250,5,category_code,-0.0713
MED00251,5,category_code,-0.02932
MED00252,5,category_code,-0.48281
MED00253,5,category_code,-0.02582
MED00254,5,category_code,-0.5346
MED00255,5,category_code,-0.0848
MED00256,5,category_code,0.00993
MED00257,5,category_code,-0.07694
MED00258,5,category_code,-0.04026
MED00259,5,category_code,-0.02772
MED00260,5,category_code,-0.27024
MED00261,5,category_code,-0.32326
MED00262,5,category_code,-0.0352
MED00263,5,category_code,-0.01623
MED00264,5,category_code,-0.35573
MED00265,5,category_code,-0.07098
MED00266,5,category_code,0.38515
MED00267,5,category_code,-0.04793
MED00268,5,category_code,-0.03731
MED00269,5,category_code,-0.0366
MED00270,5,category_code,-0.01057
MED00271,5,category_code,-0.20673
MED00272,5,category_code,0.0657
MED00273,5,category_code,0.06813
MED00274,5,category_code,-0.22544
MED00275,5,category_code,0.09788
MED00276,5,category_code,-0.03852
MED00277,5,category_code,-0.73336
MED00278,5,category_code,-0.07355
MED00279,5,category_code,0.20228
MED00280,5,category_code,-0.68848
MED00281,5,category_code,0.06134
MED00282,5,category_code,0.06655
MED00283,5,category_code,-0.02862
MED00284,5,category_code,-0.00825
MED00285,5,category_code,-0.07132
MED00286,5,category_code,0.11183
MED00287,5,category_code,-0.02597
MED00288,5,category_code,0.18717
MED00289,5,category_code,-0.09606
MED00290,5,category_code,0.01071
MED00291,5,category_code,0.39939
MED00292,5,category_code,0.04755
MED00293,5,category_code,0.02718
MED00294,5,category_code,-0.00825
MED00295,5,category_code,-0.62509
MED00296,5,category_code,-0.04012
MED00297,5,category_code,-0.07013
MED00298,5,category_code,-0.02987
MED00299,5,category_code,-0.4525
MED00300,5,category_code,-0.03503
MED00301,5,category_code,-0.06095
MED00302,5,category_code,0.21889
MED00303,5,category_code,0.0809
MED00304,5,category_code,-0.10978
MED00305,5,category_code,-0.01387
MED00306,5,category_code,-0.37739
MED00307,5,category_code,0.30292
MED00308,5,category_code,-0.21811
MED00309,5,category_code,-0.05338
MED00310,5,category_code,0.10598
MED00311,5,category_code,-0.08262
MED00312,5,category_code,-0.26236
MED00313,5,category_code,-0.33182
MED00314,5,category_code,0.4031
MED00315,5,category_code,-0.07895
MED00316,5,category_code,-0.03917
MED00317,5,category_code,-0.02862
MED00318,5,category_code,-0.04403
MED00319,5,category_code,-0.0679
MED00320,5,category_code,0.20271
MED00321,5,category_code,-0.40318
MED00322,5,category_code,-0.75794
MED00323,5,category_code,-0.12082
MED00324,5,category_code,-0.1771
MED00325,5,category_code,-0.0665
MED00326,5,category_code,-0.08137
MED00327,5,category_code,-0.0349
MED00328,5,category_code,-0.04999
MED00329,5,category_code,-0.0721
MED00330,5,category_code,-0.04829
MED00331,5,category_code,0.01097
MED00332,5,category_code,-0.04183
MED00333,5,category_code,-0.03306
MED00334,5,category_code,0.20824
MED00335,5,category_code,0.01517
MED00336,5,category_code,-0.05617
MED00337,5,category_code,0.29259
MED00338,5,category_code,0.46761
MED00339,5,category_code,0.00718
MED00340,5,category_code,-0.25387
MED00341,5,category_code,-0.06493
MED00342,5,category_code,-0.03595
MED00343,5,category_code,-0.07628
MED00344,5,category_code,-0.01979
MED00345,5,category_code,-0.74442
MED00346,5,category_code,-0.0384
MED00347,5,category_code,-0.75207
MED00348,5,category_code,0.02483
MED00349,5,category_code,-0.03466
MED00350,5,category_code,-0.43087
MED00351,5,category_code,-0.31606
MED00352,5,category_code,-0.50121
MED00353,5,category_code,-0.37984
MED00354,5,category_code,-0.37891
MED00355,5,category_code,-0.17251
MED00356,5,category_code,-0.01938
MED00357,5,category_code,-0.68756
MED00358,5,category_code,0.06942
MED00359,5,category_code,-0.03331
MED00360,5,category_code,0.11198
MED00361,5,category_code,-0.02374
MED00362,5,category_code,-0.00432
MED00363,5,category_code,-0.03014
MED00364,5,category_code,-0.76818
MED00365,5,category_code,-0.03817
MED00366,5,category_code,-0.07216
MED00367,5,category_code,-0.04365
MED00368,5,category_code,-0.02381
MED00369,5,category_code,-0.07906
MED00370,5,category_code,-0.37022
MED00371,5,category_code,0.3691
MED00372,5,category_code,-0.71224
MED00373,5,category_code,-0.52321
MED00374,5,category_code,0.04797
MED00375,5,category_code,0.33602
MED00376,5,category_code,-0.03865
MED00377,5,category_code,-0.61417
MED00378,5,category_code,-0.02556
MED00379,5,category_code,-0.43691
MED00380,5,category_code,-0.3248
MED00381,5,category_code,-0.40526
MED00382,5,category_code,0.03196
MED00383,5,category_code,-0.07178
MED00384,5,category_code,-0.03289
MED00385,5,category_code,0.02967
MED00386,5,category_code,0.03572
MED00387,5,category_code,0.03659
MED00388,5,category_code,0.31359
MED00389,5,category_code,-0.06558
MED00390,5,category_code,-0.08818
MED00391,5,category_code,0.05069
MED00392,5,category_code,0.02956
MED00393,5,category_code,0.04274
MED00394,5,category_code,0.05214
MED00395,5,category_code,0.03862
MED00396,5,category_code,0.1024
MED00397,5,category_code,0.3126
MED00398,5,category_code,0.30651
MED00399,5,category_code,0.30448
MED00400,5,category_code,0.28794
MED00401,5,category_code,0.08083
MED00402,5,category_code,0.07871
MED00403,5,category_code,-0.02662
MED00404,5,category_code,-0.0316
MED00405,5,category_code,-0.04129
MED00406,5,category_code,0.01403
MED00407,5,category_code,0.07582
MED00408,5,category_code,0.05034
MED00409,5,category_code,-0.1322
MED00410,5,category_code,-0.14347
MED00411,5,category_code,0.0009
MED00412,5,category_code,0.05166
MED00413,5,category_code,0.0072
MED00414,5,category_code,0.01379
MED00415,5,category_code,0.03108
MED00416,5,category_code,0.02185
MED00417,5,category_code,0.0341
MED00418,5,category_code,0.08435
MED00419,5,category_code,0.06253
MED00420,5,category_code,0.03664
MED00421,5,category_code,0.02655
MED00422,5,category_code,0.02587
MED00423,5,category_code,0.04763
MED00424,5,category_code,0.11821
MED00001,6,category_code,0.09211
MED00002,6,category_code,-0.80159
MED00003,6,category_code,-0.58394
MED00004,6,category_code,-0.36858
MED00005,6,category_code,-0.33911
MED00006,6,category_code,0.06087
MED00007,6,category_code,-0.01097
MED00008,6,category_code,-0.51546
MED00009,6,category_code,0.07509
MED00010,6,category_code,0.1566
MED00011,6,category_code,0.27958
MED00012,6,category_code,-0.04829
MED00013,6,category_code,-0.03003
MED00014,6,category_code,0.18828
MED00015,6,category_code,-0.45619
MED00016,6,category_code,-0.02596
MED00017,6,category_code,-0.05466
MED00018,6,category_code,0.28697
MED00019,6,category_code,0.20354
MED00020,6,category_code,0.32121
MED00021,6,category_code,-0.05622
MED00022,6,category_code,-0.0169
MED00023,6,category_code,-0.14548
MED00024,6,category_code,-0.04465
MED00025,6,category_code,-0.82351
MED00026,6,category_code,-0.57575
MED00027,6,category_code,-0.67591
MED00028,6,category_code,-0.52799
MED00029,6,category_code,-0.09652
MED00030,6,category_code,-0.07737
MED00031,6,category_code,0.03335
MED00032,6,category_code,0.05796
MED00033,6,category_code,-0.40212
MED00034,6,category_code,0.28419
MED00035,6,category_code,-0.31676
MED00036,6,category_code,-0.25816
MED00037,6,category_code,0.16589
MED00038,6,category_code,-0.10529
MED00039,6,category_code,-0.24472
MED00040,6,category_code,-0.39353
MED00041,6,category_code,-0.26457
MED00042,6,category_code,0.07607
MED00043,6,category_code,-0.47001
MED00044,6,category_code,-0.02006
MED00045,6,category_code,0.03204
MED00046,6,category_code,-0.00142
MED00047,6,category_code,-0.08428
MED00048,6,category_code,-0.08301
MED00049,6,category_code,-0.74619
MED00050,6,category_code,-0.03937
MED00051,6,category_code,-0.8127
MED00052,6,category_code,-0.50785
MED00053,6,category_code,-0.13893
MED00054,6,category_code,-0.1193
MED00055,6,category_code,-0.26147
MED00056,6,category_code,-0.30624
MED00057,6,category_code,-0.36027
MED00058,6,category_code,0.06086
MED00059,6,category_code,0.00429
MED00060,6,category_code,0.04576
MED00061,6,category_code,-0.5296
MED00062,6,category_code,0.03599
MED00063,6,category_code,-0.81717
MED00064,6,category_code,0.18296
MED00065,6,category_code,0.21433
MED00066,6,category_code,-0.4892
MED00067,6,category_code,-0.03906
MED00068,6,category_code,-0.05768
MED00069,6,category_code,-0.03064
MED00070,6,category_code,-0.05841
MED00071,6,category_code,-0.02598
MED00072,6,category_code,-0.03952
MED00073,6,category_code,-0.03859
MED00074,6,category_code,-0.05575
MED00075,6,category_code,0.19321
MED00076,6,category_code,-0.67791
MED00077,6,category_code,-0.00896
MED00078,6,category_code,-0.00094
MED00079,6,category_code,0.24321
MED00080,6,category_code,-0.05305
MED00081,6,category_code,-0.5243
MED00082,6,category_code,-0.0613
MED00083,6,category_code,-0.06885
MED00084,6,category_code,0.23655
MED00085,6,category_code,-0.03857
MED00086,6,category_code,-0.52194
MED00087,6,category_code,-0.0372
MED00088,6,category_code,0.25541
MED00089,6,category_code,0.32769
MED00090,6,category_code,-0.17266
MED00091,6,category_code,-0.03801
MED00092,6,category_code,0.00595
MED00093,6,category_code,-0.59516
MED00094,6,category_code,-0.56727
MED00095,6,category_code,-0.04061
MED00096,6,category_code,0.27418
MED00097,6,category_code,-0.47798
MED00098,6,category_code,-0.08844
MED00099,6,category_code,-0.69266
MED00100,6,category_code,-0.751
MED00101,6,category_code,-0.02477
MED00102,6,category_code,0.30604
MED00103,6,category_code,-0.04337
MED00104,6,category_code,-0.08774
MED00105,6,category_code,-0.07343
MED00106,6,category_code,-0.78076
MED00107,6,category_code,-0.0856
MED00108,6,category_code,-0.04547
MED00109,6,category_code,-0.34578
MED00110,6,category_code,-0.3002
MED00111,6,category_code,-0.52925
MED00112,6,category_code,-0.03822
MED00113,6,category_code,-0.0157
MED00114,6,category_code,0.16367
MED00115,6,category_code,-0.04762
MED00116,6,category_code,0.16191
MED00117,6,category_code,0.00357
MED00118,6,category_code,0.05133
MED00119,6,category_code,-0.03467
MED00120,6,category_code,0.47567
MED00121,6,category_code,-0.03128
MED00122,6,category_code,-0.02983
MED00123,6,category_code,-0.19771
MED00124,6,category_code,-0.088
MED00125,6,category_code,-0.63159
MED00126,6,category_code,-0.37624
MED00127,6,category_code,0.04323
MED00128,6,category_code,-0.04032
MED00129,6,category_code,0.0129
MED00130,6,category_code,-0.74272
MED00131,6,category_code,-0.02604
MED00132,6,category_code,-0.2807
MED00133,6,category_code,-0.28074
MED00134,6,category_code,-0.27008
MED00135,6,category_code,0.36007
MED00136,6,category_code,-0.18953
MED00137,6,category_code,0.02563
MED00138,6,category_code,-0.03418
MED00139,6,category_code,-0.01975
MED00140,6,category_code,-0.00848
MED00141,6,category_code,-0.12421
MED00142,6,category_code,-0.4609
MED00143,6,category_code,-0.01052
MED00144,6,category_code,-0.06633
MED00145,6,category_code,-0.48487
MED00146,6,category_code,-0.01412
MED00147,6,category_code,0.05616
MED00148,6,category_code,0.04087
MED00149,6,category_code,-0.02677
MED00150,6,category_code,-0.18349
MED00151,6,category_code,-0.04059
MED00152,6,category_code,-0.05116
MED00153,6,category_code,-0.04313
MED00154,6,category_code,0.19789
MED00155,6,category_code,-0.04644
MED00156,6,category_code,0.05311
MED00157,6,category_code,-0.07903
MED00158,6,category_code,-0.59753
MED00159,6,category_code,0.45493
MED00160,6,category_code,-0.0501
MED00161,6,category_code,-0.07
MED00162,6,category_code,-0.03331
MED00163,6,category_code,-0.5337
MED00164,6,category_code,-0.02701
MED00165,6,category_code,0.13216
MED00166,6,category_code,-0.03599
MED00167,6,category_code,-0.00196
MED00168,6,category_code,-0.02211
MED00169,6,category_code,-0.02882
MED00170,6,category_code,-0.01627
MED00171,6,category_code,-0.04315
MED00172,6,category_code,-0.20976
MED00173,6,category_code,-0.04491
MED00174,6,category_code,0.18955
MED00175,6,category_code,-0.26952
MED00176,6,category_code,0.32308
MED00177,6,category_code,-0.62954
MED00178,6,category_code,-0.03385
MED00179,6,category_code,-0.26153
MED00180,6,category_code,-0.0378
MED00181,6,category_code,-0.04236
MED00182,6,category_code,-0.61789
MED00183,6,category_code,0.27682
MED00184,6,category_code,0.20729
MED00185,6,category_code,-0.02326
MED00186,6,category_code,-0.03513
MED00187,6,category_code,0.10113
MED00188,6,category_code,-0.02013
MED00189,6,category_code,-0.71922
MED00190,6,category_code,-0.04548
MED00191,6,category_code,-0.0092
MED00192,6,category_code,-0.73169
MED00193,6,category_code,-0.82473
MED00194,6,category_code,0.06424
MED00195,6,category_code,0.16278
MED00196,6,category_code,0.05406
MED00197,6,category_code,0.06388
MED00198,6,category_code,-0.00903
MED00199,6,category_code,-0.19344
MED00200,6,category_code,-0.00724
MED00201,6,category_code,0.04159
MED00202,6,category_code,-0.02033
MED00203,6,category_code,-0.02939
MED00204,6,category_code,-0.02401
MED00205,6,category_code,-0.06889
MED00206,6,category_code,-0.18524
MED00207,6,category_code,-0.05859
MED00208,6,category_code,-0.07626
MED00209,6,category_code,-0.01932
MED00210,6,category_code,-0.2022
MED00211,6,category_code,-0.03658
MED00212,6,category_code,0.05565
MED00213,6,category_code,-0.35864
MED00214,6,category_code,-0.08477
MED00215,6,category_code,-0.04783
MED00216,6,category_code,-0.87546
MED00217,6,category_code,-0.66377
MED00218,6,category_code,-0.06758
MED00219,6,category_code,0.23978
MED00220,6,category_code,-0.05652
MED00221,6,category_code,-0.03978
MED00222,6,category_code,-0.47356
MED00223,6,category_code,0.23104
MED00224,6,category_code,-0.001
MED00225,6,category_code,-0.04857
MED00226,6,category_code,-0.00756
MED00227,6,category_code,0.18005
MED00228,6,category_code,0.11525
MED00229,6,category_code,-0.31144
MED00230,6,category_code,0.18505
MED00231,6,category_code,0.09368
MED00232,6,category_code,-0.02659
MED00233,6,category_code,-0.22903
MED00234,6,category_code,-0.00614
MED00235,6,category_code,0.22338
MED00236,6,category_code,-0.022
MED00237,6,category_code,-0.17128
MED00238,6,category_code,-0.04332
MED00239,6,category_code,-0.04443
MED00240,6,category_code,-0.06283
MED00241,6,category_code,-0.04688
MED00242,6,category_code,0.06728
MED00243,6,category_code,-0.77264
MED00244,6,category_code,-0.04611
MED00245,6,category_code,0.21567
MED00246,6,category_code,-0.08204
MED00247,6,category_code,-0.07785
MED00248,6,category_code,0.03889
MED00249,6,category_code,0.26383
MED00250,6,category_code,-0.07076
MED00251,6,category_code,-0.03828
MED00252,6,category_code,-0.47449
MED00253,6,category_code,-0.03461
MED00254,6,category_code,-0.52625
MED00255,6,category_code,-0.08413
MED00256,6,category_code,0.00976
MED00257,6,category_code,-0.07205
MED00258,6,category_code,-0.05063
MED00259,6,category_code,-0.03382
MED00260,6,category_code,-0.26676
MED00261,6,category_code,-0.31437
MED00262,6,category_code,-0.0313
MED00263,6,category_code,-0.02056
MED00264,6,category_code,-0.3261
MED00265,6,category_code,-0.07526
MED00266,6,category_code,0.36283
MED00267,6,category_code,-0.04978
MED00268,6,category_code,-0.04593
MED00269,6,category_code,-0.04368
MED00270,6,category_code,-0.01506
MED00271,6,category_code,-0.20179
MED00272,6,category_code,0.06891
MED00273,6,category_code,0.07154
MED00274,6,category_code,-0.23666
MED00275,6,category_code,0.10555
MED00276,6,category_code,-0.04675
MED00277,6,category_code,-0.71933
MED00278,6,category_code,-0.0806
MED00279,6,category_code,0.21752
MED00280,6,category_code,-0.68384
MED00281,6,category_code,0.06792
MED00282,6,category_code,0.08098
MED00283,6,category_code,-0.01104
MED00284,6,category_code,-0.01159
MED00285,6,category_code,-0.07915
MED00286,6,category_code,0.09923
MED00287,6,category_code,-0.03377
MED00288,6,category_code,0.17383
MED00289,6,category_code,-0.09648
MED00290,6,category_code,0.00625
MED00291,6,category_code,0.38816
MED00292,6,category_code,0.04264
MED00293,6,category_code,0.02891
MED00294,6,category_code,-0.01172
MED00295,6,category_code,-0.6001
MED00296,6,category_code,-0.04956
MED00297,6,category_code,-0.07902
MED00298,6,category_code,-0.0333
MED00299,6,category_code,-0.42303
MED00300,6,category_code,-0.04855
MED00301,6,category_code,-0.07145
MED00302,6,category_code,0.23245
MED00303,6,category_code,0.0814
MED00304,6,category_code,-0.11046
MED00305,6,category_code,-0.02391
MED00306,6,category_code,-0.35188
MED00307,6,category_code,0.30844
MED00308,6,category_code,-0.21902
MED00309,6,category_code,-0.04772
MED00310,6,category_code,0.09444
MED00311,6,category_code,-0.08261
MED00312,6,category_code,-0.2595
MED00313,6,category_code,-0.3151
MED00314,6,category_code,0.3842
MED00315,6,category_code,-0.08598
MED00316,6,category_code,-0.04721
MED00317,6,category_code,-0.03956
MED00318,6,category_code,-0.03174
MED00319,6,category_code,-0.07534
MED00320,6,category_code,0.17924
MED00321,6,category_code,-0.37378
MED00322,6,category_code,-0.74422
MED00323,6,category_code,-0.13252
MED00324,6,category_code,-0.18164
MED00325,6,category_code,-0.07478
MED00326,6,category_code,-0.08879
MED00327,6,category_code,-0.03412
MED00328,6,category_code,-0.05608
MED00329,6,category_code,-0.07957
MED00330,6,category_code,-0.0564
MED00331,6,category_code,0.0064
MED00332,6,category_code,-0.04831
MED00333,6,category_code,-0.03092
MED00334,6,category_code,0.20046
MED00335,6,category_code,0.01689
MED00336,6,category_code,-0.0613
MED00337,6,category_code,0.30354
MED00338,6,category_code,0.45228
MED00339,6,category_code,0.00225
MED00340,6,category_code,-0.22173
MED00341,6,category_code,-0.06549
MED00342,6,category_code,-0.04663
MED00343,6,category_code,-0.08416
MED00344,6,category_code,-0.00321
MED00345,6,category_code,-0.73075
MED00346,6,category_code,-0.04753
MED00347,6,category_code,-0.74616
MED00348,6,category_code,0.01346
MED00349,6,category_code,-0.04299
MED00350,6,category_code,-0.40495
MED00351,6,category_code,-0.28685
MED00352,6,category_code,-0.47784
MED00353,6,category_code,-0.35364
MED00354,6,category_code,-0.35539
MED00355,6,category_code,-0.17683
MED00356,6,category_code,-0.02365
MED00357,6,category_code,-0.68242
MED00358,6,category_code,0.05684
MED00359,6,category_code,-0.04523
MED00360,6,category_code,0.12186
MED00361,6,category_code,-0.02815
MED00362,6,category_code,-0.00463
MED00363,6,category_code,-0.03856
MED00364,6,category_code,-0.76318
MED00365,6,category_code,-0.04625
MED00366,6,category_code,-0.0791
MED00367,6,category_code,-0.03869
MED00368,6,category_code,-0.02782
MED00369,6,category_code,-0.0687
MED00370,6,category_code,-0.36735
MED00371,6,category_code,0.33117
MED00372,6,category_code,-0.69819
MED00373,6,category_code,-0.51928
MED00374,6,category_code,0.04547
MED00375,6,category_code,0.33576
MED00376,6,category_code,-0.05043
MED00377,6,category_code,-0.58012
MED00378,6,category_code,-0.02939
MED00379,6,category_code,-0.40713
MED00380,6,category_code,-0.2963
MED00381,6,category_code,-0.39152
MED00382,6,category_code,0.02862
MED00383,6,category_code,-0.07276
MED00384,6,category_code,-0.04034
MED00385,6,category_code,0.03064
MED00386,6,category_code,0.04096
MED00387,6,category_code,0.03606
MED00388,6,category_code,0.29673
MED00389,6,category_code,-0.06499
MED00390,6,category_code,-0.0828
MED00391,6,category_code,0.05604
MED00392,6,category_code,0.03784
MED00393,6,category_code,0.05867
MED00394,6,category_code,0.06012
MED00395,6,category_code,0.04547
MED00396,6,category_code,0.12019
MED00397,6,category_code,0.32134
MED00398,6,category_code,0.31508
MED00399,6,category_code,0.31455
MED00400,6,category_code,0.28902
MED00401,6,category_code,0.07902
MED00402,6,category_code,0.08066
MED00403,6,category_code,-0.00262
MED00404,6,category_code,-0.03229
MED00405,6,category_code,-0.04147
MED00406,6,category_code,0.01332
MED00407,6,category_code,0.0715
MED00408,6,category_code,0.04882
MED00409,6,category_code,-0.13032
MED00410,6,category_code,-0.15753
MED00411,6,category_code,-0.0066
MED00412,6,category_code,0.04447
MED00413,6,category_code,0.00711
MED00414,6,category_code,0.0065
MED00415,6,category_code,0.02505
MED00416,6,category_code,0.01459
MED00417,6,category_code,0.02527
MED00418,6,category_code,0.09225
MED00419,6,category_code,0.06818
MED00420,6,category_code,0.03055
MED00421,6,category_code,0.02218
MED00422,6,category_code,0.01923
MED00423,6,category_code,0.05464
MED00424,6,category_code,0.11149
MED00001,7,category_code,0.08029
MED00002,7,category_code,-0.77369
MED00003,7,category_code,-0.55361
MED00004,7,category_code,-0.35601
MED00005,7,category_code,-0.32905
MED00006,7,category_code,0.08319
MED00007,7,category_code,0.00773
MED00008,7,category_code,-0.4832
MED00009,7,category_code,0.06527
MED00010,7,category_code,0.14438
MED00011,7,category_code,0.25334
MED00012,7,category_code,-0.0242
MED00013,7,category_code,-0.00772
MED00014,7,category_code,0.22097
MED00015,7,category_code,-0.42008
MED00016,7,category_code,-0.00354
MED00017,7,category_code,-0.03022
MED00018,7,category_code,0.26378
MED00019,7,category_code,0.22139
MED00020,7,category_code,0.28832
MED00021,7,category_code,-0.04876
MED00022,7,category_code,-0.01121
MED00023,7,category_code,-0.11679
MED00024,7,category_code,-0.03887
MED00025,7,category_code,-0.78983
MED00026,7,category_code,-0.52672
MED00027,7,category_code,-0.63767
MED00028,7,category_code,-0.48079
MED00029,7,category_code,-0.0932
MED00030,7,category_code,-0.0773
MED00031,7,category_code,0.02612
MED00032,7,category_code,0.06579
MED00033,7,category_code,-0.38826
MED00034,7,category_code,0.2649
MED00035,7,category_code,-0.2884
MED00036,7,category_code,-0.26878
MED00037,7,category_code,0.19481
MED00038,7,category_code,-0.09516
MED00039,7,category_code,-0.25247
MED00040,7,category_code,-0.38193
MED00041,7,category_code,-0.27279
MED00042,7,category_code,0.06221
MED00043,7,category_code,-0.47238
MED00044,7,category_code,-0.01333
MED00045,7,category_code,0.04002
MED00046,7,category_code,0.00435
MED00047,7,category_code,-0.05841
MED00048,7,category_code,-0.05317
MED00049,7,category_code,-0.71588
MED00050,7,category_code,-0.02843
MED00051,7,category_code,-0.77574
MED00052,7,category_code,-0.47538
MED00053,7,category_code,-0.16006
MED00054,7,category_code,-0.14448
MED00055,7,category_code,-0.23816
MED00056,7,category_code,-0.27533
MED00057,7,category_code,-0.33063
MED00058,7,category_code,0.08402
MED00059,7,category_code,0.02189
MED00060,7,category_code,0.05933
MED00061,7,category_code,-0.48399
MED00062,7,category_code,0.05276
MED00063,7,category_code,-0.77741
MED00064,7,category_code,0.23861
MED00065,7,category_code,0.24931
MED00066,7,category_code,-0.45273
MED00067,7,category_code,-0.01817
MED00068,7,category_code,-0.04895
MED00069,7,category_code,-0.02357
MED00070,7,category_code,-0.04562
MED00071,7,category_code,-0.01896
MED00072,7,category_code,-0.03061
MED00073,7,category_code,-0.0293
MED00074,7,category_code,-0.04698
MED00075,7,category_code,0.19673
MED00076,7,category_code,-0.65123
MED00077,7,category_code,-0.02545
MED00078,7,category_code,-0.00576
MED00079,7,category_code,0.25244
MED00080,7,category_code,-0.04324
MED00081,7,category_code,-0.4946
MED00082,7,category_code,-0.05408
MED00083,7,category_code,-0.0596
MED00084,7,category_code,0.24858
MED00085,7,category_code,-0.01794
MED00086,7,category_code,-0.50089
MED00087,7,category_code,-0.01401
MED00088,7,category_code,0.2995
MED00089,7,category_code,0.30651
MED00090,7,category_code,-0.14456
MED00091,7,category_code,-0.03046
MED00092,7,category_code,0.02557
MED00093,7,category_code,-0.55587
MED00094,7,category_code,-0.5272
MED00095,7,category_code,-0.01468
MED00096,7,category_code,0.30791
MED00097,7,category_code,-0.45866
MED00098,7,category_code,-0.06322
MED00099,7,category_code,-0.68135
MED00100,7,category_code,-0.71137
MED00101,7,category_code,-0.01575
MED00102,7,category_code,0.33267
MED00103,7,category_code,-0.01951
MED00104,7,category_code,-0.06096
MED00105,7,category_code,-0.06026
MED00106,7,category_code,-0.74231
MED00107,7,category_code,-0.05911
MED00108,7,category_code,-0.01967
MED00109,7,category_code,-0.32844
MED00110,7,category_code,-0.28496
MED00111,7,category_code,-0.48669
MED00112,7,category_code,-0.01328
MED00113,7,category_code,0.0063
MED00114,7,category_code,0.13283
MED00115,7,category_code,-0.02406
MED00116,7,category_code,0.18759
MED00117,7,category_code,0.00499
MED00118,7,category_code,0.06966
MED00119,7,category_code,-0.01034
MED00120,7,category_code,0.46002
MED00121,7,category_code,-0.02152
MED00122,7,category_code,-0.00731
MED00123,7,category_code,-0.2066
MED00124,7,category_code,-0.06147
MED00125,7,category_code,-0.60157
MED00126,7,category_code,-0.3611
MED00127,7,category_code,0.03539
MED00128,7,category_code,-0.0157
MED00129,7,category_code,0.01912
MED00130,7,category_code,-0.71169
MED00131,7,category_code,-0.01956
MED00132,7,category_code,-0.28471
MED00133,7,category_code,-0.27775
MED00134,7,category_code,-0.25613
MED00135,7,category_code,0.34438
MED00136,7,category_code,-0.20766
MED00137,7,category_code,0.01169
MED00138,7,category_code,-0.02509
MED00139,7,category_code,-0.01385
MED00140,7,category_code,0.01362
MED00141,7,category_code,-0.11546
MED00142,7,category_code,-0.43591
MED00143,7,category_code,0.01323
MED00144,7,category_code,-0.05455
MED00145,7,category_code,-0.45719
MED00146,7,category_code,-0.00546
MED00147,7,category_code,0.06578
MED00148,7,category_code,0.05288
MED00149,7,category_code,-0.0109
MED00150,7,category_code,-0.15147
MED00151,7,category_code,-0.01619
MED00152,7,category_code,-0.02609
MED00153,7,category_code,-0.01976
MED00154,7,category_code,0.22846
MED00155,7,category_code,-0.02195
MED00156,7,category_code,0.06339
MED00157,7,category_code,-0.05827
MED00158,7,category_code,-0.55943
MED00159,7,category_code,0.43632
MED00160,7,category_code,-0.02566
MED00161,7,category_code,-0.04487
MED00162,7,category_code,-0.01004
MED00163,7,category_code,-0.48991
MED00164,7,category_code,-0.02002
MED00165,7,category_code,0.12146
MED00166,7,category_code,-0.01304
MED00167,7,category_code,0.01736
MED00168,7,category_code,-0.01438
MED00169,7,category_code,-0.01043
MED00170,7,category_code,0.00546
MED00171,7,category_code,-0.01834
MED00172,7,category_code,-0.18349
MED00173,7,category_code,-0.01777
MED00174,7,category_code,0.21394
MED00175,7,category_code,-0.24653
MED00176,7,category_code,0.28222
MED00177,7,category_code,-0.59699
MED00178,7,category_code,-0.03841
MED00179,7,category_code,-0.27108
MED00180,7,category_code,-0.01317
MED00181,7,category_code,-0.01797
MED00182,7,category_code,-0.60981
MED00183,7,category_code,0.2465
MED00184,7,category_code,0.17605
MED00185,7,category_code,-0.04056
MED00186,7,category_code,-0.01154
MED00187,7,category_code,0.09748
MED00188,7,category_code,0.00182
MED00189,7,category_code,-0.68888
MED00190,7,category_code,-0.02213
MED00191,7,category_code,-0.00993
MED00192,7,category_code,-0.69282
MED00193,7,category_code,-0.79912
MED00194,7,category_code,0.04909
MED00195,7,category_code,0.15088
MED00196,7,category_code,0.03559
MED00197,7,category_code,0.05386
MED00198,7,category_code,0.01355
MED00199,7,category_code,-0.21243
MED00200,7,category_code,0.00221
MED00201,7,category_code,0.0536
MED00202,7,category_code,0.0038
MED00203,7,category_code,-0.02568
MED00204,7,category_code,-0.01472
MED00205,7,category_code,-0.0545
MED00206,7,category_code,-0.17158
MED00207,7,category_code,-0.0349
MED00208,7,category_code,-0.06316
MED00209,7,category_code,-0.02285
MED00210,7,category_code,-0.18027
MED00211,7,category_code,-0.01648
MED00212,7,category_code,0.04284
MED00213,7,category_code,-0.34705
MED00214,7,category_code,-0.0588
MED00215,7,category_code,-0.02426
MED00216,7,category_code,-0.83573
MED00217,7,category_code,-0.63112
MED00218,7,category_code,-0.04676
MED00219,7,category_code,0.26043
MED00220,7,category_code,-0.02998
MED00221,7,category_code,-0.03321
MED00222,7,category_code,-0.45154
MED00223,7,category_code,0.20383
MED00224,7,category_code,0.02075
MED00225,7,category_code,-0.02066
MED00226,7,category_code,-0.00319
MED00227,7,category_code,0.21143
MED00228,7,category_code,0.10216
MED00229,7,category_code,-0.29612
MED00230,7,category_code,0.21217
MED00231,7,category_code,0.11656
MED00232,7,category_code,-0.01729
MED00233,7,category_code,-0.23191
MED00234,7,category_code,0.01709
MED00235,7,category_code,0.20171
MED00236,7,category_code,-0.02022
MED00237,7,category_code,-0.17547
MED00238,7,category_code,-0.02686
MED00239,7,category_code,-0.01842
MED00240,7,category_code,-0.05305
MED00241,7,category_code,-0.02287
MED00242,7,category_code,0.04879
MED00243,7,category_code,-0.74412
MED00244,7,category_code,-0.02291
MED00245,7,category_code,0.181
MED00246,7,category_code,-0.05646
MED00247,7,category_code,-0.04954
MED00248,7,category_code,0.03529
MED00249,7,category_code,0.23112
MED00250,7,category_code,-0.05943
MED00251,7,category_code,-0.01387
MED00252,7,category_code,-0.46522
MED00253,7,category_code,-0.01013
MED00254,7,category_code,-0.54189
MED00255,7,category_code,-0.10446
MED00256,7,category_code,0.02998
MED00257,7,category_code,-0.06367
MED00258,7,category_code,-0.02581
MED00259,7,category_code,-0.00821
MED00260,7,category_code,-0.26933
MED00261,7,category_code,-0.32441
MED00262,7,category_code,-0.0255
MED00263,7,category_code,0.00202
MED00264,7,category_code,-0.30939
MED00265,7,category_code,-0.05075
MED00266,7,category_code,0.35032
MED00267,7,category_code,-0.03938
MED00268,7,category_code,-0.02121
MED00269,7,category_code,-0.01927
MED00270,7,category_code,0.00724
MED00271,7,category_code,-0.18626
MED00272,7,category_code,0.05703
MED00273,7,category_code,0.06168
MED00274,7,category_code,-0.24796
MED00275,7,category_code,0.09428
MED00276,7,category_code,-0.02149
MED00277,7,category_code,-0.689
MED00278,7,category_code,-0.05836
MED00279,7,category_code,0.18311
MED00280,7,category_code,-0.65162
MED00281,7,category_code,0.05534
MED00282,7,category_code,0.06989
MED00283,7,category_code,0.01161
MED00284,7,category_code,-0.00465
MED00285,7,category_code,-0.05258
MED00286,7,category_code,0.11723
MED00287,7,category_code,-0.00794
MED00288,7,category_code,0.22611
MED00289,7,category_code,-0.09234
MED00290,7,category_code,0.02605
MED00291,7,category_code,0.39846
MED00292,7,category_code,0.04953
MED00293,7,category_code,0.06689
MED00294,7,category_code,-0.00607
MED00295,7,category_code,-0.58943
MED00296,7,category_code,-0.02474
MED00297,7,category_code,-0.05492
MED00298,7,category_code,-0.01264
MED00299,7,category_code,-0.39874
MED00300,7,category_code,-0.0238
MED00301,7,category_code,-0.0466
MED00302,7,category_code,0.21625
MED00303,7,category_code,0.09112
MED00304,7,category_code,-0.10362
MED00305,7,category_code,0.00011
MED00306,7,category_code,-0.31874
MED00307,7,category_code,0.2554
MED00308,7,category_code,-0.22503
MED00309,7,category_code,-0.04036
MED00310,7,category_code,0.10579
MED00311,7,category_code,-0.0782
MED00312,7,category_code,-0.26218
MED00313,7,category_code,-0.31188
MED00314,7,category_code,0.37616
MED00315,7,category_code,-0.05797
MED00316,7,category_code,-0.02254
MED00317,7,category_code,-0.01647
MED00318,7,category_code,-0.02242
MED00319,7,category_code,-0.0467
MED00320,7,category_code,0.20209
MED00321,7,category_code,-0.38116
MED00322,7,category_code,-0.71367
MED00323,7,category_code,-0.14045
MED00324,7,category_code,-0.19313
MED00325,7,category_code,-0.05327
MED00326,7,category_code,-0.06182
MED00327,7,category_code,-0.02499
MED00328,7,category_code,-0.02975
MED00329,7,category_code,-0.05102
MED00330,7,category_code,-0.02992
MED00331,7,category_code,0.02608
MED00332,7,category_code,-0.02469
MED00333,7,category_code,-0.01155
MED00334,7,category_code,0.22655
MED00335,7,category_code,0.00039
MED00336,7,category_code,-0.04719
MED00337,7,category_code,0.26131
MED00338,7,category_code,0.44424
MED00339,7,category_code,0.00785
MED00340,7,category_code,-0.19445
MED00341,7,category_code,-0.05307
MED00342,7,category_code,-0.0236
MED00343,7,category_code,-0.0555
MED00344,7,category_code,0.02482
MED00345,7,category_code,-0.70058
MED00346,7,category_code,-0.02404
MED00347,7,category_code,-0.70613
MED00348,7,category_code,0.02977
MED00349,7,category_code,-0.01689
MED00350,7,category_code,-0.43215
MED00351,7,category_code,-0.27324
MED00352,7,category_code,-0.44301
MED00353,7,category_code,-0.34089
MED00354,7,category_code,-0.34073
MED00355,7,category_code,-0.14623
MED00356,7,category_code,-0.00304
MED00357,7,category_code,-0.68549
MED00358,7,category_code,0.0672
MED00359,7,category_code,-0.02161
MED00360,7,category_code,0.16165
MED00361,7,category_code,-0.00459
MED00362,7,category_code,0.01692
MED00363,7,category_code,-0.0141
MED00364,7,category_code,-0.72314
MED00365,7,category_code,-0.02193
MED00366,7,category_code,-0.05118
MED00367,7,category_code,-0.0293
MED00368,7,category_code,-0.00636
MED00369,7,category_code,-0.06056
MED00370,7,category_code,-0.36308
MED00371,7,category_code,0.31293
MED00372,7,category_code,-0.69825
MED00373,7,category_code,-0.49068
MED00374,7,category_code,0.05411
MED00375,7,category_code,0.31424
MED00376,7,category_code,-0.02711
MED00377,7,category_code,-0.54135
MED00378,7,category_code,-0.01256
MED00379,7,category_code,-0.4194
MED00380,7,category_code,-0.28172
MED00381,7,category_code,-0.38108
MED00382,7,category_code,0.03976
MED00383,7,category_code,-0.05853
MED00384,7,category_code,-0.01616
MED00385,7,category_code,0.05121
MED00386,7,category_code,0.05323
MED00387,7,category_code,0.03195
MED00388,7,category_code,0.29041
MED00389,7,category_code,-0.0536
MED00390,7,category_code,-0.07279
MED00391,7,category_code,0.04447
MED00392,7,category_code,0.02642
MED00393,7,category_code,0.0505
MED00394,7,category_code,0.05479
MED00395,7,category_code,0.04032
MED00396,7,category_code,0.09716
MED00397,7,category_code,0.2809
MED00398,7,category_code,0.28746
MED00399,7,category_code,0.28588
MED00400,7,category_code,0.26558
MED00401,7,category_code,0.08823
MED00402,7,category_code,0.08381
MED00403,7,category_code,-0.00951
MED00404,7,category_code,-0.0336
MED00405,7,category_code,-0.04473
MED00406,7,category_code,0.00717
MED00407,7,category_code,0.075
MED00408,7,category_code,0.05244
MED00409,7,category_code,-0.15233
MED00410,7,category_code,-0.17937
MED00411,7,category_code,0.00647
MED00412,7,category_code,0.05865
MED00413,7,category_code,0.01734
MED00414,7,category_code,0.02488
MED00415,7,category_code,0.03848
MED00416,7,category_code,0.02744
MED00417,7,category_code,0.0426
MED00418,7,category_code,0.08959
MED00419,7,category_code,0.06318
MED00420,7,category_code,0.00774
MED00421,7,category_code,0.00472
MED00422,7,category_code,0.03188
MED00423,7,category_code,0.04444
MED00424,7,category_code,0.14445
MED00001,8,category_code,0.07743
MED00002,8,category_code,-0.77533
MED00003,8,category_code,-0.55594
MED00004,8,category_code,-0.40189
MED00005,8,category_code,-0.39275
MED00006,8,category_code,0.08103
MED00007,8,category_code,0.01004
MED00008,8,category_code,-0.48789
MED00009,8,category_code,0.06106
MED00010,8,category_code,0.1458
MED00011,8,category_code,0.25596
MED00012,8,category_code,-0.02615
MED00013,8,category_code,-0.00871
MED00014,8,category_code,0.21815
MED00015,8,category_code,-0.41981
MED00016,8,category_code,-0.00172
MED00017,8,category_code,-0.03026
MED00018,8,category_code,0.26591
MED00019,8,category_code,0.2262
MED00020,8,category_code,0.29207
MED00021,8,category_code,-0.04857
MED00022,8,category_code,-0.01024
MED00023,8,category_code,-0.11857
MED00024,8,category_code,-0.03998
MED00025,8,category_code,-0.78834
MED00026,8,category_code,-0.52677
MED00027,8,category_code,-0.63567
MED00028,8,category_code,-0.48098
MED00029,8,category_code,-0.09187
MED00030,8,category_code,-0.0771
MED00031,8,category_code,0.02451
MED00032,8,category_code,0.0667
MED00033,8,category_code,-0.4426
MED00034,8,category_code,0.26612
MED00035,8,category_code,-0.31993
MED00036,8,category_code,-0.2949
MED00037,8,category_code,0.1957
MED00038,8,category_code,-0.09352
MED00039,8,category_code,-0.28491
MED00040,8,category_code,-0.3755
MED00041,8,category_code,-0.30187
MED00042,8,category_code,0.06452
MED00043,8,category_code,-0.47907
MED00044,8,category_code,-0.0136
MED00045,8,category_code,0.03873
MED00046,8,category_code,0.0042
MED00047,8,category_code,-0.06114
MED00048,8,category_code,-0.05308
MED00049,8,category_code,-0.71792
MED00050,8,category_code,-0.03
MED00051,8,category_code,-0.76585
MED00052,8,category_code,-0.47699
MED00053,8,category_code,-0.16259
MED00054,8,category_code,-0.14779
MED00055,8,category_code,-0.27019
MED00056,8,category_code,-0.30293
MED00057,8,category_code,-0.36187
MED00058,8,category_code,0.08334
MED00059,8,category_code,0.01782
MED00060,8,category_code,0.05845
MED00061,8,category_code,-0.48691
MED00062,8,category_code,0.04756
MED00063,8,category_code,-0.77882
MED00064,8,category_code,0.24168
MED00065,8,category_code,0.25094
MED00066,8,category_code,-0.4522
MED00067,8,category_code,-0.01634
MED00068,8,category_code,-0.0498
MED00069,8,category_code,-0.02379
MED00070,8,category_code,-0.04452
MED00071,8,category_code,-0.01852
MED00072,8,category_code,-0.02893
MED00073,8,category_code,-0.02929
MED00074,8,category_code,-0.04654
MED00075,8,category_code,0.19499
MED00076,8,category_code,-0.65306
MED00077,8,category_code,-0.0262
MED00078,8,category_code,-0.0088
MED00079,8,category_code,0.26152
MED00080,8,category_code,-0.04404
MED00081,8,category_code,-0.48682
MED00082,8,category_code,-0.05422
MED00083,8,category_code,-0.05987
MED00084,8,category_code,0.25355
MED00085,8,category_code,-0.01627
MED00086,8,category_code,-0.51253
MED00087,8,category_code,-0.01594
MED00088,8,category_code,0.30606
MED00089,8,category_code,0.31118
MED00090,8,category_code,-0.14472
MED00091,8,category_code,-0.03028
MED00092,8,category_code,0.02619
MED00093,8,category_code,-0.556
MED00094,8,category_code,-0.52487
MED00095,8,category_code,-0.01531
MED00096,8,category_code,0.30527
MED00097,8,category_code,-0.46911
MED00098,8,category_code,-0.06342
MED00099,8,category_code,-0.68369
MED00100,8,category_code,-0.71273
MED00101,8,category_code,-0.01897
MED00102,8,category_code,0.33433
MED00103,8,category_code,-0.02001
MED00104,8,category_code,-0.06256
MED00105,8,category_code,-0.05981
MED00106,8,category_code,-0.74679
MED00107,8,category_code,-0.05961
MED00108,8,category_code,-0.02087
MED00109,8,category_code,-0.36291
MED00110,8,category_code,-0.33553
MED00111,8,category_code,-0.48633
MED00112,8,category_code,-0.01336
MED00113,8,category_code,0.00655
MED00114,8,category_code,0.13556
MED00115,8,category_code,-0.02456
MED00116,8,category_code,0.18894
MED00117,8,category_code,0.00468
MED00118,8,category_code,0.07191
MED00119,8,category_code,-0.01182
MED00120,8,category_code,0.46409
MED00121,8,category_code,-0.02302
MED00122,8,category_code,-0.01107
MED00123,8,category_code,-0.23419
MED00124,8,category_code,-0.0617
MED00125,8,category_code,-0.60364
MED00126,8,category_code,-0.41123
MED00127,8,category_code,0.03246
MED00128,8,category_code,-0.0172
MED00129,8,category_code,0.01642
MED00130,8,category_code,-0.71677
MED00131,8,category_code,-0.01933
MED00132,8,category_code,-0.3117
MED00133,8,category_code,-0.30758
MED00134,8,category_code,-0.3051
MED00135,8,category_code,0.35411
MED00136,8,category_code,-0.21127
MED00137,8,category_code,0.01202
MED00138,8,category_code,-0.02657
MED00139,8,category_code,-0.01557
MED00140,8,category_code,0.01502
MED00141,8,category_code,-0.11645
MED00142,8,category_code,-0.44584
MED00143,8,category_code,0.01308
MED00144,8,category_code,-0.05397
MED00145,8,category_code,-0.46192
MED00146,8,category_code,-0.00224
MED00147,8,category_code,0.06418
MED00148,8,category_code,0.05178
MED00149,8,category_code,-0.01112
MED00150,8,category_code,-0.15353
MED00151,8,category_code,-0.0177
MED00152,8,category_code,-0.02631
MED00153,8,category_code,-0.02034
MED00154,8,category_code,0.23499
MED00155,8,category_code,-0.02338
MED00156,8,category_code,0.06443
MED00157,8,category_code,-0.05874
MED00158,8,category_code,-0.55741
MED00159,8,category_code,0.43835
MED00160,8,category_code,-0.02797
MED00161,8,category_code,-0.04599
MED00162,8,category_code,-0.01066
MED00163,8,category_code,-0.49219
MED00164,8,category_code,-0.01982
MED00165,8,category_code,0.12397
MED00166,8,category_code,-0.01499
MED00167,8,category_code,0.01939
MED00168,8,category_code,-0.01634
MED00169,8,category_code,-0.00951
MED00170,8,category_code,0.00802
MED00171,8,category_code,-0.01975
MED00172,8,category_code,-0.18537
MED00173,8,category_code,-0.01839
MED00174,8,category_code,0.21524
MED00175,8,category_code,-0.28265
MED00176,8,category_code,0.28757
MED00177,8,category_code,-0.59259
MED00178,8,category_code,-0.07381
MED00179,8,category_code,-0.30103
MED00180,8,category_code,-0.01385
MED00181,8,category_code,-0.01855
MED00182,8,category_code,-0.60873
MED00183,8,category_code,0.24774
MED00184,8,category_code,0.17643
MED00185,8,category_code,-0.04011
MED00186,8,category_code,-0.01298
MED00187,8,category_code,0.09728
MED00188,8,category_code,0.00277
MED00189,8,category_code,-0.69114
MED00190,8,category_code,-0.02267
MED00191,8,category_code,-0.0065
MED00192,8,category_code,-0.68553
MED00193,8,category_code,-0.80083
MED00194,8,category_code,0.04928
MED00195,8,category_code,0.15188
MED00196,8,category_code,0.03864
MED00197,8,category_code,0.05296
MED00198,8,category_code,0.012
MED00199,8,category_code,-0.21284
MED00200,8,category_code,-0.00102
MED00201,8,category_code,0.05283
MED00202,8,category_code,0.0038
MED00203,8,category_code,-0.02355
MED00204,8,category_code,-0.01789
MED00205,8,category_code,-0.05235
MED00206,8,category_code,-0.17436
MED00207,8,category_code,-0.03501
MED00208,8,category_code,-0.06258
MED00209,8,category_code,-0.06082
MED00210,8,category_code,-0.21004
MED00211,8,category_code,-0.01831
MED00212,8,category_code,0.03991
MED00213,8,category_code,-0.39715
MED00214,8,category_code,-0.05999
MED00215,8,category_code,-0.0257
MED00216,8,category_code,-0.83722
MED00217,8,category_code,-0.63316
MED00218,8,category_code,-0.04898
MED00219,8,category_code,0.26986
MED00220,8,category_code,-0.03246
MED00221,8,category_code,-0.03335
MED00222,8,category_code,-0.45734
MED00223,8,category_code,0.20761
MED00224,8,category_code,0.02022
MED00225,8,category_code,-0.02285
MED00226,8,category_code,-0.00491
MED00227,8,category_code,0.21647
MED00228,8,category_code,0.10009
MED00229,8,category_code,-0.34479
MED00230,8,category_code,0.21784
MED00231,8,category_code,0.11616
MED00232,8,category_code,-0.0186
MED00233,8,category_code,-0.26112
MED00234,8,category_code,0.01824
MED00235,8,category_code,0.20022
MED00236,8,category_code,-0.02052
MED00237,8,category_code,-0.17897
MED00238,8,category_code,-0.02698
MED00239,8,category_code,-0.02028
MED00240,8,category_code,-0.05291
MED00241,8,category_code,-0.0248
MED00242,8,category_code,0.05659
MED00243,8,category_code,-0.74578
MED00244,8,category_code,-0.0234
MED00245,8,category_code,0.18136
MED00246,8,category_code,-0.05622
MED00247,8,category_code,-0.04914
MED00248,8,category_code,0.03207
MED00249,8,category_code,0.23103
MED00250,8,category_code,-0.05678
MED00251,8,category_code,-0.01362
MED00252,8,category_code,-0.46818
MED00253,8,category_code,-0.01329
MED00254,8,category_code,-0.54977
MED00255,8,category_code,-0.10667
MED00256,8,category_code,0.03003
MED00257,8,category_code,-0.0644
MED00258,8,category_code,-0.02707
MED00259,8,category_code,-0.00733
MED00260,8,category_code,-0.30146
MED00261,8,category_code,-0.35169
MED00262,8,category_code,-0.02648
MED00263,8,category_code,0.00403
MED00264,8,category_code,-0.34408
MED00265,8,category_code,-0.05397
MED00266,8,category_code,0.35579
MED00267,8,category_code,-0.04135
MED00268,8,category_code,-0.02144
MED00269,8,category_code,-0.01946
MED00270,8,category_code,0.00622
MED00271,8,category_code,-0.1893
MED00272,8,category_code,0.05384
MED00273,8,category_code,0.05893
MED00274,8,category_code,-0.27083
MED00275,8,category_code,0.08896
MED00276,8,category_code,-0.02157
MED00277,8,category_code,-0.69127
MED00278,8,category_code,-0.062
MED00279,8,category_code,0.1839
MED00280,8,category_code,-0.65392
MED00281,8,category_code,0.04579
MED00282,8,category_code,0.06845
MED00283,8,category_code,0.01143
MED00284,8,category_code,-0.00444
MED00285,8,category_code,-0.0533
MED00286,8,category_code,0.11308
MED00287,8,category_code,-0.00688
MED00288,8,category_code,0.23003
MED00289,8,category_code,-0.09515
MED00290,8,category_code,0.02463
MED00291,8,category_code,0.399
MED00292,8,category_code,0.04872
MED00293,8,category_code,0.0633
MED00294,8,category_code,-0.00699
MED00295,8,category_code,-0.5951
MED00296,8,category_code,-0.02558
MED00297,8,category_code,-0.0562
MED00298,8,category_code,-0.01074
MED00299,8,category_code,-0.39206
MED00300,8,category_code,-0.02442
MED00301,8,category_code,-0.04721
MED00302,8,category_code,0.21552
MED00303,8,category_code,0.08811
MED00304,8,category_code,-0.10385
MED00305,8,category_code,-0.00188
MED00306,8,category_code,-0.35064
MED00307,8,category_code,0.25554
MED00308,8,category_code,-0.25082
MED00309,8,category_code,-0.04057
MED00310,8,category_code,0.10477
MED00311,8,category_code,-0.08375
MED00312,8,category_code,-0.29563
MED00313,8,category_code,-0.36877
MED00314,8,category_code,0.37988
MED00315,8,category_code,-0.06117
MED00316,8,category_code,-0.02386
MED00317,8,category_code,-0.01711
MED00318,8,category_code,-0.02228
MED00319,8,category_code,-0.04463
MED00320,8,category_code,0.20439
MED00321,8,category_code,-0.43508
MED00322,8,category_code,-0.71588
MED00323,8,category_code,-0.16802
MED00324,8,category_code,-0.19404
MED00325,8,category_code,-0.05543
MED00326,8,category_code,-0.06327
MED00327,8,category_code,-0.0251
MED00328,8,category_code,-0.03194
MED00329,8,category_code,-0.04915
MED00330,8,category_code,-0.03095
MED00331,8,category_code,0.02796
MED00332,8,category_code,-0.02517
MED00333,8,category_code,-0.00993
MED00334,8,category_code,0.23091
MED00335,8,category_code,0.00138
MED00336,8,category_code,-0.04706
MED00337,8,category_code,0.26183
MED00338,8,category_code,0.4492
MED00339,8,category_code,0.00785
MED00340,8,category_code,-0.23662
MED00341,8,category_code,-0.05364
MED00342,8,category_code,-0.02389
MED00343,8,category_code,-0.05679
MED00344,8,category_code,0.02561
MED00345,8,category_code,-0.70266
MED00346,8,category_code,-0.02468
MED00347,8,category_code,-0.70762
MED00348,8,category_code,0.02972
MED00349,8,category_code,-0.01696
MED00350,8,category_code,-0.48911
MED00351,8,category_code,-0.32153
MED00352,8,category_code,-0.47672
MED00353,8,category_code,-0.39103
MED00354,8,category_code,-0.39081
MED00355,8,category_code,-0.14577
MED00356,8,category_code,-0.00273
MED00357,8,category_code,-0.69231
MED00358,8,category_code,0.06622
MED00359,8,category_code,-0.02355
MED00360,8,category_code,0.15918
MED00361,8,category_code,-0.0027
MED00362,8,category_code,0.01802
MED00363,8,category_code,-0.0142
MED00364,8,category_code,-0.7246
MED00365,8,category_code,-0.02343
MED00366,8,category_code,-0.05245
MED00367,8,category_code,-0.0325
MED00368,8,category_code,-0.00636
MED00369,8,category_code,-0.05865
MED00370,8,category_code,-0.39693
MED00371,8,category_code,0.32216
MED00372,8,category_code,-0.70476
MED00373,8,category_code,-0.49763
MED00374,8,category_code,0.05557
MED00375,8,category_code,0.32062
MED00376,8,category_code,-0.02761
MED00377,8,category_code,-0.54081
MED00378,8,category_code,-0.01271
MED00379,8,category_code,-0.47635
MED00380,8,category_code,-0.3305
MED00381,8,category_code,-0.42791
MED00382,8,category_code,0.03875
MED00383,8,category_code,-0.05886
MED00384,8,category_code,-0.01649
MED00385,8,category_code,0.05218
MED00386,8,category_code,0.04866
MED00387,8,category_code,0.03387
MED00388,8,category_code,0.29428
MED00389,8,category_code,-0.05301
MED00390,8,category_code,-0.07651
MED00391,8,category_code,0.03995
MED00392,8,category_code,0.02012
MED00393,8,category_code,0.04468
MED00394,8,category_code,0.04878
MED00395,8,category_code,0.03352
MED00396,8,category_code,0.09516
MED00397,8,category_code,0.28242
MED00398,8,category_code,0.29002
MED00399,8,category_code,0.28825
MED00400,8,category_code,0.26813
MED00401,8,category_code,0.07843
MED00402,8,category_code,0.08117
MED00403,8,category_code,-0.00899
MED00404,8,category_code,-0.0342
MED00405,8,category_code,-0.04256
MED00406,8,category_code,0.00557
MED00407,8,category_code,0.07313
MED00408,8,category_code,0.04754
MED00409,8,category_code,-0.15079
MED00410,8,category_code,-0.18023
MED00411,8,category_code,0.0009
MED00412,8,category_code,0.05695
MED00413,8,category_code,0.01194
MED00414,8,category_code,0.01752
MED00415,8,category_code,0.03369
MED00416,8,category_code,0.02082
MED00417,8,category_code,0.04287
MED00418,8,category_code,0.08403
MED00419,8,category_code,0.06305
MED00420,8,category_code,0.00267
MED00421,8,category_code,-0.00098
MED00422,8,category_code,0.0274
MED00423,8,category_code,0.03948
MED00424,8,category_code,0.12675
MED00001,9,category_code,0.07671
MED00002,9,category_code,-0.77541
MED00003,9,category_code,-0.56726
MED00004,9,category_code,-0.39011
MED00005,9,category_code,-0.38896
MED00006,9,category_code,0.07979
MED00007,9,category_code,0.01433
MED00008,9,category_code,-0.50595
MED00009,9,category_code,0.05529
MED00010,9,category_code,0.13477
MED00011,9,category_code,0.25595
MED00012,9,category_code,-0.02732
MED00013,9,category_code,-0.00881
MED00014,9,category_code,0.21861
MED00015,9,category_code,-0.43548
MED00016,9,category_code,0.00161
MED00017,9,category_code,-0.03134
MED00018,9,category_code,0.26197
MED00019,9,category_code,0.2284
MED00020,9,category_code,0.29123
MED00021,9,category_code,-0.04924
MED00022,9,category_code,-0.00621
MED00023,9,category_code,-0.11024
MED00024,9,category_code,-0.03877
MED00025,9,category_code,-0.79555
MED00026,9,category_code,-0.53679
MED00027,9,category_code,-0.64208
MED00028,9,category_code,-0.4923
MED00029,9,category_code,-0.0899
MED00030,9,category_code,-0.07587
MED00031,9,category_code,0.03424
MED00032,9,category_code,0.06587
MED00033,9,category_code,-0.43832
MED00034,9,category_code,0.26637
MED00035,9,category_code,-0.32109
MED00036,9,category_code,-0.30313
MED00037,9,category_code,0.1812
MED00038,9,category_code,-0.08867
MED00039,9,category_code,-0.27107
MED00040,9,category_code,-0.38334
MED00041,9,category_code,-0.29322
MED00042,9,category_code,0.0685
MED00043,9,category_code,-0.49468
MED00044,9,category_code,-0.0123
MED00045,9,category_code,0.03555
MED00046,9,category_code,0.00345
MED00047,9,category_code,-0.05703
MED00048,9,category_code,-0.05225
MED00049,9,category_code,-0.72174
MED00050,9,category_code,-0.0319
MED00051,9,category_code,-0.76717
MED00052,9,category_code,-0.49049
MED00053,9,category_code,-0.17067
MED00054,9,category_code,-0.15962
MED00055,9,category_code,-0.27527
MED00056,9,category_code,-0.30269
MED00057,9,category_code,-0.36431
MED00058,9,category_code,0.0825
MED00059,9,category_code,0.02107
MED00060,9,category_code,0.05578
MED00061,9,category_code,-0.49864
MED00062,9,category_code,0.04426
MED00063,9,category_code,-0.77899
MED00064,9,category_code,0.24601
MED00065,9,category_code,0.25113
MED00066,9,category_code,-0.46097
MED00067,9,category_code,-0.01652
MED00068,9,category_code,-0.0436
MED00069,9,category_code,-0.02435
MED00070,9,category_code,-0.04319
MED00071,9,category_code,-0.01465
MED00072,9,category_code,-0.02648
MED00073,9,category_code,-0.02694
MED00074,9,category_code,-0.04041
MED00075,9,category_code,0.19056
MED00076,9,category_code,-0.65363
MED00077,9,category_code,-0.03537
MED00078,9,category_code,-0.00291
MED00079,9,category_code,0.26071
MED00080,9,category_code,-0.03759
MED00081,9,category_code,-0.49959
MED00082,9,category_code,-0.05456
MED00083,9,category_code,-0.05854
MED00084,9,category_code,0.2503
MED00085,9,category_code,-0.01621
MED00086,9,category_code,-0.49662
MED00087,9,category_code,-0.01743
MED00088,9,category_code,0.30184
MED00089,9,category_code,0.30958
MED00090,9,category_code,-0.13407
MED00091,9,category_code,-0.02865
MED00092,9,category_code,0.02793
MED00093,9,category_code,-0.56695
MED00094,9,category_code,-0.53061
MED00095,9,category_code,-0.01567
MED00096,9,category_code,0.3048
MED00097,9,category_code,-0.45248
MED00098,9,category_code,-0.06599
MED00099,9,category_code,-0.67883
MED00100,9,category_code,-0.7127
MED00101,9,category_code,-0.01601
MED00102,9,category_code,0.32112
MED00103,9,category_code,-0.02129
MED00104,9,category_code,-0.06226
MED00105,9,category_code,-0.06352
MED00106,9,category_code,-0.74787
MED00107,9,category_code,-0.0632
MED00108,9,category_code,-0.02094
MED00109,9,category_code,-0.35155
MED00110,9,category_code,-0.33616
MED00111,9,category_code,-0.49648
MED00112,9,category_code,-0.01435
MED00113,9,category_code,0.0064
MED00114,9,category_code,0.13673
MED00115,9,category_code,-0.0251
MED00116,9,category_code,0.19626
MED00117,9,category_code,0.00878
MED00118,9,category_code,0.07177
MED00119,9,category_code,-0.01292
MED00120,9,category_code,0.46346
MED00121,9,category_code,-0.02669
MED00122,9,category_code,-0.00884
MED00123,9,category_code,-0.24275
MED00124,9,category_code,-0.06527
MED00125,9,category_code,-0.60704
MED00126,9,category_code,-0.40701
MED00127,9,category_code,0.0303
MED00128,9,category_code,-0.01816
MED00129,9,category_code,0.01462
MED00130,9,category_code,-0.71696
MED00131,9,category_code,-0.01818
MED00132,9,category_code,-0.30628
MED00133,9,category_code,-0.29622
MED00134,9,category_code,-0.30301
MED00135,9,category_code,0.35825
MED00136,9,category_code,-0.18495
MED00137,9,category_code,0.00731
MED00138,9,category_code,-0.02814
MED00139,9,category_code,-0.0191
MED00140,9,category_code,0.01467
MED00141,9,category_code,-0.11722
MED00142,9,category_code,-0.42572
MED00143,9,category_code,0.00927
MED00144,9,category_code,-0.05715
MED00145,9,category_code,-0.47424
MED00146,9,category_code,-0.00024
MED00147,9,category_code,0.06259
MED00148,9,category_code,0.04871
MED00149,9,category_code,-0.01271
MED00150,9,category_code,-0.14453
MED00151,9,category_code,-0.01904
MED00152,9,category_code,-0.02731
MED00153,9,category_code,-0.02145
MED00154,9,category_code,0.23872
MED00155,9,category_code,-0.02392
MED00156,9,category_code,0.06573
MED00157,9,category_code,-0.05935
MED00158,9,category_code,-0.57212
MED00159,9,category_code,0.43786
MED00160,9,category_code,-0.03086
MED00161,9,category_code,-0.04887
MED00162,9,category_code,-0.01191
MED00163,9,category_code,-0.50255
MED00164,9,category_code,-0.01969
MED00165,9,category_code,0.12801
MED00166,9,category_code,-0.01639
MED00167,9,category_code,0.02026
MED00168,9,category_code,-0.01939
MED00169,9,category_code,-0.00984
MED00170,9,category_code,0.0077
MED00171,9,category_code,-0.02109
MED00172,9,category_code,-0.17715
MED00173,9,category_code,-0.01942
MED00174,9,category_code,0.21274
MED00175,9,category_code,-0.27876
MED00176,9,category_code,0.28656
MED00177,9,category_code,-0.60066
MED00178,9,category_code,-0.07737
MED00179,9,category_code,-0.30978
MED00180,9,category_code,-0.01465
MED00181,9,category_code,-0.02052
MED00182,9,category_code,-0.6164
MED00183,9,category_code,0.24881
MED00184,9,category_code,0.17615
MED00185,9,category_code,-0.03782
MED00186,9,category_code,-0.01379
MED00187,9,category_code,0.10189
MED00188,9,category_code,0.00205
MED00189,9,category_code,-0.6921
MED00190,9,category_code,-0.02431
MED00191,9,category_code,-0.00439
MED00192,9,category_code,-0.68675
MED00193,9,category_code,-0.80551
MED00194,9,category_code,0.06395
MED00195,9,category_code,0.15491
MED00196,9,category_code,0.05486
MED00197,9,category_code,0.06697
MED00198,9,category_code,0.0108
MED00199,9,category_code,-0.21334
MED00200,9,category_code,-0.00284
MED00201,9,category_code,0.05226
MED00202,9,category_code,0.00248
MED00203,9,category_code,-0.02107
MED00204,9,category_code,-0.01966
MED00205,9,category_code,-0.05612
MED00206,9,category_code,-0.16827
MED00207,9,category_code,-0.0359
MED00208,9,category_code,-0.06628
MED00209,9,category_code,-0.06606
MED00210,9,category_code,-0.21851
MED00211,9,category_code,-0.01952
MED00212,9,category_code,0.03809
MED00213,9,category_code,-0.39098
MED00214,9,category_code,-0.06064
MED00215,9,category_code,-0.02669
MED00216,9,category_code,-0.84096
MED00217,9,category_code,-0.63601
MED00218,9,category_code,-0.05106
MED00219,9,category_code,0.27347
MED00220,9,category_code,-0.03356
MED00221,9,category_code,-0.03405
MED00222,9,category_code,-0.43699
MED00223,9,category_code,0.20954
MED00224,9,category_code,0.01943
MED00225,9,category_code,-0.02184
MED00226,9,category_code,-0.00566
MED00227,9,category_code,0.22416
MED00228,9,category_code,0.10095
MED00229,9,category_code,-0.30629
MED00230,9,category_code,0.21813
MED00231,9,category_code,0.1162
MED00232,9,category_code,-0.02162
MED00233,9,category_code,-0.27004
MED00234,9,category_code,0.01848
MED00235,9,category_code,0.19934
MED00236,9,category_code,-0.01617
MED00237,9,category_code,-0.16292
MED00238,9,category_code,-0.02795
MED00239,9,category_code,-0.02221
MED00240,9,category_code,-0.05272
MED00241,9,category_code,-0.02584
MED00242,9,category_code,0.07221
MED00243,9,category_code,-0.74547
MED00244,9,category_code,-0.02412
MED00245,9,category_code,0.18821
MED00246,9,category_code,-0.05713
MED00247,9,category_code,-0.04863
MED00248,9,category_code,0.03052
MED00249,9,category_code,0.22985
MED00250,9,category_code,-0.05994
MED00251,9,category_code,-0.01503
MED00252,9,category_code,-0.45742
MED00253,9,category_code,-0.0146
MED00254,9,category_code,-0.54758
MED00255,9,category_code,-0.1105
MED00256,9,category_code,0.03164
MED00257,9,category_code,-0.05962
MED00258,9,category_code,-0.0281
MED00259,9,category_code,-0.00736
MED00260,9,category_code,-0.30559
MED00261,9,category_code,-0.35276
MED00262,9,category_code,-0.01898
MED00263,9,category_code,0.00627
MED00264,9,category_code,-0.33845
MED00265,9,category_code,-0.05342
MED00266,9,category_code,0.35603
MED00267,9,category_code,-0.04527
MED00268,9,category_code,-0.02211
MED00269,9,category_code,-0.02055
MED00270,9,category_code,0.00967
MED00271,9,category_code,-0.18295
MED00272,9,category_code,0.05044
MED00273,9,category_code,0.05657
MED00274,9,category_code,-0.28179
MED00275,9,category_code,0.0883
MED00276,9,category_code,-0.02228
MED00277,9,category_code,-0.69275
MED00278,9,category_code,-0.06199
MED00279,9,category_code,0.18098
MED00280,9,category_code,-0.65404
MED00281,9,category_code,0.04632
MED00282,9,category_code,0.06431
MED00283,9,category_code,0.01122
MED00284,9,category_code,-0.00117
MED00285,9,category_code,-0.0548
MED00286,9,category_code,0.11681
MED00287,9,category_code,-0.00632
MED00288,9,category_code,0.2279
MED00289,9,category_code,-0.09017
MED00290,9,category_code,0.02492
MED00291,9,category_code,0.40248
MED00292,9,category_code,0.05375
MED00293,9,category_code,0.07746
MED00294,9,category_code,-0.00857
MED00295,9,category_code,-0.59945
MED00296,9,category_code,-0.02719
MED00297,9,category_code,-0.05912
MED00298,9,category_code,-0.01091
MED00299,9,category_code,-0.40588
MED00300,9,category_code,-0.02605
MED00301,9,category_code,-0.04981
MED00302,9,category_code,0.21212
MED00303,9,category_code,0.09099
MED00304,9,category_code,-0.10412
MED00305,9,category_code,-0.00315
MED00306,9,category_code,-0.35683
MED00307,9,category_code,0.25033
MED00308,9,category_code,-0.25306
MED00309,9,category_code,-0.04134
MED00310,9,category_code,0.10041
MED00311,9,category_code,-0.08341
MED00312,9,category_code,-0.28888
MED00313,9,category_code,-0.38022
MED00314,9,category_code,0.38651
MED00315,9,category_code,-0.06102
MED00316,9,category_code,-0.02427
MED00317,9,category_code,-0.0183
MED00318,9,category_code,-0.01479
MED00319,9,category_code,-0.04762
MED00320,9,category_code,0.20418
MED00321,9,category_code,-0.42923
MED00322,9,category_code,-0.71696
MED00323,9,category_code,-0.1793
MED00324,9,category_code,-0.20433
MED00325,9,category_code,-0.05828
MED00326,9,category_code,-0.06585
MED00327,9,category_code,-0.02929
MED00328,9,category_code,-0.03038
MED00329,9,category_code,-0.05125
MED00330,9,category_code,-0.03333
MED00331,9,category_code,0.02804
MED00332,9,category_code,-0.02609
MED00333,9,category_code,-0.00688
MED00334,9,category_code,0.23262
MED00335,9,category_code,-0.00432
MED00336,9,category_code,-0.05073
MED00337,9,category_code,0.2599
MED00338,9,category_code,0.45227
MED00339,9,category_code,0.00717
MED00340,9,category_code,-0.22993
MED00341,9,category_code,-0.05654
MED00342,9,category_code,-0.02435
MED00343,9,category_code,-0.05764
MED00344,9,category_code,0.0138
MED00345,9,category_code,-0.70688
MED00346,9,category_code,-0.02608
MED00347,9,category_code,-0.70805
MED00348,9,category_code,0.02857
MED00349,9,category_code,-0.01797
MED00350,9,category_code,-0.48608
MED00351,9,category_code,-0.31694
MED00352,9,category_code,-0.45465
MED00353,9,category_code,-0.37984
MED00354,9,category_code,-0.38432
MED00355,9,category_code,-0.13611
MED00356,9,category_code,-0.00344
MED00357,9,category_code,-0.69441
MED00358,9,category_code,0.06599
MED00359,9,category_code,-0.02479
MED00360,9,category_code,0.16678
MED00361,9,category_code,-0.00303
MED00362,9,category_code,0.01967
MED00363,9,category_code,-0.01547
MED00364,9,category_code,-0.72332
MED00365,9,category_code,-0.02419
MED00366,9,category_code,-0.05335
MED00367,9,category_code,-0.035
MED00368,9,category_code,-0.0052
MED00369,9,category_code,-0.05557
MED00370,9,category_code,-0.39181
MED00371,9,category_code,0.32819
MED00372,9,category_code,-0.70826
MED00373,9,category_code,-0.51043
MED00374,9,category_code,0.05062
MED00375,9,category_code,0.3164
MED00376,9,category_code,-0.02891
MED00377,9,category_code,-0.55236
MED00378,9,category_code,-0.01376
MED00379,9,category_code,-0.46708
MED00380,9,category_code,-0.32465
MED00381,9,category_code,-0.4182
MED00382,9,category_code,0.0426
MED00383,9,category_code,-0.06494
MED00384,9,category_code,-0.01678
MED00385,9,category_code,0.05308
MED00386,9,category_code,0.04723
MED00387,9,category_code,0.03602
MED00388,9,category_code,0.28909
MED00389,9,category_code,-0.04902
MED00390,9,category_code,-0.07804
MED00391,9,category_code,0.03759
MED00392,9,category_code,0.01789
MED00393,9,category_code,0.03871
MED00394,9,category_code,0.04782
MED00395,9,category_code,0.03215
MED00396,9,category_code,0.10797
MED00397,9,category_code,0.27852
MED00398,9,category_code,0.28928
MED00399,9,category_code,0.2834
MED00400,9,category_code,0.26353
MED00401,9,category_code,0.07849
MED00402,9,category_code,0.08139
MED00403,9,category_code,-0.00819
MED00404,9,category_code,-0.03234
MED00405,9,category_code,-0.0414
MED00406,9,category_code,0.00773
MED00407,9,category_code,0.07526
MED00408,9,category_code,0.05371
MED00409,9,category_code,-0.15349
MED00410,9,category_code,-0.18422
MED00411,9,category_code,-0.00024
MED00412,9,category_code,0.05741
MED00413,9,category_code,0.0095
MED00414,9,category_code,0.018
MED00415,9,category_code,0.03265
MED00416,9,category_code,0.01931
MED00417,9,category_code,0.04055
MED00418,9,category_code,0.08278
MED00419,9,category_code,0.0623
MED00420,9,category_code,0.00484
MED00421,9,category_code,-0.00138
MED00422,9,category_code,0.02578
MED00423,9,category_code,0.03792
MED00424,9,category_code,0.12305
MED00001,10,category_code,0.07466
MED00002,10,category_code,-0.75949
MED00003,10,category_code,-0.53916
MED00004,10,category_code,-0.26068
MED00005,10,category_code,-0.26004
MED00006,10,category_code,0.07254
MED00007,10,category_code,0.00992
MED00008,10,category_code,-0.49772
MED00009,10,category_code,0.04948
MED00010,10,category_code,0.12569
MED00011,10,category_code,0.26165
MED00012,10,category_code,-0.03199
MED00013,10,category_code,-0.01126
MED00014,10,category_code,0.21826
MED00015,10,category_code,-0.41516
MED00016,10,category_code,-0.00437
MED00017,10,category_code,-0.03832
MED00018,10,category_code,0.26573
MED00019,10,category_code,0.22968
MED00020,10,category_code,0.29723
MED00021,10,category_code,-0.0548
MED00022,10,category_code,-0.01489
MED00023,10,category_code,-0.102
MED00024,10,category_code,-0.04337
MED00025,10,category_code,-0.7911
MED00026,10,category_code,-0.52277
MED00027,10,category_code,-0.63904
MED00028,10,category_code,-0.47868
MED00029,10,category_code,-0.08766
MED00030,10,category_code,-0.06827
MED00031,10,category_code,0.03994
MED00032,10,category_code,0.05082
MED00033,10,category_code,-0.30988
MED00034,10,category_code,0.27166
MED00035,10,category_code,-0.25908
MED00036,10,category_code,-0.28124
MED00037,10,category_code,0.1719
MED00038,10,category_code,-0.09099
MED00039,10,category_code,-0.2363
MED00040,10,category_code,-0.41253
MED00041,10,category_code,-0.24378
MED00042,10,category_code,0.05894
MED00043,10,category_code,-0.46209
MED00044,10,category_code,-0.02236
MED00045,10,category_code,0.02798
MED00046,10,category_code,-0.00448
MED00047,10,category_code,-0.05861
MED00048,10,category_code,-0.05262
MED00049,10,category_code,-0.70873
MED00050,10,category_code,-0.03531
MED00051,10,category_code,-0.73721
MED00052,10,category_code,-0.4709
MED00053,10,category_code,-0.17511
MED00054,10,category_code,-0.16993
MED00055,10,category_code,-0.2319
MED00056,10,category_code,-0.24976
MED00057,10,category_code,-0.31522
MED00058,10,category_code,0.07675
MED00059,10,category_code,0.02928
MED00060,10,category_code,0.03936
MED00061,10,category_code,-0.48728
MED00062,10,category_code,0.03141
MED00063,10,category_code,-0.74749
MED00064,10,category_code,0.24807
MED00065,10,category_code,0.24718
MED00066,10,category_code,-0.43885
MED00067,10,category_code,-0.02229
MED00068,10,category_code,-0.04554
MED00069,10,category_code,-0.03046
MED00070,10,category_code,-0.04881
MED00071,10,category_code,-0.02549
MED00072,10,category_code,-0.03478
MED00073,10,category_code,-0.03324
MED00074,10,category_code,-0.04404
MED00075,10,category_code,0.18795
MED00076,10,category_code,-0.62374
MED00077,10,category_code,-0.03701
MED00078,10,category_code,-0.00684
MED00079,10,category_code,0.25979
MED00080,10,category_code,-0.04403
MED00081,10,category_code,-0.47765
MED00082,10,category_code,-0.06299
MED00083,10,category_code,-0.05938
MED00084,10,category_code,0.27402
MED00085,10,category_code,-0.01981
MED00086,10,category_code,-0.48609
MED00087,10,category_code,-0.02315
MED00088,10,category_code,0.31983
MED00089,10,category_code,0.31491
MED00090,10,category_code,-0.13309
MED00091,10,category_code,-0.03663
MED00092,10,category_code,0.02098
MED00093,10,category_code,-0.566
MED00094,10,category_code,-0.5337
MED00095,10,category_code,-0.02058
MED00096,10,category_code,0.3034
MED00097,10,category_code,-0.42864
MED00098,10,category_code,-0.06902
MED00099,10,category_code,-0.66696
MED00100,10,category_code,-0.6816
MED00101,10,category_code,-0.01711
MED00102,10,category_code,0.30602
MED00103,10,category_code,-0.02613
MED00104,10,category_code,-0.0647
MED00105,10,category_code,-0.06518
MED00106,10,category_code,-0.72246
MED00107,10,category_code,-0.06584
MED00108,10,category_code,-0.02472
MED00109,10,category_code,-0.2619
MED00110,10,category_code,-0.20082
MED00111,10,category_code,-0.48268
MED00112,10,category_code,-0.02056
MED00113,10,category_code,0.00128
MED00114,10,category_code,0.14368
MED00115,10,category_code,-0.03009
MED00116,10,category_code,0.19775
MED00117,10,category_code,0.01031
MED00118,10,category_code,0.06328
MED00119,10,category_code,-0.01865
MED00120,10,category_code,0.46319
MED00121,10,category_code,-0.03218
MED00122,10,category_code,-0.01487
MED00123,10,category_code,-0.189
MED00124,10,category_code,-0.06806
MED00125,10,category_code,-0.5837
MED00126,10,category_code,-0.27598
MED00127,10,category_code,0.02288
MED00128,10,category_code,-0.02398
MED00129,10,category_code,0.00845
MED00130,10,category_code,-0.70281
MED00131,10,category_code,-0.02662
MED00132,10,category_code,-0.25193
MED00133,10,category_code,-0.24466
MED00134,10,category_code,-0.18134
MED00135,10,category_code,0.36771
MED00136,10,category_code,-0.21538
MED00137,10,category_code,-0.00467
MED00138,10,category_code,-0.03339
MED00139,10,category_code,-0.02309
MED00140,10,category_code,0.00644
MED00141,10,category_code,-0.12026
MED00142,10,category_code,-0.40068
MED00143,10,category_code,0.00167
MED00144,10,category_code,-0.06011
MED00145,10,category_code,-0.46279
MED00146,10,category_code,-0.01258
MED00147,10,category_code,0.04632
MED00148,10,category_code,0.03691
MED00149,10,category_code,-0.01674
MED00150,10,category_code,-0.14313
MED00151,10,category_code,-0.02388
MED00152,10,category_code,-0.03302
MED00153,10,category_code,-0.02703
MED00154,10,category_code,0.238
MED00155,10,category_code,-0.02985
MED00156,10,category_code,0.05258
MED00157,10,category_code,-0.06002
MED00158,10,category_code,-0.55969
MED00159,10,category_code,0.45136
MED00160,10,category_code,-0.03449
MED00161,10,category_code,-0.0522
MED00162,10,category_code,-0.01709
MED00163,10,category_code,-0.48194
MED00164,10,category_code,-0.0263
MED00165,10,category_code,0.09196
MED00166,10,category_code,-0.02127
MED00167,10,category_code,0.01295
MED00168,10,category_code,-0.02448
MED00169,10,category_code,-0.01481
MED00170,10,category_code,0.00197
MED00171,10,category_code,-0.02694
MED00172,10,category_code,-0.17492
MED00173,10,category_code,-0.02329
MED00174,10,category_code,0.21189
MED00175,10,category_code,-0.24204
MED00176,10,category_code,0.28748
MED00177,10,category_code,-0.56518
MED00178,10,category_code,-0.02402
MED00179,10,category_code,-0.2958
MED00180,10,category_code,-0.01883
MED00181,10,category_code,-0.02496
MED00182,10,category_code,-0.60084
MED00183,10,category_code,0.25477
MED00184,10,category_code,0.18325
MED00185,10,category_code,-0.03659
MED00186,10,category_code,-0.01875
MED00187,10,category_code,0.09698
MED00188,10,category_code,-0.00161
MED00189,10,category_code,-0.67251
MED00190,10,category_code,-0.02983
MED00191,10,category_code,-0.00201
MED00192,10,category_code,-0.66151
MED00193,10,category_code,-0.78975
MED00194,10,category_code,0.03082
MED00195,10,category_code,0.12454
MED00196,10,category_code,0.02305
MED00197,10,category_code,0.01991
MED00198,10,category_code,0.00348
MED00199,10,category_code,-0.228
MED00200,10,category_code,-0.00913
MED00201,10,category_code,0.04242
MED00202,10,category_code,-0.00154
MED00203,10,category_code,-0.02539
MED00204,10,category_code,-0.02537
MED00205,10,category_code,-0.05799
MED00206,10,category_code,-0.15903
MED00207,10,category_code,-0.04248
MED00208,10,category_code,-0.06912
MED00209,10,category_code,-0.01032
MED00210,10,category_code,-0.17472
MED00211,10,category_code,-0.02373
MED00212,10,category_code,0.02702
MED00213,10,category_code,-0.26241
MED00214,10,category_code,-0.06138
MED00215,10,category_code,-0.03238
MED00216,10,category_code,-0.82331
MED00217,10,category_code,-0.61449
MED00218,10,category_code,-0.05349
MED00219,10,category_code,0.30143
MED00220,10,category_code,-0.04001
MED00221,10,category_code,-0.04087
MED00222,10,category_code,-0.41566
MED00223,10,category_code,0.20636
MED00224,10,category_code,0.01314
MED00225,10,category_code,-0.02428
MED00226,10,category_code,-0.00999
MED00227,10,category_code,0.22409
MED00228,10,category_code,0.09403
MED00229,10,category_code,-0.19904
MED00230,10,category_code,0.21759
MED00231,10,category_code,0.11022
MED00232,10,category_code,-0.02483
MED00233,10,category_code,-0.21892
MED00234,10,category_code,0.01167
MED00235,10,category_code,0.20168
MED00236,10,category_code,-0.01465
MED00237,10,category_code,-0.15504
MED00238,10,category_code,-0.034
MED00239,10,category_code,-0.02592
MED00240,10,category_code,-0.05789
MED00241,10,category_code,-0.03127
MED00242,10,category_code,0.02561
MED00243,10,category_code,-0.72891
MED00244,10,category_code,-0.02951
MED00245,10,category_code,0.19099
MED00246,10,category_code,-0.05988
MED00247,10,category_code,-0.04979
MED00248,10,category_code,0.02517
MED00249,10,category_code,0.23296
MED00250,10,category_code,-0.06136
MED00251,10,category_code,-0.0219
MED00252,10,category_code,-0.44888
MED00253,10,category_code,-0.01754
MED00254,10,category_code,-0.52879
MED00255,10,category_code,-0.13006
MED00256,10,category_code,0.02518
MED00257,10,category_code,-0.06549
MED00258,10,category_code,-0.03345
MED00259,10,category_code,-0.01192
MED00260,10,category_code,-0.29687
MED00261,10,category_code,-0.32886
MED00262,10,category_code,-0.02583
MED00263,10,category_code,0.00288
MED00264,10,category_code,-0.25205
MED00265,10,category_code,-0.05616
MED00266,10,category_code,0.36861
MED00267,10,category_code,-0.0496
MED00268,10,category_code,-0.02802
MED00269,10,category_code,-0.02639
MED00270,10,category_code,0.00458
MED00271,10,category_code,-0.19455
MED00272,10,category_code,0.04561
MED00273,10,category_code,0.0503
MED00274,10,category_code,-0.23908
MED00275,10,category_code,0.08589
MED00276,10,category_code,-0.02797
MED00277,10,category_code,-0.66359
MED00278,10,category_code,-0.06479
MED00279,10,category_code,0.18411
MED00280,10,category_code,-0.62335
MED00281,10,category_code,0.04374
MED00282,10,category_code,0.05776
MED00283,10,category_code,0.00492
MED00284,10,category_code,-0.00149
MED00285,10,category_code,-0.0564
MED00286,10,category_code,0.1209
MED00287,10,category_code,-0.00968
MED00288,10,category_code,0.22929
MED00289,10,category_code,-0.09029
MED00290,10,category_code,0.01811
MED00291,10,category_code,0.40801
MED00292,10,category_code,0.04081
MED00293,10,category_code,0.06726
MED00294,10,category_code,-0.00915
MED00295,10,category_code,-0.58088
MED00296,10,category_code,-0.02845
MED00297,10,category_code,-0.06325
MED00298,10,category_code,-0.01616
MED00299,10,category_code,-0.41731
MED00300,10,category_code,-0.02993
MED00301,10,category_code,-0.05166
MED00302,10,category_code,0.22107
MED00303,10,category_code,0.08767
MED00304,10,category_code,-0.10974
MED00305,10,category_code,-0.00734
MED00306,10,category_code,-0.28863
MED00307,10,category_code,0.25278
MED00308,10,category_code,-0.23515
MED00309,10,category_code,-0.04742
MED00310,10,category_code,0.0818
MED00311,10,category_code,-0.067
MED00312,10,category_code,-0.23929
MED00313,10,category_code,-0.25668
MED00314,10,category_code,0.39787
MED00315,10,category_code,-0.06242
MED00316,10,category_code,-0.02952
MED00317,10,category_code,-0.02289
MED00318,10,category_code,-0.02238
MED00319,10,category_code,-0.04918
MED00320,10,category_code,0.2039
MED00321,10,category_code,-0.32134
MED00322,10,category_code,-0.69789
MED00323,10,category_code,-0.12625
MED00324,10,category_code,-0.22542
MED00325,10,category_code,-0.06059
MED00326,10,category_code,-0.06801
MED00327,10,category_code,-0.03253
MED00328,10,category_code,-0.03245
MED00329,10,category_code,-0.0526
MED00330,10,category_code,-0.03458
MED00331,10,category_code,0.02115
MED00332,10,category_code,-0.0308
MED00333,10,category_code,-0.00976
MED00334,10,category_code,0.23571
MED00335,10,category_code,-0.00466
MED00336,10,category_code,-0.05129
MED00337,10,category_code,0.26457
MED00338,10,category_code,0.45245
MED00339,10,category_code,-0.00073
MED00340,10,category_code,-0.19132
MED00341,10,category_code,-0.05939
MED00342,10,category_code,-0.02971
MED00343,10,category_code,-0.05821
MED00344,10,category_code,0.00779
MED00345,10,category_code,-0.70054
MED00346,10,category_code,-0.0304
MED00347,10,category_code,-0.66616
MED00348,10,category_code,0.02205
MED00349,10,category_code,-0.0234
MED00350,10,category_code,-0.37036
MED00351,10,category_code,-0.19328
MED00352,10,category_code,-0.36503
MED00353,10,category_code,-0.24977
MED00354,10,category_code,-0.25534
MED00355,10,category_code,-0.13616
MED00356,10,category_code,-0.00903
MED00357,10,category_code,-0.6651
MED00358,10,category_code,0.05277
MED00359,10,category_code,-0.03108
MED00360,10,category_code,0.15631
MED00361,10,category_code,-0.00762
MED00362,10,category_code,0.01639
MED00363,10,category_code,-0.02083
MED00364,10,category_code,-0.70117
MED00365,10,category_code,-0.031
MED00366,10,category_code,-0.05522
MED00367,10,category_code,-0.04103
MED00368,10,category_code,-0.00885
MED00369,10,category_code,-0.06251
MED00370,10,category_code,-0.36905
MED00371,10,category_code,0.33436
MED00372,10,category_code,-0.66953
MED00373,10,category_code,-0.48356
MED00374,10,category_code,0.03523
MED00375,10,category_code,0.32036
MED00376,10,category_code,-0.03502
MED00377,10,category_code,-0.53942
MED00378,10,category_code,-0.02041
MED00379,10,category_code,-0.35272
MED00380,10,category_code,-0.1984
MED00381,10,category_code,-0.27226
MED00382,10,category_code,0.02812
MED00383,10,category_code,-0.06884
MED00384,10,category_code,-0.02193
MED00385,10,category_code,0.05674
MED00386,10,category_code,0.04656
MED00387,10,category_code,0.03925
MED00388,10,category_code,0.29886
MED00389,10,category_code,-0.04968
MED00390,10,category_code,-0.07981
MED00391,10,category_code,0.03593
MED00392,10,category_code,0.01457
MED00393,10,category_code,0.03543
MED00394,10,category_code,0.04594
MED00395,10,category_code,0.0291
MED00396,10,category_code,0.09463
MED00397,10,category_code,0.2821
MED00398,10,category_code,0.29272
MED00399,10,category_code,0.29151
MED00400,10,category_code,0.26726
MED00401,10,category_code,0.08005
MED00402,10,category_code,0.08274
MED00403,10,category_code,-0.00566
MED00404,10,category_code,-0.03109
MED00405,10,category_code,-0.03929
MED00406,10,category_code,0.01275
MED00407,10,category_code,0.0754
MED00408,10,category_code,0.05284
MED00409,10,category_code,-0.17128
MED00410,10,category_code,-0.20436
MED00411,10,category_code,-0.00972
MED00412,10,category_code,0.04975
MED00413,10,category_code,0.00212
MED00414,10,category_code,0.00891
MED00415,10,category_code,0.02377
MED00416,10,category_code,0.01137
MED00417,10,category_code,0.03079
MED00418,10,category_code,0.08077
MED00419,10,category_code,0.0617
MED00420,10,category_code,0.007
MED00421,10,category_code,0.00046
MED00422,10,category_code,0.01684
MED00423,10,category_code,0.03723
MED00424,10,category_code,0.11096
MED00001,11,category_code,0.07923
MED00002,11,category_code,-0.77196
MED00003,11,category_code,-0.55161
MED00004,11,category_code,-0.34652
MED00005,11,category_code,-0.36568
MED00006,11,category_code,0.06989
MED00007,11,category_code,0.00839
MED00008,11,category_code,-0.5092
MED00009,11,category_code,0.06234
MED00010,11,category_code,0.14514
MED00011,11,category_code,0.26996
MED00012,11,category_code,-0.03159
MED00013,11,category_code,-0.01677
MED00014,11,category_code,0.22524
MED00015,11,category_code,-0.42522
MED00016,11,category_code,-0.00501
MED00017,11,category_code,-0.03761
MED00018,11,category_code,0.27273
MED00019,11,category_code,0.24323
MED00020,11,category_code,0.30601
MED00021,11,category_code,-0.0582
MED00022,11,category_code,-0.01739
MED00023,11,category_code,-0.09958
MED00024,11,category_code,-0.04792
MED00025,11,category_code,-0.79266
MED00026,11,category_code,-0.52519
MED00027,11,category_code,-0.634
MED00028,11,category_code,-0.48958
MED00029,11,category_code,-0.12154
MED00030,11,category_code,-0.08867
MED00031,11,category_code,0.01583
MED00032,11,category_code,0.05495
MED00033,11,category_code,-0.40729
MED00034,11,category_code,0.27865
MED00035,11,category_code,-0.24605
MED00036,11,category_code,-0.26467
MED00037,11,category_code,0.19249
MED00038,11,category_code,-0.09536
MED00039,11,category_code,-0.23825
MED00040,11,category_code,-0.41879
MED00041,11,category_code,-0.26886
MED00042,11,category_code,0.04966
MED00043,11,category_code,-0.47625
MED00044,11,category_code,-0.02305
MED00045,11,category_code,0.02543
MED00046,11,category_code,-0.00978
MED00047,11,category_code,-0.0605
MED00048,11,category_code,-0.05089
MED00049,11,category_code,-0.71931
MED00050,11,category_code,-0.03888
MED00051,11,category_code,-0.74264
MED00052,11,category_code,-0.48332
MED00053,11,category_code,-0.21971
MED00054,11,category_code,-0.20668
MED00055,11,category_code,-0.21293
MED00056,11,category_code,-0.25304
MED00057,11,category_code,-0.32263
MED00058,11,category_code,0.07402
MED00059,11,category_code,0.01075
MED00060,11,category_code,0.05539
MED00061,11,category_code,-0.49752
MED00062,11,category_code,0.03539
MED00063,11,category_code,-0.75575
MED00064,11,category_code,0.25796
MED00065,11,category_code,0.25289
MED00066,11,category_code,-0.44845
MED00067,11,category_code,-0.02225
MED00068,11,category_code,-0.05246
MED00069,11,category_code,-0.03224
MED00070,11,category_code,-0.05312
MED00071,11,category_code,-0.02632
MED00072,11,category_code,-0.03538
MED00073,11,category_code,-0.03458
MED00074,11,category_code,-0.0509
MED00075,11,category_code,0.19129
MED00076,11,category_code,-0.63512
MED00077,11,category_code,-0.02639
MED00078,11,category_code,-0.01757
MED00079,11,category_code,0.26351
MED00080,11,category_code,-0.04637
MED00081,11,category_code,-0.48624
MED00082,11,category_code,-0.06694
MED00083,11,category_code,-0.07314
MED00084,11,category_code,0.24852
MED00085,11,category_code,-0.01972
MED00086,11,category_code,-0.50002
MED00087,11,category_code,-0.02369
MED00088,11,category_code,0.29772
MED00089,11,category_code,0.32222
MED00090,11,category_code,-0.15506
MED00091,11,category_code,-0.03691
MED00092,11,category_code,0.02092
MED00093,11,category_code,-0.56881
MED00094,11,category_code,-0.53687
MED00095,11,category_code,-0.02429
MED00096,11,category_code,0.30988
MED00097,11,category_code,-0.4229
MED00098,11,category_code,-0.06839
MED00099,11,category_code,-0.66388
MED00100,11,category_code,-0.69075
MED00101,11,category_code,-0.0198
MED00102,11,category_code,0.32522
MED00103,11,category_code,-0.02708
MED00104,11,category_code,-0.06568
MED00105,11,category_code,-0.06397
MED00106,11,category_code,-0.72928
MED00107,11,category_code,-0.0664
MED00108,11,category_code,-0.02803
MED00109,11,category_code,-0.32444
MED00110,11,category_code,-0.2981
MED00111,11,category_code,-0.49157
MED00112,11,category_code,-0.02261
MED00113,11,category_code,0.00135
MED00114,11,category_code,0.15431
MED00115,11,category_code,-0.03063
MED00116,11,category_code,0.20361
MED00117,11,category_code,0.01007
MED00118,11,category_code,0.0622
MED00119,11,category_code,-0.0178
MED00120,11,category_code,0.46889
MED00121,11,category_code,-0.03447
MED00122,11,category_code,-0.01503
MED00123,11,category_code,-0.21325
MED00124,11,category_code,-0.06906
MED00125,11,category_code,-0.592
MED00126,11,category_code,-0.36048
MED00127,11,category_code,0.02614
MED00128,11,category_code,-0.02314
MED00129,11,category_code,0.0096
MED00130,11,category_code,-0.71329
MED00131,11,category_code,-0.02559
MED00132,11,category_code,-0.28049
MED00133,11,category_code,-0.26621
MED00134,11,category_code,-0.26952
MED00135,11,category_code,0.37468
MED00136,11,category_code,-0.22787
MED00137,11,category_code,0.00024
MED00138,11,category_code,-0.03259
MED00139,11,category_code,-0.02189
MED00140,11,category_code,0.00718
MED00141,11,category_code,-0.12381
MED00142,11,category_code,-0.40833
MED00143,11,category_code,0.00168
MED00144,11,category_code,-0.0589
MED00145,11,category_code,-0.47491
MED00146,11,category_code,-0.01436
MED00147,11,category_code,0.04781
MED00148,11,category_code,0.05293
MED00149,11,category_code,-0.01945
MED00150,11,category_code,-0.15362
MED00151,11,category_code,-0.02306
MED00152,11,category_code,-0.03267
MED00153,11,category_code,-0.02686
MED00154,11,category_code,0.24978
MED00155,11,category_code,-0.03025
MED00156,11,category_code,0.05974
MED00157,11,category_code,-0.06201
MED00158,11,category_code,-0.56117
MED00159,11,category_code,0.46177
MED00160,11,category_code,-0.03497
MED00161,11,category_code,-0.05357
MED00162,11,category_code,-0.01663
MED00163,11,category_code,-0.49192
MED00164,11,category_code,-0.02807
MED00165,11,category_code,0.03356
MED00166,11,category_code,-0.0211
MED00167,11,category_code,0.01254
MED00168,11,category_code,-0.0245
MED00169,11,category_code,-0.01012
MED00170,11,category_code,0.00187
MED00171,11,category_code,-0.02679
MED00172,11,category_code,-0.19607
MED00173,11,category_code,-0.02286
MED00174,11,category_code,0.2264
MED00175,11,category_code,-0.21593
MED00176,11,category_code,0.29962
MED00177,11,category_code,-0.56445
MED00178,11,category_code,-0.03474
MED00179,11,category_code,-0.28428
MED00180,11,category_code,-0.0187
MED00181,11,category_code,-0.02907
MED00182,11,category_code,-0.59859
MED00183,11,category_code,0.26262
MED00184,11,category_code,0.18873
MED00185,11,category_code,-0.03601
MED00186,11,category_code,-0.01857
MED00187,11,category_code,0.09018
MED00188,11,category_code,-0.00384
MED00189,11,category_code,-0.682
MED00190,11,category_code,-0.03052
MED00191,11,category_code,0.00028
MED00192,11,category_code,-0.66984
MED00193,11,category_code,-0.79858
MED00194,11,category_code,-0.00224
MED00195,11,category_code,0.07975
MED00196,11,category_code,-0.0314
MED00197,11,category_code,-0.02303
MED00198,11,category_code,0.00314
MED00199,11,category_code,-0.25092
MED00200,11,category_code,-0.00824
MED00201,11,category_code,0.04762
MED00202,11,category_code,-0.00165
MED00203,11,category_code,-0.02987
MED00204,11,category_code,-0.02463
MED00205,11,category_code,-0.05625
MED00206,11,category_code,-0.16711
MED00207,11,category_code,-0.04239
MED00208,11,category_code,-0.0673
MED00209,11,category_code,-0.02536
MED00210,11,category_code,-0.16105
MED00211,11,category_code,-0.02319
MED00212,11,category_code,0.031
MED00213,11,category_code,-0.35013
MED00214,11,category_code,-0.0608
MED00215,11,category_code,-0.03254
MED00216,11,category_code,-0.83185
MED00217,11,category_code,-0.62591
MED00218,11,category_code,-0.05377
MED00219,11,category_code,0.26972
MED00220,11,category_code,-0.04044
MED00221,11,category_code,-0.0444
MED00222,11,category_code,-0.42415
MED00223,11,category_code,0.21944
MED00224,11,category_code,0.01329
MED00225,11,category_code,-0.02762
MED00226,11,category_code,-0.01459
MED00227,11,category_code,0.23584
MED00228,11,category_code,0.09225
MED00229,11,category_code,-0.28453
MED00230,11,category_code,0.22858
MED00231,11,category_code,0.10331
MED00232,11,category_code,-0.02316
MED00233,11,category_code,-0.24632
MED00234,11,category_code,0.01147
MED00235,11,category_code,0.21186
MED00236,11,category_code,-0.0156
MED00237,11,category_code,-0.17642
MED00238,11,category_code,-0.03314
MED00239,11,category_code,-0.02988
MED00240,11,category_code,-0.05978
MED00241,11,category_code,-0.03262
MED00242,11,category_code,-0.01872
MED00243,11,category_code,-0.7419
MED00244,11,category_code,-0.03013
MED00245,11,category_code,0.20024
MED00246,11,category_code,-0.06176
MED00247,11,category_code,-0.04933
MED00248,11,category_code,0.02792
MED00249,11,category_code,0.24134
MED00250,11,category_code,-0.07146
MED00251,11,category_code,-0.0218
MED00252,11,category_code,-0.46306
MED00253,11,category_code,-0.02095
MED00254,11,category_code,-0.54755
MED00255,11,category_code,-0.15249
MED00256,11,category_code,0.02646
MED00257,11,category_code,-0.068
MED00258,11,category_code,-0.03363
MED00259,11,category_code,-0.01276
MED00260,11,category_code,-0.28692
MED00261,11,category_code,-0.31573
MED00262,11,category_code,-0.03047
MED00263,11,category_code,-0.00075
MED00264,11,category_code,-0.31824
MED00265,11,category_code,-0.05397
MED00266,11,category_code,0.38281
MED00267,11,category_code,-0.05084
MED00268,11,category_code,-0.02845
MED00269,11,category_code,-0.02524
MED00270,11,category_code,0.00481
MED00271,11,category_code,-0.21005
MED00272,11,category_code,0.05521
MED00273,11,category_code,0.06188
MED00274,11,category_code,-0.26166
MED00275,11,category_code,0.09004
MED00276,11,category_code,-0.02783
MED00277,11,category_code,-0.67596
MED00278,11,category_code,-0.06461
MED00279,11,category_code,0.19537
MED00280,11,category_code,-0.63472
MED00281,11,category_code,0.0475
MED00282,11,category_code,0.06816
MED00283,11,category_code,0.00323
MED00284,11,category_code,-0.00589
MED00285,11,category_code,-0.05699
MED00286,11,category_code,0.1034
MED00287,11,category_code,-0.01339
MED00288,11,category_code,0.23936
MED00289,11,category_code,-0.09518
MED00290,11,category_code,0.01943
MED00291,11,category_code,0.41686
MED00292,11,category_code,0.04651
MED00293,11,category_code,0.05336
MED00294,11,category_code,-0.01947
MED00295,11,category_code,-0.58707
MED00296,11,category_code,-0.03202
MED00297,11,category_code,-0.06348
MED00298,11,category_code,-0.01642
MED00299,11,category_code,-0.42027
MED00300,11,category_code,-0.02977
MED00301,11,category_code,-0.05352
MED00302,11,category_code,0.23377
MED00303,11,category_code,0.08172
MED00304,11,category_code,-0.11474
MED00305,11,category_code,-0.0068
MED00306,11,category_code,-0.27788
MED00307,11,category_code,0.26156
MED00308,11,category_code,-0.22159
MED00309,11,category_code,-0.05069
MED00310,11,category_code,0.09751
MED00311,11,category_code,-0.09684
MED00312,11,category_code,-0.26422
MED00313,11,category_code,-0.36213
MED00314,11,category_code,0.40727
MED00315,11,category_code,-0.06255
MED00316,11,category_code,-0.03041
MED00317,11,category_code,-0.02341
MED00318,11,category_code,-0.02285
MED00319,11,category_code,-0.04956
MED00320,11,category_code,0.21768
MED00321,11,category_code,-0.40572
MED00322,11,category_code,-0.70866
MED00323,11,category_code,-0.15312
MED00324,11,category_code,-0.24217
MED00325,11,category_code,-0.06115
MED00326,11,category_code,-0.06792
MED00327,11,category_code,-0.035
MED00328,11,category_code,-0.03572
MED00329,11,category_code,-0.05319
MED00330,11,category_code,-0.03835
MED00331,11,category_code,0.02206
MED00332,11,category_code,-0.03348
MED00333,11,category_code,-0.00946
MED00334,11,category_code,0.24299
MED00335,11,category_code,0.00049
MED00336,11,category_code,-0.052
MED00337,11,category_code,0.27181
MED00338,11,category_code,0.45964
MED00339,11,category_code,-0.00185
MED00340,11,category_code,-0.18393
MED00341,11,category_code,-0.06072
MED00342,11,category_code,-0.02981
MED00343,11,category_code,-0.05813
MED00344,11,category_code,0.02717
MED00345,11,category_code,-0.71235
MED00346,11,category_code,-0.03239
MED00347,11,category_code,-0.6715
MED00348,11,category_code,0.02321
MED00349,11,category_code,-0.02204
MED00350,11,category_code,-0.46685
MED00351,11,category_code,-0.28347
MED00352,11,category_code,-0.46051
MED00353,11,category_code,-0.33605
MED00354,11,category_code,-0.3435
MED00355,11,category_code,-0.15481
MED00356,11,category_code,-0.00829
MED00357,11,category_code,-0.67919
MED00358,11,category_code,0.0611
MED00359,11,category_code,-0.03114
MED00360,11,category_code,0.15082
MED00361,11,category_code,-0.00725
MED00362,11,category_code,0.01618
MED00363,11,category_code,-0.02111
MED00364,11,category_code,-0.71044
MED00365,11,category_code,-0.03094
MED00366,11,category_code,-0.05454
MED00367,11,category_code,-0.03991
MED00368,11,category_code,-0.00854
MED00369,11,category_code,-0.06473
MED00370,11,category_code,-0.38103
MED00371,11,category_code,0.34572
MED00372,11,category_code,-0.68424
MED00373,11,category_code,-0.49565
MED00374,11,category_code,0.03755
MED00375,11,category_code,0.33037
MED00376,11,category_code,-0.03551
MED00377,11,category_code,-0.54592
MED00378,11,category_code,-0.02031
MED00379,11,category_code,-0.43572
MED00380,11,category_code,-0.28279
MED00381,11,category_code,-0.38168
MED00382,11,category_code,0.03043
MED00383,11,category_code,-0.06747
MED00384,11,category_code,-0.02117
MED00385,11,category_code,0.0594
MED00386,11,category_code,0.04891
MED00387,11,category_code,0.04221
MED00388,11,category_code,0.3042
MED00389,11,category_code,-0.05422
MED00390,11,category_code,-0.08456
MED00391,11,category_code,0.03771
MED00392,11,category_code,0.01923
MED00393,11,category_code,0.03688
MED00394,11,category_code,0.05081
MED00395,11,category_code,0.034
MED00396,11,category_code,0.05346
MED00397,11,category_code,0.28506
MED00398,11,category_code,0.30185
MED00399,11,category_code,0.30208
MED00400,11,category_code,0.27237
MED00401,11,category_code,0.0851
MED00402,11,category_code,0.08596
MED00403,11,category_code,-0.00644
MED00404,11,category_code,-0.03264
MED00405,11,category_code,-0.03931
MED00406,11,category_code,0.01397
MED00407,11,category_code,0.08019
MED00408,11,category_code,0.05637
MED00409,11,category_code,-0.19851
MED00410,11,category_code,-0.23796
MED00411,11,category_code,-0.00655
MED00412,11,category_code,0.05234
MED00413,11,category_code,0.00331
MED00414,11,category_code,0.01279
MED00415,11,category_code,0.02782
MED00416,11,category_code,0.01363
MED00417,11,category_code,0.03651
MED00418,11,category_code,0.08567
MED00419,11,category_code,0.06344
MED00420,11,category_code,0.00891
MED00421,11,category_code,0.00457
MED00422,11,category_code,0.01886
MED00423,11,category_code,0.04115
MED00424,11,category_code,0.12095
MED00001,12,category_code,0.07636
MED00002,12,category_code,-0.81524
MED00003,12,category_code,-0.60169
MED00004,12,category_code,-0.34007
MED00005,12,category_code,-0.37454
MED00006,12,category_code,0.07189
MED00007,12,category_code,0.01494
MED00008,12,category_code,-0.51552
MED00009,12,category_code,0.06533
MED00010,12,category_code,0.15266
MED00011,12,category_code,0.26509
MED00012,12,category_code,-0.02642
MED00013,12,category_code,-0.01168
MED00014,12,category_code,0.24727
MED00015,12,category_code,-0.46644
MED00016,12,category_code,-0.00185
MED00017,12,category_code,-0.03392
MED00018,12,category_code,0.27091
MED00019,12,category_code,0.2376
MED00020,12,category_code,0.30537
MED00021,12,category_code,-0.05716
MED00022,12,category_code,-0.02003
MED00023,12,category_code,-0.1005
MED00024,12,category_code,-0.0458
MED00025,12,category_code,-0.78121
MED00026,12,category_code,-0.50328
MED00027,12,category_code,-0.61286
MED00028,12,category_code,-0.49888
MED00029,12,category_code,-0.13461
MED00030,12,category_code,-0.09622
MED00031,12,category_code,0.01101
MED00032,12,category_code,0.05994
MED00033,12,category_code,-0.40081
MED00034,12,category_code,0.282
MED00035,12,category_code,-0.26334
MED00036,12,category_code,-0.26371
MED00037,12,category_code,0.19761
MED00038,12,category_code,-0.09769
MED00039,12,category_code,-0.2442
MED00040,12,category_code,-0.40196
MED00041,12,category_code,-0.26104
MED00042,12,category_code,0.06325
MED00043,12,category_code,-0.5291
MED00044,12,category_code,-0.02456
MED00045,12,category_code,0.02725
MED00046,12,category_code,-0.00844
MED00047,12,category_code,-0.0573
MED00048,12,category_code,-0.04997
MED00049,12,category_code,-0.75926
MED00050,12,category_code,-0.03055
MED00051,12,category_code,-0.77383
MED00052,12,category_code,-0.50123
MED00053,12,category_code,-0.22026
MED00054,12,category_code,-0.19973
MED00055,12,category_code,-0.19873
MED00056,12,category_code,-0.23592
MED00057,12,category_code,-0.2871
MED00058,12,category_code,0.07689
MED00059,12,category_code,0.02024
MED00060,12,category_code,0.04805
MED00061,12,category_code,-0.50459
MED00062,12,category_code,0.03037
MED00063,12,category_code,-0.79355
MED00064,12,category_code,0.25294
MED00065,12,category_code,0.27053
MED00066,12,category_code,-0.48966
MED00067,12,category_code,-0.02237
MED00068,12,category_code,-0.05593
MED00069,12,category_code,-0.0306
MED00070,12,category_code,-0.05159
MED00071,12,category_code,-0.02707
MED00072,12,category_code,-0.03385
MED00073,12,category_code,-0.03038
MED00074,12,category_code,-0.05363
MED00075,12,category_code,0.19406
MED00076,12,category_code,-0.67783
MED00077,12,category_code,-0.03437
MED00078,12,category_code,-0.01989
MED00079,12,category_code,0.26723
MED00080,12,category_code,-0.04483
MED00081,12,category_code,-0.53233
MED00082,12,category_code,-0.06548
MED00083,12,category_code,-0.07161
MED00084,12,category_code,0.26005
MED00085,12,category_code,-0.01531
MED00086,12,category_code,-0.4925
MED00087,12,category_code,-0.01748
MED00088,12,category_code,0.31397
MED00089,12,category_code,0.32057
MED00090,12,category_code,-0.15202
MED00091,12,category_code,-0.03208
MED00092,12,category_code,0.01675
MED00093,12,category_code,-0.54168
MED00094,12,category_code,-0.52636
MED00095,12,category_code,-0.01864
MED00096,12,category_code,0.32301
MED00097,12,category_code,-0.40865
MED00098,12,category_code,-0.06674
MED00099,12,category_code,-0.6462
MED00100,12,category_code,-0.72909
MED00101,12,category_code,-0.01633
MED00102,12,category_code,0.34807
MED00103,12,category_code,-0.02095
MED00104,12,category_code,-0.06438
MED00105,12,category_code,-0.05918
MED00106,12,category_code,-0.76311
MED00107,12,category_code,-0.06301
MED00108,12,category_code,-0.02157
MED00109,12,category_code,-0.31727
MED00110,12,category_code,-0.26415
MED00111,12,category_code,-0.492
MED00112,12,category_code,-0.01884
MED00113,12,category_code,0.00623
MED00114,12,category_code,0.15591
MED00115,12,category_code,-0.02368
MED00116,12,category_code,0.20202
MED00117,12,category_code,0.01068
MED00118,12,category_code,0.06684
MED00119,12,category_code,-0.01503
MED00120,12,category_code,0.47689
MED00121,12,category_code,-0.02799
MED00122,12,category_code,-0.01134
MED00123,12,category_code,-0.23941
MED00124,12,category_code,-0.06795
MED00125,12,category_code,-0.63245
MED00126,12,category_code,-0.35407
MED00127,12,category_code,0.02392
MED00128,12,category_code,-0.01727
MED00129,12,category_code,0.01397
MED00130,12,category_code,-0.75377
MED00131,12,category_code,-0.02221
MED00132,12,category_code,-0.28127
MED00133,12,category_code,-0.2551
MED00134,12,category_code,-0.22989
MED00135,12,category_code,0.37706
MED00136,12,category_code,-0.22502
MED00138,12,category_code,-0.02569
MED00139,12,category_code,-0.018
MED00140,12,category_code,0.01098
MED00141,12,category_code,-0.12402
MED00142,12,category_code,-0.39744
MED00143,12,category_code,0.00713
MED00144,12,category_code,-0.0568
MED00145,12,category_code,-0.48182
MED00146,12,category_code,0.00419
MED00147,12,category_code,0.04612
MED00148,12,category_code,0.04536
MED00149,12,category_code,-0.01417
MED00150,12,category_code,-0.15267
MED00151,12,category_code,-0.01921
MED00152,12,category_code,-0.02539
MED00153,12,category_code,-0.02122
MED00154,12,category_code,0.24298
MED00155,12,category_code,-0.02456
MED00156,12,category_code,0.06276
MED00157,12,category_code,-0.05842
MED00158,12,category_code,-0.54174
MED00159,12,category_code,0.45978
MED00160,12,category_code,-0.03128
MED00161,12,category_code,-0.05303
MED00162,12,category_code,-0.01431
MED00163,12,category_code,-0.53776
MED00164,12,category_code,-0.03286
MED00165,12,category_code,0.0162
MED00166,12,category_code,-0.01864
MED00167,12,category_code,0.01685
MED00168,12,category_code,-0.0185
MED00169,12,category_code,-0.00746
MED00170,12,category_code,0.00955
MED00171,12,category_code,-0.02199
MED00172,12,category_code,-0.19513
MED00173,12,category_code,-0.01732
MED00174,12,category_code,0.22817
MED00175,12,category_code,-0.2142
MED00176,12,category_code,0.29572
MED00177,12,category_code,-0.54602
MED00178,12,category_code,-0.06089
MED00179,12,category_code,-0.25326
MED00180,12,category_code,-0.01579
MED00181,12,category_code,-0.0234
MED00182,12,category_code,-0.5666
MED00183,12,category_code,0.2685
MED00184,12,category_code,0.1932
MED00185,12,category_code,-0.03653
MED00186,12,category_code,-0.01241
MED00187,12,category_code,0.08612
MED00188,12,category_code,0.00282
MED00189,12,category_code,-0.72317
MED00190,12,category_code,-0.02552
MED00191,12,category_code,0.00068
MED00192,12,category_code,-0.71209
MED00193,12,category_code,-0.83846
MED00194,12,category_code,-0.01368
MED00195,12,category_code,0.0632
MED00196,12,category_code,-0.04887
MED00197,12,category_code,-0.03862
MED00198,12,category_code,0.00809
MED00199,12,category_code,-0.25811
MED00200,12,category_code,-0.00514
MED00201,12,category_code,0.0437
MED00202,12,category_code,0.00059
MED00203,12,category_code,-0.03343
MED00204,12,category_code,-0.02127
MED00205,12,category_code,-0.05148
MED00206,12,category_code,-0.15904
MED00207,12,category_code,-0.03871
MED00208,12,category_code,-0.06369
MED00209,12,category_code,-0.03912
MED00210,12,category_code,-0.14308
MED00211,12,category_code,-0.0168
MED00212,12,category_code,0.02872
MED00213,12,category_code,-0.34478
MED00214,12,category_code,-0.05718
MED00215,12,category_code,-0.02777
MED00216,12,category_code,-0.86795
MED00217,12,category_code,-0.66644
MED00218,12,category_code,-0.0475
MED00219,12,category_code,0.28248
MED00220,12,category_code,-0.03495
MED00221,12,category_code,-0.04146
MED00222,12,category_code,-0.40792
MED00223,12,category_code,0.2271
MED00224,12,category_code,0.01512
MED00225,12,category_code,-0.02642
MED00226,12,category_code,-0.01021
MED00227,12,category_code,0.22811
MED00228,12,category_code,0.09366
MED00229,12,category_code,-0.27897
MED00230,12,category_code,0.22226
MED00231,12,category_code,0.10433
MED00232,12,category_code,-0.02063
MED00233,12,category_code,-0.25379
MED00234,12,category_code,0.01666
MED00235,12,category_code,0.21538
MED00236,12,category_code,-0.01049
MED00237,12,category_code,-0.18652
MED00238,12,category_code,-0.02801
MED00239,12,category_code,-0.02102
MED00240,12,category_code,-0.05907
MED00241,12,category_code,-0.02715
MED00242,12,category_code,-0.0316
MED00243,12,category_code,-0.78358
MED00244,12,category_code,-0.0252
MED00245,12,category_code,0.20178
MED00246,12,category_code,-0.06021
MED00247,12,category_code,-0.04595
MED00248,12,category_code,0.03211
MED00249,12,category_code,0.23797
MED00250,12,category_code,-0.07205
MED00251,12,category_code,-0.01771
MED00252,12,category_code,-0.48535
MED00253,12,category_code,-0.01493
MED00254,12,category_code,-0.55441
MED00255,12,category_code,-0.15067
MED00256,12,category_code,0.0495
MED00257,12,category_code,-0.06929
MED00258,12,category_code,-0.028
MED00259,12,category_code,-0.00784
MED00260,12,category_code,-0.26001
MED00261,12,category_code,-0.31536
MED00262,12,category_code,-0.03096
MED00263,12,category_code,0.00528
MED00264,12,category_code,-0.28784
MED00265,12,category_code,-0.05337
MED00266,12,category_code,0.3847
MED00267,12,category_code,-0.04468
MED00268,12,category_code,-0.02172
MED00269,12,category_code,-0.02049
MED00270,12,category_code,0.01067
MED00271,12,category_code,-0.20817
MED00272,12,category_code,0.05535
MED00273,12,category_code,0.06302
MED00274,12,category_code,-0.26938
MED00275,12,category_code,0.089
MED00276,12,category_code,-0.02327
MED00277,12,category_code,-0.71596
MED00278,12,category_code,-0.0614
MED00279,12,category_code,0.19842
MED00280,12,category_code,-0.67547
MED00281,12,category_code,0.04606
MED00282,12,category_code,0.06937
MED00283,12,category_code,0.01048
MED00284,12,category_code,-0.01071
MED00285,12,category_code,-0.05472
MED00286,12,category_code,0.11776
MED00287,12,category_code,-0.00722
MED00288,12,category_code,0.241
MED00289,12,category_code,-0.0995
MED00290,12,category_code,0.02483
MED00291,12,category_code,0.41386
MED00292,12,category_code,0.04407
MED00293,12,category_code,0.07212
MED00294,12,category_code,-0.02223
MED00295,12,category_code,-0.56504
MED00296,12,category_code,-0.02894
MED00297,12,category_code,-0.06336
MED00298,12,category_code,-0.01194
MED00299,12,category_code,-0.40497
MED00300,12,category_code,-0.02345
MED00301,12,category_code,-0.05198
MED00302,12,category_code,0.2402
MED00303,12,category_code,0.08044
MED00304,12,category_code,-0.11551
MED00305,12,category_code,-0.00401
MED00306,12,category_code,-0.29584
MED00307,12,category_code,0.259
MED00308,12,category_code,-0.21868
MED00309,12,category_code,-0.05015
MED00310,12,category_code,0.09276
MED00311,12,category_code,-0.10298
MED00312,12,category_code,-0.25496
MED00313,12,category_code,-0.32895
MED00314,12,category_code,0.40972
MED00315,12,category_code,-0.05957
MED00316,12,category_code,-0.02337
MED00317,12,category_code,-0.01852
MED00318,12,category_code,-0.02519
MED00319,12,category_code,-0.04777
MED00320,12,category_code,0.214
MED00321,12,category_code,-0.40605
MED00322,12,category_code,-0.7487
MED00323,12,category_code,-0.17012
MED00324,12,category_code,-0.24283
MED00325,12,category_code,-0.05966
MED00326,12,category_code,-0.06741
MED00327,12,category_code,-0.02956
MED00328,12,category_code,-0.03268
MED00329,12,category_code,-0.05056
MED00330,12,category_code,-0.03735
MED00331,12,category_code,0.02548
MED00332,12,category_code,-0.02854
MED00333,12,category_code,-0.00728
MED00334,12,category_code,0.245
MED00335,12,category_code,-0.00253
MED00336,12,category_code,-0.04746
MED00337,12,category_code,0.26766
MED00338,12,category_code,0.46102
MED00339,12,category_code,-0.00381
MED00340,12,category_code,-0.18275
MED00341,12,category_code,-0.05869
MED00342,12,category_code,-0.02535
MED00343,12,category_code,-0.05435
MED00344,12,category_code,0.0312
MED00345,12,category_code,-0.75176
MED00346,12,category_code,-0.02617
MED00347,12,category_code,-0.70591
MED00348,12,category_code,0.02566
MED00349,12,category_code,-0.01615
MED00350,12,category_code,-0.46794
MED00351,12,category_code,-0.2732
MED00352,12,category_code,-0.45009
MED00353,12,category_code,-0.32857
MED00354,12,category_code,-0.33661
MED00355,12,category_code,-0.15442
MED00356,12,category_code,-0.00889
MED00357,12,category_code,-0.72658
MED00358,12,category_code,0.05969
MED00359,12,category_code,-0.0253
MED00360,12,category_code,0.16762
MED00361,12,category_code,0.00193
MED00362,12,category_code,0.02311
MED00363,12,category_code,-0.01511
MED00364,12,category_code,-0.74761
MED00365,12,category_code,-0.02447
MED00366,12,category_code,-0.05059
MED00367,12,category_code,-0.03308
MED00368,12,category_code,-0.00466
MED00369,12,category_code,-0.06557
MED00370,12,category_code,-0.37994
MED00371,12,category_code,0.34446
MED00372,12,category_code,-0.72924
MED00373,12,category_code,-0.51055
MED00374,12,category_code,0.03904
MED00375,12,category_code,0.329
MED00376,12,category_code,-0.03029
MED00377,12,category_code,-0.54734
MED00378,12,category_code,-0.01326
MED00379,12,category_code,-0.44061
MED00380,12,category_code,-0.26802
MED00381,12,category_code,-0.39123
MED00382,12,category_code,0.03111
MED00383,12,category_code,-0.06279
MED00384,12,category_code,-0.01594
MED00385,12,category_code,0.06402
MED00386,12,category_code,0.05637
MED00387,12,category_code,0.0435
MED00388,12,category_code,0.30104
MED00389,12,category_code,-0.0617
MED00390,12,category_code,-0.08562
MED00391,12,category_code,0.03494
MED00392,12,category_code,0.01621
MED00393,12,category_code,0.03204
MED00394,12,category_code,0.0477
MED00395,12,category_code,0.0302
MED00396,12,category_code,0.04099
MED00397,12,category_code,0.28061
MED00398,12,category_code,0.30149
MED00399,12,category_code,0.30316
MED00400,12,category_code,0.27088
MED00401,12,category_code,0.08664
MED00402,12,category_code,0.088
MED00403,12,category_code,-0.00507
MED00404,12,category_code,-0.03045
MED00405,12,category_code,-0.03886
MED00406,12,category_code,0.01744
MED00407,12,category_code,0.08301
MED00408,12,category_code,0.05813
MED00409,12,category_code,-0.19835
MED00410,12,category_code,-0.23673
MED00411,12,category_code,-0.01159
MED00412,12,category_code,0.04807
MED00413,12,category_code,-0.00183
MED00414,12,category_code,0.00892
MED00415,12,category_code,0.02536
MED00416,12,category_code,0.00806
MED00417,12,category_code,0.03272
MED00418,12,category_code,0.08499
MED00419,12,category_code,0.06054
MED00420,12,category_code,0.00613
MED00421,12,category_code,0.00418
MED00422,12,category_code,0.01525
MED00423,12,category_code,0.03869
MED00424,12,category_code,0.11613
MED00001,1,form_code,0.03399
MED00002,1,form_code,-0.07366
MED00003,1,form_code,0.01748
MED00004,1,form_code,-0.00092
MED00005,1,form_code,-0.00327
MED00006,1,form_code,0.01144
MED00007,1,form_code,-0.00731
MED00008,1,form_code,-0.01274
MED00009,1,form_code,-0.00133
MED00010,1,form_code,-0.00203
MED00011,1,form_code,-0.02521
MED00012,1,form_code,-0.00669
MED00013,1,form_code,0.00193
MED00014,1,form_code,0.00357
MED00015,1,form_code,0.00422
MED00016,1,form_code,-0.00121
MED00017,1,form_code,-0.00023
MED00018,1,form_code,0.00921
MED00019,1,form_code,0.00593
MED00020,1,form_code,-0.07579
MED00021,1,form_code,0.00957
MED00022,1,form_code,0.01479
MED00023,1,form_code,-0.04117
MED00024,1,form_code,0.00601
MED00025,1,form_code,-0.03219
MED00026,1,form_code,-0.02218
MED00027,1,form_code,-0.02609
MED00028,1,form_code,-0.01313
MED00029,1,form_code,0.01393
MED00030,1,form_code,-0.00112
MED00031,1,form_code,-0.01357
MED00032,1,form_code,-0.00453
MED00033,1,form_code,-0.0026
MED00034,1,form_code,0.00793
MED00035,1,form_code,-0.01193
MED00036,1,form_code,-0.01246
MED00037,1,form_code,-0.00541
MED00038,1,form_code,0.01401
MED00039,1,form_code,-0.0096
MED00040,1,form_code,-0.0123
MED00041,1,form_code,-0.02344
MED00042,1,form_code,-0.00433
MED00043,1,form_code,0.01179
MED00044,1,form_code,-0.00656
MED00045,1,form_code,0.00194
MED00046,1,form_code,-0.00265
MED00047,1,form_code,0.00544
MED00048,1,form_code,0.01402
MED00049,1,form_code,-0.04512
MED00050,1,form_code,0.0052
MED00051,1,form_code,0.06795
MED00052,1,form_code,0.00802
MED00053,1,form_code,-0.00272
MED00054,1,form_code,0.02271
MED00055,1,form_code,-0.00833
MED00056,1,form_code,-0.00095
MED00057,1,form_code,0.00542
MED00058,1,form_code,0.00281
MED00059,1,form_code,-0.02442
MED00060,1,form_code,-0.00588
MED00061,1,form_code,0.00289
MED00062,1,form_code,-0.02723
MED00063,1,form_code,-0.05657
MED00064,1,form_code,0.00465
MED00065,1,form_code,0.00413
MED00066,1,form_code,0.00537
MED00067,1,form_code,-0.0027
MED00068,1,form_code,0.0081
MED00069,1,form_code,-0.00611
MED00070,1,form_code,-0.05888
MED00071,1,form_code,-0.00667
MED00072,1,form_code,0.00173
MED00073,1,form_code,-0.03043
MED00074,1,form_code,0.00692
MED00075,1,form_code,0.00653
MED00076,1,form_code,0.01973
MED00077,1,form_code,0.01321
MED00078,1,form_code,-0.00571
MED00079,1,form_code,0.00464
MED00080,1,form_code,0.01904
MED00081,1,form_code,0.03114
MED00082,1,form_code,-0.00537
MED00083,1,form_code,-0.0137
MED00084,1,form_code,0.00488
MED00085,1,form_code,-0.00122
MED00086,1,form_code,-0.02286
MED00087,1,form_code,0.00541
MED00088,1,form_code,0.0057
MED00089,1,form_code,0.00582
MED00090,1,form_code,-0.00503
MED00091,1,form_code,0.00978
MED00092,1,form_code,-0.00381
MED00093,1,form_code,-0.01413
MED00094,1,form_code,-0.01034
MED00095,1,form_code,-0.0022
MED00096,1,form_code,0.02392
MED00097,1,form_code,-0.02132
MED00098,1,form_code,0.01368
MED00099,1,form_code,-0.02737
MED00100,1,form_code,0.03759
MED00101,1,form_code,-0.00819
MED00102,1,form_code,-0.00579
MED00103,1,form_code,-0.00217
MED00104,1,form_code,-0.01036
MED00105,1,form_code,0.02507
MED00106,1,form_code,-0.05385
MED00107,1,form_code,-0.01337
MED00108,1,form_code,0.00079
MED00109,1,form_code,0.01093
MED00110,1,form_code,0.00734
MED00111,1,form_code,-0.00763
MED00112,1,form_code,-0.00104
MED00113,1,form_code,0.00222
MED00114,1,form_code,0.01759
MED00115,1,form_code,0.006
MED00116,1,form_code,-0.00326
MED00117,1,form_code,0.00125
MED00118,1,form_code,-0.00173
MED00119,1,form_code,-0.00498
MED00120,1,form_code,-0.04917
MED00121,1,form_code,0.00184
MED00122,1,form_code,0.00113
MED00123,1,form_code,-0.01426
MED00124,1,form_code,-0.0123
MED00125,1,form_code,0.02238
MED00126,1,form_code,0.00057
MED00127,1,form_code,0.00494
MED00128,1,form_code,-0.00657
MED00129,1,form_code,-0.00063
MED00130,1,form_code,-0.04298
MED00131,1,form_code,-0.03388
MED00132,1,form_code,-0.02491
MED00133,1,form_code,-0.01526
MED00134,1,form_code,0.00798
MED00135,1,form_code,0.0236
MED00136,1,form_code,-0.01692
MED00137,1,form_code,0.0049
MED00138,1,form_code,0.00604
MED00139,1,form_code,-0.0078
MED00140,1,form_code,0.00098
MED00141,1,form_code,-0.02973
MED00142,1,form_code,0.01187
MED00143,1,form_code,0.01004
MED00144,1,form_code,-0.00466
MED00145,1,form_code,0.00102
MED00146,1,form_code,-0.01722
MED00147,1,form_code,-0.00336
MED00148,1,form_code,-0.00909
MED00149,1,form_code,-0.00611
MED00150,1,form_code,0.01001
MED00151,1,form_code,0.00556
MED00152,1,form_code,0.00433
MED00153,1,form_code,0.00141
MED00154,1,form_code,0.02074
MED00155,1,form_code,-0.00684
MED00156,1,form_code,0.00382
MED00157,1,form_code,0.00267
MED00158,1,form_code,-0.02359
MED00159,1,form_code,-0.0236
MED00160,1,form_code,-0.00428
MED00161,1,form_code,-0.00459
MED00162,1,form_code,0.00592
MED00163,1,form_code,-0.02155
MED00164,1,form_code,-0.0365
MED00165,1,form_code,-0.00353
MED00166,1,form_code,0.00508
MED00167,1,form_code,0.01265
MED00168,1,form_code,-0.00506
MED00169,1,form_code,0.00159
MED00170,1,form_code,0.00244
MED00171,1,form_code,-0.00496
MED00172,1,form_code,0.00559
MED00173,1,form_code,0.00168
MED00174,1,form_code,-0.00073
MED00175,1,form_code,-0.01404
MED00176,1,form_code,-0.03457
MED00177,1,form_code,-0.02433
MED00178,1,form_code,-0.01278
MED00179,1,form_code,0.00701
MED00180,1,form_code,-0.00239
MED00181,1,form_code,-0.0027
MED00182,1,form_code,-0.02385
MED00183,1,form_code,-0.03417
MED00184,1,form_code,-0.00136
MED00185,1,form_code,0.01261
MED00186,1,form_code,0.00506
MED00187,1,form_code,0.00674
MED00188,1,form_code,-0.01
MED00189,1,form_code,0.02557
MED00190,1,form_code,0.00077
MED00191,1,form_code,0.01424
MED00192,1,form_code,0.04383
MED00193,1,form_code,-0.08066
MED00194,1,form_code,-0.02335
MED00195,1,form_code,-0.00508
MED00196,1,form_code,-0.02156
MED00197,1,form_code,-0.02438
MED00198,1,form_code,0.00301
MED00199,1,form_code,0.0104
MED00200,1,form_code,0.00176
MED00201,1,form_code,-0.00434
MED00202,1,form_code,-0.00206
MED00203,1,form_code,0.00502
MED00204,1,form_code,-0.00482
MED00205,1,form_code,0.02652
MED00206,1,form_code,-0.04118
MED00207,1,form_code,0.00079
MED00208,1,form_code,0.01464
MED00209,1,form_code,-0.01525
MED00210,1,form_code,-0.0134
MED00211,1,form_code,-0.00738
MED00212,1,form_code,0.01604
MED00213,1,form_code,0.00111
MED00214,1,form_code,-0.02013
MED00215,1,form_code,0.0014
MED00216,1,form_code,-0.05487
MED00217,1,form_code,0.02041
MED00218,1,form_code,0.006
MED00219,1,form_code,0.0181
MED00220,1,form_code,-0.00755
MED00221,1,form_code,-0.02835
MED00222,1,form_code,0.01285
MED00223,1,form_code,-0.05224
MED00224,1,form_code,-0.00075
MED00225,1,form_code,-0.0007
MED00226,1,form_code,-0.0086
MED00227,1,form_code,0.02049
MED00228,1,form_code,0.0122
MED00229,1,form_code,0.01497
MED00230,1,form_code,0.02024
MED00231,1,form_code,-0.00543
MED00232,1,form_code,-0.00504
MED00233,1,form_code,-0.01745
MED00234,1,form_code,-0.00075
MED00235,1,form_code,0.00657
MED00236,1,form_code,-0.00041
MED00237,1,form_code,-0.0032
MED00238,1,form_code,0.00133
MED00239,1,form_code,0.00853
MED00240,1,form_code,-0.02738
MED00241,1,form_code,-0.00036
MED00242,1,form_code,0.00108
MED00243,1,form_code,-0.06711
MED00244,1,form_code,0.00067
MED00245,1,form_code,0.00403
MED00246,1,form_code,-0.00763
MED00247,1,form_code,0.01378
MED00248,1,form_code,-0.01215
MED00249,1,form_code,-0.02928
MED00250,1,form_code,-0.04103
MED00251,1,form_code,-0.00324
MED00252,1,form_code,0.00872
MED00253,1,form_code,-0.00068
MED00254,1,form_code,0.0058
MED00255,1,form_code,-0.02296
MED00256,1,form_code,0.00109
MED00257,1,form_code,0.00992
MED00258,1,form_code,-0.00875
MED00259,1,form_code,-0.00406
MED00260,1,form_code,-0.00059
MED00261,1,form_code,-0.00021
MED00262,1,form_code,0.01166
MED00263,1,form_code,0.00346
MED00264,1,form_code,0.01401
MED00265,1,form_code,0.00419
MED00266,1,form_code,0.02476
MED00267,1,form_code,-0.00799
MED00268,1,form_code,0.00674
MED00269,1,form_code,0.00099
MED00270,1,form_code,0.00062
MED00271,1,form_code,0.01389
MED00272,1,form_code,-0.00184
MED00273,1,form_code,0.00138
MED00274,1,form_code,-0.02174
MED00275,1,form_code,0.05068
MED00276,1,form_code,-0.00298
MED00277,1,form_code,0.02547
MED00278,1,form_code,-0.01112
MED00279,1,form_code,0.00646
MED00280,1,form_code,0.02031
MED00281,1,form_code,0.03306
MED00282,1,form_code,0.02749
MED00283,1,form_code,0.00187
MED00284,1,form_code,0.00757
MED00285,1,form_code,-0.0054
MED00286,1,form_code,-0.01087
MED00287,1,form_code,-0.00211
MED00288,1,form_code,0.00542
MED00289,1,form_code,-0.00045
MED00290,1,form_code,-0.00052
MED00291,1,form_code,0.0129
MED00292,1,form_code,-0.00315
MED00293,1,form_code,0.01203
MED00294,1,form_code,0.00367
MED00295,1,form_code,-0.02261
MED00296,1,form_code,-0.00262
MED00297,1,form_code,-0.00375
MED00298,1,form_code,-0.00225
MED00299,1,form_code,-0.09199
MED00300,1,form_code,-0.00341
MED00301,1,form_code,-0.00268
MED00302,1,form_code,-0.00812
MED00303,1,form_code,0.00746
MED00304,1,form_code,0.00139
MED00305,1,form_code,-0.00359
MED00306,1,form_code,-0.02398
MED00307,1,form_code,0.00708
MED00308,1,form_code,-0.01155
MED00309,1,form_code,0.00735
MED00310,1,form_code,-0.00337
MED00311,1,form_code,-0.00981
MED00312,1,form_code,-0.02143
MED00313,1,form_code,-0.00024
MED00314,1,form_code,-0.03371
MED00315,1,form_code,0.01564
MED00316,1,form_code,0.00431
MED00317,1,form_code,0.00137
MED00318,1,form_code,-0.02444
MED00319,1,form_code,0.02487
MED00320,1,form_code,-0.00382
MED00321,1,form_code,-0.00431
MED00322,1,form_code,-0.04035
MED00323,1,form_code,-0.0126
MED00324,1,form_code,-0.02538
MED00325,1,form_code,0.0077
MED00326,1,form_code,0.00026
MED00327,1,form_code,-0.00495
MED00328,1,form_code,0.00833
MED00329,1,form_code,0.02559
MED00330,1,form_code,-0.00523
MED00331,1,form_code,0.00065
MED00332,1,form_code,-0.00428
MED00333,1,form_code,0.00856
MED00334,1,form_code,0.01692
MED00335,1,form_code,0.02324
MED00336,1,form_code,-0.02013
MED00337,1,form_code,-0.02584
MED00338,1,form_code,-0.03962
MED00339,1,form_code,-0.03242
MED00340,1,form_code,-0.0102
MED00341,1,form_code,-0.00654
MED00342,1,form_code,0.00101
MED00343,1,form_code,0.01919
MED00344,1,form_code,-0.00302
MED00345,1,form_code,-0.04398
MED00346,1,form_code,0.00301
MED00347,1,form_code,0.0378
MED00348,1,form_code,-0.00356
MED00349,1,form_code,-0.00473
MED00350,1,form_code,-0.00143
MED00351,1,form_code,0.01859
MED00352,1,form_code,0.00146
MED00353,1,form_code,0.00075
MED00354,1,form_code,-0.00142
MED00355,1,form_code,-0.01331
MED00356,1,form_code,-0.00207
MED00357,1,form_code,-0.02905
MED00358,1,form_code,-0.00574
MED00359,1,form_code,0.00477
MED00360,1,form_code,0.00079
MED00361,1,form_code,0.00369
MED00362,1,form_code,0.00151
MED00363,1,form_code,0.00635
MED00364,1,form_code,0.03829
MED00365,1,form_code,0.00578
MED00366,1,form_code,-0.01691
MED00367,1,form_code,-0.00774
MED00368,1,form_code,-0.00488
MED00369,1,form_code,0.00828
MED00370,1,form_code,0.0062
MED00371,1,form_code,0.02282
MED00372,1,form_code,0.02403
MED00373,1,form_code,0.00231
MED00374,1,form_code,0.00037
MED00375,1,form_code,0.01998
MED00376,1,form_code,0.00078
MED00377,1,form_code,-0.01624
MED00378,1,form_code,-0.00559
MED00379,1,form_code,-0.0053
MED00380,1,form_code,0.00568
MED00381,1,form_code,0.00173
MED00382,1,form_code,-0.00635
MED00383,1,form_code,-0.01207
MED00384,1,form_code,-0.00549
MED00385,1,form_code,0.00112
MED00386,1,form_code,0.01723
MED00387,1,form_code,-0.00022
MED00388,1,form_code,0.00508
MED00389,1,form_code,0.00266
MED00390,1,form_code,0.00078
MED00391,1,form_code,0.01115
MED00392,1,form_code,0.00221
MED00393,1,form_code,-0.04248
MED00394,1,form_code,0.03296
MED00395,1,form_code,0.02663
MED00397,1,form_code,0.0041
MED00398,1,form_code,0.0071
MED00399,1,form_code,0.00783
MED00400,1,form_code,0.00908
MED00401,1,form_code,0.01514
MED00402,1,form_code,0.00501
MED00403,1,form_code,0.01662
MED00404,1,form_code,-0.00709
MED00405,1,form_code,-0.0133
MED00406,1,form_code,-0.00635
MED00407,1,form_code,0.00303
MED00408,1,form_code,0.00054
MED00409,1,form_code,-0.04511
MED00410,1,form_code,-0.01429
MED00411,1,form_code,0.00054
MED00412,1,form_code,0.0195
MED00413,1,form_code,0.00887
MED00414,1,form_code,0.02736
MED00415,1,form_code,0.00904
MED00416,1,form_code,-0.01936
MED00417,1,form_code,-0.0055
MED00418,1,form_code,-0.00246
MED00419,1,form_code,-0.01858
MED00420,1,form_code,-0.00545
MED00421,1,form_code,0.01054
MED00422,1,form_code,0.00084
MED00423,1,form_code,0.01141
MED00424,1,form_code,0.00532
MED00001,2,form_code,0.03426
MED00002,2,form_code,-0.06059
MED00003,2,form_code,0.01744
MED00004,2,form_code,-0.00101
MED00005,2,form_code,-0.00336
MED00006,2,form_code,0.01165
MED00007,2,form_code,-0.00759
MED00008,2,form_code,-0.01245
MED00009,2,form_code,-0.00148
MED00010,2,form_code,-0.00219
MED00011,2,form_code,-0.02366
MED00012,2,form_code,-0.00642
MED00013,2,form_code,0.00218
MED00014,2,form_code,0.00357
MED00015,2,form_code,0.00417
MED00016,2,form_code,-0.00089
MED00017,2,form_code,-0.00031
MED00018,2,form_code,0.00855
MED00019,2,form_code,0.0059
MED00020,2,form_code,-0.07463
MED00021,2,form_code,0.01003
MED00022,2,form_code,0.015
MED00023,2,form_code,-0.04082
MED00024,2,form_code,0.00982
MED00025,2,form_code,-0.03208
MED00026,2,form_code,-0.02208
MED00027,2,form_code,-0.02598
MED00028,2,form_code,-0.01301
MED00029,2,form_code,0.01663
MED00030,2,form_code,-0.00122
MED00031,2,form_code,-0.0125
MED00032,2,form_code,-0.00386
MED00033,2,form_code,-0.00271
MED00034,2,form_code,0.00778
MED00035,2,form_code,-0.01188
MED00036,2,form_code,-0.01153
MED00037,2,form_code,-0.00548
MED00038,2,form_code,0.01405
MED00039,2,form_code,-0.00934
MED00040,2,form_code,-0.01207
MED00041,2,form_code,-0.02175
MED00042,2,form_code,-0.00449
MED00043,2,form_code,0.01169
MED00044,2,form_code,-0.00635
MED00045,2,form_code,0.00189
MED00046,2,form_code,-0.00228
MED00047,2,form_code,0.00539
MED00048,2,form_code,0.01403
MED00049,2,form_code,-0.04337
MED00050,2,form_code,0.00548
MED00051,2,form_code,0.06493
MED00052,2,form_code,0.00797
MED00053,2,form_code,-0.00285
MED00054,2,form_code,0.02467
MED00055,2,form_code,-0.00827
MED00056,2,form_code,-0.00103
MED00057,2,form_code,0.00534
MED00058,2,form_code,0.00275
MED00059,2,form_code,-0.02401
MED00060,2,form_code,-0.00636
MED00061,2,form_code,0.00284
MED00062,2,form_code,-0.03099
MED00063,2,form_code,-0.05624
MED00064,2,form_code,0.00465
MED00065,2,form_code,0.00415
MED00066,2,form_code,0.00533
MED00067,2,form_code,-0.00279
MED00068,2,form_code,0.00804
MED00069,2,form_code,-0.00553
MED00070,2,form_code,-0.05848
MED00071,2,form_code,-0.00645
MED00072,2,form_code,0.00204
MED00073,2,form_code,-0.02973
MED00074,2,form_code,0.00696
MED00075,2,form_code,0.00646
MED00076,2,form_code,0.01968
MED00077,2,form_code,0.01464
MED00078,2,form_code,-0.0058
MED00079,2,form_code,0.00463
MED00080,2,form_code,0.01962
MED00081,2,form_code,0.03034
MED00082,2,form_code,-0.00515
MED00083,2,form_code,-0.01294
MED00084,2,form_code,0.00444
MED00085,2,form_code,-0.00091
MED00086,2,form_code,-0.02265
MED00087,2,form_code,0.00562
MED00088,2,form_code,0.00558
MED00089,2,form_code,0.00562
MED00090,2,form_code,-0.00466
MED00091,2,form_code,0.00343
MED00092,2,form_code,-0.00367
MED00093,2,form_code,-0.01402
MED00094,2,form_code,-0.01021
MED00095,2,form_code,-0.00188
MED00096,2,form_code,0.02393
MED00097,2,form_code,-0.02109
MED00098,2,form_code,0.01368
MED00099,2,form_code,-0.02728
MED00100,2,form_code,0.03754
MED00101,2,form_code,-0.00818
MED00102,2,form_code,-0.00583
MED00103,2,form_code,-0.00183
MED00104,2,form_code,-0.01004
MED00105,2,form_code,0.02515
MED00106,2,form_code,-0.05359
MED00107,2,form_code,-0.01154
MED00108,2,form_code,0.00111
MED00109,2,form_code,0.01087
MED00110,2,form_code,0.00729
MED00111,2,form_code,-0.0072
MED00112,2,form_code,-0.00111
MED00113,2,form_code,0.00254
MED00114,2,form_code,0.0175
MED00115,2,form_code,0.00624
MED00116,2,form_code,-0.00398
MED00117,2,form_code,0.00109
MED00118,2,form_code,-0.00179
MED00119,2,form_code,-0.00471
MED00120,2,form_code,-0.04738
MED00121,2,form_code,0.00223
MED00122,2,form_code,0.00103
MED00123,2,form_code,-0.01315
MED00124,2,form_code,-0.01193
MED00125,2,form_code,0.02259
MED00126,2,form_code,0.00065
MED00127,2,form_code,0.00479
MED00128,2,form_code,-0.00625
MED00129,2,form_code,-0.00092
MED00130,2,form_code,-0.04256
MED00131,2,form_code,-0.03904
MED00132,2,form_code,-0.0238
MED00133,2,form_code,-0.01415
MED00134,2,form_code,0.00792
MED00135,2,form_code,0.02345
MED00136,2,form_code,-0.01474
MED00137,2,form_code,0.00455
MED00138,2,form_code,0.00616
MED00139,2,form_code,-0.00794
MED00140,2,form_code,0.00091
MED00141,2,form_code,-0.02986
MED00142,2,form_code,0.0118
MED00143,2,form_code,0.01025
MED00144,2,form_code,-0.00471
MED00145,2,form_code,0.00098
MED00146,2,form_code,-0.01628
MED00147,2,form_code,-0.00291
MED00148,2,form_code,-0.00835
MED00149,2,form_code,-0.00619
MED00150,2,form_code,0.00992
MED00151,2,form_code,0.00577
MED00152,2,form_code,0.00454
MED00153,2,form_code,0.00137
MED00154,2,form_code,0.02075
MED00155,2,form_code,-0.00658
MED00156,2,form_code,0.00376
MED00157,2,form_code,0.00262
MED00158,2,form_code,-0.02349
MED00159,2,form_code,-0.02115
MED00160,2,form_code,-0.00429
MED00161,2,form_code,-0.0046
MED00162,2,form_code,0.00621
MED00163,2,form_code,-0.0211
MED00164,2,form_code,-0.03618
MED00165,2,form_code,-0.00241
MED00166,2,form_code,0.00529
MED00167,2,form_code,0.01296
MED00168,2,form_code,-0.00491
MED00169,2,form_code,0.00153
MED00170,2,form_code,0.00265
MED00171,2,form_code,-0.00464
MED00172,2,form_code,0.00587
MED00173,2,form_code,0.00161
MED00174,2,form_code,-0.00073
MED00175,2,form_code,-0.01399
MED00176,2,form_code,-0.03337
MED00177,2,form_code,-0.02422
MED00178,2,form_code,-0.01166
MED00179,2,form_code,0.0067
MED00180,2,form_code,-0.00204
MED00181,2,form_code,-0.00276
MED00182,2,form_code,-0.02376
MED00183,2,form_code,-0.03384
MED00184,2,form_code,-0.00217
MED00185,2,form_code,0.01435
MED00186,2,form_code,0.00531
MED00187,2,form_code,0.00658
MED00188,2,form_code,-0.01007
MED00189,2,form_code,0.02586
MED00190,2,form_code,0.0007
MED00191,2,form_code,0.01418
MED00192,2,form_code,0.04287
MED00193,2,form_code,-0.0667
MED00194,2,form_code,-0.02344
MED00195,2,form_code,-0.00518
MED00196,2,form_code,-0.02166
MED00197,2,form_code,-0.02447
MED00198,2,form_code,0.00333
MED00199,2,form_code,0.01025
MED00200,2,form_code,0.0017
MED00201,2,form_code,-0.00435
MED00202,2,form_code,-0.00174
MED00203,2,form_code,0.00877
MED00204,2,form_code,-0.00451
MED00205,2,form_code,0.0266
MED00206,2,form_code,-0.04083
MED00207,2,form_code,0.00073
MED00208,2,form_code,0.01462
MED00209,2,form_code,-0.01414
MED00210,2,form_code,-0.01335
MED00211,2,form_code,-0.00787
MED00212,2,form_code,0.01747
MED00213,2,form_code,0.00105
MED00214,2,form_code,-0.01829
MED00215,2,form_code,0.00135
MED00216,2,form_code,-0.05454
MED00217,2,form_code,0.0204
MED00218,2,form_code,0.00595
MED00219,2,form_code,0.018
MED00220,2,form_code,-0.0072
MED00221,2,form_code,-0.02747
MED00222,2,form_code,0.01277
MED00223,2,form_code,-0.05108
MED00224,2,form_code,-0.00043
MED00225,2,form_code,-0.00034
MED00226,2,form_code,-0.00821
MED00227,2,form_code,0.02049
MED00228,2,form_code,0.01323
MED00229,2,form_code,0.01491
MED00230,2,form_code,0.02025
MED00231,2,form_code,-0.0051
MED00232,2,form_code,-0.00509
MED00233,2,form_code,-0.01577
MED00234,2,form_code,-0.00043
MED00235,2,form_code,0.00573
MED00236,2,form_code,0.00117
MED00237,2,form_code,-0.00323
MED00238,2,form_code,0.00104
MED00239,2,form_code,0.00876
MED00240,2,form_code,-0.027
MED00241,2,form_code,-0.00043
MED00242,2,form_code,0.00099
MED00243,2,form_code,-0.05404
MED00244,2,form_code,0.00061
MED00245,2,form_code,0.00335
MED00246,2,form_code,-0.00551
MED00247,2,form_code,0.01378
MED00248,2,form_code,-0.01112
MED00249,2,form_code,-0.02815
MED00250,2,form_code,-0.03673
MED00251,2,form_code,-0.00331
MED00252,2,form_code,0.00865
MED00253,2,form_code,-0.00042
MED00254,2,form_code,0.00572
MED00255,2,form_code,-0.0218
MED00256,2,form_code,0.00099
MED00257,2,form_code,0.00991
MED00258,2,form_code,-0.00794
MED00259,2,form_code,-0.00374
MED00260,2,form_code,-0.00088
MED00261,2,form_code,-0.00054
MED00262,2,form_code,0.01189
MED00263,2,form_code,0.00378
MED00264,2,form_code,0.01395
MED00265,2,form_code,0.00409
MED00266,2,form_code,0.02461
MED00267,2,form_code,-0.00615
MED00268,2,form_code,0.00698
MED00269,2,form_code,0.00092
MED00270,2,form_code,0.00094
MED00271,2,form_code,0.01383
MED00272,2,form_code,-0.00193
MED00273,2,form_code,0.00124
MED00274,2,form_code,-0.02052
MED00275,2,form_code,0.05141
MED00276,2,form_code,-0.00266
MED00277,2,form_code,0.02543
MED00278,2,form_code,-0.01073
MED00279,2,form_code,0.00634
MED00280,2,form_code,0.02025
MED00281,2,form_code,0.03366
MED00282,2,form_code,0.02898
MED00283,2,form_code,0.00181
MED00284,2,form_code,0.0075
MED00285,2,form_code,-0.00509
MED00286,2,form_code,-0.0105
MED00287,2,form_code,-0.00179
MED00288,2,form_code,0.00538
MED00290,2,form_code,-0.0002
MED00291,2,form_code,0.01291
MED00292,2,form_code,-0.00388
MED00293,2,form_code,0.01253
MED00294,2,form_code,0.00362
MED00295,2,form_code,-0.02252
MED00296,2,form_code,-0.00225
MED00297,2,form_code,-0.00376
MED00298,2,form_code,-0.00193
MED00299,2,form_code,-0.09262
MED00300,2,form_code,-0.00309
MED00301,2,form_code,-0.0023
MED00302,2,form_code,-0.00769
MED00303,2,form_code,0.00732
MED00304,2,form_code,0.00118
MED00305,2,form_code,-0.00327
MED00306,2,form_code,-0.02392
MED00307,2,form_code,0.00705
MED00308,2,form_code,-0.01061
MED00309,2,form_code,0.00728
MED00310,2,form_code,-0.00331
MED00311,2,form_code,-0.00827
MED00312,2,form_code,-0.02034
MED00313,2,form_code,-0.00029
MED00314,2,form_code,-0.03192
MED00315,2,form_code,0.01488
MED00316,2,form_code,0.00452
MED00317,2,form_code,0.0013
MED00318,2,form_code,-0.0241
MED00319,2,form_code,0.02484
MED00320,2,form_code,-0.00382
MED00321,2,form_code,-0.00437
MED00322,2,form_code,-0.04321
MED00323,2,form_code,-0.01149
MED00324,2,form_code,-0.02435
MED00325,2,form_code,0.00766
MED00326,2,form_code,-0.00048
MED00327,2,form_code,-0.00507
MED00328,2,form_code,0.00817
MED00329,2,form_code,0.02556
MED00330,2,form_code,-0.00512
MED00331,2,form_code,0.00087
MED00332,2,form_code,-0.00429
MED00333,2,form_code,0.00866
MED00334,2,form_code,0.01692
MED00335,2,form_code,0.02344
MED00336,2,form_code,-0.01826
MED00337,2,form_code,-0.01982
MED00338,2,form_code,-0.03783
MED00339,2,form_code,-0.03239
MED00340,2,form_code,-0.01015
MED00341,2,form_code,-0.00638
MED00342,2,form_code,0.00094
MED00343,2,form_code,0.0184
MED00344,2,form_code,-0.00305
MED00345,2,form_code,-0.04367
MED00346,2,form_code,0.00333
MED00347,2,form_code,0.03809
MED00348,2,form_code,-0.00321
MED00349,2,form_code,-0.00441
MED00350,2,form_code,-0.00152
MED00351,2,form_code,0.0185
MED00352,2,form_code,0.00141
MED00353,2,form_code,0.00068
MED00354,2,form_code,-0.00148
MED00355,2,form_code,-0.01143
MED00356,2,form_code,-0.00211
MED00357,2,form_code,-0.02865
MED00358,2,form_code,-0.00563
MED00359,2,form_code,0.00499
MED00360,2,form_code,0.00157
MED00361,2,form_code,0.00388
MED00362,2,form_code,0.00188
MED00363,2,form_code,0.00656
MED00364,2,form_code,0.03826
MED00365,2,form_code,0.00599
MED00366,2,form_code,-0.01508
MED00367,2,form_code,-0.00742
MED00368,2,form_code,-0.005
MED00369,2,form_code,0.00856
MED00370,2,form_code,0.0059
MED00371,2,form_code,0.02267
MED00372,2,form_code,0.02397
MED00373,2,form_code,0.00217
MED00374,2,form_code,0.0003
MED00375,2,form_code,0.01925
MED00376,2,form_code,0.00071
MED00377,2,form_code,-0.01587
MED00378,2,form_code,-0.00527
MED00379,2,form_code,-0.00535
MED00380,2,form_code,0.00576
MED00381,2,form_code,0.00167
MED00382,2,form_code,-0.0061
MED00383,2,form_code,-0.01194
MED00384,2,form_code,-0.00517
MED00385,2,form_code,0.00165
MED00386,2,form_code,0.0172
MED00387,2,form_code,-0.0003
MED00388,2,form_code,0.00454
MED00389,2,form_code,0.00192
MED00390,2,form_code,0.0046
MED00391,2,form_code,0.01228
MED00392,2,form_code,0.00213
MED00393,2,form_code,-0.04169
MED00394,2,form_code,0.03292
MED00395,2,form_code,0.02736
MED00397,2,form_code,0.00387
MED00398,2,form_code,0.00644
MED00399,2,form_code,0.00702
MED00400,2,form_code,0.00885
MED00401,2,form_code,0.01629
MED00402,2,form_code,0.00485
MED00403,2,form_code,0.01655
MED00404,2,form_code,-0.00719
MED00405,2,form_code,-0.01261
MED00406,2,form_code,-0.00486
MED00407,2,form_code,0.00304
MED00408,2,form_code,0.00053
MED00409,2,form_code,-0.04757
MED00410,2,form_code,-0.0156
MED00411,2,form_code,0.00087
MED00412,2,form_code,0.01874
MED00413,2,form_code,0.00886
MED00414,2,form_code,0.02716
MED00415,2,form_code,0.01009
MED00416,2,form_code,-0.01897
MED00417,2,form_code,-0.00552
MED00418,2,form_code,-0.00214
MED00419,2,form_code,-0.0175
MED00420,2,form_code,-0.00439
MED00421,2,form_code,0.01165
MED00422,2,form_code,0.00085
MED00423,2,form_code,0.01132
MED00424,2,form_code,0.0052
MED00001,3,form_code,0.03278
MED00002,3,form_code,-0.05791
MED00003,3,form_code,0.01559
MED00004,3,form_code,-0.00101
MED00005,3,form_code,-0.00325
MED00006,3,form_code,0.01177
MED00007,3,form_code,-0.0075
MED00008,3,form_code,-0.01272
MED00009,3,form_code,-0.0013
MED00010,3,form_code,-0.00208
MED00011,3,form_code,-0.02441
MED00012,3,form_code,-0.00665
MED00013,3,form_code,0.00168
MED00014,3,form_code,0.00362
MED00015,3,form_code,0.00425
MED00016,3,form_code,-0.00175
MED00017,3,form_code,-0.00028
MED00018,3,form_code,0.00926
MED00019,3,form_code,0.00593
MED00020,3,form_code,-0.07534
MED00021,3,form_code,0.01037
MED00022,3,form_code,0.01512
MED00023,3,form_code,-0.04142
MED00024,3,form_code,0.00948
MED00025,3,form_code,-0.03099
MED00026,3,form_code,-0.02206
MED00027,3,form_code,-0.02575
MED00028,3,form_code,-0.01341
MED00029,3,form_code,0.01776
MED00030,3,form_code,-0.00116
MED00031,3,form_code,-0.0129
MED00032,3,form_code,-0.0042
MED00033,3,form_code,-0.00267
MED00034,3,form_code,0.00783
MED00035,3,form_code,-0.01156
MED00036,3,form_code,-0.0123
MED00037,3,form_code,-0.00535
MED00038,3,form_code,0.01387
MED00039,3,form_code,-0.00998
MED00040,3,form_code,-0.01215
MED00041,3,form_code,-0.02089
MED00042,3,form_code,-0.00433
MED00043,3,form_code,0.01166
MED00044,3,form_code,-0.00503
MED00045,3,form_code,0.0019
MED00046,3,form_code,-0.00339
MED00047,3,form_code,0.00523
MED00048,3,form_code,0.01407
MED00049,3,form_code,-0.03921
MED00050,3,form_code,0.00536
MED00051,3,form_code,0.05956
MED00052,3,form_code,0.00809
MED00053,3,form_code,-0.00012
MED00054,3,form_code,0.02348
MED00055,3,form_code,-0.00839
MED00056,3,form_code,-0.00099
MED00057,3,form_code,0.00518
MED00058,3,form_code,0.00278
MED00059,3,form_code,-0.02425
MED00060,3,form_code,-0.00737
MED00061,3,form_code,0.00257
MED00062,3,form_code,-0.03124
MED00063,3,form_code,-0.05122
MED00064,3,form_code,0.00469
MED00065,3,form_code,0.00419
MED00066,3,form_code,0.00531
MED00067,3,form_code,-0.00277
MED00068,3,form_code,0.0077
MED00069,3,form_code,-0.00559
MED00070,3,form_code,-0.05809
MED00071,3,form_code,-0.00516
MED00072,3,form_code,0.00216
MED00073,3,form_code,-0.03137
MED00074,3,form_code,0.00662
MED00075,3,form_code,0.00722
MED00076,3,form_code,0.01458
MED00077,3,form_code,0.01425
MED00078,3,form_code,-0.00221
MED00079,3,form_code,0.00468
MED00080,3,form_code,0.01971
MED00081,3,form_code,0.0293
MED00082,3,form_code,-0.00387
MED00083,3,form_code,-0.01378
MED00084,3,form_code,0.00443
MED00085,3,form_code,-0.00115
MED00086,3,form_code,-0.02295
MED00087,3,form_code,0.00543
MED00088,3,form_code,0.00559
MED00089,3,form_code,0.00506
MED00090,3,form_code,-0.00527
MED00091,3,form_code,0.0032
MED00092,3,form_code,-0.00365
MED00093,3,form_code,-0.01383
MED00094,3,form_code,-0.01024
MED00095,3,form_code,-0.00203
MED00096,3,form_code,0.02397
MED00097,3,form_code,-0.02157
MED00098,3,form_code,0.01364
MED00099,3,form_code,-0.02708
MED00100,3,form_code,0.03137
MED00101,3,form_code,-0.00807
MED00102,3,form_code,-0.00575
MED00103,3,form_code,-0.00199
MED00104,3,form_code,-0.0102
MED00105,3,form_code,0.02482
MED00106,3,form_code,-0.04857
MED00107,3,form_code,-0.0117
MED00108,3,form_code,0.00096
MED00109,3,form_code,0.01063
MED00110,3,form_code,0.00693
MED00111,3,form_code,-0.00759
MED00112,3,form_code,-0.001
MED00113,3,form_code,0.00227
MED00114,3,form_code,0.01761
MED00115,3,form_code,0.00605
MED00116,3,form_code,-0.00387
MED00117,3,form_code,0.00093
MED00118,3,form_code,-0.00176
MED00119,3,form_code,-0.00494
MED00120,3,form_code,-0.04764
MED00121,3,form_code,0.0022
MED00122,3,form_code,0.00105
MED00123,3,form_code,-0.01334
MED00124,3,form_code,-0.01209
MED00125,3,form_code,0.01749
MED00126,3,form_code,0.00066
MED00127,3,form_code,0.00484
MED00128,3,form_code,-0.00648
MED00129,3,form_code,-0.00089
MED00130,3,form_code,-0.03861
MED00131,3,form_code,-0.0381
MED00132,3,form_code,-0.02294
MED00133,3,form_code,-0.01409
MED00134,3,form_code,0.00758
MED00135,3,form_code,0.02349
MED00136,3,form_code,-0.01545
MED00137,3,form_code,0.0046
MED00138,3,form_code,0.0061
MED00139,3,form_code,-0.00788
MED00140,3,form_code,0.00093
MED00141,3,form_code,-0.02988
MED00142,3,form_code,0.01158
MED00143,3,form_code,0.01005
MED00144,3,form_code,-0.00468
MED00145,3,form_code,0.00074
MED00146,3,form_code,-0.01646
MED00147,3,form_code,-0.00318
MED00148,3,form_code,-0.00855
MED00149,3,form_code,-0.00607
MED00150,3,form_code,0.00949
MED00151,3,form_code,0.00559
MED00152,3,form_code,0.00434
MED00153,3,form_code,0.0014
MED00154,3,form_code,0.02079
MED00155,3,form_code,-0.00681
MED00156,3,form_code,0.00355
MED00157,3,form_code,0.00248
MED00158,3,form_code,-0.02325
MED00159,3,form_code,-0.02189
MED00160,3,form_code,-0.00416
MED00161,3,form_code,-0.00449
MED00162,3,form_code,0.00605
MED00163,3,form_code,-0.02402
MED00164,3,form_code,-0.03488
MED00165,3,form_code,-0.00234
MED00166,3,form_code,0.00511
MED00167,3,form_code,0.01272
MED00168,3,form_code,-0.00502
MED00169,3,form_code,0.00155
MED00170,3,form_code,0.00246
MED00171,3,form_code,-0.00487
MED00172,3,form_code,0.00563
MED00173,3,form_code,0.0018
MED00174,3,form_code,-0.00061
MED00175,3,form_code,-0.01411
MED00176,3,form_code,-0.03413
MED00177,3,form_code,-0.0233
MED00178,3,form_code,-0.01242
MED00179,3,form_code,0.0066
MED00180,3,form_code,-0.00229
MED00181,3,form_code,-0.00269
MED00182,3,form_code,-0.02371
MED00183,3,form_code,-0.03409
MED00184,3,form_code,-0.00199
MED00185,3,form_code,0.01389
MED00186,3,form_code,0.00512
MED00187,3,form_code,0.00703
MED00188,3,form_code,-0.00994
MED00189,3,form_code,0.02077
MED00190,3,form_code,0.00074
MED00191,3,form_code,0.01424
MED00192,3,form_code,0.03378
MED00193,3,form_code,-0.06401
MED00194,3,form_code,-0.02325
MED00195,3,form_code,-0.005
MED00196,3,form_code,-0.02149
MED00197,3,form_code,-0.02428
MED00198,3,form_code,0.00309
MED00199,3,form_code,0.01256
MED00200,3,form_code,0.00172
MED00201,3,form_code,-0.00428
MED00202,3,form_code,-0.00198
MED00203,3,form_code,0.00875
MED00204,3,form_code,-0.00471
MED00205,3,form_code,0.02651
MED00206,3,form_code,-0.04132
MED00207,3,form_code,0.00055
MED00208,3,form_code,0.01457
MED00209,3,form_code,-0.01493
MED00210,3,form_code,-0.01345
MED00211,3,form_code,-0.00815
MED00212,3,form_code,0.01639
MED00213,3,form_code,0.00117
MED00214,3,form_code,-0.01861
MED00215,3,form_code,0.00137
MED00216,3,form_code,-0.04952
MED00217,3,form_code,0.01532
MED00218,3,form_code,0.00582
MED00219,3,form_code,0.01803
MED00220,3,form_code,-0.00744
MED00221,3,form_code,-0.02722
MED00222,3,form_code,0.01255
MED00223,3,form_code,-0.05184
MED00224,3,form_code,-0.00067
MED00225,3,form_code,-0.00135
MED00226,3,form_code,-0.00934
MED00227,3,form_code,0.02054
MED00228,3,form_code,0.01237
MED00229,3,form_code,0.0149
MED00230,3,form_code,0.02029
MED00231,3,form_code,-0.00533
MED00232,3,form_code,-0.00499
MED00233,3,form_code,-0.01569
MED00234,3,form_code,-0.00067
MED00235,3,form_code,0.00644
MED00236,3,form_code,0.00354
MED00237,3,form_code,-0.00296
MED00238,3,form_code,0.00105
MED00239,3,form_code,0.00862
MED00240,3,form_code,-0.02664
MED00241,3,form_code,-0.00032
MED00242,3,form_code,0.00101
MED00243,3,form_code,-0.05135
MED00244,3,form_code,0.00063
MED00245,3,form_code,0.00407
MED00246,3,form_code,-0.00566
MED00247,3,form_code,0.01381
MED00248,3,form_code,-0.01192
MED00249,3,form_code,-0.02891
MED00250,3,form_code,-0.0372
MED00251,3,form_code,-0.00329
MED00252,3,form_code,0.00827
MED00253,3,form_code,-0.00057
MED00254,3,form_code,0.00535
MED00255,3,form_code,-0.02509
MED00256,3,form_code,0.00097
MED00257,3,form_code,0.0107
MED00258,3,form_code,-0.00817
MED00259,3,form_code,-0.00397
MED00260,3,form_code,-0.00099
MED00261,3,form_code,-0.00045
MED00262,3,form_code,0.01329
MED00263,3,form_code,0.00362
MED00264,3,form_code,0.01356
MED00265,3,form_code,0.00394
MED00266,3,form_code,0.02465
MED00267,3,form_code,-0.00617
MED00268,3,form_code,0.00682
MED00269,3,form_code,0.00128
MED00270,3,form_code,0.00063
MED00271,3,form_code,0.01341
MED00272,3,form_code,-0.00156
MED00273,3,form_code,0.00097
MED00274,3,form_code,-0.01963
MED00275,3,form_code,0.04842
MED00276,3,form_code,-0.0029
MED00277,3,form_code,0.02032
MED00278,3,form_code,-0.01088
MED00279,3,form_code,0.00645
MED00280,3,form_code,0.01517
MED00281,3,form_code,0.03323
MED00282,3,form_code,0.02701
MED00283,3,form_code,0.00192
MED00284,3,form_code,0.00735
MED00285,3,form_code,-0.00524
MED00286,3,form_code,-0.01074
MED00287,3,form_code,-0.00195
MED00288,3,form_code,0.00542
MED00289,3,form_code,-0.00077
MED00290,3,form_code,-0.00046
MED00291,3,form_code,0.01296
MED00292,3,form_code,-0.00416
MED00293,3,form_code,0.01132
MED00294,3,form_code,0.00314
MED00295,3,form_code,-0.02234
MED00296,3,form_code,-0.00237
MED00297,3,form_code,-0.00365
MED00298,3,form_code,-0.00152
MED00299,3,form_code,-0.09299
MED00300,3,form_code,-0.00333
MED00301,3,form_code,-0.00246
MED00302,3,form_code,-0.00783
MED00303,3,form_code,0.00779
MED00304,3,form_code,0.00114
MED00305,3,form_code,-0.0035
MED00306,3,form_code,-0.02359
MED00307,3,form_code,0.00682
MED00308,3,form_code,-0.01139
MED00309,3,form_code,0.00696
MED00310,3,form_code,-0.00324
MED00311,3,form_code,-0.00845
MED00312,3,form_code,-0.01886
MED00313,3,form_code,-0.00065
MED00314,3,form_code,-0.03216
MED00315,3,form_code,0.01466
MED00316,3,form_code,0.00438
MED00317,3,form_code,0.00133
MED00318,3,form_code,-0.02379
MED00319,3,form_code,0.02461
MED00320,3,form_code,-0.0037
MED00321,3,form_code,-0.00437
MED00322,3,form_code,-0.03902
MED00323,3,form_code,-0.01252
MED00324,3,form_code,-0.02784
MED00325,3,form_code,0.00751
MED00326,3,form_code,-0.00044
MED00327,3,form_code,-0.00498
MED00328,3,form_code,0.00803
MED00329,3,form_code,0.02535
MED00330,3,form_code,-0.0049
MED00331,3,form_code,0.00069
MED00332,3,form_code,-0.00419
MED00333,3,form_code,0.00905
MED00334,3,form_code,0.01696
MED00335,3,form_code,0.02326
MED00336,3,form_code,-0.01854
MED00337,3,form_code,-0.0255
MED00338,3,form_code,-0.03809
MED00339,3,form_code,-0.03145
MED00340,3,form_code,-0.01025
MED00341,3,form_code,-0.00642
MED00342,3,form_code,0.00097
MED00343,3,form_code,0.0182
MED00344,3,form_code,-0.00295
MED00345,3,form_code,-0.03951
MED00346,3,form_code,0.00283
MED00347,3,form_code,0.03184
MED00348,3,form_code,-0.00349
MED00349,3,form_code,-0.00469
MED00350,3,form_code,-0.00155
MED00351,3,form_code,0.01834
MED00352,3,form_code,0.00106
MED00353,3,form_code,0.00068
MED00354,3,form_code,-0.00151
MED00355,3,form_code,-0.01171
MED00356,3,form_code,-0.00209
MED00357,3,form_code,-0.02462
MED00358,3,form_code,-0.00555
MED00359,3,form_code,0.0048
MED00360,3,form_code,0.00209
MED00361,3,form_code,0.00371
MED00362,3,form_code,0.0016
MED00363,3,form_code,0.00636
MED00364,3,form_code,0.03201
MED00365,3,form_code,0.0058
MED00366,3,form_code,-0.01531
MED00367,3,form_code,-0.00765
MED00368,3,form_code,-0.0049
MED00369,3,form_code,0.00187
MED00370,3,form_code,0.00419
MED00371,3,form_code,0.02272
MED00372,3,form_code,0.01886
MED00373,3,form_code,0.00202
MED00374,3,form_code,0.00029
MED00375,3,form_code,0.01937
MED00376,3,form_code,0.00074
MED00377,3,form_code,-0.01582
MED00378,3,form_code,-0.00551
MED00379,3,form_code,-0.00538
MED00380,3,form_code,0.00557
MED00381,3,form_code,0.0017
MED00382,3,form_code,-0.00638
MED00383,3,form_code,-0.01196
MED00384,3,form_code,-0.0054
MED00385,3,form_code,0.00166
MED00386,3,form_code,0.01719
MED00387,3,form_code,-0.00023
MED00388,3,form_code,0.00451
MED00389,3,form_code,0.00159
MED00390,3,form_code,0.0044
MED00391,3,form_code,0.01215
MED00392,3,form_code,0.0032
MED00393,3,form_code,-0.04248
MED00394,3,form_code,0.03312
MED00395,3,form_code,0.02693
MED00397,3,form_code,0.00399
MED00398,3,form_code,0.00715
MED00399,3,form_code,0.00774
MED00400,3,form_code,0.00901
MED00401,3,form_code,0.01534
MED00402,3,form_code,0.00588
MED00403,3,form_code,0.0166
MED00404,3,form_code,-0.00702
MED00405,3,form_code,-0.01324
MED00406,3,form_code,-0.00556
MED00407,3,form_code,0.00286
MED00408,3,form_code,0.00034
MED00409,3,form_code,-0.04797
MED00410,3,form_code,-0.0157
MED00411,3,form_code,0.00149
MED00412,3,form_code,0.01795
MED00413,3,form_code,0.00887
MED00414,3,form_code,0.02631
MED00415,3,form_code,0.0101
MED00416,3,form_code,-0.01827
MED00417,3,form_code,-0.0054
MED00418,3,form_code,-0.00188
MED00419,3,form_code,-0.01821
MED00420,3,form_code,-0.00504
MED00421,3,form_code,0.01067
MED00422,3,form_code,0.00086
MED00423,3,form_code,0.01123
MED00424,3,form_code,0.00532
MED00001,4,form_code,0.02719
MED00002,4,form_code,-0.03955
MED00003,4,form_code,0.00055
MED00004,4,form_code,-0.00468
MED00005,4,form_code,-0.00647
MED00006,4,form_code,0.01225
MED00007,4,form_code,-0.00651
MED00008,4,form_code,-0.00185
MED00009,4,form_code,-0.00115
MED00010,4,form_code,-0.00194
MED00011,4,form_code,-0.0223
MED00012,4,form_code,-0.00633
MED00013,4,form_code,0.00173
MED00014,4,form_code,0.00373
MED00015,4,form_code,-0.02074
MED00016,4,form_code,-0.00156
MED00017,4,form_code,-0.00048
MED00018,4,form_code,0.0098
MED00019,4,form_code,0.00608
MED00020,4,form_code,-0.0729
MED00021,4,form_code,0.01251
MED00022,4,form_code,0.01663
MED00023,4,form_code,-0.04095
MED00024,4,form_code,0.00967
MED00025,4,form_code,-0.01285
MED00026,4,form_code,-0.01868
MED00027,4,form_code,-0.01267
MED00028,4,form_code,-0.0024
MED00029,4,form_code,0.01597
MED00030,4,form_code,-0.00111
MED00031,4,form_code,-0.01385
MED00032,4,form_code,-0.00505
MED00033,4,form_code,-0.00333
MED00034,4,form_code,0.00792
MED00035,4,form_code,-0.01095
MED00036,4,form_code,-0.00699
MED00037,4,form_code,-0.0045
MED00038,4,form_code,0.01179
MED00039,4,form_code,-0.00181
MED00040,4,form_code,0.00533
MED00041,4,form_code,-0.02122
MED00042,4,form_code,-0.00259
MED00043,4,form_code,-0.01283
MED00044,4,form_code,-0.00235
MED00045,4,form_code,0.00169
MED00046,4,form_code,-0.00083
MED00047,4,form_code,0.00525
MED00048,4,form_code,0.01221
MED00049,4,form_code,-0.02106
MED00050,4,form_code,0.00556
MED00051,4,form_code,0.04064
MED00052,4,form_code,-0.00244
MED00053,4,form_code,-0.00178
MED00054,4,form_code,0.02531
MED00055,4,form_code,-0.00804
MED00056,4,form_code,-0.01132
MED00057,4,form_code,-0.00401
MED00058,4,form_code,0.00256
MED00059,4,form_code,-0.02408
MED00060,4,form_code,-0.00735
MED00061,4,form_code,-0.00884
MED00062,4,form_code,-0.02601
MED00063,4,form_code,-0.02209
MED00064,4,form_code,0.00478
MED00065,4,form_code,0.0044
MED00066,4,form_code,-0.00486
MED00067,4,form_code,-0.00288
MED00068,4,form_code,0.00575
MED00069,4,form_code,-0.00487
MED00070,4,form_code,-0.05023
MED00071,4,form_code,-0.0036
MED00072,4,form_code,0.00345
MED00073,4,form_code,-0.03092
MED00074,4,form_code,0.00467
MED00075,4,form_code,0.00751
MED00076,4,form_code,0.00099
MED00077,4,form_code,0.01202
MED00078,4,form_code,-0.00085
MED00079,4,form_code,0.00472
MED00080,4,form_code,0.02145
MED00081,4,form_code,0.01226
MED00082,4,form_code,-0.00086
MED00083,4,form_code,-0.01301
MED00084,4,form_code,0.00448
MED00085,4,form_code,-0.001
MED00086,4,form_code,-0.00923
MED00087,4,form_code,0.00534
MED00088,4,form_code,0.00572
MED00089,4,form_code,0.00467
MED00090,4,form_code,-0.00515
MED00091,4,form_code,0.00419
MED00092,4,form_code,-0.00392
MED00093,4,form_code,-0.01288
MED00094,4,form_code,-0.0077
MED00095,4,form_code,-0.00229
MED00096,4,form_code,0.02311
MED00097,4,form_code,-0.00391
MED00098,4,form_code,0.01341
MED00099,4,form_code,-0.01653
MED00100,4,form_code,-0.00658
MED00101,4,form_code,-0.00823
MED00102,4,form_code,-0.00506
MED00103,4,form_code,-0.00482
MED00104,4,form_code,-0.00996
MED00105,4,form_code,0.02286
MED00106,4,form_code,-0.01243
MED00107,4,form_code,-0.01161
MED00108,4,form_code,0.00062
MED00109,4,form_code,0.00463
MED00110,4,form_code,0.00592
MED00111,4,form_code,0.01207
MED00112,4,form_code,-0.00088
MED00113,4,form_code,0.00271
MED00114,4,form_code,0.01695
MED00115,4,form_code,0.00593
MED00116,4,form_code,-0.00386
MED00117,4,form_code,0.00087
MED00118,4,form_code,-0.00203
MED00119,4,form_code,-0.00483
MED00120,4,form_code,-0.04559
MED00121,4,form_code,0.00231
MED00122,4,form_code,0.00077
MED00123,4,form_code,-0.01304
MED00124,4,form_code,-0.01192
MED00125,4,form_code,-0.01112
MED00126,4,form_code,-0.00297
MED00127,4,form_code,0.00461
MED00128,4,form_code,-0.00636
MED00129,4,form_code,-0.00181
MED00130,4,form_code,-0.02091
MED00131,4,form_code,-0.0358
MED00132,4,form_code,-0.02247
MED00133,4,form_code,-0.01359
MED00134,4,form_code,0.00374
MED00135,4,form_code,0.02268
MED00136,4,form_code,-0.00126
MED00137,4,form_code,0.00449
MED00138,4,form_code,0.00618
MED00139,4,form_code,-0.0061
MED00140,4,form_code,0.00068
MED00141,4,form_code,-0.02789
MED00142,4,form_code,-0.00442
MED00143,4,form_code,0.01054
MED00144,4,form_code,-0.00469
MED00145,4,form_code,-0.01101
MED00146,4,form_code,-0.01396
MED00147,4,form_code,-0.00354
MED00148,4,form_code,-0.01007
MED00149,4,form_code,-0.00622
MED00150,4,form_code,0.00876
MED00151,4,form_code,0.00562
MED00152,4,form_code,0.00423
MED00153,4,form_code,0.00131
MED00154,4,form_code,0.01998
MED00155,4,form_code,-0.00654
MED00156,4,form_code,0.00345
MED00157,4,form_code,0.00249
MED00158,4,form_code,-0.01722
MED00159,4,form_code,-0.02189
MED00160,4,form_code,-0.00425
MED00161,4,form_code,-0.00406
MED00162,4,form_code,0.00604
MED00163,4,form_code,-0.01054
MED00164,4,form_code,-0.03189
MED00165,4,form_code,0.00298
MED00166,4,form_code,0.00509
MED00167,4,form_code,0.01285
MED00168,4,form_code,-0.00497
MED00169,4,form_code,0.00099
MED00170,4,form_code,0.00242
MED00171,4,form_code,-0.00486
MED00172,4,form_code,0.0042
MED00173,4,form_code,0.00162
MED00174,4,form_code,-0.00058
MED00175,4,form_code,-0.01362
MED00176,4,form_code,-0.03412
MED00177,4,form_code,-0.01528
MED00178,4,form_code,-0.012
MED00179,4,form_code,0.00073
MED00180,4,form_code,-0.00218
MED00181,4,form_code,-0.0025
MED00182,4,form_code,-0.01087
MED00183,4,form_code,-0.03411
MED00184,4,form_code,-0.00143
MED00185,4,form_code,0.00771
MED00186,4,form_code,0.00504
MED00187,4,form_code,0.00702
MED00188,4,form_code,-0.00982
MED00189,4,form_code,0.00424
MED00190,4,form_code,0.00066
MED00191,4,form_code,0.01336
MED00192,4,form_code,0.02021
MED00193,4,form_code,-0.04615
MED00194,4,form_code,-0.02356
MED00195,4,form_code,-0.00501
MED00196,4,form_code,-0.02126
MED00197,4,form_code,-0.02432
MED00198,4,form_code,0.00322
MED00199,4,form_code,0.01058
MED00200,4,form_code,0.00171
MED00201,4,form_code,-0.00462
MED00202,4,form_code,-0.00187
MED00203,4,form_code,0.00747
MED00204,4,form_code,-0.00454
MED00205,4,form_code,0.02455
MED00206,4,form_code,-0.04104
MED00207,4,form_code,0.00033
MED00208,4,form_code,0.01267
MED00209,4,form_code,-0.01522
MED00210,4,form_code,-0.01324
MED00211,4,form_code,-0.00805
MED00212,4,form_code,0.01506
MED00213,4,form_code,-0.00237
MED00214,4,form_code,-0.01847
MED00215,4,form_code,0.0013
MED00216,4,form_code,-0.01927
MED00218,4,form_code,0.00575
MED00219,4,form_code,0.01761
MED00220,4,form_code,-0.00725
MED00221,4,form_code,-0.02784
MED00222,4,form_code,-0.01018
MED00223,4,form_code,-0.04995
MED00224,4,form_code,-0.00056
MED00225,4,form_code,-0.00118
MED00226,4,form_code,-0.00838
MED00227,4,form_code,0.01978
MED00228,4,form_code,0.01226
MED00229,4,form_code,0.0111
MED00230,4,form_code,0.01953
MED00231,4,form_code,-0.00461
MED00232,4,form_code,-0.00327
MED00233,4,form_code,-0.0152
MED00234,4,form_code,-0.00052
MED00235,4,form_code,0.00699
MED00236,4,form_code,0.00238
MED00237,4,form_code,-0.00319
MED00239,4,form_code,0.00836
MED00240,4,form_code,-0.02576
MED00241,4,form_code,0.00138
MED00242,4,form_code,-0.00072
MED00243,4,form_code,-0.03309
MED00244,4,form_code,0.00049
MED00245,4,form_code,0.00469
MED00246,4,form_code,-0.00608
MED00247,4,form_code,0.01195
MED00248,4,form_code,-0.01166
MED00249,4,form_code,-0.02892
MED00250,4,form_code,-0.02991
MED00251,4,form_code,-0.00351
MED00252,4,form_code,-0.0121
MED00253,4,form_code,-0.00335
MED00254,4,form_code,-0.0122
MED00255,4,form_code,-0.02468
MED00256,4,form_code,0.00081
MED00257,4,form_code,0.01349
MED00258,4,form_code,-0.00809
MED00259,4,form_code,-0.00382
MED00260,4,form_code,-0.00658
MED00261,4,form_code,-0.00621
MED00262,4,form_code,0.016
MED00263,4,form_code,0.00333
MED00264,4,form_code,0.00743
MED00265,4,form_code,0.0041
MED00266,4,form_code,0.02385
MED00267,4,form_code,-0.00608
MED00268,4,form_code,0.00688
MED00269,4,form_code,0.0011
MED00270,4,form_code,0.00087
MED00271,4,form_code,0.01175
MED00272,4,form_code,-0.00162
MED00273,4,form_code,0.00258
MED00274,4,form_code,-0.01851
MED00275,4,form_code,0.04277
MED00276,4,form_code,-0.00282
MED00277,4,form_code,0.00413
MED00278,4,form_code,-0.01059
MED00279,4,form_code,0.00677
MED00280,4,form_code,0.00122
MED00281,4,form_code,0.02576
MED00282,4,form_code,0.02559
MED00283,4,form_code,0.00179
MED00284,4,form_code,0.00575
MED00285,4,form_code,-0.00502
MED00286,4,form_code,-0.01004
MED00287,4,form_code,-0.00228
MED00288,4,form_code,0.0055
MED00289,4,form_code,0.00022
MED00290,4,form_code,0.00021
MED00291,4,form_code,0.01206
MED00292,4,form_code,-0.00418
MED00293,4,form_code,0.01126
MED00294,4,form_code,0.00148
MED00295,4,form_code,-0.00945
MED00296,4,form_code,-0.00235
MED00297,4,form_code,-0.00381
MED00298,4,form_code,-0.00138
MED00299,4,form_code,-0.1173
MED00300,4,form_code,-0.00322
MED00301,4,form_code,-0.00225
MED00302,4,form_code,-0.00808
MED00303,4,form_code,0.0078
MED00305,4,form_code,-0.00337
MED00306,4,form_code,-0.02233
MED00307,4,form_code,0.00704
MED00308,4,form_code,-0.00517
MED00309,4,form_code,0.00695
MED00310,4,form_code,-0.00259
MED00311,4,form_code,-0.00819
MED00312,4,form_code,-0.01842
MED00313,4,form_code,-0.00169
MED00314,4,form_code,-0.03228
MED00315,4,form_code,0.01457
MED00316,4,form_code,0.00625
MED00317,4,form_code,0.00118
MED00318,4,form_code,-0.02386
MED00319,4,form_code,0.02278
MED00320,4,form_code,-0.00368
MED00321,4,form_code,-0.00396
MED00322,4,form_code,-0.02132
MED00323,4,form_code,-0.01299
MED00324,4,form_code,-0.02583
MED00325,4,form_code,0.0075
MED00326,4,form_code,-0.00054
MED00327,4,form_code,-0.00479
MED00328,4,form_code,0.00796
MED00329,4,form_code,0.02347
MED00330,4,form_code,-0.00499
MED00331,4,form_code,0.00067
MED00332,4,form_code,-0.00406
MED00333,4,form_code,0.00814
MED00334,4,form_code,0.01616
MED00335,4,form_code,0.02283
MED00336,4,form_code,-0.01847
MED00337,4,form_code,-0.02926
MED00338,4,form_code,-0.03712
MED00339,4,form_code,-0.02872
MED00340,4,form_code,-0.00992
MED00341,4,form_code,-0.0062
MED00342,4,form_code,0.00084
MED00343,4,form_code,0.0185
MED00344,4,form_code,-0.00285
MED00345,4,form_code,-0.02009
MED00347,4,form_code,0.00586
MED00348,4,form_code,-0.00343
MED00349,4,form_code,-0.00461
MED00350,4,form_code,-0.0051
MED00351,4,form_code,0.01454
MED00352,4,form_code,-0.00278
MED00353,4,form_code,-0.00297
MED00354,4,form_code,-0.00517
MED00355,4,form_code,-0.01116
MED00356,4,form_code,-0.00234
MED00357,4,form_code,-0.00223
MED00358,4,form_code,-0.00566
MED00359,4,form_code,0.00479
MED00360,4,form_code,0.0012
MED00361,4,form_code,0.00382
MED00362,4,form_code,0.00177
MED00363,4,form_code,0.00623
MED00364,4,form_code,0.00603
MED00365,4,form_code,0.00577
MED00366,4,form_code,-0.01517
MED00367,4,form_code,-0.00747
MED00368,4,form_code,-0.00477
MED00369,4,form_code,0.00273
MED00370,4,form_code,-0.00967
MED00371,4,form_code,0.0219
MED00372,4,form_code,-0.007
MED00373,4,form_code,-0.02248
MED00374,4,form_code,-0.00014
MED00375,4,form_code,0.01861
MED00376,4,form_code,0.00059
MED00377,4,form_code,-0.01258
MED00378,4,form_code,-0.00541
MED00379,4,form_code,-0.00905
MED00380,4,form_code,0.0018
MED00381,4,form_code,0.00081
MED00382,4,form_code,-0.0063
MED00383,4,form_code,-0.01181
MED00384,4,form_code,-0.00523
MED00385,4,form_code,0.00168
MED00386,4,form_code,0.01534
MED00387,4,form_code,-0.00016
MED00388,4,form_code,0.00428
MED00389,4,form_code,0.00184
MED00390,4,form_code,0.00454
MED00391,4,form_code,0.01234
MED00392,4,form_code,0.00392
MED00393,4,form_code,-0.04103
MED00394,4,form_code,0.02645
MED00395,4,form_code,0.02449
MED00396,4,form_code,0.0002
MED00397,4,form_code,0.00405
MED00398,4,form_code,0.00776
MED00399,4,form_code,0.00835
MED00400,4,form_code,0.00955
MED00401,4,form_code,0.01431
MED00402,4,form_code,0.00665
MED00403,4,form_code,0.01551
MED00404,4,form_code,-0.00714
MED00405,4,form_code,-0.01305
MED00406,4,form_code,-0.00544
MED00407,4,form_code,0.00309
MED00408,4,form_code,0.00101
MED00409,4,form_code,-0.04463
MED00410,4,form_code,-0.01797
MED00411,4,form_code,0.0016
MED00412,4,form_code,0.01793
MED00413,4,form_code,0.00698
MED00414,4,form_code,0.02161
MED00415,4,form_code,0.00825
MED00416,4,form_code,-0.02299
MED00417,4,form_code,-0.00546
MED00418,4,form_code,-0.00196
MED00419,4,form_code,-0.01781
MED00420,4,form_code,-0.00429
MED00421,4,form_code,0.01084
MED00422,4,form_code,0.00062
MED00423,4,form_code,0.00936
MED00424,4,form_code,0.00583
MED00001,5,form_code,0.03058
MED00002,5,form_code,-0.06803
MED00003,5,form_code,0.01709
MED00004,5,form_code,-0.00102
MED00005,5,form_code,-0.00207
MED00006,5,form_code,0.01167
MED00007,5,form_code,0.00018
MED00008,5,form_code,-0.01095
MED00009,5,form_code,0.00021
MED00010,5,form_code,-0.00146
MED00011,5,form_code,-0.02518
MED00012,5,form_code,-0.00882
MED00013,5,form_code,0.00061
MED00014,5,form_code,0.00406
MED00015,5,form_code,0.00433
MED00016,5,form_code,-0.00342
MED00017,5,form_code,0.00209
MED00018,5,form_code,0.00955
MED00019,5,form_code,0.00618
MED00020,5,form_code,-0.07827
MED00021,5,form_code,0.01285
MED00022,5,form_code,0.01279
MED00023,5,form_code,-0.03462
MED00024,5,form_code,0.00111
MED00025,5,form_code,-0.02117
MED00026,5,form_code,-0.0214
MED00027,5,form_code,-0.0208
MED00028,5,form_code,-0.01221
MED00029,5,form_code,0.01362
MED00030,5,form_code,-0.00508
MED00031,5,form_code,-0.01028
MED00032,5,form_code,-0.00387
MED00033,5,form_code,-0.0026
MED00034,5,form_code,0.00799
MED00035,5,form_code,-0.01021
MED00036,5,form_code,-0.01068
MED00037,5,form_code,-0.00423
MED00038,5,form_code,0.00569
MED00039,5,form_code,-0.00917
MED00040,5,form_code,-0.01155
MED00041,5,form_code,-0.0227
MED00042,5,form_code,-0.0017
MED00043,5,form_code,0.01102
MED00044,5,form_code,-0.00077
MED00045,5,form_code,0.00159
MED00046,5,form_code,-0.00958
MED00047,5,form_code,0.00486
MED00048,5,form_code,0.0114
MED00049,5,form_code,-0.03734
MED00050,5,form_code,0.0043
MED00051,5,form_code,0.06456
MED00052,5,form_code,0.00707
MED00053,5,form_code,-0.00403
MED00054,5,form_code,0.01221
MED00055,5,form_code,-0.01025
MED00056,5,form_code,-0.00132
MED00057,5,form_code,0.00505
MED00058,5,form_code,0.00274
MED00059,5,form_code,-0.00939
MED00060,5,form_code,-0.00992
MED00061,5,form_code,0.00216
MED00062,5,form_code,-0.0274
MED00063,5,form_code,-0.03893
MED00064,5,form_code,0.00485
MED00065,5,form_code,0.00466
MED00066,5,form_code,0.00472
MED00067,5,form_code,-0.00124
MED00068,5,form_code,-0.00173
MED00069,5,form_code,-0.00217
MED00070,5,form_code,-0.02353
MED00071,5,form_code,-0.00128
MED00072,5,form_code,0.00174
MED00073,5,form_code,-0.00446
MED00074,5,form_code,-0.00184
MED00075,5,form_code,0.00118
MED00076,5,form_code,0.01345
MED00077,5,form_code,0.00718
MED00078,5,form_code,-0.00227
MED00079,5,form_code,0.00474
MED00080,5,form_code,0.01926
MED00081,5,form_code,0.02668
MED00082,5,form_code,0.00168
MED00083,5,form_code,-0.01852
MED00084,5,form_code,0.00463
MED00085,5,form_code,-0.00447
MED00086,5,form_code,-0.02326
MED00087,5,form_code,0.00381
MED00088,5,form_code,0.00518
MED00089,5,form_code,0.0058
MED00090,5,form_code,-0.00755
MED00091,5,form_code,0.00234
MED00092,5,form_code,-0.00241
MED00093,5,form_code,-0.01224
MED00094,5,form_code,-0.00799
MED00095,5,form_code,-0.00418
MED00096,5,form_code,0.02332
MED00097,5,form_code,-0.0217
MED00098,5,form_code,0.01237
MED00099,5,form_code,-0.02174
MED00100,5,form_code,0.02128
MED00101,5,form_code,-0.0058
MED00102,5,form_code,-0.00452
MED00103,5,form_code,-0.00602
MED00104,5,form_code,-0.01229
MED00105,5,form_code,0.02117
MED00106,5,form_code,-0.03523
MED00107,5,form_code,-0.01369
MED00108,5,form_code,0.00022
MED00109,5,form_code,0.00849
MED00110,5,form_code,0.00512
MED00111,5,form_code,-0.00693
MED00112,5,form_code,0.00018
MED00113,5,form_code,-0.00027
MED00114,5,form_code,0.01703
MED00115,5,form_code,0.00325
MED00116,5,form_code,-0.00391
MED00117,5,form_code,0.0017
MED00118,5,form_code,0.0008
MED00119,5,form_code,-0.00728
MED00120,5,form_code,-0.04419
MED00121,5,form_code,0.00098
MED00122,5,form_code,0.00135
MED00123,5,form_code,-0.01375
MED00124,5,form_code,-0.01437
MED00125,5,form_code,0.01508
MED00126,5,form_code,0.00092
MED00127,5,form_code,0.00758
MED00128,5,form_code,-0.01045
MED00129,5,form_code,-0.00142
MED00130,5,form_code,-0.03674
MED00131,5,form_code,-0.01191
MED00132,5,form_code,-0.02411
MED00133,5,form_code,-0.01521
MED00134,5,form_code,0.00576
MED00135,5,form_code,0.02384
MED00136,5,form_code,-0.01303
MED00137,5,form_code,0.00356
MED00138,5,form_code,0.00449
MED00139,5,form_code,-0.00458
MED00140,5,form_code,0.00236
MED00141,5,form_code,-0.00623
MED00142,5,form_code,0.00529
MED00143,5,form_code,0.00897
MED00144,5,form_code,-0.00316
MED00145,5,form_code,0.00038
MED00146,5,form_code,-0.01323
MED00147,5,form_code,-0.00499
MED00148,5,form_code,-0.00961
MED00149,5,form_code,-0.00444
MED00151,5,form_code,0.00335
MED00152,5,form_code,0.00175
MED00153,5,form_code,0.00469
MED00154,5,form_code,0.02084
MED00155,5,form_code,-0.00962
MED00156,5,form_code,0.00314
MED00157,5,form_code,0.00244
MED00158,5,form_code,-0.01851
MED00159,5,form_code,-0.01865
MED00160,5,form_code,-0.00252
MED00161,5,form_code,-0.00306
MED00162,5,form_code,0.00365
MED00163,5,form_code,-0.02326
MED00164,5,form_code,-0.00831
MED00165,5,form_code,0.00407
MED00166,5,form_code,0.00273
MED00167,5,form_code,0.00931
MED00168,5,form_code,-0.00945
MED00169,5,form_code,0.00421
MED00170,5,form_code,0.00113
MED00171,5,form_code,-0.00895
MED00172,5,form_code,-0.00062
MED00173,5,form_code,0.00371
MED00174,5,form_code,-0.00039
MED00175,5,form_code,-0.01329
MED00176,5,form_code,-0.03718
MED00177,5,form_code,-0.01897
MED00178,5,form_code,-0.01074
MED00179,5,form_code,0.00406
MED00180,5,form_code,-0.00489
MED00181,5,form_code,-0.00078
MED00182,5,form_code,-0.01875
MED00183,5,form_code,-0.03697
MED00184,5,form_code,-0.00331
MED00185,5,form_code,-0.00708
MED00186,5,form_code,0.00264
MED00187,5,form_code,0.00643
MED00188,5,form_code,-0.00785
MED00189,5,form_code,0.01997
MED00190,5,form_code,0.00316
MED00191,5,form_code,0.01435
MED00192,5,form_code,0.03578
MED00193,5,form_code,-0.07309
MED00194,5,form_code,-0.02502
MED00195,5,form_code,-0.00448
MED00196,5,form_code,-0.02385
MED00197,5,form_code,-0.02616
MED00198,5,form_code,0.00065
MED00199,5,form_code,0.00245
MED00200,5,form_code,0.00352
MED00201,5,form_code,-0.00349
MED00202,5,form_code,-0.00266
MED00203,5,form_code,0.00175
MED00204,5,form_code,-0.00747
MED00205,5,form_code,0.02292
MED00206,5,form_code,-0.04589
MED00207,5,form_code,0.00267
MED00208,5,form_code,0.01269
MED00209,5,form_code,-0.01395
MED00210,5,form_code,-0.01283
MED00211,5,form_code,-0.01205
MED00212,5,form_code,0.02489
MED00213,5,form_code,0.00081
MED00214,5,form_code,-0.01974
MED00215,5,form_code,0.00448
MED00216,5,form_code,-0.04259
MED00217,5,form_code,0.01419
MED00218,5,form_code,0.00587
MED00219,5,form_code,0.01797
MED00220,5,form_code,-0.0102
MED00221,5,form_code,-0.0046
MED00222,5,form_code,0.00603
MED00223,5,form_code,-0.05009
MED00224,5,form_code,-0.0013
MED00225,5,form_code,-0.00392
MED00226,5,form_code,-0.0135
MED00227,5,form_code,0.02053
MED00228,5,form_code,0.00879
MED00229,5,form_code,0.01507
MED00230,5,form_code,0.0202
MED00231,5,form_code,-0.00716
MED00232,5,form_code,-0.0019
MED00233,5,form_code,-0.01712
MED00234,5,form_code,-0.00347
MED00235,5,form_code,0.00671
MED00236,5,form_code,0.00609
MED00237,5,form_code,-0.00506
MED00238,5,form_code,0.00313
MED00239,5,form_code,0.00669
MED00240,5,form_code,-0.00383
MED00241,5,form_code,0.00253
MED00242,5,form_code,-0.00052
MED00243,5,form_code,-0.0587
MED00244,5,form_code,0.00377
MED00245,5,form_code,0.00428
MED00246,5,form_code,-0.00776
MED00247,5,form_code,0.01246
MED00248,5,form_code,-0.01536
MED00249,5,form_code,-0.0317
MED00250,5,form_code,-0.03187
MED00251,5,form_code,-0.00205
MED00252,5,form_code,0.00186
MED00253,5,form_code,-0.00428
MED00254,5,form_code,-0.00106
MED00255,5,form_code,-0.00481
MED00256,5,form_code,0.00427
MED00257,5,form_code,0.01556
MED00258,5,form_code,-0.00934
MED00259,5,form_code,-0.00831
MED00260,5,form_code,-0.0033
MED00261,5,form_code,-0.00123
MED00262,5,form_code,0.01436
MED00263,5,form_code,0.00044
MED00264,5,form_code,0.00818
MED00265,5,form_code,0.00458
MED00266,5,form_code,0.02494
MED00267,5,form_code,-0.00591
MED00268,5,form_code,0.00931
MED00269,5,form_code,0.00482
MED00270,5,form_code,-0.00213
MED00271,5,form_code,0.00222
MED00272,5,form_code,-0.0002
MED00273,5,form_code,0.00178
MED00274,5,form_code,-0.02188
MED00275,5,form_code,0.04596
MED00276,5,form_code,-0.00735
MED00277,5,form_code,0.01987
MED00278,5,form_code,-0.01208
MED00279,5,form_code,0.00679
MED00280,5,form_code,0.01415
MED00281,5,form_code,0.02781
MED00282,5,form_code,0.02588
MED00283,5,form_code,0.00397
MED00284,5,form_code,-0.00229
MED00285,5,form_code,-0.00684
MED00286,5,form_code,-0.00126
MED00287,5,form_code,-0.00487
MED00288,5,form_code,0.0055
MED00289,5,form_code,-0.01457
MED00290,5,form_code,-0.00236
MED00291,5,form_code,0.01265
MED00292,5,form_code,-0.00676
MED00293,5,form_code,0.01499
MED00294,5,form_code,0.0012
MED00295,5,form_code,-0.02203
MED00296,5,form_code,-0.00523
MED00297,5,form_code,-0.00286
MED00298,5,form_code,-0.00484
MED00299,5,form_code,-0.08916
MED00300,5,form_code,-0.00562
MED00301,5,form_code,-0.00225
MED00302,5,form_code,-0.00168
MED00303,5,form_code,0.0035
MED00304,5,form_code,-0.00237
MED00305,5,form_code,-0.0075
MED00306,5,form_code,-0.02163
MED00307,5,form_code,0.00715
MED00308,5,form_code,-0.01131
MED00309,5,form_code,-0.00039
MED00310,5,form_code,-0.00072
MED00311,5,form_code,-0.01448
MED00312,5,form_code,-0.02021
MED00313,5,form_code,-0.00145
MED00314,5,form_code,-0.026
MED00315,5,form_code,0.01432
MED00316,5,form_code,0.00762
MED00317,5,form_code,0.00341
MED00319,5,form_code,0.02104
MED00320,5,form_code,-0.00244
MED00321,5,form_code,-0.00464
MED00322,5,form_code,-0.03655
MED00323,5,form_code,-0.01325
MED00325,5,form_code,0.00652
MED00326,5,form_code,-0.00217
MED00327,5,form_code,-0.00311
MED00328,5,form_code,0.0061
MED00329,5,form_code,0.02187
MED00330,5,form_code,-0.00327
MED00331,5,form_code,-0.00083
MED00332,5,form_code,-0.00228
MED00333,5,form_code,-0.00055
MED00334,5,form_code,0.01682
MED00335,5,form_code,0.02787
MED00336,5,form_code,-0.01976
MED00337,5,form_code,-0.02822
MED00338,5,form_code,-0.03431
MED00339,5,form_code,-0.00601
MED00340,5,form_code,-0.01175
MED00341,5,form_code,-0.00787
MED00342,5,form_code,0.00378
MED00343,5,form_code,0.01759
MED00344,5,form_code,-0.00221
MED00345,5,form_code,-0.03764
MED00346,5,form_code,-0.00253
MED00347,5,form_code,0.02052
MED00348,5,form_code,-0.0062
MED00349,5,form_code,-0.00907
MED00350,5,form_code,-0.00218
MED00351,5,form_code,0.01728
MED00352,5,form_code,-0.00032
MED00353,5,form_code,0.00098
MED00354,5,form_code,-0.00177
MED00355,5,form_code,-0.0129
MED00356,5,form_code,0.00119
MED00357,5,form_code,-0.02472
MED00358,5,form_code,-0.00295
MED00359,5,form_code,0.00235
MED00360,5,form_code,0.01492
MED00361,5,form_code,0.00358
MED00362,5,form_code,-0.00648
MED00363,5,form_code,0.00449
MED00364,5,form_code,0.02191
MED00365,5,form_code,0.0038
MED00366,5,form_code,-0.0179
MED00367,5,form_code,-0.01133
MED00368,5,form_code,-0.00318
MED00369,5,form_code,0.00275
MED00370,5,form_code,0.00452
MED00371,5,form_code,0.02237
MED00372,5,form_code,0.019
MED00373,5,form_code,0.00178
MED00375,5,form_code,0.01929
MED00376,5,form_code,0.0039
MED00377,5,form_code,-0.00945
MED00378,5,form_code,-0.00969
MED00379,5,form_code,-0.00549
MED00380,5,form_code,0.00545
MED00381,5,form_code,0.00137
MED00382,5,form_code,-0.00797
MED00383,5,form_code,-0.01368
MED00384,5,form_code,-0.00904
MED00385,5,form_code,0.00201
MED00386,5,form_code,0.01679
MED00387,5,form_code,0.0003
MED00388,5,form_code,0.00485
MED00389,5,form_code,-0.00055
MED00390,5,form_code,0.00226
MED00391,5,form_code,0.01201
MED00392,5,form_code,0.00424
MED00393,5,form_code,-0.04123
MED00394,5,form_code,0.02743
MED00395,5,form_code,0.02718
MED00396,5,form_code,0.00026
MED00397,5,form_code,0.00417
MED00398,5,form_code,0.00746
MED00399,5,form_code,0.00799
MED00400,5,form_code,0.00911
MED00401,5,form_code,0.0102
MED00402,5,form_code,0.00333
MED00403,5,form_code,0.01677
MED00404,5,form_code,-0.00483
MED00405,5,form_code,-0.01291
MED00406,5,form_code,-0.00698
MED00407,5,form_code,0.00165
MED00408,5,form_code,-0.00285
MED00409,5,form_code,-0.01968
MED00410,5,form_code,-0.00703
MED00411,5,form_code,0.002
MED00412,5,form_code,0.01709
MED00413,5,form_code,0.00821
MED00414,5,form_code,0.02561
MED00415,5,form_code,0.00914
MED00416,5,form_code,-0.02275
MED00417,5,form_code,-0.0034
MED00418,5,form_code,-0.00085
MED00419,5,form_code,-0.02114
MED00420,5,form_code,-0.00974
MED00421,5,form_code,0.00683
MED00422,5,form_code,0.00223
MED00423,5,form_code,0.0109
MED00424,5,form_code,0.00531
MED00001,6,form_code,0.03727
MED00002,6,form_code,-0.06816
MED00003,6,form_code,0.01747
MED00004,6,form_code,-0.00103
MED00005,6,form_code,-0.00246
MED00006,6,form_code,0.01116
MED00007,6,form_code,-0.00176
MED00008,6,form_code,-0.01096
MED00009,6,form_code,-0.00013
MED00010,6,form_code,-0.00192
MED00011,6,form_code,-0.02447
MED00012,6,form_code,-0.00879
MED00013,6,form_code,0.00065
MED00014,6,form_code,0.00394
MED00015,6,form_code,0.00472
MED00016,6,form_code,-0.00332
MED00017,6,form_code,0.00302
MED00018,6,form_code,0.00872
MED00019,6,form_code,0.00596
MED00020,6,form_code,-0.08006
MED00021,6,form_code,0.01319
MED00022,6,form_code,0.01316
MED00023,6,form_code,-0.03321
MED00024,6,form_code,-0.00047
MED00025,6,form_code,-0.0271
MED00026,6,form_code,-0.01953
MED00027,6,form_code,-0.02288
MED00028,6,form_code,-0.01216
MED00029,6,form_code,0.01526
MED00030,6,form_code,-0.0053
MED00031,6,form_code,-0.00942
MED00032,6,form_code,-0.00366
MED00033,6,form_code,-0.0027
MED00034,6,form_code,0.00781
MED00035,6,form_code,-0.01039
MED00036,6,form_code,-0.00987
MED00037,6,form_code,-0.00464
MED00038,6,form_code,0.0074
MED00039,6,form_code,-0.00913
MED00040,6,form_code,-0.0116
MED00041,6,form_code,-0.02213
MED00042,6,form_code,-0.00361
MED00043,6,form_code,0.01128
MED00044,6,form_code,-0.00041
MED00045,6,form_code,0.00157
MED00046,6,form_code,-0.00938
MED00047,6,form_code,0.00516
MED00048,6,form_code,0.01356
MED00049,6,form_code,-0.03698
MED00050,6,form_code,0.00461
MED00051,6,form_code,0.06862
MED00052,6,form_code,0.00748
MED00053,6,form_code,-0.00414
MED00054,6,form_code,0.01267
MED00055,6,form_code,-0.01038
MED00056,6,form_code,-0.00121
MED00057,6,form_code,0.00516
MED00058,6,form_code,0.00275
MED00059,6,form_code,-0.00925
MED00060,6,form_code,-0.00971
MED00061,6,form_code,0.00244
MED00062,6,form_code,-0.03265
MED00063,6,form_code,-0.05127
MED00064,6,form_code,0.00468
MED00065,6,form_code,0.00445
MED00066,6,form_code,0.00511
MED00067,6,form_code,-0.00138
MED00068,6,form_code,-0.00201
MED00069,6,form_code,-0.0018
MED00070,6,form_code,-0.02892
MED00071,6,form_code,-0.00093
MED00072,6,form_code,0.00212
MED00073,6,form_code,-0.00408
MED00074,6,form_code,-0.00213
MED00075,6,form_code,0.00083
MED00076,6,form_code,0.01387
MED00077,6,form_code,0.00787
MED00078,6,form_code,-0.00269
MED00079,6,form_code,0.00461
MED00080,6,form_code,0.01925
MED00081,6,form_code,0.03185
MED00082,6,form_code,0.00016
MED00083,6,form_code,-0.01821
MED00084,6,form_code,0.00427
MED00085,6,form_code,-0.00428
MED00086,6,form_code,-0.02325
MED00087,6,form_code,0.00418
MED00088,6,form_code,0.00492
MED00089,6,form_code,0.0057
MED00090,6,form_code,-0.00717
MED00091,6,form_code,0.0022
MED00092,6,form_code,-0.0024
MED00093,6,form_code,-0.01175
MED00094,6,form_code,-0.00814
MED00095,6,form_code,-0.00371
MED00096,6,form_code,0.02406
MED00097,6,form_code,-0.02169
MED00098,6,form_code,0.01279
MED00099,6,form_code,-0.02372
MED00100,6,form_code,0.03224
MED00101,6,form_code,-0.00594
MED00102,6,form_code,-0.00491
MED00103,6,form_code,-0.00307
MED00104,6,form_code,-0.01224
MED00105,6,form_code,0.02331
MED00106,6,form_code,-0.04759
MED00107,6,form_code,-0.01358
MED00108,6,form_code,0.00067
MED00109,6,form_code,0.01088
MED00110,6,form_code,0.00521
MED00111,6,form_code,-0.00631
MED00112,6,form_code,-0.00015
MED00114,6,form_code,0.01781
MED00115,6,form_code,0.00368
MED00116,6,form_code,-0.004
MED00117,6,form_code,0.00154
MED00118,6,form_code,0.00084
MED00119,6,form_code,-0.0071
MED00120,6,form_code,-0.04315
MED00121,6,form_code,0.0009
MED00122,6,form_code,0.00137
MED00123,6,form_code,-0.01304
MED00124,6,form_code,-0.01432
MED00125,6,form_code,0.01546
MED00126,6,form_code,0.00091
MED00127,6,form_code,0.00756
MED00128,6,form_code,-0.00998
MED00129,6,form_code,-0.00151
MED00130,6,form_code,-0.03626
MED00131,6,form_code,-0.01233
MED00132,6,form_code,-0.02356
MED00133,6,form_code,-0.01474
MED00134,6,form_code,0.00585
MED00135,6,form_code,0.0246
MED00136,6,form_code,-0.01236
MED00137,6,form_code,0.00347
MED00138,6,form_code,0.00491
MED00139,6,form_code,-0.00649
MED00140,6,form_code,0.00237
MED00141,6,form_code,-0.00616
MED00142,6,form_code,0.01196
MED00143,6,form_code,0.00831
MED00144,6,form_code,-0.0033
MED00145,6,form_code,0.00066
MED00146,6,form_code,-0.01298
MED00147,6,form_code,-0.00477
MED00148,6,form_code,-0.00947
MED00149,6,form_code,-0.00444
MED00151,6,form_code,0.00378
MED00152,6,form_code,0.00219
MED00153,6,form_code,0.00462
MED00154,6,form_code,0.02153
MED00155,6,form_code,-0.00951
MED00156,6,form_code,0.00306
MED00157,6,form_code,0.00276
MED00158,6,form_code,-0.02059
MED00159,6,form_code,-0.01757
MED00160,6,form_code,-0.00265
MED00161,6,form_code,-0.00327
MED00162,6,form_code,0.00392
MED00163,6,form_code,-0.02244
MED00164,6,form_code,-0.00898
MED00165,6,form_code,-0.00368
MED00166,6,form_code,0.00302
MED00167,6,form_code,0.00949
MED00168,6,form_code,-0.00934
MED00169,6,form_code,0.00422
MED00170,6,form_code,0.00156
MED00171,6,form_code,-0.00876
MED00173,6,form_code,0.00383
MED00174,6,form_code,-0.00057
MED00175,6,form_code,-0.01355
MED00176,6,form_code,-0.03652
MED00177,6,form_code,-0.02115
MED00178,6,form_code,-0.01012
MED00179,6,form_code,0.00425
MED00180,6,form_code,-0.00476
MED00181,6,form_code,-0.00118
MED00182,6,form_code,-0.01993
MED00183,6,form_code,-0.03684
MED00184,6,form_code,-0.00359
MED00185,6,form_code,-0.00625
MED00186,6,form_code,0.00296
MED00187,6,form_code,0.00638
MED00188,6,form_code,-0.00822
MED00189,6,form_code,0.02037
MED00190,6,form_code,0.00303
MED00191,6,form_code,0.01501
MED00192,6,form_code,0.03612
MED00193,6,form_code,-0.07273
MED00194,6,form_code,-0.02498
MED00195,6,form_code,-0.00463
MED00196,6,form_code,-0.02401
MED00197,6,form_code,-0.02603
MED00198,6,form_code,0.00081
MED00199,6,form_code,0.00252
MED00200,6,form_code,0.00352
MED00201,6,form_code,-0.00293
MED00202,6,form_code,-0.00245
MED00203,6,form_code,0.00204
MED00204,6,form_code,-0.00734
MED00205,6,form_code,0.02499
MED00206,6,form_code,-0.04498
MED00207,6,form_code,0.00289
MED00208,6,form_code,0.01455
MED00209,6,form_code,-0.01335
MED00210,6,form_code,-0.01299
MED00211,6,form_code,-0.01184
MED00212,6,form_code,0.02697
MED00213,6,form_code,0.00067
MED00214,6,form_code,-0.01966
MED00215,6,form_code,0.00443
MED00216,6,form_code,-0.04857
MED00217,6,form_code,0.01458
MED00218,6,form_code,0.00623
MED00219,6,form_code,0.01834
MED00220,6,form_code,-0.01011
MED00221,6,form_code,-0.00164
MED00222,6,form_code,0.01307
MED00223,6,form_code,-0.05071
MED00224,6,form_code,-0.00117
MED00225,6,form_code,-0.00386
MED00226,6,form_code,-0.01333
MED00227,6,form_code,0.02123
MED00228,6,form_code,0.00892
MED00229,6,form_code,0.0152
MED00230,6,form_code,0.02097
MED00231,6,form_code,-0.00763
MED00232,6,form_code,-0.00405
MED00233,6,form_code,-0.01666
MED00234,6,form_code,-0.00338
MED00235,6,form_code,0.00583
MED00236,6,form_code,0.00682
MED00237,6,form_code,-0.00474
MED00238,6,form_code,0.00313
MED00239,6,form_code,0.00637
MED00240,6,form_code,-0.00376
MED00241,6,form_code,0.00058
MED00242,6,form_code,0.00116
MED00243,6,form_code,-0.05958
MED00244,6,form_code,0.00371
MED00245,6,form_code,0.0033
MED00246,6,form_code,-0.0077
MED00247,6,form_code,0.0142
MED00248,6,form_code,-0.01461
MED00249,6,form_code,-0.03107
MED00250,6,form_code,-0.04145
MED00251,6,form_code,-0.00202
MED00252,6,form_code,0.00852
MED00253,6,form_code,-0.00131
MED00254,6,form_code,0.0056
MED00255,6,form_code,-0.00474
MED00256,6,form_code,0.00428
MED00257,6,form_code,0.01592
MED00258,6,form_code,-0.01008
MED00259,6,form_code,-0.0082
MED00260,6,form_code,-0.00313
MED00261,6,form_code,-0.00124
MED00262,6,form_code,0.01434
MED00263,6,form_code,0.00092
MED00264,6,form_code,0.01057
MED00265,6,form_code,0.00491
MED00266,6,form_code,0.02571
MED00267,6,form_code,-0.00589
MED00268,6,form_code,0.00964
MED00269,6,form_code,0.0048
MED00270,6,form_code,-0.00197
MED00271,6,form_code,0.00386
MED00272,6,form_code,-0.00032
MED00273,6,form_code,-0.00035
MED00274,6,form_code,-0.02222
MED00275,6,form_code,0.0527
MED00276,6,form_code,-0.00717
MED00277,6,form_code,0.02025
MED00278,6,form_code,-0.01203
MED00279,6,form_code,0.00642
MED00280,6,form_code,0.01445
MED00281,6,form_code,0.03542
MED00282,6,form_code,0.02752
MED00283,6,form_code,0.00395
MED00284,6,form_code,-0.00215
MED00285,6,form_code,-0.00679
MED00286,6,form_code,-0.00112
MED00287,6,form_code,-0.00413
MED00288,6,form_code,0.00534
MED00289,6,form_code,-0.01684
MED00290,6,form_code,-0.00317
MED00291,6,form_code,0.01338
MED00292,6,form_code,-0.00649
MED00293,6,form_code,0.01594
MED00294,6,form_code,0.00147
MED00295,6,form_code,-0.02007
MED00296,6,form_code,-0.00511
MED00297,6,form_code,-0.00294
MED00298,6,form_code,-0.00464
MED00299,6,form_code,-0.0891
MED00300,6,form_code,-0.00541
MED00301,6,form_code,-0.00218
MED00302,6,form_code,-0.00064
MED00303,6,form_code,0.00336
MED00304,6,form_code,-0.00245
MED00305,6,form_code,-0.00737
MED00306,6,form_code,-0.0219
MED00307,6,form_code,0.00683
MED00308,6,form_code,-0.01063
MED00309,6,form_code,-0.0023
MED00310,6,form_code,-0.00096
MED00311,6,form_code,-0.01362
MED00312,6,form_code,-0.01963
MED00313,6,form_code,-0.0014
MED00314,6,form_code,-0.02579
MED00315,6,form_code,0.01468
MED00316,6,form_code,0.00612
MED00317,6,form_code,0.00335
MED00318,6,form_code,-0.00143
MED00319,6,form_code,0.02323
MED00320,6,form_code,-0.00254
MED00321,6,form_code,-0.00462
MED00322,6,form_code,-0.03619
MED00323,6,form_code,-0.01256
MED00324,6,form_code,-0.00036
MED00325,6,form_code,0.00687
MED00326,6,form_code,-0.00228
MED00327,6,form_code,-0.00347
MED00328,6,form_code,0.00643
MED00329,6,form_code,0.02406
MED00330,6,form_code,-0.00331
MED00331,6,form_code,-0.0004
MED00332,6,form_code,-0.00265
MED00334,6,form_code,0.01759
MED00335,6,form_code,0.02815
MED00336,6,form_code,-0.01969
MED00337,6,form_code,-0.02272
MED00338,6,form_code,-0.03327
MED00339,6,form_code,-0.00641
MED00340,6,form_code,-0.01203
MED00341,6,form_code,-0.00793
MED00342,6,form_code,0.00371
MED00343,6,form_code,0.01792
MED00344,6,form_code,-0.00234
MED00345,6,form_code,-0.03729
MED00346,6,form_code,0.00043
MED00347,6,form_code,0.03149
MED00348,6,form_code,-0.00559
MED00349,6,form_code,-0.00885
MED00350,6,form_code,-0.0022
MED00351,6,form_code,0.01741
MED00352,6,form_code,-0.00023
MED00353,6,form_code,0.00093
MED00354,6,form_code,-0.00176
MED00355,6,form_code,-0.01371
MED00356,6,form_code,0.00119
MED00357,6,form_code,-0.02464
MED00358,6,form_code,-0.00298
MED00359,6,form_code,0.0027
MED00360,6,form_code,0.01527
MED00361,6,form_code,0.00389
MED00362,6,form_code,-0.00628
MED00363,6,form_code,0.0053
MED00364,6,form_code,0.03288
MED00365,6,form_code,0.00422
MED00366,6,form_code,-0.01782
MED00367,6,form_code,-0.01085
MED00368,6,form_code,-0.00358
MED00369,6,form_code,0.00441
MED00370,6,form_code,0.00455
MED00371,6,form_code,0.02309
MED00372,6,form_code,0.01927
MED00373,6,form_code,0.00192
MED00374,6,form_code,0.00068
MED00375,6,form_code,0.01992
MED00376,6,form_code,0.00386
MED00377,6,form_code,-0.011
MED00378,6,form_code,-0.00955
MED00379,6,form_code,-0.00545
MED00380,6,form_code,0.00554
MED00381,6,form_code,0.00154
MED00382,6,form_code,-0.00888
MED00383,6,form_code,-0.01368
MED00384,6,form_code,-0.00887
MED00385,6,form_code,0.00193
MED00386,6,form_code,0.01858
MED00388,6,form_code,0.00444
MED00389,6,form_code,-0.00067
MED00390,6,form_code,0.00275
MED00391,6,form_code,0.0128
MED00392,6,form_code,0.00402
MED00393,6,form_code,-0.04593
MED00394,6,form_code,0.03435
MED00395,6,form_code,0.02982
MED00397,6,form_code,0.0039
MED00398,6,form_code,0.00656
MED00399,6,form_code,0.00708
MED00400,6,form_code,0.0088
MED00401,6,form_code,0.01112
MED00402,6,form_code,0.0031
MED00403,6,form_code,0.01755
MED00404,6,form_code,-0.00499
MED00405,6,form_code,-0.01238
MED00406,6,form_code,-0.00657
MED00407,6,form_code,0.00148
MED00408,6,form_code,-0.00296
MED00409,6,form_code,-0.02301
MED00410,6,form_code,-0.00636
MED00411,6,form_code,0.00198
MED00412,6,form_code,0.01744
MED00413,6,form_code,0.01018
MED00414,6,form_code,0.03095
MED00415,6,form_code,0.01094
MED00416,6,form_code,-0.02205
MED00417,6,form_code,-0.00359
MED00418,6,form_code,-0.00102
MED00419,6,form_code,-0.02019
MED00420,6,form_code,-0.01031
MED00421,6,form_code,0.00745
MED00422,6,form_code,0.00285
MED00423,6,form_code,0.01259
MED00424,6,form_code,0.00508
MED00001,7,form_code,0.03651
MED00002,7,form_code,-0.07069
MED00003,7,form_code,0.0175
MED00004,7,form_code,-0.00099
MED00005,7,form_code,-0.00242
MED00006,7,form_code,0.01087
MED00007,7,form_code,-0.00063
MED00008,7,form_code,-0.01098
MED00010,7,form_code,-0.00181
MED00011,7,form_code,-0.02823
MED00012,7,form_code,-0.00915
MED00013,7,form_code,0.00037
MED00014,7,form_code,0.00394
MED00015,7,form_code,0.00467
MED00016,7,form_code,-0.00363
MED00017,7,form_code,0.00307
MED00018,7,form_code,0.00947
MED00019,7,form_code,0.006
MED00020,7,form_code,-0.0812
MED00021,7,form_code,0.0129
MED00022,7,form_code,0.0121
MED00023,7,form_code,-0.03348
MED00024,7,form_code,-0.00042
MED00025,7,form_code,-0.02656
MED00026,7,form_code,-0.01971
MED00027,7,form_code,-0.02233
MED00028,7,form_code,-0.0126
MED00029,7,form_code,0.01557
MED00030,7,form_code,-0.00521
MED00031,7,form_code,-0.01051
MED00032,7,form_code,-0.00396
MED00033,7,form_code,-0.00264
MED00034,7,form_code,0.00787
MED00035,7,form_code,-0.01055
MED00036,7,form_code,-0.00829
MED00037,7,form_code,-0.00458
MED00038,7,form_code,0.0074
MED00039,7,form_code,-0.00955
MED00040,7,form_code,-0.01189
MED00041,7,form_code,-0.02326
MED00042,7,form_code,-0.00355
MED00043,7,form_code,0.01137
MED00044,7,form_code,-0.0007
MED00045,7,form_code,0.00162
MED00046,7,form_code,-0.00976
MED00047,7,form_code,0.00513
MED00048,7,form_code,0.01356
MED00049,7,form_code,-0.03725
MED00050,7,form_code,0.00422
MED00051,7,form_code,0.06961
MED00052,7,form_code,0.00756
MED00053,7,form_code,-0.00405
MED00054,7,form_code,0.01151
MED00055,7,form_code,-0.01054
MED00056,7,form_code,-0.00114
MED00057,7,form_code,0.00522
MED00058,7,form_code,0.00282
MED00059,7,form_code,-0.0097
MED00060,7,form_code,-0.01005
MED00061,7,form_code,0.00249
MED00062,7,form_code,-0.03303
MED00063,7,form_code,-0.05153
MED00064,7,form_code,0.00468
MED00065,7,form_code,0.00444
MED00066,7,form_code,0.00515
MED00067,7,form_code,-0.00134
MED00068,7,form_code,-0.00196
MED00069,7,form_code,-0.00316
MED00070,7,form_code,-0.02927
MED00071,7,form_code,-0.00122
MED00072,7,form_code,0.00183
MED00073,7,form_code,-0.00437
MED00074,7,form_code,-0.00204
MED00075,7,form_code,0.00088
MED00076,7,form_code,0.0139
MED00077,7,form_code,0.00687
MED00078,7,form_code,-0.00354
MED00079,7,form_code,0.00466
MED00080,7,form_code,0.01896
MED00081,7,form_code,0.03276
MED00082,7,form_code,-0.00014
MED00083,7,form_code,-0.0186
MED00084,7,form_code,0.00437
MED00085,7,form_code,-0.00459
MED00086,7,form_code,-0.02348
MED00087,7,form_code,0.00389
MED00088,7,form_code,0.00466
MED00089,7,form_code,0.00578
MED00090,7,form_code,-0.00809
MED00091,7,form_code,0.00191
MED00092,7,form_code,-0.0023
MED00093,7,form_code,-0.01259
MED00094,7,form_code,-0.00912
MED00095,7,form_code,-0.00369
MED00096,7,form_code,0.02405
MED00097,7,form_code,-0.02195
MED00098,7,form_code,0.01277
MED00099,7,form_code,-0.02315
MED00100,7,form_code,0.03229
MED00101,7,form_code,-0.00596
MED00102,7,form_code,-0.00487
MED00103,7,form_code,-0.00338
MED00104,7,form_code,-0.01259
MED00105,7,form_code,0.02316
MED00106,7,form_code,-0.04783
MED00107,7,form_code,-0.01394
MED00108,7,form_code,0.00038
MED00109,7,form_code,0.01089
MED00110,7,form_code,0.00525
MED00111,7,form_code,-0.00675
MED00113,7,form_code,-0.00066
MED00114,7,form_code,0.01789
MED00115,7,form_code,0.00374
MED00116,7,form_code,-0.004
MED00117,7,form_code,0.00172
MED00118,7,form_code,0.0009
MED00119,7,form_code,-0.00743
MED00120,7,form_code,-0.04357
MED00121,7,form_code,0.00083
MED00122,7,form_code,0.00122
MED00123,7,form_code,-0.01417
MED00124,7,form_code,-0.01467
MED00125,7,form_code,0.01551
MED00126,7,form_code,0.00094
MED00127,7,form_code,0.00774
MED00128,7,form_code,-0.01028
MED00129,7,form_code,-0.00041
MED00130,7,form_code,-0.0366
MED00131,7,form_code,-0.01343
MED00132,7,form_code,-0.0255
MED00133,7,form_code,-0.01587
MED00134,7,form_code,0.00588
MED00135,7,form_code,0.02462
MED00136,7,form_code,-0.01348
MED00137,7,form_code,0.00359
MED00138,7,form_code,0.00472
MED00139,7,form_code,-0.00646
MED00140,7,form_code,0.00333
MED00141,7,form_code,-0.00654
MED00142,7,form_code,0.01202
MED00143,7,form_code,0.00795
MED00144,7,form_code,-0.00328
MED00145,7,form_code,0.00072
MED00146,7,form_code,-0.016
MED00147,7,form_code,-0.00508
MED00148,7,form_code,-0.00982
MED00149,7,form_code,-0.00445
MED00151,7,form_code,0.00351
MED00152,7,form_code,0.00191
MED00153,7,form_code,0.00472
MED00154,7,form_code,0.02153
MED00155,7,form_code,-0.00983
MED00156,7,form_code,0.00311
MED00157,7,form_code,0.00274
MED00158,7,form_code,-0.02004
MED00159,7,form_code,-0.01866
MED00160,7,form_code,-0.00265
MED00161,7,form_code,-0.00327
MED00162,7,form_code,0.00354
MED00163,7,form_code,-0.02287
MED00164,7,form_code,-0.00929
MED00165,7,form_code,-0.00472
MED00166,7,form_code,0.00273
MED00167,7,form_code,0.00919
MED00168,7,form_code,-0.00948
MED00169,7,form_code,0.00427
MED00170,7,form_code,0.00164
MED00171,7,form_code,-0.00981
MED00173,7,form_code,0.00388
MED00174,7,form_code,-0.00057
MED00175,7,form_code,-0.01338
MED00176,7,form_code,-0.03766
MED00177,7,form_code,-0.02141
MED00178,7,form_code,-0.01125
MED00179,7,form_code,0.00439
MED00180,7,form_code,-0.00509
MED00181,7,form_code,-0.0011
MED00182,7,form_code,-0.02016
MED00183,7,form_code,-0.03726
MED00184,7,form_code,-0.0035
MED00185,7,form_code,-0.00725
MED00186,7,form_code,0.00268
MED00187,7,form_code,0.00652
MED00188,7,form_code,-0.00797
MED00189,7,form_code,0.02039
MED00190,7,form_code,0.00307
MED00191,7,form_code,0.01514
MED00192,7,form_code,0.04231
MED00193,7,form_code,-0.07526
MED00194,7,form_code,-0.02508
MED00195,7,form_code,-0.00432
MED00196,7,form_code,-0.02363
MED00197,7,form_code,-0.02609
MED00198,7,form_code,0.00051
MED00199,7,form_code,0.00265
MED00200,7,form_code,0.00358
MED00201,7,form_code,-0.00294
MED00202,7,form_code,-0.00275
MED00203,7,form_code,0.00318
MED00204,7,form_code,-0.00769
MED00205,7,form_code,0.02488
MED00206,7,form_code,-0.04524
MED00207,7,form_code,0.00294
MED00208,7,form_code,0.01459
MED00209,7,form_code,-0.01529
MED00210,7,form_code,-0.01316
MED00211,7,form_code,-0.01214
MED00212,7,form_code,0.02564
MED00213,7,form_code,0.00071
MED00214,7,form_code,-0.02001
MED00215,7,form_code,0.00473
MED00216,7,form_code,-0.04883
MED00217,7,form_code,0.01459
MED00218,7,form_code,0.00621
MED00219,7,form_code,0.01842
MED00220,7,form_code,-0.01034
MED00221,7,form_code,-0.0019
MED00222,7,form_code,0.01312
MED00223,7,form_code,-0.05186
MED00224,7,form_code,-0.00147
MED00225,7,form_code,-0.00421
MED00226,7,form_code,-0.0137
MED00227,7,form_code,0.02122
MED00228,7,form_code,0.00792
MED00229,7,form_code,0.01524
MED00230,7,form_code,0.02097
MED00231,7,form_code,-0.00841
MED00232,7,form_code,-0.00372
MED00233,7,form_code,-0.01778
MED00234,7,form_code,-0.00368
MED00235,7,form_code,0.00667
MED00236,7,form_code,0.00549
MED00237,7,form_code,-0.00465
MED00238,7,form_code,0.00442
MED00239,7,form_code,0.00608
MED00240,7,form_code,-0.00411
MED00241,7,form_code,0.00061
MED00242,7,form_code,0.00129
MED00243,7,form_code,-0.0624
MED00244,7,form_code,0.00379
MED00245,7,form_code,0.00404
MED00246,7,form_code,-0.00806
MED00247,7,form_code,0.01421
MED00248,7,form_code,-0.01562
MED00249,7,form_code,-0.03215
MED00250,7,form_code,-0.04189
MED00251,7,form_code,-0.00197
MED00252,7,form_code,0.00857
MED00253,7,form_code,-0.00164
MED00254,7,form_code,0.00565
MED00255,7,form_code,-0.00581
MED00256,7,form_code,0.00438
MED00257,7,form_code,0.0159
MED00258,7,form_code,-0.01038
MED00259,7,form_code,-0.00815
MED00260,7,form_code,-0.00294
MED00261,7,form_code,-0.00111
MED00262,7,form_code,0.01405
MED00264,7,form_code,0.01061
MED00265,7,form_code,0.00524
MED00266,7,form_code,0.02576
MED00267,7,form_code,-0.00603
MED00268,7,form_code,0.00935
MED00269,7,form_code,0.00452
MED00270,7,form_code,-0.00228
MED00271,7,form_code,0.00414
MED00272,7,form_code,-0.00023
MED00273,7,form_code,-0.00117
MED00274,7,form_code,-0.02346
MED00275,7,form_code,0.05197
MED00276,7,form_code,-0.00747
MED00277,7,form_code,0.02028
MED00278,7,form_code,-0.01241
MED00279,7,form_code,0.0065
MED00280,7,form_code,0.0145
MED00281,7,form_code,0.03504
MED00282,7,form_code,0.02652
MED00283,7,form_code,0.00404
MED00284,7,form_code,-0.00211
MED00285,7,form_code,-0.00709
MED00286,7,form_code,-0.00152
MED00287,7,form_code,-0.00443
MED00288,7,form_code,0.00406
MED00289,7,form_code,-0.01727
MED00290,7,form_code,-0.00347
MED00291,7,form_code,0.01275
MED00292,7,form_code,-0.0068
MED00293,7,form_code,0.01573
MED00294,7,form_code,0.00152
MED00295,7,form_code,-0.02023
MED00296,7,form_code,-0.00546
MED00297,7,form_code,-0.00315
MED00298,7,form_code,-0.00495
MED00299,7,form_code,-0.08926
MED00300,7,form_code,-0.00571
MED00301,7,form_code,-0.00253
MED00302,7,form_code,-0.00106
MED00303,7,form_code,0.00373
MED00304,7,form_code,-0.00245
MED00305,7,form_code,-0.00768
MED00306,7,form_code,-0.02208
MED00307,7,form_code,0.00692
MED00308,7,form_code,-0.01172
MED00309,7,form_code,-0.00225
MED00310,7,form_code,-0.00088
MED00311,7,form_code,-0.01534
MED00312,7,form_code,-0.02075
MED00313,7,form_code,-0.00136
MED00314,7,form_code,-0.0239
MED00315,7,form_code,0.01468
MED00316,7,form_code,0.00586
MED00317,7,form_code,0.00368
MED00318,7,form_code,-0.00175
MED00319,7,form_code,0.02321
MED00320,7,form_code,-0.00254
MED00321,7,form_code,-0.00458
MED00322,7,form_code,-0.03649
MED00323,7,form_code,-0.01368
MED00324,7,form_code,-0.00137
MED00325,7,form_code,0.00725
MED00326,7,form_code,-0.00229
MED00327,7,form_code,-0.00342
MED00328,7,form_code,0.0064
MED00329,7,form_code,0.02402
MED00330,7,form_code,-0.00331
MED00331,7,form_code,-0.00069
MED00332,7,form_code,-0.00265
MED00333,7,form_code,0.00063
MED00334,7,form_code,0.01696
MED00335,7,form_code,0.02743
MED00336,7,form_code,-0.02005
MED00337,7,form_code,-0.02869
MED00338,7,form_code,-0.03243
MED00339,7,form_code,-0.00671
MED00340,7,form_code,-0.01186
MED00341,7,form_code,-0.00807
MED00342,7,form_code,0.00376
MED00343,7,form_code,0.01789
MED00344,7,form_code,-0.00231
MED00345,7,form_code,-0.03756
MED00346,7,form_code,0.00013
MED00347,7,form_code,0.03153
MED00348,7,form_code,-0.00582
MED00349,7,form_code,-0.00915
MED00350,7,form_code,-0.00216
MED00351,7,form_code,0.01745
MED00352,7,form_code,-0.00039
MED00353,7,form_code,0.00099
MED00354,7,form_code,-0.00172
MED00355,7,form_code,-0.01403
MED00356,7,form_code,0.0012
MED00357,7,form_code,-0.02504
MED00358,7,form_code,-0.00294
MED00359,7,form_code,0.00241
MED00360,7,form_code,0.01504
MED00361,7,form_code,0.00395
MED00362,7,form_code,-0.00681
MED00363,7,form_code,0.00508
MED00364,7,form_code,0.03296
MED00365,7,form_code,0.00396
MED00366,7,form_code,-0.01781
MED00367,7,form_code,-0.01114
MED00368,7,form_code,-0.00352
MED00369,7,form_code,0.00412
MED00370,7,form_code,0.00469
MED00371,7,form_code,0.02315
MED00372,7,form_code,0.01932
MED00373,7,form_code,0.00189
MED00374,7,form_code,0.00073
MED00375,7,form_code,0.02005
MED00376,7,form_code,0.00394
MED00377,7,form_code,-0.01144
MED00378,7,form_code,-0.00986
MED00379,7,form_code,-0.00578
MED00380,7,form_code,0.00557
MED00381,7,form_code,0.00158
MED00382,7,form_code,-0.00918
MED00383,7,form_code,-0.01377
MED00384,7,form_code,-0.00915
MED00385,7,form_code,0.00146
MED00386,7,form_code,0.01866
MED00387,7,form_code,0.00016
MED00388,7,form_code,0.00567
MED00389,7,form_code,-0.00067
MED00390,7,form_code,0.00275
MED00391,7,form_code,0.01207
MED00392,7,form_code,0.00411
MED00393,7,form_code,-0.04699
MED00394,7,form_code,0.03364
MED00395,7,form_code,0.0291
MED00397,7,form_code,0.00402
MED00398,7,form_code,0.00668
MED00399,7,form_code,0.00782
MED00400,7,form_code,0.00895
MED00401,7,form_code,0.01214
MED00402,7,form_code,0.0031
MED00403,7,form_code,0.01766
MED00404,7,form_code,-0.00486
MED00405,7,form_code,-0.01383
MED00406,7,form_code,-0.00795
MED00407,7,form_code,0.00147
MED00408,7,form_code,-0.00297
MED00409,7,form_code,-0.02407
MED00410,7,form_code,-0.00741
MED00411,7,form_code,0.00199
MED00412,7,form_code,0.01743
MED00413,7,form_code,0.0108
MED00414,7,form_code,0.03085
MED00415,7,form_code,0.01095
MED00416,7,form_code,-0.0224
MED00417,7,form_code,-0.00358
MED00418,7,form_code,-0.00093
MED00419,7,form_code,-0.02123
MED00420,7,form_code,-0.01146
MED00421,7,form_code,0.00667
MED00422,7,form_code,0.00285
MED00423,7,form_code,0.01309
MED00424,7,form_code,0.0052
MED00001,8,form_code,0.03621
MED00002,8,form_code,-0.09643
MED00003,8,form_code,0.01771
MED00004,8,form_code,-0.00096
MED00005,8,form_code,-0.0024
MED00006,8,form_code,0.01108
MED00007,8,form_code,-0.0006
MED00008,8,form_code,-0.01097
MED00009,8,form_code,0.00019
MED00010,8,form_code,-0.00181
MED00011,8,form_code,-0.02826
MED00012,8,form_code,-0.0091
MED00013,8,form_code,-0.00018
MED00014,8,form_code,0.00396
MED00015,8,form_code,0.00488
MED00016,8,form_code,-0.00359
MED00017,8,form_code,0.00308
MED00018,8,form_code,0.00949
MED00019,8,form_code,0.00601
MED00020,8,form_code,-0.08119
MED00021,8,form_code,0.01285
MED00022,8,form_code,0.01207
MED00023,8,form_code,-0.03343
MED00024,8,form_code,-0.00041
MED00025,8,form_code,-0.0274
MED00026,8,form_code,-0.01896
MED00027,8,form_code,-0.02319
MED00028,8,form_code,-0.01232
MED00029,8,form_code,0.01621
MED00030,8,form_code,-0.0052
MED00031,8,form_code,-0.0105
MED00032,8,form_code,-0.00396
MED00033,8,form_code,-0.00262
MED00034,8,form_code,0.00789
MED00035,8,form_code,-0.01067
MED00036,8,form_code,-0.00829
MED00037,8,form_code,-0.00456
MED00038,8,form_code,0.00689
MED00039,8,form_code,-0.00956
MED00040,8,form_code,-0.01192
MED00041,8,form_code,-0.0234
MED00042,8,form_code,-0.00359
MED00043,8,form_code,0.01158
MED00044,8,form_code,-0.00179
MED00045,8,form_code,0.00263
MED00046,8,form_code,-0.00976
MED00047,8,form_code,0.00511
MED00048,8,form_code,0.0142
MED00049,8,form_code,-0.03819
MED00050,8,form_code,0.00403
MED00051,8,form_code,0.07998
MED00052,8,form_code,0.00786
MED00053,8,form_code,-0.00402
MED00054,8,form_code,0.01152
MED00055,8,form_code,-0.01058
MED00056,8,form_code,-0.00104
MED00057,8,form_code,0.00533
MED00058,8,form_code,0.00287
MED00059,8,form_code,-0.00953
MED00060,8,form_code,-0.01028
MED00061,8,form_code,0.00265
MED00062,8,form_code,-0.03328
MED00063,8,form_code,-0.05164
MED00064,8,form_code,0.00469
MED00065,8,form_code,0.00458
MED00066,8,form_code,0.00536
MED00067,8,form_code,-0.00127
MED00068,8,form_code,-0.00195
MED00069,8,form_code,-0.00319
MED00070,8,form_code,-0.02921
MED00071,8,form_code,-0.00125
MED00072,8,form_code,0.00181
MED00073,8,form_code,-0.00435
MED00074,8,form_code,-0.00203
MED00075,8,form_code,0.00106
MED00076,8,form_code,0.01411
MED00077,8,form_code,0.00661
MED00078,8,form_code,-0.00353
MED00079,8,form_code,0.00468
MED00080,8,form_code,0.01887
MED00081,8,form_code,0.04217
MED00082,8,form_code,-0.00016
MED00083,8,form_code,-0.01859
MED00084,8,form_code,0.00448
MED00085,8,form_code,-0.00428
MED00086,8,form_code,-0.02363
MED00087,8,form_code,0.00388
MED00088,8,form_code,0.00476
MED00089,8,form_code,0.00579
MED00090,8,form_code,-0.00796
MED00091,8,form_code,0.00189
MED00092,8,form_code,-0.00229
MED00093,8,form_code,-0.01275
MED00094,8,form_code,-0.00901
MED00095,8,form_code,-0.0037
MED00096,8,form_code,0.02407
MED00097,8,form_code,-0.02209
MED00098,8,form_code,0.01274
MED00099,8,form_code,-0.02375
MED00100,8,form_code,0.03248
MED00101,8,form_code,-0.00589
MED00102,8,form_code,-0.00487
MED00103,8,form_code,-0.00341
MED00104,8,form_code,-0.0125
MED00105,8,form_code,0.02313
MED00106,8,form_code,-0.04788
MED00107,8,form_code,-0.01391
MED00108,8,form_code,0.00075
MED00109,8,form_code,0.011
MED00110,8,form_code,0.00533
MED00111,8,form_code,-0.00674
MED00113,8,form_code,-0.00061
MED00114,8,form_code,0.01788
MED00115,8,form_code,0.0038
MED00116,8,form_code,-0.00411
MED00117,8,form_code,0.00174
MED00118,8,form_code,0.00091
MED00119,8,form_code,-0.00744
MED00120,8,form_code,-0.04356
MED00121,8,form_code,0.00087
MED00122,8,form_code,0.00127
MED00123,8,form_code,-0.01425
MED00124,8,form_code,-0.01391
MED00125,8,form_code,0.01542
MED00126,8,form_code,0.00098
MED00127,8,form_code,0.00778
MED00128,8,form_code,-0.01028
MED00129,8,form_code,-0.00016
MED00130,8,form_code,-0.03666
MED00131,8,form_code,-0.0134
MED00132,8,form_code,-0.02564
MED00133,8,form_code,-0.01601
MED00134,8,form_code,0.00596
MED00135,8,form_code,0.02419
MED00136,8,form_code,-0.01352
MED00137,8,form_code,0.00359
MED00138,8,form_code,0.00466
MED00139,8,form_code,-0.00641
MED00140,8,form_code,0.00334
MED00141,8,form_code,-0.00652
MED00142,8,form_code,0.01212
MED00143,8,form_code,0.00785
MED00144,8,form_code,-0.00288
MED00145,8,form_code,0.00089
MED00146,8,form_code,-0.01601
MED00147,8,form_code,-0.00507
MED00148,8,form_code,-0.00983
MED00149,8,form_code,-0.00439
MED00151,8,form_code,0.00346
MED00152,8,form_code,0.00189
MED00153,8,form_code,0.00473
MED00154,8,form_code,0.02154
MED00155,8,form_code,-0.00978
MED00156,8,form_code,0.00314
MED00157,8,form_code,0.00272
MED00158,8,form_code,-0.0209
MED00159,8,form_code,-0.01865
MED00160,8,form_code,-0.00267
MED00161,8,form_code,-0.00314
MED00162,8,form_code,0.00354
MED00163,8,form_code,-0.0198
MED00164,8,form_code,-0.00925
MED00165,8,form_code,-0.00885
MED00166,8,form_code,0.00272
MED00167,8,form_code,0.00921
MED00168,8,form_code,-0.00943
MED00169,8,form_code,0.00431
MED00170,8,form_code,0.00162
MED00171,8,form_code,-0.00977
MED00173,8,form_code,0.00392
MED00174,8,form_code,-0.00068
MED00175,8,form_code,-0.01339
MED00176,8,form_code,-0.03765
MED00177,8,form_code,-0.0223
MED00178,8,form_code,-0.01128
MED00179,8,form_code,0.00459
MED00180,8,form_code,-0.00504
MED00181,8,form_code,-0.00109
MED00182,8,form_code,-0.02102
MED00183,8,form_code,-0.03725
MED00184,8,form_code,-0.00345
MED00185,8,form_code,-0.00752
MED00186,8,form_code,0.00271
MED00187,8,form_code,0.00653
MED00188,8,form_code,-0.00796
MED00189,8,form_code,0.02027
MED00190,8,form_code,0.00313
MED00191,8,form_code,0.01533
MED00192,8,form_code,0.04984
MED00193,8,form_code,-0.10035
MED00194,8,form_code,-0.02504
MED00195,8,form_code,-0.00417
MED00196,8,form_code,-0.02359
MED00197,8,form_code,-0.02605
MED00198,8,form_code,0.00054
MED00199,8,form_code,0.00266
MED00200,8,form_code,0.00362
MED00201,8,form_code,-0.00289
MED00202,8,form_code,-0.00271
MED00203,8,form_code,0.00319
MED00204,8,form_code,-0.00764
MED00205,8,form_code,0.02485
MED00206,8,form_code,-0.04519
MED00207,8,form_code,0.00294
MED00208,8,form_code,0.0146
MED00209,8,form_code,-0.01532
MED00210,8,form_code,-0.01164
MED00211,8,form_code,-0.01215
MED00212,8,form_code,0.02551
MED00213,8,form_code,0.00072
MED00214,8,form_code,-0.01984
MED00215,8,form_code,0.00478
MED00216,8,form_code,-0.0489
MED00217,8,form_code,0.01484
MED00218,8,form_code,0.0058
MED00219,8,form_code,0.01835
MED00220,8,form_code,-0.01031
MED00221,8,form_code,-0.00187
MED00222,8,form_code,0.01323
MED00223,8,form_code,-0.05184
MED00224,8,form_code,-0.00142
MED00225,8,form_code,-0.00417
MED00226,8,form_code,-0.0137
MED00227,8,form_code,0.02061
MED00228,8,form_code,0.00781
MED00229,8,form_code,0.01531
MED00230,8,form_code,0.02099
MED00231,8,form_code,-0.00846
MED00232,8,form_code,-0.00368
MED00233,8,form_code,-0.01793
MED00234,8,form_code,-0.0037
MED00235,8,form_code,0.00668
MED00236,8,form_code,0.00552
MED00237,8,form_code,-0.00464
MED00238,8,form_code,0.00439
MED00239,8,form_code,0.00613
MED00240,8,form_code,-0.00408
MED00241,8,form_code,0.00046
MED00242,8,form_code,0.00154
MED00243,8,form_code,-0.08813
MED00244,8,form_code,0.00377
MED00245,8,form_code,0.00406
MED00246,8,form_code,-0.00803
MED00247,8,form_code,0.01438
MED00248,8,form_code,-0.01562
MED00249,8,form_code,-0.03214
MED00250,8,form_code,-0.04187
MED00251,8,form_code,-0.002
MED00252,8,form_code,0.0087
MED00253,8,form_code,-0.00153
MED00254,8,form_code,0.00581
MED00255,8,form_code,-0.00576
MED00256,8,form_code,0.00442
MED00257,8,form_code,0.01587
MED00258,8,form_code,-0.01035
MED00259,8,form_code,-0.00811
MED00260,8,form_code,-0.00274
MED00261,8,form_code,-0.00098
MED00262,8,form_code,0.014
MED00264,8,form_code,0.01072
MED00265,8,form_code,0.00555
MED00266,8,form_code,0.02578
MED00267,8,form_code,-0.00599
MED00268,8,form_code,0.00933
MED00269,8,form_code,0.00453
MED00270,8,form_code,-0.00285
MED00271,8,form_code,0.00428
MED00272,8,form_code,-0.00019
MED00273,8,form_code,-0.00112
MED00274,8,form_code,-0.02361
MED00275,8,form_code,0.05164
MED00276,8,form_code,-0.00742
MED00277,8,form_code,0.02016
MED00278,8,form_code,-0.0131
MED00279,8,form_code,0.00644
MED00280,8,form_code,0.01471
MED00281,8,form_code,0.03478
MED00282,8,form_code,0.02639
MED00283,8,form_code,0.00409
MED00284,8,form_code,-0.00206
MED00285,8,form_code,-0.00705
MED00286,8,form_code,-0.00135
MED00287,8,form_code,-0.00439
MED00288,8,form_code,0.00408
MED00289,8,form_code,-0.01725
MED00290,8,form_code,-0.00327
MED00291,8,form_code,0.01254
MED00292,8,form_code,-0.00685
MED00293,8,form_code,0.01573
MED00294,8,form_code,0.00157
MED00295,8,form_code,-0.01947
MED00296,8,form_code,-0.00543
MED00297,8,form_code,-0.00276
MED00298,8,form_code,-0.0049
MED00299,8,form_code,-0.08916
MED00300,8,form_code,-0.00571
MED00301,8,form_code,-0.00254
MED00302,8,form_code,-0.00105
MED00303,8,form_code,0.00373
MED00304,8,form_code,-0.00239
MED00305,8,form_code,-0.00772
MED00306,8,form_code,-0.02219
MED00307,8,form_code,0.00693
MED00308,8,form_code,-0.01087
MED00309,8,form_code,-0.00225
MED00310,8,form_code,-0.00084
MED00311,8,form_code,-0.01534
MED00312,8,form_code,-0.0209
MED00313,8,form_code,-0.00128
MED00314,8,form_code,-0.02308
MED00315,8,form_code,0.01466
MED00316,8,form_code,0.0058
MED00317,8,form_code,0.00369
MED00318,8,form_code,-0.00172
MED00319,8,form_code,0.02319
MED00320,8,form_code,-0.00253
MED00321,8,form_code,-0.00454
MED00322,8,form_code,-0.03343
MED00323,8,form_code,-0.01371
MED00324,8,form_code,-0.00143
MED00325,8,form_code,0.00723
MED00326,8,form_code,-0.00228
MED00327,8,form_code,-0.00337
MED00328,8,form_code,0.0065
MED00329,8,form_code,0.02399
MED00330,8,form_code,-0.00288
MED00331,8,form_code,-0.00077
MED00332,8,form_code,-0.00264
MED00333,8,form_code,0.00383
MED00334,8,form_code,0.01635
MED00335,8,form_code,0.02741
MED00336,8,form_code,-0.01996
MED00337,8,form_code,-0.02867
MED00338,8,form_code,-0.03243
MED00339,8,form_code,-0.00667
MED00340,8,form_code,-0.01154
MED00341,8,form_code,-0.00803
MED00342,8,form_code,0.00379
MED00343,8,form_code,0.01787
MED00344,8,form_code,-0.00229
MED00345,8,form_code,-0.03766
MED00346,8,form_code,0.00053
MED00347,8,form_code,0.03176
MED00348,8,form_code,-0.00592
MED00349,8,form_code,-0.00915
MED00350,8,form_code,-0.00214
MED00351,8,form_code,0.01749
MED00352,8,form_code,0.00503
MED00353,8,form_code,0.00103
MED00354,8,form_code,-0.00168
MED00355,8,form_code,-0.014
MED00356,8,form_code,0.00121
MED00357,8,form_code,-0.0251
MED00358,8,form_code,-0.00288
MED00359,8,form_code,0.0024
MED00360,8,form_code,0.01505
MED00361,8,form_code,0.0039
MED00362,8,form_code,-0.00684
MED00363,8,form_code,0.00507
MED00364,8,form_code,0.03318
MED00365,8,form_code,0.00395
MED00366,8,form_code,-0.01778
MED00367,8,form_code,-0.0111
MED00368,8,form_code,-0.003
MED00369,8,form_code,0.0036
MED00370,8,form_code,0.00478
MED00371,8,form_code,0.02226
MED00372,8,form_code,0.01954
MED00373,8,form_code,0.00205
MED00374,8,form_code,0.00077
MED00375,8,form_code,0.02006
MED00376,8,form_code,0.0039
MED00377,8,form_code,-0.01168
MED00378,8,form_code,-0.00912
MED00379,8,form_code,-0.00538
MED00380,8,form_code,0.00566
MED00381,8,form_code,0.00159
MED00382,8,form_code,-0.00939
MED00383,8,form_code,-0.01373
MED00384,8,form_code,-0.00917
MED00385,8,form_code,0.00165
MED00386,8,form_code,0.01884
MED00387,8,form_code,0.00034
MED00388,8,form_code,0.00575
MED00389,8,form_code,-0.00065
MED00390,8,form_code,0.00275
MED00391,8,form_code,0.01181
MED00392,8,form_code,0.00429
MED00393,8,form_code,-0.04719
MED00394,8,form_code,0.03337
MED00395,8,form_code,0.02831
MED00396,8,form_code,0.00031
MED00397,8,form_code,0.00403
MED00398,8,form_code,0.00669
MED00399,8,form_code,0.00784
MED00400,8,form_code,0.00897
MED00401,8,form_code,0.01228
MED00402,8,form_code,0.00329
MED00403,8,form_code,0.01766
MED00404,8,form_code,-0.00482
MED00405,8,form_code,-0.01378
MED00406,8,form_code,-0.00777
MED00407,8,form_code,0.00167
MED00408,8,form_code,-0.00279
MED00409,8,form_code,-0.0242
MED00410,8,form_code,-0.00763
MED00411,8,form_code,0.00219
MED00412,8,form_code,0.01717
MED00413,8,form_code,0.01098
MED00414,8,form_code,0.03059
MED00415,8,form_code,0.01114
MED00416,8,form_code,-0.02266
MED00417,8,form_code,-0.003
MED00418,8,form_code,-0.00089
MED00419,8,form_code,-0.02196
MED00420,8,form_code,-0.01115
MED00421,8,form_code,0.00641
MED00422,8,form_code,0.00298
MED00423,8,form_code,0.01373
MED00424,8,form_code,0.00522
MED00001,9,form_code,0.03609
MED00002,9,form_code,-0.10343
MED00003,9,form_code,0.01754
MED00004,9,form_code,-0.00077
MED00005,9,form_code,-0.00217
MED00006,9,form_code,0.00868
MED00007,9,form_code,-0.00085
MED00008,9,form_code,-0.01111
MED00009,9,form_code,0.00027
MED00010,9,form_code,-0.0016
MED00011,9,form_code,-0.03274
MED00012,9,form_code,-0.01158
MED00013,9,form_code,-0.00119
MED00014,9,form_code,0.00404
MED00015,9,form_code,0.00501
MED00016,9,form_code,-0.00288
MED00017,9,form_code,0.00317
MED00018,9,form_code,0.01084
MED00019,9,form_code,0.0064
MED00020,9,form_code,-0.08293
MED00021,9,form_code,0.01269
MED00022,9,form_code,0.01206
MED00023,9,form_code,-0.03594
MED00024,9,form_code,-0.00018
MED00025,9,form_code,-0.0283
MED00026,9,form_code,-0.02051
MED00027,9,form_code,-0.02382
MED00028,9,form_code,-0.01308
MED00029,9,form_code,0.01677
MED00030,9,form_code,-0.0051
MED00031,9,form_code,-0.01123
MED00032,9,form_code,-0.0041
MED00033,9,form_code,-0.00251
MED00034,9,form_code,0.00805
MED00035,9,form_code,-0.01138
MED00036,9,form_code,-0.00907
MED00037,9,form_code,-0.00438
MED00038,9,form_code,0.00851
MED00039,9,form_code,-0.01017
MED00040,9,form_code,-0.01263
MED00041,9,form_code,-0.02414
MED00042,9,form_code,-0.00346
MED00043,9,form_code,0.01171
MED00044,9,form_code,-0.0019
MED00045,9,form_code,0.00497
MED00046,9,form_code,-0.01071
MED00047,9,form_code,0.0057
MED00048,9,form_code,0.01473
MED00049,9,form_code,-0.03582
MED00050,9,form_code,0.00421
MED00051,9,form_code,0.08263
MED00052,9,form_code,0.00805
MED00053,9,form_code,-0.00376
MED00054,9,form_code,0.01125
MED00055,9,form_code,-0.01177
MED00056,9,form_code,-0.00089
MED00057,9,form_code,0.00542
MED00058,9,form_code,0.00513
MED00059,9,form_code,-0.00923
MED00060,9,form_code,-0.01039
MED00061,9,form_code,0.00287
MED00062,9,form_code,-0.03676
MED00063,9,form_code,-0.05038
MED00064,9,form_code,0.00679
MED00065,9,form_code,0.00488
MED00066,9,form_code,0.00552
MED00067,9,form_code,-0.00119
MED00068,9,form_code,-0.00175
MED00069,9,form_code,-0.00319
MED00070,9,form_code,-0.03153
MED00071,9,form_code,-0.00135
MED00072,9,form_code,0.00184
MED00073,9,form_code,-0.00448
MED00074,9,form_code,-0.0018
MED00075,9,form_code,0.00112
MED00076,9,form_code,0.01425
MED00077,9,form_code,0.00691
MED00078,9,form_code,-0.00315
MED00079,9,form_code,0.00667
MED00080,9,form_code,0.01882
MED00081,9,form_code,0.04408
MED00082,9,form_code,-0.00026
MED00083,9,form_code,-0.01986
MED00084,9,form_code,0.00467
MED00085,9,form_code,-0.00422
MED00086,9,form_code,-0.02426
MED00087,9,form_code,0.00404
MED00088,9,form_code,0.00684
MED00089,9,form_code,0.00619
MED00090,9,form_code,-0.00811
MED00091,9,form_code,0.00191
MED00092,9,form_code,-0.00226
MED00093,9,form_code,-0.01336
MED00094,9,form_code,-0.0098
MED00095,9,form_code,-0.00358
MED00096,9,form_code,0.0244
MED00097,9,form_code,-0.02275
MED00098,9,form_code,0.01295
MED00099,9,form_code,-0.02464
MED00100,9,form_code,0.03234
MED00101,9,form_code,-0.00534
MED00102,9,form_code,-0.00471
MED00103,9,form_code,-0.00341
MED00104,9,form_code,-0.01239
MED00105,9,form_code,0.02369
MED00106,9,form_code,-0.0489
MED00107,9,form_code,-0.0137
MED00108,9,form_code,0.00074
MED00109,9,form_code,0.01116
MED00110,9,form_code,0.00541
MED00111,9,form_code,-0.00789
MED00113,9,form_code,-0.00091
MED00114,9,form_code,0.01851
MED00115,9,form_code,0.00397
MED00116,9,form_code,-0.00431
MED00117,9,form_code,0.00179
MED00118,9,form_code,0.00103
MED00119,9,form_code,-0.00989
MED00120,9,form_code,-0.04395
MED00121,9,form_code,0.00064
MED00122,9,form_code,0.00136
MED00123,9,form_code,-0.01503
MED00124,9,form_code,-0.01376
MED00125,9,form_code,0.01558
MED00126,9,form_code,0.00115
MED00127,9,form_code,0.00792
MED00128,9,form_code,-0.01049
MED00129,9,form_code,0.00194
MED00130,9,form_code,-0.03741
MED00131,9,form_code,-0.01372
MED00132,9,form_code,-0.02638
MED00133,9,form_code,-0.0192
MED00134,9,form_code,0.00611
MED00135,9,form_code,0.02472
MED00136,9,form_code,-0.01648
MED00137,9,form_code,0.0038
MED00138,9,form_code,0.00486
MED00139,9,form_code,-0.00633
MED00140,9,form_code,0.00346
MED00141,9,form_code,-0.00685
MED00142,9,form_code,0.0122
MED00143,9,form_code,0.00806
MED00144,9,form_code,-0.00284
MED00145,9,form_code,0.00106
MED00146,9,form_code,-0.01547
MED00147,9,form_code,-0.00529
MED00148,9,form_code,-0.00994
MED00149,9,form_code,-0.00432
MED00150,9,form_code,0.00018
MED00151,9,form_code,0.00402
MED00152,9,form_code,0.00206
MED00153,9,form_code,0.00572
MED00154,9,form_code,0.02223
MED00155,9,form_code,-0.00987
MED00156,9,form_code,0.00321
MED00157,9,form_code,0.00294
MED00158,9,form_code,-0.02154
MED00159,9,form_code,-0.01975
MED00160,9,form_code,-0.00252
MED00161,9,form_code,-0.00309
MED00162,9,form_code,0.0037
MED00163,9,form_code,-0.02055
MED00164,9,form_code,-0.00959
MED00165,9,form_code,-0.01864
MED00166,9,form_code,0.00285
MED00167,9,form_code,0.00973
MED00168,9,form_code,-0.00957
MED00169,9,form_code,0.00438
MED00170,9,form_code,0.00184
MED00171,9,form_code,-0.00977
MED00172,9,form_code,1e-04
MED00173,9,form_code,0.00402
MED00174,9,form_code,-0.00118
MED00175,9,form_code,-0.01413
MED00176,9,form_code,-0.0395
MED00177,9,form_code,-0.02321
MED00178,9,form_code,-0.0121
MED00179,9,form_code,0.00461
MED00180,9,form_code,-0.00733
MED00181,9,form_code,-0.001
MED00182,9,form_code,-0.02233
MED00183,9,form_code,-0.04191
MED00184,9,form_code,-0.00323
MED00185,9,form_code,-0.00728
MED00186,9,form_code,0.00289
MED00187,9,form_code,0.00674
MED00188,9,form_code,-0.00817
MED00189,9,form_code,0.02043
MED00190,9,form_code,0.00302
MED00191,9,form_code,0.01584
MED00192,9,form_code,0.05149
MED00193,9,form_code,-0.10481
MED00194,9,form_code,-0.02418
MED00195,9,form_code,-0.0036
MED00196,9,form_code,-0.0235
MED00197,9,form_code,-0.02515
MED00198,9,form_code,0.0005
MED00199,9,form_code,0.00392
MED00200,9,form_code,0.00372
MED00201,9,form_code,-0.00277
MED00202,9,form_code,-0.00501
MED00203,9,form_code,0.00334
MED00204,9,form_code,-0.01026
MED00205,9,form_code,0.02545
MED00206,9,form_code,-0.0453
MED00207,9,form_code,0.00303
MED00208,9,form_code,0.01512
MED00209,9,form_code,-0.01594
MED00210,9,form_code,-0.01274
MED00211,9,form_code,-0.01237
MED00212,9,form_code,0.02779
MED00213,9,form_code,0.0009
MED00214,9,form_code,-0.01963
MED00215,9,form_code,0.00488
MED00216,9,form_code,-0.04763
MED00217,9,form_code,0.01499
MED00218,9,form_code,0.00591
MED00219,9,form_code,0.01895
MED00220,9,form_code,-0.01032
MED00221,9,form_code,-0.00218
MED00222,9,form_code,0.01337
MED00223,9,form_code,-0.05369
MED00224,9,form_code,-0.00392
MED00225,9,form_code,-0.00426
MED00226,9,form_code,-0.01456
MED00227,9,form_code,0.02017
MED00228,9,form_code,0.00749
MED00229,9,form_code,0.01545
MED00230,9,form_code,0.021
MED00231,9,form_code,-0.00877
MED00232,9,form_code,-0.00359
MED00233,9,form_code,-0.01914
MED00234,9,form_code,-0.00335
MED00235,9,form_code,0.00688
MED00236,9,form_code,0.00525
MED00237,9,form_code,-0.00453
MED00238,9,form_code,0.00429
MED00239,9,form_code,0.00628
MED00240,9,form_code,-0.00421
MED00241,9,form_code,0.0006
MED00242,9,form_code,0.00453
MED00243,9,form_code,-0.09416
MED00244,9,form_code,0.00387
MED00245,9,form_code,0.00431
MED00246,9,form_code,-0.00893
MED00247,9,form_code,0.01494
MED00248,9,form_code,-0.01604
MED00249,9,form_code,-0.03674
MED00250,9,form_code,-0.04659
MED00251,9,form_code,-0.00186
MED00252,9,form_code,0.00879
MED00253,9,form_code,-0.00154
MED00254,9,form_code,0.00583
MED00255,9,form_code,-0.00583
MED00256,9,form_code,0.00447
MED00257,9,form_code,0.01566
MED00258,9,form_code,-0.01056
MED00259,9,form_code,-0.00811
MED00260,9,form_code,-0.00269
MED00261,9,form_code,-0.0008
MED00262,9,form_code,0.01383
MED00263,9,form_code,0.00012
MED00264,9,form_code,0.01087
MED00265,9,form_code,0.00572
MED00266,9,form_code,0.02631
MED00267,9,form_code,-0.00609
MED00268,9,form_code,0.00956
MED00269,9,form_code,0.00463
MED00270,9,form_code,-0.00275
MED00271,9,form_code,0.00449
MED00273,9,form_code,-0.0009
MED00274,9,form_code,-0.02435
MED00275,9,form_code,0.05138
MED00276,9,form_code,-0.00707
MED00277,9,form_code,0.02032
MED00278,9,form_code,-0.01295
MED00279,9,form_code,0.00687
MED00280,9,form_code,0.01487
MED00281,9,form_code,0.03524
MED00282,9,form_code,0.02616
MED00283,9,form_code,0.00414
MED00284,9,form_code,0.00024
MED00285,9,form_code,-0.00689
MED00286,9,form_code,-0.00114
MED00287,9,form_code,-0.00426
MED00288,9,form_code,0.00441
MED00289,9,form_code,-0.01806
MED00290,9,form_code,-0.00395
MED00291,9,form_code,0.01297
MED00292,9,form_code,-0.00808
MED00293,9,form_code,0.01354
MED00294,9,form_code,0.00178
MED00295,9,form_code,-0.02091
MED00296,9,form_code,-0.00567
MED00297,9,form_code,-0.0026
MED00298,9,form_code,-0.00484
MED00299,9,form_code,-0.08917
MED00300,9,form_code,-0.0078
MED00301,9,form_code,-0.00261
MED00302,9,form_code,-0.00188
MED00303,9,form_code,0.00388
MED00304,9,form_code,-0.00215
MED00305,9,form_code,-0.00778
MED00306,9,form_code,-0.02288
MED00307,9,form_code,0.00905
MED00308,9,form_code,-0.01093
MED00309,9,form_code,-0.002
MED00310,9,form_code,-0.00074
MED00311,9,form_code,-0.01644
MED00312,9,form_code,-0.02164
MED00313,9,form_code,-0.00094
MED00314,9,form_code,-0.02388
MED00315,9,form_code,0.01523
MED00316,9,form_code,0.00533
MED00317,9,form_code,0.00378
MED00318,9,form_code,-0.00196
MED00319,9,form_code,0.02373
MED00320,9,form_code,-0.00242
MED00321,9,form_code,-0.00561
MED00322,9,form_code,-0.03418
MED00323,9,form_code,-0.01449
MED00324,9,form_code,-0.00185
MED00325,9,form_code,0.00732
MED00326,9,form_code,-0.00208
MED00327,9,form_code,-0.00294
MED00328,9,form_code,0.00662
MED00329,9,form_code,0.02459
MED00330,9,form_code,-0.00278
MED00331,9,form_code,-0.00024
MED00332,9,form_code,-0.00254
MED00333,9,form_code,0.00589
MED00334,9,form_code,0.01684
MED00335,9,form_code,0.02746
MED00336,9,form_code,-0.01977
MED00337,9,form_code,-0.03359
MED00338,9,form_code,-0.03251
MED00339,9,form_code,-0.00942
MED00340,9,form_code,-0.00946
MED00341,9,form_code,-0.00808
MED00342,9,form_code,0.00385
MED00343,9,form_code,0.01809
MED00344,9,form_code,-0.0021
MED00345,9,form_code,-0.03612
MED00346,9,form_code,0.00052
MED00347,9,form_code,0.03157
MED00348,9,form_code,-0.00584
MED00349,9,form_code,-0.0093
MED00350,9,form_code,-0.00196
MED00351,9,form_code,0.01763
MED00352,9,form_code,0.00141
MED00353,9,form_code,0.0012
MED00354,9,form_code,-0.00149
MED00355,9,form_code,-0.01397
MED00356,9,form_code,0.0013
MED00357,9,form_code,-0.02588
MED00358,9,form_code,-0.00277
MED00359,9,form_code,0.00254
MED00360,9,form_code,0.01471
MED00361,9,form_code,0.00408
MED00362,9,form_code,-0.00689
MED00363,9,form_code,0.00472
MED00364,9,form_code,0.03329
MED00365,9,form_code,0.00444
MED00366,9,form_code,-0.01783
MED00367,9,form_code,-0.01213
MED00368,9,form_code,-0.00291
MED00369,9,form_code,0.00358
MED00370,9,form_code,0.00483
MED00371,9,form_code,0.02283
MED00372,9,form_code,0.0194
MED00373,9,form_code,0.00229
MED00374,9,form_code,0.00088
MED00375,9,form_code,0.02056
MED00376,9,form_code,0.00398
MED00377,9,form_code,-0.0109
MED00378,9,form_code,-0.00914
MED00379,9,form_code,-0.00645
MED00380,9,form_code,0.0058
MED00381,9,form_code,0.00174
MED00382,9,form_code,-0.00964
MED00383,9,form_code,-0.01354
MED00384,9,form_code,-0.00922
MED00385,9,form_code,0.00122
MED00386,9,form_code,0.01913
MED00387,9,form_code,0.00048
MED00388,9,form_code,0.00518
MED00389,9,form_code,-0.00037
MED00390,9,form_code,0.00307
MED00391,9,form_code,0.01192
MED00392,9,form_code,0.00443
MED00393,9,form_code,-0.05091
MED00394,9,form_code,0.03421
MED00395,9,form_code,0.02807
MED00396,9,form_code,0.00101
MED00397,9,form_code,0.00436
MED00398,9,form_code,0.00648
MED00399,9,form_code,0.00811
MED00400,9,form_code,0.01019
MED00401,9,form_code,0.01242
MED00402,9,form_code,0.00343
MED00403,9,form_code,0.01821
MED00404,9,form_code,-0.00462
MED00405,9,form_code,-0.01389
MED00406,9,form_code,-0.00787
MED00407,9,form_code,0.00169
MED00408,9,form_code,-0.00276
MED00409,9,form_code,-0.02544
MED00410,9,form_code,-0.00783
MED00411,9,form_code,0.00233
MED00412,9,form_code,0.01734
MED00413,9,form_code,0.0119
MED00414,9,form_code,0.03046
MED00415,9,form_code,0.01244
MED00416,9,form_code,-0.02298
MED00417,9,form_code,-0.00288
MED00418,9,form_code,-0.00078
MED00419,9,form_code,-0.02301
MED00420,9,form_code,-0.01133
MED00421,9,form_code,0.00648
MED00422,9,form_code,0.0032
MED00423,9,form_code,0.01504
MED00424,9,form_code,0.00549
MED00001,10,form_code,0.03634
MED00002,10,form_code,-0.10985
MED00003,10,form_code,0.02194
MED00004,10,form_code,-0.00118
MED00005,10,form_code,-0.00224
MED00006,10,form_code,0.00807
MED00007,10,form_code,-0.00087
MED00008,10,form_code,-0.00923
MED00009,10,form_code,0.00025
MED00010,10,form_code,-0.00201
MED00011,10,form_code,-0.0346
MED00012,10,form_code,-0.01257
MED00013,10,form_code,-0.00271
MED00014,10,form_code,0.00445
MED00015,10,form_code,0.0078
MED00016,10,form_code,-0.00401
MED00017,10,form_code,0.00328
MED00018,10,form_code,0.01138
MED00019,10,form_code,0.00693
MED00020,10,form_code,-0.08462
MED00021,10,form_code,0.01101
MED00022,10,form_code,0.00814
MED00023,10,form_code,-0.01954
MED00024,10,form_code,0.00113
MED00025,10,form_code,-0.02899
MED00026,10,form_code,-0.02272
MED00027,10,form_code,-0.0267
MED00028,10,form_code,-0.01155
MED00029,10,form_code,0.0168
MED00030,10,form_code,-0.00513
MED00031,10,form_code,-0.01006
MED00032,10,form_code,-0.00521
MED00033,10,form_code,-0.00268
MED00034,10,form_code,0.00851
MED00035,10,form_code,-0.0094
MED00036,10,form_code,-0.00768
MED00037,10,form_code,-0.0044
MED00038,10,form_code,0.0103
MED00039,10,form_code,-0.00995
MED00040,10,form_code,-0.00905
MED00041,10,form_code,-0.02465
MED00042,10,form_code,-0.0036
MED00043,10,form_code,0.0149
MED00044,10,form_code,-0.00556
MED00045,10,form_code,0.00478
MED00046,10,form_code,-0.0094
MED00047,10,form_code,0.00512
MED00048,10,form_code,0.01512
MED00049,10,form_code,-0.03993
MED00050,10,form_code,0.00358
MED00051,10,form_code,0.08437
MED00052,10,form_code,0.01121
MED00053,10,form_code,-0.00265
MED00054,10,form_code,0.01121
MED00055,10,form_code,-0.00587
MED00056,10,form_code,0.00062
MED00057,10,form_code,0.00824
MED00058,10,form_code,0.00494
MED00059,10,form_code,-0.01235
MED00060,10,form_code,-0.01134
MED00061,10,form_code,0.00389
MED00062,10,form_code,-0.03867
MED00063,10,form_code,-0.05013
MED00064,10,form_code,0.00596
MED00065,10,form_code,0.00611
MED00066,10,form_code,0.00829
MED00067,10,form_code,-0.00129
MED00068,10,form_code,-0.00032
MED00069,10,form_code,-0.00441
MED00070,10,form_code,-0.03662
MED00071,10,form_code,-0.00495
MED00072,10,form_code,-0.0018
MED00073,10,form_code,-0.00805
MED00074,10,form_code,-0.00033
MED00075,10,form_code,0.00095
MED00076,10,form_code,0.02096
MED00077,10,form_code,0.00739
MED00078,10,form_code,-0.00322
MED00079,10,form_code,0.00715
MED00080,10,form_code,0.01462
MED00081,10,form_code,0.04956
MED00082,10,form_code,-0.00136
MED00083,10,form_code,-0.01719
MED00084,10,form_code,0.00516
MED00085,10,form_code,-0.00536
MED00086,10,form_code,-0.02558
MED00087,10,form_code,0.00345
MED00088,10,form_code,0.00731
MED00089,10,form_code,0.00627
MED00090,10,form_code,-0.00883
MED00091,10,form_code,-0.00172
MED00092,10,form_code,-0.00237
MED00093,10,form_code,-0.01454
MED00094,10,form_code,-0.0077
MED00095,10,form_code,-0.00412
MED00096,10,form_code,0.0248
MED00097,10,form_code,-0.02394
MED00098,10,form_code,0.01283
MED00099,10,form_code,-0.02767
MED00100,10,form_code,0.03177
MED00101,10,form_code,-0.00498
MED00102,10,form_code,-0.00478
MED00103,10,form_code,-0.00446
MED00104,10,form_code,-0.0141
MED00105,10,form_code,0.02335
MED00106,10,form_code,-0.04869
MED00107,10,form_code,-0.0155
MED00108,10,form_code,-0.00048
MED00109,10,form_code,0.01107
MED00110,10,form_code,0.00565
MED00111,10,form_code,-0.00642
MED00113,10,form_code,-0.00204
MED00114,10,form_code,0.01886
MED00115,10,form_code,0.00338
MED00116,10,form_code,-0.00396
MED00117,10,form_code,0.00111
MED00118,10,form_code,0.00093
MED00119,10,form_code,-0.011
MED00120,10,form_code,-0.04357
MED00121,10,form_code,-0.00043
MED00122,10,form_code,0.00127
MED00123,10,form_code,-0.01372
MED00124,10,form_code,-0.01547
MED00125,10,form_code,0.01956
MED00126,10,form_code,0.00093
MED00127,10,form_code,0.00874
MED00128,10,form_code,-0.0116
MED00129,10,form_code,0.00175
MED00130,10,form_code,-0.0422
MED00131,10,form_code,-0.01739
MED00132,10,form_code,-0.02669
MED00133,10,form_code,-0.01848
MED00134,10,form_code,0.00635
MED00135,10,form_code,0.02432
MED00136,10,form_code,-0.01399
MED00137,10,form_code,0.00359
MED00138,10,form_code,0.00415
MED00139,10,form_code,-0.00636
MED00140,10,form_code,0.00336
MED00141,10,form_code,-0.00802
MED00142,10,form_code,0.01333
MED00143,10,form_code,0.00735
MED00144,10,form_code,-0.00235
MED00145,10,form_code,0.00207
MED00146,10,form_code,-0.01461
MED00147,10,form_code,-0.00631
MED00148,10,form_code,-0.01093
MED00149,10,form_code,-0.00415
MED00150,10,form_code,-0.00023
MED00151,10,form_code,0.00336
MED00152,10,form_code,0.00138
MED00153,10,form_code,0.00559
MED00154,10,form_code,0.02262
MED00155,10,form_code,-0.01097
MED00156,10,form_code,0.00474
MED00157,10,form_code,0.00235
MED00158,10,form_code,-0.0238
MED00159,10,form_code,-0.02065
MED00160,10,form_code,-0.00273
MED00161,10,form_code,-0.00307
MED00162,10,form_code,0.00311
MED00163,10,form_code,-0.02287
MED00164,10,form_code,-0.01218
MED00165,10,form_code,-0.01719
MED00166,10,form_code,0.00229
MED00167,10,form_code,0.00861
MED00168,10,form_code,-0.01067
MED00169,10,form_code,0.00423
MED00170,10,form_code,0.00153
MED00171,10,form_code,-0.01091
MED00172,10,form_code,0.00095
MED00173,10,form_code,0.00383
MED00174,10,form_code,-0.00107
MED00175,10,form_code,-0.00915
MED00176,10,form_code,-0.04129
MED00177,10,form_code,-0.02392
MED00178,10,form_code,-0.01095
MED00179,10,form_code,0.0045
MED00180,10,form_code,-0.00821
MED00181,10,form_code,-0.00117
MED00182,10,form_code,-0.02446
MED00183,10,form_code,-0.04375
MED00184,10,form_code,-0.00317
MED00185,10,form_code,0.00707
MED00186,10,form_code,0.00233
MED00187,10,form_code,0.00652
MED00188,10,form_code,-0.00818
MED00189,10,form_code,0.02482
MED00190,10,form_code,0.00289
MED00191,10,form_code,0.01603
MED00192,10,form_code,0.06039
MED00193,10,form_code,-0.11532
MED00194,10,form_code,-0.02255
MED00195,10,form_code,-0.00208
MED00196,10,form_code,-0.02172
MED00197,10,form_code,-0.02386
MED00198,10,form_code,-0.00061
MED00199,10,form_code,0.00456
MED00200,10,form_code,0.00353
MED00201,10,form_code,-0.00273
MED00202,10,form_code,-0.00643
MED00203,10,form_code,0.00467
MED00204,10,form_code,-0.01131
MED00205,10,form_code,0.02521
MED00206,10,form_code,-0.02995
MED00207,10,form_code,0.00293
MED00208,10,form_code,0.01558
MED00209,10,form_code,-0.01493
MED00210,10,form_code,-0.01016
MED00211,10,form_code,-0.01346
MED00212,10,form_code,0.02759
MED00213,10,form_code,0.00054
MED00214,10,form_code,-0.02174
MED00215,10,form_code,0.00469
MED00216,10,form_code,-0.05024
MED00217,10,form_code,0.02163
MED00218,10,form_code,0.00535
MED00219,10,form_code,0.01933
MED00220,10,form_code,-0.01114
MED00221,10,form_code,-0.00353
MED00222,10,form_code,0.01315
MED00223,10,form_code,-0.05462
MED00224,10,form_code,-0.00496
MED00225,10,form_code,-0.00534
MED00226,10,form_code,-0.01325
MED00227,10,form_code,0.02052
MED00228,10,form_code,0.00632
MED00229,10,form_code,0.01515
MED00230,10,form_code,0.0204
MED00231,10,form_code,-0.00989
MED00232,10,form_code,-0.00378
MED00233,10,form_code,-0.01947
MED00234,10,form_code,-0.00488
MED00235,10,form_code,0.00742
MED00236,10,form_code,0.00421
MED00237,10,form_code,-0.00462
MED00238,10,form_code,0.00419
MED00239,10,form_code,0.00567
MED00240,10,form_code,-0.00776
MED00241,10,form_code,0.00042
MED00242,10,form_code,0.00582
MED00243,10,form_code,-0.09999
MED00244,10,form_code,0.00371
MED00245,10,form_code,0.00486
MED00246,10,form_code,-0.00987
MED00247,10,form_code,0.01499
MED00248,10,form_code,-0.01728
MED00249,10,form_code,-0.0386
MED00250,10,form_code,-0.04483
MED00251,10,form_code,-0.00195
MED00252,10,form_code,0.01119
MED00253,10,form_code,-0.0035
MED00254,10,form_code,0.00823
MED00255,10,form_code,-0.0097
MED00256,10,form_code,0.00438
MED00257,10,form_code,0.0116
MED00258,10,form_code,-0.01167
MED00259,10,form_code,-0.00925
MED00260,10,form_code,-0.00255
MED00261,10,form_code,-0.001
MED00262,10,form_code,0.00958
MED00263,10,form_code,-0.0006
MED00264,10,form_code,0.01065
MED00265,10,form_code,0.00524
MED00266,10,form_code,0.02648
MED00267,10,form_code,-0.00716
MED00268,10,form_code,0.0076
MED00269,10,form_code,0.0044
MED00270,10,form_code,-0.00395
MED00271,10,form_code,0.00548
MED00273,10,form_code,-0.0008
MED00274,10,form_code,-0.0245
MED00275,10,form_code,0.05175
MED00276,10,form_code,-0.00828
MED00277,10,form_code,0.02561
MED00278,10,form_code,-0.01466
MED00279,10,form_code,0.00734
MED00280,10,form_code,0.02151
MED00281,10,form_code,0.03611
MED00282,10,form_code,0.02599
MED00283,10,form_code,0.00382
MED00284,10,form_code,0.00152
MED00285,10,form_code,-0.00794
MED00286,10,form_code,-0.00453
MED00287,10,form_code,-0.00533
MED00288,10,form_code,0.00491
MED00289,10,form_code,-0.0154
MED00290,10,form_code,-0.00505
MED00291,10,form_code,0.01298
MED00292,10,form_code,-0.00907
MED00293,10,form_code,0.01333
MED00294,10,form_code,0.00186
MED00295,10,form_code,-0.02304
MED00296,10,form_code,-0.00666
MED00297,10,form_code,-0.00248
MED00298,10,form_code,-0.00598
MED00299,10,form_code,-0.08052
MED00300,10,form_code,-0.00875
MED00301,10,form_code,-0.00368
MED00302,10,form_code,-0.00284
MED00303,10,form_code,0.0037
MED00304,10,form_code,-0.00194
MED00305,10,form_code,-0.00882
MED00306,10,form_code,-0.02069
MED00307,10,form_code,0.00958
MED00308,10,form_code,-0.0101
MED00309,10,form_code,-0.00184
MED00310,10,form_code,-0.00081
MED00311,10,form_code,-0.01526
MED00312,10,form_code,-0.02215
MED00313,10,form_code,-0.00066
MED00314,10,form_code,-0.0248
MED00315,10,form_code,0.01512
MED00316,10,form_code,0.0046
MED00317,10,form_code,0.00367
MED00318,10,form_code,-0.00588
MED00319,10,form_code,0.02326
MED00320,10,form_code,-0.00234
MED00321,10,form_code,-0.00565
MED00322,10,form_code,-0.03829
MED00323,10,form_code,-0.01318
MED00324,10,form_code,-0.00626
MED00325,10,form_code,0.00727
MED00326,10,form_code,-0.00196
MED00327,10,form_code,-0.0029
MED00328,10,form_code,0.00614
MED00329,10,form_code,0.02411
MED00330,10,form_code,-0.00284
MED00331,10,form_code,-0.00086
MED00332,10,form_code,-0.00255
MED00333,10,form_code,0.00474
MED00334,10,form_code,0.01701
MED00335,10,form_code,0.02858
MED00336,10,form_code,-0.02219
MED00337,10,form_code,-0.03541
MED00338,10,form_code,-0.0322
MED00339,10,form_code,-0.01067
MED00340,10,form_code,-0.00715
MED00341,10,form_code,-0.00915
MED00342,10,form_code,0.00377
MED00343,10,form_code,0.01779
MED00344,10,form_code,-0.00201
MED00345,10,form_code,-0.0409
MED00346,10,form_code,-0.00046
MED00347,10,form_code,0.03101
MED00348,10,form_code,-0.00709
MED00349,10,form_code,-0.01041
MED00350,10,form_code,-0.00169
MED00351,10,form_code,0.0174
MED00352,10,form_code,0.00144
MED00353,10,form_code,0.00081
MED00354,10,form_code,-0.0017
MED00355,10,form_code,-0.01455
MED00356,10,form_code,0.00156
MED00357,10,form_code,-0.03004
MED00358,10,form_code,-0.00282
MED00359,10,form_code,0.00195
MED00360,10,form_code,0.01422
MED00361,10,form_code,0.00342
MED00362,10,form_code,-0.00804
MED00363,10,form_code,0.00406
MED00364,10,form_code,0.0324
MED00365,10,form_code,0.00396
MED00366,10,form_code,-0.01941
MED00367,10,form_code,-0.01322
MED00368,10,form_code,-0.00294
MED00370,10,form_code,0.00766
MED00371,10,form_code,0.02319
MED00372,10,form_code,0.02473
MED00373,10,form_code,0.00203
MED00374,10,form_code,0.00073
MED00375,10,form_code,0.02095
MED00376,10,form_code,0.00384
MED00377,10,form_code,-0.00988
MED00378,10,form_code,-0.01026
MED00379,10,form_code,-0.00666
MED00380,10,form_code,0.006
MED00381,10,form_code,0.00153
MED00382,10,form_code,-0.01057
MED00383,10,form_code,-0.01525
MED00384,10,form_code,-0.01037
MED00385,10,form_code,0.00155
MED00386,10,form_code,0.01937
MED00387,10,form_code,0.00097
MED00388,10,form_code,0.00539
MED00389,10,form_code,0.00128
MED00390,10,form_code,0.005
MED00391,10,form_code,0.01168
MED00392,10,form_code,0.00496
MED00393,10,form_code,-0.05344
MED00394,10,form_code,0.03461
MED00395,10,form_code,0.02853
MED00396,10,form_code,0.00355
MED00397,10,form_code,0.0049
MED00398,10,form_code,0.00702
MED00399,10,form_code,0.00803
MED00400,10,form_code,0.01072
MED00401,10,form_code,0.01272
MED00402,10,form_code,0.00385
MED00403,10,form_code,0.0172
MED00404,10,form_code,-0.00463
MED00405,10,form_code,-0.0119
MED00406,10,form_code,-0.00695
MED00407,10,form_code,0.00211
MED00408,10,form_code,-0.00262
MED00409,10,form_code,-0.02799
MED00410,10,form_code,-0.01263
MED00411,10,form_code,0.00275
MED00412,10,form_code,0.01688
MED00413,10,form_code,0.01219
MED00414,10,form_code,0.03087
MED00415,10,form_code,0.0127
MED00416,10,form_code,-0.03222
MED00417,10,form_code,-0.00286
MED00418,10,form_code,-0.00067
MED00419,10,form_code,-0.02472
MED00420,10,form_code,-0.01032
MED00421,10,form_code,0.00751
MED00422,10,form_code,0.0035
MED00423,10,form_code,0.01529
MED00424,10,form_code,0.0049
MED00001,11,form_code,0.03648
MED00002,11,form_code,-0.13836
MED00003,11,form_code,0.02111
MED00004,11,form_code,-0.00097
MED00005,11,form_code,-0.00199
MED00006,11,form_code,0.00785
MED00007,11,form_code,-0.0004
MED00008,11,form_code,-0.01202
MED00009,11,form_code,0.00045
MED00010,11,form_code,-0.00191
MED00011,11,form_code,-0.03199
MED00012,11,form_code,-0.01399
MED00013,11,form_code,-0.00342
MED00014,11,form_code,0.00476
MED00015,11,form_code,0.00671
MED00016,11,form_code,-0.00451
MED00017,11,form_code,0.00364
MED00018,11,form_code,0.01179
MED00019,11,form_code,0.00704
MED00020,11,form_code,-0.0865
MED00021,11,form_code,0.01122
MED00022,11,form_code,0.01096
MED00023,11,form_code,-0.01895
MED00024,11,form_code,-0.00028
MED00025,11,form_code,-0.02937
MED00026,11,form_code,-0.02074
MED00027,11,form_code,-0.02405
MED00028,11,form_code,-0.01382
MED00029,11,form_code,0.01699
MED00030,11,form_code,-0.00475
MED00031,11,form_code,-0.01324
MED00032,11,form_code,-0.00503
MED00033,11,form_code,-0.0026
MED00034,11,form_code,0.00821
MED00035,11,form_code,-0.00997
MED00036,11,form_code,-0.00642
MED00037,11,form_code,-0.00415
MED00038,11,form_code,0.00871
MED00039,11,form_code,-0.00929
MED00040,11,form_code,-0.01185
MED00041,11,form_code,-0.02506
MED00042,11,form_code,-0.00408
MED00043,11,form_code,0.01482
MED00044,11,form_code,-0.00284
MED00045,11,form_code,0.00488
MED00046,11,form_code,-0.00999
MED00047,11,form_code,0.00517
MED00048,11,form_code,0.01498
MED00049,11,form_code,-0.03895
MED00050,11,form_code,0.00351
MED00051,11,form_code,0.1298
MED00052,11,form_code,0.01001
MED00053,11,form_code,-0.0035
MED00054,11,form_code,0.00565
MED00055,11,form_code,-0.0051
MED00056,11,form_code,0.00079
MED00057,11,form_code,0.00829
MED00058,11,form_code,0.00496
MED00059,11,form_code,-0.00911
MED00060,11,form_code,-0.01099
MED00061,11,form_code,0.00274
MED00062,11,form_code,-0.03665
MED00063,11,form_code,-0.05151
MED00064,11,form_code,0.00626
MED00065,11,form_code,0.00701
MED00066,11,form_code,0.00713
MED00067,11,form_code,-0.00094
MED00068,11,form_code,-0.00153
MED00069,11,form_code,-0.00393
MED00070,11,form_code,-0.03581
MED00071,11,form_code,-0.00222
MED00072,11,form_code,0.00102
MED00073,11,form_code,-0.00503
MED00074,11,form_code,-0.00154
MED00075,11,form_code,0.00103
MED00076,11,form_code,0.0199
MED00077,11,form_code,0.00751
MED00078,11,form_code,-0.00168
MED00079,11,form_code,0.0069
MED00080,11,form_code,0.01751
MED00081,11,form_code,0.04975
MED00082,11,form_code,-0.00116
MED00083,11,form_code,-0.01874
MED00084,11,form_code,0.00597
MED00085,11,form_code,-0.00648
MED00086,11,form_code,-0.02212
MED00087,11,form_code,0.00345
MED00088,11,form_code,0.0078
MED00089,11,form_code,0.0063
MED00090,11,form_code,-0.00616
MED00091,11,form_code,0.00108
MED00092,11,form_code,-0.00117
MED00093,11,form_code,-0.01636
MED00094,11,form_code,-0.00961
MED00095,11,form_code,-0.00478
MED00096,11,form_code,0.02456
MED00097,11,form_code,-0.02008
MED00098,11,form_code,0.01256
MED00099,11,form_code,-0.02497
MED00100,11,form_code,0.03473
MED00101,11,form_code,-0.00477
MED00102,11,form_code,-0.00346
MED00103,11,form_code,-0.00553
MED00104,11,form_code,-0.01413
MED00105,11,form_code,0.02245
MED00106,11,form_code,-0.04842
MED00107,11,form_code,-0.01647
MED00108,11,form_code,-0.00444
MED00109,11,form_code,0.01118
MED00110,11,form_code,0.00565
MED00111,11,form_code,-0.00638
MED00112,11,form_code,0.00023
MED00113,11,form_code,-0.00289
MED00114,11,form_code,0.01902
MED00115,11,form_code,0.00329
MED00116,11,form_code,-0.00379
MED00117,11,form_code,0.00108
MED00118,11,form_code,0.00109
MED00119,11,form_code,-0.01215
MED00120,11,form_code,-0.04121
MED00121,11,form_code,-0.00458
MED00122,11,form_code,0.00151
MED00123,11,form_code,-0.01417
MED00124,11,form_code,-0.01618
MED00125,11,form_code,0.0196
MED00126,11,form_code,0.00105
MED00127,11,form_code,0.00907
MED00128,11,form_code,-0.01232
MED00129,11,form_code,0.0017
MED00130,11,form_code,-0.03892
MED00131,11,form_code,-0.01465
MED00132,11,form_code,-0.0271
MED00133,11,form_code,-0.01908
MED00134,11,form_code,0.00644
MED00135,11,form_code,0.02451
MED00136,11,form_code,-0.01649
MED00137,11,form_code,0.00378
MED00138,11,form_code,0.00434
MED00139,11,form_code,-0.00623
MED00140,11,form_code,0.00446
MED00141,11,form_code,-0.00757
MED00142,11,form_code,0.0131
MED00143,11,form_code,0.00747
MED00144,11,form_code,-0.00166
MED00145,11,form_code,0.00101
MED00146,11,form_code,-0.01581
MED00147,11,form_code,-0.00692
MED00148,11,form_code,-0.01058
MED00149,11,form_code,-0.00418
MED00150,11,form_code,-0.0002
MED00151,11,form_code,0.00337
MED00152,11,form_code,0.00146
MED00153,11,form_code,0.00609
MED00154,11,form_code,0.0229
MED00155,11,form_code,-0.01247
MED00156,11,form_code,0.00511
MED00157,11,form_code,0.00304
MED00158,11,form_code,-0.02122
MED00159,11,form_code,-0.01889
MED00160,11,form_code,-0.00213
MED00161,11,form_code,-0.0028
MED00162,11,form_code,0.00295
MED00163,11,form_code,-0.02269
MED00164,11,form_code,-0.01183
MED00165,11,form_code,-0.01721
MED00166,11,form_code,0.00204
MED00167,11,form_code,0.00741
MED00168,11,form_code,-0.01074
MED00169,11,form_code,0.00484
MED00170,11,form_code,0.00176
MED00171,11,form_code,-0.01167
MED00173,11,form_code,0.00388
MED00174,11,form_code,-0.00124
MED00175,11,form_code,-0.0058
MED00176,11,form_code,-0.04299
MED00177,11,form_code,-0.0243
MED00178,11,form_code,-0.01152
MED00179,11,form_code,0.0045
MED00180,11,form_code,-0.00938
MED00181,11,form_code,-0.00117
MED00182,11,form_code,-0.02746
MED00183,11,form_code,-0.04153
MED00184,11,form_code,-0.00294
MED00185,11,form_code,0.00706
MED00186,11,form_code,0.00248
MED00187,11,form_code,0.0069
MED00188,11,form_code,-0.00727
MED00189,11,form_code,0.02492
MED00190,11,form_code,0.00351
MED00191,11,form_code,0.01652
MED00192,11,form_code,0.06005
MED00193,11,form_code,-0.14333
MED00194,11,form_code,-0.02379
MED00195,11,form_code,-0.00331
MED00196,11,form_code,-0.0227
MED00197,11,form_code,-0.02514
MED00198,11,form_code,-0.00202
MED00199,11,form_code,0.00327
MED00200,11,form_code,0.00364
MED00201,11,form_code,-0.00263
MED00202,11,form_code,-0.00722
MED00203,11,form_code,0.00321
MED00204,11,form_code,-0.01253
MED00205,11,form_code,0.0247
MED00206,11,form_code,-0.02696
MED00207,11,form_code,0.00328
MED00208,11,form_code,0.01575
MED00209,11,form_code,-0.01582
MED00210,11,form_code,-0.00525
MED00211,11,form_code,-0.01336
MED00212,11,form_code,0.02785
MED00213,11,form_code,0.00062
MED00214,11,form_code,-0.0224
MED00215,11,form_code,0.0049
MED00216,11,form_code,-0.05157
MED00217,11,form_code,0.02073
MED00218,11,form_code,0.00568
MED00219,11,form_code,0.01916
MED00220,11,form_code,-0.01244
MED00221,11,form_code,-0.00309
MED00222,11,form_code,0.01188
MED00223,11,form_code,-0.05149
MED00224,11,form_code,-0.00604
MED00225,11,form_code,-0.00527
MED00226,11,form_code,-0.01419
MED00227,11,form_code,0.02094
MED00228,11,form_code,0.00482
MED00229,11,form_code,0.01535
MED00230,11,form_code,0.02052
MED00231,11,form_code,-0.01068
MED00232,11,form_code,-0.00366
MED00233,11,form_code,-0.02013
MED00234,11,form_code,-0.00609
MED00235,11,form_code,0.00815
MED00236,11,form_code,0.00224
MED00237,11,form_code,-0.00423
MED00238,11,form_code,0.00436
MED00239,11,form_code,0.00552
MED00240,11,form_code,-0.00477
MED00241,11,form_code,0.00101
MED00242,11,form_code,0.00431
MED00243,11,form_code,-0.10201
MED00244,11,form_code,0.00391
MED00245,11,form_code,0.00577
MED00246,11,form_code,-0.00994
MED00247,11,form_code,0.0154
MED00248,11,form_code,-0.01842
MED00249,11,form_code,-0.03667
MED00250,11,form_code,-0.04459
MED00251,11,form_code,-0.00186
MED00252,11,form_code,0.00975
MED00253,11,form_code,-0.00416
MED00254,11,form_code,0.00677
MED00255,11,form_code,-0.00649
MED00256,11,form_code,0.00455
MED00257,11,form_code,0.01423
MED00258,11,form_code,-0.01229
MED00259,11,form_code,-0.00968
MED00260,11,form_code,-0.00244
MED00261,11,form_code,-0.00087
MED00262,11,form_code,0.01233
MED00263,11,form_code,-0.00131
MED00264,11,form_code,0.01076
MED00265,11,form_code,0.00525
MED00266,11,form_code,0.02563
MED00267,11,form_code,-0.0071
MED00268,11,form_code,0.00789
MED00269,11,form_code,0.00435
MED00270,11,form_code,-0.00453
MED00271,11,form_code,0.00431
MED00272,11,form_code,0.00023
MED00273,11,form_code,-0.00053
MED00274,11,form_code,-0.02496
MED00275,11,form_code,0.05188
MED00276,11,form_code,-0.00955
MED00277,11,form_code,0.02478
MED00278,11,form_code,-0.01501
MED00279,11,form_code,0.00748
MED00280,11,form_code,0.0205
MED00281,11,form_code,0.03587
MED00282,11,form_code,0.02618
MED00283,11,form_code,0.00399
MED00284,11,form_code,0.00011
MED00285,11,form_code,-0.00964
MED00286,11,form_code,-0.00095
MED00287,11,form_code,-0.00539
MED00288,11,form_code,0.00535
MED00289,11,form_code,-0.01747
MED00290,11,form_code,-0.00575
MED00291,11,form_code,0.0138
MED00292,11,form_code,-0.00915
MED00293,11,form_code,0.01312
MED00294,11,form_code,0.00176
MED00295,11,form_code,-0.0205
MED00296,11,form_code,-0.00739
MED00297,11,form_code,-0.00225
MED00298,11,form_code,-0.00649
MED00299,11,form_code,-0.05319
MED00300,11,form_code,-0.00954
MED00301,11,form_code,-0.00432
MED00302,11,form_code,-0.00173
MED00303,11,form_code,0.00393
MED00304,11,form_code,-0.00192
MED00305,11,form_code,-0.00981
MED00306,11,form_code,-0.01784
MED00307,11,form_code,0.00991
MED00308,11,form_code,-0.01098
MED00309,11,form_code,-0.00185
MED00310,11,form_code,-0.00066
MED00311,11,form_code,-0.01511
MED00312,11,form_code,-0.02254
MED00313,11,form_code,-0.00031
MED00314,11,form_code,-0.02316
MED00315,11,form_code,0.01506
MED00316,11,form_code,0.00473
MED00317,11,form_code,0.00382
MED00318,11,form_code,-0.00275
MED00319,11,form_code,0.02334
MED00320,11,form_code,-0.00254
MED00321,11,form_code,-0.00525
MED00322,11,form_code,-0.03732
MED00323,11,form_code,-0.01379
MED00324,11,form_code,-0.00362
MED00325,11,form_code,0.00706
MED00326,11,form_code,-0.00197
MED00327,11,form_code,-0.00157
MED00328,11,form_code,0.00599
MED00329,11,form_code,0.02418
MED00330,11,form_code,-0.00256
MED00331,11,form_code,-0.00083
MED00332,11,form_code,-0.00139
MED00333,11,form_code,0.00423
MED00334,11,form_code,0.01665
MED00335,11,form_code,0.02861
MED00336,11,form_code,-0.02322
MED00337,11,form_code,-0.04369
MED00338,11,form_code,-0.03077
MED00339,11,form_code,-0.01033
MED00340,11,form_code,-0.00899
MED00341,11,form_code,-0.00909
MED00342,11,form_code,0.00372
MED00343,11,form_code,0.01772
MED00344,11,form_code,-0.00186
MED00345,11,form_code,-0.03921
MED00346,11,form_code,-0.00218
MED00347,11,form_code,0.03475
MED00348,11,form_code,-0.00808
MED00349,11,form_code,-0.01118
MED00350,11,form_code,-0.00134
MED00351,11,form_code,0.01751
MED00352,11,form_code,0.0018
MED00353,11,form_code,0.0009
MED00354,11,form_code,-0.00153
MED00355,11,form_code,-0.01175
MED00356,11,form_code,0.00177
MED00357,11,form_code,-0.0326
MED00358,11,form_code,-0.00267
MED00359,11,form_code,0.00153
MED00360,11,form_code,0.01334
MED00361,11,form_code,0.00391
MED00362,11,form_code,-0.00896
MED00363,11,form_code,0.00435
MED00364,11,form_code,0.03536
MED00365,11,form_code,0.0039
MED00366,11,form_code,-0.02062
MED00367,11,form_code,-0.01344
MED00368,11,form_code,-0.00274
MED00369,11,form_code,0.00282
MED00370,11,form_code,0.00725
MED00371,11,form_code,0.02302
MED00372,11,form_code,0.02392
MED00373,11,form_code,0.00197
MED00374,11,form_code,0.00099
MED00375,11,form_code,0.02124
MED00376,11,form_code,0.00452
MED00377,11,form_code,-0.00742
MED00378,11,form_code,-0.01161
MED00379,11,form_code,-0.00645
MED00380,11,form_code,0.00613
MED00381,11,form_code,0.00197
MED00382,11,form_code,-0.0112
MED00383,11,form_code,-0.01644
MED00384,11,form_code,-0.01137
MED00385,11,form_code,0.00195
MED00386,11,form_code,0.01929
MED00387,11,form_code,0.00141
MED00388,11,form_code,0.00624
MED00390,11,form_code,0.00345
MED00391,11,form_code,0.01014
MED00392,11,form_code,0.00495
MED00393,11,form_code,-0.0526
MED00394,11,form_code,0.03448
MED00395,11,form_code,0.02704
MED00396,11,form_code,0.00228
MED00397,11,form_code,0.00547
MED00398,11,form_code,0.00802
MED00399,11,form_code,0.00873
MED00400,11,form_code,0.0123
MED00401,11,form_code,0.01388
MED00402,11,form_code,0.00388
MED00403,11,form_code,0.01752
MED00404,11,form_code,-0.00444
MED00405,11,form_code,-0.01198
MED00406,11,form_code,-0.00679
MED00407,11,form_code,0.00206
MED00408,11,form_code,-0.00237
MED00409,11,form_code,-0.02907
MED00410,11,form_code,-0.00987
MED00411,11,form_code,0.00262
MED00412,11,form_code,0.0167
MED00413,11,form_code,0.01214
MED00414,11,form_code,0.03087
MED00415,11,form_code,0.01256
MED00416,11,form_code,-0.03033
MED00417,11,form_code,-0.00241
MED00418,11,form_code,-0.00047
MED00419,11,form_code,-0.02573
MED00420,11,form_code,-0.011
MED00421,11,form_code,0.00715
MED00422,11,form_code,0.00339
MED00423,11,form_code,0.01522
MED00424,11,form_code,0.0059
MED00001,12,form_code,0.03573
MED00002,12,form_code,-0.15482
MED00003,12,form_code,0.028
MED00004,12,form_code,-0.00046
MED00005,12,form_code,-0.00161
MED00006,12,form_code,0.0067
MED00007,12,form_code,0.00469
MED00008,12,form_code,-0.02017
MED00009,12,form_code,0.00112
MED00010,12,form_code,0.00488
MED00011,12,form_code,-0.03554
MED00012,12,form_code,-0.01503
MED00013,12,form_code,-0.00342
MED00014,12,form_code,0.00509
MED00015,12,form_code,0.01116
MED00016,12,form_code,-0.00529
MED00017,12,form_code,0.00391
MED00018,12,form_code,0.0155
MED00019,12,form_code,0.00781
MED00020,12,form_code,-0.09131
MED00021,12,form_code,0.0018
MED00022,12,form_code,0.00127
MED00023,12,form_code,-0.01979
MED00025,12,form_code,-0.03801
MED00026,12,form_code,-0.02466
MED00027,12,form_code,-0.03361
MED00028,12,form_code,-0.0213
MED00029,12,form_code,0.01738
MED00030,12,form_code,-0.0045
MED00031,12,form_code,-0.01682
MED00032,12,form_code,-0.00736
MED00033,12,form_code,-0.00212
MED00034,12,form_code,0.00848
MED00035,12,form_code,-0.01425
MED00036,12,form_code,-0.00818
MED00037,12,form_code,-0.00374
MED00038,12,form_code,0.00899
MED00039,12,form_code,-0.01098
MED00040,12,form_code,-0.00621
MED00041,12,form_code,-0.02678
MED00042,12,form_code,-0.0038
MED00043,12,form_code,0.01405
MED00044,12,form_code,-0.0051
MED00045,12,form_code,0.00513
MED00046,12,form_code,-0.01169
MED00047,12,form_code,0.00329
MED00048,12,form_code,0.01526
MED00049,12,form_code,-0.04666
MED00050,12,form_code,0.00146
MED00051,12,form_code,0.1453
MED00052,12,form_code,0.01536
MED00053,12,form_code,-0.00321
MED00054,12,form_code,0.00616
MED00055,12,form_code,-0.01004
MED00056,12,form_code,0.00176
MED00057,12,form_code,0.0085
MED00058,12,form_code,0.00585
MED00059,12,form_code,-0.00897
MED00060,12,form_code,-0.01354
MED00061,12,form_code,0.00787
MED00062,12,form_code,-0.04112
MED00063,12,form_code,-0.05857
MED00064,12,form_code,0.00686
MED00065,12,form_code,0.00804
MED00066,12,form_code,0.01164
MED00067,12,form_code,-0.00074
MED00068,12,form_code,-0.0014
MED00069,12,form_code,-0.00519
MED00070,12,form_code,-0.03745
MED00071,12,form_code,-0.00449
MED00072,12,form_code,-0.00143
MED00073,12,form_code,-0.0058
MED00074,12,form_code,-0.00153
MED00075,12,form_code,0.00111
MED00076,12,form_code,0.02436
MED00077,12,form_code,0.00713
MED00078,12,form_code,0.00023
MED00079,12,form_code,0.00736
MED00080,12,form_code,0.0129
MED00081,12,form_code,0.05612
MED00082,12,form_code,-0.00324
MED00083,12,form_code,-0.02011
MED00084,12,form_code,0.00647
MED00085,12,form_code,-0.00775
MED00086,12,form_code,-0.02318
MED00087,12,form_code,0.00161
MED00088,12,form_code,0.00838
MED00089,12,form_code,0.0069
MED00090,12,form_code,-0.00667
MED00091,12,form_code,-0.00073
MED00092,12,form_code,-0.0009
MED00093,12,form_code,-0.02002
MED00094,12,form_code,-0.01423
MED00095,12,form_code,-0.00552
MED00096,12,form_code,0.02511
MED00097,12,form_code,-0.02202
MED00098,12,form_code,0.01039
MED00099,12,form_code,-0.03103
MED00100,12,form_code,0.04058
MED00101,12,form_code,-0.00491
MED00102,12,form_code,0.00415
MED00103,12,form_code,-0.00698
MED00104,12,form_code,-0.01499
MED00105,12,form_code,0.01999
MED00106,12,form_code,-0.05485
MED00107,12,form_code,-0.01653
MED00108,12,form_code,-0.00757
MED00109,12,form_code,0.01162
MED00110,12,form_code,0.006
MED00111,12,form_code,-0.01322
MED00112,12,form_code,0.00029
MED00113,12,form_code,-0.00428
MED00114,12,form_code,0.0197
MED00115,12,form_code,0.00139
MED00116,12,form_code,-0.00387
MED00117,12,form_code,0.00146
MED00118,12,form_code,0.00276
MED00119,12,form_code,-0.01327
MED00120,12,form_code,-0.04475
MED00121,12,form_code,-0.00765
MED00122,12,form_code,0.00157
MED00123,12,form_code,-0.02376
MED00124,12,form_code,-0.01706
MED00125,12,form_code,0.0239
MED00126,12,form_code,0.0016
MED00127,12,form_code,0.00933
MED00128,12,form_code,-0.01355
MED00129,12,form_code,0.00238
MED00130,12,form_code,-0.04625
MED00131,12,form_code,-0.01581
MED00132,12,form_code,-0.02882
MED00133,12,form_code,-0.02225
MED00134,12,form_code,0.0068
MED00135,12,form_code,0.02497
MED00136,12,form_code,-0.01943
MED00137,12,form_code,0.00467
MED00138,12,form_code,0.00193
MED00139,12,form_code,-0.00528
MED00140,12,form_code,0.00476
MED00141,12,form_code,-0.00815
MED00142,12,form_code,0.01257
MED00143,12,form_code,0.00539
MED00144,12,form_code,-0.00149
MED00145,12,form_code,0.00605
MED00146,12,form_code,-0.01566
MED00147,12,form_code,-0.00836
MED00148,12,form_code,-0.01322
MED00149,12,form_code,-0.00405
MED00151,12,form_code,0.00117
MED00152,12,form_code,-0.00011
MED00153,12,form_code,0.0063
MED00154,12,form_code,0.02359
MED00155,12,form_code,-0.01375
MED00156,12,form_code,0.00568
MED00157,12,form_code,0.00043
MED00158,12,form_code,-0.03078
MED00159,12,form_code,-0.0237
MED00160,12,form_code,-0.00234
MED00161,12,form_code,-0.00268
MED00162,12,form_code,0.00114
MED00163,12,form_code,-0.02826
MED00164,12,form_code,-0.01293
MED00165,12,form_code,-0.01879
MED00166,12,form_code,0.00016
MED00167,12,form_code,0.00614
MED00168,12,form_code,-0.01183
MED00169,12,form_code,0.00529
MED00170,12,form_code,-0.00097
MED00171,12,form_code,-0.01274
MED00172,12,form_code,0.00014
MED00173,12,form_code,0.00392
MED00174,12,form_code,-0.00108
MED00175,12,form_code,-0.0135
MED00176,12,form_code,-0.04796
MED00177,12,form_code,-0.03297
MED00178,12,form_code,-0.02168
MED00179,12,form_code,0.00484
MED00180,12,form_code,-0.01102
MED00181,12,form_code,-0.00119
MED00182,12,form_code,-0.02564
MED00183,12,form_code,-0.04031
MED00184,12,form_code,-0.00228
MED00185,12,form_code,0.00682
MED00186,12,form_code,0.00058
MED00187,12,form_code,0.00724
MED00188,12,form_code,-0.00681
MED00189,12,form_code,0.0318
MED00190,12,form_code,0.00378
MED00191,12,form_code,0.01657
MED00192,12,form_code,0.06644
MED00193,12,form_code,-0.15919
MED00194,12,form_code,-0.02361
MED00195,12,form_code,-0.003
MED00196,12,form_code,-0.02241
MED00197,12,form_code,-0.02479
MED00198,12,form_code,-0.00339
MED00199,12,form_code,0.00366
MED00200,12,form_code,0.00389
MED00201,12,form_code,-0.002
MED00202,12,form_code,-0.00891
MED00203,12,form_code,0.00325
MED00204,12,form_code,-0.0136
MED00205,12,form_code,0.02228
MED00206,12,form_code,-0.0277
MED00207,12,form_code,0.00377
MED00208,12,form_code,0.01601
MED00209,12,form_code,-0.018
MED00210,12,form_code,-0.00709
MED00211,12,form_code,-0.01393
MED00212,12,form_code,0.02711
MED00213,12,form_code,0.00109
MED00214,12,form_code,-0.0236
MED00215,12,form_code,0.00509
MED00216,12,form_code,-0.05868
MED00217,12,form_code,0.02507
MED00218,12,form_code,0.00321
MED00219,12,form_code,0.01953
MED00220,12,form_code,-0.01351
MED00221,12,form_code,-0.00356
MED00222,12,form_code,0.01239
MED00223,12,form_code,-0.05485
MED00224,12,form_code,-0.0072
MED00225,12,form_code,-0.00616
MED00226,12,form_code,-0.01588
MED00227,12,form_code,0.02161
MED00228,12,form_code,0.00208
MED00229,12,form_code,0.01748
MED00230,12,form_code,0.02104
MED00231,12,form_code,-0.01235
MED00232,12,form_code,-0.00271
MED00233,12,form_code,-0.02827
MED00234,12,form_code,-0.00745
MED00235,12,form_code,0.01079
MED00236,12,form_code,0.00141
MED00237,12,form_code,-0.00396
MED00238,12,form_code,0.00503
MED00239,12,form_code,0.00288
MED00240,12,form_code,-0.00557
MED00241,12,form_code,0.00124
MED00242,12,form_code,0.0047
MED00243,12,form_code,-0.11319
MED00244,12,form_code,0.00412
MED00245,12,form_code,0.00862
MED00246,12,form_code,-0.01079
MED00247,12,form_code,0.01568
MED00248,12,form_code,-0.02074
MED00249,12,form_code,-0.04015
MED00250,12,form_code,-0.04613
MED00251,12,form_code,-0.00156
MED00252,12,form_code,0.01038
MED00253,12,form_code,-0.003
MED00254,12,form_code,0.00742
MED00255,12,form_code,-0.00733
MED00256,12,form_code,0.00538
MED00257,12,form_code,0.00441
MED00258,12,form_code,-0.01285
MED00259,12,form_code,-0.01034
MED00260,12,form_code,-0.0016
MED00261,12,form_code,-0.00026
MED00262,12,form_code,0.00265
MED00263,12,form_code,-0.00109
MED00264,12,form_code,0.011
MED00265,12,form_code,0.00277
MED00266,12,form_code,0.02636
MED00267,12,form_code,-0.00798
MED00268,12,form_code,0.00563
MED00269,12,form_code,0.00461
MED00270,12,form_code,-0.00467
MED00271,12,form_code,0.00441
MED00272,12,form_code,0.00043
MED00274,12,form_code,-0.03177
MED00275,12,form_code,0.05077
MED00276,12,form_code,-0.01075
MED00277,12,form_code,0.03189
MED00278,12,form_code,-0.01592
MED00279,12,form_code,0.00821
MED00280,12,form_code,0.02496
MED00281,12,form_code,0.03583
MED00282,12,form_code,0.02591
MED00283,12,form_code,0.00407
MED00284,12,form_code,0.00046
MED00285,12,form_code,-0.01018
MED00286,12,form_code,-0.0006
MED00287,12,form_code,-0.00615
MED00288,12,form_code,0.00605
MED00289,12,form_code,-0.01863
MED00290,12,form_code,-0.00695
MED00291,12,form_code,0.01572
MED00292,12,form_code,-0.01044
MED00293,12,form_code,0.01279
MED00294,12,form_code,0.00211
MED00295,12,form_code,-0.03006
MED00296,12,form_code,-0.00811
MED00297,12,form_code,-0.00209
MED00298,12,form_code,-0.00725
MED00299,12,form_code,-0.05649
MED00300,12,form_code,-0.01108
MED00301,12,form_code,-0.00525
MED00302,12,form_code,-0.00312
MED00303,12,form_code,0.00409
MED00304,12,form_code,-0.00178
MED00305,12,form_code,-0.01081
MED00306,12,form_code,-0.02936
MED00307,12,form_code,0.01112
MED00308,12,form_code,-0.01441
MED00309,12,form_code,-0.00175
MED00310,12,form_code,-0.00061
MED00311,12,form_code,-0.01632
MED00312,12,form_code,-0.02425
MED00314,12,form_code,-0.02544
MED00315,12,form_code,0.0127
MED00316,12,form_code,0.00248
MED00317,12,form_code,0.00387
MED00318,12,form_code,-0.00353
MED00319,12,form_code,0.02157
MED00320,12,form_code,-0.00285
MED00321,12,form_code,-0.00625
MED00322,12,form_code,-0.04501
MED00323,12,form_code,-0.02112
MED00324,12,form_code,-0.00477
MED00325,12,form_code,0.00456
MED00326,12,form_code,-0.00172
MED00327,12,form_code,-0.00057
MED00328,12,form_code,0.00337
MED00329,12,form_code,0.0218
MED00330,12,form_code,-0.00239
MED00331,12,form_code,-0.00308
MED00332,12,form_code,-0.00052
MED00333,12,form_code,0.00334
MED00334,12,form_code,0.01732
MED00335,12,form_code,0.01534
MED00336,12,form_code,-0.02424
MED00337,12,form_code,-0.05827
MED00338,12,form_code,-0.03411
MED00339,12,form_code,-0.01135
MED00340,12,form_code,-0.01033
MED00341,12,form_code,-0.01002
MED00342,12,form_code,0.00381
MED00343,12,form_code,0.01595
MED00344,12,form_code,-0.00156
MED00345,12,form_code,-0.04721
MED00346,12,form_code,-0.00516
MED00347,12,form_code,0.04067
MED00348,12,form_code,-0.00988
MED00349,12,form_code,-0.01249
MED00350,12,form_code,-0.00083
MED00351,12,form_code,0.01804
MED00352,12,form_code,0.00294
MED00353,12,form_code,0.00146
MED00354,12,form_code,-0.00101
MED00355,12,form_code,-0.01253
MED00356,12,form_code,0.00183
MED00357,12,form_code,-0.03279
MED00358,12,form_code,-0.00247
MED00359,12,form_code,-0.00042
MED00360,12,form_code,0.01277
MED00361,12,form_code,0.00138
MED00362,12,form_code,-0.01124
MED00363,12,form_code,0.0021
MED00364,12,form_code,0.04122
MED00365,12,form_code,0.0017
MED00366,12,form_code,-0.02184
MED00367,12,form_code,-0.01454
MED00368,12,form_code,-0.0029
MED00369,12,form_code,0.00016
MED00370,12,form_code,0.00785
MED00371,12,form_code,0.02366
MED00372,12,form_code,0.02224
MED00373,12,form_code,0.00724
MED00374,12,form_code,0.00176
MED00375,12,form_code,0.02225
MED00376,12,form_code,0.00473
MED00377,12,form_code,-0.01987
MED00378,12,form_code,-0.01424
MED00379,12,form_code,-0.00787
MED00380,12,form_code,0.00664
MED00381,12,form_code,0.00231
MED00382,12,form_code,-0.01245
MED00383,12,form_code,-0.0177
MED00384,12,form_code,-0.01263
MED00385,12,form_code,0.00261
MED00386,12,form_code,0.02001
MED00387,12,form_code,0.00172
MED00388,12,form_code,0.00952
MED00389,12,form_code,0.00026
MED00390,12,form_code,0.00381
MED00391,12,form_code,0.00548
MED00392,12,form_code,0.00593
MED00393,12,form_code,-0.0556
MED00394,12,form_code,0.03378
MED00395,12,form_code,0.02638
MED00396,12,form_code,0.00283
MED00397,12,form_code,0.00658
MED00398,12,form_code,0.01169
MED00399,12,form_code,0.01231
MED00400,12,form_code,0.01606
MED00401,12,form_code,0.01425
MED00402,12,form_code,0.00416
MED00403,12,form_code,0.01768
MED00404,12,form_code,-0.00425
MED00405,12,form_code,-0.0126
MED00406,12,form_code,-0.00769
MED00407,12,form_code,0.00234
MED00408,12,form_code,-0.00219
MED00409,12,form_code,-0.03016
MED00410,12,form_code,-0.01119
MED00411,12,form_code,0.00366
MED00412,12,form_code,0.01274
MED00413,12,form_code,0.01279
MED00414,12,form_code,0.03069
MED00415,12,form_code,0.01361
MED00416,12,form_code,-0.0342
MED00417,12,form_code,-0.0019
MED00418,12,form_code,0.00021
MED00419,12,form_code,-0.02773
MED00420,12,form_code,-0.01361
MED00421,12,form_code,0.00717
MED00422,12,form_code,0.00443
MED00423,12,form_code,0.01619
MED00424,12,form_code,0.00922
MED00001,1,season_code,0.00979
MED00002,1,season_code,-0.00377
MED00003,1,season_code,0.00412
MED00004,1,season_code,0.00368
MED00005,1,season_code,0.00486
MED00006,1,season_code,0.01963
MED00007,1,season_code,0.00994
MED00008,1,season_code,0.01773
MED00009,1,season_code,0.01029
MED00010,1,season_code,0.0063
MED00011,1,season_code,0.00035
MED00012,1,season_code,0.01918
MED00013,1,season_code,0.01106
MED00014,1,season_code,0.01222
MED00015,1,season_code,0.01714
MED00016,1,season_code,0.01515
MED00017,1,season_code,0.01474
MED00018,1,season_code,0.00433
MED00019,1,season_code,0.00497
MED00020,1,season_code,-0.00111
MED00021,1,season_code,0.00933
MED00022,1,season_code,0.01388
MED00023,1,season_code,0.02957
MED00024,1,season_code,0.01434
MED00025,1,season_code,-0.00738
MED00026,1,season_code,-0.0007
MED00027,1,season_code,-0.00531
MED00028,1,season_code,0.01529
MED00029,1,season_code,0.00593
MED00030,1,season_code,0.00793
MED00031,1,season_code,0.00828
MED00032,1,season_code,0.01439
MED00033,1,season_code,0.00569
MED00034,1,season_code,0.00415
MED00035,1,season_code,-0.00146
MED00036,1,season_code,0.01033
MED00037,1,season_code,0.00148
MED00038,1,season_code,0.00747
MED00039,1,season_code,0.0038
MED00040,1,season_code,0.0055
MED00041,1,season_code,-0.00293
MED00042,1,season_code,0.01492
MED00043,1,season_code,0.00727
MED00044,1,season_code,0.01447
MED00045,1,season_code,0.01719
MED00046,1,season_code,0.01178
MED00047,1,season_code,0.01348
MED00048,1,season_code,0.00691
MED00049,1,season_code,-0.00797
MED00050,1,season_code,0.01547
MED00051,1,season_code,-0.00637
MED00052,1,season_code,0.01185
MED00053,1,season_code,0.01251
MED00054,1,season_code,0.01303
MED00055,1,season_code,0.00259
MED00056,1,season_code,0.00373
MED00057,1,season_code,0.0062
MED00058,1,season_code,0.01885
MED00059,1,season_code,0.01384
MED00060,1,season_code,0.0081
MED00061,1,season_code,0.01372
MED00062,1,season_code,0.01311
MED00063,1,season_code,0.00386
MED00064,1,season_code,0.00385
MED00065,1,season_code,0.0073
MED00066,1,season_code,0.01
MED00067,1,season_code,0.01289
MED00068,1,season_code,0.00619
MED00069,1,season_code,0.01535
MED00070,1,season_code,0.00449
MED00071,1,season_code,0.01327
MED00072,1,season_code,0.01397
MED00073,1,season_code,0.01177
MED00074,1,season_code,0.0097
MED00075,1,season_code,0.01474
MED00076,1,season_code,-0.00671
MED00077,1,season_code,0.01676
MED00078,1,season_code,0.01272
MED00079,1,season_code,0.00085
MED00080,1,season_code,0.00992
MED00081,1,season_code,0.00279
MED00082,1,season_code,0.01349
MED00083,1,season_code,0.00338
MED00084,1,season_code,0.00507
MED00085,1,season_code,0.01369
MED00086,1,season_code,-0.00392
MED00087,1,season_code,0.01587
MED00088,1,season_code,0.00281
MED00089,1,season_code,0.00171
MED00090,1,season_code,0.02014
MED00091,1,season_code,0.01334
MED00092,1,season_code,0.01396
MED00093,1,season_code,-0.00911
MED00094,1,season_code,0.0117
MED00095,1,season_code,0.01178
MED00096,1,season_code,0.01201
MED00097,1,season_code,0.00228
MED00098,1,season_code,0.01134
MED00099,1,season_code,-0.00322
MED00100,1,season_code,0.00194
MED00101,1,season_code,0.01187
MED00102,1,season_code,0.00888
MED00103,1,season_code,0.01881
MED00104,1,season_code,0.01166
MED00105,1,season_code,0.00538
MED00106,1,season_code,-0.00019
MED00107,1,season_code,0.01168
MED00108,1,season_code,0.01278
MED00109,1,season_code,0.00152
MED00110,1,season_code,0.01226
MED00111,1,season_code,0.01407
MED00112,1,season_code,0.01631
MED00113,1,season_code,0.01862
MED00114,1,season_code,0.00143
MED00115,1,season_code,0.01763
MED00116,1,season_code,-0.00621
MED00117,1,season_code,0.01833
MED00118,1,season_code,0.01615
MED00119,1,season_code,0.01735
MED00120,1,season_code,0.00779
MED00121,1,season_code,0.01433
MED00122,1,season_code,0.01195
MED00123,1,season_code,0.00273
MED00124,1,season_code,0.01234
MED00125,1,season_code,-0.00211
MED00126,1,season_code,0.00186
MED00127,1,season_code,0.01421
MED00128,1,season_code,0.0199
MED00129,1,season_code,0.01822
MED00130,1,season_code,-0.00781
MED00131,1,season_code,0.0185
MED00132,1,season_code,-0.00915
MED00133,1,season_code,0.00116
MED00134,1,season_code,-0.00449
MED00135,1,season_code,-0.0073
MED00136,1,season_code,0.01244
MED00137,1,season_code,0.01559
MED00138,1,season_code,0.0172
MED00139,1,season_code,0.01561
MED00140,1,season_code,0.0142
MED00141,1,season_code,0.01155
MED00142,1,season_code,0.01522
MED00143,1,season_code,0.01949
MED00144,1,season_code,0.01647
MED00145,1,season_code,0.01494
MED00146,1,season_code,0.01223
MED00147,1,season_code,0.01714
MED00148,1,season_code,0.00861
MED00149,1,season_code,0.01364
MED00150,1,season_code,0.02592
MED00151,1,season_code,0.01824
MED00152,1,season_code,0.01986
MED00153,1,season_code,0.01872
MED00154,1,season_code,0.00385
MED00155,1,season_code,0.01577
MED00156,1,season_code,0.01289
MED00157,1,season_code,0.01218
MED00158,1,season_code,-0.00911
MED00159,1,season_code,-0.00357
MED00160,1,season_code,0.01482
MED00161,1,season_code,0.01407
MED00162,1,season_code,0.02242
MED00163,1,season_code,0.00474
MED00164,1,season_code,0.02028
MED00165,1,season_code,0.0029
MED00166,1,season_code,0.02192
MED00167,1,season_code,0.0148
MED00168,1,season_code,0.0198
MED00169,1,season_code,0.01549
MED00170,1,season_code,0.01716
MED00171,1,season_code,0.01844
MED00172,1,season_code,0.01929
MED00173,1,season_code,0.0144
MED00174,1,season_code,0.00865
MED00175,1,season_code,0.01012
MED00176,1,season_code,-0.00435
MED00177,1,season_code,0.0041
MED00178,1,season_code,0.0067
MED00179,1,season_code,-0.00137
MED00180,1,season_code,0.02047
MED00181,1,season_code,0.01529
MED00182,1,season_code,-0.00082
MED00183,1,season_code,0.00101
MED00184,1,season_code,0.00577
MED00185,1,season_code,0.01974
MED00186,1,season_code,0.01992
MED00187,1,season_code,0.01121
MED00188,1,season_code,0.01279
MED00189,1,season_code,-0.00624
MED00190,1,season_code,0.01484
MED00191,1,season_code,0.00495
MED00192,1,season_code,-0.00818
MED00193,1,season_code,-0.00211
MED00194,1,season_code,0.00856
MED00195,1,season_code,0.0089
MED00196,1,season_code,0.0086
MED00197,1,season_code,0.01204
MED00198,1,season_code,0.017
MED00199,1,season_code,0.01685
MED00200,1,season_code,0.01703
MED00201,1,season_code,0.00692
MED00202,1,season_code,0.0216
MED00203,1,season_code,0.0137
MED00204,1,season_code,0.02082
MED00205,1,season_code,0.00736
MED00206,1,season_code,0.02898
MED00207,1,season_code,0.01469
MED00208,1,season_code,0.00666
MED00209,1,season_code,0.00967
MED00210,1,season_code,0.00814
MED00211,1,season_code,0.01507
MED00212,1,season_code,0.01532
MED00213,1,season_code,-0.00464
MED00214,1,season_code,0.00848
MED00215,1,season_code,0.01804
MED00216,1,season_code,-0.00532
MED00217,1,season_code,-0.00685
MED00218,1,season_code,0.01383
MED00219,1,season_code,0.00304
MED00220,1,season_code,0.01607
MED00221,1,season_code,0.01263
MED00222,1,season_code,0.00827
MED00223,1,season_code,-0.01013
MED00224,1,season_code,0.01942
MED00225,1,season_code,0.00983
MED00226,1,season_code,0.00888
MED00227,1,season_code,0.00473
MED00228,1,season_code,0.01421
MED00229,1,season_code,0.00885
MED00230,1,season_code,0.00322
MED00231,1,season_code,0.01834
MED00232,1,season_code,0.01539
MED00233,1,season_code,-0.0018
MED00234,1,season_code,0.0155
MED00235,1,season_code,0.0066
MED00236,1,season_code,0.01546
MED00237,1,season_code,0.01354
MED00238,1,season_code,0.01804
MED00239,1,season_code,0.01315
MED00240,1,season_code,0.01011
MED00241,1,season_code,0.01827
MED00242,1,season_code,0.00311
MED00243,1,season_code,-0.00304
MED00244,1,season_code,0.01804
MED00245,1,season_code,0.00501
MED00246,1,season_code,0.01308
MED00247,1,season_code,0.00724
MED00248,1,season_code,0.01532
MED00249,1,season_code,-0.00253
MED00250,1,season_code,-0.00072
MED00251,1,season_code,0.01596
MED00252,1,season_code,0.00074
MED00253,1,season_code,0.01619
MED00254,1,season_code,0.00073
MED00255,1,season_code,0.01262
MED00256,1,season_code,0.02278
MED00257,1,season_code,0.00862
MED00258,1,season_code,0.0131
MED00259,1,season_code,0.013
MED00260,1,season_code,0.01556
MED00261,1,season_code,0.0047
MED00262,1,season_code,0.01045
MED00263,1,season_code,0.01266
MED00264,1,season_code,-0.00566
MED00265,1,season_code,0.01309
MED00266,1,season_code,-0.00185
MED00267,1,season_code,0.01578
MED00268,1,season_code,0.01433
MED00269,1,season_code,0.01926
MED00270,1,season_code,0.01488
MED00271,1,season_code,0.0164
MED00272,1,season_code,0.00892
MED00273,1,season_code,0.01186
MED00274,1,season_code,0.00037
MED00275,1,season_code,0.00747
MED00276,1,season_code,0.01518
MED00277,1,season_code,-0.00622
MED00278,1,season_code,0.01039
MED00279,1,season_code,0.00253
MED00280,1,season_code,-0.00668
MED00281,1,season_code,0.01006
MED00282,1,season_code,0.01192
MED00283,1,season_code,0.01809
MED00284,1,season_code,0.0155
MED00285,1,season_code,0.01491
MED00286,1,season_code,0.01168
MED00287,1,season_code,0.01396
MED00288,1,season_code,0.00452
MED00289,1,season_code,0.00917
MED00290,1,season_code,0.01545
MED00291,1,season_code,-0.00268
MED00292,1,season_code,0.01748
MED00293,1,season_code,0.01253
MED00294,1,season_code,0.01107
MED00295,1,season_code,-0.00207
MED00296,1,season_code,0.01192
MED00297,1,season_code,0.01547
MED00298,1,season_code,0.01396
MED00299,1,season_code,-0.00034
MED00300,1,season_code,0.0183
MED00301,1,season_code,0.01444
MED00302,1,season_code,0.00161
MED00303,1,season_code,0.01016
MED00304,1,season_code,0.01206
MED00305,1,season_code,0.01957
MED00306,1,season_code,-0.00176
MED00307,1,season_code,0.00442
MED00308,1,season_code,0.00613
MED00309,1,season_code,0.01213
MED00310,1,season_code,0.01202
MED00311,1,season_code,0.00461
MED00312,1,season_code,-0.00181
MED00313,1,season_code,0.00111
MED00314,1,season_code,-0.01274
MED00315,1,season_code,0.00978
MED00316,1,season_code,0.01459
MED00317,1,season_code,0.01455
MED00318,1,season_code,0.0116
MED00319,1,season_code,0.00848
MED00320,1,season_code,0.00277
MED00321,1,season_code,0.00234
MED00322,1,season_code,-0.00801
MED00323,1,season_code,0.00528
MED00324,1,season_code,0.02116
MED00325,1,season_code,0.01175
MED00326,1,season_code,0.011
MED00327,1,season_code,0.01516
MED00328,1,season_code,0.01135
MED00329,1,season_code,0.00922
MED00330,1,season_code,0.01211
MED00331,1,season_code,0.01881
MED00332,1,season_code,0.01271
MED00333,1,season_code,0.01316
MED00334,1,season_code,0.00437
MED00335,1,season_code,0.00209
MED00336,1,season_code,0.00957
MED00337,1,season_code,0.00557
MED00338,1,season_code,-0.00315
MED00339,1,season_code,0.01631
MED00340,1,season_code,0.01141
MED00341,1,season_code,0.01382
MED00342,1,season_code,0.01722
MED00343,1,season_code,0.00958
MED00344,1,season_code,0.00424
MED00345,1,season_code,-0.0081
MED00346,1,season_code,0.01832
MED00347,1,season_code,-0.00114
MED00348,1,season_code,0.01922
MED00349,1,season_code,0.01846
MED00350,1,season_code,-0.00615
MED00351,1,season_code,0.00183
MED00352,1,season_code,0.00215
MED00353,1,season_code,-0.0126
MED00354,1,season_code,0.00379
MED00355,1,season_code,0.01425
MED00356,1,season_code,0.01537
MED00357,1,season_code,-0.00269
MED00358,1,season_code,0.01
MED00359,1,season_code,0.01806
MED00360,1,season_code,0.01725
MED00361,1,season_code,0.014
MED00362,1,season_code,0.01679
MED00363,1,season_code,0.01596
MED00364,1,season_code,-0.00183
MED00365,1,season_code,0.01787
MED00366,1,season_code,0.01088
MED00367,1,season_code,0.01871
MED00368,1,season_code,0.01182
MED00369,1,season_code,0.00748
MED00370,1,season_code,0.00795
MED00371,1,season_code,0.00324
MED00372,1,season_code,-0.0016
MED00373,1,season_code,0.0157
MED00374,1,season_code,0.01418
MED00375,1,season_code,0.00319
MED00376,1,season_code,0.01612
MED00377,1,season_code,0.01069
MED00378,1,season_code,0.02118
MED00379,1,season_code,0.00508
MED00380,1,season_code,0.00018
MED00381,1,season_code,0.00886
MED00382,1,season_code,0.01433
MED00383,1,season_code,0.01209
MED00384,1,season_code,0.01825
MED00385,1,season_code,0.00981
MED00386,1,season_code,0.01053
MED00387,1,season_code,0.00813
MED00388,1,season_code,0.00239
MED00389,1,season_code,0.00747
MED00390,1,season_code,0.00952
MED00391,1,season_code,0.00991
MED00392,1,season_code,0.00905
MED00393,1,season_code,0.01012
MED00394,1,season_code,0.0105
MED00395,1,season_code,0.00836
MED00396,1,season_code,0.00784
MED00397,1,season_code,0.00479
MED00398,1,season_code,-0.00044
MED00399,1,season_code,-0.00187
MED00400,1,season_code,0.00355
MED00401,1,season_code,0.02375
MED00402,1,season_code,0.0123
MED00403,1,season_code,0.00394
MED00404,1,season_code,0.01088
MED00405,1,season_code,0.00818
MED00406,1,season_code,0.00872
MED00407,1,season_code,0.01552
MED00408,1,season_code,0.01977
MED00409,1,season_code,0.01066
MED00410,1,season_code,0.01278
MED00411,1,season_code,0.00905
MED00412,1,season_code,0.00912
MED00413,1,season_code,0.01232
MED00414,1,season_code,0.00978
MED00415,1,season_code,0.0081
MED00416,1,season_code,0.00847
MED00417,1,season_code,0.00683
MED00418,1,season_code,0.00861
MED00419,1,season_code,0.00787
MED00420,1,season_code,0.01398
MED00421,1,season_code,0.01222
MED00422,1,season_code,0.01048
MED00423,1,season_code,0.00798
MED00424,1,season_code,0.00747
MED00001,2,season_code,0.01032
MED00002,2,season_code,-0.00393
MED00003,2,season_code,0.00388
MED00004,2,season_code,0.00437
MED00005,2,season_code,0.0053
MED00006,2,season_code,0.01997
MED00007,2,season_code,0.01666
MED00008,2,season_code,0.01795
MED00009,2,season_code,0.01082
MED00010,2,season_code,0.00708
MED00011,2,season_code,0.00677
MED00012,2,season_code,0.01978
MED00013,2,season_code,0.01174
MED00014,2,season_code,0.01265
MED00015,2,season_code,0.017
MED00016,2,season_code,0.01583
MED00017,2,season_code,0.01549
MED00018,2,season_code,0.00841
MED00019,2,season_code,0.01135
MED00020,2,season_code,-0.00025
MED00021,2,season_code,0.00973
MED00022,2,season_code,0.01416
MED00023,2,season_code,0.03009
MED00024,2,season_code,0.01453
MED00025,2,season_code,-0.00356
MED00026,2,season_code,-0.00066
MED00027,2,season_code,-0.00527
MED00028,2,season_code,0.01538
MED00029,2,season_code,0.00618
MED00030,2,season_code,0.00821
MED00031,2,season_code,0.00852
MED00032,2,season_code,0.01515
MED00033,2,season_code,0.0062
MED00034,2,season_code,0.00502
MED00035,2,season_code,-0.00096
MED00036,2,season_code,0.01022
MED00037,2,season_code,0.00175
MED00038,2,season_code,0.00782
MED00039,2,season_code,0.00431
MED00040,2,season_code,0.00582
MED00041,2,season_code,-0.00296
MED00042,2,season_code,0.01564
MED00043,2,season_code,0.00703
MED00044,2,season_code,0.01467
MED00045,2,season_code,0.01779
MED00046,2,season_code,0.01205
MED00047,2,season_code,0.01423
MED00048,2,season_code,0.00766
MED00049,2,season_code,-0.00821
MED00050,2,season_code,0.01624
MED00051,2,season_code,-0.0066
MED00052,2,season_code,0.01182
MED00053,2,season_code,0.01268
MED00054,2,season_code,0.0132
MED00055,2,season_code,0.00316
MED00056,2,season_code,0.00384
MED00057,2,season_code,0.00637
MED00058,2,season_code,0.01956
MED00059,2,season_code,0.01454
MED00060,2,season_code,0.00878
MED00061,2,season_code,0.01364
MED00062,2,season_code,0.01396
MED00063,2,season_code,0.00364
MED00064,2,season_code,0.00606
MED00065,2,season_code,0.01059
MED00066,2,season_code,0.00986
MED00067,2,season_code,0.0132
MED00068,2,season_code,0.00637
MED00069,2,season_code,0.01578
MED00070,2,season_code,0.00482
MED00071,2,season_code,0.01347
MED00072,2,season_code,0.01432
MED00073,2,season_code,0.0121
MED00074,2,season_code,0.01005
MED00075,2,season_code,0.01512
MED00076,2,season_code,-0.00672
MED00077,2,season_code,0.01714
MED00078,2,season_code,0.01301
MED00079,2,season_code,0.00168
MED00080,2,season_code,0.01025
MED00081,2,season_code,0.00255
MED00082,2,season_code,0.01376
MED00083,2,season_code,0.00439
MED00084,2,season_code,0.0087
MED00085,2,season_code,0.01437
MED00086,2,season_code,-0.00346
MED00087,2,season_code,0.01625
MED00088,2,season_code,0.00372
MED00089,2,season_code,0.00259
MED00090,2,season_code,0.02064
MED00091,2,season_code,0.01352
MED00092,2,season_code,0.01427
MED00093,2,season_code,-0.00909
MED00094,2,season_code,0.01173
MED00095,2,season_code,0.01255
MED00096,2,season_code,0.01245
MED00097,2,season_code,0.00275
MED00098,2,season_code,0.01209
MED00099,2,season_code,-0.00318
MED00100,2,season_code,0.00194
MED00101,2,season_code,0.01268
MED00102,2,season_code,0.00915
MED00103,2,season_code,0.01966
MED00104,2,season_code,0.01246
MED00105,2,season_code,0.00628
MED00106,2,season_code,-0.00042
MED00107,2,season_code,0.01244
MED00108,2,season_code,0.01358
MED00109,2,season_code,0.00604
MED00110,2,season_code,0.01293
MED00111,2,season_code,0.01385
MED00112,2,season_code,0.01707
MED00113,2,season_code,0.0193
MED00114,2,season_code,0.00193
MED00115,2,season_code,0.01837
MED00116,2,season_code,-0.00534
MED00117,2,season_code,0.01898
MED00118,2,season_code,0.01641
MED00119,2,season_code,0.01795
MED00120,2,season_code,0.00863
MED00121,2,season_code,0.01609
MED00122,2,season_code,0.01269
MED00123,2,season_code,0.00274
MED00124,2,season_code,0.01309
MED00125,2,season_code,-0.00235
MED00126,2,season_code,0.00259
MED00127,2,season_code,0.01448
MED00128,2,season_code,0.02071
MED00129,2,season_code,0.02493
MED00130,2,season_code,-0.00804
MED00131,2,season_code,0.01868
MED00132,2,season_code,-0.00914
MED00133,2,season_code,0.00149
MED00134,2,season_code,-0.00382
MED00135,2,season_code,-0.00646
MED00136,2,season_code,0.01253
MED00137,2,season_code,0.01616
MED00138,2,season_code,0.01783
MED00139,2,season_code,0.01626
MED00140,2,season_code,0.0148
MED00141,2,season_code,0.01179
MED00142,2,season_code,0.01569
MED00143,2,season_code,0.02009
MED00144,2,season_code,0.01723
MED00145,2,season_code,0.01493
MED00146,2,season_code,0.01594
MED00147,2,season_code,0.01783
MED00148,2,season_code,0.00931
MED00149,2,season_code,0.01452
MED00150,2,season_code,0.02648
MED00151,2,season_code,0.01892
MED00152,2,season_code,0.02065
MED00153,2,season_code,0.01932
MED00154,2,season_code,0.00489
MED00155,2,season_code,0.01651
MED00156,2,season_code,0.01351
MED00157,2,season_code,0.01372
MED00158,2,season_code,-0.00907
MED00159,2,season_code,-0.00276
MED00160,2,season_code,0.01558
MED00161,2,season_code,0.01482
MED00162,2,season_code,0.02295
MED00163,2,season_code,0.00451
MED00164,2,season_code,0.02054
MED00165,2,season_code,0.00316
MED00166,2,season_code,0.02252
MED00167,2,season_code,0.01533
MED00168,2,season_code,0.02053
MED00169,2,season_code,0.01903
MED00170,2,season_code,0.01769
MED00171,2,season_code,0.01904
MED00172,2,season_code,0.01978
MED00173,2,season_code,0.01509
MED00174,2,season_code,0.00969
MED00175,2,season_code,0.01077
MED00176,2,season_code,-0.00354
MED00177,2,season_code,0.00414
MED00178,2,season_code,0.00697
MED00179,2,season_code,-0.00152
MED00180,2,season_code,0.02107
MED00181,2,season_code,0.01606
MED00182,2,season_code,-0.00079
MED00183,2,season_code,0.00178
MED00184,2,season_code,0.00648
MED00185,2,season_code,0.02017
MED00186,2,season_code,0.02066
MED00187,2,season_code,0.01149
MED00188,2,season_code,0.01348
MED00189,2,season_code,-0.00648
MED00190,2,season_code,0.01524
MED00191,2,season_code,0.00608
MED00192,2,season_code,-0.00841
MED00193,2,season_code,-0.00235
MED00194,2,season_code,0.00878
MED00195,2,season_code,0.00913
MED00196,2,season_code,0.00886
MED00197,2,season_code,0.01228
MED00198,2,season_code,0.0176
MED00199,2,season_code,0.01703
MED00200,2,season_code,0.01772
MED00201,2,season_code,0.00776
MED00202,2,season_code,0.0222
MED00203,2,season_code,0.01395
MED00204,2,season_code,0.02142
MED00205,2,season_code,0.00826
MED00206,2,season_code,0.02937
MED00207,2,season_code,0.01506
MED00208,2,season_code,0.00756
MED00209,2,season_code,0.00996
MED00210,2,season_code,0.00879
MED00211,2,season_code,0.01576
MED00212,2,season_code,0.01555
MED00213,2,season_code,-0.00293
MED00214,2,season_code,0.00923
MED00215,2,season_code,0.01879
MED00216,2,season_code,-0.00177
MED00217,2,season_code,-0.007
MED00218,2,season_code,0.01458
MED00219,2,season_code,0.00387
MED00220,2,season_code,0.01644
MED00221,2,season_code,0.01286
MED00222,2,season_code,0.00897
MED00223,2,season_code,-0.00946
MED00224,2,season_code,0.01979
MED00225,2,season_code,0.01058
MED00226,2,season_code,0.00916
MED00227,2,season_code,0.00554
MED00228,2,season_code,0.01464
MED00229,2,season_code,0.00932
MED00230,2,season_code,0.00426
MED00231,2,season_code,0.0189
MED00232,2,season_code,0.01619
MED00233,2,season_code,-0.00154
MED00234,2,season_code,0.01625
MED00235,2,season_code,0.00837
MED00236,2,season_code,0.01488
MED00237,2,season_code,0.01377
MED00238,2,season_code,0.02154
MED00239,2,season_code,0.01392
MED00240,2,season_code,0.01046
MED00241,2,season_code,0.01903
MED00242,2,season_code,0.00337
MED00243,2,season_code,-0.0032
MED00244,2,season_code,0.01865
MED00245,2,season_code,0.00921
MED00246,2,season_code,0.01212
MED00247,2,season_code,0.008
MED00248,2,season_code,0.0158
MED00249,2,season_code,0.00113
MED00250,2,season_code,-0.00037
MED00251,2,season_code,0.01655
MED00252,2,season_code,0.00122
MED00253,2,season_code,0.01695
MED00254,2,season_code,0.00128
MED00255,2,season_code,0.01279
MED00256,2,season_code,0.02347
MED00257,2,season_code,0.00896
MED00258,2,season_code,0.01271
MED00259,2,season_code,0.01375
MED00260,2,season_code,0.01557
MED00261,2,season_code,0.00456
MED00262,2,season_code,0.01081
MED00263,2,season_code,0.01325
MED00264,2,season_code,-0.0012
MED00265,2,season_code,0.01378
MED00266,2,season_code,-0.00097
MED00267,2,season_code,0.01516
MED00268,2,season_code,0.01508
MED00269,2,season_code,0.01986
MED00270,2,season_code,0.01564
MED00271,2,season_code,0.01697
MED00272,2,season_code,0.00921
MED00273,2,season_code,0.01235
MED00274,2,season_code,0.00038
MED00275,2,season_code,0.008
MED00276,2,season_code,0.01578
MED00277,2,season_code,-0.00644
MED00278,2,season_code,0.01113
MED00279,2,season_code,0.00319
MED00280,2,season_code,-0.00683
MED00281,2,season_code,0.01058
MED00282,2,season_code,0.0124
MED00283,2,season_code,0.01878
MED00284,2,season_code,0.01564
MED00285,2,season_code,0.01568
MED00286,2,season_code,0.01238
MED00287,2,season_code,0.01472
MED00288,2,season_code,0.01092
MED00289,2,season_code,0.00945
MED00290,2,season_code,0.01628
MED00291,2,season_code,-0.00156
MED00292,2,season_code,0.02117
MED00293,2,season_code,0.01324
MED00294,2,season_code,0.01196
MED00295,2,season_code,-0.00204
MED00296,2,season_code,0.01254
MED00297,2,season_code,0.01503
MED00298,2,season_code,0.01427
MED00299,2,season_code,0.00039
MED00300,2,season_code,0.0189
MED00301,2,season_code,0.01804
MED00302,2,season_code,0.0023
MED00303,2,season_code,0.01043
MED00304,2,season_code,0.01249
MED00305,2,season_code,0.02025
MED00306,2,season_code,-0.00119
MED00307,2,season_code,0.0052
MED00308,2,season_code,0.00621
MED00309,2,season_code,0.01242
MED00310,2,season_code,0.01287
MED00311,2,season_code,0.00485
MED00312,2,season_code,-0.00181
MED00313,2,season_code,0.0016
MED00314,2,season_code,-0.01193
MED00315,2,season_code,0.01054
MED00316,2,season_code,0.01529
MED00317,2,season_code,0.0153
MED00318,2,season_code,0.01195
MED00319,2,season_code,0.00925
MED00320,2,season_code,0.00364
MED00321,2,season_code,0.00285
MED00322,2,season_code,-0.00825
MED00323,2,season_code,0.00553
MED00324,2,season_code,0.0213
MED00325,2,season_code,0.0125
MED00326,2,season_code,0.01176
MED00327,2,season_code,0.0159
MED00328,2,season_code,0.0104
MED00329,2,season_code,0.00998
MED00330,2,season_code,0.01283
MED00331,2,season_code,0.01957
MED00332,2,season_code,0.01347
MED00333,2,season_code,0.01954
MED00334,2,season_code,0.00542
MED00335,2,season_code,0.00291
MED00336,2,season_code,0.01044
MED00337,2,season_code,0.00997
MED00338,2,season_code,-0.00234
MED00339,2,season_code,0.01658
MED00340,2,season_code,0.01204
MED00341,2,season_code,0.01472
MED00342,2,season_code,0.01797
MED00343,2,season_code,0.01034
MED00344,2,season_code,0.00457
MED00345,2,season_code,-0.00834
MED00346,2,season_code,0.01898
MED00347,2,season_code,-0.00136
MED00348,2,season_code,0.02278
MED00349,2,season_code,0.01915
MED00350,2,season_code,-0.00464
MED00351,2,season_code,0.0023
MED00352,2,season_code,0.00268
MED00353,2,season_code,-0.01193
MED00354,2,season_code,0.00427
MED00355,2,season_code,0.01489
MED00356,2,season_code,0.01604
MED00357,2,season_code,-0.00284
MED00358,2,season_code,0.01084
MED00359,2,season_code,0.0187
MED00360,2,season_code,0.0179
MED00361,2,season_code,0.01477
MED00362,2,season_code,0.01764
MED00363,2,season_code,0.01656
MED00364,2,season_code,-0.00183
MED00365,2,season_code,0.01846
MED00366,2,season_code,0.01164
MED00367,2,season_code,0.01922
MED00368,2,season_code,0.01261
MED00369,2,season_code,0.00781
MED00370,2,season_code,0.00849
MED00371,2,season_code,0.00403
MED00372,2,season_code,-0.00184
MED00373,2,season_code,0.01547
MED00374,2,season_code,0.01493
MED00375,2,season_code,0.0041
MED00376,2,season_code,0.01687
MED00377,2,season_code,0.01073
MED00378,2,season_code,0.02205
MED00379,2,season_code,0.00545
MED00380,2,season_code,0.00069
MED00381,2,season_code,0.00929
MED00382,2,season_code,0.01502
MED00383,2,season_code,0.01286
MED00384,2,season_code,0.01908
MED00385,2,season_code,0.01062
MED00386,2,season_code,0.01133
MED00387,2,season_code,0.00896
MED00388,2,season_code,0.01304
MED00389,2,season_code,0.00783
MED00390,2,season_code,0.00988
MED00391,2,season_code,0.01029
MED00392,2,season_code,0.00956
MED00393,2,season_code,0.0104
MED00394,2,season_code,0.01078
MED00395,2,season_code,0.0089
MED00396,2,season_code,0.00934
MED00397,2,season_code,0.009
MED00398,2,season_code,0.00416
MED00399,2,season_code,0.00288
MED00400,2,season_code,0.00825
MED00401,2,season_code,0.03032
MED00402,2,season_code,0.01289
MED00403,2,season_code,0.00487
MED00404,2,season_code,0.01171
MED00405,2,season_code,0.00591
MED00406,2,season_code,0.00937
MED00407,2,season_code,0.01613
MED00408,2,season_code,0.02039
MED00409,2,season_code,0.01119
MED00410,2,season_code,0.01322
MED00411,2,season_code,0.00986
MED00412,2,season_code,0.00996
MED00413,2,season_code,0.01316
MED00414,2,season_code,0.01062
MED00415,2,season_code,0.00894
MED00416,2,season_code,0.00931
MED00417,2,season_code,0.00766
MED00418,2,season_code,0.00915
MED00419,2,season_code,0.00839
MED00420,2,season_code,0.01442
MED00421,2,season_code,0.01263
MED00422,2,season_code,0.01132
MED00423,2,season_code,0.00848
MED00424,2,season_code,0.01394
MED00001,3,season_code,0.01033
MED00002,3,season_code,-0.00378
MED00003,3,season_code,0.00366
MED00004,3,season_code,0.00421
MED00005,3,season_code,0.00569
MED00006,3,season_code,0.01968
MED00007,3,season_code,0.01699
MED00008,3,season_code,0.01809
MED00009,3,season_code,0.01089
MED00010,3,season_code,0.00833
MED00011,3,season_code,0.00679
MED00012,3,season_code,0.01968
MED00013,3,season_code,0.0129
MED00014,3,season_code,0.01268
MED00015,3,season_code,0.01718
MED00016,3,season_code,0.01614
MED00017,3,season_code,0.0158
MED00018,3,season_code,0.0085
MED00019,3,season_code,0.01143
MED00020,3,season_code,-0.00022
MED00021,3,season_code,0.00981
MED00022,3,season_code,0.01429
MED00023,3,season_code,0.02976
MED00024,3,season_code,0.01463
MED00025,3,season_code,-0.00389
MED00026,3,season_code,-0.00053
MED00027,3,season_code,-0.00556
MED00028,3,season_code,0.01552
MED00029,3,season_code,0.00804
MED00030,3,season_code,0.01012
MED00031,3,season_code,0.01024
MED00032,3,season_code,0.01524
MED00033,3,season_code,0.00618
MED00034,3,season_code,0.00507
MED00035,3,season_code,-0.00085
MED00036,3,season_code,0.01017
MED00037,3,season_code,0.00188
MED00038,3,season_code,0.00786
MED00039,3,season_code,0.00556
MED00040,3,season_code,0.00595
MED00041,3,season_code,-0.0028
MED00042,3,season_code,0.0156
MED00043,3,season_code,0.00681
MED00044,3,season_code,0.01475
MED00045,3,season_code,0.0175
MED00046,3,season_code,0.01175
MED00047,3,season_code,0.01455
MED00048,3,season_code,0.00794
MED00049,3,season_code,-0.00847
MED00050,3,season_code,0.01614
MED00051,3,season_code,-0.00687
MED00052,3,season_code,0.01201
MED00053,3,season_code,0.01434
MED00054,3,season_code,0.01344
MED00055,3,season_code,0.00327
MED00056,3,season_code,0.00401
MED00057,3,season_code,0.00612
MED00058,3,season_code,0.01927
MED00059,3,season_code,0.01457
MED00060,3,season_code,0.00887
MED00061,3,season_code,0.01383
MED00062,3,season_code,0.01397
MED00063,3,season_code,0.00332
MED00064,3,season_code,0.0061
MED00065,3,season_code,0.01066
MED00066,3,season_code,0.01005
MED00067,3,season_code,0.01351
MED00068,3,season_code,0.00652
MED00069,3,season_code,0.01585
MED00070,3,season_code,0.00486
MED00071,3,season_code,0.01355
MED00072,3,season_code,0.0144
MED00073,3,season_code,0.01219
MED00074,3,season_code,0.01014
MED00075,3,season_code,0.01521
MED00076,3,season_code,-0.00653
MED00077,3,season_code,0.0174
MED00078,3,season_code,0.01312
MED00079,3,season_code,-0.00137
MED00080,3,season_code,0.01038
MED00081,3,season_code,0.00233
MED00082,3,season_code,0.01387
MED00083,3,season_code,0.0045
MED00084,3,season_code,0.00882
MED00085,3,season_code,0.01468
MED00086,3,season_code,-0.00374
MED00087,3,season_code,0.01615
MED00088,3,season_code,0.00388
MED00089,3,season_code,-0.0005
MED00090,3,season_code,0.02072
MED00091,3,season_code,0.01362
MED00092,3,season_code,0.01458
MED00093,3,season_code,-0.00896
MED00094,3,season_code,0.01186
MED00095,3,season_code,0.01286
MED00096,3,season_code,0.01248
MED00097,3,season_code,0.00247
MED00098,3,season_code,0.01237
MED00099,3,season_code,-0.00348
MED00100,3,season_code,0.00167
MED00101,3,season_code,0.01299
MED00102,3,season_code,0.00927
MED00103,3,season_code,0.01957
MED00104,3,season_code,0.01273
MED00105,3,season_code,0.00827
MED00106,3,season_code,-0.00073
MED00107,3,season_code,0.01272
MED00108,3,season_code,0.0139
MED00109,3,season_code,0.00577
MED00110,3,season_code,0.01271
MED00111,3,season_code,0.01395
MED00112,3,season_code,0.01739
MED00113,3,season_code,0.01961
MED00114,3,season_code,0.00351
MED00115,3,season_code,0.01869
MED00116,3,season_code,-0.0053
MED00117,3,season_code,0.01889
MED00118,3,season_code,0.01653
MED00119,3,season_code,0.01826
MED00120,3,season_code,0.00557
MED00121,3,season_code,0.0164
MED00122,3,season_code,0.01301
MED00123,3,season_code,0.0023
MED00124,3,season_code,0.01337
MED00125,3,season_code,-0.00257
MED00126,3,season_code,0.00258
MED00127,3,season_code,0.01415
MED00128,3,season_code,0.02101
MED00129,3,season_code,0.02526
MED00130,3,season_code,-0.0083
MED00131,3,season_code,0.01877
MED00132,3,season_code,-0.00629
MED00133,3,season_code,0.00157
MED00134,3,season_code,-0.00404
MED00135,3,season_code,-0.0095
MED00136,3,season_code,0.01291
MED00137,3,season_code,0.016
MED00138,3,season_code,0.01815
MED00139,3,season_code,0.01616
MED00140,3,season_code,0.01512
MED00141,3,season_code,0.01188
MED00142,3,season_code,0.01541
MED00143,3,season_code,0.02005
MED00144,3,season_code,0.0175
MED00145,3,season_code,0.01512
MED00146,3,season_code,0.01612
MED00147,3,season_code,0.0175
MED00148,3,season_code,0.00941
MED00149,3,season_code,0.01483
MED00150,3,season_code,0.02617
MED00151,3,season_code,0.01924
MED00152,3,season_code,0.02096
MED00153,3,season_code,0.01964
MED00154,3,season_code,0.00494
MED00155,3,season_code,0.01683
MED00156,3,season_code,0.01358
MED00157,3,season_code,0.01404
MED00158,3,season_code,-0.00936
MED00159,3,season_code,-0.00266
MED00160,3,season_code,0.0159
MED00161,3,season_code,0.01508
MED00162,3,season_code,0.02285
MED00163,3,season_code,0.00425
MED00164,3,season_code,0.02065
MED00165,3,season_code,0.00328
MED00166,3,season_code,0.02242
MED00167,3,season_code,0.01564
MED00168,3,season_code,0.02044
MED00169,3,season_code,0.01934
MED00170,3,season_code,0.018
MED00171,3,season_code,0.01936
MED00172,3,season_code,0.01987
MED00173,3,season_code,0.01501
MED00174,3,season_code,0.00974
MED00175,3,season_code,0.01046
MED00176,3,season_code,-0.00351
MED00177,3,season_code,0.00423
MED00178,3,season_code,0.0071
MED00180,3,season_code,0.02098
MED00181,3,season_code,0.01596
MED00182,3,season_code,-0.00107
MED00183,3,season_code,-0.00127
MED00184,3,season_code,0.00359
MED00185,3,season_code,0.02044
MED00186,3,season_code,0.02098
MED00187,3,season_code,0.01162
MED00188,3,season_code,0.0138
MED00189,3,season_code,-0.0067
MED00190,3,season_code,0.01555
MED00191,3,season_code,0.00636
MED00192,3,season_code,-0.00864
MED00193,3,season_code,-0.00261
MED00194,3,season_code,0.00906
MED00195,3,season_code,0.00945
MED00196,3,season_code,0.00919
MED00197,3,season_code,0.0126
MED00198,3,season_code,0.01792
MED00199,3,season_code,0.01874
MED00200,3,season_code,0.01762
MED00201,3,season_code,0.00779
MED00202,3,season_code,0.0221
MED00203,3,season_code,0.01406
MED00204,3,season_code,0.02133
MED00205,3,season_code,0.00853
MED00206,3,season_code,0.02945
MED00207,3,season_code,0.01537
MED00208,3,season_code,0.00782
MED00209,3,season_code,0.01008
MED00210,3,season_code,0.00886
MED00211,3,season_code,0.01566
MED00212,3,season_code,0.0152
MED00213,3,season_code,0.00454
MED00214,3,season_code,0.0095
MED00215,3,season_code,0.01908
MED00216,3,season_code,-0.00208
MED00217,3,season_code,-0.00681
MED00218,3,season_code,0.0149
MED00219,3,season_code,0.00395
MED00220,3,season_code,0.01635
MED00221,3,season_code,0.01258
MED00222,3,season_code,0.00868
MED00223,3,season_code,-0.01098
MED00224,3,season_code,0.0197
MED00225,3,season_code,0.01089
MED00226,3,season_code,0.00886
MED00227,3,season_code,0.00554
MED00228,3,season_code,0.0147
MED00229,3,season_code,0.00936
MED00230,3,season_code,0.00426
MED00231,3,season_code,0.01902
MED00232,3,season_code,0.01609
MED00233,3,season_code,0.00041
MED00234,3,season_code,0.01657
MED00235,3,season_code,0.01005
MED00236,3,season_code,0.01478
MED00237,3,season_code,0.01569
MED00238,3,season_code,0.02185
MED00239,3,season_code,0.01421
MED00240,3,season_code,0.01059
MED00241,3,season_code,0.01935
MED00242,3,season_code,0.00375
MED00243,3,season_code,-0.00305
MED00244,3,season_code,0.01859
MED00245,3,season_code,0.00951
MED00246,3,season_code,0.01244
MED00247,3,season_code,0.00828
MED00248,3,season_code,0.01588
MED00249,3,season_code,0.00115
MED00250,3,season_code,-0.00029
MED00251,3,season_code,0.01687
MED00252,3,season_code,0.00134
MED00253,3,season_code,0.01727
MED00254,3,season_code,0.00141
MED00255,3,season_code,0.01447
MED00256,3,season_code,0.0238
MED00257,3,season_code,0.00907
MED00258,3,season_code,0.01303
MED00259,3,season_code,0.01406
MED00260,3,season_code,0.01939
MED00261,3,season_code,0.00796
MED00262,3,season_code,0.01093
MED00263,3,season_code,0.01356
MED00264,3,season_code,-0.00147
MED00265,3,season_code,0.01406
MED00266,3,season_code,-0.00402
MED00267,3,season_code,0.01547
MED00268,3,season_code,0.01539
MED00269,3,season_code,0.02017
MED00270,3,season_code,0.01596
MED00271,3,season_code,0.01705
MED00272,3,season_code,0.0093
MED00273,3,season_code,0.01242
MED00275,3,season_code,0.00802
MED00276,3,season_code,0.0161
MED00277,3,season_code,-0.00666
MED00278,3,season_code,0.01141
MED00279,3,season_code,0.00477
MED00280,3,season_code,-0.00665
MED00281,3,season_code,0.0106
MED00282,3,season_code,0.01247
MED00283,3,season_code,0.01869
MED00284,3,season_code,0.01578
MED00285,3,season_code,0.01599
MED00286,3,season_code,0.01244
MED00287,3,season_code,0.01504
MED00288,3,season_code,0.01101
MED00289,3,season_code,0.00957
MED00290,3,season_code,0.01638
MED00291,3,season_code,-0.00465
MED00292,3,season_code,0.02084
MED00293,3,season_code,0.01331
MED00294,3,season_code,0.01166
MED00295,3,season_code,-0.00232
MED00296,3,season_code,0.01286
MED00297,3,season_code,0.0153
MED00298,3,season_code,0.0146
MED00299,3,season_code,0.00048
MED00300,3,season_code,0.01881
MED00301,3,season_code,0.01835
MED00302,3,season_code,0.00078
MED00303,3,season_code,0.01195
MED00304,3,season_code,0.01258
MED00305,3,season_code,0.02016
MED00306,3,season_code,-0.0015
MED00307,3,season_code,0.0053
MED00308,3,season_code,0.01002
MED00309,3,season_code,0.01208
MED00310,3,season_code,0.01297
MED00311,3,season_code,0.00656
MED00312,3,season_code,-0.00214
MED00313,3,season_code,0.00179
MED00314,3,season_code,-0.01499
MED00315,3,season_code,0.01082
MED00316,3,season_code,0.0156
MED00317,3,season_code,0.0152
MED00318,3,season_code,0.01203
MED00319,3,season_code,0.00952
MED00320,3,season_code,0.0006
MED00321,3,season_code,0.00304
MED00322,3,season_code,-0.00851
MED00323,3,season_code,0.00519
MED00324,3,season_code,0.02298
MED00325,3,season_code,0.01277
MED00326,3,season_code,0.01204
MED00327,3,season_code,0.01626
MED00328,3,season_code,0.01072
MED00329,3,season_code,0.01026
MED00330,3,season_code,0.01237
MED00331,3,season_code,0.01989
MED00332,3,season_code,0.01379
MED00333,3,season_code,0.01954
MED00334,3,season_code,0.00542
MED00335,3,season_code,0.00473
MED00336,3,season_code,0.01071
MED00337,3,season_code,0.01004
MED00338,3,season_code,-0.0054
MED00339,3,season_code,0.01627
MED00340,3,season_code,0.01174
MED00341,3,season_code,0.01504
MED00342,3,season_code,0.01829
MED00343,3,season_code,0.01062
MED00344,3,season_code,0.00274
MED00345,3,season_code,-0.00861
MED00346,3,season_code,0.01929
MED00347,3,season_code,-0.00164
MED00348,3,season_code,0.02309
MED00349,3,season_code,0.01946
MED00350,3,season_code,0.00326
MED00351,3,season_code,0.00208
MED00352,3,season_code,0.00246
MED00353,3,season_code,-0.00457
MED00354,3,season_code,0.00445
MED00355,3,season_code,0.01495
MED00356,3,season_code,0.01636
MED00357,3,season_code,-0.00269
MED00358,3,season_code,0.01093
MED00359,3,season_code,0.01861
MED00360,3,season_code,0.01804
MED00361,3,season_code,0.01508
MED00362,3,season_code,0.01797
MED00363,3,season_code,0.01688
MED00364,3,season_code,-0.0021
MED00365,3,season_code,0.01878
MED00366,3,season_code,0.01192
MED00367,3,season_code,0.01912
MED00368,3,season_code,0.01292
MED00369,3,season_code,0.0079
MED00370,3,season_code,0.00975
MED00371,3,season_code,0.00099
MED00372,3,season_code,-0.00206
MED00373,3,season_code,0.01566
MED00374,3,season_code,0.01502
MED00375,3,season_code,0.0041
MED00376,3,season_code,0.01677
MED00377,3,season_code,0.0107
MED00378,3,season_code,0.02237
MED00379,3,season_code,0.00564
MED00380,3,season_code,0.00067
MED00381,3,season_code,0.00963
MED00382,3,season_code,0.01468
MED00383,3,season_code,0.01314
MED00384,3,season_code,0.01939
MED00385,3,season_code,0.01091
MED00386,3,season_code,0.01162
MED00387,3,season_code,0.00923
MED00388,3,season_code,0.01326
MED00389,3,season_code,0.00787
MED00390,3,season_code,0.00992
MED00391,3,season_code,0.01034
MED00392,3,season_code,0.00948
MED00393,3,season_code,0.00735
MED00394,3,season_code,0.01082
MED00395,3,season_code,0.00892
MED00396,3,season_code,0.00964
MED00397,3,season_code,0.00904
MED00398,3,season_code,0.00423
MED00399,3,season_code,0.00296
MED00400,3,season_code,0.00839
MED00401,3,season_code,0.03036
MED00402,3,season_code,0.01281
MED00403,3,season_code,0.00205
MED00404,3,season_code,0.01203
MED00405,3,season_code,0.00619
MED00406,3,season_code,0.00965
MED00407,3,season_code,0.01617
MED00408,3,season_code,0.02043
MED00409,3,season_code,0.01147
MED00410,3,season_code,0.01349
MED00411,3,season_code,0.0099
MED00412,3,season_code,0.01001
MED00413,3,season_code,0.01011
MED00414,3,season_code,0.0105
MED00415,3,season_code,0.009
MED00416,3,season_code,0.00936
MED00417,3,season_code,0.0077
MED00418,3,season_code,0.0092
MED00419,3,season_code,0.00842
MED00420,3,season_code,0.01466
MED00421,3,season_code,0.01286
MED00422,3,season_code,0.01135
MED00423,3,season_code,0.00851
MED00424,3,season_code,0.01402
MED00001,4,season_code,0.0093
MED00002,4,season_code,-0.00435
MED00003,4,season_code,0.00557
MED00004,4,season_code,0.00611
MED00005,4,season_code,0.00556
MED00006,4,season_code,0.02074
MED00007,4,season_code,0.01704
MED00008,4,season_code,0.01861
MED00009,4,season_code,0.01093
MED00010,4,season_code,0.01652
MED00011,4,season_code,0.00673
MED00012,4,season_code,0.02167
MED00013,4,season_code,0.01296
MED00014,4,season_code,0.01241
MED00015,4,season_code,0.01771
MED00016,4,season_code,0.01612
MED00017,4,season_code,0.01533
MED00018,4,season_code,0.00845
MED00019,4,season_code,0.01137
MED00020,4,season_code,-0.00036
MED00021,4,season_code,0.00954
MED00022,4,season_code,0.01429
MED00023,4,season_code,0.0308
MED00024,4,season_code,0.01474
MED00025,4,season_code,-0.00293
MED00026,4,season_code,-0.00084
MED00027,4,season_code,-0.00455
MED00028,4,season_code,0.01601
MED00029,4,season_code,0.00825
MED00030,4,season_code,0.01029
MED00031,4,season_code,0.00942
MED00032,4,season_code,0.01521
MED00033,4,season_code,0.0074
MED00034,4,season_code,0.005
MED00035,4,season_code,-0.00147
MED00036,4,season_code,0.01058
MED00037,4,season_code,0.00234
MED00038,4,season_code,0.00787
MED00039,4,season_code,0.00633
MED00040,4,season_code,0.00639
MED00041,4,season_code,-0.00288
MED00042,4,season_code,0.01503
MED00043,4,season_code,0.00863
MED00044,4,season_code,0.01507
MED00045,4,season_code,0.01913
MED00046,4,season_code,0.01379
MED00047,4,season_code,0.01453
MED00048,4,season_code,0.00793
MED00049,4,season_code,-0.00656
MED00050,4,season_code,0.02157
MED00051,4,season_code,-0.00492
MED00052,4,season_code,0.01141
MED00053,4,season_code,0.01448
MED00054,4,season_code,0.01359
MED00055,4,season_code,0.00261
MED00056,4,season_code,0.00338
MED00057,4,season_code,0.00735
MED00058,4,season_code,0.02012
MED00059,4,season_code,0.01458
MED00060,4,season_code,0.0089
MED00061,4,season_code,0.01424
MED00062,4,season_code,0.01396
MED00063,4,season_code,0.00528
MED00064,4,season_code,0.00631
MED00065,4,season_code,0.00952
MED00066,4,season_code,0.01056
MED00067,4,season_code,0.01357
MED00068,4,season_code,0.00664
MED00069,4,season_code,0.01583
MED00070,4,season_code,0.00498
MED00071,4,season_code,0.01369
MED00072,4,season_code,0.01437
MED00073,4,season_code,0.0122
MED00074,4,season_code,0.01027
MED00075,4,season_code,0.01514
MED00076,4,season_code,-0.0071
MED00077,4,season_code,0.01723
MED00078,4,season_code,0.02124
MED00079,4,season_code,-0.00151
MED00080,4,season_code,0.0103
MED00081,4,season_code,0.00424
MED00082,4,season_code,0.01384
MED00083,4,season_code,0.00448
MED00084,4,season_code,0.00898
MED00085,4,season_code,0.01465
MED00086,4,season_code,-0.00168
MED00087,4,season_code,0.01811
MED00088,4,season_code,0.0041
MED00089,4,season_code,-0.00117
MED00090,4,season_code,0.02078
MED00091,4,season_code,0.01373
MED00092,4,season_code,0.01463
MED00093,4,season_code,-0.0084
MED00094,4,season_code,0.01241
MED00095,4,season_code,0.0129
MED00096,4,season_code,0.01237
MED00097,4,season_code,0.00452
MED00098,4,season_code,0.01236
MED00099,4,season_code,-0.00247
MED00100,4,season_code,0.00353
MED00101,4,season_code,0.01029
MED00102,4,season_code,0.00974
MED00103,4,season_code,0.02143
MED00104,4,season_code,0.01272
MED00105,4,season_code,0.0083
MED00106,4,season_code,0.00123
MED00107,4,season_code,0.01266
MED00108,4,season_code,0.01391
MED00109,4,season_code,0.00732
MED00110,4,season_code,0.01394
MED00111,4,season_code,0.01388
MED00112,4,season_code,0.01793
MED00113,4,season_code,0.01959
MED00114,4,season_code,0.00874
MED00115,4,season_code,0.01849
MED00116,4,season_code,-0.00522
MED00117,4,season_code,0.01961
MED00118,4,season_code,0.0172
MED00119,4,season_code,0.01781
MED00120,4,season_code,0.00748
MED00121,4,season_code,0.01646
MED00122,4,season_code,0.01296
MED00123,4,season_code,0.00447
MED00124,4,season_code,0.01336
MED00125,4,season_code,-0.00066
MED00126,4,season_code,0.00454
MED00127,4,season_code,0.01539
MED00128,4,season_code,0.02155
MED00129,4,season_code,0.02607
MED00130,4,season_code,-0.00638
MED00131,4,season_code,0.01891
MED00132,4,season_code,-0.00416
MED00133,4,season_code,0.00125
MED00134,4,season_code,-0.00213
MED00135,4,season_code,-0.00934
MED00136,4,season_code,0.01251
MED00137,4,season_code,0.01597
MED00138,4,season_code,0.01677
MED00139,4,season_code,0.02165
MED00140,4,season_code,0.01551
MED00141,4,season_code,0.0123
MED00142,4,season_code,0.01713
MED00143,4,season_code,0.02074
MED00144,4,season_code,0.01777
MED00145,4,season_code,0.01455
MED00146,4,season_code,0.01619
MED00147,4,season_code,0.01859
MED00148,4,season_code,0.00919
MED00149,4,season_code,0.01489
MED00150,4,season_code,0.02724
MED00151,4,season_code,0.01879
MED00152,4,season_code,0.02049
MED00153,4,season_code,0.01943
MED00154,4,season_code,0.00487
MED00155,4,season_code,0.01677
MED00156,4,season_code,0.01356
MED00157,4,season_code,0.01412
MED00158,4,season_code,-0.00835
MED00159,4,season_code,-0.00276
MED00160,4,season_code,0.01605
MED00161,4,season_code,0.01456
MED00162,4,season_code,0.02379
MED00163,4,season_code,0.00616
MED00164,4,season_code,0.0208
MED00165,4,season_code,0.00341
MED00166,4,season_code,0.02428
MED00167,4,season_code,0.01561
MED00168,4,season_code,0.02129
MED00169,4,season_code,0.01949
MED00170,4,season_code,0.01798
MED00171,4,season_code,0.0199
MED00172,4,season_code,0.01978
MED00173,4,season_code,0.01615
MED00174,4,season_code,0.00969
MED00175,4,season_code,0.01148
MED00176,4,season_code,-0.0043
MED00177,4,season_code,0.004
MED00178,4,season_code,0.00714
MED00179,4,season_code,0.00121
MED00180,4,season_code,0.02183
MED00181,4,season_code,0.02141
MED00183,4,season_code,-0.00111
MED00184,4,season_code,0.01108
MED00185,4,season_code,0.02018
MED00186,4,season_code,0.02078
MED00187,4,season_code,0.01322
MED00188,4,season_code,0.01387
MED00189,4,season_code,-0.00478
MED00190,4,season_code,0.01645
MED00191,4,season_code,0.00571
MED00192,4,season_code,-0.00672
MED00193,4,season_code,-0.0007
MED00194,4,season_code,0.00951
MED00195,4,season_code,0.00957
MED00196,4,season_code,0.00907
MED00197,4,season_code,0.01309
MED00198,4,season_code,0.01746
MED00199,4,season_code,0.01861
MED00200,4,season_code,0.01926
MED00201,4,season_code,0.0078
MED00202,4,season_code,0.02373
MED00203,4,season_code,0.01404
MED00204,4,season_code,0.02255
MED00205,4,season_code,0.0085
MED00206,4,season_code,0.02939
MED00207,4,season_code,0.01599
MED00208,4,season_code,0.0078
MED00209,4,season_code,0.01012
MED00210,4,season_code,0.00822
MED00211,4,season_code,0.01653
MED00212,4,season_code,0.01669
MED00213,4,season_code,0.00644
MED00214,4,season_code,0.00947
MED00215,4,season_code,0.01887
MED00216,4,season_code,-0.00021
MED00217,4,season_code,-0.00738
MED00218,4,season_code,0.01494
MED00219,4,season_code,0.0039
MED00220,4,season_code,0.01765
MED00221,4,season_code,0.02064
MED00222,4,season_code,0.01068
MED00223,4,season_code,-0.01219
MED00224,4,season_code,0.02065
MED00225,4,season_code,0.01092
MED00226,4,season_code,0.01047
MED00227,4,season_code,0.00555
MED00228,4,season_code,0.0148
MED00229,4,season_code,0.01127
MED00230,4,season_code,0.00413
MED00231,4,season_code,0.01965
MED00232,4,season_code,0.02661
MED00234,4,season_code,0.0161
MED00235,4,season_code,0.00991
MED00236,4,season_code,0.01574
MED00237,4,season_code,0.01581
MED00238,4,season_code,0.02243
MED00239,4,season_code,0.01285
MED00240,4,season_code,0.01064
MED00241,4,season_code,0.01916
MED00242,4,season_code,0.00417
MED00243,4,season_code,-0.0047
MED00244,4,season_code,0.02045
MED00245,4,season_code,0.00952
MED00246,4,season_code,0.01247
MED00247,4,season_code,0.00825
MED00248,4,season_code,0.01586
MED00249,4,season_code,0.00141
MED00250,4,season_code,-0.00019
MED00251,4,season_code,0.01741
MED00252,4,season_code,0.00102
MED00253,4,season_code,0.01762
MED00254,4,season_code,0.00099
MED00255,4,season_code,0.01457
MED00256,4,season_code,0.02435
MED00257,4,season_code,0.00918
MED00258,4,season_code,0.01366
MED00259,4,season_code,0.014
MED00260,4,season_code,0.01992
MED00261,4,season_code,0.00834
MED00262,4,season_code,0.01108
MED00263,4,season_code,0.01363
MED00264,4,season_code,0.00039
MED00265,4,season_code,0.01412
MED00266,4,season_code,-0.00387
MED00267,4,season_code,0.01553
MED00268,4,season_code,0.01533
MED00269,4,season_code,0.0197
MED00270,4,season_code,0.01595
MED00271,4,season_code,0.01702
MED00272,4,season_code,0.00943
MED00273,4,season_code,0.01266
MED00274,4,season_code,0.00214
MED00275,4,season_code,0.00701
MED00276,4,season_code,0.01664
MED00277,4,season_code,-0.00475
MED00278,4,season_code,0.01141
MED00279,4,season_code,0.01006
MED00280,4,season_code,-0.00721
MED00281,4,season_code,0.00961
MED00282,4,season_code,0.01213
MED00283,4,season_code,0.02056
MED00284,4,season_code,0.01588
MED00285,4,season_code,0.01598
MED00286,4,season_code,0.01243
MED00287,4,season_code,0.01508
MED00288,4,season_code,0.00991
MED00289,4,season_code,0.00955
MED00290,4,season_code,0.01602
MED00291,4,season_code,-0.00355
MED00292,4,season_code,0.022
MED00293,4,season_code,0.01333
MED00294,4,season_code,0.01364
MED00295,4,season_code,-0.00131
MED00296,4,season_code,0.01181
MED00297,4,season_code,0.01529
MED00298,4,season_code,0.01466
MED00299,4,season_code,0.0024
MED00300,4,season_code,0.02024
MED00301,4,season_code,0.0184
MED00302,4,season_code,0.00339
MED00303,4,season_code,0.01397
MED00304,4,season_code,0.01271
MED00305,4,season_code,0.0218
MED00306,4,season_code,-0.00054
MED00307,4,season_code,0.00526
MED00308,4,season_code,0.00952
MED00309,4,season_code,0.02015
MED00310,4,season_code,0.01341
MED00311,4,season_code,0.00665
MED00312,4,season_code,-0.00029
MED00313,4,season_code,0.00155
MED00314,4,season_code,-0.02644
MED00315,4,season_code,0.0108
MED00316,4,season_code,0.01539
MED00317,4,season_code,0.01604
MED00318,4,season_code,0.01214
MED00319,4,season_code,0.0095
MED00320,4,season_code,-0.00073
MED00321,4,season_code,0.00286
MED00322,4,season_code,-0.0066
MED00323,4,season_code,0.00654
MED00324,4,season_code,0.02298
MED00325,4,season_code,0.01284
MED00326,4,season_code,0.01201
MED00327,4,season_code,0.01628
MED00328,4,season_code,0.01077
MED00329,4,season_code,0.01024
MED00330,4,season_code,0.01263
MED00331,4,season_code,0.01988
MED00332,4,season_code,0.01382
MED00333,4,season_code,0.0195
MED00334,4,season_code,0.00561
MED00335,4,season_code,0.00471
MED00336,4,season_code,0.00821
MED00337,4,season_code,0.00974
MED00338,4,season_code,-0.00724
MED00339,4,season_code,0.01643
MED00340,4,season_code,0.01232
MED00341,4,season_code,0.01502
MED00342,4,season_code,0.01808
MED00343,4,season_code,0.0106
MED00344,4,season_code,0.00311
MED00345,4,season_code,-0.00669
MED00346,4,season_code,0.02019
MED00347,4,season_code,0.00032
MED00348,4,season_code,0.02215
MED00349,4,season_code,0.01986
MED00350,4,season_code,0.00308
MED00351,4,season_code,0.00398
MED00352,4,season_code,0.00453
MED00353,4,season_code,-0.00267
MED00354,4,season_code,0.00604
MED00355,4,season_code,0.01489
MED00356,4,season_code,0.01634
MED00357,4,season_code,-0.00326
MED00358,4,season_code,0.01126
MED00359,4,season_code,0.02061
MED00360,4,season_code,0.018
MED00361,4,season_code,0.01505
MED00362,4,season_code,0.01792
MED00363,4,season_code,0.01625
MED00364,4,season_code,-0.00024
MED00365,4,season_code,0.01934
MED00366,4,season_code,0.0119
MED00367,4,season_code,0.02042
MED00368,4,season_code,0.01304
MED00369,4,season_code,0.00814
MED00370,4,season_code,0.01052
MED00371,4,season_code,0.00102
MED00372,4,season_code,-0.00015
MED00373,4,season_code,0.01535
MED00374,4,season_code,0.01501
MED00375,4,season_code,0.004
MED00376,4,season_code,0.01762
MED00377,4,season_code,0.01171
MED00378,4,season_code,0.02016
MED00379,4,season_code,0.00545
MED00380,4,season_code,0.00233
MED00381,4,season_code,0.00904
MED00382,4,season_code,0.01578
MED00383,4,season_code,0.01325
MED00384,4,season_code,0.01936
MED00385,4,season_code,0.0109
MED00386,4,season_code,0.01161
MED00387,4,season_code,0.00914
MED00388,4,season_code,0.0133
MED00389,4,season_code,0.00791
MED00390,4,season_code,0.01003
MED00391,4,season_code,0.01045
MED00392,4,season_code,0.00952
MED00393,4,season_code,0.01511
MED00394,4,season_code,0.00993
MED00395,4,season_code,0.0085
MED00396,4,season_code,0.00961
MED00397,4,season_code,0.00883
MED00398,4,season_code,0.00403
MED00399,4,season_code,0.0028
MED00400,4,season_code,0.00819
MED00401,4,season_code,0.03031
MED00402,4,season_code,0.01315
MED00403,4,season_code,0.00442
MED00404,4,season_code,0.01199
MED00405,4,season_code,0.00616
MED00406,4,season_code,0.00961
MED00407,4,season_code,0.01613
MED00408,4,season_code,0.0204
MED00409,4,season_code,0.01182
MED00410,4,season_code,0.01349
MED00411,4,season_code,0.00997
MED00412,4,season_code,0.01
MED00413,4,season_code,0.02309
MED00414,4,season_code,0.00963
MED00415,4,season_code,0.009
MED00416,4,season_code,0.00941
MED00417,4,season_code,0.0077
MED00418,4,season_code,0.0092
MED00419,4,season_code,0.00847
MED00420,4,season_code,0.0147
MED00421,4,season_code,0.01295
MED00422,4,season_code,0.01142
MED00423,4,season_code,0.00849
MED00424,4,season_code,0.01289
MED00001,5,season_code,-0.01889
MED00002,5,season_code,0.01354
MED00003,5,season_code,0.00516
MED00004,5,season_code,0.0015
MED00005,5,season_code,0.00184
MED00006,5,season_code,-0.01274
MED00007,5,season_code,0.0176
MED00008,5,season_code,-0.00421
MED00009,5,season_code,-0.03137
MED00010,5,season_code,-0.00287
MED00011,5,season_code,-0.00109
MED00012,5,season_code,-0.02676
MED00013,5,season_code,-0.04134
MED00014,5,season_code,-0.02009
MED00015,5,season_code,-0.00772
MED00016,5,season_code,-0.02014
MED00017,5,season_code,-0.02522
MED00018,5,season_code,-0.00467
MED00019,5,season_code,-0.00609
MED00020,5,season_code,0.00024
MED00021,5,season_code,-0.04094
MED00022,5,season_code,-0.01644
MED00023,5,season_code,-0.01942
MED00024,5,season_code,-0.03987
MED00025,5,season_code,-0.00702
MED00026,5,season_code,0.00776
MED00027,5,season_code,0.00802
MED00028,5,season_code,-0.00474
MED00029,5,season_code,-0.01997
MED00030,5,season_code,-0.02585
MED00031,5,season_code,-0.02277
MED00032,5,season_code,-0.02291
MED00033,5,season_code,0.00871
MED00034,5,season_code,-0.00265
MED00035,5,season_code,0.0168
MED00036,5,season_code,-0.00306
MED00037,5,season_code,-0.01542
MED00038,5,season_code,0.00368
MED00039,5,season_code,0.01286
MED00040,5,season_code,0.0056
MED00041,5,season_code,0.00368
MED00042,5,season_code,-0.03996
MED00043,5,season_code,0.0056
MED00044,5,season_code,-0.02477
MED00045,5,season_code,-0.01547
MED00046,5,season_code,-0.01669
MED00047,5,season_code,-0.04491
MED00048,5,season_code,-0.0247
MED00049,5,season_code,0.01345
MED00050,5,season_code,-0.04967
MED00051,5,season_code,0.0071
MED00052,5,season_code,0.00301
MED00053,5,season_code,-0.03138
MED00054,5,season_code,-0.02502
MED00055,5,season_code,0.01055
MED00056,5,season_code,0.01311
MED00057,5,season_code,0.01124
MED00058,5,season_code,-0.01517
MED00059,5,season_code,-0.03021
MED00060,5,season_code,-0.03073
MED00061,5,season_code,0.00462
MED00062,5,season_code,-0.03106
MED00063,5,season_code,-0.00187
MED00064,5,season_code,-0.00372
MED00065,5,season_code,-0.00716
MED00066,5,season_code,-0.00433
MED00067,5,season_code,-0.02223
MED00068,5,season_code,-0.03726
MED00069,5,season_code,-0.02046
MED00070,5,season_code,-0.02181
MED00071,5,season_code,-0.02813
MED00072,5,season_code,-0.02144
MED00073,5,season_code,-0.04084
MED00074,5,season_code,-0.04101
MED00075,5,season_code,-0.02216
MED00076,5,season_code,0.01169
MED00077,5,season_code,-0.05479
MED00078,5,season_code,-0.04341
MED00079,5,season_code,-0.00556
MED00080,5,season_code,-0.03492
MED00081,5,season_code,0.00855
MED00082,5,season_code,-0.04788
MED00083,5,season_code,-0.01844
MED00084,5,season_code,-0.0053
MED00085,5,season_code,-0.02177
MED00086,5,season_code,0.00751
MED00087,5,season_code,-0.0192
MED00088,5,season_code,-0.00184
MED00089,5,season_code,-0.00167
MED00090,5,season_code,-0.0642
MED00091,5,season_code,-0.02424
MED00092,5,season_code,-0.01405
MED00093,5,season_code,0.01016
MED00094,5,season_code,0.01004
MED00095,5,season_code,-0.04292
MED00096,5,season_code,-0.02048
MED00097,5,season_code,0.00854
MED00098,5,season_code,-0.03611
MED00099,5,season_code,0.00788
MED00100,5,season_code,-0.00304
MED00101,5,season_code,-0.03533
MED00102,5,season_code,-0.0196
MED00103,5,season_code,-0.03908
MED00104,5,season_code,-0.03353
MED00105,5,season_code,-0.02661
MED00106,5,season_code,-0.00057
MED00107,5,season_code,-0.03369
MED00108,5,season_code,-0.04359
MED00109,5,season_code,-0.00981
MED00110,5,season_code,0.01147
MED00111,5,season_code,-0.00924
MED00112,5,season_code,-0.04731
MED00113,5,season_code,-0.01871
MED00114,5,season_code,-0.01065
MED00115,5,season_code,-0.02767
MED00116,5,season_code,0.0195
MED00117,5,season_code,-0.01756
MED00118,5,season_code,-0.01306
MED00119,5,season_code,-0.02242
MED00120,5,season_code,-0.00398
MED00121,5,season_code,-0.05021
MED00122,5,season_code,-0.0207
MED00123,5,season_code,0.00542
MED00124,5,season_code,-0.03497
MED00125,5,season_code,0.00981
MED00126,5,season_code,0.00368
MED00127,5,season_code,-0.01846
MED00128,5,season_code,-0.02852
MED00129,5,season_code,-0.02164
MED00130,5,season_code,0.01361
MED00131,5,season_code,-0.02503
MED00132,5,season_code,0.00492
MED00133,5,season_code,-0.00698
MED00134,5,season_code,0.00422
MED00135,5,season_code,0.00079
MED00136,5,season_code,-0.00544
MED00137,5,season_code,-0.01972
MED00138,5,season_code,-0.02727
MED00139,5,season_code,-0.03455
MED00140,5,season_code,-0.01828
MED00141,5,season_code,-0.04254
MED00142,5,season_code,-0.00635
MED00143,5,season_code,-0.02108
MED00144,5,season_code,-0.04028
MED00145,5,season_code,0.00636
MED00146,5,season_code,-0.0036
MED00147,5,season_code,-0.01837
MED00148,5,season_code,-0.03222
MED00149,5,season_code,-0.0411
MED00150,5,season_code,-0.02794
MED00151,5,season_code,-0.02616
MED00152,5,season_code,-0.02981
MED00153,5,season_code,-0.02934
MED00154,5,season_code,-0.00459
MED00155,5,season_code,-0.02727
MED00156,5,season_code,-0.0212
MED00157,5,season_code,-0.04385
MED00158,5,season_code,0.00929
MED00159,5,season_code,0.00801
MED00160,5,season_code,-0.04167
MED00161,5,season_code,-0.04172
MED00162,5,season_code,-0.02743
MED00163,5,season_code,0.00616
MED00164,5,season_code,-0.02368
MED00165,5,season_code,-0.01227
MED00166,5,season_code,-0.02801
MED00167,5,season_code,-0.0176
MED00168,5,season_code,-0.02281
MED00169,5,season_code,-0.02115
MED00170,5,season_code,-0.01737
MED00171,5,season_code,-0.02787
MED00172,5,season_code,-0.02107
MED00173,5,season_code,-0.02799
MED00174,5,season_code,-0.01398
MED00175,5,season_code,-0.00261
MED00176,5,season_code,0.05026
MED00177,5,season_code,-0.00464
MED00178,5,season_code,0.00396
MED00179,5,season_code,-0.00107
MED00180,5,season_code,-0.02597
MED00181,5,season_code,-0.04965
MED00182,5,season_code,0.00741
MED00183,5,season_code,-0.01142
MED00184,5,season_code,-0.01133
MED00185,5,season_code,-0.02198
MED00186,5,season_code,-0.02109
MED00187,5,season_code,-0.01522
MED00188,5,season_code,-0.04436
MED00189,5,season_code,0.01192
MED00190,5,season_code,-0.02958
MED00191,5,season_code,-0.01914
MED00192,5,season_code,0.011
MED00193,5,season_code,0.01177
MED00194,5,season_code,-0.02353
MED00195,5,season_code,-0.02418
MED00196,5,season_code,-0.02178
MED00197,5,season_code,-0.02708
MED00198,5,season_code,-0.02122
MED00199,5,season_code,-0.01042
MED00200,5,season_code,-0.02016
MED00201,5,season_code,-0.02618
MED00202,5,season_code,-0.01901
MED00203,5,season_code,-0.02182
MED00204,5,season_code,-0.02869
MED00205,5,season_code,-0.02625
MED00206,5,season_code,-0.01954
MED00207,5,season_code,-0.0264
MED00208,5,season_code,-0.02495
MED00209,5,season_code,0.00085
MED00210,5,season_code,-0.0026
MED00211,5,season_code,-0.03053
MED00212,5,season_code,-0.01897
MED00213,5,season_code,0.00269
MED00214,5,season_code,-0.02613
MED00215,5,season_code,-0.02801
MED00216,5,season_code,-0.00387
MED00217,5,season_code,0.01298
MED00218,5,season_code,-0.04715
MED00219,5,season_code,-0.00798
MED00220,5,season_code,-0.0257
MED00221,5,season_code,-0.04753
MED00222,5,season_code,-0.00627
MED00223,5,season_code,0.03985
MED00224,5,season_code,-0.01789
MED00225,5,season_code,-0.04107
MED00226,5,season_code,-0.01642
MED00227,5,season_code,-0.00522
MED00228,5,season_code,-0.01647
MED00229,5,season_code,0.00326
MED00230,5,season_code,-0.0076
MED00231,5,season_code,-0.01424
MED00232,5,season_code,-0.04357
MED00233,5,season_code,0.00463
MED00234,5,season_code,-0.01761
MED00235,5,season_code,-0.00334
MED00236,5,season_code,-0.02556
MED00237,5,season_code,-0.0375
MED00238,5,season_code,-0.02317
MED00239,5,season_code,-0.04938
MED00240,5,season_code,-0.03919
MED00241,5,season_code,-0.04148
MED00242,5,season_code,-0.0175
MED00243,5,season_code,0.01549
MED00244,5,season_code,-0.03131
MED00245,5,season_code,-0.00285
MED00246,5,season_code,-0.04403
MED00247,5,season_code,-0.02563
MED00248,5,season_code,-0.02093
MED00249,5,season_code,-0.00029
MED00250,5,season_code,-0.01568
MED00251,5,season_code,-0.02279
MED00252,5,season_code,-0.00805
MED00253,5,season_code,-0.04974
MED00254,5,season_code,-0.00918
MED00255,5,season_code,-0.03094
MED00256,5,season_code,-0.02608
MED00257,5,season_code,-0.03739
MED00258,5,season_code,-0.02611
MED00259,5,season_code,-0.02379
MED00260,5,season_code,0.00034
MED00261,5,season_code,0.00054
MED00262,5,season_code,-0.03361
MED00263,5,season_code,-0.04467
MED00264,5,season_code,-0.00903
MED00265,5,season_code,-0.03734
MED00266,5,season_code,-0.00323
MED00267,5,season_code,-0.04713
MED00268,5,season_code,-0.02335
MED00269,5,season_code,-0.03115
MED00270,5,season_code,-0.02142
MED00271,5,season_code,-0.02991
MED00272,5,season_code,-0.01765
MED00273,5,season_code,-0.03062
MED00274,5,season_code,0.00231
MED00275,5,season_code,-0.01246
MED00276,5,season_code,-0.02463
MED00277,5,season_code,0.01185
MED00278,5,season_code,-0.03132
MED00279,5,season_code,-0.00822
MED00280,5,season_code,0.0129
MED00281,5,season_code,-0.01502
MED00282,5,season_code,-0.02586
MED00283,5,season_code,-0.03012
MED00284,5,season_code,-0.01024
MED00285,5,season_code,-0.04895
MED00286,5,season_code,-0.03241
MED00287,5,season_code,-0.05103
MED00288,5,season_code,-0.00744
MED00289,5,season_code,-0.03476
MED00290,5,season_code,-0.01792
MED00291,5,season_code,-0.01008
MED00292,5,season_code,-0.01833
MED00293,5,season_code,-0.03391
MED00294,5,season_code,0.00531
MED00295,5,season_code,0.00544
MED00296,5,season_code,-0.0453
MED00297,5,season_code,-0.04046
MED00298,5,season_code,-0.02392
MED00299,5,season_code,0.0078
MED00300,5,season_code,-0.02211
MED00301,5,season_code,-0.04812
MED00302,5,season_code,-0.00348
MED00303,5,season_code,-0.01809
MED00304,5,season_code,-0.0417
MED00305,5,season_code,-0.02084
MED00306,5,season_code,0.01626
MED00307,5,season_code,-0.00332
MED00308,5,season_code,0.00297
MED00309,5,season_code,-0.04547
MED00310,5,season_code,-0.04394
MED00311,5,season_code,-0.01949
MED00312,5,season_code,0.00423
MED00313,5,season_code,0.01685
MED00314,5,season_code,0.03266
MED00315,5,season_code,-0.02698
MED00316,5,season_code,-0.0407
MED00317,5,season_code,-0.03005
MED00318,5,season_code,-0.02512
MED00319,5,season_code,-0.02788
MED00320,5,season_code,0.00986
MED00321,5,season_code,0.00141
MED00322,5,season_code,0.01344
MED00323,5,season_code,0.00607
MED00324,5,season_code,-0.01152
MED00325,5,season_code,-0.03805
MED00326,5,season_code,-0.03165
MED00327,5,season_code,-0.04856
MED00328,5,season_code,-0.0374
MED00329,5,season_code,-0.03027
MED00330,5,season_code,-0.04161
MED00331,5,season_code,-0.01648
MED00332,5,season_code,-0.04546
MED00333,5,season_code,-0.03216
MED00334,5,season_code,-0.00759
MED00335,5,season_code,-0.00606
MED00336,5,season_code,-0.02986
MED00337,5,season_code,-0.00353
MED00338,5,season_code,0.03659
MED00339,5,season_code,-0.0119
MED00340,5,season_code,0.00238
MED00341,5,season_code,-0.0491
MED00342,5,season_code,-0.02495
MED00343,5,season_code,-0.0284
MED00344,5,season_code,-0.01423
MED00345,5,season_code,0.01347
MED00346,5,season_code,-0.05205
MED00347,5,season_code,-0.0012
MED00348,5,season_code,-0.02078
MED00349,5,season_code,-0.02753
MED00350,5,season_code,-0.00319
MED00351,5,season_code,0.00532
MED00352,5,season_code,0.00424
MED00353,5,season_code,0.00842
MED00354,5,season_code,0.00684
MED00355,5,season_code,-0.03742
MED00356,5,season_code,-0.02166
MED00357,5,season_code,0.01096
MED00358,5,season_code,-0.03115
MED00359,5,season_code,-0.02693
MED00360,5,season_code,-0.0206
MED00361,5,season_code,-0.02248
MED00362,5,season_code,-0.02472
MED00363,5,season_code,-0.02034
MED00364,5,season_code,-0.00132
MED00365,5,season_code,-0.03005
MED00366,5,season_code,-0.02809
MED00367,5,season_code,-0.02748
MED00368,5,season_code,-0.04083
MED00369,5,season_code,-0.04567
MED00370,5,season_code,0.00741
MED00371,5,season_code,-0.00315
MED00372,5,season_code,0.00954
MED00373,5,season_code,0.00553
MED00374,5,season_code,-0.01558
MED00375,5,season_code,-0.00652
MED00376,5,season_code,-0.02896
MED00377,5,season_code,0.00909
MED00378,5,season_code,-0.02852
MED00379,5,season_code,-0.00029
MED00380,5,season_code,0.00472
MED00381,5,season_code,-0.00549
MED00382,5,season_code,-0.02324
MED00383,5,season_code,-0.03651
MED00384,5,season_code,-0.02444
MED00385,5,season_code,-0.02253
MED00386,5,season_code,-0.02683
MED00387,5,season_code,-0.01832
MED00388,5,season_code,-0.00234
MED00389,5,season_code,-0.02818
MED00390,5,season_code,-0.01851
MED00391,5,season_code,-0.02336
MED00392,5,season_code,-0.0185
MED00393,5,season_code,-0.0248
MED00394,5,season_code,-0.01879
MED00395,5,season_code,-0.0078
MED00396,5,season_code,-0.00911
MED00397,5,season_code,-0.00575
MED00398,5,season_code,0.00301
MED00399,5,season_code,0.00241
MED00400,5,season_code,-0.00579
MED00401,5,season_code,-0.04931
MED00402,5,season_code,-0.02799
MED00403,5,season_code,-0.01624
MED00404,5,season_code,-0.03852
MED00405,5,season_code,-0.02925
MED00406,5,season_code,-0.01669
MED00407,5,season_code,-0.02896
MED00408,5,season_code,-0.04197
MED00409,5,season_code,-0.03021
MED00410,5,season_code,-0.03302
MED00411,5,season_code,-0.01907
MED00412,5,season_code,-0.02761
MED00413,5,season_code,-0.03392
MED00414,5,season_code,-0.01888
MED00415,5,season_code,-0.02479
MED00416,5,season_code,-0.02253
MED00417,5,season_code,-0.02511
MED00418,5,season_code,-0.02392
MED00419,5,season_code,-0.02113
MED00420,5,season_code,-0.02753
MED00421,5,season_code,-0.02237
MED00422,5,season_code,-0.02779
MED00423,5,season_code,-0.01951
MED00424,5,season_code,-0.00359
MED00001,6,season_code,-0.01794
MED00002,6,season_code,0.01287
MED00003,6,season_code,0.00507
MED00004,6,season_code,0.00142
MED00005,6,season_code,0.00142
MED00006,6,season_code,-0.01295
MED00007,6,season_code,0.01772
MED00008,6,season_code,-0.0038
MED00009,6,season_code,-0.03127
MED00010,6,season_code,0.00306
MED00011,6,season_code,-0.00118
MED00012,6,season_code,-0.02631
MED00013,6,season_code,-0.04121
MED00014,6,season_code,-0.02032
MED00015,6,season_code,-0.00731
MED00016,6,season_code,-0.02008
MED00017,6,season_code,-0.02538
MED00018,6,season_code,-0.00465
MED00019,6,season_code,-0.00597
MED00020,6,season_code,0.00011
MED00021,6,season_code,-0.04104
MED00022,6,season_code,-0.01636
MED00023,6,season_code,-0.01898
MED00024,6,season_code,-0.03976
MED00025,6,season_code,-0.00704
MED00026,6,season_code,0.0069
MED00027,6,season_code,0.00745
MED00028,6,season_code,-0.00433
MED00029,6,season_code,-0.01797
MED00030,6,season_code,-0.02371
MED00031,6,season_code,-0.02058
MED00032,6,season_code,-0.02285
MED00033,6,season_code,0.00828
MED00034,6,season_code,-0.00283
MED00035,6,season_code,0.01611
MED00036,6,season_code,-0.00373
MED00037,6,season_code,-0.01562
MED00038,6,season_code,0.0036
MED00039,6,season_code,0.01411
MED00040,6,season_code,0.00542
MED00041,6,season_code,0.00315
MED00042,6,season_code,-0.04427
MED00043,6,season_code,0.00551
MED00044,6,season_code,-0.0253
MED00045,6,season_code,-0.0152
MED00046,6,season_code,-0.0162
MED00047,6,season_code,-0.04484
MED00048,6,season_code,-0.02477
MED00049,6,season_code,0.01336
MED00050,6,season_code,-0.04754
MED00051,6,season_code,0.00752
MED00052,6,season_code,0.00242
MED00053,6,season_code,-0.02928
MED00054,6,season_code,-0.02472
MED00055,6,season_code,0.00985
MED00056,6,season_code,0.01242
MED00057,6,season_code,0.01081
MED00058,6,season_code,-0.01521
MED00059,6,season_code,-0.03018
MED00060,6,season_code,-0.03086
MED00061,6,season_code,0.00443
MED00062,6,season_code,-0.03112
MED00063,6,season_code,-0.00144
MED00064,6,season_code,-0.00351
MED00065,6,season_code,-0.00763
MED00066,6,season_code,-0.00392
MED00067,6,season_code,-0.02216
MED00068,6,season_code,-0.03706
MED00069,6,season_code,-0.02118
MED00070,6,season_code,-0.02185
MED00071,6,season_code,-0.02875
MED00072,6,season_code,-0.02142
MED00073,6,season_code,-0.04073
MED00074,6,season_code,-0.04081
MED00075,6,season_code,-0.02213
MED00076,6,season_code,0.01102
MED00077,6,season_code,-0.05444
MED00078,6,season_code,-0.03992
MED00079,6,season_code,-0.01013
MED00080,6,season_code,-0.03484
MED00081,6,season_code,0.00846
MED00082,6,season_code,-0.04786
MED00083,6,season_code,-0.01887
MED00084,6,season_code,-0.00502
MED00085,6,season_code,-0.0217
MED00086,6,season_code,0.0074
MED00087,6,season_code,-0.01875
MED00088,6,season_code,-0.00172
MED00089,6,season_code,-0.00611
MED00090,6,season_code,-0.06407
MED00091,6,season_code,-0.02418
MED00092,6,season_code,-0.01399
MED00093,6,season_code,0.0099
MED00094,6,season_code,0.00786
MED00095,6,season_code,-0.04281
MED00096,6,season_code,-0.02073
MED00097,6,season_code,0.00843
MED00098,6,season_code,-0.03609
MED00099,6,season_code,0.00728
MED00100,6,season_code,-0.00261
MED00101,6,season_code,-0.03617
MED00102,6,season_code,-0.01981
MED00103,6,season_code,-0.0386
MED00104,6,season_code,-0.0335
MED00105,6,season_code,-0.02668
MED00106,6,season_code,-0.00014
MED00107,6,season_code,-0.03369
MED00108,6,season_code,-0.04347
MED00109,6,season_code,-0.00955
MED00110,6,season_code,0.01104
MED00111,6,season_code,-0.00992
MED00112,6,season_code,-0.0468
MED00113,6,season_code,-0.01867
MED00114,6,season_code,-0.00569
MED00115,6,season_code,-0.02769
MED00116,6,season_code,0.01908
MED00117,6,season_code,-0.01772
MED00118,6,season_code,-0.01271
MED00119,6,season_code,-0.02257
MED00120,6,season_code,-0.00794
MED00121,6,season_code,-0.05009
MED00122,6,season_code,-0.0206
MED00123,6,season_code,0.00536
MED00124,6,season_code,-0.03494
MED00125,6,season_code,0.00973
MED00126,6,season_code,0.00361
MED00127,6,season_code,-0.01838
MED00128,6,season_code,-0.02811
MED00129,6,season_code,-0.02121
MED00130,6,season_code,0.01352
MED00131,6,season_code,-0.02497
MED00132,6,season_code,0.00489
MED00133,6,season_code,-0.00711
MED00134,6,season_code,0.00415
MED00135,6,season_code,-0.00323
MED00136,6,season_code,-0.00584
MED00137,6,season_code,-0.01766
MED00138,6,season_code,-0.02743
MED00139,6,season_code,-0.03241
MED00140,6,season_code,-0.01793
MED00141,6,season_code,-0.04227
MED00142,6,season_code,-0.00613
MED00143,6,season_code,-0.02096
MED00144,6,season_code,-0.04011
MED00145,6,season_code,0.00569
MED00146,6,season_code,-0.00348
MED00147,6,season_code,-0.0183
MED00148,6,season_code,-0.03213
MED00149,6,season_code,-0.04098
MED00150,6,season_code,-0.02787
MED00151,6,season_code,-0.0263
MED00152,6,season_code,-0.02997
MED00153,6,season_code,-0.02935
MED00154,6,season_code,-0.00461
MED00155,6,season_code,-0.02721
MED00156,6,season_code,-0.02113
MED00157,6,season_code,-0.04332
MED00158,6,season_code,0.00872
MED00159,6,season_code,0.00739
MED00160,6,season_code,-0.04154
MED00161,6,season_code,-0.04156
MED00162,6,season_code,-0.02746
MED00163,6,season_code,0.00608
MED00164,6,season_code,-0.02358
MED00165,6,season_code,-0.01236
MED00166,6,season_code,-0.02755
MED00167,6,season_code,-0.01755
MED00168,6,season_code,-0.02286
MED00169,6,season_code,-0.021
MED00170,6,season_code,-0.01731
MED00171,6,season_code,-0.02753
MED00172,6,season_code,-0.02102
MED00173,6,season_code,-0.02798
MED00174,6,season_code,-0.0139
MED00175,6,season_code,-0.00255
MED00176,6,season_code,0.04407
MED00177,6,season_code,-0.00273
MED00178,6,season_code,0.0042
MED00179,6,season_code,0.00092
MED00180,6,season_code,-0.02602
MED00181,6,season_code,-0.04747
MED00182,6,season_code,0.00735
MED00183,6,season_code,-0.01535
MED00184,6,season_code,-0.01104
MED00185,6,season_code,-0.02176
MED00186,6,season_code,-0.02111
MED00187,6,season_code,-0.01467
MED00188,6,season_code,-0.04423
MED00189,6,season_code,0.01184
MED00190,6,season_code,-0.02909
MED00191,6,season_code,-0.01945
MED00192,6,season_code,0.01092
MED00193,6,season_code,0.01168
MED00194,6,season_code,-0.0244
MED00195,6,season_code,-0.02525
MED00196,6,season_code,-0.02147
MED00197,6,season_code,-0.02789
MED00198,6,season_code,-0.02137
MED00199,6,season_code,-0.00822
MED00200,6,season_code,-0.01988
MED00201,6,season_code,-0.02615
MED00202,6,season_code,-0.01875
MED00203,6,season_code,-0.02178
MED00204,6,season_code,-0.02855
MED00205,6,season_code,-0.02633
MED00206,6,season_code,-0.0191
MED00207,6,season_code,-0.02616
MED00208,6,season_code,-0.02503
MED00209,6,season_code,0.00096
MED00210,6,season_code,-0.00272
MED00211,6,season_code,-0.03056
MED00212,6,season_code,-0.01858
MED00213,6,season_code,0.00261
MED00214,6,season_code,-0.02618
MED00215,6,season_code,-0.02802
MED00216,6,season_code,-0.00344
MED00217,6,season_code,0.01231
MED00218,6,season_code,-0.04704
MED00219,6,season_code,-0.00796
MED00220,6,season_code,-0.02557
MED00221,6,season_code,-0.04411
MED00222,6,season_code,-0.00587
MED00223,6,season_code,0.03155
MED00224,6,season_code,-0.01792
MED00225,6,season_code,-0.04096
MED00226,6,season_code,-0.01612
MED00227,6,season_code,-0.00528
MED00228,6,season_code,-0.01656
MED00229,6,season_code,0.00318
MED00230,6,season_code,-0.00771
MED00231,6,season_code,-0.01405
MED00232,6,season_code,-0.03898
MED00233,6,season_code,0.00397
MED00234,6,season_code,-0.01777
MED00235,6,season_code,-0.00122
MED00236,6,season_code,-0.02551
MED00237,6,season_code,-0.03467
MED00238,6,season_code,-0.02285
MED00239,6,season_code,-0.0493
MED00240,6,season_code,-0.03907
MED00241,6,season_code,-0.04147
MED00242,6,season_code,-0.01722
MED00243,6,season_code,0.01457
MED00244,6,season_code,-0.03085
MED00245,6,season_code,-0.00315
MED00246,6,season_code,-0.04393
MED00247,6,season_code,-0.0257
MED00248,6,season_code,-0.02089
MED00249,6,season_code,-0.0002
MED00250,6,season_code,-0.01565
MED00251,6,season_code,-0.02245
MED00252,6,season_code,-0.0082
MED00253,6,season_code,-0.04947
MED00254,6,season_code,-0.00933
MED00255,6,season_code,-0.02866
MED00256,6,season_code,-0.02575
MED00257,6,season_code,-0.03729
MED00258,6,season_code,-0.02579
MED00259,6,season_code,-0.02375
MED00260,6,season_code,0.00267
MED00261,6,season_code,0.00102
MED00262,6,season_code,-0.03342
MED00263,6,season_code,-0.04453
MED00264,6,season_code,-0.00859
MED00265,6,season_code,-0.03728
MED00266,6,season_code,-0.00726
MED00267,6,season_code,-0.04702
MED00268,6,season_code,-0.0233
MED00269,6,season_code,-0.03131
MED00270,6,season_code,-0.02134
MED00271,6,season_code,-0.02983
MED00272,6,season_code,-0.01752
MED00273,6,season_code,-0.03043
MED00274,6,season_code,0.00225
MED00275,6,season_code,-0.0114
MED00276,6,season_code,-0.02429
MED00277,6,season_code,0.01177
MED00278,6,season_code,-0.03129
MED00279,6,season_code,-0.00326
MED00280,6,season_code,0.01223
MED00281,6,season_code,-0.01404
MED00282,6,season_code,-0.02514
MED00283,6,season_code,-0.02973
MED00284,6,season_code,-0.0101
MED00285,6,season_code,-0.04886
MED00286,6,season_code,-0.03233
MED00287,6,season_code,-0.05092
MED00288,6,season_code,-0.0077
MED00289,6,season_code,-0.03462
MED00290,6,season_code,-0.01831
MED00291,6,season_code,-0.01637
MED00292,6,season_code,-0.01822
MED00293,6,season_code,-0.03387
MED00294,6,season_code,0.00519
MED00295,6,season_code,0.00462
MED00296,6,season_code,-0.04572
MED00297,6,season_code,-0.04042
MED00298,6,season_code,-0.02387
MED00299,6,season_code,0.00771
MED00300,6,season_code,-0.02182
MED00301,6,season_code,-0.048
MED00302,6,season_code,-0.00414
MED00303,6,season_code,-0.01565
MED00304,6,season_code,-0.04158
MED00305,6,season_code,-0.02057
MED00306,6,season_code,0.01573
MED00307,6,season_code,-0.00335
MED00308,6,season_code,0.0048
MED00309,6,season_code,-0.04206
MED00310,6,season_code,-0.04363
MED00311,6,season_code,-0.01793
MED00312,6,season_code,0.00399
MED00313,6,season_code,0.01635
MED00314,6,season_code,0.0155
MED00315,6,season_code,-0.02705
MED00316,6,season_code,-0.04061
MED00317,6,season_code,-0.03009
MED00318,6,season_code,-0.02575
MED00319,6,season_code,-0.02795
MED00320,6,season_code,0.00475
MED00321,6,season_code,0.00094
MED00322,6,season_code,0.01336
MED00323,6,season_code,0.0057
MED00324,6,season_code,-0.00967
MED00325,6,season_code,-0.03799
MED00326,6,season_code,-0.03173
MED00327,6,season_code,-0.04843
MED00328,6,season_code,-0.03727
MED00329,6,season_code,-0.03035
MED00330,6,season_code,-0.04138
MED00331,6,season_code,-0.01642
MED00332,6,season_code,-0.04534
MED00333,6,season_code,-0.0321
MED00334,6,season_code,-0.00754
MED00335,6,season_code,-0.00457
MED00336,6,season_code,-0.03076
MED00337,6,season_code,-0.00356
MED00338,6,season_code,0.0258
MED00339,6,season_code,-0.01236
MED00340,6,season_code,0.00226
MED00341,6,season_code,-0.04903
MED00342,6,season_code,-0.02497
MED00343,6,season_code,-0.02847
MED00344,6,season_code,-0.01448
MED00345,6,season_code,0.01338
MED00346,6,season_code,-0.05151
MED00347,6,season_code,-0.00078
MED00348,6,season_code,-0.02111
MED00349,6,season_code,-0.02719
MED00350,6,season_code,-0.00365
MED00351,6,season_code,0.00524
MED00352,6,season_code,0.00419
MED00353,6,season_code,0.00834
MED00354,6,season_code,0.00659
MED00355,6,season_code,-0.03749
MED00356,6,season_code,-0.0216
MED00357,6,season_code,0.01029
MED00358,6,season_code,-0.03091
MED00359,6,season_code,-0.02649
MED00360,6,season_code,-0.02065
MED00361,6,season_code,-0.0224
MED00362,6,season_code,-0.02467
MED00363,6,season_code,-0.02052
MED00364,6,season_code,-0.00089
MED00365,6,season_code,-0.02971
MED00366,6,season_code,-0.02814
MED00367,6,season_code,-0.02729
MED00368,6,season_code,-0.04066
MED00369,6,season_code,-0.04624
MED00370,6,season_code,0.00866
MED00371,6,season_code,-0.00723
MED00372,6,season_code,0.00945
MED00373,6,season_code,0.00497
MED00374,6,season_code,-0.01552
MED00375,6,season_code,-0.00673
MED00376,6,season_code,-0.029
MED00377,6,season_code,0.00903
MED00378,6,season_code,-0.02913
MED00379,6,season_code,-0.00076
MED00380,6,season_code,0.00446
MED00381,6,season_code,-0.00566
MED00382,6,season_code,-0.02316
MED00383,6,season_code,-0.03649
MED00384,6,season_code,-0.02438
MED00385,6,season_code,-0.02261
MED00386,6,season_code,-0.0269
MED00387,6,season_code,-0.01843
MED00388,6,season_code,-0.00247
MED00389,6,season_code,-0.02824
MED00390,6,season_code,-0.01855
MED00391,6,season_code,-0.02338
MED00392,6,season_code,-0.01855
MED00393,6,season_code,-0.02513
MED00394,6,season_code,-0.01786
MED00395,6,season_code,-0.00748
MED00396,6,season_code,-0.00898
MED00397,6,season_code,-0.00585
MED00398,6,season_code,0.00297
MED00399,6,season_code,0.00239
MED00400,6,season_code,-0.00578
MED00401,6,season_code,-0.04937
MED00402,6,season_code,-0.02784
MED00403,6,season_code,-0.01916
MED00404,6,season_code,-0.03845
MED00405,6,season_code,-0.02923
MED00406,6,season_code,-0.01678
MED00407,6,season_code,-0.02903
MED00408,6,season_code,-0.04193
MED00409,6,season_code,-0.02982
MED00410,6,season_code,-0.03282
MED00411,6,season_code,-0.01913
MED00412,6,season_code,-0.02768
MED00413,6,season_code,-0.03115
MED00414,6,season_code,-0.01807
MED00415,6,season_code,-0.02486
MED00416,6,season_code,-0.02258
MED00417,6,season_code,-0.02508
MED00418,6,season_code,-0.02389
MED00419,6,season_code,-0.02109
MED00420,6,season_code,-0.0273
MED00421,6,season_code,-0.02195
MED00422,6,season_code,-0.02773
MED00423,6,season_code,-0.01959
MED00424,6,season_code,-0.00387
MED00001,7,season_code,-0.01765
MED00002,7,season_code,0.01274
MED00003,7,season_code,0.00234
MED00004,7,season_code,0.0016
MED00005,7,season_code,0.0018
MED00006,7,season_code,-0.01282
MED00007,7,season_code,0.02068
MED00008,7,season_code,-0.00374
MED00009,7,season_code,-0.03113
MED00010,7,season_code,0.00346
MED00011,7,season_code,0.00268
MED00012,7,season_code,-0.026
MED00013,7,season_code,-0.04076
MED00014,7,season_code,-0.01995
MED00015,7,season_code,-0.00744
MED00016,7,season_code,-0.01964
MED00017,7,season_code,-0.0249
MED00018,7,season_code,-0.00211
MED00019,7,season_code,-0.00205
MED00020,7,season_code,0.00061
MED00021,7,season_code,-0.04082
MED00022,7,season_code,-0.01603
MED00023,7,season_code,-0.01872
MED00024,7,season_code,-0.03949
MED00025,7,season_code,-0.00693
MED00026,7,season_code,0.00726
MED00027,7,season_code,0.00739
MED00028,7,season_code,-0.00435
MED00029,7,season_code,-0.00969
MED00030,7,season_code,-0.02343
MED00031,7,season_code,-0.02031
MED00032,7,season_code,-0.0224
MED00033,7,season_code,0.00852
MED00034,7,season_code,-0.00239
MED00035,7,season_code,0.01631
MED00036,7,season_code,-0.00689
MED00037,7,season_code,-0.01544
MED00038,7,season_code,0.00395
MED00039,7,season_code,0.01433
MED00040,7,season_code,0.0057
MED00041,7,season_code,0.00052
MED00042,7,season_code,-0.04385
MED00043,7,season_code,0.00277
MED00044,7,season_code,-0.02505
MED00045,7,season_code,-0.01479
MED00046,7,season_code,-0.01607
MED00047,7,season_code,-0.04437
MED00048,7,season_code,-0.0243
MED00049,7,season_code,0.01063
MED00050,7,season_code,-0.04711
MED00051,7,season_code,0.00479
MED00052,7,season_code,0.00241
MED00053,7,season_code,-0.029
MED00054,7,season_code,-0.02444
MED00055,7,season_code,0.01007
MED00056,7,season_code,0.01227
MED00057,7,season_code,0.01048
MED00058,7,season_code,-0.01483
MED00059,7,season_code,-0.02959
MED00060,7,season_code,-0.03046
MED00061,7,season_code,0.00434
MED00062,7,season_code,-0.03063
MED00063,7,season_code,-0.00418
MED00064,7,season_code,-0.00221
MED00065,7,season_code,-0.0062
MED00066,7,season_code,-0.00404
MED00067,7,season_code,-0.02197
MED00068,7,season_code,-0.03679
MED00069,7,season_code,-0.02093
MED00070,7,season_code,-0.02147
MED00071,7,season_code,-0.0285
MED00072,7,season_code,-0.02107
MED00073,7,season_code,-0.04037
MED00074,7,season_code,-0.04046
MED00075,7,season_code,-0.02174
MED00076,7,season_code,0.01097
MED00077,7,season_code,-0.05402
MED00078,7,season_code,-0.0399
MED00079,7,season_code,-0.00962
MED00080,7,season_code,-0.03447
MED00081,7,season_code,0.00573
MED00082,7,season_code,-0.04772
MED00083,7,season_code,-0.01852
MED00084,7,season_code,-0.00269
MED00085,7,season_code,-0.02126
MED00086,7,season_code,0.00753
MED00087,7,season_code,-0.01859
MED00088,7,season_code,-0.00138
MED00089,7,season_code,-0.00568
MED00090,7,season_code,-0.06362
MED00091,7,season_code,-0.02392
MED00092,7,season_code,-0.01381
MED00093,7,season_code,0.00824
MED00094,7,season_code,0.0062
MED00095,7,season_code,-0.04234
MED00096,7,season_code,-0.02037
MED00097,7,season_code,0.00856
MED00098,7,season_code,-0.03563
MED00099,7,season_code,0.00719
MED00100,7,season_code,-0.00518
MED00101,7,season_code,-0.03571
MED00102,7,season_code,-0.01963
MED00103,7,season_code,-0.03814
MED00104,7,season_code,-0.03303
MED00105,7,season_code,-0.02615
MED00106,7,season_code,-0.00289
MED00107,7,season_code,-0.0332
MED00108,7,season_code,-0.04299
MED00109,7,season_code,-0.00921
MED00110,7,season_code,0.01122
MED00111,7,season_code,-0.01265
MED00112,7,season_code,-0.04633
MED00113,7,season_code,-0.01831
MED00114,7,season_code,-0.00544
MED00115,7,season_code,-0.02729
MED00116,7,season_code,0.0195
MED00117,7,season_code,-0.01738
MED00118,7,season_code,-0.01257
MED00119,7,season_code,-0.0222
MED00120,7,season_code,-0.00753
MED00121,7,season_code,-0.04957
MED00122,7,season_code,-0.02004
MED00123,7,season_code,0.00272
MED00124,7,season_code,-0.03447
MED00125,7,season_code,0.00699
MED00126,7,season_code,0.00379
MED00127,7,season_code,-0.02085
MED00128,7,season_code,-0.02764
MED00129,7,season_code,-0.01826
MED00130,7,season_code,0.01077
MED00131,7,season_code,-0.0247
MED00132,7,season_code,0.00226
MED00133,7,season_code,-0.00933
MED00134,7,season_code,0.00433
MED00135,7,season_code,-0.00281
MED00136,7,season_code,-0.00581
MED00137,7,season_code,-0.01732
MED00138,7,season_code,-0.02705
MED00139,7,season_code,-0.03204
MED00140,7,season_code,-0.01754
MED00141,7,season_code,-0.04213
MED00142,7,season_code,-0.00616
MED00143,7,season_code,-0.02059
MED00144,7,season_code,-0.03966
MED00145,7,season_code,0.00565
MED00146,7,season_code,-0.00152
MED00147,7,season_code,-0.01791
MED00148,7,season_code,-0.03172
MED00149,7,season_code,-0.04009
MED00150,7,season_code,-0.02755
MED00151,7,season_code,-0.02592
MED00152,7,season_code,-0.02951
MED00153,7,season_code,-0.029
MED00154,7,season_code,-0.00405
MED00155,7,season_code,-0.02676
MED00156,7,season_code,-0.02076
MED00157,7,season_code,-0.04288
MED00158,7,season_code,0.00866
MED00159,7,season_code,0.00777
MED00160,7,season_code,-0.04108
MED00161,7,season_code,-0.04111
MED00162,7,season_code,-0.02723
MED00163,7,season_code,0.00334
MED00164,7,season_code,-0.02346
MED00165,7,season_code,-0.00405
MED00166,7,season_code,-0.02723
MED00167,7,season_code,-0.01717
MED00168,7,season_code,-0.02242
MED00169,7,season_code,-0.01972
MED00170,7,season_code,-0.01696
MED00171,7,season_code,-0.02716
MED00172,7,season_code,-0.02056
MED00173,7,season_code,-0.0276
MED00174,7,season_code,-0.01333
MED00175,7,season_code,-0.00228
MED00176,7,season_code,0.04453
MED00177,7,season_code,-0.00476
MED00178,7,season_code,0.00419
MED00179,7,season_code,-0.00178
MED00180,7,season_code,-0.02566
MED00181,7,season_code,-0.04702
MED00182,7,season_code,0.0068
MED00183,7,season_code,-0.01497
MED00184,7,season_code,-0.01085
MED00185,7,season_code,-0.02133
MED00186,7,season_code,-0.0207
MED00187,7,season_code,-0.01474
MED00188,7,season_code,-0.04379
MED00189,7,season_code,0.0091
MED00190,7,season_code,-0.02889
MED00191,7,season_code,-0.01885
MED00192,7,season_code,0.00818
MED00193,7,season_code,0.00895
MED00194,7,season_code,-0.02411
MED00195,7,season_code,-0.01694
MED00196,7,season_code,-0.02243
MED00197,7,season_code,-0.02758
MED00198,7,season_code,-0.021
MED00199,7,season_code,-0.00794
MED00200,7,season_code,-0.01955
MED00201,7,season_code,-0.02563
MED00202,7,season_code,-0.01837
MED00203,7,season_code,-0.02145
MED00204,7,season_code,-0.02824
MED00205,7,season_code,-0.02608
MED00206,7,season_code,-0.01873
MED00207,7,season_code,-0.02595
MED00208,7,season_code,-0.0245
MED00209,7,season_code,0.00095
MED00210,7,season_code,-0.00242
MED00211,7,season_code,-0.03019
MED00212,7,season_code,-0.0211
MED00213,7,season_code,0.00285
MED00214,7,season_code,-0.02571
MED00215,7,season_code,-0.02762
MED00216,7,season_code,-0.00601
MED00217,7,season_code,0.01218
MED00218,7,season_code,-0.04658
MED00219,7,season_code,-0.00733
MED00220,7,season_code,-0.02542
MED00221,7,season_code,-0.04397
MED00222,7,season_code,-0.00574
MED00223,7,season_code,0.03193
MED00224,7,season_code,-0.01773
MED00225,7,season_code,-0.04049
MED00226,7,season_code,-0.01599
MED00227,7,season_code,-0.00474
MED00228,7,season_code,-0.01632
MED00229,7,season_code,0.00336
MED00230,7,season_code,-0.00716
MED00231,7,season_code,-0.01376
MED00232,7,season_code,-0.03798
MED00233,7,season_code,0.00391
MED00234,7,season_code,-0.01729
MED00235,7,season_code,-0.00022
MED00236,7,season_code,-0.02516
MED00237,7,season_code,-0.03457
MED00238,7,season_code,-0.02107
MED00239,7,season_code,-0.04883
MED00240,7,season_code,-0.0387
MED00241,7,season_code,-0.04105
MED00242,7,season_code,-0.01811
MED00243,7,season_code,0.01444
MED00244,7,season_code,-0.0305
MED00245,7,season_code,-0.00063
MED00246,7,season_code,-0.04347
MED00247,7,season_code,-0.02523
MED00248,7,season_code,-0.02079
MED00249,7,season_code,0.0021
MED00250,7,season_code,-0.01529
MED00251,7,season_code,-0.02208
MED00252,7,season_code,-0.00805
MED00253,7,season_code,-0.04905
MED00254,7,season_code,-0.00909
MED00255,7,season_code,-0.02837
MED00256,7,season_code,-0.02536
MED00257,7,season_code,-0.03694
MED00258,7,season_code,-0.02551
MED00259,7,season_code,-0.0233
MED00260,7,season_code,0.0025
MED00261,7,season_code,-0.00176
MED00262,7,season_code,-0.03307
MED00263,7,season_code,-0.04417
MED00264,7,season_code,-0.00824
MED00265,7,season_code,-0.03684
MED00266,7,season_code,-0.00683
MED00267,7,season_code,-0.04656
MED00268,7,season_code,-0.02282
MED00269,7,season_code,-0.03093
MED00270,7,season_code,-0.02089
MED00271,7,season_code,-0.02933
MED00272,7,season_code,-0.01991
MED00273,7,season_code,-0.0303
MED00274,7,season_code,-0.00038
MED00275,7,season_code,-0.01112
MED00276,7,season_code,-0.02389
MED00277,7,season_code,0.00903
MED00278,7,season_code,-0.03083
MED00279,7,season_code,-0.0031
MED00280,7,season_code,0.01211
MED00281,7,season_code,-0.01391
MED00282,7,season_code,-0.02524
MED00283,7,season_code,-0.02936
MED00284,7,season_code,-0.00989
MED00285,7,season_code,-0.0484
MED00286,7,season_code,-0.03177
MED00287,7,season_code,-0.05045
MED00288,7,season_code,-0.00313
MED00289,7,season_code,-0.03429
MED00290,7,season_code,-0.01784
MED00291,7,season_code,-0.01588
MED00292,7,season_code,-0.01695
MED00293,7,season_code,-0.03342
MED00294,7,season_code,0.00526
MED00295,7,season_code,0.0045
MED00296,7,season_code,-0.04535
MED00297,7,season_code,-0.03995
MED00298,7,season_code,-0.02368
MED00299,7,season_code,0.00789
MED00300,7,season_code,-0.02146
MED00301,7,season_code,-0.04668
MED00302,7,season_code,-0.0037
MED00303,7,season_code,-0.00752
MED00304,7,season_code,-0.04136
MED00305,7,season_code,-0.02023
MED00306,7,season_code,0.0159
MED00307,7,season_code,-0.00294
MED00308,7,season_code,0.00466
MED00309,7,season_code,-0.04192
MED00310,7,season_code,-0.04316
MED00311,7,season_code,-0.00968
MED00312,7,season_code,0.00134
MED00313,7,season_code,0.01672
MED00314,7,season_code,0.01694
MED00315,7,season_code,-0.02658
MED00316,7,season_code,-0.04015
MED00317,7,season_code,-0.02979
MED00318,7,season_code,-0.02541
MED00319,7,season_code,-0.02748
MED00320,7,season_code,0.0052
MED00321,7,season_code,0.00134
MED00322,7,season_code,0.01062
MED00323,7,season_code,0.00309
MED00324,7,season_code,-0.00941
MED00325,7,season_code,-0.03753
MED00326,7,season_code,-0.03126
MED00327,7,season_code,-0.04795
MED00328,7,season_code,-0.0368
MED00329,7,season_code,-0.02988
MED00330,7,season_code,-0.04093
MED00331,7,season_code,-0.01595
MED00332,7,season_code,-0.04488
MED00333,7,season_code,-0.02922
MED00334,7,season_code,-0.00705
MED00335,7,season_code,-0.00412
MED00336,7,season_code,-0.0303
MED00337,7,season_code,-0.00087
MED00338,7,season_code,0.02623
MED00339,7,season_code,-0.01224
MED00340,7,season_code,0.00253
MED00341,7,season_code,-0.04849
MED00342,7,season_code,-0.02451
MED00343,7,season_code,-0.028
MED00344,7,season_code,-0.01428
MED00345,7,season_code,0.01065
MED00346,7,season_code,-0.05119
MED00347,7,season_code,-0.00351
MED00348,7,season_code,-0.01983
MED00349,7,season_code,-0.02677
MED00350,7,season_code,-0.00323
MED00351,7,season_code,0.00542
MED00352,7,season_code,0.00342
MED00353,7,season_code,0.00852
MED00354,7,season_code,0.00676
MED00355,7,season_code,-0.03694
MED00356,7,season_code,-0.02117
MED00357,7,season_code,0.01017
MED00358,7,season_code,-0.03044
MED00359,7,season_code,-0.02617
MED00360,7,season_code,-0.02021
MED00361,7,season_code,-0.02207
MED00362,7,season_code,-0.0242
MED00363,7,season_code,-0.02014
MED00364,7,season_code,-0.00346
MED00365,7,season_code,-0.02934
MED00366,7,season_code,-0.02767
MED00367,7,season_code,-0.02705
MED00368,7,season_code,-0.04019
MED00369,7,season_code,-0.04588
MED00370,7,season_code,0.00888
MED00371,7,season_code,-0.00681
MED00372,7,season_code,0.00672
MED00373,7,season_code,0.00223
MED00374,7,season_code,-0.01507
MED00375,7,season_code,-0.00624
MED00376,7,season_code,-0.02856
MED00377,7,season_code,0.00852
MED00378,7,season_code,-0.02866
MED00379,7,season_code,-0.00044
MED00380,7,season_code,0.00464
MED00381,7,season_code,-0.0053
MED00382,7,season_code,-0.02283
MED00383,7,season_code,-0.03622
MED00384,7,season_code,-0.02391
MED00385,7,season_code,-0.02209
MED00386,7,season_code,-0.02642
MED00387,7,season_code,-0.01792
MED00388,7,season_code,0.00327
MED00389,7,season_code,-0.02789
MED00390,7,season_code,-0.0182
MED00391,7,season_code,-0.02325
MED00392,7,season_code,-0.01839
MED00393,7,season_code,-0.02756
MED00394,7,season_code,-0.01758
MED00395,7,season_code,-0.00719
MED00396,7,season_code,-0.00799
MED00397,7,season_code,-0.00323
MED00398,7,season_code,0.00626
MED00399,7,season_code,0.00575
MED00400,7,season_code,-0.00299
MED00401,7,season_code,-0.04644
MED00402,7,season_code,-0.02735
MED00403,7,season_code,-0.01864
MED00404,7,season_code,-0.03794
MED00405,7,season_code,-0.02872
MED00406,7,season_code,-0.01627
MED00407,7,season_code,-0.02853
MED00408,7,season_code,-0.04144
MED00409,7,season_code,-0.0295
MED00410,7,season_code,-0.03237
MED00411,7,season_code,-0.01865
MED00412,7,season_code,-0.02719
MED00413,7,season_code,-0.03072
MED00414,7,season_code,-0.01758
MED00415,7,season_code,-0.02437
MED00416,7,season_code,-0.02209
MED00417,7,season_code,-0.02459
MED00418,7,season_code,-0.0236
MED00419,7,season_code,-0.02096
MED00420,7,season_code,-0.02686
MED00421,7,season_code,-0.02151
MED00422,7,season_code,-0.02725
MED00423,7,season_code,-0.01931
MED00424,7,season_code,0.00151
MED00001,8,season_code,-0.0175
MED00002,8,season_code,0.01242
MED00003,8,season_code,0.00239
MED00004,8,season_code,0.00166
MED00005,8,season_code,0.00185
MED00006,8,season_code,-0.01256
MED00007,8,season_code,0.02766
MED00008,8,season_code,-0.0037
MED00009,8,season_code,-0.03058
MED00010,8,season_code,0.00358
MED00011,8,season_code,0.00284
MED00012,8,season_code,-0.02542
MED00013,8,season_code,-0.04024
MED00014,8,season_code,-0.01931
MED00015,8,season_code,-0.0074
MED00016,8,season_code,-0.01954
MED00017,8,season_code,-0.02483
MED00018,8,season_code,-0.00188
MED00019,8,season_code,0.00104
MED00020,8,season_code,0.00087
MED00021,8,season_code,-0.04069
MED00022,8,season_code,-0.01598
MED00023,8,season_code,-0.01814
MED00024,8,season_code,-0.03899
MED00025,8,season_code,-0.00708
MED00026,8,season_code,0.00678
MED00027,8,season_code,0.00577
MED00028,8,season_code,-0.00431
MED00029,8,season_code,-0.00908
MED00030,8,season_code,-0.02337
MED00031,8,season_code,-0.01979
MED00032,8,season_code,-0.02228
MED00033,8,season_code,0.00904
MED00034,8,season_code,-0.00221
MED00035,8,season_code,0.01633
MED00036,8,season_code,-0.00738
MED00037,8,season_code,-0.01531
MED00038,8,season_code,0.0041
MED00039,8,season_code,0.01483
MED00040,8,season_code,0.00574
MED00041,8,season_code,0.00056
MED00042,8,season_code,-0.04313
MED00043,8,season_code,0.00283
MED00044,8,season_code,-0.02499
MED00045,8,season_code,-0.01479
MED00046,8,season_code,-0.01596
MED00047,8,season_code,-0.04382
MED00048,8,season_code,-0.02415
MED00049,8,season_code,0.01068
MED00050,8,season_code,-0.04704
MED00051,8,season_code,0.00296
MED00052,8,season_code,0.00245
MED00053,8,season_code,-0.02887
MED00054,8,season_code,-0.0243
MED00055,8,season_code,0.0101
MED00056,8,season_code,0.01231
MED00057,8,season_code,0.01053
MED00058,8,season_code,-0.01472
MED00059,8,season_code,-0.02936
MED00060,8,season_code,-0.03031
MED00061,8,season_code,0.00438
MED00062,8,season_code,-0.0304
MED00063,8,season_code,-0.00412
MED00064,8,season_code,-0.00199
MED00065,8,season_code,-0.00552
MED00066,8,season_code,-0.004
MED00067,8,season_code,-0.02191
MED00068,8,season_code,-0.03673
MED00069,8,season_code,-0.02086
MED00070,8,season_code,-0.02131
MED00071,8,season_code,-0.02844
MED00072,8,season_code,-0.02102
MED00073,8,season_code,-0.0403
MED00074,8,season_code,-0.0404
MED00075,8,season_code,-0.02168
MED00076,8,season_code,0.01101
MED00077,8,season_code,-0.05387
MED00078,8,season_code,-0.03977
MED00079,8,season_code,-0.00284
MED00080,8,season_code,-0.03437
MED00081,8,season_code,0.00387
MED00082,8,season_code,-0.0476
MED00083,8,season_code,-0.01802
MED00084,8,season_code,-0.00254
MED00085,8,season_code,-0.02121
MED00086,8,season_code,0.00804
MED00087,8,season_code,-0.01785
MED00088,8,season_code,0.00162
MED00089,8,season_code,-0.00549
MED00090,8,season_code,-0.06356
MED00091,8,season_code,-0.02385
MED00092,8,season_code,-0.01327
MED00093,8,season_code,0.00829
MED00094,8,season_code,0.00624
MED00095,8,season_code,-0.04181
MED00096,8,season_code,-0.01973
MED00097,8,season_code,0.00861
MED00098,8,season_code,-0.03548
MED00099,8,season_code,0.00557
MED00100,8,season_code,-0.00513
MED00101,8,season_code,-0.03525
MED00102,8,season_code,-0.0195
MED00103,8,season_code,-0.03802
MED00104,8,season_code,-0.03285
MED00105,8,season_code,-0.02555
MED00106,8,season_code,-0.00283
MED00107,8,season_code,-0.03313
MED00108,8,season_code,-0.04248
MED00109,8,season_code,-0.00916
MED00110,8,season_code,0.01172
MED00111,8,season_code,-0.01259
MED00112,8,season_code,-0.04624
MED00113,8,season_code,-0.0178
MED00114,8,season_code,-0.00519
MED00115,8,season_code,-0.02702
MED00116,8,season_code,0.01974
MED00117,8,season_code,-0.01727
MED00118,8,season_code,-0.01253
MED00119,8,season_code,-0.0217
MED00120,8,season_code,-0.00735
MED00121,8,season_code,-0.04907
MED00122,8,season_code,-0.01956
MED00123,8,season_code,0.00277
MED00124,8,season_code,-0.0344
MED00125,8,season_code,0.00704
MED00126,8,season_code,0.00383
MED00127,8,season_code,-0.02027
MED00128,8,season_code,-0.02713
MED00129,8,season_code,-0.01815
MED00130,8,season_code,0.01083
MED00131,8,season_code,-0.02464
MED00132,8,season_code,0.0023
MED00133,8,season_code,-0.0093
MED00134,8,season_code,0.00437
MED00135,8,season_code,-0.00127
MED00136,8,season_code,-0.00574
MED00137,8,season_code,-0.01721
MED00138,8,season_code,-0.02655
MED00139,8,season_code,-0.03197
MED00140,8,season_code,-0.01753
MED00141,8,season_code,-0.04199
MED00142,8,season_code,-0.00565
MED00143,8,season_code,-0.0204
MED00144,8,season_code,-0.03954
MED00145,8,season_code,0.00569
MED00146,8,season_code,-0.00052
MED00147,8,season_code,-0.01773
MED00148,8,season_code,-0.0316
MED00149,8,season_code,-0.03993
MED00150,8,season_code,-0.02697
MED00151,8,season_code,-0.02539
MED00152,8,season_code,-0.02944
MED00153,8,season_code,-0.02873
MED00154,8,season_code,-0.00102
MED00155,8,season_code,-0.02623
MED00156,8,season_code,-0.02062
MED00157,8,season_code,-0.04234
MED00158,8,season_code,0.00703
MED00159,8,season_code,0.00793
MED00160,8,season_code,-0.04057
MED00161,8,season_code,-0.04096
MED00162,8,season_code,-0.02711
MED00163,8,season_code,0.0034
MED00164,8,season_code,-0.02333
MED00165,8,season_code,-0.00395
MED00166,8,season_code,-0.02665
MED00167,8,season_code,-0.01715
MED00168,8,season_code,-0.0223
MED00169,8,season_code,-0.01968
MED00170,8,season_code,-0.01691
MED00171,8,season_code,-0.02663
MED00172,8,season_code,-0.02051
MED00173,8,season_code,-0.02747
MED00174,8,season_code,-0.01317
MED00175,8,season_code,-0.00224
MED00176,8,season_code,0.0447
MED00177,8,season_code,-0.00492
MED00178,8,season_code,0.00422
MED00179,8,season_code,-0.00172
MED00180,8,season_code,-0.02554
MED00181,8,season_code,-0.04688
MED00182,8,season_code,0.00517
MED00183,8,season_code,-0.01481
MED00184,8,season_code,-0.01066
MED00185,8,season_code,-0.02118
MED00186,8,season_code,-0.02012
MED00187,8,season_code,-0.01462
MED00188,8,season_code,-0.04373
MED00189,8,season_code,0.00915
MED00190,8,season_code,-0.02875
MED00191,8,season_code,-0.01871
MED00192,8,season_code,0.00635
MED00193,8,season_code,0.00864
MED00194,8,season_code,-0.02401
MED00195,8,season_code,-0.01684
MED00196,8,season_code,-0.02232
MED00197,8,season_code,-0.02747
MED00198,8,season_code,-0.02047
MED00199,8,season_code,-0.0079
MED00200,8,season_code,-0.01897
MED00201,8,season_code,-0.0254
MED00202,8,season_code,-0.01827
MED00203,8,season_code,-0.02141
MED00204,8,season_code,-0.02764
MED00205,8,season_code,-0.02594
MED00206,8,season_code,-0.01868
MED00207,8,season_code,-0.02588
MED00208,8,season_code,-0.0239
MED00209,8,season_code,0.00099
MED00210,8,season_code,-0.00193
MED00211,8,season_code,-0.03005
MED00212,8,season_code,-0.02054
MED00213,8,season_code,0.0029
MED00214,8,season_code,-0.02615
MED00215,8,season_code,-0.02705
MED00216,8,season_code,-0.00595
MED00217,8,season_code,0.01222
MED00218,8,season_code,-0.04607
MED00219,8,season_code,-0.0043
MED00220,8,season_code,-0.02481
MED00221,8,season_code,-0.04384
MED00222,8,season_code,-0.00568
MED00223,8,season_code,0.03211
MED00224,8,season_code,-0.01759
MED00225,8,season_code,-0.04042
MED00226,8,season_code,-0.0154
MED00227,8,season_code,-0.00457
MED00228,8,season_code,-0.01613
MED00229,8,season_code,0.00341
MED00230,8,season_code,-0.00412
MED00231,8,season_code,-0.01312
MED00232,8,season_code,-0.03793
MED00233,8,season_code,0.00394
MED00234,8,season_code,-0.01722
MED00236,8,season_code,-0.02502
MED00237,8,season_code,-0.03442
MED00238,8,season_code,-0.02103
MED00239,8,season_code,-0.04833
MED00240,8,season_code,-0.03861
MED00241,8,season_code,-0.04048
MED00242,8,season_code,-0.00998
MED00243,8,season_code,0.01412
MED00244,8,season_code,-0.03036
MED00245,8,season_code,-0.0004
MED00246,8,season_code,-0.04294
MED00247,8,season_code,-0.02508
MED00248,8,season_code,-0.02074
MED00249,8,season_code,0.00225
MED00250,8,season_code,-0.01515
MED00251,8,season_code,-0.02203
MED00252,8,season_code,-0.00805
MED00253,8,season_code,-0.04807
MED00254,8,season_code,-0.00864
MED00255,8,season_code,-0.02784
MED00256,8,season_code,-0.0253
MED00257,8,season_code,-0.03686
MED00258,8,season_code,-0.02498
MED00259,8,season_code,-0.02323
MED00260,8,season_code,0.00125
MED00261,8,season_code,-0.00178
MED00262,8,season_code,-0.03299
MED00263,8,season_code,-0.0441
MED00264,8,season_code,-0.0082
MED00265,8,season_code,-0.03623
MED00266,8,season_code,-0.00665
MED00267,8,season_code,-0.04605
MED00268,8,season_code,-0.02229
MED00269,8,season_code,-0.03088
MED00270,8,season_code,-0.02081
MED00271,8,season_code,-0.02926
MED00272,8,season_code,-0.01933
MED00273,8,season_code,-0.02979
MED00274,8,season_code,-0.00034
MED00275,8,season_code,-0.01098
MED00276,8,season_code,-0.02384
MED00277,8,season_code,0.00909
MED00278,8,season_code,-0.03022
MED00279,8,season_code,-0.00292
MED00280,8,season_code,0.01215
MED00281,8,season_code,-0.01376
MED00282,8,season_code,-0.02513
MED00283,8,season_code,-0.02923
MED00284,8,season_code,-0.00984
MED00285,8,season_code,-0.04833
MED00286,8,season_code,-0.03162
MED00287,8,season_code,-0.05036
MED00288,8,season_code,-0.00013
MED00289,8,season_code,-0.03377
MED00290,8,season_code,-0.01765
MED00291,8,season_code,-0.01737
MED00292,8,season_code,-0.01676
MED00293,8,season_code,-0.0329
MED00294,8,season_code,0.00583
MED00295,8,season_code,0.00455
MED00296,8,season_code,-0.04521
MED00297,8,season_code,-0.04015
MED00298,8,season_code,-0.02361
MED00299,8,season_code,0.00794
MED00300,8,season_code,-0.02134
MED00301,8,season_code,-0.04663
MED00302,8,season_code,-0.00351
MED00303,8,season_code,-0.00693
MED00304,8,season_code,-0.04125
MED00305,8,season_code,-0.01965
MED00306,8,season_code,0.01543
MED00307,8,season_code,-0.0028
MED00308,8,season_code,0.00471
MED00309,8,season_code,-0.04181
MED00310,8,season_code,-0.04296
MED00311,8,season_code,-0.00918
MED00312,8,season_code,0.00139
MED00313,8,season_code,0.01677
MED00314,8,season_code,0.01703
MED00315,8,season_code,-0.02605
MED00316,8,season_code,-0.03964
MED00317,8,season_code,-0.02965
MED00318,8,season_code,-0.02533
MED00319,8,season_code,-0.02733
MED00320,8,season_code,0.00545
MED00321,8,season_code,0.0014
MED00322,8,season_code,0.01068
MED00323,8,season_code,0.00316
MED00324,8,season_code,-0.00922
MED00325,8,season_code,-0.037
MED00326,8,season_code,-0.03074
MED00327,8,season_code,-0.0479
MED00328,8,season_code,-0.03674
MED00329,8,season_code,-0.02972
MED00330,8,season_code,-0.0408
MED00331,8,season_code,-0.0159
MED00332,8,season_code,-0.04437
MED00333,8,season_code,-0.02915
MED00334,8,season_code,-0.00679
MED00335,8,season_code,-0.00105
MED00336,8,season_code,-0.03017
MED00337,8,season_code,-0.00073
MED00338,8,season_code,0.02637
MED00339,8,season_code,-0.01211
MED00340,8,season_code,0.00257
MED00341,8,season_code,-0.04842
MED00342,8,season_code,-0.02439
MED00343,8,season_code,-0.02783
MED00344,8,season_code,-0.01415
MED00345,8,season_code,0.0107
MED00346,8,season_code,-0.05105
MED00347,8,season_code,-0.00346
MED00348,8,season_code,-0.01978
MED00349,8,season_code,-0.02672
MED00350,8,season_code,-0.00318
MED00351,8,season_code,0.00547
MED00352,8,season_code,0.00347
MED00353,8,season_code,0.00857
MED00354,8,season_code,0.00681
MED00355,8,season_code,-0.0368
MED00356,8,season_code,-0.02067
MED00357,8,season_code,0.01021
MED00358,8,season_code,-0.03023
MED00359,8,season_code,-0.02559
MED00360,8,season_code,-0.01923
MED00361,8,season_code,-0.02202
MED00362,8,season_code,-0.02415
MED00363,8,season_code,-0.02007
MED00364,8,season_code,-0.00341
MED00365,8,season_code,-0.02881
MED00366,8,season_code,-0.02752
MED00367,8,season_code,-0.02647
MED00368,8,season_code,-0.03967
MED00369,8,season_code,-0.04585
MED00370,8,season_code,0.00893
MED00371,8,season_code,-0.00649
MED00372,8,season_code,0.00677
MED00373,8,season_code,0.00229
MED00374,8,season_code,-0.01495
MED00375,8,season_code,-0.00607
MED00376,8,season_code,-0.02828
MED00377,8,season_code,0.00857
MED00378,8,season_code,-0.02861
MED00379,8,season_code,-0.00039
MED00380,8,season_code,0.00469
MED00381,8,season_code,-0.00481
MED00382,8,season_code,-0.02261
MED00383,8,season_code,-0.03614
MED00384,8,season_code,-0.0234
MED00385,8,season_code,-0.02194
MED00386,8,season_code,-0.02628
MED00387,8,season_code,-0.01777
MED00388,8,season_code,0.00351
MED00389,8,season_code,-0.02783
MED00390,8,season_code,-0.01808
MED00391,8,season_code,-0.0231
MED00392,8,season_code,-0.01824
MED00393,8,season_code,-0.02734
MED00394,8,season_code,-0.01743
MED00395,8,season_code,-0.00701
MED00396,8,season_code,-0.00748
MED00397,8,season_code,-0.00309
MED00398,8,season_code,0.00649
MED00399,8,season_code,0.00597
MED00400,8,season_code,-0.00277
MED00401,8,season_code,-0.0463
MED00402,8,season_code,-0.02722
MED00403,8,season_code,-0.01849
MED00404,8,season_code,-0.0374
MED00405,8,season_code,-0.02858
MED00406,8,season_code,-0.01612
MED00407,8,season_code,-0.02839
MED00408,8,season_code,-0.0413
MED00409,8,season_code,-0.02928
MED00410,8,season_code,-0.03222
MED00411,8,season_code,-0.01556
MED00412,8,season_code,-0.02696
MED00413,8,season_code,-0.03042
MED00414,8,season_code,-0.01735
MED00415,8,season_code,-0.02414
MED00416,8,season_code,-0.02187
MED00417,8,season_code,-0.02446
MED00418,8,season_code,-0.02346
MED00419,8,season_code,-0.02084
MED00420,8,season_code,-0.02663
MED00421,8,season_code,-0.02131
MED00422,8,season_code,-0.02702
MED00423,8,season_code,-0.01916
MED00424,8,season_code,0.00174
MED00001,9,season_code,-0.01766
MED00002,9,season_code,0.01314
MED00003,9,season_code,0.00233
MED00004,9,season_code,0.00157
MED00005,9,season_code,0.00195
MED00006,9,season_code,-0.01313
MED00007,9,season_code,0.02708
MED00008,9,season_code,-0.0023
MED00009,9,season_code,-0.03058
MED00010,9,season_code,0.00335
MED00011,9,season_code,0.00255
MED00012,9,season_code,-0.02604
MED00013,9,season_code,-0.04106
MED00014,9,season_code,-0.01937
MED00015,9,season_code,-0.00486
MED00016,9,season_code,-0.02041
MED00017,9,season_code,-0.02558
MED00018,9,season_code,-0.0019
MED00019,9,season_code,0.00096
MED00020,9,season_code,0.00076
MED00021,9,season_code,-0.04151
MED00022,9,season_code,-0.01688
MED00023,9,season_code,-0.01875
MED00024,9,season_code,-0.03962
MED00025,9,season_code,-0.00657
MED00026,9,season_code,0.00516
MED00027,9,season_code,0.00585
MED00028,9,season_code,-0.00345
MED00029,9,season_code,-0.00981
MED00030,9,season_code,-0.02555
MED00031,9,season_code,-0.0197
MED00032,9,season_code,-0.02285
MED00033,9,season_code,0.00915
MED00034,9,season_code,-0.0024
MED00035,9,season_code,0.01748
MED00036,9,season_code,-0.00763
MED00037,9,season_code,-0.01663
MED00038,9,season_code,0.00207
MED00039,9,season_code,0.01495
MED00040,9,season_code,0.00534
MED00041,9,season_code,0.00022
MED00042,9,season_code,-0.04335
MED00043,9,season_code,0.00373
MED00044,9,season_code,-0.02289
MED00045,9,season_code,-0.01561
MED00046,9,season_code,-0.01676
MED00047,9,season_code,-0.04589
MED00048,9,season_code,-0.02493
MED00049,9,season_code,0.01064
MED00050,9,season_code,-0.04779
MED00051,9,season_code,0.00325
MED00052,9,season_code,0.00331
MED00053,9,season_code,-0.02972
MED00054,9,season_code,-0.02516
MED00055,9,season_code,0.01003
MED00056,9,season_code,0.01224
MED00057,9,season_code,0.01034
MED00058,9,season_code,-0.01542
MED00059,9,season_code,-0.0301
MED00060,9,season_code,-0.03102
MED00061,9,season_code,0.00524
MED00062,9,season_code,-0.03106
MED00063,9,season_code,-0.00402
MED00064,9,season_code,-0.00218
MED00065,9,season_code,-0.00546
MED00066,9,season_code,-0.00308
MED00067,9,season_code,-0.02266
MED00068,9,season_code,-0.03857
MED00069,9,season_code,-0.0189
MED00070,9,season_code,-0.02209
MED00071,9,season_code,-0.02634
MED00072,9,season_code,-0.0216
MED00073,9,season_code,-0.04101
MED00074,9,season_code,-0.04102
MED00075,9,season_code,-0.02224
MED00076,9,season_code,0.01096
MED00077,9,season_code,-0.05434
MED00078,9,season_code,-0.03747
MED00079,9,season_code,-0.00291
MED00080,9,season_code,-0.03743
MED00081,9,season_code,0.00381
MED00082,9,season_code,-0.0482
MED00083,9,season_code,-0.01984
MED00084,9,season_code,-0.00283
MED00085,9,season_code,-0.02192
MED00086,9,season_code,0.00796
MED00087,9,season_code,-0.01847
MED00088,9,season_code,0.00144
MED00089,9,season_code,-0.00557
MED00090,9,season_code,-0.06418
MED00091,9,season_code,-0.02459
MED00092,9,season_code,-0.01391
MED00093,9,season_code,0.00826
MED00094,9,season_code,0.00713
MED00095,9,season_code,-0.04238
MED00096,9,season_code,-0.01657
MED00097,9,season_code,0.0085
MED00098,9,season_code,-0.03631
MED00099,9,season_code,0.00535
MED00100,9,season_code,-0.00505
MED00101,9,season_code,-0.03731
MED00102,9,season_code,-0.01979
MED00103,9,season_code,-0.03878
MED00104,9,season_code,-0.03368
MED00105,9,season_code,-0.02635
MED00106,9,season_code,-0.00274
MED00107,9,season_code,-0.03521
MED00108,9,season_code,-0.04308
MED00109,9,season_code,-0.00882
MED00110,9,season_code,0.01171
MED00111,9,season_code,-0.01093
MED00112,9,season_code,-0.04698
MED00113,9,season_code,-0.01843
MED00114,9,season_code,-0.00529
MED00115,9,season_code,-0.02762
MED00116,9,season_code,0.01936
MED00117,9,season_code,-0.01546
MED00118,9,season_code,-0.01331
MED00119,9,season_code,-0.02234
MED00120,9,season_code,-0.00722
MED00121,9,season_code,-0.04966
MED00122,9,season_code,-0.02018
MED00123,9,season_code,0.00211
MED00124,9,season_code,-0.03648
MED00125,9,season_code,0.00698
MED00126,9,season_code,0.00374
MED00127,9,season_code,-0.0203
MED00128,9,season_code,-0.02774
MED00129,9,season_code,-0.01894
MED00130,9,season_code,0.01079
MED00131,9,season_code,-0.02524
MED00132,9,season_code,0.00176
MED00133,9,season_code,-0.00949
MED00134,9,season_code,0.00435
MED00135,9,season_code,-0.00151
MED00136,9,season_code,-0.00654
MED00137,9,season_code,-0.01872
MED00138,9,season_code,-0.02714
MED00139,9,season_code,-0.03274
MED00140,9,season_code,-0.01818
MED00141,9,season_code,-0.0428
MED00142,9,season_code,-0.00527
MED00143,9,season_code,-0.02083
MED00144,9,season_code,-0.04145
MED00145,9,season_code,0.00656
MED00146,9,season_code,-0.00116
MED00147,9,season_code,-0.01827
MED00148,9,season_code,-0.0322
MED00149,9,season_code,-0.04069
MED00150,9,season_code,-0.02757
MED00151,9,season_code,-0.02599
MED00152,9,season_code,-0.03019
MED00153,9,season_code,-0.02949
MED00154,9,season_code,-0.00111
MED00155,9,season_code,-0.02686
MED00156,9,season_code,-0.02123
MED00157,9,season_code,-0.04317
MED00158,9,season_code,0.0071
MED00159,9,season_code,0.00776
MED00160,9,season_code,-0.04077
MED00161,9,season_code,-0.04304
MED00162,9,season_code,-0.02768
MED00163,9,season_code,0.00334
MED00164,9,season_code,-0.02394
MED00165,9,season_code,-0.00603
MED00166,9,season_code,-0.02725
MED00167,9,season_code,-0.01795
MED00168,9,season_code,-0.02306
MED00169,9,season_code,-0.02043
MED00170,9,season_code,-0.01751
MED00171,9,season_code,-0.02722
MED00172,9,season_code,-0.02127
MED00173,9,season_code,-0.02807
MED00174,9,season_code,-0.01362
MED00175,9,season_code,-0.00241
MED00176,9,season_code,0.04448
MED00177,9,season_code,-0.00442
MED00178,9,season_code,0.00344
MED00179,9,season_code,-0.00319
MED00180,9,season_code,-0.02632
MED00181,9,season_code,-0.04764
MED00182,9,season_code,0.00517
MED00183,9,season_code,-0.01501
MED00184,9,season_code,-0.01069
MED00185,9,season_code,-0.02165
MED00186,9,season_code,-0.02072
MED00187,9,season_code,-0.01287
MED00188,9,season_code,-0.04432
MED00189,9,season_code,0.00909
MED00190,9,season_code,-0.02934
MED00191,9,season_code,-0.01699
MED00192,9,season_code,0.00628
MED00193,9,season_code,0.00936
MED00194,9,season_code,-0.02176
MED00195,9,season_code,-0.01775
MED00196,9,season_code,-0.02076
MED00197,9,season_code,-0.01877
MED00198,9,season_code,-0.02109
MED00199,9,season_code,-0.0092
MED00200,9,season_code,-0.01958
MED00201,9,season_code,-0.02601
MED00202,9,season_code,-0.01904
MED00203,9,season_code,-0.02201
MED00204,9,season_code,-0.02828
MED00205,9,season_code,-0.02671
MED00206,9,season_code,-0.01946
MED00207,9,season_code,-0.02664
MED00208,9,season_code,-0.02468
MED00209,9,season_code,0.00023
MED00210,9,season_code,-0.00203
MED00211,9,season_code,-0.03065
MED00212,9,season_code,-0.02056
MED00213,9,season_code,0.00171
MED00214,9,season_code,-0.02823
MED00215,9,season_code,-0.02765
MED00216,9,season_code,-0.00586
MED00217,9,season_code,0.01218
MED00218,9,season_code,-0.04647
MED00219,9,season_code,-0.00431
MED00220,9,season_code,-0.02537
MED00221,9,season_code,-0.04461
MED00222,9,season_code,-0.00537
MED00223,9,season_code,0.03187
MED00224,9,season_code,-0.01842
MED00225,9,season_code,-0.04247
MED00226,9,season_code,-0.01617
MED00227,9,season_code,-0.00449
MED00228,9,season_code,-0.01598
MED00229,9,season_code,0.00455
MED00230,9,season_code,-0.00421
MED00231,9,season_code,-0.01352
MED00232,9,season_code,-0.03855
MED00233,9,season_code,0.00368
MED00234,9,season_code,-0.01785
MED00236,9,season_code,-0.02319
MED00237,9,season_code,-0.03286
MED00238,9,season_code,-0.02178
MED00239,9,season_code,-0.04892
MED00240,9,season_code,-0.04042
MED00241,9,season_code,-0.04096
MED00242,9,season_code,-0.01116
MED00243,9,season_code,0.01407
MED00244,9,season_code,-0.03114
MED00245,9,season_code,-0.00046
MED00246,9,season_code,-0.04379
MED00247,9,season_code,-0.02586
MED00248,9,season_code,-0.02076
MED00249,9,season_code,0.00205
MED00250,9,season_code,-0.01696
MED00251,9,season_code,-0.02279
MED00252,9,season_code,-0.00767
MED00253,9,season_code,-0.04866
MED00254,9,season_code,-0.00827
MED00255,9,season_code,-0.02966
MED00256,9,season_code,-0.02589
MED00257,9,season_code,-0.0377
MED00258,9,season_code,-0.02557
MED00259,9,season_code,-0.0238
MED00260,9,season_code,0.00104
MED00261,9,season_code,-0.00204
MED00262,9,season_code,-0.03357
MED00263,9,season_code,-0.04485
MED00264,9,season_code,-0.00779
MED00265,9,season_code,-0.03708
MED00266,9,season_code,-0.00667
MED00267,9,season_code,-0.04665
MED00268,9,season_code,-0.02282
MED00269,9,season_code,-0.03162
MED00270,9,season_code,-0.02156
MED00271,9,season_code,-0.02988
MED00272,9,season_code,-0.01936
MED00273,9,season_code,-0.02979
MED00274,9,season_code,-0.00054
MED00275,9,season_code,-0.01103
MED00276,9,season_code,-0.02444
MED00277,9,season_code,0.00902
MED00278,9,season_code,-0.03104
MED00279,9,season_code,-0.003
MED00280,9,season_code,0.0121
MED00281,9,season_code,-0.01443
MED00282,9,season_code,-0.02516
MED00283,9,season_code,-0.02981
MED00284,9,season_code,-0.01059
MED00285,9,season_code,-0.04876
MED00286,9,season_code,-0.03233
MED00287,9,season_code,-0.05095
MED00288,9,season_code,-0.00029
MED00289,9,season_code,-0.03561
MED00290,9,season_code,-0.01805
MED00291,9,season_code,-0.01473
MED00292,9,season_code,-0.01735
MED00293,9,season_code,-0.0332
MED00294,9,season_code,0.00503
MED00295,9,season_code,0.00288
MED00296,9,season_code,-0.04602
MED00297,9,season_code,-0.04098
MED00298,9,season_code,-0.02437
MED00299,9,season_code,0.00788
MED00300,9,season_code,-0.02221
MED00301,9,season_code,-0.04868
MED00302,9,season_code,-0.00371
MED00303,9,season_code,-0.00681
MED00304,9,season_code,-0.04208
MED00305,9,season_code,-0.02025
MED00306,9,season_code,0.0166
MED00307,9,season_code,-0.00136
MED00308,9,season_code,0.00247
MED00309,9,season_code,-0.04243
MED00310,9,season_code,-0.04355
MED00311,9,season_code,-0.01011
MED00312,9,season_code,0.00087
MED00313,9,season_code,0.01676
MED00314,9,season_code,0.01683
MED00315,9,season_code,-0.02686
MED00316,9,season_code,-0.04026
MED00317,9,season_code,-0.03041
MED00318,9,season_code,-0.02348
MED00319,9,season_code,-0.02935
MED00320,9,season_code,0.00516
MED00321,9,season_code,0.00131
MED00322,9,season_code,0.01063
MED00323,9,season_code,0.00346
MED00324,9,season_code,-0.00989
MED00325,9,season_code,-0.03783
MED00326,9,season_code,-0.03156
MED00327,9,season_code,-0.04851
MED00328,9,season_code,-0.03754
MED00329,9,season_code,-0.0305
MED00330,9,season_code,-0.04288
MED00331,9,season_code,-0.01665
MED00332,9,season_code,-0.04494
MED00333,9,season_code,-0.03123
MED00334,9,season_code,-0.0069
MED00335,9,season_code,-0.00234
MED00336,9,season_code,-0.03225
MED00337,9,season_code,-0.00082
MED00338,9,season_code,0.02622
MED00339,9,season_code,-0.01274
MED00340,9,season_code,0.0016
MED00341,9,season_code,-0.04925
MED00342,9,season_code,-0.02499
MED00343,9,season_code,-0.0308
MED00344,9,season_code,-0.01672
MED00345,9,season_code,0.01066
MED00346,9,season_code,-0.05163
MED00347,9,season_code,-0.00338
MED00348,9,season_code,-0.02053
MED00349,9,season_code,-0.02746
MED00350,9,season_code,-0.00436
MED00351,9,season_code,0.00542
MED00352,9,season_code,0.00463
MED00353,9,season_code,0.0072
MED00354,9,season_code,0.00672
MED00355,9,season_code,-0.03887
MED00356,9,season_code,-0.02124
MED00357,9,season_code,0.01016
MED00358,9,season_code,-0.03078
MED00359,9,season_code,-0.02624
MED00360,9,season_code,-0.01931
MED00361,9,season_code,-0.02278
MED00362,9,season_code,-0.02462
MED00363,9,season_code,-0.02077
MED00364,9,season_code,-0.00333
MED00365,9,season_code,-0.02939
MED00366,9,season_code,-0.02959
MED00367,9,season_code,-0.0271
MED00368,9,season_code,-0.04029
MED00369,9,season_code,-0.04394
MED00370,9,season_code,0.00874
MED00371,9,season_code,-0.00674
MED00372,9,season_code,0.00671
MED00373,9,season_code,0.00314
MED00374,9,season_code,-0.01553
MED00375,9,season_code,-0.00617
MED00376,9,season_code,-0.02903
MED00377,9,season_code,0.00861
MED00378,9,season_code,-0.02937
MED00379,9,season_code,0.00072
MED00380,9,season_code,0.00459
MED00381,9,season_code,-0.00307
MED00382,9,season_code,-0.02317
MED00383,9,season_code,-0.03698
MED00384,9,season_code,-0.02401
MED00385,9,season_code,-0.02265
MED00386,9,season_code,-0.02693
MED00387,9,season_code,-0.0161
MED00388,9,season_code,0.00345
MED00389,9,season_code,-0.02868
MED00390,9,season_code,-0.01892
MED00391,9,season_code,-0.02316
MED00392,9,season_code,-0.0183
MED00393,9,season_code,-0.02736
MED00394,9,season_code,-0.01755
MED00395,9,season_code,-0.00717
MED00396,9,season_code,-0.00523
MED00397,9,season_code,-0.00317
MED00398,9,season_code,0.00739
MED00399,9,season_code,0.00594
MED00400,9,season_code,-0.00281
MED00401,9,season_code,-0.04377
MED00402,9,season_code,-0.0277
MED00403,9,season_code,-0.01668
MED00404,9,season_code,-0.03561
MED00405,9,season_code,-0.02682
MED00406,9,season_code,-0.01436
MED00407,9,season_code,-0.02897
MED00408,9,season_code,-0.04188
MED00409,9,season_code,-0.03008
MED00410,9,season_code,-0.03307
MED00411,9,season_code,-0.01619
MED00412,9,season_code,-0.02756
MED00413,9,season_code,-0.03099
MED00414,9,season_code,-0.01806
MED00415,9,season_code,-0.02469
MED00416,9,season_code,-0.02248
MED00417,9,season_code,-0.02514
MED00418,9,season_code,-0.02351
MED00419,9,season_code,-0.02088
MED00420,9,season_code,-0.02714
MED00421,9,season_code,-0.02182
MED00422,9,season_code,-0.02764
MED00423,9,season_code,-0.01925
MED00424,9,season_code,0.00171
MED00001,10,season_code,-0.01824
MED00002,10,season_code,0.01394
MED00003,10,season_code,0.00235
MED00004,10,season_code,0.00185
MED00005,10,season_code,0.0034
MED00006,10,season_code,-0.01333
MED00007,10,season_code,0.02732
MED00008,10,season_code,0.00124
MED00009,10,season_code,-0.03122
MED00010,10,season_code,0.00432
MED00011,10,season_code,0.00331
MED00012,10,season_code,-0.02682
MED00013,10,season_code,-0.04171
MED00014,10,season_code,-0.01876
MED00015,10,season_code,-0.00396
MED00016,10,season_code,-0.02041
MED00017,10,season_code,-0.02568
MED00018,10,season_code,0.00308
MED00019,10,season_code,0.00169
MED00020,10,season_code,0.00165
MED00021,10,season_code,-0.03942
MED00022,10,season_code,-0.01596
MED00023,10,season_code,-0.01094
MED00024,10,season_code,-0.03895
MED00025,10,season_code,-0.00642
MED00026,10,season_code,0.0061
MED00027,10,season_code,0.00669
MED00028,10,season_code,-0.00171
MED00029,10,season_code,-0.00845
MED00030,10,season_code,-0.02476
MED00031,10,season_code,-0.01858
MED00032,10,season_code,-0.02261
MED00033,10,season_code,0.00941
MED00034,10,season_code,-0.00157
MED00035,10,season_code,0.01665
MED00036,10,season_code,-0.00607
MED00037,10,season_code,-0.01578
MED00038,10,season_code,0.00444
MED00039,10,season_code,0.01628
MED00040,10,season_code,0.00671
MED00041,10,season_code,0.0016
MED00042,10,season_code,-0.0416
MED00043,10,season_code,0.00465
MED00044,10,season_code,-0.0221
MED00045,10,season_code,-0.01646
MED00046,10,season_code,-0.01491
MED00047,10,season_code,-0.0465
MED00048,10,season_code,-0.02507
MED00049,10,season_code,0.01152
MED00050,10,season_code,-0.04947
MED00051,10,season_code,0.00325
MED00052,10,season_code,0.00461
MED00053,10,season_code,-0.02734
MED00054,10,season_code,-0.02284
MED00055,10,season_code,0.01054
MED00056,10,season_code,0.01301
MED00057,10,season_code,0.0104
MED00058,10,season_code,-0.01625
MED00059,10,season_code,-0.0303
MED00060,10,season_code,-0.03216
MED00061,10,season_code,0.00623
MED00062,10,season_code,-0.03244
MED00063,10,season_code,-0.00326
MED00064,10,season_code,-0.00147
MED00065,10,season_code,-0.00512
MED00066,10,season_code,-0.00218
MED00067,10,season_code,-0.02205
MED00068,10,season_code,-0.03815
MED00069,10,season_code,-0.01807
MED00070,10,season_code,-0.02037
MED00071,10,season_code,-0.02555
MED00072,10,season_code,-0.02082
MED00073,10,season_code,-0.04064
MED00074,10,season_code,-0.04138
MED00075,10,season_code,-0.0223
MED00076,10,season_code,0.01182
MED00077,10,season_code,-0.05505
MED00078,10,season_code,-0.03782
MED00079,10,season_code,-0.00287
MED00080,10,season_code,-0.03683
MED00081,10,season_code,0.00393
MED00082,10,season_code,-0.04831
MED00083,10,season_code,-0.01861
MED00084,10,season_code,-0.00124
MED00085,10,season_code,-0.02205
MED00086,10,season_code,0.00882
MED00087,10,season_code,-0.01774
MED00088,10,season_code,0.00312
MED00089,10,season_code,-0.00468
MED00090,10,season_code,-0.06423
MED00091,10,season_code,-0.02378
MED00092,10,season_code,-0.01417
MED00093,10,season_code,0.00908
MED00094,10,season_code,0.00884
MED00095,10,season_code,-0.04463
MED00096,10,season_code,-0.01905
MED00097,10,season_code,0.0093
MED00098,10,season_code,-0.03609
MED00099,10,season_code,0.00619
MED00100,10,season_code,-0.00567
MED00101,10,season_code,-0.03798
MED00102,10,season_code,-0.01899
MED00103,10,season_code,-0.04035
MED00104,10,season_code,-0.03335
MED00105,10,season_code,-0.02625
MED00106,10,season_code,-0.00198
MED00107,10,season_code,-0.03448
MED00108,10,season_code,-0.04492
MED00109,10,season_code,-0.00911
MED00110,10,season_code,0.01213
MED00111,10,season_code,-0.00927
MED00112,10,season_code,-0.04864
MED00113,10,season_code,-0.01845
MED00114,10,season_code,-0.0043
MED00115,10,season_code,-0.02755
MED00116,10,season_code,0.02094
MED00117,10,season_code,-0.01495
MED00118,10,season_code,-0.01265
MED00119,10,season_code,-0.02232
MED00120,10,season_code,-0.00534
MED00121,10,season_code,-0.04997
MED00122,10,season_code,-0.02017
MED00123,10,season_code,0.00345
MED00124,10,season_code,-0.03644
MED00125,10,season_code,0.00701
MED00126,10,season_code,0.00403
MED00127,10,season_code,-0.02039
MED00128,10,season_code,-0.02774
MED00129,10,season_code,-0.01984
MED00130,10,season_code,0.01166
MED00131,10,season_code,-0.02428
MED00132,10,season_code,0.00315
MED00133,10,season_code,-0.00809
MED00134,10,season_code,0.00463
MED00135,10,season_code,-0.00069
MED00136,10,season_code,-0.00516
MED00137,10,season_code,-0.01766
MED00138,10,season_code,-0.0272
MED00139,10,season_code,-0.03433
MED00140,10,season_code,-0.01814
MED00141,10,season_code,-0.0407
MED00142,10,season_code,-0.00455
MED00143,10,season_code,-0.02085
MED00144,10,season_code,-0.04195
MED00145,10,season_code,0.0074
MED00146,10,season_code,0.00073
MED00147,10,season_code,-0.0177
MED00148,10,season_code,-0.03189
MED00149,10,season_code,-0.04132
MED00150,10,season_code,-0.02745
MED00151,10,season_code,-0.02596
MED00152,10,season_code,-0.0302
MED00153,10,season_code,-0.02943
MED00154,10,season_code,-0.00034
MED00155,10,season_code,-0.02688
MED00156,10,season_code,-0.02122
MED00157,10,season_code,-0.04375
MED00158,10,season_code,0.00794
MED00159,10,season_code,0.00887
MED00160,10,season_code,-0.0413
MED00161,10,season_code,-0.04345
MED00162,10,season_code,-0.02698
MED00163,10,season_code,0.0042
MED00164,10,season_code,-0.02309
MED00165,10,season_code,-0.00301
MED00166,10,season_code,-0.02715
MED00167,10,season_code,-0.01797
MED00168,10,season_code,-0.02307
MED00169,10,season_code,-0.02052
MED00170,10,season_code,-0.0175
MED00171,10,season_code,-0.02722
MED00172,10,season_code,-0.02125
MED00173,10,season_code,-0.02807
MED00174,10,season_code,-0.01274
MED00175,10,season_code,-0.00214
MED00176,10,season_code,0.04537
MED00177,10,season_code,-0.00368
MED00178,10,season_code,0.00421
MED00179,10,season_code,-0.00386
MED00180,10,season_code,-0.02719
MED00181,10,season_code,-0.04928
MED00182,10,season_code,0.0061
MED00183,10,season_code,-0.0141
MED00184,10,season_code,-0.00898
MED00185,10,season_code,-0.01279
MED00186,10,season_code,-0.02067
MED00187,10,season_code,-0.01206
MED00188,10,season_code,-0.04516
MED00189,10,season_code,0.00912
MED00190,10,season_code,-0.02864
MED00191,10,season_code,-0.01546
MED00192,10,season_code,0.00721
MED00193,10,season_code,0.01023
MED00194,10,season_code,-0.01696
MED00195,10,season_code,-0.01361
MED00196,10,season_code,-0.01504
MED00197,10,season_code,-0.01389
MED00198,10,season_code,-0.0211
MED00199,10,season_code,-0.0078
MED00200,10,season_code,-0.01956
MED00201,10,season_code,-0.0258
MED00202,10,season_code,-0.02003
MED00203,10,season_code,-0.02122
MED00204,10,season_code,-0.02821
MED00205,10,season_code,-0.02654
MED00206,10,season_code,-0.01174
MED00207,10,season_code,-0.02596
MED00208,10,season_code,-0.02462
MED00209,10,season_code,0.0017
MED00210,10,season_code,0.00012
MED00211,10,season_code,-0.03065
MED00212,10,season_code,-0.02084
MED00213,10,season_code,0.00199
MED00214,10,season_code,-0.0276
MED00215,10,season_code,-0.02766
MED00216,10,season_code,-0.00568
MED00217,10,season_code,0.01222
MED00218,10,season_code,-0.04705
MED00219,10,season_code,-0.00291
MED00220,10,season_code,-0.0246
MED00221,10,season_code,-0.04394
MED00222,10,season_code,-0.00606
MED00223,10,season_code,0.03293
MED00224,10,season_code,-0.01769
MED00225,10,season_code,-0.04292
MED00226,10,season_code,-0.01431
MED00227,10,season_code,-0.00371
MED00228,10,season_code,-0.01609
MED00229,10,season_code,0.00483
MED00230,10,season_code,-0.00306
MED00231,10,season_code,-0.01354
MED00232,10,season_code,-0.04023
MED00233,10,season_code,0.00519
MED00234,10,season_code,-0.01793
MED00235,10,season_code,0.00094
MED00236,10,season_code,-0.02268
MED00237,10,season_code,-0.03203
MED00238,10,season_code,-0.02114
MED00239,10,season_code,-0.04959
MED00240,10,season_code,-0.03852
MED00241,10,season_code,-0.04088
MED00242,10,season_code,-0.00698
MED00243,10,season_code,0.01487
MED00244,10,season_code,-0.03094
MED00245,10,season_code,0.00044
MED00246,10,season_code,-0.04449
MED00247,10,season_code,-0.02591
MED00248,10,season_code,-0.02082
MED00249,10,season_code,0.00286
MED00250,10,season_code,-0.01368
MED00251,10,season_code,-0.02277
MED00252,10,season_code,-0.00695
MED00253,10,season_code,-0.04974
MED00254,10,season_code,-0.0082
MED00255,10,season_code,-0.02726
MED00256,10,season_code,-0.02553
MED00257,10,season_code,-0.03659
MED00258,10,season_code,-0.02492
MED00259,10,season_code,-0.0238
MED00260,10,season_code,0.00176
MED00261,10,season_code,-0.00151
MED00262,10,season_code,-0.03311
MED00263,10,season_code,-0.04674
MED00264,10,season_code,-0.00805
MED00265,10,season_code,-0.03768
MED00266,10,season_code,-0.00585
MED00267,10,season_code,-0.04729
MED00268,10,season_code,-0.02279
MED00269,10,season_code,-0.03161
MED00270,10,season_code,-0.02159
MED00271,10,season_code,-0.02979
MED00272,10,season_code,-0.02005
MED00273,10,season_code,-0.03038
MED00274,10,season_code,0.00085
MED00275,10,season_code,-0.01163
MED00276,10,season_code,-0.02444
MED00277,10,season_code,0.00904
MED00278,10,season_code,-0.03095
MED00279,10,season_code,-0.002
MED00280,10,season_code,0.01205
MED00281,10,season_code,-0.01515
MED00282,10,season_code,-0.02573
MED00283,10,season_code,-0.02946
MED00284,10,season_code,-0.01056
MED00285,10,season_code,-0.04938
MED00286,10,season_code,-0.03305
MED00287,10,season_code,-0.05278
MED00288,10,season_code,0.00051
MED00289,10,season_code,-0.03289
MED00290,10,season_code,-0.01803
MED00291,10,season_code,-0.01393
MED00292,10,season_code,-0.01707
MED00293,10,season_code,-0.03282
MED00294,10,season_code,0.0051
MED00295,10,season_code,0.00373
MED00296,10,season_code,-0.04643
MED00297,10,season_code,-0.04139
MED00298,10,season_code,-0.02375
MED00299,10,season_code,0.01435
MED00300,10,season_code,-0.0231
MED00301,10,season_code,-0.04934
MED00302,10,season_code,-0.00191
MED00303,10,season_code,-0.006
MED00304,10,season_code,-0.04074
MED00305,10,season_code,-0.02018
MED00306,10,season_code,0.01588
MED00307,10,season_code,-0.00051
MED00308,10,season_code,0.00362
MED00309,10,season_code,-0.04179
MED00310,10,season_code,-0.04309
MED00311,10,season_code,-0.00845
MED00312,10,season_code,0.00243
MED00313,10,season_code,0.01712
MED00314,10,season_code,0.01788
MED00315,10,season_code,-0.02693
MED00316,10,season_code,-0.0421
MED00317,10,season_code,-0.03036
MED00318,10,season_code,-0.02271
MED00319,10,season_code,-0.02943
MED00320,10,season_code,0.00529
MED00321,10,season_code,0.00152
MED00322,10,season_code,0.0116
MED00323,10,season_code,0.005
MED00324,10,season_code,-0.00853
MED00325,10,season_code,-0.03844
MED00326,10,season_code,-0.03084
MED00327,10,season_code,-0.05037
MED00328,10,season_code,-0.03797
MED00329,10,season_code,-0.03054
MED00330,10,season_code,-0.04338
MED00331,10,season_code,-0.01666
MED00332,10,season_code,-0.0467
MED00333,10,season_code,-0.03128
MED00334,10,season_code,-0.00613
MED00335,10,season_code,-0.00107
MED00336,10,season_code,-0.03141
MED00338,10,season_code,0.0275
MED00339,10,season_code,-0.01262
MED00340,10,season_code,0.00236
MED00341,10,season_code,-0.04992
MED00342,10,season_code,-0.02494
MED00343,10,season_code,-0.03019
MED00344,10,season_code,-0.01579
MED00345,10,season_code,0.01153
MED00346,10,season_code,-0.05318
MED00347,10,season_code,-0.00347
MED00348,10,season_code,-0.02054
MED00349,10,season_code,-0.02746
MED00350,10,season_code,-0.00412
MED00351,10,season_code,0.00571
MED00352,10,season_code,0.00493
MED00353,10,season_code,0.00748
MED00354,10,season_code,0.00699
MED00355,10,season_code,-0.03732
MED00356,10,season_code,-0.02126
MED00357,10,season_code,0.01186
MED00358,10,season_code,-0.02923
MED00359,10,season_code,-0.02613
MED00360,10,season_code,-0.01923
MED00361,10,season_code,-0.02281
MED00362,10,season_code,-0.02428
MED00363,10,season_code,-0.02074
MED00364,10,season_code,-0.00396
MED00365,10,season_code,-0.02932
MED00366,10,season_code,-0.0289
MED00367,10,season_code,-0.02644
MED00368,10,season_code,-0.04213
MED00369,10,season_code,-0.04285
MED00370,10,season_code,0.00932
MED00371,10,season_code,-0.00596
MED00372,10,season_code,0.00673
MED00373,10,season_code,0.00406
MED00374,10,season_code,-0.01501
MED00375,10,season_code,-0.00545
MED00376,10,season_code,-0.02891
MED00377,10,season_code,0.00953
MED00378,10,season_code,-0.02937
MED00379,10,season_code,0.00096
MED00380,10,season_code,0.00486
MED00381,10,season_code,-0.00281
MED00382,10,season_code,-0.02262
MED00383,10,season_code,-0.03598
MED00384,10,season_code,-0.02403
MED00385,10,season_code,-0.02109
MED00386,10,season_code,-0.02554
MED00387,10,season_code,-0.01454
MED00388,10,season_code,0.01365
MED00389,10,season_code,-0.02688
MED00390,10,season_code,-0.01723
MED00391,10,season_code,-0.02382
MED00392,10,season_code,-0.01897
MED00393,10,season_code,-0.02789
MED00394,10,season_code,-0.01834
MED00395,10,season_code,-0.00791
MED00396,10,season_code,-0.00237
MED00397,10,season_code,-0.00232
MED00398,10,season_code,0.02324
MED00399,10,season_code,0.02007
MED00400,10,season_code,-0.00204
MED00401,10,season_code,-0.04704
MED00402,10,season_code,-0.02774
MED00403,10,season_code,-0.01378
MED00404,10,season_code,-0.03456
MED00405,10,season_code,-0.0241
MED00406,10,season_code,-0.01251
MED00407,10,season_code,-0.02911
MED00408,10,season_code,-0.04207
MED00409,10,season_code,-0.02837
MED00410,10,season_code,-0.03085
MED00411,10,season_code,-0.01604
MED00412,10,season_code,-0.0273
MED00413,10,season_code,-0.03082
MED00414,10,season_code,-0.01794
MED00415,10,season_code,-0.02463
MED00416,10,season_code,-0.02231
MED00417,10,season_code,-0.02496
MED00418,10,season_code,-0.02426
MED00419,10,season_code,-0.02141
MED00420,10,season_code,-0.02726
MED00421,10,season_code,-0.02188
MED00422,10,season_code,-0.02743
MED00423,10,season_code,-0.01977
MED00424,10,season_code,0.01749
MED00001,11,season_code,-0.01789
MED00002,11,season_code,0.01498
MED00003,11,season_code,0.0034
MED00004,11,season_code,0.00268
MED00005,11,season_code,0.00445
MED00006,11,season_code,-0.01307
MED00007,11,season_code,0.02748
MED00008,11,season_code,0.00086
MED00009,11,season_code,-0.02615
MED00010,11,season_code,0.00896
MED00011,11,season_code,0.00345
MED00012,11,season_code,-0.02655
MED00013,11,season_code,-0.03954
MED00014,11,season_code,-0.0184
MED00015,11,season_code,-0.00433
MED00016,11,season_code,-0.02014
MED00017,11,season_code,-0.02558
MED00018,11,season_code,0.00314
MED00019,11,season_code,0.00203
MED00020,11,season_code,0.00179
MED00021,11,season_code,-0.03723
MED00022,11,season_code,-0.01563
MED00023,11,season_code,-0.0106
MED00024,11,season_code,-0.03869
MED00025,11,season_code,-0.00682
MED00026,11,season_code,0.00607
MED00027,11,season_code,0.00676
MED00028,11,season_code,-0.00209
MED00029,11,season_code,-0.00725
MED00030,11,season_code,-0.02345
MED00031,11,season_code,-0.01818
MED00032,11,season_code,-0.0226
MED00033,11,season_code,0.01026
MED00034,11,season_code,-0.00139
MED00035,11,season_code,0.01562
MED00036,11,season_code,-0.00292
MED00037,11,season_code,-0.01444
MED00038,11,season_code,0.00558
MED00039,11,season_code,0.01691
MED00040,11,season_code,0.00735
MED00041,11,season_code,0.00222
MED00042,11,season_code,-0.0413
MED00043,11,season_code,0.0056
MED00044,11,season_code,-0.02429
MED00045,11,season_code,-0.01636
MED00046,11,season_code,-0.01476
MED00047,11,season_code,-0.04539
MED00048,11,season_code,-0.02397
MED00049,11,season_code,0.01256
MED00050,11,season_code,-0.04908
MED00051,11,season_code,0.00287
MED00052,11,season_code,0.00556
MED00053,11,season_code,-0.0262
MED00054,11,season_code,-0.02076
MED00055,11,season_code,0.01007
MED00056,11,season_code,0.01359
MED00057,11,season_code,0.0106
MED00058,11,season_code,-0.01617
MED00059,11,season_code,-0.03029
MED00060,11,season_code,-0.03198
MED00061,11,season_code,0.00717
MED00062,11,season_code,-0.03224
MED00063,11,season_code,-0.00355
MED00064,11,season_code,-0.00104
MED00065,11,season_code,-0.00487
MED00066,11,season_code,-0.00247
MED00067,11,season_code,-0.02192
MED00068,11,season_code,-0.03689
MED00069,11,season_code,-0.02026
MED00070,11,season_code,-0.01828
MED00071,11,season_code,-0.02775
MED00072,11,season_code,-0.02049
MED00073,11,season_code,-0.03935
MED00074,11,season_code,-0.04102
MED00075,11,season_code,-0.02211
MED00076,11,season_code,0.01287
MED00077,11,season_code,-0.05472
MED00078,11,season_code,-0.03741
MED00079,11,season_code,-0.00254
MED00080,11,season_code,-0.03542
MED00081,11,season_code,0.00488
MED00082,11,season_code,-0.04701
MED00083,11,season_code,-0.01257
MED00084,11,season_code,-0.00101
MED00085,11,season_code,-0.02178
MED00086,11,season_code,0.00888
MED00087,11,season_code,-0.01746
MED00088,11,season_code,0.00335
MED00089,11,season_code,-0.00455
MED00090,11,season_code,-0.06291
MED00091,11,season_code,-0.02344
MED00092,11,season_code,-0.0141
MED00093,11,season_code,0.00916
MED00094,11,season_code,0.00891
MED00095,11,season_code,-0.04339
MED00096,11,season_code,-0.01873
MED00097,11,season_code,0.01179
MED00098,11,season_code,-0.03409
MED00099,11,season_code,0.00625
MED00100,11,season_code,-0.00596
MED00101,11,season_code,-0.03677
MED00102,11,season_code,-0.01907
MED00103,11,season_code,-0.03981
MED00104,11,season_code,-0.03134
MED00105,11,season_code,-0.02424
MED00106,11,season_code,-0.00236
MED00107,11,season_code,-0.03247
MED00108,11,season_code,-0.04451
MED00109,11,season_code,-0.00853
MED00110,11,season_code,0.01297
MED00111,11,season_code,-0.01023
MED00112,11,season_code,-0.04856
MED00113,11,season_code,-0.01817
MED00114,11,season_code,-0.00407
MED00115,11,season_code,-0.02725
MED00116,11,season_code,0.02273
MED00117,11,season_code,-0.01494
MED00118,11,season_code,-0.01261
MED00119,11,season_code,-0.02204
MED00120,11,season_code,-0.00529
MED00121,11,season_code,-0.04841
MED00122,11,season_code,-0.02007
MED00123,11,season_code,0.00355
MED00124,11,season_code,-0.03443
MED00125,11,season_code,0.00805
MED00126,11,season_code,0.00486
MED00127,11,season_code,-0.02023
MED00128,11,season_code,-0.02746
MED00129,11,season_code,-0.01974
MED00130,11,season_code,0.0126
MED00131,11,season_code,-0.02395
MED00132,11,season_code,0.00376
MED00133,11,season_code,-0.00794
MED00134,11,season_code,0.00547
MED00135,11,season_code,-0.00056
MED00136,11,season_code,-0.00343
MED00137,11,season_code,-0.0174
MED00138,11,season_code,-0.02693
MED00139,11,season_code,-0.03403
MED00140,11,season_code,-0.01813
MED00141,11,season_code,-0.03862
MED00142,11,season_code,-0.00442
MED00143,11,season_code,-0.02057
MED00144,11,season_code,-0.04181
MED00145,11,season_code,0.00835
MED00146,11,season_code,0.00069
MED00147,11,season_code,-0.0177
MED00148,11,season_code,-0.03171
MED00149,11,season_code,-0.041
MED00150,11,season_code,-0.02728
MED00151,11,season_code,-0.02561
MED00152,11,season_code,-0.02992
MED00153,11,season_code,-0.02946
MED00154,11,season_code,0.00012
MED00155,11,season_code,-0.02658
MED00156,11,season_code,-0.02139
MED00157,11,season_code,-0.04173
MED00158,11,season_code,0.00801
MED00159,11,season_code,0.00947
MED00160,11,season_code,-0.04109
MED00161,11,season_code,-0.04238
MED00162,11,season_code,-0.02671
MED00163,11,season_code,0.00517
MED00164,11,season_code,-0.02276
MED00165,11,season_code,-0.00159
MED00166,11,season_code,-0.02688
MED00167,11,season_code,-0.01769
MED00168,11,season_code,-0.02279
MED00169,11,season_code,-0.02051
MED00170,11,season_code,-0.01725
MED00171,11,season_code,-0.02692
MED00172,11,season_code,-0.02108
MED00173,11,season_code,-0.02797
MED00174,11,season_code,-0.01248
MED00175,11,season_code,-0.00197
MED00176,11,season_code,0.04597
MED00177,11,season_code,-0.00408
MED00178,11,season_code,0.00596
MED00179,11,season_code,-0.00252
MED00180,11,season_code,-0.02692
MED00181,11,season_code,-0.04894
MED00182,11,season_code,0.00617
MED00183,11,season_code,-0.014
MED00184,11,season_code,-0.00888
MED00185,11,season_code,-0.01275
MED00186,11,season_code,-0.02024
MED00187,11,season_code,-0.01186
MED00188,11,season_code,-0.04486
MED00189,11,season_code,0.01016
MED00190,11,season_code,-0.02867
MED00191,11,season_code,-0.01529
MED00192,11,season_code,0.00826
MED00193,11,season_code,0.01127
MED00194,11,season_code,-0.01553
MED00195,11,season_code,-0.01219
MED00196,11,season_code,-0.01359
MED00197,11,season_code,-0.01246
MED00198,11,season_code,-0.0208
MED00199,11,season_code,-0.00763
MED00200,11,season_code,-0.01946
MED00201,11,season_code,-0.02658
MED00202,11,season_code,-0.01975
MED00203,11,season_code,-0.02107
MED00204,11,season_code,-0.02793
MED00205,11,season_code,-0.02454
MED00206,11,season_code,-0.01141
MED00207,11,season_code,-0.02586
MED00208,11,season_code,-0.02355
MED00209,11,season_code,0.0035
MED00210,11,season_code,-0.00332
MED00211,11,season_code,-0.03037
MED00212,11,season_code,-0.02065
MED00213,11,season_code,0.00284
MED00214,11,season_code,-0.0256
MED00215,11,season_code,-0.02756
MED00216,11,season_code,-0.00597
MED00217,11,season_code,0.01318
MED00218,11,season_code,-0.045
MED00219,11,season_code,-0.00279
MED00220,11,season_code,-0.02433
MED00221,11,season_code,-0.04264
MED00222,11,season_code,-0.00591
MED00223,11,season_code,0.03336
MED00224,11,season_code,-0.01741
MED00225,11,season_code,-0.04078
MED00226,11,season_code,-0.01416
MED00227,11,season_code,-0.00325
MED00228,11,season_code,-0.0159
MED00229,11,season_code,0.00514
MED00230,11,season_code,-0.00268
MED00231,11,season_code,-0.01337
MED00232,11,season_code,-0.03993
MED00233,11,season_code,0.00529
MED00234,11,season_code,-0.01765
MED00235,11,season_code,0.00105
MED00236,11,season_code,-0.02262
MED00237,11,season_code,-0.03083
MED00238,11,season_code,-0.02104
MED00239,11,season_code,-0.04835
MED00240,11,season_code,-0.03632
MED00241,11,season_code,-0.0406
MED00242,11,season_code,-0.00555
MED00243,11,season_code,0.01591
MED00244,11,season_code,-0.03082
MED00245,11,season_code,0.00055
MED00246,11,season_code,-0.04247
MED00247,11,season_code,-0.02484
MED00248,11,season_code,-0.02062
MED00249,11,season_code,0.00301
MED00250,11,season_code,-0.01253
MED00251,11,season_code,-0.02265
MED00252,11,season_code,-0.00678
MED00253,11,season_code,-0.04835
MED00254,11,season_code,-0.00802
MED00255,11,season_code,-0.02516
MED00256,11,season_code,-0.02556
MED00257,11,season_code,-0.03451
MED00258,11,season_code,-0.02464
MED00259,11,season_code,-0.02343
MED00260,11,season_code,0.00325
MED00261,11,season_code,-1e-04
MED00262,11,season_code,-0.03267
MED00263,11,season_code,-0.04548
MED00264,11,season_code,-0.00747
MED00265,11,season_code,-0.03642
MED00266,11,season_code,-0.00436
MED00267,11,season_code,-0.04616
MED00268,11,season_code,-0.02251
MED00269,11,season_code,-0.03151
MED00270,11,season_code,-0.02127
MED00271,11,season_code,-0.02961
MED00272,11,season_code,-0.01499
MED00273,11,season_code,-0.02531
MED00274,11,season_code,0.00095
MED00275,11,season_code,-0.01128
MED00276,11,season_code,-0.02413
MED00277,11,season_code,0.01
MED00278,11,season_code,-0.02968
MED00279,11,season_code,-0.00177
MED00280,11,season_code,0.01301
MED00281,11,season_code,-0.01476
MED00282,11,season_code,-0.02064
MED00283,11,season_code,-0.0295
MED00284,11,season_code,-0.01043
MED00285,11,season_code,-0.04735
MED00286,11,season_code,-0.03291
MED00287,11,season_code,-0.05214
MED00288,11,season_code,0.00084
MED00289,11,season_code,-0.03175
MED00290,11,season_code,-0.01775
MED00291,11,season_code,-0.01793
MED00292,11,season_code,-0.01706
MED00293,11,season_code,-0.02828
MED00294,11,season_code,0.01003
MED00295,11,season_code,0.0038
MED00296,11,season_code,-0.04429
MED00297,11,season_code,-0.04033
MED00298,11,season_code,-0.02348
MED00299,11,season_code,0.02658
MED00300,11,season_code,-0.02282
MED00301,11,season_code,-0.04732
MED00302,11,season_code,-0.00173
MED00303,11,season_code,-0.0058
MED00304,11,season_code,-0.03959
MED00305,11,season_code,-0.01987
MED00306,11,season_code,0.01486
MED00307,11,season_code,-0.00036
MED00308,11,season_code,0.00504
MED00309,11,season_code,-0.04144
MED00310,11,season_code,-0.04382
MED00311,11,season_code,-0.00235
MED00312,11,season_code,0.00304
MED00313,11,season_code,0.01796
MED00314,11,season_code,0.01826
MED00315,11,season_code,-0.02493
MED00316,11,season_code,-0.04171
MED00317,11,season_code,-0.03026
MED00318,11,season_code,-0.02394
MED00319,11,season_code,-0.02743
MED00320,11,season_code,0.00692
MED00321,11,season_code,0.00236
MED00322,11,season_code,0.01255
MED00323,11,season_code,0.0051
MED00324,11,season_code,-0.00817
MED00325,11,season_code,-0.03644
MED00326,11,season_code,-0.02977
MED00327,11,season_code,-0.05005
MED00328,11,season_code,-0.03583
MED00329,11,season_code,-0.02853
MED00330,11,season_code,-0.04217
MED00331,11,season_code,-0.01636
MED00332,11,season_code,-0.0464
MED00333,11,season_code,-0.0301
MED00334,11,season_code,-0.00586
MED00335,11,season_code,0.00068
MED00336,11,season_code,-0.02938
MED00337,11,season_code,0.00016
MED00338,11,season_code,0.02802
MED00339,11,season_code,-0.01229
MED00340,11,season_code,0.00241
MED00341,11,season_code,-0.0479
MED00342,11,season_code,-0.02469
MED00343,11,season_code,-0.02818
MED00344,11,season_code,-0.0186
MED00345,11,season_code,0.01257
MED00346,11,season_code,-0.05194
MED00347,11,season_code,-0.00384
MED00348,11,season_code,-0.02031
MED00349,11,season_code,-0.02718
MED00350,11,season_code,-0.00327
MED00351,11,season_code,0.00654
MED00352,11,season_code,0.00525
MED00353,11,season_code,0.00831
MED00354,11,season_code,0.00783
MED00355,11,season_code,-0.03524
MED00356,11,season_code,-0.02116
MED00357,11,season_code,0.01291
MED00358,11,season_code,-0.03008
MED00359,11,season_code,-0.02583
MED00360,11,season_code,-0.01861
MED00361,11,season_code,-0.02253
MED00362,11,season_code,-0.02416
MED00363,11,season_code,-0.02047
MED00364,11,season_code,-0.00434
MED00365,11,season_code,-0.02904
MED00366,11,season_code,-0.02791
MED00367,11,season_code,-0.02617
MED00368,11,season_code,-0.04192
MED00369,11,season_code,-0.04318
MED00370,11,season_code,0.00994
MED00371,11,season_code,-0.00595
MED00372,11,season_code,0.00777
MED00373,11,season_code,0.00511
MED00374,11,season_code,-0.01518
MED00375,11,season_code,-0.00532
MED00376,11,season_code,-0.02895
MED00377,11,season_code,0.0096
MED00378,11,season_code,-0.02909
MED00379,11,season_code,0.00128
MED00380,11,season_code,0.0057
MED00381,11,season_code,-0.00222
MED00382,11,season_code,-0.02261
MED00383,11,season_code,-0.03398
MED00384,11,season_code,-0.02375
MED00385,11,season_code,-0.02096
MED00386,11,season_code,-0.02543
MED00387,11,season_code,-0.01434
MED00388,11,season_code,0.0102
MED00389,11,season_code,-0.02576
MED00390,11,season_code,-0.01606
MED00391,11,season_code,-0.02343
MED00392,11,season_code,-0.0187
MED00393,11,season_code,-0.02754
MED00394,11,season_code,-0.01796
MED00395,11,season_code,-0.00781
MED00396,11,season_code,-0.0009
MED00397,11,season_code,-0.00225
MED00398,11,season_code,0.01978
MED00399,11,season_code,0.01932
MED00400,11,season_code,-0.00197
MED00401,11,season_code,-0.04752
MED00402,11,season_code,-0.02821
MED00403,11,season_code,-0.01426
MED00404,11,season_code,-0.03567
MED00405,11,season_code,-0.02299
MED00406,11,season_code,-0.01137
MED00407,11,season_code,-0.02958
MED00408,11,season_code,-0.04258
MED00409,11,season_code,-0.02629
MED00410,11,season_code,-0.02877
MED00411,11,season_code,-0.01679
MED00412,11,season_code,-0.02714
MED00413,11,season_code,-0.0316
MED00414,11,season_code,-0.01775
MED00415,11,season_code,-0.02537
MED00416,11,season_code,-0.02211
MED00417,11,season_code,-0.0248
MED00418,11,season_code,-0.02403
MED00419,11,season_code,-0.02106
MED00420,11,season_code,-0.02702
MED00421,11,season_code,-0.02075
MED00422,11,season_code,-0.02818
MED00423,11,season_code,-0.01954
MED00424,11,season_code,0.01431
MED00001,12,season_code,-0.01718
MED00002,12,season_code,0.01884
MED00003,12,season_code,0.00592
MED00004,12,season_code,0.00563
MED00005,12,season_code,0.00748
MED00006,12,season_code,-0.01241
MED00007,12,season_code,0.02967
MED00008,12,season_code,0.00094
MED00009,12,season_code,-0.02517
MED00010,12,season_code,0.00913
MED00011,12,season_code,0.00346
MED00012,12,season_code,-0.02586
MED00013,12,season_code,-0.03973
MED00014,12,season_code,-0.01255
MED00015,12,season_code,-0.00386
MED00016,12,season_code,-0.01948
MED00017,12,season_code,-0.02479
MED00018,12,season_code,0.00349
MED00019,12,season_code,0.00209
MED00020,12,season_code,0.00158
MED00021,12,season_code,-0.03731
MED00022,12,season_code,-0.01585
MED00023,12,season_code,-0.00995
MED00024,12,season_code,-0.03862
MED00025,12,season_code,-0.00636
MED00026,12,season_code,0.00875
MED00027,12,season_code,0.00944
MED00028,12,season_code,-0.00225
MED00029,12,season_code,-0.00688
MED00030,12,season_code,-0.02333
MED00031,12,season_code,-0.01826
MED00032,12,season_code,-0.02321
MED00033,12,season_code,0.01322
MED00034,12,season_code,-0.00131
MED00035,12,season_code,0.01758
MED00036,12,season_code,-0.00058
MED00037,12,season_code,-0.01009
MED00038,12,season_code,0.00593
MED00039,12,season_code,0.01918
MED00040,12,season_code,0.0099
MED00041,12,season_code,0.00505
MED00042,12,season_code,-0.04107
MED00043,12,season_code,0.00864
MED00044,12,season_code,-0.02451
MED00045,12,season_code,-0.01566
MED00046,12,season_code,-0.01483
MED00047,12,season_code,-0.04479
MED00048,12,season_code,-0.02289
MED00049,12,season_code,0.01501
MED00050,12,season_code,-0.04823
MED00051,12,season_code,0.01178
MED00052,12,season_code,0.00917
MED00053,12,season_code,-0.0254
MED00054,12,season_code,-0.01996
MED00055,12,season_code,0.01374
MED00056,12,season_code,0.01638
MED00057,12,season_code,0.0155
MED00058,12,season_code,-0.01551
MED00059,12,season_code,-0.0285
MED00060,12,season_code,-0.0326
MED00061,12,season_code,0.0093
MED00062,12,season_code,-0.03255
MED00063,12,season_code,-0.00331
MED00064,12,season_code,-0.00091
MED00065,12,season_code,-0.00344
MED00066,12,season_code,-0.00209
MED00067,12,season_code,-0.02108
MED00068,12,season_code,-0.03682
MED00069,12,season_code,-0.02036
MED00070,12,season_code,-0.01818
MED00071,12,season_code,-0.02797
MED00072,12,season_code,-0.02071
MED00073,12,season_code,-0.03941
MED00074,12,season_code,-0.04096
MED00075,12,season_code,-0.02201
MED00076,12,season_code,0.01547
MED00077,12,season_code,-0.05385
MED00078,12,season_code,-0.03739
MED00079,12,season_code,-0.00189
MED00080,12,season_code,-0.03564
MED00081,12,season_code,0.00763
MED00082,12,season_code,-0.04711
MED00083,12,season_code,-0.01005
MED00084,12,season_code,-0.00098
MED00085,12,season_code,-0.02115
MED00086,12,season_code,0.01185
MED00087,12,season_code,-0.01688
MED00088,12,season_code,0.00345
MED00089,12,season_code,-0.00397
MED00090,12,season_code,-0.06212
MED00091,12,season_code,-0.02367
MED00092,12,season_code,-0.01331
MED00093,12,season_code,0.0133
MED00094,12,season_code,0.01266
MED00095,12,season_code,-0.04277
MED00096,12,season_code,-0.01668
MED00097,12,season_code,0.01058
MED00098,12,season_code,-0.03342
MED00099,12,season_code,0.00893
MED00100,12,season_code,-0.00566
MED00101,12,season_code,-0.03684
MED00102,12,season_code,-0.01513
MED00103,12,season_code,-0.03915
MED00104,12,season_code,-0.03067
MED00105,12,season_code,-0.02348
MED00106,12,season_code,-0.00203
MED00107,12,season_code,-0.03274
MED00108,12,season_code,-0.04386
MED00109,12,season_code,-0.0037
MED00110,12,season_code,0.02001
MED00111,12,season_code,-0.01046
MED00112,12,season_code,-0.04773
MED00113,12,season_code,-0.01754
MED00114,12,season_code,-0.00358
MED00115,12,season_code,-0.02662
MED00116,12,season_code,0.02574
MED00117,12,season_code,-0.01493
MED00118,12,season_code,-0.01186
MED00119,12,season_code,-0.02142
MED00120,12,season_code,-0.00507
MED00121,12,season_code,-0.04777
MED00122,12,season_code,-0.01928
MED00123,12,season_code,0.00612
MED00124,12,season_code,-0.03375
MED00125,12,season_code,0.01058
MED00126,12,season_code,0.00773
MED00127,12,season_code,-0.02001
MED00128,12,season_code,-0.02683
MED00129,12,season_code,-0.01901
MED00130,12,season_code,0.01516
MED00131,12,season_code,-0.02405
MED00132,12,season_code,0.0065
MED00133,12,season_code,-0.00571
MED00134,12,season_code,0.01251
MED00135,12,season_code,-0.00023
MED00136,12,season_code,-0.00071
MED00137,12,season_code,-0.01635
MED00138,12,season_code,-0.02642
MED00139,12,season_code,-0.03331
MED00140,12,season_code,-0.01734
MED00141,12,season_code,-0.03867
MED00142,12,season_code,-0.00343
MED00143,12,season_code,-0.02008
MED00144,12,season_code,-0.04109
MED00145,12,season_code,0.01058
MED00146,12,season_code,0.00171
MED00147,12,season_code,-0.01781
MED00148,12,season_code,-0.03232
MED00149,12,season_code,-0.04075
MED00150,12,season_code,-0.02656
MED00151,12,season_code,-0.02511
MED00152,12,season_code,-0.02938
MED00153,12,season_code,-0.02874
MED00154,12,season_code,0.00058
MED00155,12,season_code,-0.02592
MED00156,12,season_code,-0.02082
MED00157,12,season_code,-0.0412
MED00158,12,season_code,0.01069
MED00159,12,season_code,0.01199
MED00160,12,season_code,-0.04068
MED00161,12,season_code,-0.04165
MED00162,12,season_code,-0.02593
MED00163,12,season_code,0.00773
MED00164,12,season_code,-0.02282
MED00165,12,season_code,-0.00071
MED00166,12,season_code,-0.02625
MED00167,12,season_code,-0.01706
MED00168,12,season_code,-0.02212
MED00169,12,season_code,-0.01968
MED00170,12,season_code,-0.01681
MED00171,12,season_code,-0.02623
MED00172,12,season_code,-0.02025
MED00173,12,season_code,-0.02725
MED00174,12,season_code,-0.01221
MED00175,12,season_code,-0.00335
MED00176,12,season_code,0.07033
MED00177,12,season_code,-0.00363
MED00178,12,season_code,0.00829
MED00179,12,season_code,0.00429
MED00180,12,season_code,-0.02622
MED00181,12,season_code,-0.04823
MED00182,12,season_code,0.00885
MED00183,12,season_code,-0.01388
MED00184,12,season_code,-0.00855
MED00185,12,season_code,-0.01185
MED00186,12,season_code,-0.01959
MED00187,12,season_code,-0.01185
MED00188,12,season_code,-0.04406
MED00189,12,season_code,0.01257
MED00190,12,season_code,-0.02794
MED00191,12,season_code,-0.01491
MED00192,12,season_code,0.01101
MED00193,12,season_code,0.01598
MED00194,12,season_code,-0.01472
MED00195,12,season_code,-0.01138
MED00196,12,season_code,-0.01277
MED00197,12,season_code,-0.01159
MED00198,12,season_code,-0.02017
MED00199,12,season_code,-0.00685
MED00200,12,season_code,-0.01874
MED00201,12,season_code,-0.02602
MED00202,12,season_code,-0.01908
MED00203,12,season_code,-0.02101
MED00204,12,season_code,-0.02725
MED00205,12,season_code,-0.02371
MED00206,12,season_code,-0.01059
MED00207,12,season_code,-0.02503
MED00208,12,season_code,-0.02256
MED00209,12,season_code,0.00361
MED00210,12,season_code,-0.00191
MED00211,12,season_code,-0.02972
MED00212,12,season_code,-0.02062
MED00213,12,season_code,0.00578
MED00214,12,season_code,-0.02465
MED00215,12,season_code,-0.02684
MED00216,12,season_code,-0.00573
MED00217,12,season_code,0.01578
MED00218,12,season_code,-0.04519
MED00219,12,season_code,-0.00225
MED00220,12,season_code,-0.02366
MED00221,12,season_code,-0.04271
MED00222,12,season_code,-0.00618
MED00223,12,season_code,0.04813
MED00224,12,season_code,-0.01675
MED00225,12,season_code,-0.04015
MED00226,12,season_code,-0.01422
MED00227,12,season_code,-0.0042
MED00228,12,season_code,-0.01611
MED00229,12,season_code,0.00478
MED00230,12,season_code,-0.00223
MED00231,12,season_code,-0.01281
MED00232,12,season_code,-0.03921
MED00233,12,season_code,0.00752
MED00234,12,season_code,-0.01703
MED00235,12,season_code,0.0014
MED00236,12,season_code,-0.02261
MED00237,12,season_code,-0.03074
MED00238,12,season_code,-0.02021
MED00239,12,season_code,-0.04784
MED00240,12,season_code,-0.03642
MED00241,12,season_code,-0.03988
MED00242,12,season_code,-0.00458
MED00243,12,season_code,0.01876
MED00244,12,season_code,-0.03008
MED00245,12,season_code,0.00093
MED00246,12,season_code,-0.04182
MED00247,12,season_code,-0.02378
MED00248,12,season_code,-0.02081
MED00249,12,season_code,0.003
MED00250,12,season_code,-0.01234
MED00251,12,season_code,-0.0219
MED00252,12,season_code,-0.00614
MED00253,12,season_code,-0.04806
MED00254,12,season_code,-0.00738
MED00255,12,season_code,-0.02454
MED00256,12,season_code,-0.02501
MED00257,12,season_code,-0.03471
MED00258,12,season_code,-0.02398
MED00259,12,season_code,-0.02283
MED00260,12,season_code,0.01089
MED00261,12,season_code,0.00243
MED00262,12,season_code,-0.03289
MED00263,12,season_code,-0.04542
MED00264,12,season_code,-0.00265
MED00265,12,season_code,-0.03581
MED00266,12,season_code,-0.00392
MED00267,12,season_code,-0.04553
MED00268,12,season_code,-0.02201
MED00269,12,season_code,-0.0307
MED00270,12,season_code,-0.02077
MED00271,12,season_code,-0.02882
MED00272,12,season_code,-0.01476
MED00273,12,season_code,-0.02433
MED00274,12,season_code,0.00352
MED00275,12,season_code,-0.01074
MED00276,12,season_code,-0.0236
MED00277,12,season_code,0.01262
MED00278,12,season_code,-0.02903
MED00279,12,season_code,-0.0012
MED00280,12,season_code,0.0157
MED00281,12,season_code,-0.01407
MED00282,12,season_code,-0.02061
MED00283,12,season_code,-0.02936
MED00284,12,season_code,-0.01038
MED00285,12,season_code,-0.04668
MED00286,12,season_code,-0.03118
MED00287,12,season_code,-0.05151
MED00288,12,season_code,0.00082
MED00289,12,season_code,-0.03183
MED00290,12,season_code,-0.01714
MED00291,12,season_code,-0.01757
MED00292,12,season_code,-0.01716
MED00293,12,season_code,-0.02624
MED00294,12,season_code,0.01222
MED00295,12,season_code,0.00647
MED00296,12,season_code,-0.04362
MED00297,12,season_code,-0.03951
MED00298,12,season_code,-0.02282
MED00299,12,season_code,0.03353
MED00300,12,season_code,-0.02215
MED00301,12,season_code,-0.04662
MED00302,12,season_code,-0.00166
MED00303,12,season_code,-0.00579
MED00304,12,season_code,-0.0396
MED00305,12,season_code,-0.01925
MED00306,12,season_code,0.01565
MED00307,12,season_code,0.00016
MED00308,12,season_code,0.00716
MED00309,12,season_code,-0.04145
MED00310,12,season_code,-0.04371
MED00311,12,season_code,0.00019
MED00312,12,season_code,0.00588
MED00313,12,season_code,0.02494
MED00314,12,season_code,0.0264
MED00315,12,season_code,-0.02412
MED00316,12,season_code,-0.0412
MED00317,12,season_code,-0.02955
MED00318,12,season_code,-0.02404
MED00319,12,season_code,-0.02662
MED00320,12,season_code,0.00963
MED00321,12,season_code,0.0053
MED00322,12,season_code,0.01501
MED00323,12,season_code,0.00768
MED00324,12,season_code,-0.00757
MED00325,12,season_code,-0.03584
MED00326,12,season_code,-0.02877
MED00327,12,season_code,-0.04926
MED00328,12,season_code,-0.03531
MED00329,12,season_code,-0.02776
MED00330,12,season_code,-0.04144
MED00331,12,season_code,-0.01588
MED00332,12,season_code,-0.04559
MED00333,12,season_code,-0.02942
MED00334,12,season_code,-0.00549
MED00335,12,season_code,0.00217
MED00336,12,season_code,-0.02852
MED00337,12,season_code,-0.00063
MED00338,12,season_code,0.04237
MED00339,12,season_code,-0.01236
MED00340,12,season_code,0.00278
MED00341,12,season_code,-0.04726
MED00342,12,season_code,-0.02394
MED00343,12,season_code,-0.02731
MED00344,12,season_code,-0.0143
MED00345,12,season_code,0.01503
MED00346,12,season_code,-0.05127
MED00347,12,season_code,-0.00344
MED00348,12,season_code,-0.01965
MED00349,12,season_code,-0.02656
MED00350,12,season_code,-0.00024
MED00351,12,season_code,0.00893
MED00352,12,season_code,0.00947
MED00353,12,season_code,0.01118
MED00354,12,season_code,0.0107
MED00355,12,season_code,-0.03422
MED00356,12,season_code,-0.02035
MED00357,12,season_code,0.01534
MED00358,12,season_code,-0.02999
MED00359,12,season_code,-0.0252
MED00360,12,season_code,-0.0166
MED00361,12,season_code,-0.02203
MED00362,12,season_code,-0.02485
MED00363,12,season_code,-0.01996
MED00364,12,season_code,-0.00394
MED00365,12,season_code,-0.02853
MED00366,12,season_code,-0.02703
MED00367,12,season_code,-0.0255
MED00368,12,season_code,-0.0411
MED00369,12,season_code,-0.04339
MED00370,12,season_code,0.01251
MED00371,12,season_code,-0.00545
MED00372,12,season_code,0.0103
MED00373,12,season_code,0.00716
MED00374,12,season_code,-0.01465
MED00375,12,season_code,-0.00429
MED00376,12,season_code,-0.02823
MED00377,12,season_code,0.01188
MED00378,12,season_code,-0.02843
MED00379,12,season_code,0.0014
MED00380,12,season_code,0.01283
MED00381,12,season_code,-0.00141
MED00382,12,season_code,-0.02272
MED00383,12,season_code,-0.0334
MED00384,12,season_code,-0.02307
MED00385,12,season_code,-0.02266
MED00386,12,season_code,-0.02458
MED00387,12,season_code,-0.01499
MED00388,12,season_code,0.01011
MED00389,12,season_code,-0.02554
MED00390,12,season_code,-0.01698
MED00391,12,season_code,-0.02427
MED00392,12,season_code,-0.01905
MED00393,12,season_code,-0.02729
MED00394,12,season_code,-0.01722
MED00395,12,season_code,-0.00707
MED00396,12,season_code,-0.00126
MED00397,12,season_code,-0.00175
MED00398,12,season_code,0.02012
MED00399,12,season_code,0.01978
MED00400,12,season_code,-0.00163
MED00401,12,season_code,-0.0486
MED00402,12,season_code,-0.02932
MED00403,12,season_code,-0.01407
MED00404,12,season_code,-0.03557
MED00405,12,season_code,-0.0229
MED00406,12,season_code,-0.01228
MED00407,12,season_code,-0.03171
MED00408,12,season_code,-0.04239
MED00409,12,season_code,-0.02541
MED00410,12,season_code,-0.02797
MED00411,12,season_code,-0.01851
MED00412,12,season_code,-0.0278
MED00413,12,season_code,-0.03128
MED00414,12,season_code,-0.01973
MED00415,12,season_code,-0.02455
MED00416,12,season_code,-0.02395
MED00417,12,season_code,-0.02424
MED00418,12,season_code,-0.02302
MED00419,12,season_code,-0.02122
MED00420,12,season_code,-0.0275
MED00421,12,season_code,-0.01982
MED00422,12,season_code,-0.02772
MED00423,12,season_code,-0.01836
MED00424,12,season_code,0.01421
MED00001,1,log_price,0.00481
MED00002,1,log_price,-0.4321
MED00003,1,log_price,-0.07855
MED00004,1,log_price,-0.01228
MED00005,1,log_price,0.00861
MED00006,1,log_price,0.01095
MED00007,1,log_price,0.05481
MED00008,1,log_price,-0.08352
MED00009,1,log_price,0.00121
MED00010,1,log_price,-0.07173
MED00011,1,log_price,0.01689
MED00012,1,log_price,-0.01257
MED00013,1,log_price,-0.00049
MED00014,1,log_price,-0.00074
MED00015,1,log_price,-0.06705
MED00016,1,log_price,0.00131
MED00017,1,log_price,0.01035
MED00018,1,log_price,0.02018
MED00019,1,log_price,0.01374
MED00020,1,log_price,-0.01454
MED00021,1,log_price,-0.03228
MED00022,1,log_price,0.04221
MED00023,1,log_price,-0.00286
MED00024,1,log_price,-0.0483
MED00025,1,log_price,-0.2549
MED00026,1,log_price,-0.02652
MED00027,1,log_price,-0.0964
MED00028,1,log_price,-0.08396
MED00029,1,log_price,-0.02193
MED00030,1,log_price,0.035
MED00031,1,log_price,-0.05461
MED00032,1,log_price,0.02625
MED00033,1,log_price,-0.02505
MED00034,1,log_price,0.0136
MED00035,1,log_price,-0.05099
MED00036,1,log_price,-0.04447
MED00037,1,log_price,-0.00769
MED00038,1,log_price,0.00402
MED00039,1,log_price,-0.00967
MED00040,1,log_price,-0.01443
MED00041,1,log_price,0.00549
MED00042,1,log_price,-0.01312
MED00043,1,log_price,-0.04622
MED00044,1,log_price,-0.00024
MED00045,1,log_price,0.0102
MED00046,1,log_price,-0.0443
MED00047,1,log_price,0.00038
MED00048,1,log_price,-0.00147
MED00049,1,log_price,-0.11039
MED00050,1,log_price,0.00905
MED00051,1,log_price,-0.4241
MED00052,1,log_price,-0.07093
MED00053,1,log_price,-0.01848
MED00054,1,log_price,-0.0195
MED00055,1,log_price,-0.04294
MED00056,1,log_price,0.00104
MED00057,1,log_price,-0.07279
MED00058,1,log_price,0.01205
MED00059,1,log_price,-0.00999
MED00060,1,log_price,0.00533
MED00061,1,log_price,-0.04851
MED00062,1,log_price,0.01434
MED00063,1,log_price,-0.24332
MED00064,1,log_price,-0.02727
MED00065,1,log_price,-0.01396
MED00066,1,log_price,-0.07637
MED00067,1,log_price,0.00088
MED00068,1,log_price,0.00352
MED00069,1,log_price,0.00748
MED00070,1,log_price,-0.01536
MED00071,1,log_price,-0.00944
MED00072,1,log_price,0.02925
MED00073,1,log_price,0.0216
MED00074,1,log_price,0.0024
MED00075,1,log_price,0.0232
MED00076,1,log_price,-0.09275
MED00077,1,log_price,0.00925
MED00078,1,log_price,0.00678
MED00079,1,log_price,-0.00327
MED00080,1,log_price,0.03551
MED00081,1,log_price,-0.1841
MED00082,1,log_price,-0.03873
MED00083,1,log_price,-0.00531
MED00084,1,log_price,-0.00781
MED00085,1,log_price,0.01169
MED00086,1,log_price,0.03012
MED00087,1,log_price,-0.00508
MED00088,1,log_price,-0.00174
MED00089,1,log_price,0.01268
MED00090,1,log_price,-0.04174
MED00091,1,log_price,0.02724
MED00092,1,log_price,-0.01081
MED00093,1,log_price,-0.04902
MED00094,1,log_price,-0.02276
MED00095,1,log_price,-0.00303
MED00096,1,log_price,-0.00637
MED00097,1,log_price,0.00747
MED00098,1,log_price,0.00637
MED00099,1,log_price,0.01037
MED00100,1,log_price,-0.20174
MED00101,1,log_price,-0.02936
MED00102,1,log_price,-0.02729
MED00103,1,log_price,0.01106
MED00104,1,log_price,0.00036
MED00105,1,log_price,-0.0038
MED00106,1,log_price,-0.2158
MED00107,1,log_price,0.00323
MED00108,1,log_price,-0.0037
MED00109,1,log_price,0.02238
MED00110,1,log_price,-0.07701
MED00111,1,log_price,-0.08336
MED00112,1,log_price,0.00242
MED00113,1,log_price,-0.01172
MED00114,1,log_price,0.0083
MED00115,1,log_price,0.00011
MED00116,1,log_price,0.00352
MED00117,1,log_price,-0.00141
MED00118,1,log_price,0.01121
MED00119,1,log_price,-0.01025
MED00120,1,log_price,-0.0052
MED00121,1,log_price,-0.00498
MED00122,1,log_price,-0.00789
MED00123,1,log_price,-0.06376
MED00124,1,log_price,-0.00299
MED00125,1,log_price,-0.09823
MED00126,1,log_price,-0.02466
MED00127,1,log_price,-0.01143
MED00128,1,log_price,-0.00623
MED00129,1,log_price,0.03221
MED00130,1,log_price,-0.10938
MED00131,1,log_price,-0.05031
MED00132,1,log_price,-0.03317
MED00133,1,log_price,0.00497
MED00134,1,log_price,0.04721
MED00135,1,log_price,0.01775
MED00136,1,log_price,-0.00841
MED00137,1,log_price,-0.01085
MED00138,1,log_price,-0.00846
MED00139,1,log_price,0.00584
MED00140,1,log_price,-0.00742
MED00141,1,log_price,-0.01935
MED00142,1,log_price,-0.0202
MED00143,1,log_price,0.00774
MED00144,1,log_price,0.00374
MED00145,1,log_price,-0.0454
MED00146,1,log_price,0.03837
MED00147,1,log_price,0.00476
MED00148,1,log_price,0.00814
MED00149,1,log_price,0.00724
MED00150,1,log_price,-0.00702
MED00151,1,log_price,-0.01244
MED00152,1,log_price,0.01275
MED00153,1,log_price,0.0098
MED00154,1,log_price,0.01541
MED00155,1,log_price,-0.01576
MED00156,1,log_price,0.02216
MED00157,1,log_price,-0.00309
MED00158,1,log_price,-0.05441
MED00159,1,log_price,-0.01124
MED00160,1,log_price,-0.0045
MED00161,1,log_price,0.00312
MED00162,1,log_price,-0.00668
MED00163,1,log_price,-0.07765
MED00164,1,log_price,-0.04518
MED00165,1,log_price,0.01778
MED00166,1,log_price,-0.00525
MED00167,1,log_price,0.00586
MED00168,1,log_price,0.01415
MED00169,1,log_price,-0.03255
MED00170,1,log_price,-0.00096
MED00171,1,log_price,-0.00202
MED00172,1,log_price,0.02181
MED00173,1,log_price,0.00932
MED00174,1,log_price,-0.02193
MED00175,1,log_price,-0.01329
MED00176,1,log_price,-0.01228
MED00177,1,log_price,-0.12345
MED00178,1,log_price,-0.02813
MED00179,1,log_price,-0.01954
MED00180,1,log_price,0.00814
MED00181,1,log_price,0.0046
MED00182,1,log_price,-0.04129
MED00183,1,log_price,0.00628
MED00184,1,log_price,-0.0566
MED00185,1,log_price,0.02067
MED00186,1,log_price,0.00472
MED00187,1,log_price,-0.04752
MED00188,1,log_price,-0.00208
MED00189,1,log_price,-0.10437
MED00190,1,log_price,0.00733
MED00191,1,log_price,-0.03177
MED00192,1,log_price,-0.24689
MED00193,1,log_price,-0.46878
MED00194,1,log_price,0.00952
MED00195,1,log_price,-0.01849
MED00196,1,log_price,-0.01184
MED00197,1,log_price,-0.00978
MED00198,1,log_price,-0.00518
MED00199,1,log_price,-0.01465
MED00200,1,log_price,-0.00089
MED00201,1,log_price,-0.00567
MED00202,1,log_price,-0.00378
MED00203,1,log_price,0.03467
MED00204,1,log_price,-0.01463
MED00205,1,log_price,0.00142
MED00206,1,log_price,0.01491
MED00207,1,log_price,-0.00597
MED00208,1,log_price,0.00459
MED00209,1,log_price,0.03255
MED00210,1,log_price,0.00522
MED00211,1,log_price,0.00425
MED00212,1,log_price,-0.01179
MED00213,1,log_price,0.05436
MED00214,1,log_price,0.00288
MED00215,1,log_price,-0.00764
MED00216,1,log_price,-0.26895
MED00217,1,log_price,-0.0726
MED00218,1,log_price,-0.00713
MED00219,1,log_price,-0.00396
MED00220,1,log_price,-0.00922
MED00221,1,log_price,-0.0397
MED00222,1,log_price,0.01876
MED00223,1,log_price,0.00229
MED00224,1,log_price,0.00851
MED00225,1,log_price,0.00218
MED00226,1,log_price,-0.00627
MED00227,1,log_price,0.02027
MED00228,1,log_price,0.01367
MED00229,1,log_price,-0.11651
MED00230,1,log_price,0.01339
MED00231,1,log_price,0.00804
MED00232,1,log_price,0.00682
MED00233,1,log_price,-0.04934
MED00234,1,log_price,0.0072
MED00235,1,log_price,-0.01439
MED00236,1,log_price,0.00846
MED00237,1,log_price,0.00969
MED00238,1,log_price,0.01541
MED00239,1,log_price,0.00806
MED00240,1,log_price,0.01706
MED00241,1,log_price,-0.01264
MED00242,1,log_price,-0.00848
MED00243,1,log_price,-0.28721
MED00244,1,log_price,0.01143
MED00245,1,log_price,-0.00662
MED00246,1,log_price,-0.00909
MED00247,1,log_price,0.00184
MED00248,1,log_price,-0.01119
MED00249,1,log_price,0.00657
MED00250,1,log_price,0.00957
MED00251,1,log_price,0.00564
MED00252,1,log_price,0.041
MED00253,1,log_price,-0.00975
MED00254,1,log_price,0.03851
MED00255,1,log_price,-0.01977
MED00257,1,log_price,0.00309
MED00258,1,log_price,-0.00041
MED00259,1,log_price,0.00197
MED00260,1,log_price,-0.04694
MED00261,1,log_price,-0.00547
MED00262,1,log_price,-0.0254
MED00263,1,log_price,-0.00187
MED00264,1,log_price,-0.12971
MED00265,1,log_price,-0.00056
MED00266,1,log_price,0.00942
MED00267,1,log_price,-0.00383
MED00268,1,log_price,-0.00543
MED00269,1,log_price,0.0102
MED00270,1,log_price,0.01031
MED00271,1,log_price,0.00043
MED00272,1,log_price,-0.00755
MED00273,1,log_price,-0.01454
MED00274,1,log_price,-0.10178
MED00275,1,log_price,-0.00815
MED00276,1,log_price,0.0079
MED00277,1,log_price,-0.10369
MED00278,1,log_price,0.00539
MED00279,1,log_price,0.00355
MED00280,1,log_price,-0.09512
MED00281,1,log_price,-0.00923
MED00282,1,log_price,0.00985
MED00283,1,log_price,-0.00549
MED00284,1,log_price,0.02771
MED00285,1,log_price,-0.00237
MED00286,1,log_price,0.00214
MED00287,1,log_price,0.01034
MED00288,1,log_price,-0.00844
MED00289,1,log_price,-0.01099
MED00290,1,log_price,0.00079
MED00291,1,log_price,-0.0854
MED00292,1,log_price,-0.04307
MED00293,1,log_price,-0.02676
MED00294,1,log_price,-0.02664
MED00295,1,log_price,-0.02958
MED00296,1,log_price,0.00504
MED00297,1,log_price,-0.00682
MED00298,1,log_price,0.00588
MED00299,1,log_price,-0.05808
MED00300,1,log_price,0.00253
MED00301,1,log_price,0.01201
MED00302,1,log_price,-0.0005
MED00303,1,log_price,-0.0308
MED00304,1,log_price,-0.01335
MED00305,1,log_price,-0.00654
MED00306,1,log_price,-0.05628
MED00307,1,log_price,0.00284
MED00308,1,log_price,-0.00206
MED00309,1,log_price,-0.02062
MED00310,1,log_price,0.01318
MED00311,1,log_price,-0.00961
MED00312,1,log_price,-0.00194
MED00313,1,log_price,-0.08569
MED00314,1,log_price,0.01533
MED00315,1,log_price,-0.00189
MED00316,1,log_price,-0.0017
MED00317,1,log_price,0.01111
MED00318,1,log_price,0.03878
MED00319,1,log_price,-0.00143
MED00320,1,log_price,-0.01804
MED00321,1,log_price,-0.00631
MED00322,1,log_price,-0.10964
MED00323,1,log_price,-0.07408
MED00324,1,log_price,-0.02726
MED00325,1,log_price,-0.00536
MED00326,1,log_price,-0.00454
MED00328,1,log_price,0.00313
MED00329,1,log_price,0.00378
MED00330,1,log_price,0.00602
MED00331,1,log_price,0.00531
MED00332,1,log_price,-0.0022
MED00333,1,log_price,0.03326
MED00334,1,log_price,-0.02146
MED00335,1,log_price,-0.00232
MED00336,1,log_price,-0.02748
MED00337,1,log_price,0.02326
MED00338,1,log_price,-0.00645
MED00339,1,log_price,-0.0507
MED00340,1,log_price,0.01779
MED00341,1,log_price,0.0034
MED00342,1,log_price,0.0119
MED00343,1,log_price,-0.00132
MED00344,1,log_price,-0.01536
MED00345,1,log_price,-0.09
MED00346,1,log_price,0.0029
MED00347,1,log_price,-0.18382
MED00348,1,log_price,-0.03553
MED00349,1,log_price,0.01147
MED00350,1,log_price,0.00374
MED00351,1,log_price,-0.01342
MED00352,1,log_price,-0.21303
MED00353,1,log_price,0.06077
MED00354,1,log_price,0.00536
MED00355,1,log_price,-0.00556
MED00356,1,log_price,0.00211
MED00357,1,log_price,-0.04052
MED00358,1,log_price,0.00531
MED00359,1,log_price,-0.0164
MED00360,1,log_price,-0.04353
MED00361,1,log_price,0.01053
MED00362,1,log_price,0.01074
MED00363,1,log_price,0.00635
MED00364,1,log_price,-0.19791
MED00365,1,log_price,-0.01482
MED00366,1,log_price,0.00296
MED00367,1,log_price,-0.01505
MED00368,1,log_price,0.00345
MED00369,1,log_price,0.01683
MED00370,1,log_price,-0.0615
MED00371,1,log_price,-0.00464
MED00372,1,log_price,-0.0412
MED00373,1,log_price,-0.0608
MED00374,1,log_price,-0.00299
MED00375,1,log_price,-0.00756
MED00376,1,log_price,0.00841
MED00377,1,log_price,-0.0754
MED00378,1,log_price,-0.03864
MED00379,1,log_price,-0.01608
MED00380,1,log_price,0.00926
MED00381,1,log_price,0.0021
MED00382,1,log_price,-0.00431
MED00383,1,log_price,-0.0045
MED00384,1,log_price,-0.00586
MED00385,1,log_price,-0.00201
MED00386,1,log_price,-0.00736
MED00387,1,log_price,-0.00941
MED00388,1,log_price,0.0626
MED00389,1,log_price,-0.00353
MED00390,1,log_price,-0.0115
MED00391,1,log_price,0.00816
MED00392,1,log_price,0.00139
MED00393,1,log_price,-0.00366
MED00394,1,log_price,-0.00136
MED00395,1,log_price,-0.00146
MED00396,1,log_price,-0.02092
MED00397,1,log_price,-0.01573
MED00398,1,log_price,0.0058
MED00399,1,log_price,-0.00805
MED00400,1,log_price,0.01954
MED00401,1,log_price,0.00766
MED00402,1,log_price,0.00703
MED00403,1,log_price,-0.00105
MED00404,1,log_price,0.00297
MED00405,1,log_price,0.00088
MED00406,1,log_price,0.00939
MED00407,1,log_price,-0.00376
MED00408,1,log_price,-0.00731
MED00409,1,log_price,0.00539
MED00410,1,log_price,-0.00594
MED00411,1,log_price,-0.00155
MED00412,1,log_price,0.0066
MED00413,1,log_price,0.00083
MED00414,1,log_price,0.0037
MED00415,1,log_price,0.00401
MED00416,1,log_price,-0.00196
MED00417,1,log_price,0.00253
MED00418,1,log_price,0.00193
MED00419,1,log_price,-0.00499
MED00420,1,log_price,-0.00242
MED00421,1,log_price,0.01511
MED00422,1,log_price,0.00375
MED00423,1,log_price,-0.00168
MED00424,1,log_price,0.01282
MED00001,2,log_price,0.00443
MED00002,2,log_price,-0.40316
MED00003,2,log_price,-0.07031
MED00004,2,log_price,-0.02612
MED00005,2,log_price,0.01356
MED00006,2,log_price,0.00834
MED00007,2,log_price,0.05281
MED00008,2,log_price,-0.07106
MED00009,2,log_price,0.00183
MED00010,2,log_price,-0.07495
MED00011,2,log_price,0.02559
MED00012,2,log_price,-0.01375
MED00013,2,log_price,-0.00062
MED00015,2,log_price,-0.05945
MED00016,2,log_price,-0.00056
MED00017,2,log_price,0.00771
MED00018,2,log_price,0.0172
MED00019,2,log_price,0.01236
MED00020,2,log_price,-0.01313
MED00021,2,log_price,-0.0308
MED00022,2,log_price,0.04119
MED00023,2,log_price,-0.00287
MED00024,2,log_price,-0.04802
MED00025,2,log_price,-0.25075
MED00026,2,log_price,-0.02626
MED00027,2,log_price,-0.09653
MED00028,2,log_price,-0.06258
MED00029,2,log_price,-0.02163
MED00030,2,log_price,0.03864
MED00031,2,log_price,-0.05386
MED00032,2,log_price,0.02387
MED00033,2,log_price,-0.01787
MED00034,2,log_price,0.01442
MED00035,2,log_price,-0.0578
MED00036,2,log_price,-0.04641
MED00037,2,log_price,-0.01512
MED00038,2,log_price,0.00274
MED00039,2,log_price,-0.00376
MED00040,2,log_price,-0.02672
MED00041,2,log_price,-0.00044
MED00042,2,log_price,-0.01225
MED00043,2,log_price,-0.05023
MED00044,2,log_price,-0.00261
MED00045,2,log_price,0.00796
MED00046,2,log_price,-0.04379
MED00047,2,log_price,-0.00195
MED00048,2,log_price,-0.00374
MED00049,2,log_price,-0.10252
MED00050,2,log_price,0.00663
MED00051,2,log_price,-0.41579
MED00052,2,log_price,-0.05182
MED00053,2,log_price,-0.02355
MED00054,2,log_price,-0.02146
MED00055,2,log_price,-0.04923
MED00056,2,log_price,-0.00387
MED00057,2,log_price,-0.0733
MED00058,2,log_price,0.00942
MED00059,2,log_price,-0.01286
MED00060,2,log_price,0.00297
MED00061,2,log_price,-0.04933
MED00062,2,log_price,0.01207
MED00063,2,log_price,-0.23423
MED00064,2,log_price,-0.0287
MED00065,2,log_price,-0.01614
MED00066,2,log_price,-0.05666
MED00067,2,log_price,-0.0009
MED00068,2,log_price,0.00246
MED00069,2,log_price,0.00694
MED00070,2,log_price,-0.0167
MED00071,2,log_price,-0.00848
MED00072,2,log_price,0.02808
MED00073,2,log_price,0.02084
MED00074,2,log_price,0.00106
MED00075,2,log_price,0.02243
MED00076,2,log_price,-0.08403
MED00077,2,log_price,0.01009
MED00078,2,log_price,0.02178
MED00079,2,log_price,-0.00455
MED00080,2,log_price,0.03446
MED00081,2,log_price,-0.17602
MED00082,2,log_price,-0.03815
MED00083,2,log_price,-0.00373
MED00084,2,log_price,0.01047
MED00085,2,log_price,0.00933
MED00086,2,log_price,0.03046
MED00087,2,log_price,-0.00657
MED00088,2,log_price,-0.00431
MED00089,2,log_price,0.01418
MED00090,2,log_price,-0.04496
MED00091,2,log_price,0.02456
MED00092,2,log_price,-0.01195
MED00093,2,log_price,-0.04855
MED00094,2,log_price,-0.02473
MED00095,2,log_price,-0.00335
MED00096,2,log_price,-0.00911
MED00097,2,log_price,0.00299
MED00098,2,log_price,0.00362
MED00099,2,log_price,0.00471
MED00100,2,log_price,-0.1948
MED00101,2,log_price,-0.01244
MED00102,2,log_price,-0.03551
MED00103,2,log_price,0.00818
MED00104,2,log_price,-0.00188
MED00105,2,log_price,-0.00431
MED00106,2,log_price,-0.20861
MED00107,2,log_price,0.00077
MED00108,2,log_price,-0.00471
MED00109,2,log_price,0.02185
MED00110,2,log_price,-0.07308
MED00111,2,log_price,-0.0797
MED00113,2,log_price,-0.01274
MED00114,2,log_price,0.00612
MED00115,2,log_price,-0.00119
MED00116,2,log_price,0.00163
MED00117,2,log_price,-0.00123
MED00118,2,log_price,0.00923
MED00119,2,log_price,-0.01139
MED00120,2,log_price,-0.0049
MED00121,2,log_price,-0.00546
MED00122,2,log_price,-0.00882
MED00123,2,log_price,-0.07322
MED00124,2,log_price,-0.00498
MED00125,2,log_price,-0.09349
MED00126,2,log_price,-0.02811
MED00127,2,log_price,-0.01131
MED00128,2,log_price,-0.00737
MED00129,2,log_price,0.04561
MED00130,2,log_price,-0.10203
MED00131,2,log_price,-0.04942
MED00132,2,log_price,-0.04033
MED00134,2,log_price,0.04065
MED00135,2,log_price,0.0185
MED00136,2,log_price,-0.00916
MED00137,2,log_price,-0.01841
MED00138,2,log_price,-0.00959
MED00139,2,log_price,0.00344
MED00140,2,log_price,-0.00849
MED00141,2,log_price,-0.02034
MED00142,2,log_price,-0.02322
MED00143,2,log_price,0.00558
MED00144,2,log_price,0.0019
MED00145,2,log_price,-0.04264
MED00146,2,log_price,0.04515
MED00147,2,log_price,0.00298
MED00148,2,log_price,0.00595
MED00149,2,log_price,0.03102
MED00150,2,log_price,-0.00712
MED00151,2,log_price,-0.01331
MED00152,2,log_price,0.0101
MED00153,2,log_price,0.00693
MED00154,2,log_price,0.01518
MED00155,2,log_price,-0.01665
MED00156,2,log_price,0.02024
MED00157,2,log_price,-0.00388
MED00158,2,log_price,-0.05454
MED00159,2,log_price,-0.00523
MED00160,2,log_price,-0.00524
MED00161,2,log_price,0.00056
MED00162,2,log_price,-0.00816
MED00163,2,log_price,-0.07011
MED00164,2,log_price,-0.04526
MED00165,2,log_price,0.0186
MED00166,2,log_price,-0.00684
MED00167,2,log_price,0.00357
MED00168,2,log_price,0.01186
MED00169,2,log_price,-0.01817
MED00170,2,log_price,-0.0031
MED00171,2,log_price,-0.00261
MED00172,2,log_price,0.02555
MED00173,2,log_price,0.00701
MED00174,2,log_price,-0.02387
MED00175,2,log_price,-0.0216
MED00176,2,log_price,-0.00616
MED00177,2,log_price,-0.12083
MED00178,2,log_price,-0.03745
MED00179,2,log_price,-0.026
MED00180,2,log_price,0.00648
MED00181,2,log_price,0.00205
MED00182,2,log_price,-0.05179
MED00183,2,log_price,0.0031
MED00184,2,log_price,-0.05849
MED00185,2,log_price,0.02142
MED00186,2,log_price,0.00376
MED00187,2,log_price,-0.0468
MED00188,2,log_price,-0.00433
MED00189,2,log_price,-0.09634
MED00190,2,log_price,0.00488
MED00191,2,log_price,-0.02486
MED00192,2,log_price,-0.24008
MED00193,2,log_price,-0.43895
MED00194,2,log_price,0.00656
MED00195,2,log_price,-0.018
MED00196,2,log_price,-0.01145
MED00197,2,log_price,-0.0119
MED00198,2,log_price,-0.00624
MED00199,2,log_price,-0.01801
MED00200,2,log_price,-0.00191
MED00201,2,log_price,-0.00743
MED00202,2,log_price,-0.00624
MED00203,2,log_price,0.03288
MED00204,2,log_price,-0.01469
MED00205,2,log_price,0.00085
MED00206,2,log_price,0.01785
MED00207,2,log_price,-0.00866
MED00208,2,log_price,0.00396
MED00209,2,log_price,0.03426
MED00210,2,log_price,0.00199
MED00211,2,log_price,0.00167
MED00212,2,log_price,-0.01084
MED00213,2,log_price,0.03266
MED00214,2,log_price,0.00045
MED00215,2,log_price,-0.00886
MED00216,2,log_price,-0.26165
MED00217,2,log_price,-0.06754
MED00218,2,log_price,-0.00802
MED00219,2,log_price,-0.00651
MED00220,2,log_price,-0.01043
MED00221,2,log_price,-0.03894
MED00222,2,log_price,0.01701
MED00223,2,log_price,0.00564
MED00224,2,log_price,0.00582
MED00226,2,log_price,-0.00564
MED00227,2,log_price,0.01958
MED00228,2,log_price,0.01342
MED00229,2,log_price,-0.12701
MED00230,2,log_price,0.0117
MED00231,2,log_price,0.00737
MED00232,2,log_price,0.00414
MED00233,2,log_price,-0.05554
MED00234,2,log_price,0.0049
MED00235,2,log_price,-0.01134
MED00236,2,log_price,0.00806
MED00237,2,log_price,0.00995
MED00238,2,log_price,0.0322
MED00239,2,log_price,0.00745
MED00240,2,log_price,0.01578
MED00241,2,log_price,-0.01371
MED00242,2,log_price,-0.01262
MED00243,2,log_price,-0.25757
MED00244,2,log_price,0.00861
MED00245,2,log_price,-0.00327
MED00246,2,log_price,-0.01018
MED00247,2,log_price,-0.00076
MED00248,2,log_price,-0.01093
MED00249,2,log_price,-0.00061
MED00250,2,log_price,0.00806
MED00251,2,log_price,0.00327
MED00252,2,log_price,0.03849
MED00253,2,log_price,-0.01078
MED00254,2,log_price,0.03601
MED00255,2,log_price,-0.01928
MED00256,2,log_price,-0.00026
MED00257,2,log_price,0.00186
MED00258,2,log_price,-0.00218
MED00260,2,log_price,-0.04505
MED00261,2,log_price,-0.00629
MED00262,2,log_price,-0.02641
MED00263,2,log_price,-0.00395
MED00264,2,log_price,-0.13199
MED00265,2,log_price,-0.00153
MED00266,2,log_price,0.00984
MED00267,2,log_price,-0.00443
MED00268,2,log_price,-0.00594
MED00269,2,log_price,0.00739
MED00270,2,log_price,0.00877
MED00271,2,log_price,0.00139
MED00272,2,log_price,-0.00701
MED00273,2,log_price,-0.01445
MED00274,2,log_price,-0.06294
MED00275,2,log_price,-0.00749
MED00276,2,log_price,0.00582
MED00277,2,log_price,-0.09559
MED00278,2,log_price,0.00472
MED00279,2,log_price,0.00431
MED00280,2,log_price,-0.08675
MED00281,2,log_price,-0.0092
MED00282,2,log_price,0.00961
MED00283,2,log_price,-0.00767
MED00284,2,log_price,0.02674
MED00285,2,log_price,-0.00539
MED00286,2,log_price,-0.00051
MED00287,2,log_price,0.0085
MED00288,2,log_price,-0.00954
MED00289,2,log_price,-0.01066
MED00290,2,log_price,-0.00145
MED00291,2,log_price,-0.06111
MED00292,2,log_price,-0.03709
MED00293,2,log_price,-0.02846
MED00294,2,log_price,-0.02493
MED00295,2,log_price,-0.03968
MED00296,2,log_price,0.00233
MED00297,2,log_price,-0.00778
MED00298,2,log_price,0.00353
MED00299,2,log_price,-0.06831
MED00301,2,log_price,0.02097
MED00302,2,log_price,-0.00026
MED00303,2,log_price,-0.03039
MED00304,2,log_price,-0.01275
MED00305,2,log_price,-0.00646
MED00306,2,log_price,-0.06327
MED00307,2,log_price,0.00479
MED00308,2,log_price,0.00064
MED00309,2,log_price,-0.02183
MED00310,2,log_price,0.01049
MED00311,2,log_price,-0.00755
MED00312,2,log_price,-0.00459
MED00313,2,log_price,-0.08241
MED00314,2,log_price,0.00928
MED00315,2,log_price,-0.00281
MED00316,2,log_price,-0.00271
MED00317,2,log_price,0.00818
MED00318,2,log_price,0.03722
MED00319,2,log_price,-0.00378
MED00320,2,log_price,-0.01937
MED00321,2,log_price,-0.01926
MED00322,2,log_price,-0.10172
MED00323,2,log_price,-0.08255
MED00324,2,log_price,-0.02414
MED00325,2,log_price,-0.00834
MED00326,2,log_price,-0.00558
MED00327,2,log_price,-0.00242
MED00328,2,log_price,0.00266
MED00329,2,log_price,0.00119
MED00330,2,log_price,0.00337
MED00331,2,log_price,0.00341
MED00332,2,log_price,-0.00313
MED00333,2,log_price,0.04211
MED00334,2,log_price,-0.02308
MED00335,2,log_price,0.00267
MED00336,2,log_price,-0.0086
MED00337,2,log_price,0.02574
MED00338,2,log_price,-0.01022
MED00339,2,log_price,-0.04868
MED00340,2,log_price,0.01692
MED00341,2,log_price,0.00116
MED00342,2,log_price,0.00903
MED00343,2,log_price,-0.0035
MED00344,2,log_price,-0.02429
MED00345,2,log_price,-0.08536
MED00346,2,log_price,0.0017
MED00347,2,log_price,-0.17478
MED00348,2,log_price,-0.01851
MED00349,2,log_price,0.00937
MED00350,2,log_price,-0.00689
MED00351,2,log_price,-0.0196
MED00352,2,log_price,-0.22126
MED00353,2,log_price,0.04558
MED00354,2,log_price,0.01238
MED00355,2,log_price,-0.00518
MED00356,2,log_price,0.00163
MED00357,2,log_price,-0.04601
MED00358,2,log_price,0.00275
MED00359,2,log_price,-0.01766
MED00360,2,log_price,-0.04649
MED00361,2,log_price,0.00842
MED00362,2,log_price,0.00948
MED00363,2,log_price,0.00335
MED00364,2,log_price,-0.18868
MED00365,2,log_price,-0.01633
MED00366,2,log_price,0.00055
MED00367,2,log_price,-0.01628
MED00368,2,log_price,0.00307
MED00369,2,log_price,0.01599
MED00370,2,log_price,-0.05122
MED00371,2,log_price,-0.00372
MED00372,2,log_price,-0.04659
MED00373,2,log_price,-0.06261
MED00374,2,log_price,-0.00433
MED00375,2,log_price,-0.00807
MED00376,2,log_price,0.00548
MED00377,2,log_price,-0.07143
MED00378,2,log_price,-0.02885
MED00379,2,log_price,-0.02943
MED00380,2,log_price,0.00437
MED00381,2,log_price,0.00373
MED00382,2,log_price,-0.00431
MED00383,2,log_price,-0.005
MED00384,2,log_price,-0.00675
MED00385,2,log_price,-0.00378
MED00386,2,log_price,-0.0094
MED00387,2,log_price,-0.00948
MED00388,2,log_price,0.03243
MED00389,2,log_price,-0.00262
MED00390,2,log_price,-0.0132
MED00391,2,log_price,0.00667
MED00392,2,log_price,0.00154
MED00393,2,log_price,-0.00247
MED00394,2,log_price,-0.00184
MED00395,2,log_price,-0.00161
MED00396,2,log_price,-0.01927
MED00397,2,log_price,-0.01428
MED00398,2,log_price,0.02566
MED00399,2,log_price,0.01346
MED00400,2,log_price,0.02396
MED00401,2,log_price,0.00868
MED00402,2,log_price,0.00639
MED00403,2,log_price,-0.0006
MED00404,2,log_price,0.0032
MED00405,2,log_price,0.00134
MED00406,2,log_price,0.01073
MED00407,2,log_price,-0.00527
MED00408,2,log_price,-0.00862
MED00409,2,log_price,0.00489
MED00410,2,log_price,-0.00596
MED00411,2,log_price,-0.00189
MED00412,2,log_price,0.00407
MED00413,2,log_price,0.00075
MED00414,2,log_price,0.00126
MED00415,2,log_price,0.00149
MED00416,2,log_price,-0.00156
MED00417,2,log_price,0.00026
MED00418,2,log_price,0.00166
MED00419,2,log_price,-0.00417
MED00420,2,log_price,-0.00154
MED00421,2,log_price,0.01357
MED00422,2,log_price,0.00402
MED00423,2,log_price,-0.00206
MED00424,2,log_price,0.00053
MED00001,3,log_price,0.00465
MED00002,3,log_price,-0.41235
MED00003,3,log_price,-0.06879
MED00004,3,log_price,-0.05524
MED00005,3,log_price,0.01556
MED00006,3,log_price,0.01074
MED00007,3,log_price,0.051
MED00008,3,log_price,-0.07933
MED00009,3,log_price,0.00221
MED00010,3,log_price,-0.07435
MED00011,3,log_price,0.03171
MED00012,3,log_price,-0.00959
MED00013,3,log_price,-0.00064
MED00014,3,log_price,-0.0004
MED00015,3,log_price,-0.05633
MED00016,3,log_price,-0.00053
MED00017,3,log_price,0.00735
MED00018,3,log_price,0.01762
MED00019,3,log_price,0.01275
MED00020,3,log_price,-0.01077
MED00021,3,log_price,-0.03223
MED00022,3,log_price,0.04164
MED00023,3,log_price,-0.00154
MED00024,3,log_price,-0.04662
MED00025,3,log_price,-0.20285
MED00026,3,log_price,-0.0295
MED00027,3,log_price,-0.09601
MED00028,3,log_price,-0.07071
MED00029,3,log_price,-0.02036
MED00030,3,log_price,0.03976
MED00031,3,log_price,-0.05222
MED00032,3,log_price,0.02463
MED00033,3,log_price,-0.01594
MED00034,3,log_price,0.0107
MED00035,3,log_price,-0.06055
MED00036,3,log_price,-0.05326
MED00037,3,log_price,-0.01609
MED00038,3,log_price,0.00289
MED00039,3,log_price,0.00414
MED00040,3,log_price,-0.02625
MED00041,3,log_price,-0.01227
MED00042,3,log_price,-0.01012
MED00043,3,log_price,-0.05146
MED00044,3,log_price,-0.00469
MED00045,3,log_price,0.0099
MED00046,3,log_price,-0.04043
MED00047,3,log_price,-0.0021
MED00048,3,log_price,-0.00397
MED00049,3,log_price,-0.0956
MED00050,3,log_price,0.00516
MED00051,3,log_price,-0.37075
MED00052,3,log_price,-0.06032
MED00053,3,log_price,-0.02197
MED00054,3,log_price,-0.02018
MED00055,3,log_price,-0.04764
MED00056,3,log_price,-0.00483
MED00057,3,log_price,-0.06655
MED00058,3,log_price,0.01177
MED00059,3,log_price,-0.01313
MED00060,3,log_price,0.00184
MED00061,3,log_price,-0.04756
MED00062,3,log_price,0.01129
MED00063,3,log_price,-0.17545
MED00064,3,log_price,-0.02781
MED00065,3,log_price,-0.01625
MED00066,3,log_price,-0.0647
MED00067,3,log_price,0.00028
MED00068,3,log_price,-0.00232
MED00069,3,log_price,0.00718
MED00070,3,log_price,-0.01586
MED00071,3,log_price,-0.01019
MED00072,3,log_price,0.02736
MED00073,3,log_price,0.02273
MED00074,3,log_price,-0.00177
MED00075,3,log_price,0.02197
MED00076,3,log_price,-0.07571
MED00077,3,log_price,0.01015
MED00078,3,log_price,0.02132
MED00079,3,log_price,-0.00508
MED00080,3,log_price,0.0355
MED00081,3,log_price,-0.17629
MED00082,3,log_price,-0.03948
MED00083,3,log_price,-0.00174
MED00084,3,log_price,0.03303
MED00085,3,log_price,0.0095
MED00086,3,log_price,0.03442
MED00087,3,log_price,-0.00803
MED00088,3,log_price,-0.00502
MED00089,3,log_price,0.01249
MED00090,3,log_price,-0.04547
MED00091,3,log_price,0.02353
MED00092,3,log_price,-0.01101
MED00093,3,log_price,-0.04224
MED00094,3,log_price,-0.02013
MED00095,3,log_price,-0.00323
MED00096,3,log_price,-0.00944
MED00097,3,log_price,0.0062
MED00098,3,log_price,0.0022
MED00099,3,log_price,-0.00562
MED00100,3,log_price,-0.13582
MED00101,3,log_price,-0.00595
MED00102,3,log_price,-0.03518
MED00103,3,log_price,0.00806
MED00104,3,log_price,-0.00209
MED00105,3,log_price,-0.0047
MED00106,3,log_price,-0.14599
MED00107,3,log_price,0.00028
MED00108,3,log_price,-0.0046
MED00109,3,log_price,0.02453
MED00110,3,log_price,-0.06714
MED00111,3,log_price,-0.07891
MED00112,3,log_price,-0.00029
MED00113,3,log_price,-0.01265
MED00114,3,log_price,-0.0042
MED00115,3,log_price,-0.00134
MED00116,3,log_price,0.00248
MED00117,3,log_price,0.00302
MED00118,3,log_price,0.01112
MED00119,3,log_price,-0.01163
MED00120,3,log_price,-0.00213
MED00121,3,log_price,-0.00518
MED00122,3,log_price,-0.00874
MED00123,3,log_price,-0.06992
MED00124,3,log_price,-0.00402
MED00125,3,log_price,-0.08928
MED00126,3,log_price,-0.03837
MED00127,3,log_price,-0.0095
MED00128,3,log_price,-0.00761
MED00129,3,log_price,0.04755
MED00130,3,log_price,-0.09511
MED00131,3,log_price,-0.04721
MED00132,3,log_price,-0.0528
MED00133,3,log_price,0.00232
MED00134,3,log_price,0.02949
MED00135,3,log_price,0.01933
MED00136,3,log_price,-0.01349
MED00137,3,log_price,-0.01521
MED00138,3,log_price,-0.00963
MED00139,3,log_price,0.00358
MED00140,3,log_price,-0.00763
MED00141,3,log_price,-0.034
MED00142,3,log_price,-0.01714
MED00143,3,log_price,0.00787
MED00144,3,log_price,0.00337
MED00145,3,log_price,-0.0411
MED00146,3,log_price,0.04199
MED00147,3,log_price,0.00309
MED00148,3,log_price,0.00497
MED00149,3,log_price,0.04369
MED00150,3,log_price,-0.00538
MED00151,3,log_price,-0.01321
MED00152,3,log_price,0.01031
MED00153,3,log_price,0.00854
MED00154,3,log_price,0.01546
MED00155,3,log_price,-0.01679
MED00156,3,log_price,0.01973
MED00157,3,log_price,-0.00405
MED00158,3,log_price,-0.05348
MED00159,3,log_price,-0.00338
MED00160,3,log_price,-0.00532
MED00161,3,log_price,0.00041
MED00162,3,log_price,-0.00818
MED00163,3,log_price,-0.07006
MED00164,3,log_price,-0.0431
MED00165,3,log_price,0.02047
MED00166,3,log_price,-0.00231
MED00167,3,log_price,0.0044
MED00168,3,log_price,0.01156
MED00169,3,log_price,-0.01229
MED00170,3,log_price,-0.00218
MED00171,3,log_price,-0.00251
MED00172,3,log_price,0.02479
MED00173,3,log_price,0.00561
MED00174,3,log_price,-0.02391
MED00175,3,log_price,-0.03676
MED00176,3,log_price,-0.00426
MED00177,3,log_price,-0.07513
MED00178,3,log_price,-0.03857
MED00179,3,log_price,-0.03725
MED00180,3,log_price,0.00551
MED00181,3,log_price,0.00019
MED00182,3,log_price,-0.05458
MED00183,3,log_price,0.00391
MED00184,3,log_price,-0.05023
MED00185,3,log_price,0.02084
MED00186,3,log_price,0.00368
MED00187,3,log_price,-0.04194
MED00188,3,log_price,-0.00447
MED00189,3,log_price,-0.09095
MED00190,3,log_price,0.00527
MED00191,3,log_price,-0.02293
MED00192,3,log_price,-0.23699
MED00193,3,log_price,-0.44963
MED00194,3,log_price,0.0046
MED00195,3,log_price,-0.01586
MED00196,3,log_price,-0.01016
MED00197,3,log_price,-0.0141
MED00198,3,log_price,-0.0053
MED00199,3,log_price,-0.01896
MED00200,3,log_price,-0.00096
MED00201,3,log_price,-0.00852
MED00202,3,log_price,-0.00721
MED00203,3,log_price,0.03299
MED00204,3,log_price,-0.01017
MED00205,3,log_price,0.00065
MED00206,3,log_price,0.01753
MED00207,3,log_price,-0.00792
MED00208,3,log_price,0.00336
MED00209,3,log_price,0.03712
MED00210,3,log_price,0.00704
MED00211,3,log_price,0.00039
MED00212,3,log_price,-0.00928
MED00213,3,log_price,0.01936
MED00214,3,log_price,0.0003
MED00215,3,log_price,-0.00731
MED00216,3,log_price,-0.20845
MED00217,3,log_price,-0.06038
MED00218,3,log_price,-0.00847
MED00219,3,log_price,-0.0061
MED00220,3,log_price,-0.00745
MED00221,3,log_price,-0.03831
MED00222,3,log_price,0.01552
MED00223,3,log_price,0.00594
MED00224,3,log_price,0.00676
MED00225,3,log_price,-0.00019
MED00226,3,log_price,-0.00477
MED00227,3,log_price,0.01847
MED00228,3,log_price,0.01547
MED00229,3,log_price,-0.12732
MED00230,3,log_price,0.01106
MED00231,3,log_price,0.00987
MED00232,3,log_price,0.00413
MED00233,3,log_price,-0.04959
MED00234,3,log_price,0.00576
MED00235,3,log_price,-0.01235
MED00236,3,log_price,0.01208
MED00237,3,log_price,0.00837
MED00238,3,log_price,0.03189
MED00239,3,log_price,0.00743
MED00240,3,log_price,0.01654
MED00241,3,log_price,-0.01241
MED00242,3,log_price,-0.01482
MED00243,3,log_price,-0.25647
MED00244,3,log_price,0.00709
MED00245,3,log_price,-0.00101
MED00246,3,log_price,-0.01034
MED00247,3,log_price,-0.00088
MED00248,3,log_price,-0.01071
MED00249,3,log_price,-0.02172
MED00250,3,log_price,0.00288
MED00251,3,log_price,0.00307
MED00252,3,log_price,0.0383
MED00253,3,log_price,-0.01083
MED00254,3,log_price,0.03583
MED00255,3,log_price,-0.01889
MED00257,3,log_price,0.00255
MED00258,3,log_price,-0.00347
MED00260,3,log_price,-0.0446
MED00261,3,log_price,-0.01564
MED00262,3,log_price,-0.02754
MED00263,3,log_price,-0.00277
MED00264,3,log_price,-0.13832
MED00265,3,log_price,-0.00161
MED00266,3,log_price,0.01094
MED00267,3,log_price,-0.00491
MED00268,3,log_price,-0.00587
MED00269,3,log_price,0.00705
MED00270,3,log_price,0.00867
MED00271,3,log_price,0.00028
MED00272,3,log_price,-0.00625
MED00273,3,log_price,-0.01394
MED00274,3,log_price,-0.06124
MED00275,3,log_price,-0.00732
MED00276,3,log_price,0.00585
MED00277,3,log_price,-0.09031
MED00278,3,log_price,0.00457
MED00279,3,log_price,-0.00413
MED00280,3,log_price,-0.07843
MED00281,3,log_price,-0.00904
MED00282,3,log_price,0.01097
MED00283,3,log_price,-0.00182
MED00284,3,log_price,0.03078
MED00285,3,log_price,-0.00557
MED00286,3,log_price,-0.00067
MED00287,3,log_price,0.00844
MED00288,3,log_price,-0.01033
MED00289,3,log_price,-0.00895
MED00291,3,log_price,-0.03551
MED00292,3,log_price,-0.03886
MED00293,3,log_price,-0.0293
MED00294,3,log_price,-0.01737
MED00295,3,log_price,-0.04317
MED00296,3,log_price,0.00258
MED00297,3,log_price,-0.00824
MED00298,3,log_price,0.00446
MED00299,3,log_price,-0.07236
MED00300,3,log_price,-0.00117
MED00301,3,log_price,0.02762
MED00302,3,log_price,-0.00091
MED00303,3,log_price,-0.02481
MED00304,3,log_price,-0.01433
MED00305,3,log_price,-0.00638
MED00306,3,log_price,-0.06649
MED00307,3,log_price,0.00609
MED00308,3,log_price,0.00012
MED00309,3,log_price,-0.0343
MED00310,3,log_price,0.00991
MED00311,3,log_price,-0.00608
MED00312,3,log_price,-0.00112
MED00313,3,log_price,-0.08277
MED00314,3,log_price,-0.01065
MED00315,3,log_price,-0.00293
MED00316,3,log_price,-0.00264
MED00317,3,log_price,0.00675
MED00318,3,log_price,0.0353
MED00319,3,log_price,-0.00393
MED00320,3,log_price,-0.01733
MED00321,3,log_price,-0.03261
MED00322,3,log_price,-0.09497
MED00323,3,log_price,-0.08334
MED00324,3,log_price,-0.0204
MED00325,3,log_price,-0.00891
MED00326,3,log_price,-0.00611
MED00327,3,log_price,-0.00233
MED00328,3,log_price,0.00261
MED00329,3,log_price,0.00107
MED00330,3,log_price,0.00479
MED00331,3,log_price,0.00429
MED00332,3,log_price,-0.00306
MED00333,3,log_price,0.04034
MED00334,3,log_price,-0.02413
MED00335,3,log_price,0.00256
MED00336,3,log_price,0.01193
MED00337,3,log_price,0.0197
MED00338,3,log_price,-0.00657
MED00339,3,log_price,-0.04328
MED00340,3,log_price,0.02177
MED00341,3,log_price,0.00111
MED00342,3,log_price,0.00905
MED00343,3,log_price,-0.00367
MED00344,3,log_price,-0.02365
MED00345,3,log_price,-0.07956
MED00346,3,log_price,0.00168
MED00347,3,log_price,-0.1133
MED00348,3,log_price,-0.00548
MED00349,3,log_price,0.00946
MED00350,3,log_price,-0.01132
MED00351,3,log_price,-0.02859
MED00352,3,log_price,-0.22229
MED00353,3,log_price,0.01273
MED00354,3,log_price,0.02024
MED00355,3,log_price,-0.00576
MED00356,3,log_price,0.0016
MED00357,3,log_price,-0.04391
MED00358,3,log_price,0.00236
MED00359,3,log_price,-0.01356
MED00360,3,log_price,-0.04556
MED00361,3,log_price,0.00856
MED00362,3,log_price,0.00968
MED00363,3,log_price,0.0033
MED00364,3,log_price,-0.1274
MED00365,3,log_price,-0.01662
MED00366,3,log_price,0.00044
MED00367,3,log_price,-0.01212
MED00368,3,log_price,0.00299
MED00369,3,log_price,0.01504
MED00370,3,log_price,-0.04232
MED00371,3,log_price,-0.00135
MED00372,3,log_price,-0.04675
MED00373,3,log_price,-0.06337
MED00374,3,log_price,-0.0048
MED00375,3,log_price,-0.00778
MED00376,3,log_price,0.00404
MED00377,3,log_price,-0.0853
MED00378,3,log_price,-0.02908
MED00379,3,log_price,-0.04123
MED00380,3,log_price,0.00777
MED00381,3,log_price,0.00563
MED00382,3,log_price,-0.00622
MED00383,3,log_price,-0.00555
MED00384,3,log_price,-0.0066
MED00385,3,log_price,-0.00419
MED00386,3,log_price,-0.00942
MED00387,3,log_price,-0.00868
MED00388,3,log_price,0.05741
MED00389,3,log_price,-0.00327
MED00390,3,log_price,-0.01322
MED00391,3,log_price,0.00478
MED00392,3,log_price,0.0017
MED00393,3,log_price,-0.00273
MED00394,3,log_price,-0.00078
MED00395,3,log_price,-0.00045
MED00396,3,log_price,-0.01961
MED00397,3,log_price,-0.01485
MED00398,3,log_price,0.0097
MED00399,3,log_price,-0.0043
MED00400,3,log_price,0.01963
MED00401,3,log_price,0.0097
MED00402,3,log_price,0.00627
MED00403,3,log_price,-0.00032
MED00404,3,log_price,0.00335
MED00405,3,log_price,-0.00027
MED00406,3,log_price,0.00883
MED00407,3,log_price,-0.00539
MED00408,3,log_price,-0.00752
MED00410,3,log_price,-0.00615
MED00411,3,log_price,-0.00309
MED00412,3,log_price,0.00315
MED00413,3,log_price,-0.00768
MED00414,3,log_price,0.0004
MED00415,3,log_price,0.0009
MED00416,3,log_price,-0.00336
MED00417,3,log_price,-0.00045
MED00418,3,log_price,0.00187
MED00419,3,log_price,-0.00518
MED00420,3,log_price,-0.00329
MED00421,3,log_price,0.01161
MED00422,3,log_price,0.00166
MED00423,3,log_price,-0.00206
MED00424,3,log_price,0.00905
MED00001,4,log_price,0.00408
MED00002,4,log_price,-0.42333
MED00003,4,log_price,-0.07213
MED00004,4,log_price,-0.06859
MED00005,4,log_price,0.01605
MED00006,4,log_price,0.01176
MED00007,4,log_price,0.05651
MED00008,4,log_price,-0.08781
MED00009,4,log_price,0.00183
MED00010,4,log_price,-0.0861
MED00011,4,log_price,0.05868
MED00012,4,log_price,-0.00701
MED00013,4,log_price,-0.00071
MED00014,4,log_price,-0.00023
MED00015,4,log_price,-0.05541
MED00016,4,log_price,-0.00047
MED00017,4,log_price,0.00777
MED00018,4,log_price,0.01756
MED00019,4,log_price,0.0128
MED00020,4,log_price,-0.01065
MED00021,4,log_price,-0.02906
MED00022,4,log_price,0.03996
MED00023,4,log_price,0.00038
MED00024,4,log_price,-0.04583
MED00025,4,log_price,-0.21625
MED00026,4,log_price,-0.04038
MED00027,4,log_price,-0.08892
MED00028,4,log_price,-0.07513
MED00029,4,log_price,-0.02051
MED00030,4,log_price,0.03918
MED00031,4,log_price,-0.05143
MED00032,4,log_price,0.02451
MED00033,4,log_price,-0.01408
MED00034,4,log_price,0.01302
MED00035,4,log_price,-0.06409
MED00036,4,log_price,-0.06502
MED00037,4,log_price,-0.01807
MED00038,4,log_price,0.00247
MED00039,4,log_price,0.01135
MED00040,4,log_price,-0.01395
MED00041,4,log_price,-0.01523
MED00042,4,log_price,-0.00671
MED00043,4,log_price,-0.04994
MED00044,4,log_price,-0.0053
MED00045,4,log_price,0.01196
MED00046,4,log_price,-0.03594
MED00047,4,log_price,-0.00212
MED00048,4,log_price,-0.00367
MED00049,4,log_price,-0.0967
MED00050,4,log_price,0.00727
MED00051,4,log_price,-0.39638
MED00052,4,log_price,-0.06236
MED00053,4,log_price,-0.02469
MED00054,4,log_price,-0.02364
MED00055,4,log_price,-0.05019
MED00056,4,log_price,-0.00339
MED00057,4,log_price,-0.06268
MED00058,4,log_price,0.01324
MED00059,4,log_price,-0.01261
MED00060,4,log_price,0.00174
MED00061,4,log_price,-0.0574
MED00062,4,log_price,0.01168
MED00063,4,log_price,-0.20071
MED00064,4,log_price,-0.02667
MED00065,4,log_price,-0.01446
MED00066,4,log_price,-0.06147
MED00067,4,log_price,0.00015
MED00068,4,log_price,-0.0031
MED00069,4,log_price,0.00739
MED00070,4,log_price,-0.01794
MED00071,4,log_price,-0.00984
MED00072,4,log_price,0.02533
MED00073,4,log_price,0.02
MED00074,4,log_price,-0.00302
MED00075,4,log_price,0.02193
MED00076,4,log_price,-0.07798
MED00077,4,log_price,0.00944
MED00078,4,log_price,0.02289
MED00079,4,log_price,-0.00479
MED00080,4,log_price,0.03325
MED00081,4,log_price,-0.1757
MED00082,4,log_price,-0.03329
MED00083,4,log_price,-0.00435
MED00084,4,log_price,0.03213
MED00085,4,log_price,0.00971
MED00086,4,log_price,0.04483
MED00087,4,log_price,-0.00683
MED00088,4,log_price,-0.00654
MED00089,4,log_price,0.01322
MED00090,4,log_price,-0.04303
MED00091,4,log_price,0.02052
MED00092,4,log_price,-0.01063
MED00093,4,log_price,-0.04749
MED00094,4,log_price,-0.04239
MED00095,4,log_price,-0.00343
MED00096,4,log_price,-0.00944
MED00097,4,log_price,0.01464
MED00098,4,log_price,0.00236
MED00099,4,log_price,-0.00596
MED00100,4,log_price,-0.15438
MED00101,4,log_price,0.01864
MED00102,4,log_price,-0.03673
MED00103,4,log_price,0.01028
MED00104,4,log_price,-0.00199
MED00105,4,log_price,-0.00459
MED00106,4,log_price,-0.14886
MED00107,4,log_price,0.0003
MED00108,4,log_price,-0.00486
MED00109,4,log_price,0.03434
MED00110,4,log_price,-0.06462
MED00111,4,log_price,-0.05947
MED00112,4,log_price,-0.00043
MED00113,4,log_price,-0.01243
MED00114,4,log_price,-0.01482
MED00116,4,log_price,0.00491
MED00117,4,log_price,0.00348
MED00118,4,log_price,0.01129
MED00119,4,log_price,-0.01118
MED00120,4,log_price,-0.00027
MED00121,4,log_price,-0.0054
MED00122,4,log_price,-0.00858
MED00123,4,log_price,-0.07226
MED00124,4,log_price,-0.00398
MED00125,4,log_price,-0.08945
MED00126,4,log_price,-0.05157
MED00127,4,log_price,-0.00089
MED00128,4,log_price,-0.00707
MED00129,4,log_price,0.03682
MED00130,4,log_price,-0.09621
MED00131,4,log_price,-0.04599
MED00132,4,log_price,-0.05551
MED00134,4,log_price,0.01598
MED00135,4,log_price,0.02046
MED00136,4,log_price,0.00731
MED00137,4,log_price,-0.01542
MED00138,4,log_price,-0.00961
MED00139,4,log_price,0.00669
MED00140,4,log_price,-0.00674
MED00141,4,log_price,-0.04937
MED00142,4,log_price,-0.0145
MED00143,4,log_price,0.00795
MED00144,4,log_price,0.00275
MED00145,4,log_price,-0.05419
MED00146,4,log_price,0.05346
MED00147,4,log_price,0.00511
MED00148,4,log_price,0.00475
MED00149,4,log_price,0.04438
MED00150,4,log_price,-0.00353
MED00151,4,log_price,-0.0127
MED00152,4,log_price,0.01042
MED00153,4,log_price,0.00962
MED00154,4,log_price,0.01488
MED00155,4,log_price,-0.01617
MED00156,4,log_price,0.01982
MED00157,4,log_price,-0.00369
MED00158,4,log_price,-0.06533
MED00159,4,log_price,-0.00202
MED00160,4,log_price,-0.00514
MED00161,4,log_price,0.00078
MED00162,4,log_price,-0.00723
MED00163,4,log_price,-0.07282
MED00164,4,log_price,-0.03796
MED00165,4,log_price,0.01948
MED00166,4,log_price,-0.00092
MED00167,4,log_price,0.00438
MED00168,4,log_price,0.01332
MED00169,4,log_price,-0.01265
MED00170,4,log_price,-0.00223
MED00171,4,log_price,-0.00235
MED00172,4,log_price,0.02447
MED00173,4,log_price,0.00712
MED00174,4,log_price,-0.0245
MED00175,4,log_price,-0.04352
MED00176,4,log_price,-0.00414
MED00177,4,log_price,-0.10333
MED00178,4,log_price,-0.03994
MED00179,4,log_price,-0.04993
MED00180,4,log_price,0.00721
MED00181,4,log_price,0.00103
MED00182,4,log_price,-0.04777
MED00183,4,log_price,0.00735
MED00184,4,log_price,-0.05961
MED00185,4,log_price,0.01984
MED00186,4,log_price,0.00509
MED00187,4,log_price,-0.03974
MED00188,4,log_price,-0.00446
MED00189,4,log_price,-0.0873
MED00190,4,log_price,0.00715
MED00191,4,log_price,-0.01114
MED00192,4,log_price,-0.24119
MED00193,4,log_price,-0.45923
MED00194,4,log_price,0.0024
MED00195,4,log_price,-0.01586
MED00196,4,log_price,-0.01044
MED00197,4,log_price,-0.01605
MED00198,4,log_price,-0.00483
MED00199,4,log_price,-0.0206
MED00200,4,log_price,0.00193
MED00201,4,log_price,-0.00818
MED00202,4,log_price,-0.00563
MED00203,4,log_price,0.03221
MED00204,4,log_price,-0.00825
MED00205,4,log_price,0.0008
MED00206,4,log_price,0.01697
MED00207,4,log_price,-0.00765
MED00208,4,log_price,0.00469
MED00209,4,log_price,0.03665
MED00210,4,log_price,0.00542
MED00211,4,log_price,0.00194
MED00212,4,log_price,-0.00735
MED00213,4,log_price,0.00862
MED00214,4,log_price,0.0007
MED00215,4,log_price,-0.00587
MED00216,4,log_price,-0.2111
MED00217,4,log_price,-0.07032
MED00218,4,log_price,-0.00864
MED00219,4,log_price,-0.00685
MED00220,4,log_price,-0.00644
MED00221,4,log_price,-0.03218
MED00222,4,log_price,0.01922
MED00223,4,log_price,0.00409
MED00224,4,log_price,0.00831
MED00225,4,log_price,-0.00019
MED00226,4,log_price,-0.00406
MED00227,4,log_price,0.01791
MED00228,4,log_price,0.01457
MED00229,4,log_price,-0.12797
MED00230,4,log_price,0.01054
MED00231,4,log_price,0.0099
MED00232,4,log_price,0.00727
MED00233,4,log_price,-0.04919
MED00234,4,log_price,0.00605
MED00235,4,log_price,-0.01247
MED00236,4,log_price,0.0119
MED00237,4,log_price,0.00811
MED00238,4,log_price,0.02421
MED00239,4,log_price,0.00704
MED00240,4,log_price,0.01426
MED00241,4,log_price,-0.00825
MED00242,4,log_price,-0.01623
MED00243,4,log_price,-0.26638
MED00244,4,log_price,0.00818
MED00245,4,log_price,-0.0018
MED00246,4,log_price,-0.00939
MED00247,4,log_price,-0.00052
MED00248,4,log_price,-0.01126
MED00249,4,log_price,-0.04935
MED00250,4,log_price,0.00198
MED00251,4,log_price,0.00349
MED00252,4,log_price,0.04012
MED00253,4,log_price,-0.01149
MED00254,4,log_price,0.03632
MED00255,4,log_price,-0.02149
MED00256,4,log_price,0.00014
MED00257,4,log_price,0.00174
MED00258,4,log_price,-0.00183
MED00260,4,log_price,-0.03904
MED00261,4,log_price,-0.02988
MED00262,4,log_price,-0.02837
MED00263,4,log_price,-0.00288
MED00264,4,log_price,-0.15023
MED00265,4,log_price,-0.00148
MED00266,4,log_price,0.01207
MED00267,4,log_price,-0.00485
MED00268,4,log_price,-0.00597
MED00269,4,log_price,0.00738
MED00270,4,log_price,0.00915
MED00271,4,log_price,-0.00018
MED00272,4,log_price,0.00017
MED00273,4,log_price,-0.01263
MED00274,4,log_price,-0.05199
MED00275,4,log_price,-0.00777
MED00276,4,log_price,0.00606
MED00277,4,log_price,-0.09317
MED00278,4,log_price,0.00511
MED00279,4,log_price,-0.01477
MED00280,4,log_price,-0.0807
MED00281,4,log_price,-0.0086
MED00282,4,log_price,0.01212
MED00283,4,log_price,-0.00205
MED00284,4,log_price,0.03059
MED00285,4,log_price,-0.0055
MED00286,4,log_price,-0.00025
MED00287,4,log_price,0.00813
MED00288,4,log_price,-0.01028
MED00289,4,log_price,-0.01038
MED00290,4,log_price,0.00048
MED00291,4,log_price,0.00607
MED00292,4,log_price,-0.0433
MED00293,4,log_price,-0.02903
MED00294,4,log_price,-0.01345
MED00295,4,log_price,-0.03612
MED00296,4,log_price,0.00182
MED00297,4,log_price,-0.00806
MED00298,4,log_price,0.0044
MED00299,4,log_price,-0.07679
MED00300,4,log_price,0.0004
MED00301,4,log_price,0.02864
MED00302,4,log_price,0.00406
MED00303,4,log_price,-0.02387
MED00304,4,log_price,-0.01329
MED00305,4,log_price,-0.00409
MED00306,4,log_price,-0.07748
MED00307,4,log_price,0.00632
MED00308,4,log_price,0.00683
MED00309,4,log_price,-0.04909
MED00310,4,log_price,0.01083
MED00311,4,log_price,-0.00691
MED00312,4,log_price,-0.00055
MED00313,4,log_price,-0.08372
MED00314,4,log_price,-0.04841
MED00315,4,log_price,-0.00255
MED00316,4,log_price,-0.0027
MED00317,4,log_price,0.00783
MED00318,4,log_price,0.03306
MED00319,4,log_price,-0.00388
MED00320,4,log_price,-0.01692
MED00321,4,log_price,-0.03514
MED00322,4,log_price,-0.10135
MED00323,4,log_price,-0.07427
MED00324,4,log_price,-0.01941
MED00325,4,log_price,-0.00616
MED00326,4,log_price,-0.00574
MED00327,4,log_price,-0.00222
MED00328,4,log_price,0.00283
MED00329,4,log_price,0.0011
MED00330,4,log_price,0.00393
MED00331,4,log_price,0.00443
MED00332,4,log_price,-0.00302
MED00333,4,log_price,0.03524
MED00334,4,log_price,-0.02641
MED00335,4,log_price,0.00115
MED00336,4,log_price,0.06707
MED00337,4,log_price,0.01726
MED00338,4,log_price,-0.00296
MED00339,4,log_price,-0.03792
MED00340,4,log_price,0.02301
MED00341,4,log_price,0.00118
MED00342,4,log_price,0.01015
MED00343,4,log_price,-0.00379
MED00344,4,log_price,-0.02512
MED00345,4,log_price,-0.09097
MED00346,4,log_price,0.0023
MED00347,4,log_price,-0.13132
MED00348,4,log_price,-0.00535
MED00349,4,log_price,0.0098
MED00350,4,log_price,-0.01311
MED00351,4,log_price,-0.04027
MED00352,4,log_price,-0.22065
MED00353,4,log_price,0.00169
MED00354,4,log_price,0.02925
MED00355,4,log_price,-0.00705
MED00356,4,log_price,0.00208
MED00357,4,log_price,-0.0304
MED00358,4,log_price,0.00203
MED00359,4,log_price,-0.01135
MED00360,4,log_price,-0.04607
MED00361,4,log_price,0.00858
MED00362,4,log_price,0.00927
MED00363,4,log_price,0.00334
MED00364,4,log_price,-0.1454
MED00365,4,log_price,-0.01598
MED00366,4,log_price,0.00098
MED00367,4,log_price,-0.00969
MED00368,4,log_price,0.00303
MED00369,4,log_price,0.01178
MED00370,4,log_price,-0.03598
MED00371,4,log_price,0.00311
MED00372,4,log_price,-0.04577
MED00373,4,log_price,-0.05832
MED00374,4,log_price,-0.00448
MED00375,4,log_price,-0.00768
MED00376,4,log_price,0.00512
MED00377,4,log_price,-0.10166
MED00378,4,log_price,-0.01263
MED00379,4,log_price,-0.04353
MED00380,4,log_price,0.00811
MED00381,4,log_price,0.01196
MED00382,4,log_price,-0.00489
MED00383,4,log_price,-0.00553
MED00384,4,log_price,-0.00616
MED00385,4,log_price,-0.00461
MED00386,4,log_price,-0.00941
MED00387,4,log_price,-0.00863
MED00388,4,log_price,0.08116
MED00389,4,log_price,-0.00361
MED00390,4,log_price,-0.01553
MED00391,4,log_price,0.00207
MED00392,4,log_price,0.00168
MED00393,4,log_price,0.00358
MED00394,4,log_price,-0.00122
MED00395,4,log_price,-0.00121
MED00396,4,log_price,-0.01832
MED00397,4,log_price,-0.01507
MED00398,4,log_price,0.00896
MED00399,4,log_price,-0.00833
MED00400,4,log_price,0.01842
MED00401,4,log_price,0.00426
MED00402,4,log_price,0.00443
MED00404,4,log_price,0.00364
MED00405,4,log_price,-0.00028
MED00406,4,log_price,0.00805
MED00407,4,log_price,-0.0054
MED00408,4,log_price,-0.00726
MED00409,4,log_price,-0.02275
MED00410,4,log_price,-0.00483
MED00411,4,log_price,-0.00278
MED00412,4,log_price,0.00322
MED00413,4,log_price,-0.01913
MED00414,4,log_price,0.00016
MED00415,4,log_price,0.00132
MED00416,4,log_price,-0.00287
MED00417,4,log_price,-0.00033
MED00418,4,log_price,0.00142
MED00419,4,log_price,-0.00578
MED00420,4,log_price,-0.00242
MED00421,4,log_price,0.00926
MED00422,4,log_price,0.00233
MED00423,4,log_price,-0.00243
MED00424,4,log_price,0.008
MED00002,5,log_price,-0.40375
MED00003,5,log_price,-0.0609
MED00004,5,log_price,-0.07389
MED00005,5,log_price,0.01844
MED00006,5,log_price,0.01635
MED00007,5,log_price,0.11906
MED00008,5,log_price,-0.07905
MED00009,5,log_price,0.00324
MED00010,5,log_price,-0.1084
MED00011,5,log_price,0.05099
MED00012,5,log_price,-0.00525
MED00013,5,log_price,0.00029
MED00014,5,log_price,-0.00158
MED00015,5,log_price,-0.05558
MED00016,5,log_price,-0.00347
MED00017,5,log_price,0.00601
MED00018,5,log_price,0.01749
MED00019,5,log_price,0.01411
MED00020,5,log_price,-0.01075
MED00021,5,log_price,-0.00278
MED00022,5,log_price,0.00536
MED00023,5,log_price,0.01222
MED00024,5,log_price,-0.0083
MED00025,5,log_price,-0.19858
MED00026,5,log_price,-0.01745
MED00027,5,log_price,-0.10836
MED00028,5,log_price,-0.06908
MED00029,5,log_price,-0.00407
MED00030,5,log_price,0.01897
MED00031,5,log_price,-0.011
MED00032,5,log_price,0.00847
MED00033,5,log_price,-0.00473
MED00034,5,log_price,0.01718
MED00035,5,log_price,-0.05224
MED00036,5,log_price,-0.06537
MED00037,5,log_price,-0.01604
MED00038,5,log_price,-0.00417
MED00039,5,log_price,0.0132
MED00040,5,log_price,-0.02631
MED00041,5,log_price,-0.00482
MED00042,5,log_price,-0.00188
MED00043,5,log_price,-0.04764
MED00044,5,log_price,0.00489
MED00045,5,log_price,0.01396
MED00046,5,log_price,-0.00383
MED00047,5,log_price,-0.00338
MED00048,5,log_price,-0.00574
MED00049,5,log_price,-0.07955
MED00050,5,log_price,0.00981
MED00051,5,log_price,-0.34619
MED00052,5,log_price,-0.05607
MED00053,5,log_price,-0.01806
MED00054,5,log_price,-0.0105
MED00055,5,log_price,-0.05301
MED00056,5,log_price,0.00058
MED00057,5,log_price,-0.06334
MED00058,5,log_price,0.01785
MED00059,5,log_price,-0.00422
MED00060,5,log_price,0.00119
MED00061,5,log_price,-0.04594
MED00062,5,log_price,0.00947
MED00063,5,log_price,-0.16649
MED00064,5,log_price,-0.02618
MED00065,5,log_price,-0.0173
MED00066,5,log_price,-0.05756
MED00067,5,log_price,-0.00333
MED00068,5,log_price,0.00623
MED00069,5,log_price,0.00157
MED00070,5,log_price,-0.01479
MED00071,5,log_price,0.01102
MED00072,5,log_price,-0.00296
MED00073,5,log_price,-0.00246
MED00074,5,log_price,0.0063
MED00075,5,log_price,-0.00423
MED00076,5,log_price,-0.05837
MED00077,5,log_price,-0.01142
MED00078,5,log_price,0.01142
MED00079,5,log_price,-0.00475
MED00080,5,log_price,-0.00337
MED00081,5,log_price,-0.16009
MED00082,5,log_price,0.00645
MED00083,5,log_price,-0.00673
MED00084,5,log_price,0.0332
MED00085,5,log_price,0.00628
MED00086,5,log_price,0.03612
MED00087,5,log_price,0.00046
MED00088,5,log_price,-0.00296
MED00089,5,log_price,0.0159
MED00090,5,log_price,-0.01337
MED00091,5,log_price,-0.00777
MED00092,5,log_price,-0.00762
MED00093,5,log_price,-0.00898
MED00094,5,log_price,-0.02902
MED00095,5,log_price,-0.00099
MED00096,5,log_price,-0.01052
MED00097,5,log_price,0.01097
MED00098,5,log_price,-0.00114
MED00099,5,log_price,-0.03038
MED00100,5,log_price,-0.12615
MED00101,5,log_price,0.02582
MED00102,5,log_price,-0.0367
MED00103,5,log_price,0.01297
MED00104,5,log_price,-0.00374
MED00105,5,log_price,-0.00314
MED00106,5,log_price,-0.13138
MED00107,5,log_price,-0.00028
MED00108,5,log_price,-0.00263
MED00109,5,log_price,0.02851
MED00110,5,log_price,-0.03972
MED00111,5,log_price,-0.0796
MED00112,5,log_price,-0.00362
MED00113,5,log_price,-0.01114
MED00114,5,log_price,-0.02077
MED00115,5,log_price,0.00279
MED00116,5,log_price,0.01047
MED00117,5,log_price,0.00803
MED00118,5,log_price,0.00979
MED00119,5,log_price,-0.00944
MED00120,5,log_price,-0.0013
MED00121,5,log_price,-0.00446
MED00122,5,log_price,-0.00548
MED00123,5,log_price,-0.06703
MED00124,5,log_price,-0.00423
MED00125,5,log_price,-0.08077
MED00126,5,log_price,-0.05341
MED00127,5,log_price,0.0023
MED00128,5,log_price,-0.00368
MED00129,5,log_price,0.02501
MED00130,5,log_price,-0.07956
MED00131,5,log_price,-0.00666
MED00132,5,log_price,-0.04399
MED00133,5,log_price,0.01171
MED00134,5,log_price,0.00084
MED00135,5,log_price,0.02387
MED00136,5,log_price,-0.00938
MED00137,5,log_price,-0.01976
MED00138,5,log_price,-0.00563
MED00139,5,log_price,0.01123
MED00140,5,log_price,-0.00782
MED00141,5,log_price,-0.04366
MED00142,5,log_price,-0.02376
MED00143,5,log_price,0.00632
MED00144,5,log_price,0.00434
MED00145,5,log_price,-0.03979
MED00146,5,log_price,0.05608
MED00147,5,log_price,0.00728
MED00148,5,log_price,-0.00137
MED00149,5,log_price,0.0429
MED00150,5,log_price,0.00706
MED00151,5,log_price,-0.0092
MED00152,5,log_price,0.00717
MED00153,5,log_price,0.00807
MED00154,5,log_price,0.01618
MED00155,5,log_price,-0.01462
MED00156,5,log_price,0.00712
MED00157,5,log_price,-0.00158
MED00158,5,log_price,-0.03793
MED00159,5,log_price,-0.00234
MED00160,5,log_price,-0.00459
MED00161,5,log_price,0.00112
MED00162,5,log_price,-0.00014
MED00163,5,log_price,-0.06412
MED00164,5,log_price,-0.00438
MED00165,5,log_price,0.02241
MED00166,5,log_price,0.00456
MED00167,5,log_price,0.0038
MED00168,5,log_price,0.01655
MED00169,5,log_price,-0.00682
MED00170,5,log_price,-0.00292
MED00171,5,log_price,0.00088
MED00172,5,log_price,0.00664
MED00173,5,log_price,0.00923
MED00174,5,log_price,-0.02529
MED00175,5,log_price,-0.04927
MED00176,5,log_price,-0.00372
MED00177,5,log_price,-0.07457
MED00178,5,log_price,-0.03542
MED00179,5,log_price,-0.04542
MED00180,5,log_price,0.0094
MED00181,5,log_price,0.00439
MED00182,5,log_price,-0.07158
MED00183,5,log_price,0.01077
MED00184,5,log_price,-0.06892
MED00185,5,log_price,-0.00172
MED00186,5,log_price,0.00789
MED00187,5,log_price,-0.00539
MED00188,5,log_price,-0.00457
MED00189,5,log_price,-0.07429
MED00190,5,log_price,0.00595
MED00191,5,log_price,-0.01255
MED00192,5,log_price,-0.22254
MED00193,5,log_price,-0.4431
MED00194,5,log_price,0.00449
MED00195,5,log_price,-0.01475
MED00196,5,log_price,-0.01045
MED00197,5,log_price,-0.01761
MED00198,5,log_price,-0.00274
MED00199,5,log_price,-0.01376
MED00200,5,log_price,0.00898
MED00201,5,log_price,-0.01274
MED00202,5,log_price,-0.00077
MED00203,5,log_price,0.00163
MED00204,5,log_price,-0.00455
MED00205,5,log_price,-0.00036
MED00206,5,log_price,0.00735
MED00207,5,log_price,-0.00691
MED00208,5,log_price,0.00517
MED00209,5,log_price,0.03031
MED00210,5,log_price,0.01536
MED00211,5,log_price,0.00501
MED00212,5,log_price,-0.00236
MED00213,5,log_price,-0.0075
MED00214,5,log_price,-0.0017
MED00215,5,log_price,-0.00115
MED00216,5,log_price,-0.19371
MED00217,5,log_price,-0.04341
MED00218,5,log_price,-0.00699
MED00219,5,log_price,-0.00954
MED00220,5,log_price,-0.00252
MED00221,5,log_price,-0.00524
MED00222,5,log_price,0.01452
MED00223,5,log_price,0.00826
MED00224,5,log_price,0.01204
MED00225,5,log_price,-0.00227
MED00226,5,log_price,0.00407
MED00227,5,log_price,0.02048
MED00228,5,log_price,0.01223
MED00229,5,log_price,-0.13515
MED00230,5,log_price,0.01129
MED00231,5,log_price,0.01206
MED00232,5,log_price,0.01165
MED00233,5,log_price,-0.04224
MED00234,5,log_price,0.00424
MED00235,5,log_price,-0.01095
MED00236,5,log_price,0.01426
MED00237,5,log_price,-0.00212
MED00238,5,log_price,0.01013
MED00239,5,log_price,0.00736
MED00240,5,log_price,-0.00243
MED00241,5,log_price,-0.00699
MED00242,5,log_price,-0.01422
MED00243,5,log_price,-0.24492
MED00244,5,log_price,0.01024
MED00246,5,log_price,-0.00747
MED00247,5,log_price,-0.00262
MED00248,5,log_price,-0.00464
MED00249,5,log_price,-0.05342
MED00250,5,log_price,0.00109
MED00251,5,log_price,0.00336
MED00252,5,log_price,0.03987
MED00253,5,log_price,-0.00874
MED00254,5,log_price,0.03769
MED00255,5,log_price,-0.01122
MED00256,5,log_price,-0.00011
MED00257,5,log_price,0.01038
MED00258,5,log_price,0.00247
MED00259,5,log_price,-0.0014
MED00260,5,log_price,-0.04932
MED00261,5,log_price,-0.02872
MED00262,5,log_price,-0.01077
MED00263,5,log_price,-0.00619
MED00264,5,log_price,-0.15234
MED00265,5,log_price,-0.00017
MED00266,5,log_price,0.01472
MED00267,5,log_price,-0.00016
MED00268,5,log_price,0.00062
MED00269,5,log_price,0.00437
MED00270,5,log_price,0.00579
MED00271,5,log_price,0.00518
MED00272,5,log_price,0.00193
MED00273,5,log_price,-0.00556
MED00274,5,log_price,-0.05616
MED00275,5,log_price,-0.0086
MED00276,5,log_price,0.004
MED00277,5,log_price,-0.075
MED00278,5,log_price,0.0061
MED00279,5,log_price,-0.01998
MED00280,5,log_price,-0.05998
MED00281,5,log_price,-0.00415
MED00282,5,log_price,0.00758
MED00283,5,log_price,-0.00168
MED00284,5,log_price,0.00221
MED00285,5,log_price,-0.00637
MED00286,5,log_price,-0.00793
MED00287,5,log_price,0.00402
MED00288,5,log_price,-0.0087
MED00289,5,log_price,-0.00836
MED00290,5,log_price,0.00024
MED00291,5,log_price,0.01409
MED00292,5,log_price,-0.03823
MED00293,5,log_price,-0.00713
MED00294,5,log_price,0.00528
MED00295,5,log_price,-0.06485
MED00296,5,log_price,0.00038
MED00297,5,log_price,-0.00684
MED00298,5,log_price,-0.00056
MED00299,5,log_price,-0.07553
MED00300,5,log_price,0.00377
MED00301,5,log_price,0.02399
MED00302,5,log_price,-0.00222
MED00303,5,log_price,-0.00042
MED00304,5,log_price,0.00636
MED00305,5,log_price,0.00353
MED00306,5,log_price,-0.0748
MED00307,5,log_price,0.00565
MED00308,5,log_price,0.00826
MED00309,5,log_price,-0.02966
MED00310,5,log_price,0.00993
MED00311,5,log_price,-0.00802
MED00312,5,log_price,0.00865
MED00313,5,log_price,-0.06669
MED00314,5,log_price,-0.05124
MED00316,5,log_price,0.00284
MED00317,5,log_price,0.00951
MED00318,5,log_price,0.00119
MED00319,5,log_price,-0.00578
MED00320,5,log_price,-0.01209
MED00321,5,log_price,-0.03814
MED00322,5,log_price,-0.07887
MED00323,5,log_price,-0.07319
MED00324,5,log_price,0.00462
MED00325,5,log_price,-0.00678
MED00326,5,log_price,-0.00444
MED00327,5,log_price,-0.0044
MED00328,5,log_price,0.00208
MED00329,5,log_price,-0.00168
MED00330,5,log_price,0.00419
MED00331,5,log_price,0.00333
MED00332,5,log_price,-0.00105
MED00333,5,log_price,0.0148
MED00334,5,log_price,-0.02651
MED00335,5,log_price,0.00362
MED00336,5,log_price,0.07107
MED00337,5,log_price,0.01728
MED00338,5,log_price,-0.00318
MED00339,5,log_price,-0.01426
MED00340,5,log_price,0.02985
MED00341,5,log_price,-0.00264
MED00342,5,log_price,0.00961
MED00343,5,log_price,-0.00584
MED00344,5,log_price,-0.01946
MED00345,5,log_price,-0.06463
MED00346,5,log_price,0.00381
MED00347,5,log_price,-0.09864
MED00348,5,log_price,0.00442
MED00349,5,log_price,0.00688
MED00350,5,log_price,-0.01044
MED00351,5,log_price,-0.04467
MED00352,5,log_price,-0.24019
MED00353,5,log_price,-0.00076
MED00354,5,log_price,0.03324
MED00355,5,log_price,-0.00039
MED00356,5,log_price,0.00304
MED00357,5,log_price,-0.03705
MED00358,5,log_price,-0.00165
MED00359,5,log_price,-0.00943
MED00360,5,log_price,-0.02093
MED00361,5,log_price,0.00517
MED00362,5,log_price,0.00542
MED00363,5,log_price,0.0029
MED00364,5,log_price,-0.11156
MED00365,5,log_price,-0.01488
MED00366,5,log_price,-0.00116
MED00367,5,log_price,-0.00742
MED00368,5,log_price,0.00509
MED00369,5,log_price,-0.00666
MED00370,5,log_price,-0.03703
MED00371,5,log_price,0.00325
MED00372,5,log_price,-0.04083
MED00373,5,log_price,-0.06291
MED00374,5,log_price,-0.0085
MED00375,5,log_price,-0.00761
MED00376,5,log_price,0.00706
MED00377,5,log_price,-0.09531
MED00378,5,log_price,-0.01364
MED00379,5,log_price,-0.05188
MED00380,5,log_price,0.00551
MED00381,5,log_price,0.00856
MED00382,5,log_price,-0.00377
MED00383,5,log_price,-0.00551
MED00384,5,log_price,-0.00254
MED00385,5,log_price,-0.00594
MED00386,5,log_price,-0.01049
MED00387,5,log_price,-0.00594
MED00388,5,log_price,0.07321
MED00389,5,log_price,0.00223
MED00390,5,log_price,-0.01254
MED00391,5,log_price,0.00211
MED00392,5,log_price,0.00171
MED00393,5,log_price,0.00212
MED00394,5,log_price,-0.00358
MED00395,5,log_price,-0.00418
MED00396,5,log_price,-0.0193
MED00397,5,log_price,-0.01462
MED00398,5,log_price,0.00983
MED00399,5,log_price,-0.00669
MED00400,5,log_price,0.02132
MED00401,5,log_price,-0.00685
MED00402,5,log_price,0.0183
MED00403,5,log_price,-0.00343
MED00404,5,log_price,0.00493
MED00405,5,log_price,0.00076
MED00406,5,log_price,0.00846
MED00407,5,log_price,-0.00477
MED00408,5,log_price,-0.01285
MED00409,5,log_price,-0.027
MED00410,5,log_price,-0.00486
MED00411,5,log_price,-0.00403
MED00413,5,log_price,-0.02649
MED00414,5,log_price,-0.00161
MED00415,5,log_price,-0.00323
MED00416,5,log_price,0.00179
MED00417,5,log_price,-0.00247
MED00418,5,log_price,-0.00222
MED00419,5,log_price,-0.00398
MED00420,5,log_price,-0.00042
MED00421,5,log_price,0.013
MED00422,5,log_price,0.00195
MED00423,5,log_price,-0.00482
MED00424,5,log_price,0.00898
MED00001,6,log_price,0.00076
MED00002,6,log_price,-0.40393
MED00003,6,log_price,-0.05568
MED00004,6,log_price,-0.04399
MED00005,6,log_price,0.01934
MED00006,6,log_price,0.01062
MED00007,6,log_price,0.11056
MED00008,6,log_price,-0.08028
MED00009,6,log_price,0.0041
MED00010,6,log_price,-0.0814
MED00011,6,log_price,0.01024
MED00012,6,log_price,-0.01184
MED00013,6,log_price,0.00057
MED00014,6,log_price,0.00117
MED00015,6,log_price,-0.05542
MED00016,6,log_price,-0.00301
MED00017,6,log_price,0.00652
MED00018,6,log_price,0.01744
MED00019,6,log_price,0.01582
MED00020,6,log_price,-0.0125
MED00021,6,log_price,-0.00175
MED00022,6,log_price,0.0037
MED00023,6,log_price,0.00683
MED00024,6,log_price,-0.00898
MED00025,6,log_price,-0.23822
MED00026,6,log_price,-0.00723
MED00027,6,log_price,-0.09598
MED00028,6,log_price,-0.06904
MED00029,6,log_price,-0.00375
MED00030,6,log_price,0.01699
MED00031,6,log_price,-0.01123
MED00032,6,log_price,0.00759
MED00033,6,log_price,-0.00946
MED00034,6,log_price,0.01762
MED00035,6,log_price,-0.04993
MED00036,6,log_price,-0.04304
MED00037,6,log_price,-0.01228
MED00038,6,log_price,-0.00406
MED00039,6,log_price,0.00502
MED00040,6,log_price,-0.02487
MED00041,6,log_price,0.01595
MED00042,6,log_price,-0.01071
MED00043,6,log_price,-0.04092
MED00044,6,log_price,0.01193
MED00045,6,log_price,0.00846
MED00046,6,log_price,-0.0023
MED00047,6,log_price,-0.00291
MED00048,6,log_price,-0.00492
MED00049,6,log_price,-0.07477
MED00050,6,log_price,0.00284
MED00051,6,log_price,-0.39726
MED00052,6,log_price,-0.05542
MED00053,6,log_price,-0.01429
MED00054,6,log_price,-0.00528
MED00055,6,log_price,-0.04915
MED00056,6,log_price,0.00286
MED00057,6,log_price,-0.06705
MED00058,6,log_price,0.01184
MED00059,6,log_price,-0.00373
MED00060,6,log_price,0.002
MED00061,6,log_price,-0.04537
MED00062,6,log_price,0.00987
MED00063,6,log_price,-0.2228
MED00064,6,log_price,-0.03092
MED00065,6,log_price,-0.01582
MED00066,6,log_price,-0.05734
MED00067,6,log_price,-0.00393
MED00068,6,log_price,0.01239
MED00069,6,log_price,-0.00287
MED00070,6,log_price,-0.01112
MED00071,6,log_price,0.01593
MED00072,6,log_price,-0.0029
MED00073,6,log_price,-0.0045
MED00074,6,log_price,0.01347
MED00075,6,log_price,-0.00388
MED00076,6,log_price,-0.05831
MED00077,6,log_price,-0.01107
MED00078,6,log_price,0.00375
MED00079,6,log_price,-0.00593
MED00080,6,log_price,-0.00461
MED00081,6,log_price,-0.15838
MED00082,6,log_price,0.00484
MED00083,6,log_price,-0.00836
MED00084,6,log_price,0.01112
MED00085,6,log_price,0.00658
MED00086,6,log_price,0.02953
MED00087,6,log_price,-0.00402
MED00088,6,log_price,-0.0011
MED00089,6,log_price,0.01506
MED00090,6,log_price,-0.01184
MED00091,6,log_price,-0.00741
MED00092,6,log_price,-0.00743
MED00093,6,log_price,-0.00819
MED00094,6,log_price,-0.02776
MED00095,6,log_price,-0.00105
MED00096,6,log_price,-0.00937
MED00097,6,log_price,0.00618
MED00098,6,log_price,0.00053
MED00099,6,log_price,-0.00878
MED00100,6,log_price,-0.17682
MED00101,6,log_price,-0.00889
MED00102,6,log_price,-0.03588
MED00103,6,log_price,0.0059
MED00104,6,log_price,-0.00328
MED00105,6,log_price,-0.00235
MED00106,6,log_price,-0.18773
MED00107,6,log_price,0.00054
MED00108,6,log_price,-0.00233
MED00109,6,log_price,0.0207
MED00110,6,log_price,-0.04545
MED00111,6,log_price,-0.07717
MED00112,6,log_price,-0.00268
MED00113,6,log_price,-0.01083
MED00114,6,log_price,0.01009
MED00116,6,log_price,0.00587
MED00117,6,log_price,0.00214
MED00118,6,log_price,0.00951
MED00119,6,log_price,-0.00913
MED00120,6,log_price,-0.00474
MED00121,6,log_price,-0.0041
MED00122,6,log_price,-0.00513
MED00123,6,log_price,-0.06126
MED00124,6,log_price,-0.0048
MED00125,6,log_price,-0.07575
MED00126,6,log_price,-0.02391
MED00127,6,log_price,-0.00775
MED00128,6,log_price,-0.00338
MED00129,6,log_price,0.01616
MED00130,6,log_price,-0.07479
MED00131,6,log_price,-0.0072
MED00132,6,log_price,-0.03088
MED00133,6,log_price,0.01666
MED00134,6,log_price,0.03203
MED00135,6,log_price,0.02352
MED00136,6,log_price,-0.00726
MED00137,6,log_price,-0.01923
MED00138,6,log_price,-0.00565
MED00139,6,log_price,0.00214
MED00140,6,log_price,-0.00764
MED00141,6,log_price,-0.01166
MED00142,6,log_price,-0.02823
MED00143,6,log_price,0.00683
MED00144,6,log_price,0.00209
MED00145,6,log_price,-0.03922
MED00146,6,log_price,0.04722
MED00147,6,log_price,0.0005
MED00148,6,log_price,-0.00078
MED00149,6,log_price,0.02875
MED00150,6,log_price,0.0003
MED00151,6,log_price,-0.00941
MED00152,6,log_price,0.0074
MED00153,6,log_price,0.0044
MED00154,6,log_price,0.01744
MED00155,6,log_price,-0.01412
MED00156,6,log_price,0.00759
MED00157,6,log_price,-0.0011
MED00158,6,log_price,-0.02555
MED00159,6,log_price,-0.00395
MED00160,6,log_price,-0.0042
MED00161,6,log_price,0.00098
MED00162,6,log_price,-0.00575
MED00163,6,log_price,-0.05784
MED00164,6,log_price,-0.00878
MED00165,6,log_price,0.02299
MED00166,6,log_price,-0.00204
MED00167,6,log_price,0.00418
MED00168,6,log_price,0.01035
MED00169,6,log_price,-0.01371
MED00170,6,log_price,-0.00276
MED00171,6,log_price,0.00101
MED00172,6,log_price,0.00703
MED00173,6,log_price,0.00457
MED00174,6,log_price,-0.02554
MED00175,6,log_price,-0.03303
MED00176,6,log_price,-0.00554
MED00177,6,log_price,-0.11505
MED00178,6,log_price,-0.03362
MED00179,6,log_price,-0.02455
MED00180,6,log_price,0.00445
MED00181,6,log_price,-0.0006
MED00182,6,log_price,-0.05905
MED00183,6,log_price,0.00738
MED00184,6,log_price,-0.04877
MED00185,6,log_price,-0.00133
MED00186,6,log_price,0.00518
MED00187,6,log_price,-0.00523
MED00188,6,log_price,-0.00416
MED00189,6,log_price,-0.06939
MED00190,6,log_price,0.00247
MED00191,6,log_price,-0.03252
MED00192,6,log_price,-0.21924
MED00193,6,log_price,-0.43989
MED00194,6,log_price,0.0075
MED00195,6,log_price,-0.01897
MED00196,6,log_price,-0.0124
MED00197,6,log_price,-0.01469
MED00198,6,log_price,-0.0027
MED00199,6,log_price,-0.01134
MED00200,6,log_price,0.00164
MED00201,6,log_price,-0.01167
MED00202,6,log_price,-0.00567
MED00203,6,log_price,0.00221
MED00204,6,log_price,-0.01087
MED00205,6,log_price,0.00014
MED00206,6,log_price,0.00754
MED00207,6,log_price,-0.00696
MED00208,6,log_price,0.00596
MED00209,6,log_price,0.02919
MED00210,6,log_price,0.01611
MED00212,6,log_price,-0.00659
MED00213,6,log_price,0.01271
MED00214,6,log_price,-0.00126
MED00215,6,log_price,-0.00532
MED00216,6,log_price,-0.24091
MED00217,6,log_price,-0.04331
MED00218,6,log_price,-0.00621
MED00219,6,log_price,-0.00873
MED00220,6,log_price,-0.00684
MED00221,6,log_price,-0.00149
MED00222,6,log_price,0.01456
MED00223,6,log_price,0.00263
MED00224,6,log_price,0.00606
MED00225,6,log_price,-0.0018
MED00226,6,log_price,-0.00233
MED00227,6,log_price,0.02329
MED00228,6,log_price,0.0127
MED00229,6,log_price,-0.12323
MED00230,6,log_price,0.01426
MED00231,6,log_price,0.01221
MED00232,6,log_price,0.00197
MED00233,6,log_price,-0.04165
MED00234,6,log_price,0.00439
MED00235,6,log_price,-0.00987
MED00236,6,log_price,0.00881
MED00237,6,log_price,-0.00178
MED00238,6,log_price,0.00546
MED00239,6,log_price,0.00752
MED00240,6,log_price,-0.00338
MED00241,6,log_price,-0.01231
MED00242,6,log_price,-0.01146
MED00243,6,log_price,-0.24655
MED00244,6,log_price,0.00613
MED00246,6,log_price,-0.00704
MED00247,6,log_price,-0.00221
MED00248,6,log_price,-0.00508
MED00249,6,log_price,0.00046
MED00250,6,log_price,0.01014
MED00251,6,log_price,0.00345
MED00252,6,log_price,0.04018
MED00253,6,log_price,-0.00922
MED00254,6,log_price,0.03794
MED00255,6,log_price,-0.01139
MED00257,6,log_price,0.01354
MED00258,6,log_price,0.00239
MED00259,6,log_price,-0.00105
MED00260,6,log_price,-0.04962
MED00261,6,log_price,-0.00193
MED00262,6,log_price,-0.00495
MED00263,6,log_price,-0.00681
MED00264,6,log_price,-0.125
MED00265,6,log_price,0.00033
MED00266,6,log_price,0.01354
MED00267,6,log_price,0.00051
MED00268,6,log_price,0.00086
MED00269,6,log_price,0.00494
MED00270,6,log_price,0.00594
MED00271,6,log_price,0.00796
MED00272,6,log_price,-0.00494
MED00273,6,log_price,-0.00551
MED00274,6,log_price,-0.06268
MED00275,6,log_price,-0.00793
MED00276,6,log_price,0.00417
MED00277,6,log_price,-0.06883
MED00278,6,log_price,0.00652
MED00279,6,log_price,0.01061
MED00280,6,log_price,-0.05992
MED00281,6,log_price,-0.00387
MED00282,6,log_price,0.00476
MED00283,6,log_price,-0.00943
MED00284,6,log_price,0.00038
MED00285,6,log_price,-0.006
MED00286,6,log_price,-0.00743
MED00287,6,log_price,0.00489
MED00288,6,log_price,-0.00761
MED00289,6,log_price,-0.00991
MED00290,6,log_price,0.00049
MED00291,6,log_price,-0.05552
MED00292,6,log_price,-0.03803
MED00293,6,log_price,-0.00524
MED00294,6,log_price,-0.00495
MED00295,6,log_price,-0.05325
MED00296,6,log_price,-0.00059
MED00297,6,log_price,-0.00612
MED00298,6,log_price,0.00017
MED00299,6,log_price,-0.0629
MED00300,6,log_price,-0.00127
MED00301,6,log_price,0.01729
MED00302,6,log_price,-0.00276
MED00303,6,log_price,-0.0067
MED00304,6,log_price,0.00814
MED00305,6,log_price,-0.00334
MED00306,6,log_price,-0.05873
MED00307,6,log_price,0.0044
MED00308,6,log_price,0.00907
MED00309,6,log_price,0.00824
MED00310,6,log_price,0.00811
MED00311,6,log_price,-0.00803
MED00312,6,log_price,0.00642
MED00313,6,log_price,-0.06805
MED00314,6,log_price,0.01086
MED00315,6,log_price,0.00044
MED00316,6,log_price,0.0028
MED00317,6,log_price,0.0054
MED00318,6,log_price,0.00246
MED00319,6,log_price,-0.00532
MED00320,6,log_price,-0.01754
MED00321,6,log_price,-0.03366
MED00322,6,log_price,-0.07407
MED00323,6,log_price,-0.07719
MED00324,6,log_price,0.00423
MED00325,6,log_price,-0.00601
MED00326,6,log_price,-0.00426
MED00327,6,log_price,-0.00431
MED00328,6,log_price,0.0025
MED00329,6,log_price,-0.00127
MED00330,6,log_price,0.00377
MED00331,6,log_price,0.00325
MED00332,6,log_price,-0.0008
MED00333,6,log_price,0.00444
MED00334,6,log_price,-0.02417
MED00335,6,log_price,0.00477
MED00336,6,log_price,-0.01222
MED00337,6,log_price,0.02163
MED00338,6,log_price,-0.01029
MED00339,6,log_price,-0.01503
MED00340,6,log_price,0.02593
MED00341,6,log_price,-0.00235
MED00342,6,log_price,0.00755
MED00343,6,log_price,-0.00554
MED00344,6,log_price,-0.01648
MED00345,6,log_price,-0.05986
MED00346,6,log_price,0.00169
MED00347,6,log_price,-0.14922
MED00348,6,log_price,-0.01042
MED00349,6,log_price,0.0068
MED00350,6,log_price,-0.00574
MED00351,6,log_price,-0.01394
MED00352,6,log_price,-0.23531
MED00353,6,log_price,0.01839
MED00354,6,log_price,0.02228
MED00355,6,log_price,0.00099
MED00356,6,log_price,0.00327
MED00357,6,log_price,-0.03694
MED00358,6,log_price,-0.00275
MED00359,6,log_price,-0.016
MED00360,6,log_price,-0.01999
MED00361,6,log_price,0.0053
MED00362,6,log_price,0.00631
MED00363,6,log_price,0.00318
MED00364,6,log_price,-0.1622
MED00365,6,log_price,-0.01451
MED00366,6,log_price,-0.00072
MED00367,6,log_price,-0.0138
MED00368,6,log_price,0.00528
MED00369,6,log_price,-0.00554
MED00370,6,log_price,-0.04604
MED00371,6,log_price,-0.00308
MED00372,6,log_price,-0.03572
MED00373,6,log_price,-0.05866
MED00374,6,log_price,-0.00839
MED00375,6,log_price,-0.00611
MED00376,6,log_price,0.00308
MED00377,6,log_price,-0.08242
MED00378,6,log_price,-0.0406
MED00379,6,log_price,-0.04305
MED00380,6,log_price,0.00729
MED00381,6,log_price,0.00963
MED00382,6,log_price,-0.00853
MED00383,6,log_price,-0.00473
MED00384,6,log_price,-0.00253
MED00385,6,log_price,-0.00389
MED00386,6,log_price,-0.00989
MED00387,6,log_price,-0.00576
MED00388,6,log_price,0.01334
MED00389,6,log_price,0.00477
MED00390,6,log_price,-0.00831
MED00391,6,log_price,0.00783
MED00392,6,log_price,0.00241
MED00393,6,log_price,-0.00137
MED00394,6,log_price,-0.00359
MED00395,6,log_price,-0.00384
MED00396,6,log_price,-0.01796
MED00397,6,log_price,-0.0132
MED00398,6,log_price,0.02632
MED00399,6,log_price,0.01551
MED00400,6,log_price,0.02622
MED00401,6,log_price,-0.02313
MED00402,6,log_price,0.02193
MED00403,6,log_price,0.00086
MED00404,6,log_price,0.00512
MED00405,6,log_price,0.00278
MED00406,6,log_price,0.0134
MED00407,6,log_price,-0.00401
MED00408,6,log_price,-0.01364
MED00409,6,log_price,0.00799
MED00410,6,log_price,-0.00525
MED00411,6,log_price,-0.00284
MED00412,6,log_price,0.00034
MED00413,6,log_price,0.01116
MED00414,6,log_price,-0.00088
MED00415,6,log_price,-0.00284
MED00416,6,log_price,0.00408
MED00417,6,log_price,-0.00205
MED00418,6,log_price,-0.00136
MED00419,6,log_price,-0.00104
MED00420,6,log_price,1e-04
MED00421,6,log_price,0.01955
MED00422,6,log_price,0.00459
MED00423,6,log_price,-0.00367
MED00424,6,log_price,0.00249
MED00001,7,log_price,0.00056
MED00002,7,log_price,-0.41396
MED00003,7,log_price,-0.06437
MED00004,7,log_price,-0.04242
MED00005,7,log_price,0.01902
MED00006,7,log_price,0.01309
MED00007,7,log_price,0.12957
MED00008,7,log_price,-0.08832
MED00009,7,log_price,0.0024
MED00010,7,log_price,-0.07818
MED00011,7,log_price,0.0151
MED00012,7,log_price,-0.01144
MED00013,7,log_price,-0.00065
MED00014,7,log_price,-0.00057
MED00015,7,log_price,-0.06331
MED00016,7,log_price,-0.00171
MED00017,7,log_price,0.00879
MED00018,7,log_price,0.01877
MED00019,7,log_price,0.01647
MED00020,7,log_price,-0.01421
MED00021,7,log_price,-0.00292
MED00022,7,log_price,0.00453
MED00023,7,log_price,0.00926
MED00024,7,log_price,-0.0102
MED00025,7,log_price,-0.24308
MED00026,7,log_price,-0.01184
MED00027,7,log_price,-0.10049
MED00028,7,log_price,-0.07678
MED00029,7,log_price,-0.00488
MED00030,7,log_price,0.01303
MED00031,7,log_price,-0.01215
MED00032,7,log_price,0.00919
MED00033,7,log_price,-0.00947
MED00034,7,log_price,0.01612
MED00035,7,log_price,-0.05349
MED00036,7,log_price,-0.04433
MED00037,7,log_price,-0.00955
MED00038,7,log_price,-0.00347
MED00039,7,log_price,0.00404
MED00040,7,log_price,-0.01947
MED00041,7,log_price,0.01721
MED00042,7,log_price,-0.01135
MED00043,7,log_price,-0.04086
MED00044,7,log_price,0.01336
MED00045,7,log_price,0.01049
MED00046,7,log_price,-0.00274
MED00047,7,log_price,-0.00139
MED00048,7,log_price,-0.00339
MED00049,7,log_price,-0.08311
MED00050,7,log_price,0.00522
MED00051,7,log_price,-0.40441
MED00052,7,log_price,-0.06493
MED00053,7,log_price,-0.01199
MED00054,7,log_price,-0.00434
MED00055,7,log_price,-0.04528
MED00056,7,log_price,0.00524
MED00057,7,log_price,-0.06178
MED00058,7,log_price,0.01419
MED00059,7,log_price,-0.00192
MED00060,7,log_price,0.00319
MED00061,7,log_price,-0.05349
MED00062,7,log_price,0.01114
MED00063,7,log_price,-0.2314
MED00064,7,log_price,-0.02974
MED00065,7,log_price,-0.01454
MED00066,7,log_price,-0.0652
MED00067,7,log_price,-0.00244
MED00068,7,log_price,0.01303
MED00069,7,log_price,-0.00143
MED00070,7,log_price,-0.01042
MED00071,7,log_price,0.01477
MED00072,7,log_price,-0.00252
MED00073,7,log_price,-0.0043
MED00074,7,log_price,0.01415
MED00075,7,log_price,-0.00422
MED00076,7,log_price,-0.06625
MED00077,7,log_price,-0.01243
MED00078,7,log_price,-0.01069
MED00079,7,log_price,-0.00543
MED00080,7,log_price,-0.00392
MED00081,7,log_price,-0.16642
MED00082,7,log_price,0.00391
MED00083,7,log_price,-0.00966
MED00084,7,log_price,-0.00814
MED00085,7,log_price,0.0081
MED00086,7,log_price,0.03176
MED00087,7,log_price,-0.00312
MED00089,7,log_price,0.01314
MED00090,7,log_price,-0.00907
MED00091,7,log_price,-0.00546
MED00092,7,log_price,-0.00694
MED00093,7,log_price,-0.01118
MED00094,7,log_price,-0.03283
MED00095,7,log_price,-0.00238
MED00096,7,log_price,-0.00731
MED00097,7,log_price,0.00868
MED00098,7,log_price,0.00266
MED00099,7,log_price,-0.00926
MED00100,7,log_price,-0.18524
MED00101,7,log_price,-0.03305
MED00102,7,log_price,-0.03143
MED00103,7,log_price,0.00778
MED00104,7,log_price,-0.00197
MED00105,7,log_price,-0.00277
MED00106,7,log_price,-0.19636
MED00107,7,log_price,0.00215
MED00108,7,log_price,-0.00235
MED00109,7,log_price,0.01851
MED00110,7,log_price,-0.04491
MED00111,7,log_price,-0.08571
MED00112,7,log_price,-0.00098
MED00113,7,log_price,-0.01002
MED00114,7,log_price,0.01139
MED00115,7,log_price,0.00074
MED00116,7,log_price,0.00622
MED00117,7,log_price,0.00172
MED00118,7,log_price,0.01118
MED00119,7,log_price,-0.00857
MED00120,7,log_price,-0.00604
MED00121,7,log_price,-0.00466
MED00122,7,log_price,-0.0055
MED00123,7,log_price,-0.05806
MED00124,7,log_price,-0.00368
MED00125,7,log_price,-0.08459
MED00126,7,log_price,-0.02348
MED00127,7,log_price,-0.00943
MED00128,7,log_price,-0.00326
MED00129,7,log_price,0.02448
MED00130,7,log_price,-0.08257
MED00131,7,log_price,-0.00893
MED00132,7,log_price,-0.02856
MED00133,7,log_price,0.0195
MED00134,7,log_price,0.03273
MED00135,7,log_price,0.02227
MED00136,7,log_price,-0.00838
MED00137,7,log_price,-0.01705
MED00138,7,log_price,-0.00514
MED00139,7,log_price,0.00403
MED00140,7,log_price,-0.00722
MED00141,7,log_price,-0.0107
MED00142,7,log_price,-0.02587
MED00143,7,log_price,0.00893
MED00144,7,log_price,0.00337
MED00145,7,log_price,-0.04714
MED00146,7,log_price,0.05169
MED00147,7,log_price,0.00182
MED00148,7,log_price,0.00048
MED00149,7,log_price,0.00578
MED00150,7,log_price,0.0025
MED00151,7,log_price,-0.00968
MED00152,7,log_price,0.00944
MED00153,7,log_price,0.00677
MED00154,7,log_price,0.01637
MED00155,7,log_price,-0.014
MED00156,7,log_price,0.00874
MED00157,7,log_price,-0.00144
MED00158,7,log_price,-0.03007
MED00159,7,log_price,-0.00481
MED00160,7,log_price,-0.0046
MED00161,7,log_price,0.00286
MED00162,7,log_price,-0.00512
MED00163,7,log_price,-0.06586
MED00164,7,log_price,-0.00899
MED00165,7,log_price,0.02266
MED00166,7,log_price,-0.00131
MED00167,7,log_price,0.00621
MED00168,7,log_price,0.01261
MED00169,7,log_price,-0.0309
MED00170,7,log_price,-0.00108
MED00171,7,log_price,0.0006
MED00172,7,log_price,0.00445
MED00173,7,log_price,0.00621
MED00174,7,log_price,-0.02383
MED00175,7,log_price,-0.02866
MED00176,7,log_price,-0.00664
MED00177,7,log_price,-0.11885
MED00178,7,log_price,-0.0296
MED00179,7,log_price,-0.02321
MED00180,7,log_price,0.0065
MED00181,7,log_price,0.00136
MED00182,7,log_price,-0.05333
MED00183,7,log_price,0.01002
MED00184,7,log_price,-0.04752
MED00185,7,log_price,-0.0018
MED00186,7,log_price,0.00596
MED00187,7,log_price,-0.00645
MED00188,7,log_price,-0.00291
MED00189,7,log_price,-0.07808
MED00190,7,log_price,0.00444
MED00191,7,log_price,-0.04282
MED00192,7,log_price,-0.2283
MED00193,7,log_price,-0.45065
MED00194,7,log_price,0.01008
MED00195,7,log_price,-0.02005
MED00196,7,log_price,-0.01358
MED00197,7,log_price,-0.0134
MED00198,7,log_price,-0.00227
MED00199,7,log_price,-0.00958
MED00200,7,log_price,0.00193
MED00201,7,log_price,-0.01112
MED00202,7,log_price,-0.00359
MED00203,7,log_price,0.00345
MED00204,7,log_price,-0.01065
MED00205,7,log_price,0.00019
MED00206,7,log_price,0.00707
MED00207,7,log_price,-0.00476
MED00208,7,log_price,0.0054
MED00209,7,log_price,0.02834
MED00210,7,log_price,0.01901
MED00211,7,log_price,0.00181
MED00212,7,log_price,-0.00785
MED00213,7,log_price,0.01429
MED00215,7,log_price,-0.00484
MED00216,7,log_price,-0.24962
MED00217,7,log_price,-0.05096
MED00218,7,log_price,-0.0063
MED00219,7,log_price,-0.00693
MED00220,7,log_price,-0.00646
MED00221,7,log_price,-0.00246
MED00222,7,log_price,0.01646
MED00223,7,log_price,0.00182
MED00224,7,log_price,0.00848
MED00225,7,log_price,-0.00035
MED00226,7,log_price,-0.00349
MED00227,7,log_price,0.0233
MED00228,7,log_price,0.01283
MED00229,7,log_price,-0.11503
MED00230,7,log_price,0.01466
MED00231,7,log_price,0.0128
MED00232,7,log_price,0.00394
MED00233,7,log_price,-0.03712
MED00234,7,log_price,0.00629
MED00235,7,log_price,-0.01461
MED00236,7,log_price,0.00879
MED00237,7,log_price,-0.00239
MED00238,7,log_price,0.00168
MED00239,7,log_price,0.00739
MED00240,7,log_price,-0.00277
MED00241,7,log_price,-0.00993
MED00242,7,log_price,-0.00767
MED00243,7,log_price,-0.25772
MED00244,7,log_price,0.00798
MED00245,7,log_price,-0.00454
MED00246,7,log_price,-0.00725
MED00247,7,log_price,-0.00127
MED00248,7,log_price,-0.00595
MED00249,7,log_price,0.00725
MED00250,7,log_price,0.01133
MED00251,7,log_price,0.00557
MED00252,7,log_price,0.04214
MED00253,7,log_price,-0.00934
MED00254,7,log_price,0.03988
MED00255,7,log_price,-0.01262
MED00256,7,log_price,0.00133
MED00257,7,log_price,0.01442
MED00258,7,log_price,0.00291
MED00259,7,log_price,0.00015
MED00260,7,log_price,-0.04675
MED00261,7,log_price,-0.00323
MED00262,7,log_price,-0.00406
MED00263,7,log_price,-0.00588
MED00264,7,log_price,-0.12464
MED00265,7,log_price,-0.00035
MED00266,7,log_price,0.01262
MED00268,7,log_price,0.0005
MED00269,7,log_price,0.00706
MED00270,7,log_price,0.00631
MED00271,7,log_price,0.00943
MED00272,7,log_price,-0.00713
MED00273,7,log_price,-0.00624
MED00274,7,log_price,-0.10456
MED00275,7,log_price,-0.00884
MED00276,7,log_price,0.00587
MED00277,7,log_price,-0.07752
MED00278,7,log_price,0.00609
MED00279,7,log_price,0.00892
MED00280,7,log_price,-0.06754
MED00281,7,log_price,-0.0049
MED00282,7,log_price,0.00631
MED00283,7,log_price,-0.00795
MED00284,7,log_price,0.00086
MED00285,7,log_price,-0.00478
MED00286,7,log_price,-0.00578
MED00287,7,log_price,0.00576
MED00288,7,log_price,-0.00719
MED00289,7,log_price,-0.01123
MED00290,7,log_price,0.00237
MED00291,7,log_price,-0.0852
MED00292,7,log_price,-0.04192
MED00293,7,log_price,-0.00372
MED00294,7,log_price,-0.00596
MED00295,7,log_price,-0.04743
MED00296,7,log_price,0.00146
MED00297,7,log_price,-0.00625
MED00298,7,log_price,0.00216
MED00299,7,log_price,-0.05729
MED00300,7,log_price,0.00094
MED00301,7,log_price,0.01112
MED00302,7,log_price,-0.0037
MED00303,7,log_price,-0.00768
MED00304,7,log_price,0.00748
MED00305,7,log_price,-0.00321
MED00306,7,log_price,-0.06088
MED00307,7,log_price,0.00104
MED00308,7,log_price,0.00864
MED00309,7,log_price,0.0093
MED00310,7,log_price,0.01005
MED00311,7,log_price,-0.00958
MED00312,7,log_price,0.00536
MED00313,7,log_price,-0.06563
MED00314,7,log_price,0.01235
MED00315,7,log_price,0.00022
MED00316,7,log_price,0.00285
MED00317,7,log_price,0.00841
MED00318,7,log_price,0.00323
MED00319,7,log_price,-0.00382
MED00320,7,log_price,-0.0153
MED00321,7,log_price,-0.03226
MED00322,7,log_price,-0.08226
MED00323,7,log_price,-0.06944
MED00324,7,log_price,0.00177
MED00325,7,log_price,-0.00618
MED00326,7,log_price,-0.00448
MED00327,7,log_price,-0.0028
MED00328,7,log_price,0.00197
MED00329,7,log_price,0.00045
MED00330,7,log_price,0.00592
MED00331,7,log_price,0.00468
MED00332,7,log_price,-0.001
MED00333,7,log_price,0.0132
MED00334,7,log_price,-0.02194
MED00335,7,log_price,0.00391
MED00336,7,log_price,-0.03805
MED00337,7,log_price,0.01846
MED00338,7,log_price,-0.01109
MED00339,7,log_price,-0.0158
MED00340,7,log_price,0.02897
MED00341,7,log_price,-0.00082
MED00342,7,log_price,0.01013
MED00343,7,log_price,-0.0039
MED00344,7,log_price,-0.01228
MED00345,7,log_price,-0.06822
MED00346,7,log_price,0.00209
MED00347,7,log_price,-0.15816
MED00348,7,log_price,-0.0287
MED00349,7,log_price,0.00785
MED00350,7,log_price,-0.00984
MED00351,7,log_price,-0.01324
MED00352,7,log_price,-0.22643
MED00353,7,log_price,0.02055
MED00354,7,log_price,0.02247
MED00355,7,log_price,0.00033
MED00356,7,log_price,0.00325
MED00357,7,log_price,-0.03397
MED00358,7,log_price,-0.00092
MED00359,7,log_price,-0.01556
MED00360,7,log_price,-0.01748
MED00361,7,log_price,0.00682
MED00362,7,log_price,0.00743
MED00363,7,log_price,0.00511
MED00364,7,log_price,-0.17113
MED00365,7,log_price,-0.01387
MED00367,7,log_price,-0.01335
MED00368,7,log_price,0.00414
MED00369,7,log_price,-0.00555
MED00370,7,log_price,-0.05043
MED00371,7,log_price,-0.00386
MED00372,7,log_price,-0.03415
MED00373,7,log_price,-0.0671
MED00374,7,log_price,-0.00762
MED00375,7,log_price,-0.00847
MED00376,7,log_price,0.00536
MED00377,7,log_price,-0.08704
MED00378,7,log_price,-0.05202
MED00379,7,log_price,-0.04664
MED00380,7,log_price,0.00767
MED00381,7,log_price,0.01086
MED00382,7,log_price,-0.00961
MED00383,7,log_price,-0.00531
MED00384,7,log_price,-0.0029
MED00385,7,log_price,-0.00299
MED00386,7,log_price,-0.00847
MED00387,7,log_price,-0.00671
MED00388,7,log_price,0.0582
MED00389,7,log_price,0.0033
MED00390,7,log_price,-0.00732
MED00391,7,log_price,0.00925
MED00392,7,log_price,0.00129
MED00393,7,log_price,-0.00368
MED00394,7,log_price,-0.00384
MED00395,7,log_price,-0.00419
MED00396,7,log_price,-0.02125
MED00397,7,log_price,-0.01528
MED00398,7,log_price,0.00523
MED00399,7,log_price,-0.00736
MED00400,7,log_price,0.02048
MED00401,7,log_price,-0.004
MED00402,7,log_price,0.02222
MED00403,7,log_price,-0.00034
MED00404,7,log_price,0.00394
MED00405,7,log_price,0.00153
MED00406,7,log_price,0.01186
MED00407,7,log_price,-0.00413
MED00408,7,log_price,-0.01381
MED00409,7,log_price,0.00875
MED00410,7,log_price,-0.00639
MED00411,7,log_price,-0.00347
MED00413,7,log_price,0.00617
MED00414,7,log_price,0.00061
MED00415,7,log_price,-0.00129
MED00416,7,log_price,0.00334
MED00417,7,log_price,-0.00071
MED00418,7,log_price,-0.00181
MED00419,7,log_price,-0.0022
MED00420,7,log_price,-0.0015
MED00421,7,log_price,0.02035
MED00422,7,log_price,0.00367
MED00423,7,log_price,-0.00379
MED00424,7,log_price,0.01386
MED00001,8,log_price,0.00124
MED00002,8,log_price,-0.42258
MED00003,8,log_price,-0.06029
MED00004,8,log_price,-0.04287
MED00005,8,log_price,0.01912
MED00006,8,log_price,0.01286
MED00007,8,log_price,0.14288
MED00008,8,log_price,-0.08115
MED00009,8,log_price,0.00304
MED00010,8,log_price,-0.07828
MED00011,8,log_price,0.00565
MED00012,8,log_price,-0.01056
MED00013,8,log_price,0.00038
MED00014,8,log_price,-0.00066
MED00015,8,log_price,-0.05893
MED00016,8,log_price,-0.00135
MED00017,8,log_price,0.00902
MED00018,8,log_price,0.02048
MED00019,8,log_price,0.01998
MED00020,8,log_price,-0.01406
MED00021,8,log_price,-0.00225
MED00022,8,log_price,0.00484
MED00023,8,log_price,0.00966
MED00024,8,log_price,-0.00932
MED00025,8,log_price,-0.23812
MED00026,8,log_price,-0.00595
MED00027,8,log_price,-0.09559
MED00028,8,log_price,-0.07413
MED00029,8,log_price,-0.0039
MED00030,8,log_price,0.01338
MED00031,8,log_price,-0.01135
MED00032,8,log_price,0.00904
MED00033,8,log_price,-0.01557
MED00034,8,log_price,0.01722
MED00035,8,log_price,-0.05255
MED00036,8,log_price,-0.04444
MED00037,8,log_price,-0.00968
MED00038,8,log_price,-0.00313
MED00039,8,log_price,0.00483
MED00040,8,log_price,-0.01989
MED00041,8,log_price,0.01431
MED00042,8,log_price,-0.01163
MED00043,8,log_price,-0.04101
MED00044,8,log_price,0.01355
MED00045,8,log_price,0.01121
MED00046,8,log_price,-0.00241
MED00047,8,log_price,-0.00095
MED00048,8,log_price,-0.00322
MED00049,8,log_price,-0.07849
MED00050,8,log_price,0.00528
MED00051,8,log_price,-0.37336
MED00052,8,log_price,-0.06097
MED00053,8,log_price,-0.0125
MED00054,8,log_price,-0.00418
MED00055,8,log_price,-0.04538
MED00056,8,log_price,0.0035
MED00057,8,log_price,-0.0649
MED00058,8,log_price,0.01413
MED00059,8,log_price,-0.0015
MED00060,8,log_price,0.00357
MED00061,8,log_price,-0.05054
MED00062,8,log_price,0.01136
MED00063,8,log_price,-0.22687
MED00064,8,log_price,-0.03406
MED00065,8,log_price,-0.01378
MED00066,8,log_price,-0.06119
MED00067,8,log_price,-0.00216
MED00068,8,log_price,0.01337
MED00069,8,log_price,-0.00167
MED00070,8,log_price,-0.01056
MED00071,8,log_price,0.01495
MED00072,8,log_price,-0.00221
MED00073,8,log_price,-0.00402
MED00074,8,log_price,0.01459
MED00075,8,log_price,-0.00361
MED00076,8,log_price,-0.06223
MED00077,8,log_price,-0.01265
MED00078,8,log_price,-0.01074
MED00079,8,log_price,-0.0059
MED00080,8,log_price,-0.00356
MED00081,8,log_price,-0.13726
MED00082,8,log_price,0.00443
MED00083,8,log_price,-0.00861
MED00084,8,log_price,-0.00994
MED00085,8,log_price,0.00839
MED00086,8,log_price,0.0286
MED00087,8,log_price,-0.0021
MED00088,8,log_price,0.00675
MED00089,8,log_price,0.01386
MED00090,8,log_price,-0.00866
MED00091,8,log_price,-0.00534
MED00092,8,log_price,-0.00621
MED00093,8,log_price,-0.0056
MED00094,8,log_price,-0.02765
MED00095,8,log_price,-0.00134
MED00096,8,log_price,-0.00753
MED00097,8,log_price,0.00486
MED00098,8,log_price,0.00251
MED00099,8,log_price,-0.00895
MED00100,8,log_price,-0.18091
MED00101,8,log_price,-0.03413
MED00102,8,log_price,-0.03191
MED00103,8,log_price,0.00765
MED00104,8,log_price,-0.00171
MED00105,8,log_price,-0.00137
MED00106,8,log_price,-0.19144
MED00107,8,log_price,0.00197
MED00108,8,log_price,-0.00187
MED00109,8,log_price,0.01585
MED00110,8,log_price,-0.04234
MED00111,8,log_price,-0.08211
MED00112,8,log_price,-0.00057
MED00113,8,log_price,-0.00969
MED00114,8,log_price,0.01141
MED00115,8,log_price,0.00037
MED00116,8,log_price,0.00645
MED00117,8,log_price,0.00152
MED00118,8,log_price,0.01138
MED00119,8,log_price,-0.00774
MED00120,8,log_price,-0.00559
MED00121,8,log_price,-0.00363
MED00122,8,log_price,-0.00405
MED00123,8,log_price,-0.05849
MED00124,8,log_price,-0.00327
MED00125,8,log_price,-0.0801
MED00126,8,log_price,-0.02337
MED00127,8,log_price,-0.00861
MED00128,8,log_price,-0.00291
MED00129,8,log_price,0.0186
MED00130,8,log_price,-0.07801
MED00131,8,log_price,-0.0088
MED00132,8,log_price,-0.03189
MED00133,8,log_price,0.01651
MED00134,8,log_price,0.02994
MED00135,8,log_price,0.0225
MED00136,8,log_price,-0.00819
MED00137,8,log_price,-0.01756
MED00138,8,log_price,-0.0045
MED00139,8,log_price,0.00398
MED00140,8,log_price,-0.00699
MED00141,8,log_price,-0.01028
MED00142,8,log_price,-0.02459
MED00143,8,log_price,0.00893
MED00144,8,log_price,0.00382
MED00145,8,log_price,-0.03969
MED00146,8,log_price,0.05235
MED00147,8,log_price,0.00115
MED00148,8,log_price,0.0004
MED00149,8,log_price,0.0059
MED00150,8,log_price,0.00325
MED00151,8,log_price,-0.00895
MED00152,8,log_price,0.00968
MED00153,8,log_price,0.00666
MED00154,8,log_price,0.02021
MED00155,8,log_price,-0.01331
MED00156,8,log_price,0.00883
MED00157,8,log_price,-0.00034
MED00158,8,log_price,-0.02451
MED00159,8,log_price,-0.00528
MED00160,8,log_price,-0.00342
MED00161,8,log_price,0.00269
MED00162,8,log_price,-0.00539
MED00163,8,log_price,-0.06129
MED00164,8,log_price,-0.00879
MED00165,8,log_price,0.02335
MED00166,8,log_price,-0.00031
MED00167,8,log_price,0.00646
MED00168,8,log_price,0.01227
MED00169,8,log_price,-0.03073
MED00170,8,log_price,-0.00103
MED00171,8,log_price,0.00145
MED00172,8,log_price,0.00481
MED00173,8,log_price,0.00611
MED00174,8,log_price,-0.02384
MED00175,8,log_price,-0.02915
MED00176,8,log_price,-0.00644
MED00177,8,log_price,-0.11361
MED00178,8,log_price,-0.02985
MED00179,8,log_price,-0.02707
MED00180,8,log_price,0.00628
MED00181,8,log_price,0.0016
MED00182,8,log_price,-0.05299
MED00183,8,log_price,0.01012
MED00184,8,log_price,-0.0473
MED00185,8,log_price,-0.00137
MED00186,8,log_price,0.00691
MED00187,8,log_price,-0.00602
MED00188,8,log_price,-0.00271
MED00189,8,log_price,-0.07399
MED00190,8,log_price,0.0045
MED00191,8,log_price,-0.04215
MED00192,8,log_price,-0.20268
MED00193,8,log_price,-0.45817
MED00194,8,log_price,0.01009
MED00195,8,log_price,-0.01983
MED00196,8,log_price,-0.01346
MED00197,8,log_price,-0.01297
MED00198,8,log_price,-0.00161
MED00199,8,log_price,-0.00963
MED00200,8,log_price,0.00272
MED00201,8,log_price,-0.01113
MED00202,8,log_price,-0.00366
MED00203,8,log_price,0.00368
MED00204,8,log_price,-0.00977
MED00205,8,log_price,0.00034
MED00206,8,log_price,0.00429
MED00207,8,log_price,-0.00512
MED00208,8,log_price,0.00663
MED00209,8,log_price,0.02158
MED00210,8,log_price,0.02002
MED00211,8,log_price,0.00138
MED00212,8,log_price,-0.00703
MED00213,8,log_price,0.01391
MED00214,8,log_price,0.00033
MED00215,8,log_price,-0.0038
MED00216,8,log_price,-0.2447
MED00217,8,log_price,-0.04576
MED00218,8,log_price,-0.00513
MED00219,8,log_price,-0.00202
MED00220,8,log_price,-0.00542
MED00221,8,log_price,-0.00204
MED00222,8,log_price,0.01257
MED00223,8,log_price,0.00157
MED00224,8,log_price,0.00825
MED00226,8,log_price,-0.00261
MED00227,8,log_price,0.02359
MED00228,8,log_price,0.0128
MED00229,8,log_price,-0.11536
MED00230,8,log_price,0.01811
MED00231,8,log_price,0.01327
MED00232,8,log_price,0.00372
MED00233,8,log_price,-0.03607
MED00234,8,log_price,0.00632
MED00235,8,log_price,-0.01083
MED00236,8,log_price,0.00853
MED00237,8,log_price,-0.00219
MED00238,8,log_price,0.00025
MED00239,8,log_price,0.00831
MED00240,8,log_price,-0.00263
MED00241,8,log_price,-0.00895
MED00242,8,log_price,-0.0078
MED00243,8,log_price,-0.26837
MED00244,8,log_price,0.00788
MED00245,8,log_price,-0.00076
MED00246,8,log_price,-0.00635
MED00247,8,log_price,-0.00059
MED00248,8,log_price,-0.00582
MED00249,8,log_price,0.00866
MED00250,8,log_price,0.01158
MED00251,8,log_price,0.00592
MED00252,8,log_price,0.03835
MED00253,8,log_price,-0.00789
MED00254,8,log_price,0.03665
MED00255,8,log_price,-0.01185
MED00256,8,log_price,0.00087
MED00257,8,log_price,0.01464
MED00258,8,log_price,0.00377
MED00259,8,log_price,0.00045
MED00260,8,log_price,-0.04946
MED00261,8,log_price,-0.00342
MED00262,8,log_price,-0.00373
MED00263,8,log_price,-0.00552
MED00264,8,log_price,-0.12743
MED00265,8,log_price,0.00073
MED00266,8,log_price,0.01284
MED00267,8,log_price,0.00087
MED00268,8,log_price,0.00178
MED00269,8,log_price,0.00724
MED00270,8,log_price,0.00664
MED00271,8,log_price,0.00887
MED00272,8,log_price,-0.00595
MED00273,8,log_price,-0.00525
MED00274,8,log_price,-0.0988
MED00275,8,log_price,-0.00897
MED00276,8,log_price,0.00572
MED00277,8,log_price,-0.07344
MED00278,8,log_price,0.00705
MED00279,8,log_price,0.00918
MED00280,8,log_price,-0.06352
MED00281,8,log_price,-0.00472
MED00282,8,log_price,0.00645
MED00283,8,log_price,-0.00844
MED00284,8,log_price,0.00058
MED00285,8,log_price,-0.00445
MED00286,8,log_price,-0.00528
MED00287,8,log_price,0.00637
MED00288,8,log_price,-0.00197
MED00289,8,log_price,-0.0102
MED00290,8,log_price,0.00202
MED00291,8,log_price,-0.09861
MED00292,8,log_price,-0.04237
MED00293,8,log_price,-0.0033
MED00294,8,log_price,-0.00545
MED00295,8,log_price,-0.04696
MED00296,8,log_price,0.00134
MED00297,8,log_price,-0.00498
MED00298,8,log_price,0.00204
MED00299,8,log_price,-0.05632
MED00300,8,log_price,0.00095
MED00301,8,log_price,0.01132
MED00302,8,log_price,-0.00336
MED00303,8,log_price,-0.00651
MED00304,8,log_price,0.00815
MED00305,8,log_price,-0.0024
MED00306,8,log_price,-0.06116
MED00307,8,log_price,0.00161
MED00308,8,log_price,0.00867
MED00309,8,log_price,0.0097
MED00310,8,log_price,0.00964
MED00311,8,log_price,-0.00859
MED00312,8,log_price,0.0026
MED00313,8,log_price,-0.06809
MED00314,8,log_price,0.01253
MED00315,8,log_price,0.00143
MED00316,8,log_price,0.00359
MED00317,8,log_price,0.00806
MED00318,8,log_price,0.00347
MED00319,8,log_price,-0.00349
MED00320,8,log_price,-0.01558
MED00321,8,log_price,-0.0335
MED00322,8,log_price,-0.0777
MED00323,8,log_price,-0.06986
MED00325,8,log_price,-0.00519
MED00326,8,log_price,-0.00334
MED00327,8,log_price,-0.00302
MED00328,8,log_price,0.00229
MED00329,8,log_price,0.00073
MED00330,8,log_price,0.00605
MED00331,8,log_price,0.00518
MED00333,8,log_price,0.01266
MED00334,8,log_price,-0.02237
MED00335,8,log_price,0.00769
MED00336,8,log_price,-0.03798
MED00337,8,log_price,0.02113
MED00338,8,log_price,-0.01089
MED00339,8,log_price,-0.01569
MED00340,8,log_price,0.02173
MED00341,8,log_price,-0.00068
MED00342,8,log_price,0.00958
MED00343,8,log_price,-0.00356
MED00344,8,log_price,-0.01296
MED00345,8,log_price,-0.06261
MED00346,8,log_price,0.00161
MED00347,8,log_price,-0.15413
MED00348,8,log_price,-0.02834
MED00349,8,log_price,0.00825
MED00350,8,log_price,-0.01133
MED00351,8,log_price,-0.01603
MED00352,8,log_price,-0.22513
MED00353,8,log_price,0.02012
MED00354,8,log_price,0.02271
MED00355,8,log_price,0.0005
MED00356,8,log_price,0.00393
MED00357,8,log_price,-0.03368
MED00358,8,log_price,-0.00129
MED00359,8,log_price,-0.01433
MED00360,8,log_price,-0.0165
MED00361,8,log_price,0.00727
MED00362,8,log_price,0.00706
MED00363,8,log_price,0.00531
MED00364,8,log_price,-0.16711
MED00365,8,log_price,-0.01308
MED00366,8,log_price,0.00032
MED00367,8,log_price,-0.01258
MED00368,8,log_price,-0.00421
MED00369,8,log_price,-0.00523
MED00370,8,log_price,-0.05336
MED00371,8,log_price,-0.00515
MED00372,8,log_price,-0.03442
MED00373,8,log_price,-0.0688
MED00374,8,log_price,-0.00775
MED00375,8,log_price,-0.00848
MED00376,8,log_price,0.00526
MED00377,8,log_price,-0.0842
MED00378,8,log_price,-0.05161
MED00379,8,log_price,-0.04812
MED00380,8,log_price,0.005
MED00381,8,log_price,0.01153
MED00382,8,log_price,-0.01037
MED00383,8,log_price,-0.00506
MED00384,8,log_price,-0.00234
MED00385,8,log_price,-0.00312
MED00386,8,log_price,-0.00799
MED00387,8,log_price,-0.00601
MED00388,8,log_price,0.0335
MED00389,8,log_price,0.00383
MED00390,8,log_price,-0.00716
MED00391,8,log_price,0.00909
MED00392,8,log_price,0.00145
MED00393,8,log_price,-0.00355
MED00394,8,log_price,-0.00362
MED00395,8,log_price,-0.00384
MED00396,8,log_price,-0.01744
MED00397,8,log_price,-0.01463
MED00398,8,log_price,0.00902
MED00399,8,log_price,-0.00405
MED00400,8,log_price,0.02308
MED00401,8,log_price,-0.00931
MED00402,8,log_price,0.02208
MED00403,8,log_price,0.00027
MED00404,8,log_price,0.00493
MED00405,8,log_price,0.00174
MED00406,8,log_price,0.01161
MED00407,8,log_price,-0.00353
MED00408,8,log_price,-0.01312
MED00409,8,log_price,0.0086
MED00410,8,log_price,-0.00644
MED00411,8,log_price,-0.00027
MED00412,8,log_price,-0.00043
MED00413,8,log_price,0.00608
MED00414,8,log_price,0.00095
MED00415,8,log_price,-0.00169
MED00416,8,log_price,0.00302
MED00417,8,log_price,-0.00041
MED00418,8,log_price,-0.00144
MED00419,8,log_price,-0.00182
MED00420,8,log_price,-0.00223
MED00421,8,log_price,0.01957
MED00422,8,log_price,0.00317
MED00423,8,log_price,-0.00356
MED00424,8,log_price,0.019
MED00001,9,log_price,0.00102
MED00002,9,log_price,-0.43004
MED00003,9,log_price,-0.05488
MED00004,9,log_price,-0.03289
MED00005,9,log_price,0.02116
MED00006,9,log_price,0.00863
MED00007,9,log_price,0.14138
MED00008,9,log_price,-0.07311
MED00009,9,log_price,0.00303
MED00010,9,log_price,-0.07559
MED00011,9,log_price,0.00497
MED00012,9,log_price,-0.01226
MED00013,9,log_price,0.0003
MED00014,9,log_price,-0.00097
MED00015,9,log_price,-0.05073
MED00016,9,log_price,-0.00119
MED00017,9,log_price,0.00854
MED00018,9,log_price,0.01898
MED00019,9,log_price,0.01833
MED00020,9,log_price,-0.01474
MED00021,9,log_price,-0.00199
MED00022,9,log_price,0.00473
MED00023,9,log_price,0.00718
MED00024,9,log_price,-0.00968
MED00025,9,log_price,-0.22805
MED00026,9,log_price,-0.00398
MED00027,9,log_price,-0.08546
MED00028,9,log_price,-0.06628
MED00029,9,log_price,-0.00378
MED00030,9,log_price,0.01177
MED00031,9,log_price,-0.01177
MED00032,9,log_price,0.00891
MED00033,9,log_price,-0.01544
MED00034,9,log_price,0.01906
MED00035,9,log_price,-0.04254
MED00036,9,log_price,-0.04315
MED00037,9,log_price,-0.0089
MED00038,9,log_price,-0.00391
MED00039,9,log_price,0.00471
MED00040,9,log_price,-0.01233
MED00041,9,log_price,0.01436
MED00042,9,log_price,-0.00697
MED00043,9,log_price,-0.03468
MED00044,9,log_price,0.01389
MED00045,9,log_price,0.00774
MED00046,9,log_price,-0.00245
MED00047,9,log_price,-0.00208
MED00048,9,log_price,-0.00243
MED00049,9,log_price,-0.07262
MED00050,9,log_price,0.005
MED00051,9,log_price,-0.36907
MED00052,9,log_price,-0.05515
MED00053,9,log_price,-0.00881
MED00054,9,log_price,-0.00119
MED00055,9,log_price,-0.04554
MED00056,9,log_price,0.00124
MED00057,9,log_price,-0.06785
MED00058,9,log_price,0.00984
MED00059,9,log_price,-0.00145
MED00060,9,log_price,0.00212
MED00061,9,log_price,-0.04332
MED00062,9,log_price,0.01052
MED00063,9,log_price,-0.21851
MED00064,9,log_price,-0.03514
MED00065,9,log_price,-0.01731
MED00066,9,log_price,-0.05364
MED00067,9,log_price,-0.00236
MED00068,9,log_price,0.01357
MED00069,9,log_price,-0.00203
MED00070,9,log_price,-0.00843
MED00071,9,log_price,0.01469
MED00072,9,log_price,-0.00207
MED00073,9,log_price,-0.00456
MED00074,9,log_price,0.01424
MED00075,9,log_price,-0.0042
MED00076,9,log_price,-0.05698
MED00077,9,log_price,-0.01294
MED00078,9,log_price,-0.01108
MED00079,9,log_price,-0.00584
MED00080,9,log_price,-0.00465
MED00081,9,log_price,-0.13494
MED00082,9,log_price,0.00429
MED00083,9,log_price,-0.00839
MED00084,9,log_price,-0.00983
MED00085,9,log_price,0.00786
MED00086,9,log_price,0.02702
MED00087,9,log_price,-0.00185
MED00088,9,log_price,0.00658
MED00089,9,log_price,0.01395
MED00090,9,log_price,-0.00906
MED00091,9,log_price,-0.00582
MED00092,9,log_price,-0.00568
MED00093,9,log_price,-0.00257
MED00094,9,log_price,-0.01925
MED00095,9,log_price,-0.0017
MED00096,9,log_price,-0.00739
MED00097,9,log_price,0.00487
MED00098,9,log_price,0.00273
MED00099,9,log_price,0.00084
MED00100,9,log_price,-0.17207
MED00101,9,log_price,-0.03091
MED00102,9,log_price,-0.03044
MED00103,9,log_price,0.00667
MED00104,9,log_price,-0.00202
MED00105,9,log_price,-0.00119
MED00106,9,log_price,-0.18285
MED00108,9,log_price,-0.00208
MED00109,9,log_price,0.01359
MED00110,9,log_price,-0.04922
MED00111,9,log_price,-0.07438
MED00112,9,log_price,-0.00104
MED00113,9,log_price,-0.00978
MED00114,9,log_price,0.01308
MED00115,9,log_price,0.00042
MED00116,9,log_price,0.00639
MED00117,9,log_price,0.00151
MED00118,9,log_price,0.00862
MED00119,9,log_price,-0.00866
MED00120,9,log_price,-0.00671
MED00121,9,log_price,-0.00374
MED00122,9,log_price,-0.00399
MED00123,9,log_price,-0.05107
MED00124,9,log_price,-0.00537
MED00125,9,log_price,-0.07409
MED00126,9,log_price,-0.02672
MED00127,9,log_price,-0.00974
MED00128,9,log_price,-0.00318
MED00129,9,log_price,0.01871
MED00130,9,log_price,-0.07274
MED00131,9,log_price,-0.00943
MED00132,9,log_price,-0.02964
MED00133,9,log_price,0.01744
MED00134,9,log_price,0.02385
MED00135,9,log_price,0.02434
MED00136,9,log_price,-0.00572
MED00137,9,log_price,-0.0209
MED00138,9,log_price,-0.00408
MED00139,9,log_price,0.00372
MED00140,9,log_price,-0.00679
MED00141,9,log_price,-0.00875
MED00142,9,log_price,-0.02635
MED00143,9,log_price,0.00716
MED00144,9,log_price,0.00255
MED00145,9,log_price,-0.034
MED00146,9,log_price,0.05008
MED00147,9,log_price,0.00056
MED00148,9,log_price,-0.00065
MED00149,9,log_price,0.00538
MED00150,9,log_price,0.00334
MED00151,9,log_price,-0.00938
MED00152,9,log_price,0.00923
MED00153,9,log_price,0.00639
MED00154,9,log_price,0.02045
MED00155,9,log_price,-0.01153
MED00156,9,log_price,0.00873
MED00157,9,log_price,0.0002
MED00158,9,log_price,-0.02156
MED00159,9,log_price,-0.00558
MED00160,9,log_price,-0.00331
MED00161,9,log_price,0.00141
MED00162,9,log_price,-0.00529
MED00163,9,log_price,-0.05802
MED00164,9,log_price,-0.00905
MED00165,9,log_price,0.02135
MED00166,9,log_price,-0.00066
MED00167,9,log_price,0.00598
MED00168,9,log_price,0.0119
MED00169,9,log_price,-0.031
MED00170,9,log_price,-0.00062
MED00171,9,log_price,0.00072
MED00172,9,log_price,0.00426
MED00173,9,log_price,0.00594
MED00174,9,log_price,-0.02442
MED00175,9,log_price,-0.02708
MED00176,9,log_price,-0.0066
MED00177,9,log_price,-0.10023
MED00178,9,log_price,-0.02305
MED00179,9,log_price,-0.02884
MED00180,9,log_price,0.00541
MED00181,9,log_price,0.00105
MED00182,9,log_price,-0.03921
MED00183,9,log_price,0.01195
MED00184,9,log_price,-0.0461
MED00185,9,log_price,-0.00136
MED00186,9,log_price,0.00691
MED00187,9,log_price,-0.00615
MED00188,9,log_price,-0.00258
MED00189,9,log_price,-0.06881
MED00190,9,log_price,0.004
MED00191,9,log_price,-0.04289
MED00192,9,log_price,-0.19868
MED00193,9,log_price,-0.46587
MED00194,9,log_price,0.01166
MED00195,9,log_price,-0.01955
MED00196,9,log_price,-0.01277
MED00197,9,log_price,-0.01156
MED00198,9,log_price,-0.00261
MED00199,9,log_price,-0.0082
MED00200,9,log_price,0.00278
MED00201,9,log_price,-0.01218
MED00202,9,log_price,-0.0045
MED00203,9,log_price,0.00377
MED00204,9,log_price,-0.01082
MED00205,9,log_price,0.0008
MED00206,9,log_price,0.00336
MED00207,9,log_price,-0.00559
MED00208,9,log_price,0.00639
MED00209,9,log_price,0.02087
MED00210,9,log_price,0.01854
MED00211,9,log_price,0.00114
MED00212,9,log_price,-0.00688
MED00213,9,log_price,0.01017
MED00214,9,log_price,-0.00121
MED00215,9,log_price,-0.00376
MED00216,9,log_price,-0.23593
MED00217,9,log_price,-0.03972
MED00218,9,log_price,-0.00477
MED00219,9,log_price,-0.00211
MED00220,9,log_price,-0.00725
MED00221,9,log_price,-0.00227
MED00222,9,log_price,0.01163
MED00223,9,log_price,-0.00141
MED00224,9,log_price,0.00801
MED00225,9,log_price,-0.00109
MED00226,9,log_price,-0.0025
MED00227,9,log_price,0.02425
MED00228,9,log_price,0.01063
MED00229,9,log_price,-0.07066
MED00230,9,log_price,0.01779
MED00231,9,log_price,0.00949
MED00232,9,log_price,0.00369
MED00233,9,log_price,-0.03185
MED00234,9,log_price,0.00598
MED00235,9,log_price,-0.01567
MED00236,9,log_price,0.00848
MED00237,9,log_price,-0.00225
MED00238,9,log_price,-0.0017
MED00239,9,log_price,0.00839
MED00240,9,log_price,-0.00257
MED00241,9,log_price,-0.00985
MED00242,9,log_price,-0.00773
MED00243,9,log_price,-0.27194
MED00244,9,log_price,0.00757
MED00245,9,log_price,-0.00396
MED00246,9,log_price,-0.00587
MED00248,9,log_price,-0.00638
MED00249,9,log_price,0.01059
MED00250,9,log_price,0.01366
MED00251,9,log_price,0.00509
MED00252,9,log_price,0.03797
MED00253,9,log_price,-0.00924
MED00254,9,log_price,0.03635
MED00255,9,log_price,-0.01171
MED00256,9,log_price,0.00057
MED00257,9,log_price,0.01523
MED00258,9,log_price,0.00356
MED00260,9,log_price,-0.051
MED00261,9,log_price,-0.0038
MED00262,9,log_price,-0.00386
MED00263,9,log_price,-0.00589
MED00264,9,log_price,-0.12888
MED00265,9,log_price,0.00134
MED00266,9,log_price,0.01298
MED00267,9,log_price,0.00073
MED00268,9,log_price,0.0021
MED00269,9,log_price,0.00673
MED00270,9,log_price,0.00486
MED00271,9,log_price,0.00899
MED00272,9,log_price,-0.00638
MED00273,9,log_price,-0.00547
MED00274,9,log_price,-0.09274
MED00275,9,log_price,-0.00888
MED00276,9,log_price,0.0047
MED00277,9,log_price,-0.06826
MED00278,9,log_price,0.00724
MED00279,9,log_price,0.01079
MED00280,9,log_price,-0.0584
MED00281,9,log_price,-0.00415
MED00282,9,log_price,0.00631
MED00283,9,log_price,-0.00873
MED00284,9,log_price,-0.00124
MED00285,9,log_price,-0.0051
MED00286,9,log_price,-0.00544
MED00287,9,log_price,0.00589
MED00288,9,log_price,-0.00321
MED00289,9,log_price,-0.00941
MED00290,9,log_price,0.00102
MED00291,9,log_price,-0.09901
MED00292,9,log_price,-0.04375
MED00293,9,log_price,-0.00275
MED00294,9,log_price,-0.00704
MED00295,9,log_price,-0.03682
MED00296,9,log_price,0.0014
MED00297,9,log_price,-0.00471
MED00298,9,log_price,0.00133
MED00299,9,log_price,-0.04758
MED00301,9,log_price,0.00994
MED00302,9,log_price,-0.00358
MED00303,9,log_price,-0.00672
MED00304,9,log_price,0.00854
MED00305,9,log_price,-0.00304
MED00306,9,log_price,-0.04655
MED00307,9,log_price,0.0017
MED00308,9,log_price,0.00222
MED00309,9,log_price,0.01093
MED00310,9,log_price,0.00838
MED00311,9,log_price,-0.00825
MED00312,9,log_price,0.00308
MED00313,9,log_price,-0.07045
MED00314,9,log_price,0.01408
MED00315,9,log_price,0.00202
MED00316,9,log_price,0.00403
MED00317,9,log_price,0.0077
MED00318,9,log_price,0.00386
MED00319,9,log_price,-0.00494
MED00320,9,log_price,-0.01601
MED00321,9,log_price,-0.02298
MED00322,9,log_price,-0.07259
MED00323,9,log_price,-0.06404
MED00324,9,log_price,-0.00349
MED00325,9,log_price,-0.005
MED00326,9,log_price,-0.00304
MED00327,9,log_price,-0.00318
MED00328,9,log_price,0.003
MED00329,9,log_price,0.00079
MED00330,9,log_price,0.00481
MED00331,9,log_price,0.0049
MED00332,9,log_price,0.00018
MED00333,9,log_price,0.01564
MED00334,9,log_price,-0.02285
MED00335,9,log_price,0.01027
MED00336,9,log_price,-0.03512
MED00337,9,log_price,0.01873
MED00338,9,log_price,-0.01104
MED00339,9,log_price,-0.01687
MED00340,9,log_price,0.02151
MED00341,9,log_price,-0.0005
MED00342,9,log_price,0.00927
MED00343,9,log_price,-0.00454
MED00344,9,log_price,-0.0167
MED00345,9,log_price,-0.05652
MED00346,9,log_price,0.00083
MED00347,9,log_price,-0.14627
MED00348,9,log_price,-0.02914
MED00349,9,log_price,0.00776
MED00350,9,log_price,-0.00897
MED00351,9,log_price,-0.03143
MED00352,9,log_price,-0.17967
MED00353,9,log_price,0.0281
MED00354,9,log_price,0.01848
MED00355,9,log_price,-0.00083
MED00356,9,log_price,0.00424
MED00357,9,log_price,-0.02752
MED00358,9,log_price,-0.00249
MED00359,9,log_price,-0.01531
MED00360,9,log_price,-0.01655
MED00361,9,log_price,0.00795
MED00362,9,log_price,0.00537
MED00363,9,log_price,0.00544
MED00364,9,log_price,-0.15926
MED00365,9,log_price,-0.01342
MED00366,9,log_price,-0.00068
MED00367,9,log_price,-0.01381
MED00368,9,log_price,-0.0041
MED00369,9,log_price,-0.00457
MED00370,9,log_price,-0.0583
MED00371,9,log_price,-0.00543
MED00372,9,log_price,-0.02803
MED00373,9,log_price,-0.06261
MED00374,9,log_price,-0.00766
MED00375,9,log_price,-0.00861
MED00376,9,log_price,0.00504
MED00377,9,log_price,-0.07815
MED00378,9,log_price,-0.04736
MED00379,9,log_price,-0.02562
MED00380,9,log_price,0.00061
MED00381,9,log_price,0.01172
MED00382,9,log_price,-0.01135
MED00383,9,log_price,-0.00559
MED00384,9,log_price,-0.00304
MED00385,9,log_price,-0.00318
MED00386,9,log_price,-0.00837
MED00387,9,log_price,-0.0065
MED00388,9,log_price,0.03136
MED00389,9,log_price,0.0046
MED00390,9,log_price,-0.00478
MED00391,9,log_price,0.00939
MED00392,9,log_price,0.00143
MED00393,9,log_price,-0.00445
MED00394,9,log_price,-0.00366
MED00395,9,log_price,-0.00382
MED00396,9,log_price,-0.01545
MED00397,9,log_price,-0.01612
MED00398,9,log_price,0.00687
MED00399,9,log_price,0.00644
MED00400,9,log_price,0.0281
MED00401,9,log_price,-0.01482
MED00402,9,log_price,0.02334
MED00403,9,log_price,-0.00059
MED00404,9,log_price,0.00502
MED00405,9,log_price,0.00161
MED00406,9,log_price,0.01346
MED00407,9,log_price,-0.00381
MED00408,9,log_price,-0.01412
MED00409,9,log_price,0.01062
MED00410,9,log_price,-0.00639
MED00411,9,log_price,-0.00033
MED00412,9,log_price,-0.0011
MED00413,9,log_price,0.00811
MED00414,9,log_price,0.00122
MED00415,9,log_price,-0.00391
MED00416,9,log_price,0.00312
MED00417,9,log_price,-0.0007
MED00418,9,log_price,-0.00131
MED00419,9,log_price,-0.00186
MED00420,9,log_price,-0.00192
MED00421,9,log_price,0.01854
MED00422,9,log_price,0.00519
MED00423,9,log_price,-0.00398
MED00424,9,log_price,0.01708
MED00001,10,log_price,0.00064
MED00002,10,log_price,-0.44282
MED00003,10,log_price,-0.0619
MED00004,10,log_price,-0.03409
MED00005,10,log_price,0.02386
MED00006,10,log_price,0.0078
MED00007,10,log_price,0.14414
MED00008,10,log_price,-0.08018
MED00009,10,log_price,0.00186
MED00010,10,log_price,-0.07633
MED00011,10,log_price,0.00597
MED00012,10,log_price,-0.01095
MED00013,10,log_price,0.0003
MED00014,10,log_price,-0.00089
MED00015,10,log_price,-0.06178
MED00016,10,log_price,-0.00226
MED00017,10,log_price,0.00783
MED00018,10,log_price,0.01631
MED00019,10,log_price,0.01773
MED00020,10,log_price,-0.0143
MED00021,10,log_price,-0.00254
MED00022,10,log_price,0.00447
MED00023,10,log_price,0.00934
MED00024,10,log_price,-0.00905
MED00025,10,log_price,-0.2402
MED00026,10,log_price,-0.01112
MED00027,10,log_price,-0.096
MED00028,10,log_price,-0.07395
MED00029,10,log_price,-0.00164
MED00030,10,log_price,0.01345
MED00031,10,log_price,-0.00964
MED00032,10,log_price,0.0082
MED00033,10,log_price,-0.00842
MED00034,10,log_price,0.01935
MED00035,10,log_price,-0.01744
MED00036,10,log_price,-0.03988
MED00037,10,log_price,-0.01248
MED00038,10,log_price,-0.0046
MED00039,10,log_price,0.01003
MED00040,10,log_price,-0.02944
MED00041,10,log_price,0.01581
MED00042,10,log_price,-0.00756
MED00043,10,log_price,-0.03267
MED00044,10,log_price,0.00918
MED00045,10,log_price,0.00748
MED00046,10,log_price,-0.00689
MED00047,10,log_price,-0.00273
MED00048,10,log_price,-0.00277
MED00049,10,log_price,-0.08168
MED00050,10,log_price,0.00529
MED00051,10,log_price,-0.36753
MED00052,10,log_price,-0.06282
MED00053,10,log_price,-0.00942
MED00054,10,log_price,-0.00156
MED00055,10,log_price,-0.04464
MED00056,10,log_price,0.00647
MED00057,10,log_price,-0.07668
MED00058,10,log_price,0.00908
MED00059,10,log_price,-1e-04
MED00060,10,log_price,-0.00352
MED00061,10,log_price,-0.05537
MED00062,10,log_price,0.00149
MED00063,10,log_price,-0.21304
MED00064,10,log_price,-0.03529
MED00065,10,log_price,-0.01875
MED00066,10,log_price,-0.06228
MED00067,10,log_price,-0.00251
MED00068,10,log_price,0.01216
MED00069,10,log_price,-0.00203
MED00070,10,log_price,-0.00814
MED00071,10,log_price,0.01088
MED00072,10,log_price,-0.0017
MED00073,10,log_price,-0.00316
MED00074,10,log_price,0.01326
MED00075,10,log_price,-0.00534
MED00076,10,log_price,-0.06587
MED00077,10,log_price,-0.01273
MED00078,10,log_price,-0.01009
MED00079,10,log_price,-0.00628
MED00080,10,log_price,-0.00444
MED00081,10,log_price,-0.13681
MED00082,10,log_price,-0.00045
MED00083,10,log_price,-0.00922
MED00084,10,log_price,-0.00906
MED00085,10,log_price,0.0082
MED00086,10,log_price,0.03283
MED00087,10,log_price,-0.00133
MED00088,10,log_price,0.00707
MED00089,10,log_price,0.01526
MED00090,10,log_price,-0.00686
MED00091,10,log_price,-0.00564
MED00092,10,log_price,-0.00525
MED00093,10,log_price,-0.02756
MED00094,10,log_price,-0.05032
MED00095,10,log_price,-0.00189
MED00096,10,log_price,-0.00787
MED00097,10,log_price,0.00631
MED00098,10,log_price,0.00253
MED00099,10,log_price,0.00329
MED00100,10,log_price,-0.17392
MED00101,10,log_price,-0.02752
MED00102,10,log_price,-0.03519
MED00103,10,log_price,0.00621
MED00104,10,log_price,-0.00283
MED00105,10,log_price,-0.0014
MED00106,10,log_price,-0.17885
MED00108,10,log_price,-0.00348
MED00109,10,log_price,0.01146
MED00110,10,log_price,-0.03215
MED00111,10,log_price,-0.08373
MED00112,10,log_price,-0.00237
MED00113,10,log_price,-0.01033
MED00114,10,log_price,0.01419
MED00115,10,log_price,0.00113
MED00116,10,log_price,0.00633
MED00117,10,log_price,0.00169
MED00118,10,log_price,0.00872
MED00119,10,log_price,-0.0081
MED00120,10,log_price,-0.00547
MED00121,10,log_price,-0.00464
MED00122,10,log_price,-0.00337
MED00123,10,log_price,-0.0522
MED00124,10,log_price,-0.00592
MED00125,10,log_price,-0.0843
MED00126,10,log_price,-0.02826
MED00127,10,log_price,-0.00965
MED00128,10,log_price,-0.00262
MED00129,10,log_price,0.01988
MED00130,10,log_price,-0.08101
MED00131,10,log_price,-0.00823
MED00132,10,log_price,-0.02332
MED00133,10,log_price,0.01727
MED00134,10,log_price,0.02464
MED00135,10,log_price,0.02423
MED00136,10,log_price,-0.01811
MED00137,10,log_price,-0.02703
MED00138,10,log_price,-0.00365
MED00139,10,log_price,0.00382
MED00140,10,log_price,-0.00551
MED00141,10,log_price,-0.00868
MED00142,10,log_price,-0.02622
MED00143,10,log_price,0.00737
MED00144,10,log_price,0.00214
MED00145,10,log_price,-0.04961
MED00146,10,log_price,0.0518
MED00147,10,log_price,0.00049
MED00149,10,log_price,0.00627
MED00150,10,log_price,0.00427
MED00151,10,log_price,-0.00866
MED00152,10,log_price,0.0081
MED00153,10,log_price,0.00543
MED00154,10,log_price,0.02078
MED00155,10,log_price,-0.01028
MED00156,10,log_price,0.00747
MED00157,10,log_price,0.00092
MED00158,10,log_price,-0.02921
MED00159,10,log_price,-0.00245
MED00160,10,log_price,-0.00381
MED00161,10,log_price,0.00133
MED00162,10,log_price,-0.00518
MED00163,10,log_price,-0.06441
MED00164,10,log_price,-0.00753
MED00165,10,log_price,0.01743
MED00166,10,log_price,-0.00045
MED00167,10,log_price,0.0059
MED00168,10,log_price,0.01197
MED00169,10,log_price,-0.02862
MED00171,10,log_price,0.00124
MED00172,10,log_price,0.00455
MED00173,10,log_price,0.00613
MED00174,10,log_price,-0.0237
MED00175,10,log_price,-0.01869
MED00176,10,log_price,-0.00678
MED00177,10,log_price,-0.1033
MED00178,10,log_price,-0.0286
MED00179,10,log_price,-0.02391
MED00180,10,log_price,0.00417
MED00181,10,log_price,-0.00058
MED00182,10,log_price,-0.03971
MED00183,10,log_price,0.01225
MED00184,10,log_price,-0.04735
MED00185,10,log_price,-0.00247
MED00186,10,log_price,0.00746
MED00187,10,log_price,-0.00427
MED00188,10,log_price,-0.0021
MED00189,10,log_price,-0.07839
MED00190,10,log_price,0.0033
MED00191,10,log_price,-0.04197
MED00192,10,log_price,-0.20081
MED00193,10,log_price,-0.47209
MED00194,10,log_price,-0.00604
MED00195,10,log_price,-0.01548
MED00196,10,log_price,-0.00896
MED00197,10,log_price,-0.02872
MED00198,10,log_price,-0.00203
MED00199,10,log_price,-0.01232
MED00200,10,log_price,0.00283
MED00201,10,log_price,-0.0121
MED00202,10,log_price,-0.00322
MED00203,10,log_price,0.00411
MED00204,10,log_price,-0.01076
MED00205,10,log_price,0.00047
MED00206,10,log_price,0.0044
MED00207,10,log_price,-0.00472
MED00208,10,log_price,0.00641
MED00209,10,log_price,0.0292
MED00210,10,log_price,0.02109
MED00211,10,log_price,0.00127
MED00212,10,log_price,-0.00772
MED00213,10,log_price,0.00891
MED00214,10,log_price,-0.00163
MED00215,10,log_price,-0.00396
MED00216,10,log_price,-0.24556
MED00217,10,log_price,-0.05872
MED00218,10,log_price,-0.00566
MED00219,10,log_price,-0.00048
MED00220,10,log_price,-0.00643
MED00221,10,log_price,-0.00732
MED00222,10,log_price,0.01166
MED00223,10,log_price,-0.003
MED00224,10,log_price,0.00812
MED00225,10,log_price,-0.00105
MED00226,10,log_price,-0.00211
MED00227,10,log_price,0.02074
MED00228,10,log_price,0.00877
MED00229,10,log_price,-0.08439
MED00230,10,log_price,0.01801
MED00231,10,log_price,0.01034
MED00232,10,log_price,0.00388
MED00233,10,log_price,-0.04076
MED00234,10,log_price,0.00647
MED00235,10,log_price,-0.01623
MED00236,10,log_price,0.00882
MED00237,10,log_price,0.00039
MED00239,10,log_price,0.00866
MED00240,10,log_price,-0.00247
MED00241,10,log_price,-0.00926
MED00242,10,log_price,-0.02367
MED00243,10,log_price,-0.28349
MED00244,10,log_price,0.00787
MED00245,10,log_price,-0.0046
MED00246,10,log_price,-0.00524
MED00247,10,log_price,-0.00034
MED00248,10,log_price,-0.00549
MED00249,10,log_price,0.01114
MED00250,10,log_price,0.01346
MED00251,10,log_price,0.00418
MED00252,10,log_price,0.04363
MED00253,10,log_price,-0.01058
MED00254,10,log_price,0.04134
MED00255,10,log_price,-0.01161
MED00256,10,log_price,-0.00019
MED00257,10,log_price,0.01504
MED00258,10,log_price,0.00414
MED00259,10,log_price,0.00038
MED00260,10,log_price,-0.05266
MED00261,10,log_price,-0.0005
MED00262,10,log_price,-0.00466
MED00263,10,log_price,-0.00598
MED00264,10,log_price,-0.12758
MED00265,10,log_price,0.00199
MED00266,10,log_price,0.01192
MED00267,10,log_price,-0.00013
MED00268,10,log_price,0.00251
MED00269,10,log_price,0.00674
MED00270,10,log_price,0.00467
MED00271,10,log_price,-0.00803
MED00272,10,log_price,-0.00721
MED00273,10,log_price,-0.00595
MED00274,10,log_price,-0.10388
MED00275,10,log_price,-0.00855
MED00276,10,log_price,0.00495
MED00277,10,log_price,-0.07538
MED00278,10,log_price,0.00791
MED00279,10,log_price,0.01432
MED00280,10,log_price,-0.06734
MED00281,10,log_price,-0.00406
MED00282,10,log_price,0.00583
MED00283,10,log_price,-0.00724
MED00284,10,log_price,-0.00093
MED00285,10,log_price,-0.00528
MED00286,10,log_price,-0.00389
MED00287,10,log_price,0.0057
MED00288,10,log_price,-0.00421
MED00289,10,log_price,-0.00938
MED00290,10,log_price,0.00146
MED00291,10,log_price,-0.08917
MED00292,10,log_price,-0.04248
MED00293,10,log_price,-0.00132
MED00294,10,log_price,-0.00726
MED00295,10,log_price,-0.03897
MED00296,10,log_price,0.0022
MED00297,10,log_price,-0.00484
MED00298,10,log_price,0.00116
MED00299,10,log_price,-0.05247
MED00300,10,log_price,0.00112
MED00301,10,log_price,0.0104
MED00302,10,log_price,-0.00176
MED00303,10,log_price,-0.00587
MED00304,10,log_price,0.00384
MED00305,10,log_price,-0.00285
MED00306,10,log_price,-0.01839
MED00307,10,log_price,0.00209
MED00308,10,log_price,0.00492
MED00309,10,log_price,0.01027
MED00310,10,log_price,0.00321
MED00311,10,log_price,-0.00751
MED00312,10,log_price,0.00454
MED00313,10,log_price,-0.06503
MED00314,10,log_price,0.01332
MED00315,10,log_price,0.00269
MED00316,10,log_price,0.00397
MED00317,10,log_price,0.00801
MED00318,10,log_price,0.00349
MED00319,10,log_price,-0.00718
MED00320,10,log_price,-0.01585
MED00321,10,log_price,-0.03566
MED00322,10,log_price,-0.07537
MED00323,10,log_price,-0.06757
MED00324,10,log_price,-0.00195
MED00325,10,log_price,-0.00431
MED00326,10,log_price,-0.00317
MED00327,10,log_price,-0.00231
MED00328,10,log_price,0.00407
MED00329,10,log_price,0.00019
MED00330,10,log_price,0.00354
MED00331,10,log_price,0.00467
MED00332,10,log_price,-0.00047
MED00333,10,log_price,0.01833
MED00334,10,log_price,-0.02239
MED00335,10,log_price,0.01023
MED00336,10,log_price,-0.03383
MED00337,10,log_price,0.02274
MED00338,10,log_price,-0.01442
MED00339,10,log_price,-0.01554
MED00340,10,log_price,0.02248
MED00341,10,log_price,-0.00035
MED00342,10,log_price,0.00946
MED00343,10,log_price,-0.00564
MED00344,10,log_price,-0.01827
MED00345,10,log_price,-0.07552
MED00346,10,log_price,0.00165
MED00347,10,log_price,-0.14385
MED00348,10,log_price,-0.02795
MED00349,10,log_price,0.00744
MED00350,10,log_price,-0.02347
MED00351,10,log_price,-0.02697
MED00352,10,log_price,-0.1837
MED00353,10,log_price,0.02989
MED00354,10,log_price,0.02032
MED00355,10,log_price,-0.0006
MED00356,10,log_price,0.00448
MED00357,10,log_price,-0.02845
MED00358,10,log_price,-0.00166
MED00359,10,log_price,-0.01186
MED00360,10,log_price,-0.01593
MED00361,10,log_price,0.00779
MED00362,10,log_price,0.00616
MED00363,10,log_price,0.00566
MED00364,10,log_price,-0.16414
MED00365,10,log_price,-0.01218
MED00366,10,log_price,-0.00022
MED00367,10,log_price,-0.01237
MED00368,10,log_price,-0.00577
MED00369,10,log_price,-0.00458
MED00370,10,log_price,-0.07538
MED00371,10,log_price,-0.00467
MED00372,10,log_price,-0.02729
MED00373,10,log_price,-0.0625
MED00374,10,log_price,-0.00741
MED00375,10,log_price,-0.00783
MED00376,10,log_price,0.00415
MED00377,10,log_price,-0.08856
MED00378,10,log_price,-0.04584
MED00379,10,log_price,-0.04242
MED00380,10,log_price,-0.00266
MED00381,10,log_price,0.02379
MED00382,10,log_price,-0.01112
MED00383,10,log_price,-0.00628
MED00384,10,log_price,-0.00263
MED00385,10,log_price,-0.00423
MED00386,10,log_price,-0.00872
MED00387,10,log_price,-0.00858
MED00388,10,log_price,0.03187
MED00389,10,log_price,0.00422
MED00390,10,log_price,-0.00506
MED00391,10,log_price,0.0095
MED00392,10,log_price,0.00201
MED00393,10,log_price,-0.00277
MED00394,10,log_price,-0.00279
MED00395,10,log_price,-0.00457
MED00396,10,log_price,-0.01679
MED00397,10,log_price,-0.01733
MED00398,10,log_price,0.00107
MED00399,10,log_price,0.0177
MED00400,10,log_price,0.02891
MED00401,10,log_price,-0.01314
MED00402,10,log_price,0.02534
MED00403,10,log_price,0.00056
MED00404,10,log_price,0.00538
MED00405,10,log_price,0.002
MED00406,10,log_price,0.0145
MED00407,10,log_price,-0.00529
MED00408,10,log_price,-0.01568
MED00409,10,log_price,0.01154
MED00410,10,log_price,-0.00487
MED00411,10,log_price,-0.00024
MED00412,10,log_price,-0.00117
MED00413,10,log_price,0.00913
MED00414,10,log_price,0.00107
MED00415,10,log_price,-0.0031
MED00416,10,log_price,0.00287
MED00417,10,log_price,-0.00074
MED00418,10,log_price,-0.00168
MED00419,10,log_price,-0.0046
MED00420,10,log_price,-0.00101
MED00421,10,log_price,0.01895
MED00422,10,log_price,0.00543
MED00423,10,log_price,-0.00488
MED00424,10,log_price,0.01368
MED00001,11,log_price,0.00023
MED00002,11,log_price,-0.42546
MED00003,11,log_price,-0.0606
MED00004,11,log_price,-0.03178
MED00005,11,log_price,0.02459
MED00006,11,log_price,0.00717
MED00007,11,log_price,0.14317
MED00008,11,log_price,-0.07735
MED00009,11,log_price,0.0014
MED00010,11,log_price,-0.07349
MED00011,11,log_price,0.00344
MED00012,11,log_price,-0.01077
MED00013,11,log_price,0.00016
MED00014,11,log_price,-0.00163
MED00015,11,log_price,-0.0599
MED00016,11,log_price,-0.00297
MED00017,11,log_price,0.00714
MED00018,11,log_price,0.01948
MED00019,11,log_price,0.01523
MED00020,11,log_price,-0.01388
MED00021,11,log_price,-0.00227
MED00022,11,log_price,0.0044
MED00023,11,log_price,0.01016
MED00024,11,log_price,-0.00905
MED00025,11,log_price,-0.23302
MED00026,11,log_price,-0.01165
MED00027,11,log_price,-0.09013
MED00028,11,log_price,-0.0725
MED00029,11,log_price,-0.00277
MED00030,11,log_price,0.00611
MED00031,11,log_price,-0.01075
MED00032,11,log_price,0.00793
MED00033,11,log_price,-0.01416
MED00034,11,log_price,0.02063
MED00035,11,log_price,-0.01118
MED00036,11,log_price,-0.03945
MED00037,11,log_price,-0.01094
MED00038,11,log_price,-0.00542
MED00039,11,log_price,0.01084
MED00040,11,log_price,-0.02031
MED00041,11,log_price,0.01956
MED00042,11,log_price,-0.01257
MED00043,11,log_price,-0.03128
MED00044,11,log_price,0.00969
MED00045,11,log_price,0.00654
MED00046,11,log_price,-0.00701
MED00047,11,log_price,-0.00303
MED00048,11,log_price,-0.00328
MED00049,11,log_price,-0.07902
MED00050,11,log_price,0.00402
MED00051,11,log_price,-0.2584
MED00052,11,log_price,-0.06123
MED00053,11,log_price,-0.01079
MED00054,11,log_price,-0.0035
MED00055,11,log_price,-0.0429
MED00056,11,log_price,0.00911
MED00057,11,log_price,-0.08127
MED00058,11,log_price,0.00836
MED00059,11,log_price,-0.00205
MED00060,11,log_price,-0.0038
MED00061,11,log_price,-0.05197
MED00062,11,log_price,0.00114
MED00063,11,log_price,-0.19721
MED00064,11,log_price,-0.03589
MED00065,11,log_price,-0.02112
MED00066,11,log_price,-0.06086
MED00067,11,log_price,-0.00341
MED00068,11,log_price,0.01257
MED00069,11,log_price,-0.00272
MED00070,11,log_price,-0.00978
MED00071,11,log_price,0.01125
MED00072,11,log_price,-0.00171
MED00073,11,log_price,-0.00326
MED00074,11,log_price,0.01384
MED00075,11,log_price,-0.00571
MED00076,11,log_price,-0.0629
MED00077,11,log_price,-0.01326
MED00078,11,log_price,-0.01061
MED00079,11,log_price,-0.00673
MED00080,11,log_price,-0.00446
MED00081,11,log_price,-0.1349
MED00082,11,log_price,-0.00055
MED00083,11,log_price,-0.00874
MED00084,11,log_price,-0.0112
MED00085,11,log_price,0.00732
MED00086,11,log_price,0.0333
MED00087,11,log_price,-0.00139
MED00088,11,log_price,0.00596
MED00089,11,log_price,0.01556
MED00090,11,log_price,-0.00809
MED00091,11,log_price,-0.00563
MED00092,11,log_price,-0.00523
MED00093,11,log_price,-0.01517
MED00094,11,log_price,-0.03301
MED00095,11,log_price,-0.00197
MED00096,11,log_price,-0.00827
MED00097,11,log_price,0.0094
MED00098,11,log_price,0.00221
MED00099,11,log_price,0.00743
MED00100,11,log_price,-0.1631
MED00101,11,log_price,-0.02948
MED00102,11,log_price,-0.03356
MED00103,11,log_price,0.00557
MED00104,11,log_price,-0.00314
MED00105,11,log_price,-0.00194
MED00106,11,log_price,-0.17484
MED00107,11,log_price,-0.00029
MED00108,11,log_price,-0.00291
MED00109,11,log_price,0.01491
MED00110,11,log_price,-0.03791
MED00111,11,log_price,-0.08082
MED00112,11,log_price,-0.00333
MED00113,11,log_price,-0.01067
MED00114,11,log_price,0.01547
MED00115,11,log_price,0.00109
MED00116,11,log_price,0.0066
MED00117,11,log_price,0.00151
MED00118,11,log_price,0.00796
MED00119,11,log_price,-0.00845
MED00120,11,log_price,-0.0049
MED00121,11,log_price,-0.00431
MED00122,11,log_price,-0.00381
MED00123,11,log_price,-0.04987
MED00124,11,log_price,-0.00615
MED00125,11,log_price,-0.08106
MED00126,11,log_price,-0.02336
MED00127,11,log_price,-0.0101
MED00128,11,log_price,-0.00272
MED00129,11,log_price,0.01935
MED00130,11,log_price,-0.07839
MED00131,11,log_price,-0.00828
MED00132,11,log_price,-0.01904
MED00133,11,log_price,0.02058
MED00134,11,log_price,0.02873
MED00135,11,log_price,0.0259
MED00136,11,log_price,-0.00852
MED00137,11,log_price,-0.02583
MED00138,11,log_price,-0.00386
MED00139,11,log_price,0.00362
MED00140,11,log_price,-0.00553
MED00141,11,log_price,-0.00826
MED00142,11,log_price,-0.02608
MED00143,11,log_price,0.00707
MED00144,11,log_price,0.00175
MED00145,11,log_price,-0.04613
MED00146,11,log_price,0.04967
MED00147,11,log_price,-0.00035
MED00149,11,log_price,0.00594
MED00150,11,log_price,0.00353
MED00151,11,log_price,-0.00911
MED00152,11,log_price,0.00736
MED00153,11,log_price,0.00483
MED00154,11,log_price,0.02077
MED00155,11,log_price,-0.01062
MED00156,11,log_price,0.00712
MED00157,11,log_price,0.00112
MED00158,11,log_price,-0.02836
MED00159,11,log_price,-0.00217
MED00160,11,log_price,-0.00418
MED00161,11,log_price,0.0009
MED00162,11,log_price,-0.00524
MED00163,11,log_price,-0.06319
MED00164,11,log_price,-0.00795
MED00165,11,log_price,0.0084
MED00166,11,log_price,-0.00057
MED00167,11,log_price,0.00574
MED00168,11,log_price,0.01089
MED00169,11,log_price,-0.03018
MED00170,11,log_price,-0.00026
MED00171,11,log_price,0.00113
MED00172,11,log_price,0.00239
MED00173,11,log_price,0.00578
MED00174,11,log_price,-0.02408
MED00175,11,log_price,-0.01689
MED00176,11,log_price,-0.00645
MED00177,11,log_price,-0.09631
MED00178,11,log_price,-0.02106
MED00179,11,log_price,-0.02092
MED00180,11,log_price,0.00325
MED00181,11,log_price,-0.00072
MED00182,11,log_price,-0.03569
MED00183,11,log_price,0.01355
MED00184,11,log_price,-0.04845
MED00185,11,log_price,-0.00332
MED00186,11,log_price,0.00741
MED00187,11,log_price,-0.00449
MED00188,11,log_price,-0.00186
MED00189,11,log_price,-0.07562
MED00190,11,log_price,0.00252
MED00191,11,log_price,-0.04845
MED00192,11,log_price,-0.19711
MED00193,11,log_price,-0.45388
MED00194,11,log_price,0.0043
MED00195,11,log_price,-0.01567
MED00196,11,log_price,-0.0097
MED00197,11,log_price,-0.02049
MED00198,11,log_price,-0.00246
MED00199,11,log_price,-0.01315
MED00200,11,log_price,0.00257
MED00201,11,log_price,-0.01311
MED00202,11,log_price,-0.00376
MED00203,11,log_price,0.00391
MED00204,11,log_price,-0.01116
MED00206,11,log_price,0.00518
MED00207,11,log_price,-0.00532
MED00208,11,log_price,0.0061
MED00209,11,log_price,0.02311
MED00210,11,log_price,0.022
MED00211,11,log_price,0.00097
MED00212,11,log_price,-0.00801
MED00213,11,log_price,0.01119
MED00214,11,log_price,-0.00251
MED00215,11,log_price,-0.00426
MED00216,11,log_price,-0.24139
MED00217,11,log_price,-0.05525
MED00218,11,log_price,-0.00646
MED00219,11,log_price,-0.00148
MED00220,11,log_price,-0.00649
MED00221,11,log_price,-0.00716
MED00222,11,log_price,0.01394
MED00223,11,log_price,-0.00228
MED00224,11,log_price,0.00794
MED00225,11,log_price,-0.00191
MED00226,11,log_price,-0.0018
MED00227,11,log_price,0.02115
MED00228,11,log_price,0.00872
MED00229,11,log_price,-0.07598
MED00230,11,log_price,0.01788
MED00231,11,log_price,0.01024
MED00232,11,log_price,0.00365
MED00233,11,log_price,-0.03323
MED00234,11,log_price,0.00647
MED00235,11,log_price,-0.01622
MED00236,11,log_price,0.00887
MED00237,11,log_price,-0.00099
MED00238,11,log_price,0.00119
MED00239,11,log_price,0.00882
MED00240,11,log_price,-0.0028
MED00241,11,log_price,-0.00969
MED00242,11,log_price,-0.01537
MED00243,11,log_price,-0.28022
MED00244,11,log_price,0.00748
MED00245,11,log_price,-0.00771
MED00246,11,log_price,-0.00586
MED00247,11,log_price,-0.00082
MED00248,11,log_price,-0.00608
MED00249,11,log_price,0.01247
MED00250,11,log_price,0.01465
MED00251,11,log_price,0.0032
MED00252,11,log_price,0.04296
MED00253,11,log_price,-0.01039
MED00254,11,log_price,0.04006
MED00255,11,log_price,-0.01074
MED00256,11,log_price,-0.00091
MED00257,11,log_price,0.01563
MED00258,11,log_price,0.00396
MED00259,11,log_price,0.00018
MED00260,11,log_price,-0.05754
MED00261,11,log_price,0.00079
MED00262,11,log_price,-0.00609
MED00263,11,log_price,-0.00628
MED00264,11,log_price,-0.12609
MED00265,11,log_price,0.00138
MED00266,11,log_price,0.01232
MED00268,11,log_price,0.00241
MED00269,11,log_price,0.00668
MED00270,11,log_price,0.00421
MED00271,11,log_price,0.00145
MED00272,11,log_price,-0.00743
MED00273,11,log_price,-0.0065
MED00274,11,log_price,-0.09971
MED00275,11,log_price,-0.00898
MED00276,11,log_price,0.00476
MED00277,11,log_price,-0.07262
MED00278,11,log_price,0.00764
MED00279,11,log_price,0.01586
MED00280,11,log_price,-0.06411
MED00281,11,log_price,-0.00499
MED00282,11,log_price,0.00549
MED00283,11,log_price,-0.00772
MED00284,11,log_price,-0.00065
MED00285,11,log_price,-0.00508
MED00286,11,log_price,-0.00575
MED00287,11,log_price,0.00608
MED00288,11,log_price,-0.00344
MED00289,11,log_price,-0.00897
MED00290,11,log_price,0.00143
MED00291,11,log_price,-0.09207
MED00292,11,log_price,-0.04396
MED00293,11,log_price,-0.00181
MED00294,11,log_price,-0.00592
MED00295,11,log_price,-0.03598
MED00296,11,log_price,0.00228
MED00297,11,log_price,-0.00519
MED00298,11,log_price,0.00021
MED00299,11,log_price,-0.0493
MED00300,11,log_price,0.00066
MED00301,11,log_price,0.01003
MED00302,11,log_price,-0.00084
MED00303,11,log_price,-0.00607
MED00304,11,log_price,0.00409
MED00305,11,log_price,-0.00284
MED00306,11,log_price,-0.01591
MED00307,11,log_price,0.00201
MED00308,11,log_price,0.00695
MED00309,11,log_price,0.01075
MED00310,11,log_price,0.00282
MED00311,11,log_price,-0.00784
MED00312,11,log_price,0.00782
MED00313,11,log_price,-0.08061
MED00314,11,log_price,0.0147
MED00315,11,log_price,0.00249
MED00316,11,log_price,0.00376
MED00317,11,log_price,0.0077
MED00318,11,log_price,0.00348
MED00319,11,log_price,-0.0078
MED00320,11,log_price,-0.01532
MED00321,11,log_price,-0.02612
MED00322,11,log_price,-0.0727
MED00323,11,log_price,-0.06525
MED00324,11,log_price,-0.00162
MED00325,11,log_price,-0.00476
MED00326,11,log_price,-0.00352
MED00327,11,log_price,-0.00254
MED00328,11,log_price,0.00379
MED00330,11,log_price,0.00269
MED00331,11,log_price,0.00456
MED00332,11,log_price,-0.00132
MED00333,11,log_price,0.01988
MED00334,11,log_price,-0.02558
MED00335,11,log_price,0.0107
MED00336,11,log_price,-0.03516
MED00337,11,log_price,0.01664
MED00338,11,log_price,-0.01347
MED00339,11,log_price,-0.01579
MED00340,11,log_price,0.02213
MED00341,11,log_price,-0.00102
MED00342,11,log_price,0.00921
MED00343,11,log_price,-0.00638
MED00344,11,log_price,-0.0155
MED00345,11,log_price,-0.07262
MED00346,11,log_price,0.00235
MED00347,11,log_price,-0.12125
MED00348,11,log_price,-0.02808
MED00349,11,log_price,0.00733
MED00350,11,log_price,-0.01486
MED00351,11,log_price,-0.02379
MED00352,11,log_price,-0.17946
MED00353,11,log_price,0.03231
MED00354,11,log_price,0.02174
MED00355,11,log_price,-0.00248
MED00356,11,log_price,0.00429
MED00357,11,log_price,-0.02783
MED00358,11,log_price,-0.00152
MED00359,11,log_price,-0.01221
MED00360,11,log_price,-0.01628
MED00361,11,log_price,0.00751
MED00362,11,log_price,0.00546
MED00363,11,log_price,0.00542
MED00364,11,log_price,-0.14154
MED00365,11,log_price,-0.01238
MED00366,11,log_price,-0.00046
MED00367,11,log_price,-0.01288
MED00368,11,log_price,-0.00604
MED00369,11,log_price,-0.00425
MED00370,11,log_price,-0.08271
MED00371,11,log_price,-0.0058
MED00372,11,log_price,-0.02679
MED00373,11,log_price,-0.06182
MED00374,11,log_price,-0.00815
MED00375,11,log_price,-0.00836
MED00376,11,log_price,0.00417
MED00377,11,log_price,-0.08361
MED00378,11,log_price,-0.0559
MED00379,11,log_price,-0.02734
MED00380,11,log_price,0.00201
MED00381,11,log_price,0.01687
MED00382,11,log_price,-0.01181
MED00383,11,log_price,-0.00585
MED00384,11,log_price,-0.00304
MED00385,11,log_price,-0.00523
MED00386,11,log_price,-0.00985
MED00387,11,log_price,-0.00923
MED00388,11,log_price,0.03193
MED00389,11,log_price,0.00427
MED00390,11,log_price,-0.00672
MED00391,11,log_price,0.00956
MED00392,11,log_price,0.00159
MED00393,11,log_price,-0.00347
MED00394,11,log_price,-0.00321
MED00395,11,log_price,-0.00538
MED00396,11,log_price,-0.01968
MED00397,11,log_price,-0.01778
MED00398,11,log_price,0.00079
MED00399,11,log_price,0.01936
MED00400,11,log_price,0.03304
MED00401,11,log_price,-0.00829
MED00402,11,log_price,0.02553
MED00403,11,log_price,0.00028
MED00404,11,log_price,0.00507
MED00405,11,log_price,0.00195
MED00406,11,log_price,0.01472
MED00407,11,log_price,-0.00623
MED00408,11,log_price,-0.01662
MED00409,11,log_price,0.01192
MED00410,11,log_price,-0.00505
MED00411,11,log_price,-0.00112
MED00412,11,log_price,-0.00115
MED00413,11,log_price,0.00886
MED00414,11,log_price,0.00065
MED00415,11,log_price,-0.00318
MED00416,11,log_price,0.00244
MED00417,11,log_price,-0.00068
MED00418,11,log_price,-0.00217
MED00419,11,log_price,-0.00507
MED00420,11,log_price,-0.00138
MED00421,11,log_price,0.01907
MED00422,11,log_price,0.00533
MED00423,11,log_price,-0.00577
MED00424,11,log_price,0.01306
MED00001,12,log_price,-0.00203
MED00002,12,log_price,-0.42058
MED00003,12,log_price,-0.03795
MED00004,12,log_price,-0.02101
MED00005,12,log_price,0.0158
MED00006,12,log_price,0.00748
MED00007,12,log_price,0.12721
MED00008,12,log_price,-0.0669
MED00009,12,log_price,-0.0007
MED00010,12,log_price,0.01133
MED00011,12,log_price,0.00773
MED00012,12,log_price,-0.01161
MED00013,12,log_price,-0.00182
MED00014,12,log_price,0.0004
MED00015,12,log_price,-0.05937
MED00016,12,log_price,-0.00364
MED00017,12,log_price,0.00474
MED00018,12,log_price,0.01953
MED00019,12,log_price,0.01265
MED00020,12,log_price,-0.01492
MED00021,12,log_price,-0.00341
MED00022,12,log_price,0.00165
MED00023,12,log_price,0.00983
MED00024,12,log_price,-0.01032
MED00025,12,log_price,-0.20402
MED00026,12,log_price,0.01409
MED00027,12,log_price,-0.08143
MED00028,12,log_price,-0.06223
MED00029,12,log_price,-0.00416
MED00030,12,log_price,0.00634
MED00031,12,log_price,-0.01167
MED00032,12,log_price,0.00684
MED00033,12,log_price,-0.01511
MED00034,12,log_price,0.01996
MED00035,12,log_price,-0.07688
MED00036,12,log_price,-0.03149
MED00037,12,log_price,-0.01222
MED00038,12,log_price,-0.00612
MED00039,12,log_price,0.00989
MED00040,12,log_price,0.03881
MED00041,12,log_price,0.02733
MED00042,12,log_price,-0.01373
MED00043,12,log_price,0.00584
MED00044,12,log_price,0.00875
MED00045,12,log_price,0.0052
MED00046,12,log_price,-0.00696
MED00047,12,log_price,-0.00392
MED00048,12,log_price,-0.00548
MED00049,12,log_price,-0.06654
MED00050,12,log_price,0.00266
MED00051,12,log_price,-0.22189
MED00052,12,log_price,-0.0449
MED00053,12,log_price,-0.01162
MED00054,12,log_price,-0.00475
MED00055,12,log_price,-0.03381
MED00056,12,log_price,0.01111
MED00057,12,log_price,-0.06654
MED00058,12,log_price,0.00785
MED00059,12,log_price,-0.00406
MED00060,12,log_price,-0.00556
MED00061,12,log_price,-0.02567
MED00062,12,log_price,-0.00131
MED00063,12,log_price,-0.18291
MED00064,12,log_price,-0.03744
MED00065,12,log_price,-0.02337
MED00066,12,log_price,-0.04102
MED00067,12,log_price,-0.00338
MED00068,12,log_price,0.01139
MED00069,12,log_price,-0.00417
MED00070,12,log_price,-0.01108
MED00071,12,log_price,0.01017
MED00072,12,log_price,-0.0047
MED00073,12,log_price,-0.00346
MED00074,12,log_price,0.01269
MED00075,12,log_price,-0.00577
MED00076,12,log_price,-0.04272
MED00077,12,log_price,-0.01493
MED00078,12,log_price,-0.01285
MED00079,12,log_price,-0.00908
MED00080,12,log_price,0.00056
MED00081,12,log_price,-0.11894
MED00082,12,log_price,-0.00125
MED00083,12,log_price,-0.00984
MED00084,12,log_price,-0.01362
MED00085,12,log_price,0.00527
MED00086,12,log_price,0.03959
MED00087,12,log_price,-0.00301
MED00088,12,log_price,0.00495
MED00089,12,log_price,0.01445
MED00090,12,log_price,-0.00936
MED00091,12,log_price,-0.00736
MED00092,12,log_price,-0.00641
MED00093,12,log_price,0.00903
MED00094,12,log_price,-0.01524
MED00095,12,log_price,-0.0036
MED00096,12,log_price,-0.01147
MED00097,12,log_price,0.01437
MED00098,12,log_price,0.00034
MED00099,12,log_price,0.01785
MED00100,12,log_price,-0.12842
MED00101,12,log_price,-0.01239
MED00102,12,log_price,0.04244
MED00103,12,log_price,0.00459
MED00104,12,log_price,-0.00479
MED00105,12,log_price,-0.00317
MED00106,12,log_price,-0.16665
MED00107,12,log_price,-0.00197
MED00108,12,log_price,-0.00363
MED00109,12,log_price,0.02166
MED00110,12,log_price,-0.03656
MED00111,12,log_price,-0.06226
MED00112,12,log_price,-0.00436
MED00113,12,log_price,-0.01173
MED00114,12,log_price,0.01463
MED00115,12,log_price,-0.00048
MED00116,12,log_price,0.00517
MED00117,12,log_price,0.0003
MED00118,12,log_price,0.00653
MED00119,12,log_price,-0.00894
MED00120,12,log_price,-0.00396
MED00121,12,log_price,-0.0049
MED00122,12,log_price,-0.00502
MED00123,12,log_price,-0.03987
MED00124,12,log_price,-0.006
MED00125,12,log_price,-0.08003
MED00126,12,log_price,-0.02257
MED00127,12,log_price,-0.01145
MED00128,12,log_price,-0.00404
MED00129,12,log_price,0.01612
MED00130,12,log_price,-0.065
MED00131,12,log_price,-0.00921
MED00132,12,log_price,-0.01275
MED00133,12,log_price,0.02831
MED00134,12,log_price,0.04616
MED00135,12,log_price,0.02538
MED00136,12,log_price,-0.00714
MED00137,12,log_price,-0.02102
MED00138,12,log_price,-0.00563
MED00139,12,log_price,0.00232
MED00140,12,log_price,-0.00688
MED00141,12,log_price,-0.00896
MED00142,12,log_price,-0.02452
MED00143,12,log_price,0.00528
MED00144,12,log_price,0.0002
MED00145,12,log_price,-0.0202
MED00146,12,log_price,0.03843
MED00147,12,log_price,-0.002
MED00148,12,log_price,-0.00157
MED00149,12,log_price,0.0046
MED00150,12,log_price,0.0019
MED00151,12,log_price,-0.00992
MED00152,12,log_price,0.00571
MED00153,12,log_price,0.00338
MED00154,12,log_price,0.01905
MED00155,12,log_price,-0.01164
MED00156,12,log_price,0.00675
MED00157,12,log_price,-0.0005
MED00158,12,log_price,-0.00042
MED00159,12,log_price,-0.00364
MED00160,12,log_price,-0.006
MED00161,12,log_price,-0.00051
MED00162,12,log_price,-0.00631
MED00163,12,log_price,-0.05649
MED00164,12,log_price,-0.00888
MED00165,12,log_price,0.00483
MED00166,12,log_price,-0.00154
MED00167,12,log_price,0.00388
MED00168,12,log_price,0.00948
MED00169,12,log_price,-0.00713
MED00170,12,log_price,-0.00223
MED00171,12,log_price,-0.0005
MED00172,12,log_price,0.00343
MED00173,12,log_price,0.0039
MED00174,12,log_price,-0.02683
MED00175,12,log_price,-0.01285
MED00176,12,log_price,-0.00933
MED00177,12,log_price,-0.0648
MED00178,12,log_price,0.00311
MED00179,12,log_price,-0.00523
MED00180,12,log_price,0.00186
MED00181,12,log_price,-0.00224
MED00182,12,log_price,0.02216
MED00183,12,log_price,0.01594
MED00184,12,log_price,-0.04903
MED00185,12,log_price,-0.00408
MED00186,12,log_price,0.00572
MED00187,12,log_price,-0.00464
MED00188,12,log_price,-0.00375
MED00189,12,log_price,-0.04833
MED00190,12,log_price,0.0007
MED00191,12,log_price,-0.01872
MED00192,12,log_price,-0.17893
MED00193,12,log_price,-0.44612
MED00194,12,log_price,0.00268
MED00195,12,log_price,-0.01764
MED00196,12,log_price,-0.01155
MED00197,12,log_price,-0.02208
MED00198,12,log_price,-0.00347
MED00199,12,log_price,-0.013
MED00200,12,log_price,0.00093
MED00201,12,log_price,-0.01469
MED00202,12,log_price,-0.00565
MED00203,12,log_price,0.00098
MED00204,12,log_price,-0.01159
MED00205,12,log_price,-0.00159
MED00206,12,log_price,0.00695
MED00207,12,log_price,-0.0058
MED00208,12,log_price,0.00446
MED00209,12,log_price,0.01568
MED00210,12,log_price,0.01502
MED00211,12,log_price,-0.00087
MED00212,12,log_price,-0.00924
MED00213,12,log_price,0.01804
MED00214,12,log_price,-0.00288
MED00215,12,log_price,-0.00593
MED00216,12,log_price,-0.21864
MED00217,12,log_price,-0.04181
MED00218,12,log_price,-0.00817
MED00219,12,log_price,-0.00371
MED00220,12,log_price,-0.00788
MED00221,12,log_price,-0.00738
MED00222,12,log_price,0.01898
MED00223,12,log_price,-0.00266
MED00224,12,log_price,0.00699
MED00225,12,log_price,-0.00396
MED00226,12,log_price,-0.00316
MED00227,12,log_price,0.01905
MED00228,12,log_price,0.00715
MED00229,12,log_price,-0.05221
MED00230,12,log_price,0.0156
MED00231,12,log_price,0.01
MED00232,12,log_price,0.00212
MED00233,12,log_price,-0.05163
MED00234,12,log_price,0.00475
MED00235,12,log_price,-0.02121
MED00236,12,log_price,0.0071
MED00237,12,log_price,-0.00329
MED00238,12,log_price,0.0089
MED00239,12,log_price,0.00701
MED00240,12,log_price,-0.0043
MED00241,12,log_price,-0.01084
MED00242,12,log_price,-0.0052
MED00243,12,log_price,-0.27576
MED00244,12,log_price,0.00603
MED00245,12,log_price,-0.01258
MED00246,12,log_price,-0.0072
MED00247,12,log_price,-0.00232
MED00248,12,log_price,-0.0073
MED00249,12,log_price,0.01208
MED00250,12,log_price,0.01371
MED00251,12,log_price,0.00093
MED00252,12,log_price,0.04829
MED00253,12,log_price,-0.01199
MED00254,12,log_price,0.0459
MED00255,12,log_price,-0.01194
MED00256,12,log_price,-0.00166
MED00257,12,log_price,0.01352
MED00258,12,log_price,0.00221
MED00259,12,log_price,-0.0018
MED00260,12,log_price,-0.06255
MED00261,12,log_price,0.00154
MED00262,12,log_price,-0.00748
MED00263,12,log_price,-0.00625
MED00264,12,log_price,-0.11157
MED00265,12,log_price,-0.00012
MED00266,12,log_price,0.01175
MED00267,12,log_price,-0.00185
MED00268,12,log_price,0.00062
MED00269,12,log_price,0.00493
MED00270,12,log_price,0.00197
MED00271,12,log_price,0.00043
MED00272,12,log_price,-0.00873
MED00273,12,log_price,-0.00786
MED00274,12,log_price,-0.11396
MED00275,12,log_price,-0.01077
MED00276,12,log_price,0.00383
MED00277,12,log_price,-0.04766
MED00278,12,log_price,0.006
MED00279,12,log_price,0.01502
MED00280,12,log_price,-0.04486
MED00281,12,log_price,-0.00681
MED00282,12,log_price,0.00357
MED00283,12,log_price,-0.00935
MED00284,12,log_price,-0.00016
MED00285,12,log_price,-0.00665
MED00286,12,log_price,-0.00743
MED00287,12,log_price,0.00424
MED00288,12,log_price,-0.00509
MED00289,12,log_price,-0.01106
MED00291,12,log_price,-0.05917
MED00292,12,log_price,-0.02568
MED00293,12,log_price,-0.00401
MED00294,12,log_price,-0.0067
MED00295,12,log_price,-0.02456
MED00296,12,log_price,0.00064
MED00297,12,log_price,-0.00653
MED00298,12,log_price,-0.0006
MED00299,12,log_price,-0.03942
MED00300,12,log_price,-0.00169
MED00301,12,log_price,0.00905
MED00302,12,log_price,-0.00227
MED00303,12,log_price,-0.00772
MED00304,12,log_price,0.00272
MED00305,12,log_price,-0.00385
MED00306,12,log_price,-0.07659
MED00307,12,log_price,0.00088
MED00308,12,log_price,0.00938
MED00309,12,log_price,0.01085
MED00310,12,log_price,0.00115
MED00311,12,log_price,-0.00913
MED00312,12,log_price,0.01851
MED00313,12,log_price,-0.09565
MED00314,12,log_price,0.01449
MED00315,12,log_price,0.0009
MED00316,12,log_price,0.00191
MED00317,12,log_price,0.0058
MED00318,12,log_price,0.00074
MED00319,12,log_price,-0.00686
MED00320,12,log_price,-0.017
MED00321,12,log_price,-0.01889
MED00322,12,log_price,-0.06022
MED00323,12,log_price,-0.05609
MED00324,12,log_price,-0.00236
MED00325,12,log_price,-0.00604
MED00326,12,log_price,-0.00488
MED00327,12,log_price,-0.0043
MED00328,12,log_price,0.00199
MED00329,12,log_price,-0.00181
MED00330,12,log_price,0.0011
MED00331,12,log_price,0.00284
MED00332,12,log_price,-0.00277
MED00333,12,log_price,0.02067
MED00334,12,log_price,-0.02716
MED00335,12,log_price,0.00861
MED00336,12,log_price,-0.01739
MED00337,12,log_price,0.0226
MED00338,12,log_price,-0.01112
MED00339,12,log_price,-0.01621
MED00340,12,log_price,0.02309
MED00341,12,log_price,-0.00266
MED00342,12,log_price,0.00741
MED00343,12,log_price,-0.00542
MED00344,12,log_price,-0.00887
MED00345,12,log_price,-0.06675
MED00346,12,log_price,0.00176
MED00347,12,log_price,-0.09658
MED00348,12,log_price,-0.03399
MED00349,12,log_price,0.00584
MED00350,12,log_price,-0.00815
MED00351,12,log_price,-0.01454
MED00352,12,log_price,-0.19798
MED00353,12,log_price,0.03978
MED00354,12,log_price,0.02096
MED00355,12,log_price,-0.00443
MED00356,12,log_price,0.0031
MED00357,12,log_price,0.00466
MED00358,12,log_price,-0.00341
MED00359,12,log_price,-0.013
MED00360,12,log_price,-0.01862
MED00361,12,log_price,0.0057
MED00362,12,log_price,0.00364
MED00363,12,log_price,0.00352
MED00364,12,log_price,-0.11365
MED00365,12,log_price,-0.01372
MED00366,12,log_price,-0.00228
MED00367,12,log_price,-0.014
MED00368,12,log_price,-0.00755
MED00369,12,log_price,-0.0069
MED00370,12,log_price,-0.06775
MED00371,12,log_price,-0.00784
MED00372,12,log_price,0.00293
MED00373,12,log_price,-0.05776
MED00374,12,log_price,-0.00995
MED00375,12,log_price,-0.01032
MED00376,12,log_price,0.00228
MED00377,12,log_price,-0.05778
MED00378,12,log_price,-0.03796
MED00379,12,log_price,-0.04838
MED00380,12,log_price,0.00804
MED00381,12,log_price,0.01522
MED00382,12,log_price,-0.01343
MED00383,12,log_price,-0.00706
MED00384,12,log_price,-0.00399
MED00385,12,log_price,-0.00608
MED00386,12,log_price,-0.00984
MED00387,12,log_price,-0.00926
MED00388,12,log_price,0.03362
MED00389,12,log_price,0.00218
MED00390,12,log_price,-0.00779
MED00391,12,log_price,0.01016
MED00392,12,log_price,-0.00056
MED00393,12,log_price,-0.00447
MED00394,12,log_price,-0.00408
MED00395,12,log_price,-0.00609
MED00396,12,log_price,-0.02581
MED00397,12,log_price,-0.02271
MED00399,12,log_price,0.01865
MED00400,12,log_price,0.0461
MED00401,12,log_price,0.00799
MED00402,12,log_price,0.02576
MED00403,12,log_price,-0.00057
MED00404,12,log_price,0.00342
MED00405,12,log_price,0.001
MED00406,12,log_price,0.01386
MED00407,12,log_price,-0.00742
MED00408,12,log_price,-0.01432
MED00409,12,log_price,0.01124
MED00410,12,log_price,-0.00632
MED00411,12,log_price,-0.00336
MED00412,12,log_price,-0.00305
MED00413,12,log_price,0.00813
MED00414,12,log_price,-0.00183
MED00415,12,log_price,-0.00498
MED00416,12,log_price,0.0005
MED00417,12,log_price,-0.00224
MED00418,12,log_price,-0.00382
MED00419,12,log_price,-0.00631
MED00420,12,log_price,-0.00289
MED00421,12,log_price,0.01816
MED00422,12,log_price,0.00339
MED00423,12,log_price,-0.00755
MED00424,12,log_price,0.01176
MED00001,1,rx_share,0.00419
MED00002,1,rx_share,-0.01389
MED00003,1,rx_share,-0.01594
MED00004,1,rx_share,-0.03149
MED00005,1,rx_share,-0.09207
MED00006,1,rx_share,-0.01806
MED00007,1,rx_share,0.00879
MED00008,1,rx_share,0.04294
MED00009,1,rx_share,-0.01946
MED00010,1,rx_share,-0.01046
MED00011,1,rx_share,-0.03092
MED00012,1,rx_share,-0.01913
MED00013,1,rx_share,-0.00418
MED00014,1,rx_share,-0.00872
MED00015,1,rx_share,0.07301
MED00016,1,rx_share,-0.01337
MED00017,1,rx_share,-0.00577
MED00018,1,rx_share,0.02736
MED00019,1,rx_share,0.04715
MED00020,1,rx_share,-0.04649
MED00021,1,rx_share,0.01305
MED00022,1,rx_share,0.0063
MED00023,1,rx_share,-0.02565
MED00024,1,rx_share,0.00317
MED00025,1,rx_share,-0.4407
MED00026,1,rx_share,0.01323
MED00027,1,rx_share,0.03698
MED00028,1,rx_share,0.08067
MED00029,1,rx_share,0.04265
MED00030,1,rx_share,0.01875
MED00031,1,rx_share,-0.00804
MED00032,1,rx_share,-0.00486
MED00033,1,rx_share,-0.10025
MED00034,1,rx_share,0.02754
MED00035,1,rx_share,-0.05281
MED00036,1,rx_share,-0.04648
MED00037,1,rx_share,-0.05142
MED00038,1,rx_share,0.03527
MED00039,1,rx_share,-0.09138
MED00040,1,rx_share,-0.04293
MED00041,1,rx_share,-0.055
MED00042,1,rx_share,-0.02535
MED00043,1,rx_share,-0.02504
MED00044,1,rx_share,-0.03497
MED00045,1,rx_share,-0.02113
MED00046,1,rx_share,-0.00364
MED00047,1,rx_share,-0.0108
MED00048,1,rx_share,0.00166
MED00049,1,rx_share,0.00366
MED00050,1,rx_share,-0.01641
MED00051,1,rx_share,-0.05608
MED00052,1,rx_share,-0.03272
MED00053,1,rx_share,0.02115
MED00054,1,rx_share,-0.00786
MED00055,1,rx_share,-0.06232
MED00056,1,rx_share,-0.0794
MED00057,1,rx_share,-0.07403
MED00058,1,rx_share,-0.00866
MED00059,1,rx_share,-0.013
MED00060,1,rx_share,-0.00661
MED00061,1,rx_share,-0.04185
MED00062,1,rx_share,0.00255
MED00063,1,rx_share,-0.11608
MED00064,1,rx_share,0.0252
MED00065,1,rx_share,-0.00111
MED00066,1,rx_share,0.06776
MED00067,1,rx_share,-0.01078
MED00068,1,rx_share,0.01956
MED00069,1,rx_share,-0.03891
MED00070,1,rx_share,0.04022
MED00071,1,rx_share,-0.03827
MED00072,1,rx_share,-0.0445
MED00073,1,rx_share,0.02771
MED00074,1,rx_share,-0.02307
MED00075,1,rx_share,-0.02261
MED00076,1,rx_share,-0.01075
MED00077,1,rx_share,-0.0051
MED00078,1,rx_share,-0.0588
MED00079,1,rx_share,-0.013
MED00080,1,rx_share,0.02739
MED00081,1,rx_share,-0.02349
MED00082,1,rx_share,-0.03668
MED00083,1,rx_share,-0.11921
MED00084,1,rx_share,0.02822
MED00085,1,rx_share,-0.0082
MED00086,1,rx_share,-0.06337
MED00087,1,rx_share,-0.01931
MED00088,1,rx_share,0.02522
MED00089,1,rx_share,-0.01848
MED00090,1,rx_share,-0.00539
MED00091,1,rx_share,-0.04568
MED00092,1,rx_share,-0.00914
MED00093,1,rx_share,0.00476
MED00094,1,rx_share,-0.01004
MED00095,1,rx_share,-0.01233
MED00096,1,rx_share,0.00311
MED00097,1,rx_share,-0.06511
MED00098,1,rx_share,-0.00247
MED00099,1,rx_share,0.01743
MED00100,1,rx_share,-0.10226
MED00101,1,rx_share,-0.00404
MED00102,1,rx_share,-0.03788
MED00103,1,rx_share,-0.02613
MED00104,1,rx_share,-0.00931
MED00105,1,rx_share,-0.00067
MED00106,1,rx_share,-0.12632
MED00107,1,rx_share,-0.00393
MED00108,1,rx_share,-0.00913
MED00109,1,rx_share,-0.12215
MED00110,1,rx_share,-0.0756
MED00111,1,rx_share,0.01131
MED00112,1,rx_share,-0.0073
MED00113,1,rx_share,-0.00928
MED00114,1,rx_share,0.0302
MED00115,1,rx_share,-0.01508
MED00116,1,rx_share,-0.21186
MED00117,1,rx_share,-0.01599
MED00118,1,rx_share,-0.01902
MED00119,1,rx_share,-0.01219
MED00120,1,rx_share,0.01757
MED00121,1,rx_share,-0.00995
MED00122,1,rx_share,-0.01469
MED00123,1,rx_share,-0.03076
MED00124,1,rx_share,-0.0048
MED00125,1,rx_share,-0.01597
MED00126,1,rx_share,-0.03509
MED00127,1,rx_share,-0.02339
MED00128,1,rx_share,-0.01342
MED00129,1,rx_share,-0.0089
MED00130,1,rx_share,-0.01399
MED00131,1,rx_share,-0.00286
MED00132,1,rx_share,-0.02286
MED00133,1,rx_share,0.00136
MED00134,1,rx_share,-0.05599
MED00135,1,rx_share,-0.03333
MED00136,1,rx_share,-0.10043
MED00137,1,rx_share,0.03529
MED00138,1,rx_share,-0.0133
MED00139,1,rx_share,-0.01737
MED00140,1,rx_share,-0.00222
MED00141,1,rx_share,0.03044
MED00142,1,rx_share,-0.01653
MED00143,1,rx_share,-0.00442
MED00144,1,rx_share,-0.008
MED00145,1,rx_share,-0.04575
MED00146,1,rx_share,-0.01438
MED00147,1,rx_share,-0.01629
MED00148,1,rx_share,-0.00081
MED00149,1,rx_share,-0.00686
MED00150,1,rx_share,0.00192
MED00151,1,rx_share,-0.01376
MED00152,1,rx_share,-0.0152
MED00153,1,rx_share,-0.00908
MED00154,1,rx_share,0.04175
MED00155,1,rx_share,-0.01315
MED00156,1,rx_share,-0.00217
MED00157,1,rx_share,-0.01595
MED00158,1,rx_share,0.01803
MED00159,1,rx_share,-0.1353
MED00160,1,rx_share,-0.00581
MED00161,1,rx_share,-0.00443
MED00162,1,rx_share,-0.0145
MED00163,1,rx_share,-0.01944
MED00164,1,rx_share,-0.02965
MED00165,1,rx_share,-0.02624
MED00166,1,rx_share,-0.02206
MED00167,1,rx_share,-0.00094
MED00168,1,rx_share,-0.00627
MED00169,1,rx_share,-0.00684
MED00170,1,rx_share,-0.00919
MED00171,1,rx_share,-0.01094
MED00172,1,rx_share,-0.00023
MED00173,1,rx_share,-0.01817
MED00174,1,rx_share,-0.00729
MED00175,1,rx_share,0.03189
MED00176,1,rx_share,-0.16988
MED00177,1,rx_share,-0.0977
MED00178,1,rx_share,-0.02421
MED00179,1,rx_share,-0.04013
MED00180,1,rx_share,-0.01359
MED00181,1,rx_share,-0.01382
MED00182,1,rx_share,0.01467
MED00183,1,rx_share,-0.0341
MED00184,1,rx_share,-0.02117
MED00185,1,rx_share,-0.00478
MED00186,1,rx_share,-0.01448
MED00187,1,rx_share,-0.00326
MED00188,1,rx_share,-0.01522
MED00189,1,rx_share,-0.01508
MED00190,1,rx_share,-0.01435
MED00191,1,rx_share,0.00186
MED00192,1,rx_share,-0.01645
MED00193,1,rx_share,-0.00389
MED00194,1,rx_share,-0.02113
MED00195,1,rx_share,-0.02748
MED00196,1,rx_share,-0.00218
MED00197,1,rx_share,0.03367
MED00198,1,rx_share,-0.00245
MED00199,1,rx_share,0.00456
MED00200,1,rx_share,-0.01588
MED00202,1,rx_share,-0.00219
MED00203,1,rx_share,-0.03469
MED00204,1,rx_share,-0.00954
MED00205,1,rx_share,-0.0013
MED00206,1,rx_share,-0.02386
MED00207,1,rx_share,-0.02226
MED00208,1,rx_share,0.00086
MED00209,1,rx_share,0.00358
MED00210,1,rx_share,0.00048
MED00211,1,rx_share,-0.01204
MED00212,1,rx_share,-0.02841
MED00213,1,rx_share,-0.03214
MED00214,1,rx_share,-0.00175
MED00215,1,rx_share,-0.00988
MED00216,1,rx_share,-0.37127
MED00217,1,rx_share,-0.02491
MED00218,1,rx_share,-0.01454
MED00219,1,rx_share,0.02131
MED00220,1,rx_share,-0.01811
MED00221,1,rx_share,-0.0083
MED00222,1,rx_share,-0.02215
MED00223,1,rx_share,-0.14881
MED00224,1,rx_share,-0.01111
MED00225,1,rx_share,-0.01585
MED00226,1,rx_share,-0.00808
MED00227,1,rx_share,0.03205
MED00228,1,rx_share,-0.01205
MED00229,1,rx_share,-0.02452
MED00230,1,rx_share,-0.00798
MED00231,1,rx_share,-0.0021
MED00232,1,rx_share,-0.02047
MED00233,1,rx_share,-0.03487
MED00234,1,rx_share,-0.01238
MED00235,1,rx_share,0.03145
MED00236,1,rx_share,-0.00771
MED00237,1,rx_share,0.02185
MED00238,1,rx_share,-0.00956
MED00239,1,rx_share,-0.01514
MED00240,1,rx_share,0.00414
MED00241,1,rx_share,-0.01506
MED00242,1,rx_share,0.03147
MED00243,1,rx_share,-0.01181
MED00244,1,rx_share,-0.00825
MED00245,1,rx_share,-0.00592
MED00246,1,rx_share,-0.00112
MED00247,1,rx_share,-0.00037
MED00248,1,rx_share,-0.01562
MED00249,1,rx_share,-0.07056
MED00250,1,rx_share,-0.01944
MED00251,1,rx_share,-0.00885
MED00252,1,rx_share,-0.00918
MED00253,1,rx_share,-0.00604
MED00254,1,rx_share,-0.04157
MED00255,1,rx_share,-0.04226
MED00256,1,rx_share,0.01749
MED00257,1,rx_share,0.02707
MED00258,1,rx_share,-0.00755
MED00259,1,rx_share,-0.00674
MED00260,1,rx_share,-0.08995
MED00261,1,rx_share,-0.06791
MED00262,1,rx_share,0.05675
MED00263,1,rx_share,-0.0093
MED00264,1,rx_share,-0.24048
MED00265,1,rx_share,-0.00468
MED00266,1,rx_share,0.02702
MED00267,1,rx_share,-0.00239
MED00268,1,rx_share,-0.01785
MED00269,1,rx_share,-0.01005
MED00270,1,rx_share,-0.01677
MED00271,1,rx_share,-0.00083
MED00272,1,rx_share,-0.01037
MED00273,1,rx_share,-0.01979
MED00274,1,rx_share,-0.01637
MED00275,1,rx_share,0.00025
MED00276,1,rx_share,-0.00511
MED00277,1,rx_share,-0.01567
MED00278,1,rx_share,-0.00354
MED00279,1,rx_share,0.03702
MED00280,1,rx_share,-0.02829
MED00281,1,rx_share,0.00086
MED00282,1,rx_share,-0.01184
MED00283,1,rx_share,-0.01638
MED00284,1,rx_share,0.00092
MED00285,1,rx_share,-0.00379
MED00286,1,rx_share,-0.01301
MED00287,1,rx_share,-0.00921
MED00288,1,rx_share,-0.03209
MED00289,1,rx_share,-0.01784
MED00290,1,rx_share,-0.01949
MED00291,1,rx_share,-0.06496
MED00292,1,rx_share,-0.01689
MED00293,1,rx_share,-0.00394
MED00294,1,rx_share,-0.12942
MED00295,1,rx_share,0.01308
MED00296,1,rx_share,-0.00927
MED00297,1,rx_share,-0.00386
MED00298,1,rx_share,-0.01397
MED00299,1,rx_share,-0.02199
MED00300,1,rx_share,-0.01779
MED00301,1,rx_share,-0.00493
MED00302,1,rx_share,-0.01691
MED00303,1,rx_share,0.03118
MED00304,1,rx_share,-0.03859
MED00305,1,rx_share,-0.02466
MED00306,1,rx_share,-0.03608
MED00307,1,rx_share,0.03141
MED00308,1,rx_share,-0.08333
MED00309,1,rx_share,0.00912
MED00310,1,rx_share,-0.00702
MED00311,1,rx_share,-0.10239
MED00312,1,rx_share,-0.06575
MED00313,1,rx_share,-0.09047
MED00314,1,rx_share,-0.14292
MED00315,1,rx_share,-0.00813
MED00316,1,rx_share,-0.01505
MED00317,1,rx_share,-0.00785
MED00318,1,rx_share,-0.03064
MED00319,1,rx_share,-0.00255
MED00320,1,rx_share,-0.13674
MED00321,1,rx_share,-0.05525
MED00322,1,rx_share,0.00352
MED00323,1,rx_share,-0.03011
MED00324,1,rx_share,-0.01342
MED00325,1,rx_share,-0.00767
MED00326,1,rx_share,-0.00436
MED00327,1,rx_share,0.00149
MED00328,1,rx_share,-0.0202
MED00329,1,rx_share,-0.00745
MED00330,1,rx_share,-0.00413
MED00331,1,rx_share,-0.01581
MED00332,1,rx_share,-0.01892
MED00333,1,rx_share,-0.00714
MED00334,1,rx_share,-0.02586
MED00335,1,rx_share,-0.0834
MED00336,1,rx_share,-0.0008
MED00337,1,rx_share,-0.0247
MED00338,1,rx_share,-0.14336
MED00339,1,rx_share,-0.0039
MED00340,1,rx_share,-0.003
MED00341,1,rx_share,-0.00096
MED00342,1,rx_share,-0.00765
MED00343,1,rx_share,-0.00579
MED00344,1,rx_share,-0.06223
MED00345,1,rx_share,0.00495
MED00346,1,rx_share,-0.0228
MED00347,1,rx_share,-0.10241
MED00348,1,rx_share,-0.00898
MED00349,1,rx_share,-0.00893
MED00350,1,rx_share,-0.06314
MED00351,1,rx_share,-0.02033
MED00352,1,rx_share,-0.03487
MED00353,1,rx_share,-0.03474
MED00354,1,rx_share,-0.09429
MED00355,1,rx_share,-0.01894
MED00356,1,rx_share,-0.00687
MED00357,1,rx_share,-0.00586
MED00358,1,rx_share,-0.00655
MED00359,1,rx_share,-0.02431
MED00360,1,rx_share,-0.03435
MED00361,1,rx_share,-0.02123
MED00362,1,rx_share,0.01892
MED00363,1,rx_share,-0.0185
MED00364,1,rx_share,-0.10367
MED00365,1,rx_share,-0.018
MED00366,1,rx_share,0.00167
MED00367,1,rx_share,-0.01206
MED00368,1,rx_share,-0.01469
MED00369,1,rx_share,-0.03879
MED00370,1,rx_share,-0.07797
MED00371,1,rx_share,0.01783
MED00372,1,rx_share,0.00434
MED00373,1,rx_share,-0.03781
MED00374,1,rx_share,0.01946
MED00375,1,rx_share,-0.0077
MED00376,1,rx_share,-0.01337
MED00377,1,rx_share,-0.00802
MED00378,1,rx_share,-0.01186
MED00379,1,rx_share,-0.05518
MED00380,1,rx_share,-0.05865
MED00381,1,rx_share,-0.011
MED00382,1,rx_share,-0.01487
MED00383,1,rx_share,-0.00723
MED00384,1,rx_share,-0.02181
MED00385,1,rx_share,-0.00391
MED00386,1,rx_share,0.01058
MED00387,1,rx_share,-0.00812
MED00388,1,rx_share,0.03621
MED00389,1,rx_share,-0.01963
MED00390,1,rx_share,0.03891
MED00391,1,rx_share,-0.01136
MED00392,1,rx_share,-0.00855
MED00393,1,rx_share,0.00418
MED00394,1,rx_share,0.0063
MED00395,1,rx_share,-0.00134
MED00396,1,rx_share,-0.00974
MED00397,1,rx_share,0.01274
MED00398,1,rx_share,0.03189
MED00399,1,rx_share,0.00648
MED00400,1,rx_share,0.00852
MED00401,1,rx_share,-0.00013
MED00402,1,rx_share,-0.0168
MED00403,1,rx_share,-0.00679
MED00404,1,rx_share,-0.00652
MED00405,1,rx_share,-0.00249
MED00406,1,rx_share,-0.01384
MED00407,1,rx_share,-0.01045
MED00408,1,rx_share,-0.00237
MED00409,1,rx_share,-0.00147
MED00410,1,rx_share,0.00534
MED00411,1,rx_share,-0.0098
MED00412,1,rx_share,0.00188
MED00413,1,rx_share,-0.0004
MED00414,1,rx_share,-0.00556
MED00415,1,rx_share,0.00472
MED00416,1,rx_share,-0.00824
MED00417,1,rx_share,-0.00602
MED00418,1,rx_share,-0.00279
MED00419,1,rx_share,-0.00668
MED00420,1,rx_share,-0.00761
MED00421,1,rx_share,-0.00914
MED00422,1,rx_share,-0.00674
MED00423,1,rx_share,-0.00635
MED00424,1,rx_share,0.01036
MED00001,2,rx_share,0.0025
MED00002,2,rx_share,-0.02059
MED00003,2,rx_share,-0.02271
MED00004,2,rx_share,-0.0392
MED00005,2,rx_share,-0.08603
MED00006,2,rx_share,-0.01936
MED00007,2,rx_share,0.00334
MED00008,2,rx_share,0.03338
MED00009,2,rx_share,-0.01977
MED00010,2,rx_share,-0.01021
MED00011,2,rx_share,-0.02763
MED00012,2,rx_share,-0.02106
MED00013,2,rx_share,-0.00598
MED00014,2,rx_share,-0.00986
MED00015,2,rx_share,0.07083
MED00016,2,rx_share,-0.01561
MED00017,2,rx_share,-0.00764
MED00018,2,rx_share,0.02766
MED00019,2,rx_share,0.04812
MED00020,2,rx_share,-0.04551
MED00021,2,rx_share,0.01344
MED00022,2,rx_share,0.00713
MED00023,2,rx_share,-0.0284
MED00024,2,rx_share,0.00381
MED00025,2,rx_share,-0.43152
MED00026,2,rx_share,0.00049
MED00027,2,rx_share,0.02384
MED00028,2,rx_share,0.07911
MED00029,2,rx_share,0.04038
MED00030,2,rx_share,0.01621
MED00031,2,rx_share,-0.01063
MED00032,2,rx_share,-0.00828
MED00033,2,rx_share,-0.09552
MED00034,2,rx_share,0.02996
MED00035,2,rx_share,-0.06073
MED00036,2,rx_share,-0.05253
MED00037,2,rx_share,-0.05995
MED00038,2,rx_share,0.03614
MED00039,2,rx_share,-0.09148
MED00040,2,rx_share,-0.05163
MED00041,2,rx_share,-0.0621
MED00042,2,rx_share,-0.02497
MED00043,2,rx_share,-0.03294
MED00044,2,rx_share,-0.04029
MED00045,2,rx_share,-0.0231
MED00046,2,rx_share,-0.00331
MED00047,2,rx_share,-0.0129
MED00048,2,rx_share,-0.00015
MED00049,2,rx_share,-0.00336
MED00050,2,rx_share,-0.01851
MED00051,2,rx_share,-0.06381
MED00052,2,rx_share,-0.0394
MED00053,2,rx_share,0.02132
MED00054,2,rx_share,0.00881
MED00055,2,rx_share,-0.06724
MED00056,2,rx_share,-0.08562
MED00057,2,rx_share,-0.07575
MED00058,2,rx_share,-0.01035
MED00059,2,rx_share,-0.01544
MED00060,2,rx_share,-0.01007
MED00061,2,rx_share,-0.05011
MED00062,2,rx_share,-0.00098
MED00063,2,rx_share,-0.11586
MED00064,2,rx_share,0.02883
MED00065,2,rx_share,-0.00275
MED00066,2,rx_share,0.06521
MED00067,2,rx_share,-0.01211
MED00068,2,rx_share,0.02007
MED00069,2,rx_share,-0.04321
MED00070,2,rx_share,0.04036
MED00071,2,rx_share,-0.04366
MED00072,2,rx_share,-0.05258
MED00073,2,rx_share,0.02822
MED00074,2,rx_share,-0.00907
MED00075,2,rx_share,-0.02469
MED00076,2,rx_share,-0.01748
MED00077,2,rx_share,-0.01328
MED00078,2,rx_share,-0.04683
MED00079,2,rx_share,-0.01636
MED00080,2,rx_share,0.02822
MED00081,2,rx_share,-0.03034
MED00082,2,rx_share,-0.02261
MED00083,2,rx_share,-0.11662
MED00084,2,rx_share,0.02924
MED00085,2,rx_share,-0.01007
MED00086,2,rx_share,-0.06427
MED00087,2,rx_share,-0.02033
MED00088,2,rx_share,0.02818
MED00089,2,rx_share,-0.00159
MED00090,2,rx_share,-0.00638
MED00091,2,rx_share,-0.0537
MED00092,2,rx_share,-0.01015
MED00093,2,rx_share,-0.00802
MED00094,2,rx_share,-0.02114
MED00095,2,rx_share,-0.01428
MED00096,2,rx_share,0.00222
MED00097,2,rx_share,-0.07037
MED00098,2,rx_share,-0.00443
MED00099,2,rx_share,0.0043
MED00100,2,rx_share,-0.10258
MED00101,2,rx_share,-0.00643
MED00102,2,rx_share,-0.04647
MED00103,2,rx_share,-0.02798
MED00104,2,rx_share,-0.01172
MED00105,2,rx_share,-0.00258
MED00106,2,rx_share,-0.12577
MED00107,2,rx_share,-0.00606
MED00108,2,rx_share,-0.01092
MED00109,2,rx_share,-0.12801
MED00110,2,rx_share,-0.07053
MED00111,2,rx_share,0.00794
MED00112,2,rx_share,-0.00952
MED00113,2,rx_share,-0.01091
MED00114,2,rx_share,0.03058
MED00115,2,rx_share,-0.0167
MED00116,2,rx_share,-0.21356
MED00117,2,rx_share,-0.01745
MED00118,2,rx_share,-0.02011
MED00119,2,rx_share,-0.0138
MED00120,2,rx_share,0.01762
MED00121,2,rx_share,-0.01188
MED00122,2,rx_share,-0.01671
MED00123,2,rx_share,-0.03861
MED00124,2,rx_share,-0.0073
MED00125,2,rx_share,-0.02407
MED00126,2,rx_share,-0.04249
MED00127,2,rx_share,-0.03547
MED00128,2,rx_share,-0.01516
MED00129,2,rx_share,-0.01383
MED00130,2,rx_share,-0.02119
MED00131,2,rx_share,-0.00226
MED00132,2,rx_share,-0.03118
MED00133,2,rx_share,-0.00508
MED00134,2,rx_share,-0.06021
MED00135,2,rx_share,-0.03318
MED00136,2,rx_share,-0.10349
MED00137,2,rx_share,0.03505
MED00138,2,rx_share,-0.01509
MED00139,2,rx_share,-0.01936
MED00140,2,rx_share,-0.00417
MED00141,2,rx_share,0.03079
MED00142,2,rx_share,-0.01691
MED00143,2,rx_share,-0.00632
MED00144,2,rx_share,-0.01019
MED00145,2,rx_share,-0.05422
MED00146,2,rx_share,-0.01387
MED00147,2,rx_share,-0.01913
MED00148,2,rx_share,-0.00407
MED00149,2,rx_share,-0.0086
MED00150,2,rx_share,-0.0004
MED00151,2,rx_share,-0.01547
MED00152,2,rx_share,-0.0169
MED00153,2,rx_share,-0.01078
MED00154,2,rx_share,0.04262
MED00155,2,rx_share,-0.01513
MED00156,2,rx_share,-0.00536
MED00157,2,rx_share,-0.01793
MED00158,2,rx_share,0.00504
MED00159,2,rx_share,-0.13455
MED00160,2,rx_share,-0.00781
MED00161,2,rx_share,-0.00656
MED00162,2,rx_share,-0.0155
MED00163,2,rx_share,-0.02555
MED00164,2,rx_share,-0.03741
MED00165,2,rx_share,-0.02477
MED00166,2,rx_share,-0.02399
MED00167,2,rx_share,-0.00304
MED00168,2,rx_share,-0.00804
MED00169,2,rx_share,-0.0094
MED00170,2,rx_share,-0.01112
MED00171,2,rx_share,-0.01291
MED00172,2,rx_share,0.00679
MED00173,2,rx_share,-0.02007
MED00174,2,rx_share,-0.00618
MED00175,2,rx_share,0.03231
MED00176,2,rx_share,-0.17163
MED00177,2,rx_share,-0.09322
MED00178,2,rx_share,-0.03146
MED00179,2,rx_share,-0.04597
MED00180,2,rx_share,-0.01527
MED00181,2,rx_share,-0.01591
MED00182,2,rx_share,0.00165
MED00183,2,rx_share,-0.03174
MED00184,2,rx_share,-0.02612
MED00185,2,rx_share,-0.01033
MED00186,2,rx_share,-0.01612
MED00187,2,rx_share,-0.00516
MED00188,2,rx_share,-0.01735
MED00189,2,rx_share,-0.02195
MED00190,2,rx_share,-0.01562
MED00191,2,rx_share,-0.0002
MED00192,2,rx_share,-0.02335
MED00193,2,rx_share,-0.01069
MED00194,2,rx_share,-0.02832
MED00195,2,rx_share,-0.02666
MED00196,2,rx_share,-0.00138
MED00197,2,rx_share,0.03485
MED00198,2,rx_share,-0.0044
MED00199,2,rx_share,0.00412
MED00200,2,rx_share,-0.0177
MED00201,2,rx_share,-0.00387
MED00202,2,rx_share,-0.00446
MED00203,2,rx_share,-0.04273
MED00204,2,rx_share,-0.01147
MED00205,2,rx_share,-0.00322
MED00206,2,rx_share,-0.02673
MED00207,2,rx_share,-0.02359
MED00208,2,rx_share,-0.00105
MED00209,2,rx_share,0.00143
MED00210,2,rx_share,0.00103
MED00211,2,rx_share,-0.01538
MED00212,2,rx_share,-0.02968
MED00213,2,rx_share,-0.03694
MED00214,2,rx_share,-0.00384
MED00215,2,rx_share,-0.0118
MED00216,2,rx_share,-0.37014
MED00217,2,rx_share,-0.03265
MED00218,2,rx_share,-0.01656
MED00219,2,rx_share,0.02191
MED00220,2,rx_share,-0.01912
MED00221,2,rx_share,-0.00762
MED00222,2,rx_share,-0.02314
MED00223,2,rx_share,-0.15896
MED00224,2,rx_share,-0.01205
MED00225,2,rx_share,-0.01809
MED00226,2,rx_share,-0.0075
MED00227,2,rx_share,0.0326
MED00228,2,rx_share,-0.01347
MED00229,2,rx_share,-0.02875
MED00230,2,rx_share,0.00601
MED00231,2,rx_share,-0.00405
MED00232,2,rx_share,-0.0225
MED00233,2,rx_share,-0.03946
MED00234,2,rx_share,-0.01394
MED00235,2,rx_share,0.03252
MED00236,2,rx_share,-0.01742
MED00237,2,rx_share,0.01942
MED00238,2,rx_share,-0.01007
MED00239,2,rx_share,-0.01655
MED00240,2,rx_share,0.00507
MED00241,2,rx_share,-0.01713
MED00242,2,rx_share,0.03265
MED00243,2,rx_share,-0.01852
MED00244,2,rx_share,-0.01014
MED00245,2,rx_share,-0.00546
MED00246,2,rx_share,-0.00308
MED00247,2,rx_share,-0.00232
MED00248,2,rx_share,-0.02978
MED00249,2,rx_share,-0.06798
MED00250,2,rx_share,-0.01885
MED00251,2,rx_share,-0.01097
MED00252,2,rx_share,-0.01072
MED00253,2,rx_share,-0.00817
MED00254,2,rx_share,-0.01403
MED00255,2,rx_share,-0.04183
MED00256,2,rx_share,0.01384
MED00257,2,rx_share,0.02715
MED00258,2,rx_share,-0.00839
MED00259,2,rx_share,-0.00871
MED00260,2,rx_share,-0.09019
MED00261,2,rx_share,-0.07016
MED00262,2,rx_share,0.0572
MED00263,2,rx_share,-0.01155
MED00264,2,rx_share,-0.24634
MED00265,2,rx_share,-0.00664
MED00266,2,rx_share,0.02709
MED00267,2,rx_share,-0.00413
MED00268,2,rx_share,-0.01982
MED00269,2,rx_share,-0.01186
MED00270,2,rx_share,-0.01867
MED00271,2,rx_share,-0.00252
MED00272,2,rx_share,-0.01171
MED00273,2,rx_share,-0.02135
MED00274,2,rx_share,-0.02539
MED00275,2,rx_share,-0.00127
MED00276,2,rx_share,-0.00718
MED00277,2,rx_share,-0.02194
MED00278,2,rx_share,-0.00553
MED00279,2,rx_share,0.03913
MED00280,2,rx_share,-0.03502
MED00281,2,rx_share,-0.00049
MED00282,2,rx_share,-0.01332
MED00283,2,rx_share,-0.01532
MED00284,2,rx_share,0.00164
MED00285,2,rx_share,-0.0058
MED00286,2,rx_share,-0.01545
MED00287,2,rx_share,-0.01132
MED00288,2,rx_share,-0.03092
MED00289,2,rx_share,-0.01739
MED00290,2,rx_share,-0.02268
MED00291,2,rx_share,-0.06849
MED00292,2,rx_share,-0.02303
MED00293,2,rx_share,-0.00535
MED00294,2,rx_share,-0.12884
MED00296,2,rx_share,-0.01116
MED00297,2,rx_share,-0.00582
MED00298,2,rx_share,-0.01524
MED00299,2,rx_share,-0.03356
MED00300,2,rx_share,-0.01974
MED00301,2,rx_share,-0.00752
MED00302,2,rx_share,-0.01712
MED00303,2,rx_share,0.02954
MED00304,2,rx_share,-0.0465
MED00305,2,rx_share,-0.0264
MED00306,2,rx_share,-0.04254
MED00307,2,rx_share,0.03472
MED00308,2,rx_share,-0.0847
MED00309,2,rx_share,0.00938
MED00310,2,rx_share,-0.01082
MED00311,2,rx_share,-0.10561
MED00312,2,rx_share,-0.07489
MED00313,2,rx_share,-0.08435
MED00314,2,rx_share,-0.15808
MED00315,2,rx_share,-0.00992
MED00316,2,rx_share,-0.01688
MED00317,2,rx_share,-0.00995
MED00318,2,rx_share,-0.03638
MED00319,2,rx_share,-0.00463
MED00320,2,rx_share,-0.13954
MED00321,2,rx_share,-0.05911
MED00322,2,rx_share,-0.00327
MED00323,2,rx_share,-0.03786
MED00324,2,rx_share,-0.01375
MED00325,2,rx_share,-0.00967
MED00326,2,rx_share,-0.00615
MED00327,2,rx_share,-0.00048
MED00328,2,rx_share,-0.02214
MED00329,2,rx_share,-0.00942
MED00330,2,rx_share,-0.00602
MED00331,2,rx_share,-0.01747
MED00332,2,rx_share,-0.02086
MED00333,2,rx_share,-0.01002
MED00334,2,rx_share,-0.03304
MED00335,2,rx_share,-0.08287
MED00336,2,rx_share,-0.00223
MED00337,2,rx_share,-0.02088
MED00338,2,rx_share,-0.16321
MED00339,2,rx_share,-0.0036
MED00340,2,rx_share,-0.00242
MED00341,2,rx_share,-0.00215
MED00342,2,rx_share,-0.00975
MED00343,2,rx_share,-0.0079
MED00344,2,rx_share,-0.07082
MED00345,2,rx_share,-0.00291
MED00346,2,rx_share,-0.02475
MED00347,2,rx_share,-0.10219
MED00348,2,rx_share,-0.01371
MED00349,2,rx_share,-0.01059
MED00350,2,rx_share,-0.07072
MED00351,2,rx_share,-0.02439
MED00352,2,rx_share,-0.04272
MED00353,2,rx_share,-0.03927
MED00354,2,rx_share,-0.08979
MED00355,2,rx_share,-0.02068
MED00356,2,rx_share,-0.00882
MED00357,2,rx_share,-0.01356
MED00358,2,rx_share,-0.01026
MED00359,2,rx_share,-0.02626
MED00360,2,rx_share,-0.03475
MED00361,2,rx_share,-0.02312
MED00362,2,rx_share,0.01531
MED00363,2,rx_share,-0.0204
MED00364,2,rx_share,-0.10438
MED00365,2,rx_share,-0.01996
MED00366,2,rx_share,-0.00035
MED00367,2,rx_share,-0.01319
MED00368,2,rx_share,-0.01661
MED00369,2,rx_share,-0.04432
MED00370,2,rx_share,-0.0791
MED00371,2,rx_share,0.01847
MED00372,2,rx_share,-0.00371
MED00373,2,rx_share,-0.04607
MED00374,2,rx_share,0.01648
MED00375,2,rx_share,-0.0107
MED00376,2,rx_share,-0.01546
MED00377,2,rx_share,-0.01949
MED00378,2,rx_share,-0.01333
MED00379,2,rx_share,-0.05904
MED00380,2,rx_share,-0.06566
MED00381,2,rx_share,-0.02331
MED00382,2,rx_share,-0.01757
MED00383,2,rx_share,-0.00843
MED00384,2,rx_share,-0.02353
MED00385,2,rx_share,-0.00949
MED00386,2,rx_share,0.00833
MED00387,2,rx_share,-0.02002
MED00388,2,rx_share,0.01596
MED00389,2,rx_share,-0.02775
MED00390,2,rx_share,0.03754
MED00391,2,rx_share,-0.01248
MED00392,2,rx_share,-0.01136
MED00393,2,rx_share,-0.00882
MED00394,2,rx_share,-0.00861
MED00395,2,rx_share,-0.01552
MED00396,2,rx_share,0.00413
MED00397,2,rx_share,0.02723
MED00398,2,rx_share,0.03819
MED00399,2,rx_share,0.01567
MED00400,2,rx_share,0.0121
MED00401,2,rx_share,-0.00462
MED00402,2,rx_share,-0.01894
MED00403,2,rx_share,-0.0085
MED00404,2,rx_share,-0.01661
MED00405,2,rx_share,-0.01224
MED00406,2,rx_share,-0.02511
MED00407,2,rx_share,-0.01638
MED00408,2,rx_share,-0.00648
MED00409,2,rx_share,0.00022
MED00410,2,rx_share,-0.00194
MED00411,2,rx_share,-0.01344
MED00412,2,rx_share,-0.00193
MED00413,2,rx_share,-0.00261
MED00414,2,rx_share,-0.01033
MED00415,2,rx_share,0.00119
MED00416,2,rx_share,-0.01126
MED00417,2,rx_share,-0.00801
MED00418,2,rx_share,-0.01736
MED00419,2,rx_share,-0.02064
MED00420,2,rx_share,-0.01727
MED00421,2,rx_share,-0.01698
MED00422,2,rx_share,-0.00926
MED00423,2,rx_share,-0.00783
MED00424,2,rx_share,-0.0046
MED00001,3,rx_share,0.00301
MED00002,3,rx_share,-0.03123
MED00003,3,rx_share,-0.0296
MED00004,3,rx_share,-0.03331
MED00005,3,rx_share,-0.07736
MED00006,3,rx_share,-0.01873
MED00007,3,rx_share,0.00415
MED00008,3,rx_share,0.02855
MED00009,3,rx_share,-0.0185
MED00010,3,rx_share,-0.01309
MED00011,3,rx_share,-0.02364
MED00012,3,rx_share,-0.02082
MED00013,3,rx_share,-0.00513
MED00014,3,rx_share,-0.00886
MED00015,3,rx_share,0.06607
MED00016,3,rx_share,-0.01485
MED00017,3,rx_share,-0.00629
MED00018,3,rx_share,0.02445
MED00019,3,rx_share,0.04771
MED00020,3,rx_share,-0.04331
MED00021,3,rx_share,0.01258
MED00022,3,rx_share,0.00941
MED00023,3,rx_share,-0.02743
MED00024,3,rx_share,0.00628
MED00025,3,rx_share,-0.42365
MED00026,3,rx_share,-0.0029
MED00027,3,rx_share,0.01374
MED00028,3,rx_share,0.07369
MED00029,3,rx_share,0.03686
MED00030,3,rx_share,0.0128
MED00031,3,rx_share,-0.02102
MED00032,3,rx_share,-0.0071
MED00033,3,rx_share,-0.0871
MED00034,3,rx_share,0.02791
MED00035,3,rx_share,-0.05728
MED00036,3,rx_share,-0.05299
MED00037,3,rx_share,-0.0585
MED00038,3,rx_share,0.03495
MED00039,3,rx_share,-0.08821
MED00040,3,rx_share,-0.05443
MED00041,3,rx_share,-0.06292
MED00042,3,rx_share,-0.01895
MED00043,3,rx_share,-0.03687
MED00044,3,rx_share,-0.03215
MED00045,3,rx_share,-0.02319
MED00046,3,rx_share,0.00113
MED00047,3,rx_share,-0.01204
MED00048,3,rx_share,0.00054
MED00049,3,rx_share,-0.01626
MED00050,3,rx_share,-0.01866
MED00051,3,rx_share,-0.00049
MED00052,3,rx_share,-0.04556
MED00053,3,rx_share,0.01771
MED00054,3,rx_share,-0.00067
MED00055,3,rx_share,-0.06808
MED00056,3,rx_share,-0.08587
MED00057,3,rx_share,-0.06876
MED00058,3,rx_share,-0.0093
MED00059,3,rx_share,-0.0139
MED00060,3,rx_share,-0.00923
MED00061,3,rx_share,-0.05438
MED00062,3,rx_share,-0.00054
MED00063,3,rx_share,-0.05965
MED00064,3,rx_share,0.02719
MED00065,3,rx_share,-0.00155
MED00066,3,rx_share,0.0607
MED00067,3,rx_share,-0.01151
MED00068,3,rx_share,0.01918
MED00069,3,rx_share,-0.03822
MED00070,3,rx_share,0.04091
MED00071,3,rx_share,-0.03613
MED00072,3,rx_share,-0.04334
MED00073,3,rx_share,0.03113
MED00074,3,rx_share,-0.02071
MED00075,3,rx_share,-0.02399
MED00076,3,rx_share,-0.028
MED00077,3,rx_share,-0.01169
MED00078,3,rx_share,-0.03848
MED00079,3,rx_share,-0.01639
MED00080,3,rx_share,0.03037
MED00081,3,rx_share,-0.03581
MED00082,3,rx_share,-0.03584
MED00083,3,rx_share,-0.1108
MED00084,3,rx_share,0.02911
MED00085,3,rx_share,-0.00937
MED00086,3,rx_share,-0.05679
MED00087,3,rx_share,-0.02079
MED00088,3,rx_share,0.02679
MED00089,3,rx_share,-0.01513
MED00090,3,rx_share,-0.00526
MED00091,3,rx_share,-0.04467
MED00092,3,rx_share,-0.00845
MED00093,3,rx_share,-0.01123
MED00094,3,rx_share,-0.02662
MED00095,3,rx_share,-0.01342
MED00096,3,rx_share,0.00311
MED00097,3,rx_share,-0.06414
MED00098,3,rx_share,-0.00504
MED00099,3,rx_share,0.00338
MED00100,3,rx_share,-0.05829
MED00101,3,rx_share,-0.00604
MED00102,3,rx_share,-0.047
MED00103,3,rx_share,-0.02827
MED00104,3,rx_share,-0.01099
MED00105,3,rx_share,-0.00179
MED00106,3,rx_share,-0.07007
MED00107,3,rx_share,-0.00531
MED00108,3,rx_share,-0.01013
MED00109,3,rx_share,-0.1394
MED00110,3,rx_share,-0.05662
MED00111,3,rx_share,0.01679
MED00112,3,rx_share,-0.00875
MED00113,3,rx_share,-0.00974
MED00114,3,rx_share,0.0296
MED00115,3,rx_share,-0.01675
MED00116,3,rx_share,-0.20704
MED00117,3,rx_share,-0.01421
MED00118,3,rx_share,-0.01963
MED00119,3,rx_share,-0.01271
MED00120,3,rx_share,0.01638
MED00121,3,rx_share,-0.01132
MED00122,3,rx_share,-0.01586
MED00123,3,rx_share,-0.04225
MED00124,3,rx_share,-0.00637
MED00125,3,rx_share,-0.03088
MED00126,3,rx_share,-0.03415
MED00127,3,rx_share,-0.03571
MED00128,3,rx_share,-0.01401
MED00129,3,rx_share,-0.01247
MED00130,3,rx_share,-0.02863
MED00131,3,rx_share,0.00054
MED00132,3,rx_share,-0.03429
MED00133,3,rx_share,0.00772
MED00134,3,rx_share,-0.05068
MED00135,3,rx_share,-0.02873
MED00136,3,rx_share,-0.10179
MED00137,3,rx_share,0.0344
MED00138,3,rx_share,-0.01379
MED00139,3,rx_share,-0.01841
MED00140,3,rx_share,-0.0034
MED00141,3,rx_share,0.03184
MED00142,3,rx_share,-0.01599
MED00143,3,rx_share,-0.00497
MED00144,3,rx_share,-0.01082
MED00145,3,rx_share,-0.05989
MED00146,3,rx_share,-0.01457
MED00147,3,rx_share,-0.01896
MED00148,3,rx_share,-0.00368
MED00149,3,rx_share,-0.00761
MED00150,3,rx_share,-0.00067
MED00151,3,rx_share,-0.01458
MED00152,3,rx_share,-0.01635
MED00153,3,rx_share,-0.0114
MED00154,3,rx_share,0.04237
MED00155,3,rx_share,-0.01414
MED00156,3,rx_share,-0.00432
MED00157,3,rx_share,-0.01711
MED00158,3,rx_share,0.00042
MED00159,3,rx_share,-0.12714
MED00160,3,rx_share,-0.00722
MED00161,3,rx_share,-0.00672
MED00162,3,rx_share,-0.0148
MED00163,3,rx_share,-0.03096
MED00164,3,rx_share,-0.02786
MED00165,3,rx_share,-0.02218
MED00166,3,rx_share,-0.02342
MED00167,3,rx_share,-0.0023
MED00168,3,rx_share,-0.00762
MED00169,3,rx_share,-0.00831
MED00170,3,rx_share,-0.01027
MED00171,3,rx_share,-0.01215
MED00172,3,rx_share,0.00882
MED00173,3,rx_share,-0.02041
MED00174,3,rx_share,-0.0062
MED00175,3,rx_share,0.03006
MED00176,3,rx_share,-0.16683
MED00177,3,rx_share,-0.03738
MED00178,3,rx_share,-0.03521
MED00179,3,rx_share,-0.04544
MED00180,3,rx_share,-0.0143
MED00181,3,rx_share,-0.01611
MED00182,3,rx_share,-0.00339
MED00183,3,rx_share,-0.02878
MED00184,3,rx_share,-0.01625
MED00185,3,rx_share,-0.00606
MED00186,3,rx_share,-0.016
MED00187,3,rx_share,-0.00908
MED00188,3,rx_share,-0.01696
MED00189,3,rx_share,-0.02879
MED00190,3,rx_share,-0.01646
MED00191,3,rx_share,0.00022
MED00192,3,rx_share,-0.03006
MED00193,3,rx_share,-0.02358
MED00194,3,rx_share,-0.0181
MED00195,3,rx_share,-0.0241
MED00196,3,rx_share,0.00133
MED00197,3,rx_share,0.03398
MED00198,3,rx_share,-0.00342
MED00199,3,rx_share,0.00299
MED00200,3,rx_share,-0.01707
MED00201,3,rx_share,-0.00225
MED00202,3,rx_share,-0.00223
MED00203,3,rx_share,-0.03343
MED00204,3,rx_share,-0.01166
MED00205,3,rx_share,-0.00244
MED00206,3,rx_share,-0.02502
MED00207,3,rx_share,-0.02298
MED00208,3,rx_share,-0.0003
MED00209,3,rx_share,0.00091
MED00210,3,rx_share,0.00106
MED00211,3,rx_share,-0.01558
MED00212,3,rx_share,-0.03049
MED00213,3,rx_share,-0.03374
MED00214,3,rx_share,-0.00299
MED00215,3,rx_share,-0.01213
MED00216,3,rx_share,-0.35037
MED00217,3,rx_share,-0.03776
MED00218,3,rx_share,-0.01601
MED00219,3,rx_share,0.02176
MED00220,3,rx_share,-0.01957
MED00221,3,rx_share,-0.00924
MED00222,3,rx_share,-0.02314
MED00223,3,rx_share,-0.15318
MED00224,3,rx_share,-0.01251
MED00225,3,rx_share,-0.01629
MED00226,3,rx_share,-0.00871
MED00227,3,rx_share,0.03267
MED00228,3,rx_share,-0.01221
MED00229,3,rx_share,-0.02477
MED00230,3,rx_share,-0.00632
MED00231,3,rx_share,-0.00244
MED00232,3,rx_share,-0.02166
MED00233,3,rx_share,-0.04357
MED00234,3,rx_share,-0.01297
MED00235,3,rx_share,0.03159
MED00236,3,rx_share,-0.01721
MED00237,3,rx_share,0.01333
MED00238,3,rx_share,-0.00911
MED00239,3,rx_share,-0.01552
MED00240,3,rx_share,0.00733
MED00241,3,rx_share,-0.01774
MED00242,3,rx_share,0.03168
MED00243,3,rx_share,-0.02915
MED00244,3,rx_share,-0.00975
MED00245,3,rx_share,-0.00363
MED00246,3,rx_share,-0.00222
MED00247,3,rx_share,-0.00156
MED00248,3,rx_share,-0.02876
MED00249,3,rx_share,-0.06695
MED00250,3,rx_share,-0.01924
MED00251,3,rx_share,-0.01018
MED00252,3,rx_share,-0.00838
MED00253,3,rx_share,-0.00876
MED00254,3,rx_share,-0.01136
MED00255,3,rx_share,-0.04243
MED00256,3,rx_share,0.02335
MED00257,3,rx_share,0.02752
MED00258,3,rx_share,-0.00901
MED00259,3,rx_share,-0.00783
MED00260,3,rx_share,-0.08676
MED00261,3,rx_share,-0.06822
MED00262,3,rx_share,0.05623
MED00263,3,rx_share,-0.01071
MED00264,3,rx_share,-0.27686
MED00265,3,rx_share,-0.00586
MED00266,3,rx_share,0.0254
MED00267,3,rx_share,-0.00335
MED00268,3,rx_share,-0.01899
MED00269,3,rx_share,-0.01056
MED00270,3,rx_share,-0.01805
MED00271,3,rx_share,-0.00109
MED00272,3,rx_share,-0.0122
MED00273,3,rx_share,-0.02024
MED00274,3,rx_share,-0.03231
MED00275,3,rx_share,-0.00052
MED00276,3,rx_share,-0.00585
MED00277,3,rx_share,-0.02878
MED00278,3,rx_share,-0.00473
MED00279,3,rx_share,0.03821
MED00280,3,rx_share,-0.04078
MED00281,3,rx_share,0.00123
MED00282,3,rx_share,-0.01284
MED00283,3,rx_share,-0.00595
MED00284,3,rx_share,0.0038
MED00285,3,rx_share,-0.00501
MED00286,3,rx_share,-0.01419
MED00287,3,rx_share,-0.01054
MED00288,3,rx_share,-0.03265
MED00289,3,rx_share,-0.01525
MED00290,3,rx_share,-0.02156
MED00291,3,rx_share,-0.05319
MED00292,3,rx_share,-0.0221
MED00293,3,rx_share,-0.00467
MED00294,3,rx_share,-0.12369
MED00295,3,rx_share,-0.00373
MED00296,3,rx_share,-0.0116
MED00297,3,rx_share,-0.00509
MED00298,3,rx_share,-0.01471
MED00299,3,rx_share,-0.03691
MED00300,3,rx_share,-0.01793
MED00301,3,rx_share,-0.00652
MED00302,3,rx_share,-0.01937
MED00303,3,rx_share,0.02439
MED00304,3,rx_share,-0.03757
MED00305,3,rx_share,-0.02542
MED00306,3,rx_share,-0.04269
MED00307,3,rx_share,0.03644
MED00308,3,rx_share,-0.08309
MED00309,3,rx_share,0.00942
MED00310,3,rx_share,-0.01167
MED00311,3,rx_share,-0.10729
MED00312,3,rx_share,-0.06941
MED00313,3,rx_share,-0.07784
MED00314,3,rx_share,-0.15563
MED00315,3,rx_share,-0.00909
MED00316,3,rx_share,-0.01614
MED00317,3,rx_share,-0.01011
MED00318,3,rx_share,-0.02992
MED00319,3,rx_share,-0.00388
MED00320,3,rx_share,-0.13311
MED00321,3,rx_share,-0.05129
MED00322,3,rx_share,-0.01565
MED00323,3,rx_share,-0.04388
MED00324,3,rx_share,-0.01693
MED00325,3,rx_share,-0.00891
MED00326,3,rx_share,-0.00539
MED00327,3,rx_share,0.00031
MED00328,3,rx_share,-0.02104
MED00329,3,rx_share,-0.00869
MED00330,3,rx_share,-0.00648
MED00331,3,rx_share,-0.01608
MED00332,3,rx_share,-0.02011
MED00333,3,rx_share,-0.00966
MED00334,3,rx_share,-0.02471
MED00335,3,rx_share,-0.08131
MED00336,3,rx_share,-0.00216
MED00337,3,rx_share,-0.02164
MED00338,3,rx_share,-0.1563
MED00339,3,rx_share,-0.00371
MED00340,3,rx_share,-0.0041
MED00341,3,rx_share,-0.00137
MED00342,3,rx_share,-0.01033
MED00343,3,rx_share,-0.00711
MED00344,3,rx_share,-0.06962
MED00345,3,rx_share,-0.01581
MED00346,3,rx_share,-0.02529
MED00347,3,rx_share,-0.05134
MED00348,3,rx_share,-0.01151
MED00349,3,rx_share,-0.00988
MED00350,3,rx_share,-0.06373
MED00351,3,rx_share,-0.01843
MED00352,3,rx_share,-0.03734
MED00353,3,rx_share,-0.03341
MED00354,3,rx_share,-0.08204
MED00355,3,rx_share,-0.01939
MED00356,3,rx_share,-0.00744
MED00357,3,rx_share,-0.02446
MED00358,3,rx_share,-0.01084
MED00359,3,rx_share,-0.02663
MED00360,3,rx_share,-0.03368
MED00361,3,rx_share,-0.02247
MED00362,3,rx_share,0.01651
MED00363,3,rx_share,-0.01961
MED00364,3,rx_share,-0.06356
MED00365,3,rx_share,-0.01917
MED00366,3,rx_share,0.0005
MED00367,3,rx_share,-0.01364
MED00368,3,rx_share,-0.01581
MED00369,3,rx_share,-0.03802
MED00370,3,rx_share,-0.07712
MED00371,3,rx_share,0.01723
MED00372,3,rx_share,-0.0165
MED00373,3,rx_share,-0.05114
MED00374,3,rx_share,0.01763
MED00375,3,rx_share,-0.00444
MED00376,3,rx_share,-0.01564
MED00377,3,rx_share,-0.02697
MED00378,3,rx_share,-0.01292
MED00379,3,rx_share,-0.05312
MED00380,3,rx_share,-0.05302
MED00381,3,rx_share,-0.01594
MED00382,3,rx_share,-0.01767
MED00383,3,rx_share,-0.00772
MED00384,3,rx_share,-0.02239
MED00385,3,rx_share,-0.00837
MED00386,3,rx_share,0.00936
MED00387,3,rx_share,-0.01919
MED00388,3,rx_share,0.02426
MED00389,3,rx_share,-0.01746
MED00390,3,rx_share,0.0377
MED00391,3,rx_share,-0.01107
MED00392,3,rx_share,-0.01031
MED00393,3,rx_share,-0.00903
MED00394,3,rx_share,-0.0067
MED00395,3,rx_share,-0.01384
MED00396,3,rx_share,-0.0081
MED00397,3,rx_share,0.01475
MED00398,3,rx_share,0.03275
MED00399,3,rx_share,0.01037
MED00400,3,rx_share,0.01085
MED00401,3,rx_share,-0.00446
MED00402,3,rx_share,-0.01866
MED00403,3,rx_share,-0.00878
MED00404,3,rx_share,-0.01579
MED00405,3,rx_share,-0.01052
MED00406,3,rx_share,-0.0233
MED00407,3,rx_share,-0.01534
MED00408,3,rx_share,-0.00541
MED00409,3,rx_share,0.00164
MED00410,3,rx_share,-0.00054
MED00411,3,rx_share,-0.01256
MED00412,3,rx_share,-0.00139
MED00413,3,rx_share,-0.00132
MED00414,3,rx_share,-0.01002
MED00415,3,rx_share,0.002
MED00416,3,rx_share,-0.00936
MED00417,3,rx_share,-0.00721
MED00418,3,rx_share,-0.01628
MED00419,3,rx_share,-0.01933
MED00420,3,rx_share,-0.01294
MED00421,3,rx_share,-0.01523
MED00422,3,rx_share,-0.00732
MED00423,3,rx_share,-0.00562
MED00424,3,rx_share,0.00536
MED00001,4,rx_share,-0.00069
MED00002,4,rx_share,-0.03334
MED00003,4,rx_share,-0.02981
MED00004,4,rx_share,-0.03351
MED00005,4,rx_share,-0.07767
MED00006,4,rx_share,-0.01886
MED00007,4,rx_share,-0.00075
MED00008,4,rx_share,0.02687
MED00009,4,rx_share,-0.02286
MED00010,4,rx_share,-0.0127
MED00011,4,rx_share,-0.02601
MED00012,4,rx_share,-0.02451
MED00013,4,rx_share,-0.00902
MED00014,4,rx_share,-0.00912
MED00015,4,rx_share,0.06275
MED00016,4,rx_share,-0.01829
MED00017,4,rx_share,-0.00955
MED00018,4,rx_share,0.0252
MED00019,4,rx_share,0.04864
MED00020,4,rx_share,-0.04384
MED00021,4,rx_share,0.01292
MED00022,4,rx_share,0.00985
MED00023,4,rx_share,-0.03087
MED00024,4,rx_share,0.00631
MED00025,4,rx_share,-0.43259
MED00026,4,rx_share,-0.0033
MED00027,4,rx_share,0.01728
MED00028,4,rx_share,0.06866
MED00029,4,rx_share,0.03525
MED00030,4,rx_share,0.01102
MED00031,4,rx_share,-0.02284
MED00032,4,rx_share,-0.01041
MED00033,4,rx_share,-0.08723
MED00034,4,rx_share,0.02836
MED00035,4,rx_share,-0.05814
MED00036,4,rx_share,-0.05562
MED00037,4,rx_share,-0.05898
MED00038,4,rx_share,0.03496
MED00039,4,rx_share,-0.08848
MED00040,4,rx_share,-0.05484
MED00041,4,rx_share,-0.06388
MED00042,4,rx_share,-0.01901
MED00043,4,rx_share,-0.03858
MED00044,4,rx_share,-0.02816
MED00045,4,rx_share,-0.02713
MED00046,4,rx_share,0.00039
MED00047,4,rx_share,-0.01548
MED00048,4,rx_share,-0.00301
MED00049,4,rx_share,-0.01821
MED00050,4,rx_share,-0.02312
MED00051,4,rx_share,-0.01137
MED00052,4,rx_share,-0.04749
MED00053,4,rx_share,0.01694
MED00054,4,rx_share,0.00606
MED00055,4,rx_share,-0.06996
MED00056,4,rx_share,-0.08564
MED00057,4,rx_share,-0.06842
MED00058,4,rx_share,-0.01301
MED00059,4,rx_share,-0.01813
MED00060,4,rx_share,-0.01295
MED00061,4,rx_share,-0.05565
MED00062,4,rx_share,-0.00411
MED00063,4,rx_share,-0.04994
MED00064,4,rx_share,0.02731
MED00065,4,rx_share,-0.0013
MED00066,4,rx_share,0.05698
MED00067,4,rx_share,-0.01184
MED00068,4,rx_share,0.01922
MED00069,4,rx_share,-0.0334
MED00070,4,rx_share,0.04112
MED00071,4,rx_share,-0.03155
MED00072,4,rx_share,-0.04311
MED00073,4,rx_share,0.03134
MED00074,4,rx_share,-0.02077
MED00075,4,rx_share,-0.02835
MED00076,4,rx_share,-0.02825
MED00077,4,rx_share,-0.01498
MED00078,4,rx_share,-0.03636
MED00079,4,rx_share,-0.02096
MED00080,4,rx_share,0.03059
MED00081,4,rx_share,-0.0376
MED00082,4,rx_share,-0.03538
MED00083,4,rx_share,-0.11154
MED00084,4,rx_share,0.02974
MED00085,4,rx_share,-0.01272
MED00086,4,rx_share,-0.05801
MED00087,4,rx_share,-0.0214
MED00088,4,rx_share,0.02684
MED00089,4,rx_share,-0.02263
MED00090,4,rx_share,-0.00819
MED00091,4,rx_share,-0.04424
MED00092,4,rx_share,-0.00872
MED00093,4,rx_share,-0.01174
MED00094,4,rx_share,-0.0294
MED00095,4,rx_share,-0.0168
MED00096,4,rx_share,0.00258
MED00097,4,rx_share,-0.06531
MED00098,4,rx_share,-0.00832
MED00099,4,rx_share,0.00164
MED00100,4,rx_share,-0.071
MED00101,4,rx_share,-0.0062
MED00102,4,rx_share,-0.04665
MED00103,4,rx_share,-0.032
MED00104,4,rx_share,-0.01443
MED00105,4,rx_share,-0.00535
MED00106,4,rx_share,-0.06037
MED00107,4,rx_share,-0.0087
MED00108,4,rx_share,-0.01351
MED00109,4,rx_share,-0.14289
MED00110,4,rx_share,-0.05674
MED00111,4,rx_share,0.01314
MED00112,4,rx_share,-0.01201
MED00113,4,rx_share,-0.01308
MED00114,4,rx_share,0.02616
MED00115,4,rx_share,-0.01998
MED00116,4,rx_share,-0.2076
MED00117,4,rx_share,-0.01802
MED00118,4,rx_share,-0.01989
MED00119,4,rx_share,-0.01597
MED00120,4,rx_share,0.01834
MED00121,4,rx_share,-0.01465
MED00122,4,rx_share,-0.01921
MED00123,4,rx_share,-0.04232
MED00124,4,rx_share,-0.0096
MED00125,4,rx_share,-0.03109
MED00126,4,rx_share,-0.03439
MED00127,4,rx_share,-0.03962
MED00128,4,rx_share,-0.01712
MED00129,4,rx_share,-0.01728
MED00130,4,rx_share,-0.03058
MED00131,4,rx_share,0.00051
MED00132,4,rx_share,-0.03502
MED00133,4,rx_share,0.00697
MED00134,4,rx_share,-0.05089
MED00135,4,rx_share,-0.02721
MED00136,4,rx_share,-0.10212
MED00137,4,rx_share,0.03496
MED00138,4,rx_share,-0.01716
MED00139,4,rx_share,-0.02302
MED00140,4,rx_share,-0.00673
MED00141,4,rx_share,0.03124
MED00142,4,rx_share,-0.01474
MED00143,4,rx_share,-0.00801
MED00144,4,rx_share,-0.01401
MED00145,4,rx_share,-0.0612
MED00146,4,rx_share,-0.01589
MED00147,4,rx_share,-0.02302
MED00148,4,rx_share,-0.00711
MED00149,4,rx_share,-0.01093
MED00150,4,rx_share,-0.00551
MED00151,4,rx_share,-0.01795
MED00152,4,rx_share,-0.01964
MED00153,4,rx_share,-0.01461
MED00154,4,rx_share,0.04301
MED00155,4,rx_share,-0.01739
MED00156,4,rx_share,-0.00773
MED00157,4,rx_share,-0.02059
MED00158,4,rx_share,0.00034
MED00159,4,rx_share,-0.12737
MED00160,4,rx_share,-0.01038
MED00161,4,rx_share,-0.00976
MED00162,4,rx_share,-0.01543
MED00163,4,rx_share,-0.03443
MED00164,4,rx_share,-0.02687
MED00165,4,rx_share,-0.02263
MED00166,4,rx_share,-0.02713
MED00167,4,rx_share,-0.00574
MED00168,4,rx_share,-0.0113
MED00169,4,rx_share,-0.02235
MED00170,4,rx_share,-0.01362
MED00171,4,rx_share,-0.01541
MED00172,4,rx_share,0.00557
MED00173,4,rx_share,-0.02421
MED00174,4,rx_share,-0.00561
MED00175,4,rx_share,0.03029
MED00176,4,rx_share,-0.16685
MED00177,4,rx_share,-0.05812
MED00178,4,rx_share,-0.03722
MED00179,4,rx_share,-0.04576
MED00180,4,rx_share,-0.018
MED00181,4,rx_share,-0.02044
MED00182,4,rx_share,-0.00256
MED00183,4,rx_share,-0.0273
MED00184,4,rx_share,-0.01284
MED00185,4,rx_share,-0.01038
MED00186,4,rx_share,-0.01923
MED00187,4,rx_share,-0.01221
MED00188,4,rx_share,-0.02034
MED00189,4,rx_share,-0.02889
MED00190,4,rx_share,-0.01649
MED00191,4,rx_share,-0.01178
MED00192,4,rx_share,-0.03027
MED00193,4,rx_share,-0.02564
MED00194,4,rx_share,-0.01708
MED00195,4,rx_share,-0.02458
MED00196,4,rx_share,0.00051
MED00197,4,rx_share,0.03455
MED00198,4,rx_share,-0.00668
MED00199,4,rx_share,0.00286
MED00200,4,rx_share,-0.02071
MED00201,4,rx_share,-0.00517
MED00202,4,rx_share,-0.00593
MED00203,4,rx_share,-0.03328
MED00204,4,rx_share,-0.01545
MED00205,4,rx_share,-0.00582
MED00206,4,rx_share,-0.02826
MED00207,4,rx_share,-0.02302
MED00208,4,rx_share,-0.00369
MED00210,4,rx_share,0.00171
MED00211,4,rx_share,-0.01946
MED00212,4,rx_share,-0.03435
MED00213,4,rx_share,-0.03399
MED00214,4,rx_share,-0.0069
MED00215,4,rx_share,-0.01529
MED00216,4,rx_share,-0.35051
MED00217,4,rx_share,-0.03802
MED00218,4,rx_share,-0.01916
MED00219,4,rx_share,0.02195
MED00220,4,rx_share,-0.02024
MED00221,4,rx_share,-0.00795
MED00222,4,rx_share,-0.0249
MED00223,4,rx_share,-0.15648
MED00224,4,rx_share,-0.01311
MED00225,4,rx_share,-0.01971
MED00226,4,rx_share,-0.0094
MED00227,4,rx_share,0.03273
MED00228,4,rx_share,-0.01634
MED00229,4,rx_share,-0.02409
MED00230,4,rx_share,-0.00691
MED00231,4,rx_share,-0.00522
MED00232,4,rx_share,-0.02624
MED00233,4,rx_share,-0.04598
MED00234,4,rx_share,-0.01631
MED00235,4,rx_share,0.03036
MED00236,4,rx_share,-0.02102
MED00237,4,rx_share,0.01152
MED00238,4,rx_share,-0.01125
MED00239,4,rx_share,-0.01869
MED00240,4,rx_share,0.00743
MED00241,4,rx_share,-0.02083
MED00242,4,rx_share,0.03162
MED00243,4,rx_share,-0.03112
MED00244,4,rx_share,-0.01345
MED00245,4,rx_share,-0.00101
MED00246,4,rx_share,-0.00575
MED00247,4,rx_share,-0.00504
MED00248,4,rx_share,-0.03302
MED00249,4,rx_share,-0.06769
MED00250,4,rx_share,-0.01939
MED00251,4,rx_share,-0.01344
MED00252,4,rx_share,-0.00669
MED00253,4,rx_share,-0.01179
MED00254,4,rx_share,-0.01276
MED00255,4,rx_share,-0.04265
MED00256,4,rx_share,0.01995
MED00257,4,rx_share,0.02747
MED00258,4,rx_share,-0.00916
MED00259,4,rx_share,-0.01125
MED00260,4,rx_share,-0.08415
MED00261,4,rx_share,-0.06829
MED00262,4,rx_share,0.05637
MED00263,4,rx_share,-0.01417
MED00264,4,rx_share,-0.27985
MED00265,4,rx_share,-0.00934
MED00266,4,rx_share,0.02726
MED00267,4,rx_share,-0.00649
MED00268,4,rx_share,-0.02233
MED00269,4,rx_share,-0.01379
MED00270,4,rx_share,-0.02149
MED00271,4,rx_share,-0.00417
MED00272,4,rx_share,-0.01552
MED00273,4,rx_share,-0.02276
MED00274,4,rx_share,-0.0296
MED00275,4,rx_share,-0.00501
MED00276,4,rx_share,-0.00911
MED00277,4,rx_share,-0.02882
MED00278,4,rx_share,-0.0082
MED00279,4,rx_share,0.03476
MED00280,4,rx_share,-0.04082
MED00281,4,rx_share,-0.00301
MED00282,4,rx_share,-0.01617
MED00283,4,rx_share,-0.0097
MED00284,4,rx_share,0.00376
MED00285,4,rx_share,-0.00832
MED00286,4,rx_share,-0.01841
MED00287,4,rx_share,-0.01394
MED00288,4,rx_share,-0.03193
MED00289,4,rx_share,-0.01602
MED00290,4,rx_share,-0.02483
MED00291,4,rx_share,-0.0185
MED00292,4,rx_share,-0.0366
MED00293,4,rx_share,-0.00872
MED00294,4,rx_share,-0.12247
MED00295,4,rx_share,-0.00482
MED00296,4,rx_share,-0.01485
MED00297,4,rx_share,-0.0084
MED00298,4,rx_share,-0.01489
MED00299,4,rx_share,-0.0355
MED00300,4,rx_share,-0.02162
MED00301,4,rx_share,-0.00968
MED00302,4,rx_share,-0.02223
MED00303,4,rx_share,0.02124
MED00304,4,rx_share,-0.03667
MED00305,4,rx_share,-0.02924
MED00306,4,rx_share,-0.04221
MED00307,4,rx_share,0.03655
MED00308,4,rx_share,-0.08517
MED00309,4,rx_share,0.00919
MED00310,4,rx_share,-0.015
MED00311,4,rx_share,-0.10892
MED00312,4,rx_share,-0.07134
MED00313,4,rx_share,-0.07883
MED00314,4,rx_share,-0.15637
MED00315,4,rx_share,-0.01258
MED00316,4,rx_share,-0.01993
MED00317,4,rx_share,-0.01361
MED00318,4,rx_share,-0.02578
MED00319,4,rx_share,-0.00712
MED00320,4,rx_share,-0.13203
MED00321,4,rx_share,-0.05172
MED00322,4,rx_share,-0.0176
MED00323,4,rx_share,-0.04415
MED00324,4,rx_share,-0.01776
MED00325,4,rx_share,-0.01229
MED00326,4,rx_share,-0.00879
MED00327,4,rx_share,-0.0075
MED00328,4,rx_share,-0.02434
MED00329,4,rx_share,-0.01209
MED00330,4,rx_share,-0.0096
MED00331,4,rx_share,-0.01955
MED00332,4,rx_share,-0.02345
MED00333,4,rx_share,-0.01471
MED00334,4,rx_share,-0.02483
MED00335,4,rx_share,-0.08176
MED00336,4,rx_share,-0.00198
MED00337,4,rx_share,-0.02182
MED00338,4,rx_share,-0.1546
MED00339,4,rx_share,-0.00441
MED00340,4,rx_share,-0.0033
MED00341,4,rx_share,-0.00468
MED00342,4,rx_share,-0.01355
MED00343,4,rx_share,-0.0106
MED00344,4,rx_share,-0.07009
MED00345,4,rx_share,-0.01776
MED00346,4,rx_share,-0.02846
MED00347,4,rx_share,-0.0608
MED00348,4,rx_share,-0.02369
MED00349,4,rx_share,-0.01366
MED00350,4,rx_share,-0.06478
MED00351,4,rx_share,-0.01877
MED00352,4,rx_share,-0.03801
MED00353,4,rx_share,-0.03366
MED00354,4,rx_share,-0.08221
MED00355,4,rx_share,-0.02267
MED00356,4,rx_share,-0.01076
MED00357,4,rx_share,-0.02555
MED00358,4,rx_share,-0.01433
MED00359,4,rx_share,-0.03036
MED00360,4,rx_share,-0.03749
MED00361,4,rx_share,-0.02591
MED00362,4,rx_share,0.01305
MED00363,4,rx_share,-0.02287
MED00364,4,rx_share,-0.07632
MED00365,4,rx_share,-0.02245
MED00366,4,rx_share,-0.00299
MED00367,4,rx_share,-0.01416
MED00368,4,rx_share,-0.01937
MED00369,4,rx_share,-0.0337
MED00370,4,rx_share,-0.07632
MED00371,4,rx_share,0.01899
MED00372,4,rx_share,-0.0166
MED00373,4,rx_share,-0.05223
MED00374,4,rx_share,0.01465
MED00375,4,rx_share,-0.00512
MED00376,4,rx_share,-0.01934
MED00377,4,rx_share,-0.02908
MED00378,4,rx_share,-0.0116
MED00379,4,rx_share,-0.05326
MED00380,4,rx_share,-0.05324
MED00381,4,rx_share,-0.01584
MED00382,4,rx_share,-0.02087
MED00383,4,rx_share,-0.00779
MED00384,4,rx_share,-0.02583
MED00385,4,rx_share,-0.01191
MED00386,4,rx_share,0.0058
MED00387,4,rx_share,-0.02269
MED00388,4,rx_share,0.02233
MED00389,4,rx_share,-0.0173
MED00390,4,rx_share,0.03745
MED00391,4,rx_share,-0.01473
MED00392,4,rx_share,-0.01391
MED00393,4,rx_share,-0.01352
MED00394,4,rx_share,-0.01023
MED00395,4,rx_share,-0.01747
MED00396,4,rx_share,-0.0072
MED00397,4,rx_share,0.01502
MED00398,4,rx_share,0.03373
MED00399,4,rx_share,0.01131
MED00400,4,rx_share,0.01134
MED00401,4,rx_share,-0.01043
MED00402,4,rx_share,-0.02213
MED00403,4,rx_share,-0.01328
MED00404,4,rx_share,-0.01923
MED00405,4,rx_share,-0.01392
MED00406,4,rx_share,-0.02569
MED00407,4,rx_share,-0.01935
MED00408,4,rx_share,-0.01017
MED00409,4,rx_share,-0.00137
MED00410,4,rx_share,-0.00382
MED00411,4,rx_share,-0.01586
MED00412,4,rx_share,-0.00487
MED00413,4,rx_share,-0.00452
MED00414,4,rx_share,-0.01363
MED00415,4,rx_share,-0.00175
MED00416,4,rx_share,-0.01295
MED00417,4,rx_share,-0.01074
MED00418,4,rx_share,-0.02046
MED00419,4,rx_share,-0.02304
MED00420,4,rx_share,-0.01677
MED00421,4,rx_share,-0.01835
MED00422,4,rx_share,-0.01039
MED00423,4,rx_share,-0.00907
MED00424,4,rx_share,0.00516
MED00001,5,rx_share,-0.01328
MED00002,5,rx_share,-0.02884
MED00003,5,rx_share,-0.02682
MED00004,5,rx_share,-0.0239
MED00005,5,rx_share,-0.06411
MED00006,5,rx_share,-0.02187
MED00007,5,rx_share,0.00715
MED00008,5,rx_share,0.02867
MED00009,5,rx_share,-0.02869
MED00010,5,rx_share,-0.00885
MED00011,5,rx_share,-0.01838
MED00012,5,rx_share,-0.02771
MED00013,5,rx_share,-0.01527
MED00014,5,rx_share,-0.01662
MED00015,5,rx_share,0.05813
MED00016,5,rx_share,-0.02043
MED00017,5,rx_share,-0.01684
MED00018,5,rx_share,0.02959
MED00019,5,rx_share,0.0498
MED00020,5,rx_share,-0.03803
MED00021,5,rx_share,0.02334
MED00022,5,rx_share,0.00959
MED00023,5,rx_share,-0.03016
MED00024,5,rx_share,0.01199
MED00025,5,rx_share,-0.34828
MED00026,5,rx_share,-0.00131
MED00027,5,rx_share,0.01172
MED00028,5,rx_share,0.06753
MED00029,5,rx_share,0.02556
MED00030,5,rx_share,0.01791
MED00031,5,rx_share,-0.00198
MED00032,5,rx_share,-0.01348
MED00033,5,rx_share,-0.07329
MED00034,5,rx_share,0.03254
MED00035,5,rx_share,-0.04522
MED00036,5,rx_share,-0.04258
MED00037,5,rx_share,-0.04182
MED00038,5,rx_share,0.02649
MED00039,5,rx_share,-0.06114
MED00040,5,rx_share,-0.04173
MED00041,5,rx_share,-0.04689
MED00042,5,rx_share,-0.01226
MED00043,5,rx_share,-0.03333
MED00044,5,rx_share,-0.0273
MED00045,5,rx_share,-0.03169
MED00046,5,rx_share,0.01644
MED00047,5,rx_share,-0.02139
MED00048,5,rx_share,-0.01424
MED00049,5,rx_share,-0.01508
MED00050,5,rx_share,-0.02867
MED00051,5,rx_share,0.00683
MED00052,5,rx_share,-0.03823
MED00053,5,rx_share,0.00931
MED00054,5,rx_share,0.01235
MED00055,5,rx_share,-0.05764
MED00056,5,rx_share,-0.06412
MED00057,5,rx_share,-0.04751
MED00058,5,rx_share,-0.02243
MED00059,5,rx_share,-0.02018
MED00060,5,rx_share,-0.01887
MED00061,5,rx_share,-0.05088
MED00062,5,rx_share,-0.01646
MED00063,5,rx_share,-0.03353
MED00064,5,rx_share,0.02216
MED00065,5,rx_share,-0.00558
MED00066,5,rx_share,0.05855
MED00067,5,rx_share,-0.01294
MED00068,5,rx_share,0.0211
MED00069,5,rx_share,-0.03175
MED00070,5,rx_share,0.04543
MED00071,5,rx_share,-0.03385
MED00072,5,rx_share,-0.04131
MED00073,5,rx_share,0.03315
MED00074,5,rx_share,-0.01734
MED00075,5,rx_share,-0.03452
MED00076,5,rx_share,-0.02338
MED00077,5,rx_share,-0.02552
MED00078,5,rx_share,-0.02556
MED00079,5,rx_share,-0.02576
MED00080,5,rx_share,0.02922
MED00081,5,rx_share,-0.03166
MED00082,5,rx_share,-0.02813
MED00083,5,rx_share,-0.05712
MED00084,5,rx_share,0.03442
MED00085,5,rx_share,-0.01653
MED00086,5,rx_share,-0.0395
MED00087,5,rx_share,-0.02424
MED00088,5,rx_share,0.02668
MED00089,5,rx_share,-0.02332
MED00090,5,rx_share,-0.01794
MED00091,5,rx_share,-0.03707
MED00092,5,rx_share,-0.01115
MED00093,5,rx_share,-0.0087
MED00094,5,rx_share,-0.02591
MED00095,5,rx_share,-0.02054
MED00096,5,rx_share,-0.00584
MED00097,5,rx_share,-0.04555
MED00098,5,rx_share,-0.01679
MED00099,5,rx_share,-0.00053
MED00100,5,rx_share,-0.0544
MED00101,5,rx_share,-0.01153
MED00102,5,rx_share,-0.03173
MED00103,5,rx_share,-0.03997
MED00104,5,rx_share,-0.01734
MED00105,5,rx_share,-0.01563
MED00106,5,rx_share,-0.04243
MED00107,5,rx_share,-0.01708
MED00108,5,rx_share,-0.01882
MED00109,5,rx_share,-0.13408
MED00110,5,rx_share,-0.04664
MED00111,5,rx_share,0.01329
MED00112,5,rx_share,-0.0211
MED00113,5,rx_share,-0.01931
MED00114,5,rx_share,0.02614
MED00115,5,rx_share,-0.02727
MED00116,5,rx_share,-0.13486
MED00117,5,rx_share,-0.02429
MED00118,5,rx_share,-0.0214
MED00119,5,rx_share,-0.02177
MED00120,5,rx_share,0.01953
MED00121,5,rx_share,-0.02087
MED00122,5,rx_share,-0.02426
MED00123,5,rx_share,-0.02846
MED00124,5,rx_share,-0.01597
MED00125,5,rx_share,-0.02746
MED00126,5,rx_share,-0.02531
MED00127,5,rx_share,-0.04679
MED00128,5,rx_share,-0.02482
MED00129,5,rx_share,-0.0254
MED00130,5,rx_share,-0.0274
MED00131,5,rx_share,0.00446
MED00132,5,rx_share,-0.01528
MED00133,5,rx_share,0.01063
MED00134,5,rx_share,-0.04214
MED00135,5,rx_share,-0.01994
MED00136,5,rx_share,-0.07009
MED00137,5,rx_share,0.03514
MED00138,5,rx_share,-0.02377
MED00139,5,rx_share,-0.03006
MED00140,5,rx_share,-0.01288
MED00141,5,rx_share,0.03494
MED00142,5,rx_share,-0.01569
MED00143,5,rx_share,-0.01434
MED00144,5,rx_share,-0.02081
MED00145,5,rx_share,-0.05399
MED00146,5,rx_share,-0.02214
MED00147,5,rx_share,-0.02678
MED00148,5,rx_share,-0.01428
MED00149,5,rx_share,-0.01576
MED00150,5,rx_share,-0.02073
MED00151,5,rx_share,-0.0233
MED00152,5,rx_share,-0.02674
MED00153,5,rx_share,-0.02251
MED00154,5,rx_share,0.04105
MED00155,5,rx_share,-0.02385
MED00156,5,rx_share,-0.01171
MED00157,5,rx_share,-0.0244
MED00158,5,rx_share,0.00053
MED00159,5,rx_share,-0.10251
MED00160,5,rx_share,-0.01903
MED00161,5,rx_share,-0.01722
MED00162,5,rx_share,-0.01746
MED00163,5,rx_share,-0.028
MED00164,5,rx_share,-0.02876
MED00165,5,rx_share,-0.02236
MED00166,5,rx_share,-0.03169
MED00167,5,rx_share,-0.0121
MED00168,5,rx_share,-0.01723
MED00169,5,rx_share,-0.03388
MED00170,5,rx_share,-0.01994
MED00171,5,rx_share,-0.02231
MED00172,5,rx_share,-0.00419
MED00173,5,rx_share,-0.03056
MED00174,5,rx_share,0.00205
MED00175,5,rx_share,0.03633
MED00176,5,rx_share,-0.10206
MED00177,5,rx_share,-0.04274
MED00178,5,rx_share,-0.02227
MED00179,5,rx_share,-0.03593
MED00180,5,rx_share,-0.02598
MED00181,5,rx_share,-0.02581
MED00182,5,rx_share,-0.00228
MED00183,5,rx_share,-0.02484
MED00184,5,rx_share,-0.00825
MED00185,5,rx_share,-0.01946
MED00186,5,rx_share,-0.02501
MED00187,5,rx_share,-0.00048
MED00188,5,rx_share,-0.02277
MED00189,5,rx_share,-0.02624
MED00190,5,rx_share,-0.01908
MED00191,5,rx_share,-0.02481
MED00192,5,rx_share,-0.02653
MED00193,5,rx_share,-0.02274
MED00194,5,rx_share,-0.01493
MED00195,5,rx_share,-0.0271
MED00196,5,rx_share,0.00348
MED00197,5,rx_share,0.02503
MED00198,5,rx_share,-0.01282
MED00199,5,rx_share,0.00782
MED00200,5,rx_share,-0.02902
MED00201,5,rx_share,-0.01342
MED00202,5,rx_share,-0.01342
MED00203,5,rx_share,-0.0317
MED00204,5,rx_share,-0.02267
MED00205,5,rx_share,-0.0158
MED00206,5,rx_share,-0.0265
MED00207,5,rx_share,-0.02391
MED00208,5,rx_share,-0.01249
MED00209,5,rx_share,0.00231
MED00210,5,rx_share,0.0037
MED00211,5,rx_share,-0.02689
MED00212,5,rx_share,-0.04209
MED00213,5,rx_share,-0.02254
MED00214,5,rx_share,-0.0174
MED00215,5,rx_share,-0.024
MED00216,5,rx_share,-0.30002
MED00217,5,rx_share,-0.03297
MED00218,5,rx_share,-0.02585
MED00219,5,rx_share,0.02503
MED00220,5,rx_share,-0.02126
MED00221,5,rx_share,0.00303
MED00222,5,rx_share,-0.0271
MED00223,5,rx_share,-0.10633
MED00224,5,rx_share,-0.0161
MED00225,5,rx_share,-0.02302
MED00226,5,rx_share,0.00387
MED00227,5,rx_share,0.03024
MED00228,5,rx_share,-0.02622
MED00229,5,rx_share,-0.01625
MED00230,5,rx_share,-0.00529
MED00231,5,rx_share,-0.01217
MED00232,5,rx_share,-0.03362
MED00233,5,rx_share,-0.02896
MED00234,5,rx_share,-0.0214
MED00235,5,rx_share,0.03053
MED00236,5,rx_share,-0.02693
MED00237,5,rx_share,0.00799
MED00238,5,rx_share,-0.0148
MED00239,5,rx_share,-0.02445
MED00240,5,rx_share,0.01386
MED00241,5,rx_share,-0.02854
MED00242,5,rx_share,0.02881
MED00243,5,rx_share,-0.02662
MED00244,5,rx_share,-0.02164
MED00245,5,rx_share,0.00272
MED00246,5,rx_share,-0.01218
MED00247,5,rx_share,-0.01548
MED00248,5,rx_share,-0.0373
MED00249,5,rx_share,-0.06248
MED00250,5,rx_share,-0.02219
MED00251,5,rx_share,-0.02046
MED00252,5,rx_share,-0.00794
MED00253,5,rx_share,-0.01879
MED00254,5,rx_share,-0.01837
MED00255,5,rx_share,-0.03672
MED00256,5,rx_share,0.00805
MED00257,5,rx_share,0.03005
MED00258,5,rx_share,-0.00994
MED00259,5,rx_share,-0.01813
MED00260,5,rx_share,-0.06919
MED00261,5,rx_share,-0.05679
MED00262,5,rx_share,0.05822
MED00263,5,rx_share,-0.0202
MED00264,5,rx_share,-0.243
MED00265,5,rx_share,-0.01451
MED00266,5,rx_share,0.02896
MED00267,5,rx_share,-0.01299
MED00268,5,rx_share,-0.02693
MED00269,5,rx_share,-0.02118
MED00270,5,rx_share,-0.02735
MED00271,5,rx_share,-0.01344
MED00272,5,rx_share,-0.02011
MED00273,5,rx_share,-0.02931
MED00274,5,rx_share,-0.01439
MED00275,5,rx_share,-0.01519
MED00276,5,rx_share,-0.0159
MED00277,5,rx_share,-0.02617
MED00278,5,rx_share,-0.01347
MED00279,5,rx_share,0.03503
MED00280,5,rx_share,-0.03578
MED00281,5,rx_share,-0.01586
MED00282,5,rx_share,-0.02051
MED00283,5,rx_share,-0.02165
MED00284,5,rx_share,0.00825
MED00285,5,rx_share,-0.01491
MED00286,5,rx_share,-0.02374
MED00287,5,rx_share,-0.02204
MED00288,5,rx_share,-0.02802
MED00289,5,rx_share,-0.00653
MED00290,5,rx_share,-0.03084
MED00291,5,rx_share,-0.00559
MED00292,5,rx_share,-0.04874
MED00293,5,rx_share,-0.01485
MED00294,5,rx_share,-0.06104
MED00295,5,rx_share,-0.00156
MED00296,5,rx_share,-0.02182
MED00297,5,rx_share,-0.01461
MED00298,5,rx_share,-0.01708
MED00299,5,rx_share,-0.0252
MED00300,5,rx_share,-0.02824
MED00301,5,rx_share,-0.01914
MED00302,5,rx_share,-0.02241
MED00303,5,rx_share,0.02159
MED00304,5,rx_share,-0.03186
MED00305,5,rx_share,-0.03758
MED00306,5,rx_share,-0.03398
MED00307,5,rx_share,0.03292
MED00308,5,rx_share,-0.06943
MED00309,5,rx_share,0.01603
MED00310,5,rx_share,-0.02053
MED00311,5,rx_share,-0.06866
MED00312,5,rx_share,-0.05187
MED00313,5,rx_share,-0.06819
MED00314,5,rx_share,-0.11067
MED00315,5,rx_share,-0.02224
MED00316,5,rx_share,-0.02351
MED00317,5,rx_share,-0.02176
MED00318,5,rx_share,-0.02418
MED00319,5,rx_share,-0.01869
MED00320,5,rx_share,-0.08449
MED00321,5,rx_share,-0.04205
MED00322,5,rx_share,-0.01464
MED00323,5,rx_share,-0.02999
MED00324,5,rx_share,-0.00879
MED00325,5,rx_share,-0.0192
MED00326,5,rx_share,-0.01894
MED00327,5,rx_share,-0.0137
MED00328,5,rx_share,-0.02653
MED00329,5,rx_share,-0.02089
MED00330,5,rx_share,-0.0178
MED00331,5,rx_share,-0.02106
MED00332,5,rx_share,-0.02867
MED00333,5,rx_share,-0.02303
MED00334,5,rx_share,-0.02144
MED00335,5,rx_share,-0.07612
MED00336,5,rx_share,-0.0102
MED00337,5,rx_share,-0.01774
MED00338,5,rx_share,-0.10665
MED00339,5,rx_share,0.0038
MED00340,5,rx_share,0.00361
MED00341,5,rx_share,-0.01205
MED00342,5,rx_share,-0.02121
MED00343,5,rx_share,-0.0188
MED00344,5,rx_share,-0.05306
MED00345,5,rx_share,-0.01463
MED00346,5,rx_share,-0.03271
MED00347,5,rx_share,-0.04409
MED00348,5,rx_share,-0.03305
MED00349,5,rx_share,-0.01747
MED00350,5,rx_share,-0.05483
MED00351,5,rx_share,-0.00988
MED00352,5,rx_share,-0.03242
MED00353,5,rx_share,-0.02461
MED00354,5,rx_share,-0.07031
MED00355,5,rx_share,-0.02329
MED00356,5,rx_share,-0.01706
MED00357,5,rx_share,-0.01986
MED00358,5,rx_share,-0.01951
MED00359,5,rx_share,-0.03422
MED00360,5,rx_share,-0.04223
MED00361,5,rx_share,-0.03138
MED00362,5,rx_share,0.00548
MED00363,5,rx_share,-0.02784
MED00364,5,rx_share,-0.05973
MED00365,5,rx_share,-0.03076
MED00366,5,rx_share,-0.01152
MED00367,5,rx_share,-0.01733
MED00368,5,rx_share,-0.02512
MED00369,5,rx_share,-0.03298
MED00370,5,rx_share,-0.05184
MED00371,5,rx_share,0.01868
MED00372,5,rx_share,-0.01358
MED00373,5,rx_share,-0.04617
MED00374,5,rx_share,0.00696
MED00375,5,rx_share,-0.00709
MED00376,5,rx_share,-0.02681
MED00377,5,rx_share,-0.01959
MED00378,5,rx_share,-0.01798
MED00379,5,rx_share,-0.04481
MED00380,5,rx_share,-0.04178
MED00381,5,rx_share,-0.0134
MED00382,5,rx_share,-0.03102
MED00383,5,rx_share,-0.00843
MED00384,5,rx_share,-0.03203
MED00385,5,rx_share,-0.02659
MED00386,5,rx_share,-0.00755
MED00387,5,rx_share,-0.03366
MED00388,5,rx_share,0.02291
MED00389,5,rx_share,-0.01424
MED00390,5,rx_share,0.04064
MED00391,5,rx_share,-0.02988
MED00392,5,rx_share,-0.02938
MED00393,5,rx_share,-0.02768
MED00394,5,rx_share,-0.0212
MED00395,5,rx_share,-0.03091
MED00396,5,rx_share,-0.00482
MED00397,5,rx_share,0.01412
MED00398,5,rx_share,0.03596
MED00399,5,rx_share,0.01436
MED00400,5,rx_share,0.01452
MED00401,5,rx_share,-0.03089
MED00402,5,rx_share,-0.03572
MED00403,5,rx_share,-0.02081
MED00404,5,rx_share,-0.02617
MED00405,5,rx_share,-0.02353
MED00406,5,rx_share,-0.03758
MED00407,5,rx_share,-0.03531
MED00408,5,rx_share,-0.02404
MED00409,5,rx_share,-0.00789
MED00410,5,rx_share,-0.01399
MED00411,5,rx_share,-0.03321
MED00412,5,rx_share,-0.01805
MED00413,5,rx_share,-0.01857
MED00414,5,rx_share,-0.02737
MED00415,5,rx_share,-0.01489
MED00416,5,rx_share,-0.02745
MED00417,5,rx_share,-0.0159
MED00418,5,rx_share,-0.02727
MED00419,5,rx_share,-0.03074
MED00420,5,rx_share,-0.03148
MED00421,5,rx_share,-0.03021
MED00422,5,rx_share,-0.02728
MED00423,5,rx_share,-0.01632
MED00001,6,rx_share,-0.01222
MED00002,6,rx_share,-0.02302
MED00003,6,rx_share,-0.02169
MED00004,6,rx_share,-0.02385
MED00005,6,rx_share,-0.06626
MED00006,6,rx_share,-0.0212
MED00007,6,rx_share,0.00933
MED00008,6,rx_share,0.03235
MED00009,6,rx_share,-0.02839
MED00010,6,rx_share,-0.00342
MED00011,6,rx_share,-0.01982
MED00012,6,rx_share,-0.02582
MED00013,6,rx_share,-0.01517
MED00014,6,rx_share,-0.01688
MED00015,6,rx_share,0.06199
MED00016,6,rx_share,-0.02009
MED00017,6,rx_share,-0.0164
MED00018,6,rx_share,0.03276
MED00019,6,rx_share,0.05014
MED00020,6,rx_share,-0.03966
MED00021,6,rx_share,0.02447
MED00022,6,rx_share,0.00768
MED00023,6,rx_share,-0.02938
MED00024,6,rx_share,0.00976
MED00025,6,rx_share,-0.39194
MED00026,6,rx_share,0.00134
MED00027,6,rx_share,0.01768
MED00028,6,rx_share,0.07324
MED00029,6,rx_share,0.0255
MED00030,6,rx_share,0.0175
MED00031,6,rx_share,-0.00028
MED00032,6,rx_share,-0.01349
MED00033,6,rx_share,-0.07988
MED00034,6,rx_share,0.03527
MED00035,6,rx_share,-0.04407
MED00036,6,rx_share,-0.04361
MED00037,6,rx_share,-0.04278
MED00038,6,rx_share,0.02811
MED00039,6,rx_share,-0.06465
MED00040,6,rx_share,-0.03957
MED00041,6,rx_share,-0.04804
MED00042,6,rx_share,-0.017
MED00043,6,rx_share,-0.02998
MED00044,6,rx_share,-0.03982
MED00045,6,rx_share,-0.02989
MED00046,6,rx_share,0.01218
MED00047,6,rx_share,-0.02113
MED00048,6,rx_share,-0.01356
MED00049,6,rx_share,-0.00775
MED00050,6,rx_share,-0.02611
MED00051,6,rx_share,-0.0575
MED00052,6,rx_share,-0.03603
MED00053,6,rx_share,0.01472
MED00054,6,rx_share,0.01967
MED00055,6,rx_share,-0.06061
MED00056,6,rx_share,-0.06791
MED00057,6,rx_share,-0.05588
MED00058,6,rx_share,-0.0206
MED00059,6,rx_share,-0.01987
MED00060,6,rx_share,-0.01842
MED00061,6,rx_share,-0.04983
MED00062,6,rx_share,-0.0156
MED00063,6,rx_share,-0.11223
MED00064,6,rx_share,0.02408
MED00065,6,rx_share,-0.00696
MED00066,6,rx_share,0.0629
MED00067,6,rx_share,-0.01356
MED00068,6,rx_share,0.02213
MED00069,6,rx_share,-0.04171
MED00070,6,rx_share,0.04516
MED00071,6,rx_share,-0.0463
MED00072,6,rx_share,-0.05066
MED00073,6,rx_share,0.03076
MED00074,6,rx_share,-0.00596
MED00075,6,rx_share,-0.03422
MED00076,6,rx_share,-0.01944
MED00077,6,rx_share,-0.02748
MED00078,6,rx_share,-0.02884
MED00079,6,rx_share,-0.02335
MED00080,6,rx_share,0.02737
MED00081,6,rx_share,-0.02796
MED00082,6,rx_share,-0.01522
MED00083,6,rx_share,-0.06309
MED00084,6,rx_share,0.03357
MED00085,6,rx_share,-0.01627
MED00086,6,rx_share,-0.04525
MED00087,6,rx_share,-0.02316
MED00088,6,rx_share,0.02795
MED00089,6,rx_share,-0.0025
MED00090,6,rx_share,-0.01801
MED00091,6,rx_share,-0.04682
MED00092,6,rx_share,-0.01158
MED00093,6,rx_share,-0.00479
MED00094,6,rx_share,-0.02658
MED00095,6,rx_share,-0.02026
MED00096,6,rx_share,-0.00627
MED00097,6,rx_share,-0.05152
MED00098,6,rx_share,-0.01401
MED00099,6,rx_share,0.00087
MED00100,6,rx_share,-0.11116
MED00101,6,rx_share,-0.01508
MED00102,6,rx_share,-0.03069
MED00103,6,rx_share,-0.03804
MED00104,6,rx_share,-0.01688
MED00105,6,rx_share,-0.01478
MED00106,6,rx_share,-0.12111
MED00107,6,rx_share,-0.01665
MED00108,6,rx_share,-0.01846
MED00109,6,rx_share,-0.13314
MED00110,6,rx_share,-0.05305
MED00111,6,rx_share,0.00493
MED00112,6,rx_share,-0.02065
MED00113,6,rx_share,-0.01876
MED00114,6,rx_share,0.02888
MED00115,6,rx_share,-0.02548
MED00116,6,rx_share,-0.1434
MED00117,6,rx_share,-0.02227
MED00118,6,rx_share,-0.02189
MED00119,6,rx_share,-0.02246
MED00120,6,rx_share,0.01963
MED00121,6,rx_share,-0.02045
MED00122,6,rx_share,-0.02404
MED00123,6,rx_share,-0.02708
MED00124,6,rx_share,-0.01577
MED00125,6,rx_share,-0.02233
MED00126,6,rx_share,-0.02774
MED00127,6,rx_share,-0.04494
MED00128,6,rx_share,-0.02427
MED00129,6,rx_share,-0.02208
MED00130,6,rx_share,-0.02007
MED00131,6,rx_share,0.00229
MED00132,6,rx_share,-0.01588
MED00133,6,rx_share,0.00057
MED00134,6,rx_share,-0.04451
MED00135,6,rx_share,-0.02529
MED00136,6,rx_share,-0.07345
MED00137,6,rx_share,0.03822
MED00138,6,rx_share,-0.02325
MED00139,6,rx_share,-0.02737
MED00140,6,rx_share,-0.01252
MED00141,6,rx_share,0.03417
MED00142,6,rx_share,-0.01682
MED00143,6,rx_share,-0.01443
MED00144,6,rx_share,-0.01915
MED00145,6,rx_share,-0.05294
MED00146,6,rx_share,-0.01975
MED00147,6,rx_share,-0.02505
MED00148,6,rx_share,-0.01395
MED00149,6,rx_share,-0.01511
MED00150,6,rx_share,-0.01909
MED00151,6,rx_share,-0.02282
MED00152,6,rx_share,-0.02642
MED00153,6,rx_share,-0.02189
MED00154,6,rx_share,0.04188
MED00155,6,rx_share,-0.02354
MED00156,6,rx_share,-0.01125
MED00157,6,rx_share,-0.02404
MED00158,6,rx_share,0.00606
MED00159,6,rx_share,-0.10794
MED00160,6,rx_share,-0.01845
MED00161,6,rx_share,-0.01546
MED00162,6,rx_share,-0.01638
MED00163,6,rx_share,-0.02239
MED00164,6,rx_share,-0.03783
MED00165,6,rx_share,-0.03008
MED00166,6,rx_share,-0.0298
MED00167,6,rx_share,-0.01183
MED00168,6,rx_share,-0.0155
MED00169,6,rx_share,-0.02052
MED00170,6,rx_share,-0.01969
MED00171,6,rx_share,-0.02199
MED00172,6,rx_share,-0.00539
MED00173,6,rx_share,-0.02875
MED00174,6,rx_share,0.00259
MED00175,6,rx_share,0.03982
MED00176,6,rx_share,-0.11321
MED00177,6,rx_share,-0.09306
MED00178,6,rx_share,-0.01958
MED00179,6,rx_share,-0.03718
MED00180,6,rx_share,-0.02532
MED00181,6,rx_share,-0.02328
MED00182,6,rx_share,0.00251
MED00183,6,rx_share,-0.03049
MED00184,6,rx_share,-0.01945
MED00185,6,rx_share,-0.02361
MED00186,6,rx_share,-0.02323
MED00187,6,rx_share,-0.00351
MED00188,6,rx_share,-0.02216
MED00189,6,rx_share,-0.02112
MED00190,6,rx_share,-0.01817
MED00191,6,rx_share,-0.01311
MED00192,6,rx_share,-0.02137
MED00193,6,rx_share,-0.01541
MED00194,6,rx_share,-0.02504
MED00195,6,rx_share,-0.02868
MED00197,6,rx_share,0.02518
MED00198,6,rx_share,-0.01249
MED00199,6,rx_share,0.01078
MED00200,6,rx_share,-0.02711
MED00201,6,rx_share,-0.01268
MED00202,6,rx_share,-0.01245
MED00203,6,rx_share,-0.04136
MED00204,6,rx_share,-0.02085
MED00205,6,rx_share,-0.01503
MED00206,6,rx_share,-0.0278
MED00207,6,rx_share,-0.02442
MED00208,6,rx_share,-0.01163
MED00209,6,rx_share,0.00039
MED00210,6,rx_share,0.00415
MED00211,6,rx_share,-0.02502
MED00212,6,rx_share,-0.04109
MED00213,6,rx_share,-0.02245
MED00214,6,rx_share,-0.01639
MED00215,6,rx_share,-0.0223
MED00216,6,rx_share,-0.35593
MED00217,6,rx_share,-0.02887
MED00218,6,rx_share,-0.02537
MED00219,6,rx_share,0.02574
MED00220,6,rx_share,-0.0202
MED00221,6,rx_share,0.0048
MED00222,6,rx_share,-0.02751
MED00223,6,rx_share,-0.117
MED00224,6,rx_share,-0.0148
MED00225,6,rx_share,-0.02251
MED00226,6,rx_share,0.00548
MED00227,6,rx_share,0.03062
MED00228,6,rx_share,-0.02628
MED00229,6,rx_share,-0.01405
MED00230,6,rx_share,0.00761
MED00231,6,rx_share,-0.01196
MED00232,6,rx_share,-0.031
MED00233,6,rx_share,-0.02716
MED00234,6,rx_share,-0.02113
MED00235,6,rx_share,0.0324
MED00236,6,rx_share,-0.02525
MED00237,6,rx_share,0.00777
MED00238,6,rx_share,-0.01268
MED00239,6,rx_share,-0.02417
MED00240,6,rx_share,0.01176
MED00241,6,rx_share,-0.02686
MED00242,6,rx_share,0.02984
MED00243,6,rx_share,-0.02084
MED00244,6,rx_share,-0.01983
MED00245,6,rx_share,-0.00683
MED00246,6,rx_share,-0.01177
MED00247,6,rx_share,-0.01475
MED00248,6,rx_share,-0.03732
MED00249,6,rx_share,-0.06259
MED00250,6,rx_share,-0.021
MED00251,6,rx_share,-0.02002
MED00252,6,rx_share,-0.01097
MED00253,6,rx_share,-0.01705
MED00254,6,rx_share,-0.02066
MED00255,6,rx_share,-0.03455
MED00256,6,rx_share,0.001
MED00257,6,rx_share,0.02973
MED00258,6,rx_share,-0.00919
MED00259,6,rx_share,-0.01787
MED00260,6,rx_share,-0.07231
MED00261,6,rx_share,-0.0605
MED00262,6,rx_share,0.05927
MED00263,6,rx_share,-0.02003
MED00264,6,rx_share,-0.24109
MED00265,6,rx_share,-0.0142
MED00266,6,rx_share,0.02969
MED00267,6,rx_share,-0.01266
MED00268,6,rx_share,-0.02648
MED00269,6,rx_share,-0.02074
MED00270,6,rx_share,-0.02695
MED00271,6,rx_share,-0.01362
MED00272,6,rx_share,-0.01873
MED00273,6,rx_share,-0.02912
MED00274,6,rx_share,-0.0104
MED00275,6,rx_share,-0.01459
MED00276,6,rx_share,-0.01536
MED00277,6,rx_share,-0.02103
MED00278,6,rx_share,-0.01316
MED00279,6,rx_share,0.03775
MED00280,6,rx_share,-0.03159
MED00281,6,rx_share,-0.01613
MED00282,6,rx_share,-0.01966
MED00283,6,rx_share,-0.02869
MED00284,6,rx_share,0.00621
MED00285,6,rx_share,-0.01455
MED00286,6,rx_share,-0.02346
MED00287,6,rx_share,-0.02167
MED00288,6,rx_share,-0.02629
MED00289,6,rx_share,-0.00765
MED00290,6,rx_share,-0.03204
MED00291,6,rx_share,-0.05842
MED00292,6,rx_share,-0.03651
MED00293,6,rx_share,-0.01442
MED00294,6,rx_share,-0.06899
MED00295,6,rx_share,0.00109
MED00296,6,rx_share,-0.02021
MED00297,6,rx_share,-0.01396
MED00298,6,rx_share,-0.01745
MED00299,6,rx_share,-0.02032
MED00300,6,rx_share,-0.02822
MED00301,6,rx_share,-0.01884
MED00302,6,rx_share,-0.01852
MED00303,6,rx_share,0.02282
MED00304,6,rx_share,-0.04099
MED00305,6,rx_share,-0.03556
MED00306,6,rx_share,-0.03248
MED00307,6,rx_share,0.03093
MED00308,6,rx_share,-0.0719
MED00309,6,rx_share,0.01624
MED00310,6,rx_share,-0.01878
MED00311,6,rx_share,-0.07115
MED00312,6,rx_share,-0.05766
MED00313,6,rx_share,-0.0702
MED00314,6,rx_share,-0.1185
MED00315,6,rx_share,-0.02159
MED00316,6,rx_share,-0.02291
MED00317,6,rx_share,-0.01992
MED00318,6,rx_share,-0.03576
MED00319,6,rx_share,-0.01795
MED00320,6,rx_share,-0.09441
MED00321,6,rx_share,-0.0432
MED00322,6,rx_share,-0.00731
MED00323,6,rx_share,-0.02722
MED00324,6,rx_share,-0.00358
MED00325,6,rx_share,-0.01871
MED00326,6,rx_share,-0.01823
MED00327,6,rx_share,-0.01334
MED00328,6,rx_share,-0.02621
MED00329,6,rx_share,-0.02016
MED00330,6,rx_share,-0.0162
MED00331,6,rx_share,-0.02057
MED00332,6,rx_share,-0.02824
MED00333,6,rx_share,-0.02061
MED00334,6,rx_share,-0.02929
MED00335,6,rx_share,-0.07625
MED00336,6,rx_share,-0.01273
MED00337,6,rx_share,-0.0174
MED00338,6,rx_share,-0.12068
MED00339,6,rx_share,0.00461
MED00340,6,rx_share,0.00577
MED00341,6,rx_share,-0.01171
MED00342,6,rx_share,-0.01922
MED00343,6,rx_share,-0.01796
MED00344,6,rx_share,-0.05411
MED00345,6,rx_share,-0.0073
MED00346,6,rx_share,-0.03092
MED00347,6,rx_share,-0.1017
MED00348,6,rx_share,-0.02151
MED00349,6,rx_share,-0.017
MED00350,6,rx_share,-0.0559
MED00351,6,rx_share,-0.00966
MED00352,6,rx_share,-0.03111
MED00353,6,rx_share,-0.02453
MED00354,6,rx_share,-0.07691
MED00355,6,rx_share,-0.02242
MED00356,6,rx_share,-0.01679
MED00357,6,rx_share,-0.01497
MED00358,6,rx_share,-0.01781
MED00359,6,rx_share,-0.03233
MED00360,6,rx_share,-0.04191
MED00361,6,rx_share,-0.03084
MED00362,6,rx_share,0.00541
MED00363,6,rx_share,-0.02751
MED00364,6,rx_share,-0.1165
MED00365,6,rx_share,-0.03033
MED00366,6,rx_share,-0.01088
MED00367,6,rx_share,-0.01622
MED00368,6,rx_share,-0.0247
MED00369,6,rx_share,-0.04441
MED00370,6,rx_share,-0.05219
MED00371,6,rx_share,0.0185
MED00372,6,rx_share,-0.00856
MED00373,6,rx_share,-0.04657
MED00374,6,rx_share,0.00721
MED00375,6,rx_share,-0.01334
MED00376,6,rx_share,-0.02493
MED00377,6,rx_share,-0.01833
MED00378,6,rx_share,-0.02221
MED00379,6,rx_share,-0.04399
MED00380,6,rx_share,-0.0483
MED00381,6,rx_share,-0.0234
MED00382,6,rx_share,-0.02912
MED00383,6,rx_share,-0.00867
MED00384,6,rx_share,-0.03162
MED00385,6,rx_share,-0.02614
MED00386,6,rx_share,-0.00709
MED00387,6,rx_share,-0.03289
MED00388,6,rx_share,0.01676
MED00389,6,rx_share,-0.0243
MED00390,6,rx_share,0.04057
MED00391,6,rx_share,-0.02971
MED00392,6,rx_share,-0.02892
MED00393,6,rx_share,-0.0248
MED00394,6,rx_share,-0.02152
MED00395,6,rx_share,-0.03093
MED00396,6,rx_share,0.00723
MED00397,6,rx_share,0.02615
MED00398,6,rx_share,0.04158
MED00399,6,rx_share,0.01938
MED00400,6,rx_share,0.01473
MED00401,6,rx_share,-0.02806
MED00402,6,rx_share,-0.03617
MED00403,6,rx_share,-0.01789
MED00404,6,rx_share,-0.02549
MED00405,6,rx_share,-0.02386
MED00406,6,rx_share,-0.03789
MED00407,6,rx_share,-0.03468
MED00408,6,rx_share,-0.0238
MED00409,6,rx_share,-0.00942
MED00410,6,rx_share,-0.01572
MED00411,6,rx_share,-0.03241
MED00412,6,rx_share,-0.01722
MED00413,6,rx_share,-0.01825
MED00414,6,rx_share,-0.0259
MED00415,6,rx_share,-0.01411
MED00416,6,rx_share,-0.0275
MED00417,6,rx_share,-0.01521
MED00418,6,rx_share,-0.02716
MED00419,6,rx_share,-0.03043
MED00420,6,rx_share,-0.03579
MED00421,6,rx_share,-0.03239
MED00422,6,rx_share,-0.02739
MED00423,6,rx_share,-0.01588
MED00424,6,rx_share,-0.00992
MED00001,7,rx_share,-0.01081
MED00002,7,rx_share,-0.02523
MED00003,7,rx_share,-0.02433
MED00004,7,rx_share,-0.02478
MED00005,7,rx_share,-0.06829
MED00006,7,rx_share,-0.01997
MED00007,7,rx_share,0.01748
MED00008,7,rx_share,0.03304
MED00009,7,rx_share,-0.02624
MED00010,7,rx_share,-0.00402
MED00011,7,rx_share,-0.01972
MED00012,7,rx_share,-0.02297
MED00013,7,rx_share,-0.01292
MED00014,7,rx_share,-0.01564
MED00015,7,rx_share,0.06043
MED00016,7,rx_share,-0.01704
MED00017,7,rx_share,-0.01397
MED00018,7,rx_share,0.03273
MED00019,7,rx_share,0.04944
MED00020,7,rx_share,-0.04863
MED00021,7,rx_share,0.0244
MED00022,7,rx_share,0.00591
MED00023,7,rx_share,-0.02658
MED00024,7,rx_share,0.00904
MED00025,7,rx_share,-0.39744
MED00026,7,rx_share,0.00067
MED00027,7,rx_share,0.0172
MED00028,7,rx_share,0.07272
MED00029,7,rx_share,0.03191
MED00030,7,rx_share,0.0166
MED00031,7,rx_share,-0.00044
MED00032,7,rx_share,-0.00919
MED00033,7,rx_share,-0.08117
MED00034,7,rx_share,0.0365
MED00035,7,rx_share,-0.04351
MED00036,7,rx_share,-0.0446
MED00037,7,rx_share,-0.04351
MED00038,7,rx_share,0.02827
MED00039,7,rx_share,-0.06497
MED00040,7,rx_share,-0.03988
MED00041,7,rx_share,-0.04869
MED00042,7,rx_share,-0.01673
MED00043,7,rx_share,-0.03264
MED00044,7,rx_share,-0.03505
MED00045,7,rx_share,-0.02694
MED00046,7,rx_share,0.01187
MED00047,7,rx_share,-0.01892
MED00048,7,rx_share,-0.01093
MED00049,7,rx_share,-0.00993
MED00050,7,rx_share,-0.02342
MED00051,7,rx_share,-0.04162
MED00052,7,rx_share,-0.03887
MED00053,7,rx_share,0.01495
MED00054,7,rx_share,0.00336
MED00055,7,rx_share,-0.06196
MED00056,7,rx_share,-0.06844
MED00057,7,rx_share,-0.0554
MED00058,7,rx_share,-0.01782
MED00059,7,rx_share,-0.0177
MED00060,7,rx_share,-0.01477
MED00061,7,rx_share,-0.05152
MED00062,7,rx_share,-0.01198
MED00063,7,rx_share,-0.10096
MED00064,7,rx_share,0.02417
MED00065,7,rx_share,-0.0051
MED00066,7,rx_share,0.06161
MED00067,7,rx_share,-0.01232
MED00068,7,rx_share,0.02191
MED00069,7,rx_share,-0.0384
MED00070,7,rx_share,0.04581
MED00071,7,rx_share,-0.04161
MED00072,7,rx_share,-0.04341
MED00073,7,rx_share,0.03044
MED00074,7,rx_share,-0.02051
MED00075,7,rx_share,-0.03216
MED00076,7,rx_share,-0.02165
MED00077,7,rx_share,-0.01955
MED00078,7,rx_share,-0.03807
MED00079,7,rx_share,-0.01979
MED00080,7,rx_share,0.02619
MED00081,7,rx_share,-0.03061
MED00082,7,rx_share,-0.02992
MED00083,7,rx_share,-0.06444
MED00084,7,rx_share,0.03335
MED00085,7,rx_share,-0.01351
MED00086,7,rx_share,-0.04506
MED00087,7,rx_share,-0.02198
MED00088,7,rx_share,0.02911
MED00089,7,rx_share,-0.01826
MED00090,7,rx_share,-0.01634
MED00091,7,rx_share,-0.03951
MED00092,7,rx_share,-0.01038
MED00093,7,rx_share,-0.00938
MED00094,7,rx_share,-0.03339
MED00095,7,rx_share,-0.0175
MED00096,7,rx_share,-0.00544
MED00097,7,rx_share,-0.05205
MED00098,7,rx_share,-0.01117
MED00099,7,rx_share,0.00026
MED00100,7,rx_share,-0.09823
MED00101,7,rx_share,-0.01361
MED00102,7,rx_share,-0.03146
MED00103,7,rx_share,-0.03511
MED00104,7,rx_share,-0.01391
MED00105,7,rx_share,-0.01175
MED00106,7,rx_share,-0.1098
MED00107,7,rx_share,-0.01442
MED00108,7,rx_share,-0.0157
MED00109,7,rx_share,-0.13107
MED00110,7,rx_share,-0.05421
MED00111,7,rx_share,0.01112
MED00112,7,rx_share,-0.01776
MED00113,7,rx_share,-0.01601
MED00114,7,rx_share,0.02923
MED00115,7,rx_share,-0.02274
MED00116,7,rx_share,-0.14514
MED00117,7,rx_share,-0.01976
MED00118,7,rx_share,-0.02069
MED00119,7,rx_share,-0.01972
MED00120,7,rx_share,0.02007
MED00121,7,rx_share,-0.0175
MED00122,7,rx_share,-0.02092
MED00123,7,rx_share,-0.02885
MED00124,7,rx_share,-0.01344
MED00125,7,rx_share,-0.02501
MED00126,7,rx_share,-0.02864
MED00127,7,rx_share,-0.032
MED00128,7,rx_share,-0.02133
MED00129,7,rx_share,-0.01344
MED00130,7,rx_share,-0.02277
MED00131,7,rx_share,0.00155
MED00132,7,rx_share,-0.01638
MED00133,7,rx_share,0.01124
MED00134,7,rx_share,-0.04531
MED00135,7,rx_share,-0.01971
MED00136,7,rx_share,-0.07614
MED00137,7,rx_share,0.03908
MED00138,7,rx_share,-0.02034
MED00139,7,rx_share,-0.02452
MED00140,7,rx_share,-0.00945
MED00141,7,rx_share,0.03388
MED00142,7,rx_share,-0.01642
MED00143,7,rx_share,-0.01166
MED00144,7,rx_share,-0.01641
MED00145,7,rx_share,-0.05401
MED00146,7,rx_share,-0.02137
MED00147,7,rx_share,-0.0209
MED00148,7,rx_share,-0.00965
MED00149,7,rx_share,-0.01401
MED00150,7,rx_share,-0.01637
MED00151,7,rx_share,-0.0199
MED00152,7,rx_share,-0.02343
MED00153,7,rx_share,-0.01911
MED00154,7,rx_share,0.04171
MED00155,7,rx_share,-0.02075
MED00156,7,rx_share,-0.00737
MED00157,7,rx_share,-0.02107
MED00158,7,rx_share,0.00555
MED00159,7,rx_share,-0.11009
MED00160,7,rx_share,-0.01556
MED00161,7,rx_share,-0.01405
MED00162,7,rx_share,-0.01521
MED00163,7,rx_share,-0.02514
MED00164,7,rx_share,-0.03074
MED00165,7,rx_share,-0.02563
MED00166,7,rx_share,-0.02696
MED00167,7,rx_share,-0.00876
MED00168,7,rx_share,-0.01227
MED00169,7,rx_share,-0.01431
MED00170,7,rx_share,-0.01685
MED00171,7,rx_share,-0.01905
MED00172,7,rx_share,-0.00251
MED00173,7,rx_share,-0.02592
MED00174,7,rx_share,0.00222
MED00175,7,rx_share,0.04144
MED00176,7,rx_share,-0.11638
MED00177,7,rx_share,-0.09553
MED00178,7,rx_share,-0.02117
MED00179,7,rx_share,-0.03765
MED00180,7,rx_share,-0.02257
MED00181,7,rx_share,-0.02054
MED00182,7,rx_share,0.0021
MED00183,7,rx_share,-0.02975
MED00184,7,rx_share,-0.01394
MED00185,7,rx_share,-0.01787
MED00186,7,rx_share,-0.02048
MED00187,7,rx_share,-0.00308
MED00188,7,rx_share,-0.01929
MED00189,7,rx_share,-0.02377
MED00190,7,rx_share,-0.01698
MED00191,7,rx_share,-0.01092
MED00192,7,rx_share,-0.02419
MED00193,7,rx_share,-0.0176
MED00194,7,rx_share,-0.01724
MED00195,7,rx_share,-0.02419
MED00196,7,rx_share,-0.00075
MED00197,7,rx_share,0.02541
MED00198,7,rx_share,-0.00963
MED00199,7,rx_share,0.01071
MED00200,7,rx_share,-0.02523
MED00201,7,rx_share,-0.00863
MED00202,7,rx_share,-0.00929
MED00203,7,rx_share,-0.03406
MED00204,7,rx_share,-0.01793
MED00205,7,rx_share,-0.01219
MED00206,7,rx_share,-0.02498
MED00207,7,rx_share,-0.02296
MED00208,7,rx_share,-0.00856
MED00209,7,rx_share,-0.00114
MED00210,7,rx_share,0.00543
MED00211,7,rx_share,-0.02086
MED00212,7,rx_share,-0.03882
MED00213,7,rx_share,-0.02336
MED00214,7,rx_share,-0.01433
MED00215,7,rx_share,-0.01966
MED00216,7,rx_share,-0.34299
MED00217,7,rx_share,-0.03119
MED00218,7,rx_share,-0.02251
MED00219,7,rx_share,0.02526
MED00220,7,rx_share,-0.01898
MED00221,7,rx_share,0.00397
MED00222,7,rx_share,-0.02551
MED00223,7,rx_share,-0.1109
MED00224,7,rx_share,-0.01362
MED00225,7,rx_share,-0.01975
MED00226,7,rx_share,0.00383
MED00227,7,rx_share,0.031
MED00228,7,rx_share,-0.02423
MED00229,7,rx_share,-0.01486
MED00230,7,rx_share,-0.00645
MED00231,7,rx_share,-0.00958
MED00232,7,rx_share,-0.02721
MED00233,7,rx_share,-0.02788
MED00234,7,rx_share,-0.01838
MED00235,7,rx_share,0.03166
MED00236,7,rx_share,-0.01441
MED00237,7,rx_share,0.0079
MED00238,7,rx_share,-0.01332
MED00239,7,rx_share,-0.02162
MED00240,7,rx_share,0.01113
MED00241,7,rx_share,-0.02403
MED00242,7,rx_share,0.03023
MED00243,7,rx_share,-0.02314
MED00244,7,rx_share,-0.01698
MED00245,7,rx_share,-0.00671
MED00246,7,rx_share,-0.00891
MED00247,7,rx_share,-0.01276
MED00248,7,rx_share,-0.02217
MED00249,7,rx_share,-0.06161
MED00250,7,rx_share,-0.02067
MED00251,7,rx_share,-0.01718
MED00252,7,rx_share,-0.00939
MED00253,7,rx_share,-0.01419
MED00254,7,rx_share,-0.04741
MED00255,7,rx_share,-0.03506
MED00256,7,rx_share,0.00547
MED00257,7,rx_share,0.02975
MED00258,7,rx_share,-0.00809
MED00259,7,rx_share,-0.01499
MED00260,7,rx_share,-0.077
MED00261,7,rx_share,-0.06204
MED00262,7,rx_share,0.05896
MED00263,7,rx_share,-0.01773
MED00264,7,rx_share,-0.23901
MED00265,7,rx_share,-0.01188
MED00266,7,rx_share,0.03053
MED00267,7,rx_share,-0.00981
MED00268,7,rx_share,-0.02372
MED00269,7,rx_share,-0.018
MED00270,7,rx_share,-0.02414
MED00271,7,rx_share,-0.01192
MED00272,7,rx_share,-0.01672
MED00273,7,rx_share,-0.02666
MED00274,7,rx_share,-0.01085
MED00275,7,rx_share,-0.01321
MED00276,7,rx_share,-0.0125
MED00277,7,rx_share,-0.02375
MED00278,7,rx_share,-0.01048
MED00279,7,rx_share,0.03832
MED00280,7,rx_share,-0.0336
MED00281,7,rx_share,-0.01341
MED00282,7,rx_share,-0.01756
MED00283,7,rx_share,-0.02955
MED00284,7,rx_share,0.00555
MED00285,7,rx_share,-0.01191
MED00286,7,rx_share,-0.02123
MED00287,7,rx_share,-0.01994
MED00288,7,rx_share,-0.02536
MED00289,7,rx_share,-0.00822
MED00290,7,rx_share,-0.02764
MED00291,7,rx_share,-0.0551
MED00292,7,rx_share,-0.02675
MED00293,7,rx_share,-0.01179
MED00294,7,rx_share,-0.06963
MED00295,7,rx_share,0.00064
MED00296,7,rx_share,-0.01818
MED00297,7,rx_share,-0.01131
MED00298,7,rx_share,-0.01636
MED00299,7,rx_share,-0.0213
MED00300,7,rx_share,-0.02517
MED00301,7,rx_share,-0.01263
MED00302,7,rx_share,-0.01861
MED00303,7,rx_share,0.02914
MED00304,7,rx_share,-0.03384
MED00305,7,rx_share,-0.03263
MED00306,7,rx_share,-0.03254
MED00307,7,rx_share,0.03099
MED00308,7,rx_share,-0.07258
MED00309,7,rx_share,0.01586
MED00310,7,rx_share,-0.01442
MED00311,7,rx_share,-0.06266
MED00312,7,rx_share,-0.05813
MED00313,7,rx_share,-0.07213
MED00314,7,rx_share,-0.11793
MED00315,7,rx_share,-0.01953
MED00316,7,rx_share,-0.02002
MED00317,7,rx_share,-0.01707
MED00318,7,rx_share,-0.03076
MED00319,7,rx_share,-0.01496
MED00320,7,rx_share,-0.09311
MED00321,7,rx_share,-0.04487
MED00322,7,rx_share,-0.00991
MED00323,7,rx_share,-0.02903
MED00324,7,rx_share,-0.0035
MED00325,7,rx_share,-0.01569
MED00326,7,rx_share,-0.01599
MED00327,7,rx_share,-0.01051
MED00328,7,rx_share,-0.02336
MED00329,7,rx_share,-0.01791
MED00330,7,rx_share,-0.0134
MED00331,7,rx_share,-0.01768
MED00332,7,rx_share,-0.0254
MED00333,7,rx_share,-0.01483
MED00334,7,rx_share,-0.02143
MED00335,7,rx_share,-0.07762
MED00336,7,rx_share,-0.01203
MED00337,7,rx_share,-0.02138
MED00338,7,rx_share,-0.11566
MED00339,7,rx_share,0.00416
MED00340,7,rx_share,0.00657
MED00341,7,rx_share,-0.00888
MED00342,7,rx_share,-0.01638
MED00343,7,rx_share,-0.01535
MED00344,7,rx_share,-0.05466
MED00345,7,rx_share,-0.00949
MED00346,7,rx_share,-0.02787
MED00347,7,rx_share,-0.09041
MED00348,7,rx_share,-0.01305
MED00349,7,rx_share,-0.01356
MED00350,7,rx_share,-0.05757
MED00351,7,rx_share,-0.01047
MED00352,7,rx_share,-0.03192
MED00353,7,rx_share,-0.02539
MED00354,7,rx_share,-0.0781
MED00355,7,rx_share,-0.01955
MED00356,7,rx_share,-0.01396
MED00357,7,rx_share,-0.01696
MED00358,7,rx_share,-0.01348
MED00359,7,rx_share,-0.02949
MED00360,7,rx_share,-0.03944
MED00361,7,rx_share,-0.02799
MED00362,7,rx_share,0.00991
MED00363,7,rx_share,-0.02457
MED00364,7,rx_share,-0.10351
MED00365,7,rx_share,-0.02756
MED00366,7,rx_share,-0.00813
MED00367,7,rx_share,-0.01498
MED00368,7,rx_share,-0.02229
MED00369,7,rx_share,-0.03928
MED00370,7,rx_share,-0.0512
MED00371,7,rx_share,0.01888
MED00372,7,rx_share,-0.01076
MED00373,7,rx_share,-0.04826
MED00374,7,rx_share,0.01127
MED00375,7,rx_share,-0.01149
MED00376,7,rx_share,-0.02206
MED00377,7,rx_share,-0.02012
MED00378,7,rx_share,-0.0208
MED00379,7,rx_share,-0.0457
MED00380,7,rx_share,-0.04911
MED00381,7,rx_share,-0.01535
MED00382,7,rx_share,-0.02521
MED00383,7,rx_share,-0.00734
MED00384,7,rx_share,-0.02872
MED00385,7,rx_share,-0.02226
MED00386,7,rx_share,-0.005
MED00387,7,rx_share,-0.02277
MED00388,7,rx_share,0.03536
MED00389,7,rx_share,-0.01477
MED00390,7,rx_share,0.04109
MED00391,7,rx_share,-0.02834
MED00392,7,rx_share,-0.02763
MED00393,7,rx_share,-0.01011
MED00394,7,rx_share,-0.00696
MED00395,7,rx_share,-0.01647
MED00396,7,rx_share,-0.00676
MED00397,7,rx_share,0.01206
MED00398,7,rx_share,0.03526
MED00399,7,rx_share,0.01092
MED00400,7,rx_share,0.01191
MED00401,7,rx_share,-0.02109
MED00402,7,rx_share,-0.03263
MED00403,7,rx_share,-0.01511
MED00404,7,rx_share,-0.01477
MED00405,7,rx_share,-0.01332
MED00406,7,rx_share,-0.02766
MED00407,7,rx_share,-0.03078
MED00408,7,rx_share,-0.01999
MED00409,7,rx_share,-0.01011
MED00410,7,rx_share,-0.00805
MED00411,7,rx_share,-0.02873
MED00412,7,rx_share,-0.01336
MED00413,7,rx_share,-0.01432
MED00414,7,rx_share,-0.02396
MED00415,7,rx_share,-0.01051
MED00416,7,rx_share,-0.02401
MED00417,7,rx_share,-0.01247
MED00418,7,rx_share,-0.01227
MED00419,7,rx_share,-0.01577
MED00420,7,rx_share,-0.02775
MED00421,7,rx_share,-0.02433
MED00422,7,rx_share,-0.02369
MED00423,7,rx_share,-0.01347
MED00424,7,rx_share,0.00514
MED00001,8,rx_share,-0.01238
MED00002,8,rx_share,-0.02564
MED00003,8,rx_share,-0.02495
MED00004,8,rx_share,-0.02917
MED00005,8,rx_share,-0.07304
MED00006,8,rx_share,-0.01995
MED00007,8,rx_share,0.03244
MED00008,8,rx_share,0.0337
MED00009,8,rx_share,-0.03039
MED00010,8,rx_share,-0.00344
MED00011,8,rx_share,-0.01956
MED00012,8,rx_share,-0.02408
MED00013,8,rx_share,-0.01401
MED00014,8,rx_share,-0.01568
MED00015,8,rx_share,0.06168
MED00016,8,rx_share,-0.0184
MED00017,8,rx_share,-0.01455
MED00018,8,rx_share,0.03326
MED00019,8,rx_share,0.05048
MED00020,8,rx_share,-0.04656
MED00021,8,rx_share,0.02457
MED00022,8,rx_share,0.00637
MED00023,8,rx_share,-0.02738
MED00024,8,rx_share,0.0094
MED00025,8,rx_share,-0.39785
MED00026,8,rx_share,0.00096
MED00027,8,rx_share,0.01535
MED00028,8,rx_share,0.07389
MED00029,8,rx_share,0.03264
MED00030,8,rx_share,0.01725
MED00031,8,rx_share,0.01544
MED00032,8,rx_share,-0.01063
MED00033,8,rx_share,-0.08545
MED00034,8,rx_share,0.03706
MED00035,8,rx_share,-0.04817
MED00036,8,rx_share,-0.04405
MED00037,8,rx_share,-0.04312
MED00038,8,rx_share,0.02879
MED00039,8,rx_share,-0.06912
MED00040,8,rx_share,-0.03936
MED00041,8,rx_share,-0.04886
MED00042,8,rx_share,-0.01623
MED00043,8,rx_share,-0.03329
MED00044,8,rx_share,-0.03511
MED00045,8,rx_share,-0.02695
MED00046,8,rx_share,0.0122
MED00047,8,rx_share,-0.02018
MED00048,8,rx_share,-0.01216
MED00049,8,rx_share,-0.01059
MED00050,8,rx_share,-0.02468
MED00051,8,rx_share,-0.04071
MED00052,8,rx_share,-0.03926
MED00053,8,rx_share,0.01678
MED00054,8,rx_share,0.00732
MED00055,8,rx_share,-0.0662
MED00056,8,rx_share,-0.07254
MED00057,8,rx_share,-0.05991
MED00058,8,rx_share,-0.01902
MED00059,8,rx_share,-0.02112
MED00060,8,rx_share,-0.01624
MED00061,8,rx_share,-0.05175
MED00062,8,rx_share,-0.0134
MED00063,8,rx_share,-0.10099
MED00064,8,rx_share,0.02484
MED00065,8,rx_share,-0.00491
MED00066,8,rx_share,0.06236
MED00067,8,rx_share,-0.01273
MED00068,8,rx_share,0.0224
MED00069,8,rx_share,-0.03842
MED00070,8,rx_share,0.04622
MED00071,8,rx_share,-0.0415
MED00072,8,rx_share,-0.04386
MED00073,8,rx_share,0.03085
MED00074,8,rx_share,-0.02051
MED00075,8,rx_share,-0.03552
MED00076,8,rx_share,-0.02216
MED00077,8,rx_share,-0.02153
MED00078,8,rx_share,-0.03794
MED00079,8,rx_share,-0.02097
MED00080,8,rx_share,0.02669
MED00081,8,rx_share,-0.03151
MED00082,8,rx_share,-0.03
MED00083,8,rx_share,-0.06457
MED00084,8,rx_share,0.0344
MED00085,8,rx_share,-0.01598
MED00086,8,rx_share,-0.04916
MED00087,8,rx_share,-0.02214
MED00088,8,rx_share,0.02983
MED00089,8,rx_share,-0.0185
MED00090,8,rx_share,-0.01733
MED00091,8,rx_share,-0.0396
MED00092,8,rx_share,-0.01079
MED00093,8,rx_share,-0.00914
MED00094,8,rx_share,-0.03284
MED00095,8,rx_share,-0.01991
MED00096,8,rx_share,-0.00574
MED00097,8,rx_share,-0.05481
MED00098,8,rx_share,-0.0122
MED00099,8,rx_share,-0.00158
MED00100,8,rx_share,-0.09923
MED00101,8,rx_share,-0.01496
MED00102,8,rx_share,-0.03111
MED00103,8,rx_share,-0.03634
MED00104,8,rx_share,-0.01466
MED00105,8,rx_share,-0.01257
MED00106,8,rx_share,-0.10932
MED00107,8,rx_share,-0.0154
MED00108,8,rx_share,-0.01845
MED00109,8,rx_share,-0.12164
MED00110,8,rx_share,-0.05881
MED00111,8,rx_share,0.01074
MED00112,8,rx_share,-0.01864
MED00113,8,rx_share,-0.0173
MED00114,8,rx_share,0.02991
MED00115,8,rx_share,-0.02495
MED00116,8,rx_share,-0.14496
MED00117,8,rx_share,-0.02108
MED00118,8,rx_share,-0.02119
MED00119,8,rx_share,-0.02077
MED00120,8,rx_share,0.02083
MED00121,8,rx_share,-0.01857
MED00122,8,rx_share,-0.02224
MED00123,8,rx_share,-0.02904
MED00124,8,rx_share,-0.01438
MED00125,8,rx_share,-0.02548
MED00126,8,rx_share,-0.03303
MED00127,8,rx_share,-0.03343
MED00128,8,rx_share,-0.0227
MED00129,8,rx_share,-0.015
MED00130,8,rx_share,-0.02269
MED00131,8,rx_share,0.00193
MED00132,8,rx_share,-0.01648
MED00133,8,rx_share,0.01048
MED00134,8,rx_share,-0.04991
MED00135,8,rx_share,-0.01891
MED00136,8,rx_share,-0.07584
MED00137,8,rx_share,0.0397
MED00138,8,rx_share,-0.02165
MED00139,8,rx_share,-0.02582
MED00140,8,rx_share,-0.01077
MED00141,8,rx_share,0.03444
MED00142,8,rx_share,-0.01518
MED00143,8,rx_share,-0.01265
MED00144,8,rx_share,-0.01745
MED00145,8,rx_share,-0.05425
MED00146,8,rx_share,-0.02433
MED00147,8,rx_share,-0.02221
MED00148,8,rx_share,-0.01095
MED00149,8,rx_share,-0.01518
MED00150,8,rx_share,-0.01737
MED00151,8,rx_share,-0.02125
MED00152,8,rx_share,-0.02452
MED00153,8,rx_share,-0.02019
MED00154,8,rx_share,0.04206
MED00155,8,rx_share,-0.02157
MED00156,8,rx_share,-0.00871
MED00157,8,rx_share,-0.02211
MED00158,8,rx_share,0.00377
MED00159,8,rx_share,-0.10978
MED00160,8,rx_share,-0.01665
MED00161,8,rx_share,-0.01518
MED00162,8,rx_share,-0.01513
MED00163,8,rx_share,-0.02561
MED00164,8,rx_share,-0.03092
MED00165,8,rx_share,-0.02508
MED00166,8,rx_share,-0.02805
MED00167,8,rx_share,-0.01001
MED00168,8,rx_share,-0.01337
MED00169,8,rx_share,-0.01578
MED00170,8,rx_share,-0.0182
MED00171,8,rx_share,-0.01999
MED00172,8,rx_share,-0.00376
MED00173,8,rx_share,-0.02722
MED00174,8,rx_share,0.00273
MED00175,8,rx_share,0.04323
MED00176,8,rx_share,-0.1162
MED00177,8,rx_share,-0.0959
MED00178,8,rx_share,-0.0205
MED00179,8,rx_share,-0.03795
MED00180,8,rx_share,-0.02366
MED00181,8,rx_share,-0.02164
MED00182,8,rx_share,0.00044
MED00183,8,rx_share,-0.029
MED00184,8,rx_share,-0.01442
MED00185,8,rx_share,-0.01973
MED00186,8,rx_share,-0.02154
MED00187,8,rx_share,-0.0024
MED00188,8,rx_share,-0.02052
MED00189,8,rx_share,-0.02446
MED00190,8,rx_share,-0.01715
MED00191,8,rx_share,-0.0121
MED00192,8,rx_share,-0.02452
MED00193,8,rx_share,-0.0182
MED00194,8,rx_share,-0.01699
MED00195,8,rx_share,-0.02329
MED00196,8,rx_share,-0.0002
MED00197,8,rx_share,0.02599
MED00198,8,rx_share,-0.0107
MED00199,8,rx_share,0.00976
MED00200,8,rx_share,-0.02654
MED00201,8,rx_share,-0.00989
MED00202,8,rx_share,-0.01012
MED00203,8,rx_share,-0.0345
MED00204,8,rx_share,-0.01902
MED00205,8,rx_share,-0.01307
MED00206,8,rx_share,-0.02606
MED00207,8,rx_share,-0.02315
MED00208,8,rx_share,-0.00952
MED00210,8,rx_share,0.00584
MED00211,8,rx_share,-0.02223
MED00212,8,rx_share,-0.04032
MED00213,8,rx_share,-0.02775
MED00214,8,rx_share,-0.01561
MED00215,8,rx_share,-0.02074
MED00216,8,rx_share,-0.34401
MED00217,8,rx_share,-0.03188
MED00218,8,rx_share,-0.02377
MED00219,8,rx_share,0.02582
MED00220,8,rx_share,-0.01889
MED00221,8,rx_share,0.00432
MED00222,8,rx_share,-0.02525
MED00223,8,rx_share,-0.11079
MED00224,8,rx_share,-0.01412
MED00225,8,rx_share,-0.02112
MED00226,8,rx_share,0.00422
MED00227,8,rx_share,0.03182
MED00228,8,rx_share,-0.02795
MED00229,8,rx_share,-0.01927
MED00230,8,rx_share,-0.00672
MED00231,8,rx_share,-0.01092
MED00232,8,rx_share,-0.02859
MED00233,8,rx_share,-0.02811
MED00234,8,rx_share,-0.01981
MED00235,8,rx_share,0.03092
MED00236,8,rx_share,-0.01556
MED00237,8,rx_share,0.00873
MED00238,8,rx_share,-0.01375
MED00239,8,rx_share,-0.02296
MED00240,8,rx_share,0.01147
MED00241,8,rx_share,-0.02507
MED00242,8,rx_share,0.03695
MED00243,8,rx_share,-0.02347
MED00244,8,rx_share,-0.01814
MED00245,8,rx_share,-0.00541
MED00246,8,rx_share,-0.01008
MED00247,8,rx_share,-0.01426
MED00248,8,rx_share,-0.02581
MED00249,8,rx_share,-0.0609
MED00250,8,rx_share,-0.02011
MED00251,8,rx_share,-0.01836
MED00252,8,rx_share,-0.00927
MED00253,8,rx_share,-0.01526
MED00254,8,rx_share,-0.05288
MED00255,8,rx_share,-0.0346
MED00256,8,rx_share,0.00447
MED00257,8,rx_share,0.03042
MED00258,8,rx_share,-0.00806
MED00259,8,rx_share,-0.0161
MED00260,8,rx_share,-0.07521
MED00261,8,rx_share,-0.06201
MED00262,8,rx_share,0.05949
MED00263,8,rx_share,-0.01899
MED00264,8,rx_share,-0.22946
MED00265,8,rx_share,-0.01257
MED00266,8,rx_share,0.03131
MED00267,8,rx_share,-0.01084
MED00268,8,rx_share,-0.02493
MED00269,8,rx_share,-0.01886
MED00270,8,rx_share,-0.02564
MED00271,8,rx_share,-0.01303
MED00272,8,rx_share,-0.01809
MED00273,8,rx_share,-0.02825
MED00274,8,rx_share,-0.01106
MED00275,8,rx_share,-0.01763
MED00276,8,rx_share,-0.01362
MED00277,8,rx_share,-0.02449
MED00278,8,rx_share,-0.0114
MED00279,8,rx_share,0.03912
MED00280,8,rx_share,-0.03416
MED00281,8,rx_share,-0.01773
MED00282,8,rx_share,-0.01898
MED00283,8,rx_share,-0.03062
MED00284,8,rx_share,0.00601
MED00285,8,rx_share,-0.01297
MED00286,8,rx_share,-0.02465
MED00287,8,rx_share,-0.02124
MED00288,8,rx_share,-0.02438
MED00289,8,rx_share,-0.00759
MED00290,8,rx_share,-0.02901
MED00291,8,rx_share,-0.05551
MED00292,8,rx_share,-0.02792
MED00293,8,rx_share,-0.01493
MED00294,8,rx_share,-0.06976
MED00295,8,rx_share,0.00067
MED00296,8,rx_share,-0.01905
MED00297,8,rx_share,-0.01238
MED00298,8,rx_share,-0.01678
MED00299,8,rx_share,-0.02098
MED00300,8,rx_share,-0.02637
MED00301,8,rx_share,-0.01386
MED00302,8,rx_share,-0.01793
MED00303,8,rx_share,0.02977
MED00304,8,rx_share,-0.03394
MED00305,8,rx_share,-0.034
MED00306,8,rx_share,-0.03737
MED00307,8,rx_share,0.03191
MED00308,8,rx_share,-0.06808
MED00309,8,rx_share,0.01623
MED00310,8,rx_share,-0.01548
MED00311,8,rx_share,-0.06656
MED00312,8,rx_share,-0.05831
MED00313,8,rx_share,-0.07588
MED00314,8,rx_share,-0.11732
MED00315,8,rx_share,-0.02044
MED00316,8,rx_share,-0.02119
MED00317,8,rx_share,-0.01821
MED00318,8,rx_share,-0.03063
MED00319,8,rx_share,-0.01597
MED00320,8,rx_share,-0.09296
MED00321,8,rx_share,-0.04829
MED00322,8,rx_share,-0.01073
MED00323,8,rx_share,-0.02919
MED00324,8,rx_share,-0.00177
MED00325,8,rx_share,-0.01653
MED00326,8,rx_share,-0.01692
MED00327,8,rx_share,-0.01155
MED00328,8,rx_share,-0.02451
MED00329,8,rx_share,-0.01874
MED00330,8,rx_share,-0.01449
MED00331,8,rx_share,-0.0192
MED00332,8,rx_share,-0.02653
MED00333,8,rx_share,-0.01684
MED00334,8,rx_share,-0.02206
MED00335,8,rx_share,-0.07708
MED00336,8,rx_share,-0.01294
MED00337,8,rx_share,-0.01907
MED00338,8,rx_share,-0.1154
MED00339,8,rx_share,0.00469
MED00340,8,rx_share,0.00829
MED00341,8,rx_share,-0.00995
MED00342,8,rx_share,-0.0175
MED00343,8,rx_share,-0.0165
MED00344,8,rx_share,-0.05416
MED00345,8,rx_share,-0.01012
MED00346,8,rx_share,-0.02897
MED00347,8,rx_share,-0.09043
MED00348,8,rx_share,-0.01428
MED00349,8,rx_share,-0.01478
MED00350,8,rx_share,-0.061
MED00351,8,rx_share,-0.01485
MED00352,8,rx_share,-0.03638
MED00353,8,rx_share,-0.02978
MED00354,8,rx_share,-0.08248
MED00355,8,rx_share,-0.02036
MED00356,8,rx_share,-0.01525
MED00357,8,rx_share,-0.01758
MED00358,8,rx_share,-0.0148
MED00359,8,rx_share,-0.03056
MED00360,8,rx_share,-0.04254
MED00361,8,rx_share,-0.0294
MED00362,8,rx_share,0.00853
MED00363,8,rx_share,-0.02566
MED00364,8,rx_share,-0.10446
MED00365,8,rx_share,-0.0286
MED00366,8,rx_share,-0.00941
MED00367,8,rx_share,-0.01507
MED00368,8,rx_share,-0.02429
MED00369,8,rx_share,-0.03951
MED00370,8,rx_share,-0.0554
MED00371,8,rx_share,0.0194
MED00372,8,rx_share,-0.01145
MED00373,8,rx_share,-0.04878
MED00374,8,rx_share,0.00978
MED00375,8,rx_share,-0.01184
MED00376,8,rx_share,-0.02319
MED00377,8,rx_share,-0.01988
MED00378,8,rx_share,-0.02189
MED00379,8,rx_share,-0.04925
MED00380,8,rx_share,-0.0535
MED00381,8,rx_share,-0.01642
MED00382,8,rx_share,-0.02725
MED00383,8,rx_share,-0.00746
MED00384,8,rx_share,-0.03031
MED00385,8,rx_share,-0.02334
MED00386,8,rx_share,-0.00627
MED00387,8,rx_share,-0.02387
MED00388,8,rx_share,0.0346
MED00389,8,rx_share,-0.0151
MED00390,8,rx_share,0.04168
MED00391,8,rx_share,-0.03047
MED00392,8,rx_share,-0.02949
MED00393,8,rx_share,-0.01246
MED00394,8,rx_share,-0.00841
MED00395,8,rx_share,-0.01816
MED00396,8,rx_share,-0.00634
MED00397,8,rx_share,0.01214
MED00398,8,rx_share,0.03705
MED00399,8,rx_share,0.01272
MED00400,8,rx_share,0.01293
MED00401,8,rx_share,-0.02462
MED00402,8,rx_share,-0.03435
MED00403,8,rx_share,-0.01619
MED00404,8,rx_share,-0.01577
MED00405,8,rx_share,-0.0146
MED00406,8,rx_share,-0.0293
MED00407,8,rx_share,-0.03205
MED00408,8,rx_share,-0.0235
MED00409,8,rx_share,-0.01216
MED00410,8,rx_share,-0.01012
MED00411,8,rx_share,-0.03053
MED00412,8,rx_share,-0.01562
MED00413,8,rx_share,-0.01614
MED00414,8,rx_share,-0.0257
MED00415,8,rx_share,-0.01254
MED00416,8,rx_share,-0.02601
MED00417,8,rx_share,-0.0133
MED00418,8,rx_share,-0.01565
MED00419,8,rx_share,-0.018
MED00420,8,rx_share,-0.02953
MED00421,8,rx_share,-0.02643
MED00422,8,rx_share,-0.02559
MED00423,8,rx_share,-0.01456
MED00424,8,rx_share,0.00742
MED00001,9,rx_share,-0.01414
MED00002,9,rx_share,-0.02743
MED00003,9,rx_share,-0.02814
MED00004,9,rx_share,-0.0265
MED00005,9,rx_share,-0.0721
MED00006,9,rx_share,-0.02096
MED00007,9,rx_share,0.02955
MED00008,9,rx_share,0.03686
MED00009,9,rx_share,-0.02973
MED00010,9,rx_share,-0.00206
MED00011,9,rx_share,-0.01879
MED00012,9,rx_share,-0.0262
MED00013,9,rx_share,-0.01597
MED00014,9,rx_share,-0.01736
MED00015,9,rx_share,0.05711
MED00016,9,rx_share,-0.01962
MED00017,9,rx_share,-0.01552
MED00018,9,rx_share,0.03543
MED00019,9,rx_share,0.05349
MED00020,9,rx_share,-0.04396
MED00021,9,rx_share,0.02546
MED00022,9,rx_share,0.00889
MED00023,9,rx_share,-0.02828
MED00024,9,rx_share,0.01
MED00025,9,rx_share,-0.40068
MED00026,9,rx_share,0.00533
MED00027,9,rx_share,0.02158
MED00028,9,rx_share,0.07666
MED00029,9,rx_share,0.02805
MED00030,9,rx_share,0.01538
MED00031,9,rx_share,0.01668
MED00032,9,rx_share,-0.01178
MED00033,9,rx_share,-0.08361
MED00034,9,rx_share,0.06592
MED00035,9,rx_share,-0.03744
MED00036,9,rx_share,-0.03703
MED00037,9,rx_share,-0.03584
MED00038,9,rx_share,0.02929
MED00039,9,rx_share,-0.06459
MED00040,9,rx_share,-0.03145
MED00041,9,rx_share,-0.04188
MED00042,9,rx_share,-0.01406
MED00043,9,rx_share,-0.03658
MED00044,9,rx_share,-0.0348
MED00045,9,rx_share,-0.02813
MED00046,9,rx_share,0.01388
MED00047,9,rx_share,-0.02179
MED00048,9,rx_share,-0.0139
MED00049,9,rx_share,-0.01345
MED00050,9,rx_share,-0.02676
MED00051,9,rx_share,-0.04002
MED00052,9,rx_share,-0.04149
MED00053,9,rx_share,0.01733
MED00054,9,rx_share,0.0034
MED00055,9,rx_share,-0.05518
MED00056,9,rx_share,-0.06865
MED00057,9,rx_share,-0.05761
MED00058,9,rx_share,-0.02019
MED00059,9,rx_share,-0.01978
MED00060,9,rx_share,-0.01822
MED00061,9,rx_share,-0.05341
MED00062,9,rx_share,-0.01558
MED00063,9,rx_share,-0.10144
MED00064,9,rx_share,0.02385
MED00065,9,rx_share,-0.01211
MED00066,9,rx_share,0.0642
MED00067,9,rx_share,-0.01421
MED00068,9,rx_share,0.02343
MED00069,9,rx_share,-0.03887
MED00070,9,rx_share,0.0456
MED00071,9,rx_share,-0.04138
MED00072,9,rx_share,-0.04152
MED00073,9,rx_share,0.03011
MED00074,9,rx_share,-0.01913
MED00075,9,rx_share,-0.03398
MED00076,9,rx_share,-0.02421
MED00077,9,rx_share,-0.02336
MED00078,9,rx_share,-0.03842
MED00079,9,rx_share,-0.0241
MED00080,9,rx_share,0.02913
MED00081,9,rx_share,-0.03483
MED00082,9,rx_share,-0.0287
MED00083,9,rx_share,-0.05856
MED00084,9,rx_share,0.0326
MED00085,9,rx_share,-0.01702
MED00086,9,rx_share,-0.04655
MED00087,9,rx_share,-0.02313
MED00088,9,rx_share,0.02846
MED00089,9,rx_share,-0.01756
MED00090,9,rx_share,-0.01901
MED00091,9,rx_share,-0.03814
MED00092,9,rx_share,-0.01159
MED00093,9,rx_share,-0.00286
MED00094,9,rx_share,-0.0264
MED00095,9,rx_share,-0.0213
MED00096,9,rx_share,-0.00728
MED00097,9,rx_share,-0.05221
MED00098,9,rx_share,-0.01387
MED00099,9,rx_share,0.00467
MED00100,9,rx_share,-0.09988
MED00101,9,rx_share,-0.0166
MED00102,9,rx_share,-0.02279
MED00103,9,rx_share,-0.03854
MED00104,9,rx_share,-0.01639
MED00105,9,rx_share,-0.01435
MED00106,9,rx_share,-0.10983
MED00107,9,rx_share,-0.0172
MED00108,9,rx_share,-0.02014
MED00109,9,rx_share,-0.12261
MED00110,9,rx_share,-0.05654
MED00111,9,rx_share,0.01107
MED00112,9,rx_share,-0.02046
MED00113,9,rx_share,-0.01802
MED00114,9,rx_share,0.03036
MED00115,9,rx_share,-0.02657
MED00116,9,rx_share,-0.14002
MED00117,9,rx_share,-0.02197
MED00118,9,rx_share,-0.02179
MED00119,9,rx_share,-0.02192
MED00120,9,rx_share,0.02113
MED00121,9,rx_share,-0.02062
MED00122,9,rx_share,-0.02395
MED00123,9,rx_share,-0.02234
MED00124,9,rx_share,-0.01615
MED00125,9,rx_share,-0.02939
MED00126,9,rx_share,-0.03047
MED00127,9,rx_share,-0.03501
MED00128,9,rx_share,-0.02427
MED00129,9,rx_share,-0.01636
MED00130,9,rx_share,-0.02574
MED00131,9,rx_share,0.00261
MED00132,9,rx_share,-0.01018
MED00133,9,rx_share,0.00983
MED00134,9,rx_share,-0.04766
MED00135,9,rx_share,-0.0163
MED00136,9,rx_share,-0.06839
MED00137,9,rx_share,0.0417
MED00138,9,rx_share,-0.02355
MED00139,9,rx_share,-0.028
MED00140,9,rx_share,-0.01166
MED00141,9,rx_share,0.03466
MED00142,9,rx_share,-0.01617
MED00143,9,rx_share,-0.01421
MED00144,9,rx_share,-0.01905
MED00145,9,rx_share,-0.05613
MED00146,9,rx_share,-0.02197
MED00147,9,rx_share,-0.0237
MED00148,9,rx_share,-0.01314
MED00149,9,rx_share,-0.01715
MED00150,9,rx_share,-0.01862
MED00151,9,rx_share,-0.02242
MED00152,9,rx_share,-0.02597
MED00153,9,rx_share,-0.02204
MED00154,9,rx_share,0.04119
MED00155,9,rx_share,-0.02351
MED00156,9,rx_share,-0.01022
MED00157,9,rx_share,-0.02358
MED00158,9,rx_share,0.01
MED00159,9,rx_share,-0.1002
MED00160,9,rx_share,-0.01843
MED00161,9,rx_share,-0.01677
MED00162,9,rx_share,-0.01707
MED00163,9,rx_share,-0.02876
MED00164,9,rx_share,-0.02906
MED00165,9,rx_share,-0.02607
MED00166,9,rx_share,-0.0301
MED00167,9,rx_share,-0.01122
MED00168,9,rx_share,-0.01472
MED00169,9,rx_share,-0.01675
MED00170,9,rx_share,-0.01899
MED00171,9,rx_share,-0.02155
MED00172,9,rx_share,-0.0049
MED00173,9,rx_share,-0.02938
MED00174,9,rx_share,0.02516
MED00175,9,rx_share,0.07152
MED00176,9,rx_share,-0.10721
MED00177,9,rx_share,-0.09575
MED00178,9,rx_share,-0.01368
MED00179,9,rx_share,-0.02794
MED00180,9,rx_share,-0.02536
MED00181,9,rx_share,-0.0238
MED00182,9,rx_share,0.00668
MED00183,9,rx_share,-0.02776
MED00184,9,rx_share,-0.01262
MED00185,9,rx_share,-0.02159
MED00186,9,rx_share,-0.02275
MED00187,9,rx_share,-0.00097
MED00188,9,rx_share,-0.02285
MED00189,9,rx_share,-0.02837
MED00190,9,rx_share,-0.01906
MED00191,9,rx_share,-0.01358
MED00192,9,rx_share,-0.02779
MED00193,9,rx_share,-0.02116
MED00194,9,rx_share,-0.01793
MED00195,9,rx_share,-0.02512
MED00196,9,rx_share,0.00493
MED00197,9,rx_share,0.02457
MED00198,9,rx_share,-0.01182
MED00199,9,rx_share,0.0133
MED00200,9,rx_share,-0.02785
MED00201,9,rx_share,-0.01212
MED00202,9,rx_share,-0.0114
MED00203,9,rx_share,-0.03256
MED00204,9,rx_share,-0.02081
MED00205,9,rx_share,-0.01483
MED00206,9,rx_share,-0.02838
MED00207,9,rx_share,-0.02441
MED00208,9,rx_share,-0.0114
MED00209,9,rx_share,-0.00225
MED00210,9,rx_share,0.00741
MED00211,9,rx_share,-0.02434
MED00212,9,rx_share,-0.04196
MED00213,9,rx_share,-0.02589
MED00214,9,rx_share,-0.01709
MED00215,9,rx_share,-0.02294
MED00216,9,rx_share,-0.34677
MED00217,9,rx_share,-0.03389
MED00218,9,rx_share,-0.0255
MED00219,9,rx_share,0.03117
MED00220,9,rx_share,-0.02038
MED00221,9,rx_share,0.00851
MED00222,9,rx_share,-0.02674
MED00223,9,rx_share,-0.10745
MED00224,9,rx_share,-0.01519
MED00225,9,rx_share,-0.02278
MED00226,9,rx_share,0.0058
MED00227,9,rx_share,0.0307
MED00228,9,rx_share,-0.02621
MED00229,9,rx_share,-0.01702
MED00230,9,rx_share,-0.00517
MED00231,9,rx_share,-0.01186
MED00232,9,rx_share,-0.03108
MED00233,9,rx_share,-0.02096
MED00234,9,rx_share,-0.02061
MED00235,9,rx_share,0.02822
MED00236,9,rx_share,-0.0172
MED00237,9,rx_share,0.01354
MED00238,9,rx_share,-0.01465
MED00239,9,rx_share,-0.02492
MED00240,9,rx_share,0.0106
MED00241,9,rx_share,-0.02725
MED00242,9,rx_share,0.03433
MED00243,9,rx_share,-0.02521
MED00244,9,rx_share,-0.0199
MED00245,9,rx_share,-0.00541
MED00246,9,rx_share,-0.01192
MED00247,9,rx_share,-0.01604
MED00248,9,rx_share,-0.02385
MED00249,9,rx_share,-0.06084
MED00250,9,rx_share,-0.01872
MED00251,9,rx_share,-0.01945
MED00252,9,rx_share,-0.01145
MED00253,9,rx_share,-0.01749
MED00254,9,rx_share,-0.05734
MED00255,9,rx_share,-0.0316
MED00256,9,rx_share,-0.00996
MED00257,9,rx_share,0.03122
MED00258,9,rx_share,-0.01019
MED00259,9,rx_share,-0.01763
MED00260,9,rx_share,-0.06948
MED00261,9,rx_share,-0.05449
MED00262,9,rx_share,0.05935
MED00263,9,rx_share,-0.02099
MED00264,9,rx_share,-0.23022
MED00265,9,rx_share,-0.01393
MED00266,9,rx_share,0.03331
MED00267,9,rx_share,-0.01299
MED00268,9,rx_share,-0.02663
MED00269,9,rx_share,-0.02041
MED00270,9,rx_share,-0.0277
MED00271,9,rx_share,-0.01619
MED00272,9,rx_share,-0.01983
MED00273,9,rx_share,-0.03062
MED00274,9,rx_share,-0.00475
MED00275,9,rx_share,-0.01587
MED00276,9,rx_share,-0.01474
MED00277,9,rx_share,-0.02773
MED00278,9,rx_share,-0.01306
MED00279,9,rx_share,0.03912
MED00280,9,rx_share,-0.03642
MED00281,9,rx_share,-0.01585
MED00282,9,rx_share,-0.02098
MED00283,9,rx_share,-0.03481
MED00284,9,rx_share,0.00519
MED00285,9,rx_share,-0.01475
MED00286,9,rx_share,-0.02295
MED00287,9,rx_share,-0.02261
MED00288,9,rx_share,-0.0235
MED00289,9,rx_share,0.00667
MED00290,9,rx_share,-0.03013
MED00291,9,rx_share,-0.05514
MED00292,9,rx_share,-0.02946
MED00293,9,rx_share,-0.01353
MED00294,9,rx_share,-0.06225
MED00295,9,rx_share,0.00504
MED00296,9,rx_share,-0.02065
MED00297,9,rx_share,-0.01536
MED00298,9,rx_share,-0.01783
MED00299,9,rx_share,-0.01493
MED00300,9,rx_share,-0.02814
MED00301,9,rx_share,-0.01566
MED00302,9,rx_share,-0.01753
MED00303,9,rx_share,0.03016
MED00304,9,rx_share,-0.03227
MED00305,9,rx_share,-0.03531
MED00306,9,rx_share,-0.0285
MED00307,9,rx_share,0.02739
MED00308,9,rx_share,-0.06483
MED00309,9,rx_share,0.01683
MED00310,9,rx_share,-0.01777
MED00311,9,rx_share,-0.06561
MED00312,9,rx_share,-0.0521
MED00313,9,rx_share,-0.07449
MED00314,9,rx_share,-0.10958
MED00315,9,rx_share,-0.02184
MED00316,9,rx_share,-0.02342
MED00317,9,rx_share,-0.02028
MED00318,9,rx_share,-0.03033
MED00319,9,rx_share,-0.01767
MED00320,9,rx_share,-0.08707
MED00321,9,rx_share,-0.04454
MED00322,9,rx_share,-0.01437
MED00323,9,rx_share,-0.02256
MED00324,9,rx_share,-0.00124
MED00325,9,rx_share,-0.01794
MED00326,9,rx_share,-0.01872
MED00327,9,rx_share,-0.01372
MED00328,9,rx_share,-0.02638
MED00329,9,rx_share,-0.0205
MED00330,9,rx_share,-0.01607
MED00331,9,rx_share,-0.02
MED00332,9,rx_share,-0.0284
MED00333,9,rx_share,-0.01833
MED00334,9,rx_share,-0.02079
MED00335,9,rx_share,-0.07689
MED00336,9,rx_share,-0.01454
MED00337,9,rx_share,-0.01044
MED00338,9,rx_share,-0.09825
MED00339,9,rx_share,0.00581
MED00340,9,rx_share,0.01549
MED00341,9,rx_share,-0.01182
MED00342,9,rx_share,-0.01885
MED00343,9,rx_share,-0.01817
MED00344,9,rx_share,-0.04819
MED00345,9,rx_share,-0.01289
MED00346,9,rx_share,-0.03113
MED00347,9,rx_share,-0.09091
MED00348,9,rx_share,-0.01533
MED00349,9,rx_share,-0.0166
MED00350,9,rx_share,-0.05785
MED00351,9,rx_share,-0.01284
MED00352,9,rx_share,-0.03422
MED00353,9,rx_share,-0.02734
MED00354,9,rx_share,-0.07978
MED00355,9,rx_share,-0.02198
MED00356,9,rx_share,-0.01617
MED00357,9,rx_share,-0.01944
MED00358,9,rx_share,-0.01705
MED00359,9,rx_share,-0.03202
MED00360,9,rx_share,-0.04102
MED00361,9,rx_share,-0.03098
MED00362,9,rx_share,-0.00234
MED00363,9,rx_share,-0.02665
MED00364,9,rx_share,-0.1052
MED00365,9,rx_share,-0.03004
MED00366,9,rx_share,-0.0114
MED00367,9,rx_share,-0.01681
MED00368,9,rx_share,-0.02628
MED00369,9,rx_share,-0.03924
MED00370,9,rx_share,-0.05172
MED00371,9,rx_share,0.02081
MED00372,9,rx_share,-0.01451
MED00373,9,rx_share,-0.05173
MED00374,9,rx_share,-0.01143
MED00375,9,rx_share,-0.01083
MED00376,9,rx_share,-0.02503
MED00377,9,rx_share,-0.01416
MED00378,9,rx_share,-0.02379
MED00379,9,rx_share,-0.04483
MED00380,9,rx_share,-0.05117
MED00381,9,rx_share,-0.01329
MED00382,9,rx_share,-0.03004
MED00383,9,rx_share,-0.00911
MED00384,9,rx_share,-0.03157
MED00385,9,rx_share,-0.02603
MED00386,9,rx_share,-0.00888
MED00387,9,rx_share,-0.02533
MED00388,9,rx_share,0.02933
MED00389,9,rx_share,-0.01327
MED00390,9,rx_share,0.04142
MED00391,9,rx_share,-0.03286
MED00392,9,rx_share,-0.03137
MED00393,9,rx_share,-0.01438
MED00394,9,rx_share,-0.01074
MED00395,9,rx_share,-0.02068
MED00396,9,rx_share,-0.00911
MED00397,9,rx_share,0.01213
MED00398,9,rx_share,0.03879
MED00399,9,rx_share,0.02043
MED00400,9,rx_share,0.01576
MED00401,9,rx_share,-0.02231
MED00402,9,rx_share,-0.03679
MED00403,9,rx_share,-0.01798
MED00404,9,rx_share,-0.01721
MED00405,9,rx_share,-0.01655
MED00406,9,rx_share,-0.03122
MED00407,9,rx_share,-0.03251
MED00408,9,rx_share,-0.02108
MED00409,9,rx_share,-0.01441
MED00410,9,rx_share,-0.01267
MED00411,9,rx_share,-0.03148
MED00412,9,rx_share,-0.01717
MED00413,9,rx_share,-0.01887
MED00414,9,rx_share,-0.02676
MED00415,9,rx_share,-0.01413
MED00416,9,rx_share,-0.02762
MED00417,9,rx_share,-0.01549
MED00418,9,rx_share,-0.01423
MED00419,9,rx_share,-0.01982
MED00420,9,rx_share,-0.03021
MED00421,9,rx_share,-0.02937
MED00422,9,rx_share,-0.02615
MED00423,9,rx_share,-0.01653
MED00424,9,rx_share,0.00603
MED00001,10,rx_share,-0.02263
MED00002,10,rx_share,-0.02894
MED00003,10,rx_share,-0.03002
MED00004,10,rx_share,-0.02646
MED00005,10,rx_share,-0.07949
MED00006,10,rx_share,-0.02199
MED00007,10,rx_share,0.02597
MED00008,10,rx_share,0.03616
MED00009,10,rx_share,-0.03764
MED00010,10,rx_share,-0.00807
MED00011,10,rx_share,-0.02047
MED00012,10,rx_share,-0.03395
MED00013,10,rx_share,-0.02278
MED00014,10,rx_share,-0.01785
MED00015,10,rx_share,0.05223
MED00016,10,rx_share,-0.02715
MED00017,10,rx_share,-0.02342
MED00018,10,rx_share,0.03848
MED00019,10,rx_share,0.05829
MED00020,10,rx_share,-0.04426
MED00021,10,rx_share,0.02749
MED00022,10,rx_share,0.00884
MED00023,10,rx_share,-0.03571
MED00024,10,rx_share,0.01186
MED00025,10,rx_share,-0.40603
MED00026,10,rx_share,-0.00588
MED00027,10,rx_share,0.00868
MED00028,10,rx_share,0.07494
MED00029,10,rx_share,0.02631
MED00030,10,rx_share,0.01515
MED00031,10,rx_share,0.01782
MED00032,10,rx_share,-0.01859
MED00033,10,rx_share,-0.08379
MED00034,10,rx_share,0.05876
MED00035,10,rx_share,-0.03404
MED00036,10,rx_share,-0.05089
MED00037,10,rx_share,-0.04801
MED00038,10,rx_share,0.03204
MED00039,10,rx_share,-0.07536
MED00040,10,rx_share,-0.0409
MED00041,10,rx_share,-0.05004
MED00042,10,rx_share,-0.02046
MED00043,10,rx_share,-0.03773
MED00044,10,rx_share,-0.0349
MED00045,10,rx_share,-0.03565
MED00046,10,rx_share,0.01436
MED00047,10,rx_share,-0.02919
MED00048,10,rx_share,-0.02143
MED00049,10,rx_share,-0.01676
MED00050,10,rx_share,-0.03444
MED00051,10,rx_share,-0.03109
MED00052,10,rx_share,-0.04122
MED00053,10,rx_share,0.01993
MED00054,10,rx_share,0.00667
MED00055,10,rx_share,-0.05204
MED00056,10,rx_share,-0.06744
MED00057,10,rx_share,-0.05842
MED00058,10,rx_share,-0.02909
MED00059,10,rx_share,-0.02693
MED00060,10,rx_share,-0.02616
MED00061,10,rx_share,-0.05364
MED00062,10,rx_share,-0.02314
MED00063,10,rx_share,-0.08321
MED00064,10,rx_share,0.02374
MED00065,10,rx_share,-0.01065
MED00066,10,rx_share,0.06044
MED00067,10,rx_share,-0.01459
MED00068,10,rx_share,0.02363
MED00069,10,rx_share,-0.03895
MED00070,10,rx_share,0.04704
MED00071,10,rx_share,-0.04142
MED00072,10,rx_share,-0.04164
MED00073,10,rx_share,0.03053
MED00074,10,rx_share,-0.01949
MED00075,10,rx_share,-0.0419
MED00076,10,rx_share,-0.02465
MED00077,10,rx_share,-0.03107
MED00078,10,rx_share,-0.03906
MED00079,10,rx_share,-0.03167
MED00080,10,rx_share,0.02918
MED00081,10,rx_share,-0.03587
MED00082,10,rx_share,-0.02878
MED00083,10,rx_share,-0.0649
MED00084,10,rx_share,0.03505
MED00085,10,rx_share,-0.02509
MED00086,10,rx_share,-0.05076
MED00087,10,rx_share,-0.02352
MED00088,10,rx_share,0.0294
MED00089,10,rx_share,-0.0179
MED00090,10,rx_share,-0.02676
MED00091,10,rx_share,-0.0383
MED00092,10,rx_share,-0.01179
MED00093,10,rx_share,-0.01369
MED00094,10,rx_share,-0.03749
MED00095,10,rx_share,-0.02926
MED00096,10,rx_share,-0.00839
MED00097,10,rx_share,-0.05761
MED00098,10,rx_share,-0.02151
MED00099,10,rx_share,-0.00726
MED00100,10,rx_share,-0.10318
MED00101,10,rx_share,-0.02424
MED00102,10,rx_share,-0.03566
MED00103,10,rx_share,-0.04645
MED00104,10,rx_share,-0.02436
MED00105,10,rx_share,-0.02196
MED00106,10,rx_share,-0.08581
MED00107,10,rx_share,-0.02513
MED00108,10,rx_share,-0.02816
MED00109,10,rx_share,-0.1652
MED00110,10,rx_share,-0.04907
MED00111,10,rx_share,0.0083
MED00112,10,rx_share,-0.02827
MED00113,10,rx_share,-0.02594
MED00114,10,rx_share,0.03121
MED00115,10,rx_share,-0.03406
MED00116,10,rx_share,-0.14569
MED00117,10,rx_share,-0.02996
MED00118,10,rx_share,-0.02234
MED00119,10,rx_share,-0.02995
MED00120,10,rx_share,0.02114
MED00121,10,rx_share,-0.02823
MED00122,10,rx_share,-0.0318
MED00123,10,rx_share,-0.0326
MED00124,10,rx_share,-0.02412
MED00125,10,rx_share,-0.03099
MED00126,10,rx_share,-0.02947
MED00127,10,rx_share,-0.04299
MED00128,10,rx_share,-0.03227
MED00129,10,rx_share,-0.0239
MED00130,10,rx_share,-0.02772
MED00131,10,rx_share,0.00488
MED00132,10,rx_share,-0.01389
MED00133,10,rx_share,0.00843
MED00134,10,rx_share,-0.0402
MED00135,10,rx_share,-0.01637
MED00136,10,rx_share,-0.08018
MED00137,10,rx_share,0.03809
MED00138,10,rx_share,-0.03134
MED00139,10,rx_share,-0.03573
MED00140,10,rx_share,-0.01933
MED00141,10,rx_share,0.03677
MED00142,10,rx_share,-0.01649
MED00143,10,rx_share,-0.02164
MED00144,10,rx_share,-0.02664
MED00145,10,rx_share,-0.05593
MED00146,10,rx_share,-0.02925
MED00147,10,rx_share,-0.03048
MED00148,10,rx_share,-0.02096
MED00149,10,rx_share,-0.02498
MED00150,10,rx_share,-0.02591
MED00151,10,rx_share,-0.03007
MED00152,10,rx_share,-0.03378
MED00153,10,rx_share,-0.02986
MED00154,10,rx_share,0.04407
MED00155,10,rx_share,-0.03135
MED00156,10,rx_share,-0.01811
MED00157,10,rx_share,-0.03116
MED00158,10,rx_share,-0.00372
MED00159,10,rx_share,-0.10139
MED00160,10,rx_share,-0.0262
MED00161,10,rx_share,-0.02453
MED00162,10,rx_share,-0.01733
MED00163,10,rx_share,-0.03305
MED00164,10,rx_share,-0.02936
MED00165,10,rx_share,-0.03568
MED00166,10,rx_share,-0.03754
MED00167,10,rx_share,-0.01858
MED00168,10,rx_share,-0.02325
MED00169,10,rx_share,-0.02478
MED00170,10,rx_share,-0.02628
MED00171,10,rx_share,-0.02915
MED00172,10,rx_share,-0.01766
MED00173,10,rx_share,-0.03726
MED00174,10,rx_share,0.01758
MED00175,10,rx_share,0.06055
MED00176,10,rx_share,-0.11597
MED00177,10,rx_share,-0.07827
MED00178,10,rx_share,-0.02134
MED00179,10,rx_share,-0.0408
MED00180,10,rx_share,-0.03329
MED00181,10,rx_share,-0.03155
MED00182,10,rx_share,-0.00542
MED00183,10,rx_share,-0.02716
MED00184,10,rx_share,-0.01308
MED00185,10,rx_share,-0.02961
MED00186,10,rx_share,-0.03048
MED00187,10,rx_share,0.00081
MED00188,10,rx_share,-0.03046
MED00189,10,rx_share,-0.02997
MED00190,10,rx_share,-0.01937
MED00191,10,rx_share,-0.02147
MED00192,10,rx_share,-0.02956
MED00193,10,rx_share,-0.02423
MED00194,10,rx_share,-0.01356
MED00195,10,rx_share,-0.03471
MED00196,10,rx_share,0.00622
MED00197,10,rx_share,0.01565
MED00198,10,rx_share,-0.01952
MED00199,10,rx_share,0.00435
MED00200,10,rx_share,-0.03576
MED00201,10,rx_share,-0.02046
MED00202,10,rx_share,-0.01963
MED00203,10,rx_share,-0.03299
MED00204,10,rx_share,-0.02834
MED00205,10,rx_share,-0.02227
MED00206,10,rx_share,-0.03555
MED00207,10,rx_share,-0.02496
MED00208,10,rx_share,-0.01908
MED00209,10,rx_share,-0.00263
MED00210,10,rx_share,0.00746
MED00211,10,rx_share,-0.03237
MED00212,10,rx_share,-0.04993
MED00213,10,rx_share,-0.02691
MED00214,10,rx_share,-0.02488
MED00215,10,rx_share,-0.0306
MED00216,10,rx_share,-0.35246
MED00217,10,rx_share,-0.03425
MED00218,10,rx_share,-0.03307
MED00219,10,rx_share,0.03268
MED00220,10,rx_share,-0.02076
MED00221,10,rx_share,0.00882
MED00222,10,rx_share,-0.03336
MED00223,10,rx_share,-0.11478
MED00224,10,rx_share,-0.0155
MED00225,10,rx_share,-0.03074
MED00226,10,rx_share,0.00628
MED00227,10,rx_share,0.0333
MED00228,10,rx_share,-0.03393
MED00229,10,rx_share,-0.01033
MED00230,10,rx_share,-0.00631
MED00231,10,rx_share,-0.02093
MED00232,10,rx_share,-0.03881
MED00233,10,rx_share,-0.02728
MED00234,10,rx_share,-0.03008
MED00235,10,rx_share,0.0314
MED00236,10,rx_share,-0.02514
MED00237,10,rx_share,0.01338
MED00238,10,rx_share,-0.01515
MED00239,10,rx_share,-0.0325
MED00240,10,rx_share,0.01101
MED00241,10,rx_share,-0.03487
MED00242,10,rx_share,0.02306
MED00243,10,rx_share,-0.02671
MED00244,10,rx_share,-0.02754
MED00245,10,rx_share,-0.00352
MED00246,10,rx_share,-0.0197
MED00247,10,rx_share,-0.02379
MED00248,10,rx_share,-0.03167
MED00249,10,rx_share,-0.06364
MED00250,10,rx_share,-0.01919
MED00251,10,rx_share,-0.02723
MED00252,10,rx_share,-0.01178
MED00253,10,rx_share,-0.02528
MED00254,10,rx_share,-0.06863
MED00255,10,rx_share,-0.03943
MED00256,10,rx_share,-0.01398
MED00257,10,rx_share,0.03347
MED00258,10,rx_share,-0.01069
MED00259,10,rx_share,-0.02528
MED00260,10,rx_share,-0.0803
MED00261,10,rx_share,-0.0649
MED00262,10,rx_share,0.05908
MED00263,10,rx_share,-0.02958
MED00264,10,rx_share,-0.27497
MED00265,10,rx_share,-0.02145
MED00266,10,rx_share,0.03469
MED00267,10,rx_share,-0.02091
MED00268,10,rx_share,-0.03416
MED00269,10,rx_share,-0.02957
MED00270,10,rx_share,-0.03557
MED00271,10,rx_share,-0.02296
MED00272,10,rx_share,-0.02767
MED00273,10,rx_share,-0.03857
MED00274,10,rx_share,-0.0164
MED00275,10,rx_share,-0.02458
MED00276,10,rx_share,-0.02246
MED00277,10,rx_share,-0.0296
MED00278,10,rx_share,-0.02071
MED00279,10,rx_share,0.04157
MED00280,10,rx_share,-0.0365
MED00281,10,rx_share,-0.02436
MED00282,10,rx_share,-0.02897
MED00283,10,rx_share,-0.03923
MED00284,10,rx_share,0.00502
MED00285,10,rx_share,-0.0226
MED00286,10,rx_share,-0.03052
MED00287,10,rx_share,-0.03032
MED00288,10,rx_share,-0.02032
MED00289,10,rx_share,0.00457
MED00290,10,rx_share,-0.0381
MED00291,10,rx_share,-0.05599
MED00292,10,rx_share,-0.03652
MED00293,10,rx_share,-0.02111
MED00294,10,rx_share,-0.0672
MED00295,10,rx_share,-0.00819
MED00296,10,rx_share,-0.02836
MED00297,10,rx_share,-0.02317
MED00298,10,rx_share,-0.01843
MED00299,10,rx_share,-0.02553
MED00300,10,rx_share,-0.03605
MED00301,10,rx_share,-0.02349
MED00302,10,rx_share,-0.01699
MED00303,10,rx_share,0.03028
MED00304,10,rx_share,-0.03256
MED00305,10,rx_share,-0.0433
MED00306,10,rx_share,-0.02091
MED00307,10,rx_share,0.02899
MED00308,10,rx_share,-0.07518
MED00309,10,rx_share,0.01872
MED00310,10,rx_share,-0.02475
MED00311,10,rx_share,-0.06402
MED00312,10,rx_share,-0.06004
MED00313,10,rx_share,-0.08108
MED00314,10,rx_share,-0.10988
MED00315,10,rx_share,-0.03056
MED00316,10,rx_share,-0.03118
MED00317,10,rx_share,-0.02788
MED00318,10,rx_share,-0.03072
MED00319,10,rx_share,-0.02516
MED00320,10,rx_share,-0.09318
MED00321,10,rx_share,-0.05171
MED00322,10,rx_share,-0.0167
MED00323,10,rx_share,-0.03335
MED00324,10,rx_share,-0.01001
MED00325,10,rx_share,-0.02529
MED00326,10,rx_share,-0.02647
MED00327,10,rx_share,-0.02153
MED00328,10,rx_share,-0.03398
MED00329,10,rx_share,-0.02804
MED00330,10,rx_share,-0.02378
MED00331,10,rx_share,-0.02756
MED00332,10,rx_share,-0.0362
MED00333,10,rx_share,-0.02618
MED00334,10,rx_share,-0.02189
MED00335,10,rx_share,-0.08019
MED00336,10,rx_share,-0.02224
MED00337,10,rx_share,-0.00979
MED00338,10,rx_share,-0.10122
MED00339,10,rx_share,0.00729
MED00340,10,rx_share,0.0158
MED00341,10,rx_share,-0.01956
MED00342,10,rx_share,-0.02656
MED00343,10,rx_share,-0.02554
MED00344,10,rx_share,-0.06069
MED00345,10,rx_share,-0.01617
MED00346,10,rx_share,-0.03884
MED00347,10,rx_share,-0.07415
MED00348,10,rx_share,-0.02299
MED00349,10,rx_share,-0.02466
MED00350,10,rx_share,-0.06582
MED00351,10,rx_share,-0.0062
MED00352,10,rx_share,-0.0284
MED00353,10,rx_share,-0.02726
MED00354,10,rx_share,-0.07968
MED00355,10,rx_share,-0.02891
MED00356,10,rx_share,-0.02377
MED00357,10,rx_share,-0.02049
MED00358,10,rx_share,-0.02385
MED00359,10,rx_share,-0.03944
MED00360,10,rx_share,-0.04858
MED00361,10,rx_share,-0.03877
MED00362,10,rx_share,-0.00652
MED00363,10,rx_share,-0.03421
MED00364,10,rx_share,-0.10842
MED00365,10,rx_share,-0.03876
MED00366,10,rx_share,-0.01883
MED00367,10,rx_share,-0.01725
MED00368,10,rx_share,-0.03411
MED00369,10,rx_share,-0.03949
MED00370,10,rx_share,-0.06148
MED00371,10,rx_share,0.02171
MED00372,10,rx_share,-0.01652
MED00373,10,rx_share,-0.05198
MED00374,10,rx_share,-0.0181
MED00375,10,rx_share,-0.01118
MED00376,10,rx_share,-0.03256
MED00377,10,rx_share,-0.0273
MED00378,10,rx_share,-0.03164
MED00379,10,rx_share,-0.05199
MED00380,10,rx_share,-0.05039
MED00381,10,rx_share,-0.01046
MED00382,10,rx_share,-0.03695
MED00383,10,rx_share,-0.00977
MED00384,10,rx_share,-0.03966
MED00385,10,rx_share,-0.02966
MED00386,10,rx_share,-0.01243
MED00387,10,rx_share,-0.03297
MED00388,10,rx_share,0.02757
MED00389,10,rx_share,-0.01425
MED00390,10,rx_share,0.04411
MED00391,10,rx_share,-0.03988
MED00392,10,rx_share,-0.03865
MED00393,10,rx_share,-0.02184
MED00394,10,rx_share,-0.01846
MED00395,10,rx_share,-0.02855
MED00396,10,rx_share,-0.00321
MED00397,10,rx_share,0.01271
MED00398,10,rx_share,0.03411
MED00399,10,rx_share,0.03649
MED00400,10,rx_share,0.01846
MED00401,10,rx_share,-0.02922
MED00402,10,rx_share,-0.04362
MED00403,10,rx_share,-0.0255
MED00404,10,rx_share,-0.02503
MED00405,10,rx_share,-0.02415
MED00406,10,rx_share,-0.03877
MED00407,10,rx_share,-0.03964
MED00408,10,rx_share,-0.02854
MED00409,10,rx_share,-0.01762
MED00410,10,rx_share,-0.0161
MED00411,10,rx_share,-0.03873
MED00412,10,rx_share,-0.02506
MED00413,10,rx_share,-0.0259
MED00414,10,rx_share,-0.03404
MED00415,10,rx_share,-0.02228
MED00416,10,rx_share,-0.03474
MED00417,10,rx_share,-0.02319
MED00418,10,rx_share,-0.02211
MED00419,10,rx_share,-0.02835
MED00420,10,rx_share,-0.03727
MED00421,10,rx_share,-0.03655
MED00422,10,rx_share,-0.03318
MED00423,10,rx_share,-0.02518
MED00424,10,rx_share,0.00193
MED00001,11,rx_share,-0.02248
MED00002,11,rx_share,-0.01976
MED00003,11,rx_share,-0.02445
MED00004,11,rx_share,-0.02302
MED00005,11,rx_share,-0.0687
MED00006,11,rx_share,-0.02016
MED00007,11,rx_share,0.0306
MED00008,11,rx_share,0.03375
MED00009,11,rx_share,-0.03736
MED00010,11,rx_share,-0.00807
MED00011,11,rx_share,-0.0261
MED00012,11,rx_share,-0.03395
MED00013,11,rx_share,-0.02275
MED00014,11,rx_share,-0.01659
MED00015,11,rx_share,0.04968
MED00016,11,rx_share,-0.02716
MED00017,11,rx_share,-0.02393
MED00018,11,rx_share,0.0413
MED00019,11,rx_share,0.05873
MED00020,11,rx_share,-0.0472
MED00021,11,rx_share,0.02653
MED00022,11,rx_share,0.00683
MED00023,11,rx_share,-0.03468
MED00024,11,rx_share,0.01091
MED00025,11,rx_share,-0.40529
MED00026,11,rx_share,-0.00192
MED00027,11,rx_share,0.01336
MED00028,11,rx_share,0.07187
MED00029,11,rx_share,0.02529
MED00030,11,rx_share,0.008
MED00031,11,rx_share,0.01445
MED00032,11,rx_share,-0.02118
MED00033,11,rx_share,-0.08001
MED00034,11,rx_share,0.05678
MED00035,11,rx_share,-0.03443
MED00036,11,rx_share,-0.04353
MED00037,11,rx_share,-0.03414
MED00038,11,rx_share,0.03194
MED00039,11,rx_share,-0.06529
MED00040,11,rx_share,-0.0358
MED00041,11,rx_share,-0.04733
MED00042,11,rx_share,-0.02506
MED00043,11,rx_share,-0.03139
MED00044,11,rx_share,-0.03426
MED00045,11,rx_share,-0.03386
MED00046,11,rx_share,0.01314
MED00047,11,rx_share,-0.02878
MED00048,11,rx_share,-0.02138
MED00049,11,rx_share,-0.01197
MED00050,11,rx_share,-0.03312
MED00051,11,rx_share,-0.00916
MED00052,11,rx_share,-0.03536
MED00053,11,rx_share,0.0054
MED00054,11,rx_share,0.00772
MED00055,11,rx_share,-0.05325
MED00056,11,rx_share,-0.06531
MED00057,11,rx_share,-0.05943
MED00058,11,rx_share,-0.02882
MED00059,11,rx_share,-0.02577
MED00060,11,rx_share,-0.02369
MED00061,11,rx_share,-0.04463
MED00062,11,rx_share,-0.02064
MED00063,11,rx_share,-0.06757
MED00064,11,rx_share,0.02032
MED00065,11,rx_share,-0.00787
MED00066,11,rx_share,0.05764
MED00067,11,rx_share,-0.01436
MED00068,11,rx_share,0.02222
MED00069,11,rx_share,-0.03755
MED00070,11,rx_share,0.04654
MED00071,11,rx_share,-0.04073
MED00072,11,rx_share,-0.04218
MED00073,11,rx_share,0.02993
MED00074,11,rx_share,-0.01993
MED00075,11,rx_share,-0.0419
MED00076,11,rx_share,-0.01586
MED00077,11,rx_share,-0.03074
MED00078,11,rx_share,-0.03908
MED00079,11,rx_share,-0.02913
MED00080,11,rx_share,0.02734
MED00081,11,rx_share,-0.03036
MED00082,11,rx_share,-0.02919
MED00083,11,rx_share,-0.05464
MED00084,11,rx_share,0.03243
MED00085,11,rx_share,-0.02403
MED00086,11,rx_share,-0.04032
MED00087,11,rx_share,-0.02331
MED00088,11,rx_share,0.02442
MED00089,11,rx_share,-0.01865
MED00090,11,rx_share,-0.02768
MED00091,11,rx_share,-0.03884
MED00092,11,rx_share,-0.01002
MED00093,11,rx_share,-0.00631
MED00094,11,rx_share,-0.02947
MED00095,11,rx_share,-0.02871
MED00096,11,rx_share,-0.00841
MED00097,11,rx_share,-0.04654
MED00098,11,rx_share,-0.02162
MED00099,11,rx_share,-0.00251
MED00100,11,rx_share,-0.09268
MED00101,11,rx_share,-0.02298
MED00102,11,rx_share,-0.02538
MED00103,11,rx_share,-0.04421
MED00104,11,rx_share,-0.02473
MED00105,11,rx_share,-0.02214
MED00106,11,rx_share,-0.08169
MED00107,11,rx_share,-0.02512
MED00108,11,rx_share,-0.02779
MED00109,11,rx_share,-0.14353
MED00110,11,rx_share,-0.05249
MED00111,11,rx_share,0.00887
MED00112,11,rx_share,-0.02718
MED00113,11,rx_share,-0.02492
MED00114,11,rx_share,0.02969
MED00115,11,rx_share,-0.03332
MED00116,11,rx_share,-0.13561
MED00117,11,rx_share,-0.02887
MED00118,11,rx_share,-0.02062
MED00119,11,rx_share,-0.02939
MED00120,11,rx_share,0.01977
MED00121,11,rx_share,-0.02863
MED00122,11,rx_share,-0.0325
MED00123,11,rx_share,-0.02948
MED00124,11,rx_share,-0.02361
MED00125,11,rx_share,-0.02454
MED00126,11,rx_share,-0.02596
MED00127,11,rx_share,-0.04274
MED00128,11,rx_share,-0.03187
MED00129,11,rx_share,-0.02285
MED00130,11,rx_share,-0.02353
MED00131,11,rx_share,0.00375
MED00132,11,rx_share,-0.01753
MED00133,11,rx_share,0.00975
MED00134,11,rx_share,-0.0437
MED00135,11,rx_share,-0.01656
MED00136,11,rx_share,-0.07282
MED00137,11,rx_share,0.03832
MED00138,11,rx_share,-0.02964
MED00139,11,rx_share,-0.03015
MED00140,11,rx_share,-0.02119
MED00141,11,rx_share,0.03603
MED00142,11,rx_share,-0.01652
MED00143,11,rx_share,-0.0219
MED00144,11,rx_share,-0.0253
MED00145,11,rx_share,-0.04677
MED00146,11,rx_share,-0.03228
MED00147,11,rx_share,-0.03768
MED00148,11,rx_share,-0.01904
MED00149,11,rx_share,-0.02444
MED00150,11,rx_share,-0.02644
MED00151,11,rx_share,-0.02851
MED00152,11,rx_share,-0.03304
MED00153,11,rx_share,-0.02896
MED00154,11,rx_share,0.044
MED00155,11,rx_share,-0.03124
MED00156,11,rx_share,-0.01716
MED00157,11,rx_share,-0.03116
MED00158,11,rx_share,0.00104
MED00159,11,rx_share,-0.0865
MED00160,11,rx_share,-0.02653
MED00161,11,rx_share,-0.02379
MED00162,11,rx_share,-0.01748
MED00163,11,rx_share,-0.02727
MED00164,11,rx_share,-0.02996
MED00165,11,rx_share,-0.05092
MED00166,11,rx_share,-0.03761
MED00167,11,rx_share,-0.01963
MED00168,11,rx_share,-0.02183
MED00169,11,rx_share,-0.02337
MED00170,11,rx_share,-0.02753
MED00171,11,rx_share,-0.02963
MED00172,11,rx_share,-0.01768
MED00173,11,rx_share,-0.03545
MED00174,11,rx_share,0.01539
MED00175,11,rx_share,0.0602
MED00176,11,rx_share,-0.10901
MED00177,11,rx_share,-0.07261
MED00178,11,rx_share,-0.01839
MED00179,11,rx_share,-0.03328
MED00180,11,rx_share,-0.03352
MED00181,11,rx_share,-0.031
MED00182,11,rx_share,-0.00129
MED00183,11,rx_share,-0.02416
MED00184,11,rx_share,-0.01372
MED00185,11,rx_share,-0.02917
MED00186,11,rx_share,-0.02926
MED00187,11,rx_share,0.00166
MED00188,11,rx_share,-0.03051
MED00189,11,rx_share,-0.02423
MED00190,11,rx_share,-0.01918
MED00191,11,rx_share,-0.02006
MED00192,11,rx_share,-0.024
MED00193,11,rx_share,-0.01956
MED00194,11,rx_share,-0.01037
MED00195,11,rx_share,-0.04146
MED00196,11,rx_share,-0.00968
MED00197,11,rx_share,0.00961
MED00198,11,rx_share,-0.02079
MED00199,11,rx_share,0.002
MED00200,11,rx_share,-0.03504
MED00201,11,rx_share,-0.01864
MED00202,11,rx_share,-0.01947
MED00203,11,rx_share,-0.03345
MED00204,11,rx_share,-0.0289
MED00205,11,rx_share,-0.02226
MED00206,11,rx_share,-0.03458
MED00207,11,rx_share,-0.02518
MED00208,11,rx_share,-0.01945
MED00209,11,rx_share,-0.00512
MED00210,11,rx_share,0.00444
MED00211,11,rx_share,-0.03054
MED00212,11,rx_share,-0.04971
MED00213,11,rx_share,-0.02341
MED00214,11,rx_share,-0.02532
MED00215,11,rx_share,-0.03114
MED00216,11,rx_share,-0.35076
MED00217,11,rx_share,-0.02483
MED00218,11,rx_share,-0.03326
MED00219,11,rx_share,0.03033
MED00220,11,rx_share,-0.02059
MED00221,11,rx_share,0.0059
MED00222,11,rx_share,-0.03324
MED00223,11,rx_share,-0.10719
MED00224,11,rx_share,-0.0141
MED00225,11,rx_share,-0.03001
MED00226,11,rx_share,0.00474
MED00227,11,rx_share,0.03282
MED00228,11,rx_share,-0.03438
MED00229,11,rx_share,-0.01401
MED00230,11,rx_share,-0.00616
MED00231,11,rx_share,-0.02224
MED00232,11,rx_share,-0.03321
MED00233,11,rx_share,-0.02581
MED00234,11,rx_share,-0.03027
MED00235,11,rx_share,0.02649
MED00236,11,rx_share,-0.02445
MED00237,11,rx_share,0.01264
MED00238,11,rx_share,-0.01503
MED00239,11,rx_share,-0.0318
MED00240,11,rx_share,0.0094
MED00241,11,rx_share,-0.03484
MED00242,11,rx_share,0.01657
MED00243,11,rx_share,-0.01754
MED00244,11,rx_share,-0.02766
MED00245,11,rx_share,-0.00055
MED00246,11,rx_share,-0.01995
MED00247,11,rx_share,-0.02439
MED00248,11,rx_share,-0.0313
MED00249,11,rx_share,-0.06399
MED00250,11,rx_share,-0.02251
MED00251,11,rx_share,-0.02678
MED00252,11,rx_share,-0.01191
MED00253,11,rx_share,-0.02575
MED00254,11,rx_share,-0.07236
MED00255,11,rx_share,-0.04586
MED00256,11,rx_share,-0.00997
MED00257,11,rx_share,0.03284
MED00258,11,rx_share,-0.01064
MED00259,11,rx_share,-0.02552
MED00260,11,rx_share,-0.07039
MED00261,11,rx_share,-0.05826
MED00262,11,rx_share,0.05802
MED00263,11,rx_share,-0.02893
MED00264,11,rx_share,-0.2536
MED00265,11,rx_share,-0.02138
MED00266,11,rx_share,0.03281
MED00267,11,rx_share,-0.02044
MED00268,11,rx_share,-0.03433
MED00269,11,rx_share,-0.02897
MED00270,11,rx_share,-0.03328
MED00271,11,rx_share,-0.02391
MED00272,11,rx_share,-0.02697
MED00273,11,rx_share,-0.0381
MED00274,11,rx_share,-0.0135
MED00275,11,rx_share,-0.02446
MED00276,11,rx_share,-0.02258
MED00277,11,rx_share,-0.02386
MED00278,11,rx_share,-0.02066
MED00279,11,rx_share,0.03948
MED00280,11,rx_share,-0.02769
MED00281,11,rx_share,-0.02429
MED00282,11,rx_share,-0.02797
MED00283,11,rx_share,-0.03518
MED00284,11,rx_share,0.00512
MED00285,11,rx_share,-0.0224
MED00286,11,rx_share,-0.02914
MED00287,11,rx_share,-0.03075
MED00288,11,rx_share,-0.03328
MED00289,11,rx_share,0.00315
MED00290,11,rx_share,-0.03754
MED00291,11,rx_share,-0.0546
MED00292,11,rx_share,-0.03514
MED00293,11,rx_share,-0.02176
MED00294,11,rx_share,-0.05903
MED00295,11,rx_share,-0.00268
MED00296,11,rx_share,-0.02801
MED00297,11,rx_share,-0.02264
MED00298,11,rx_share,-0.01846
MED00299,11,rx_share,-0.02166
MED00300,11,rx_share,-0.03527
MED00301,11,rx_share,-0.02206
MED00302,11,rx_share,-0.01719
MED00303,11,rx_share,0.03039
MED00304,11,rx_share,-0.0329
MED00305,11,rx_share,-0.04081
MED00306,11,rx_share,-0.02957
MED00307,11,rx_share,0.02807
MED00308,11,rx_share,-0.06534
MED00309,11,rx_share,0.01792
MED00310,11,rx_share,-0.02213
MED00311,11,rx_share,-0.05459
MED00312,11,rx_share,-0.05737
MED00313,11,rx_share,-0.06758
MED00314,11,rx_share,-0.09951
MED00315,11,rx_share,-0.03017
MED00316,11,rx_share,-0.02925
MED00317,11,rx_share,-0.02825
MED00318,11,rx_share,-0.02992
MED00319,11,rx_share,-0.02442
MED00320,11,rx_share,-0.08228
MED00321,11,rx_share,-0.03724
MED00322,11,rx_share,-0.01204
MED00323,11,rx_share,-0.03031
MED00324,11,rx_share,-0.01107
MED00325,11,rx_share,-0.02554
MED00326,11,rx_share,-0.0271
MED00327,11,rx_share,-0.02084
MED00328,11,rx_share,-0.03375
MED00329,11,rx_share,-0.02778
MED00330,11,rx_share,-0.02206
MED00331,11,rx_share,-0.02666
MED00332,11,rx_share,-0.03607
MED00333,11,rx_share,-0.02447
MED00334,11,rx_share,-0.02142
MED00335,11,rx_share,-0.06869
MED00336,11,rx_share,-0.0216
MED00337,11,rx_share,-0.02636
MED00338,11,rx_share,-0.09565
MED00339,11,rx_share,0.00756
MED00340,11,rx_share,0.01543
MED00341,11,rx_share,-0.02015
MED00342,11,rx_share,-0.02688
MED00343,11,rx_share,-0.02486
MED00344,11,rx_share,-0.04597
MED00345,11,rx_share,-0.01084
MED00346,11,rx_share,-0.03855
MED00347,11,rx_share,-0.05216
MED00348,11,rx_share,-0.02401
MED00349,11,rx_share,-0.02283
MED00350,11,rx_share,-0.05074
MED00351,11,rx_share,-0.00943
MED00352,11,rx_share,-0.03189
MED00353,11,rx_share,-0.02359
MED00354,11,rx_share,-0.07638
MED00355,11,rx_share,-0.02837
MED00356,11,rx_share,-0.02444
MED00357,11,rx_share,-0.01051
MED00358,11,rx_share,-0.02166
MED00359,11,rx_share,-0.03956
MED00360,11,rx_share,-0.04928
MED00361,11,rx_share,-0.03624
MED00362,11,rx_share,-0.00263
MED00363,11,rx_share,-0.03399
MED00364,11,rx_share,-0.08632
MED00365,11,rx_share,-0.03865
MED00366,11,rx_share,-0.01873
MED00367,11,rx_share,-0.0176
MED00368,11,rx_share,-0.02886
MED00369,11,rx_share,-0.03859
MED00370,11,rx_share,-0.0539
MED00371,11,rx_share,0.0199
MED00372,11,rx_share,-0.01015
MED00373,11,rx_share,-0.04576
MED00374,11,rx_share,-0.03314
MED00375,11,rx_share,-0.01055
MED00376,11,rx_share,-0.03287
MED00377,11,rx_share,-0.02326
MED00378,11,rx_share,-0.03207
MED00379,11,rx_share,-0.03799
MED00380,11,rx_share,-0.04732
MED00381,11,rx_share,-0.01285
MED00382,11,rx_share,-0.04025
MED00383,11,rx_share,-0.01024
MED00384,11,rx_share,-0.0379
MED00385,11,rx_share,-0.02437
MED00386,11,rx_share,-0.00734
MED00387,11,rx_share,-0.03094
MED00388,11,rx_share,0.02993
MED00389,11,rx_share,-0.01439
MED00390,11,rx_share,0.04415
MED00391,11,rx_share,-0.03913
MED00392,11,rx_share,-0.0378
MED00393,11,rx_share,-0.02186
MED00394,11,rx_share,-0.01786
MED00395,11,rx_share,-0.02788
MED00396,11,rx_share,0.00185
MED00397,11,rx_share,0.01417
MED00398,11,rx_share,0.03539
MED00399,11,rx_share,0.0379
MED00400,11,rx_share,0.01777
MED00401,11,rx_share,-0.02821
MED00402,11,rx_share,-0.04279
MED00403,11,rx_share,-0.02273
MED00404,11,rx_share,-0.02414
MED00405,11,rx_share,-0.0236
MED00406,11,rx_share,-0.03713
MED00407,11,rx_share,-0.03808
MED00408,11,rx_share,-0.02795
MED00409,11,rx_share,-0.01487
MED00410,11,rx_share,-0.01359
MED00411,11,rx_share,-0.0367
MED00412,11,rx_share,-0.02424
MED00413,11,rx_share,-0.02441
MED00414,11,rx_share,-0.03235
MED00415,11,rx_share,-0.02084
MED00416,11,rx_share,-0.03325
MED00417,11,rx_share,-0.02133
MED00418,11,rx_share,-0.02144
MED00419,11,rx_share,-0.02833
MED00420,11,rx_share,-0.03639
MED00421,11,rx_share,-0.03367
MED00422,11,rx_share,-0.03206
MED00423,11,rx_share,-0.02475
MED00424,11,rx_share,0.00504
MED00001,12,rx_share,-0.0229
MED00002,12,rx_share,-0.01935
MED00003,12,rx_share,-0.02326
MED00004,12,rx_share,-0.01556
MED00005,12,rx_share,-0.06106
MED00006,12,rx_share,-0.01959
MED00007,12,rx_share,0.033
MED00008,12,rx_share,0.03362
MED00009,12,rx_share,-0.03682
MED00010,12,rx_share,-0.00718
MED00011,12,rx_share,-0.02602
MED00012,12,rx_share,-0.0342
MED00013,12,rx_share,-0.02287
MED00014,12,rx_share,-0.01734
MED00015,12,rx_share,0.04619
MED00016,12,rx_share,-0.02727
MED00017,12,rx_share,-0.02451
MED00018,12,rx_share,0.04801
MED00019,12,rx_share,0.05957
MED00020,12,rx_share,-0.0425
MED00021,12,rx_share,0.02277
MED00022,12,rx_share,0.00612
MED00023,12,rx_share,-0.03527
MED00024,12,rx_share,0.01169
MED00025,12,rx_share,-0.39347
MED00026,12,rx_share,0.00206
MED00027,12,rx_share,0.01491
MED00028,12,rx_share,0.07179
MED00029,12,rx_share,0.0251
MED00030,12,rx_share,0.01223
MED00031,12,rx_share,-0.00328
MED00032,12,rx_share,-0.02126
MED00033,12,rx_share,-0.06922
MED00034,12,rx_share,0.05619
MED00035,12,rx_share,-0.04547
MED00036,12,rx_share,-0.03978
MED00037,12,rx_share,-0.0293
MED00038,12,rx_share,0.0316
MED00039,12,rx_share,-0.05774
MED00040,12,rx_share,-0.03089
MED00041,12,rx_share,-0.04125
MED00042,12,rx_share,-0.02299
MED00043,12,rx_share,-0.03005
MED00044,12,rx_share,-0.03714
MED00045,12,rx_share,-0.03396
MED00046,12,rx_share,0.01634
MED00047,12,rx_share,-0.02736
MED00048,12,rx_share,-0.0225
MED00049,12,rx_share,-0.01159
MED00050,12,rx_share,-0.02996
MED00051,12,rx_share,-0.01483
MED00052,12,rx_share,-0.03273
MED00053,12,rx_share,0.00511
MED00054,12,rx_share,0.00107
MED00055,12,rx_share,-0.06085
MED00056,12,rx_share,-0.05926
MED00057,12,rx_share,-0.05746
MED00058,12,rx_share,-0.02716
MED00059,12,rx_share,-0.02491
MED00060,12,rx_share,-0.02357
MED00061,12,rx_share,-0.04247
MED00062,12,rx_share,-0.02152
MED00063,12,rx_share,-0.0701
MED00064,12,rx_share,0.01954
MED00065,12,rx_share,-0.01042
MED00066,12,rx_share,0.05519
MED00067,12,rx_share,-0.01406
MED00068,12,rx_share,0.02312
MED00069,12,rx_share,-0.04216
MED00070,12,rx_share,0.04195
MED00071,12,rx_share,-0.04335
MED00072,12,rx_share,-0.04803
MED00073,12,rx_share,0.03069
MED00074,12,rx_share,-0.02618
MED00075,12,rx_share,-0.04066
MED00076,12,rx_share,-0.01604
MED00077,12,rx_share,-0.02965
MED00078,12,rx_share,-0.04985
MED00079,12,rx_share,-0.03017
MED00080,12,rx_share,0.02949
MED00081,12,rx_share,-0.0303
MED00082,12,rx_share,-0.03181
MED00083,12,rx_share,-0.04818
MED00084,12,rx_share,0.0325
MED00085,12,rx_share,-0.0239
MED00086,12,rx_share,-0.03438
MED00087,12,rx_share,-0.02145
MED00088,12,rx_share,0.02397
MED00089,12,rx_share,-0.02691
MED00090,12,rx_share,-0.02763
MED00091,12,rx_share,-0.04669
MED00092,12,rx_share,-0.01052
MED00093,12,rx_share,-0.00341
MED00094,12,rx_share,-0.02268
MED00095,12,rx_share,-0.02864
MED00096,12,rx_share,-0.01047
MED00097,12,rx_share,-0.0441
MED00098,12,rx_share,-0.01874
MED00099,12,rx_share,0.00172
MED00100,12,rx_share,-0.06627
MED00101,12,rx_share,-0.0242
MED00102,12,rx_share,-0.02107
MED00103,12,rx_share,-0.04279
MED00104,12,rx_share,-0.02485
MED00105,12,rx_share,-0.01936
MED00106,12,rx_share,-0.0724
MED00107,12,rx_share,-0.02523
MED00108,12,rx_share,-0.02532
MED00109,12,rx_share,-0.14693
MED00110,12,rx_share,-0.04614
MED00111,12,rx_share,0.00466
MED00112,12,rx_share,-0.02744
MED00113,12,rx_share,-0.02537
MED00114,12,rx_share,0.02946
MED00115,12,rx_share,-0.02731
MED00116,12,rx_share,-0.12449
MED00117,12,rx_share,-0.02763
MED00118,12,rx_share,-0.02131
MED00119,12,rx_share,-0.02638
MED00120,12,rx_share,0.02016
MED00121,12,rx_share,-0.02824
MED00122,12,rx_share,-0.03266
MED00123,12,rx_share,-0.02552
MED00124,12,rx_share,-0.02373
MED00125,12,rx_share,-0.02553
MED00126,12,rx_share,-0.01852
MED00127,12,rx_share,-0.04221
MED00128,12,rx_share,-0.02893
MED00129,12,rx_share,-0.02397
MED00130,12,rx_share,-0.02304
MED00131,12,rx_share,0.00398
MED00132,12,rx_share,-0.01142
MED00133,12,rx_share,0.00366
MED00134,12,rx_share,-0.0376
MED00135,12,rx_share,-0.0152
MED00136,12,rx_share,-0.06672
MED00137,12,rx_share,0.0393
MED00138,12,rx_share,-0.02577
MED00139,12,rx_share,-0.02984
MED00140,12,rx_share,-0.02132
MED00141,12,rx_share,0.03649
MED00142,12,rx_share,-0.01687
MED00143,12,rx_share,-0.01949
MED00144,12,rx_share,-0.02407
MED00145,12,rx_share,-0.04249
MED00146,12,rx_share,-0.03325
MED00147,12,rx_share,-0.03724
MED00148,12,rx_share,-0.01893
MED00149,12,rx_share,-0.02126
MED00150,12,rx_share,-0.02643
MED00151,12,rx_share,-0.02398
MED00152,12,rx_share,-0.02848
MED00153,12,rx_share,-0.0282
MED00154,12,rx_share,0.04327
MED00155,12,rx_share,-0.03163
MED00156,12,rx_share,-0.01662
MED00157,12,rx_share,-0.02811
MED00158,12,rx_share,0.00395
MED00159,12,rx_share,-0.0814
MED00160,12,rx_share,-0.02637
MED00161,12,rx_share,-0.02371
MED00162,12,rx_share,-0.0147
MED00163,12,rx_share,-0.02733
MED00164,12,rx_share,-0.04174
MED00165,12,rx_share,-0.05339
MED00166,12,rx_share,-0.0349
MED00167,12,rx_share,-0.0198
MED00168,12,rx_share,-0.02198
MED00169,12,rx_share,-0.02346
MED00170,12,rx_share,-0.02447
MED00171,12,rx_share,-0.02993
MED00172,12,rx_share,-0.01754
MED00173,12,rx_share,-0.03371
MED00174,12,rx_share,0.0161
MED00175,12,rx_share,0.04649
MED00176,12,rx_share,-0.08418
MED00177,12,rx_share,-0.06822
MED00178,12,rx_share,-0.01362
MED00179,12,rx_share,-0.02965
MED00180,12,rx_share,-0.03007
MED00181,12,rx_share,-0.03124
MED00182,12,rx_share,0.00234
MED00183,12,rx_share,-0.02006
MED00184,12,rx_share,-0.02562
MED00185,12,rx_share,-0.02806
MED00186,12,rx_share,-0.02411
MED00187,12,rx_share,0.0025
MED00188,12,rx_share,-0.03043
MED00189,12,rx_share,-0.0233
MED00190,12,rx_share,-0.02019
MED00191,12,rx_share,-0.02092
MED00192,12,rx_share,-0.02392
MED00193,12,rx_share,-0.01921
MED00194,12,rx_share,-0.02094
MED00195,12,rx_share,-0.04249
MED00196,12,rx_share,-0.01128
MED00197,12,rx_share,0.0078
MED00198,12,rx_share,-0.02147
MED00199,12,rx_share,0.00437
MED00200,12,rx_share,-0.03425
MED00201,12,rx_share,-0.01808
MED00202,12,rx_share,-0.02016
MED00203,12,rx_share,-0.04479
MED00204,12,rx_share,-0.02893
MED00205,12,rx_share,-0.01968
MED00206,12,rx_share,-0.0351
MED00207,12,rx_share,-0.02641
MED00208,12,rx_share,-0.01973
MED00209,12,rx_share,-0.00219
MED00210,12,rx_share,0.00828
MED00211,12,rx_share,-0.02926
MED00212,12,rx_share,-0.04926
MED00213,12,rx_share,-0.01584
MED00214,12,rx_share,-0.02631
MED00215,12,rx_share,-0.03147
MED00216,12,rx_share,-0.32564
MED00217,12,rx_share,-0.02572
MED00218,12,rx_share,-0.02998
MED00219,12,rx_share,0.03123
MED00220,12,rx_share,-0.0217
MED00221,12,rx_share,0.01032
MED00222,12,rx_share,-0.03342
MED00223,12,rx_share,-0.08714
MED00224,12,rx_share,-0.01535
MED00225,12,rx_share,-0.0301
MED00226,12,rx_share,0.00804
MED00227,12,rx_share,0.03205
MED00228,12,rx_share,-0.0344
MED00229,12,rx_share,-0.0071
MED00230,12,rx_share,-0.0165
MED00231,12,rx_share,-0.02301
MED00232,12,rx_share,-0.0329
MED00233,12,rx_share,-0.02239
MED00234,12,rx_share,-0.02857
MED00235,12,rx_share,0.03238
MED00236,12,rx_share,-0.02339
MED00237,12,rx_share,0.01345
MED00238,12,rx_share,-0.01678
MED00239,12,rx_share,-0.02531
MED00240,12,rx_share,0.00997
MED00241,12,rx_share,-0.03513
MED00242,12,rx_share,0.01631
MED00243,12,rx_share,-0.01713
MED00244,12,rx_share,-0.02825
MED00245,12,rx_share,-0.01375
MED00246,12,rx_share,-0.02002
MED00247,12,rx_share,-0.02339
MED00248,12,rx_share,-0.0307
MED00249,12,rx_share,-0.06345
MED00250,12,rx_share,-0.01881
MED00251,12,rx_share,-0.0269
MED00252,12,rx_share,-0.01198
MED00253,12,rx_share,-0.02585
MED00254,12,rx_share,-0.07447
MED00255,12,rx_share,-0.04203
MED00256,12,rx_share,-0.0068
MED00257,12,rx_share,0.02935
MED00258,12,rx_share,-0.01058
MED00259,12,rx_share,-0.02569
MED00260,12,rx_share,-0.06751
MED00261,12,rx_share,-0.05469
MED00262,12,rx_share,0.05474
MED00263,12,rx_share,-0.02901
MED00264,12,rx_share,-0.26303
MED00265,12,rx_share,-0.01735
MED00266,12,rx_share,0.03232
MED00267,12,rx_share,-0.02031
MED00268,12,rx_share,-0.03138
MED00269,12,rx_share,-0.02646
MED00270,12,rx_share,-0.03196
MED00271,12,rx_share,-0.02388
MED00272,12,rx_share,-0.02637
MED00273,12,rx_share,-0.03713
MED00274,12,rx_share,-0.01035
MED00275,12,rx_share,-0.02439
MED00276,12,rx_share,-0.02322
MED00277,12,rx_share,-0.02325
MED00278,12,rx_share,-0.01994
MED00279,12,rx_share,0.03897
MED00280,12,rx_share,-0.02786
MED00281,12,rx_share,-0.02485
MED00282,12,rx_share,-0.02749
MED00283,12,rx_share,-0.03142
MED00284,12,rx_share,0.00557
MED00285,12,rx_share,-0.0235
MED00286,12,rx_share,-0.02839
MED00287,12,rx_share,-0.03083
MED00288,12,rx_share,-0.02911
MED00289,12,rx_share,0.00554
MED00290,12,rx_share,-0.03564
MED00291,12,rx_share,-0.05002
MED00292,12,rx_share,-0.03613
MED00293,12,rx_share,-0.02134
MED00294,12,rx_share,-0.05213
MED00295,12,rx_share,-0.00152
MED00296,12,rx_share,-0.02719
MED00297,12,rx_share,-0.02159
MED00298,12,rx_share,-0.01824
MED00299,12,rx_share,-0.01952
MED00300,12,rx_share,-0.03232
MED00301,12,rx_share,-0.0186
MED00302,12,rx_share,-0.01343
MED00303,12,rx_share,0.03104
MED00304,12,rx_share,-0.04203
MED00305,12,rx_share,-0.03926
MED00306,12,rx_share,-0.04174
MED00307,12,rx_share,0.0279
MED00308,12,rx_share,-0.06179
MED00309,12,rx_share,0.01859
MED00310,12,rx_share,-0.02148
MED00311,12,rx_share,-0.04823
MED00312,12,rx_share,-0.05119
MED00313,12,rx_share,-0.05758
MED00314,12,rx_share,-0.08919
MED00315,12,rx_share,-0.02612
MED00316,12,rx_share,-0.02421
MED00317,12,rx_share,-0.02861
MED00318,12,rx_share,-0.03521
MED00319,12,rx_share,-0.02402
MED00320,12,rx_share,-0.07546
MED00321,12,rx_share,-0.03041
MED00322,12,rx_share,-0.01166
MED00323,12,rx_share,-0.02476
MED00324,12,rx_share,-0.0119
MED00325,12,rx_share,-0.0225
MED00326,12,rx_share,-0.02627
MED00327,12,rx_share,-0.02058
MED00328,12,rx_share,-0.03039
MED00329,12,rx_share,-0.02399
MED00330,12,rx_share,-0.02244
MED00331,12,rx_share,-0.02246
MED00332,12,rx_share,-0.03622
MED00333,12,rx_share,-0.02444
MED00334,12,rx_share,-0.03222
MED00335,12,rx_share,-0.06876
MED00336,12,rx_share,-0.02387
MED00337,12,rx_share,-0.02354
MED00338,12,rx_share,-0.07818
MED00339,12,rx_share,0.00759
MED00340,12,rx_share,0.00331
MED00341,12,rx_share,-0.0208
MED00342,12,rx_share,-0.02678
MED00343,12,rx_share,-0.02445
MED00344,12,rx_share,-0.04099
MED00345,12,rx_share,-0.01111
MED00346,12,rx_share,-0.03843
MED00347,12,rx_share,-0.05478
MED00348,12,rx_share,-0.02266
MED00349,12,rx_share,-0.02098
MED00350,12,rx_share,-0.04068
MED00351,12,rx_share,-0.00191
MED00352,12,rx_share,-0.02613
MED00353,12,rx_share,-0.01616
MED00354,12,rx_share,-0.06649
MED00355,12,rx_share,-0.02872
MED00356,12,rx_share,-0.02493
MED00357,12,rx_share,-0.01072
MED00358,12,rx_share,-0.02119
MED00359,12,rx_share,-0.03642
MED00360,12,rx_share,-0.0494
MED00361,12,rx_share,-0.03192
MED00362,12,rx_share,0.00019
MED00363,12,rx_share,-0.03108
MED00364,12,rx_share,-0.08611
MED00365,12,rx_share,-0.03568
MED00366,12,rx_share,-0.01967
MED00367,12,rx_share,-0.01741
MED00368,12,rx_share,-0.02734
MED00369,12,rx_share,-0.04201
MED00370,12,rx_share,-0.04909
MED00371,12,rx_share,0.01994
MED00372,12,rx_share,-0.00949
MED00373,12,rx_share,-0.04285
MED00374,12,rx_share,-0.03261
MED00375,12,rx_share,-0.02029
MED00376,12,rx_share,-0.03324
MED00377,12,rx_share,-0.01565
MED00378,12,rx_share,-0.03354
MED00379,12,rx_share,-0.03115
MED00380,12,rx_share,-0.03964
MED00381,12,rx_share,-0.02974
MED00382,12,rx_share,-0.04038
MED00383,12,rx_share,-0.00963
MED00384,12,rx_share,-0.03673
MED00385,12,rx_share,-0.02161
MED00386,12,rx_share,-0.006
MED00387,12,rx_share,-0.03027
MED00388,12,rx_share,0.02954
MED00389,12,rx_share,-0.02748
MED00390,12,rx_share,0.04077
MED00391,12,rx_share,-0.03619
MED00392,12,rx_share,-0.03827
MED00393,12,rx_share,-0.02273
MED00394,12,rx_share,-0.01831
MED00395,12,rx_share,-0.02828
MED00396,12,rx_share,-0.00905
MED00397,12,rx_share,0.00396
MED00398,12,rx_share,0.03632
MED00399,12,rx_share,0.03759
MED00400,12,rx_share,0.02402
MED00401,12,rx_share,-0.02921
MED00402,12,rx_share,-0.04166
MED00403,12,rx_share,-0.02317
MED00404,12,rx_share,-0.02265
MED00405,12,rx_share,-0.02226
MED00406,12,rx_share,-0.0366
MED00407,12,rx_share,-0.03709
MED00408,12,rx_share,-0.02686
MED00409,12,rx_share,-0.01447
MED00410,12,rx_share,-0.01314
MED00411,12,rx_share,-0.03703
MED00412,12,rx_share,-0.02133
MED00413,12,rx_share,-0.02477
MED00414,12,rx_share,-0.03284
MED00415,12,rx_share,-0.02128
MED00416,12,rx_share,-0.03336
MED00417,12,rx_share,-0.02062
MED00418,12,rx_share,-0.02098
MED00419,12,rx_share,-0.0276
MED00420,12,rx_share,-0.03678
MED00421,12,rx_share,-0.03352
MED00422,12,rx_share,-0.03248
MED00423,12,rx_share,-0.02507
MED00424,12,rx_share,0.00414
MED00001,1,target_med_season_idx,0.01023
MED00002,1,target_med_season_idx,-0.01893
MED00003,1,target_med_season_idx,-0.01551
MED00004,1,target_med_season_idx,-0.00594
MED00005,1,target_med_season_idx,-0.00581
MED00006,1,target_med_season_idx,-0.00434
MED00007,1,target_med_season_idx,-0.0054
MED00008,1,target_med_season_idx,-0.00801
MED00009,1,target_med_season_idx,-0.00584
MED00010,1,target_med_season_idx,-0.00616
MED00011,1,target_med_season_idx,-0.00522
MED00012,1,target_med_season_idx,-0.00546
MED00013,1,target_med_season_idx,-0.00368
MED00014,1,target_med_season_idx,0.02336
MED00015,1,target_med_season_idx,-0.01223
MED00016,1,target_med_season_idx,-0.00719
MED00017,1,target_med_season_idx,-0.0061
MED00018,1,target_med_season_idx,-0.00377
MED00019,1,target_med_season_idx,-0.00161
MED00020,1,target_med_season_idx,-0.0073
MED00021,1,target_med_season_idx,0.02729
MED00022,1,target_med_season_idx,0.09151
MED00023,1,target_med_season_idx,0.05103
MED00024,1,target_med_season_idx,0.05631
MED00025,1,target_med_season_idx,0.00346
MED00026,1,target_med_season_idx,0.00666
MED00027,1,target_med_season_idx,0.01899
MED00028,1,target_med_season_idx,-0.00728
MED00029,1,target_med_season_idx,0.07566
MED00030,1,target_med_season_idx,0.04471
MED00031,1,target_med_season_idx,0.02709
MED00032,1,target_med_season_idx,0.0547
MED00033,1,target_med_season_idx,-0.00565
MED00034,1,target_med_season_idx,-0.0118
MED00035,1,target_med_season_idx,0.01111
MED00036,1,target_med_season_idx,-0.01924
MED00037,1,target_med_season_idx,-0.00492
MED00038,1,target_med_season_idx,0.10633
MED00039,1,target_med_season_idx,-0.00309
MED00040,1,target_med_season_idx,-0.00068
MED00041,1,target_med_season_idx,-0.0474
MED00042,1,target_med_season_idx,-0.00561
MED00043,1,target_med_season_idx,-0.01961
MED00044,1,target_med_season_idx,0.0674
MED00045,1,target_med_season_idx,-0.00668
MED00046,1,target_med_season_idx,0.07016
MED00047,1,target_med_season_idx,-0.00244
MED00048,1,target_med_season_idx,0.01007
MED00049,1,target_med_season_idx,-0.02527
MED00050,1,target_med_season_idx,-0.00586
MED00051,1,target_med_season_idx,-0.01727
MED00052,1,target_med_season_idx,-0.00909
MED00053,1,target_med_season_idx,0.08262
MED00054,1,target_med_season_idx,0.08516
MED00055,1,target_med_season_idx,0.01673
MED00056,1,target_med_season_idx,0.00259
MED00057,1,target_med_season_idx,0.00369
MED00058,1,target_med_season_idx,-0.00528
MED00059,1,target_med_season_idx,0.08331
MED00060,1,target_med_season_idx,-0.00204
MED00061,1,target_med_season_idx,-0.01025
MED00062,1,target_med_season_idx,0.01324
MED00063,1,target_med_season_idx,-0.02153
MED00064,1,target_med_season_idx,-0.01048
MED00065,1,target_med_season_idx,-0.00135
MED00066,1,target_med_season_idx,-0.01434
MED00067,1,target_med_season_idx,-0.00795
MED00068,1,target_med_season_idx,0.06063
MED00069,1,target_med_season_idx,0.05499
MED00070,1,target_med_season_idx,0.08697
MED00071,1,target_med_season_idx,0.06577
MED00072,1,target_med_season_idx,0.08648
MED00073,1,target_med_season_idx,0.05119
MED00074,1,target_med_season_idx,0.06009
MED00075,1,target_med_season_idx,0.08971
MED00076,1,target_med_season_idx,-0.01711
MED00077,1,target_med_season_idx,0.05486
MED00078,1,target_med_season_idx,0.03292
MED00079,1,target_med_season_idx,-0.00223
MED00080,1,target_med_season_idx,0.06879
MED00081,1,target_med_season_idx,-0.0144
MED00082,1,target_med_season_idx,0.04103
MED00083,1,target_med_season_idx,0.05306
MED00084,1,target_med_season_idx,-0.0059
MED00085,1,target_med_season_idx,-0.00541
MED00086,1,target_med_season_idx,0.01135
MED00087,1,target_med_season_idx,-0.0039
MED00088,1,target_med_season_idx,-0.01034
MED00089,1,target_med_season_idx,-0.00939
MED00090,1,target_med_season_idx,0.04005
MED00091,1,target_med_season_idx,0.10707
MED00092,1,target_med_season_idx,-0.01063
MED00093,1,target_med_season_idx,0.00466
MED00094,1,target_med_season_idx,0.01155
MED00095,1,target_med_season_idx,-0.00382
MED00096,1,target_med_season_idx,0.00284
MED00097,1,target_med_season_idx,-0.00856
MED00098,1,target_med_season_idx,-0.00491
MED00099,1,target_med_season_idx,0.01825
MED00100,1,target_med_season_idx,-0.01969
MED00101,1,target_med_season_idx,-0.00626
MED00102,1,target_med_season_idx,-0.00521
MED00103,1,target_med_season_idx,-0.00507
MED00104,1,target_med_season_idx,-0.00285
MED00105,1,target_med_season_idx,-0.00598
MED00106,1,target_med_season_idx,-0.02388
MED00107,1,target_med_season_idx,-0.00249
MED00108,1,target_med_season_idx,-0.00473
MED00109,1,target_med_season_idx,0.00436
MED00110,1,target_med_season_idx,0.00881
MED00111,1,target_med_season_idx,-0.01021
MED00112,1,target_med_season_idx,-0.00533
MED00113,1,target_med_season_idx,-0.00273
MED00114,1,target_med_season_idx,-0.00492
MED00115,1,target_med_season_idx,-0.0056
MED00116,1,target_med_season_idx,-0.01703
MED00117,1,target_med_season_idx,-0.00422
MED00118,1,target_med_season_idx,-0.00404
MED00119,1,target_med_season_idx,-0.00393
MED00120,1,target_med_season_idx,-0.00903
MED00121,1,target_med_season_idx,0.00044
MED00122,1,target_med_season_idx,-0.00732
MED00123,1,target_med_season_idx,-0.0112
MED00124,1,target_med_season_idx,-0.00328
MED00125,1,target_med_season_idx,-0.01271
MED00126,1,target_med_season_idx,0.00016
MED00127,1,target_med_season_idx,-0.00522
MED00128,1,target_med_season_idx,-0.00405
MED00129,1,target_med_season_idx,-0.00609
MED00130,1,target_med_season_idx,-0.02391
MED00131,1,target_med_season_idx,0.05461
MED00132,1,target_med_season_idx,-0.05028
MED00133,1,target_med_season_idx,-0.03847
MED00134,1,target_med_season_idx,0.01435
MED00135,1,target_med_season_idx,-0.00774
MED00136,1,target_med_season_idx,-0.014
MED00137,1,target_med_season_idx,-0.00771
MED00138,1,target_med_season_idx,-0.00572
MED00139,1,target_med_season_idx,-0.0055
MED00140,1,target_med_season_idx,-0.00358
MED00141,1,target_med_season_idx,0.04055
MED00142,1,target_med_season_idx,-0.01333
MED00143,1,target_med_season_idx,-0.00394
MED00144,1,target_med_season_idx,-0.00233
MED00145,1,target_med_season_idx,-0.00813
MED00146,1,target_med_season_idx,-0.00336
MED00147,1,target_med_season_idx,-0.0062
MED00148,1,target_med_season_idx,0.00795
MED00149,1,target_med_season_idx,-0.00399
MED00150,1,target_med_season_idx,0.09594
MED00151,1,target_med_season_idx,-0.00477
MED00152,1,target_med_season_idx,-0.00632
MED00153,1,target_med_season_idx,-0.00618
MED00154,1,target_med_season_idx,-0.00497
MED00155,1,target_med_season_idx,-0.00334
MED00156,1,target_med_season_idx,0.05803
MED00157,1,target_med_season_idx,-0.00123
MED00158,1,target_med_season_idx,0.00755
MED00159,1,target_med_season_idx,-0.01003
MED00160,1,target_med_season_idx,-0.0025
MED00161,1,target_med_season_idx,-0.0045
MED00162,1,target_med_season_idx,-0.00509
MED00163,1,target_med_season_idx,-0.01729
MED00164,1,target_med_season_idx,0.05229
MED00165,1,target_med_season_idx,-0.00491
MED00166,1,target_med_season_idx,-0.00575
MED00167,1,target_med_season_idx,-0.00536
MED00168,1,target_med_season_idx,-0.00418
MED00169,1,target_med_season_idx,-0.00705
MED00170,1,target_med_season_idx,-0.00367
MED00171,1,target_med_season_idx,-0.00322
MED00172,1,target_med_season_idx,0.12213
MED00173,1,target_med_season_idx,-0.00667
MED00174,1,target_med_season_idx,-0.00251
MED00175,1,target_med_season_idx,0.01202
MED00176,1,target_med_season_idx,-0.00861
MED00177,1,target_med_season_idx,0.00382
MED00178,1,target_med_season_idx,-0.01383
MED00179,1,target_med_season_idx,0.00416
MED00180,1,target_med_season_idx,-0.00654
MED00181,1,target_med_season_idx,-0.00546
MED00182,1,target_med_season_idx,0.01283
MED00183,1,target_med_season_idx,-0.00272
MED00184,1,target_med_season_idx,-0.00611
MED00185,1,target_med_season_idx,0.10902
MED00186,1,target_med_season_idx,-0.00418
MED00187,1,target_med_season_idx,0.04429
MED00188,1,target_med_season_idx,-0.00376
MED00189,1,target_med_season_idx,-0.01865
MED00190,1,target_med_season_idx,-0.00843
MED00191,1,target_med_season_idx,-0.00574
MED00192,1,target_med_season_idx,-0.0181
MED00193,1,target_med_season_idx,-0.02155
MED00194,1,target_med_season_idx,-0.0049
MED00195,1,target_med_season_idx,-0.00376
MED00196,1,target_med_season_idx,-0.00205
MED00197,1,target_med_season_idx,-0.00473
MED00198,1,target_med_season_idx,-0.00327
MED00199,1,target_med_season_idx,0.09162
MED00200,1,target_med_season_idx,-0.00436
MED00201,1,target_med_season_idx,0.00123
MED00202,1,target_med_season_idx,-0.00313
MED00203,1,target_med_season_idx,0.09852
MED00204,1,target_med_season_idx,-0.0041
MED00205,1,target_med_season_idx,-0.00547
MED00206,1,target_med_season_idx,0.06125
MED00207,1,target_med_season_idx,-0.0094
MED00208,1,target_med_season_idx,-0.00746
MED00209,1,target_med_season_idx,-0.01219
MED00210,1,target_med_season_idx,0.00597
MED00211,1,target_med_season_idx,-0.00494
MED00212,1,target_med_season_idx,-0.0065
MED00213,1,target_med_season_idx,-0.00292
MED00214,1,target_med_season_idx,-0.00757
MED00215,1,target_med_season_idx,-0.00609
MED00216,1,target_med_season_idx,-0.01864
MED00217,1,target_med_season_idx,-0.01688
MED00218,1,target_med_season_idx,-0.00272
MED00219,1,target_med_season_idx,-0.01011
MED00220,1,target_med_season_idx,-0.00407
MED00221,1,target_med_season_idx,0.03594
MED00222,1,target_med_season_idx,-0.00686
MED00223,1,target_med_season_idx,-0.00906
MED00224,1,target_med_season_idx,-0.00415
MED00225,1,target_med_season_idx,-0.00556
MED00226,1,target_med_season_idx,0.09173
MED00227,1,target_med_season_idx,0.00047
MED00228,1,target_med_season_idx,-0.0037
MED00229,1,target_med_season_idx,0.00926
MED00230,1,target_med_season_idx,-0.00499
MED00231,1,target_med_season_idx,-0.00327
MED00232,1,target_med_season_idx,-0.00094
MED00233,1,target_med_season_idx,-0.03919
MED00234,1,target_med_season_idx,-0.00414
MED00235,1,target_med_season_idx,-0.00265
MED00236,1,target_med_season_idx,-0.00565
MED00237,1,target_med_season_idx,0.04346
MED00238,1,target_med_season_idx,-0.00502
MED00239,1,target_med_season_idx,-0.00319
MED00240,1,target_med_season_idx,0.0346
MED00241,1,target_med_season_idx,-0.00534
MED00242,1,target_med_season_idx,-0.00577
MED00243,1,target_med_season_idx,-0.01833
MED00244,1,target_med_season_idx,-0.0073
MED00245,1,target_med_season_idx,-0.00435
MED00246,1,target_med_season_idx,-0.00084
MED00247,1,target_med_season_idx,-0.00537
MED00248,1,target_med_season_idx,-0.00204
MED00249,1,target_med_season_idx,-0.00229
MED00250,1,target_med_season_idx,0.11363
MED00251,1,target_med_season_idx,-0.00382
MED00252,1,target_med_season_idx,-0.01515
MED00253,1,target_med_season_idx,-0.00257
MED00254,1,target_med_season_idx,-0.019
MED00255,1,target_med_season_idx,0.03867
MED00256,1,target_med_season_idx,-0.00517
MED00257,1,target_med_season_idx,0.04561
MED00258,1,target_med_season_idx,-0.00498
MED00259,1,target_med_season_idx,-0.00461
MED00260,1,target_med_season_idx,0.00225
MED00261,1,target_med_season_idx,-0.00356
MED00262,1,target_med_season_idx,0.0573
MED00263,1,target_med_season_idx,-0.004
MED00264,1,target_med_season_idx,0.00732
MED00265,1,target_med_season_idx,-0.00233
MED00266,1,target_med_season_idx,-0.00959
MED00267,1,target_med_season_idx,-0.00264
MED00268,1,target_med_season_idx,-0.00647
MED00269,1,target_med_season_idx,-0.00765
MED00270,1,target_med_season_idx,-0.00633
MED00271,1,target_med_season_idx,0.10663
MED00272,1,target_med_season_idx,-0.00456
MED00273,1,target_med_season_idx,0.03975
MED00274,1,target_med_season_idx,-0.03397
MED00275,1,target_med_season_idx,-0.0023
MED00276,1,target_med_season_idx,-0.00515
MED00277,1,target_med_season_idx,-0.01865
MED00278,1,target_med_season_idx,-0.00872
MED00279,1,target_med_season_idx,-0.00728
MED00280,1,target_med_season_idx,-0.01763
MED00281,1,target_med_season_idx,0.01004
MED00282,1,target_med_season_idx,-0.00654
MED00283,1,target_med_season_idx,-0.01197
MED00284,1,target_med_season_idx,0.06121
MED00285,1,target_med_season_idx,-0.00051
MED00286,1,target_med_season_idx,0.03502
MED00287,1,target_med_season_idx,-0.00272
MED00288,1,target_med_season_idx,-0.01571
MED00289,1,target_med_season_idx,0.06373
MED00290,1,target_med_season_idx,-0.00191
MED00291,1,target_med_season_idx,-0.00659
MED00292,1,target_med_season_idx,-0.00587
MED00293,1,target_med_season_idx,0.05186
MED00294,1,target_med_season_idx,0.01912
MED00295,1,target_med_season_idx,0.01264
MED00296,1,target_med_season_idx,-0.00079
MED00297,1,target_med_season_idx,-0.0023
MED00298,1,target_med_season_idx,-0.00754
MED00299,1,target_med_season_idx,0.00344
MED00300,1,target_med_season_idx,-0.00698
MED00301,1,target_med_season_idx,-0.00159
MED00302,1,target_med_season_idx,-0.00669
MED00303,1,target_med_season_idx,0.05895
MED00304,1,target_med_season_idx,0.04387
MED00305,1,target_med_season_idx,-0.00336
MED00306,1,target_med_season_idx,0.02009
MED00307,1,target_med_season_idx,-0.00196
MED00308,1,target_med_season_idx,0.00087
MED00309,1,target_med_season_idx,0.05318
MED00310,1,target_med_season_idx,-0.00705
MED00311,1,target_med_season_idx,0.02964
MED00312,1,target_med_season_idx,-0.04227
MED00313,1,target_med_season_idx,0.00051
MED00314,1,target_med_season_idx,-0.01045
MED00315,1,target_med_season_idx,-0.00351
MED00316,1,target_med_season_idx,-0.00439
MED00317,1,target_med_season_idx,-0.00723
MED00318,1,target_med_season_idx,0.08122
MED00319,1,target_med_season_idx,-0.00341
MED00320,1,target_med_season_idx,-0.01445
MED00321,1,target_med_season_idx,0.00201
MED00322,1,target_med_season_idx,-0.02253
MED00323,1,target_med_season_idx,-0.01412
MED00324,1,target_med_season_idx,0.04592
MED00325,1,target_med_season_idx,-0.00421
MED00326,1,target_med_season_idx,-0.00502
MED00327,1,target_med_season_idx,-0.00612
MED00328,1,target_med_season_idx,-0.00192
MED00329,1,target_med_season_idx,-0.00354
MED00330,1,target_med_season_idx,-0.00539
MED00331,1,target_med_season_idx,-0.00432
MED00332,1,target_med_season_idx,-0.00702
MED00333,1,target_med_season_idx,-0.00086
MED00334,1,target_med_season_idx,-0.00063
MED00335,1,target_med_season_idx,-0.00722
MED00336,1,target_med_season_idx,-0.00761
MED00337,1,target_med_season_idx,-0.00163
MED00338,1,target_med_season_idx,-0.00476
MED00339,1,target_med_season_idx,0.0267
MED00340,1,target_med_season_idx,-0.00186
MED00341,1,target_med_season_idx,-0.00242
MED00342,1,target_med_season_idx,-0.00495
MED00343,1,target_med_season_idx,-0.00329
MED00344,1,target_med_season_idx,-0.00487
MED00345,1,target_med_season_idx,-0.02413
MED00346,1,target_med_season_idx,-0.00481
MED00347,1,target_med_season_idx,-0.01964
MED00348,1,target_med_season_idx,-0.00558
MED00349,1,target_med_season_idx,-0.00495
MED00350,1,target_med_season_idx,-0.00602
MED00351,1,target_med_season_idx,0.00945
MED00352,1,target_med_season_idx,0.01399
MED00353,1,target_med_season_idx,0.00051
MED00354,1,target_med_season_idx,-0.00265
MED00355,1,target_med_season_idx,0.07756
MED00356,1,target_med_season_idx,-0.00607
MED00357,1,target_med_season_idx,-0.02316
MED00358,1,target_med_season_idx,-0.0056
MED00359,1,target_med_season_idx,-0.00511
MED00360,1,target_med_season_idx,0.05472
MED00361,1,target_med_season_idx,-0.00834
MED00362,1,target_med_season_idx,-0.00748
MED00363,1,target_med_season_idx,-0.00418
MED00364,1,target_med_season_idx,-0.01962
MED00365,1,target_med_season_idx,-0.00494
MED00366,1,target_med_season_idx,-0.00417
MED00367,1,target_med_season_idx,-0.0029
MED00368,1,target_med_season_idx,-0.00542
MED00369,1,target_med_season_idx,0.05627
MED00370,1,target_med_season_idx,0.00467
MED00371,1,target_med_season_idx,-0.00626
MED00372,1,target_med_season_idx,-0.02516
MED00373,1,target_med_season_idx,-0.00825
MED00374,1,target_med_season_idx,0.03106
MED00375,1,target_med_season_idx,-0.00697
MED00376,1,target_med_season_idx,-0.00776
MED00377,1,target_med_season_idx,-0.00952
MED00378,1,target_med_season_idx,-0.00557
MED00379,1,target_med_season_idx,-0.00095
MED00380,1,target_med_season_idx,0.00874
MED00381,1,target_med_season_idx,-0.01208
MED00382,1,target_med_season_idx,-0.00452
MED00383,1,target_med_season_idx,-0.00407
MED00384,1,target_med_season_idx,-0.00364
MED00385,1,target_med_season_idx,-0.00485
MED00386,1,target_med_season_idx,0.00074
MED00387,1,target_med_season_idx,-0.00257
MED00388,1,target_med_season_idx,-0.07027
MED00389,1,target_med_season_idx,0.1046
MED00390,1,target_med_season_idx,0.06561
MED00391,1,target_med_season_idx,0.0351
MED00392,1,target_med_season_idx,0.02263
MED00393,1,target_med_season_idx,-0.00027
MED00394,1,target_med_season_idx,0.00348
MED00395,1,target_med_season_idx,-0.00588
MED00396,1,target_med_season_idx,-0.00316
MED00397,1,target_med_season_idx,-0.00275
MED00398,1,target_med_season_idx,0.00487
MED00399,1,target_med_season_idx,-0.00043
MED00400,1,target_med_season_idx,-0.00304
MED00401,1,target_med_season_idx,0.06876
MED00402,1,target_med_season_idx,0.07121
MED00403,1,target_med_season_idx,-0.00861
MED00404,1,target_med_season_idx,-0.00075
MED00405,1,target_med_season_idx,-0.00467
MED00406,1,target_med_season_idx,0.01045
MED00407,1,target_med_season_idx,0.06478
MED00408,1,target_med_season_idx,0.06192
MED00409,1,target_med_season_idx,0.09378
MED00410,1,target_med_season_idx,0.09864
MED00411,1,target_med_season_idx,0.03243
MED00412,1,target_med_season_idx,-0.0022
MED00413,1,target_med_season_idx,0.00048
MED00414,1,target_med_season_idx,0.0372
MED00415,1,target_med_season_idx,0.01375
MED00416,1,target_med_season_idx,0.04921
MED00417,1,target_med_season_idx,-0.00237
MED00418,1,target_med_season_idx,-0.00217
MED00419,1,target_med_season_idx,-0.0003
MED00420,1,target_med_season_idx,0.05935
MED00421,1,target_med_season_idx,0.07718
MED00422,1,target_med_season_idx,0.02374
MED00423,1,target_med_season_idx,0.00345
MED00424,1,target_med_season_idx,0.00068
MED00001,2,target_med_season_idx,0.0119
MED00002,2,target_med_season_idx,-0.01898
MED00003,2,target_med_season_idx,-0.01565
MED00004,2,target_med_season_idx,-0.00639
MED00005,2,target_med_season_idx,-0.00576
MED00006,2,target_med_season_idx,-0.00446
MED00007,2,target_med_season_idx,-0.0057
MED00008,2,target_med_season_idx,-0.00806
MED00009,2,target_med_season_idx,-0.00537
MED00010,2,target_med_season_idx,-0.00644
MED00011,2,target_med_season_idx,-0.00524
MED00012,2,target_med_season_idx,-0.0058
MED00013,2,target_med_season_idx,-0.0037
MED00014,2,target_med_season_idx,0.02361
MED00015,2,target_med_season_idx,-0.01224
MED00016,2,target_med_season_idx,-0.00676
MED00017,2,target_med_season_idx,-0.00614
MED00018,2,target_med_season_idx,-0.00385
MED00019,2,target_med_season_idx,-0.00191
MED00020,2,target_med_season_idx,-0.00733
MED00021,2,target_med_season_idx,0.02804
MED00022,2,target_med_season_idx,0.09167
MED00023,2,target_med_season_idx,0.05117
MED00024,2,target_med_season_idx,0.05549
MED00025,2,target_med_season_idx,0.00439
MED00026,2,target_med_season_idx,0.00666
MED00027,2,target_med_season_idx,0.01896
MED00028,2,target_med_season_idx,-0.00731
MED00029,2,target_med_season_idx,0.07524
MED00030,2,target_med_season_idx,0.04519
MED00031,2,target_med_season_idx,0.02751
MED00032,2,target_med_season_idx,0.05435
MED00033,2,target_med_season_idx,-0.00558
MED00034,2,target_med_season_idx,-0.0118
MED00035,2,target_med_season_idx,0.00788
MED00036,2,target_med_season_idx,-0.01938
MED00037,2,target_med_season_idx,-0.00511
MED00038,2,target_med_season_idx,0.10808
MED00039,2,target_med_season_idx,-0.00301
MED00040,2,target_med_season_idx,-0.00072
MED00041,2,target_med_season_idx,-0.04741
MED00042,2,target_med_season_idx,-0.00556
MED00043,2,target_med_season_idx,-0.01971
MED00044,2,target_med_season_idx,0.0675
MED00045,2,target_med_season_idx,-0.00672
MED00046,2,target_med_season_idx,0.07042
MED00047,2,target_med_season_idx,-0.00161
MED00048,2,target_med_season_idx,0.01081
MED00049,2,target_med_season_idx,-0.02551
MED00050,2,target_med_season_idx,-0.00593
MED00051,2,target_med_season_idx,-0.01639
MED00052,2,target_med_season_idx,-0.00923
MED00053,2,target_med_season_idx,0.08314
MED00054,2,target_med_season_idx,0.08687
MED00055,2,target_med_season_idx,0.0167
MED00056,2,target_med_season_idx,0.00252
MED00057,2,target_med_season_idx,0.00381
MED00058,2,target_med_season_idx,-0.00532
MED00059,2,target_med_season_idx,0.0836
MED00060,2,target_med_season_idx,-0.00163
MED00061,2,target_med_season_idx,-0.01049
MED00062,2,target_med_season_idx,0.01325
MED00063,2,target_med_season_idx,-0.02067
MED00064,2,target_med_season_idx,-0.00977
MED00065,2,target_med_season_idx,-0.00141
MED00066,2,target_med_season_idx,-0.01436
MED00067,2,target_med_season_idx,-0.00755
MED00068,2,target_med_season_idx,0.06233
MED00069,2,target_med_season_idx,0.05555
MED00070,2,target_med_season_idx,0.08749
MED00071,2,target_med_season_idx,0.06981
MED00072,2,target_med_season_idx,0.08687
MED00073,2,target_med_season_idx,0.05125
MED00074,2,target_med_season_idx,0.06066
MED00075,2,target_med_season_idx,0.09013
MED00076,2,target_med_season_idx,-0.01721
MED00077,2,target_med_season_idx,0.0592
MED00078,2,target_med_season_idx,0.03334
MED00079,2,target_med_season_idx,-0.00226
MED00080,2,target_med_season_idx,0.07053
MED00081,2,target_med_season_idx,-0.01451
MED00082,2,target_med_season_idx,0.04156
MED00083,2,target_med_season_idx,0.05681
MED00084,2,target_med_season_idx,-0.00573
MED00085,2,target_med_season_idx,-0.00504
MED00086,2,target_med_season_idx,0.01134
MED00087,2,target_med_season_idx,-0.00396
MED00088,2,target_med_season_idx,-0.01029
MED00089,2,target_med_season_idx,-0.00939
MED00090,2,target_med_season_idx,0.04061
MED00091,2,target_med_season_idx,0.09609
MED00092,2,target_med_season_idx,-0.01026
MED00093,2,target_med_season_idx,0.00462
MED00094,2,target_med_season_idx,0.01147
MED00095,2,target_med_season_idx,-0.00348
MED00096,2,target_med_season_idx,0.00359
MED00097,2,target_med_season_idx,-0.00867
MED00098,2,target_med_season_idx,-0.00467
MED00099,2,target_med_season_idx,0.01914
MED00100,2,target_med_season_idx,-0.01884
MED00101,2,target_med_season_idx,-0.00533
MED00102,2,target_med_season_idx,-0.00538
MED00103,2,target_med_season_idx,-0.00512
MED00104,2,target_med_season_idx,-0.00249
MED00105,2,target_med_season_idx,-0.00607
MED00106,2,target_med_season_idx,-0.02303
MED00107,2,target_med_season_idx,-0.00258
MED00108,2,target_med_season_idx,-0.00482
MED00109,2,target_med_season_idx,0.00455
MED00110,2,target_med_season_idx,0.00891
MED00111,2,target_med_season_idx,-0.01028
MED00112,2,target_med_season_idx,-0.0054
MED00113,2,target_med_season_idx,-0.00238
MED00114,2,target_med_season_idx,-0.00497
MED00115,2,target_med_season_idx,-0.00569
MED00116,2,target_med_season_idx,-0.01441
MED00117,2,target_med_season_idx,-0.00431
MED00118,2,target_med_season_idx,-0.00365
MED00119,2,target_med_season_idx,-0.00429
MED00120,2,target_med_season_idx,-0.00902
MED00121,2,target_med_season_idx,0.0005
MED00122,2,target_med_season_idx,-0.00684
MED00123,2,target_med_season_idx,-0.01139
MED00124,2,target_med_season_idx,-0.00289
MED00125,2,target_med_season_idx,-0.0131
MED00126,2,target_med_season_idx,-0.00037
MED00127,2,target_med_season_idx,-0.00519
MED00128,2,target_med_season_idx,-0.00413
MED00129,2,target_med_season_idx,-0.00615
MED00130,2,target_med_season_idx,-0.02404
MED00131,2,target_med_season_idx,0.04478
MED00132,2,target_med_season_idx,-0.0504
MED00133,2,target_med_season_idx,-0.03886
MED00134,2,target_med_season_idx,0.01433
MED00135,2,target_med_season_idx,-0.0077
MED00136,2,target_med_season_idx,-0.01072
MED00137,2,target_med_season_idx,-0.00766
MED00138,2,target_med_season_idx,-0.00577
MED00139,2,target_med_season_idx,-0.00585
MED00140,2,target_med_season_idx,-0.00366
MED00141,2,target_med_season_idx,0.04135
MED00142,2,target_med_season_idx,-0.01322
MED00143,2,target_med_season_idx,-0.00403
MED00144,2,target_med_season_idx,-0.0024
MED00145,2,target_med_season_idx,-0.00829
MED00146,2,target_med_season_idx,-0.0033
MED00147,2,target_med_season_idx,-0.00708
MED00148,2,target_med_season_idx,0.00806
MED00149,2,target_med_season_idx,-0.00423
MED00150,2,target_med_season_idx,0.09689
MED00151,2,target_med_season_idx,-0.00484
MED00152,2,target_med_season_idx,-0.00636
MED00153,2,target_med_season_idx,-0.00624
MED00154,2,target_med_season_idx,-0.00503
MED00155,2,target_med_season_idx,-0.00341
MED00156,2,target_med_season_idx,0.05809
MED00157,2,target_med_season_idx,-0.00088
MED00158,2,target_med_season_idx,0.00752
MED00159,2,target_med_season_idx,-0.01002
MED00160,2,target_med_season_idx,-0.0026
MED00161,2,target_med_season_idx,-0.00412
MED00162,2,target_med_season_idx,-0.00514
MED00163,2,target_med_season_idx,-0.01739
MED00164,2,target_med_season_idx,0.05242
MED00165,2,target_med_season_idx,-0.00496
MED00166,2,target_med_season_idx,-0.00584
MED00167,2,target_med_season_idx,-0.00493
MED00168,2,target_med_season_idx,-0.00421
MED00169,2,target_med_season_idx,-0.0071
MED00170,2,target_med_season_idx,-0.00334
MED00171,2,target_med_season_idx,-0.0033
MED00172,2,target_med_season_idx,0.12368
MED00173,2,target_med_season_idx,-0.00674
MED00174,2,target_med_season_idx,-0.00258
MED00175,2,target_med_season_idx,0.01208
MED00176,2,target_med_season_idx,-0.00864
MED00177,2,target_med_season_idx,0.00478
MED00178,2,target_med_season_idx,-0.01406
MED00179,2,target_med_season_idx,0.00414
MED00180,2,target_med_season_idx,-0.00657
MED00181,2,target_med_season_idx,-0.00553
MED00182,2,target_med_season_idx,0.0128
MED00183,2,target_med_season_idx,-0.00271
MED00184,2,target_med_season_idx,-0.00621
MED00185,2,target_med_season_idx,0.11142
MED00186,2,target_med_season_idx,-0.00426
MED00187,2,target_med_season_idx,0.04424
MED00188,2,target_med_season_idx,-0.00341
MED00189,2,target_med_season_idx,-0.01878
MED00190,2,target_med_season_idx,-0.00849
MED00191,2,target_med_season_idx,-0.00582
MED00192,2,target_med_season_idx,-0.01818
MED00193,2,target_med_season_idx,-0.02159
MED00194,2,target_med_season_idx,-0.00445
MED00195,2,target_med_season_idx,-0.00336
MED00196,2,target_med_season_idx,-0.0021
MED00197,2,target_med_season_idx,-0.00428
MED00198,2,target_med_season_idx,-0.00335
MED00199,2,target_med_season_idx,0.09185
MED00200,2,target_med_season_idx,-0.00443
MED00201,2,target_med_season_idx,0.00168
MED00202,2,target_med_season_idx,-0.00317
MED00203,2,target_med_season_idx,0.09744
MED00204,2,target_med_season_idx,-0.00419
MED00205,2,target_med_season_idx,-0.00541
MED00206,2,target_med_season_idx,0.06182
MED00207,2,target_med_season_idx,-0.00944
MED00208,2,target_med_season_idx,-0.00741
MED00209,2,target_med_season_idx,-0.01227
MED00210,2,target_med_season_idx,0.00488
MED00211,2,target_med_season_idx,-0.00501
MED00212,2,target_med_season_idx,-0.00656
MED00213,2,target_med_season_idx,-0.00292
MED00214,2,target_med_season_idx,-0.00663
MED00215,2,target_med_season_idx,-0.00617
MED00216,2,target_med_season_idx,-0.01778
MED00217,2,target_med_season_idx,-0.01699
MED00218,2,target_med_season_idx,-0.00237
MED00219,2,target_med_season_idx,-0.01007
MED00220,2,target_med_season_idx,-0.00413
MED00221,2,target_med_season_idx,0.03672
MED00222,2,target_med_season_idx,-0.00675
MED00223,2,target_med_season_idx,-0.00911
MED00224,2,target_med_season_idx,-0.00419
MED00225,2,target_med_season_idx,-0.00475
MED00226,2,target_med_season_idx,0.09185
MED00227,2,target_med_season_idx,0.0006
MED00228,2,target_med_season_idx,-0.00362
MED00229,2,target_med_season_idx,0.00922
MED00230,2,target_med_season_idx,-0.00508
MED00231,2,target_med_season_idx,-0.0029
MED00232,2,target_med_season_idx,-0.00101
MED00233,2,target_med_season_idx,-0.0395
MED00234,2,target_med_season_idx,-0.00378
MED00235,2,target_med_season_idx,-0.00273
MED00236,2,target_med_season_idx,-0.0059
MED00237,2,target_med_season_idx,0.044
MED00238,2,target_med_season_idx,-0.00508
MED00239,2,target_med_season_idx,-0.00329
MED00240,2,target_med_season_idx,0.03509
MED00241,2,target_med_season_idx,-0.00549
MED00242,2,target_med_season_idx,-0.00577
MED00243,2,target_med_season_idx,-0.01838
MED00244,2,target_med_season_idx,-0.00735
MED00245,2,target_med_season_idx,-0.00437
MED00246,2,target_med_season_idx,-0.00044
MED00247,2,target_med_season_idx,-0.00545
MED00248,2,target_med_season_idx,-0.002
MED00249,2,target_med_season_idx,-0.00236
MED00250,2,target_med_season_idx,0.11312
MED00251,2,target_med_season_idx,-0.0039
MED00252,2,target_med_season_idx,-0.01508
MED00253,2,target_med_season_idx,-0.00266
MED00254,2,target_med_season_idx,-0.02196
MED00255,2,target_med_season_idx,0.03917
MED00256,2,target_med_season_idx,-0.00521
MED00257,2,target_med_season_idx,0.04618
MED00258,2,target_med_season_idx,-0.0049
MED00259,2,target_med_season_idx,-0.00424
MED00260,2,target_med_season_idx,0.00236
MED00261,2,target_med_season_idx,-0.0036
MED00262,2,target_med_season_idx,0.05787
MED00263,2,target_med_season_idx,-0.00362
MED00264,2,target_med_season_idx,0.0075
MED00265,2,target_med_season_idx,-0.00225
MED00266,2,target_med_season_idx,-0.00959
MED00267,2,target_med_season_idx,-0.00272
MED00268,2,target_med_season_idx,-0.0061
MED00269,2,target_med_season_idx,-0.00775
MED00270,2,target_med_season_idx,-0.00594
MED00271,2,target_med_season_idx,0.10736
MED00272,2,target_med_season_idx,-0.00423
MED00273,2,target_med_season_idx,0.04027
MED00274,2,target_med_season_idx,-0.03409
MED00275,2,target_med_season_idx,-0.0022
MED00276,2,target_med_season_idx,-0.00529
MED00277,2,target_med_season_idx,-0.01878
MED00278,2,target_med_season_idx,-0.00733
MED00279,2,target_med_season_idx,-0.0074
MED00280,2,target_med_season_idx,-0.01774
MED00281,2,target_med_season_idx,0.01036
MED00282,2,target_med_season_idx,-0.00649
MED00283,2,target_med_season_idx,-0.01182
MED00284,2,target_med_season_idx,0.06132
MED00285,2,target_med_season_idx,-0.00058
MED00286,2,target_med_season_idx,0.03525
MED00287,2,target_med_season_idx,-0.00282
MED00288,2,target_med_season_idx,-0.01527
MED00289,2,target_med_season_idx,0.06542
MED00290,2,target_med_season_idx,-0.00197
MED00291,2,target_med_season_idx,-0.00666
MED00292,2,target_med_season_idx,-0.00534
MED00293,2,target_med_season_idx,0.05213
MED00294,2,target_med_season_idx,0.01866
MED00295,2,target_med_season_idx,0.01265
MED00296,2,target_med_season_idx,-0.00091
MED00297,2,target_med_season_idx,-0.00239
MED00298,2,target_med_season_idx,-0.00713
MED00299,2,target_med_season_idx,0.00329
MED00300,2,target_med_season_idx,-0.00703
MED00301,2,target_med_season_idx,-0.00166
MED00302,2,target_med_season_idx,-0.00674
MED00303,2,target_med_season_idx,0.05913
MED00304,2,target_med_season_idx,0.04474
MED00305,2,target_med_season_idx,-0.00342
MED00306,2,target_med_season_idx,0.01689
MED00307,2,target_med_season_idx,-0.00201
MED00308,2,target_med_season_idx,0.00096
MED00309,2,target_med_season_idx,0.05368
MED00310,2,target_med_season_idx,-0.00685
MED00311,2,target_med_season_idx,0.02954
MED00312,2,target_med_season_idx,-0.04242
MED00313,2,target_med_season_idx,0.00063
MED00314,2,target_med_season_idx,-0.01054
MED00315,2,target_med_season_idx,-0.00313
MED00316,2,target_med_season_idx,-0.0045
MED00317,2,target_med_season_idx,-0.0073
MED00318,2,target_med_season_idx,0.08157
MED00319,2,target_med_season_idx,-0.00348
MED00320,2,target_med_season_idx,-0.01512
MED00321,2,target_med_season_idx,0.00198
MED00322,2,target_med_season_idx,-0.02264
MED00323,2,target_med_season_idx,-0.01427
MED00324,2,target_med_season_idx,0.04616
MED00325,2,target_med_season_idx,-0.00328
MED00326,2,target_med_season_idx,-0.0051
MED00327,2,target_med_season_idx,-0.00645
MED00328,2,target_med_season_idx,-0.00149
MED00329,2,target_med_season_idx,-0.00364
MED00330,2,target_med_season_idx,-0.00502
MED00331,2,target_med_season_idx,-0.00392
MED00332,2,target_med_season_idx,-0.00665
MED00333,2,target_med_season_idx,-0.00031
MED00334,2,target_med_season_idx,-0.00071
MED00335,2,target_med_season_idx,-0.00709
MED00336,2,target_med_season_idx,-0.00747
MED00337,2,target_med_season_idx,-0.00172
MED00338,2,target_med_season_idx,-0.00486
MED00339,2,target_med_season_idx,0.02658
MED00340,2,target_med_season_idx,-0.00112
MED00341,2,target_med_season_idx,-0.00249
MED00342,2,target_med_season_idx,-0.0051
MED00343,2,target_med_season_idx,-0.00335
MED00344,2,target_med_season_idx,-0.00503
MED00345,2,target_med_season_idx,-0.02423
MED00346,2,target_med_season_idx,-0.00498
MED00347,2,target_med_season_idx,-0.01881
MED00348,2,target_med_season_idx,-0.0057
MED00349,2,target_med_season_idx,-0.005
MED00350,2,target_med_season_idx,-0.00638
MED00351,2,target_med_season_idx,0.0094
MED00352,2,target_med_season_idx,0.0148
MED00353,2,target_med_season_idx,0.00046
MED00354,2,target_med_season_idx,-0.00257
MED00355,2,target_med_season_idx,0.07796
MED00356,2,target_med_season_idx,-0.0057
MED00357,2,target_med_season_idx,-0.02324
MED00358,2,target_med_season_idx,-0.00528
MED00359,2,target_med_season_idx,-0.00517
MED00360,2,target_med_season_idx,0.05472
MED00361,2,target_med_season_idx,-0.00796
MED00362,2,target_med_season_idx,-0.0075
MED00363,2,target_med_season_idx,-0.00427
MED00364,2,target_med_season_idx,-0.01877
MED00365,2,target_med_season_idx,-0.005
MED00366,2,target_med_season_idx,-0.0038
MED00367,2,target_med_season_idx,-0.00297
MED00368,2,target_med_season_idx,-0.00508
MED00369,2,target_med_season_idx,0.05686
MED00370,2,target_med_season_idx,0.0048
MED00371,2,target_med_season_idx,-0.00621
MED00372,2,target_med_season_idx,-0.02527
MED00373,2,target_med_season_idx,-0.00871
MED00374,2,target_med_season_idx,0.03127
MED00375,2,target_med_season_idx,-0.00698
MED00376,2,target_med_season_idx,-0.00781
MED00377,2,target_med_season_idx,-0.00956
MED00378,2,target_med_season_idx,-0.00562
MED00379,2,target_med_season_idx,-0.00097
MED00380,2,target_med_season_idx,0.0084
MED00381,2,target_med_season_idx,-0.01202
MED00382,2,target_med_season_idx,-0.00377
MED00383,2,target_med_season_idx,-0.00414
MED00384,2,target_med_season_idx,-0.00328
MED00385,2,target_med_season_idx,-0.0052
MED00386,2,target_med_season_idx,0.00069
MED00387,2,target_med_season_idx,-0.00261
MED00388,2,target_med_season_idx,-0.07027
MED00389,2,target_med_season_idx,0.10513
MED00390,2,target_med_season_idx,0.06462
MED00391,2,target_med_season_idx,0.03548
MED00392,2,target_med_season_idx,0.02286
MED00393,2,target_med_season_idx,-0.00019
MED00394,2,target_med_season_idx,0.00357
MED00395,2,target_med_season_idx,-0.00606
MED00396,2,target_med_season_idx,-0.00333
MED00397,2,target_med_season_idx,-0.0028
MED00398,2,target_med_season_idx,0.00466
MED00399,2,target_med_season_idx,-0.00044
MED00400,2,target_med_season_idx,-0.00307
MED00401,2,target_med_season_idx,0.07688
MED00402,2,target_med_season_idx,0.07211
MED00403,2,target_med_season_idx,-0.00856
MED00404,2,target_med_season_idx,-0.00087
MED00405,2,target_med_season_idx,-0.00459
MED00406,2,target_med_season_idx,0.0109
MED00407,2,target_med_season_idx,0.06913
MED00408,2,target_med_season_idx,0.06629
MED00409,2,target_med_season_idx,0.08736
MED00410,2,target_med_season_idx,0.09332
MED00411,2,target_med_season_idx,0.03247
MED00412,2,target_med_season_idx,-0.00036
MED00413,2,target_med_season_idx,0.00122
MED00414,2,target_med_season_idx,0.03657
MED00415,2,target_med_season_idx,0.01415
MED00416,2,target_med_season_idx,0.04952
MED00417,2,target_med_season_idx,-0.00201
MED00418,2,target_med_season_idx,-0.00175
MED00419,2,target_med_season_idx,0.00018
MED00420,2,target_med_season_idx,0.06081
MED00421,2,target_med_season_idx,0.0777
MED00422,2,target_med_season_idx,0.02407
MED00423,2,target_med_season_idx,0.00333
MED00424,2,target_med_season_idx,-0.00251
MED00001,3,target_med_season_idx,0.01191
MED00002,3,target_med_season_idx,-0.01836
MED00003,3,target_med_season_idx,-0.01554
MED00004,3,target_med_season_idx,-0.00639
MED00005,3,target_med_season_idx,-0.0057
MED00006,3,target_med_season_idx,-0.00452
MED00007,3,target_med_season_idx,-0.00563
MED00008,3,target_med_season_idx,-0.00803
MED00009,3,target_med_season_idx,-0.00539
MED00010,3,target_med_season_idx,-0.00639
MED00011,3,target_med_season_idx,-0.00489
MED00012,3,target_med_season_idx,-0.00585
MED00013,3,target_med_season_idx,-0.00373
MED00014,3,target_med_season_idx,0.02361
MED00015,3,target_med_season_idx,-0.0122
MED00016,3,target_med_season_idx,-0.0067
MED00017,3,target_med_season_idx,-0.00608
MED00018,3,target_med_season_idx,-0.00385
MED00019,3,target_med_season_idx,-0.00191
MED00020,3,target_med_season_idx,-0.0073
MED00021,3,target_med_season_idx,0.02896
MED00022,3,target_med_season_idx,0.08999
MED00023,3,target_med_season_idx,0.0509
MED00024,3,target_med_season_idx,0.05476
MED00025,3,target_med_season_idx,0.00446
MED00026,3,target_med_season_idx,0.00664
MED00027,3,target_med_season_idx,0.01894
MED00028,3,target_med_season_idx,-0.00727
MED00029,3,target_med_season_idx,0.07792
MED00030,3,target_med_season_idx,0.04505
MED00031,3,target_med_season_idx,0.03119
MED00032,3,target_med_season_idx,0.05444
MED00033,3,target_med_season_idx,-0.0053
MED00034,3,target_med_season_idx,-0.01182
MED00035,3,target_med_season_idx,0.00645
MED00036,3,target_med_season_idx,-0.01933
MED00037,3,target_med_season_idx,-0.00523
MED00038,3,target_med_season_idx,0.10772
MED00039,3,target_med_season_idx,-0.00294
MED00040,3,target_med_season_idx,-0.00068
MED00041,3,target_med_season_idx,-0.04679
MED00042,3,target_med_season_idx,-0.00556
MED00043,3,target_med_season_idx,-0.01965
MED00044,3,target_med_season_idx,0.06903
MED00045,3,target_med_season_idx,-0.00666
MED00046,3,target_med_season_idx,0.07044
MED00047,3,target_med_season_idx,-0.00159
MED00048,3,target_med_season_idx,0.01078
MED00049,3,target_med_season_idx,-0.02488
MED00050,3,target_med_season_idx,-0.00586
MED00051,3,target_med_season_idx,-0.0163
MED00052,3,target_med_season_idx,-0.00883
MED00053,3,target_med_season_idx,0.08175
MED00054,3,target_med_season_idx,0.08633
MED00055,3,target_med_season_idx,0.0167
MED00056,3,target_med_season_idx,0.00255
MED00057,3,target_med_season_idx,0.00378
MED00058,3,target_med_season_idx,-0.0054
MED00059,3,target_med_season_idx,0.08318
MED00060,3,target_med_season_idx,-0.00169
MED00061,3,target_med_season_idx,-0.01052
MED00062,3,target_med_season_idx,0.01325
MED00063,3,target_med_season_idx,-0.02004
MED00064,3,target_med_season_idx,-0.00981
MED00065,3,target_med_season_idx,-0.0014
MED00066,3,target_med_season_idx,-0.01432
MED00067,3,target_med_season_idx,-0.00747
MED00068,3,target_med_season_idx,0.06194
MED00069,3,target_med_season_idx,0.05428
MED00070,3,target_med_season_idx,0.08834
MED00071,3,target_med_season_idx,0.07069
MED00072,3,target_med_season_idx,0.08519
MED00073,3,target_med_season_idx,0.05087
MED00074,3,target_med_season_idx,0.06117
MED00075,3,target_med_season_idx,0.09605
MED00076,3,target_med_season_idx,-0.01707
MED00077,3,target_med_season_idx,0.05958
MED00078,3,target_med_season_idx,0.03439
MED00079,3,target_med_season_idx,-0.00228
MED00080,3,target_med_season_idx,0.06857
MED00081,3,target_med_season_idx,-0.0144
MED00082,3,target_med_season_idx,0.04367
MED00083,3,target_med_season_idx,0.05698
MED00084,3,target_med_season_idx,-0.00579
MED00085,3,target_med_season_idx,-0.00497
MED00086,3,target_med_season_idx,0.01105
MED00087,3,target_med_season_idx,-0.004
MED00088,3,target_med_season_idx,-0.0103
MED00089,3,target_med_season_idx,-0.0094
MED00090,3,target_med_season_idx,0.0399
MED00091,3,target_med_season_idx,0.09834
MED00092,3,target_med_season_idx,-0.01023
MED00093,3,target_med_season_idx,0.00458
MED00094,3,target_med_season_idx,0.01135
MED00095,3,target_med_season_idx,-0.00352
MED00096,3,target_med_season_idx,0.00359
MED00097,3,target_med_season_idx,-0.00899
MED00098,3,target_med_season_idx,-0.00466
MED00099,3,target_med_season_idx,0.01912
MED00100,3,target_med_season_idx,-0.01871
MED00101,3,target_med_season_idx,-0.00531
MED00102,3,target_med_season_idx,-0.00549
MED00103,3,target_med_season_idx,-0.00506
MED00104,3,target_med_season_idx,-0.00248
MED00105,3,target_med_season_idx,-0.0061
MED00106,3,target_med_season_idx,-0.02243
MED00107,3,target_med_season_idx,-0.00257
MED00108,3,target_med_season_idx,-0.00486
MED00109,3,target_med_season_idx,0.00457
MED00110,3,target_med_season_idx,0.00896
MED00111,3,target_med_season_idx,-0.01026
MED00112,3,target_med_season_idx,-0.00532
MED00113,3,target_med_season_idx,-0.00242
MED00114,3,target_med_season_idx,-0.00496
MED00115,3,target_med_season_idx,-0.00573
MED00116,3,target_med_season_idx,-0.01436
MED00117,3,target_med_season_idx,-0.00444
MED00118,3,target_med_season_idx,-0.00358
MED00119,3,target_med_season_idx,-0.00433
MED00120,3,target_med_season_idx,-0.00903
MED00121,3,target_med_season_idx,0.00041
MED00122,3,target_med_season_idx,-0.00676
MED00123,3,target_med_season_idx,-0.01124
MED00124,3,target_med_season_idx,-0.00287
MED00125,3,target_med_season_idx,-0.01299
MED00126,3,target_med_season_idx,-0.00035
MED00127,3,target_med_season_idx,-0.00517
MED00128,3,target_med_season_idx,-0.00417
MED00129,3,target_med_season_idx,-0.00609
MED00130,3,target_med_season_idx,-0.02342
MED00131,3,target_med_season_idx,0.0455
MED00132,3,target_med_season_idx,-0.04983
MED00133,3,target_med_season_idx,-0.03831
MED00134,3,target_med_season_idx,0.01436
MED00135,3,target_med_season_idx,-0.00781
MED00136,3,target_med_season_idx,-0.01068
MED00137,3,target_med_season_idx,-0.00761
MED00138,3,target_med_season_idx,-0.00581
MED00139,3,target_med_season_idx,-0.00595
MED00140,3,target_med_season_idx,-0.00363
MED00141,3,target_med_season_idx,0.04203
MED00142,3,target_med_season_idx,-0.01343
MED00143,3,target_med_season_idx,-0.00397
MED00144,3,target_med_season_idx,-0.00268
MED00145,3,target_med_season_idx,-0.00822
MED00146,3,target_med_season_idx,-0.00322
MED00147,3,target_med_season_idx,-0.00705
MED00148,3,target_med_season_idx,0.00799
MED00149,3,target_med_season_idx,-0.00421
MED00150,3,target_med_season_idx,0.09571
MED00151,3,target_med_season_idx,-0.00489
MED00152,3,target_med_season_idx,-0.00636
MED00153,3,target_med_season_idx,-0.00617
MED00154,3,target_med_season_idx,-0.00503
MED00155,3,target_med_season_idx,-0.00345
MED00156,3,target_med_season_idx,0.05796
MED00157,3,target_med_season_idx,-0.00091
MED00158,3,target_med_season_idx,0.0075
MED00159,3,target_med_season_idx,-0.01008
MED00160,3,target_med_season_idx,-0.00257
MED00161,3,target_med_season_idx,-0.00412
MED00162,3,target_med_season_idx,-0.00518
MED00163,3,target_med_season_idx,-0.01676
MED00164,3,target_med_season_idx,0.05418
MED00165,3,target_med_season_idx,-0.00495
MED00166,3,target_med_season_idx,-0.00588
MED00167,3,target_med_season_idx,-0.00487
MED00168,3,target_med_season_idx,-0.00415
MED00169,3,target_med_season_idx,-0.00703
MED00170,3,target_med_season_idx,-0.00338
MED00171,3,target_med_season_idx,-0.00334
MED00172,3,target_med_season_idx,0.12179
MED00173,3,target_med_season_idx,-0.00667
MED00174,3,target_med_season_idx,-0.00257
MED00175,3,target_med_season_idx,0.01212
MED00176,3,target_med_season_idx,-0.00859
MED00177,3,target_med_season_idx,0.00485
MED00178,3,target_med_season_idx,-0.01407
MED00179,3,target_med_season_idx,0.00419
MED00180,3,target_med_season_idx,-0.00651
MED00181,3,target_med_season_idx,-0.00554
MED00182,3,target_med_season_idx,0.01278
MED00183,3,target_med_season_idx,-0.00421
MED00184,3,target_med_season_idx,-0.00621
MED00185,3,target_med_season_idx,0.10963
MED00186,3,target_med_season_idx,-0.0043
MED00187,3,target_med_season_idx,0.04824
MED00188,3,target_med_season_idx,-0.0034
MED00189,3,target_med_season_idx,-0.01867
MED00190,3,target_med_season_idx,-0.00842
MED00191,3,target_med_season_idx,-0.00584
MED00192,3,target_med_season_idx,-0.01806
MED00193,3,target_med_season_idx,-0.02097
MED00194,3,target_med_season_idx,-0.00443
MED00195,3,target_med_season_idx,-0.0033
MED00196,3,target_med_season_idx,-0.00207
MED00197,3,target_med_season_idx,-0.00427
MED00198,3,target_med_season_idx,-0.0034
MED00199,3,target_med_season_idx,0.09035
MED00200,3,target_med_season_idx,-0.00439
MED00201,3,target_med_season_idx,0.00125
MED00202,3,target_med_season_idx,-0.00312
MED00203,3,target_med_season_idx,0.09711
MED00204,3,target_med_season_idx,-0.00423
MED00205,3,target_med_season_idx,-0.00546
MED00206,3,target_med_season_idx,0.06009
MED00207,3,target_med_season_idx,-0.00937
MED00208,3,target_med_season_idx,-0.0076
MED00209,3,target_med_season_idx,-0.01219
MED00210,3,target_med_season_idx,0.00491
MED00211,3,target_med_season_idx,-0.00498
MED00212,3,target_med_season_idx,-0.00657
MED00213,3,target_med_season_idx,-0.00338
MED00214,3,target_med_season_idx,-0.00661
MED00215,3,target_med_season_idx,-0.00616
MED00216,3,target_med_season_idx,-0.01718
MED00217,3,target_med_season_idx,-0.01688
MED00218,3,target_med_season_idx,-0.0024
MED00219,3,target_med_season_idx,-0.01008
MED00220,3,target_med_season_idx,-0.00418
MED00221,3,target_med_season_idx,0.03792
MED00222,3,target_med_season_idx,-0.00696
MED00223,3,target_med_season_idx,-0.00906
MED00224,3,target_med_season_idx,-0.00414
MED00225,3,target_med_season_idx,-0.00492
MED00226,3,target_med_season_idx,0.09162
MED00227,3,target_med_season_idx,0.0006
MED00228,3,target_med_season_idx,-0.00353
MED00229,3,target_med_season_idx,0.00925
MED00230,3,target_med_season_idx,-0.00509
MED00231,3,target_med_season_idx,-0.00296
MED00232,3,target_med_season_idx,-0.00094
MED00233,3,target_med_season_idx,-0.03885
MED00234,3,target_med_season_idx,-0.00373
MED00235,3,target_med_season_idx,-0.00271
MED00236,3,target_med_season_idx,-0.00584
MED00237,3,target_med_season_idx,0.04372
MED00238,3,target_med_season_idx,-0.00501
MED00239,3,target_med_season_idx,-0.00334
MED00240,3,target_med_season_idx,0.03503
MED00241,3,target_med_season_idx,-0.00546
MED00242,3,target_med_season_idx,-0.00578
MED00243,3,target_med_season_idx,-0.01773
MED00244,3,target_med_season_idx,-0.00729
MED00245,3,target_med_season_idx,-0.00434
MED00246,3,target_med_season_idx,-0.00045
MED00247,3,target_med_season_idx,-0.00546
MED00248,3,target_med_season_idx,-0.00204
MED00249,3,target_med_season_idx,-0.00206
MED00250,3,target_med_season_idx,0.11655
MED00251,3,target_med_season_idx,-0.00383
MED00252,3,target_med_season_idx,-0.01525
MED00253,3,target_med_season_idx,-0.00271
MED00254,3,target_med_season_idx,-0.02214
MED00255,3,target_med_season_idx,0.03266
MED00256,3,target_med_season_idx,-0.00517
MED00257,3,target_med_season_idx,0.04648
MED00258,3,target_med_season_idx,-0.00495
MED00259,3,target_med_season_idx,-0.00428
MED00260,3,target_med_season_idx,0.00242
MED00261,3,target_med_season_idx,-0.00356
MED00262,3,target_med_season_idx,0.05874
MED00263,3,target_med_season_idx,-0.00361
MED00264,3,target_med_season_idx,0.00751
MED00265,3,target_med_season_idx,-0.00228
MED00266,3,target_med_season_idx,-0.0096
MED00267,3,target_med_season_idx,-0.00273
MED00268,3,target_med_season_idx,-0.00614
MED00269,3,target_med_season_idx,-0.00768
MED00270,3,target_med_season_idx,-0.00589
MED00271,3,target_med_season_idx,0.10679
MED00272,3,target_med_season_idx,-0.0044
MED00273,3,target_med_season_idx,0.0397
MED00274,3,target_med_season_idx,-0.03349
MED00275,3,target_med_season_idx,-0.00218
MED00276,3,target_med_season_idx,-0.00523
MED00277,3,target_med_season_idx,-0.01867
MED00278,3,target_med_season_idx,-0.00737
MED00279,3,target_med_season_idx,-0.00738
MED00280,3,target_med_season_idx,-0.01765
MED00281,3,target_med_season_idx,0.01054
MED00282,3,target_med_season_idx,-0.00648
MED00283,3,target_med_season_idx,-0.01174
MED00284,3,target_med_season_idx,0.06233
MED00285,3,target_med_season_idx,-0.00061
MED00286,3,target_med_season_idx,0.03491
MED00287,3,target_med_season_idx,-0.00282
MED00288,3,target_med_season_idx,-0.01522
MED00289,3,target_med_season_idx,0.06416
MED00290,3,target_med_season_idx,-0.00202
MED00291,3,target_med_season_idx,-0.00674
MED00292,3,target_med_season_idx,-0.00537
MED00293,3,target_med_season_idx,0.0532
MED00294,3,target_med_season_idx,0.01805
MED00295,3,target_med_season_idx,0.01264
MED00296,3,target_med_season_idx,-0.0009
MED00297,3,target_med_season_idx,-0.00279
MED00298,3,target_med_season_idx,-0.00698
MED00299,3,target_med_season_idx,0.00334
MED00300,3,target_med_season_idx,-0.00697
MED00301,3,target_med_season_idx,-0.00165
MED00302,3,target_med_season_idx,-0.0067
MED00303,3,target_med_season_idx,0.06265
MED00304,3,target_med_season_idx,0.04445
MED00305,3,target_med_season_idx,-0.00347
MED00306,3,target_med_season_idx,0.0155
MED00307,3,target_med_season_idx,-0.00184
MED00308,3,target_med_season_idx,0.00101
MED00309,3,target_med_season_idx,0.05335
MED00310,3,target_med_season_idx,-0.00684
MED00311,3,target_med_season_idx,0.03602
MED00312,3,target_med_season_idx,-0.04162
MED00313,3,target_med_season_idx,0.00069
MED00314,3,target_med_season_idx,-0.01053
MED00315,3,target_med_season_idx,-0.00316
MED00316,3,target_med_season_idx,-0.00454
MED00317,3,target_med_season_idx,-0.00724
MED00318,3,target_med_season_idx,0.07954
MED00319,3,target_med_season_idx,-0.00347
MED00320,3,target_med_season_idx,-0.01508
MED00321,3,target_med_season_idx,-0.00702
MED00322,3,target_med_season_idx,-0.02202
MED00323,3,target_med_season_idx,-0.01409
MED00324,3,target_med_season_idx,0.03959
MED00325,3,target_med_season_idx,-0.00331
MED00326,3,target_med_season_idx,-0.0051
MED00327,3,target_med_season_idx,-0.00639
MED00328,3,target_med_season_idx,-0.00153
MED00329,3,target_med_season_idx,-0.00362
MED00330,3,target_med_season_idx,-0.00501
MED00331,3,target_med_season_idx,-0.00386
MED00332,3,target_med_season_idx,-0.00661
MED00333,3,target_med_season_idx,-0.00034
MED00334,3,target_med_season_idx,-0.00069
MED00335,3,target_med_season_idx,-0.00713
MED00336,3,target_med_season_idx,-0.00746
MED00337,3,target_med_season_idx,-0.00141
MED00338,3,target_med_season_idx,-0.00493
MED00339,3,target_med_season_idx,0.02726
MED00340,3,target_med_season_idx,-0.00113
MED00341,3,target_med_season_idx,-0.00248
MED00342,3,target_med_season_idx,-0.00503
MED00343,3,target_med_season_idx,-0.00334
MED00344,3,target_med_season_idx,-0.00515
MED00345,3,target_med_season_idx,-0.02361
MED00346,3,target_med_season_idx,-0.00509
MED00347,3,target_med_season_idx,-0.01899
MED00348,3,target_med_season_idx,-0.00565
MED00349,3,target_med_season_idx,-0.00495
MED00350,3,target_med_season_idx,-0.00637
MED00351,3,target_med_season_idx,0.00942
MED00352,3,target_med_season_idx,0.01482
MED00353,3,target_med_season_idx,0.00044
MED00354,3,target_med_season_idx,-0.00294
MED00355,3,target_med_season_idx,0.0785
MED00356,3,target_med_season_idx,-0.00568
MED00357,3,target_med_season_idx,-0.02262
MED00358,3,target_med_season_idx,-0.00531
MED00359,3,target_med_season_idx,-0.00528
MED00360,3,target_med_season_idx,0.06408
MED00361,3,target_med_season_idx,-0.00789
MED00362,3,target_med_season_idx,-0.00743
MED00363,3,target_med_season_idx,-0.0042
MED00364,3,target_med_season_idx,-0.01898
MED00365,3,target_med_season_idx,-0.00504
MED00366,3,target_med_season_idx,-0.00379
MED00367,3,target_med_season_idx,-0.00301
MED00368,3,target_med_season_idx,-0.00505
MED00369,3,target_med_season_idx,0.04515
MED00370,3,target_med_season_idx,0.00483
MED00371,3,target_med_season_idx,-0.00618
MED00372,3,target_med_season_idx,-0.02515
MED00373,3,target_med_season_idx,-0.00867
MED00374,3,target_med_season_idx,0.03129
MED00375,3,target_med_season_idx,-0.00696
MED00376,3,target_med_season_idx,-0.00773
MED00377,3,target_med_season_idx,-0.00969
MED00378,3,target_med_season_idx,-0.00557
MED00379,3,target_med_season_idx,-0.00096
MED00380,3,target_med_season_idx,0.00846
MED00381,3,target_med_season_idx,-0.0118
MED00382,3,target_med_season_idx,-0.00391
MED00383,3,target_med_season_idx,-0.00418
MED00384,3,target_med_season_idx,-0.00333
MED00385,3,target_med_season_idx,-0.00519
MED00386,3,target_med_season_idx,0.0007
MED00387,3,target_med_season_idx,-0.00261
MED00388,3,target_med_season_idx,-0.07035
MED00389,3,target_med_season_idx,0.10503
MED00390,3,target_med_season_idx,0.06865
MED00391,3,target_med_season_idx,0.03534
MED00392,3,target_med_season_idx,0.02287
MED00393,3,target_med_season_idx,-0.00021
MED00394,3,target_med_season_idx,0.00359
MED00395,3,target_med_season_idx,-0.00605
MED00396,3,target_med_season_idx,-0.00331
MED00397,3,target_med_season_idx,-0.0028
MED00398,3,target_med_season_idx,0.00461
MED00399,3,target_med_season_idx,-0.00043
MED00400,3,target_med_season_idx,-0.00315
MED00401,3,target_med_season_idx,0.07643
MED00402,3,target_med_season_idx,0.07833
MED00403,3,target_med_season_idx,-0.00871
MED00404,3,target_med_season_idx,-0.00099
MED00405,3,target_med_season_idx,-0.0047
MED00406,3,target_med_season_idx,0.01077
MED00407,3,target_med_season_idx,0.0696
MED00408,3,target_med_season_idx,0.06535
MED00409,3,target_med_season_idx,0.09183
MED00410,3,target_med_season_idx,0.09786
MED00411,3,target_med_season_idx,0.03246
MED00412,3,target_med_season_idx,-0.00091
MED00413,3,target_med_season_idx,0.00124
MED00414,3,target_med_season_idx,0.03655
MED00415,3,target_med_season_idx,0.01415
MED00416,3,target_med_season_idx,0.05009
MED00417,3,target_med_season_idx,-0.00199
MED00418,3,target_med_season_idx,-0.00177
MED00419,3,target_med_season_idx,0.00022
MED00420,3,target_med_season_idx,0.06068
MED00421,3,target_med_season_idx,0.07612
MED00422,3,target_med_season_idx,0.02403
MED00423,3,target_med_season_idx,0.00343
MED00424,3,target_med_season_idx,-0.00251
MED00001,4,target_med_season_idx,0.01153
MED00002,4,target_med_season_idx,-0.01797
MED00003,4,target_med_season_idx,-0.01513
MED00004,4,target_med_season_idx,-0.00669
MED00005,4,target_med_season_idx,-0.00578
MED00006,4,target_med_season_idx,-0.00456
MED00007,4,target_med_season_idx,-0.00623
MED00008,4,target_med_season_idx,-0.00785
MED00009,4,target_med_season_idx,-0.00571
MED00010,4,target_med_season_idx,-0.00627
MED00011,4,target_med_season_idx,-0.00498
MED00012,4,target_med_season_idx,-0.00568
MED00013,4,target_med_season_idx,-0.00388
MED00014,4,target_med_season_idx,0.02298
MED00015,4,target_med_season_idx,-0.0123
MED00016,4,target_med_season_idx,-0.00689
MED00017,4,target_med_season_idx,-0.00627
MED00018,4,target_med_season_idx,-0.00699
MED00019,4,target_med_season_idx,-0.00196
MED00020,4,target_med_season_idx,-0.0078
MED00021,4,target_med_season_idx,0.02029
MED00022,4,target_med_season_idx,0.08172
MED00023,4,target_med_season_idx,0.04583
MED00024,4,target_med_season_idx,0.05502
MED00025,4,target_med_season_idx,0.00435
MED00026,4,target_med_season_idx,0.00661
MED00027,4,target_med_season_idx,0.01887
MED00028,4,target_med_season_idx,-0.00697
MED00029,4,target_med_season_idx,0.07773
MED00030,4,target_med_season_idx,0.04461
MED00031,4,target_med_season_idx,0.03708
MED00032,4,target_med_season_idx,0.0542
MED00033,4,target_med_season_idx,-0.00533
MED00034,4,target_med_season_idx,-0.0108
MED00035,4,target_med_season_idx,0.00614
MED00036,4,target_med_season_idx,-0.01938
MED00037,4,target_med_season_idx,-0.00554
MED00038,4,target_med_season_idx,0.10245
MED00039,4,target_med_season_idx,-0.0029
MED00040,4,target_med_season_idx,-0.0004
MED00041,4,target_med_season_idx,-0.04685
MED00042,4,target_med_season_idx,-0.00503
MED00043,4,target_med_season_idx,-0.01952
MED00044,4,target_med_season_idx,0.06029
MED00045,4,target_med_season_idx,-0.00678
MED00046,4,target_med_season_idx,0.06168
MED00047,4,target_med_season_idx,-0.00178
MED00048,4,target_med_season_idx,0.01057
MED00049,4,target_med_season_idx,-0.02416
MED00050,4,target_med_season_idx,-0.00598
MED00051,4,target_med_season_idx,-0.01589
MED00052,4,target_med_season_idx,-0.00881
MED00053,4,target_med_season_idx,0.06989
MED00054,4,target_med_season_idx,0.0732
MED00055,4,target_med_season_idx,0.01638
MED00056,4,target_med_season_idx,0.00255
MED00057,4,target_med_season_idx,0.00373
MED00058,4,target_med_season_idx,-0.00517
MED00059,4,target_med_season_idx,0.08882
MED00060,4,target_med_season_idx,-0.00189
MED00061,4,target_med_season_idx,-0.0105
MED00062,4,target_med_season_idx,0.01297
MED00063,4,target_med_season_idx,-0.01936
MED00064,4,target_med_season_idx,-0.00998
MED00065,4,target_med_season_idx,-0.002
MED00066,4,target_med_season_idx,-0.01442
MED00067,4,target_med_season_idx,-0.00766
MED00068,4,target_med_season_idx,0.06099
MED00069,4,target_med_season_idx,0.0516
MED00070,4,target_med_season_idx,0.07965
MED00071,4,target_med_season_idx,0.0622
MED00072,4,target_med_season_idx,0.07673
MED00073,4,target_med_season_idx,0.04857
MED00074,4,target_med_season_idx,0.06045
MED00075,4,target_med_season_idx,0.09412
MED00076,4,target_med_season_idx,-0.017
MED00077,4,target_med_season_idx,0.06028
MED00078,4,target_med_season_idx,0.03419
MED00079,4,target_med_season_idx,-0.00246
MED00080,4,target_med_season_idx,0.06011
MED00081,4,target_med_season_idx,-0.01451
MED00082,4,target_med_season_idx,0.03466
MED00083,4,target_med_season_idx,0.05452
MED00084,4,target_med_season_idx,-0.00566
MED00085,4,target_med_season_idx,-0.00516
MED00086,4,target_med_season_idx,0.01128
MED00087,4,target_med_season_idx,-0.00415
MED00088,4,target_med_season_idx,-0.01012
MED00089,4,target_med_season_idx,-0.00897
MED00090,4,target_med_season_idx,0.03552
MED00091,4,target_med_season_idx,0.09642
MED00092,4,target_med_season_idx,-0.01039
MED00093,4,target_med_season_idx,0.00348
MED00094,4,target_med_season_idx,0.0101
MED00095,4,target_med_season_idx,-0.00366
MED00096,4,target_med_season_idx,0.00296
MED00097,4,target_med_season_idx,-0.00876
MED00098,4,target_med_season_idx,-0.00488
MED00099,4,target_med_season_idx,0.01904
MED00100,4,target_med_season_idx,-0.01851
MED00101,4,target_med_season_idx,-0.0055
MED00102,4,target_med_season_idx,-0.0058
MED00103,4,target_med_season_idx,-0.00521
MED00104,4,target_med_season_idx,-0.00267
MED00105,4,target_med_season_idx,-0.00611
MED00106,4,target_med_season_idx,-0.02174
MED00107,4,target_med_season_idx,-0.00276
MED00108,4,target_med_season_idx,-0.00501
MED00109,4,target_med_season_idx,0.00347
MED00110,4,target_med_season_idx,0.00798
MED00111,4,target_med_season_idx,-0.00997
MED00112,4,target_med_season_idx,-0.00551
MED00113,4,target_med_season_idx,-0.00257
MED00114,4,target_med_season_idx,-0.00509
MED00115,4,target_med_season_idx,-0.00588
MED00116,4,target_med_season_idx,-0.01447
MED00117,4,target_med_season_idx,-0.00458
MED00118,4,target_med_season_idx,-0.00377
MED00119,4,target_med_season_idx,-0.00448
MED00120,4,target_med_season_idx,-0.00961
MED00121,4,target_med_season_idx,0.00038
MED00122,4,target_med_season_idx,-0.00691
MED00123,4,target_med_season_idx,-0.0113
MED00124,4,target_med_season_idx,-0.00306
MED00125,4,target_med_season_idx,-0.01282
MED00126,4,target_med_season_idx,-0.00132
MED00127,4,target_med_season_idx,-0.00534
MED00128,4,target_med_season_idx,-0.00434
MED00129,4,target_med_season_idx,-0.00623
MED00130,4,target_med_season_idx,-0.02273
MED00131,4,target_med_season_idx,0.0382
MED00132,4,target_med_season_idx,-0.0499
MED00133,4,target_med_season_idx,-0.03795
MED00134,4,target_med_season_idx,0.01338
MED00135,4,target_med_season_idx,-0.00754
MED00136,4,target_med_season_idx,-0.01005
MED00137,4,target_med_season_idx,-0.0067
MED00138,4,target_med_season_idx,-0.00594
MED00139,4,target_med_season_idx,-0.00605
MED00140,4,target_med_season_idx,-0.00378
MED00141,4,target_med_season_idx,0.03323
MED00142,4,target_med_season_idx,-0.01344
MED00143,4,target_med_season_idx,-0.00416
MED00144,4,target_med_season_idx,-0.00252
MED00145,4,target_med_season_idx,-0.0082
MED00146,4,target_med_season_idx,-0.00382
MED00147,4,target_med_season_idx,-0.00687
MED00148,4,target_med_season_idx,0.00778
MED00149,4,target_med_season_idx,-0.0044
MED00150,4,target_med_season_idx,0.0954
MED00151,4,target_med_season_idx,-0.00503
MED00152,4,target_med_season_idx,-0.00654
MED00153,4,target_med_season_idx,-0.00632
MED00154,4,target_med_season_idx,-0.00508
MED00155,4,target_med_season_idx,-0.0036
MED00156,4,target_med_season_idx,0.05765
MED00157,4,target_med_season_idx,-0.00105
MED00158,4,target_med_season_idx,0.00744
MED00159,4,target_med_season_idx,-0.00746
MED00160,4,target_med_season_idx,-0.00272
MED00161,4,target_med_season_idx,-0.00474
MED00162,4,target_med_season_idx,-0.00531
MED00163,4,target_med_season_idx,-0.01633
MED00164,4,target_med_season_idx,0.04525
MED00165,4,target_med_season_idx,-0.00506
MED00166,4,target_med_season_idx,-0.00601
MED00167,4,target_med_season_idx,-0.00506
MED00168,4,target_med_season_idx,-0.00429
MED00169,4,target_med_season_idx,-0.00717
MED00170,4,target_med_season_idx,-0.00356
MED00171,4,target_med_season_idx,-0.00349
MED00172,4,target_med_season_idx,0.12123
MED00173,4,target_med_season_idx,-0.00681
MED00174,4,target_med_season_idx,-0.00291
MED00175,4,target_med_season_idx,0.01217
MED00176,4,target_med_season_idx,-0.00919
MED00177,4,target_med_season_idx,0.00479
MED00178,4,target_med_season_idx,-0.01443
MED00179,4,target_med_season_idx,0.00412
MED00180,4,target_med_season_idx,-0.00664
MED00181,4,target_med_season_idx,-0.00569
MED00182,4,target_med_season_idx,0.01267
MED00183,4,target_med_season_idx,-0.00394
MED00184,4,target_med_season_idx,-0.00627
MED00185,4,target_med_season_idx,0.10985
MED00186,4,target_med_season_idx,-0.00445
MED00187,4,target_med_season_idx,0.04794
MED00188,4,target_med_season_idx,-0.00358
MED00189,4,target_med_season_idx,-0.01826
MED00190,4,target_med_season_idx,-0.00856
MED00191,4,target_med_season_idx,-0.00603
MED00192,4,target_med_season_idx,-0.0179
MED00193,4,target_med_season_idx,-0.02021
MED00194,4,target_med_season_idx,-0.00459
MED00195,4,target_med_season_idx,-0.00346
MED00196,4,target_med_season_idx,-0.00222
MED00197,4,target_med_season_idx,-0.00444
MED00198,4,target_med_season_idx,-0.00354
MED00199,4,target_med_season_idx,0.08596
MED00200,4,target_med_season_idx,-0.00452
MED00201,4,target_med_season_idx,0.00079
MED00202,4,target_med_season_idx,-0.00326
MED00203,4,target_med_season_idx,0.09684
MED00204,4,target_med_season_idx,-0.00436
MED00205,4,target_med_season_idx,-0.00547
MED00206,4,target_med_season_idx,0.0547
MED00207,4,target_med_season_idx,-0.0095
MED00208,4,target_med_season_idx,-0.00762
MED00209,4,target_med_season_idx,-0.01222
MED00210,4,target_med_season_idx,0.0046
MED00211,4,target_med_season_idx,-0.00512
MED00212,4,target_med_season_idx,-0.00674
MED00213,4,target_med_season_idx,-0.00338
MED00214,4,target_med_season_idx,-0.0068
MED00215,4,target_med_season_idx,-0.0063
MED00216,4,target_med_season_idx,-0.01642
MED00217,4,target_med_season_idx,-0.01685
MED00218,4,target_med_season_idx,-0.00255
MED00219,4,target_med_season_idx,-0.00989
MED00220,4,target_med_season_idx,-0.00432
MED00221,4,target_med_season_idx,0.02955
MED00222,4,target_med_season_idx,-0.007
MED00223,4,target_med_season_idx,-0.00892
MED00224,4,target_med_season_idx,-0.00429
MED00225,4,target_med_season_idx,-0.00509
MED00226,4,target_med_season_idx,0.08936
MED00227,4,target_med_season_idx,0.00055
MED00228,4,target_med_season_idx,-0.00408
MED00229,4,target_med_season_idx,0.00825
MED00230,4,target_med_season_idx,-0.00513
MED00231,4,target_med_season_idx,-0.00309
MED00232,4,target_med_season_idx,-0.00107
MED00233,4,target_med_season_idx,-0.03853
MED00234,4,target_med_season_idx,-0.00392
MED00235,4,target_med_season_idx,-0.0029
MED00236,4,target_med_season_idx,-0.00599
MED00237,4,target_med_season_idx,0.04313
MED00238,4,target_med_season_idx,-0.00518
MED00239,4,target_med_season_idx,-0.00352
MED00240,4,target_med_season_idx,0.03267
MED00241,4,target_med_season_idx,-0.0056
MED00242,4,target_med_season_idx,-0.00589
MED00243,4,target_med_season_idx,-0.01725
MED00244,4,target_med_season_idx,-0.00744
MED00245,4,target_med_season_idx,-0.00452
MED00246,4,target_med_season_idx,-0.00063
MED00247,4,target_med_season_idx,-0.00565
MED00248,4,target_med_season_idx,-0.00235
MED00249,4,target_med_season_idx,-0.00223
MED00250,4,target_med_season_idx,0.10879
MED00251,4,target_med_season_idx,-0.00402
MED00252,4,target_med_season_idx,-0.0151
MED00253,4,target_med_season_idx,-0.00286
MED00254,4,target_med_season_idx,-0.02199
MED00255,4,target_med_season_idx,0.02248
MED00256,4,target_med_season_idx,-0.00578
MED00257,4,target_med_season_idx,0.03759
MED00258,4,target_med_season_idx,-0.0051
MED00259,4,target_med_season_idx,-0.00447
MED00260,4,target_med_season_idx,0.00216
MED00261,4,target_med_season_idx,-0.00363
MED00262,4,target_med_season_idx,0.04949
MED00263,4,target_med_season_idx,-0.0038
MED00264,4,target_med_season_idx,0.00641
MED00265,4,target_med_season_idx,-0.00212
MED00266,4,target_med_season_idx,-0.00925
MED00267,4,target_med_season_idx,-0.00289
MED00268,4,target_med_season_idx,-0.00629
MED00269,4,target_med_season_idx,-0.00787
MED00270,4,target_med_season_idx,-0.00606
MED00271,4,target_med_season_idx,0.10186
MED00272,4,target_med_season_idx,-0.0047
MED00273,4,target_med_season_idx,0.03931
MED00274,4,target_med_season_idx,-0.03342
MED00275,4,target_med_season_idx,-0.0021
MED00276,4,target_med_season_idx,-0.00542
MED00277,4,target_med_season_idx,-0.01825
MED00278,4,target_med_season_idx,-0.00751
MED00279,4,target_med_season_idx,-0.00733
MED00280,4,target_med_season_idx,-0.01762
MED00281,4,target_med_season_idx,0.01023
MED00282,4,target_med_season_idx,-0.0067
MED00283,4,target_med_season_idx,-0.01198
MED00284,4,target_med_season_idx,0.06182
MED00285,4,target_med_season_idx,-0.0008
MED00286,4,target_med_season_idx,0.04056
MED00287,4,target_med_season_idx,-0.00301
MED00288,4,target_med_season_idx,-0.01527
MED00289,4,target_med_season_idx,0.05528
MED00290,4,target_med_season_idx,-0.00221
MED00291,4,target_med_season_idx,-0.00689
MED00292,4,target_med_season_idx,-0.00551
MED00293,4,target_med_season_idx,0.06046
MED00294,4,target_med_season_idx,0.01747
MED00295,4,target_med_season_idx,0.01256
MED00296,4,target_med_season_idx,-0.00104
MED00297,4,target_med_season_idx,-0.00294
MED00298,4,target_med_season_idx,-0.00745
MED00299,4,target_med_season_idx,0.00307
MED00300,4,target_med_season_idx,-0.00711
MED00301,4,target_med_season_idx,-0.00185
MED00302,4,target_med_season_idx,-0.00682
MED00303,4,target_med_season_idx,0.06284
MED00304,4,target_med_season_idx,0.04389
MED00305,4,target_med_season_idx,-0.00358
MED00306,4,target_med_season_idx,0.01545
MED00307,4,target_med_season_idx,-0.00217
MED00308,4,target_med_season_idx,0.00133
MED00309,4,target_med_season_idx,0.05315
MED00310,4,target_med_season_idx,-0.00703
MED00311,4,target_med_season_idx,0.03669
MED00312,4,target_med_season_idx,-0.0417
MED00313,4,target_med_season_idx,-0.01059
MED00314,4,target_med_season_idx,-0.01052
MED00315,4,target_med_season_idx,-0.00331
MED00316,4,target_med_season_idx,-0.00469
MED00317,4,target_med_season_idx,-0.00738
MED00318,4,target_med_season_idx,0.07175
MED00319,4,target_med_season_idx,-0.00366
MED00320,4,target_med_season_idx,-0.01517
MED00321,4,target_med_season_idx,-0.00705
MED00322,4,target_med_season_idx,-0.02133
MED00323,4,target_med_season_idx,-0.01417
MED00324,4,target_med_season_idx,0.0246
MED00325,4,target_med_season_idx,-0.00346
MED00326,4,target_med_season_idx,-0.00525
MED00327,4,target_med_season_idx,-0.00658
MED00328,4,target_med_season_idx,-0.00168
MED00329,4,target_med_season_idx,-0.0038
MED00330,4,target_med_season_idx,-0.00516
MED00331,4,target_med_season_idx,-0.00404
MED00332,4,target_med_season_idx,-0.00677
MED00333,4,target_med_season_idx,-0.00052
MED00334,4,target_med_season_idx,-0.00104
MED00335,4,target_med_season_idx,-0.00611
MED00336,4,target_med_season_idx,-0.0091
MED00337,4,target_med_season_idx,-0.00173
MED00338,4,target_med_season_idx,-0.00466
MED00339,4,target_med_season_idx,0.01944
MED00340,4,target_med_season_idx,-0.00161
MED00341,4,target_med_season_idx,-0.00253
MED00342,4,target_med_season_idx,-0.00522
MED00343,4,target_med_season_idx,-0.00353
MED00344,4,target_med_season_idx,-0.00546
MED00345,4,target_med_season_idx,-0.02285
MED00346,4,target_med_season_idx,-0.00524
MED00347,4,target_med_season_idx,-0.01858
MED00348,4,target_med_season_idx,-0.00586
MED00349,4,target_med_season_idx,-0.00513
MED00350,4,target_med_season_idx,-0.00619
MED00351,4,target_med_season_idx,0.00843
MED00352,4,target_med_season_idx,0.01263
MED00353,4,target_med_season_idx,-0.00056
MED00354,4,target_med_season_idx,-0.00326
MED00355,4,target_med_season_idx,0.07321
MED00356,4,target_med_season_idx,-0.00583
MED00357,4,target_med_season_idx,-0.02232
MED00358,4,target_med_season_idx,-0.00545
MED00359,4,target_med_season_idx,-0.00539
MED00360,4,target_med_season_idx,0.06484
MED00361,4,target_med_season_idx,-0.00807
MED00362,4,target_med_season_idx,-0.00804
MED00363,4,target_med_season_idx,-0.00442
MED00364,4,target_med_season_idx,-0.01857
MED00365,4,target_med_season_idx,-0.00519
MED00366,4,target_med_season_idx,-0.00397
MED00367,4,target_med_season_idx,-0.00314
MED00368,4,target_med_season_idx,-0.00521
MED00369,4,target_med_season_idx,0.04635
MED00370,4,target_med_season_idx,0.00466
MED00371,4,target_med_season_idx,-0.00627
MED00372,4,target_med_season_idx,-0.02492
MED00373,4,target_med_season_idx,-0.00854
MED00374,4,target_med_season_idx,0.03084
MED00375,4,target_med_season_idx,-0.00742
MED00376,4,target_med_season_idx,-0.00789
MED00377,4,target_med_season_idx,-0.00972
MED00378,4,target_med_season_idx,-0.00576
MED00379,4,target_med_season_idx,-0.00099
MED00380,4,target_med_season_idx,0.00749
MED00381,4,target_med_season_idx,-0.01198
MED00382,4,target_med_season_idx,-0.0043
MED00383,4,target_med_season_idx,-0.0042
MED00384,4,target_med_season_idx,-0.00347
MED00385,4,target_med_season_idx,-0.00579
MED00387,4,target_med_season_idx,-0.00279
MED00388,4,target_med_season_idx,-0.06983
MED00389,4,target_med_season_idx,0.10079
MED00390,4,target_med_season_idx,0.06531
MED00391,4,target_med_season_idx,0.03503
MED00392,4,target_med_season_idx,0.02259
MED00393,4,target_med_season_idx,-0.00038
MED00394,4,target_med_season_idx,0.0029
MED00395,4,target_med_season_idx,-0.00667
MED00396,4,target_med_season_idx,-0.00302
MED00397,4,target_med_season_idx,-0.00298
MED00398,4,target_med_season_idx,0.00148
MED00399,4,target_med_season_idx,-0.00051
MED00400,4,target_med_season_idx,-0.00212
MED00401,4,target_med_season_idx,0.07467
MED00402,4,target_med_season_idx,0.07659
MED00403,4,target_med_season_idx,-0.00862
MED00404,4,target_med_season_idx,-0.00115
MED00405,4,target_med_season_idx,-0.0049
MED00406,4,target_med_season_idx,0.01062
MED00407,4,target_med_season_idx,0.06738
MED00408,4,target_med_season_idx,0.07125
MED00409,4,target_med_season_idx,0.0765
MED00410,4,target_med_season_idx,0.09116
MED00411,4,target_med_season_idx,0.03209
MED00412,4,target_med_season_idx,-0.00111
MED00413,4,target_med_season_idx,0.00078
MED00414,4,target_med_season_idx,0.03632
MED00415,4,target_med_season_idx,0.01388
MED00416,4,target_med_season_idx,0.04947
MED00417,4,target_med_season_idx,-0.00218
MED00418,4,target_med_season_idx,-0.00241
MED00420,4,target_med_season_idx,0.05573
MED00421,4,target_med_season_idx,0.07268
MED00422,4,target_med_season_idx,0.02357
MED00423,4,target_med_season_idx,0.00282
MED00424,4,target_med_season_idx,-0.00538
MED00001,5,target_med_season_idx,-0.00804
MED00002,5,target_med_season_idx,-0.02077
MED00003,5,target_med_season_idx,-0.0213
MED00004,5,target_med_season_idx,-0.01651
MED00005,5,target_med_season_idx,-0.01409
MED00006,5,target_med_season_idx,-0.00217
MED00007,5,target_med_season_idx,-0.00649
MED00008,5,target_med_season_idx,-0.00743
MED00009,5,target_med_season_idx,-0.00758
MED00010,5,target_med_season_idx,-0.00795
MED00011,5,target_med_season_idx,-0.00508
MED00012,5,target_med_season_idx,-0.01234
MED00013,5,target_med_season_idx,-0.00563
MED00014,5,target_med_season_idx,-0.01215
MED00015,5,target_med_season_idx,-0.01048
MED00016,5,target_med_season_idx,-0.0204
MED00017,5,target_med_season_idx,-0.01539
MED00018,5,target_med_season_idx,-0.00181
MED00019,5,target_med_season_idx,-0.00306
MED00020,5,target_med_season_idx,-0.00766
MED00021,5,target_med_season_idx,-0.00286
MED00022,5,target_med_season_idx,-0.01149
MED00023,5,target_med_season_idx,-0.00321
MED00024,5,target_med_season_idx,-0.00547
MED00025,5,target_med_season_idx,-0.01776
MED00026,5,target_med_season_idx,-0.01767
MED00027,5,target_med_season_idx,-0.02755
MED00028,5,target_med_season_idx,-0.00496
MED00029,5,target_med_season_idx,-0.005
MED00030,5,target_med_season_idx,-0.00361
MED00031,5,target_med_season_idx,-0.00032
MED00032,5,target_med_season_idx,-0.0002
MED00033,5,target_med_season_idx,-0.01264
MED00034,5,target_med_season_idx,-0.00856
MED00035,5,target_med_season_idx,-0.01828
MED00036,5,target_med_season_idx,-0.02015
MED00037,5,target_med_season_idx,0.00558
MED00038,5,target_med_season_idx,-0.00816
MED00039,5,target_med_season_idx,0.00877
MED00040,5,target_med_season_idx,-0.00241
MED00041,5,target_med_season_idx,0.01241
MED00042,5,target_med_season_idx,-0.00736
MED00043,5,target_med_season_idx,-0.02082
MED00044,5,target_med_season_idx,-0.00796
MED00045,5,target_med_season_idx,-0.00406
MED00046,5,target_med_season_idx,-0.00224
MED00047,5,target_med_season_idx,-0.00869
MED00048,5,target_med_season_idx,-0.01192
MED00049,5,target_med_season_idx,-0.02776
MED00050,5,target_med_season_idx,-0.00926
MED00051,5,target_med_season_idx,-0.01568
MED00052,5,target_med_season_idx,-0.01091
MED00053,5,target_med_season_idx,-0.00457
MED00054,5,target_med_season_idx,-0.00847
MED00055,5,target_med_season_idx,-0.01047
MED00056,5,target_med_season_idx,0.00149
MED00057,5,target_med_season_idx,0.00238
MED00058,5,target_med_season_idx,-0.00646
MED00059,5,target_med_season_idx,-0.01153
MED00060,5,target_med_season_idx,0.02601
MED00061,5,target_med_season_idx,-0.01226
MED00062,5,target_med_season_idx,0.01614
MED00063,5,target_med_season_idx,-0.0188
MED00064,5,target_med_season_idx,-0.00265
MED00065,5,target_med_season_idx,-0.00391
MED00066,5,target_med_season_idx,-0.01054
MED00067,5,target_med_season_idx,-0.01425
MED00068,5,target_med_season_idx,-0.00435
MED00069,5,target_med_season_idx,-0.00444
MED00070,5,target_med_season_idx,-0.00731
MED00071,5,target_med_season_idx,-0.00709
MED00072,5,target_med_season_idx,-0.0115
MED00073,5,target_med_season_idx,-0.00471
MED00074,5,target_med_season_idx,-0.00499
MED00075,5,target_med_season_idx,0.01268
MED00076,5,target_med_season_idx,-0.01616
MED00077,5,target_med_season_idx,-0.00502
MED00078,5,target_med_season_idx,-0.00379
MED00079,5,target_med_season_idx,-0.00548
MED00080,5,target_med_season_idx,-0.00608
MED00081,5,target_med_season_idx,-0.01956
MED00082,5,target_med_season_idx,-0.00345
MED00083,5,target_med_season_idx,-0.00241
MED00084,5,target_med_season_idx,-0.00235
MED00085,5,target_med_season_idx,-0.01618
MED00086,5,target_med_season_idx,0.01083
MED00087,5,target_med_season_idx,-0.00607
MED00088,5,target_med_season_idx,-0.00341
MED00089,5,target_med_season_idx,-0.00799
MED00090,5,target_med_season_idx,-0.01008
MED00091,5,target_med_season_idx,-0.01204
MED00092,5,target_med_season_idx,-0.0113
MED00093,5,target_med_season_idx,-0.01824
MED00094,5,target_med_season_idx,-0.01283
MED00095,5,target_med_season_idx,-0.00929
MED00096,5,target_med_season_idx,-0.01029
MED00097,5,target_med_season_idx,-0.00987
MED00098,5,target_med_season_idx,-0.0117
MED00099,5,target_med_season_idx,-0.02317
MED00100,5,target_med_season_idx,-0.0174
MED00101,5,target_med_season_idx,-0.00897
MED00102,5,target_med_season_idx,0.01199
MED00103,5,target_med_season_idx,-0.00878
MED00104,5,target_med_season_idx,-0.01156
MED00105,5,target_med_season_idx,-0.00945
MED00106,5,target_med_season_idx,-0.02113
MED00107,5,target_med_season_idx,-0.01159
MED00108,5,target_med_season_idx,-0.00804
MED00109,5,target_med_season_idx,-0.02317
MED00110,5,target_med_season_idx,-0.03489
MED00111,5,target_med_season_idx,-0.00885
MED00112,5,target_med_season_idx,-0.01374
MED00113,5,target_med_season_idx,-0.00776
MED00114,5,target_med_season_idx,-0.00711
MED00115,5,target_med_season_idx,-0.0152
MED00116,5,target_med_season_idx,-0.00704
MED00117,5,target_med_season_idx,-0.00507
MED00118,5,target_med_season_idx,-0.00264
MED00119,5,target_med_season_idx,-0.01371
MED00120,5,target_med_season_idx,-0.00926
MED00121,5,target_med_season_idx,-0.00221
MED00122,5,target_med_season_idx,-0.01425
MED00123,5,target_med_season_idx,0.00209
MED00124,5,target_med_season_idx,-0.01191
MED00125,5,target_med_season_idx,-0.01714
MED00126,5,target_med_season_idx,-0.01609
MED00127,5,target_med_season_idx,-0.00728
MED00128,5,target_med_season_idx,-0.01421
MED00129,5,target_med_season_idx,-0.00904
MED00130,5,target_med_season_idx,-0.02734
MED00131,5,target_med_season_idx,-0.00771
MED00132,5,target_med_season_idx,0.01568
MED00133,5,target_med_season_idx,0.00943
MED00134,5,target_med_season_idx,-0.04374
MED00135,5,target_med_season_idx,-0.00869
MED00136,5,target_med_season_idx,-0.01122
MED00137,5,target_med_season_idx,-0.00679
MED00138,5,target_med_season_idx,-0.01274
MED00139,5,target_med_season_idx,-0.00602
MED00140,5,target_med_season_idx,-0.00836
MED00141,5,target_med_season_idx,-0.00275
MED00142,5,target_med_season_idx,-0.01326
MED00143,5,target_med_season_idx,-0.00813
MED00144,5,target_med_season_idx,-0.01009
MED00145,5,target_med_season_idx,-0.00962
MED00146,5,target_med_season_idx,-0.0186
MED00147,5,target_med_season_idx,0.01138
MED00148,5,target_med_season_idx,0.02363
MED00149,5,target_med_season_idx,-0.00753
MED00150,5,target_med_season_idx,-0.01382
MED00151,5,target_med_season_idx,-0.01412
MED00152,5,target_med_season_idx,-0.01427
MED00153,5,target_med_season_idx,-0.01459
MED00154,5,target_med_season_idx,-0.00672
MED00155,5,target_med_season_idx,-0.01135
MED00156,5,target_med_season_idx,0.00799
MED00157,5,target_med_season_idx,-0.00972
MED00158,5,target_med_season_idx,-0.02109
MED00159,5,target_med_season_idx,-0.0107
MED00160,5,target_med_season_idx,-0.00862
MED00161,5,target_med_season_idx,-0.01015
MED00162,5,target_med_season_idx,-0.01496
MED00163,5,target_med_season_idx,-0.02103
MED00164,5,target_med_season_idx,-0.00838
MED00165,5,target_med_season_idx,-0.00691
MED00166,5,target_med_season_idx,-0.0138
MED00167,5,target_med_season_idx,-0.00972
MED00168,5,target_med_season_idx,-0.01324
MED00169,5,target_med_season_idx,-0.00763
MED00170,5,target_med_season_idx,-0.01067
MED00171,5,target_med_season_idx,-0.0117
MED00172,5,target_med_season_idx,-0.0206
MED00173,5,target_med_season_idx,-0.0157
MED00174,5,target_med_season_idx,-0.0043
MED00175,5,target_med_season_idx,-0.01095
MED00176,5,target_med_season_idx,-0.00955
MED00177,5,target_med_season_idx,-0.02099
MED00178,5,target_med_season_idx,0.0087
MED00179,5,target_med_season_idx,-0.03317
MED00180,5,target_med_season_idx,-0.01713
MED00181,5,target_med_season_idx,-0.00886
MED00182,5,target_med_season_idx,-0.02729
MED00183,5,target_med_season_idx,-0.00232
MED00184,5,target_med_season_idx,-0.0062
MED00185,5,target_med_season_idx,-0.01591
MED00186,5,target_med_season_idx,-0.00944
MED00187,5,target_med_season_idx,-0.0038
MED00188,5,target_med_season_idx,-0.00868
MED00189,5,target_med_season_idx,-0.02476
MED00190,5,target_med_season_idx,-0.01494
MED00191,5,target_med_season_idx,-0.00848
MED00192,5,target_med_season_idx,-0.02208
MED00193,5,target_med_season_idx,-0.02497
MED00194,5,target_med_season_idx,-0.00527
MED00195,5,target_med_season_idx,-0.00456
MED00196,5,target_med_season_idx,-0.00447
MED00197,5,target_med_season_idx,-0.00575
MED00198,5,target_med_season_idx,-0.0043
MED00199,5,target_med_season_idx,-0.00497
MED00200,5,target_med_season_idx,-0.00911
MED00201,5,target_med_season_idx,0.01738
MED00202,5,target_med_season_idx,-0.01049
MED00203,5,target_med_season_idx,-0.01189
MED00204,5,target_med_season_idx,-0.01374
MED00205,5,target_med_season_idx,-0.00959
MED00206,5,target_med_season_idx,-0.0175
MED00207,5,target_med_season_idx,-0.01339
MED00208,5,target_med_season_idx,-0.00822
MED00209,5,target_med_season_idx,0.00148
MED00210,5,target_med_season_idx,-0.00853
MED00211,5,target_med_season_idx,-0.01669
MED00212,5,target_med_season_idx,-0.00347
MED00213,5,target_med_season_idx,-0.01505
MED00214,5,target_med_season_idx,-0.01215
MED00215,5,target_med_season_idx,-0.01223
MED00216,5,target_med_season_idx,-0.01611
MED00217,5,target_med_season_idx,-0.01727
MED00218,5,target_med_season_idx,-0.00736
MED00219,5,target_med_season_idx,-0.00506
MED00220,5,target_med_season_idx,-0.01419
MED00221,5,target_med_season_idx,-0.00151
MED00222,5,target_med_season_idx,-0.00759
MED00223,5,target_med_season_idx,-0.00885
MED00224,5,target_med_season_idx,-0.00769
MED00225,5,target_med_season_idx,-0.01017
MED00226,5,target_med_season_idx,-0.00638
MED00227,5,target_med_season_idx,-0.00597
MED00228,5,target_med_season_idx,-0.0099
MED00229,5,target_med_season_idx,-0.01307
MED00230,5,target_med_season_idx,-0.00642
MED00231,5,target_med_season_idx,-0.00561
MED00232,5,target_med_season_idx,-0.00232
MED00233,5,target_med_season_idx,0.00894
MED00234,5,target_med_season_idx,-0.00905
MED00235,5,target_med_season_idx,-0.00345
MED00236,5,target_med_season_idx,-0.00796
MED00237,5,target_med_season_idx,-0.00476
MED00238,5,target_med_season_idx,-0.01213
MED00239,5,target_med_season_idx,-0.01047
MED00240,5,target_med_season_idx,-0.00493
MED00241,5,target_med_season_idx,-0.00999
MED00242,5,target_med_season_idx,-0.00594
MED00243,5,target_med_season_idx,-0.01999
MED00244,5,target_med_season_idx,-0.01358
MED00245,5,target_med_season_idx,-0.00274
MED00246,5,target_med_season_idx,-0.00793
MED00247,5,target_med_season_idx,-0.0094
MED00248,5,target_med_season_idx,-0.00918
MED00249,5,target_med_season_idx,-0.00237
MED00250,5,target_med_season_idx,-0.0041
MED00251,5,target_med_season_idx,-0.00826
MED00252,5,target_med_season_idx,-0.0155
MED00253,5,target_med_season_idx,-0.00535
MED00254,5,target_med_season_idx,-0.02239
MED00255,5,target_med_season_idx,-0.00109
MED00256,5,target_med_season_idx,-0.01139
MED00257,5,target_med_season_idx,-0.00426
MED00258,5,target_med_season_idx,-0.01217
MED00259,5,target_med_season_idx,-0.01737
MED00260,5,target_med_season_idx,-0.02921
MED00261,5,target_med_season_idx,-0.01377
MED00262,5,target_med_season_idx,-0.00455
MED00263,5,target_med_season_idx,-0.00969
MED00264,5,target_med_season_idx,-0.03795
MED00265,5,target_med_season_idx,-0.008
MED00266,5,target_med_season_idx,-0.00895
MED00267,5,target_med_season_idx,-0.00553
MED00268,5,target_med_season_idx,-0.00802
MED00269,5,target_med_season_idx,-0.01172
MED00270,5,target_med_season_idx,-0.014
MED00271,5,target_med_season_idx,-0.03057
MED00272,5,target_med_season_idx,-0.00602
MED00273,5,target_med_season_idx,-0.0072
MED00274,5,target_med_season_idx,0.00753
MED00275,5,target_med_season_idx,-0.01177
MED00276,5,target_med_season_idx,-0.01354
MED00277,5,target_med_season_idx,-0.02476
MED00278,5,target_med_season_idx,-0.01124
MED00279,5,target_med_season_idx,-0.0068
MED00280,5,target_med_season_idx,-0.01699
MED00281,5,target_med_season_idx,-0.01078
MED00282,5,target_med_season_idx,-0.00797
MED00283,5,target_med_season_idx,-0.01392
MED00284,5,target_med_season_idx,0.00117
MED00285,5,target_med_season_idx,-0.009
MED00286,5,target_med_season_idx,-0.00923
MED00287,5,target_med_season_idx,-0.01203
MED00288,5,target_med_season_idx,-0.00371
MED00289,5,target_med_season_idx,-0.00611
MED00290,5,target_med_season_idx,-0.00787
MED00291,5,target_med_season_idx,-0.00342
MED00292,5,target_med_season_idx,0.01142
MED00293,5,target_med_season_idx,-0.00817
MED00294,5,target_med_season_idx,0.00727
MED00295,5,target_med_season_idx,-0.02575
MED00296,5,target_med_season_idx,-0.00943
MED00297,5,target_med_season_idx,-0.00744
MED00298,5,target_med_season_idx,-0.01487
MED00299,5,target_med_season_idx,0.0026
MED00300,5,target_med_season_idx,-0.01557
MED00301,5,target_med_season_idx,-0.00966
MED00302,5,target_med_season_idx,-0.00687
MED00303,5,target_med_season_idx,-0.0061
MED00304,5,target_med_season_idx,-0.00365
MED00305,5,target_med_season_idx,-0.00965
MED00306,5,target_med_season_idx,-0.03115
MED00307,5,target_med_season_idx,-0.00243
MED00308,5,target_med_season_idx,-0.00987
MED00309,5,target_med_season_idx,-0.00263
MED00310,5,target_med_season_idx,0.01477
MED00311,5,target_med_season_idx,-0.00156
MED00312,5,target_med_season_idx,0.01153
MED00313,5,target_med_season_idx,-0.02346
MED00314,5,target_med_season_idx,-0.01034
MED00315,5,target_med_season_idx,-0.01061
MED00316,5,target_med_season_idx,-0.00807
MED00317,5,target_med_season_idx,-0.01665
MED00318,5,target_med_season_idx,-0.00913
MED00319,5,target_med_season_idx,-0.01176
MED00320,5,target_med_season_idx,-0.0032
MED00321,5,target_med_season_idx,-0.01824
MED00322,5,target_med_season_idx,-0.02667
MED00323,5,target_med_season_idx,0.00407
MED00324,5,target_med_season_idx,0.0024
MED00325,5,target_med_season_idx,-0.01193
MED00326,5,target_med_season_idx,-0.00842
MED00327,5,target_med_season_idx,-0.00699
MED00328,5,target_med_season_idx,-0.01042
MED00329,5,target_med_season_idx,-0.01059
MED00330,5,target_med_season_idx,-0.00979
MED00331,5,target_med_season_idx,-0.00631
MED00332,5,target_med_season_idx,-0.00341
MED00333,5,target_med_season_idx,-0.0188
MED00334,5,target_med_season_idx,-0.00783
MED00335,5,target_med_season_idx,-0.0077
MED00336,5,target_med_season_idx,-0.0108
MED00337,5,target_med_season_idx,-0.00186
MED00338,5,target_med_season_idx,-0.00695
MED00339,5,target_med_season_idx,-0.00379
MED00340,5,target_med_season_idx,-0.00906
MED00341,5,target_med_season_idx,-0.00877
MED00342,5,target_med_season_idx,-0.01323
MED00343,5,target_med_season_idx,-0.01279
MED00344,5,target_med_season_idx,0.00144
MED00345,5,target_med_season_idx,-0.02763
MED00346,5,target_med_season_idx,-0.00279
MED00347,5,target_med_season_idx,-0.01746
MED00348,5,target_med_season_idx,-0.00151
MED00349,5,target_med_season_idx,-0.01667
MED00350,5,target_med_season_idx,-0.01465
MED00351,5,target_med_season_idx,-0.02307
MED00352,5,target_med_season_idx,-0.04568
MED00353,5,target_med_season_idx,-0.01543
MED00354,5,target_med_season_idx,-0.01221
MED00355,5,target_med_season_idx,-0.01202
MED00356,5,target_med_season_idx,-0.01037
MED00357,5,target_med_season_idx,-0.02379
MED00358,5,target_med_season_idx,0.01889
MED00359,5,target_med_season_idx,-0.01179
MED00360,5,target_med_season_idx,-0.01405
MED00361,5,target_med_season_idx,-0.01586
MED00362,5,target_med_season_idx,-0.01324
MED00363,5,target_med_season_idx,-0.011
MED00364,5,target_med_season_idx,-0.01753
MED00365,5,target_med_season_idx,-0.01497
MED00366,5,target_med_season_idx,-0.01365
MED00367,5,target_med_season_idx,-0.01425
MED00368,5,target_med_season_idx,-0.00933
MED00369,5,target_med_season_idx,-0.00902
MED00370,5,target_med_season_idx,0.0133
MED00371,5,target_med_season_idx,-0.00589
MED00372,5,target_med_season_idx,-0.02803
MED00373,5,target_med_season_idx,-0.01309
MED00374,5,target_med_season_idx,0.00327
MED00375,5,target_med_season_idx,-0.00553
MED00376,5,target_med_season_idx,-0.01335
MED00377,5,target_med_season_idx,-0.01366
MED00378,5,target_med_season_idx,-0.01524
MED00379,5,target_med_season_idx,-0.02091
MED00380,5,target_med_season_idx,-0.02549
MED00381,5,target_med_season_idx,-0.00755
MED00382,5,target_med_season_idx,0.00315
MED00383,5,target_med_season_idx,-0.00892
MED00384,5,target_med_season_idx,-0.01066
MED00385,5,target_med_season_idx,-0.00997
MED00386,5,target_med_season_idx,-0.00814
MED00387,5,target_med_season_idx,-0.01206
MED00388,5,target_med_season_idx,-0.00189
MED00389,5,target_med_season_idx,-0.00823
MED00390,5,target_med_season_idx,-0.01176
MED00391,5,target_med_season_idx,-0.01027
MED00392,5,target_med_season_idx,-0.01249
MED00393,5,target_med_season_idx,-0.00779
MED00394,5,target_med_season_idx,-0.00916
MED00395,5,target_med_season_idx,-0.01083
MED00396,5,target_med_season_idx,-0.00307
MED00397,5,target_med_season_idx,-0.0032
MED00398,5,target_med_season_idx,-0.0012
MED00399,5,target_med_season_idx,-0.00027
MED00400,5,target_med_season_idx,-0.00246
MED00401,5,target_med_season_idx,0.00873
MED00402,5,target_med_season_idx,0.02446
MED00403,5,target_med_season_idx,-0.00763
MED00404,5,target_med_season_idx,-0.00478
MED00405,5,target_med_season_idx,-0.00739
MED00406,5,target_med_season_idx,-0.00807
MED00407,5,target_med_season_idx,0.01046
MED00408,5,target_med_season_idx,0.02232
MED00409,5,target_med_season_idx,-0.00601
MED00410,5,target_med_season_idx,-0.00562
MED00411,5,target_med_season_idx,0.01392
MED00412,5,target_med_season_idx,0.0144
MED00413,5,target_med_season_idx,0.01047
MED00414,5,target_med_season_idx,0.01362
MED00415,5,target_med_season_idx,0.01671
MED00416,5,target_med_season_idx,0.01422
MED00417,5,target_med_season_idx,-0.00635
MED00418,5,target_med_season_idx,-0.00864
MED00419,5,target_med_season_idx,-0.00962
MED00420,5,target_med_season_idx,0.00648
MED00421,5,target_med_season_idx,-0.01419
MED00422,5,target_med_season_idx,0.00889
MED00423,5,target_med_season_idx,-0.01164
MED00424,5,target_med_season_idx,-0.00443
MED00001,6,target_med_season_idx,-0.00803
MED00002,6,target_med_season_idx,-0.02084
MED00003,6,target_med_season_idx,-0.02169
MED00004,6,target_med_season_idx,-0.01667
MED00005,6,target_med_season_idx,-0.01413
MED00006,6,target_med_season_idx,-0.00176
MED00007,6,target_med_season_idx,-0.00655
MED00008,6,target_med_season_idx,-0.00746
MED00009,6,target_med_season_idx,-0.00759
MED00010,6,target_med_season_idx,-0.00805
MED00011,6,target_med_season_idx,-0.00512
MED00012,6,target_med_season_idx,-0.0123
MED00013,6,target_med_season_idx,-0.00551
MED00014,6,target_med_season_idx,-0.01204
MED00015,6,target_med_season_idx,-0.01051
MED00016,6,target_med_season_idx,-0.02045
MED00017,6,target_med_season_idx,-0.01385
MED00018,6,target_med_season_idx,-0.00182
MED00019,6,target_med_season_idx,-0.00293
MED00020,6,target_med_season_idx,-0.00767
MED00021,6,target_med_season_idx,-0.0028
MED00022,6,target_med_season_idx,-0.01158
MED00023,6,target_med_season_idx,-0.0027
MED00024,6,target_med_season_idx,-0.00445
MED00025,6,target_med_season_idx,-0.01815
MED00026,6,target_med_season_idx,-0.01811
MED00027,6,target_med_season_idx,-0.02791
MED00028,6,target_med_season_idx,-0.00498
MED00029,6,target_med_season_idx,-0.00476
MED00030,6,target_med_season_idx,-0.00351
MED00031,6,target_med_season_idx,-0.00011
MED00032,6,target_med_season_idx,-0.00016
MED00033,6,target_med_season_idx,-0.01273
MED00034,6,target_med_season_idx,-0.00856
MED00035,6,target_med_season_idx,-0.01831
MED00036,6,target_med_season_idx,-0.02018
MED00037,6,target_med_season_idx,0.00585
MED00038,6,target_med_season_idx,-0.00799
MED00039,6,target_med_season_idx,0.00907
MED00040,6,target_med_season_idx,-0.00243
MED00041,6,target_med_season_idx,0.01276
MED00042,6,target_med_season_idx,-0.0074
MED00043,6,target_med_season_idx,-0.02096
MED00044,6,target_med_season_idx,-0.00789
MED00045,6,target_med_season_idx,-0.00406
MED00046,6,target_med_season_idx,-0.00215
MED00047,6,target_med_season_idx,-0.00854
MED00048,6,target_med_season_idx,-0.01187
MED00049,6,target_med_season_idx,-0.02816
MED00050,6,target_med_season_idx,-0.00932
MED00051,6,target_med_season_idx,-0.01608
MED00052,6,target_med_season_idx,-0.01093
MED00053,6,target_med_season_idx,-0.00455
MED00054,6,target_med_season_idx,-0.00838
MED00055,6,target_med_season_idx,-0.0105
MED00056,6,target_med_season_idx,0.00156
MED00057,6,target_med_season_idx,0.00257
MED00058,6,target_med_season_idx,-0.00539
MED00059,6,target_med_season_idx,-0.01142
MED00060,6,target_med_season_idx,0.02606
MED00061,6,target_med_season_idx,-0.01229
MED00062,6,target_med_season_idx,0.0162
MED00063,6,target_med_season_idx,-0.01923
MED00064,6,target_med_season_idx,-0.00254
MED00065,6,target_med_season_idx,-0.0038
MED00066,6,target_med_season_idx,-0.01057
MED00067,6,target_med_season_idx,-0.01431
MED00068,6,target_med_season_idx,-0.00433
MED00069,6,target_med_season_idx,-0.00446
MED00070,6,target_med_season_idx,-0.00723
MED00071,6,target_med_season_idx,-0.00703
MED00072,6,target_med_season_idx,-0.01158
MED00073,6,target_med_season_idx,-0.00514
MED00074,6,target_med_season_idx,-0.00376
MED00075,6,target_med_season_idx,0.01215
MED00076,6,target_med_season_idx,-0.01622
MED00077,6,target_med_season_idx,-0.00493
MED00078,6,target_med_season_idx,-0.00357
MED00079,6,target_med_season_idx,-0.00541
MED00080,6,target_med_season_idx,-0.00612
MED00081,6,target_med_season_idx,-0.01971
MED00082,6,target_med_season_idx,-0.0034
MED00083,6,target_med_season_idx,-0.0024
MED00084,6,target_med_season_idx,-0.00245
MED00085,6,target_med_season_idx,-0.01615
MED00086,6,target_med_season_idx,0.01111
MED00087,6,target_med_season_idx,-0.00567
MED00088,6,target_med_season_idx,-0.00343
MED00089,6,target_med_season_idx,-0.00796
MED00090,6,target_med_season_idx,-0.01001
MED00091,6,target_med_season_idx,-0.01094
MED00092,6,target_med_season_idx,-0.0109
MED00093,6,target_med_season_idx,-0.01826
MED00094,6,target_med_season_idx,-0.01229
MED00095,6,target_med_season_idx,-0.00915
MED00096,6,target_med_season_idx,-0.01027
MED00097,6,target_med_season_idx,-0.00956
MED00098,6,target_med_season_idx,-0.01169
MED00099,6,target_med_season_idx,-0.02353
MED00100,6,target_med_season_idx,-0.01754
MED00101,6,target_med_season_idx,-0.00899
MED00102,6,target_med_season_idx,0.01226
MED00103,6,target_med_season_idx,-0.00881
MED00104,6,target_med_season_idx,-0.01155
MED00105,6,target_med_season_idx,-0.00939
MED00106,6,target_med_season_idx,-0.02153
MED00107,6,target_med_season_idx,-0.01152
MED00108,6,target_med_season_idx,-0.00798
MED00109,6,target_med_season_idx,-0.02356
MED00110,6,target_med_season_idx,-0.0353
MED00111,6,target_med_season_idx,-0.00899
MED00112,6,target_med_season_idx,-0.0138
MED00113,6,target_med_season_idx,-0.00766
MED00114,6,target_med_season_idx,-0.00712
MED00115,6,target_med_season_idx,-0.01513
MED00116,6,target_med_season_idx,-0.00696
MED00117,6,target_med_season_idx,-0.00467
MED00118,6,target_med_season_idx,-0.00264
MED00119,6,target_med_season_idx,-0.01359
MED00120,6,target_med_season_idx,-0.00927
MED00121,6,target_med_season_idx,-0.00216
MED00122,6,target_med_season_idx,-0.01427
MED00123,6,target_med_season_idx,0.00225
MED00124,6,target_med_season_idx,-0.01191
MED00125,6,target_med_season_idx,-0.01729
MED00126,6,target_med_season_idx,-0.01648
MED00127,6,target_med_season_idx,-0.00735
MED00128,6,target_med_season_idx,-0.01411
MED00129,6,target_med_season_idx,-0.00903
MED00130,6,target_med_season_idx,-0.02773
MED00131,6,target_med_season_idx,-0.00651
MED00132,6,target_med_season_idx,0.01602
MED00133,6,target_med_season_idx,0.0097
MED00134,6,target_med_season_idx,-0.04412
MED00135,6,target_med_season_idx,-0.00869
MED00136,6,target_med_season_idx,-0.01126
MED00137,6,target_med_season_idx,-0.00681
MED00138,6,target_med_season_idx,-0.01268
MED00139,6,target_med_season_idx,-0.00597
MED00140,6,target_med_season_idx,-0.00833
MED00141,6,target_med_season_idx,-0.00268
MED00142,6,target_med_season_idx,-0.013
MED00143,6,target_med_season_idx,-0.00811
MED00144,6,target_med_season_idx,-0.01009
MED00145,6,target_med_season_idx,-0.00965
MED00146,6,target_med_season_idx,-0.01832
MED00147,6,target_med_season_idx,0.01161
MED00148,6,target_med_season_idx,0.02371
MED00149,6,target_med_season_idx,-0.00736
MED00150,6,target_med_season_idx,-0.01356
MED00151,6,target_med_season_idx,-0.014
MED00152,6,target_med_season_idx,-0.01433
MED00153,6,target_med_season_idx,-0.01429
MED00154,6,target_med_season_idx,-0.00661
MED00155,6,target_med_season_idx,-0.01128
MED00156,6,target_med_season_idx,0.00806
MED00157,6,target_med_season_idx,-0.00967
MED00158,6,target_med_season_idx,-0.02121
MED00159,6,target_med_season_idx,-0.01075
MED00160,6,target_med_season_idx,-0.00863
MED00161,6,target_med_season_idx,-0.01015
MED00162,6,target_med_season_idx,-0.01491
MED00163,6,target_med_season_idx,-0.02121
MED00164,6,target_med_season_idx,-0.00836
MED00165,6,target_med_season_idx,-0.00735
MED00166,6,target_med_season_idx,-0.01374
MED00167,6,target_med_season_idx,-0.00943
MED00168,6,target_med_season_idx,-0.01324
MED00169,6,target_med_season_idx,-0.00763
MED00170,6,target_med_season_idx,-0.01056
MED00171,6,target_med_season_idx,-0.01165
MED00172,6,target_med_season_idx,-0.01933
MED00173,6,target_med_season_idx,-0.01575
MED00174,6,target_med_season_idx,-0.00419
MED00175,6,target_med_season_idx,-0.01101
MED00176,6,target_med_season_idx,-0.00959
MED00177,6,target_med_season_idx,-0.02112
MED00178,6,target_med_season_idx,0.00896
MED00179,6,target_med_season_idx,-0.03317
MED00180,6,target_med_season_idx,-0.0171
MED00181,6,target_med_season_idx,-0.00886
MED00182,6,target_med_season_idx,-0.02768
MED00183,6,target_med_season_idx,-0.00231
MED00184,6,target_med_season_idx,-0.00623
MED00185,6,target_med_season_idx,-0.01572
MED00186,6,target_med_season_idx,-0.00933
MED00187,6,target_med_season_idx,-0.0037
MED00188,6,target_med_season_idx,-0.00868
MED00189,6,target_med_season_idx,-0.02516
MED00190,6,target_med_season_idx,-0.01499
MED00191,6,target_med_season_idx,-0.00848
MED00192,6,target_med_season_idx,-0.02222
MED00193,6,target_med_season_idx,-0.0254
MED00194,6,target_med_season_idx,-0.0053
MED00195,6,target_med_season_idx,-0.00497
MED00196,6,target_med_season_idx,-0.00439
MED00197,6,target_med_season_idx,-0.00578
MED00198,6,target_med_season_idx,-0.00382
MED00199,6,target_med_season_idx,-0.00482
MED00200,6,target_med_season_idx,-0.00906
MED00201,6,target_med_season_idx,0.01873
MED00202,6,target_med_season_idx,-0.01019
MED00203,6,target_med_season_idx,-0.01079
MED00204,6,target_med_season_idx,-0.01368
MED00205,6,target_med_season_idx,-0.0095
MED00206,6,target_med_season_idx,-0.01614
MED00207,6,target_med_season_idx,-0.01341
MED00208,6,target_med_season_idx,-0.00821
MED00209,6,target_med_season_idx,0.00153
MED00210,6,target_med_season_idx,-0.00854
MED00211,6,target_med_season_idx,-0.01676
MED00212,6,target_med_season_idx,-0.00344
MED00213,6,target_med_season_idx,-0.01509
MED00214,6,target_med_season_idx,-0.01216
MED00215,6,target_med_season_idx,-0.01221
MED00216,6,target_med_season_idx,-0.01654
MED00217,6,target_med_season_idx,-0.0173
MED00218,6,target_med_season_idx,-0.00732
MED00219,6,target_med_season_idx,-0.00507
MED00220,6,target_med_season_idx,-0.01417
MED00221,6,target_med_season_idx,-0.00145
MED00222,6,target_med_season_idx,-0.00725
MED00223,6,target_med_season_idx,-0.00917
MED00224,6,target_med_season_idx,-0.00768
MED00225,6,target_med_season_idx,-0.01017
MED00226,6,target_med_season_idx,-0.00629
MED00227,6,target_med_season_idx,-0.00585
MED00228,6,target_med_season_idx,-0.00959
MED00229,6,target_med_season_idx,-0.01345
MED00230,6,target_med_season_idx,-0.00629
MED00231,6,target_med_season_idx,-0.00554
MED00232,6,target_med_season_idx,-0.0024
MED00233,6,target_med_season_idx,0.00919
MED00234,6,target_med_season_idx,-0.00904
MED00235,6,target_med_season_idx,-0.00347
MED00236,6,target_med_season_idx,-0.00799
MED00237,6,target_med_season_idx,-0.00462
MED00238,6,target_med_season_idx,-0.01215
MED00239,6,target_med_season_idx,-0.01032
MED00240,6,target_med_season_idx,-0.00491
MED00241,6,target_med_season_idx,-0.00989
MED00242,6,target_med_season_idx,-0.00595
MED00243,6,target_med_season_idx,-0.02021
MED00244,6,target_med_season_idx,-0.01362
MED00245,6,target_med_season_idx,-0.00274
MED00246,6,target_med_season_idx,-0.00788
MED00247,6,target_med_season_idx,-0.0094
MED00248,6,target_med_season_idx,-0.00918
MED00249,6,target_med_season_idx,-0.00237
MED00250,6,target_med_season_idx,-0.00406
MED00251,6,target_med_season_idx,-0.00797
MED00252,6,target_med_season_idx,-0.01529
MED00253,6,target_med_season_idx,-0.00529
MED00254,6,target_med_season_idx,-0.02217
MED00255,6,target_med_season_idx,-0.00091
MED00256,6,target_med_season_idx,-0.01145
MED00257,6,target_med_season_idx,-0.00418
MED00258,6,target_med_season_idx,-0.0121
MED00259,6,target_med_season_idx,-0.01731
MED00260,6,target_med_season_idx,-0.02924
MED00261,6,target_med_season_idx,-0.01378
MED00262,6,target_med_season_idx,-0.00446
MED00263,6,target_med_season_idx,-0.00964
MED00264,6,target_med_season_idx,-0.03834
MED00265,6,target_med_season_idx,-0.00794
MED00266,6,target_med_season_idx,-0.00903
MED00267,6,target_med_season_idx,-0.00549
MED00268,6,target_med_season_idx,-0.00789
MED00269,6,target_med_season_idx,-0.01177
MED00270,6,target_med_season_idx,-0.01406
MED00271,6,target_med_season_idx,-0.03094
MED00272,6,target_med_season_idx,-0.00601
MED00273,6,target_med_season_idx,-0.00727
MED00274,6,target_med_season_idx,0.00781
MED00275,6,target_med_season_idx,-0.01178
MED00276,6,target_med_season_idx,-0.01351
MED00277,6,target_med_season_idx,-0.02516
MED00278,6,target_med_season_idx,-0.01119
MED00279,6,target_med_season_idx,-0.00683
MED00280,6,target_med_season_idx,-0.01702
MED00281,6,target_med_season_idx,-0.01077
MED00282,6,target_med_season_idx,-0.00802
MED00283,6,target_med_season_idx,-0.014
MED00284,6,target_med_season_idx,0.0013
MED00285,6,target_med_season_idx,-0.00895
MED00286,6,target_med_season_idx,-0.00912
MED00287,6,target_med_season_idx,-0.01201
MED00288,6,target_med_season_idx,-0.00359
MED00289,6,target_med_season_idx,-0.0061
MED00290,6,target_med_season_idx,-0.00771
MED00291,6,target_med_season_idx,-0.0032
MED00292,6,target_med_season_idx,0.01119
MED00293,6,target_med_season_idx,-0.00799
MED00294,6,target_med_season_idx,0.00742
MED00295,6,target_med_season_idx,-0.0265
MED00296,6,target_med_season_idx,-0.00942
MED00297,6,target_med_season_idx,-0.00748
MED00298,6,target_med_season_idx,-0.01492
MED00299,6,target_med_season_idx,0.00288
MED00300,6,target_med_season_idx,-0.01527
MED00301,6,target_med_season_idx,-0.00963
MED00302,6,target_med_season_idx,-0.00691
MED00303,6,target_med_season_idx,-0.00591
MED00304,6,target_med_season_idx,-0.00364
MED00305,6,target_med_season_idx,-0.00956
MED00306,6,target_med_season_idx,-0.03122
MED00307,6,target_med_season_idx,-0.00244
MED00308,6,target_med_season_idx,-0.00991
MED00309,6,target_med_season_idx,-0.00266
MED00310,6,target_med_season_idx,0.01482
MED00311,6,target_med_season_idx,-0.0014
MED00312,6,target_med_season_idx,0.01165
MED00313,6,target_med_season_idx,-0.02352
MED00314,6,target_med_season_idx,-0.01038
MED00315,6,target_med_season_idx,-0.01055
MED00316,6,target_med_season_idx,-0.00804
MED00317,6,target_med_season_idx,-0.01668
MED00318,6,target_med_season_idx,-0.01185
MED00319,6,target_med_season_idx,-0.01175
MED00320,6,target_med_season_idx,-0.00318
MED00321,6,target_med_season_idx,-0.01807
MED00322,6,target_med_season_idx,-0.02707
MED00323,6,target_med_season_idx,0.01025
MED00324,6,target_med_season_idx,0.00257
MED00325,6,target_med_season_idx,-0.01191
MED00326,6,target_med_season_idx,-0.0084
MED00327,6,target_med_season_idx,-0.00704
MED00328,6,target_med_season_idx,-0.01037
MED00329,6,target_med_season_idx,-0.01058
MED00330,6,target_med_season_idx,-0.00978
MED00331,6,target_med_season_idx,-0.00629
MED00332,6,target_med_season_idx,-0.00343
MED00333,6,target_med_season_idx,-0.01885
MED00334,6,target_med_season_idx,-0.00773
MED00335,6,target_med_season_idx,-0.00766
MED00336,6,target_med_season_idx,-0.01079
MED00337,6,target_med_season_idx,-0.00188
MED00338,6,target_med_season_idx,-0.00693
MED00339,6,target_med_season_idx,-0.0036
MED00340,6,target_med_season_idx,-0.0091
MED00341,6,target_med_season_idx,-0.00876
MED00342,6,target_med_season_idx,-0.01323
MED00343,6,target_med_season_idx,-0.01272
MED00344,6,target_med_season_idx,0.0017
MED00345,6,target_med_season_idx,-0.02806
MED00346,6,target_med_season_idx,-0.00273
MED00347,6,target_med_season_idx,-0.01785
MED00348,6,target_med_season_idx,-0.00151
MED00349,6,target_med_season_idx,-0.01672
MED00350,6,target_med_season_idx,-0.01467
MED00351,6,target_med_season_idx,-0.02346
MED00352,6,target_med_season_idx,-0.04607
MED00353,6,target_med_season_idx,-0.01581
MED00354,6,target_med_season_idx,-0.01215
MED00355,6,target_med_season_idx,-0.01082
MED00356,6,target_med_season_idx,-0.01038
MED00357,6,target_med_season_idx,-0.02381
MED00358,6,target_med_season_idx,0.01892
MED00359,6,target_med_season_idx,-0.01175
MED00360,6,target_med_season_idx,-0.01388
MED00361,6,target_med_season_idx,-0.01593
MED00362,6,target_med_season_idx,-0.01329
MED00363,6,target_med_season_idx,-0.01071
MED00364,6,target_med_season_idx,-0.01792
MED00365,6,target_med_season_idx,-0.01492
MED00366,6,target_med_season_idx,-0.01363
MED00367,6,target_med_season_idx,-0.01416
MED00368,6,target_med_season_idx,-0.00934
MED00369,6,target_med_season_idx,-0.00893
MED00370,6,target_med_season_idx,0.0135
MED00371,6,target_med_season_idx,-0.00593
MED00372,6,target_med_season_idx,-0.02821
MED00373,6,target_med_season_idx,-0.01323
MED00374,6,target_med_season_idx,0.01061
MED00375,6,target_med_season_idx,-0.00555
MED00376,6,target_med_season_idx,-0.01339
MED00377,6,target_med_season_idx,-0.0138
MED00378,6,target_med_season_idx,-0.01528
MED00379,6,target_med_season_idx,-0.02059
MED00380,6,target_med_season_idx,-0.0259
MED00381,6,target_med_season_idx,-0.00757
MED00382,6,target_med_season_idx,0.00347
MED00383,6,target_med_season_idx,-0.00886
MED00384,6,target_med_season_idx,-0.01061
MED00385,6,target_med_season_idx,-0.00997
MED00386,6,target_med_season_idx,-0.00813
MED00387,6,target_med_season_idx,-0.01205
MED00388,6,target_med_season_idx,-0.00192
MED00389,6,target_med_season_idx,-0.00803
MED00390,6,target_med_season_idx,-0.01173
MED00391,6,target_med_season_idx,-0.01019
MED00392,6,target_med_season_idx,-0.01245
MED00393,6,target_med_season_idx,-0.00774
MED00394,6,target_med_season_idx,-0.00913
MED00395,6,target_med_season_idx,-0.0108
MED00396,6,target_med_season_idx,-0.00302
MED00397,6,target_med_season_idx,-0.00321
MED00398,6,target_med_season_idx,-0.00123
MED00399,6,target_med_season_idx,-0.00023
MED00400,6,target_med_season_idx,-0.00244
MED00401,6,target_med_season_idx,0.00883
MED00402,6,target_med_season_idx,0.02457
MED00403,6,target_med_season_idx,-0.00741
MED00404,6,target_med_season_idx,-0.00456
MED00405,6,target_med_season_idx,-0.00718
MED00406,6,target_med_season_idx,-0.00786
MED00407,6,target_med_season_idx,0.01068
MED00408,6,target_med_season_idx,0.02242
MED00409,6,target_med_season_idx,-0.00593
MED00410,6,target_med_season_idx,-0.00556
MED00411,6,target_med_season_idx,0.01404
MED00412,6,target_med_season_idx,0.01441
MED00413,6,target_med_season_idx,0.01062
MED00414,6,target_med_season_idx,0.01394
MED00415,6,target_med_season_idx,0.01676
MED00416,6,target_med_season_idx,0.01446
MED00417,6,target_med_season_idx,-0.00621
MED00418,6,target_med_season_idx,-0.00864
MED00419,6,target_med_season_idx,-0.00952
MED00420,6,target_med_season_idx,0.00742
MED00421,6,target_med_season_idx,-0.01408
MED00422,6,target_med_season_idx,0.00909
MED00423,6,target_med_season_idx,-0.01166
MED00424,6,target_med_season_idx,-0.00431
MED00001,7,target_med_season_idx,-0.00805
MED00002,7,target_med_season_idx,-0.02054
MED00003,7,target_med_season_idx,-0.02139
MED00004,7,target_med_season_idx,-0.01666
MED00005,7,target_med_season_idx,-0.01411
MED00006,7,target_med_season_idx,-0.00174
MED00007,7,target_med_season_idx,-0.00652
MED00008,7,target_med_season_idx,-0.00769
MED00009,7,target_med_season_idx,-0.00758
MED00010,7,target_med_season_idx,-0.00802
MED00011,7,target_med_season_idx,-0.0049
MED00012,7,target_med_season_idx,-0.01225
MED00013,7,target_med_season_idx,-0.0054
MED00014,7,target_med_season_idx,-0.01202
MED00015,7,target_med_season_idx,-0.01021
MED00016,7,target_med_season_idx,-0.02037
MED00017,7,target_med_season_idx,-0.01381
MED00018,7,target_med_season_idx,-0.00159
MED00019,7,target_med_season_idx,-0.00274
MED00020,7,target_med_season_idx,-0.00763
MED00021,7,target_med_season_idx,-0.00278
MED00022,7,target_med_season_idx,-0.01136
MED00023,7,target_med_season_idx,-0.0027
MED00024,7,target_med_season_idx,-0.00445
MED00025,7,target_med_season_idx,-0.01905
MED00026,7,target_med_season_idx,-0.01812
MED00027,7,target_med_season_idx,-0.02795
MED00028,7,target_med_season_idx,-0.00467
MED00029,7,target_med_season_idx,-0.00471
MED00030,7,target_med_season_idx,-0.0035
MED00033,7,target_med_season_idx,-0.01274
MED00034,7,target_med_season_idx,-0.00855
MED00035,7,target_med_season_idx,-0.01925
MED00036,7,target_med_season_idx,-0.0203
MED00037,7,target_med_season_idx,0.0059
MED00038,7,target_med_season_idx,-0.00796
MED00039,7,target_med_season_idx,0.00908
MED00040,7,target_med_season_idx,-0.00242
MED00041,7,target_med_season_idx,0.01276
MED00042,7,target_med_season_idx,-0.00737
MED00043,7,target_med_season_idx,-0.02066
MED00044,7,target_med_season_idx,-0.00788
MED00045,7,target_med_season_idx,-0.00404
MED00046,7,target_med_season_idx,-0.00215
MED00047,7,target_med_season_idx,-0.00846
MED00048,7,target_med_season_idx,-0.01183
MED00049,7,target_med_season_idx,-0.02787
MED00050,7,target_med_season_idx,-0.00931
MED00051,7,target_med_season_idx,-0.00744
MED00052,7,target_med_season_idx,-0.01063
MED00053,7,target_med_season_idx,-0.00452
MED00054,7,target_med_season_idx,-0.00835
MED00055,7,target_med_season_idx,-0.01051
MED00056,7,target_med_season_idx,0.00158
MED00057,7,target_med_season_idx,0.00253
MED00058,7,target_med_season_idx,-0.00537
MED00059,7,target_med_season_idx,-0.0114
MED00060,7,target_med_season_idx,0.027
MED00061,7,target_med_season_idx,-0.01228
MED00062,7,target_med_season_idx,0.01879
MED00063,7,target_med_season_idx,-0.01058
MED00064,7,target_med_season_idx,-0.00248
MED00065,7,target_med_season_idx,-0.00377
MED00066,7,target_med_season_idx,-0.01026
MED00067,7,target_med_season_idx,-0.0143
MED00068,7,target_med_season_idx,-0.00431
MED00069,7,target_med_season_idx,-0.0049
MED00070,7,target_med_season_idx,-0.00722
MED00071,7,target_med_season_idx,-0.00701
MED00072,7,target_med_season_idx,-0.01157
MED00073,7,target_med_season_idx,-0.00513
MED00074,7,target_med_season_idx,-0.00374
MED00075,7,target_med_season_idx,0.01251
MED00076,7,target_med_season_idx,-0.01592
MED00077,7,target_med_season_idx,-0.00491
MED00078,7,target_med_season_idx,-0.00348
MED00079,7,target_med_season_idx,-0.00539
MED00080,7,target_med_season_idx,-0.00611
MED00081,7,target_med_season_idx,-0.01941
MED00082,7,target_med_season_idx,-0.00337
MED00083,7,target_med_season_idx,-0.00237
MED00084,7,target_med_season_idx,-0.00218
MED00085,7,target_med_season_idx,-0.01613
MED00086,7,target_med_season_idx,0.01119
MED00087,7,target_med_season_idx,-0.00564
MED00088,7,target_med_season_idx,-0.00347
MED00089,7,target_med_season_idx,-0.00795
MED00090,7,target_med_season_idx,-0.00883
MED00091,7,target_med_season_idx,-0.01096
MED00092,7,target_med_season_idx,-0.01085
MED00093,7,target_med_season_idx,-0.01853
MED00094,7,target_med_season_idx,-0.01237
MED00095,7,target_med_season_idx,-0.0091
MED00096,7,target_med_season_idx,-0.0102
MED00097,7,target_med_season_idx,-0.0095
MED00098,7,target_med_season_idx,-0.01167
MED00099,7,target_med_season_idx,-0.02444
MED00100,7,target_med_season_idx,-0.00893
MED00101,7,target_med_season_idx,-0.00897
MED00102,7,target_med_season_idx,0.01228
MED00103,7,target_med_season_idx,-0.0088
MED00104,7,target_med_season_idx,-0.01149
MED00105,7,target_med_season_idx,-0.00937
MED00106,7,target_med_season_idx,-0.01288
MED00107,7,target_med_season_idx,-0.01146
MED00108,7,target_med_season_idx,-0.00788
MED00109,7,target_med_season_idx,-0.02369
MED00110,7,target_med_season_idx,-0.03532
MED00111,7,target_med_season_idx,-0.00898
MED00112,7,target_med_season_idx,-0.01377
MED00113,7,target_med_season_idx,-0.00758
MED00114,7,target_med_season_idx,-0.00705
MED00115,7,target_med_season_idx,-0.01509
MED00116,7,target_med_season_idx,-0.00689
MED00117,7,target_med_season_idx,-0.00463
MED00118,7,target_med_season_idx,-0.00261
MED00119,7,target_med_season_idx,-0.01355
MED00120,7,target_med_season_idx,-0.00926
MED00121,7,target_med_season_idx,-0.00213
MED00122,7,target_med_season_idx,-0.01415
MED00123,7,target_med_season_idx,0.00229
MED00124,7,target_med_season_idx,-0.01188
MED00125,7,target_med_season_idx,-0.017
MED00126,7,target_med_season_idx,-0.01624
MED00127,7,target_med_season_idx,-0.00747
MED00128,7,target_med_season_idx,-0.01405
MED00129,7,target_med_season_idx,-0.00903
MED00130,7,target_med_season_idx,-0.02744
MED00131,7,target_med_season_idx,-0.00653
MED00132,7,target_med_season_idx,0.01601
MED00133,7,target_med_season_idx,0.00969
MED00134,7,target_med_season_idx,-0.04414
MED00135,7,target_med_season_idx,-0.0087
MED00136,7,target_med_season_idx,-0.01127
MED00137,7,target_med_season_idx,-0.0068
MED00138,7,target_med_season_idx,-0.01267
MED00139,7,target_med_season_idx,-0.00596
MED00140,7,target_med_season_idx,-0.00828
MED00141,7,target_med_season_idx,-0.0027
MED00142,7,target_med_season_idx,-0.01304
MED00143,7,target_med_season_idx,-0.00807
MED00144,7,target_med_season_idx,-0.01004
MED00145,7,target_med_season_idx,-0.00963
MED00146,7,target_med_season_idx,-0.01831
MED00147,7,target_med_season_idx,0.01245
MED00148,7,target_med_season_idx,0.02466
MED00149,7,target_med_season_idx,-0.00728
MED00150,7,target_med_season_idx,-0.01355
MED00151,7,target_med_season_idx,-0.01398
MED00152,7,target_med_season_idx,-0.01426
MED00153,7,target_med_season_idx,-0.01428
MED00154,7,target_med_season_idx,-0.00655
MED00155,7,target_med_season_idx,-0.01125
MED00156,7,target_med_season_idx,0.0084
MED00157,7,target_med_season_idx,-0.00961
MED00158,7,target_med_season_idx,-0.02124
MED00159,7,target_med_season_idx,-0.01072
MED00160,7,target_med_season_idx,-0.00858
MED00161,7,target_med_season_idx,-0.01005
MED00162,7,target_med_season_idx,-0.01489
MED00163,7,target_med_season_idx,-0.02091
MED00164,7,target_med_season_idx,-0.00835
MED00165,7,target_med_season_idx,-0.00773
MED00166,7,target_med_season_idx,-0.0137
MED00167,7,target_med_season_idx,-0.00935
MED00168,7,target_med_season_idx,-0.01325
MED00169,7,target_med_season_idx,-0.00763
MED00170,7,target_med_season_idx,-0.01051
MED00171,7,target_med_season_idx,-0.01161
MED00172,7,target_med_season_idx,-0.01935
MED00173,7,target_med_season_idx,-0.01572
MED00174,7,target_med_season_idx,-0.00415
MED00175,7,target_med_season_idx,-0.011
MED00176,7,target_med_season_idx,-0.00957
MED00177,7,target_med_season_idx,-0.02201
MED00178,7,target_med_season_idx,0.009
MED00179,7,target_med_season_idx,-0.03318
MED00180,7,target_med_season_idx,-0.0171
MED00181,7,target_med_season_idx,-0.00881
MED00182,7,target_med_season_idx,-0.02773
MED00183,7,target_med_season_idx,-0.00231
MED00184,7,target_med_season_idx,-0.00617
MED00185,7,target_med_season_idx,-0.01571
MED00186,7,target_med_season_idx,-0.00929
MED00187,7,target_med_season_idx,-0.00369
MED00188,7,target_med_season_idx,-0.00862
MED00189,7,target_med_season_idx,-0.02486
MED00190,7,target_med_season_idx,-0.0149
MED00191,7,target_med_season_idx,-0.00844
MED00192,7,target_med_season_idx,-0.02193
MED00193,7,target_med_season_idx,-0.0251
MED00194,7,target_med_season_idx,-0.00563
MED00195,7,target_med_season_idx,-0.00531
MED00196,7,target_med_season_idx,-0.00437
MED00197,7,target_med_season_idx,-0.00618
MED00198,7,target_med_season_idx,-0.00377
MED00199,7,target_med_season_idx,-0.00481
MED00200,7,target_med_season_idx,-0.00903
MED00201,7,target_med_season_idx,0.01975
MED00202,7,target_med_season_idx,-0.01013
MED00203,7,target_med_season_idx,-0.00922
MED00204,7,target_med_season_idx,-0.01365
MED00205,7,target_med_season_idx,-0.00949
MED00206,7,target_med_season_idx,-0.01614
MED00207,7,target_med_season_idx,-0.01339
MED00208,7,target_med_season_idx,-0.00818
MED00209,7,target_med_season_idx,0.00146
MED00210,7,target_med_season_idx,-0.00862
MED00211,7,target_med_season_idx,-0.01673
MED00212,7,target_med_season_idx,-0.00356
MED00213,7,target_med_season_idx,-0.0151
MED00214,7,target_med_season_idx,-0.01205
MED00215,7,target_med_season_idx,-0.01217
MED00216,7,target_med_season_idx,-0.0079
MED00217,7,target_med_season_idx,-0.017
MED00218,7,target_med_season_idx,-0.00726
MED00219,7,target_med_season_idx,-0.00503
MED00220,7,target_med_season_idx,-0.01385
MED00221,7,target_med_season_idx,-0.00145
MED00222,7,target_med_season_idx,-0.00731
MED00223,7,target_med_season_idx,-0.00914
MED00224,7,target_med_season_idx,-0.00764
MED00225,7,target_med_season_idx,-0.01016
MED00226,7,target_med_season_idx,-0.00629
MED00227,7,target_med_season_idx,-0.00579
MED00228,7,target_med_season_idx,-0.00958
MED00229,7,target_med_season_idx,-0.01346
MED00230,7,target_med_season_idx,-0.00625
MED00231,7,target_med_season_idx,-0.00551
MED00232,7,target_med_season_idx,-0.00241
MED00233,7,target_med_season_idx,0.00919
MED00234,7,target_med_season_idx,-0.00892
MED00235,7,target_med_season_idx,-0.0034
MED00236,7,target_med_season_idx,-0.00795
MED00237,7,target_med_season_idx,-0.0046
MED00238,7,target_med_season_idx,-0.01212
MED00239,7,target_med_season_idx,-0.01027
MED00240,7,target_med_season_idx,-0.00489
MED00241,7,target_med_season_idx,-0.00985
MED00242,7,target_med_season_idx,-0.00588
MED00243,7,target_med_season_idx,-0.01994
MED00244,7,target_med_season_idx,-0.0136
MED00245,7,target_med_season_idx,-0.00217
MED00246,7,target_med_season_idx,-0.00783
MED00247,7,target_med_season_idx,-0.00934
MED00248,7,target_med_season_idx,-0.00929
MED00249,7,target_med_season_idx,-0.00214
MED00250,7,target_med_season_idx,-0.00404
MED00251,7,target_med_season_idx,-0.00796
MED00252,7,target_med_season_idx,-0.01531
MED00253,7,target_med_season_idx,-0.00525
MED00254,7,target_med_season_idx,-0.01915
MED00255,7,target_med_season_idx,-0.00088
MED00256,7,target_med_season_idx,-0.01143
MED00257,7,target_med_season_idx,-0.00415
MED00258,7,target_med_season_idx,-0.01206
MED00259,7,target_med_season_idx,-0.01727
MED00260,7,target_med_season_idx,-0.03178
MED00261,7,target_med_season_idx,-0.01377
MED00262,7,target_med_season_idx,-0.00444
MED00263,7,target_med_season_idx,-0.0096
MED00264,7,target_med_season_idx,-0.03846
MED00265,7,target_med_season_idx,-0.00782
MED00266,7,target_med_season_idx,-0.00901
MED00267,7,target_med_season_idx,-0.00547
MED00268,7,target_med_season_idx,-0.00785
MED00269,7,target_med_season_idx,-0.01178
MED00270,7,target_med_season_idx,-0.01403
MED00271,7,target_med_season_idx,-0.02972
MED00272,7,target_med_season_idx,-0.00599
MED00273,7,target_med_season_idx,-0.00723
MED00274,7,target_med_season_idx,0.0078
MED00275,7,target_med_season_idx,-0.01176
MED00276,7,target_med_season_idx,-0.01346
MED00277,7,target_med_season_idx,-0.02486
MED00278,7,target_med_season_idx,-0.01114
MED00279,7,target_med_season_idx,-0.00676
MED00280,7,target_med_season_idx,-0.0167
MED00281,7,target_med_season_idx,-0.01066
MED00282,7,target_med_season_idx,-0.00801
MED00283,7,target_med_season_idx,-0.01399
MED00284,7,target_med_season_idx,0.00131
MED00285,7,target_med_season_idx,-0.00889
MED00286,7,target_med_season_idx,-0.0091
MED00287,7,target_med_season_idx,-0.01188
MED00288,7,target_med_season_idx,-0.00339
MED00289,7,target_med_season_idx,-0.00607
MED00290,7,target_med_season_idx,-0.00763
MED00291,7,target_med_season_idx,-0.00319
MED00292,7,target_med_season_idx,0.01426
MED00293,7,target_med_season_idx,-0.00797
MED00294,7,target_med_season_idx,0.00743
MED00295,7,target_med_season_idx,-0.02648
MED00296,7,target_med_season_idx,-0.00937
MED00297,7,target_med_season_idx,-0.00741
MED00298,7,target_med_season_idx,-0.01491
MED00299,7,target_med_season_idx,0.00286
MED00300,7,target_med_season_idx,-0.01527
MED00301,7,target_med_season_idx,-0.00957
MED00302,7,target_med_season_idx,-0.00688
MED00303,7,target_med_season_idx,-0.00597
MED00304,7,target_med_season_idx,-0.00363
MED00305,7,target_med_season_idx,-0.00954
MED00306,7,target_med_season_idx,-0.03214
MED00307,7,target_med_season_idx,-0.00239
MED00308,7,target_med_season_idx,-0.00992
MED00309,7,target_med_season_idx,-0.00265
MED00310,7,target_med_season_idx,0.01728
MED00311,7,target_med_season_idx,-0.00263
MED00312,7,target_med_season_idx,0.01164
MED00313,7,target_med_season_idx,-0.02354
MED00314,7,target_med_season_idx,-0.01038
MED00315,7,target_med_season_idx,-0.01042
MED00316,7,target_med_season_idx,-0.00793
MED00317,7,target_med_season_idx,-0.01661
MED00318,7,target_med_season_idx,-0.01186
MED00319,7,target_med_season_idx,-0.01173
MED00320,7,target_med_season_idx,-0.00317
MED00321,7,target_med_season_idx,-0.01806
MED00322,7,target_med_season_idx,-0.02677
MED00323,7,target_med_season_idx,0.01075
MED00324,7,target_med_season_idx,0.00259
MED00325,7,target_med_season_idx,-0.01184
MED00326,7,target_med_season_idx,-0.00835
MED00327,7,target_med_season_idx,-0.00696
MED00328,7,target_med_season_idx,-0.01032
MED00329,7,target_med_season_idx,-0.01053
MED00330,7,target_med_season_idx,-0.00976
MED00331,7,target_med_season_idx,-0.00628
MED00332,7,target_med_season_idx,-0.00338
MED00333,7,target_med_season_idx,-0.01877
MED00334,7,target_med_season_idx,-0.00769
MED00335,7,target_med_season_idx,-0.00766
MED00336,7,target_med_season_idx,-0.01086
MED00337,7,target_med_season_idx,-0.00166
MED00338,7,target_med_season_idx,-0.00709
MED00339,7,target_med_season_idx,-0.00357
MED00340,7,target_med_season_idx,-0.00918
MED00341,7,target_med_season_idx,-0.00874
MED00342,7,target_med_season_idx,-0.01319
MED00343,7,target_med_season_idx,-0.01269
MED00344,7,target_med_season_idx,0.00172
MED00345,7,target_med_season_idx,-0.02776
MED00346,7,target_med_season_idx,-0.00261
MED00347,7,target_med_season_idx,-0.0092
MED00348,7,target_med_season_idx,-0.00115
MED00349,7,target_med_season_idx,-0.01671
MED00350,7,target_med_season_idx,-0.01466
MED00351,7,target_med_season_idx,-0.02348
MED00352,7,target_med_season_idx,-0.04702
MED00353,7,target_med_season_idx,-0.0158
MED00354,7,target_med_season_idx,-0.01214
MED00355,7,target_med_season_idx,-0.01081
MED00356,7,target_med_season_idx,-0.01034
MED00357,7,target_med_season_idx,-0.0235
MED00358,7,target_med_season_idx,0.0198
MED00359,7,target_med_season_idx,-0.01172
MED00360,7,target_med_season_idx,-0.01387
MED00361,7,target_med_season_idx,-0.01573
MED00362,7,target_med_season_idx,-0.01328
MED00363,7,target_med_season_idx,-0.01033
MED00364,7,target_med_season_idx,-0.01003
MED00365,7,target_med_season_idx,-0.01481
MED00366,7,target_med_season_idx,-0.01352
MED00367,7,target_med_season_idx,-0.01408
MED00368,7,target_med_season_idx,-0.00924
MED00369,7,target_med_season_idx,-0.00888
MED00370,7,target_med_season_idx,0.01346
MED00371,7,target_med_season_idx,-0.00595
MED00372,7,target_med_season_idx,-0.02792
MED00373,7,target_med_season_idx,-0.01322
MED00374,7,target_med_season_idx,0.01101
MED00375,7,target_med_season_idx,-0.0055
MED00376,7,target_med_season_idx,-0.01338
MED00377,7,target_med_season_idx,-0.01383
MED00378,7,target_med_season_idx,-0.01527
MED00379,7,target_med_season_idx,-0.02058
MED00380,7,target_med_season_idx,-0.02592
MED00381,7,target_med_season_idx,-0.00757
MED00382,7,target_med_season_idx,0.00663
MED00383,7,target_med_season_idx,-0.00883
MED00384,7,target_med_season_idx,-0.0104
MED00385,7,target_med_season_idx,-0.01109
MED00386,7,target_med_season_idx,-0.00813
MED00387,7,target_med_season_idx,-0.01203
MED00388,7,target_med_season_idx,-0.00169
MED00389,7,target_med_season_idx,-0.008
MED00390,7,target_med_season_idx,-0.0117
MED00391,7,target_med_season_idx,-0.01018
MED00392,7,target_med_season_idx,-0.01244
MED00393,7,target_med_season_idx,-0.00778
MED00394,7,target_med_season_idx,-0.00913
MED00395,7,target_med_season_idx,-0.01081
MED00396,7,target_med_season_idx,-0.0029
MED00397,7,target_med_season_idx,-0.00297
MED00398,7,target_med_season_idx,-0.00097
MED00400,7,target_med_season_idx,-0.00221
MED00401,7,target_med_season_idx,0.00972
MED00402,7,target_med_season_idx,0.02553
MED00403,7,target_med_season_idx,-0.00739
MED00404,7,target_med_season_idx,-0.00449
MED00405,7,target_med_season_idx,-0.00711
MED00406,7,target_med_season_idx,-0.00778
MED00407,7,target_med_season_idx,0.01163
MED00408,7,target_med_season_idx,0.02336
MED00409,7,target_med_season_idx,-0.0059
MED00410,7,target_med_season_idx,-0.00555
MED00411,7,target_med_season_idx,0.01497
MED00412,7,target_med_season_idx,0.01643
MED00413,7,target_med_season_idx,0.0176
MED00414,7,target_med_season_idx,0.01484
MED00415,7,target_med_season_idx,0.01803
MED00416,7,target_med_season_idx,0.01566
MED00417,7,target_med_season_idx,-0.00617
MED00418,7,target_med_season_idx,-0.00862
MED00419,7,target_med_season_idx,-0.00949
MED00420,7,target_med_season_idx,0.00836
MED00421,7,target_med_season_idx,-0.01407
MED00422,7,target_med_season_idx,0.01036
MED00423,7,target_med_season_idx,-0.01049
MED00424,7,target_med_season_idx,-0.00401
MED00001,8,target_med_season_idx,-0.00814
MED00002,8,target_med_season_idx,-0.01741
MED00003,8,target_med_season_idx,-0.01821
MED00004,8,target_med_season_idx,-0.01705
MED00005,8,target_med_season_idx,-0.01449
MED00006,8,target_med_season_idx,-0.00115
MED00007,8,target_med_season_idx,-0.00654
MED00008,8,target_med_season_idx,-0.00767
MED00009,8,target_med_season_idx,-0.0076
MED00010,8,target_med_season_idx,-0.00804
MED00011,8,target_med_season_idx,-0.00492
MED00012,8,target_med_season_idx,-0.01227
MED00013,8,target_med_season_idx,-0.00541
MED00014,8,target_med_season_idx,-0.01204
MED00015,8,target_med_season_idx,-0.01017
MED00016,8,target_med_season_idx,-0.0204
MED00017,8,target_med_season_idx,-0.01385
MED00018,8,target_med_season_idx,-0.00167
MED00019,8,target_med_season_idx,-0.00282
MED00020,8,target_med_season_idx,-0.00763
MED00021,8,target_med_season_idx,-0.00282
MED00022,8,target_med_season_idx,-0.01136
MED00023,8,target_med_season_idx,-0.00271
MED00024,8,target_med_season_idx,-0.00448
MED00025,8,target_med_season_idx,-0.01912
MED00026,8,target_med_season_idx,-0.01816
MED00027,8,target_med_season_idx,-0.02802
MED00028,8,target_med_season_idx,-0.00464
MED00029,8,target_med_season_idx,-0.00474
MED00030,8,target_med_season_idx,-0.00354
MED00031,8,target_med_season_idx,-0.00012
MED00032,8,target_med_season_idx,-0.00012
MED00033,8,target_med_season_idx,-0.01312
MED00034,8,target_med_season_idx,-0.00855
MED00035,8,target_med_season_idx,-0.01961
MED00036,8,target_med_season_idx,-0.02005
MED00037,8,target_med_season_idx,0.00584
MED00038,8,target_med_season_idx,-0.008
MED00039,8,target_med_season_idx,0.0087
MED00040,8,target_med_season_idx,-0.00248
MED00041,8,target_med_season_idx,0.0127
MED00042,8,target_med_season_idx,-0.00741
MED00043,8,target_med_season_idx,-0.01748
MED00044,8,target_med_season_idx,-0.00789
MED00045,8,target_med_season_idx,-0.00405
MED00046,8,target_med_season_idx,-0.00218
MED00047,8,target_med_season_idx,-0.00845
MED00048,8,target_med_season_idx,-0.01187
MED00049,8,target_med_season_idx,-0.02495
MED00050,8,target_med_season_idx,-0.00934
MED00051,8,target_med_season_idx,-0.00743
MED00052,8,target_med_season_idx,-0.00745
MED00053,8,target_med_season_idx,-0.00457
MED00054,8,target_med_season_idx,-0.00836
MED00055,8,target_med_season_idx,-0.0109
MED00056,8,target_med_season_idx,0.00122
MED00057,8,target_med_season_idx,0.00217
MED00058,8,target_med_season_idx,-0.00539
MED00059,8,target_med_season_idx,-0.01143
MED00060,8,target_med_season_idx,0.02911
MED00061,8,target_med_season_idx,-0.0091
MED00062,8,target_med_season_idx,0.01918
MED00063,8,target_med_season_idx,-0.01055
MED00064,8,target_med_season_idx,-0.00251
MED00065,8,target_med_season_idx,-0.00379
MED00066,8,target_med_season_idx,-0.01023
MED00067,8,target_med_season_idx,-0.01432
MED00068,8,target_med_season_idx,-0.00434
MED00069,8,target_med_season_idx,-0.00502
MED00070,8,target_med_season_idx,-0.00708
MED00071,8,target_med_season_idx,-0.00702
MED00072,8,target_med_season_idx,-0.01157
MED00073,8,target_med_season_idx,-0.00513
MED00074,8,target_med_season_idx,-0.00377
MED00075,8,target_med_season_idx,0.01296
MED00076,8,target_med_season_idx,-0.01274
MED00077,8,target_med_season_idx,-0.00446
MED00078,8,target_med_season_idx,-0.0035
MED00079,8,target_med_season_idx,-0.0054
MED00080,8,target_med_season_idx,-0.00655
MED00081,8,target_med_season_idx,-0.01624
MED00082,8,target_med_season_idx,-0.00338
MED00083,8,target_med_season_idx,-0.00243
MED00084,8,target_med_season_idx,-0.0022
MED00085,8,target_med_season_idx,-0.01608
MED00086,8,target_med_season_idx,0.01244
MED00087,8,target_med_season_idx,-0.00569
MED00088,8,target_med_season_idx,-0.00345
MED00089,8,target_med_season_idx,-0.00796
MED00090,8,target_med_season_idx,-0.00885
MED00091,8,target_med_season_idx,-0.01097
MED00092,8,target_med_season_idx,-0.01088
MED00093,8,target_med_season_idx,-0.01858
MED00094,8,target_med_season_idx,-0.0122
MED00095,8,target_med_season_idx,-0.00904
MED00096,8,target_med_season_idx,-0.01021
MED00097,8,target_med_season_idx,-0.00982
MED00098,8,target_med_season_idx,-0.01169
MED00099,8,target_med_season_idx,-0.02452
MED00100,8,target_med_season_idx,-0.0089
MED00101,8,target_med_season_idx,-0.00896
MED00102,8,target_med_season_idx,0.01223
MED00103,8,target_med_season_idx,-0.00882
MED00104,8,target_med_season_idx,-0.0115
MED00105,8,target_med_season_idx,-0.0094
MED00106,8,target_med_season_idx,-0.01285
MED00107,8,target_med_season_idx,-0.01149
MED00108,8,target_med_season_idx,-0.00783
MED00109,8,target_med_season_idx,-0.02371
MED00110,8,target_med_season_idx,-0.03568
MED00111,8,target_med_season_idx,-0.00895
MED00112,8,target_med_season_idx,-0.0138
MED00113,8,target_med_season_idx,-0.00753
MED00114,8,target_med_season_idx,-0.00706
MED00115,8,target_med_season_idx,-0.01477
MED00116,8,target_med_season_idx,-0.00691
MED00117,8,target_med_season_idx,-0.00469
MED00118,8,target_med_season_idx,-0.00264
MED00119,8,target_med_season_idx,-0.01357
MED00120,8,target_med_season_idx,-0.00926
MED00121,8,target_med_season_idx,-0.00215
MED00122,8,target_med_season_idx,-0.01411
MED00123,8,target_med_season_idx,0.00225
MED00124,8,target_med_season_idx,-0.0119
MED00125,8,target_med_season_idx,-0.01456
MED00126,8,target_med_season_idx,-0.0166
MED00127,8,target_med_season_idx,-0.0075
MED00128,8,target_med_season_idx,-0.01407
MED00129,8,target_med_season_idx,-0.00914
MED00130,8,target_med_season_idx,-0.02424
MED00131,8,target_med_season_idx,-0.00653
MED00132,8,target_med_season_idx,0.01583
MED00133,8,target_med_season_idx,0.00967
MED00134,8,target_med_season_idx,-0.04451
MED00135,8,target_med_season_idx,-0.00879
MED00136,8,target_med_season_idx,-0.01133
MED00137,8,target_med_season_idx,-0.00682
MED00138,8,target_med_season_idx,-0.0127
MED00139,8,target_med_season_idx,-0.00596
MED00140,8,target_med_season_idx,-0.00832
MED00141,8,target_med_season_idx,-0.0027
MED00142,8,target_med_season_idx,-0.01301
MED00143,8,target_med_season_idx,-0.00778
MED00144,8,target_med_season_idx,-0.01008
MED00145,8,target_med_season_idx,-0.00649
MED00146,8,target_med_season_idx,-0.01833
MED00147,8,target_med_season_idx,0.01227
MED00148,8,target_med_season_idx,0.02509
MED00149,8,target_med_season_idx,-0.00727
MED00150,8,target_med_season_idx,-0.01359
MED00151,8,target_med_season_idx,-0.014
MED00152,8,target_med_season_idx,-0.01428
MED00153,8,target_med_season_idx,-0.01431
MED00154,8,target_med_season_idx,-0.00656
MED00155,8,target_med_season_idx,-0.01122
MED00156,8,target_med_season_idx,0.00885
MED00157,8,target_med_season_idx,-0.00958
MED00158,8,target_med_season_idx,-0.02132
MED00159,8,target_med_season_idx,-0.01075
MED00160,8,target_med_season_idx,-0.00861
MED00161,8,target_med_season_idx,-0.01008
MED00162,8,target_med_season_idx,-0.01485
MED00163,8,target_med_season_idx,-0.01773
MED00164,8,target_med_season_idx,-0.00835
MED00165,8,target_med_season_idx,-0.00783
MED00166,8,target_med_season_idx,-0.01373
MED00167,8,target_med_season_idx,-0.00938
MED00168,8,target_med_season_idx,-0.01328
MED00169,8,target_med_season_idx,-0.00766
MED00170,8,target_med_season_idx,-0.01046
MED00171,8,target_med_season_idx,-0.01164
MED00172,8,target_med_season_idx,-0.01938
MED00173,8,target_med_season_idx,-0.01576
MED00174,8,target_med_season_idx,-0.00417
MED00175,8,target_med_season_idx,-0.01113
MED00176,8,target_med_season_idx,-0.0096
MED00177,8,target_med_season_idx,-0.02206
MED00178,8,target_med_season_idx,0.00895
MED00179,8,target_med_season_idx,-0.0336
MED00180,8,target_med_season_idx,-0.01715
MED00181,8,target_med_season_idx,-0.00884
MED00182,8,target_med_season_idx,-0.02777
MED00183,8,target_med_season_idx,-0.00232
MED00184,8,target_med_season_idx,-0.00613
MED00185,8,target_med_season_idx,-0.01574
MED00186,8,target_med_season_idx,-0.00925
MED00187,8,target_med_season_idx,-0.00373
MED00188,8,target_med_season_idx,-0.0086
MED00189,8,target_med_season_idx,-0.02168
MED00190,8,target_med_season_idx,-0.01496
MED00191,8,target_med_season_idx,-0.00846
MED00192,8,target_med_season_idx,-0.01878
MED00193,8,target_med_season_idx,-0.02199
MED00194,8,target_med_season_idx,-0.00572
MED00195,8,target_med_season_idx,-0.00532
MED00196,8,target_med_season_idx,-0.00482
MED00197,8,target_med_season_idx,-0.0062
MED00198,8,target_med_season_idx,-0.00379
MED00199,8,target_med_season_idx,-0.00485
MED00200,8,target_med_season_idx,-0.00906
MED00201,8,target_med_season_idx,0.0202
MED00202,8,target_med_season_idx,-0.01015
MED00203,8,target_med_season_idx,-0.00925
MED00204,8,target_med_season_idx,-0.01367
MED00205,8,target_med_season_idx,-0.00951
MED00206,8,target_med_season_idx,-0.01614
MED00207,8,target_med_season_idx,-0.01342
MED00208,8,target_med_season_idx,-0.00821
MED00209,8,target_med_season_idx,0.00037
MED00210,8,target_med_season_idx,-0.00864
MED00211,8,target_med_season_idx,-0.01676
MED00212,8,target_med_season_idx,-0.00358
MED00213,8,target_med_season_idx,-0.01546
MED00214,8,target_med_season_idx,-0.01204
MED00215,8,target_med_season_idx,-0.0122
MED00216,8,target_med_season_idx,-0.00787
MED00217,8,target_med_season_idx,-0.01457
MED00218,8,target_med_season_idx,-0.00705
MED00219,8,target_med_season_idx,-0.00505
MED00220,8,target_med_season_idx,-0.0138
MED00221,8,target_med_season_idx,-0.00145
MED00222,8,target_med_season_idx,-0.00729
MED00223,8,target_med_season_idx,-0.00918
MED00224,8,target_med_season_idx,-0.00766
MED00225,8,target_med_season_idx,-0.01018
MED00226,8,target_med_season_idx,-0.00632
MED00227,8,target_med_season_idx,-0.00581
MED00228,8,target_med_season_idx,-0.00929
MED00229,8,target_med_season_idx,-0.01382
MED00230,8,target_med_season_idx,-0.00625
MED00231,8,target_med_season_idx,-0.00521
MED00232,8,target_med_season_idx,-0.00244
MED00233,8,target_med_season_idx,0.00914
MED00234,8,target_med_season_idx,-0.00894
MED00235,8,target_med_season_idx,-0.00347
MED00236,8,target_med_season_idx,-0.008
MED00237,8,target_med_season_idx,-0.00462
MED00238,8,target_med_season_idx,-0.01214
MED00239,8,target_med_season_idx,-0.0103
MED00240,8,target_med_season_idx,-0.00489
MED00241,8,target_med_season_idx,-0.00981
MED00242,8,target_med_season_idx,-0.00625
MED00243,8,target_med_season_idx,-0.01681
MED00244,8,target_med_season_idx,-0.01364
MED00245,8,target_med_season_idx,-0.0022
MED00246,8,target_med_season_idx,-0.00785
MED00247,8,target_med_season_idx,-0.0093
MED00248,8,target_med_season_idx,-0.00931
MED00249,8,target_med_season_idx,-0.00217
MED00250,8,target_med_season_idx,-0.00407
MED00251,8,target_med_season_idx,-0.008
MED00252,8,target_med_season_idx,-0.00501
MED00253,8,target_med_season_idx,-0.00521
MED00254,8,target_med_season_idx,-0.00886
MED00255,8,target_med_season_idx,-0.00091
MED00256,8,target_med_season_idx,-0.01146
MED00257,8,target_med_season_idx,-0.00414
MED00258,8,target_med_season_idx,-0.0121
MED00259,8,target_med_season_idx,-0.01721
MED00260,8,target_med_season_idx,-0.0317
MED00261,8,target_med_season_idx,-0.01384
MED00262,8,target_med_season_idx,-0.0045
MED00263,8,target_med_season_idx,-0.00954
MED00264,8,target_med_season_idx,-0.03848
MED00265,8,target_med_season_idx,-0.00784
MED00266,8,target_med_season_idx,-0.00903
MED00267,8,target_med_season_idx,-0.0055
MED00268,8,target_med_season_idx,-0.00788
MED00269,8,target_med_season_idx,-0.01168
MED00270,8,target_med_season_idx,-0.01405
MED00271,8,target_med_season_idx,-0.02975
MED00272,8,target_med_season_idx,-0.00603
MED00273,8,target_med_season_idx,-0.00724
MED00274,8,target_med_season_idx,0.00763
MED00275,8,target_med_season_idx,-0.01179
MED00276,8,target_med_season_idx,-0.01344
MED00277,8,target_med_season_idx,-0.02168
MED00278,8,target_med_season_idx,-0.01115
MED00279,8,target_med_season_idx,-0.00682
MED00280,8,target_med_season_idx,-0.01351
MED00281,8,target_med_season_idx,-0.01067
MED00282,8,target_med_season_idx,-0.00849
MED00283,8,target_med_season_idx,-0.01401
MED00284,8,target_med_season_idx,0.00132
MED00285,8,target_med_season_idx,-0.00887
MED00286,8,target_med_season_idx,-0.00913
MED00287,8,target_med_season_idx,-0.0119
MED00288,8,target_med_season_idx,-0.00344
MED00289,8,target_med_season_idx,-0.0061
MED00290,8,target_med_season_idx,-0.0071
MED00291,8,target_med_season_idx,-0.00333
MED00292,8,target_med_season_idx,0.01634
MED00293,8,target_med_season_idx,-0.00799
MED00294,8,target_med_season_idx,0.0074
MED00295,8,target_med_season_idx,-0.02652
MED00296,8,target_med_season_idx,-0.00939
MED00297,8,target_med_season_idx,-0.00743
MED00298,8,target_med_season_idx,-0.01492
MED00299,8,target_med_season_idx,0.00282
MED00300,8,target_med_season_idx,-0.0153
MED00301,8,target_med_season_idx,-0.00959
MED00302,8,target_med_season_idx,-0.00688
MED00303,8,target_med_season_idx,-0.00603
MED00304,8,target_med_season_idx,-0.00367
MED00305,8,target_med_season_idx,-0.00949
MED00306,8,target_med_season_idx,-0.03247
MED00307,8,target_med_season_idx,-0.00242
MED00308,8,target_med_season_idx,-0.00997
MED00309,8,target_med_season_idx,-0.00268
MED00310,8,target_med_season_idx,0.01773
MED00311,8,target_med_season_idx,-0.00301
MED00312,8,target_med_season_idx,0.0116
MED00313,8,target_med_season_idx,-0.02392
MED00314,8,target_med_season_idx,-0.01034
MED00315,8,target_med_season_idx,-0.01044
MED00316,8,target_med_season_idx,-0.00793
MED00317,8,target_med_season_idx,-0.01661
MED00318,8,target_med_season_idx,-0.01187
MED00319,8,target_med_season_idx,-0.01176
MED00320,8,target_med_season_idx,-0.00319
MED00321,8,target_med_season_idx,-0.01844
MED00322,8,target_med_season_idx,-0.02359
MED00323,8,target_med_season_idx,0.0107
MED00324,8,target_med_season_idx,0.00288
MED00325,8,target_med_season_idx,-0.01179
MED00326,8,target_med_season_idx,-0.00831
MED00327,8,target_med_season_idx,-0.00699
MED00328,8,target_med_season_idx,-0.01035
MED00329,8,target_med_season_idx,-0.01055
MED00330,8,target_med_season_idx,-0.00979
MED00331,8,target_med_season_idx,-0.00629
MED00332,8,target_med_season_idx,-0.00335
MED00333,8,target_med_season_idx,-0.01878
MED00334,8,target_med_season_idx,-0.00768
MED00335,8,target_med_season_idx,-0.00749
MED00336,8,target_med_season_idx,-0.01088
MED00337,8,target_med_season_idx,-0.00168
MED00338,8,target_med_season_idx,-0.00712
MED00339,8,target_med_season_idx,-0.00356
MED00340,8,target_med_season_idx,-0.00914
MED00341,8,target_med_season_idx,-0.00877
MED00342,8,target_med_season_idx,-0.01321
MED00343,8,target_med_season_idx,-0.01273
MED00344,8,target_med_season_idx,0.00166
MED00345,8,target_med_season_idx,-0.02459
MED00346,8,target_med_season_idx,-0.00255
MED00347,8,target_med_season_idx,-0.00991
MED00348,8,target_med_season_idx,-0.00117
MED00349,8,target_med_season_idx,-0.01673
MED00350,8,target_med_season_idx,-0.01503
MED00351,8,target_med_season_idx,-0.02385
MED00352,8,target_med_season_idx,-0.04739
MED00353,8,target_med_season_idx,-0.01617
MED00354,8,target_med_season_idx,-0.01252
MED00355,8,target_med_season_idx,-0.01084
MED00356,8,target_med_season_idx,-0.01035
MED00357,8,target_med_season_idx,-0.02032
MED00358,8,target_med_season_idx,0.0218
MED00359,8,target_med_season_idx,-0.01174
MED00360,8,target_med_season_idx,-0.01389
MED00361,8,target_med_season_idx,-0.01574
MED00362,8,target_med_season_idx,-0.01333
MED00363,8,target_med_season_idx,-0.01034
MED00364,8,target_med_season_idx,-0.00998
MED00365,8,target_med_season_idx,-0.01485
MED00366,8,target_med_season_idx,-0.01353
MED00367,8,target_med_season_idx,-0.01411
MED00368,8,target_med_season_idx,-0.00925
MED00369,8,target_med_season_idx,-0.00773
MED00370,8,target_med_season_idx,0.0131
MED00371,8,target_med_season_idx,-0.00602
MED00372,8,target_med_season_idx,-0.02474
MED00373,8,target_med_season_idx,-0.01005
MED00374,8,target_med_season_idx,0.01135
MED00375,8,target_med_season_idx,-0.00551
MED00376,8,target_med_season_idx,-0.01341
MED00377,8,target_med_season_idx,-0.01366
MED00378,8,target_med_season_idx,-0.01514
MED00379,8,target_med_season_idx,-0.02096
MED00380,8,target_med_season_idx,-0.02629
MED00381,8,target_med_season_idx,-0.00761
MED00382,8,target_med_season_idx,0.00708
MED00383,8,target_med_season_idx,-0.00794
MED00384,8,target_med_season_idx,-0.01044
MED00385,8,target_med_season_idx,-0.01112
MED00386,8,target_med_season_idx,-0.00815
MED00387,8,target_med_season_idx,-0.01206
MED00388,8,target_med_season_idx,-0.00255
MED00389,8,target_med_season_idx,-0.00804
MED00390,8,target_med_season_idx,-0.01246
MED00391,8,target_med_season_idx,-0.01022
MED00392,8,target_med_season_idx,-0.01247
MED00393,8,target_med_season_idx,-0.00779
MED00394,8,target_med_season_idx,-0.00917
MED00395,8,target_med_season_idx,-0.01084
MED00396,8,target_med_season_idx,-0.00292
MED00397,8,target_med_season_idx,-0.00301
MED00398,8,target_med_season_idx,-0.00099
MED00400,8,target_med_season_idx,-0.00229
MED00401,8,target_med_season_idx,0.01017
MED00402,8,target_med_season_idx,0.02532
MED00403,8,target_med_season_idx,-0.00742
MED00404,8,target_med_season_idx,-0.00452
MED00405,8,target_med_season_idx,-0.00712
MED00406,8,target_med_season_idx,-0.00853
MED00407,8,target_med_season_idx,0.01147
MED00408,8,target_med_season_idx,0.02381
MED00409,8,target_med_season_idx,-0.00594
MED00410,8,target_med_season_idx,-0.0056
MED00411,8,target_med_season_idx,0.01692
MED00412,8,target_med_season_idx,0.01688
MED00413,8,target_med_season_idx,0.01806
MED00414,8,target_med_season_idx,0.01464
MED00415,8,target_med_season_idx,0.01841
MED00416,8,target_med_season_idx,0.01611
MED00417,8,target_med_season_idx,-0.00488
MED00418,8,target_med_season_idx,-0.00865
MED00419,8,target_med_season_idx,-0.00837
MED00420,8,target_med_season_idx,0.00814
MED00421,8,target_med_season_idx,-0.01475
MED00422,8,target_med_season_idx,0.01081
MED00423,8,target_med_season_idx,-0.01052
MED00424,8,target_med_season_idx,-0.00397
MED00001,9,target_med_season_idx,-0.00796
MED00002,9,target_med_season_idx,-0.02277
MED00003,9,target_med_season_idx,-0.02322
MED00004,9,target_med_season_idx,-0.01687
MED00005,9,target_med_season_idx,-0.0139
MED00006,9,target_med_season_idx,-0.00105
MED00007,9,target_med_season_idx,-0.00661
MED00008,9,target_med_season_idx,-0.0079
MED00009,9,target_med_season_idx,-0.00741
MED00010,9,target_med_season_idx,-0.00823
MED00011,9,target_med_season_idx,-0.00483
MED00012,9,target_med_season_idx,-0.01197
MED00013,9,target_med_season_idx,-0.00599
MED00014,9,target_med_season_idx,-0.01208
MED00015,9,target_med_season_idx,-0.00994
MED00016,9,target_med_season_idx,-0.0211
MED00017,9,target_med_season_idx,-0.01469
MED00018,9,target_med_season_idx,-0.00121
MED00019,9,target_med_season_idx,-0.00288
MED00020,9,target_med_season_idx,-0.00718
MED00021,9,target_med_season_idx,-0.00265
MED00022,9,target_med_season_idx,-0.01151
MED00023,9,target_med_season_idx,-0.00242
MED00024,9,target_med_season_idx,-0.00452
MED00025,9,target_med_season_idx,-0.01853
MED00026,9,target_med_season_idx,-0.01705
MED00027,9,target_med_season_idx,-0.0269
MED00028,9,target_med_season_idx,-0.00423
MED00029,9,target_med_season_idx,-0.00556
MED00030,9,target_med_season_idx,-0.00436
MED00031,9,target_med_season_idx,-0.00101
MED00032,9,target_med_season_idx,-0.00092
MED00033,9,target_med_season_idx,-0.01282
MED00034,9,target_med_season_idx,-0.00818
MED00035,9,target_med_season_idx,-0.0185
MED00036,9,target_med_season_idx,-0.01968
MED00037,9,target_med_season_idx,0.00611
MED00038,9,target_med_season_idx,-0.00804
MED00039,9,target_med_season_idx,0.00882
MED00040,9,target_med_season_idx,-0.00624
MED00041,9,target_med_season_idx,0.01369
MED00042,9,target_med_season_idx,-0.00734
MED00043,9,target_med_season_idx,-0.0226
MED00044,9,target_med_season_idx,-0.00782
MED00045,9,target_med_season_idx,-0.00379
MED00046,9,target_med_season_idx,-0.00198
MED00047,9,target_med_season_idx,-0.00908
MED00048,9,target_med_season_idx,-0.01267
MED00049,9,target_med_season_idx,-0.03003
MED00050,9,target_med_season_idx,-0.00924
MED00051,9,target_med_season_idx,-0.00695
MED00052,9,target_med_season_idx,-0.01261
MED00053,9,target_med_season_idx,-0.00982
MED00054,9,target_med_season_idx,-0.01376
MED00055,9,target_med_season_idx,-0.01043
MED00056,9,target_med_season_idx,0.00152
MED00057,9,target_med_season_idx,0.00245
MED00058,9,target_med_season_idx,-0.00551
MED00059,9,target_med_season_idx,-0.01141
MED00060,9,target_med_season_idx,0.02343
MED00061,9,target_med_season_idx,-0.01419
MED00062,9,target_med_season_idx,0.01424
MED00063,9,target_med_season_idx,-0.01038
MED00064,9,target_med_season_idx,-0.00262
MED00065,9,target_med_season_idx,-0.00384
MED00066,9,target_med_season_idx,-0.00999
MED00067,9,target_med_season_idx,-0.0152
MED00068,9,target_med_season_idx,-0.00434
MED00069,9,target_med_season_idx,-0.00487
MED00070,9,target_med_season_idx,-0.00709
MED00071,9,target_med_season_idx,-0.00712
MED00072,9,target_med_season_idx,-0.01176
MED00073,9,target_med_season_idx,-0.00519
MED00074,9,target_med_season_idx,-0.0037
MED00075,9,target_med_season_idx,0.00952
MED00076,9,target_med_season_idx,-0.01874
MED00077,9,target_med_season_idx,-0.00527
MED00078,9,target_med_season_idx,-0.00362
MED00079,9,target_med_season_idx,-0.00535
MED00080,9,target_med_season_idx,-0.0068
MED00081,9,target_med_season_idx,-0.02135
MED00082,9,target_med_season_idx,-0.00322
MED00083,9,target_med_season_idx,-0.00206
MED00084,9,target_med_season_idx,-0.00389
MED00085,9,target_med_season_idx,-0.01683
MED00086,9,target_med_season_idx,0.01282
MED00087,9,target_med_season_idx,-0.0054
MED00088,9,target_med_season_idx,-0.00509
MED00089,9,target_med_season_idx,-0.00786
MED00090,9,target_med_season_idx,-0.0087
MED00091,9,target_med_season_idx,-0.01095
MED00092,9,target_med_season_idx,-0.01165
MED00093,9,target_med_season_idx,-0.01731
MED00094,9,target_med_season_idx,-0.01131
MED00095,9,target_med_season_idx,-0.00963
MED00096,9,target_med_season_idx,-0.01021
MED00097,9,target_med_season_idx,0.00124
MED00098,9,target_med_season_idx,-0.01155
MED00099,9,target_med_season_idx,-0.0234
MED00100,9,target_med_season_idx,-0.00919
MED00101,9,target_med_season_idx,-0.00986
MED00102,9,target_med_season_idx,0.01256
MED00103,9,target_med_season_idx,-0.00871
MED00104,9,target_med_season_idx,-0.01199
MED00105,9,target_med_season_idx,-0.0099
MED00106,9,target_med_season_idx,-0.01244
MED00107,9,target_med_season_idx,-0.01213
MED00108,9,target_med_season_idx,-0.00832
MED00109,9,target_med_season_idx,-0.02305
MED00110,9,target_med_season_idx,-0.03502
MED00111,9,target_med_season_idx,-0.0078
MED00112,9,target_med_season_idx,-0.01466
MED00113,9,target_med_season_idx,-0.00815
MED00114,9,target_med_season_idx,-0.00688
MED00115,9,target_med_season_idx,-0.01464
MED00116,9,target_med_season_idx,-0.0067
MED00117,9,target_med_season_idx,-0.0047
MED00118,9,target_med_season_idx,-0.00359
MED00119,9,target_med_season_idx,-0.01402
MED00120,9,target_med_season_idx,-0.00901
MED00121,9,target_med_season_idx,-0.00271
MED00122,9,target_med_season_idx,-0.0149
MED00123,9,target_med_season_idx,0.0032
MED00124,9,target_med_season_idx,-0.01239
MED00125,9,target_med_season_idx,-0.01968
MED00126,9,target_med_season_idx,-0.01628
MED00127,9,target_med_season_idx,-0.00723
MED00128,9,target_med_season_idx,-0.01453
MED00129,9,target_med_season_idx,-0.00943
MED00130,9,target_med_season_idx,-0.02932
MED00131,9,target_med_season_idx,-0.00651
MED00132,9,target_med_season_idx,0.01666
MED00133,9,target_med_season_idx,0.01015
MED00134,9,target_med_season_idx,-0.04373
MED00135,9,target_med_season_idx,-0.00849
MED00136,9,target_med_season_idx,-0.01024
MED00137,9,target_med_season_idx,-0.00661
MED00138,9,target_med_season_idx,-0.01318
MED00139,9,target_med_season_idx,-0.00596
MED00140,9,target_med_season_idx,-0.00897
MED00141,9,target_med_season_idx,-0.00254
MED00142,9,target_med_season_idx,-0.00197
MED00143,9,target_med_season_idx,-0.00844
MED00144,9,target_med_season_idx,-0.01014
MED00145,9,target_med_season_idx,-0.01204
MED00146,9,target_med_season_idx,-0.01869
MED00147,9,target_med_season_idx,0.01171
MED00148,9,target_med_season_idx,0.02083
MED00149,9,target_med_season_idx,-0.00803
MED00150,9,target_med_season_idx,-0.01362
MED00151,9,target_med_season_idx,-0.01412
MED00152,9,target_med_season_idx,-0.0149
MED00153,9,target_med_season_idx,-0.01436
MED00154,9,target_med_season_idx,-0.00666
MED00155,9,target_med_season_idx,-0.01168
MED00156,9,target_med_season_idx,0.00567
MED00157,9,target_med_season_idx,-0.01011
MED00158,9,target_med_season_idx,-0.02027
MED00159,9,target_med_season_idx,-0.00989
MED00160,9,target_med_season_idx,-0.00831
MED00161,9,target_med_season_idx,-0.01015
MED00162,9,target_med_season_idx,-0.0147
MED00163,9,target_med_season_idx,-0.02277
MED00164,9,target_med_season_idx,-0.00796
MED00165,9,target_med_season_idx,-0.00758
MED00166,9,target_med_season_idx,-0.01343
MED00167,9,target_med_season_idx,-0.01002
MED00168,9,target_med_season_idx,-0.01314
MED00169,9,target_med_season_idx,-0.00848
MED00170,9,target_med_season_idx,-0.01121
MED00171,9,target_med_season_idx,-0.01211
MED00172,9,target_med_season_idx,-0.02385
MED00173,9,target_med_season_idx,-0.01585
MED00174,9,target_med_season_idx,-0.00522
MED00175,9,target_med_season_idx,-0.01102
MED00176,9,target_med_season_idx,-0.00874
MED00177,9,target_med_season_idx,-0.02148
MED00178,9,target_med_season_idx,0.00937
MED00179,9,target_med_season_idx,-0.03293
MED00180,9,target_med_season_idx,-0.01694
MED00181,9,target_med_season_idx,-0.00894
MED00182,9,target_med_season_idx,-0.02667
MED00183,9,target_med_season_idx,-0.00218
MED00184,9,target_med_season_idx,-0.00621
MED00185,9,target_med_season_idx,-0.01655
MED00186,9,target_med_season_idx,-0.00911
MED00187,9,target_med_season_idx,-0.00378
MED00188,9,target_med_season_idx,-0.00948
MED00189,9,target_med_season_idx,-0.02669
MED00190,9,target_med_season_idx,-0.01498
MED00191,9,target_med_season_idx,-0.00829
MED00192,9,target_med_season_idx,-0.0239
MED00193,9,target_med_season_idx,-0.02733
MED00194,9,target_med_season_idx,-0.00559
MED00195,9,target_med_season_idx,-0.00499
MED00196,9,target_med_season_idx,-0.0045
MED00197,9,target_med_season_idx,-0.00634
MED00198,9,target_med_season_idx,-0.00428
MED00199,9,target_med_season_idx,-0.00613
MED00200,9,target_med_season_idx,-0.00898
MED00201,9,target_med_season_idx,0.01673
MED00202,9,target_med_season_idx,-0.01002
MED00203,9,target_med_season_idx,-0.00939
MED00204,9,target_med_season_idx,-0.01331
MED00205,9,target_med_season_idx,-0.01017
MED00206,9,target_med_season_idx,-0.02045
MED00207,9,target_med_season_idx,-0.01426
MED00208,9,target_med_season_idx,-0.00905
MED00209,9,target_med_season_idx,0.0002
MED00210,9,target_med_season_idx,-0.00836
MED00211,9,target_med_season_idx,-0.01663
MED00212,9,target_med_season_idx,-0.00304
MED00213,9,target_med_season_idx,-0.01475
MED00214,9,target_med_season_idx,-0.01275
MED00215,9,target_med_season_idx,-0.01212
MED00216,9,target_med_season_idx,-0.0077
MED00217,9,target_med_season_idx,-0.01981
MED00218,9,target_med_season_idx,-0.00748
MED00219,9,target_med_season_idx,-0.0046
MED00220,9,target_med_season_idx,-0.01355
MED00221,9,target_med_season_idx,-0.00128
MED00222,9,target_med_season_idx,0.00375
MED00223,9,target_med_season_idx,-0.00878
MED00224,9,target_med_season_idx,-0.00747
MED00225,9,target_med_season_idx,-0.0109
MED00226,9,target_med_season_idx,-0.00626
MED00227,9,target_med_season_idx,-0.00688
MED00228,9,target_med_season_idx,-0.00917
MED00229,9,target_med_season_idx,-0.01306
MED00230,9,target_med_season_idx,-0.00743
MED00231,9,target_med_season_idx,-0.00577
MED00232,9,target_med_season_idx,-0.00246
MED00233,9,target_med_season_idx,0.00999
MED00234,9,target_med_season_idx,-0.0097
MED00235,9,target_med_season_idx,-0.00329
MED00236,9,target_med_season_idx,-0.00786
MED00237,9,target_med_season_idx,-0.00554
MED00238,9,target_med_season_idx,-0.01294
MED00239,9,target_med_season_idx,-0.01092
MED00240,9,target_med_season_idx,-0.00493
MED00241,9,target_med_season_idx,-0.0097
MED00242,9,target_med_season_idx,-0.00596
MED00243,9,target_med_season_idx,-0.02216
MED00244,9,target_med_season_idx,-0.01365
MED00245,9,target_med_season_idx,-0.00194
MED00246,9,target_med_season_idx,-0.00843
MED00247,9,target_med_season_idx,-0.01013
MED00248,9,target_med_season_idx,-0.00895
MED00249,9,target_med_season_idx,-0.00211
MED00250,9,target_med_season_idx,-0.00391
MED00251,9,target_med_season_idx,-0.00883
MED00252,9,target_med_season_idx,-0.00502
MED00253,9,target_med_season_idx,-0.00487
MED00254,9,target_med_season_idx,-0.01312
MED00255,9,target_med_season_idx,-0.00169
MED00256,9,target_med_season_idx,-0.0115
MED00257,9,target_med_season_idx,-0.00401
MED00258,9,target_med_season_idx,-0.01183
MED00259,9,target_med_season_idx,-0.01796
MED00260,9,target_med_season_idx,-0.03074
MED00261,9,target_med_season_idx,-0.01302
MED00262,9,target_med_season_idx,-0.00468
MED00263,9,target_med_season_idx,-0.0103
MED00264,9,target_med_season_idx,-0.03796
MED00265,9,target_med_season_idx,-0.00841
MED00266,9,target_med_season_idx,-0.00876
MED00267,9,target_med_season_idx,-0.00597
MED00268,9,target_med_season_idx,-0.00832
MED00269,9,target_med_season_idx,-0.01253
MED00270,9,target_med_season_idx,-0.01411
MED00271,9,target_med_season_idx,-0.03434
MED00272,9,target_med_season_idx,-0.00576
MED00273,9,target_med_season_idx,-0.00595
MED00274,9,target_med_season_idx,0.00858
MED00275,9,target_med_season_idx,-0.01167
MED00276,9,target_med_season_idx,-0.01408
MED00277,9,target_med_season_idx,-0.02669
MED00278,9,target_med_season_idx,-0.0119
MED00279,9,target_med_season_idx,-0.00821
MED00280,9,target_med_season_idx,-0.01879
MED00281,9,target_med_season_idx,-0.00915
MED00282,9,target_med_season_idx,-0.0082
MED00283,9,target_med_season_idx,-0.01398
MED00284,9,target_med_season_idx,0.00224
MED00285,9,target_med_season_idx,-0.00946
MED00286,9,target_med_season_idx,-0.0091
MED00287,9,target_med_season_idx,-0.01252
MED00288,9,target_med_season_idx,-0.00347
MED00289,9,target_med_season_idx,-0.00623
MED00290,9,target_med_season_idx,-0.00808
MED00291,9,target_med_season_idx,-0.00334
MED00292,9,target_med_season_idx,0.00781
MED00293,9,target_med_season_idx,-0.00778
MED00294,9,target_med_season_idx,0.00784
MED00295,9,target_med_season_idx,-0.0255
MED00296,9,target_med_season_idx,-0.00927
MED00297,9,target_med_season_idx,-0.00801
MED00298,9,target_med_season_idx,-0.01567
MED00299,9,target_med_season_idx,0.00327
MED00300,9,target_med_season_idx,-0.01513
MED00301,9,target_med_season_idx,-0.01024
MED00302,9,target_med_season_idx,-0.00679
MED00303,9,target_med_season_idx,-0.0061
MED00304,9,target_med_season_idx,-0.00357
MED00305,9,target_med_season_idx,-0.00918
MED00306,9,target_med_season_idx,-0.03165
MED00307,9,target_med_season_idx,-0.0019
MED00308,9,target_med_season_idx,-0.00892
MED00309,9,target_med_season_idx,-0.00275
MED00310,9,target_med_season_idx,0.01202
MED00311,9,target_med_season_idx,-0.00372
MED00312,9,target_med_season_idx,0.01248
MED00313,9,target_med_season_idx,-0.02344
MED00314,9,target_med_season_idx,-0.00945
MED00315,9,target_med_season_idx,-0.01102
MED00316,9,target_med_season_idx,-0.00829
MED00317,9,target_med_season_idx,-0.0167
MED00318,9,target_med_season_idx,-0.0123
MED00319,9,target_med_season_idx,-0.01241
MED00320,9,target_med_season_idx,-0.00279
MED00321,9,target_med_season_idx,-0.01787
MED00322,9,target_med_season_idx,-0.02852
MED00323,9,target_med_season_idx,0.01129
MED00324,9,target_med_season_idx,-0.00246
MED00325,9,target_med_season_idx,-0.01226
MED00326,9,target_med_season_idx,-0.00898
MED00327,9,target_med_season_idx,-0.00773
MED00328,9,target_med_season_idx,-0.01108
MED00329,9,target_med_season_idx,-0.01114
MED00330,9,target_med_season_idx,-0.00986
MED00331,9,target_med_season_idx,-0.00704
MED00332,9,target_med_season_idx,-0.00398
MED00333,9,target_med_season_idx,-0.02535
MED00334,9,target_med_season_idx,-0.00765
MED00335,9,target_med_season_idx,-0.01105
MED00336,9,target_med_season_idx,-0.01063
MED00337,9,target_med_season_idx,-0.00123
MED00338,9,target_med_season_idx,-0.00642
MED00339,9,target_med_season_idx,-0.00333
MED00340,9,target_med_season_idx,-0.00854
MED00341,9,target_med_season_idx,-0.00942
MED00342,9,target_med_season_idx,-0.01328
MED00343,9,target_med_season_idx,-0.01333
MED00344,9,target_med_season_idx,0.00214
MED00345,9,target_med_season_idx,-0.02993
MED00346,9,target_med_season_idx,-0.0024
MED00347,9,target_med_season_idx,-0.00951
MED00348,9,target_med_season_idx,-0.00183
MED00349,9,target_med_season_idx,-0.01738
MED00350,9,target_med_season_idx,-0.01444
MED00351,9,target_med_season_idx,-0.02324
MED00352,9,target_med_season_idx,-0.04662
MED00353,9,target_med_season_idx,-0.01547
MED00354,9,target_med_season_idx,-0.0123
MED00355,9,target_med_season_idx,-0.01082
MED00356,9,target_med_season_idx,-0.01125
MED00357,9,target_med_season_idx,-0.02552
MED00358,9,target_med_season_idx,0.0161
MED00359,9,target_med_season_idx,-0.01136
MED00360,9,target_med_season_idx,-0.0137
MED00361,9,target_med_season_idx,-0.01649
MED00362,9,target_med_season_idx,-0.01336
MED00363,9,target_med_season_idx,-0.01095
MED00364,9,target_med_season_idx,-0.0095
MED00365,9,target_med_season_idx,-0.01534
MED00366,9,target_med_season_idx,-0.01425
MED00367,9,target_med_season_idx,-0.01382
MED00368,9,target_med_season_idx,-0.01005
MED00369,9,target_med_season_idx,-0.0077
MED00370,9,target_med_season_idx,0.01356
MED00371,9,target_med_season_idx,-0.00579
MED00372,9,target_med_season_idx,-0.03052
MED00373,9,target_med_season_idx,-0.01559
MED00374,9,target_med_season_idx,0.01042
MED00375,9,target_med_season_idx,-0.00505
MED00376,9,target_med_season_idx,-0.01345
MED00377,9,target_med_season_idx,-0.01316
MED00378,9,target_med_season_idx,-0.01582
MED00379,9,target_med_season_idx,-0.02022
MED00380,9,target_med_season_idx,-0.02582
MED00381,9,target_med_season_idx,-0.00711
MED00382,9,target_med_season_idx,0.00829
MED00383,9,target_med_season_idx,-0.00855
MED00384,9,target_med_season_idx,-0.01096
MED00385,9,target_med_season_idx,-0.01131
MED00386,9,target_med_season_idx,-0.00823
MED00387,9,target_med_season_idx,-0.01187
MED00388,9,target_med_season_idx,-0.00243
MED00389,9,target_med_season_idx,-0.0079
MED00390,9,target_med_season_idx,-0.01253
MED00391,9,target_med_season_idx,-0.0099
MED00392,9,target_med_season_idx,-0.01232
MED00393,9,target_med_season_idx,-0.00726
MED00394,9,target_med_season_idx,-0.00902
MED00395,9,target_med_season_idx,-0.0107
MED00396,9,target_med_season_idx,-0.0031
MED00397,9,target_med_season_idx,-0.00255
MED00398,9,target_med_season_idx,-0.00112
MED00399,9,target_med_season_idx,-0.00014
MED00400,9,target_med_season_idx,-0.00191
MED00401,9,target_med_season_idx,0.00691
MED00402,9,target_med_season_idx,0.02235
MED00403,9,target_med_season_idx,-0.00731
MED00404,9,target_med_season_idx,-0.0047
MED00405,9,target_med_season_idx,-0.00692
MED00406,9,target_med_season_idx,-0.00865
MED00407,9,target_med_season_idx,0.00874
MED00408,9,target_med_season_idx,0.02036
MED00409,9,target_med_season_idx,-0.00574
MED00410,9,target_med_season_idx,-0.00616
MED00411,9,target_med_season_idx,0.01404
MED00412,9,target_med_season_idx,0.01565
MED00413,9,target_med_season_idx,0.01968
MED00414,9,target_med_season_idx,0.01141
MED00415,9,target_med_season_idx,0.01553
MED00416,9,target_med_season_idx,0.01253
MED00417,9,target_med_season_idx,-0.00491
MED00418,9,target_med_season_idx,-0.00862
MED00419,9,target_med_season_idx,-0.00826
MED00420,9,target_med_season_idx,0.00571
MED00421,9,target_med_season_idx,-0.01535
MED00422,9,target_med_season_idx,0.0088
MED00423,9,target_med_season_idx,-0.01055
MED00424,9,target_med_season_idx,-0.00442
MED00001,10,target_med_season_idx,-0.00753
MED00002,10,target_med_season_idx,-0.03016
MED00003,10,target_med_season_idx,-0.02964
MED00004,10,target_med_season_idx,-0.01672
MED00005,10,target_med_season_idx,-0.01311
MED00006,10,target_med_season_idx,-0.00097
MED00007,10,target_med_season_idx,-0.00613
MED00008,10,target_med_season_idx,-0.0079
MED00009,10,target_med_season_idx,-0.00694
MED00010,10,target_med_season_idx,-0.00828
MED00011,10,target_med_season_idx,-0.00479
MED00012,10,target_med_season_idx,-0.0119
MED00013,10,target_med_season_idx,-0.00594
MED00014,10,target_med_season_idx,-0.01291
MED00015,10,target_med_season_idx,-0.01341
MED00016,10,target_med_season_idx,-0.02045
MED00017,10,target_med_season_idx,-0.01406
MED00018,10,target_med_season_idx,-0.00095
MED00019,10,target_med_season_idx,-0.0028
MED00020,10,target_med_season_idx,-0.00715
MED00021,10,target_med_season_idx,-0.0022
MED00022,10,target_med_season_idx,-0.01097
MED00023,10,target_med_season_idx,-0.00131
MED00024,10,target_med_season_idx,-0.00405
MED00025,10,target_med_season_idx,-0.01877
MED00026,10,target_med_season_idx,-0.01773
MED00027,10,target_med_season_idx,-0.02754
MED00028,10,target_med_season_idx,-0.00425
MED00029,10,target_med_season_idx,-0.00562
MED00030,10,target_med_season_idx,-0.00436
MED00031,10,target_med_season_idx,-0.00126
MED00032,10,target_med_season_idx,-0.00018
MED00033,10,target_med_season_idx,-0.01209
MED00034,10,target_med_season_idx,-0.00812
MED00035,10,target_med_season_idx,-0.02039
MED00036,10,target_med_season_idx,-0.01982
MED00037,10,target_med_season_idx,0.00544
MED00038,10,target_med_season_idx,-0.00776
MED00039,10,target_med_season_idx,0.00947
MED00040,10,target_med_season_idx,-0.00635
MED00041,10,target_med_season_idx,0.01349
MED00042,10,target_med_season_idx,-0.00668
MED00043,10,target_med_season_idx,-0.02902
MED00044,10,target_med_season_idx,-0.00733
MED00045,10,target_med_season_idx,-0.0032
MED00046,10,target_med_season_idx,-0.00138
MED00047,10,target_med_season_idx,-0.0092
MED00048,10,target_med_season_idx,-0.01222
MED00049,10,target_med_season_idx,-0.04161
MED00050,10,target_med_season_idx,-0.0092
MED00051,10,target_med_season_idx,-0.00939
MED00052,10,target_med_season_idx,-0.0166
MED00053,10,target_med_season_idx,-0.00938
MED00054,10,target_med_season_idx,-0.01152
MED00055,10,target_med_season_idx,-0.01062
MED00056,10,target_med_season_idx,0.00247
MED00057,10,target_med_season_idx,0.00348
MED00058,10,target_med_season_idx,-0.00495
MED00059,10,target_med_season_idx,-0.01095
MED00060,10,target_med_season_idx,0.02406
MED00061,10,target_med_season_idx,-0.01824
MED00062,10,target_med_season_idx,0.01617
MED00063,10,target_med_season_idx,-0.01292
MED00064,10,target_med_season_idx,-0.00259
MED00065,10,target_med_season_idx,-0.00458
MED00066,10,target_med_season_idx,-0.01349
MED00067,10,target_med_season_idx,-0.01508
MED00068,10,target_med_season_idx,-0.00389
MED00069,10,target_med_season_idx,-0.0044
MED00070,10,target_med_season_idx,-0.00676
MED00071,10,target_med_season_idx,-0.00663
MED00072,10,target_med_season_idx,-0.01131
MED00073,10,target_med_season_idx,-0.00477
MED00074,10,target_med_season_idx,-0.0034
MED00075,10,target_med_season_idx,0.01015
MED00076,10,target_med_season_idx,-0.02614
MED00077,10,target_med_season_idx,-0.00473
MED00078,10,target_med_season_idx,-0.00372
MED00079,10,target_med_season_idx,-0.00533
MED00080,10,target_med_season_idx,-0.00634
MED00081,10,target_med_season_idx,-0.02773
MED00082,10,target_med_season_idx,-0.00273
MED00083,10,target_med_season_idx,-0.00166
MED00084,10,target_med_season_idx,-0.00422
MED00085,10,target_med_season_idx,-0.01673
MED00086,10,target_med_season_idx,0.01345
MED00087,10,target_med_season_idx,-0.00531
MED00088,10,target_med_season_idx,-0.00536
MED00089,10,target_med_season_idx,-0.00784
MED00090,10,target_med_season_idx,-0.00822
MED00091,10,target_med_season_idx,-0.0105
MED00092,10,target_med_season_idx,-0.01097
MED00093,10,target_med_season_idx,-0.01809
MED00094,10,target_med_season_idx,-0.01171
MED00095,10,target_med_season_idx,-0.00907
MED00096,10,target_med_season_idx,-0.01109
MED00097,10,target_med_season_idx,0.00138
MED00098,10,target_med_season_idx,-0.01111
MED00099,10,target_med_season_idx,-0.02373
MED00100,10,target_med_season_idx,-0.01164
MED00101,10,target_med_season_idx,-0.00934
MED00102,10,target_med_season_idx,0.01207
MED00103,10,target_med_season_idx,-0.00864
MED00104,10,target_med_season_idx,-0.01197
MED00105,10,target_med_season_idx,-0.00945
MED00106,10,target_med_season_idx,-0.01499
MED00107,10,target_med_season_idx,-0.01213
MED00108,10,target_med_season_idx,-0.00828
MED00109,10,target_med_season_idx,-0.02295
MED00110,10,target_med_season_idx,-0.03403
MED00111,10,target_med_season_idx,-0.00786
MED00112,10,target_med_season_idx,-0.01418
MED00113,10,target_med_season_idx,-0.00757
MED00114,10,target_med_season_idx,-0.00697
MED00115,10,target_med_season_idx,-0.01414
MED00116,10,target_med_season_idx,-0.00692
MED00117,10,target_med_season_idx,-0.00439
MED00118,10,target_med_season_idx,-0.0035
MED00119,10,target_med_season_idx,-0.01352
MED00120,10,target_med_season_idx,-0.00896
MED00121,10,target_med_season_idx,-0.00219
MED00122,10,target_med_season_idx,-0.01443
MED00123,10,target_med_season_idx,0.00291
MED00124,10,target_med_season_idx,-0.0122
MED00125,10,target_med_season_idx,-0.02609
MED00126,10,target_med_season_idx,-0.01575
MED00127,10,target_med_season_idx,-0.00689
MED00128,10,target_med_season_idx,-0.01402
MED00129,10,target_med_season_idx,-0.00885
MED00130,10,target_med_season_idx,-0.04093
MED00131,10,target_med_season_idx,-0.00605
MED00132,10,target_med_season_idx,0.01697
MED00133,10,target_med_season_idx,0.01096
MED00134,10,target_med_season_idx,-0.04296
MED00135,10,target_med_season_idx,-0.00846
MED00136,10,target_med_season_idx,-0.01001
MED00137,10,target_med_season_idx,-0.00653
MED00138,10,target_med_season_idx,-0.01267
MED00139,10,target_med_season_idx,-0.00536
MED00140,10,target_med_season_idx,-0.00834
MED00141,10,target_med_season_idx,-0.00213
MED00142,10,target_med_season_idx,-0.00163
MED00143,10,target_med_season_idx,-0.00798
MED00144,10,target_med_season_idx,-0.00972
MED00145,10,target_med_season_idx,-0.017
MED00146,10,target_med_season_idx,-0.01519
MED00147,10,target_med_season_idx,0.01238
MED00148,10,target_med_season_idx,0.02167
MED00149,10,target_med_season_idx,-0.00804
MED00150,10,target_med_season_idx,-0.0125
MED00151,10,target_med_season_idx,-0.01362
MED00152,10,target_med_season_idx,-0.01487
MED00153,10,target_med_season_idx,-0.01375
MED00154,10,target_med_season_idx,-0.0067
MED00155,10,target_med_season_idx,-0.01164
MED00156,10,target_med_season_idx,0.00579
MED00157,10,target_med_season_idx,-0.0097
MED00158,10,target_med_season_idx,-0.02096
MED00159,10,target_med_season_idx,-0.01019
MED00160,10,target_med_season_idx,-0.00828
MED00161,10,target_med_season_idx,-0.00971
MED00162,10,target_med_season_idx,-0.01415
MED00163,10,target_med_season_idx,-0.02919
MED00164,10,target_med_season_idx,-0.00747
MED00165,10,target_med_season_idx,-0.00764
MED00166,10,target_med_season_idx,-0.01296
MED00167,10,target_med_season_idx,-0.00942
MED00168,10,target_med_season_idx,-0.01265
MED00169,10,target_med_season_idx,-0.00788
MED00170,10,target_med_season_idx,-0.01065
MED00171,10,target_med_season_idx,-0.01208
MED00172,10,target_med_season_idx,-0.02286
MED00173,10,target_med_season_idx,-0.01524
MED00174,10,target_med_season_idx,-0.00519
MED00175,10,target_med_season_idx,-0.01126
MED00176,10,target_med_season_idx,-0.00903
MED00177,10,target_med_season_idx,-0.02173
MED00178,10,target_med_season_idx,0.00999
MED00179,10,target_med_season_idx,-0.03677
MED00180,10,target_med_season_idx,-0.0162
MED00181,10,target_med_season_idx,-0.00892
MED00182,10,target_med_season_idx,-0.0273
MED00183,10,target_med_season_idx,-0.00216
MED00184,10,target_med_season_idx,-0.00631
MED00185,10,target_med_season_idx,-0.01564
MED00186,10,target_med_season_idx,-0.00906
MED00187,10,target_med_season_idx,-0.00394
MED00188,10,target_med_season_idx,-0.00934
MED00189,10,target_med_season_idx,-0.03311
MED00190,10,target_med_season_idx,-0.01451
MED00191,10,target_med_season_idx,-0.00827
MED00192,10,target_med_season_idx,-0.03108
MED00193,10,target_med_season_idx,-0.03891
MED00194,10,target_med_season_idx,-0.00558
MED00195,10,target_med_season_idx,-0.00499
MED00196,10,target_med_season_idx,-0.00482
MED00197,10,target_med_season_idx,-0.00632
MED00198,10,target_med_season_idx,-0.00422
MED00199,10,target_med_season_idx,-0.00512
MED00200,10,target_med_season_idx,-0.00836
MED00201,10,target_med_season_idx,0.01722
MED00202,10,target_med_season_idx,-0.0095
MED00203,10,target_med_season_idx,-0.00893
MED00204,10,target_med_season_idx,-0.0128
MED00205,10,target_med_season_idx,-0.00973
MED00206,10,target_med_season_idx,-0.01632
MED00207,10,target_med_season_idx,-0.01365
MED00208,10,target_med_season_idx,-0.00897
MED00209,10,target_med_season_idx,0.00024
MED00210,10,target_med_season_idx,-0.00854
MED00211,10,target_med_season_idx,-0.01614
MED00212,10,target_med_season_idx,-0.00263
MED00213,10,target_med_season_idx,-0.01373
MED00214,10,target_med_season_idx,-0.0123
MED00215,10,target_med_season_idx,-0.01151
MED00216,10,target_med_season_idx,-0.01023
MED00217,10,target_med_season_idx,-0.0272
MED00218,10,target_med_season_idx,-0.00744
MED00219,10,target_med_season_idx,-0.00468
MED00220,10,target_med_season_idx,-0.01296
MED00221,10,target_med_season_idx,-0.00079
MED00222,10,target_med_season_idx,0.004
MED00223,10,target_med_season_idx,-0.00918
MED00224,10,target_med_season_idx,-0.00699
MED00225,10,target_med_season_idx,-0.01045
MED00226,10,target_med_season_idx,-0.00566
MED00227,10,target_med_season_idx,-0.00686
MED00228,10,target_med_season_idx,-0.00863
MED00229,10,target_med_season_idx,-0.01197
MED00230,10,target_med_season_idx,-0.00726
MED00231,10,target_med_season_idx,-0.00529
MED00232,10,target_med_season_idx,-0.00228
MED00233,10,target_med_season_idx,0.01058
MED00234,10,target_med_season_idx,-0.0091
MED00235,10,target_med_season_idx,-0.00344
MED00236,10,target_med_season_idx,-0.00733
MED00237,10,target_med_season_idx,-0.00554
MED00238,10,target_med_season_idx,-0.01234
MED00239,10,target_med_season_idx,-0.01047
MED00240,10,target_med_season_idx,-0.00451
MED00241,10,target_med_season_idx,-0.00948
MED00242,10,target_med_season_idx,-0.00596
MED00243,10,target_med_season_idx,-0.02956
MED00244,10,target_med_season_idx,-0.01306
MED00245,10,target_med_season_idx,-0.00208
MED00246,10,target_med_season_idx,-0.00798
MED00247,10,target_med_season_idx,-0.0101
MED00248,10,target_med_season_idx,-0.00853
MED00249,10,target_med_season_idx,-0.00201
MED00250,10,target_med_season_idx,-0.00345
MED00251,10,target_med_season_idx,-0.00874
MED00252,10,target_med_season_idx,-0.00135
MED00253,10,target_med_season_idx,-0.00481
MED00254,10,target_med_season_idx,-0.00946
MED00255,10,target_med_season_idx,-0.00124
MED00256,10,target_med_season_idx,-0.01104
MED00257,10,target_med_season_idx,-0.0036
MED00258,10,target_med_season_idx,-0.01135
MED00259,10,target_med_season_idx,-0.01751
MED00260,10,target_med_season_idx,-0.03165
MED00261,10,target_med_season_idx,-0.01348
MED00262,10,target_med_season_idx,-0.00423
MED00263,10,target_med_season_idx,-0.0101
MED00264,10,target_med_season_idx,-0.03821
MED00265,10,target_med_season_idx,-0.00839
MED00266,10,target_med_season_idx,-0.00874
MED00267,10,target_med_season_idx,-0.00553
MED00268,10,target_med_season_idx,-0.01064
MED00269,10,target_med_season_idx,-0.01202
MED00270,10,target_med_season_idx,-0.01392
MED00271,10,target_med_season_idx,-0.0316
MED00272,10,target_med_season_idx,-0.00533
MED00273,10,target_med_season_idx,-0.00551
MED00274,10,target_med_season_idx,0.00837
MED00275,10,target_med_season_idx,-0.01131
MED00276,10,target_med_season_idx,-0.01397
MED00277,10,target_med_season_idx,-0.03311
MED00278,10,target_med_season_idx,-0.0119
MED00279,10,target_med_season_idx,-0.00832
MED00280,10,target_med_season_idx,-0.02619
MED00281,10,target_med_season_idx,-0.00872
MED00282,10,target_med_season_idx,-0.00774
MED00283,10,target_med_season_idx,-0.01335
MED00284,10,target_med_season_idx,0.00278
MED00285,10,target_med_season_idx,-0.00944
MED00286,10,target_med_season_idx,-0.00864
MED00287,10,target_med_season_idx,-0.01207
MED00288,10,target_med_season_idx,-0.00338
MED00289,10,target_med_season_idx,-0.00575
MED00290,10,target_med_season_idx,-0.00759
MED00291,10,target_med_season_idx,-0.0031
MED00292,10,target_med_season_idx,0.00839
MED00293,10,target_med_season_idx,-0.00828
MED00294,10,target_med_season_idx,0.00819
MED00295,10,target_med_season_idx,-0.0262
MED00296,10,target_med_season_idx,-0.00883
MED00297,10,target_med_season_idx,-0.00796
MED00298,10,target_med_season_idx,-0.01521
MED00299,10,target_med_season_idx,0.00403
MED00300,10,target_med_season_idx,-0.01467
MED00301,10,target_med_season_idx,-0.0098
MED00302,10,target_med_season_idx,-0.00687
MED00303,10,target_med_season_idx,-0.00626
MED00304,10,target_med_season_idx,-0.00311
MED00305,10,target_med_season_idx,-0.00912
MED00306,10,target_med_season_idx,-0.03335
MED00307,10,target_med_season_idx,-0.00185
MED00308,10,target_med_season_idx,-0.00924
MED00309,10,target_med_season_idx,-0.00221
MED00310,10,target_med_season_idx,0.01251
MED00311,10,target_med_season_idx,-0.00337
MED00312,10,target_med_season_idx,0.01228
MED00313,10,target_med_season_idx,-0.02412
MED00314,10,target_med_season_idx,-0.00974
MED00315,10,target_med_season_idx,-0.01045
MED00316,10,target_med_season_idx,-0.00781
MED00317,10,target_med_season_idx,-0.0161
MED00318,10,target_med_season_idx,-0.01199
MED00319,10,target_med_season_idx,-0.01234
MED00320,10,target_med_season_idx,-0.00284
MED00321,10,target_med_season_idx,-0.01642
MED00322,10,target_med_season_idx,-0.04009
MED00323,10,target_med_season_idx,0.0118
MED00324,10,target_med_season_idx,-0.00199
MED00325,10,target_med_season_idx,-0.01181
MED00326,10,target_med_season_idx,-0.00898
MED00327,10,target_med_season_idx,-0.00727
MED00328,10,target_med_season_idx,-0.01063
MED00329,10,target_med_season_idx,-0.01114
MED00330,10,target_med_season_idx,-0.00941
MED00331,10,target_med_season_idx,-0.00691
MED00332,10,target_med_season_idx,-0.00386
MED00333,10,target_med_season_idx,-0.02482
MED00334,10,target_med_season_idx,-0.00764
MED00335,10,target_med_season_idx,-0.00818
MED00336,10,target_med_season_idx,-0.01065
MED00337,10,target_med_season_idx,-0.00103
MED00338,10,target_med_season_idx,-0.00653
MED00339,10,target_med_season_idx,-0.00286
MED00340,10,target_med_season_idx,-0.00795
MED00341,10,target_med_season_idx,-0.00898
MED00342,10,target_med_season_idx,-0.01264
MED00343,10,target_med_season_idx,-0.01287
MED00344,10,target_med_season_idx,0.00147
MED00345,10,target_med_season_idx,-0.0415
MED00346,10,target_med_season_idx,-0.00234
MED00347,10,target_med_season_idx,-0.01198
MED00348,10,target_med_season_idx,-0.00175
MED00349,10,target_med_season_idx,-0.0169
MED00350,10,target_med_season_idx,-0.01483
MED00351,10,target_med_season_idx,-0.02214
MED00352,10,target_med_season_idx,-0.04581
MED00353,10,target_med_season_idx,-0.01517
MED00354,10,target_med_season_idx,-0.01206
MED00355,10,target_med_season_idx,-0.01033
MED00356,10,target_med_season_idx,-0.01107
MED00357,10,target_med_season_idx,-0.03318
MED00358,10,target_med_season_idx,0.01659
MED00359,10,target_med_season_idx,-0.0113
MED00360,10,target_med_season_idx,-0.01407
MED00361,10,target_med_season_idx,-0.01595
MED00362,10,target_med_season_idx,-0.01295
MED00363,10,target_med_season_idx,-0.01046
MED00364,10,target_med_season_idx,-0.01198
MED00365,10,target_med_season_idx,-0.01476
MED00366,10,target_med_season_idx,-0.01384
MED00367,10,target_med_season_idx,-0.01332
MED00368,10,target_med_season_idx,-0.00985
MED00369,10,target_med_season_idx,-0.00733
MED00370,10,target_med_season_idx,0.0129
MED00371,10,target_med_season_idx,-0.00576
MED00372,10,target_med_season_idx,-0.03694
MED00373,10,target_med_season_idx,-0.01957
MED00374,10,target_med_season_idx,0.01086
MED00375,10,target_med_season_idx,-0.00502
MED00376,10,target_med_season_idx,-0.01287
MED00377,10,target_med_season_idx,-0.01351
MED00378,10,target_med_season_idx,-0.01562
MED00379,10,target_med_season_idx,-0.02073
MED00380,10,target_med_season_idx,-0.02529
MED00381,10,target_med_season_idx,-0.00685
MED00382,10,target_med_season_idx,0.00878
MED00383,10,target_med_season_idx,-0.00845
MED00384,10,target_med_season_idx,-0.01094
MED00385,10,target_med_season_idx,-0.01086
MED00386,10,target_med_season_idx,-0.00777
MED00387,10,target_med_season_idx,-0.01187
MED00388,10,target_med_season_idx,-0.00263
MED00389,10,target_med_season_idx,-0.00761
MED00390,10,target_med_season_idx,-0.01217
MED00391,10,target_med_season_idx,-0.00948
MED00392,10,target_med_season_idx,-0.0119
MED00393,10,target_med_season_idx,-0.00683
MED00394,10,target_med_season_idx,-0.00858
MED00395,10,target_med_season_idx,-0.01028
MED00396,10,target_med_season_idx,-0.00329
MED00397,10,target_med_season_idx,-0.0025
MED00398,10,target_med_season_idx,-0.00045
MED00399,10,target_med_season_idx,0.00052
MED00400,10,target_med_season_idx,-0.00172
MED00401,10,target_med_season_idx,0.00774
MED00402,10,target_med_season_idx,0.02582
MED00403,10,target_med_season_idx,-0.00737
MED00404,10,target_med_season_idx,-0.00487
MED00405,10,target_med_season_idx,-0.00699
MED00406,10,target_med_season_idx,-0.00874
MED00407,10,target_med_season_idx,0.00956
MED00408,10,target_med_season_idx,0.02099
MED00409,10,target_med_season_idx,-0.00529
MED00410,10,target_med_season_idx,-0.00572
MED00411,10,target_med_season_idx,0.01485
MED00412,10,target_med_season_idx,0.01627
MED00413,10,target_med_season_idx,0.01985
MED00414,10,target_med_season_idx,0.01223
MED00415,10,target_med_season_idx,0.01615
MED00416,10,target_med_season_idx,0.01335
MED00417,10,target_med_season_idx,-0.0045
MED00418,10,target_med_season_idx,-0.00819
MED00419,10,target_med_season_idx,-0.00781
MED00420,10,target_med_season_idx,0.00654
MED00421,10,target_med_season_idx,-0.01494
MED00422,10,target_med_season_idx,0.00962
MED00423,10,target_med_season_idx,-0.01011
MED00424,10,target_med_season_idx,-0.00433
MED00001,11,target_med_season_idx,-0.00701
MED00002,11,target_med_season_idx,-0.02233
MED00003,11,target_med_season_idx,-0.02183
MED00004,11,target_med_season_idx,-0.0187
MED00005,11,target_med_season_idx,-0.01481
MED00006,11,target_med_season_idx,0.00189
MED00007,11,target_med_season_idx,-0.0056
MED00008,11,target_med_season_idx,-0.00841
MED00009,11,target_med_season_idx,-0.00664
MED00010,11,target_med_season_idx,-0.00833
MED00011,11,target_med_season_idx,-0.0049
MED00012,11,target_med_season_idx,-0.01124
MED00013,11,target_med_season_idx,-0.00563
MED00014,11,target_med_season_idx,-0.01339
MED00015,11,target_med_season_idx,-0.01401
MED00016,11,target_med_season_idx,-0.01996
MED00017,11,target_med_season_idx,-0.01329
MED00018,11,target_med_season_idx,-0.00103
MED00019,11,target_med_season_idx,-0.00249
MED00020,11,target_med_season_idx,-0.00733
MED00021,11,target_med_season_idx,-0.00192
MED00022,11,target_med_season_idx,-0.0106
MED00023,11,target_med_season_idx,0.00173
MED00024,11,target_med_season_idx,-0.00375
MED00025,11,target_med_season_idx,-0.01703
MED00026,11,target_med_season_idx,-0.01849
MED00027,11,target_med_season_idx,-0.02626
MED00028,11,target_med_season_idx,-0.00422
MED00029,11,target_med_season_idx,-0.00474
MED00030,11,target_med_season_idx,-0.00342
MED00031,11,target_med_season_idx,-0.00037
MED00032,11,target_med_season_idx,0.00273
MED00033,11,target_med_season_idx,-0.0139
MED00034,11,target_med_season_idx,-0.00827
MED00035,11,target_med_season_idx,-0.02741
MED00036,11,target_med_season_idx,-0.02088
MED00037,11,target_med_season_idx,0.00642
MED00038,11,target_med_season_idx,-0.00679
MED00039,11,target_med_season_idx,0.01132
MED00040,11,target_med_season_idx,-0.00604
MED00041,11,target_med_season_idx,0.01472
MED00042,11,target_med_season_idx,-0.00639
MED00043,11,target_med_season_idx,-0.02328
MED00044,11,target_med_season_idx,-0.00703
MED00045,11,target_med_season_idx,-0.00027
MED00046,11,target_med_season_idx,-0.0011
MED00047,11,target_med_season_idx,-0.00794
MED00048,11,target_med_season_idx,-0.01147
MED00049,11,target_med_season_idx,-0.02861
MED00050,11,target_med_season_idx,-0.00902
MED00051,11,target_med_season_idx,-0.00722
MED00052,11,target_med_season_idx,-0.0112
MED00053,11,target_med_season_idx,-0.00843
MED00054,11,target_med_season_idx,-0.01053
MED00055,11,target_med_season_idx,-0.01287
MED00056,11,target_med_season_idx,0.00168
MED00057,11,target_med_season_idx,0.00238
MED00058,11,target_med_season_idx,-0.00361
MED00059,11,target_med_season_idx,-0.01043
MED00060,11,target_med_season_idx,0.02489
MED00061,11,target_med_season_idx,-0.01275
MED00062,11,target_med_season_idx,0.01699
MED00063,11,target_med_season_idx,-0.01101
MED00064,11,target_med_season_idx,-0.00236
MED00065,11,target_med_season_idx,-0.00416
MED00066,11,target_med_season_idx,-0.01405
MED00067,11,target_med_season_idx,-0.01463
MED00068,11,target_med_season_idx,-0.00361
MED00069,11,target_med_season_idx,-0.00411
MED00070,11,target_med_season_idx,-0.00647
MED00071,11,target_med_season_idx,-0.00633
MED00072,11,target_med_season_idx,-0.01096
MED00073,11,target_med_season_idx,-0.00439
MED00074,11,target_med_season_idx,-0.00311
MED00075,11,target_med_season_idx,0.01092
MED00076,11,target_med_season_idx,-0.02047
MED00077,11,target_med_season_idx,-0.00436
MED00078,11,target_med_season_idx,-0.00334
MED00079,11,target_med_season_idx,-0.00503
MED00080,11,target_med_season_idx,-0.00589
MED00081,11,target_med_season_idx,-0.0214
MED00082,11,target_med_season_idx,-0.00245
MED00083,11,target_med_season_idx,-0.00181
MED00084,11,target_med_season_idx,-0.00445
MED00085,11,target_med_season_idx,-0.01637
MED00086,11,target_med_season_idx,0.01395
MED00087,11,target_med_season_idx,-0.00468
MED00088,11,target_med_season_idx,-0.00553
MED00089,11,target_med_season_idx,-0.00794
MED00090,11,target_med_season_idx,-0.00684
MED00091,11,target_med_season_idx,-0.01014
MED00092,11,target_med_season_idx,-0.00827
MED00093,11,target_med_season_idx,-0.01886
MED00094,11,target_med_season_idx,-0.01264
MED00095,11,target_med_season_idx,-0.00874
MED00096,11,target_med_season_idx,-0.01078
MED00097,11,target_med_season_idx,0.00223
MED00098,11,target_med_season_idx,-0.01038
MED00099,11,target_med_season_idx,-0.02245
MED00100,11,target_med_season_idx,-0.0098
MED00101,11,target_med_season_idx,-0.00891
MED00102,11,target_med_season_idx,0.01312
MED00103,11,target_med_season_idx,-0.008
MED00104,11,target_med_season_idx,-0.01167
MED00105,11,target_med_season_idx,-0.0092
MED00106,11,target_med_season_idx,-0.01333
MED00107,11,target_med_season_idx,-0.01053
MED00108,11,target_med_season_idx,-0.0076
MED00109,11,target_med_season_idx,-0.02181
MED00110,11,target_med_season_idx,-0.03443
MED00111,11,target_med_season_idx,-0.00859
MED00112,11,target_med_season_idx,-0.01341
MED00113,11,target_med_season_idx,-0.00713
MED00114,11,target_med_season_idx,-0.00709
MED00115,11,target_med_season_idx,-0.01346
MED00116,11,target_med_season_idx,-0.00751
MED00117,11,target_med_season_idx,-0.00426
MED00118,11,target_med_season_idx,-0.00095
MED00119,11,target_med_season_idx,-0.01281
MED00120,11,target_med_season_idx,-0.00902
MED00121,11,target_med_season_idx,-0.00181
MED00122,11,target_med_season_idx,-0.01408
MED00123,11,target_med_season_idx,0.00408
MED00124,11,target_med_season_idx,-0.01153
MED00125,11,target_med_season_idx,-0.02308
MED00126,11,target_med_season_idx,-0.01787
MED00127,11,target_med_season_idx,-0.00663
MED00128,11,target_med_season_idx,-0.01331
MED00129,11,target_med_season_idx,-0.00778
MED00130,11,target_med_season_idx,-0.02823
MED00131,11,target_med_season_idx,-0.00574
MED00132,11,target_med_season_idx,0.01764
MED00133,11,target_med_season_idx,0.014
MED00134,11,target_med_season_idx,-0.04336
MED00135,11,target_med_season_idx,-0.00852
MED00136,11,target_med_season_idx,-0.011
MED00137,11,target_med_season_idx,-0.00654
MED00138,11,target_med_season_idx,-0.01196
MED00139,11,target_med_season_idx,-0.00467
MED00140,11,target_med_season_idx,-0.00725
MED00141,11,target_med_season_idx,-0.00185
MED00142,11,target_med_season_idx,-0.00064
MED00143,11,target_med_season_idx,-0.00685
MED00144,11,target_med_season_idx,-0.00898
MED00145,11,target_med_season_idx,-0.0123
MED00146,11,target_med_season_idx,-0.01454
MED00147,11,target_med_season_idx,0.01321
MED00148,11,target_med_season_idx,0.02251
MED00149,11,target_med_season_idx,-0.00727
MED00150,11,target_med_season_idx,-0.01168
MED00151,11,target_med_season_idx,-0.01288
MED00152,11,target_med_season_idx,-0.01418
MED00153,11,target_med_season_idx,-0.01301
MED00154,11,target_med_season_idx,-0.00668
MED00155,11,target_med_season_idx,-0.01099
MED00156,11,target_med_season_idx,0.00627
MED00157,11,target_med_season_idx,-0.00939
MED00158,11,target_med_season_idx,-0.01963
MED00159,11,target_med_season_idx,-0.01053
MED00160,11,target_med_season_idx,-0.00756
MED00161,11,target_med_season_idx,-0.00896
MED00162,11,target_med_season_idx,-0.01347
MED00163,11,target_med_season_idx,-0.0231
MED00164,11,target_med_season_idx,-0.00719
MED00165,11,target_med_season_idx,-0.00821
MED00166,11,target_med_season_idx,-0.01227
MED00167,11,target_med_season_idx,-0.00855
MED00168,11,target_med_season_idx,-0.01195
MED00169,11,target_med_season_idx,-0.00683
MED00170,11,target_med_season_idx,-0.00971
MED00171,11,target_med_season_idx,-0.01143
MED00172,11,target_med_season_idx,-0.0218
MED00173,11,target_med_season_idx,-0.01454
MED00174,11,target_med_season_idx,-0.00522
MED00175,11,target_med_season_idx,-0.01307
MED00176,11,target_med_season_idx,-0.00939
MED00177,11,target_med_season_idx,-0.01999
MED00178,11,target_med_season_idx,0.01238
MED00179,11,target_med_season_idx,-0.03824
MED00180,11,target_med_season_idx,-0.01541
MED00181,11,target_med_season_idx,-0.00819
MED00182,11,target_med_season_idx,-0.02602
MED00183,11,target_med_season_idx,-0.00198
MED00184,11,target_med_season_idx,-0.00641
MED00185,11,target_med_season_idx,-0.01529
MED00186,11,target_med_season_idx,-0.00815
MED00187,11,target_med_season_idx,-0.00361
MED00188,11,target_med_season_idx,-0.00897
MED00189,11,target_med_season_idx,-0.0253
MED00190,11,target_med_season_idx,-0.01372
MED00191,11,target_med_season_idx,-0.00742
MED00192,11,target_med_season_idx,-0.02326
MED00193,11,target_med_season_idx,-0.0259
MED00194,11,target_med_season_idx,-0.00596
MED00195,11,target_med_season_idx,-0.00537
MED00196,11,target_med_season_idx,-0.00539
MED00197,11,target_med_season_idx,-0.0067
MED00198,11,target_med_season_idx,-0.00321
MED00199,11,target_med_season_idx,-0.00415
MED00200,11,target_med_season_idx,-0.00732
MED00201,11,target_med_season_idx,0.01819
MED00202,11,target_med_season_idx,-0.00877
MED00203,11,target_med_season_idx,-0.00859
MED00204,11,target_med_season_idx,-0.01212
MED00205,11,target_med_season_idx,-0.0095
MED00206,11,target_med_season_idx,-0.01294
MED00207,11,target_med_season_idx,-0.01287
MED00208,11,target_med_season_idx,-0.00878
MED00209,11,target_med_season_idx,0.00309
MED00210,11,target_med_season_idx,-0.0104
MED00211,11,target_med_season_idx,-0.01544
MED00212,11,target_med_season_idx,-0.00237
MED00213,11,target_med_season_idx,-0.01555
MED00214,11,target_med_season_idx,-0.01186
MED00215,11,target_med_season_idx,-0.01083
MED00216,11,target_med_season_idx,-0.00832
MED00217,11,target_med_season_idx,-0.01942
MED00218,11,target_med_season_idx,-0.00682
MED00219,11,target_med_season_idx,-0.00507
MED00220,11,target_med_season_idx,-0.01223
MED00221,11,target_med_season_idx,-0.0005
MED00222,11,target_med_season_idx,0.00474
MED00223,11,target_med_season_idx,-0.00951
MED00224,11,target_med_season_idx,-0.00406
MED00225,11,target_med_season_idx,-0.01004
MED00226,11,target_med_season_idx,-0.00538
MED00227,11,target_med_season_idx,-0.00672
MED00228,11,target_med_season_idx,-0.00823
MED00229,11,target_med_season_idx,-0.01414
MED00230,11,target_med_season_idx,-0.00725
MED00231,11,target_med_season_idx,-0.00449
MED00232,11,target_med_season_idx,-0.00213
MED00233,11,target_med_season_idx,0.013
MED00234,11,target_med_season_idx,-0.00831
MED00235,11,target_med_season_idx,-0.00345
MED00236,11,target_med_season_idx,-0.00719
MED00237,11,target_med_season_idx,-0.00462
MED00238,11,target_med_season_idx,-0.01156
MED00239,11,target_med_season_idx,-0.0098
MED00240,11,target_med_season_idx,-0.00414
MED00241,11,target_med_season_idx,-0.00881
MED00242,11,target_med_season_idx,-0.00653
MED00243,11,target_med_season_idx,-0.02177
MED00244,11,target_med_season_idx,-0.01202
MED00245,11,target_med_season_idx,-0.00226
MED00246,11,target_med_season_idx,-0.00765
MED00247,11,target_med_season_idx,-0.00944
MED00248,11,target_med_season_idx,-0.00822
MED00249,11,target_med_season_idx,-0.00207
MED00250,11,target_med_season_idx,-0.00319
MED00251,11,target_med_season_idx,-0.00804
MED00252,11,target_med_season_idx,-0.00085
MED00253,11,target_med_season_idx,-0.00411
MED00254,11,target_med_season_idx,-0.00897
MED00255,11,target_med_season_idx,-0.00027
MED00256,11,target_med_season_idx,-0.0105
MED00257,11,target_med_season_idx,-0.00334
MED00258,11,target_med_season_idx,-0.01063
MED00259,11,target_med_season_idx,-0.0171
MED00260,11,target_med_season_idx,-0.03325
MED00261,11,target_med_season_idx,-0.01523
MED00262,11,target_med_season_idx,-0.00394
MED00263,11,target_med_season_idx,-0.00972
MED00264,11,target_med_season_idx,-0.03707
MED00265,11,target_med_season_idx,-0.00717
MED00266,11,target_med_season_idx,-0.00886
MED00267,11,target_med_season_idx,-0.00483
MED00268,11,target_med_season_idx,-0.0103
MED00269,11,target_med_season_idx,-0.01132
MED00270,11,target_med_season_idx,-0.0135
MED00271,11,target_med_season_idx,-0.03046
MED00272,11,target_med_season_idx,-0.00504
MED00273,11,target_med_season_idx,-0.0052
MED00274,11,target_med_season_idx,0.0109
MED00275,11,target_med_season_idx,-0.01082
MED00276,11,target_med_season_idx,-0.01327
MED00277,11,target_med_season_idx,-0.02531
MED00278,11,target_med_season_idx,-0.01162
MED00279,11,target_med_season_idx,-0.00839
MED00280,11,target_med_season_idx,-0.01917
MED00281,11,target_med_season_idx,-0.00836
MED00282,11,target_med_season_idx,-0.00742
MED00283,11,target_med_season_idx,-0.01301
MED00284,11,target_med_season_idx,0.00534
MED00285,11,target_med_season_idx,-0.00784
MED00286,11,target_med_season_idx,-0.00812
MED00287,11,target_med_season_idx,-0.01127
MED00288,11,target_med_season_idx,-0.00331
MED00289,11,target_med_season_idx,-0.00553
MED00290,11,target_med_season_idx,-0.00646
MED00291,11,target_med_season_idx,-0.00286
MED00292,11,target_med_season_idx,0.00889
MED00293,11,target_med_season_idx,-0.00833
MED00294,11,target_med_season_idx,0.01006
MED00295,11,target_med_season_idx,-0.02631
MED00296,11,target_med_season_idx,-0.00813
MED00297,11,target_med_season_idx,-0.00732
MED00298,11,target_med_season_idx,-0.0148
MED00299,11,target_med_season_idx,0.00332
MED00300,11,target_med_season_idx,-0.01397
MED00301,11,target_med_season_idx,-0.00908
MED00302,11,target_med_season_idx,-0.00696
MED00303,11,target_med_season_idx,-0.00594
MED00304,11,target_med_season_idx,-0.00283
MED00305,11,target_med_season_idx,-0.00851
MED00306,11,target_med_season_idx,-0.0339
MED00307,11,target_med_season_idx,-0.00198
MED00308,11,target_med_season_idx,-0.01042
MED00309,11,target_med_season_idx,-0.00188
MED00310,11,target_med_season_idx,0.01332
MED00311,11,target_med_season_idx,-0.00294
MED00312,11,target_med_season_idx,0.01406
MED00313,11,target_med_season_idx,-0.03519
MED00314,11,target_med_season_idx,-0.00999
MED00315,11,target_med_season_idx,-0.01019
MED00316,11,target_med_season_idx,-0.0071
MED00317,11,target_med_season_idx,-0.01539
MED00318,11,target_med_season_idx,-0.01165
MED00319,11,target_med_season_idx,-0.01166
MED00320,11,target_med_season_idx,-0.00245
MED00321,11,target_med_season_idx,-0.01865
MED00322,11,target_med_season_idx,-0.02712
MED00323,11,target_med_season_idx,0.01296
MED00324,11,target_med_season_idx,0.00116
MED00325,11,target_med_season_idx,-0.01102
MED00326,11,target_med_season_idx,-0.00828
MED00327,11,target_med_season_idx,-0.00652
MED00328,11,target_med_season_idx,-0.0103
MED00329,11,target_med_season_idx,-0.01045
MED00330,11,target_med_season_idx,-0.00872
MED00331,11,target_med_season_idx,-0.00611
MED00332,11,target_med_season_idx,-0.0035
MED00333,11,target_med_season_idx,-0.02432
MED00334,11,target_med_season_idx,-0.00726
MED00335,11,target_med_season_idx,-0.00626
MED00336,11,target_med_season_idx,-0.00983
MED00337,11,target_med_season_idx,-0.00094
MED00338,11,target_med_season_idx,-0.0068
MED00339,11,target_med_season_idx,-0.00037
MED00340,11,target_med_season_idx,-0.00884
MED00341,11,target_med_season_idx,-0.00866
MED00342,11,target_med_season_idx,-0.01189
MED00343,11,target_med_season_idx,-0.01205
MED00344,11,target_med_season_idx,0.00247
MED00345,11,target_med_season_idx,-0.02853
MED00346,11,target_med_season_idx,-0.00169
MED00347,11,target_med_season_idx,-0.01016
MED00348,11,target_med_season_idx,-0.00065
MED00349,11,target_med_season_idx,-0.01612
MED00350,11,target_med_season_idx,-0.01653
MED00351,11,target_med_season_idx,-0.02253
MED00352,11,target_med_season_idx,-0.04596
MED00353,11,target_med_season_idx,-0.01727
MED00354,11,target_med_season_idx,-0.01443
MED00355,11,target_med_season_idx,-0.00889
MED00356,11,target_med_season_idx,-0.0107
MED00357,11,target_med_season_idx,-0.02539
MED00358,11,target_med_season_idx,0.01737
MED00359,11,target_med_season_idx,-0.01067
MED00360,11,target_med_season_idx,-0.014
MED00361,11,target_med_season_idx,-0.01545
MED00362,11,target_med_season_idx,-0.01242
MED00363,11,target_med_season_idx,-0.00964
MED00364,11,target_med_season_idx,-0.01013
MED00365,11,target_med_season_idx,-0.01399
MED00366,11,target_med_season_idx,-0.01333
MED00367,11,target_med_season_idx,-0.01262
MED00368,11,target_med_season_idx,-0.00948
MED00369,11,target_med_season_idx,-0.00697
MED00370,11,target_med_season_idx,0.01434
MED00371,11,target_med_season_idx,-0.00591
MED00372,11,target_med_season_idx,-0.02913
MED00373,11,target_med_season_idx,-0.01406
MED00374,11,target_med_season_idx,0.01376
MED00375,11,target_med_season_idx,-0.00517
MED00376,11,target_med_season_idx,-0.01212
MED00377,11,target_med_season_idx,-0.0144
MED00378,11,target_med_season_idx,-0.01491
MED00379,11,target_med_season_idx,-0.02296
MED00380,11,target_med_season_idx,-0.02513
MED00381,11,target_med_season_idx,-0.00801
MED00382,11,target_med_season_idx,0.0095
MED00383,11,target_med_season_idx,-0.00822
MED00384,11,target_med_season_idx,-0.01068
MED00385,11,target_med_season_idx,-0.00977
MED00386,11,target_med_season_idx,-0.00725
MED00387,11,target_med_season_idx,-0.01126
MED00388,11,target_med_season_idx,-0.00276
MED00389,11,target_med_season_idx,-0.00737
MED00390,11,target_med_season_idx,-0.01201
MED00391,11,target_med_season_idx,-0.00853
MED00392,11,target_med_season_idx,-0.01095
MED00393,11,target_med_season_idx,-0.00659
MED00394,11,target_med_season_idx,-0.00808
MED00395,11,target_med_season_idx,-0.00911
MED00396,11,target_med_season_idx,-0.00368
MED00397,11,target_med_season_idx,-0.00246
MED00398,11,target_med_season_idx,-0.00056
MED00399,11,target_med_season_idx,-0.00013
MED00400,11,target_med_season_idx,-0.00184
MED00401,11,target_med_season_idx,0.00941
MED00402,11,target_med_season_idx,0.02729
MED00403,11,target_med_season_idx,-0.00738
MED00404,11,target_med_season_idx,-0.00418
MED00405,11,target_med_season_idx,-0.0063
MED00406,11,target_med_season_idx,-0.00811
MED00407,11,target_med_season_idx,0.01125
MED00408,11,target_med_season_idx,0.02202
MED00409,11,target_med_season_idx,-0.0049
MED00410,11,target_med_season_idx,-0.00478
MED00411,11,target_med_season_idx,0.01627
MED00412,11,target_med_season_idx,0.0171
MED00413,11,target_med_season_idx,0.02059
MED00414,11,target_med_season_idx,0.0137
MED00415,11,target_med_season_idx,0.01697
MED00416,11,target_med_season_idx,0.01505
MED00417,11,target_med_season_idx,-0.00419
MED00418,11,target_med_season_idx,-0.00766
MED00419,11,target_med_season_idx,-0.00749
MED00420,11,target_med_season_idx,0.00794
MED00421,11,target_med_season_idx,-0.01404
MED00422,11,target_med_season_idx,0.01119
MED00423,11,target_med_season_idx,-0.00956
MED00424,11,target_med_season_idx,-0.00407
MED00001,12,target_med_season_idx,-0.00677
MED00002,12,target_med_season_idx,-0.01811
MED00003,12,target_med_season_idx,-0.01821
MED00004,12,target_med_season_idx,-0.01834
MED00005,12,target_med_season_idx,-0.01451
MED00006,12,target_med_season_idx,0.00224
MED00007,12,target_med_season_idx,-0.00532
MED00008,12,target_med_season_idx,-0.00795
MED00009,12,target_med_season_idx,-0.00636
MED00010,12,target_med_season_idx,-0.00686
MED00011,12,target_med_season_idx,-0.0048
MED00012,12,target_med_season_idx,-0.01103
MED00013,12,target_med_season_idx,-0.00516
MED00014,12,target_med_season_idx,-0.00792
MED00015,12,target_med_season_idx,-0.00547
MED00016,12,target_med_season_idx,-0.01978
MED00017,12,target_med_season_idx,-0.01301
MED00018,12,target_med_season_idx,-0.0012
MED00019,12,target_med_season_idx,-0.00242
MED00020,12,target_med_season_idx,-0.00733
MED00021,12,target_med_season_idx,-0.00173
MED00022,12,target_med_season_idx,-0.01289
MED00023,12,target_med_season_idx,0.00197
MED00024,12,target_med_season_idx,-0.00352
MED00025,12,target_med_season_idx,-0.01343
MED00026,12,target_med_season_idx,-0.01681
MED00027,12,target_med_season_idx,-0.02227
MED00028,12,target_med_season_idx,-0.00457
MED00029,12,target_med_season_idx,-0.00453
MED00030,12,target_med_season_idx,-0.00342
MED00031,12,target_med_season_idx,-0.00026
MED00032,12,target_med_season_idx,0.00116
MED00033,12,target_med_season_idx,-0.01344
MED00034,12,target_med_season_idx,-0.00847
MED00035,12,target_med_season_idx,-0.02524
MED00036,12,target_med_season_idx,-0.0209
MED00037,12,target_med_season_idx,0.00647
MED00038,12,target_med_season_idx,-0.00657
MED00039,12,target_med_season_idx,0.00868
MED00040,12,target_med_season_idx,-0.00614
MED00041,12,target_med_season_idx,0.01243
MED00042,12,target_med_season_idx,-0.00568
MED00043,12,target_med_season_idx,-0.01359
MED00044,12,target_med_season_idx,-0.00681
MED00045,12,target_med_season_idx,-0.00027
MED00046,12,target_med_season_idx,-0.00267
MED00047,12,target_med_season_idx,-0.00753
MED00048,12,target_med_season_idx,-0.01116
MED00049,12,target_med_season_idx,-0.02445
MED00050,12,target_med_season_idx,-0.00879
MED00051,12,target_med_season_idx,-0.00326
MED00052,12,target_med_season_idx,-0.01132
MED00053,12,target_med_season_idx,-0.00818
MED00054,12,target_med_season_idx,-0.01025
MED00055,12,target_med_season_idx,-0.01284
MED00056,12,target_med_season_idx,0.00121
MED00057,12,target_med_season_idx,0.00291
MED00058,12,target_med_season_idx,-0.0033
MED00059,12,target_med_season_idx,-0.011
MED00060,12,target_med_season_idx,0.02504
MED00061,12,target_med_season_idx,-0.01288
MED00062,12,target_med_season_idx,0.01718
MED00063,12,target_med_season_idx,-0.00685
MED00064,12,target_med_season_idx,-0.00224
MED00065,12,target_med_season_idx,0.00126
MED00066,12,target_med_season_idx,-0.00551
MED00067,12,target_med_season_idx,-0.01435
MED00068,12,target_med_season_idx,-0.0034
MED00069,12,target_med_season_idx,-0.00399
MED00070,12,target_med_season_idx,-0.0051
MED00071,12,target_med_season_idx,-0.00609
MED00072,12,target_med_season_idx,-0.01068
MED00073,12,target_med_season_idx,-0.00423
MED00074,12,target_med_season_idx,-0.00286
MED00075,12,target_med_season_idx,0.01121
MED00076,12,target_med_season_idx,-0.01641
MED00077,12,target_med_season_idx,-0.00412
MED00078,12,target_med_season_idx,-0.00322
MED00079,12,target_med_season_idx,-0.00398
MED00080,12,target_med_season_idx,-0.00775
MED00081,12,target_med_season_idx,-0.01772
MED00082,12,target_med_season_idx,-0.00229
MED00083,12,target_med_season_idx,-0.00411
MED00084,12,target_med_season_idx,-0.00458
MED00085,12,target_med_season_idx,-0.0161
MED00086,12,target_med_season_idx,0.01245
MED00087,12,target_med_season_idx,-0.00418
MED00088,12,target_med_season_idx,-0.00567
MED00089,12,target_med_season_idx,-0.0081
MED00090,12,target_med_season_idx,-0.00651
MED00091,12,target_med_season_idx,-0.00998
MED00092,12,target_med_season_idx,-0.00795
MED00093,12,target_med_season_idx,-0.01486
MED00094,12,target_med_season_idx,-0.01219
MED00095,12,target_med_season_idx,-0.00845
MED00096,12,target_med_season_idx,-0.00529
MED00097,12,target_med_season_idx,0.00269
MED00098,12,target_med_season_idx,-0.01017
MED00099,12,target_med_season_idx,-0.02451
MED00100,12,target_med_season_idx,-0.0058
MED00101,12,target_med_season_idx,-0.00758
MED00102,12,target_med_season_idx,0.01204
MED00103,12,target_med_season_idx,-0.00778
MED00104,12,target_med_season_idx,-0.01127
MED00105,12,target_med_season_idx,-0.00889
MED00106,12,target_med_season_idx,-0.00921
MED00107,12,target_med_season_idx,-0.01024
MED00108,12,target_med_season_idx,-0.00734
MED00109,12,target_med_season_idx,-0.02204
MED00110,12,target_med_season_idx,-0.02837
MED00111,12,target_med_season_idx,-0.00891
MED00112,12,target_med_season_idx,-0.01312
MED00113,12,target_med_season_idx,-0.00681
MED00114,12,target_med_season_idx,-0.00718
MED00115,12,target_med_season_idx,-0.01323
MED00116,12,target_med_season_idx,-0.00686
MED00117,12,target_med_season_idx,-0.00437
MED00118,12,target_med_season_idx,-0.00053
MED00119,12,target_med_season_idx,-0.01253
MED00120,12,target_med_season_idx,-0.00912
MED00121,12,target_med_season_idx,-0.00145
MED00122,12,target_med_season_idx,-0.01378
MED00123,12,target_med_season_idx,0.00378
MED00124,12,target_med_season_idx,-0.01126
MED00125,12,target_med_season_idx,-0.01908
MED00126,12,target_med_season_idx,-0.0177
MED00127,12,target_med_season_idx,-0.00641
MED00128,12,target_med_season_idx,-0.01305
MED00129,12,target_med_season_idx,-0.00753
MED00130,12,target_med_season_idx,-0.02405
MED00131,12,target_med_season_idx,-0.00552
MED00132,12,target_med_season_idx,0.01535
MED00133,12,target_med_season_idx,0.01165
MED00134,12,target_med_season_idx,-0.03412
MED00135,12,target_med_season_idx,-0.00863
MED00136,12,target_med_season_idx,-0.01067
MED00137,12,target_med_season_idx,-0.00658
MED00138,12,target_med_season_idx,-0.01168
MED00139,12,target_med_season_idx,-0.0045
MED00140,12,target_med_season_idx,-0.00694
MED00141,12,target_med_season_idx,-0.00163
MED00142,12,target_med_season_idx,-0.00097
MED00143,12,target_med_season_idx,-0.00685
MED00144,12,target_med_season_idx,-0.00878
MED00145,12,target_med_season_idx,-0.01219
MED00146,12,target_med_season_idx,-0.01688
MED00147,12,target_med_season_idx,0.01335
MED00148,12,target_med_season_idx,0.02265
MED00149,12,target_med_season_idx,-0.00701
MED00150,12,target_med_season_idx,-0.01147
MED00151,12,target_med_season_idx,-0.01254
MED00152,12,target_med_season_idx,-0.01392
MED00153,12,target_med_season_idx,-0.01278
MED00154,12,target_med_season_idx,-0.00668
MED00155,12,target_med_season_idx,-0.0106
MED00156,12,target_med_season_idx,0.00655
MED00157,12,target_med_season_idx,-0.0091
MED00158,12,target_med_season_idx,-0.01564
MED00159,12,target_med_season_idx,-0.01061
MED00160,12,target_med_season_idx,-0.00729
MED00161,12,target_med_season_idx,-0.00875
MED00162,12,target_med_season_idx,-0.0129
MED00163,12,target_med_season_idx,-0.01926
MED00164,12,target_med_season_idx,-0.00703
MED00165,12,target_med_season_idx,-0.00844
MED00166,12,target_med_season_idx,-0.01197
MED00167,12,target_med_season_idx,-0.00825
MED00168,12,target_med_season_idx,-0.01175
MED00169,12,target_med_season_idx,-0.00656
MED00170,12,target_med_season_idx,-0.00938
MED00171,12,target_med_season_idx,-0.01113
MED00172,12,target_med_season_idx,-0.02151
MED00173,12,target_med_season_idx,-0.01435
MED00174,12,target_med_season_idx,-0.00497
MED00175,12,target_med_season_idx,-0.01311
MED00176,12,target_med_season_idx,-0.00989
MED00177,12,target_med_season_idx,-0.01866
MED00178,12,target_med_season_idx,0.01173
MED00179,12,target_med_season_idx,-0.02479
MED00180,12,target_med_season_idx,-0.01524
MED00181,12,target_med_season_idx,-0.00799
MED00182,12,target_med_season_idx,-0.02259
MED00183,12,target_med_season_idx,-0.00196
MED00184,12,target_med_season_idx,-0.0064
MED00185,12,target_med_season_idx,-0.01499
MED00186,12,target_med_season_idx,-0.00786
MED00187,12,target_med_season_idx,-0.00347
MED00188,12,target_med_season_idx,-0.00864
MED00189,12,target_med_season_idx,-0.02127
MED00190,12,target_med_season_idx,-0.01348
MED00191,12,target_med_season_idx,-0.00745
MED00192,12,target_med_season_idx,-0.01925
MED00193,12,target_med_season_idx,-0.0217
MED00194,12,target_med_season_idx,-0.00607
MED00195,12,target_med_season_idx,-0.00552
MED00196,12,target_med_season_idx,-0.00548
MED00197,12,target_med_season_idx,-0.00681
MED00198,12,target_med_season_idx,-0.00291
MED00199,12,target_med_season_idx,-0.00571
MED00200,12,target_med_season_idx,-0.00712
MED00201,12,target_med_season_idx,0.01833
MED00202,12,target_med_season_idx,-0.00855
MED00203,12,target_med_season_idx,-0.0084
MED00204,12,target_med_season_idx,-0.01194
MED00205,12,target_med_season_idx,-0.00923
MED00206,12,target_med_season_idx,-0.01276
MED00207,12,target_med_season_idx,-0.01263
MED00208,12,target_med_season_idx,-0.00853
MED00209,12,target_med_season_idx,0.00313
MED00210,12,target_med_season_idx,-0.01045
MED00211,12,target_med_season_idx,-0.01523
MED00212,12,target_med_season_idx,-0.00221
MED00213,12,target_med_season_idx,-0.0154
MED00214,12,target_med_season_idx,-0.01157
MED00215,12,target_med_season_idx,-0.01064
MED00216,12,target_med_season_idx,-0.00416
MED00217,12,target_med_season_idx,-0.01539
MED00218,12,target_med_season_idx,-0.00655
MED00219,12,target_med_season_idx,-0.00511
MED00220,12,target_med_season_idx,-0.01199
MED00221,12,target_med_season_idx,-0.00209
MED00222,12,target_med_season_idx,0.0049
MED00223,12,target_med_season_idx,-0.00904
MED00224,12,target_med_season_idx,-0.00389
MED00225,12,target_med_season_idx,-0.00975
MED00226,12,target_med_season_idx,-0.00772
MED00227,12,target_med_season_idx,-0.00656
MED00228,12,target_med_season_idx,-0.00836
MED00229,12,target_med_season_idx,-0.01388
MED00230,12,target_med_season_idx,-0.00705
MED00231,12,target_med_season_idx,-0.00446
MED00232,12,target_med_season_idx,-0.00192
MED00233,12,target_med_season_idx,0.01097
MED00234,12,target_med_season_idx,-0.00802
MED00235,12,target_med_season_idx,-0.00359
MED00236,12,target_med_season_idx,-0.00728
MED00237,12,target_med_season_idx,-0.00435
MED00238,12,target_med_season_idx,-0.01131
MED00239,12,target_med_season_idx,-0.00948
MED00240,12,target_med_season_idx,-0.00398
MED00241,12,target_med_season_idx,-0.00858
MED00242,12,target_med_season_idx,-0.00662
MED00243,12,target_med_season_idx,-0.01754
MED00244,12,target_med_season_idx,-0.01181
MED00245,12,target_med_season_idx,-0.00288
MED00246,12,target_med_season_idx,-0.00737
MED00247,12,target_med_season_idx,-0.00915
MED00248,12,target_med_season_idx,-0.00787
MED00249,12,target_med_season_idx,-0.0022
MED00250,12,target_med_season_idx,-0.00472
MED00251,12,target_med_season_idx,-0.00779
MED00252,12,target_med_season_idx,-1e-04
MED00253,12,target_med_season_idx,-0.00385
MED00254,12,target_med_season_idx,-0.00969
MED00255,12,target_med_season_idx,-0.00263
MED00256,12,target_med_season_idx,-0.01024
MED00257,12,target_med_season_idx,-0.0031
MED00258,12,target_med_season_idx,-0.01044
MED00259,12,target_med_season_idx,-0.01678
MED00260,12,target_med_season_idx,-0.02838
MED00261,12,target_med_season_idx,-0.01547
MED00262,12,target_med_season_idx,-0.00374
MED00263,12,target_med_season_idx,-0.00934
MED00264,12,target_med_season_idx,-0.02718
MED00265,12,target_med_season_idx,-0.00686
MED00266,12,target_med_season_idx,-0.00896
MED00267,12,target_med_season_idx,-0.00458
MED00268,12,target_med_season_idx,-0.00993
MED00269,12,target_med_season_idx,-0.01104
MED00270,12,target_med_season_idx,-0.01307
MED00271,12,target_med_season_idx,-0.03029
MED00272,12,target_med_season_idx,-0.00482
MED00273,12,target_med_season_idx,-0.00493
MED00274,12,target_med_season_idx,0.00934
MED00275,12,target_med_season_idx,-0.01048
MED00276,12,target_med_season_idx,-0.01297
MED00277,12,target_med_season_idx,-0.02129
MED00278,12,target_med_season_idx,-0.01127
MED00279,12,target_med_season_idx,-0.00852
MED00280,12,target_med_season_idx,-0.01495
MED00281,12,target_med_season_idx,-0.00806
MED00282,12,target_med_season_idx,-0.00726
MED00283,12,target_med_season_idx,-0.01299
MED00284,12,target_med_season_idx,0.0053
MED00285,12,target_med_season_idx,-0.00745
MED00286,12,target_med_season_idx,-0.0077
MED00287,12,target_med_season_idx,-0.01096
MED00288,12,target_med_season_idx,-0.00246
MED00289,12,target_med_season_idx,-0.00529
MED00290,12,target_med_season_idx,-0.00644
MED00291,12,target_med_season_idx,-0.00394
MED00292,12,target_med_season_idx,0.00904
MED00293,12,target_med_season_idx,-0.00274
MED00294,12,target_med_season_idx,0.00849
MED00295,12,target_med_season_idx,-0.0229
MED00296,12,target_med_season_idx,-0.00793
MED00297,12,target_med_season_idx,-0.00705
MED00298,12,target_med_season_idx,-0.01451
MED00299,12,target_med_season_idx,0.00188
MED00300,12,target_med_season_idx,-0.01372
MED00301,12,target_med_season_idx,-0.00885
MED00302,12,target_med_season_idx,-0.00661
MED00303,12,target_med_season_idx,-0.00581
MED00304,12,target_med_season_idx,-0.00265
MED00305,12,target_med_season_idx,-0.00795
MED00306,12,target_med_season_idx,-0.02943
MED00307,12,target_med_season_idx,-0.00204
MED00308,12,target_med_season_idx,-0.0112
MED00309,12,target_med_season_idx,-0.0017
MED00310,12,target_med_season_idx,0.01342
MED00311,12,target_med_season_idx,-0.00298
MED00312,12,target_med_season_idx,0.01175
MED00313,12,target_med_season_idx,-0.02951
MED00314,12,target_med_season_idx,-0.01029
MED00315,12,target_med_season_idx,-0.0099
MED00316,12,target_med_season_idx,-0.00681
MED00317,12,target_med_season_idx,-0.0152
MED00318,12,target_med_season_idx,-0.01099
MED00319,12,target_med_season_idx,-0.01133
MED00320,12,target_med_season_idx,-0.00488
MED00321,12,target_med_season_idx,-0.02034
MED00322,12,target_med_season_idx,-0.02296
MED00323,12,target_med_season_idx,0.01238
MED00324,12,target_med_season_idx,0.00112
MED00325,12,target_med_season_idx,-0.01072
MED00326,12,target_med_season_idx,-0.00804
MED00327,12,target_med_season_idx,-0.00624
MED00328,12,target_med_season_idx,-0.01002
MED00329,12,target_med_season_idx,-0.01018
MED00330,12,target_med_season_idx,-0.0085
MED00331,12,target_med_season_idx,-0.00581
MED00332,12,target_med_season_idx,-0.00317
MED00333,12,target_med_season_idx,-0.02351
MED00334,12,target_med_season_idx,-0.00714
MED00335,12,target_med_season_idx,-0.00631
MED00336,12,target_med_season_idx,-0.00963
MED00337,12,target_med_season_idx,-0.00105
MED00338,12,target_med_season_idx,-0.00687
MED00339,12,target_med_season_idx,-0.0002
MED00340,12,target_med_season_idx,-0.00906
MED00341,12,target_med_season_idx,-0.00839
MED00342,12,target_med_season_idx,-0.01134
MED00343,12,target_med_season_idx,-0.01175
MED00344,12,target_med_season_idx,0.00252
MED00345,12,target_med_season_idx,-0.02434
MED00346,12,target_med_season_idx,-0.00147
MED00347,12,target_med_season_idx,-0.00615
MED00348,12,target_med_season_idx,-0.00036
MED00349,12,target_med_season_idx,-0.01588
MED00350,12,target_med_season_idx,-0.01619
MED00351,12,target_med_season_idx,-0.02238
MED00352,12,target_med_season_idx,-0.0364
MED00353,12,target_med_season_idx,-0.0171
MED00354,12,target_med_season_idx,-0.01411
MED00355,12,target_med_season_idx,-0.00862
MED00356,12,target_med_season_idx,-0.01032
MED00357,12,target_med_season_idx,-0.0206
MED00358,12,target_med_season_idx,0.01747
MED00359,12,target_med_season_idx,-0.01041
MED00360,12,target_med_season_idx,-0.00852
MED00361,12,target_med_season_idx,-0.01514
MED00362,12,target_med_season_idx,-0.01221
MED00363,12,target_med_season_idx,-0.00938
MED00364,12,target_med_season_idx,-0.00614
MED00365,12,target_med_season_idx,-0.0137
MED00366,12,target_med_season_idx,-0.01311
MED00367,12,target_med_season_idx,-0.01238
MED00368,12,target_med_season_idx,-0.0091
MED00369,12,target_med_season_idx,-0.00676
MED00370,12,target_med_season_idx,0.01043
MED00371,12,target_med_season_idx,-0.00604
MED00372,12,target_med_season_idx,-0.0245
MED00373,12,target_med_season_idx,-0.0142
MED00374,12,target_med_season_idx,0.01219
MED00375,12,target_med_season_idx,-0.00524
MED00376,12,target_med_season_idx,-0.01189
MED00377,12,target_med_season_idx,-0.01395
MED00378,12,target_med_season_idx,-0.01466
MED00379,12,target_med_season_idx,-0.0212
MED00380,12,target_med_season_idx,-0.02499
MED00381,12,target_med_season_idx,-0.00828
MED00382,12,target_med_season_idx,0.00964
MED00383,12,target_med_season_idx,-0.0079
MED00384,12,target_med_season_idx,-0.01037
MED00385,12,target_med_season_idx,-0.00964
MED00386,12,target_med_season_idx,-0.00713
MED00387,12,target_med_season_idx,-0.01152
MED00388,12,target_med_season_idx,-0.00288
MED00389,12,target_med_season_idx,-0.00712
MED00390,12,target_med_season_idx,-0.0124
MED00391,12,target_med_season_idx,-0.00833
MED00392,12,target_med_season_idx,-0.01073
MED00393,12,target_med_season_idx,-0.00637
MED00394,12,target_med_season_idx,-0.00784
MED00395,12,target_med_season_idx,-0.00897
MED00396,12,target_med_season_idx,-0.00384
MED00397,12,target_med_season_idx,-0.00257
MED00398,12,target_med_season_idx,-0.00122
MED00399,12,target_med_season_idx,-0.00033
MED00400,12,target_med_season_idx,-0.00206
MED00401,12,target_med_season_idx,0.00978
MED00402,12,target_med_season_idx,0.02692
MED00403,12,target_med_season_idx,-0.00718
MED00404,12,target_med_season_idx,-0.00425
MED00405,12,target_med_season_idx,-0.00631
MED00406,12,target_med_season_idx,-0.00825
MED00407,12,target_med_season_idx,0.0108
MED00408,12,target_med_season_idx,0.02232
MED00409,12,target_med_season_idx,-0.00475
MED00410,12,target_med_season_idx,-0.00455
MED00411,12,target_med_season_idx,0.01637
MED00412,12,target_med_season_idx,0.01729
MED00413,12,target_med_season_idx,0.02087
MED00414,12,target_med_season_idx,0.01382
MED00415,12,target_med_season_idx,0.01721
MED00416,12,target_med_season_idx,0.0151
MED00417,12,target_med_season_idx,-0.00396
MED00418,12,target_med_season_idx,-0.00738
MED00419,12,target_med_season_idx,-0.00724
MED00420,12,target_med_season_idx,0.00793
MED00421,12,target_med_season_idx,-0.01407
MED00422,12,target_med_season_idx,0.01124
MED00423,12,target_med_season_idx,-0.00933
MED00424,12,target_med_season_idx,-0.00326
MED00001,1,target_cat_season_idx,0.00182
MED00002,1,target_cat_season_idx,-0.04493
MED00003,1,target_cat_season_idx,-0.02108
MED00004,1,target_cat_season_idx,0.00411
MED00005,1,target_cat_season_idx,-0.00663
MED00006,1,target_cat_season_idx,-0.00429
MED00007,1,target_cat_season_idx,-0.00958
MED00008,1,target_cat_season_idx,-0.00726
MED00009,1,target_cat_season_idx,-0.01146
MED00010,1,target_cat_season_idx,0.00118
MED00011,1,target_cat_season_idx,0.0002
MED00012,1,target_cat_season_idx,-0.00366
MED00013,1,target_cat_season_idx,-0.00527
MED00014,1,target_cat_season_idx,-0.00159
MED00015,1,target_cat_season_idx,-0.01756
MED00016,1,target_cat_season_idx,-0.00481
MED00017,1,target_cat_season_idx,-0.00586
MED00018,1,target_cat_season_idx,-0.0022
MED00019,1,target_cat_season_idx,-0.00231
MED00020,1,target_cat_season_idx,-0.00739
MED00021,1,target_cat_season_idx,0.0613
MED00022,1,target_cat_season_idx,0.08174
MED00023,1,target_cat_season_idx,0.0604
MED00024,1,target_cat_season_idx,0.07702
MED00025,1,target_cat_season_idx,0.00896
MED00026,1,target_cat_season_idx,0.01078
MED00027,1,target_cat_season_idx,0.01653
MED00028,1,target_cat_season_idx,-0.00889
MED00029,1,target_cat_season_idx,0.10347
MED00030,1,target_cat_season_idx,0.10035
MED00031,1,target_cat_season_idx,0.06414
MED00032,1,target_cat_season_idx,-0.00595
MED00033,1,target_cat_season_idx,-0.00697
MED00034,1,target_cat_season_idx,-0.00614
MED00035,1,target_cat_season_idx,0.02401
MED00036,1,target_cat_season_idx,-0.00874
MED00037,1,target_cat_season_idx,-0.00393
MED00038,1,target_cat_season_idx,0.13985
MED00039,1,target_cat_season_idx,-0.0082
MED00040,1,target_cat_season_idx,0.00067
MED00041,1,target_cat_season_idx,-0.07888
MED00042,1,target_cat_season_idx,-0.0056
MED00043,1,target_cat_season_idx,-0.01769
MED00044,1,target_cat_season_idx,0.06428
MED00045,1,target_cat_season_idx,-0.00572
MED00046,1,target_cat_season_idx,0.0549
MED00047,1,target_cat_season_idx,-0.00204
MED00048,1,target_cat_season_idx,-0.00507
MED00049,1,target_cat_season_idx,-0.04565
MED00050,1,target_cat_season_idx,-0.01139
MED00051,1,target_cat_season_idx,-0.0461
MED00052,1,target_cat_season_idx,-0.01047
MED00053,1,target_cat_season_idx,0.08984
MED00054,1,target_cat_season_idx,0.08991
MED00055,1,target_cat_season_idx,0.01487
MED00056,1,target_cat_season_idx,0.00037
MED00057,1,target_cat_season_idx,0.00977
MED00058,1,target_cat_season_idx,-0.00535
MED00059,1,target_cat_season_idx,0.07465
MED00060,1,target_cat_season_idx,-0.00198
MED00061,1,target_cat_season_idx,-0.00849
MED00062,1,target_cat_season_idx,0.00567
MED00063,1,target_cat_season_idx,-0.04324
MED00064,1,target_cat_season_idx,-0.00301
MED00065,1,target_cat_season_idx,0.00029
MED00066,1,target_cat_season_idx,-0.01853
MED00067,1,target_cat_season_idx,-0.00618
MED00068,1,target_cat_season_idx,0.09359
MED00069,1,target_cat_season_idx,0.05444
MED00070,1,target_cat_season_idx,0.09921
MED00071,1,target_cat_season_idx,0.06132
MED00072,1,target_cat_season_idx,0.0788
MED00073,1,target_cat_season_idx,0.09405
MED00074,1,target_cat_season_idx,0.09465
MED00075,1,target_cat_season_idx,0.08143
MED00076,1,target_cat_season_idx,-0.04687
MED00077,1,target_cat_season_idx,0.11948
MED00078,1,target_cat_season_idx,0.09699
MED00079,1,target_cat_season_idx,0.0065
MED00080,1,target_cat_season_idx,0.12126
MED00081,1,target_cat_season_idx,-0.02089
MED00082,1,target_cat_season_idx,0.07761
MED00083,1,target_cat_season_idx,0.09837
MED00084,1,target_cat_season_idx,-0.00233
MED00085,1,target_cat_season_idx,-0.00516
MED00086,1,target_cat_season_idx,0.02437
MED00087,1,target_cat_season_idx,-0.00383
MED00088,1,target_cat_season_idx,-0.00211
MED00089,1,target_cat_season_idx,-0.00558
MED00090,1,target_cat_season_idx,0.07809
MED00091,1,target_cat_season_idx,0.07833
MED00092,1,target_cat_season_idx,-0.00384
MED00093,1,target_cat_season_idx,0.01433
MED00094,1,target_cat_season_idx,0.00092
MED00095,1,target_cat_season_idx,-0.0081
MED00096,1,target_cat_season_idx,0.01096
MED00097,1,target_cat_season_idx,0.00967
MED00098,1,target_cat_season_idx,-0.00207
MED00099,1,target_cat_season_idx,0.01532
MED00100,1,target_cat_season_idx,-0.04496
MED00101,1,target_cat_season_idx,-0.00904
MED00102,1,target_cat_season_idx,-0.00611
MED00103,1,target_cat_season_idx,-0.01068
MED00104,1,target_cat_season_idx,-0.00243
MED00105,1,target_cat_season_idx,-0.00446
MED00106,1,target_cat_season_idx,-0.04498
MED00107,1,target_cat_season_idx,-0.00254
MED00108,1,target_cat_season_idx,-0.00821
MED00109,1,target_cat_season_idx,0.0045
MED00110,1,target_cat_season_idx,0.01751
MED00111,1,target_cat_season_idx,-0.00819
MED00112,1,target_cat_season_idx,-0.00992
MED00113,1,target_cat_season_idx,-0.00202
MED00114,1,target_cat_season_idx,-0.00716
MED00115,1,target_cat_season_idx,-0.00467
MED00116,1,target_cat_season_idx,-0.01348
MED00117,1,target_cat_season_idx,-0.00371
MED00118,1,target_cat_season_idx,-0.00521
MED00119,1,target_cat_season_idx,-0.0036
MED00120,1,target_cat_season_idx,-0.00508
MED00121,1,target_cat_season_idx,-0.00547
MED00122,1,target_cat_season_idx,-0.0024
MED00123,1,target_cat_season_idx,-0.00922
MED00124,1,target_cat_season_idx,-0.00147
MED00125,1,target_cat_season_idx,-0.04476
MED00127,1,target_cat_season_idx,-0.00698
MED00128,1,target_cat_season_idx,-0.00325
MED00129,1,target_cat_season_idx,-0.00625
MED00130,1,target_cat_season_idx,-0.04513
MED00131,1,target_cat_season_idx,0.03265
MED00132,1,target_cat_season_idx,-0.06731
MED00133,1,target_cat_season_idx,-0.06932
MED00134,1,target_cat_season_idx,0.01958
MED00135,1,target_cat_season_idx,-0.00423
MED00136,1,target_cat_season_idx,-0.00941
MED00138,1,target_cat_season_idx,-0.004
MED00139,1,target_cat_season_idx,-0.01144
MED00140,1,target_cat_season_idx,-0.00368
MED00141,1,target_cat_season_idx,0.04151
MED00142,1,target_cat_season_idx,0.0105
MED00143,1,target_cat_season_idx,-0.00447
MED00144,1,target_cat_season_idx,-0.00303
MED00145,1,target_cat_season_idx,-0.00945
MED00146,1,target_cat_season_idx,-0.00979
MED00147,1,target_cat_season_idx,-0.00554
MED00148,1,target_cat_season_idx,-0.0017
MED00149,1,target_cat_season_idx,-0.00624
MED00150,1,target_cat_season_idx,0.0693
MED00151,1,target_cat_season_idx,-0.00369
MED00152,1,target_cat_season_idx,-0.00587
MED00153,1,target_cat_season_idx,-0.00627
MED00154,1,target_cat_season_idx,-0.00377
MED00155,1,target_cat_season_idx,-0.00228
MED00156,1,target_cat_season_idx,-0.00415
MED00157,1,target_cat_season_idx,-0.00403
MED00158,1,target_cat_season_idx,0.01526
MED00159,1,target_cat_season_idx,-0.00471
MED00160,1,target_cat_season_idx,-0.00585
MED00161,1,target_cat_season_idx,-0.00208
MED00162,1,target_cat_season_idx,-0.00466
MED00163,1,target_cat_season_idx,-0.01654
MED00164,1,target_cat_season_idx,0.0357
MED00165,1,target_cat_season_idx,-0.01037
MED00166,1,target_cat_season_idx,-0.00499
MED00167,1,target_cat_season_idx,-0.00469
MED00168,1,target_cat_season_idx,-0.00376
MED00169,1,target_cat_season_idx,-0.0066
MED00170,1,target_cat_season_idx,-0.00428
MED00171,1,target_cat_season_idx,-0.00378
MED00172,1,target_cat_season_idx,0.08415
MED00173,1,target_cat_season_idx,-0.00658
MED00174,1,target_cat_season_idx,-0.00345
MED00175,1,target_cat_season_idx,0.00881
MED00176,1,target_cat_season_idx,-0.00535
MED00177,1,target_cat_season_idx,0.01021
MED00178,1,target_cat_season_idx,-0.00999
MED00179,1,target_cat_season_idx,0.0113
MED00180,1,target_cat_season_idx,-0.00578
MED00181,1,target_cat_season_idx,-0.01054
MED00182,1,target_cat_season_idx,0.01273
MED00183,1,target_cat_season_idx,-0.00111
MED00184,1,target_cat_season_idx,-0.0051
MED00185,1,target_cat_season_idx,0.08693
MED00186,1,target_cat_season_idx,-0.00373
MED00187,1,target_cat_season_idx,0.03481
MED00188,1,target_cat_season_idx,-0.00773
MED00189,1,target_cat_season_idx,-0.04735
MED00190,1,target_cat_season_idx,-0.00622
MED00191,1,target_cat_season_idx,-0.00601
MED00192,1,target_cat_season_idx,-0.0459
MED00193,1,target_cat_season_idx,-0.0445
MED00194,1,target_cat_season_idx,-0.00469
MED00195,1,target_cat_season_idx,-0.00546
MED00196,1,target_cat_season_idx,-0.00423
MED00197,1,target_cat_season_idx,-0.00624
MED00198,1,target_cat_season_idx,-0.00281
MED00199,1,target_cat_season_idx,0.06841
MED00200,1,target_cat_season_idx,-0.00401
MED00201,1,target_cat_season_idx,0.00339
MED00202,1,target_cat_season_idx,-0.00502
MED00203,1,target_cat_season_idx,0.08019
MED00204,1,target_cat_season_idx,-0.00429
MED00205,1,target_cat_season_idx,-0.00362
MED00206,1,target_cat_season_idx,0.06122
MED00207,1,target_cat_season_idx,-0.00554
MED00208,1,target_cat_season_idx,-0.00486
MED00209,1,target_cat_season_idx,-0.00534
MED00210,1,target_cat_season_idx,0.00605
MED00211,1,target_cat_season_idx,-0.00587
MED00212,1,target_cat_season_idx,-0.00679
MED00213,1,target_cat_season_idx,-0.00451
MED00214,1,target_cat_season_idx,-0.00322
MED00215,1,target_cat_season_idx,-0.00492
MED00216,1,target_cat_season_idx,-0.03526
MED00217,1,target_cat_season_idx,-0.0474
MED00218,1,target_cat_season_idx,-0.00355
MED00219,1,target_cat_season_idx,-0.00323
MED00220,1,target_cat_season_idx,-0.00301
MED00221,1,target_cat_season_idx,0.05777
MED00222,1,target_cat_season_idx,0.00696
MED00223,1,target_cat_season_idx,-0.00996
MED00224,1,target_cat_season_idx,-0.0046
MED00225,1,target_cat_season_idx,-0.00538
MED00226,1,target_cat_season_idx,0.07562
MED00227,1,target_cat_season_idx,-0.00865
MED00228,1,target_cat_season_idx,-0.00745
MED00229,1,target_cat_season_idx,0.00223
MED00230,1,target_cat_season_idx,-0.00411
MED00231,1,target_cat_season_idx,-0.00186
MED00232,1,target_cat_season_idx,-0.01082
MED00233,1,target_cat_season_idx,-0.0604
MED00234,1,target_cat_season_idx,-0.00453
MED00235,1,target_cat_season_idx,-0.00283
MED00236,1,target_cat_season_idx,-0.00538
MED00237,1,target_cat_season_idx,0.05966
MED00238,1,target_cat_season_idx,-0.00543
MED00239,1,target_cat_season_idx,-0.00631
MED00240,1,target_cat_season_idx,0.0828
MED00241,1,target_cat_season_idx,-0.00505
MED00242,1,target_cat_season_idx,-0.00644
MED00243,1,target_cat_season_idx,-0.04531
MED00244,1,target_cat_season_idx,-0.00627
MED00245,1,target_cat_season_idx,-0.00294
MED00246,1,target_cat_season_idx,-0.00089
MED00247,1,target_cat_season_idx,-0.00475
MED00248,1,target_cat_season_idx,-0.00885
MED00249,1,target_cat_season_idx,0.00057
MED00250,1,target_cat_season_idx,0.14247
MED00251,1,target_cat_season_idx,-0.00541
MED00252,1,target_cat_season_idx,0.02479
MED00253,1,target_cat_season_idx,-0.00345
MED00254,1,target_cat_season_idx,0.01194
MED00255,1,target_cat_season_idx,0.0426
MED00256,1,target_cat_season_idx,-0.00298
MED00257,1,target_cat_season_idx,0.07519
MED00258,1,target_cat_season_idx,-0.004
MED00259,1,target_cat_season_idx,-0.0036
MED00260,1,target_cat_season_idx,0.00864
MED00261,1,target_cat_season_idx,-0.00218
MED00262,1,target_cat_season_idx,0.08657
MED00263,1,target_cat_season_idx,-0.00944
MED00264,1,target_cat_season_idx,0.01684
MED00265,1,target_cat_season_idx,-0.00209
MED00266,1,target_cat_season_idx,-0.00389
MED00267,1,target_cat_season_idx,-0.001
MED00268,1,target_cat_season_idx,-0.00306
MED00269,1,target_cat_season_idx,-0.00646
MED00270,1,target_cat_season_idx,-0.00395
MED00271,1,target_cat_season_idx,0.09537
MED00272,1,target_cat_season_idx,-0.00651
MED00273,1,target_cat_season_idx,-0.00952
MED00274,1,target_cat_season_idx,-0.06422
MED00275,1,target_cat_season_idx,0.00512
MED00276,1,target_cat_season_idx,-0.00491
MED00277,1,target_cat_season_idx,-0.04734
MED00278,1,target_cat_season_idx,-0.00133
MED00279,1,target_cat_season_idx,-0.01184
MED00280,1,target_cat_season_idx,-0.04682
MED00281,1,target_cat_season_idx,-0.0037
MED00282,1,target_cat_season_idx,-0.01007
MED00283,1,target_cat_season_idx,-0.00232
MED00284,1,target_cat_season_idx,0.06598
MED00285,1,target_cat_season_idx,-0.0015
MED00286,1,target_cat_season_idx,0.0781
MED00287,1,target_cat_season_idx,-0.00911
MED00288,1,target_cat_season_idx,-0.00542
MED00289,1,target_cat_season_idx,0.0844
MED00290,1,target_cat_season_idx,-0.00426
MED00291,1,target_cat_season_idx,-0.01428
MED00292,1,target_cat_season_idx,-0.00493
MED00293,1,target_cat_season_idx,0.05494
MED00294,1,target_cat_season_idx,0.02961
MED00295,1,target_cat_season_idx,0.01487
MED00296,1,target_cat_season_idx,-0.00569
MED00297,1,target_cat_season_idx,-0.00165
MED00298,1,target_cat_season_idx,-0.00373
MED00299,1,target_cat_season_idx,0.01031
MED00300,1,target_cat_season_idx,-0.00586
MED00301,1,target_cat_season_idx,-0.00144
MED00302,1,target_cat_season_idx,-0.00638
MED00303,1,target_cat_season_idx,0.04962
MED00304,1,target_cat_season_idx,0.06352
MED00305,1,target_cat_season_idx,-0.00269
MED00306,1,target_cat_season_idx,0.0264
MED00307,1,target_cat_season_idx,-0.002
MED00308,1,target_cat_season_idx,0.00035
MED00309,1,target_cat_season_idx,0.08086
MED00310,1,target_cat_season_idx,-0.00858
MED00311,1,target_cat_season_idx,0.08337
MED00312,1,target_cat_season_idx,-0.07417
MED00313,1,target_cat_season_idx,0.0133
MED00314,1,target_cat_season_idx,-0.00544
MED00315,1,target_cat_season_idx,-0.00332
MED00316,1,target_cat_season_idx,-0.00961
MED00317,1,target_cat_season_idx,-0.00616
MED00318,1,target_cat_season_idx,0.06137
MED00319,1,target_cat_season_idx,-0.00443
MED00320,1,target_cat_season_idx,-0.0111
MED00321,1,target_cat_season_idx,0.00282
MED00322,1,target_cat_season_idx,-0.0451
MED00323,1,target_cat_season_idx,-0.0088
MED00324,1,target_cat_season_idx,0.02539
MED00325,1,target_cat_season_idx,-0.00242
MED00326,1,target_cat_season_idx,-0.00355
MED00327,1,target_cat_season_idx,-0.01094
MED00328,1,target_cat_season_idx,-0.00576
MED00329,1,target_cat_season_idx,-0.00433
MED00330,1,target_cat_season_idx,-0.00552
MED00331,1,target_cat_season_idx,-0.00485
MED00332,1,target_cat_season_idx,-0.00966
MED00333,1,target_cat_season_idx,-0.00467
MED00334,1,target_cat_season_idx,-0.00495
MED00335,1,target_cat_season_idx,0.00145
MED00336,1,target_cat_season_idx,-0.00611
MED00337,1,target_cat_season_idx,0.00011
MED00338,1,target_cat_season_idx,-0.0054
MED00339,1,target_cat_season_idx,0.02883
MED00340,1,target_cat_season_idx,0.00478
MED00341,1,target_cat_season_idx,-0.00161
MED00342,1,target_cat_season_idx,-0.00586
MED00343,1,target_cat_season_idx,-0.00372
MED00344,1,target_cat_season_idx,-0.00255
MED00345,1,target_cat_season_idx,-0.04583
MED00346,1,target_cat_season_idx,-0.00899
MED00347,1,target_cat_season_idx,-0.04678
MED00348,1,target_cat_season_idx,-0.00596
MED00349,1,target_cat_season_idx,-0.00594
MED00350,1,target_cat_season_idx,0.00011
MED00351,1,target_cat_season_idx,0.00989
MED00352,1,target_cat_season_idx,0.00516
MED00353,1,target_cat_season_idx,-0.00028
MED00354,1,target_cat_season_idx,-0.00284
MED00355,1,target_cat_season_idx,0.08974
MED00356,1,target_cat_season_idx,-0.00381
MED00357,1,target_cat_season_idx,-0.04322
MED00358,1,target_cat_season_idx,-0.00226
MED00359,1,target_cat_season_idx,-0.00417
MED00360,1,target_cat_season_idx,0.03803
MED00361,1,target_cat_season_idx,-0.00436
MED00362,1,target_cat_season_idx,-0.00096
MED00363,1,target_cat_season_idx,-0.00545
MED00364,1,target_cat_season_idx,-0.04709
MED00365,1,target_cat_season_idx,-0.00375
MED00366,1,target_cat_season_idx,-0.00353
MED00367,1,target_cat_season_idx,-0.00311
MED00368,1,target_cat_season_idx,-0.00624
MED00369,1,target_cat_season_idx,0.09455
MED00370,1,target_cat_season_idx,0.00899
MED00371,1,target_cat_season_idx,-0.00347
MED00372,1,target_cat_season_idx,-0.04572
MED00373,1,target_cat_season_idx,-0.00688
MED00374,1,target_cat_season_idx,-0.00562
MED00375,1,target_cat_season_idx,-0.00301
MED00376,1,target_cat_season_idx,-0.00633
MED00377,1,target_cat_season_idx,0.00511
MED00378,1,target_cat_season_idx,-0.00578
MED00379,1,target_cat_season_idx,0.00391
MED00380,1,target_cat_season_idx,0.0062
MED00381,1,target_cat_season_idx,-0.00614
MED00382,1,target_cat_season_idx,-0.00377
MED00383,1,target_cat_season_idx,-0.00151
MED00384,1,target_cat_season_idx,-0.00242
MED00385,1,target_cat_season_idx,0.00753
MED00386,1,target_cat_season_idx,0.00334
MED00387,1,target_cat_season_idx,0.00559
MED00388,1,target_cat_season_idx,-0.00211
MED00389,1,target_cat_season_idx,0.08752
MED00390,1,target_cat_season_idx,0.09845
MED00391,1,target_cat_season_idx,0.01961
MED00392,1,target_cat_season_idx,0.00848
MED00393,1,target_cat_season_idx,0.0059
MED00394,1,target_cat_season_idx,-0.00103
MED00395,1,target_cat_season_idx,0.01544
MED00396,1,target_cat_season_idx,-0.00338
MED00397,1,target_cat_season_idx,-0.00155
MED00398,1,target_cat_season_idx,-0.00211
MED00399,1,target_cat_season_idx,-0.00255
MED00400,1,target_cat_season_idx,-0.00101
MED00401,1,target_cat_season_idx,0.11678
MED00402,1,target_cat_season_idx,0.115
MED00403,1,target_cat_season_idx,-0.00495
MED00404,1,target_cat_season_idx,-0.002
MED00405,1,target_cat_season_idx,-0.00363
MED00406,1,target_cat_season_idx,0.00212
MED00407,1,target_cat_season_idx,0.11023
MED00408,1,target_cat_season_idx,0.10762
MED00409,1,target_cat_season_idx,0.09116
MED00410,1,target_cat_season_idx,0.0931
MED00411,1,target_cat_season_idx,0.01004
MED00412,1,target_cat_season_idx,0.00201
MED00413,1,target_cat_season_idx,-0.00061
MED00414,1,target_cat_season_idx,0.01444
MED00415,1,target_cat_season_idx,-0.00111
MED00416,1,target_cat_season_idx,0.0172
MED00417,1,target_cat_season_idx,-0.00033
MED00418,1,target_cat_season_idx,0.00065
MED00419,1,target_cat_season_idx,0.00462
MED00420,1,target_cat_season_idx,0.0998
MED00421,1,target_cat_season_idx,0.1197
MED00422,1,target_cat_season_idx,0.0242
MED00423,1,target_cat_season_idx,-0.00135
MED00424,1,target_cat_season_idx,-0.00206
MED00001,2,target_cat_season_idx,0.00178
MED00002,2,target_cat_season_idx,-0.04704
MED00003,2,target_cat_season_idx,-0.02566
MED00004,2,target_cat_season_idx,0.00413
MED00005,2,target_cat_season_idx,-0.00663
MED00006,2,target_cat_season_idx,-0.00428
MED00007,2,target_cat_season_idx,-0.00935
MED00008,2,target_cat_season_idx,-0.00729
MED00009,2,target_cat_season_idx,-0.01158
MED00010,2,target_cat_season_idx,0.00137
MED00011,2,target_cat_season_idx,0.0002
MED00012,2,target_cat_season_idx,-0.00361
MED00013,2,target_cat_season_idx,-0.00528
MED00014,2,target_cat_season_idx,-0.0016
MED00015,2,target_cat_season_idx,-0.02217
MED00016,2,target_cat_season_idx,-0.00481
MED00017,2,target_cat_season_idx,-0.00587
MED00018,2,target_cat_season_idx,-0.00219
MED00019,2,target_cat_season_idx,-0.00232
MED00020,2,target_cat_season_idx,-0.00737
MED00021,2,target_cat_season_idx,0.06135
MED00022,2,target_cat_season_idx,0.08164
MED00023,2,target_cat_season_idx,0.05858
MED00024,2,target_cat_season_idx,0.0773
MED00025,2,target_cat_season_idx,0.00916
MED00026,2,target_cat_season_idx,0.01093
MED00027,2,target_cat_season_idx,0.0167
MED00028,2,target_cat_season_idx,-0.009
MED00029,2,target_cat_season_idx,0.10347
MED00030,2,target_cat_season_idx,0.10031
MED00031,2,target_cat_season_idx,0.06436
MED00032,2,target_cat_season_idx,-0.00596
MED00033,2,target_cat_season_idx,-0.00695
MED00034,2,target_cat_season_idx,-0.00613
MED00035,2,target_cat_season_idx,0.02502
MED00036,2,target_cat_season_idx,-0.00868
MED00037,2,target_cat_season_idx,-0.00394
MED00038,2,target_cat_season_idx,0.14012
MED00039,2,target_cat_season_idx,-0.00817
MED00040,2,target_cat_season_idx,0.00068
MED00041,2,target_cat_season_idx,-0.07881
MED00042,2,target_cat_season_idx,-0.0056
MED00043,2,target_cat_season_idx,-0.0222
MED00044,2,target_cat_season_idx,0.06236
MED00045,2,target_cat_season_idx,-0.00569
MED00046,2,target_cat_season_idx,0.05282
MED00047,2,target_cat_season_idx,-0.00205
MED00048,2,target_cat_season_idx,-0.00504
MED00049,2,target_cat_season_idx,-0.04994
MED00050,2,target_cat_season_idx,-0.01139
MED00051,2,target_cat_season_idx,-0.04829
MED00052,2,target_cat_season_idx,-0.01049
MED00053,2,target_cat_season_idx,0.09027
MED00054,2,target_cat_season_idx,0.08965
MED00055,2,target_cat_season_idx,0.01487
MED00056,2,target_cat_season_idx,0.00037
MED00057,2,target_cat_season_idx,0.0104
MED00058,2,target_cat_season_idx,-0.0053
MED00059,2,target_cat_season_idx,0.07465
MED00060,2,target_cat_season_idx,-0.00197
MED00061,2,target_cat_season_idx,-0.00847
MED00062,2,target_cat_season_idx,0.00554
MED00063,2,target_cat_season_idx,-0.04758
MED00064,2,target_cat_season_idx,-0.00302
MED00065,2,target_cat_season_idx,0.00027
MED00066,2,target_cat_season_idx,-0.02314
MED00067,2,target_cat_season_idx,-0.00618
MED00068,2,target_cat_season_idx,0.09358
MED00069,2,target_cat_season_idx,0.0556
MED00070,2,target_cat_season_idx,0.09915
MED00071,2,target_cat_season_idx,0.0594
MED00072,2,target_cat_season_idx,0.07692
MED00073,2,target_cat_season_idx,0.09428
MED00074,2,target_cat_season_idx,0.09483
MED00075,2,target_cat_season_idx,0.0814
MED00076,2,target_cat_season_idx,-0.05138
MED00077,2,target_cat_season_idx,0.11767
MED00078,2,target_cat_season_idx,0.09606
MED00079,2,target_cat_season_idx,0.00579
MED00080,2,target_cat_season_idx,0.11943
MED00081,2,target_cat_season_idx,-0.02539
MED00082,2,target_cat_season_idx,0.07569
MED00083,2,target_cat_season_idx,0.09659
MED00084,2,target_cat_season_idx,-0.00234
MED00085,2,target_cat_season_idx,-0.00515
MED00086,2,target_cat_season_idx,0.02452
MED00087,2,target_cat_season_idx,-0.0039
MED00088,2,target_cat_season_idx,-0.00211
MED00089,2,target_cat_season_idx,-0.00537
MED00090,2,target_cat_season_idx,0.07922
MED00091,2,target_cat_season_idx,0.07821
MED00092,2,target_cat_season_idx,-0.00385
MED00093,2,target_cat_season_idx,0.01448
MED00094,2,target_cat_season_idx,0.00093
MED00095,2,target_cat_season_idx,-0.00811
MED00096,2,target_cat_season_idx,0.01097
MED00097,2,target_cat_season_idx,0.00968
MED00098,2,target_cat_season_idx,-0.00208
MED00099,2,target_cat_season_idx,0.01549
MED00100,2,target_cat_season_idx,-0.0493
MED00101,2,target_cat_season_idx,-0.00876
MED00102,2,target_cat_season_idx,-0.00612
MED00103,2,target_cat_season_idx,-0.01069
MED00104,2,target_cat_season_idx,-0.00244
MED00105,2,target_cat_season_idx,-0.00447
MED00106,2,target_cat_season_idx,-0.04946
MED00107,2,target_cat_season_idx,-0.00254
MED00108,2,target_cat_season_idx,-0.00822
MED00109,2,target_cat_season_idx,0.00453
MED00110,2,target_cat_season_idx,0.01764
MED00111,2,target_cat_season_idx,-0.0084
MED00112,2,target_cat_season_idx,-0.00991
MED00113,2,target_cat_season_idx,-0.00203
MED00114,2,target_cat_season_idx,-0.00716
MED00115,2,target_cat_season_idx,-0.00467
MED00116,2,target_cat_season_idx,-0.01348
MED00117,2,target_cat_season_idx,-0.00367
MED00118,2,target_cat_season_idx,-0.0052
MED00119,2,target_cat_season_idx,-0.0036
MED00120,2,target_cat_season_idx,-0.00507
MED00121,2,target_cat_season_idx,-0.00548
MED00122,2,target_cat_season_idx,-0.00241
MED00123,2,target_cat_season_idx,-0.00921
MED00124,2,target_cat_season_idx,-0.00145
MED00125,2,target_cat_season_idx,-0.04925
MED00127,2,target_cat_season_idx,-0.00703
MED00128,2,target_cat_season_idx,-0.00326
MED00129,2,target_cat_season_idx,-0.00624
MED00130,2,target_cat_season_idx,-0.04963
MED00131,2,target_cat_season_idx,0.03274
MED00132,2,target_cat_season_idx,-0.0679
MED00133,2,target_cat_season_idx,-0.06931
MED00134,2,target_cat_season_idx,0.01972
MED00135,2,target_cat_season_idx,-0.00422
MED00136,2,target_cat_season_idx,-0.00821
MED00138,2,target_cat_season_idx,-0.00401
MED00139,2,target_cat_season_idx,-0.01141
MED00140,2,target_cat_season_idx,-0.00369
MED00141,2,target_cat_season_idx,0.04165
MED00142,2,target_cat_season_idx,0.01064
MED00143,2,target_cat_season_idx,-0.00448
MED00144,2,target_cat_season_idx,-0.00305
MED00145,2,target_cat_season_idx,-0.00947
MED00146,2,target_cat_season_idx,-0.00978
MED00147,2,target_cat_season_idx,-0.00558
MED00148,2,target_cat_season_idx,-0.00182
MED00149,2,target_cat_season_idx,-0.00617
MED00150,2,target_cat_season_idx,0.07014
MED00151,2,target_cat_season_idx,-0.0037
MED00152,2,target_cat_season_idx,-0.00587
MED00153,2,target_cat_season_idx,-0.00627
MED00154,2,target_cat_season_idx,-0.00375
MED00155,2,target_cat_season_idx,-0.00228
MED00156,2,target_cat_season_idx,-0.00415
MED00157,2,target_cat_season_idx,-0.00404
MED00158,2,target_cat_season_idx,0.01543
MED00159,2,target_cat_season_idx,-0.0047
MED00160,2,target_cat_season_idx,-0.00586
MED00161,2,target_cat_season_idx,-0.00209
MED00162,2,target_cat_season_idx,-0.00467
MED00163,2,target_cat_season_idx,-0.02107
MED00164,2,target_cat_season_idx,0.03377
MED00165,2,target_cat_season_idx,-0.01038
MED00166,2,target_cat_season_idx,-0.005
MED00167,2,target_cat_season_idx,-0.00469
MED00168,2,target_cat_season_idx,-0.00376
MED00169,2,target_cat_season_idx,-0.00635
MED00170,2,target_cat_season_idx,-0.00429
MED00171,2,target_cat_season_idx,-0.00379
MED00172,2,target_cat_season_idx,0.08236
MED00173,2,target_cat_season_idx,-0.0064
MED00174,2,target_cat_season_idx,-0.00346
MED00175,2,target_cat_season_idx,0.00885
MED00176,2,target_cat_season_idx,-0.00534
MED00177,2,target_cat_season_idx,0.01058
MED00178,2,target_cat_season_idx,-0.01
MED00179,2,target_cat_season_idx,0.01188
MED00180,2,target_cat_season_idx,-0.00574
MED00181,2,target_cat_season_idx,-0.01054
MED00182,2,target_cat_season_idx,0.0129
MED00183,2,target_cat_season_idx,-0.0011
MED00184,2,target_cat_season_idx,-0.00521
MED00185,2,target_cat_season_idx,0.08512
MED00186,2,target_cat_season_idx,-0.00375
MED00187,2,target_cat_season_idx,0.03478
MED00188,2,target_cat_season_idx,-0.00775
MED00189,2,target_cat_season_idx,-0.05186
MED00190,2,target_cat_season_idx,-0.00622
MED00191,2,target_cat_season_idx,-0.00574
MED00192,2,target_cat_season_idx,-0.0504
MED00193,2,target_cat_season_idx,-0.04646
MED00194,2,target_cat_season_idx,-0.00481
MED00195,2,target_cat_season_idx,-0.00547
MED00196,2,target_cat_season_idx,-0.00424
MED00197,2,target_cat_season_idx,-0.00625
MED00198,2,target_cat_season_idx,-0.00282
MED00199,2,target_cat_season_idx,0.0684
MED00200,2,target_cat_season_idx,-0.00398
MED00201,2,target_cat_season_idx,0.00456
MED00202,2,target_cat_season_idx,-0.00497
MED00203,2,target_cat_season_idx,0.08209
MED00204,2,target_cat_season_idx,-0.0043
MED00205,2,target_cat_season_idx,-0.00363
MED00206,2,target_cat_season_idx,0.05958
MED00207,2,target_cat_season_idx,-0.00553
MED00208,2,target_cat_season_idx,-0.00487
MED00209,2,target_cat_season_idx,-0.0051
MED00210,2,target_cat_season_idx,0.00605
MED00211,2,target_cat_season_idx,-0.00587
MED00212,2,target_cat_season_idx,-0.0071
MED00213,2,target_cat_season_idx,-0.00448
MED00214,2,target_cat_season_idx,-0.00321
MED00215,2,target_cat_season_idx,-0.00493
MED00216,2,target_cat_season_idx,-0.0396
MED00217,2,target_cat_season_idx,-0.05192
MED00218,2,target_cat_season_idx,-0.00356
MED00219,2,target_cat_season_idx,-0.00324
MED00220,2,target_cat_season_idx,-0.00283
MED00221,2,target_cat_season_idx,0.05803
MED00222,2,target_cat_season_idx,0.00696
MED00223,2,target_cat_season_idx,-0.00986
MED00224,2,target_cat_season_idx,-0.00461
MED00225,2,target_cat_season_idx,-0.00539
MED00226,2,target_cat_season_idx,0.0726
MED00227,2,target_cat_season_idx,-0.00866
MED00228,2,target_cat_season_idx,-0.00762
MED00229,2,target_cat_season_idx,0.00222
MED00230,2,target_cat_season_idx,-0.00423
MED00231,2,target_cat_season_idx,-0.00187
MED00232,2,target_cat_season_idx,-0.01078
MED00233,2,target_cat_season_idx,-0.06037
MED00234,2,target_cat_season_idx,-0.00453
MED00235,2,target_cat_season_idx,-0.00284
MED00236,2,target_cat_season_idx,-0.00539
MED00237,2,target_cat_season_idx,0.05963
MED00238,2,target_cat_season_idx,-0.00543
MED00239,2,target_cat_season_idx,-0.00632
MED00240,2,target_cat_season_idx,0.08101
MED00241,2,target_cat_season_idx,-0.005
MED00242,2,target_cat_season_idx,-0.00645
MED00243,2,target_cat_season_idx,-0.04983
MED00244,2,target_cat_season_idx,-0.00628
MED00245,2,target_cat_season_idx,-0.00294
MED00246,2,target_cat_season_idx,-0.00087
MED00247,2,target_cat_season_idx,-0.00476
MED00248,2,target_cat_season_idx,-0.00886
MED00249,2,target_cat_season_idx,0.00058
MED00250,2,target_cat_season_idx,0.14275
MED00251,2,target_cat_season_idx,-0.00541
MED00252,2,target_cat_season_idx,0.02492
MED00253,2,target_cat_season_idx,-0.00345
MED00254,2,target_cat_season_idx,0.01208
MED00255,2,target_cat_season_idx,0.0426
MED00256,2,target_cat_season_idx,-0.00298
MED00257,2,target_cat_season_idx,0.07545
MED00258,2,target_cat_season_idx,-0.00399
MED00259,2,target_cat_season_idx,-0.00361
MED00260,2,target_cat_season_idx,0.0092
MED00261,2,target_cat_season_idx,-0.00219
MED00262,2,target_cat_season_idx,0.08476
MED00263,2,target_cat_season_idx,-0.00944
MED00264,2,target_cat_season_idx,0.01701
MED00265,2,target_cat_season_idx,-0.0021
MED00266,2,target_cat_season_idx,-0.00388
MED00267,2,target_cat_season_idx,-0.00099
MED00268,2,target_cat_season_idx,-0.00307
MED00269,2,target_cat_season_idx,-0.00645
MED00270,2,target_cat_season_idx,-0.00396
MED00271,2,target_cat_season_idx,0.09537
MED00272,2,target_cat_season_idx,-0.00656
MED00273,2,target_cat_season_idx,-0.00954
MED00274,2,target_cat_season_idx,-0.06484
MED00275,2,target_cat_season_idx,0.00509
MED00276,2,target_cat_season_idx,-0.0049
MED00277,2,target_cat_season_idx,-0.05185
MED00278,2,target_cat_season_idx,-0.00134
MED00279,2,target_cat_season_idx,-0.01142
MED00280,2,target_cat_season_idx,-0.05134
MED00281,2,target_cat_season_idx,-0.00373
MED00282,2,target_cat_season_idx,-0.01013
MED00283,2,target_cat_season_idx,-0.00213
MED00284,2,target_cat_season_idx,0.06418
MED00285,2,target_cat_season_idx,-0.00183
MED00286,2,target_cat_season_idx,0.07809
MED00287,2,target_cat_season_idx,-0.00912
MED00288,2,target_cat_season_idx,-0.00542
MED00289,2,target_cat_season_idx,0.08259
MED00290,2,target_cat_season_idx,-0.00427
MED00291,2,target_cat_season_idx,-0.01353
MED00292,2,target_cat_season_idx,-0.00527
MED00293,2,target_cat_season_idx,0.05495
MED00294,2,target_cat_season_idx,0.02772
MED00295,2,target_cat_season_idx,0.01503
MED00296,2,target_cat_season_idx,-0.00569
MED00297,2,target_cat_season_idx,-0.00166
MED00298,2,target_cat_season_idx,-0.00372
MED00299,2,target_cat_season_idx,0.01188
MED00300,2,target_cat_season_idx,-0.00582
MED00301,2,target_cat_season_idx,-0.00144
MED00302,2,target_cat_season_idx,-0.00639
MED00303,2,target_cat_season_idx,0.0486
MED00304,2,target_cat_season_idx,0.06341
MED00305,2,target_cat_season_idx,-0.00265
MED00306,2,target_cat_season_idx,0.02742
MED00307,2,target_cat_season_idx,-0.00199
MED00308,2,target_cat_season_idx,0.00035
MED00309,2,target_cat_season_idx,0.0851
MED00310,2,target_cat_season_idx,-0.00881
MED00311,2,target_cat_season_idx,0.08635
MED00312,2,target_cat_season_idx,-0.0748
MED00313,2,target_cat_season_idx,0.01342
MED00314,2,target_cat_season_idx,-0.00541
MED00315,2,target_cat_season_idx,-0.00333
MED00316,2,target_cat_season_idx,-0.00961
MED00317,2,target_cat_season_idx,-0.00616
MED00318,2,target_cat_season_idx,0.05947
MED00319,2,target_cat_season_idx,-0.00442
MED00320,2,target_cat_season_idx,-0.01106
MED00321,2,target_cat_season_idx,0.00282
MED00322,2,target_cat_season_idx,-0.04983
MED00323,2,target_cat_season_idx,-0.0087
MED00324,2,target_cat_season_idx,0.02539
MED00325,2,target_cat_season_idx,-0.00244
MED00326,2,target_cat_season_idx,-0.00356
MED00327,2,target_cat_season_idx,-0.01095
MED00328,2,target_cat_season_idx,-0.00574
MED00329,2,target_cat_season_idx,-0.00433
MED00330,2,target_cat_season_idx,-0.00553
MED00331,2,target_cat_season_idx,-0.00486
MED00332,2,target_cat_season_idx,-0.00967
MED00333,2,target_cat_season_idx,-0.00467
MED00334,2,target_cat_season_idx,-0.00469
MED00335,2,target_cat_season_idx,0.00111
MED00336,2,target_cat_season_idx,-0.00585
MED00337,2,target_cat_season_idx,0.00012
MED00338,2,target_cat_season_idx,-0.00535
MED00339,2,target_cat_season_idx,0.02892
MED00340,2,target_cat_season_idx,0.00483
MED00341,2,target_cat_season_idx,-0.00162
MED00342,2,target_cat_season_idx,-0.00586
MED00343,2,target_cat_season_idx,-0.00372
MED00344,2,target_cat_season_idx,-0.00256
MED00345,2,target_cat_season_idx,-0.0502
MED00346,2,target_cat_season_idx,-0.009
MED00347,2,target_cat_season_idx,-0.05125
MED00348,2,target_cat_season_idx,-0.0057
MED00349,2,target_cat_season_idx,-0.00594
MED00351,2,target_cat_season_idx,0.00992
MED00352,2,target_cat_season_idx,0.00534
MED00353,2,target_cat_season_idx,-0.00026
MED00354,2,target_cat_season_idx,-0.00282
MED00355,2,target_cat_season_idx,0.08793
MED00356,2,target_cat_season_idx,-0.00382
MED00357,2,target_cat_season_idx,-0.04773
MED00358,2,target_cat_season_idx,-0.00216
MED00359,2,target_cat_season_idx,-0.00414
MED00360,2,target_cat_season_idx,0.03803
MED00361,2,target_cat_season_idx,-0.00437
MED00362,2,target_cat_season_idx,-0.00098
MED00363,2,target_cat_season_idx,-0.00579
MED00364,2,target_cat_season_idx,-0.05142
MED00365,2,target_cat_season_idx,-0.00376
MED00366,2,target_cat_season_idx,-0.00351
MED00367,2,target_cat_season_idx,-0.00312
MED00368,2,target_cat_season_idx,-0.00622
MED00369,2,target_cat_season_idx,0.09445
MED00370,2,target_cat_season_idx,0.01
MED00371,2,target_cat_season_idx,-0.00349
MED00372,2,target_cat_season_idx,-0.05007
MED00373,2,target_cat_season_idx,-0.00689
MED00374,2,target_cat_season_idx,-0.00562
MED00375,2,target_cat_season_idx,-0.0029
MED00376,2,target_cat_season_idx,-0.00633
MED00377,2,target_cat_season_idx,0.00513
MED00378,2,target_cat_season_idx,-0.00577
MED00379,2,target_cat_season_idx,0.00392
MED00380,2,target_cat_season_idx,0.00621
MED00381,2,target_cat_season_idx,-0.00593
MED00382,2,target_cat_season_idx,-0.00374
MED00383,2,target_cat_season_idx,-0.00152
MED00384,2,target_cat_season_idx,-0.00242
MED00385,2,target_cat_season_idx,0.00752
MED00386,2,target_cat_season_idx,0.00335
MED00387,2,target_cat_season_idx,0.00559
MED00388,2,target_cat_season_idx,-0.00212
MED00389,2,target_cat_season_idx,0.08544
MED00390,2,target_cat_season_idx,0.09874
MED00391,2,target_cat_season_idx,0.01956
MED00392,2,target_cat_season_idx,0.00842
MED00393,2,target_cat_season_idx,0.00586
MED00394,2,target_cat_season_idx,-0.00106
MED00395,2,target_cat_season_idx,0.0154
MED00396,2,target_cat_season_idx,-0.00349
MED00397,2,target_cat_season_idx,-0.00137
MED00398,2,target_cat_season_idx,-0.00211
MED00399,2,target_cat_season_idx,-0.00254
MED00400,2,target_cat_season_idx,-0.001
MED00401,2,target_cat_season_idx,0.11709
MED00402,2,target_cat_season_idx,0.11501
MED00403,2,target_cat_season_idx,-0.00495
MED00404,2,target_cat_season_idx,-0.00201
MED00405,2,target_cat_season_idx,-0.00394
MED00406,2,target_cat_season_idx,0.00211
MED00407,2,target_cat_season_idx,0.11024
MED00408,2,target_cat_season_idx,0.1076
MED00409,2,target_cat_season_idx,0.09115
MED00410,2,target_cat_season_idx,0.09337
MED00411,2,target_cat_season_idx,0.01003
MED00412,2,target_cat_season_idx,0.00195
MED00413,2,target_cat_season_idx,-0.00062
MED00414,2,target_cat_season_idx,0.01428
MED00415,2,target_cat_season_idx,-0.00135
MED00416,2,target_cat_season_idx,0.01724
MED00417,2,target_cat_season_idx,-0.00034
MED00418,2,target_cat_season_idx,0.00173
MED00419,2,target_cat_season_idx,0.00459
MED00420,2,target_cat_season_idx,0.10008
MED00421,2,target_cat_season_idx,0.11791
MED00422,2,target_cat_season_idx,0.02425
MED00423,2,target_cat_season_idx,-0.0014
MED00424,2,target_cat_season_idx,-0.00207
MED00001,3,target_cat_season_idx,0.00185
MED00002,3,target_cat_season_idx,-0.04735
MED00003,3,target_cat_season_idx,-0.02539
MED00004,3,target_cat_season_idx,0.00413
MED00005,3,target_cat_season_idx,-0.00663
MED00006,3,target_cat_season_idx,-0.00428
MED00007,3,target_cat_season_idx,-0.00932
MED00008,3,target_cat_season_idx,-0.00728
MED00009,3,target_cat_season_idx,-0.01162
MED00010,3,target_cat_season_idx,0.00088
MED00011,3,target_cat_season_idx,0.0002
MED00012,3,target_cat_season_idx,-0.00361
MED00013,3,target_cat_season_idx,-0.00528
MED00014,3,target_cat_season_idx,-0.00159
MED00015,3,target_cat_season_idx,-0.02208
MED00016,3,target_cat_season_idx,-0.00481
MED00017,3,target_cat_season_idx,-0.00586
MED00018,3,target_cat_season_idx,-0.00219
MED00019,3,target_cat_season_idx,-0.00232
MED00020,3,target_cat_season_idx,-0.00739
MED00021,3,target_cat_season_idx,0.06081
MED00022,3,target_cat_season_idx,0.0815
MED00023,3,target_cat_season_idx,0.05799
MED00024,3,target_cat_season_idx,0.0749
MED00025,3,target_cat_season_idx,0.0071
MED00026,3,target_cat_season_idx,0.01097
MED00027,3,target_cat_season_idx,0.01671
MED00028,3,target_cat_season_idx,-0.009
MED00029,3,target_cat_season_idx,0.10585
MED00030,3,target_cat_season_idx,0.09981
MED00031,3,target_cat_season_idx,0.06422
MED00032,3,target_cat_season_idx,-0.00608
MED00033,3,target_cat_season_idx,-0.00695
MED00034,3,target_cat_season_idx,-0.00612
MED00035,3,target_cat_season_idx,0.02388
MED00036,3,target_cat_season_idx,-0.00861
MED00037,3,target_cat_season_idx,-0.00394
MED00038,3,target_cat_season_idx,0.13773
MED00039,3,target_cat_season_idx,-0.00809
MED00040,3,target_cat_season_idx,0.00068
MED00041,3,target_cat_season_idx,-0.07783
MED00042,3,target_cat_season_idx,-0.0056
MED00043,3,target_cat_season_idx,-0.02198
MED00044,3,target_cat_season_idx,0.06263
MED00045,3,target_cat_season_idx,-0.00568
MED00046,3,target_cat_season_idx,0.05357
MED00047,3,target_cat_season_idx,-0.00204
MED00048,3,target_cat_season_idx,-0.00503
MED00049,3,target_cat_season_idx,-0.04916
MED00050,3,target_cat_season_idx,-0.01139
MED00051,3,target_cat_season_idx,-0.04906
MED00052,3,target_cat_season_idx,-0.01063
MED00053,3,target_cat_season_idx,0.09041
MED00054,3,target_cat_season_idx,0.08969
MED00055,3,target_cat_season_idx,0.01494
MED00056,3,target_cat_season_idx,0.00038
MED00057,3,target_cat_season_idx,0.01037
MED00058,3,target_cat_season_idx,-0.0053
MED00059,3,target_cat_season_idx,0.07405
MED00060,3,target_cat_season_idx,-0.00222
MED00061,3,target_cat_season_idx,-0.00847
MED00062,3,target_cat_season_idx,0.00553
MED00063,3,target_cat_season_idx,-0.04679
MED00064,3,target_cat_season_idx,-0.00302
MED00065,3,target_cat_season_idx,0.00027
MED00066,3,target_cat_season_idx,-0.02292
MED00067,3,target_cat_season_idx,-0.00617
MED00068,3,target_cat_season_idx,0.09163
MED00069,3,target_cat_season_idx,0.05506
MED00070,3,target_cat_season_idx,0.09856
MED00071,3,target_cat_season_idx,0.05881
MED00072,3,target_cat_season_idx,0.07677
MED00073,3,target_cat_season_idx,0.0938
MED00074,3,target_cat_season_idx,0.09243
MED00075,3,target_cat_season_idx,0.08154
MED00076,3,target_cat_season_idx,-0.05122
MED00077,3,target_cat_season_idx,0.11712
MED00078,3,target_cat_season_idx,0.09537
MED00079,3,target_cat_season_idx,0.00579
MED00080,3,target_cat_season_idx,0.11956
MED00081,3,target_cat_season_idx,-0.02511
MED00082,3,target_cat_season_idx,0.0751
MED00083,3,target_cat_season_idx,0.09601
MED00084,3,target_cat_season_idx,-0.00236
MED00085,3,target_cat_season_idx,-0.00515
MED00086,3,target_cat_season_idx,0.02434
MED00087,3,target_cat_season_idx,-0.00389
MED00088,3,target_cat_season_idx,-0.00211
MED00089,3,target_cat_season_idx,-0.00538
MED00090,3,target_cat_season_idx,0.07682
MED00091,3,target_cat_season_idx,0.07581
MED00092,3,target_cat_season_idx,-0.00385
MED00093,3,target_cat_season_idx,0.01448
MED00094,3,target_cat_season_idx,0.00093
MED00095,3,target_cat_season_idx,-0.00811
MED00096,3,target_cat_season_idx,0.01097
MED00097,3,target_cat_season_idx,0.00958
MED00098,3,target_cat_season_idx,-0.00208
MED00099,3,target_cat_season_idx,0.0155
MED00100,3,target_cat_season_idx,-0.049
MED00101,3,target_cat_season_idx,-0.00875
MED00102,3,target_cat_season_idx,-0.00612
MED00103,3,target_cat_season_idx,-0.01066
MED00104,3,target_cat_season_idx,-0.00244
MED00105,3,target_cat_season_idx,-0.00448
MED00106,3,target_cat_season_idx,-0.04867
MED00107,3,target_cat_season_idx,-0.00254
MED00108,3,target_cat_season_idx,-0.00821
MED00109,3,target_cat_season_idx,0.00456
MED00110,3,target_cat_season_idx,0.0176
MED00111,3,target_cat_season_idx,-0.0084
MED00112,3,target_cat_season_idx,-0.00991
MED00113,3,target_cat_season_idx,-0.00202
MED00114,3,target_cat_season_idx,-0.00716
MED00115,3,target_cat_season_idx,-0.00467
MED00116,3,target_cat_season_idx,-0.01348
MED00117,3,target_cat_season_idx,-0.00365
MED00118,3,target_cat_season_idx,-0.0052
MED00119,3,target_cat_season_idx,-0.00359
MED00120,3,target_cat_season_idx,-0.00506
MED00121,3,target_cat_season_idx,-0.00546
MED00122,3,target_cat_season_idx,-0.00241
MED00123,3,target_cat_season_idx,-0.00912
MED00124,3,target_cat_season_idx,-0.00145
MED00125,3,target_cat_season_idx,-0.0488
MED00127,3,target_cat_season_idx,-0.00706
MED00128,3,target_cat_season_idx,-0.00325
MED00129,3,target_cat_season_idx,-0.00621
MED00130,3,target_cat_season_idx,-0.04893
MED00131,3,target_cat_season_idx,0.03035
MED00132,3,target_cat_season_idx,-0.06693
MED00133,3,target_cat_season_idx,-0.06833
MED00134,3,target_cat_season_idx,0.0197
MED00135,3,target_cat_season_idx,-0.00421
MED00136,3,target_cat_season_idx,-0.00821
MED00138,3,target_cat_season_idx,-0.00398
MED00139,3,target_cat_season_idx,-0.01139
MED00140,3,target_cat_season_idx,-0.00369
MED00141,3,target_cat_season_idx,0.04105
MED00142,3,target_cat_season_idx,0.01057
MED00143,3,target_cat_season_idx,-0.00448
MED00144,3,target_cat_season_idx,-0.00305
MED00145,3,target_cat_season_idx,-0.00944
MED00146,3,target_cat_season_idx,-0.00978
MED00147,3,target_cat_season_idx,-0.00571
MED00148,3,target_cat_season_idx,-0.00187
MED00149,3,target_cat_season_idx,-0.00617
MED00150,3,target_cat_season_idx,0.06957
MED00151,3,target_cat_season_idx,-0.00367
MED00152,3,target_cat_season_idx,-0.00585
MED00153,3,target_cat_season_idx,-0.00626
MED00154,3,target_cat_season_idx,-0.00375
MED00155,3,target_cat_season_idx,-0.00228
MED00156,3,target_cat_season_idx,-0.00414
MED00157,3,target_cat_season_idx,-0.00404
MED00158,3,target_cat_season_idx,0.01547
MED00159,3,target_cat_season_idx,-0.00469
MED00160,3,target_cat_season_idx,-0.00586
MED00161,3,target_cat_season_idx,-0.00208
MED00162,3,target_cat_season_idx,-0.00467
MED00163,3,target_cat_season_idx,-0.0203
MED00164,3,target_cat_season_idx,0.03318
MED00165,3,target_cat_season_idx,-0.01038
MED00166,3,target_cat_season_idx,-0.005
MED00167,3,target_cat_season_idx,-0.00469
MED00168,3,target_cat_season_idx,-0.00375
MED00169,3,target_cat_season_idx,-0.00634
MED00170,3,target_cat_season_idx,-0.00429
MED00171,3,target_cat_season_idx,-0.00379
MED00172,3,target_cat_season_idx,0.08222
MED00173,3,target_cat_season_idx,-0.00637
MED00174,3,target_cat_season_idx,-0.00346
MED00175,3,target_cat_season_idx,0.00892
MED00176,3,target_cat_season_idx,-0.00534
MED00177,3,target_cat_season_idx,0.01061
MED00178,3,target_cat_season_idx,-0.00998
MED00179,3,target_cat_season_idx,0.01193
MED00180,3,target_cat_season_idx,-0.00574
MED00181,3,target_cat_season_idx,-0.01054
MED00182,3,target_cat_season_idx,0.01295
MED00183,3,target_cat_season_idx,-0.00109
MED00184,3,target_cat_season_idx,-0.0053
MED00185,3,target_cat_season_idx,0.08456
MED00186,3,target_cat_season_idx,-0.00374
MED00187,3,target_cat_season_idx,0.03504
MED00188,3,target_cat_season_idx,-0.00774
MED00189,3,target_cat_season_idx,-0.05178
MED00190,3,target_cat_season_idx,-0.00622
MED00191,3,target_cat_season_idx,-0.00558
MED00192,3,target_cat_season_idx,-0.04994
MED00193,3,target_cat_season_idx,-0.04674
MED00194,3,target_cat_season_idx,-0.0048
MED00195,3,target_cat_season_idx,-0.00548
MED00196,3,target_cat_season_idx,-0.00423
MED00197,3,target_cat_season_idx,-0.00624
MED00198,3,target_cat_season_idx,-0.00281
MED00199,3,target_cat_season_idx,0.06817
MED00200,3,target_cat_season_idx,-0.00394
MED00201,3,target_cat_season_idx,0.00456
MED00202,3,target_cat_season_idx,-0.00497
MED00203,3,target_cat_season_idx,0.0801
MED00204,3,target_cat_season_idx,-0.0043
MED00205,3,target_cat_season_idx,-0.00363
MED00206,3,target_cat_season_idx,0.05943
MED00207,3,target_cat_season_idx,-0.00553
MED00208,3,target_cat_season_idx,-0.00485
MED00209,3,target_cat_season_idx,-0.00509
MED00210,3,target_cat_season_idx,0.00612
MED00211,3,target_cat_season_idx,-0.00584
MED00212,3,target_cat_season_idx,-0.00713
MED00213,3,target_cat_season_idx,-0.00449
MED00214,3,target_cat_season_idx,-0.00326
MED00215,3,target_cat_season_idx,-0.00493
MED00216,3,target_cat_season_idx,-0.03755
MED00217,3,target_cat_season_idx,-0.05177
MED00218,3,target_cat_season_idx,-0.00356
MED00219,3,target_cat_season_idx,-0.00322
MED00220,3,target_cat_season_idx,-0.00283
MED00221,3,target_cat_season_idx,0.05745
MED00222,3,target_cat_season_idx,0.00695
MED00223,3,target_cat_season_idx,-0.00986
MED00224,3,target_cat_season_idx,-0.00461
MED00225,3,target_cat_season_idx,-0.00538
MED00226,3,target_cat_season_idx,0.07551
MED00227,3,target_cat_season_idx,-0.00866
MED00228,3,target_cat_season_idx,-0.00763
MED00229,3,target_cat_season_idx,0.00223
MED00230,3,target_cat_season_idx,-0.00422
MED00231,3,target_cat_season_idx,-0.00187
MED00232,3,target_cat_season_idx,-0.01075
MED00233,3,target_cat_season_idx,-0.05934
MED00234,3,target_cat_season_idx,-0.00453
MED00235,3,target_cat_season_idx,-0.00284
MED00236,3,target_cat_season_idx,-0.00536
MED00237,3,target_cat_season_idx,0.05948
MED00238,3,target_cat_season_idx,-0.00542
MED00239,3,target_cat_season_idx,-0.00631
MED00240,3,target_cat_season_idx,0.08043
MED00241,3,target_cat_season_idx,-0.00499
MED00242,3,target_cat_season_idx,-0.00645
MED00243,3,target_cat_season_idx,-0.04917
MED00244,3,target_cat_season_idx,-0.00628
MED00245,3,target_cat_season_idx,-0.00294
MED00246,3,target_cat_season_idx,-0.00087
MED00247,3,target_cat_season_idx,-0.00475
MED00248,3,target_cat_season_idx,-0.00887
MED00249,3,target_cat_season_idx,0.00059
MED00250,3,target_cat_season_idx,0.14034
MED00251,3,target_cat_season_idx,-0.00541
MED00252,3,target_cat_season_idx,0.02482
MED00253,3,target_cat_season_idx,-0.00344
MED00254,3,target_cat_season_idx,0.01198
MED00255,3,target_cat_season_idx,0.042
MED00256,3,target_cat_season_idx,-0.00295
MED00257,3,target_cat_season_idx,0.07305
MED00258,3,target_cat_season_idx,-0.00399
MED00259,3,target_cat_season_idx,-0.00361
MED00260,3,target_cat_season_idx,0.00919
MED00261,3,target_cat_season_idx,-0.00211
MED00262,3,target_cat_season_idx,0.08462
MED00263,3,target_cat_season_idx,-0.00944
MED00264,3,target_cat_season_idx,0.0149
MED00265,3,target_cat_season_idx,-0.0021
MED00266,3,target_cat_season_idx,-0.00388
MED00267,3,target_cat_season_idx,-0.00099
MED00268,3,target_cat_season_idx,-0.00307
MED00269,3,target_cat_season_idx,-0.00645
MED00270,3,target_cat_season_idx,-0.0039
MED00271,3,target_cat_season_idx,0.09343
MED00272,3,target_cat_season_idx,-0.00659
MED00273,3,target_cat_season_idx,-0.00957
MED00274,3,target_cat_season_idx,-0.06387
MED00275,3,target_cat_season_idx,0.00507
MED00276,3,target_cat_season_idx,-0.0049
MED00277,3,target_cat_season_idx,-0.05155
MED00278,3,target_cat_season_idx,-0.00134
MED00279,3,target_cat_season_idx,-0.01142
MED00280,3,target_cat_season_idx,-0.05118
MED00281,3,target_cat_season_idx,-0.00376
MED00282,3,target_cat_season_idx,-0.01033
MED00283,3,target_cat_season_idx,-0.00217
MED00284,3,target_cat_season_idx,0.06489
MED00285,3,target_cat_season_idx,-0.00182
MED00286,3,target_cat_season_idx,0.07752
MED00287,3,target_cat_season_idx,-0.00911
MED00288,3,target_cat_season_idx,-0.00542
MED00289,3,target_cat_season_idx,0.08248
MED00290,3,target_cat_season_idx,-0.00424
MED00291,3,target_cat_season_idx,-0.01353
MED00292,3,target_cat_season_idx,-0.00529
MED00293,3,target_cat_season_idx,0.05494
MED00294,3,target_cat_season_idx,0.02866
MED00295,3,target_cat_season_idx,0.01504
MED00296,3,target_cat_season_idx,-0.00569
MED00297,3,target_cat_season_idx,-0.00166
MED00298,3,target_cat_season_idx,-0.00371
MED00299,3,target_cat_season_idx,0.01186
MED00300,3,target_cat_season_idx,-0.00581
MED00301,3,target_cat_season_idx,-0.00143
MED00302,3,target_cat_season_idx,-0.00639
MED00303,3,target_cat_season_idx,0.04799
MED00304,3,target_cat_season_idx,0.06288
MED00305,3,target_cat_season_idx,-0.00262
MED00306,3,target_cat_season_idx,0.02647
MED00307,3,target_cat_season_idx,-0.00199
MED00308,3,target_cat_season_idx,0.00037
MED00309,3,target_cat_season_idx,0.08452
MED00310,3,target_cat_season_idx,-0.00883
MED00311,3,target_cat_season_idx,0.08573
MED00312,3,target_cat_season_idx,-0.07308
MED00313,3,target_cat_season_idx,0.01337
MED00314,3,target_cat_season_idx,-0.0054
MED00315,3,target_cat_season_idx,-0.00333
MED00316,3,target_cat_season_idx,-0.00958
MED00317,3,target_cat_season_idx,-0.00638
MED00318,3,target_cat_season_idx,0.05889
MED00319,3,target_cat_season_idx,-0.00442
MED00320,3,target_cat_season_idx,-0.01106
MED00321,3,target_cat_season_idx,0.00282
MED00322,3,target_cat_season_idx,-0.04889
MED00323,3,target_cat_season_idx,-0.00865
MED00324,3,target_cat_season_idx,0.02531
MED00325,3,target_cat_season_idx,-0.00243
MED00326,3,target_cat_season_idx,-0.00356
MED00327,3,target_cat_season_idx,-0.01094
MED00328,3,target_cat_season_idx,-0.00574
MED00329,3,target_cat_season_idx,-0.00433
MED00330,3,target_cat_season_idx,-0.00549
MED00331,3,target_cat_season_idx,-0.00483
MED00332,3,target_cat_season_idx,-0.00966
MED00333,3,target_cat_season_idx,-0.00461
MED00334,3,target_cat_season_idx,-0.00468
MED00335,3,target_cat_season_idx,0.00112
MED00336,3,target_cat_season_idx,-0.00585
MED00337,3,target_cat_season_idx,1e-04
MED00338,3,target_cat_season_idx,-0.00534
MED00339,3,target_cat_season_idx,0.02652
MED00340,3,target_cat_season_idx,0.0049
MED00341,3,target_cat_season_idx,-0.00216
MED00342,3,target_cat_season_idx,-0.00585
MED00343,3,target_cat_season_idx,-0.00371
MED00344,3,target_cat_season_idx,-0.00257
MED00345,3,target_cat_season_idx,-0.0494
MED00346,3,target_cat_season_idx,-0.00898
MED00347,3,target_cat_season_idx,-0.05079
MED00348,3,target_cat_season_idx,-0.00568
MED00349,3,target_cat_season_idx,-0.00592
MED00350,3,target_cat_season_idx,1e-04
MED00351,3,target_cat_season_idx,0.00995
MED00352,3,target_cat_season_idx,0.00533
MED00353,3,target_cat_season_idx,-0.00025
MED00354,3,target_cat_season_idx,-0.00281
MED00355,3,target_cat_season_idx,0.08733
MED00356,3,target_cat_season_idx,-0.00381
MED00357,3,target_cat_season_idx,-0.04694
MED00358,3,target_cat_season_idx,-0.00216
MED00359,3,target_cat_season_idx,-0.00412
MED00360,3,target_cat_season_idx,0.03805
MED00361,3,target_cat_season_idx,-0.00434
MED00362,3,target_cat_season_idx,-0.00096
MED00363,3,target_cat_season_idx,-0.00579
MED00364,3,target_cat_season_idx,-0.0511
MED00365,3,target_cat_season_idx,-0.00375
MED00366,3,target_cat_season_idx,-0.00351
MED00367,3,target_cat_season_idx,-0.00312
MED00368,3,target_cat_season_idx,-0.00619
MED00369,3,target_cat_season_idx,0.09415
MED00370,3,target_cat_season_idx,0.01028
MED00371,3,target_cat_season_idx,-0.00348
MED00372,3,target_cat_season_idx,-0.04979
MED00373,3,target_cat_season_idx,-0.00689
MED00374,3,target_cat_season_idx,-0.00555
MED00375,3,target_cat_season_idx,-0.0029
MED00376,3,target_cat_season_idx,-0.00633
MED00377,3,target_cat_season_idx,0.00683
MED00378,3,target_cat_season_idx,-0.00577
MED00379,3,target_cat_season_idx,0.00392
MED00380,3,target_cat_season_idx,0.00625
MED00381,3,target_cat_season_idx,-0.00593
MED00382,3,target_cat_season_idx,-0.00375
MED00383,3,target_cat_season_idx,-0.00152
MED00384,3,target_cat_season_idx,-0.0024
MED00385,3,target_cat_season_idx,0.00755
MED00386,3,target_cat_season_idx,0.00338
MED00387,3,target_cat_season_idx,0.00559
MED00388,3,target_cat_season_idx,-0.00198
MED00389,3,target_cat_season_idx,0.08486
MED00390,3,target_cat_season_idx,0.09634
MED00391,3,target_cat_season_idx,0.01953
MED00392,3,target_cat_season_idx,0.00838
MED00393,3,target_cat_season_idx,0.00582
MED00394,3,target_cat_season_idx,-0.00111
MED00395,3,target_cat_season_idx,0.01538
MED00396,3,target_cat_season_idx,-0.00349
MED00397,3,target_cat_season_idx,-0.00136
MED00398,3,target_cat_season_idx,-0.0021
MED00399,3,target_cat_season_idx,-0.00254
MED00400,3,target_cat_season_idx,-0.00098
MED00401,3,target_cat_season_idx,0.11706
MED00402,3,target_cat_season_idx,0.11475
MED00403,3,target_cat_season_idx,-0.00495
MED00404,3,target_cat_season_idx,-0.00198
MED00405,3,target_cat_season_idx,-0.00392
MED00406,3,target_cat_season_idx,0.00214
MED00407,3,target_cat_season_idx,0.10969
MED00408,3,target_cat_season_idx,0.10705
MED00409,3,target_cat_season_idx,0.08899
MED00410,3,target_cat_season_idx,0.09099
MED00411,3,target_cat_season_idx,0.01001
MED00412,3,target_cat_season_idx,0.00185
MED00413,3,target_cat_season_idx,-0.00057
MED00414,3,target_cat_season_idx,0.01418
MED00415,3,target_cat_season_idx,-0.00134
MED00416,3,target_cat_season_idx,0.01724
MED00417,3,target_cat_season_idx,-0.0003
MED00418,3,target_cat_season_idx,0.00169
MED00419,3,target_cat_season_idx,0.00457
MED00420,3,target_cat_season_idx,0.09817
MED00421,3,target_cat_season_idx,0.11732
MED00422,3,target_cat_season_idx,0.02425
MED00423,3,target_cat_season_idx,-0.00141
MED00424,3,target_cat_season_idx,-0.00207
MED00001,4,target_cat_season_idx,0.00186
MED00002,4,target_cat_season_idx,-0.04691
MED00003,4,target_cat_season_idx,-0.02535
MED00004,4,target_cat_season_idx,0.00416
MED00005,4,target_cat_season_idx,-0.00658
MED00006,4,target_cat_season_idx,-0.00427
MED00007,4,target_cat_season_idx,-0.00929
MED00008,4,target_cat_season_idx,-0.00685
MED00009,4,target_cat_season_idx,-0.01161
MED00010,4,target_cat_season_idx,0.00086
MED00011,4,target_cat_season_idx,0.00021
MED00012,4,target_cat_season_idx,-0.0036
MED00013,4,target_cat_season_idx,-0.00518
MED00014,4,target_cat_season_idx,-0.00159
MED00015,4,target_cat_season_idx,-0.02193
MED00016,4,target_cat_season_idx,-0.00469
MED00017,4,target_cat_season_idx,-0.00586
MED00018,4,target_cat_season_idx,-0.00218
MED00019,4,target_cat_season_idx,-0.0023
MED00020,4,target_cat_season_idx,-0.00742
MED00021,4,target_cat_season_idx,0.05402
MED00022,4,target_cat_season_idx,0.08056
MED00023,4,target_cat_season_idx,0.0586
MED00024,4,target_cat_season_idx,0.07455
MED00025,4,target_cat_season_idx,0.00711
MED00026,4,target_cat_season_idx,0.01098
MED00027,4,target_cat_season_idx,0.01672
MED00028,4,target_cat_season_idx,-0.00865
MED00029,4,target_cat_season_idx,0.10582
MED00030,4,target_cat_season_idx,0.09999
MED00031,4,target_cat_season_idx,0.06596
MED00032,4,target_cat_season_idx,-0.00607
MED00033,4,target_cat_season_idx,-0.00716
MED00034,4,target_cat_season_idx,-0.00612
MED00035,4,target_cat_season_idx,0.02384
MED00036,4,target_cat_season_idx,-0.00861
MED00037,4,target_cat_season_idx,-0.00384
MED00038,4,target_cat_season_idx,0.13737
MED00039,4,target_cat_season_idx,-0.00809
MED00040,4,target_cat_season_idx,0.00065
MED00041,4,target_cat_season_idx,-0.07777
MED00042,4,target_cat_season_idx,-0.00562
MED00043,4,target_cat_season_idx,-0.02194
MED00044,4,target_cat_season_idx,0.05548
MED00045,4,target_cat_season_idx,-0.00568
MED00046,4,target_cat_season_idx,0.04701
MED00047,4,target_cat_season_idx,-0.00203
MED00048,4,target_cat_season_idx,-0.00505
MED00049,4,target_cat_season_idx,-0.04884
MED00050,4,target_cat_season_idx,-0.01137
MED00051,4,target_cat_season_idx,-0.04903
MED00052,4,target_cat_season_idx,-0.01058
MED00053,4,target_cat_season_idx,0.08757
MED00054,4,target_cat_season_idx,0.09028
MED00055,4,target_cat_season_idx,0.01493
MED00056,4,target_cat_season_idx,0.00035
MED00057,4,target_cat_season_idx,0.01038
MED00058,4,target_cat_season_idx,-0.00529
MED00059,4,target_cat_season_idx,0.07408
MED00060,4,target_cat_season_idx,-0.00221
MED00061,4,target_cat_season_idx,-0.00841
MED00062,4,target_cat_season_idx,0.00564
MED00063,4,target_cat_season_idx,-0.04646
MED00064,4,target_cat_season_idx,-0.00299
MED00065,4,target_cat_season_idx,0.0003
MED00066,4,target_cat_season_idx,-0.02277
MED00067,4,target_cat_season_idx,-0.00607
MED00068,4,target_cat_season_idx,0.09082
MED00069,4,target_cat_season_idx,0.05381
MED00070,4,target_cat_season_idx,0.09136
MED00071,4,target_cat_season_idx,0.05162
MED00072,4,target_cat_season_idx,0.07552
MED00073,4,target_cat_season_idx,0.09258
MED00074,4,target_cat_season_idx,0.09139
MED00075,4,target_cat_season_idx,0.0829
MED00076,4,target_cat_season_idx,-0.05106
MED00077,4,target_cat_season_idx,0.11681
MED00078,4,target_cat_season_idx,0.10003
MED00079,4,target_cat_season_idx,0.00584
MED00080,4,target_cat_season_idx,0.11838
MED00081,4,target_cat_season_idx,-0.02491
MED00082,4,target_cat_season_idx,0.06831
MED00083,4,target_cat_season_idx,0.09497
MED00084,4,target_cat_season_idx,-0.00238
MED00085,4,target_cat_season_idx,-0.00504
MED00086,4,target_cat_season_idx,0.02463
MED00087,4,target_cat_season_idx,-0.00388
MED00088,4,target_cat_season_idx,-0.00213
MED00089,4,target_cat_season_idx,-0.00538
MED00090,4,target_cat_season_idx,0.06958
MED00091,4,target_cat_season_idx,0.07456
MED00092,4,target_cat_season_idx,-0.00374
MED00093,4,target_cat_season_idx,0.01445
MED00094,4,target_cat_season_idx,0.00098
MED00095,4,target_cat_season_idx,-0.0081
MED00096,4,target_cat_season_idx,0.011
MED00097,4,target_cat_season_idx,0.00987
MED00098,4,target_cat_season_idx,-0.00207
MED00099,4,target_cat_season_idx,0.01551
MED00100,4,target_cat_season_idx,-0.04896
MED00101,4,target_cat_season_idx,-0.00824
MED00102,4,target_cat_season_idx,-0.00602
MED00103,4,target_cat_season_idx,-0.01065
MED00104,4,target_cat_season_idx,-0.00243
MED00105,4,target_cat_season_idx,-0.00448
MED00106,4,target_cat_season_idx,-0.04843
MED00107,4,target_cat_season_idx,-0.00253
MED00108,4,target_cat_season_idx,-0.0082
MED00109,4,target_cat_season_idx,0.00459
MED00110,4,target_cat_season_idx,0.01761
MED00111,4,target_cat_season_idx,-0.00806
MED00112,4,target_cat_season_idx,-0.0099
MED00113,4,target_cat_season_idx,-0.00192
MED00114,4,target_cat_season_idx,-0.00715
MED00115,4,target_cat_season_idx,-0.00466
MED00116,4,target_cat_season_idx,-0.01346
MED00117,4,target_cat_season_idx,-0.00362
MED00118,4,target_cat_season_idx,-0.0051
MED00119,4,target_cat_season_idx,-0.00359
MED00120,4,target_cat_season_idx,-0.00435
MED00121,4,target_cat_season_idx,-0.00547
MED00122,4,target_cat_season_idx,-0.0024
MED00123,4,target_cat_season_idx,-0.00905
MED00124,4,target_cat_season_idx,-0.00144
MED00125,4,target_cat_season_idx,-0.04878
MED00127,4,target_cat_season_idx,-0.00694
MED00128,4,target_cat_season_idx,-0.00324
MED00129,4,target_cat_season_idx,-0.00621
MED00130,4,target_cat_season_idx,-0.0486
MED00131,4,target_cat_season_idx,0.02314
MED00132,4,target_cat_season_idx,-0.06692
MED00133,4,target_cat_season_idx,-0.06832
MED00134,4,target_cat_season_idx,0.01973
MED00135,4,target_cat_season_idx,-0.00421
MED00136,4,target_cat_season_idx,-0.00787
MED00137,4,target_cat_season_idx,-0.00011
MED00138,4,target_cat_season_idx,-0.00396
MED00139,4,target_cat_season_idx,-0.01138
MED00140,4,target_cat_season_idx,-0.00367
MED00141,4,target_cat_season_idx,0.03429
MED00142,4,target_cat_season_idx,0.01056
MED00143,4,target_cat_season_idx,-0.00446
MED00144,4,target_cat_season_idx,-0.00304
MED00145,4,target_cat_season_idx,-0.00929
MED00146,4,target_cat_season_idx,-0.00838
MED00147,4,target_cat_season_idx,-0.00579
MED00148,4,target_cat_season_idx,-0.00188
MED00149,4,target_cat_season_idx,-0.00616
MED00150,4,target_cat_season_idx,0.06969
MED00151,4,target_cat_season_idx,-0.00366
MED00152,4,target_cat_season_idx,-0.00584
MED00153,4,target_cat_season_idx,-0.00626
MED00154,4,target_cat_season_idx,-0.00376
MED00155,4,target_cat_season_idx,-0.00226
MED00156,4,target_cat_season_idx,-0.00418
MED00157,4,target_cat_season_idx,-0.00394
MED00158,4,target_cat_season_idx,0.01548
MED00159,4,target_cat_season_idx,-0.00469
MED00160,4,target_cat_season_idx,-0.00585
MED00161,4,target_cat_season_idx,-0.00205
MED00162,4,target_cat_season_idx,-0.0046
MED00163,4,target_cat_season_idx,-0.01998
MED00164,4,target_cat_season_idx,0.02684
MED00165,4,target_cat_season_idx,-0.01022
MED00166,4,target_cat_season_idx,-0.00499
MED00167,4,target_cat_season_idx,-0.00458
MED00168,4,target_cat_season_idx,-0.00374
MED00169,4,target_cat_season_idx,-0.00592
MED00170,4,target_cat_season_idx,-0.00418
MED00171,4,target_cat_season_idx,-0.00375
MED00172,4,target_cat_season_idx,0.08191
MED00173,4,target_cat_season_idx,-0.00637
MED00174,4,target_cat_season_idx,-0.00343
MED00175,4,target_cat_season_idx,0.00891
MED00176,4,target_cat_season_idx,-0.00534
MED00177,4,target_cat_season_idx,0.01062
MED00178,4,target_cat_season_idx,-0.00987
MED00179,4,target_cat_season_idx,0.01193
MED00180,4,target_cat_season_idx,-0.00573
MED00181,4,target_cat_season_idx,-0.01053
MED00182,4,target_cat_season_idx,0.01296
MED00183,4,target_cat_season_idx,-0.00109
MED00184,4,target_cat_season_idx,-0.00529
MED00185,4,target_cat_season_idx,0.08385
MED00186,4,target_cat_season_idx,-0.00373
MED00187,4,target_cat_season_idx,0.03502
MED00188,4,target_cat_season_idx,-0.00764
MED00189,4,target_cat_season_idx,-0.05159
MED00190,4,target_cat_season_idx,-0.00621
MED00191,4,target_cat_season_idx,-0.00515
MED00192,4,target_cat_season_idx,-0.0499
MED00193,4,target_cat_season_idx,-0.04642
MED00194,4,target_cat_season_idx,-0.00481
MED00195,4,target_cat_season_idx,-0.00549
MED00196,4,target_cat_season_idx,-0.00421
MED00197,4,target_cat_season_idx,-0.00486
MED00198,4,target_cat_season_idx,-0.0028
MED00199,4,target_cat_season_idx,0.06533
MED00200,4,target_cat_season_idx,-0.00394
MED00201,4,target_cat_season_idx,0.00458
MED00202,4,target_cat_season_idx,-0.00496
MED00203,4,target_cat_season_idx,0.07989
MED00204,4,target_cat_season_idx,-0.00429
MED00205,4,target_cat_season_idx,-0.00364
MED00206,4,target_cat_season_idx,0.06047
MED00207,4,target_cat_season_idx,-0.00552
MED00208,4,target_cat_season_idx,-0.00487
MED00209,4,target_cat_season_idx,-0.00494
MED00210,4,target_cat_season_idx,0.00611
MED00211,4,target_cat_season_idx,-0.00583
MED00212,4,target_cat_season_idx,-0.00702
MED00213,4,target_cat_season_idx,-0.00446
MED00214,4,target_cat_season_idx,-0.00325
MED00215,4,target_cat_season_idx,-0.00492
MED00216,4,target_cat_season_idx,-0.03722
MED00217,4,target_cat_season_idx,-0.05161
MED00218,4,target_cat_season_idx,-0.00355
MED00219,4,target_cat_season_idx,-0.00324
MED00220,4,target_cat_season_idx,-0.00282
MED00221,4,target_cat_season_idx,0.05065
MED00222,4,target_cat_season_idx,0.00696
MED00223,4,target_cat_season_idx,-0.00986
MED00224,4,target_cat_season_idx,-0.00459
MED00225,4,target_cat_season_idx,-0.00539
MED00226,4,target_cat_season_idx,0.07437
MED00227,4,target_cat_season_idx,-0.00726
MED00228,4,target_cat_season_idx,-0.00753
MED00229,4,target_cat_season_idx,0.00226
MED00230,4,target_cat_season_idx,-0.0042
MED00231,4,target_cat_season_idx,-0.00186
MED00232,4,target_cat_season_idx,-0.01075
MED00233,4,target_cat_season_idx,-0.05933
MED00234,4,target_cat_season_idx,-0.00452
MED00235,4,target_cat_season_idx,-0.00283
MED00236,4,target_cat_season_idx,-0.00534
MED00237,4,target_cat_season_idx,0.05972
MED00238,4,target_cat_season_idx,-0.00541
MED00239,4,target_cat_season_idx,-0.00628
MED00240,4,target_cat_season_idx,0.07944
MED00241,4,target_cat_season_idx,-0.00498
MED00242,4,target_cat_season_idx,-0.00643
MED00243,4,target_cat_season_idx,-0.04873
MED00244,4,target_cat_season_idx,-0.00627
MED00245,4,target_cat_season_idx,-0.00293
MED00246,4,target_cat_season_idx,-0.00086
MED00247,4,target_cat_season_idx,-0.00475
MED00248,4,target_cat_season_idx,-0.00859
MED00249,4,target_cat_season_idx,0.00059
MED00250,4,target_cat_season_idx,0.13339
MED00251,4,target_cat_season_idx,-0.0054
MED00252,4,target_cat_season_idx,0.02448
MED00253,4,target_cat_season_idx,-0.00343
MED00254,4,target_cat_season_idx,0.0116
MED00255,4,target_cat_season_idx,0.03916
MED00256,4,target_cat_season_idx,-0.00293
MED00257,4,target_cat_season_idx,0.06587
MED00258,4,target_cat_season_idx,-0.00398
MED00259,4,target_cat_season_idx,-0.0036
MED00260,4,target_cat_season_idx,0.00915
MED00261,4,target_cat_season_idx,-0.00211
MED00262,4,target_cat_season_idx,0.07764
MED00263,4,target_cat_season_idx,-0.00933
MED00264,4,target_cat_season_idx,0.01492
MED00265,4,target_cat_season_idx,-0.00199
MED00266,4,target_cat_season_idx,-0.00387
MED00267,4,target_cat_season_idx,-0.00098
MED00268,4,target_cat_season_idx,-0.00306
MED00269,4,target_cat_season_idx,-0.00644
MED00270,4,target_cat_season_idx,-0.00383
MED00271,4,target_cat_season_idx,0.09376
MED00272,4,target_cat_season_idx,-0.0066
MED00273,4,target_cat_season_idx,-0.0095
MED00274,4,target_cat_season_idx,-0.06316
MED00275,4,target_cat_season_idx,0.00508
MED00276,4,target_cat_season_idx,-0.00489
MED00277,4,target_cat_season_idx,-0.05174
MED00278,4,target_cat_season_idx,-0.00133
MED00279,4,target_cat_season_idx,-0.01141
MED00280,4,target_cat_season_idx,-0.05102
MED00281,4,target_cat_season_idx,-0.00374
MED00282,4,target_cat_season_idx,-0.01032
MED00283,4,target_cat_season_idx,-0.00214
MED00284,4,target_cat_season_idx,0.06477
MED00285,4,target_cat_season_idx,-0.00181
MED00286,4,target_cat_season_idx,0.07755
MED00287,4,target_cat_season_idx,-0.0091
MED00288,4,target_cat_season_idx,-0.0054
MED00289,4,target_cat_season_idx,0.08157
MED00290,4,target_cat_season_idx,-0.00423
MED00291,4,target_cat_season_idx,-0.0131
MED00292,4,target_cat_season_idx,-0.00487
MED00293,4,target_cat_season_idx,0.05491
MED00294,4,target_cat_season_idx,0.02861
MED00295,4,target_cat_season_idx,0.01506
MED00296,4,target_cat_season_idx,-0.00567
MED00297,4,target_cat_season_idx,-0.00165
MED00298,4,target_cat_season_idx,-0.00361
MED00299,4,target_cat_season_idx,0.01189
MED00300,4,target_cat_season_idx,-0.00581
MED00301,4,target_cat_season_idx,-0.00142
MED00302,4,target_cat_season_idx,-0.00637
MED00303,4,target_cat_season_idx,0.04884
MED00304,4,target_cat_season_idx,0.06225
MED00305,4,target_cat_season_idx,-0.00262
MED00306,4,target_cat_season_idx,0.02646
MED00307,4,target_cat_season_idx,-0.00198
MED00308,4,target_cat_season_idx,0.00038
MED00309,4,target_cat_season_idx,0.08399
MED00310,4,target_cat_season_idx,-0.00848
MED00311,4,target_cat_season_idx,0.08566
MED00312,4,target_cat_season_idx,-0.07305
MED00313,4,target_cat_season_idx,0.01301
MED00314,4,target_cat_season_idx,-0.00541
MED00315,4,target_cat_season_idx,-0.00333
MED00316,4,target_cat_season_idx,-0.00957
MED00317,4,target_cat_season_idx,-0.00638
MED00318,4,target_cat_season_idx,0.05774
MED00319,4,target_cat_season_idx,-0.00441
MED00320,4,target_cat_season_idx,-0.01104
MED00321,4,target_cat_season_idx,0.00246
MED00322,4,target_cat_season_idx,-0.04857
MED00323,4,target_cat_season_idx,-0.00862
MED00324,4,target_cat_season_idx,0.01642
MED00325,4,target_cat_season_idx,-0.00241
MED00326,4,target_cat_season_idx,-0.00355
MED00327,4,target_cat_season_idx,-0.01094
MED00328,4,target_cat_season_idx,-0.00573
MED00329,4,target_cat_season_idx,-0.00432
MED00330,4,target_cat_season_idx,-0.00548
MED00331,4,target_cat_season_idx,-0.00472
MED00332,4,target_cat_season_idx,-0.00965
MED00333,4,target_cat_season_idx,-0.0045
MED00334,4,target_cat_season_idx,-0.00466
MED00335,4,target_cat_season_idx,0.0011
MED00336,4,target_cat_season_idx,-0.00543
MED00337,4,target_cat_season_idx,0.00011
MED00338,4,target_cat_season_idx,-0.00533
MED00339,4,target_cat_season_idx,0.02059
MED00340,4,target_cat_season_idx,0.00488
MED00341,4,target_cat_season_idx,-0.00216
MED00342,4,target_cat_season_idx,-0.00584
MED00343,4,target_cat_season_idx,-0.0037
MED00344,4,target_cat_season_idx,-0.00257
MED00345,4,target_cat_season_idx,-0.04908
MED00346,4,target_cat_season_idx,-0.00897
MED00347,4,target_cat_season_idx,-0.05075
MED00348,4,target_cat_season_idx,-0.00525
MED00349,4,target_cat_season_idx,-0.00591
MED00350,4,target_cat_season_idx,-0.00022
MED00351,4,target_cat_season_idx,0.00998
MED00352,4,target_cat_season_idx,0.00556
MED00353,4,target_cat_season_idx,-0.00023
MED00354,4,target_cat_season_idx,-0.00279
MED00355,4,target_cat_season_idx,0.08706
MED00356,4,target_cat_season_idx,-0.0037
MED00357,4,target_cat_season_idx,-0.0465
MED00358,4,target_cat_season_idx,-0.00229
MED00359,4,target_cat_season_idx,-0.0041
MED00360,4,target_cat_season_idx,0.03835
MED00361,4,target_cat_season_idx,-0.00424
MED00362,4,target_cat_season_idx,-0.00093
MED00363,4,target_cat_season_idx,-0.00578
MED00364,4,target_cat_season_idx,-0.05107
MED00365,4,target_cat_season_idx,-0.00374
MED00366,4,target_cat_season_idx,-0.0035
MED00367,4,target_cat_season_idx,-0.0031
MED00368,4,target_cat_season_idx,-0.00609
MED00369,4,target_cat_season_idx,0.09289
MED00370,4,target_cat_season_idx,0.01028
MED00371,4,target_cat_season_idx,-0.00348
MED00372,4,target_cat_season_idx,-0.04975
MED00373,4,target_cat_season_idx,-0.00683
MED00374,4,target_cat_season_idx,-0.00545
MED00375,4,target_cat_season_idx,-0.00289
MED00376,4,target_cat_season_idx,-0.00632
MED00377,4,target_cat_season_idx,0.00685
MED00378,4,target_cat_season_idx,-0.00535
MED00379,4,target_cat_season_idx,0.00359
MED00380,4,target_cat_season_idx,0.00628
MED00381,4,target_cat_season_idx,-0.00561
MED00382,4,target_cat_season_idx,-0.00383
MED00383,4,target_cat_season_idx,-0.00151
MED00384,4,target_cat_season_idx,-0.00239
MED00385,4,target_cat_season_idx,0.00757
MED00386,4,target_cat_season_idx,0.0034
MED00387,4,target_cat_season_idx,0.00562
MED00388,4,target_cat_season_idx,-0.00198
MED00389,4,target_cat_season_idx,0.08461
MED00390,4,target_cat_season_idx,0.09612
MED00391,4,target_cat_season_idx,0.01954
MED00392,4,target_cat_season_idx,0.00837
MED00393,4,target_cat_season_idx,0.00583
MED00394,4,target_cat_season_idx,-0.0011
MED00395,4,target_cat_season_idx,0.01538
MED00396,4,target_cat_season_idx,-0.00336
MED00397,4,target_cat_season_idx,-0.00138
MED00398,4,target_cat_season_idx,-0.0021
MED00399,4,target_cat_season_idx,-0.00253
MED00400,4,target_cat_season_idx,-0.00098
MED00401,4,target_cat_season_idx,0.11702
MED00402,4,target_cat_season_idx,0.11472
MED00403,4,target_cat_season_idx,-0.00493
MED00404,4,target_cat_season_idx,-0.00196
MED00405,4,target_cat_season_idx,-0.00388
MED00406,4,target_cat_season_idx,0.00217
MED00407,4,target_cat_season_idx,0.10968
MED00408,4,target_cat_season_idx,0.10707
MED00409,4,target_cat_season_idx,0.08185
MED00410,4,target_cat_season_idx,0.09025
MED00411,4,target_cat_season_idx,0.01002
MED00412,4,target_cat_season_idx,0.00186
MED00413,4,target_cat_season_idx,-0.00057
MED00414,4,target_cat_season_idx,0.01418
MED00415,4,target_cat_season_idx,-0.00133
MED00416,4,target_cat_season_idx,0.01713
MED00417,4,target_cat_season_idx,-0.00029
MED00418,4,target_cat_season_idx,0.0017
MED00419,4,target_cat_season_idx,0.00464
MED00420,4,target_cat_season_idx,0.09792
MED00421,4,target_cat_season_idx,0.11718
MED00422,4,target_cat_season_idx,0.02414
MED00423,4,target_cat_season_idx,-0.0015
MED00424,4,target_cat_season_idx,-0.00206
MED00001,5,target_cat_season_idx,-0.00777
MED00002,5,target_cat_season_idx,-0.04902
MED00003,5,target_cat_season_idx,-0.03422
MED00004,5,target_cat_season_idx,-0.012
MED00005,5,target_cat_season_idx,-0.01318
MED00006,5,target_cat_season_idx,-0.00344
MED00007,5,target_cat_season_idx,-0.00987
MED00008,5,target_cat_season_idx,-0.006
MED00009,5,target_cat_season_idx,-0.00744
MED00010,5,target_cat_season_idx,-0.00739
MED00011,5,target_cat_season_idx,-0.00546
MED00012,5,target_cat_season_idx,-0.00164
MED00013,5,target_cat_season_idx,-0.00592
MED00014,5,target_cat_season_idx,-0.00315
MED00015,5,target_cat_season_idx,-0.02338
MED00016,5,target_cat_season_idx,-0.00381
MED00017,5,target_cat_season_idx,-0.0057
MED00018,5,target_cat_season_idx,-0.00336
MED00019,5,target_cat_season_idx,-0.00159
MED00020,5,target_cat_season_idx,-0.01066
MED00021,5,target_cat_season_idx,-0.00121
MED00022,5,target_cat_season_idx,-0.00182
MED00023,5,target_cat_season_idx,-0.00248
MED00024,5,target_cat_season_idx,-0.00317
MED00025,5,target_cat_season_idx,-0.0406
MED00026,5,target_cat_season_idx,-0.03584
MED00027,5,target_cat_season_idx,-0.05898
MED00028,5,target_cat_season_idx,-0.00694
MED00029,5,target_cat_season_idx,-0.00256
MED00030,5,target_cat_season_idx,-0.00841
MED00031,5,target_cat_season_idx,-0.00334
MED00032,5,target_cat_season_idx,0.00025
MED00033,5,target_cat_season_idx,-0.00679
MED00034,5,target_cat_season_idx,-0.01007
MED00035,5,target_cat_season_idx,-0.05026
MED00036,5,target_cat_season_idx,-0.00928
MED00037,5,target_cat_season_idx,0.00274
MED00038,5,target_cat_season_idx,-0.00526
MED00039,5,target_cat_season_idx,-0.00168
MED00040,5,target_cat_season_idx,0.00024
MED00041,5,target_cat_season_idx,0.01753
MED00042,5,target_cat_season_idx,-0.00594
MED00043,5,target_cat_season_idx,-0.03255
MED00044,5,target_cat_season_idx,0.00156
MED00045,5,target_cat_season_idx,-0.00261
MED00046,5,target_cat_season_idx,0.00354
MED00047,5,target_cat_season_idx,-0.00475
MED00048,5,target_cat_season_idx,-0.0022
MED00049,5,target_cat_season_idx,-0.05799
MED00050,5,target_cat_season_idx,-0.01068
MED00051,5,target_cat_season_idx,-0.05059
MED00052,5,target_cat_season_idx,-0.01651
MED00053,5,target_cat_season_idx,-0.00182
MED00054,5,target_cat_season_idx,-0.00401
MED00055,5,target_cat_season_idx,-0.00859
MED00056,5,target_cat_season_idx,-0.00034
MED00057,5,target_cat_season_idx,0.00982
MED00058,5,target_cat_season_idx,-0.00447
MED00059,5,target_cat_season_idx,-0.00592
MED00060,5,target_cat_season_idx,0.00522
MED00061,5,target_cat_season_idx,-0.01243
MED00063,5,target_cat_season_idx,-0.05048
MED00064,5,target_cat_season_idx,-0.0017
MED00065,5,target_cat_season_idx,0.00012
MED00066,5,target_cat_season_idx,-0.02604
MED00067,5,target_cat_season_idx,-0.00477
MED00068,5,target_cat_season_idx,-0.00367
MED00069,5,target_cat_season_idx,0.00213
MED00070,5,target_cat_season_idx,-0.00207
MED00071,5,target_cat_season_idx,0.00169
MED00072,5,target_cat_season_idx,-0.00099
MED00073,5,target_cat_season_idx,-0.00606
MED00074,5,target_cat_season_idx,-0.00351
MED00075,5,target_cat_season_idx,-0.00662
MED00076,5,target_cat_season_idx,-0.05581
MED00077,5,target_cat_season_idx,-0.0079
MED00078,5,target_cat_season_idx,-0.00838
MED00079,5,target_cat_season_idx,-0.0026
MED00080,5,target_cat_season_idx,-0.00701
MED00081,5,target_cat_season_idx,-0.03388
MED00082,5,target_cat_season_idx,-0.00095
MED00083,5,target_cat_season_idx,0.00054
MED00084,5,target_cat_season_idx,-0.00053
MED00085,5,target_cat_season_idx,-0.00641
MED00086,5,target_cat_season_idx,0.02398
MED00087,5,target_cat_season_idx,-0.00155
MED00088,5,target_cat_season_idx,-0.00425
MED00089,5,target_cat_season_idx,-0.0125
MED00090,5,target_cat_season_idx,-0.00653
MED00091,5,target_cat_season_idx,-0.00147
MED00092,5,target_cat_season_idx,-0.00147
MED00093,5,target_cat_season_idx,-0.04954
MED00094,5,target_cat_season_idx,-0.00619
MED00095,5,target_cat_season_idx,-0.00633
MED00096,5,target_cat_season_idx,-0.0044
MED00097,5,target_cat_season_idx,0.00928
MED00098,5,target_cat_season_idx,-0.00671
MED00099,5,target_cat_season_idx,-0.0523
MED00100,5,target_cat_season_idx,-0.05035
MED00101,5,target_cat_season_idx,-0.00868
MED00102,5,target_cat_season_idx,0.00127
MED00103,5,target_cat_season_idx,-0.00996
MED00104,5,target_cat_season_idx,-0.00496
MED00105,5,target_cat_season_idx,-0.00112
MED00106,5,target_cat_season_idx,-0.05244
MED00107,5,target_cat_season_idx,-0.00578
MED00108,5,target_cat_season_idx,-0.00665
MED00109,5,target_cat_season_idx,-0.02752
MED00110,5,target_cat_season_idx,-0.06492
MED00111,5,target_cat_season_idx,-0.00716
MED00112,5,target_cat_season_idx,-0.00889
MED00114,5,target_cat_season_idx,-0.0076
MED00115,5,target_cat_season_idx,-0.00468
MED00116,5,target_cat_season_idx,-0.0036
MED00117,5,target_cat_season_idx,-0.00255
MED00118,5,target_cat_season_idx,-0.00136
MED00119,5,target_cat_season_idx,-0.0032
MED00120,5,target_cat_season_idx,-0.01014
MED00121,5,target_cat_season_idx,-0.00655
MED00122,5,target_cat_season_idx,-0.00281
MED00123,5,target_cat_season_idx,0.00116
MED00124,5,target_cat_season_idx,-0.00555
MED00125,5,target_cat_season_idx,-0.05768
MED00126,5,target_cat_season_idx,-0.01107
MED00127,5,target_cat_season_idx,-0.00136
MED00128,5,target_cat_season_idx,-0.00242
MED00129,5,target_cat_season_idx,-0.00396
MED00130,5,target_cat_season_idx,-0.05775
MED00131,5,target_cat_season_idx,0.00268
MED00132,5,target_cat_season_idx,0.01627
MED00133,5,target_cat_season_idx,0.01308
MED00134,5,target_cat_season_idx,-0.07535
MED00135,5,target_cat_season_idx,-0.00861
MED00136,5,target_cat_season_idx,-0.00304
MED00137,5,target_cat_season_idx,-0.00379
MED00138,5,target_cat_season_idx,-0.00353
MED00139,5,target_cat_season_idx,-0.00928
MED00140,5,target_cat_season_idx,-0.0007
MED00142,5,target_cat_season_idx,0.00911
MED00143,5,target_cat_season_idx,-0.00253
MED00144,5,target_cat_season_idx,-0.00681
MED00145,5,target_cat_season_idx,-0.01151
MED00146,5,target_cat_season_idx,-0.00306
MED00147,5,target_cat_season_idx,0.0039
MED00148,5,target_cat_season_idx,0.00348
MED00149,5,target_cat_season_idx,-0.00798
MED00150,5,target_cat_season_idx,-0.00482
MED00151,5,target_cat_season_idx,-0.00305
MED00152,5,target_cat_season_idx,-0.00669
MED00153,5,target_cat_season_idx,-0.00647
MED00154,5,target_cat_season_idx,-0.00319
MED00155,5,target_cat_season_idx,-0.00161
MED00156,5,target_cat_season_idx,0.00138
MED00157,5,target_cat_season_idx,-0.0043
MED00158,5,target_cat_season_idx,-0.04934
MED00159,5,target_cat_season_idx,-0.00909
MED00160,5,target_cat_season_idx,-0.00707
MED00161,5,target_cat_season_idx,-0.00662
MED00162,5,target_cat_season_idx,-0.0044
MED00163,5,target_cat_season_idx,-0.02912
MED00164,5,target_cat_season_idx,0.0032
MED00165,5,target_cat_season_idx,-0.0102
MED00166,5,target_cat_season_idx,-0.00392
MED00167,5,target_cat_season_idx,-0.00187
MED00168,5,target_cat_season_idx,-0.00487
MED00169,5,target_cat_season_idx,-0.00014
MED00170,5,target_cat_season_idx,-0.00239
MED00171,5,target_cat_season_idx,-0.00288
MED00172,5,target_cat_season_idx,-0.00637
MED00173,5,target_cat_season_idx,-0.00764
MED00174,5,target_cat_season_idx,-0.00536
MED00175,5,target_cat_season_idx,-0.00628
MED00176,5,target_cat_season_idx,-0.00917
MED00177,5,target_cat_season_idx,-0.04391
MED00178,5,target_cat_season_idx,0.00877
MED00179,5,target_cat_season_idx,-0.05862
MED00180,5,target_cat_season_idx,-0.00866
MED00181,5,target_cat_season_idx,-0.00948
MED00182,5,target_cat_season_idx,-0.04624
MED00183,5,target_cat_season_idx,-0.00576
MED00184,5,target_cat_season_idx,-0.00561
MED00185,5,target_cat_season_idx,-0.00885
MED00186,5,target_cat_season_idx,-0.00328
MED00187,5,target_cat_season_idx,-0.00151
MED00188,5,target_cat_season_idx,-0.00784
MED00189,5,target_cat_season_idx,-0.06046
MED00190,5,target_cat_season_idx,-0.00503
MED00191,5,target_cat_season_idx,-0.00671
MED00192,5,target_cat_season_idx,-0.05882
MED00193,5,target_cat_season_idx,-0.05319
MED00194,5,target_cat_season_idx,-0.00925
MED00195,5,target_cat_season_idx,-0.00678
MED00196,5,target_cat_season_idx,-0.00878
MED00197,5,target_cat_season_idx,-0.00927
MED00198,5,target_cat_season_idx,-0.00064
MED00199,5,target_cat_season_idx,0.00537
MED00200,5,target_cat_season_idx,-0.00372
MED00201,5,target_cat_season_idx,-0.00308
MED00202,5,target_cat_season_idx,-0.00354
MED00203,5,target_cat_season_idx,-0.00221
MED00204,5,target_cat_season_idx,-0.00356
MED00205,5,target_cat_season_idx,-0.0017
MED00206,5,target_cat_season_idx,-0.00568
MED00207,5,target_cat_season_idx,-0.00662
MED00208,5,target_cat_season_idx,-0.00105
MED00209,5,target_cat_season_idx,0.00352
MED00210,5,target_cat_season_idx,-0.00452
MED00211,5,target_cat_season_idx,-0.00682
MED00212,5,target_cat_season_idx,-0.00431
MED00213,5,target_cat_season_idx,-0.00762
MED00214,5,target_cat_season_idx,-0.00419
MED00215,5,target_cat_season_idx,-0.00436
MED00216,5,target_cat_season_idx,-0.04104
MED00217,5,target_cat_season_idx,-0.05644
MED00218,5,target_cat_season_idx,-0.00506
MED00219,5,target_cat_season_idx,-0.00195
MED00220,5,target_cat_season_idx,-0.00376
MED00222,5,target_cat_season_idx,0.00669
MED00223,5,target_cat_season_idx,-0.01601
MED00224,5,target_cat_season_idx,-0.00297
MED00225,5,target_cat_season_idx,-0.00651
MED00226,5,target_cat_season_idx,0.00264
MED00227,5,target_cat_season_idx,-0.00233
MED00228,5,target_cat_season_idx,0.00111
MED00229,5,target_cat_season_idx,-0.01044
MED00230,5,target_cat_season_idx,-0.00275
MED00231,5,target_cat_season_idx,-0.00224
MED00232,5,target_cat_season_idx,-0.01189
MED00233,5,target_cat_season_idx,0.01279
MED00234,5,target_cat_season_idx,-0.00309
MED00235,5,target_cat_season_idx,-0.00305
MED00236,5,target_cat_season_idx,-0.00411
MED00237,5,target_cat_season_idx,-0.00665
MED00238,5,target_cat_season_idx,-0.00585
MED00239,5,target_cat_season_idx,-0.00741
MED00240,5,target_cat_season_idx,-0.00558
MED00241,5,target_cat_season_idx,-0.0035
MED00242,5,target_cat_season_idx,-0.00861
MED00243,5,target_cat_season_idx,-0.05127
MED00244,5,target_cat_season_idx,-0.00674
MED00245,5,target_cat_season_idx,-0.00298
MED00246,5,target_cat_season_idx,-0.00296
MED00247,5,target_cat_season_idx,-0.00189
MED00248,5,target_cat_season_idx,0.00068
MED00249,5,target_cat_season_idx,-0.00545
MED00250,5,target_cat_season_idx,-0.00305
MED00251,5,target_cat_season_idx,-0.00323
MED00252,5,target_cat_season_idx,0.02413
MED00253,5,target_cat_season_idx,-0.00447
MED00254,5,target_cat_season_idx,0.01128
MED00255,5,target_cat_season_idx,0.00287
MED00256,5,target_cat_season_idx,-0.00676
MED00257,5,target_cat_season_idx,-0.0039
MED00258,5,target_cat_season_idx,-0.00143
MED00259,5,target_cat_season_idx,-0.00488
MED00260,5,target_cat_season_idx,-0.04725
MED00261,5,target_cat_season_idx,-0.01235
MED00262,5,target_cat_season_idx,-0.0043
MED00263,5,target_cat_season_idx,-0.00724
MED00264,5,target_cat_season_idx,-0.05653
MED00265,5,target_cat_season_idx,-0.00511
MED00266,5,target_cat_season_idx,-0.00868
MED00267,5,target_cat_season_idx,-0.00283
MED00268,5,target_cat_season_idx,-0.00193
MED00269,5,target_cat_season_idx,-0.00621
MED00270,5,target_cat_season_idx,-0.0065
MED00271,5,target_cat_season_idx,-0.005
MED00272,5,target_cat_season_idx,-0.00592
MED00273,5,target_cat_season_idx,-0.00574
MED00274,5,target_cat_season_idx,0.01611
MED00275,5,target_cat_season_idx,-0.0106
MED00276,5,target_cat_season_idx,-0.00553
MED00277,5,target_cat_season_idx,-0.06061
MED00278,5,target_cat_season_idx,-0.00556
MED00279,5,target_cat_season_idx,-0.01173
MED00280,5,target_cat_season_idx,-0.05585
MED00281,5,target_cat_season_idx,-0.00588
MED00282,5,target_cat_season_idx,-0.00978
MED00283,5,target_cat_season_idx,-0.00687
MED00284,5,target_cat_season_idx,0.00288
MED00285,5,target_cat_season_idx,-0.00411
MED00286,5,target_cat_season_idx,-0.00705
MED00287,5,target_cat_season_idx,-0.00762
MED00288,5,target_cat_season_idx,0.00084
MED00289,5,target_cat_season_idx,-0.0058
MED00290,5,target_cat_season_idx,-0.00229
MED00291,5,target_cat_season_idx,-0.00318
MED00292,5,target_cat_season_idx,0.00196
MED00293,5,target_cat_season_idx,-0.00397
MED00294,5,target_cat_season_idx,0.00691
MED00295,5,target_cat_season_idx,-0.05324
MED00296,5,target_cat_season_idx,-0.00762
MED00297,5,target_cat_season_idx,-0.00528
MED00298,5,target_cat_season_idx,-0.00571
MED00299,5,target_cat_season_idx,0.01178
MED00300,5,target_cat_season_idx,-0.00604
MED00301,5,target_cat_season_idx,-0.0036
MED00302,5,target_cat_season_idx,-0.00853
MED00303,5,target_cat_season_idx,-0.00319
MED00304,5,target_cat_season_idx,-0.00063
MED00305,5,target_cat_season_idx,-0.0036
MED00306,5,target_cat_season_idx,-0.05789
MED00307,5,target_cat_season_idx,-0.00428
MED00308,5,target_cat_season_idx,-0.00686
MED00309,5,target_cat_season_idx,-0.00264
MED00310,5,target_cat_season_idx,-0.00178
MED00311,5,target_cat_season_idx,-0.0066
MED00312,5,target_cat_season_idx,0.01717
MED00313,5,target_cat_season_idx,-0.06609
MED00314,5,target_cat_season_idx,-0.00941
MED00315,5,target_cat_season_idx,-0.00412
MED00316,5,target_cat_season_idx,-0.00812
MED00317,5,target_cat_season_idx,-0.00746
MED00318,5,target_cat_season_idx,0.00136
MED00319,5,target_cat_season_idx,-0.00111
MED00320,5,target_cat_season_idx,-0.00449
MED00321,5,target_cat_season_idx,-0.01449
MED00322,5,target_cat_season_idx,-0.05772
MED00323,5,target_cat_season_idx,0.00609
MED00324,5,target_cat_season_idx,0.01046
MED00325,5,target_cat_season_idx,-0.0042
MED00326,5,target_cat_season_idx,-0.00448
MED00327,5,target_cat_season_idx,-0.00993
MED00328,5,target_cat_season_idx,-0.00669
MED00329,5,target_cat_season_idx,-0.00168
MED00330,5,target_cat_season_idx,-0.00822
MED00331,5,target_cat_season_idx,-0.00311
MED00332,5,target_cat_season_idx,-0.00734
MED00333,5,target_cat_season_idx,-0.0051
MED00334,5,target_cat_season_idx,-0.00434
MED00335,5,target_cat_season_idx,-0.00528
MED00336,5,target_cat_season_idx,-0.00517
MED00337,5,target_cat_season_idx,-0.00437
MED00338,5,target_cat_season_idx,-0.01166
MED00339,5,target_cat_season_idx,0.00367
MED00340,5,target_cat_season_idx,-0.00837
MED00341,5,target_cat_season_idx,-0.00499
MED00342,5,target_cat_season_idx,-0.00707
MED00343,5,target_cat_season_idx,-0.00326
MED00344,5,target_cat_season_idx,0.00352
MED00345,5,target_cat_season_idx,-0.05823
MED00346,5,target_cat_season_idx,-0.00733
MED00347,5,target_cat_season_idx,-0.05465
MED00348,5,target_cat_season_idx,0.0023
MED00349,5,target_cat_season_idx,-0.00659
MED00350,5,target_cat_season_idx,-0.01055
MED00351,5,target_cat_season_idx,-0.03097
MED00352,5,target_cat_season_idx,-0.03585
MED00353,5,target_cat_season_idx,-0.01133
MED00354,5,target_cat_season_idx,-0.00884
MED00355,5,target_cat_season_idx,-0.00437
MED00356,5,target_cat_season_idx,-0.00301
MED00357,5,target_cat_season_idx,-0.05651
MED00358,5,target_cat_season_idx,0.0007
MED00359,5,target_cat_season_idx,-0.00244
MED00360,5,target_cat_season_idx,-0.00014
MED00361,5,target_cat_season_idx,-0.00661
MED00362,5,target_cat_season_idx,-0.00499
MED00363,5,target_cat_season_idx,-0.00391
MED00364,5,target_cat_season_idx,-0.05497
MED00365,5,target_cat_season_idx,-0.00258
MED00366,5,target_cat_season_idx,-0.00302
MED00367,5,target_cat_season_idx,-0.00219
MED00368,5,target_cat_season_idx,-0.00601
MED00369,5,target_cat_season_idx,-0.0053
MED00370,5,target_cat_season_idx,0.02279
MED00371,5,target_cat_season_idx,-0.00675
MED00372,5,target_cat_season_idx,-0.05867
MED00373,5,target_cat_season_idx,-0.01083
MED00374,5,target_cat_season_idx,0.00197
MED00375,5,target_cat_season_idx,-0.00838
MED00376,5,target_cat_season_idx,-0.00699
MED00377,5,target_cat_season_idx,-0.00722
MED00378,5,target_cat_season_idx,-0.00474
MED00379,5,target_cat_season_idx,-0.01534
MED00380,5,target_cat_season_idx,-0.03167
MED00381,5,target_cat_season_idx,-0.00716
MED00382,5,target_cat_season_idx,-0.00093
MED00383,5,target_cat_season_idx,-0.0051
MED00384,5,target_cat_season_idx,-0.00181
MED00385,5,target_cat_season_idx,-0.00795
MED00386,5,target_cat_season_idx,-0.004
MED00387,5,target_cat_season_idx,-0.01241
MED00388,5,target_cat_season_idx,-0.00396
MED00389,5,target_cat_season_idx,-0.00392
MED00390,5,target_cat_season_idx,-0.00859
MED00391,5,target_cat_season_idx,-0.01342
MED00392,5,target_cat_season_idx,-0.00987
MED00393,5,target_cat_season_idx,-0.00659
MED00394,5,target_cat_season_idx,-0.00666
MED00395,5,target_cat_season_idx,-0.01127
MED00396,5,target_cat_season_idx,-0.00449
MED00397,5,target_cat_season_idx,-0.0046
MED00398,5,target_cat_season_idx,-0.00357
MED00399,5,target_cat_season_idx,-0.00337
MED00400,5,target_cat_season_idx,-0.00373
MED00401,5,target_cat_season_idx,-0.00396
MED00402,5,target_cat_season_idx,-0.00661
MED00403,5,target_cat_season_idx,-0.00676
MED00404,5,target_cat_season_idx,-0.0041
MED00405,5,target_cat_season_idx,-0.00741
MED00406,5,target_cat_season_idx,-0.01016
MED00407,5,target_cat_season_idx,-0.00687
MED00408,5,target_cat_season_idx,-0.00507
MED00409,5,target_cat_season_idx,0.00214
MED00410,5,target_cat_season_idx,-0.00168
MED00411,5,target_cat_season_idx,-0.00424
MED00412,5,target_cat_season_idx,-0.00158
MED00413,5,target_cat_season_idx,-0.00088
MED00414,5,target_cat_season_idx,-0.00413
MED00415,5,target_cat_season_idx,-0.00252
MED00416,5,target_cat_season_idx,-0.00439
MED00417,5,target_cat_season_idx,-0.00033
MED00418,5,target_cat_season_idx,-0.00801
MED00419,5,target_cat_season_idx,-0.00826
MED00420,5,target_cat_season_idx,-0.00781
MED00421,5,target_cat_season_idx,-0.00961
MED00422,5,target_cat_season_idx,-0.00911
MED00423,5,target_cat_season_idx,-0.00498
MED00424,5,target_cat_season_idx,-0.00175
MED00001,6,target_cat_season_idx,-0.00775
MED00002,6,target_cat_season_idx,-0.04903
MED00003,6,target_cat_season_idx,-0.03423
MED00004,6,target_cat_season_idx,-0.012
MED00005,6,target_cat_season_idx,-0.01318
MED00006,6,target_cat_season_idx,-0.00343
MED00007,6,target_cat_season_idx,-0.00985
MED00008,6,target_cat_season_idx,-0.006
MED00009,6,target_cat_season_idx,-0.00743
MED00010,6,target_cat_season_idx,-0.00739
MED00011,6,target_cat_season_idx,-0.00546
MED00012,6,target_cat_season_idx,-0.00163
MED00013,6,target_cat_season_idx,-0.0059
MED00014,6,target_cat_season_idx,-0.00315
MED00015,6,target_cat_season_idx,-0.02338
MED00016,6,target_cat_season_idx,-0.00379
MED00017,6,target_cat_season_idx,-0.00568
MED00018,6,target_cat_season_idx,-0.00336
MED00019,6,target_cat_season_idx,-0.00159
MED00020,6,target_cat_season_idx,-0.01066
MED00021,6,target_cat_season_idx,-0.00119
MED00022,6,target_cat_season_idx,-0.00189
MED00023,6,target_cat_season_idx,-0.00413
MED00024,6,target_cat_season_idx,-0.00313
MED00025,6,target_cat_season_idx,-0.0406
MED00026,6,target_cat_season_idx,-0.03572
MED00027,6,target_cat_season_idx,-0.05898
MED00028,6,target_cat_season_idx,-0.00695
MED00029,6,target_cat_season_idx,-0.00233
MED00030,6,target_cat_season_idx,-0.00842
MED00031,6,target_cat_season_idx,-0.00334
MED00032,6,target_cat_season_idx,0.00021
MED00033,6,target_cat_season_idx,-0.00679
MED00034,6,target_cat_season_idx,-0.01007
MED00035,6,target_cat_season_idx,-0.05026
MED00036,6,target_cat_season_idx,-0.00928
MED00037,6,target_cat_season_idx,0.00274
MED00038,6,target_cat_season_idx,-0.00523
MED00039,6,target_cat_season_idx,-0.00168
MED00040,6,target_cat_season_idx,0.00024
MED00041,6,target_cat_season_idx,0.01753
MED00042,6,target_cat_season_idx,-0.00592
MED00043,6,target_cat_season_idx,-0.03255
MED00044,6,target_cat_season_idx,0.00157
MED00045,6,target_cat_season_idx,-0.0026
MED00046,6,target_cat_season_idx,0.00355
MED00047,6,target_cat_season_idx,-0.00476
MED00048,6,target_cat_season_idx,-0.00223
MED00049,6,target_cat_season_idx,-0.05799
MED00050,6,target_cat_season_idx,-0.01067
MED00051,6,target_cat_season_idx,-0.05059
MED00052,6,target_cat_season_idx,-0.01651
MED00053,6,target_cat_season_idx,-0.0018
MED00054,6,target_cat_season_idx,-0.004
MED00055,6,target_cat_season_idx,-0.00859
MED00056,6,target_cat_season_idx,-0.00034
MED00057,6,target_cat_season_idx,0.00982
MED00058,6,target_cat_season_idx,-0.00445
MED00059,6,target_cat_season_idx,-0.0059
MED00060,6,target_cat_season_idx,0.00524
MED00061,6,target_cat_season_idx,-0.01243
MED00062,6,target_cat_season_idx,0.00012
MED00063,6,target_cat_season_idx,-0.05049
MED00064,6,target_cat_season_idx,-0.00171
MED00065,6,target_cat_season_idx,0.00012
MED00066,6,target_cat_season_idx,-0.02604
MED00067,6,target_cat_season_idx,-0.00476
MED00068,6,target_cat_season_idx,-0.00365
MED00069,6,target_cat_season_idx,0.00203
MED00070,6,target_cat_season_idx,-0.00206
MED00071,6,target_cat_season_idx,0.0017
MED00072,6,target_cat_season_idx,-0.00097
MED00073,6,target_cat_season_idx,-0.00604
MED00074,6,target_cat_season_idx,-0.0035
MED00075,6,target_cat_season_idx,-0.0066
MED00076,6,target_cat_season_idx,-0.05581
MED00077,6,target_cat_season_idx,-0.00788
MED00078,6,target_cat_season_idx,-0.00838
MED00079,6,target_cat_season_idx,-0.00261
MED00080,6,target_cat_season_idx,-0.00755
MED00081,6,target_cat_season_idx,-0.03403
MED00082,6,target_cat_season_idx,-0.00094
MED00083,6,target_cat_season_idx,0.00055
MED00084,6,target_cat_season_idx,-0.00048
MED00085,6,target_cat_season_idx,-0.00639
MED00086,6,target_cat_season_idx,0.024
MED00087,6,target_cat_season_idx,-0.00153
MED00088,6,target_cat_season_idx,-0.00425
MED00089,6,target_cat_season_idx,-0.01251
MED00090,6,target_cat_season_idx,-0.00651
MED00091,6,target_cat_season_idx,-0.00145
MED00092,6,target_cat_season_idx,-0.00145
MED00093,6,target_cat_season_idx,-0.04955
MED00094,6,target_cat_season_idx,-0.00621
MED00095,6,target_cat_season_idx,-0.0063
MED00096,6,target_cat_season_idx,-0.0044
MED00097,6,target_cat_season_idx,0.0093
MED00098,6,target_cat_season_idx,-0.00669
MED00099,6,target_cat_season_idx,-0.0523
MED00100,6,target_cat_season_idx,-0.05035
MED00101,6,target_cat_season_idx,-0.00615
MED00102,6,target_cat_season_idx,0.00127
MED00103,6,target_cat_season_idx,-0.00994
MED00104,6,target_cat_season_idx,-0.00494
MED00105,6,target_cat_season_idx,-0.0011
MED00106,6,target_cat_season_idx,-0.05236
MED00107,6,target_cat_season_idx,-0.00572
MED00108,6,target_cat_season_idx,-0.00663
MED00109,6,target_cat_season_idx,-0.02752
MED00110,6,target_cat_season_idx,-0.06492
MED00111,6,target_cat_season_idx,-0.00716
MED00112,6,target_cat_season_idx,-0.00887
MED00114,6,target_cat_season_idx,-0.0076
MED00115,6,target_cat_season_idx,-0.00466
MED00116,6,target_cat_season_idx,-0.00361
MED00117,6,target_cat_season_idx,-0.00256
MED00118,6,target_cat_season_idx,-0.00133
MED00119,6,target_cat_season_idx,-0.00318
MED00120,6,target_cat_season_idx,-0.01015
MED00121,6,target_cat_season_idx,-0.00653
MED00122,6,target_cat_season_idx,-0.00279
MED00123,6,target_cat_season_idx,0.00116
MED00124,6,target_cat_season_idx,-0.00553
MED00125,6,target_cat_season_idx,-0.05767
MED00126,6,target_cat_season_idx,-0.01107
MED00127,6,target_cat_season_idx,-0.00134
MED00128,6,target_cat_season_idx,-0.00245
MED00129,6,target_cat_season_idx,-0.00394
MED00130,6,target_cat_season_idx,-0.05775
MED00131,6,target_cat_season_idx,0.00268
MED00132,6,target_cat_season_idx,0.01628
MED00133,6,target_cat_season_idx,0.01307
MED00134,6,target_cat_season_idx,-0.07535
MED00135,6,target_cat_season_idx,-0.00862
MED00136,6,target_cat_season_idx,-0.00304
MED00137,6,target_cat_season_idx,-0.00382
MED00138,6,target_cat_season_idx,-0.00351
MED00139,6,target_cat_season_idx,-0.00926
MED00140,6,target_cat_season_idx,-0.00068
MED00142,6,target_cat_season_idx,0.00913
MED00143,6,target_cat_season_idx,-0.00257
MED00144,6,target_cat_season_idx,-0.00679
MED00145,6,target_cat_season_idx,-0.01152
MED00146,6,target_cat_season_idx,-0.00304
MED00147,6,target_cat_season_idx,0.00391
MED00148,6,target_cat_season_idx,0.0035
MED00149,6,target_cat_season_idx,-0.00792
MED00150,6,target_cat_season_idx,-0.0048
MED00151,6,target_cat_season_idx,-0.00303
MED00152,6,target_cat_season_idx,-0.00667
MED00153,6,target_cat_season_idx,-0.00647
MED00154,6,target_cat_season_idx,-0.0032
MED00155,6,target_cat_season_idx,-0.00159
MED00156,6,target_cat_season_idx,0.0014
MED00157,6,target_cat_season_idx,-0.00428
MED00158,6,target_cat_season_idx,-0.04934
MED00159,6,target_cat_season_idx,-0.00934
MED00160,6,target_cat_season_idx,-0.00705
MED00161,6,target_cat_season_idx,-0.0066
MED00162,6,target_cat_season_idx,-0.00444
MED00163,6,target_cat_season_idx,-0.02912
MED00164,6,target_cat_season_idx,0.00322
MED00165,6,target_cat_season_idx,-0.00928
MED00166,6,target_cat_season_idx,-0.0039
MED00167,6,target_cat_season_idx,-0.00185
MED00168,6,target_cat_season_idx,-0.00485
MED00169,6,target_cat_season_idx,0.00242
MED00170,6,target_cat_season_idx,-0.00237
MED00171,6,target_cat_season_idx,-0.00287
MED00172,6,target_cat_season_idx,-0.00804
MED00173,6,target_cat_season_idx,-0.00762
MED00174,6,target_cat_season_idx,-0.00536
MED00175,6,target_cat_season_idx,-0.00629
MED00176,6,target_cat_season_idx,-0.00917
MED00177,6,target_cat_season_idx,-0.04391
MED00178,6,target_cat_season_idx,0.00876
MED00179,6,target_cat_season_idx,-0.05863
MED00180,6,target_cat_season_idx,-0.00864
MED00181,6,target_cat_season_idx,-0.00946
MED00182,6,target_cat_season_idx,-0.04625
MED00183,6,target_cat_season_idx,-0.00576
MED00184,6,target_cat_season_idx,-0.00561
MED00185,6,target_cat_season_idx,-0.00883
MED00186,6,target_cat_season_idx,-0.00326
MED00187,6,target_cat_season_idx,-0.00151
MED00188,6,target_cat_season_idx,-0.00782
MED00189,6,target_cat_season_idx,-0.06062
MED00190,6,target_cat_season_idx,-0.00501
MED00191,6,target_cat_season_idx,-0.00712
MED00192,6,target_cat_season_idx,-0.05883
MED00193,6,target_cat_season_idx,-0.0532
MED00194,6,target_cat_season_idx,-0.00884
MED00195,6,target_cat_season_idx,-0.00647
MED00196,6,target_cat_season_idx,-0.00881
MED00197,6,target_cat_season_idx,-0.00887
MED00198,6,target_cat_season_idx,-0.00062
MED00199,6,target_cat_season_idx,0.00539
MED00200,6,target_cat_season_idx,-0.00369
MED00201,6,target_cat_season_idx,-0.0031
MED00202,6,target_cat_season_idx,-0.00354
MED00203,6,target_cat_season_idx,-0.00221
MED00204,6,target_cat_season_idx,-0.00354
MED00205,6,target_cat_season_idx,-0.00168
MED00206,6,target_cat_season_idx,-0.00733
MED00207,6,target_cat_season_idx,-0.00663
MED00208,6,target_cat_season_idx,-0.00103
MED00209,6,target_cat_season_idx,0.00351
MED00210,6,target_cat_season_idx,-0.00453
MED00211,6,target_cat_season_idx,-0.00683
MED00212,6,target_cat_season_idx,-0.00429
MED00213,6,target_cat_season_idx,-0.00763
MED00214,6,target_cat_season_idx,-0.00417
MED00215,6,target_cat_season_idx,-0.00434
MED00216,6,target_cat_season_idx,-0.04104
MED00217,6,target_cat_season_idx,-0.05644
MED00218,6,target_cat_season_idx,-0.00504
MED00219,6,target_cat_season_idx,-0.00197
MED00220,6,target_cat_season_idx,-0.00374
MED00222,6,target_cat_season_idx,0.00671
MED00223,6,target_cat_season_idx,-0.01602
MED00224,6,target_cat_season_idx,-0.00295
MED00225,6,target_cat_season_idx,-0.0065
MED00226,6,target_cat_season_idx,0.00266
MED00227,6,target_cat_season_idx,-0.00233
MED00228,6,target_cat_season_idx,0.00113
MED00229,6,target_cat_season_idx,-0.01044
MED00230,6,target_cat_season_idx,-0.00276
MED00231,6,target_cat_season_idx,-0.00222
MED00232,6,target_cat_season_idx,-0.01187
MED00233,6,target_cat_season_idx,0.01279
MED00234,6,target_cat_season_idx,-0.00307
MED00235,6,target_cat_season_idx,-0.00305
MED00236,6,target_cat_season_idx,-0.00412
MED00237,6,target_cat_season_idx,-0.00668
MED00238,6,target_cat_season_idx,-0.00583
MED00239,6,target_cat_season_idx,-0.00741
MED00240,6,target_cat_season_idx,-0.00556
MED00241,6,target_cat_season_idx,-0.00348
MED00242,6,target_cat_season_idx,-0.00851
MED00243,6,target_cat_season_idx,-0.05128
MED00244,6,target_cat_season_idx,-0.00672
MED00245,6,target_cat_season_idx,-0.00298
MED00246,6,target_cat_season_idx,-0.00294
MED00247,6,target_cat_season_idx,-0.00187
MED00248,6,target_cat_season_idx,0.0007
MED00249,6,target_cat_season_idx,-0.00545
MED00250,6,target_cat_season_idx,-0.003
MED00251,6,target_cat_season_idx,-0.0032
MED00252,6,target_cat_season_idx,0.02414
MED00253,6,target_cat_season_idx,-0.00446
MED00254,6,target_cat_season_idx,0.0113
MED00255,6,target_cat_season_idx,0.00311
MED00256,6,target_cat_season_idx,-0.00674
MED00257,6,target_cat_season_idx,-0.00388
MED00258,6,target_cat_season_idx,-0.00143
MED00259,6,target_cat_season_idx,-0.00487
MED00260,6,target_cat_season_idx,-0.04726
MED00261,6,target_cat_season_idx,-0.01238
MED00262,6,target_cat_season_idx,-0.00428
MED00263,6,target_cat_season_idx,-0.00722
MED00264,6,target_cat_season_idx,-0.05653
MED00265,6,target_cat_season_idx,-0.00509
MED00266,6,target_cat_season_idx,-0.00869
MED00267,6,target_cat_season_idx,-0.00281
MED00268,6,target_cat_season_idx,-0.00192
MED00269,6,target_cat_season_idx,-0.00619
MED00270,6,target_cat_season_idx,-0.00648
MED00271,6,target_cat_season_idx,-0.00498
MED00272,6,target_cat_season_idx,-0.00591
MED00273,6,target_cat_season_idx,-0.00572
MED00274,6,target_cat_season_idx,0.01612
MED00275,6,target_cat_season_idx,-0.01062
MED00276,6,target_cat_season_idx,-0.0055
MED00277,6,target_cat_season_idx,-0.06062
MED00278,6,target_cat_season_idx,-0.00554
MED00279,6,target_cat_season_idx,-0.01173
MED00280,6,target_cat_season_idx,-0.05585
MED00281,6,target_cat_season_idx,-0.00582
MED00282,6,target_cat_season_idx,-0.00976
MED00283,6,target_cat_season_idx,-0.00686
MED00284,6,target_cat_season_idx,0.00289
MED00285,6,target_cat_season_idx,-0.0041
MED00286,6,target_cat_season_idx,-0.00703
MED00287,6,target_cat_season_idx,-0.0076
MED00288,6,target_cat_season_idx,0.00084
MED00289,6,target_cat_season_idx,-0.00587
MED00290,6,target_cat_season_idx,-0.00233
MED00291,6,target_cat_season_idx,-0.00359
MED00292,6,target_cat_season_idx,0.00451
MED00293,6,target_cat_season_idx,-0.00396
MED00294,6,target_cat_season_idx,0.00693
MED00295,6,target_cat_season_idx,-0.05317
MED00296,6,target_cat_season_idx,-0.0076
MED00297,6,target_cat_season_idx,-0.00526
MED00298,6,target_cat_season_idx,-0.00569
MED00299,6,target_cat_season_idx,0.01177
MED00300,6,target_cat_season_idx,-0.00603
MED00301,6,target_cat_season_idx,-0.00358
MED00302,6,target_cat_season_idx,-0.00853
MED00303,6,target_cat_season_idx,-0.0032
MED00304,6,target_cat_season_idx,-0.00064
MED00305,6,target_cat_season_idx,-0.00358
MED00306,6,target_cat_season_idx,-0.05789
MED00307,6,target_cat_season_idx,-0.00428
MED00308,6,target_cat_season_idx,-0.00686
MED00309,6,target_cat_season_idx,-0.00263
MED00310,6,target_cat_season_idx,-0.00176
MED00311,6,target_cat_season_idx,-0.0066
MED00312,6,target_cat_season_idx,0.01716
MED00313,6,target_cat_season_idx,-0.06609
MED00314,6,target_cat_season_idx,-0.00942
MED00315,6,target_cat_season_idx,-0.00411
MED00316,6,target_cat_season_idx,-0.0081
MED00317,6,target_cat_season_idx,-0.00744
MED00318,6,target_cat_season_idx,0.00138
MED00319,6,target_cat_season_idx,-0.00109
MED00320,6,target_cat_season_idx,-0.00449
MED00321,6,target_cat_season_idx,-0.01419
MED00322,6,target_cat_season_idx,-0.05772
MED00323,6,target_cat_season_idx,0.00608
MED00324,6,target_cat_season_idx,0.01048
MED00325,6,target_cat_season_idx,-0.00418
MED00326,6,target_cat_season_idx,-0.00444
MED00327,6,target_cat_season_idx,-0.00991
MED00328,6,target_cat_season_idx,-0.00667
MED00329,6,target_cat_season_idx,-0.00166
MED00330,6,target_cat_season_idx,-0.00821
MED00331,6,target_cat_season_idx,-0.00308
MED00332,6,target_cat_season_idx,-0.00733
MED00333,6,target_cat_season_idx,-0.00508
MED00334,6,target_cat_season_idx,-0.00434
MED00335,6,target_cat_season_idx,-0.00531
MED00336,6,target_cat_season_idx,-0.00262
MED00337,6,target_cat_season_idx,-0.00437
MED00338,6,target_cat_season_idx,-0.01166
MED00339,6,target_cat_season_idx,0.00369
MED00340,6,target_cat_season_idx,-0.01038
MED00341,6,target_cat_season_idx,-0.00498
MED00342,6,target_cat_season_idx,-0.00705
MED00343,6,target_cat_season_idx,-0.00324
MED00344,6,target_cat_season_idx,0.00351
MED00345,6,target_cat_season_idx,-0.05823
MED00346,6,target_cat_season_idx,-0.00731
MED00347,6,target_cat_season_idx,-0.05465
MED00348,6,target_cat_season_idx,0.00486
MED00349,6,target_cat_season_idx,-0.00657
MED00350,6,target_cat_season_idx,-0.01056
MED00351,6,target_cat_season_idx,-0.03098
MED00352,6,target_cat_season_idx,-0.03585
MED00353,6,target_cat_season_idx,-0.01133
MED00354,6,target_cat_season_idx,-0.00885
MED00355,6,target_cat_season_idx,-0.00604
MED00356,6,target_cat_season_idx,-0.003
MED00357,6,target_cat_season_idx,-0.05652
MED00358,6,target_cat_season_idx,0.00072
MED00359,6,target_cat_season_idx,-0.00242
MED00360,6,target_cat_season_idx,-0.00021
MED00361,6,target_cat_season_idx,-0.00663
MED00362,6,target_cat_season_idx,-0.00497
MED00363,6,target_cat_season_idx,-0.00389
MED00364,6,target_cat_season_idx,-0.05497
MED00365,6,target_cat_season_idx,-0.00256
MED00366,6,target_cat_season_idx,-0.00298
MED00367,6,target_cat_season_idx,-0.00222
MED00368,6,target_cat_season_idx,-0.00599
MED00369,6,target_cat_season_idx,-0.00528
MED00370,6,target_cat_season_idx,0.02278
MED00371,6,target_cat_season_idx,-0.00675
MED00372,6,target_cat_season_idx,-0.05867
MED00373,6,target_cat_season_idx,-0.01083
MED00374,6,target_cat_season_idx,0.00198
MED00375,6,target_cat_season_idx,-0.00838
MED00376,6,target_cat_season_idx,-0.00697
MED00377,6,target_cat_season_idx,-0.00722
MED00378,6,target_cat_season_idx,-0.00219
MED00379,6,target_cat_season_idx,-0.01468
MED00380,6,target_cat_season_idx,-0.03167
MED00381,6,target_cat_season_idx,-0.00716
MED00382,6,target_cat_season_idx,-0.00091
MED00383,6,target_cat_season_idx,-0.00508
MED00384,6,target_cat_season_idx,-0.00179
MED00385,6,target_cat_season_idx,-0.00793
MED00386,6,target_cat_season_idx,-0.00398
MED00387,6,target_cat_season_idx,-0.01241
MED00388,6,target_cat_season_idx,-0.00577
MED00389,6,target_cat_season_idx,-0.0039
MED00390,6,target_cat_season_idx,-0.00857
MED00391,6,target_cat_season_idx,-0.01342
MED00392,6,target_cat_season_idx,-0.00985
MED00393,6,target_cat_season_idx,-0.00657
MED00394,6,target_cat_season_idx,-0.00664
MED00395,6,target_cat_season_idx,-0.01125
MED00396,6,target_cat_season_idx,-0.00448
MED00397,6,target_cat_season_idx,-0.0046
MED00398,6,target_cat_season_idx,-0.00358
MED00399,6,target_cat_season_idx,-0.00337
MED00400,6,target_cat_season_idx,-0.00374
MED00401,6,target_cat_season_idx,-0.00394
MED00402,6,target_cat_season_idx,-0.00658
MED00403,6,target_cat_season_idx,-0.00676
MED00404,6,target_cat_season_idx,-0.00411
MED00405,6,target_cat_season_idx,-0.00742
MED00406,6,target_cat_season_idx,-0.01016
MED00407,6,target_cat_season_idx,-0.00685
MED00408,6,target_cat_season_idx,-0.00505
MED00409,6,target_cat_season_idx,0.00216
MED00410,6,target_cat_season_idx,-0.00166
MED00411,6,target_cat_season_idx,-0.00422
MED00412,6,target_cat_season_idx,-0.00159
MED00413,6,target_cat_season_idx,-0.00088
MED00414,6,target_cat_season_idx,-0.00414
MED00415,6,target_cat_season_idx,-0.0025
MED00416,6,target_cat_season_idx,-0.00427
MED00417,6,target_cat_season_idx,-0.00032
MED00418,6,target_cat_season_idx,-0.00799
MED00419,6,target_cat_season_idx,-0.00824
MED00420,6,target_cat_season_idx,-0.0078
MED00421,6,target_cat_season_idx,-0.00959
MED00422,6,target_cat_season_idx,-0.00896
MED00423,6,target_cat_season_idx,-0.00496
MED00424,6,target_cat_season_idx,-0.00175
MED00001,7,target_cat_season_idx,-0.00775
MED00002,7,target_cat_season_idx,-0.04627
MED00003,7,target_cat_season_idx,-0.03148
MED00004,7,target_cat_season_idx,-0.01202
MED00005,7,target_cat_season_idx,-0.01318
MED00006,7,target_cat_season_idx,-0.00341
MED00007,7,target_cat_season_idx,-0.00983
MED00008,7,target_cat_season_idx,-0.00598
MED00009,7,target_cat_season_idx,-0.00744
MED00010,7,target_cat_season_idx,-0.00758
MED00011,7,target_cat_season_idx,-0.00547
MED00012,7,target_cat_season_idx,-0.00168
MED00013,7,target_cat_season_idx,-0.00591
MED00014,7,target_cat_season_idx,-0.00314
MED00015,7,target_cat_season_idx,-0.01854
MED00016,7,target_cat_season_idx,-0.00378
MED00017,7,target_cat_season_idx,-0.00569
MED00018,7,target_cat_season_idx,-0.00336
MED00019,7,target_cat_season_idx,-0.0016
MED00020,7,target_cat_season_idx,-0.01067
MED00021,7,target_cat_season_idx,-0.00119
MED00022,7,target_cat_season_idx,-0.00189
MED00023,7,target_cat_season_idx,-0.00412
MED00024,7,target_cat_season_idx,-0.00313
MED00025,7,target_cat_season_idx,-0.04022
MED00026,7,target_cat_season_idx,-0.03527
MED00027,7,target_cat_season_idx,-0.05856
MED00028,7,target_cat_season_idx,-0.00693
MED00029,7,target_cat_season_idx,-0.00234
MED00030,7,target_cat_season_idx,-0.00841
MED00031,7,target_cat_season_idx,-0.00336
MED00032,7,target_cat_season_idx,-0.00032
MED00033,7,target_cat_season_idx,-0.00681
MED00034,7,target_cat_season_idx,-0.01007
MED00035,7,target_cat_season_idx,-0.04538
MED00036,7,target_cat_season_idx,-0.00915
MED00037,7,target_cat_season_idx,0.00273
MED00038,7,target_cat_season_idx,-0.00523
MED00039,7,target_cat_season_idx,-0.00171
MED00040,7,target_cat_season_idx,0.00022
MED00041,7,target_cat_season_idx,0.01742
MED00042,7,target_cat_season_idx,-0.00592
MED00043,7,target_cat_season_idx,-0.02772
MED00044,7,target_cat_season_idx,0.0013
MED00045,7,target_cat_season_idx,-0.00265
MED00046,7,target_cat_season_idx,0.00351
MED00047,7,target_cat_season_idx,-0.00473
MED00048,7,target_cat_season_idx,-0.00225
MED00049,7,target_cat_season_idx,-0.05523
MED00050,7,target_cat_season_idx,-0.01066
MED00051,7,target_cat_season_idx,-0.04776
MED00052,7,target_cat_season_idx,-0.01649
MED00053,7,target_cat_season_idx,-0.00181
MED00054,7,target_cat_season_idx,-0.00433
MED00055,7,target_cat_season_idx,-0.00854
MED00056,7,target_cat_season_idx,-0.00035
MED00057,7,target_cat_season_idx,0.00924
MED00058,7,target_cat_season_idx,-0.00448
MED00059,7,target_cat_season_idx,-0.0059
MED00060,7,target_cat_season_idx,0.00524
MED00061,7,target_cat_season_idx,-0.01241
MED00062,7,target_cat_season_idx,0.00014
MED00063,7,target_cat_season_idx,-0.04777
MED00064,7,target_cat_season_idx,-0.00171
MED00065,7,target_cat_season_idx,0.00011
MED00066,7,target_cat_season_idx,-0.02121
MED00067,7,target_cat_season_idx,-0.00475
MED00068,7,target_cat_season_idx,-0.00365
MED00069,7,target_cat_season_idx,0.0026
MED00070,7,target_cat_season_idx,-0.00197
MED00071,7,target_cat_season_idx,0.00151
MED00072,7,target_cat_season_idx,-0.00114
MED00073,7,target_cat_season_idx,-0.00602
MED00074,7,target_cat_season_idx,-0.0037
MED00075,7,target_cat_season_idx,-0.0066
MED00076,7,target_cat_season_idx,-0.05097
MED00077,7,target_cat_season_idx,-0.00789
MED00078,7,target_cat_season_idx,-0.008
MED00079,7,target_cat_season_idx,-0.00276
MED00080,7,target_cat_season_idx,-0.00755
MED00081,7,target_cat_season_idx,-0.02921
MED00082,7,target_cat_season_idx,-0.00113
MED00083,7,target_cat_season_idx,0.00056
MED00084,7,target_cat_season_idx,-0.00048
MED00085,7,target_cat_season_idx,-0.00639
MED00086,7,target_cat_season_idx,0.02389
MED00087,7,target_cat_season_idx,-0.00155
MED00088,7,target_cat_season_idx,-0.00379
MED00089,7,target_cat_season_idx,-0.0124
MED00090,7,target_cat_season_idx,-0.00818
MED00091,7,target_cat_season_idx,-0.00162
MED00092,7,target_cat_season_idx,-0.00146
MED00093,7,target_cat_season_idx,-0.04971
MED00094,7,target_cat_season_idx,-0.00653
MED00095,7,target_cat_season_idx,-0.00632
MED00096,7,target_cat_season_idx,-0.00441
MED00097,7,target_cat_season_idx,0.00933
MED00098,7,target_cat_season_idx,-0.00673
MED00099,7,target_cat_season_idx,-0.05189
MED00100,7,target_cat_season_idx,-0.04763
MED00101,7,target_cat_season_idx,-0.00641
MED00102,7,target_cat_season_idx,0.00126
MED00103,7,target_cat_season_idx,-0.00995
MED00104,7,target_cat_season_idx,-0.00495
MED00105,7,target_cat_season_idx,-0.00111
MED00106,7,target_cat_season_idx,-0.04964
MED00107,7,target_cat_season_idx,-0.00573
MED00108,7,target_cat_season_idx,-0.00664
MED00109,7,target_cat_season_idx,-0.02756
MED00110,7,target_cat_season_idx,-0.06449
MED00111,7,target_cat_season_idx,-0.00704
MED00112,7,target_cat_season_idx,-0.00886
MED00113,7,target_cat_season_idx,-1e-04
MED00114,7,target_cat_season_idx,-0.00759
MED00115,7,target_cat_season_idx,-0.00467
MED00116,7,target_cat_season_idx,-0.00362
MED00117,7,target_cat_season_idx,-0.00261
MED00118,7,target_cat_season_idx,-0.00132
MED00119,7,target_cat_season_idx,-0.00319
MED00120,7,target_cat_season_idx,-0.01015
MED00121,7,target_cat_season_idx,-0.00654
MED00122,7,target_cat_season_idx,-0.00286
MED00123,7,target_cat_season_idx,0.00114
MED00124,7,target_cat_season_idx,-0.00552
MED00125,7,target_cat_season_idx,-0.053
MED00126,7,target_cat_season_idx,-0.01108
MED00127,7,target_cat_season_idx,-0.00135
MED00128,7,target_cat_season_idx,-0.00246
MED00129,7,target_cat_season_idx,-0.00393
MED00130,7,target_cat_season_idx,-0.05492
MED00131,7,target_cat_season_idx,0.0027
MED00132,7,target_cat_season_idx,0.01616
MED00133,7,target_cat_season_idx,0.01273
MED00134,7,target_cat_season_idx,-0.07493
MED00135,7,target_cat_season_idx,-0.00862
MED00136,7,target_cat_season_idx,-0.00306
MED00137,7,target_cat_season_idx,-0.00381
MED00138,7,target_cat_season_idx,-0.00352
MED00139,7,target_cat_season_idx,-0.00932
MED00140,7,target_cat_season_idx,-0.00069
MED00142,7,target_cat_season_idx,0.00895
MED00143,7,target_cat_season_idx,-0.00258
MED00144,7,target_cat_season_idx,-0.0068
MED00145,7,target_cat_season_idx,-0.01151
MED00146,7,target_cat_season_idx,-0.00302
MED00147,7,target_cat_season_idx,0.00379
MED00148,7,target_cat_season_idx,0.00295
MED00149,7,target_cat_season_idx,-0.00791
MED00150,7,target_cat_season_idx,-0.0048
MED00151,7,target_cat_season_idx,-0.00304
MED00152,7,target_cat_season_idx,-0.00665
MED00153,7,target_cat_season_idx,-0.00646
MED00154,7,target_cat_season_idx,-0.00322
MED00155,7,target_cat_season_idx,-0.00161
MED00156,7,target_cat_season_idx,0.00142
MED00157,7,target_cat_season_idx,-0.0043
MED00158,7,target_cat_season_idx,-0.04893
MED00159,7,target_cat_season_idx,-0.00934
MED00160,7,target_cat_season_idx,-0.00706
MED00161,7,target_cat_season_idx,-0.00661
MED00162,7,target_cat_season_idx,-0.00445
MED00163,7,target_cat_season_idx,-0.0243
MED00164,7,target_cat_season_idx,0.00302
MED00165,7,target_cat_season_idx,-0.00928
MED00166,7,target_cat_season_idx,-0.00391
MED00167,7,target_cat_season_idx,-0.00186
MED00168,7,target_cat_season_idx,-0.00485
MED00169,7,target_cat_season_idx,0.00217
MED00170,7,target_cat_season_idx,-0.00239
MED00171,7,target_cat_season_idx,-0.00288
MED00172,7,target_cat_season_idx,-0.00802
MED00173,7,target_cat_season_idx,-0.00782
MED00174,7,target_cat_season_idx,-0.00537
MED00175,7,target_cat_season_idx,-0.00631
MED00176,7,target_cat_season_idx,-0.00918
MED00177,7,target_cat_season_idx,-0.04338
MED00178,7,target_cat_season_idx,0.00875
MED00179,7,target_cat_season_idx,-0.05804
MED00180,7,target_cat_season_idx,-0.00867
MED00181,7,target_cat_season_idx,-0.00947
MED00182,7,target_cat_season_idx,-0.04584
MED00183,7,target_cat_season_idx,-0.00577
MED00184,7,target_cat_season_idx,-0.0055
MED00185,7,target_cat_season_idx,-0.00895
MED00186,7,target_cat_season_idx,-0.00327
MED00187,7,target_cat_season_idx,-0.00152
MED00188,7,target_cat_season_idx,-0.00784
MED00189,7,target_cat_season_idx,-0.05764
MED00190,7,target_cat_season_idx,-0.005
MED00191,7,target_cat_season_idx,-0.00737
MED00192,7,target_cat_season_idx,-0.05416
MED00193,7,target_cat_season_idx,-0.05045
MED00194,7,target_cat_season_idx,-0.0084
MED00195,7,target_cat_season_idx,-0.00593
MED00196,7,target_cat_season_idx,-0.00853
MED00197,7,target_cat_season_idx,-0.00854
MED00198,7,target_cat_season_idx,-0.00063
MED00199,7,target_cat_season_idx,0.00539
MED00200,7,target_cat_season_idx,-0.00374
MED00201,7,target_cat_season_idx,-0.00312
MED00202,7,target_cat_season_idx,-0.00357
MED00203,7,target_cat_season_idx,-0.00236
MED00204,7,target_cat_season_idx,-0.00355
MED00205,7,target_cat_season_idx,-0.00174
MED00206,7,target_cat_season_idx,-0.00731
MED00207,7,target_cat_season_idx,-0.00662
MED00208,7,target_cat_season_idx,-0.00105
MED00209,7,target_cat_season_idx,0.0035
MED00210,7,target_cat_season_idx,-0.00451
MED00211,7,target_cat_season_idx,-0.00684
MED00212,7,target_cat_season_idx,-0.00433
MED00213,7,target_cat_season_idx,-0.00764
MED00214,7,target_cat_season_idx,-0.00416
MED00215,7,target_cat_season_idx,-0.00436
MED00216,7,target_cat_season_idx,-0.03833
MED00217,7,target_cat_season_idx,-0.05159
MED00218,7,target_cat_season_idx,-0.00505
MED00219,7,target_cat_season_idx,-0.00197
MED00220,7,target_cat_season_idx,-0.00396
MED00222,7,target_cat_season_idx,0.00671
MED00223,7,target_cat_season_idx,-0.01606
MED00224,7,target_cat_season_idx,-0.00296
MED00225,7,target_cat_season_idx,-0.00651
MED00226,7,target_cat_season_idx,0.00245
MED00227,7,target_cat_season_idx,-0.00234
MED00228,7,target_cat_season_idx,0.00103
MED00229,7,target_cat_season_idx,-0.01045
MED00230,7,target_cat_season_idx,-0.00296
MED00231,7,target_cat_season_idx,-0.00229
MED00232,7,target_cat_season_idx,-0.00962
MED00233,7,target_cat_season_idx,0.01265
MED00234,7,target_cat_season_idx,-0.00308
MED00235,7,target_cat_season_idx,-0.00305
MED00236,7,target_cat_season_idx,-0.00413
MED00237,7,target_cat_season_idx,-0.00669
MED00238,7,target_cat_season_idx,-0.00584
MED00239,7,target_cat_season_idx,-0.00743
MED00240,7,target_cat_season_idx,-0.00556
MED00241,7,target_cat_season_idx,-0.00349
MED00242,7,target_cat_season_idx,-0.00806
MED00243,7,target_cat_season_idx,-0.04852
MED00244,7,target_cat_season_idx,-0.00672
MED00245,7,target_cat_season_idx,-0.003
MED00246,7,target_cat_season_idx,-0.00296
MED00247,7,target_cat_season_idx,-0.00186
MED00248,7,target_cat_season_idx,0.00069
MED00249,7,target_cat_season_idx,-0.00545
MED00250,7,target_cat_season_idx,-0.003
MED00251,7,target_cat_season_idx,-0.00322
MED00252,7,target_cat_season_idx,0.02399
MED00253,7,target_cat_season_idx,-0.00447
MED00254,7,target_cat_season_idx,0.01115
MED00255,7,target_cat_season_idx,0.0031
MED00256,7,target_cat_season_idx,-0.00672
MED00257,7,target_cat_season_idx,-0.00388
MED00258,7,target_cat_season_idx,-0.00144
MED00259,7,target_cat_season_idx,-0.00488
MED00260,7,target_cat_season_idx,-0.04695
MED00261,7,target_cat_season_idx,-0.01237
MED00262,7,target_cat_season_idx,-0.00428
MED00263,7,target_cat_season_idx,-0.00722
MED00264,7,target_cat_season_idx,-0.05613
MED00265,7,target_cat_season_idx,-0.0051
MED00266,7,target_cat_season_idx,-0.00869
MED00267,7,target_cat_season_idx,-0.00282
MED00268,7,target_cat_season_idx,-0.00193
MED00269,7,target_cat_season_idx,-0.0062
MED00270,7,target_cat_season_idx,-0.0065
MED00271,7,target_cat_season_idx,-0.00671
MED00272,7,target_cat_season_idx,-0.00591
MED00273,7,target_cat_season_idx,-0.00572
MED00274,7,target_cat_season_idx,0.01596
MED00275,7,target_cat_season_idx,-0.01062
MED00276,7,target_cat_season_idx,-0.00551
MED00277,7,target_cat_season_idx,-0.05764
MED00278,7,target_cat_season_idx,-0.00555
MED00279,7,target_cat_season_idx,-0.01173
MED00280,7,target_cat_season_idx,-0.05101
MED00281,7,target_cat_season_idx,-0.00583
MED00282,7,target_cat_season_idx,-0.00989
MED00283,7,target_cat_season_idx,-0.00702
MED00284,7,target_cat_season_idx,0.0029
MED00285,7,target_cat_season_idx,-0.00412
MED00286,7,target_cat_season_idx,-0.00704
MED00287,7,target_cat_season_idx,-0.00761
MED00288,7,target_cat_season_idx,0.00083
MED00289,7,target_cat_season_idx,-0.00587
MED00290,7,target_cat_season_idx,-0.00234
MED00291,7,target_cat_season_idx,-0.00346
MED00292,7,target_cat_season_idx,0.00449
MED00293,7,target_cat_season_idx,-0.00396
MED00294,7,target_cat_season_idx,0.00691
MED00295,7,target_cat_season_idx,-0.05273
MED00296,7,target_cat_season_idx,-0.00761
MED00297,7,target_cat_season_idx,-0.00527
MED00298,7,target_cat_season_idx,-0.00568
MED00299,7,target_cat_season_idx,0.01115
MED00300,7,target_cat_season_idx,-0.00606
MED00301,7,target_cat_season_idx,-0.00357
MED00302,7,target_cat_season_idx,-0.00853
MED00303,7,target_cat_season_idx,-0.0034
MED00304,7,target_cat_season_idx,-0.00083
MED00305,7,target_cat_season_idx,-0.00363
MED00306,7,target_cat_season_idx,-0.05514
MED00307,7,target_cat_season_idx,-0.00429
MED00308,7,target_cat_season_idx,-0.00686
MED00309,7,target_cat_season_idx,-0.00267
MED00310,7,target_cat_season_idx,-0.00174
MED00311,7,target_cat_season_idx,-0.00664
MED00312,7,target_cat_season_idx,0.017
MED00313,7,target_cat_season_idx,-0.06619
MED00314,7,target_cat_season_idx,-0.01033
MED00315,7,target_cat_season_idx,-0.00411
MED00316,7,target_cat_season_idx,-0.00816
MED00317,7,target_cat_season_idx,-0.0075
MED00318,7,target_cat_season_idx,0.00065
MED00319,7,target_cat_season_idx,-0.00109
MED00320,7,target_cat_season_idx,-0.00454
MED00321,7,target_cat_season_idx,-0.01489
MED00322,7,target_cat_season_idx,-0.05513
MED00323,7,target_cat_season_idx,0.00604
MED00324,7,target_cat_season_idx,0.01046
MED00325,7,target_cat_season_idx,-0.00419
MED00326,7,target_cat_season_idx,-0.00445
MED00327,7,target_cat_season_idx,-0.00992
MED00328,7,target_cat_season_idx,-0.00669
MED00329,7,target_cat_season_idx,-0.00167
MED00330,7,target_cat_season_idx,-0.00821
MED00331,7,target_cat_season_idx,-0.00311
MED00332,7,target_cat_season_idx,-0.00734
MED00333,7,target_cat_season_idx,-0.00507
MED00334,7,target_cat_season_idx,-0.00385
MED00335,7,target_cat_season_idx,-0.00528
MED00336,7,target_cat_season_idx,-0.00286
MED00337,7,target_cat_season_idx,-0.00463
MED00338,7,target_cat_season_idx,-0.0117
MED00339,7,target_cat_season_idx,0.00369
MED00340,7,target_cat_season_idx,-0.0104
MED00341,7,target_cat_season_idx,-0.00499
MED00342,7,target_cat_season_idx,-0.00705
MED00343,7,target_cat_season_idx,-0.00323
MED00344,7,target_cat_season_idx,0.0035
MED00345,7,target_cat_season_idx,-0.05548
MED00346,7,target_cat_season_idx,-0.00731
MED00347,7,target_cat_season_idx,-0.05193
MED00348,7,target_cat_season_idx,0.00458
MED00349,7,target_cat_season_idx,-0.00658
MED00350,7,target_cat_season_idx,-0.01126
MED00351,7,target_cat_season_idx,-0.03099
MED00352,7,target_cat_season_idx,-0.03564
MED00353,7,target_cat_season_idx,-0.01157
MED00354,7,target_cat_season_idx,-0.00886
MED00355,7,target_cat_season_idx,-0.00604
MED00356,7,target_cat_season_idx,-0.00302
MED00357,7,target_cat_season_idx,-0.05168
MED00358,7,target_cat_season_idx,0.00073
MED00359,7,target_cat_season_idx,-0.00247
MED00360,7,target_cat_season_idx,-0.00021
MED00361,7,target_cat_season_idx,-0.00669
MED00362,7,target_cat_season_idx,-0.00497
MED00363,7,target_cat_season_idx,-0.00391
MED00364,7,target_cat_season_idx,-0.0523
MED00365,7,target_cat_season_idx,-0.00257
MED00366,7,target_cat_season_idx,-0.00297
MED00367,7,target_cat_season_idx,-0.00223
MED00368,7,target_cat_season_idx,-0.00601
MED00369,7,target_cat_season_idx,-0.00544
MED00370,7,target_cat_season_idx,0.02216
MED00371,7,target_cat_season_idx,-0.00676
MED00372,7,target_cat_season_idx,-0.0559
MED00373,7,target_cat_season_idx,-0.01081
MED00374,7,target_cat_season_idx,0.00193
MED00375,7,target_cat_season_idx,-0.00869
MED00376,7,target_cat_season_idx,-0.00698
MED00377,7,target_cat_season_idx,-0.00746
MED00378,7,target_cat_season_idx,-0.00218
MED00379,7,target_cat_season_idx,-0.01537
MED00380,7,target_cat_season_idx,-0.03168
MED00381,7,target_cat_season_idx,-0.00705
MED00382,7,target_cat_season_idx,-0.00091
MED00383,7,target_cat_season_idx,-0.00509
MED00384,7,target_cat_season_idx,-0.00182
MED00385,7,target_cat_season_idx,-0.00789
MED00386,7,target_cat_season_idx,-0.00396
MED00387,7,target_cat_season_idx,-0.01241
MED00388,7,target_cat_season_idx,-0.00582
MED00389,7,target_cat_season_idx,-0.00418
MED00390,7,target_cat_season_idx,-0.00857
MED00391,7,target_cat_season_idx,-0.01342
MED00392,7,target_cat_season_idx,-0.00975
MED00393,7,target_cat_season_idx,-0.00657
MED00394,7,target_cat_season_idx,-0.00663
MED00395,7,target_cat_season_idx,-0.01124
MED00396,7,target_cat_season_idx,-0.00429
MED00397,7,target_cat_season_idx,-0.00451
MED00398,7,target_cat_season_idx,-0.00358
MED00399,7,target_cat_season_idx,-0.00337
MED00400,7,target_cat_season_idx,-0.00374
MED00401,7,target_cat_season_idx,-0.00392
MED00402,7,target_cat_season_idx,-0.00659
MED00403,7,target_cat_season_idx,-0.0068
MED00404,7,target_cat_season_idx,-0.00412
MED00405,7,target_cat_season_idx,-0.00685
MED00406,7,target_cat_season_idx,-0.01017
MED00407,7,target_cat_season_idx,-0.00683
MED00408,7,target_cat_season_idx,-0.00503
MED00409,7,target_cat_season_idx,0.00215
MED00410,7,target_cat_season_idx,-0.00166
MED00411,7,target_cat_season_idx,-0.00414
MED00412,7,target_cat_season_idx,-0.00159
MED00413,7,target_cat_season_idx,-0.00089
MED00414,7,target_cat_season_idx,-0.00414
MED00415,7,target_cat_season_idx,-0.00249
MED00416,7,target_cat_season_idx,-0.00427
MED00417,7,target_cat_season_idx,-0.00031
MED00418,7,target_cat_season_idx,-0.00799
MED00419,7,target_cat_season_idx,-0.00824
MED00420,7,target_cat_season_idx,-0.00773
MED00421,7,target_cat_season_idx,-0.00961
MED00422,7,target_cat_season_idx,-0.00896
MED00423,7,target_cat_season_idx,-0.00498
MED00424,7,target_cat_season_idx,-0.00176
MED00001,8,target_cat_season_idx,-0.00763
MED00002,8,target_cat_season_idx,-0.04882
MED00003,8,target_cat_season_idx,-0.0338
MED00004,8,target_cat_season_idx,-0.01202
MED00005,8,target_cat_season_idx,-0.01318
MED00006,8,target_cat_season_idx,-0.00341
MED00007,8,target_cat_season_idx,-0.00983
MED00008,8,target_cat_season_idx,-0.00616
MED00009,8,target_cat_season_idx,-0.00744
MED00010,8,target_cat_season_idx,-0.00758
MED00011,8,target_cat_season_idx,-0.00547
MED00012,8,target_cat_season_idx,-0.00168
MED00013,8,target_cat_season_idx,-0.00589
MED00014,8,target_cat_season_idx,-0.00314
MED00015,8,target_cat_season_idx,-0.02169
MED00016,8,target_cat_season_idx,-0.00378
MED00017,8,target_cat_season_idx,-0.00569
MED00018,8,target_cat_season_idx,-0.00336
MED00019,8,target_cat_season_idx,-0.00159
MED00020,8,target_cat_season_idx,-0.01067
MED00021,8,target_cat_season_idx,-0.00119
MED00022,8,target_cat_season_idx,-0.00189
MED00023,8,target_cat_season_idx,-0.00412
MED00024,8,target_cat_season_idx,-0.00313
MED00025,8,target_cat_season_idx,-0.04129
MED00026,8,target_cat_season_idx,-0.03556
MED00027,8,target_cat_season_idx,-0.05959
MED00028,8,target_cat_season_idx,-0.00685
MED00029,8,target_cat_season_idx,-0.00235
MED00030,8,target_cat_season_idx,-0.00841
MED00031,8,target_cat_season_idx,-0.00344
MED00032,8,target_cat_season_idx,-0.00032
MED00033,8,target_cat_season_idx,-0.00681
MED00034,8,target_cat_season_idx,-0.01007
MED00035,8,target_cat_season_idx,-0.04832
MED00036,8,target_cat_season_idx,-0.00916
MED00037,8,target_cat_season_idx,0.00274
MED00038,8,target_cat_season_idx,-0.00526
MED00039,8,target_cat_season_idx,-0.00171
MED00040,8,target_cat_season_idx,0.00022
MED00041,8,target_cat_season_idx,0.01749
MED00042,8,target_cat_season_idx,-0.00591
MED00043,8,target_cat_season_idx,-0.03093
MED00044,8,target_cat_season_idx,0.0013
MED00045,8,target_cat_season_idx,-0.00296
MED00046,8,target_cat_season_idx,0.00351
MED00047,8,target_cat_season_idx,-0.00473
MED00048,8,target_cat_season_idx,-0.00225
MED00049,8,target_cat_season_idx,-0.058
MED00050,8,target_cat_season_idx,-0.01066
MED00051,8,target_cat_season_idx,-0.05035
MED00052,8,target_cat_season_idx,-0.01656
MED00053,8,target_cat_season_idx,-0.0018
MED00054,8,target_cat_season_idx,-0.00434
MED00055,8,target_cat_season_idx,-0.00854
MED00056,8,target_cat_season_idx,-0.00035
MED00057,8,target_cat_season_idx,0.0093
MED00058,8,target_cat_season_idx,-0.00449
MED00059,8,target_cat_season_idx,-0.0059
MED00060,8,target_cat_season_idx,0.00524
MED00061,8,target_cat_season_idx,-0.01243
MED00062,8,target_cat_season_idx,0.00026
MED00063,8,target_cat_season_idx,-0.05048
MED00064,8,target_cat_season_idx,-0.00171
MED00065,8,target_cat_season_idx,0.00012
MED00066,8,target_cat_season_idx,-0.02436
MED00067,8,target_cat_season_idx,-0.00475
MED00068,8,target_cat_season_idx,-0.00365
MED00069,8,target_cat_season_idx,0.00257
MED00070,8,target_cat_season_idx,-0.00196
MED00071,8,target_cat_season_idx,0.00151
MED00072,8,target_cat_season_idx,-0.00111
MED00073,8,target_cat_season_idx,-0.00601
MED00074,8,target_cat_season_idx,-0.00369
MED00075,8,target_cat_season_idx,-0.0066
MED00076,8,target_cat_season_idx,-0.05418
MED00077,8,target_cat_season_idx,-0.00792
MED00078,8,target_cat_season_idx,-0.00799
MED00079,8,target_cat_season_idx,-0.00276
MED00080,8,target_cat_season_idx,-0.00754
MED00081,8,target_cat_season_idx,-0.03243
MED00082,8,target_cat_season_idx,-0.00113
MED00083,8,target_cat_season_idx,0.00056
MED00084,8,target_cat_season_idx,-0.00049
MED00085,8,target_cat_season_idx,-0.00639
MED00086,8,target_cat_season_idx,0.02395
MED00087,8,target_cat_season_idx,-0.00154
MED00088,8,target_cat_season_idx,-0.00381
MED00089,8,target_cat_season_idx,-0.01225
MED00090,8,target_cat_season_idx,-0.00818
MED00091,8,target_cat_season_idx,-0.00162
MED00092,8,target_cat_season_idx,-0.00145
MED00093,8,target_cat_season_idx,-0.05005
MED00094,8,target_cat_season_idx,-0.00654
MED00095,8,target_cat_season_idx,-0.00632
MED00096,8,target_cat_season_idx,-0.00441
MED00097,8,target_cat_season_idx,0.00933
MED00098,8,target_cat_season_idx,-0.00673
MED00099,8,target_cat_season_idx,-0.05291
MED00100,8,target_cat_season_idx,-0.05035
MED00101,8,target_cat_season_idx,-0.00639
MED00102,8,target_cat_season_idx,0.00126
MED00103,8,target_cat_season_idx,-0.00995
MED00104,8,target_cat_season_idx,-0.00495
MED00105,8,target_cat_season_idx,-0.00111
MED00106,8,target_cat_season_idx,-0.05222
MED00107,8,target_cat_season_idx,-0.00571
MED00108,8,target_cat_season_idx,-0.00664
MED00109,8,target_cat_season_idx,-0.02757
MED00110,8,target_cat_season_idx,-0.06477
MED00111,8,target_cat_season_idx,-0.00696
MED00112,8,target_cat_season_idx,-0.00886
MED00113,8,target_cat_season_idx,-1e-04
MED00114,8,target_cat_season_idx,-0.0076
MED00115,8,target_cat_season_idx,-0.00468
MED00116,8,target_cat_season_idx,-0.00363
MED00117,8,target_cat_season_idx,-0.00261
MED00118,8,target_cat_season_idx,-0.00132
MED00119,8,target_cat_season_idx,-0.00319
MED00120,8,target_cat_season_idx,-0.01015
MED00121,8,target_cat_season_idx,-0.00654
MED00122,8,target_cat_season_idx,-0.00286
MED00123,8,target_cat_season_idx,0.00114
MED00124,8,target_cat_season_idx,-0.00553
MED00125,8,target_cat_season_idx,-0.05625
MED00126,8,target_cat_season_idx,-0.01108
MED00127,8,target_cat_season_idx,-0.00134
MED00128,8,target_cat_season_idx,-0.00246
MED00129,8,target_cat_season_idx,-0.00394
MED00130,8,target_cat_season_idx,-0.05747
MED00131,8,target_cat_season_idx,0.0027
MED00132,8,target_cat_season_idx,0.01622
MED00133,8,target_cat_season_idx,0.01281
MED00134,8,target_cat_season_idx,-0.0752
MED00135,8,target_cat_season_idx,-0.00896
MED00136,8,target_cat_season_idx,-0.00305
MED00137,8,target_cat_season_idx,-0.00381
MED00138,8,target_cat_season_idx,-0.00352
MED00139,8,target_cat_season_idx,-0.00931
MED00140,8,target_cat_season_idx,-0.00069
MED00142,8,target_cat_season_idx,0.00907
MED00143,8,target_cat_season_idx,-0.00258
MED00144,8,target_cat_season_idx,-0.00679
MED00145,8,target_cat_season_idx,-0.01154
MED00146,8,target_cat_season_idx,-0.00302
MED00147,8,target_cat_season_idx,0.00379
MED00148,8,target_cat_season_idx,0.00295
MED00149,8,target_cat_season_idx,-0.0079
MED00150,8,target_cat_season_idx,-0.00479
MED00151,8,target_cat_season_idx,-0.00304
MED00152,8,target_cat_season_idx,-0.00665
MED00153,8,target_cat_season_idx,-0.00646
MED00154,8,target_cat_season_idx,-0.00323
MED00155,8,target_cat_season_idx,-0.0016
MED00156,8,target_cat_season_idx,0.00139
MED00157,8,target_cat_season_idx,-0.0043
MED00158,8,target_cat_season_idx,-0.04995
MED00159,8,target_cat_season_idx,-0.00934
MED00160,8,target_cat_season_idx,-0.00707
MED00161,8,target_cat_season_idx,-0.0066
MED00162,8,target_cat_season_idx,-0.00444
MED00163,8,target_cat_season_idx,-0.0275
MED00164,8,target_cat_season_idx,0.00302
MED00165,8,target_cat_season_idx,-0.00928
MED00166,8,target_cat_season_idx,-0.00391
MED00167,8,target_cat_season_idx,-0.00189
MED00168,8,target_cat_season_idx,-0.00485
MED00169,8,target_cat_season_idx,0.00217
MED00170,8,target_cat_season_idx,-0.00238
MED00171,8,target_cat_season_idx,-0.00288
MED00172,8,target_cat_season_idx,-0.00802
MED00173,8,target_cat_season_idx,-0.00782
MED00174,8,target_cat_season_idx,-0.00534
MED00175,8,target_cat_season_idx,-0.00632
MED00176,8,target_cat_season_idx,-0.00917
MED00177,8,target_cat_season_idx,-0.04445
MED00178,8,target_cat_season_idx,0.00875
MED00179,8,target_cat_season_idx,-0.05839
MED00180,8,target_cat_season_idx,-0.00867
MED00181,8,target_cat_season_idx,-0.00947
MED00182,8,target_cat_season_idx,-0.04686
MED00183,8,target_cat_season_idx,-0.00577
MED00184,8,target_cat_season_idx,-0.0055
MED00185,8,target_cat_season_idx,-0.00895
MED00186,8,target_cat_season_idx,-0.00326
MED00187,8,target_cat_season_idx,-0.00152
MED00188,8,target_cat_season_idx,-0.00785
MED00189,8,target_cat_season_idx,-0.06019
MED00190,8,target_cat_season_idx,-0.005
MED00191,8,target_cat_season_idx,-0.0075
MED00192,8,target_cat_season_idx,-0.05736
MED00193,8,target_cat_season_idx,-0.05313
MED00194,8,target_cat_season_idx,-0.00839
MED00195,8,target_cat_season_idx,-0.00592
MED00196,8,target_cat_season_idx,-0.00812
MED00197,8,target_cat_season_idx,-0.00834
MED00198,8,target_cat_season_idx,-0.00063
MED00199,8,target_cat_season_idx,0.00532
MED00200,8,target_cat_season_idx,-0.00374
MED00201,8,target_cat_season_idx,-0.00367
MED00202,8,target_cat_season_idx,-0.00357
MED00203,8,target_cat_season_idx,-0.00236
MED00204,8,target_cat_season_idx,-0.00355
MED00205,8,target_cat_season_idx,-0.00174
MED00206,8,target_cat_season_idx,-0.00731
MED00207,8,target_cat_season_idx,-0.00662
MED00208,8,target_cat_season_idx,-0.00104
MED00209,8,target_cat_season_idx,0.0035
MED00210,8,target_cat_season_idx,-0.00445
MED00211,8,target_cat_season_idx,-0.00684
MED00212,8,target_cat_season_idx,-0.00433
MED00213,8,target_cat_season_idx,-0.00765
MED00214,8,target_cat_season_idx,-0.00423
MED00215,8,target_cat_season_idx,-0.00433
MED00216,8,target_cat_season_idx,-0.04104
MED00217,8,target_cat_season_idx,-0.05485
MED00218,8,target_cat_season_idx,-0.00506
MED00219,8,target_cat_season_idx,-0.00195
MED00220,8,target_cat_season_idx,-0.00419
MED00222,8,target_cat_season_idx,0.00671
MED00223,8,target_cat_season_idx,-0.01606
MED00224,8,target_cat_season_idx,-0.00296
MED00225,8,target_cat_season_idx,-0.0065
MED00226,8,target_cat_season_idx,0.00245
MED00227,8,target_cat_season_idx,-0.00234
MED00228,8,target_cat_season_idx,0.00104
MED00229,8,target_cat_season_idx,-0.01046
MED00230,8,target_cat_season_idx,-0.00296
MED00231,8,target_cat_season_idx,-0.0023
MED00232,8,target_cat_season_idx,-0.00962
MED00233,8,target_cat_season_idx,0.01272
MED00234,8,target_cat_season_idx,-0.00308
MED00235,8,target_cat_season_idx,-0.00306
MED00236,8,target_cat_season_idx,-0.00413
MED00237,8,target_cat_season_idx,-0.00668
MED00238,8,target_cat_season_idx,-0.00584
MED00239,8,target_cat_season_idx,-0.00741
MED00240,8,target_cat_season_idx,-0.00556
MED00241,8,target_cat_season_idx,-0.00349
MED00242,8,target_cat_season_idx,-0.00787
MED00243,8,target_cat_season_idx,-0.05107
MED00244,8,target_cat_season_idx,-0.00669
MED00245,8,target_cat_season_idx,-0.00301
MED00246,8,target_cat_season_idx,-0.00296
MED00247,8,target_cat_season_idx,-0.00185
MED00248,8,target_cat_season_idx,0.0007
MED00249,8,target_cat_season_idx,-0.00545
MED00250,8,target_cat_season_idx,-0.00299
MED00251,8,target_cat_season_idx,-0.00321
MED00252,8,target_cat_season_idx,0.02408
MED00253,8,target_cat_season_idx,-0.00443
MED00254,8,target_cat_season_idx,0.01123
MED00255,8,target_cat_season_idx,0.00302
MED00256,8,target_cat_season_idx,-0.00671
MED00257,8,target_cat_season_idx,-0.00388
MED00258,8,target_cat_season_idx,-0.00142
MED00259,8,target_cat_season_idx,-0.00487
MED00260,8,target_cat_season_idx,-0.04728
MED00261,8,target_cat_season_idx,-0.01237
MED00262,8,target_cat_season_idx,-0.00428
MED00263,8,target_cat_season_idx,-0.00722
MED00264,8,target_cat_season_idx,-0.05644
MED00265,8,target_cat_season_idx,-0.0051
MED00266,8,target_cat_season_idx,-0.00869
MED00267,8,target_cat_season_idx,-0.00281
MED00268,8,target_cat_season_idx,-0.00193
MED00269,8,target_cat_season_idx,-0.00619
MED00270,8,target_cat_season_idx,-0.0065
MED00271,8,target_cat_season_idx,-0.0067
MED00272,8,target_cat_season_idx,-0.00591
MED00273,8,target_cat_season_idx,-0.00571
MED00274,8,target_cat_season_idx,0.01603
MED00275,8,target_cat_season_idx,-0.01061
MED00276,8,target_cat_season_idx,-0.00551
MED00277,8,target_cat_season_idx,-0.06019
MED00278,8,target_cat_season_idx,-0.00555
MED00279,8,target_cat_season_idx,-0.01173
MED00280,8,target_cat_season_idx,-0.05421
MED00281,8,target_cat_season_idx,-0.00582
MED00282,8,target_cat_season_idx,-0.00988
MED00283,8,target_cat_season_idx,-0.00702
MED00284,8,target_cat_season_idx,0.0029
MED00285,8,target_cat_season_idx,-0.00408
MED00286,8,target_cat_season_idx,-0.00704
MED00287,8,target_cat_season_idx,-0.00761
MED00288,8,target_cat_season_idx,0.00086
MED00289,8,target_cat_season_idx,-0.00588
MED00290,8,target_cat_season_idx,-0.00234
MED00291,8,target_cat_season_idx,-0.00344
MED00292,8,target_cat_season_idx,0.00449
MED00293,8,target_cat_season_idx,-0.00396
MED00294,8,target_cat_season_idx,0.00691
MED00295,8,target_cat_season_idx,-0.05302
MED00296,8,target_cat_season_idx,-0.0076
MED00297,8,target_cat_season_idx,-0.00535
MED00298,8,target_cat_season_idx,-0.00568
MED00299,8,target_cat_season_idx,0.01123
MED00300,8,target_cat_season_idx,-0.00606
MED00301,8,target_cat_season_idx,-0.00357
MED00302,8,target_cat_season_idx,-0.00853
MED00303,8,target_cat_season_idx,-0.00353
MED00304,8,target_cat_season_idx,-0.00083
MED00305,8,target_cat_season_idx,-0.00363
MED00306,8,target_cat_season_idx,-0.05744
MED00307,8,target_cat_season_idx,-0.00428
MED00308,8,target_cat_season_idx,-0.00691
MED00309,8,target_cat_season_idx,-0.00267
MED00310,8,target_cat_season_idx,-0.00174
MED00311,8,target_cat_season_idx,-0.00664
MED00312,8,target_cat_season_idx,0.01708
MED00313,8,target_cat_season_idx,-0.06651
MED00314,8,target_cat_season_idx,-0.01033
MED00315,8,target_cat_season_idx,-0.00411
MED00316,8,target_cat_season_idx,-0.00816
MED00317,8,target_cat_season_idx,-0.0075
MED00318,8,target_cat_season_idx,0.00065
MED00319,8,target_cat_season_idx,-0.00109
MED00320,8,target_cat_season_idx,-0.00454
MED00321,8,target_cat_season_idx,-0.01489
MED00322,8,target_cat_season_idx,-0.05745
MED00323,8,target_cat_season_idx,0.00604
MED00324,8,target_cat_season_idx,0.01038
MED00325,8,target_cat_season_idx,-0.00419
MED00326,8,target_cat_season_idx,-0.00444
MED00327,8,target_cat_season_idx,-0.00991
MED00328,8,target_cat_season_idx,-0.00667
MED00329,8,target_cat_season_idx,-0.00166
MED00330,8,target_cat_season_idx,-0.00822
MED00331,8,target_cat_season_idx,-0.00311
MED00332,8,target_cat_season_idx,-0.00733
MED00333,8,target_cat_season_idx,-0.00506
MED00334,8,target_cat_season_idx,-0.00383
MED00335,8,target_cat_season_idx,-0.00525
MED00336,8,target_cat_season_idx,-0.00286
MED00337,8,target_cat_season_idx,-0.00437
MED00338,8,target_cat_season_idx,-0.0117
MED00339,8,target_cat_season_idx,0.00369
MED00340,8,target_cat_season_idx,-0.01047
MED00341,8,target_cat_season_idx,-0.00498
MED00342,8,target_cat_season_idx,-0.00705
MED00343,8,target_cat_season_idx,-0.00322
MED00344,8,target_cat_season_idx,0.00351
MED00345,8,target_cat_season_idx,-0.05817
MED00346,8,target_cat_season_idx,-0.00731
MED00347,8,target_cat_season_idx,-0.05471
MED00348,8,target_cat_season_idx,0.00458
MED00349,8,target_cat_season_idx,-0.00658
MED00350,8,target_cat_season_idx,-0.01126
MED00351,8,target_cat_season_idx,-0.03099
MED00352,8,target_cat_season_idx,-0.03591
MED00353,8,target_cat_season_idx,-0.01157
MED00354,8,target_cat_season_idx,-0.00886
MED00355,8,target_cat_season_idx,-0.00604
MED00356,8,target_cat_season_idx,-0.00301
MED00357,8,target_cat_season_idx,-0.05489
MED00358,8,target_cat_season_idx,0.00073
MED00359,8,target_cat_season_idx,-0.00247
MED00360,8,target_cat_season_idx,-0.00021
MED00361,8,target_cat_season_idx,-0.00669
MED00362,8,target_cat_season_idx,-0.00497
MED00363,8,target_cat_season_idx,-0.00391
MED00364,8,target_cat_season_idx,-0.05503
MED00365,8,target_cat_season_idx,-0.00257
MED00366,8,target_cat_season_idx,-0.00297
MED00367,8,target_cat_season_idx,-0.00223
MED00368,8,target_cat_season_idx,-0.00601
MED00369,8,target_cat_season_idx,-0.00546
MED00370,8,target_cat_season_idx,0.02275
MED00371,8,target_cat_season_idx,-0.00704
MED00372,8,target_cat_season_idx,-0.05861
MED00373,8,target_cat_season_idx,-0.01082
MED00374,8,target_cat_season_idx,0.00137
MED00375,8,target_cat_season_idx,-0.00869
MED00376,8,target_cat_season_idx,-0.00697
MED00377,8,target_cat_season_idx,-0.00746
MED00378,8,target_cat_season_idx,-0.00219
MED00379,8,target_cat_season_idx,-0.01537
MED00380,8,target_cat_season_idx,-0.03169
MED00381,8,target_cat_season_idx,-0.00705
MED00382,8,target_cat_season_idx,-0.00107
MED00383,8,target_cat_season_idx,-0.00508
MED00384,8,target_cat_season_idx,-0.00182
MED00385,8,target_cat_season_idx,-0.00914
MED00386,8,target_cat_season_idx,-0.00395
MED00387,8,target_cat_season_idx,-0.0124
MED00388,8,target_cat_season_idx,-0.00576
MED00389,8,target_cat_season_idx,-0.00418
MED00390,8,target_cat_season_idx,-0.00858
MED00391,8,target_cat_season_idx,-0.01331
MED00392,8,target_cat_season_idx,-0.00974
MED00393,8,target_cat_season_idx,-0.00657
MED00394,8,target_cat_season_idx,-0.00665
MED00395,8,target_cat_season_idx,-0.01126
MED00396,8,target_cat_season_idx,-0.00421
MED00397,8,target_cat_season_idx,-0.0045
MED00398,8,target_cat_season_idx,-0.00356
MED00399,8,target_cat_season_idx,-0.00336
MED00400,8,target_cat_season_idx,-0.00373
MED00401,8,target_cat_season_idx,-0.00391
MED00402,8,target_cat_season_idx,-0.00658
MED00403,8,target_cat_season_idx,-0.00679
MED00404,8,target_cat_season_idx,-0.00411
MED00405,8,target_cat_season_idx,-0.00685
MED00406,8,target_cat_season_idx,-0.01016
MED00407,8,target_cat_season_idx,-0.00683
MED00408,8,target_cat_season_idx,-0.00506
MED00409,8,target_cat_season_idx,0.00218
MED00410,8,target_cat_season_idx,-0.00166
MED00411,8,target_cat_season_idx,-0.00403
MED00412,8,target_cat_season_idx,-0.00158
MED00413,8,target_cat_season_idx,-0.00088
MED00414,8,target_cat_season_idx,-0.00414
MED00415,8,target_cat_season_idx,-0.00248
MED00416,8,target_cat_season_idx,-0.00428
MED00417,8,target_cat_season_idx,-0.00034
MED00418,8,target_cat_season_idx,-0.00799
MED00419,8,target_cat_season_idx,-0.00824
MED00420,8,target_cat_season_idx,-0.00774
MED00421,8,target_cat_season_idx,-0.00961
MED00422,8,target_cat_season_idx,-0.00897
MED00423,8,target_cat_season_idx,-0.00499
MED00424,8,target_cat_season_idx,-0.00176
MED00001,9,target_cat_season_idx,-0.00758
MED00002,9,target_cat_season_idx,-0.04495
MED00003,9,target_cat_season_idx,-0.03504
MED00004,9,target_cat_season_idx,-0.01372
MED00005,9,target_cat_season_idx,-0.01372
MED00006,9,target_cat_season_idx,-0.00266
MED00007,9,target_cat_season_idx,-0.00927
MED00008,9,target_cat_season_idx,-0.00581
MED00009,9,target_cat_season_idx,-0.00714
MED00010,9,target_cat_season_idx,-0.00805
MED00011,9,target_cat_season_idx,-0.00509
MED00012,9,target_cat_season_idx,-0.00062
MED00013,9,target_cat_season_idx,-0.00553
MED00014,9,target_cat_season_idx,-0.00043
MED00015,9,target_cat_season_idx,-0.02184
MED00016,9,target_cat_season_idx,-0.00376
MED00017,9,target_cat_season_idx,-0.0056
MED00018,9,target_cat_season_idx,-0.00304
MED00019,9,target_cat_season_idx,-0.00125
MED00020,9,target_cat_season_idx,-0.01028
MED00021,9,target_cat_season_idx,-0.00109
MED00022,9,target_cat_season_idx,-0.00223
MED00023,9,target_cat_season_idx,-0.00334
MED00024,9,target_cat_season_idx,-0.0029
MED00025,9,target_cat_season_idx,-0.04045
MED00026,9,target_cat_season_idx,-0.04455
MED00027,9,target_cat_season_idx,-0.05922
MED00028,9,target_cat_season_idx,-0.00679
MED00029,9,target_cat_season_idx,-0.00207
MED00030,9,target_cat_season_idx,-0.00773
MED00031,9,target_cat_season_idx,-0.00317
MED00032,9,target_cat_season_idx,-0.00021
MED00033,9,target_cat_season_idx,-0.00832
MED00034,9,target_cat_season_idx,-0.00985
MED00035,9,target_cat_season_idx,-0.04932
MED00036,9,target_cat_season_idx,-0.01056
MED00037,9,target_cat_season_idx,0.0027
MED00038,9,target_cat_season_idx,-0.00521
MED00039,9,target_cat_season_idx,0.00331
MED00041,9,target_cat_season_idx,0.02289
MED00042,9,target_cat_season_idx,-0.00605
MED00043,9,target_cat_season_idx,-0.03147
MED00044,9,target_cat_season_idx,0.00198
MED00045,9,target_cat_season_idx,-0.0022
MED00046,9,target_cat_season_idx,0.00377
MED00047,9,target_cat_season_idx,-0.00454
MED00048,9,target_cat_season_idx,-0.00198
MED00049,9,target_cat_season_idx,-0.05362
MED00050,9,target_cat_season_idx,-0.01056
MED00051,9,target_cat_season_idx,-0.04597
MED00052,9,target_cat_season_idx,-0.01705
MED00053,9,target_cat_season_idx,-0.00177
MED00054,9,target_cat_season_idx,-0.00431
MED00055,9,target_cat_season_idx,-0.01043
MED00056,9,target_cat_season_idx,-0.00198
MED00057,9,target_cat_season_idx,0.00741
MED00058,9,target_cat_season_idx,-0.00366
MED00059,9,target_cat_season_idx,-0.00608
MED00060,9,target_cat_season_idx,0.00556
MED00061,9,target_cat_season_idx,-0.01296
MED00062,9,target_cat_season_idx,0.00042
MED00063,9,target_cat_season_idx,-0.04558
MED00064,9,target_cat_season_idx,-0.00148
MED00065,9,target_cat_season_idx,0.00041
MED00066,9,target_cat_season_idx,-0.02504
MED00067,9,target_cat_season_idx,-0.00448
MED00068,9,target_cat_season_idx,-0.00329
MED00069,9,target_cat_season_idx,0.00279
MED00070,9,target_cat_season_idx,-0.00167
MED00071,9,target_cat_season_idx,0.00147
MED00072,9,target_cat_season_idx,-0.00106
MED00073,9,target_cat_season_idx,-0.00609
MED00074,9,target_cat_season_idx,-0.00319
MED00075,9,target_cat_season_idx,-0.00616
MED00076,9,target_cat_season_idx,-0.05028
MED00077,9,target_cat_season_idx,-0.00774
MED00078,9,target_cat_season_idx,-0.00782
MED00079,9,target_cat_season_idx,-0.00243
MED00080,9,target_cat_season_idx,-0.00733
MED00081,9,target_cat_season_idx,-0.03329
MED00082,9,target_cat_season_idx,-0.00105
MED00083,9,target_cat_season_idx,0.0005
MED00084,9,target_cat_season_idx,-0.00036
MED00085,9,target_cat_season_idx,-0.0063
MED00086,9,target_cat_season_idx,0.02449
MED00087,9,target_cat_season_idx,-0.00138
MED00088,9,target_cat_season_idx,-0.00342
MED00089,9,target_cat_season_idx,-0.00963
MED00090,9,target_cat_season_idx,-0.00777
MED00091,9,target_cat_season_idx,-0.00153
MED00092,9,target_cat_season_idx,-0.00099
MED00093,9,target_cat_season_idx,-0.05759
MED00094,9,target_cat_season_idx,-0.00675
MED00095,9,target_cat_season_idx,-0.00589
MED00096,9,target_cat_season_idx,-0.00395
MED00097,9,target_cat_season_idx,0.01
MED00098,9,target_cat_season_idx,-0.00661
MED00099,9,target_cat_season_idx,-0.05264
MED00100,9,target_cat_season_idx,-0.04529
MED00101,9,target_cat_season_idx,-0.00413
MED00102,9,target_cat_season_idx,0.00156
MED00103,9,target_cat_season_idx,-0.00962
MED00104,9,target_cat_season_idx,-0.00459
MED00105,9,target_cat_season_idx,-0.00079
MED00106,9,target_cat_season_idx,-0.04713
MED00107,9,target_cat_season_idx,-0.00561
MED00108,9,target_cat_season_idx,-0.00621
MED00109,9,target_cat_season_idx,-0.0282
MED00110,9,target_cat_season_idx,-0.06553
MED00111,9,target_cat_season_idx,-0.00721
MED00112,9,target_cat_season_idx,-0.00859
MED00113,9,target_cat_season_idx,0.00044
MED00114,9,target_cat_season_idx,-0.00722
MED00115,9,target_cat_season_idx,-0.0044
MED00116,9,target_cat_season_idx,-0.00336
MED00117,9,target_cat_season_idx,-0.00215
MED00118,9,target_cat_season_idx,-0.00101
MED00119,9,target_cat_season_idx,-0.00219
MED00120,9,target_cat_season_idx,-0.00972
MED00121,9,target_cat_season_idx,-0.0061
MED00122,9,target_cat_season_idx,-0.00255
MED00123,9,target_cat_season_idx,0.00594
MED00124,9,target_cat_season_idx,-0.00541
MED00125,9,target_cat_season_idx,-0.05177
MED00126,9,target_cat_season_idx,-0.01259
MED00127,9,target_cat_season_idx,-0.00059
MED00128,9,target_cat_season_idx,-0.00196
MED00129,9,target_cat_season_idx,-0.00303
MED00130,9,target_cat_season_idx,-0.05353
MED00131,9,target_cat_season_idx,0.00321
MED00132,9,target_cat_season_idx,0.02105
MED00133,9,target_cat_season_idx,0.01844
MED00134,9,target_cat_season_idx,-0.0766
MED00135,9,target_cat_season_idx,-0.00857
MED00136,9,target_cat_season_idx,-0.00477
MED00137,9,target_cat_season_idx,-0.00389
MED00138,9,target_cat_season_idx,-0.00323
MED00139,9,target_cat_season_idx,-0.009
MED00141,9,target_cat_season_idx,0.00029
MED00142,9,target_cat_season_idx,0.01003
MED00143,9,target_cat_season_idx,-0.00235
MED00144,9,target_cat_season_idx,-0.00657
MED00145,9,target_cat_season_idx,-0.01207
MED00146,9,target_cat_season_idx,-0.00257
MED00147,9,target_cat_season_idx,0.00425
MED00148,9,target_cat_season_idx,0.0031
MED00149,9,target_cat_season_idx,-0.00761
MED00150,9,target_cat_season_idx,-0.00459
MED00151,9,target_cat_season_idx,-0.00277
MED00152,9,target_cat_season_idx,-0.00642
MED00153,9,target_cat_season_idx,-0.00615
MED00154,9,target_cat_season_idx,-0.00282
MED00155,9,target_cat_season_idx,-0.00097
MED00156,9,target_cat_season_idx,0.00183
MED00157,9,target_cat_season_idx,-0.00396
MED00158,9,target_cat_season_idx,-0.05751
MED00159,9,target_cat_season_idx,-0.00935
MED00160,9,target_cat_season_idx,-0.00664
MED00161,9,target_cat_season_idx,-0.00638
MED00162,9,target_cat_season_idx,-0.00389
MED00163,9,target_cat_season_idx,-0.02858
MED00164,9,target_cat_season_idx,0.00372
MED00165,9,target_cat_season_idx,-0.0089
MED00166,9,target_cat_season_idx,-0.00336
MED00167,9,target_cat_season_idx,-0.00196
MED00168,9,target_cat_season_idx,-0.00467
MED00169,9,target_cat_season_idx,0.00256
MED00170,9,target_cat_season_idx,-0.00216
MED00171,9,target_cat_season_idx,-0.00244
MED00172,9,target_cat_season_idx,-0.00778
MED00173,9,target_cat_season_idx,-0.00763
MED00174,9,target_cat_season_idx,-0.00517
MED00175,9,target_cat_season_idx,-0.00788
MED00176,9,target_cat_season_idx,-0.00877
MED00177,9,target_cat_season_idx,-0.04438
MED00178,9,target_cat_season_idx,0.0107
MED00179,9,target_cat_season_idx,-0.0603
MED00180,9,target_cat_season_idx,-0.00796
MED00181,9,target_cat_season_idx,-0.00923
MED00182,9,target_cat_season_idx,-0.047
MED00183,9,target_cat_season_idx,-0.00537
MED00184,9,target_cat_season_idx,-0.00518
MED00185,9,target_cat_season_idx,-0.00876
MED00186,9,target_cat_season_idx,-0.00299
MED00187,9,target_cat_season_idx,-0.00124
MED00188,9,target_cat_season_idx,-0.00756
MED00189,9,target_cat_season_idx,-0.05626
MED00190,9,target_cat_season_idx,-0.00472
MED00191,9,target_cat_season_idx,-0.00707
MED00192,9,target_cat_season_idx,-0.0534
MED00193,9,target_cat_season_idx,-0.04883
MED00194,9,target_cat_season_idx,-0.00805
MED00195,9,target_cat_season_idx,-0.00534
MED00196,9,target_cat_season_idx,-0.00749
MED00197,9,target_cat_season_idx,-0.00817
MED00198,9,target_cat_season_idx,-0.00016
MED00199,9,target_cat_season_idx,0.00516
MED00200,9,target_cat_season_idx,-0.00338
MED00201,9,target_cat_season_idx,-0.00334
MED00202,9,target_cat_season_idx,-0.00286
MED00203,9,target_cat_season_idx,-0.00221
MED00204,9,target_cat_season_idx,-0.00255
MED00205,9,target_cat_season_idx,-0.00141
MED00206,9,target_cat_season_idx,-0.00701
MED00207,9,target_cat_season_idx,-0.0063
MED00208,9,target_cat_season_idx,-0.00062
MED00209,9,target_cat_season_idx,0.00611
MED00210,9,target_cat_season_idx,-0.00602
MED00211,9,target_cat_season_idx,-0.00653
MED00212,9,target_cat_season_idx,-0.00335
MED00213,9,target_cat_season_idx,-0.00942
MED00214,9,target_cat_season_idx,-0.0041
MED00215,9,target_cat_season_idx,-0.00383
MED00216,9,target_cat_season_idx,-0.03595
MED00217,9,target_cat_season_idx,-0.05035
MED00218,9,target_cat_season_idx,-0.0047
MED00219,9,target_cat_season_idx,-0.00162
MED00220,9,target_cat_season_idx,-0.00383
MED00221,9,target_cat_season_idx,0.00054
MED00222,9,target_cat_season_idx,0.00778
MED00223,9,target_cat_season_idx,-0.01918
MED00224,9,target_cat_season_idx,-0.00232
MED00225,9,target_cat_season_idx,-0.00636
MED00226,9,target_cat_season_idx,0.00258
MED00227,9,target_cat_season_idx,-0.00186
MED00228,9,target_cat_season_idx,0.00116
MED00229,9,target_cat_season_idx,-0.01224
MED00230,9,target_cat_season_idx,-0.00253
MED00231,9,target_cat_season_idx,-0.00182
MED00232,9,target_cat_season_idx,-0.0093
MED00233,9,target_cat_season_idx,0.01754
MED00234,9,target_cat_season_idx,-0.00264
MED00235,9,target_cat_season_idx,-0.00316
MED00236,9,target_cat_season_idx,-0.00378
MED00237,9,target_cat_season_idx,-0.00658
MED00238,9,target_cat_season_idx,-0.00534
MED00239,9,target_cat_season_idx,-0.00718
MED00240,9,target_cat_season_idx,-0.00596
MED00241,9,target_cat_season_idx,-0.00299
MED00242,9,target_cat_season_idx,-0.00763
MED00243,9,target_cat_season_idx,-0.0472
MED00244,9,target_cat_season_idx,-0.00638
MED00245,9,target_cat_season_idx,-0.00332
MED00246,9,target_cat_season_idx,-0.00242
MED00247,9,target_cat_season_idx,-0.0016
MED00248,9,target_cat_season_idx,0.00131
MED00249,9,target_cat_season_idx,-0.00542
MED00250,9,target_cat_season_idx,-0.00241
MED00251,9,target_cat_season_idx,-0.00227
MED00252,9,target_cat_season_idx,0.02501
MED00253,9,target_cat_season_idx,-0.00401
MED00254,9,target_cat_season_idx,0.01168
MED00255,9,target_cat_season_idx,0.00359
MED00256,9,target_cat_season_idx,-0.00638
MED00257,9,target_cat_season_idx,-0.00359
MED00258,9,target_cat_season_idx,-0.00099
MED00259,9,target_cat_season_idx,-0.00452
MED00260,9,target_cat_season_idx,-0.04767
MED00261,9,target_cat_season_idx,-0.0138
MED00262,9,target_cat_season_idx,-0.0042
MED00263,9,target_cat_season_idx,-0.00714
MED00264,9,target_cat_season_idx,-0.05725
MED00265,9,target_cat_season_idx,-0.00483
MED00266,9,target_cat_season_idx,-0.00823
MED00267,9,target_cat_season_idx,-0.00229
MED00268,9,target_cat_season_idx,-0.00174
MED00269,9,target_cat_season_idx,-0.00587
MED00270,9,target_cat_season_idx,-0.00495
MED00271,9,target_cat_season_idx,-0.00673
MED00272,9,target_cat_season_idx,-0.00553
MED00273,9,target_cat_season_idx,-0.00531
MED00274,9,target_cat_season_idx,0.02085
MED00275,9,target_cat_season_idx,-0.01042
MED00276,9,target_cat_season_idx,-0.0051
MED00277,9,target_cat_season_idx,-0.05624
MED00278,9,target_cat_season_idx,-0.00508
MED00279,9,target_cat_season_idx,-0.0115
MED00280,9,target_cat_season_idx,-0.05029
MED00281,9,target_cat_season_idx,-0.00528
MED00282,9,target_cat_season_idx,-0.00979
MED00283,9,target_cat_season_idx,-0.00684
MED00284,9,target_cat_season_idx,0.00408
MED00285,9,target_cat_season_idx,-0.00355
MED00286,9,target_cat_season_idx,-0.00717
MED00287,9,target_cat_season_idx,-0.00747
MED00288,9,target_cat_season_idx,0.00114
MED00289,9,target_cat_season_idx,-0.00567
MED00290,9,target_cat_season_idx,-0.00162
MED00291,9,target_cat_season_idx,-0.00154
MED00292,9,target_cat_season_idx,0.0048
MED00293,9,target_cat_season_idx,-0.00368
MED00294,9,target_cat_season_idx,0.00696
MED00295,9,target_cat_season_idx,-0.05324
MED00296,9,target_cat_season_idx,-0.00722
MED00297,9,target_cat_season_idx,-0.00501
MED00298,9,target_cat_season_idx,-0.00559
MED00299,9,target_cat_season_idx,0.011
MED00300,9,target_cat_season_idx,-0.00557
MED00301,9,target_cat_season_idx,-0.00337
MED00302,9,target_cat_season_idx,-0.00798
MED00303,9,target_cat_season_idx,-0.00339
MED00304,9,target_cat_season_idx,-0.00061
MED00305,9,target_cat_season_idx,-0.00315
MED00306,9,target_cat_season_idx,-0.05853
MED00307,9,target_cat_season_idx,-0.00385
MED00308,9,target_cat_season_idx,-0.00782
MED00309,9,target_cat_season_idx,-0.00276
MED00310,9,target_cat_season_idx,-0.00135
MED00311,9,target_cat_season_idx,-0.00663
MED00312,9,target_cat_season_idx,0.02256
MED00313,9,target_cat_season_idx,-0.06555
MED00314,9,target_cat_season_idx,-0.01022
MED00315,9,target_cat_season_idx,-0.00377
MED00316,9,target_cat_season_idx,-0.00793
MED00317,9,target_cat_season_idx,-0.00732
MED00318,9,target_cat_season_idx,0.00058
MED00319,9,target_cat_season_idx,-0.0009
MED00320,9,target_cat_season_idx,-0.00455
MED00321,9,target_cat_season_idx,-0.01619
MED00322,9,target_cat_season_idx,-0.05352
MED00323,9,target_cat_season_idx,0.01091
MED00324,9,target_cat_season_idx,0.01099
MED00325,9,target_cat_season_idx,-0.00379
MED00326,9,target_cat_season_idx,-0.00402
MED00327,9,target_cat_season_idx,-0.00965
MED00328,9,target_cat_season_idx,-0.00634
MED00329,9,target_cat_season_idx,-0.00144
MED00330,9,target_cat_season_idx,-0.00796
MED00331,9,target_cat_season_idx,-0.00291
MED00332,9,target_cat_season_idx,-0.00703
MED00333,9,target_cat_season_idx,-0.00489
MED00334,9,target_cat_season_idx,-0.0035
MED00335,9,target_cat_season_idx,-0.0053
MED00336,9,target_cat_season_idx,-0.00075
MED00337,9,target_cat_season_idx,-0.00441
MED00338,9,target_cat_season_idx,-0.01162
MED00339,9,target_cat_season_idx,0.00424
MED00340,9,target_cat_season_idx,-0.01032
MED00341,9,target_cat_season_idx,-0.00462
MED00342,9,target_cat_season_idx,-0.00647
MED00343,9,target_cat_season_idx,-0.00312
MED00344,9,target_cat_season_idx,0.0038
MED00345,9,target_cat_season_idx,-0.05375
MED00346,9,target_cat_season_idx,-0.00687
MED00347,9,target_cat_season_idx,-0.05015
MED00348,9,target_cat_season_idx,0.00482
MED00349,9,target_cat_season_idx,-0.00612
MED00350,9,target_cat_season_idx,-0.0129
MED00351,9,target_cat_season_idx,-0.03254
MED00352,9,target_cat_season_idx,-0.03789
MED00353,9,target_cat_season_idx,-0.01313
MED00354,9,target_cat_season_idx,-0.01024
MED00355,9,target_cat_season_idx,-0.0058
MED00356,9,target_cat_season_idx,-0.00267
MED00357,9,target_cat_season_idx,-0.05041
MED00358,9,target_cat_season_idx,0.00112
MED00359,9,target_cat_season_idx,-0.00205
MED00361,9,target_cat_season_idx,-0.0065
MED00362,9,target_cat_season_idx,-0.00477
MED00363,9,target_cat_season_idx,-0.00383
MED00364,9,target_cat_season_idx,-0.05047
MED00365,9,target_cat_season_idx,-0.00217
MED00366,9,target_cat_season_idx,-0.00288
MED00367,9,target_cat_season_idx,-0.00175
MED00368,9,target_cat_season_idx,-0.0057
MED00369,9,target_cat_season_idx,-0.00542
MED00370,9,target_cat_season_idx,0.02455
MED00371,9,target_cat_season_idx,-0.00684
MED00372,9,target_cat_season_idx,-0.05416
MED00373,9,target_cat_season_idx,-0.01141
MED00374,9,target_cat_season_idx,0.00184
MED00375,9,target_cat_season_idx,-0.00848
MED00376,9,target_cat_season_idx,-0.00678
MED00377,9,target_cat_season_idx,-0.0077
MED00378,9,target_cat_season_idx,-0.00176
MED00379,9,target_cat_season_idx,-0.01613
MED00380,9,target_cat_season_idx,-0.03303
MED00381,9,target_cat_season_idx,-0.00821
MED00382,9,target_cat_season_idx,-0.00058
MED00383,9,target_cat_season_idx,-0.00461
MED00384,9,target_cat_season_idx,-0.00137
MED00385,9,target_cat_season_idx,-0.00896
MED00386,9,target_cat_season_idx,-0.0037
MED00387,9,target_cat_season_idx,-0.01201
MED00388,9,target_cat_season_idx,-0.00351
MED00389,9,target_cat_season_idx,-0.00377
MED00390,9,target_cat_season_idx,-0.0084
MED00391,9,target_cat_season_idx,-0.01294
MED00392,9,target_cat_season_idx,-0.00926
MED00393,9,target_cat_season_idx,-0.00595
MED00394,9,target_cat_season_idx,-0.00659
MED00395,9,target_cat_season_idx,-0.01121
MED00396,9,target_cat_season_idx,-0.00393
MED00397,9,target_cat_season_idx,-0.00417
MED00398,9,target_cat_season_idx,-0.00332
MED00399,9,target_cat_season_idx,-0.0031
MED00400,9,target_cat_season_idx,-0.00363
MED00401,9,target_cat_season_idx,-0.00334
MED00402,9,target_cat_season_idx,-0.00597
MED00403,9,target_cat_season_idx,-0.0063
MED00404,9,target_cat_season_idx,-0.00363
MED00405,9,target_cat_season_idx,-0.0063
MED00406,9,target_cat_season_idx,-0.00978
MED00407,9,target_cat_season_idx,-0.00645
MED00408,9,target_cat_season_idx,-0.00474
MED00409,9,target_cat_season_idx,0.0028
MED00410,9,target_cat_season_idx,-0.00104
MED00411,9,target_cat_season_idx,-0.00341
MED00412,9,target_cat_season_idx,-0.00127
MED00413,9,target_cat_season_idx,-0.00034
MED00414,9,target_cat_season_idx,-0.00413
MED00415,9,target_cat_season_idx,-0.00211
MED00416,9,target_cat_season_idx,-0.00394
MED00418,9,target_cat_season_idx,-0.00779
MED00419,9,target_cat_season_idx,-0.0079
MED00420,9,target_cat_season_idx,-0.00724
MED00421,9,target_cat_season_idx,-0.00924
MED00422,9,target_cat_season_idx,-0.00865
MED00423,9,target_cat_season_idx,-0.00473
MED00424,9,target_cat_season_idx,-0.0013
MED00001,10,target_cat_season_idx,-0.00765
MED00002,10,target_cat_season_idx,-0.05064
MED00003,10,target_cat_season_idx,-0.04099
MED00004,10,target_cat_season_idx,-0.01436
MED00005,10,target_cat_season_idx,-0.01383
MED00006,10,target_cat_season_idx,-0.0024
MED00007,10,target_cat_season_idx,-0.00931
MED00008,10,target_cat_season_idx,-0.00452
MED00009,10,target_cat_season_idx,-0.00716
MED00010,10,target_cat_season_idx,-0.00736
MED00011,10,target_cat_season_idx,-0.00513
MED00012,10,target_cat_season_idx,-0.00085
MED00013,10,target_cat_season_idx,-0.00573
MED00014,10,target_cat_season_idx,-0.00053
MED00015,10,target_cat_season_idx,-0.02821
MED00016,10,target_cat_season_idx,-0.00381
MED00017,10,target_cat_season_idx,-0.00534
MED00018,10,target_cat_season_idx,-0.00314
MED00019,10,target_cat_season_idx,-0.00135
MED00020,10,target_cat_season_idx,-0.01026
MED00021,10,target_cat_season_idx,-0.00122
MED00022,10,target_cat_season_idx,-0.0022
MED00023,10,target_cat_season_idx,-0.00027
MED00024,10,target_cat_season_idx,-0.00295
MED00025,10,target_cat_season_idx,-0.04579
MED00026,10,target_cat_season_idx,-0.04912
MED00027,10,target_cat_season_idx,-0.06455
MED00028,10,target_cat_season_idx,-0.00563
MED00029,10,target_cat_season_idx,-0.00216
MED00030,10,target_cat_season_idx,-0.00808
MED00031,10,target_cat_season_idx,-0.00317
MED00033,10,target_cat_season_idx,-0.00862
MED00034,10,target_cat_season_idx,-0.00986
MED00035,10,target_cat_season_idx,-0.06003
MED00036,10,target_cat_season_idx,-0.01004
MED00037,10,target_cat_season_idx,0.0024
MED00038,10,target_cat_season_idx,-0.00527
MED00039,10,target_cat_season_idx,0.00611
MED00040,10,target_cat_season_idx,0.00072
MED00041,10,target_cat_season_idx,0.02623
MED00042,10,target_cat_season_idx,-0.00611
MED00043,10,target_cat_season_idx,-0.03741
MED00044,10,target_cat_season_idx,0.00215
MED00045,10,target_cat_season_idx,-0.00191
MED00046,10,target_cat_season_idx,0.00361
MED00047,10,target_cat_season_idx,-0.00461
MED00048,10,target_cat_season_idx,-0.00206
MED00049,10,target_cat_season_idx,-0.05945
MED00050,10,target_cat_season_idx,-0.01059
MED00051,10,target_cat_season_idx,-0.0526
MED00052,10,target_cat_season_idx,-0.01621
MED00053,10,target_cat_season_idx,-0.00177
MED00054,10,target_cat_season_idx,-0.00432
MED00055,10,target_cat_season_idx,-0.01163
MED00056,10,target_cat_season_idx,0.00328
MED00057,10,target_cat_season_idx,0.01392
MED00058,10,target_cat_season_idx,-0.0034
MED00059,10,target_cat_season_idx,-0.00612
MED00060,10,target_cat_season_idx,0.00586
MED00061,10,target_cat_season_idx,-0.01144
MED00062,10,target_cat_season_idx,0.00068
MED00063,10,target_cat_season_idx,-0.05232
MED00064,10,target_cat_season_idx,-0.0015
MED00065,10,target_cat_season_idx,0.00024
MED00066,10,target_cat_season_idx,-0.03141
MED00067,10,target_cat_season_idx,-0.00452
MED00068,10,target_cat_season_idx,-0.00328
MED00069,10,target_cat_season_idx,0.0028
MED00070,10,target_cat_season_idx,-0.0017
MED00071,10,target_cat_season_idx,0.00186
MED00072,10,target_cat_season_idx,-0.00158
MED00073,10,target_cat_season_idx,-0.00609
MED00074,10,target_cat_season_idx,-0.00282
MED00075,10,target_cat_season_idx,-0.0061
MED00076,10,target_cat_season_idx,-0.05596
MED00077,10,target_cat_season_idx,-0.00777
MED00078,10,target_cat_season_idx,-0.00785
MED00079,10,target_cat_season_idx,-0.00252
MED00080,10,target_cat_season_idx,-0.00741
MED00081,10,target_cat_season_idx,-0.03922
MED00082,10,target_cat_season_idx,-0.00111
MED00084,10,target_cat_season_idx,-0.00024
MED00085,10,target_cat_season_idx,-0.00636
MED00086,10,target_cat_season_idx,0.02517
MED00087,10,target_cat_season_idx,-0.0016
MED00088,10,target_cat_season_idx,-0.0035
MED00089,10,target_cat_season_idx,-0.00978
MED00090,10,target_cat_season_idx,-0.00766
MED00091,10,target_cat_season_idx,-0.0015
MED00092,10,target_cat_season_idx,-0.00091
MED00093,10,target_cat_season_idx,-0.06189
MED00094,10,target_cat_season_idx,-0.00657
MED00095,10,target_cat_season_idx,-0.00609
MED00096,10,target_cat_season_idx,-0.00412
MED00097,10,target_cat_season_idx,0.00979
MED00098,10,target_cat_season_idx,-0.00665
MED00099,10,target_cat_season_idx,-0.05798
MED00100,10,target_cat_season_idx,-0.05192
MED00101,10,target_cat_season_idx,-0.0042
MED00102,10,target_cat_season_idx,0.00132
MED00103,10,target_cat_season_idx,-0.00967
MED00104,10,target_cat_season_idx,-0.00467
MED00105,10,target_cat_season_idx,-0.00101
MED00106,10,target_cat_season_idx,-0.0539
MED00107,10,target_cat_season_idx,-0.00568
MED00108,10,target_cat_season_idx,-0.00632
MED00109,10,target_cat_season_idx,-0.03062
MED00110,10,target_cat_season_idx,-0.07362
MED00111,10,target_cat_season_idx,-0.00722
MED00112,10,target_cat_season_idx,-0.00863
MED00113,10,target_cat_season_idx,0.00022
MED00114,10,target_cat_season_idx,-0.00721
MED00115,10,target_cat_season_idx,-0.00461
MED00116,10,target_cat_season_idx,-0.00346
MED00117,10,target_cat_season_idx,-0.00231
MED00118,10,target_cat_season_idx,-0.00078
MED00119,10,target_cat_season_idx,-0.00235
MED00120,10,target_cat_season_idx,-0.0099
MED00121,10,target_cat_season_idx,-0.0062
MED00122,10,target_cat_season_idx,-0.00269
MED00123,10,target_cat_season_idx,0.00835
MED00124,10,target_cat_season_idx,-0.00545
MED00125,10,target_cat_season_idx,-0.05747
MED00126,10,target_cat_season_idx,-0.0141
MED00127,10,target_cat_season_idx,-0.00069
MED00128,10,target_cat_season_idx,-0.00218
MED00129,10,target_cat_season_idx,-0.00274
MED00130,10,target_cat_season_idx,-0.05961
MED00131,10,target_cat_season_idx,0.00306
MED00132,10,target_cat_season_idx,0.02439
MED00133,10,target_cat_season_idx,0.02206
MED00134,10,target_cat_season_idx,-0.08392
MED00135,10,target_cat_season_idx,-0.00857
MED00136,10,target_cat_season_idx,-0.00347
MED00137,10,target_cat_season_idx,-0.00352
MED00138,10,target_cat_season_idx,-0.00341
MED00139,10,target_cat_season_idx,-0.00897
MED00140,10,target_cat_season_idx,0.00012
MED00141,10,target_cat_season_idx,0.00028
MED00142,10,target_cat_season_idx,0.01089
MED00143,10,target_cat_season_idx,-0.00212
MED00144,10,target_cat_season_idx,-0.00666
MED00145,10,target_cat_season_idx,-0.01059
MED00146,10,target_cat_season_idx,-0.0026
MED00147,10,target_cat_season_idx,0.00458
MED00148,10,target_cat_season_idx,0.00341
MED00149,10,target_cat_season_idx,-0.00765
MED00150,10,target_cat_season_idx,-0.00394
MED00151,10,target_cat_season_idx,-0.00291
MED00152,10,target_cat_season_idx,-0.00641
MED00153,10,target_cat_season_idx,-0.00619
MED00154,10,target_cat_season_idx,-0.00297
MED00155,10,target_cat_season_idx,-0.00119
MED00156,10,target_cat_season_idx,0.00195
MED00157,10,target_cat_season_idx,-0.00413
MED00158,10,target_cat_season_idx,-0.06207
MED00159,10,target_cat_season_idx,-0.00936
MED00160,10,target_cat_season_idx,-0.00674
MED00161,10,target_cat_season_idx,-0.00645
MED00162,10,target_cat_season_idx,-0.00405
MED00163,10,target_cat_season_idx,-0.03454
MED00164,10,target_cat_season_idx,0.00358
MED00165,10,target_cat_season_idx,-0.00893
MED00166,10,target_cat_season_idx,-0.00352
MED00167,10,target_cat_season_idx,-0.00177
MED00168,10,target_cat_season_idx,-0.0047
MED00169,10,target_cat_season_idx,0.00259
MED00170,10,target_cat_season_idx,-0.00244
MED00171,10,target_cat_season_idx,-0.00266
MED00172,10,target_cat_season_idx,-0.00702
MED00173,10,target_cat_season_idx,-0.00766
MED00174,10,target_cat_season_idx,-0.00523
MED00175,10,target_cat_season_idx,-0.00942
MED00176,10,target_cat_season_idx,-0.00844
MED00177,10,target_cat_season_idx,-0.04894
MED00178,10,target_cat_season_idx,0.00909
MED00179,10,target_cat_season_idx,-0.06588
MED00180,10,target_cat_season_idx,-0.00797
MED00181,10,target_cat_season_idx,-0.00929
MED00182,10,target_cat_season_idx,-0.05158
MED00183,10,target_cat_season_idx,-0.00537
MED00184,10,target_cat_season_idx,-0.0052
MED00185,10,target_cat_season_idx,-0.00777
MED00186,10,target_cat_season_idx,-0.0032
MED00187,10,target_cat_season_idx,-0.00133
MED00188,10,target_cat_season_idx,-0.00762
MED00189,10,target_cat_season_idx,-0.0622
MED00190,10,target_cat_season_idx,-0.00477
MED00191,10,target_cat_season_idx,-0.00708
MED00192,10,target_cat_season_idx,-0.05939
MED00193,10,target_cat_season_idx,-0.05488
MED00194,10,target_cat_season_idx,-0.00805
MED00195,10,target_cat_season_idx,-0.00544
MED00196,10,target_cat_season_idx,-0.00755
MED00197,10,target_cat_season_idx,-0.00818
MED00198,10,target_cat_season_idx,-0.00013
MED00199,10,target_cat_season_idx,0.00586
MED00200,10,target_cat_season_idx,-0.00347
MED00201,10,target_cat_season_idx,-0.00302
MED00202,10,target_cat_season_idx,-0.00307
MED00203,10,target_cat_season_idx,-0.00218
MED00204,10,target_cat_season_idx,-0.00271
MED00205,10,target_cat_season_idx,-0.00156
MED00206,10,target_cat_season_idx,-0.00382
MED00207,10,target_cat_season_idx,-0.00634
MED00208,10,target_cat_season_idx,-0.00085
MED00209,10,target_cat_season_idx,0.00398
MED00210,10,target_cat_season_idx,-0.00766
MED00211,10,target_cat_season_idx,-0.00654
MED00212,10,target_cat_season_idx,-0.00339
MED00213,10,target_cat_season_idx,-0.00966
MED00214,10,target_cat_season_idx,-0.00421
MED00215,10,target_cat_season_idx,-0.00405
MED00216,10,target_cat_season_idx,-0.0426
MED00217,10,target_cat_season_idx,-0.05603
MED00218,10,target_cat_season_idx,-0.00486
MED00219,10,target_cat_season_idx,-0.00174
MED00220,10,target_cat_season_idx,-0.00431
MED00221,10,target_cat_season_idx,0.00048
MED00222,10,target_cat_season_idx,0.00789
MED00223,10,target_cat_season_idx,-0.01821
MED00224,10,target_cat_season_idx,-0.00208
MED00225,10,target_cat_season_idx,-0.0064
MED00226,10,target_cat_season_idx,0.00241
MED00227,10,target_cat_season_idx,-0.00196
MED00228,10,target_cat_season_idx,0.00085
MED00229,10,target_cat_season_idx,-0.01441
MED00230,10,target_cat_season_idx,-0.00262
MED00231,10,target_cat_season_idx,-0.00173
MED00232,10,target_cat_season_idx,-0.00928
MED00233,10,target_cat_season_idx,0.02116
MED00234,10,target_cat_season_idx,-0.0025
MED00235,10,target_cat_season_idx,-0.00321
MED00236,10,target_cat_season_idx,-0.00374
MED00237,10,target_cat_season_idx,-0.00662
MED00238,10,target_cat_season_idx,-0.00536
MED00239,10,target_cat_season_idx,-0.00726
MED00240,10,target_cat_season_idx,-0.00596
MED00241,10,target_cat_season_idx,-0.00312
MED00242,10,target_cat_season_idx,-0.00763
MED00243,10,target_cat_season_idx,-0.05289
MED00244,10,target_cat_season_idx,-0.00642
MED00245,10,target_cat_season_idx,-0.00326
MED00246,10,target_cat_season_idx,-0.00258
MED00247,10,target_cat_season_idx,-0.00171
MED00248,10,target_cat_season_idx,0.00122
MED00249,10,target_cat_season_idx,-0.00553
MED00250,10,target_cat_season_idx,-0.00245
MED00251,10,target_cat_season_idx,-0.00229
MED00252,10,target_cat_season_idx,0.0172
MED00253,10,target_cat_season_idx,-0.00414
MED00254,10,target_cat_season_idx,0.01258
MED00255,10,target_cat_season_idx,0.00348
MED00256,10,target_cat_season_idx,-0.00634
MED00257,10,target_cat_season_idx,-0.00357
MED00258,10,target_cat_season_idx,-0.00118
MED00259,10,target_cat_season_idx,-0.00483
MED00260,10,target_cat_season_idx,-0.04953
MED00261,10,target_cat_season_idx,-0.01414
MED00262,10,target_cat_season_idx,-0.00412
MED00263,10,target_cat_season_idx,-0.00719
MED00264,10,target_cat_season_idx,-0.06458
MED00265,10,target_cat_season_idx,-0.005
MED00266,10,target_cat_season_idx,-0.00832
MED00267,10,target_cat_season_idx,-0.00232
MED00268,10,target_cat_season_idx,-0.00193
MED00269,10,target_cat_season_idx,-0.00588
MED00270,10,target_cat_season_idx,-0.00499
MED00271,10,target_cat_season_idx,-0.00447
MED00272,10,target_cat_season_idx,-0.00552
MED00273,10,target_cat_season_idx,-0.00529
MED00274,10,target_cat_season_idx,0.02419
MED00275,10,target_cat_season_idx,-0.01034
MED00276,10,target_cat_season_idx,-0.00514
MED00277,10,target_cat_season_idx,-0.06219
MED00278,10,target_cat_season_idx,-0.00525
MED00279,10,target_cat_season_idx,-0.01148
MED00280,10,target_cat_season_idx,-0.05595
MED00281,10,target_cat_season_idx,-0.00538
MED00282,10,target_cat_season_idx,-0.00981
MED00283,10,target_cat_season_idx,-0.00686
MED00284,10,target_cat_season_idx,0.00672
MED00285,10,target_cat_season_idx,-0.00375
MED00286,10,target_cat_season_idx,-0.00721
MED00287,10,target_cat_season_idx,-0.00751
MED00288,10,target_cat_season_idx,0.00102
MED00289,10,target_cat_season_idx,-0.00577
MED00290,10,target_cat_season_idx,-0.00167
MED00291,10,target_cat_season_idx,-0.00158
MED00292,10,target_cat_season_idx,0.00495
MED00293,10,target_cat_season_idx,-0.00382
MED00294,10,target_cat_season_idx,0.00908
MED00295,10,target_cat_season_idx,-0.0578
MED00296,10,target_cat_season_idx,-0.0073
MED00297,10,target_cat_season_idx,-0.00518
MED00298,10,target_cat_season_idx,-0.00564
MED00299,10,target_cat_season_idx,0.01379
MED00300,10,target_cat_season_idx,-0.00564
MED00301,10,target_cat_season_idx,-0.00344
MED00302,10,target_cat_season_idx,-0.00806
MED00303,10,target_cat_season_idx,-0.0035
MED00304,10,target_cat_season_idx,-0.00071
MED00305,10,target_cat_season_idx,-0.00333
MED00306,10,target_cat_season_idx,-0.06981
MED00307,10,target_cat_season_idx,-0.00399
MED00308,10,target_cat_season_idx,-0.00909
MED00309,10,target_cat_season_idx,-0.00267
MED00310,10,target_cat_season_idx,-0.00121
MED00311,10,target_cat_season_idx,-0.00699
MED00312,10,target_cat_season_idx,0.02566
MED00313,10,target_cat_season_idx,-0.06859
MED00314,10,target_cat_season_idx,-0.01023
MED00315,10,target_cat_season_idx,-0.00405
MED00316,10,target_cat_season_idx,-0.00805
MED00317,10,target_cat_season_idx,-0.00736
MED00318,10,target_cat_season_idx,0.00057
MED00319,10,target_cat_season_idx,-0.00096
MED00320,10,target_cat_season_idx,-0.00458
MED00321,10,target_cat_season_idx,-0.01648
MED00322,10,target_cat_season_idx,-0.05947
MED00323,10,target_cat_season_idx,0.01154
MED00324,10,target_cat_season_idx,0.01115
MED00325,10,target_cat_season_idx,-0.00404
MED00326,10,target_cat_season_idx,-0.00423
MED00327,10,target_cat_season_idx,-0.00967
MED00328,10,target_cat_season_idx,-0.00647
MED00329,10,target_cat_season_idx,-0.00155
MED00330,10,target_cat_season_idx,-0.00804
MED00331,10,target_cat_season_idx,-0.00269
MED00332,10,target_cat_season_idx,-0.00714
MED00333,10,target_cat_season_idx,-0.00496
MED00334,10,target_cat_season_idx,-0.00356
MED00335,10,target_cat_season_idx,-0.0047
MED00336,10,target_cat_season_idx,-0.00093
MED00337,10,target_cat_season_idx,-0.00451
MED00338,10,target_cat_season_idx,-0.01143
MED00339,10,target_cat_season_idx,0.00414
MED00340,10,target_cat_season_idx,-0.00749
MED00341,10,target_cat_season_idx,-0.00467
MED00342,10,target_cat_season_idx,-0.00651
MED00343,10,target_cat_season_idx,-0.00323
MED00344,10,target_cat_season_idx,0.00351
MED00345,10,target_cat_season_idx,-0.05971
MED00346,10,target_cat_season_idx,-0.00698
MED00347,10,target_cat_season_idx,-0.05679
MED00348,10,target_cat_season_idx,0.00509
MED00349,10,target_cat_season_idx,-0.00616
MED00350,10,target_cat_season_idx,-0.01225
MED00351,10,target_cat_season_idx,-0.03471
MED00352,10,target_cat_season_idx,-0.04329
MED00353,10,target_cat_season_idx,-0.01464
MED00354,10,target_cat_season_idx,-0.012
MED00355,10,target_cat_season_idx,-0.00576
MED00356,10,target_cat_season_idx,-0.00281
MED00357,10,target_cat_season_idx,-0.05618
MED00358,10,target_cat_season_idx,0.00144
MED00359,10,target_cat_season_idx,-0.00227
MED00360,10,target_cat_season_idx,-0.00022
MED00361,10,target_cat_season_idx,-0.00651
MED00362,10,target_cat_season_idx,-0.00481
MED00363,10,target_cat_season_idx,-0.00385
MED00364,10,target_cat_season_idx,-0.0571
MED00365,10,target_cat_season_idx,-0.00242
MED00366,10,target_cat_season_idx,-0.00299
MED00367,10,target_cat_season_idx,-0.00196
MED00368,10,target_cat_season_idx,-0.00583
MED00369,10,target_cat_season_idx,-0.00543
MED00370,10,target_cat_season_idx,0.01999
MED00371,10,target_cat_season_idx,-0.00683
MED00372,10,target_cat_season_idx,-0.06011
MED00373,10,target_cat_season_idx,-0.01019
MED00374,10,target_cat_season_idx,0.00176
MED00375,10,target_cat_season_idx,-0.00848
MED00376,10,target_cat_season_idx,-0.00682
MED00377,10,target_cat_season_idx,-0.00779
MED00378,10,target_cat_season_idx,-0.00176
MED00379,10,target_cat_season_idx,-0.01644
MED00380,10,target_cat_season_idx,-0.03454
MED00381,10,target_cat_season_idx,-0.00873
MED00382,10,target_cat_season_idx,-0.00064
MED00383,10,target_cat_season_idx,-0.00472
MED00384,10,target_cat_season_idx,-0.00156
MED00385,10,target_cat_season_idx,-0.00903
MED00386,10,target_cat_season_idx,-0.0038
MED00387,10,target_cat_season_idx,-0.01202
MED00388,10,target_cat_season_idx,-0.00333
MED00389,10,target_cat_season_idx,-0.00386
MED00390,10,target_cat_season_idx,-0.00844
MED00391,10,target_cat_season_idx,-0.01298
MED00392,10,target_cat_season_idx,-0.00934
MED00393,10,target_cat_season_idx,-0.00605
MED00394,10,target_cat_season_idx,-0.00666
MED00395,10,target_cat_season_idx,-0.01124
MED00396,10,target_cat_season_idx,-0.00395
MED00397,10,target_cat_season_idx,-0.00431
MED00398,10,target_cat_season_idx,-0.00341
MED00399,10,target_cat_season_idx,-0.00308
MED00400,10,target_cat_season_idx,-0.00361
MED00401,10,target_cat_season_idx,-0.00308
MED00402,10,target_cat_season_idx,-0.00569
MED00403,10,target_cat_season_idx,-0.00632
MED00404,10,target_cat_season_idx,-0.00376
MED00405,10,target_cat_season_idx,-0.00639
MED00406,10,target_cat_season_idx,-0.00977
MED00407,10,target_cat_season_idx,-0.0062
MED00408,10,target_cat_season_idx,-0.00445
MED00409,10,target_cat_season_idx,0.00274
MED00410,10,target_cat_season_idx,-0.00117
MED00411,10,target_cat_season_idx,-0.00323
MED00412,10,target_cat_season_idx,-0.00101
MED00414,10,target_cat_season_idx,-0.00387
MED00415,10,target_cat_season_idx,-0.00166
MED00416,10,target_cat_season_idx,-0.00365
MED00417,10,target_cat_season_idx,0.00031
MED00418,10,target_cat_season_idx,-0.00837
MED00419,10,target_cat_season_idx,-0.00791
MED00420,10,target_cat_season_idx,-0.00746
MED00421,10,target_cat_season_idx,-0.00928
MED00422,10,target_cat_season_idx,-0.00836
MED00423,10,target_cat_season_idx,-0.0048
MED00424,10,target_cat_season_idx,-0.00137
MED00001,11,target_cat_season_idx,-0.00778
MED00002,11,target_cat_season_idx,-0.05099
MED00003,11,target_cat_season_idx,-0.04156
MED00004,11,target_cat_season_idx,-0.01433
MED00005,11,target_cat_season_idx,-0.01377
MED00006,11,target_cat_season_idx,-0.00305
MED00007,11,target_cat_season_idx,-0.00973
MED00008,11,target_cat_season_idx,-0.00509
MED00009,11,target_cat_season_idx,-0.00729
MED00010,11,target_cat_season_idx,-0.00753
MED00011,11,target_cat_season_idx,-0.0042
MED00012,11,target_cat_season_idx,-0.00151
MED00013,11,target_cat_season_idx,-0.00587
MED00014,11,target_cat_season_idx,-0.00145
MED00015,11,target_cat_season_idx,-0.02886
MED00016,11,target_cat_season_idx,-0.00394
MED00017,11,target_cat_season_idx,-0.00558
MED00018,11,target_cat_season_idx,-0.00312
MED00019,11,target_cat_season_idx,-0.00155
MED00020,11,target_cat_season_idx,-0.0102
MED00021,11,target_cat_season_idx,-0.00137
MED00022,11,target_cat_season_idx,-0.0026
MED00023,11,target_cat_season_idx,-0.001
MED00024,11,target_cat_season_idx,-0.0031
MED00025,11,target_cat_season_idx,-0.04597
MED00026,11,target_cat_season_idx,-0.04963
MED00027,11,target_cat_season_idx,-0.06508
MED00028,11,target_cat_season_idx,-0.00622
MED00029,11,target_cat_season_idx,-0.00255
MED00030,11,target_cat_season_idx,-0.00851
MED00031,11,target_cat_season_idx,-0.00359
MED00032,11,target_cat_season_idx,-0.00021
MED00033,11,target_cat_season_idx,-0.00908
MED00034,11,target_cat_season_idx,-0.00993
MED00035,11,target_cat_season_idx,-0.0613
MED00036,11,target_cat_season_idx,-0.01007
MED00037,11,target_cat_season_idx,0.00204
MED00038,11,target_cat_season_idx,-0.00543
MED00039,11,target_cat_season_idx,0.00496
MED00040,11,target_cat_season_idx,0.00013
MED00041,11,target_cat_season_idx,0.02542
MED00042,11,target_cat_season_idx,-0.00659
MED00043,11,target_cat_season_idx,-0.03797
MED00044,11,target_cat_season_idx,0.00149
MED00045,11,target_cat_season_idx,-0.00257
MED00046,11,target_cat_season_idx,0.00321
MED00047,11,target_cat_season_idx,-0.00482
MED00048,11,target_cat_season_idx,-0.0022
MED00049,11,target_cat_season_idx,-0.06002
MED00050,11,target_cat_season_idx,-0.01073
MED00051,11,target_cat_season_idx,-0.05324
MED00052,11,target_cat_season_idx,-0.01678
MED00053,11,target_cat_season_idx,-0.00198
MED00054,11,target_cat_season_idx,-0.00455
MED00055,11,target_cat_season_idx,-0.01218
MED00056,11,target_cat_season_idx,0.00278
MED00057,11,target_cat_season_idx,0.01342
MED00058,11,target_cat_season_idx,-0.00365
MED00059,11,target_cat_season_idx,-0.00692
MED00060,11,target_cat_season_idx,0.00573
MED00061,11,target_cat_season_idx,-0.01188
MED00062,11,target_cat_season_idx,0.00058
MED00063,11,target_cat_season_idx,-0.05296
MED00064,11,target_cat_season_idx,-0.00171
MED00065,11,target_cat_season_idx,-0.00067
MED00066,11,target_cat_season_idx,-0.03199
MED00067,11,target_cat_season_idx,-0.00466
MED00068,11,target_cat_season_idx,-0.00342
MED00069,11,target_cat_season_idx,0.00214
MED00070,11,target_cat_season_idx,-0.00184
MED00071,11,target_cat_season_idx,0.00172
MED00072,11,target_cat_season_idx,-0.00173
MED00073,11,target_cat_season_idx,-0.00624
MED00074,11,target_cat_season_idx,-0.00296
MED00075,11,target_cat_season_idx,-0.00622
MED00076,11,target_cat_season_idx,-0.05631
MED00077,11,target_cat_season_idx,-0.00792
MED00078,11,target_cat_season_idx,-0.00802
MED00079,11,target_cat_season_idx,-0.00333
MED00080,11,target_cat_season_idx,-0.00782
MED00081,11,target_cat_season_idx,-0.03979
MED00082,11,target_cat_season_idx,-0.00126
MED00083,11,target_cat_season_idx,-0.00031
MED00084,11,target_cat_season_idx,-0.00035
MED00085,11,target_cat_season_idx,-0.0065
MED00086,11,target_cat_season_idx,0.02446
MED00087,11,target_cat_season_idx,-0.00174
MED00088,11,target_cat_season_idx,-0.00351
MED00089,11,target_cat_season_idx,-0.01054
MED00090,11,target_cat_season_idx,-0.00787
MED00091,11,target_cat_season_idx,-0.00165
MED00092,11,target_cat_season_idx,-0.00163
MED00093,11,target_cat_season_idx,-0.06263
MED00094,11,target_cat_season_idx,-0.00731
MED00095,11,target_cat_season_idx,-0.00622
MED00096,11,target_cat_season_idx,-0.00493
MED00097,11,target_cat_season_idx,0.00907
MED00098,11,target_cat_season_idx,-0.00679
MED00099,11,target_cat_season_idx,-0.05851
MED00100,11,target_cat_season_idx,-0.05257
MED00101,11,target_cat_season_idx,-0.00083
MED00102,11,target_cat_season_idx,0.00096
MED00103,11,target_cat_season_idx,-0.0098
MED00104,11,target_cat_season_idx,-0.00484
MED00105,11,target_cat_season_idx,-0.00115
MED00106,11,target_cat_season_idx,-0.05462
MED00107,11,target_cat_season_idx,-0.00582
MED00108,11,target_cat_season_idx,-0.00645
MED00109,11,target_cat_season_idx,-0.03076
MED00110,11,target_cat_season_idx,-0.07408
MED00111,11,target_cat_season_idx,-0.00794
MED00112,11,target_cat_season_idx,-0.00882
MED00113,11,target_cat_season_idx,0.00015
MED00114,11,target_cat_season_idx,-0.00721
MED00115,11,target_cat_season_idx,-0.00474
MED00116,11,target_cat_season_idx,-0.004
MED00117,11,target_cat_season_idx,-0.00249
MED00118,11,target_cat_season_idx,-0.00092
MED00119,11,target_cat_season_idx,-0.00258
MED00120,11,target_cat_season_idx,-0.00993
MED00121,11,target_cat_season_idx,-0.00636
MED00122,11,target_cat_season_idx,-0.00282
MED00123,11,target_cat_season_idx,0.00752
MED00124,11,target_cat_season_idx,-0.00559
MED00125,11,target_cat_season_idx,-0.05804
MED00126,11,target_cat_season_idx,-0.01459
MED00127,11,target_cat_season_idx,-0.00081
MED00128,11,target_cat_season_idx,-0.00242
MED00129,11,target_cat_season_idx,-0.00302
MED00130,11,target_cat_season_idx,-0.06027
MED00131,11,target_cat_season_idx,0.0024
MED00132,11,target_cat_season_idx,0.02357
MED00133,11,target_cat_season_idx,0.02143
MED00134,11,target_cat_season_idx,-0.08441
MED00135,11,target_cat_season_idx,-0.00852
MED00136,11,target_cat_season_idx,-0.00342
MED00137,11,target_cat_season_idx,-0.00409
MED00138,11,target_cat_season_idx,-0.00365
MED00139,11,target_cat_season_idx,-0.00921
MED00141,11,target_cat_season_idx,0.00013
MED00142,11,target_cat_season_idx,0.0102
MED00143,11,target_cat_season_idx,-0.00225
MED00144,11,target_cat_season_idx,-0.00689
MED00145,11,target_cat_season_idx,-0.01122
MED00146,11,target_cat_season_idx,-0.00305
MED00147,11,target_cat_season_idx,0.00446
MED00148,11,target_cat_season_idx,0.00328
MED00149,11,target_cat_season_idx,-0.00779
MED00150,11,target_cat_season_idx,-0.00412
MED00151,11,target_cat_season_idx,-0.0032
MED00152,11,target_cat_season_idx,-0.00654
MED00153,11,target_cat_season_idx,-0.00637
MED00154,11,target_cat_season_idx,-0.00381
MED00155,11,target_cat_season_idx,-0.00132
MED00156,11,target_cat_season_idx,0.00183
MED00157,11,target_cat_season_idx,-0.00426
MED00158,11,target_cat_season_idx,-0.0626
MED00159,11,target_cat_season_idx,-0.00931
MED00160,11,target_cat_season_idx,-0.00686
MED00161,11,target_cat_season_idx,-0.00658
MED00162,11,target_cat_season_idx,-0.00471
MED00163,11,target_cat_season_idx,-0.03519
MED00164,11,target_cat_season_idx,0.00291
MED00165,11,target_cat_season_idx,-0.00895
MED00166,11,target_cat_season_idx,-0.00417
MED00167,11,target_cat_season_idx,-0.0019
MED00168,11,target_cat_season_idx,-0.00484
MED00169,11,target_cat_season_idx,0.00237
MED00170,11,target_cat_season_idx,-0.00257
MED00171,11,target_cat_season_idx,-0.00279
MED00172,11,target_cat_season_idx,-0.00723
MED00173,11,target_cat_season_idx,-0.00779
MED00174,11,target_cat_season_idx,-0.00543
MED00175,11,target_cat_season_idx,-0.01001
MED00176,11,target_cat_season_idx,-0.00907
MED00177,11,target_cat_season_idx,-0.04954
MED00178,11,target_cat_season_idx,0.00878
MED00179,11,target_cat_season_idx,-0.06646
MED00180,11,target_cat_season_idx,-0.00821
MED00181,11,target_cat_season_idx,-0.00939
MED00182,11,target_cat_season_idx,-0.05233
MED00183,11,target_cat_season_idx,-0.00534
MED00184,11,target_cat_season_idx,-0.00523
MED00185,11,target_cat_season_idx,-0.00792
MED00186,11,target_cat_season_idx,-0.00334
MED00187,11,target_cat_season_idx,-0.0015
MED00188,11,target_cat_season_idx,-0.00776
MED00189,11,target_cat_season_idx,-0.06276
MED00190,11,target_cat_season_idx,-0.00495
MED00191,11,target_cat_season_idx,-0.0077
MED00192,11,target_cat_season_idx,-0.05997
MED00193,11,target_cat_season_idx,-0.05523
MED00194,11,target_cat_season_idx,-0.00819
MED00195,11,target_cat_season_idx,-0.00545
MED00196,11,target_cat_season_idx,-0.00766
MED00197,11,target_cat_season_idx,-0.00829
MED00198,11,target_cat_season_idx,-0.00026
MED00199,11,target_cat_season_idx,0.00546
MED00200,11,target_cat_season_idx,-0.00371
MED00201,11,target_cat_season_idx,-0.00315
MED00202,11,target_cat_season_idx,-0.00331
MED00203,11,target_cat_season_idx,-0.00232
MED00204,11,target_cat_season_idx,-0.00295
MED00205,11,target_cat_season_idx,-0.0017
MED00206,11,target_cat_season_idx,-0.00413
MED00207,11,target_cat_season_idx,-0.00648
MED00208,11,target_cat_season_idx,-0.00099
MED00209,11,target_cat_season_idx,0.00361
MED00210,11,target_cat_season_idx,-0.00792
MED00211,11,target_cat_season_idx,-0.00668
MED00212,11,target_cat_season_idx,-0.00362
MED00213,11,target_cat_season_idx,-0.01014
MED00214,11,target_cat_season_idx,-0.00434
MED00215,11,target_cat_season_idx,-0.0042
MED00216,11,target_cat_season_idx,-0.04282
MED00217,11,target_cat_season_idx,-0.05635
MED00218,11,target_cat_season_idx,-0.00499
MED00219,11,target_cat_season_idx,-0.00181
MED00220,11,target_cat_season_idx,-0.00445
MED00222,11,target_cat_season_idx,0.00745
MED00223,11,target_cat_season_idx,-0.01815
MED00224,11,target_cat_season_idx,-0.00274
MED00225,11,target_cat_season_idx,-0.00654
MED00226,11,target_cat_season_idx,0.002
MED00227,11,target_cat_season_idx,-0.00387
MED00228,11,target_cat_season_idx,0.00073
MED00229,11,target_cat_season_idx,-0.0149
MED00230,11,target_cat_season_idx,-0.00336
MED00231,11,target_cat_season_idx,-0.00198
MED00232,11,target_cat_season_idx,-0.00952
MED00233,11,target_cat_season_idx,0.02034
MED00234,11,target_cat_season_idx,-0.00263
MED00235,11,target_cat_season_idx,-0.00296
MED00236,11,target_cat_season_idx,-0.00387
MED00237,11,target_cat_season_idx,-0.00679
MED00238,11,target_cat_season_idx,-0.00555
MED00239,11,target_cat_season_idx,-0.00739
MED00240,11,target_cat_season_idx,-0.00611
MED00241,11,target_cat_season_idx,-0.0033
MED00242,11,target_cat_season_idx,-0.00776
MED00243,11,target_cat_season_idx,-0.05324
MED00244,11,target_cat_season_idx,-0.00657
MED00245,11,target_cat_season_idx,-0.00323
MED00246,11,target_cat_season_idx,-0.00272
MED00247,11,target_cat_season_idx,-0.00184
MED00248,11,target_cat_season_idx,0.00109
MED00249,11,target_cat_season_idx,-0.00476
MED00250,11,target_cat_season_idx,-0.00279
MED00251,11,target_cat_season_idx,-0.00265
MED00252,11,target_cat_season_idx,0.01651
MED00253,11,target_cat_season_idx,-0.00427
MED00254,11,target_cat_season_idx,0.01234
MED00255,11,target_cat_season_idx,0.00301
MED00256,11,target_cat_season_idx,-0.00658
MED00257,11,target_cat_season_idx,-0.00372
MED00258,11,target_cat_season_idx,-0.00132
MED00259,11,target_cat_season_idx,-0.00501
MED00260,11,target_cat_season_idx,-0.05006
MED00261,11,target_cat_season_idx,-0.0147
MED00262,11,target_cat_season_idx,-0.00426
MED00263,11,target_cat_season_idx,-0.00735
MED00264,11,target_cat_season_idx,-0.06473
MED00265,11,target_cat_season_idx,-0.00521
MED00266,11,target_cat_season_idx,-0.00921
MED00267,11,target_cat_season_idx,-0.00245
MED00268,11,target_cat_season_idx,-0.00207
MED00269,11,target_cat_season_idx,-0.00611
MED00270,11,target_cat_season_idx,-0.00512
MED00271,11,target_cat_season_idx,-0.00468
MED00272,11,target_cat_season_idx,-0.00564
MED00273,11,target_cat_season_idx,-0.00542
MED00274,11,target_cat_season_idx,0.02337
MED00275,11,target_cat_season_idx,-0.01047
MED00276,11,target_cat_season_idx,-0.00527
MED00277,11,target_cat_season_idx,-0.06276
MED00278,11,target_cat_season_idx,-0.00546
MED00279,11,target_cat_season_idx,-0.01199
MED00280,11,target_cat_season_idx,-0.05658
MED00281,11,target_cat_season_idx,-0.00551
MED00282,11,target_cat_season_idx,-0.00993
MED00283,11,target_cat_season_idx,-0.00699
MED00284,11,target_cat_season_idx,0.00605
MED00285,11,target_cat_season_idx,-0.00388
MED00286,11,target_cat_season_idx,-0.00801
MED00287,11,target_cat_season_idx,-0.00772
MED00288,11,target_cat_season_idx,-0.00198
MED00289,11,target_cat_season_idx,-0.00593
MED00290,11,target_cat_season_idx,-0.00181
MED00291,11,target_cat_season_idx,-0.00146
MED00292,11,target_cat_season_idx,0.00845
MED00293,11,target_cat_season_idx,-0.00396
MED00294,11,target_cat_season_idx,0.00816
MED00295,11,target_cat_season_idx,-0.05833
MED00296,11,target_cat_season_idx,-0.00744
MED00297,11,target_cat_season_idx,-0.00531
MED00298,11,target_cat_season_idx,-0.00578
MED00299,11,target_cat_season_idx,0.01318
MED00300,11,target_cat_season_idx,-0.00587
MED00301,11,target_cat_season_idx,-0.00357
MED00302,11,target_cat_season_idx,-0.008
MED00303,11,target_cat_season_idx,-0.00366
MED00304,11,target_cat_season_idx,-0.00086
MED00305,11,target_cat_season_idx,-0.00356
MED00306,11,target_cat_season_idx,-0.07106
MED00307,11,target_cat_season_idx,-0.00397
MED00308,11,target_cat_season_idx,-0.00961
MED00309,11,target_cat_season_idx,-0.00281
MED00310,11,target_cat_season_idx,-0.00134
MED00311,11,target_cat_season_idx,-0.00742
MED00312,11,target_cat_season_idx,0.02477
MED00313,11,target_cat_season_idx,-0.06906
MED00314,11,target_cat_season_idx,-0.0102
MED00315,11,target_cat_season_idx,-0.00418
MED00316,11,target_cat_season_idx,-0.00812
MED00317,11,target_cat_season_idx,-0.00749
MED00318,11,target_cat_season_idx,0.00042
MED00319,11,target_cat_season_idx,-0.0011
MED00320,11,target_cat_season_idx,-0.00496
MED00321,11,target_cat_season_idx,-0.01645
MED00322,11,target_cat_season_idx,-0.06004
MED00323,11,target_cat_season_idx,0.01124
MED00324,11,target_cat_season_idx,0.01042
MED00325,11,target_cat_season_idx,-0.00417
MED00326,11,target_cat_season_idx,-0.00437
MED00327,11,target_cat_season_idx,-0.0098
MED00328,11,target_cat_season_idx,-0.0066
MED00329,11,target_cat_season_idx,-0.00171
MED00330,11,target_cat_season_idx,-0.00817
MED00331,11,target_cat_season_idx,-0.00282
MED00332,11,target_cat_season_idx,-0.00728
MED00333,11,target_cat_season_idx,-0.00514
MED00334,11,target_cat_season_idx,-0.00361
MED00335,11,target_cat_season_idx,-0.00467
MED00336,11,target_cat_season_idx,0.00028
MED00337,11,target_cat_season_idx,-0.00339
MED00338,11,target_cat_season_idx,-0.01136
MED00339,11,target_cat_season_idx,0.00347
MED00340,11,target_cat_season_idx,-0.00796
MED00341,11,target_cat_season_idx,-0.00425
MED00342,11,target_cat_season_idx,-0.00665
MED00343,11,target_cat_season_idx,-0.00336
MED00344,11,target_cat_season_idx,0.00315
MED00345,11,target_cat_season_idx,-0.06006
MED00346,11,target_cat_season_idx,-0.00712
MED00347,11,target_cat_season_idx,-0.05743
MED00348,11,target_cat_season_idx,0.00479
MED00349,11,target_cat_season_idx,-0.0063
MED00350,11,target_cat_season_idx,-0.01168
MED00351,11,target_cat_season_idx,-0.03519
MED00352,11,target_cat_season_idx,-0.04364
MED00353,11,target_cat_season_idx,-0.01513
MED00354,11,target_cat_season_idx,-0.01247
MED00355,11,target_cat_season_idx,-0.00599
MED00356,11,target_cat_season_idx,-0.00304
MED00357,11,target_cat_season_idx,-0.05675
MED00358,11,target_cat_season_idx,0.00132
MED00359,11,target_cat_season_idx,-0.00241
MED00360,11,target_cat_season_idx,-0.00036
MED00361,11,target_cat_season_idx,-0.00665
MED00362,11,target_cat_season_idx,-0.00494
MED00363,11,target_cat_season_idx,-0.00399
MED00364,11,target_cat_season_idx,-0.05775
MED00365,11,target_cat_season_idx,-0.00255
MED00366,11,target_cat_season_idx,-0.00322
MED00367,11,target_cat_season_idx,-0.0021
MED00368,11,target_cat_season_idx,-0.00596
MED00369,11,target_cat_season_idx,-0.00558
MED00370,11,target_cat_season_idx,0.01895
MED00371,11,target_cat_season_idx,-0.00758
MED00372,11,target_cat_season_idx,-0.06045
MED00373,11,target_cat_season_idx,-0.01053
MED00374,11,target_cat_season_idx,0.00164
MED00375,11,target_cat_season_idx,-0.00921
MED00376,11,target_cat_season_idx,-0.007
MED00377,11,target_cat_season_idx,-0.0083
MED00378,11,target_cat_season_idx,0.00179
MED00379,11,target_cat_season_idx,-0.01641
MED00380,11,target_cat_season_idx,-0.035
MED00381,11,target_cat_season_idx,-0.00928
MED00382,11,target_cat_season_idx,-0.00077
MED00383,11,target_cat_season_idx,-0.00486
MED00384,11,target_cat_season_idx,-0.00169
MED00385,11,target_cat_season_idx,-0.00932
MED00386,11,target_cat_season_idx,-0.00394
MED00387,11,target_cat_season_idx,-0.01224
MED00388,11,target_cat_season_idx,-0.0057
MED00389,11,target_cat_season_idx,-0.00402
MED00390,11,target_cat_season_idx,-0.00868
MED00391,11,target_cat_season_idx,-0.01323
MED00392,11,target_cat_season_idx,-0.00963
MED00393,11,target_cat_season_idx,-0.00618
MED00394,11,target_cat_season_idx,-0.0068
MED00395,11,target_cat_season_idx,-0.01142
MED00396,11,target_cat_season_idx,-0.00402
MED00397,11,target_cat_season_idx,-0.00429
MED00398,11,target_cat_season_idx,-0.00339
MED00399,11,target_cat_season_idx,-0.00315
MED00400,11,target_cat_season_idx,-0.00361
MED00401,11,target_cat_season_idx,-0.00345
MED00402,11,target_cat_season_idx,-0.0059
MED00403,11,target_cat_season_idx,-0.00639
MED00404,11,target_cat_season_idx,-0.00391
MED00405,11,target_cat_season_idx,-0.00646
MED00406,11,target_cat_season_idx,-0.00996
MED00407,11,target_cat_season_idx,-0.00644
MED00408,11,target_cat_season_idx,-0.00458
MED00409,11,target_cat_season_idx,0.00253
MED00410,11,target_cat_season_idx,-0.0016
MED00411,11,target_cat_season_idx,-0.00347
MED00412,11,target_cat_season_idx,-0.00114
MED00413,11,target_cat_season_idx,-0.00018
MED00414,11,target_cat_season_idx,-0.00404
MED00415,11,target_cat_season_idx,-0.0018
MED00416,11,target_cat_season_idx,-0.00382
MED00417,11,target_cat_season_idx,-0.00038
MED00418,11,target_cat_season_idx,-0.0085
MED00419,11,target_cat_season_idx,-0.00804
MED00420,11,target_cat_season_idx,-0.00773
MED00421,11,target_cat_season_idx,-0.00943
MED00422,11,target_cat_season_idx,-0.00853
MED00423,11,target_cat_season_idx,-0.00494
MED00424,11,target_cat_season_idx,-0.00159
MED00001,12,target_cat_season_idx,-0.00778
MED00002,12,target_cat_season_idx,-0.0441
MED00003,12,target_cat_season_idx,-0.04306
MED00004,12,target_cat_season_idx,-0.01455
MED00005,12,target_cat_season_idx,-0.01413
MED00006,12,target_cat_season_idx,-0.00295
MED00007,12,target_cat_season_idx,-0.00933
MED00008,12,target_cat_season_idx,-0.0054
MED00009,12,target_cat_season_idx,-0.00728
MED00010,12,target_cat_season_idx,-0.00792
MED00011,12,target_cat_season_idx,-0.00422
MED00012,12,target_cat_season_idx,-0.00166
MED00013,12,target_cat_season_idx,-0.00593
MED00014,12,target_cat_season_idx,-0.0017
MED00015,12,target_cat_season_idx,-0.0299
MED00016,12,target_cat_season_idx,-0.00392
MED00017,12,target_cat_season_idx,-0.00557
MED00018,12,target_cat_season_idx,-0.00306
MED00019,12,target_cat_season_idx,-0.00165
MED00020,12,target_cat_season_idx,-0.01046
MED00021,12,target_cat_season_idx,-0.00193
MED00022,12,target_cat_season_idx,-0.00219
MED00023,12,target_cat_season_idx,-0.00093
MED00024,12,target_cat_season_idx,-0.00373
MED00025,12,target_cat_season_idx,-0.01459
MED00026,12,target_cat_season_idx,-0.02622
MED00027,12,target_cat_season_idx,-0.03695
MED00028,12,target_cat_season_idx,-0.00647
MED00029,12,target_cat_season_idx,-0.00252
MED00030,12,target_cat_season_idx,-0.00746
MED00031,12,target_cat_season_idx,-0.00254
MED00032,12,target_cat_season_idx,-0.00035
MED00033,12,target_cat_season_idx,-0.00931
MED00034,12,target_cat_season_idx,-0.01036
MED00035,12,target_cat_season_idx,-0.05043
MED00036,12,target_cat_season_idx,-0.01031
MED00037,12,target_cat_season_idx,0.0031
MED00038,12,target_cat_season_idx,-0.00606
MED00039,12,target_cat_season_idx,0.00607
MED00040,12,target_cat_season_idx,-0.00061
MED00041,12,target_cat_season_idx,0.02256
MED00042,12,target_cat_season_idx,-0.00547
MED00043,12,target_cat_season_idx,-0.03596
MED00044,12,target_cat_season_idx,0.00105
MED00045,12,target_cat_season_idx,-0.00243
MED00046,12,target_cat_season_idx,0.0037
MED00047,12,target_cat_season_idx,-0.00469
MED00048,12,target_cat_season_idx,-0.00219
MED00049,12,target_cat_season_idx,-0.0531
MED00050,12,target_cat_season_idx,-0.01021
MED00051,12,target_cat_season_idx,-0.04718
MED00052,12,target_cat_season_idx,-0.01654
MED00053,12,target_cat_season_idx,-0.0026
MED00054,12,target_cat_season_idx,-0.00472
MED00055,12,target_cat_season_idx,-0.01265
MED00056,12,target_cat_season_idx,0.00206
MED00057,12,target_cat_season_idx,0.00937
MED00058,12,target_cat_season_idx,-0.00341
MED00059,12,target_cat_season_idx,-0.00688
MED00060,12,target_cat_season_idx,0.00566
MED00061,12,target_cat_season_idx,-0.01221
MED00062,12,target_cat_season_idx,0.00051
MED00063,12,target_cat_season_idx,-0.04556
MED00064,12,target_cat_season_idx,-0.00176
MED00065,12,target_cat_season_idx,-0.00064
MED00066,12,target_cat_season_idx,-0.03033
MED00067,12,target_cat_season_idx,-0.00465
MED00068,12,target_cat_season_idx,-0.00405
MED00069,12,target_cat_season_idx,0.0017
MED00070,12,target_cat_season_idx,-0.00241
MED00071,12,target_cat_season_idx,0.00127
MED00072,12,target_cat_season_idx,-0.00173
MED00073,12,target_cat_season_idx,-0.00681
MED00074,12,target_cat_season_idx,-0.00352
MED00075,12,target_cat_season_idx,-0.00626
MED00076,12,target_cat_season_idx,-0.05071
MED00077,12,target_cat_season_idx,-0.00794
MED00078,12,target_cat_season_idx,-0.00799
MED00079,12,target_cat_season_idx,-0.00327
MED00080,12,target_cat_season_idx,-0.00742
MED00081,12,target_cat_season_idx,-0.04204
MED00082,12,target_cat_season_idx,-0.0017
MED00084,12,target_cat_season_idx,-0.0003
MED00085,12,target_cat_season_idx,-0.00648
MED00086,12,target_cat_season_idx,0.01893
MED00087,12,target_cat_season_idx,-0.00164
MED00088,12,target_cat_season_idx,-0.00347
MED00089,12,target_cat_season_idx,-0.0106
MED00090,12,target_cat_season_idx,-0.0079
MED00091,12,target_cat_season_idx,-0.00221
MED00092,12,target_cat_season_idx,-0.00151
MED00093,12,target_cat_season_idx,-0.0341
MED00094,12,target_cat_season_idx,-0.00753
MED00095,12,target_cat_season_idx,-0.00622
MED00096,12,target_cat_season_idx,-0.00487
MED00097,12,target_cat_season_idx,0.00992
MED00098,12,target_cat_season_idx,-0.00675
MED00099,12,target_cat_season_idx,-0.03477
MED00100,12,target_cat_season_idx,-0.0447
MED00101,12,target_cat_season_idx,-0.00631
MED00102,12,target_cat_season_idx,0.00172
MED00103,12,target_cat_season_idx,-0.00956
MED00104,12,target_cat_season_idx,-0.00477
MED00105,12,target_cat_season_idx,-0.00111
MED00106,12,target_cat_season_idx,-0.04766
MED00107,12,target_cat_season_idx,-0.00589
MED00108,12,target_cat_season_idx,-0.00634
MED00109,12,target_cat_season_idx,-0.02754
MED00110,12,target_cat_season_idx,-0.04832
MED00111,12,target_cat_season_idx,-0.00779
MED00112,12,target_cat_season_idx,-0.00882
MED00113,12,target_cat_season_idx,0.00017
MED00114,12,target_cat_season_idx,-0.00718
MED00115,12,target_cat_season_idx,-0.0045
MED00116,12,target_cat_season_idx,-0.00293
MED00117,12,target_cat_season_idx,-0.00228
MED00118,12,target_cat_season_idx,-0.00096
MED00119,12,target_cat_season_idx,-0.00261
MED00120,12,target_cat_season_idx,-0.01
MED00121,12,target_cat_season_idx,-0.00633
MED00122,12,target_cat_season_idx,-0.00282
MED00123,12,target_cat_season_idx,0.0086
MED00124,12,target_cat_season_idx,-0.00558
MED00125,12,target_cat_season_idx,-0.05669
MED00126,12,target_cat_season_idx,-0.01482
MED00127,12,target_cat_season_idx,-0.0007
MED00128,12,target_cat_season_idx,-0.00257
MED00129,12,target_cat_season_idx,-0.00271
MED00130,12,target_cat_season_idx,-0.05335
MED00131,12,target_cat_season_idx,0.00182
MED00132,12,target_cat_season_idx,0.02072
MED00133,12,target_cat_season_idx,0.01549
MED00134,12,target_cat_season_idx,-0.05633
MED00135,12,target_cat_season_idx,-0.00896
MED00136,12,target_cat_season_idx,-0.0036
MED00137,12,target_cat_season_idx,-0.00399
MED00138,12,target_cat_season_idx,-0.00339
MED00139,12,target_cat_season_idx,-0.00898
MED00141,12,target_cat_season_idx,-0.00045
MED00142,12,target_cat_season_idx,0.00507
MED00143,12,target_cat_season_idx,-0.00223
MED00144,12,target_cat_season_idx,-0.00674
MED00145,12,target_cat_season_idx,-0.0115
MED00146,12,target_cat_season_idx,-0.00203
MED00147,12,target_cat_season_idx,0.00444
MED00148,12,target_cat_season_idx,0.00316
MED00149,12,target_cat_season_idx,-0.00774
MED00150,12,target_cat_season_idx,-0.00406
MED00151,12,target_cat_season_idx,-0.00296
MED00152,12,target_cat_season_idx,-0.00631
MED00153,12,target_cat_season_idx,-0.00626
MED00154,12,target_cat_season_idx,-0.00391
MED00155,12,target_cat_season_idx,-0.00132
MED00156,12,target_cat_season_idx,0.0017
MED00157,12,target_cat_season_idx,-0.00426
MED00158,12,target_cat_season_idx,-0.03411
MED00159,12,target_cat_season_idx,-0.00973
MED00160,12,target_cat_season_idx,-0.00694
MED00161,12,target_cat_season_idx,-0.00658
MED00162,12,target_cat_season_idx,-0.00459
MED00163,12,target_cat_season_idx,-0.03611
MED00164,12,target_cat_season_idx,0.00248
MED00165,12,target_cat_season_idx,-0.00936
MED00166,12,target_cat_season_idx,-0.00405
MED00167,12,target_cat_season_idx,-0.00176
MED00168,12,target_cat_season_idx,-0.00468
MED00169,12,target_cat_season_idx,-0.00217
MED00170,12,target_cat_season_idx,-0.00262
MED00171,12,target_cat_season_idx,-0.00284
MED00172,12,target_cat_season_idx,-0.00724
MED00173,12,target_cat_season_idx,-0.00756
MED00174,12,target_cat_season_idx,-0.00544
MED00175,12,target_cat_season_idx,-0.00995
MED00176,12,target_cat_season_idx,-0.00968
MED00177,12,target_cat_season_idx,-0.02566
MED00178,12,target_cat_season_idx,0.00986
MED00179,12,target_cat_season_idx,-0.03896
MED00180,12,target_cat_season_idx,-0.00824
MED00181,12,target_cat_season_idx,-0.00938
MED00182,12,target_cat_season_idx,-0.02876
MED00183,12,target_cat_season_idx,-0.0058
MED00184,12,target_cat_season_idx,-0.00529
MED00185,12,target_cat_season_idx,-0.00797
MED00186,12,target_cat_season_idx,-0.0031
MED00187,12,target_cat_season_idx,-0.00136
MED00188,12,target_cat_season_idx,-0.00776
MED00189,12,target_cat_season_idx,-0.05714
MED00190,12,target_cat_season_idx,-0.00495
MED00191,12,target_cat_season_idx,-0.00672
MED00192,12,target_cat_season_idx,-0.05437
MED00193,12,target_cat_season_idx,-0.04834
MED00194,12,target_cat_season_idx,-0.00811
MED00195,12,target_cat_season_idx,-0.00586
MED00196,12,target_cat_season_idx,-0.00768
MED00197,12,target_cat_season_idx,-0.00831
MED00198,12,target_cat_season_idx,-0.00013
MED00199,12,target_cat_season_idx,0.00598
MED00200,12,target_cat_season_idx,-0.00345
MED00201,12,target_cat_season_idx,-0.00328
MED00202,12,target_cat_season_idx,-0.00345
MED00203,12,target_cat_season_idx,-0.00288
MED00204,12,target_cat_season_idx,-0.00309
MED00205,12,target_cat_season_idx,-0.00167
MED00206,12,target_cat_season_idx,-0.00415
MED00207,12,target_cat_season_idx,-0.00635
MED00208,12,target_cat_season_idx,-0.00096
MED00209,12,target_cat_season_idx,0.00459
MED00210,12,target_cat_season_idx,-0.00804
MED00211,12,target_cat_season_idx,-0.00642
MED00212,12,target_cat_season_idx,-0.00379
MED00213,12,target_cat_season_idx,-0.01037
MED00214,12,target_cat_season_idx,-0.00433
MED00215,12,target_cat_season_idx,-0.00409
MED00216,12,target_cat_season_idx,-0.03249
MED00217,12,target_cat_season_idx,-0.05076
MED00218,12,target_cat_season_idx,-0.00506
MED00219,12,target_cat_season_idx,-0.00177
MED00220,12,target_cat_season_idx,-0.00434
MED00221,12,target_cat_season_idx,0.00053
MED00222,12,target_cat_season_idx,0.00881
MED00223,12,target_cat_season_idx,-0.01857
MED00224,12,target_cat_season_idx,-0.00288
MED00225,12,target_cat_season_idx,-0.00654
MED00226,12,target_cat_season_idx,0.00251
MED00227,12,target_cat_season_idx,-0.00398
MED00228,12,target_cat_season_idx,0.00074
MED00229,12,target_cat_season_idx,-0.015
MED00230,12,target_cat_season_idx,-0.00338
MED00231,12,target_cat_season_idx,-0.00185
MED00232,12,target_cat_season_idx,-0.00928
MED00233,12,target_cat_season_idx,0.0181
MED00234,12,target_cat_season_idx,-0.00249
MED00235,12,target_cat_season_idx,-0.00293
MED00236,12,target_cat_season_idx,-0.00388
MED00237,12,target_cat_season_idx,-0.00677
MED00238,12,target_cat_season_idx,-0.00549
MED00239,12,target_cat_season_idx,-0.00727
MED00240,12,target_cat_season_idx,-0.00668
MED00241,12,target_cat_season_idx,-0.00318
MED00242,12,target_cat_season_idx,-0.00774
MED00243,12,target_cat_season_idx,-0.04631
MED00244,12,target_cat_season_idx,-0.00647
MED00245,12,target_cat_season_idx,-0.00315
MED00246,12,target_cat_season_idx,-0.00269
MED00247,12,target_cat_season_idx,-0.00172
MED00248,12,target_cat_season_idx,0.00109
MED00249,12,target_cat_season_idx,-0.00487
MED00250,12,target_cat_season_idx,-0.0024
MED00251,12,target_cat_season_idx,-0.00264
MED00252,12,target_cat_season_idx,0.01477
MED00253,12,target_cat_season_idx,-0.00435
MED00254,12,target_cat_season_idx,0.00868
MED00255,12,target_cat_season_idx,0.00342
MED00256,12,target_cat_season_idx,-0.00647
MED00257,12,target_cat_season_idx,-0.00428
MED00258,12,target_cat_season_idx,-0.00131
MED00259,12,target_cat_season_idx,-0.00501
MED00260,12,target_cat_season_idx,-0.02754
MED00261,12,target_cat_season_idx,-0.01494
MED00262,12,target_cat_season_idx,-0.0049
MED00263,12,target_cat_season_idx,-0.00743
MED00264,12,target_cat_season_idx,-0.03111
MED00265,12,target_cat_season_idx,-0.0052
MED00266,12,target_cat_season_idx,-0.00928
MED00267,12,target_cat_season_idx,-0.00242
MED00268,12,target_cat_season_idx,-0.00207
MED00269,12,target_cat_season_idx,-0.00587
MED00270,12,target_cat_season_idx,-0.00509
MED00271,12,target_cat_season_idx,-0.00471
MED00272,12,target_cat_season_idx,-0.00564
MED00273,12,target_cat_season_idx,-0.00541
MED00274,12,target_cat_season_idx,0.02113
MED00275,12,target_cat_season_idx,-0.01047
MED00276,12,target_cat_season_idx,-0.00528
MED00277,12,target_cat_season_idx,-0.05717
MED00278,12,target_cat_season_idx,-0.00546
MED00279,12,target_cat_season_idx,-0.01203
MED00280,12,target_cat_season_idx,-0.05075
MED00281,12,target_cat_season_idx,-0.00553
MED00282,12,target_cat_season_idx,-0.00995
MED00283,12,target_cat_season_idx,-0.00677
MED00284,12,target_cat_season_idx,0.00553
MED00285,12,target_cat_season_idx,-0.00387
MED00286,12,target_cat_season_idx,-0.00799
MED00287,12,target_cat_season_idx,-0.00772
MED00288,12,target_cat_season_idx,-0.00185
MED00289,12,target_cat_season_idx,-0.00656
MED00290,12,target_cat_season_idx,-0.00157
MED00291,12,target_cat_season_idx,0.00025
MED00292,12,target_cat_season_idx,0.00224
MED00293,12,target_cat_season_idx,-0.00399
MED00294,12,target_cat_season_idx,0.00867
MED00295,12,target_cat_season_idx,-0.03436
MED00296,12,target_cat_season_idx,-0.00743
MED00297,12,target_cat_season_idx,-0.00531
MED00298,12,target_cat_season_idx,-0.00579
MED00299,12,target_cat_season_idx,0.00914
MED00300,12,target_cat_season_idx,-0.00589
MED00301,12,target_cat_season_idx,-0.00345
MED00302,12,target_cat_season_idx,-0.00837
MED00303,12,target_cat_season_idx,-0.00353
MED00304,12,target_cat_season_idx,-0.00142
MED00305,12,target_cat_season_idx,-0.00333
MED00306,12,target_cat_season_idx,-0.05245
MED00307,12,target_cat_season_idx,-0.00395
MED00308,12,target_cat_season_idx,-0.00969
MED00309,12,target_cat_season_idx,-0.00333
MED00310,12,target_cat_season_idx,-0.00147
MED00311,12,target_cat_season_idx,-0.00637
MED00312,12,target_cat_season_idx,0.02257
MED00313,12,target_cat_season_idx,-0.03956
MED00314,12,target_cat_season_idx,-0.01063
MED00315,12,target_cat_season_idx,-0.00404
MED00316,12,target_cat_season_idx,-0.00801
MED00317,12,target_cat_season_idx,-0.00738
MED00318,12,target_cat_season_idx,-0.00014
MED00319,12,target_cat_season_idx,-0.00109
MED00320,12,target_cat_season_idx,-0.0008
MED00321,12,target_cat_season_idx,-0.01679
MED00322,12,target_cat_season_idx,-0.05312
MED00323,12,target_cat_season_idx,0.01234
MED00324,12,target_cat_season_idx,0.00997
MED00325,12,target_cat_season_idx,-0.00416
MED00326,12,target_cat_season_idx,-0.00424
MED00327,12,target_cat_season_idx,-0.00977
MED00328,12,target_cat_season_idx,-0.0066
MED00329,12,target_cat_season_idx,-0.00156
MED00330,12,target_cat_season_idx,-0.00817
MED00331,12,target_cat_season_idx,-0.00268
MED00332,12,target_cat_season_idx,-0.00751
MED00333,12,target_cat_season_idx,-0.00498
MED00334,12,target_cat_season_idx,-0.00357
MED00335,12,target_cat_season_idx,-0.00505
MED00336,12,target_cat_season_idx,-0.00324
MED00337,12,target_cat_season_idx,-0.00351
MED00338,12,target_cat_season_idx,-0.01093
MED00339,12,target_cat_season_idx,0.00275
MED00340,12,target_cat_season_idx,-0.00823
MED00341,12,target_cat_season_idx,-0.00421
MED00342,12,target_cat_season_idx,-0.00654
MED00343,12,target_cat_season_idx,-0.00335
MED00344,12,target_cat_season_idx,0.00423
MED00345,12,target_cat_season_idx,-0.05314
MED00346,12,target_cat_season_idx,-0.00709
MED00347,12,target_cat_season_idx,-0.05136
MED00348,12,target_cat_season_idx,-0.00031
MED00349,12,target_cat_season_idx,-0.00619
MED00350,12,target_cat_season_idx,-0.01204
MED00351,12,target_cat_season_idx,-0.03287
MED00352,12,target_cat_season_idx,-0.02485
MED00353,12,target_cat_season_idx,-0.01536
MED00354,12,target_cat_season_idx,-0.0127
MED00355,12,target_cat_season_idx,-0.00601
MED00356,12,target_cat_season_idx,-0.00303
MED00357,12,target_cat_season_idx,-0.05122
MED00358,12,target_cat_season_idx,0.0012
MED00359,12,target_cat_season_idx,-0.0023
MED00360,12,target_cat_season_idx,-0.00039
MED00361,12,target_cat_season_idx,-0.00653
MED00362,12,target_cat_season_idx,-0.00484
MED00363,12,target_cat_season_idx,-0.00386
MED00364,12,target_cat_season_idx,-0.04826
MED00365,12,target_cat_season_idx,-0.00254
MED00366,12,target_cat_season_idx,-0.00308
MED00367,12,target_cat_season_idx,-0.00196
MED00368,12,target_cat_season_idx,-0.00588
MED00369,12,target_cat_season_idx,-0.00614
MED00370,12,target_cat_season_idx,0.01637
MED00371,12,target_cat_season_idx,-0.00764
MED00372,12,target_cat_season_idx,-0.05647
MED00373,12,target_cat_season_idx,-0.01086
MED00374,12,target_cat_season_idx,0.00151
MED00375,12,target_cat_season_idx,-0.00931
MED00376,12,target_cat_season_idx,-0.0069
MED00377,12,target_cat_season_idx,-0.00853
MED00378,12,target_cat_season_idx,-0.00412
MED00379,12,target_cat_season_idx,-0.01676
MED00380,12,target_cat_season_idx,-0.03229
MED00381,12,target_cat_season_idx,-0.00907
MED00382,12,target_cat_season_idx,-0.0009
MED00383,12,target_cat_season_idx,-0.00485
MED00384,12,target_cat_season_idx,-0.00156
MED00385,12,target_cat_season_idx,-0.0094
MED00386,12,target_cat_season_idx,-0.0038
MED00387,12,target_cat_season_idx,-0.01228
MED00388,12,target_cat_season_idx,-0.00327
MED00389,12,target_cat_season_idx,-0.00457
MED00390,12,target_cat_season_idx,-0.00964
MED00391,12,target_cat_season_idx,-0.01362
MED00392,12,target_cat_season_idx,-0.00995
MED00393,12,target_cat_season_idx,-0.00618
MED00394,12,target_cat_season_idx,-0.00681
MED00395,12,target_cat_season_idx,-0.01179
MED00396,12,target_cat_season_idx,-0.00394
MED00397,12,target_cat_season_idx,-0.00425
MED00398,12,target_cat_season_idx,-0.00336
MED00399,12,target_cat_season_idx,-0.00325
MED00400,12,target_cat_season_idx,-0.00365
MED00401,12,target_cat_season_idx,-0.00355
MED00402,12,target_cat_season_idx,-0.00634
MED00403,12,target_cat_season_idx,-0.00631
MED00404,12,target_cat_season_idx,-0.00381
MED00405,12,target_cat_season_idx,-0.0063
MED00406,12,target_cat_season_idx,-0.01
MED00407,12,target_cat_season_idx,-0.00688
MED00408,12,target_cat_season_idx,-0.00461
MED00409,12,target_cat_season_idx,0.00249
MED00410,12,target_cat_season_idx,-0.00163
MED00411,12,target_cat_season_idx,-0.0039
MED00412,12,target_cat_season_idx,-0.00121
MED00413,12,target_cat_season_idx,-0.00024
MED00414,12,target_cat_season_idx,-0.00446
MED00415,12,target_cat_season_idx,-0.00186
MED00416,12,target_cat_season_idx,-0.00425
MED00417,12,target_cat_season_idx,-0.0005
MED00418,12,target_cat_season_idx,-0.00849
MED00419,12,target_cat_season_idx,-0.00805
MED00420,12,target_cat_season_idx,-0.0082
MED00421,12,target_cat_season_idx,-0.00989
MED00422,12,target_cat_season_idx,-0.00896
MED00423,12,target_cat_season_idx,-0.00499
MED00424,12,target_cat_season_idx,-0.00158
MED00001,1,woy_sin,-0.0101
MED00002,1,woy_sin,-0.00583
MED00003,1,woy_sin,-0.03216
MED00004,1,woy_sin,-0.02961
MED00005,1,woy_sin,0.00894
MED00006,1,woy_sin,0.02339
MED00007,1,woy_sin,0.05872
MED00008,1,woy_sin,0.01938
MED00009,1,woy_sin,-0.00235
MED00010,1,woy_sin,-0.02522
MED00011,1,woy_sin,-0.1095
MED00012,1,woy_sin,0.02748
MED00013,1,woy_sin,0.02078
MED00014,1,woy_sin,0.01178
MED00015,1,woy_sin,0.02884
MED00016,1,woy_sin,0.03085
MED00017,1,woy_sin,0.02348
MED00018,1,woy_sin,-0.04227
MED00019,1,woy_sin,-0.02692
MED00020,1,woy_sin,-0.02434
MED00021,1,woy_sin,0.00343
MED00022,1,woy_sin,0.02127
MED00023,1,woy_sin,0.04437
MED00024,1,woy_sin,0.00551
MED00025,1,woy_sin,-0.0626
MED00026,1,woy_sin,-0.05413
MED00027,1,woy_sin,-0.06749
MED00028,1,woy_sin,0.01113
MED00029,1,woy_sin,0.02111
MED00030,1,woy_sin,0.01455
MED00031,1,woy_sin,-0.02519
MED00032,1,woy_sin,0.01575
MED00033,1,woy_sin,0.00341
MED00034,1,woy_sin,-0.03907
MED00035,1,woy_sin,-0.07396
MED00036,1,woy_sin,0.00166
MED00037,1,woy_sin,-0.02865
MED00038,1,woy_sin,0.02181
MED00039,1,woy_sin,-0.0501
MED00040,1,woy_sin,0.01058
MED00041,1,woy_sin,-0.01392
MED00042,1,woy_sin,-0.06924
MED00043,1,woy_sin,-0.0203
MED00044,1,woy_sin,0.03099
MED00045,1,woy_sin,0.02354
MED00046,1,woy_sin,0.00687
MED00047,1,woy_sin,0.02626
MED00048,1,woy_sin,0.01799
MED00049,1,woy_sin,-0.03698
MED00050,1,woy_sin,0.01438
MED00051,1,woy_sin,-0.02389
MED00052,1,woy_sin,-0.01214
MED00053,1,woy_sin,0.01561
MED00054,1,woy_sin,0.0267
MED00055,1,woy_sin,-0.04934
MED00056,1,woy_sin,-0.04139
MED00057,1,woy_sin,-0.02022
MED00058,1,woy_sin,0.01961
MED00059,1,woy_sin,0.01478
MED00060,1,woy_sin,-0.00934
MED00061,1,woy_sin,0.00913
MED00062,1,woy_sin,-0.00456
MED00063,1,woy_sin,-0.02628
MED00064,1,woy_sin,-0.05785
MED00065,1,woy_sin,0.02326
MED00066,1,woy_sin,0.01134
MED00067,1,woy_sin,0.03331
MED00068,1,woy_sin,0.01008
MED00069,1,woy_sin,0.03213
MED00070,1,woy_sin,0.04127
MED00071,1,woy_sin,0.0223
MED00072,1,woy_sin,0.0337
MED00073,1,woy_sin,-0.00528
MED00074,1,woy_sin,0.0259
MED00075,1,woy_sin,0.03038
MED00076,1,woy_sin,-0.0195
MED00077,1,woy_sin,0.00747
MED00078,1,woy_sin,0.01264
MED00079,1,woy_sin,-0.08167
MED00080,1,woy_sin,0.01216
MED00081,1,woy_sin,-0.01842
MED00082,1,woy_sin,0.00918
MED00083,1,woy_sin,-0.03388
MED00084,1,woy_sin,-0.0006
MED00085,1,woy_sin,0.03441
MED00086,1,woy_sin,-0.04165
MED00087,1,woy_sin,0.02533
MED00088,1,woy_sin,-0.03535
MED00089,1,woy_sin,-0.0277
MED00090,1,woy_sin,0.0288
MED00091,1,woy_sin,0.03545
MED00092,1,woy_sin,0.01941
MED00093,1,woy_sin,-0.05253
MED00094,1,woy_sin,-0.00514
MED00095,1,woy_sin,0.02034
MED00097,1,woy_sin,-0.0321
MED00098,1,woy_sin,0.00817
MED00099,1,woy_sin,-0.06941
MED00100,1,woy_sin,-0.01378
MED00101,1,woy_sin,0.01859
MED00102,1,woy_sin,-0.05461
MED00103,1,woy_sin,0.02043
MED00104,1,woy_sin,0.02395
MED00105,1,woy_sin,0.01276
MED00106,1,woy_sin,-0.01626
MED00107,1,woy_sin,0.01881
MED00108,1,woy_sin,0.02026
MED00109,1,woy_sin,-0.04858
MED00110,1,woy_sin,-0.03985
MED00111,1,woy_sin,0.03214
MED00112,1,woy_sin,0.01749
MED00113,1,woy_sin,0.04032
MED00114,1,woy_sin,-0.00251
MED00115,1,woy_sin,0.02784
MED00116,1,woy_sin,-0.03528
MED00117,1,woy_sin,0.0324
MED00118,1,woy_sin,0.02039
MED00119,1,woy_sin,0.03041
MED00120,1,woy_sin,-0.03311
MED00121,1,woy_sin,0.02412
MED00122,1,woy_sin,0.0347
MED00123,1,woy_sin,-0.01083
MED00124,1,woy_sin,0.01975
MED00125,1,woy_sin,-0.01865
MED00126,1,woy_sin,-0.03565
MED00127,1,woy_sin,-0.02146
MED00128,1,woy_sin,0.02936
MED00129,1,woy_sin,0.02222
MED00130,1,woy_sin,-0.03446
MED00131,1,woy_sin,0.02474
MED00132,1,woy_sin,-0.02081
MED00133,1,woy_sin,0.0111
MED00134,1,woy_sin,-0.06305
MED00135,1,woy_sin,-0.0567
MED00136,1,woy_sin,0.00074
MED00137,1,woy_sin,-0.01724
MED00138,1,woy_sin,0.02304
MED00139,1,woy_sin,0.01865
MED00140,1,woy_sin,0.02819
MED00141,1,woy_sin,-0.00155
MED00142,1,woy_sin,-0.00175
MED00143,1,woy_sin,0.03146
MED00144,1,woy_sin,0.02092
MED00145,1,woy_sin,0.0198
MED00146,1,woy_sin,0.03665
MED00147,1,woy_sin,0.01687
MED00148,1,woy_sin,-0.00856
MED00149,1,woy_sin,0.0206
MED00150,1,woy_sin,0.05226
MED00151,1,woy_sin,0.02655
MED00152,1,woy_sin,0.0377
MED00153,1,woy_sin,0.03218
MED00154,1,woy_sin,0.011
MED00155,1,woy_sin,0.02428
MED00156,1,woy_sin,0.02321
MED00157,1,woy_sin,0.01935
MED00158,1,woy_sin,-0.04959
MED00159,1,woy_sin,-0.06063
MED00160,1,woy_sin,0.01606
MED00161,1,woy_sin,0.01894
MED00162,1,woy_sin,0.03005
MED00163,1,woy_sin,-0.01239
MED00164,1,woy_sin,0.0373
MED00165,1,woy_sin,0.00571
MED00166,1,woy_sin,0.02977
MED00167,1,woy_sin,0.02624
MED00168,1,woy_sin,0.03629
MED00169,1,woy_sin,0.02881
MED00170,1,woy_sin,0.03915
MED00171,1,woy_sin,0.03112
MED00172,1,woy_sin,0.05853
MED00173,1,woy_sin,0.02664
MED00174,1,woy_sin,-0.00868
MED00175,1,woy_sin,-0.04211
MED00176,1,woy_sin,-0.05009
MED00177,1,woy_sin,-0.03973
MED00178,1,woy_sin,-0.00677
MED00179,1,woy_sin,-0.03174
MED00180,1,woy_sin,0.03565
MED00181,1,woy_sin,0.01935
MED00182,1,woy_sin,-0.06161
MED00183,1,woy_sin,-0.13649
MED00184,1,woy_sin,0.00807
MED00185,1,woy_sin,0.03664
MED00186,1,woy_sin,0.03449
MED00188,1,woy_sin,0.01902
MED00189,1,woy_sin,-0.03065
MED00190,1,woy_sin,0.03138
MED00191,1,woy_sin,0.01704
MED00192,1,woy_sin,-0.0148
MED00193,1,woy_sin,-0.02566
MED00194,1,woy_sin,0.03201
MED00195,1,woy_sin,0.00715
MED00196,1,woy_sin,0.00253
MED00197,1,woy_sin,0.03648
MED00198,1,woy_sin,0.02465
MED00199,1,woy_sin,0.02335
MED00200,1,woy_sin,0.02317
MED00201,1,woy_sin,-0.003
MED00202,1,woy_sin,0.03565
MED00203,1,woy_sin,0.03945
MED00204,1,woy_sin,0.0333
MED00205,1,woy_sin,0.01076
MED00206,1,woy_sin,0.05476
MED00207,1,woy_sin,0.0231
MED00208,1,woy_sin,0.01782
MED00209,1,woy_sin,0.04564
MED00210,1,woy_sin,-0.02915
MED00211,1,woy_sin,0.0175
MED00212,1,woy_sin,-0.01359
MED00213,1,woy_sin,-0.04141
MED00214,1,woy_sin,0.02445
MED00215,1,woy_sin,0.0262
MED00216,1,woy_sin,-0.02887
MED00217,1,woy_sin,-0.0081
MED00218,1,woy_sin,0.02098
MED00219,1,woy_sin,-0.0171
MED00220,1,woy_sin,0.02067
MED00222,1,woy_sin,-0.01141
MED00223,1,woy_sin,-0.0431
MED00224,1,woy_sin,0.03454
MED00225,1,woy_sin,0.01713
MED00226,1,woy_sin,0.00084
MED00227,1,woy_sin,0.00187
MED00228,1,woy_sin,-0.0023
MED00229,1,woy_sin,-0.06201
MED00230,1,woy_sin,0.00556
MED00231,1,woy_sin,0.0202
MED00232,1,woy_sin,0.0174
MED00233,1,woy_sin,-0.02094
MED00234,1,woy_sin,0.03028
MED00235,1,woy_sin,0.03255
MED00236,1,woy_sin,0.02353
MED00237,1,woy_sin,0.00341
MED00238,1,woy_sin,0.01879
MED00239,1,woy_sin,0.01546
MED00240,1,woy_sin,0.00716
MED00241,1,woy_sin,0.0216
MED00242,1,woy_sin,0.00267
MED00243,1,woy_sin,-0.00135
MED00244,1,woy_sin,0.03075
MED00245,1,woy_sin,0.05739
MED00246,1,woy_sin,0.0082
MED00247,1,woy_sin,0.02503
MED00248,1,woy_sin,-0.01271
MED00249,1,woy_sin,-0.09847
MED00250,1,woy_sin,0.00843
MED00251,1,woy_sin,0.02872
MED00252,1,woy_sin,-0.00154
MED00253,1,woy_sin,0.01667
MED00254,1,woy_sin,0.00825
MED00255,1,woy_sin,0.0195
MED00256,1,woy_sin,0.05503
MED00257,1,woy_sin,0.01657
MED00258,1,woy_sin,0.01755
MED00259,1,woy_sin,0.02784
MED00260,1,woy_sin,0.00344
MED00261,1,woy_sin,-0.0155
MED00262,1,woy_sin,0.00846
MED00263,1,woy_sin,0.01831
MED00264,1,woy_sin,-0.05174
MED00265,1,woy_sin,0.02061
MED00266,1,woy_sin,-0.03534
MED00267,1,woy_sin,0.00999
MED00268,1,woy_sin,0.03099
MED00269,1,woy_sin,0.03585
MED00270,1,woy_sin,0.03597
MED00271,1,woy_sin,0.06422
MED00272,1,woy_sin,-0.01288
MED00273,1,woy_sin,-0.00577
MED00274,1,woy_sin,-0.01956
MED00275,1,woy_sin,-0.00265
MED00276,1,woy_sin,0.02897
MED00277,1,woy_sin,-0.03157
MED00278,1,woy_sin,0.02322
MED00279,1,woy_sin,-0.01127
MED00280,1,woy_sin,-0.02009
MED00281,1,woy_sin,0.00079
MED00282,1,woy_sin,-0.0106
MED00283,1,woy_sin,0.03136
MED00284,1,woy_sin,0.07262
MED00285,1,woy_sin,0.01681
MED00286,1,woy_sin,0.0108
MED00287,1,woy_sin,0.01582
MED00288,1,woy_sin,-0.0133
MED00289,1,woy_sin,-0.00441
MED00290,1,woy_sin,0.01876
MED00291,1,woy_sin,-0.0034
MED00292,1,woy_sin,-0.00642
MED00293,1,woy_sin,0.03732
MED00294,1,woy_sin,-0.01363
MED00295,1,woy_sin,-0.04233
MED00296,1,woy_sin,0.01093
MED00297,1,woy_sin,0.01516
MED00298,1,woy_sin,0.0325
MED00299,1,woy_sin,-0.0155
MED00300,1,woy_sin,0.02622
MED00301,1,woy_sin,0.01545
MED00302,1,woy_sin,-0.03428
MED00303,1,woy_sin,-0.00336
MED00304,1,woy_sin,0.00959
MED00305,1,woy_sin,0.03423
MED00306,1,woy_sin,-0.08331
MED00307,1,woy_sin,-0.06423
MED00308,1,woy_sin,-0.0056
MED00309,1,woy_sin,-0.00664
MED00310,1,woy_sin,-0.00633
MED00311,1,woy_sin,-0.03798
MED00312,1,woy_sin,-0.01379
MED00313,1,woy_sin,0.00573
MED00314,1,woy_sin,-0.08982
MED00315,1,woy_sin,0.02301
MED00316,1,woy_sin,0.01663
MED00317,1,woy_sin,0.02663
MED00318,1,woy_sin,0.02793
MED00319,1,woy_sin,0.02386
MED00320,1,woy_sin,-0.04189
MED00321,1,woy_sin,-0.01842
MED00322,1,woy_sin,-0.0304
MED00323,1,woy_sin,-0.02288
MED00324,1,woy_sin,0.04941
MED00325,1,woy_sin,0.01521
MED00326,1,woy_sin,0.02267
MED00327,1,woy_sin,0.01392
MED00328,1,woy_sin,0.0163
MED00329,1,woy_sin,0.02396
MED00330,1,woy_sin,0.00701
MED00331,1,woy_sin,0.03921
MED00332,1,woy_sin,0.01553
MED00333,1,woy_sin,0.01427
MED00334,1,woy_sin,0.00753
MED00335,1,woy_sin,-0.02593
MED00336,1,woy_sin,0.01217
MED00337,1,woy_sin,0.01347
MED00338,1,woy_sin,-0.06663
MED00339,1,woy_sin,0.01775
MED00340,1,woy_sin,-0.0359
MED00341,1,woy_sin,0.00708
MED00342,1,woy_sin,0.03351
MED00343,1,woy_sin,0.02294
MED00344,1,woy_sin,-0.07021
MED00345,1,woy_sin,-0.0266
MED00346,1,woy_sin,0.01955
MED00347,1,woy_sin,-0.0071
MED00348,1,woy_sin,0.02475
MED00349,1,woy_sin,0.03036
MED00350,1,woy_sin,-0.001
MED00351,1,woy_sin,-0.02898
MED00352,1,woy_sin,-0.08213
MED00353,1,woy_sin,-0.03663
MED00354,1,woy_sin,-0.04483
MED00355,1,woy_sin,0.0376
MED00356,1,woy_sin,0.0346
MED00357,1,woy_sin,-0.0121
MED00358,1,woy_sin,-0.01022
MED00359,1,woy_sin,0.02837
MED00360,1,woy_sin,0.05028
MED00361,1,woy_sin,0.0347
MED00362,1,woy_sin,0.05104
MED00363,1,woy_sin,0.02836
MED00364,1,woy_sin,-0.01338
MED00365,1,woy_sin,0.02826
MED00366,1,woy_sin,0.02438
MED00367,1,woy_sin,0.02864
MED00368,1,woy_sin,0.0196
MED00369,1,woy_sin,0.03036
MED00370,1,woy_sin,-0.02782
MED00371,1,woy_sin,-0.02713
MED00372,1,woy_sin,-0.03387
MED00373,1,woy_sin,0.00188
MED00374,1,woy_sin,0.04581
MED00375,1,woy_sin,-0.00812
MED00376,1,woy_sin,0.02768
MED00377,1,woy_sin,-0.02141
MED00378,1,woy_sin,0.03361
MED00379,1,woy_sin,-0.01616
MED00380,1,woy_sin,-0.04639
MED00381,1,woy_sin,0.01242
MED00382,1,woy_sin,0.01687
MED00383,1,woy_sin,0.02002
MED00384,1,woy_sin,0.03214
MED00385,1,woy_sin,0.00155
MED00386,1,woy_sin,0.00753
MED00387,1,woy_sin,0.0148
MED00388,1,woy_sin,-0.10971
MED00389,1,woy_sin,0.03069
MED00390,1,woy_sin,0.00227
MED00391,1,woy_sin,-0.01058
MED00392,1,woy_sin,-0.01051
MED00393,1,woy_sin,-0.00928
MED00394,1,woy_sin,-0.00725
MED00395,1,woy_sin,-0.01722
MED00396,1,woy_sin,0.04359
MED00397,1,woy_sin,-0.00983
MED00398,1,woy_sin,-0.04264
MED00399,1,woy_sin,-0.10174
MED00400,1,woy_sin,-0.02964
MED00401,1,woy_sin,0.01058
MED00402,1,woy_sin,0.01092
MED00403,1,woy_sin,0.01061
MED00404,1,woy_sin,0.01197
MED00405,1,woy_sin,0.01373
MED00406,1,woy_sin,0.00378
MED00407,1,woy_sin,0.00594
MED00408,1,woy_sin,0.01581
MED00409,1,woy_sin,0.03807
MED00410,1,woy_sin,0.03669
MED00411,1,woy_sin,-0.01231
MED00412,1,woy_sin,0.00693
MED00413,1,woy_sin,-0.00302
MED00414,1,woy_sin,-0.00346
MED00415,1,woy_sin,0.00701
MED00416,1,woy_sin,-0.00352
MED00417,1,woy_sin,-0.00288
MED00418,1,woy_sin,-0.00566
MED00419,1,woy_sin,-0.01146
MED00420,1,woy_sin,0.01582
MED00421,1,woy_sin,0.01519
MED00422,1,woy_sin,-0.0041
MED00423,1,woy_sin,0.00022
MED00424,1,woy_sin,-0.06488
MED00001,2,woy_sin,0.03323
MED00002,2,woy_sin,0.01627
MED00003,2,woy_sin,-0.01019
MED00004,2,woy_sin,-0.0215
MED00005,2,woy_sin,0.01813
MED00006,2,woy_sin,0.03271
MED00007,2,woy_sin,0.06534
MED00008,2,woy_sin,0.0337
MED00009,2,woy_sin,0.04019
MED00010,2,woy_sin,0.01448
MED00011,2,woy_sin,-0.04859
MED00012,2,woy_sin,0.04624
MED00013,2,woy_sin,0.03151
MED00014,2,woy_sin,0.01711
MED00015,2,woy_sin,0.05266
MED00016,2,woy_sin,0.0391
MED00017,2,woy_sin,0.03061
MED00018,2,woy_sin,-0.04925
MED00019,2,woy_sin,-0.03326
MED00020,2,woy_sin,0.04101
MED00021,2,woy_sin,0.03412
MED00022,2,woy_sin,0.04867
MED00023,2,woy_sin,0.04716
MED00024,2,woy_sin,0.03308
MED00025,2,woy_sin,-0.03344
MED00026,2,woy_sin,-0.03724
MED00027,2,woy_sin,-0.04741
MED00028,2,woy_sin,0.02708
MED00029,2,woy_sin,0.06332
MED00030,2,woy_sin,0.05704
MED00031,2,woy_sin,0.01508
MED00032,2,woy_sin,0.02814
MED00033,2,woy_sin,0.01854
MED00034,2,woy_sin,0.00114
MED00035,2,woy_sin,-0.07341
MED00036,2,woy_sin,0.05041
MED00037,2,woy_sin,-0.04641
MED00038,2,woy_sin,0.04697
MED00039,2,woy_sin,-0.03015
MED00040,2,woy_sin,0.00798
MED00041,2,woy_sin,0.01957
MED00042,2,woy_sin,-0.03864
MED00043,2,woy_sin,-0.0138
MED00044,2,woy_sin,0.05582
MED00045,2,woy_sin,0.02728
MED00046,2,woy_sin,0.04501
MED00047,2,woy_sin,0.03279
MED00048,2,woy_sin,0.02512
MED00049,2,woy_sin,-0.01366
MED00050,2,woy_sin,0.02004
MED00051,2,woy_sin,-0.00952
MED00052,2,woy_sin,-0.00328
MED00053,2,woy_sin,0.0664
MED00054,2,woy_sin,0.09517
MED00055,2,woy_sin,-0.06271
MED00056,2,woy_sin,-0.04501
MED00057,2,woy_sin,-0.00899
MED00058,2,woy_sin,0.03074
MED00059,2,woy_sin,0.03018
MED00060,2,woy_sin,0.00371
MED00061,2,woy_sin,0.02802
MED00062,2,woy_sin,0.00571
MED00063,2,woy_sin,-0.00403
MED00064,2,woy_sin,-0.05466
MED00065,2,woy_sin,0.01242
MED00066,2,woy_sin,0.03505
MED00067,2,woy_sin,0.04234
MED00068,2,woy_sin,0.03665
MED00069,2,woy_sin,0.0536
MED00070,2,woy_sin,0.06725
MED00071,2,woy_sin,0.04641
MED00072,2,woy_sin,0.05211
MED00073,2,woy_sin,0.02106
MED00074,2,woy_sin,0.06615
MED00075,2,woy_sin,0.05571
MED00076,2,woy_sin,0.00077
MED00077,2,woy_sin,0.05169
MED00078,2,woy_sin,0.07348
MED00079,2,woy_sin,-0.03541
MED00080,2,woy_sin,0.0391
MED00081,2,woy_sin,0.0036
MED00082,2,woy_sin,0.05456
MED00083,2,woy_sin,-0.00698
MED00084,2,woy_sin,0.00434
MED00085,2,woy_sin,0.04199
MED00086,2,woy_sin,-0.03927
MED00087,2,woy_sin,0.04042
MED00088,2,woy_sin,-0.03874
MED00089,2,woy_sin,0.02232
MED00090,2,woy_sin,0.03233
MED00091,2,woy_sin,0.04332
MED00092,2,woy_sin,0.02881
MED00093,2,woy_sin,-0.0362
MED00094,2,woy_sin,0.00517
MED00095,2,woy_sin,0.02869
MED00096,2,woy_sin,0.0017
MED00097,2,woy_sin,-0.03044
MED00098,2,woy_sin,0.01801
MED00099,2,woy_sin,-0.05682
MED00100,2,woy_sin,0.00758
MED00101,2,woy_sin,0.05197
MED00102,2,woy_sin,-0.06894
MED00103,2,woy_sin,0.03296
MED00104,2,woy_sin,0.03035
MED00105,2,woy_sin,0.01647
MED00106,2,woy_sin,0.00553
MED00107,2,woy_sin,0.02586
MED00108,2,woy_sin,0.02936
MED00109,2,woy_sin,-0.04198
MED00110,2,woy_sin,-0.03192
MED00111,2,woy_sin,0.04598
MED00112,2,woy_sin,0.02705
MED00113,2,woy_sin,0.05007
MED00114,2,woy_sin,0.05811
MED00115,2,woy_sin,0.03875
MED00116,2,woy_sin,-0.0226
MED00117,2,woy_sin,0.07095
MED00118,2,woy_sin,0.02752
MED00119,2,woy_sin,0.03975
MED00120,2,woy_sin,-0.00419
MED00121,2,woy_sin,0.02528
MED00122,2,woy_sin,0.04506
MED00123,2,woy_sin,0.02589
MED00124,2,woy_sin,0.02712
MED00125,2,woy_sin,0.00385
MED00126,2,woy_sin,-0.02666
MED00127,2,woy_sin,0.0096
MED00128,2,woy_sin,0.03806
MED00129,2,woy_sin,0.04172
MED00130,2,woy_sin,-0.01069
MED00131,2,woy_sin,0.04425
MED00132,2,woy_sin,0.01545
MED00133,2,woy_sin,0.03659
MED00134,2,woy_sin,-0.05506
MED00135,2,woy_sin,-0.01844
MED00136,2,woy_sin,0.05036
MED00137,2,woy_sin,0.00674
MED00138,2,woy_sin,0.02465
MED00139,2,woy_sin,0.03444
MED00140,2,woy_sin,0.03518
MED00141,2,woy_sin,0.02652
MED00142,2,woy_sin,-0.00104
MED00143,2,woy_sin,0.03718
MED00144,2,woy_sin,0.0215
MED00145,2,woy_sin,0.03972
MED00146,2,woy_sin,0.05759
MED00147,2,woy_sin,0.03129
MED00148,2,woy_sin,0.00414
MED00149,2,woy_sin,0.05246
MED00150,2,woy_sin,0.05658
MED00151,2,woy_sin,0.03558
MED00152,2,woy_sin,0.04464
MED00153,2,woy_sin,0.042
MED00154,2,woy_sin,0.01723
MED00155,2,woy_sin,0.03261
MED00156,2,woy_sin,0.03748
MED00157,2,woy_sin,0.02803
MED00158,2,woy_sin,-0.02964
MED00159,2,woy_sin,-0.03031
MED00160,2,woy_sin,0.0238
MED00161,2,woy_sin,0.03428
MED00162,2,woy_sin,0.04464
MED00163,2,woy_sin,0.01865
MED00164,2,woy_sin,0.06032
MED00165,2,woy_sin,0.05851
MED00166,2,woy_sin,0.04349
MED00167,2,woy_sin,0.03337
MED00168,2,woy_sin,0.04459
MED00169,2,woy_sin,0.0531
MED00170,2,woy_sin,0.04662
MED00171,2,woy_sin,0.03968
MED00172,2,woy_sin,0.06489
MED00173,2,woy_sin,0.04206
MED00174,2,woy_sin,-0.0028
MED00175,2,woy_sin,-0.05343
MED00176,2,woy_sin,0.02909
MED00177,2,woy_sin,-0.01956
MED00178,2,woy_sin,0.02496
MED00179,2,woy_sin,-0.0167
MED00180,2,woy_sin,0.05295
MED00181,2,woy_sin,0.03167
MED00182,2,woy_sin,-0.05183
MED00183,2,woy_sin,-0.08535
MED00184,2,woy_sin,0.06455
MED00185,2,woy_sin,0.07976
MED00186,2,woy_sin,0.04596
MED00187,2,woy_sin,0.03928
MED00188,2,woy_sin,0.02666
MED00189,2,woy_sin,-0.00825
MED00190,2,woy_sin,0.04092
MED00191,2,woy_sin,0.06184
MED00192,2,woy_sin,0.00862
MED00193,2,woy_sin,0.00314
MED00194,2,woy_sin,0.07209
MED00195,2,woy_sin,0.06281
MED00196,2,woy_sin,0.05187
MED00197,2,woy_sin,0.07576
MED00198,2,woy_sin,0.03235
MED00199,2,woy_sin,0.07575
MED00200,2,woy_sin,0.03371
MED00201,2,woy_sin,0.0103
MED00202,2,woy_sin,0.05259
MED00203,2,woy_sin,0.0554
MED00204,2,woy_sin,0.04018
MED00205,2,woy_sin,0.01182
MED00206,2,woy_sin,0.05811
MED00207,2,woy_sin,0.03343
MED00208,2,woy_sin,0.02037
MED00209,2,woy_sin,0.08176
MED00210,2,woy_sin,-0.04283
MED00211,2,woy_sin,0.02904
MED00212,2,woy_sin,0.03261
MED00213,2,woy_sin,-0.02663
MED00214,2,woy_sin,0.03889
MED00215,2,woy_sin,0.03638
MED00216,2,woy_sin,-0.00843
MED00217,2,woy_sin,0.0122
MED00218,2,woy_sin,0.03581
MED00219,2,woy_sin,-0.02748
MED00220,2,woy_sin,0.03924
MED00221,2,woy_sin,0.03432
MED00222,2,woy_sin,-0.01127
MED00223,2,woy_sin,0.03034
MED00224,2,woy_sin,0.04445
MED00225,2,woy_sin,0.02449
MED00226,2,woy_sin,0.04153
MED00227,2,woy_sin,0.00554
MED00228,2,woy_sin,0.03799
MED00229,2,woy_sin,-0.05348
MED00230,2,woy_sin,0.02741
MED00231,2,woy_sin,0.0273
MED00232,2,woy_sin,0.02497
MED00233,2,woy_sin,0.01199
MED00234,2,woy_sin,0.03561
MED00235,2,woy_sin,0.04153
MED00236,2,woy_sin,0.04875
MED00237,2,woy_sin,0.04266
MED00238,2,woy_sin,0.04585
MED00239,2,woy_sin,0.025
MED00240,2,woy_sin,0.03392
MED00241,2,woy_sin,0.03247
MED00242,2,woy_sin,0.05115
MED00243,2,woy_sin,0.02081
MED00244,2,woy_sin,0.03904
MED00245,2,woy_sin,0.08479
MED00246,2,woy_sin,0.01557
MED00247,2,woy_sin,0.03102
MED00248,2,woy_sin,0.01595
MED00249,2,woy_sin,-0.0555
MED00250,2,woy_sin,0.03375
MED00251,2,woy_sin,0.03526
MED00252,2,woy_sin,0.00234
MED00253,2,woy_sin,0.02779
MED00254,2,woy_sin,0.02721
MED00255,2,woy_sin,0.07517
MED00256,2,woy_sin,0.05975
MED00257,2,woy_sin,0.04255
MED00258,2,woy_sin,0.02957
MED00259,2,woy_sin,0.03488
MED00260,2,woy_sin,0.03282
MED00261,2,woy_sin,0.02272
MED00262,2,woy_sin,0.03531
MED00263,2,woy_sin,0.02643
MED00264,2,woy_sin,-0.04393
MED00265,2,woy_sin,0.02811
MED00266,2,woy_sin,-0.00234
MED00267,2,woy_sin,0.01012
MED00268,2,woy_sin,0.03941
MED00269,2,woy_sin,0.04283
MED00270,2,woy_sin,0.04343
MED00271,2,woy_sin,0.06336
MED00272,2,woy_sin,0.03
MED00273,2,woy_sin,0.03651
MED00274,2,woy_sin,0.0618
MED00275,2,woy_sin,0.04149
MED00276,2,woy_sin,0.03582
MED00277,2,woy_sin,-0.00898
MED00278,2,woy_sin,0.03904
MED00279,2,woy_sin,0.05605
MED00280,2,woy_sin,0.00017
MED00281,2,woy_sin,0.04732
MED00282,2,woy_sin,0.03153
MED00283,2,woy_sin,0.04703
MED00284,2,woy_sin,0.09745
MED00285,2,woy_sin,0.02379
MED00286,2,woy_sin,0.02554
MED00287,2,woy_sin,0.02317
MED00288,2,woy_sin,-0.02682
MED00289,2,woy_sin,0.02562
MED00290,2,woy_sin,0.02316
MED00291,2,woy_sin,0.03603
MED00292,2,woy_sin,0.01672
MED00293,2,woy_sin,0.03479
MED00294,2,woy_sin,0.01532
MED00295,2,woy_sin,-0.03249
MED00296,2,woy_sin,0.02146
MED00297,2,woy_sin,0.02584
MED00298,2,woy_sin,0.04142
MED00299,2,woy_sin,-0.0182
MED00300,2,woy_sin,0.04323
MED00301,2,woy_sin,0.03329
MED00302,2,woy_sin,-0.00494
MED00303,2,woy_sin,0.04068
MED00304,2,woy_sin,0.03043
MED00305,2,woy_sin,0.05099
MED00306,2,woy_sin,-0.08366
MED00307,2,woy_sin,0.03571
MED00308,2,woy_sin,0.02704
MED00309,2,woy_sin,0.02462
MED00310,2,woy_sin,0.0079
MED00311,2,woy_sin,0.00769
MED00312,2,woy_sin,0.025
MED00313,2,woy_sin,0.01584
MED00314,2,woy_sin,-0.05985
MED00315,2,woy_sin,0.03122
MED00316,2,woy_sin,0.02579
MED00317,2,woy_sin,0.0387
MED00318,2,woy_sin,0.04836
MED00319,2,woy_sin,0.03032
MED00320,2,woy_sin,-0.0268
MED00321,2,woy_sin,-0.00669
MED00322,2,woy_sin,-0.0103
MED00323,2,woy_sin,0.01354
MED00324,2,woy_sin,0.09592
MED00325,2,woy_sin,0.02884
MED00326,2,woy_sin,0.03046
MED00327,2,woy_sin,0.01186
MED00328,2,woy_sin,0.02304
MED00329,2,woy_sin,0.03041
MED00330,2,woy_sin,0.01839
MED00331,2,woy_sin,0.0455
MED00332,2,woy_sin,0.02336
MED00333,2,woy_sin,0.04194
MED00334,2,woy_sin,0.00589
MED00335,2,woy_sin,0.00222
MED00336,2,woy_sin,0.04783
MED00337,2,woy_sin,0.06532
MED00338,2,woy_sin,-0.03098
MED00339,2,woy_sin,0.04922
MED00340,2,woy_sin,-0.036
MED00341,2,woy_sin,0.00752
MED00342,2,woy_sin,0.042
MED00343,2,woy_sin,0.02951
MED00344,2,woy_sin,-0.08846
MED00345,2,woy_sin,-0.00346
MED00346,2,woy_sin,0.03068
MED00347,2,woy_sin,0.01383
MED00348,2,woy_sin,0.05298
MED00349,2,woy_sin,0.038
MED00350,2,woy_sin,0.02658
MED00351,2,woy_sin,-0.02161
MED00352,2,woy_sin,-0.07038
MED00353,2,woy_sin,-0.02894
MED00354,2,woy_sin,-0.03732
MED00355,2,woy_sin,0.04411
MED00356,2,woy_sin,0.04341
MED00357,2,woy_sin,-0.00168
MED00358,2,woy_sin,0.00338
MED00359,2,woy_sin,0.04537
MED00360,2,woy_sin,0.04183
MED00361,2,woy_sin,0.04275
MED00362,2,woy_sin,0.0547
MED00363,2,woy_sin,0.0355
MED00364,2,woy_sin,0.00655
MED00365,2,woy_sin,0.0373
MED00366,2,woy_sin,0.03139
MED00367,2,woy_sin,0.0364
MED00368,2,woy_sin,0.02917
MED00369,2,woy_sin,0.05156
MED00370,2,woy_sin,0.01687
MED00371,2,woy_sin,0.00868
MED00372,2,woy_sin,-0.02177
MED00373,2,woy_sin,0.01576
MED00374,2,woy_sin,0.05965
MED00375,2,woy_sin,0.02053
MED00376,2,woy_sin,0.03648
MED00377,2,woy_sin,0.02109
MED00378,2,woy_sin,0.05314
MED00379,2,woy_sin,-0.00407
MED00380,2,woy_sin,-0.03842
MED00381,2,woy_sin,0.01543
MED00382,2,woy_sin,0.03823
MED00383,2,woy_sin,0.02168
MED00384,2,woy_sin,0.04013
MED00385,2,woy_sin,0.00496
MED00386,2,woy_sin,0.00739
MED00387,2,woy_sin,0.04495
MED00388,2,woy_sin,-0.20549
MED00389,2,woy_sin,0.05149
MED00390,2,woy_sin,0.0271
MED00391,2,woy_sin,0.02969
MED00392,2,woy_sin,0.03559
MED00393,2,woy_sin,0.0354
MED00394,2,woy_sin,0.0249
MED00395,2,woy_sin,0.01668
MED00396,2,woy_sin,0.09269
MED00397,2,woy_sin,0.05581
MED00398,2,woy_sin,-0.03863
MED00399,2,woy_sin,-0.09671
MED00400,2,woy_sin,-0.01776
MED00401,2,woy_sin,0.04178
MED00402,2,woy_sin,0.03378
MED00403,2,woy_sin,0.03393
MED00404,2,woy_sin,0.03809
MED00405,2,woy_sin,0.04185
MED00406,2,woy_sin,0.03742
MED00407,2,woy_sin,0.02827
MED00408,2,woy_sin,0.04006
MED00409,2,woy_sin,0.08705
MED00410,2,woy_sin,0.07756
MED00411,2,woy_sin,0.00115
MED00412,2,woy_sin,0.02047
MED00413,2,woy_sin,0.02588
MED00414,2,woy_sin,0.0114
MED00415,2,woy_sin,0.01884
MED00416,2,woy_sin,0.0137
MED00417,2,woy_sin,0.01172
MED00418,2,woy_sin,0.02264
MED00419,2,woy_sin,0.02052
MED00420,2,woy_sin,0.0683
MED00421,2,woy_sin,0.05748
MED00422,2,woy_sin,0.01261
MED00423,2,woy_sin,0.044
MED00424,2,woy_sin,-0.16449
MED00001,3,woy_sin,0.04039
MED00002,3,woy_sin,0.02806
MED00003,3,woy_sin,0.00567
MED00004,3,woy_sin,-0.01616
MED00005,3,woy_sin,0.0238
MED00006,3,woy_sin,0.05577
MED00007,3,woy_sin,0.06778
MED00008,3,woy_sin,0.03993
MED00009,3,woy_sin,0.04585
MED00010,3,woy_sin,0.04045
MED00011,3,woy_sin,-0.02191
MED00012,3,woy_sin,0.07305
MED00013,3,woy_sin,0.04075
MED00014,3,woy_sin,0.02293
MED00015,3,woy_sin,0.05829
MED00016,3,woy_sin,0.04843
MED00017,3,woy_sin,0.0399
MED00018,3,woy_sin,-0.03629
MED00019,3,woy_sin,-0.02593
MED00020,3,woy_sin,0.05318
MED00021,3,woy_sin,0.04491
MED00022,3,woy_sin,0.05598
MED00023,3,woy_sin,0.06104
MED00024,3,woy_sin,0.04389
MED00025,3,woy_sin,0.03008
MED00026,3,woy_sin,-0.02359
MED00027,3,woy_sin,-0.02888
MED00028,3,woy_sin,0.03256
MED00029,3,woy_sin,0.10004
MED00030,3,woy_sin,0.07726
MED00031,3,woy_sin,0.04637
MED00032,3,woy_sin,0.03982
MED00033,3,woy_sin,0.03841
MED00034,3,woy_sin,0.00749
MED00035,3,woy_sin,-0.06877
MED00036,3,woy_sin,0.07633
MED00037,3,woy_sin,-0.04069
MED00038,3,woy_sin,0.0575
MED00039,3,woy_sin,-0.00356
MED00040,3,woy_sin,0.01258
MED00041,3,woy_sin,0.01868
MED00042,3,woy_sin,0.00599
MED00043,3,woy_sin,-0.00284
MED00044,3,woy_sin,0.06634
MED00045,3,woy_sin,0.05042
MED00046,3,woy_sin,0.07039
MED00047,3,woy_sin,0.04284
MED00048,3,woy_sin,0.03711
MED00049,3,woy_sin,0.00262
MED00050,3,woy_sin,0.04225
MED00051,3,woy_sin,0.06753
MED00052,3,woy_sin,0.00129
MED00053,3,woy_sin,0.08631
MED00054,3,woy_sin,0.11323
MED00055,3,woy_sin,-0.05761
MED00056,3,woy_sin,-0.03973
MED00057,3,woy_sin,0.00736
MED00058,3,woy_sin,0.05423
MED00059,3,woy_sin,0.04864
MED00060,3,woy_sin,0.01437
MED00061,3,woy_sin,0.03532
MED00062,3,woy_sin,0.01675
MED00063,3,woy_sin,0.0667
MED00064,3,woy_sin,-0.03832
MED00065,3,woy_sin,0.02049
MED00066,3,woy_sin,0.04077
MED00067,3,woy_sin,0.05285
MED00068,3,woy_sin,0.0399
MED00069,3,woy_sin,0.07265
MED00070,3,woy_sin,0.07861
MED00071,3,woy_sin,0.05773
MED00072,3,woy_sin,0.06741
MED00073,3,woy_sin,0.03088
MED00074,3,woy_sin,0.05908
MED00075,3,woy_sin,0.06819
MED00076,3,woy_sin,0.00791
MED00077,3,woy_sin,0.06908
MED00078,3,woy_sin,0.1106
MED00079,3,woy_sin,-0.02435
MED00080,3,woy_sin,0.04718
MED00081,3,woy_sin,0.0146
MED00082,3,woy_sin,0.05321
MED00083,3,woy_sin,0.00353
MED00084,3,woy_sin,0.04236
MED00085,3,woy_sin,0.05125
MED00086,3,woy_sin,-0.01429
MED00087,3,woy_sin,0.06343
MED00088,3,woy_sin,-0.02964
MED00089,3,woy_sin,0.02961
MED00090,3,woy_sin,0.04029
MED00091,3,woy_sin,0.06023
MED00092,3,woy_sin,0.03803
MED00093,3,woy_sin,-0.03104
MED00094,3,woy_sin,0.01051
MED00095,3,woy_sin,0.03768
MED00096,3,woy_sin,0.00787
MED00097,3,woy_sin,-0.01126
MED00098,3,woy_sin,0.02999
MED00099,3,woy_sin,-0.04816
MED00100,3,woy_sin,0.07602
MED00101,3,woy_sin,0.06763
MED00102,3,woy_sin,-0.06293
MED00103,3,woy_sin,0.05523
MED00104,3,woy_sin,0.04203
MED00105,3,woy_sin,0.0277
MED00106,3,woy_sin,0.07546
MED00107,3,woy_sin,0.03793
MED00108,3,woy_sin,0.0381
MED00109,3,woy_sin,-0.02205
MED00110,3,woy_sin,-0.01299
MED00111,3,woy_sin,0.06197
MED00112,3,woy_sin,0.03603
MED00113,3,woy_sin,0.05866
MED00114,3,woy_sin,0.06467
MED00115,3,woy_sin,0.04802
MED00116,3,woy_sin,-0.0022
MED00117,3,woy_sin,0.08231
MED00118,3,woy_sin,0.03678
MED00119,3,woy_sin,0.04856
MED00120,3,woy_sin,0.01597
MED00121,3,woy_sin,0.03521
MED00122,3,woy_sin,0.05428
MED00123,3,woy_sin,0.03871
MED00124,3,woy_sin,0.04009
MED00125,3,woy_sin,0.01497
MED00126,3,woy_sin,-0.02256
MED00127,3,woy_sin,0.02051
MED00128,3,woy_sin,0.04703
MED00129,3,woy_sin,0.05632
MED00130,3,woy_sin,0.00294
MED00131,3,woy_sin,0.0564
MED00132,3,woy_sin,0.02238
MED00133,3,woy_sin,0.04967
MED00134,3,woy_sin,-0.05351
MED00135,3,woy_sin,0.00449
MED00136,3,woy_sin,0.07403
MED00137,3,woy_sin,0.02341
MED00138,3,woy_sin,0.03286
MED00139,3,woy_sin,0.05658
MED00140,3,woy_sin,0.04424
MED00141,3,woy_sin,0.02824
MED00142,3,woy_sin,0.01311
MED00143,3,woy_sin,0.04609
MED00144,3,woy_sin,0.03791
MED00145,3,woy_sin,0.04661
MED00146,3,woy_sin,0.05691
MED00147,3,woy_sin,0.05482
MED00148,3,woy_sin,0.01516
MED00149,3,woy_sin,0.0746
MED00150,3,woy_sin,0.06903
MED00151,3,woy_sin,0.0442
MED00152,3,woy_sin,0.05318
MED00153,3,woy_sin,0.05738
MED00154,3,woy_sin,0.02219
MED00155,3,woy_sin,0.04141
MED00156,3,woy_sin,0.04783
MED00157,3,woy_sin,0.03826
MED00158,3,woy_sin,-0.01532
MED00159,3,woy_sin,-0.01596
MED00160,3,woy_sin,0.03261
MED00161,3,woy_sin,0.04442
MED00162,3,woy_sin,0.067
MED00163,3,woy_sin,0.02713
MED00164,3,woy_sin,0.08274
MED00165,3,woy_sin,0.07592
MED00166,3,woy_sin,0.07026
MED00167,3,woy_sin,0.0424
MED00168,3,woy_sin,0.0669
MED00169,3,woy_sin,0.06791
MED00170,3,woy_sin,0.05549
MED00171,3,woy_sin,0.04816
MED00172,3,woy_sin,0.07122
MED00173,3,woy_sin,0.06424
MED00174,3,woy_sin,0.00182
MED00175,3,woy_sin,-0.05359
MED00176,3,woy_sin,0.04344
MED00177,3,woy_sin,0.04689
MED00178,3,woy_sin,0.03726
MED00179,3,woy_sin,0.00049
MED00180,3,woy_sin,0.07455
MED00181,3,woy_sin,0.05305
MED00182,3,woy_sin,-0.03333
MED00183,3,woy_sin,-0.07365
MED00184,3,woy_sin,0.10695
MED00185,3,woy_sin,0.1021
MED00186,3,woy_sin,0.0555
MED00187,3,woy_sin,0.06822
MED00188,3,woy_sin,0.03548
MED00189,3,woy_sin,0.00807
MED00190,3,woy_sin,0.05703
MED00191,3,woy_sin,0.07442
MED00192,3,woy_sin,0.01974
MED00193,3,woy_sin,0.01934
MED00194,3,woy_sin,0.09355
MED00195,3,woy_sin,0.08013
MED00196,3,woy_sin,0.07427
MED00197,3,woy_sin,0.08906
MED00198,3,woy_sin,0.0412
MED00199,3,woy_sin,0.09072
MED00200,3,woy_sin,0.0565
MED00201,3,woy_sin,0.02165
MED00202,3,woy_sin,0.07417
MED00203,3,woy_sin,0.07251
MED00204,3,woy_sin,0.06652
MED00205,3,woy_sin,0.02364
MED00206,3,woy_sin,0.06247
MED00207,3,woy_sin,0.04343
MED00208,3,woy_sin,0.03308
MED00209,3,woy_sin,0.09116
MED00210,3,woy_sin,-0.03784
MED00211,3,woy_sin,0.0517
MED00212,3,woy_sin,0.04155
MED00213,3,woy_sin,-0.01726
MED00214,3,woy_sin,0.05118
MED00215,3,woy_sin,0.05074
MED00216,3,woy_sin,0.05273
MED00217,3,woy_sin,0.01922
MED00218,3,woy_sin,0.04432
MED00219,3,woy_sin,-0.02289
MED00220,3,woy_sin,0.0669
MED00221,3,woy_sin,0.0554
MED00222,3,woy_sin,0.00037
MED00223,3,woy_sin,0.06123
MED00224,3,woy_sin,0.06751
MED00225,3,woy_sin,0.03201
MED00226,3,woy_sin,0.0618
MED00227,3,woy_sin,0.00986
MED00228,3,woy_sin,0.04283
MED00229,3,woy_sin,-0.04333
MED00230,3,woy_sin,0.02397
MED00231,3,woy_sin,0.0363
MED00232,3,woy_sin,0.04706
MED00233,3,woy_sin,0.02008
MED00234,3,woy_sin,0.04462
MED00235,3,woy_sin,0.05402
MED00236,3,woy_sin,0.06003
MED00237,3,woy_sin,0.0615
MED00238,3,woy_sin,0.05497
MED00239,3,woy_sin,0.03362
MED00240,3,woy_sin,0.04276
MED00241,3,woy_sin,0.04817
MED00242,3,woy_sin,0.0644
MED00243,3,woy_sin,0.03263
MED00244,3,woy_sin,0.06212
MED00245,3,woy_sin,0.1034
MED00246,3,woy_sin,0.02587
MED00247,3,woy_sin,0.04336
MED00248,3,woy_sin,0.01749
MED00249,3,woy_sin,-0.06024
MED00250,3,woy_sin,0.04135
MED00251,3,woy_sin,0.0446
MED00252,3,woy_sin,0.00855
MED00253,3,woy_sin,0.03624
MED00254,3,woy_sin,0.03311
MED00255,3,woy_sin,0.08132
MED00256,3,woy_sin,0.07209
MED00257,3,woy_sin,0.05176
MED00258,3,woy_sin,0.04069
MED00259,3,woy_sin,0.04394
MED00260,3,woy_sin,0.05051
MED00261,3,woy_sin,0.03829
MED00262,3,woy_sin,0.04168
MED00263,3,woy_sin,0.03667
MED00264,3,woy_sin,-0.03485
MED00265,3,woy_sin,0.04037
MED00266,3,woy_sin,0.01643
MED00267,3,woy_sin,0.01884
MED00268,3,woy_sin,0.04811
MED00269,3,woy_sin,0.05146
MED00270,3,woy_sin,0.05256
MED00271,3,woy_sin,0.06839
MED00272,3,woy_sin,0.03542
MED00273,3,woy_sin,0.04234
MED00274,3,woy_sin,0.07635
MED00275,3,woy_sin,0.04861
MED00276,3,woy_sin,0.04469
MED00277,3,woy_sin,0.00726
MED00278,3,woy_sin,0.05013
MED00279,3,woy_sin,0.06234
MED00280,3,woy_sin,0.00689
MED00281,3,woy_sin,0.05511
MED00282,3,woy_sin,0.04102
MED00283,3,woy_sin,0.07165
MED00284,3,woy_sin,0.10928
MED00285,3,woy_sin,0.03238
MED00286,3,woy_sin,0.04177
MED00287,3,woy_sin,0.03162
MED00288,3,woy_sin,-0.01646
MED00289,3,woy_sin,0.03439
MED00290,3,woy_sin,0.03234
MED00291,3,woy_sin,0.08469
MED00292,3,woy_sin,0.03845
MED00293,3,woy_sin,0.04009
MED00294,3,woy_sin,0.04911
MED00295,3,woy_sin,-0.01795
MED00296,3,woy_sin,0.03838
MED00297,3,woy_sin,0.03626
MED00298,3,woy_sin,0.05103
MED00299,3,woy_sin,-0.00787
MED00300,3,woy_sin,0.0649
MED00301,3,woy_sin,0.04869
MED00302,3,woy_sin,0.02099
MED00303,3,woy_sin,0.072
MED00304,3,woy_sin,0.05026
MED00305,3,woy_sin,0.0736
MED00306,3,woy_sin,-0.06948
MED00307,3,woy_sin,0.0525
MED00308,3,woy_sin,0.04268
MED00309,3,woy_sin,0.03292
MED00310,3,woy_sin,0.01583
MED00311,3,woy_sin,0.0285
MED00312,3,woy_sin,0.04387
MED00313,3,woy_sin,0.02204
MED00314,3,woy_sin,-0.05614
MED00315,3,woy_sin,0.04344
MED00316,3,woy_sin,0.03422
MED00317,3,woy_sin,0.06172
MED00318,3,woy_sin,0.06109
MED00319,3,woy_sin,0.04214
MED00320,3,woy_sin,-0.00386
MED00321,3,woy_sin,-0.00167
MED00322,3,woy_sin,0.00553
MED00323,3,woy_sin,0.03187
MED00324,3,woy_sin,0.10856
MED00325,3,woy_sin,0.04142
MED00326,3,woy_sin,0.04304
MED00327,3,woy_sin,0.02046
MED00328,3,woy_sin,0.03314
MED00329,3,woy_sin,0.0424
MED00330,3,woy_sin,0.02949
MED00331,3,woy_sin,0.0544
MED00332,3,woy_sin,0.03189
MED00333,3,woy_sin,0.04045
MED00334,3,woy_sin,0.02353
MED00335,3,woy_sin,0.01868
MED00336,3,woy_sin,0.08482
MED00337,3,woy_sin,0.06273
MED00338,3,woy_sin,-0.00587
MED00339,3,woy_sin,0.0761
MED00340,3,woy_sin,-0.02842
MED00341,3,woy_sin,0.01621
MED00342,3,woy_sin,0.05169
MED00343,3,woy_sin,0.04156
MED00344,3,woy_sin,-0.08263
MED00345,3,woy_sin,0.01276
MED00346,3,woy_sin,0.0399
MED00347,3,woy_sin,0.0773
MED00348,3,woy_sin,0.0742
MED00349,3,woy_sin,0.04649
MED00350,3,woy_sin,0.03276
MED00351,3,woy_sin,-0.01778
MED00352,3,woy_sin,-0.06107
MED00353,3,woy_sin,-0.02061
MED00354,3,woy_sin,-0.0155
MED00355,3,woy_sin,0.05448
MED00356,3,woy_sin,0.05233
MED00357,3,woy_sin,0.00481
MED00358,3,woy_sin,0.02148
MED00359,3,woy_sin,0.07253
MED00360,3,woy_sin,0.04515
MED00361,3,woy_sin,0.05147
MED00362,3,woy_sin,0.05981
MED00363,3,woy_sin,0.04424
MED00364,3,woy_sin,0.07494
MED00365,3,woy_sin,0.04622
MED00366,3,woy_sin,0.0436
MED00367,3,woy_sin,0.06276
MED00368,3,woy_sin,0.03899
MED00369,3,woy_sin,0.05599
MED00370,3,woy_sin,0.04608
MED00371,3,woy_sin,0.01952
MED00372,3,woy_sin,-0.00505
MED00373,3,woy_sin,0.02579
MED00374,3,woy_sin,0.07111
MED00375,3,woy_sin,0.03769
MED00376,3,woy_sin,0.0595
MED00377,3,woy_sin,0.03807
MED00378,3,woy_sin,0.06159
MED00379,3,woy_sin,0.0024
MED00380,3,woy_sin,-0.02186
MED00381,3,woy_sin,0.03374
MED00382,3,woy_sin,0.06249
MED00383,3,woy_sin,0.03241
MED00384,3,woy_sin,0.04907
MED00385,3,woy_sin,0.01509
MED00386,3,woy_sin,0.01733
MED00387,3,woy_sin,0.05629
MED00388,3,woy_sin,-0.11575
MED00389,3,woy_sin,0.07029
MED00390,3,woy_sin,0.0404
MED00391,3,woy_sin,0.03449
MED00392,3,woy_sin,0.04006
MED00393,3,woy_sin,0.04287
MED00394,3,woy_sin,0.03276
MED00395,3,woy_sin,0.02959
MED00396,3,woy_sin,0.10033
MED00397,3,woy_sin,0.05323
MED00398,3,woy_sin,-0.00424
MED00399,3,woy_sin,-0.06604
MED00400,3,woy_sin,-0.01228
MED00401,3,woy_sin,0.05343
MED00402,3,woy_sin,0.04751
MED00403,3,woy_sin,0.04556
MED00404,3,woy_sin,0.04797
MED00405,3,woy_sin,0.04901
MED00406,3,woy_sin,0.04516
MED00407,3,woy_sin,0.04317
MED00408,3,woy_sin,0.05427
MED00409,3,woy_sin,0.10341
MED00410,3,woy_sin,0.11191
MED00411,3,woy_sin,0.00853
MED00412,3,woy_sin,0.03245
MED00413,3,woy_sin,0.03527
MED00414,3,woy_sin,0.02037
MED00415,3,woy_sin,0.033
MED00416,3,woy_sin,0.0255
MED00417,3,woy_sin,0.0244
MED00418,3,woy_sin,0.0291
MED00419,3,woy_sin,0.02631
MED00420,3,woy_sin,0.0919
MED00421,3,woy_sin,0.0774
MED00422,3,woy_sin,0.02467
MED00423,3,woy_sin,0.0518
MED00424,3,woy_sin,-0.09605
MED00001,4,woy_sin,0.02667
MED00002,4,woy_sin,0.04863
MED00003,4,woy_sin,0.00388
MED00004,4,woy_sin,-0.02878
MED00005,4,woy_sin,0.02133
MED00006,4,woy_sin,0.06498
MED00007,4,woy_sin,0.08016
MED00008,4,woy_sin,0.05801
MED00009,4,woy_sin,0.04078
MED00010,4,woy_sin,0.04902
MED00011,4,woy_sin,0.05577
MED00012,4,woy_sin,0.08462
MED00013,4,woy_sin,0.04063
MED00014,4,woy_sin,0.02568
MED00015,4,woy_sin,0.05576
MED00016,4,woy_sin,0.04833
MED00017,4,woy_sin,0.03875
MED00018,4,woy_sin,-0.02989
MED00019,4,woy_sin,-0.01957
MED00020,4,woy_sin,0.05151
MED00021,4,woy_sin,0.05809
MED00022,4,woy_sin,0.05517
MED00023,4,woy_sin,0.07235
MED00024,4,woy_sin,0.04458
MED00025,4,woy_sin,0.03536
MED00026,4,woy_sin,-0.03122
MED00027,4,woy_sin,-0.00901
MED00028,4,woy_sin,0.05457
MED00029,4,woy_sin,0.09375
MED00030,4,woy_sin,0.06969
MED00031,4,woy_sin,0.04239
MED00032,4,woy_sin,0.03984
MED00033,4,woy_sin,0.04085
MED00034,4,woy_sin,0.03476
MED00035,4,woy_sin,-0.07864
MED00036,4,woy_sin,0.07735
MED00037,4,woy_sin,-0.03539
MED00038,4,woy_sin,0.05463
MED00039,4,woy_sin,0.05318
MED00040,4,woy_sin,0.04952
MED00041,4,woy_sin,0.01316
MED00042,4,woy_sin,0.03914
MED00043,4,woy_sin,0.00934
MED00044,4,woy_sin,0.06959
MED00045,4,woy_sin,0.06562
MED00046,4,woy_sin,0.08751
MED00047,4,woy_sin,0.04229
MED00048,4,woy_sin,0.03799
MED00049,4,woy_sin,0.03933
MED00050,4,woy_sin,0.08053
MED00051,4,woy_sin,0.05378
MED00052,4,woy_sin,0.00796
MED00053,4,woy_sin,0.08146
MED00054,4,woy_sin,0.1205
MED00055,4,woy_sin,-0.05251
MED00056,4,woy_sin,-0.03081
MED00057,4,woy_sin,0.00786
MED00058,4,woy_sin,0.06517
MED00059,4,woy_sin,0.0495
MED00060,4,woy_sin,0.01212
MED00061,4,woy_sin,0.0163
MED00062,4,woy_sin,0.02466
MED00063,4,woy_sin,0.10717
MED00064,4,woy_sin,0.0003
MED00065,4,woy_sin,0.01631
MED00066,4,woy_sin,0.04235
MED00067,4,woy_sin,0.0537
MED00068,4,woy_sin,0.03316
MED00069,4,woy_sin,0.08511
MED00070,4,woy_sin,0.0853
MED00071,4,woy_sin,0.06216
MED00072,4,woy_sin,0.06563
MED00073,4,woy_sin,0.0246
MED00074,4,woy_sin,0.05303
MED00075,4,woy_sin,0.06228
MED00076,4,woy_sin,0.00676
MED00077,4,woy_sin,0.05753
MED00078,4,woy_sin,0.14245
MED00079,4,woy_sin,0.0382
MED00080,4,woy_sin,0.04395
MED00081,4,woy_sin,0.01099
MED00082,4,woy_sin,0.07557
MED00083,4,woy_sin,0.00078
MED00084,4,woy_sin,0.06648
MED00085,4,woy_sin,0.0517
MED00086,4,woy_sin,0.03203
MED00087,4,woy_sin,0.07841
MED00088,4,woy_sin,-0.01503
MED00089,4,woy_sin,0.08704
MED00090,4,woy_sin,0.04545
MED00091,4,woy_sin,0.06423
MED00092,4,woy_sin,0.03769
MED00093,4,woy_sin,-0.03444
MED00094,4,woy_sin,-0.00252
MED00095,4,woy_sin,0.03662
MED00096,4,woy_sin,0.01127
MED00097,4,woy_sin,0.03314
MED00098,4,woy_sin,0.03381
MED00099,4,woy_sin,-0.03032
MED00100,4,woy_sin,0.06966
MED00101,4,woy_sin,0.09226
MED00102,4,woy_sin,-0.05833
MED00103,4,woy_sin,0.06953
MED00104,4,woy_sin,0.04155
MED00105,4,woy_sin,0.03182
MED00106,4,woy_sin,0.13437
MED00107,4,woy_sin,0.03784
MED00108,4,woy_sin,0.03758
MED00109,4,woy_sin,-0.01394
MED00110,4,woy_sin,-0.01145
MED00111,4,woy_sin,0.11004
MED00112,4,woy_sin,0.03712
MED00113,4,woy_sin,0.0592
MED00114,4,woy_sin,0.04359
MED00115,4,woy_sin,0.05461
MED00116,4,woy_sin,0.03634
MED00117,4,woy_sin,0.07711
MED00118,4,woy_sin,0.03957
MED00119,4,woy_sin,0.04816
MED00120,4,woy_sin,0.05054
MED00121,4,woy_sin,0.03848
MED00122,4,woy_sin,0.05298
MED00123,4,woy_sin,0.04268
MED00124,4,woy_sin,0.03937
MED00125,4,woy_sin,0.01264
MED00126,4,woy_sin,-0.03603
MED00127,4,woy_sin,0.03458
MED00128,4,woy_sin,0.04753
MED00129,4,woy_sin,0.05237
MED00130,4,woy_sin,0.03753
MED00131,4,woy_sin,0.05666
MED00132,4,woy_sin,0.026
MED00133,4,woy_sin,0.04634
MED00134,4,woy_sin,-0.06737
MED00135,4,woy_sin,0.04761
MED00136,4,woy_sin,0.18286
MED00137,4,woy_sin,0.0304
MED00138,4,woy_sin,0.03711
MED00139,4,woy_sin,0.09136
MED00140,4,woy_sin,0.04521
MED00141,4,woy_sin,0.02036
MED00142,4,woy_sin,0.02396
MED00143,4,woy_sin,0.04693
MED00144,4,woy_sin,0.04804
MED00145,4,woy_sin,0.04008
MED00146,4,woy_sin,0.07129
MED00147,4,woy_sin,0.0706
MED00148,4,woy_sin,0.01292
MED00149,4,woy_sin,0.07407
MED00150,4,woy_sin,0.08128
MED00151,4,woy_sin,0.04295
MED00152,4,woy_sin,0.05265
MED00153,4,woy_sin,0.0584
MED00154,4,woy_sin,0.02694
MED00155,4,woy_sin,0.04173
MED00156,4,woy_sin,0.04887
MED00157,4,woy_sin,0.0385
MED00158,4,woy_sin,-0.01428
MED00159,4,woy_sin,-0.00587
MED00160,4,woy_sin,0.03218
MED00161,4,woy_sin,0.04519
MED00162,4,woy_sin,0.07605
MED00163,4,woy_sin,0.05046
MED00164,4,woy_sin,0.09486
MED00165,4,woy_sin,0.07374
MED00166,4,woy_sin,0.08203
MED00167,4,woy_sin,0.04338
MED00168,4,woy_sin,0.09032
MED00169,4,woy_sin,0.06482
MED00170,4,woy_sin,0.05532
MED00171,4,woy_sin,0.04775
MED00172,4,woy_sin,0.07118
MED00173,4,woy_sin,0.08646
MED00174,4,woy_sin,0.00624
MED00175,4,woy_sin,-0.04639
MED00176,4,woy_sin,0.03011
MED00177,4,woy_sin,0.02639
MED00178,4,woy_sin,0.03998
MED00179,4,woy_sin,0.00662
MED00180,4,woy_sin,0.08486
MED00181,4,woy_sin,0.06796
MED00182,4,woy_sin,-0.00894
MED00183,4,woy_sin,0.02713
MED00184,4,woy_sin,0.08201
MED00185,4,woy_sin,0.09599
MED00186,4,woy_sin,0.05773
MED00187,4,woy_sin,0.08254
MED00188,4,woy_sin,0.03647
MED00189,4,woy_sin,0.01112
MED00190,4,woy_sin,0.06372
MED00191,4,woy_sin,0.07637
MED00192,4,woy_sin,0.02215
MED00193,4,woy_sin,0.05025
MED00194,4,woy_sin,0.0799
MED00195,4,woy_sin,0.06744
MED00196,4,woy_sin,0.06057
MED00197,4,woy_sin,0.08007
MED00198,4,woy_sin,0.04072
MED00199,4,woy_sin,0.08982
MED00200,4,woy_sin,0.08136
MED00201,4,woy_sin,0.02121
MED00202,4,woy_sin,0.0848
MED00203,4,woy_sin,0.06877
MED00204,4,woy_sin,0.08348
MED00205,4,woy_sin,0.02706
MED00206,4,woy_sin,0.06587
MED00207,4,woy_sin,0.04494
MED00208,4,woy_sin,0.03708
MED00209,4,woy_sin,0.09583
MED00210,4,woy_sin,-0.03136
MED00211,4,woy_sin,0.07264
MED00212,4,woy_sin,0.04695
MED00213,4,woy_sin,-0.0293
MED00214,4,woy_sin,0.0505
MED00215,4,woy_sin,0.05154
MED00216,4,woy_sin,0.10765
MED00217,4,woy_sin,-0.00204
MED00218,4,woy_sin,0.04261
MED00219,4,woy_sin,-0.01525
MED00220,4,woy_sin,0.07965
MED00221,4,woy_sin,0.07879
MED00222,4,woy_sin,0.0119
MED00223,4,woy_sin,0.05962
MED00224,4,woy_sin,0.07857
MED00225,4,woy_sin,0.0322
MED00226,4,woy_sin,0.08023
MED00227,4,woy_sin,0.01618
MED00228,4,woy_sin,0.03749
MED00229,4,woy_sin,-0.05077
MED00230,4,woy_sin,0.03014
MED00231,4,woy_sin,0.03762
MED00232,4,woy_sin,0.09298
MED00233,4,woy_sin,0.01697
MED00234,4,woy_sin,0.0438
MED00235,4,woy_sin,0.05292
MED00236,4,woy_sin,0.05101
MED00237,4,woy_sin,0.05295
MED00238,4,woy_sin,0.05141
MED00239,4,woy_sin,0.03323
MED00240,4,woy_sin,0.03863
MED00241,4,woy_sin,0.05828
MED00242,4,woy_sin,0.05035
MED00243,4,woy_sin,0.05289
MED00244,4,woy_sin,0.07332
MED00245,4,woy_sin,0.08496
MED00246,4,woy_sin,0.02487
MED00247,4,woy_sin,0.04328
MED00248,4,woy_sin,0.01014
MED00249,4,woy_sin,-0.05752
MED00250,4,woy_sin,0.04704
MED00251,4,woy_sin,0.0456
MED00252,4,woy_sin,0.02353
MED00253,4,woy_sin,0.04438
MED00254,4,woy_sin,0.04567
MED00255,4,woy_sin,0.07864
MED00256,4,woy_sin,0.07137
MED00257,4,woy_sin,0.04839
MED00258,4,woy_sin,0.0553
MED00259,4,woy_sin,0.04402
MED00260,4,woy_sin,0.05959
MED00261,4,woy_sin,0.03473
MED00262,4,woy_sin,0.0401
MED00263,4,woy_sin,0.03731
MED00264,4,woy_sin,-0.04844
MED00265,4,woy_sin,0.04075
MED00266,4,woy_sin,0.06623
MED00267,4,woy_sin,0.02247
MED00268,4,woy_sin,0.04612
MED00269,4,woy_sin,0.05035
MED00270,4,woy_sin,0.05178
MED00271,4,woy_sin,0.0736
MED00272,4,woy_sin,0.0413
MED00273,4,woy_sin,0.04038
MED00274,4,woy_sin,0.09055
MED00275,4,woy_sin,0.03189
MED00276,4,woy_sin,0.04504
MED00277,4,woy_sin,0.00536
MED00278,4,woy_sin,0.04917
MED00279,4,woy_sin,0.03597
MED00280,4,woy_sin,-0.00703
MED00281,4,woy_sin,0.04298
MED00282,4,woy_sin,0.03625
MED00283,4,woy_sin,0.08206
MED00284,4,woy_sin,0.10266
MED00285,4,woy_sin,0.03174
MED00286,4,woy_sin,0.04264
MED00287,4,woy_sin,0.03043
MED00288,4,woy_sin,-0.00504
MED00289,4,woy_sin,0.03317
MED00290,4,woy_sin,0.03177
MED00291,4,woy_sin,0.17378
MED00292,4,woy_sin,0.04501
MED00293,4,woy_sin,0.0381
MED00294,4,woy_sin,0.0593
MED00295,4,woy_sin,0.007
MED00296,4,woy_sin,0.04935
MED00297,4,woy_sin,0.03522
MED00298,4,woy_sin,0.05355
MED00299,4,woy_sin,-0.02101
MED00300,4,woy_sin,0.07564
MED00301,4,woy_sin,0.04829
MED00302,4,woy_sin,0.0399
MED00303,4,woy_sin,0.09569
MED00304,4,woy_sin,0.0565
MED00305,4,woy_sin,0.08777
MED00306,4,woy_sin,-0.07834
MED00307,4,woy_sin,0.04014
MED00308,4,woy_sin,0.05747
MED00309,4,woy_sin,0.03724
MED00310,4,woy_sin,0.03342
MED00311,4,woy_sin,0.01988
MED00312,4,woy_sin,0.05281
MED00313,4,woy_sin,0.01659
MED00314,4,woy_sin,-0.02088
MED00315,4,woy_sin,0.04251
MED00316,4,woy_sin,0.03898
MED00317,4,woy_sin,0.07253
MED00318,4,woy_sin,0.0694
MED00319,4,woy_sin,0.04197
MED00320,4,woy_sin,0.04238
MED00321,4,woy_sin,-0.00812
MED00322,4,woy_sin,0.03477
MED00323,4,woy_sin,0.06249
MED00324,4,woy_sin,0.11506
MED00325,4,woy_sin,0.04241
MED00326,4,woy_sin,0.04203
MED00327,4,woy_sin,0.02444
MED00328,4,woy_sin,0.03222
MED00329,4,woy_sin,0.04238
MED00330,4,woy_sin,0.03914
MED00331,4,woy_sin,0.05407
MED00332,4,woy_sin,0.03236
MED00333,4,woy_sin,0.03811
MED00334,4,woy_sin,0.03296
MED00335,4,woy_sin,0.0207
MED00336,4,woy_sin,0.14842
MED00337,4,woy_sin,0.03397
MED00338,4,woy_sin,0.03108
MED00339,4,woy_sin,0.08623
MED00340,4,woy_sin,-0.02389
MED00341,4,woy_sin,0.02005
MED00342,4,woy_sin,0.05368
MED00343,4,woy_sin,0.04073
MED00344,4,woy_sin,-0.0783
MED00345,4,woy_sin,0.03886
MED00346,4,woy_sin,0.05178
MED00347,4,woy_sin,0.07107
MED00348,4,woy_sin,0.07153
MED00349,4,woy_sin,0.04687
MED00350,4,woy_sin,0.02722
MED00351,4,woy_sin,-0.02982
MED00352,4,woy_sin,-0.06656
MED00353,4,woy_sin,-0.03191
MED00354,4,woy_sin,-0.00685
MED00355,4,woy_sin,0.05698
MED00356,4,woy_sin,0.05194
MED00357,4,woy_sin,0.05169
MED00358,4,woy_sin,0.03426
MED00359,4,woy_sin,0.08619
MED00360,4,woy_sin,0.04607
MED00361,4,woy_sin,0.05106
MED00362,4,woy_sin,0.05939
MED00363,4,woy_sin,0.04204
MED00364,4,woy_sin,0.06766
MED00365,4,woy_sin,0.04745
MED00366,4,woy_sin,0.04293
MED00367,4,woy_sin,0.0809
MED00368,4,woy_sin,0.03962
MED00369,4,woy_sin,0.05735
MED00370,4,woy_sin,0.07347
MED00371,4,woy_sin,0.11948
MED00372,4,woy_sin,-0.00222
MED00373,4,woy_sin,0.02825
MED00374,4,woy_sin,0.07033
MED00375,4,woy_sin,0.04761
MED00376,4,woy_sin,0.06932
MED00377,4,woy_sin,0.02104
MED00378,4,woy_sin,0.07855
MED00379,4,woy_sin,-0.0034
MED00380,4,woy_sin,-0.02202
MED00381,4,woy_sin,0.03703
MED00382,4,woy_sin,0.07922
MED00383,4,woy_sin,0.0362
MED00384,4,woy_sin,0.04814
MED00385,4,woy_sin,0.01504
MED00386,4,woy_sin,0.0227
MED00387,4,woy_sin,0.04692
MED00388,4,woy_sin,-0.0482
MED00389,4,woy_sin,0.06617
MED00390,4,woy_sin,0.03406
MED00391,4,woy_sin,0.02438
MED00392,4,woy_sin,0.03137
MED00393,4,woy_sin,0.07688
MED00394,4,woy_sin,0.02018
MED00395,4,woy_sin,0.01925
MED00396,4,woy_sin,0.08195
MED00397,4,woy_sin,0.04037
MED00398,4,woy_sin,-0.0172
MED00399,4,woy_sin,-0.08159
MED00400,4,woy_sin,-0.0084
MED00401,4,woy_sin,0.04612
MED00402,4,woy_sin,0.03995
MED00403,4,woy_sin,0.05609
MED00404,4,woy_sin,0.03747
MED00405,4,woy_sin,0.03972
MED00406,4,woy_sin,0.03579
MED00407,4,woy_sin,0.03784
MED00408,4,woy_sin,0.05013
MED00409,4,woy_sin,0.0898
MED00410,4,woy_sin,0.1071
MED00411,4,woy_sin,0.00893
MED00412,4,woy_sin,0.03233
MED00413,4,woy_sin,0.05613
MED00414,4,woy_sin,0.0153
MED00415,4,woy_sin,0.03126
MED00416,4,woy_sin,0.01999
MED00417,4,woy_sin,0.0237
MED00418,4,woy_sin,0.01999
MED00419,4,woy_sin,0.01738
MED00420,4,woy_sin,0.08531
MED00421,4,woy_sin,0.06038
MED00422,4,woy_sin,0.02418
MED00423,4,woy_sin,0.04426
MED00424,4,woy_sin,-0.08766
MED00001,5,woy_sin,0.02458
MED00002,5,woy_sin,0.02387
MED00003,5,woy_sin,0.00856
MED00004,5,woy_sin,-0.03201
MED00005,5,woy_sin,0.01807
MED00006,5,woy_sin,0.05932
MED00007,5,woy_sin,0.04969
MED00008,5,woy_sin,0.04189
MED00009,5,woy_sin,0.03342
MED00010,5,woy_sin,0.02481
MED00011,5,woy_sin,0.04768
MED00012,5,woy_sin,0.07221
MED00013,5,woy_sin,0.02881
MED00014,5,woy_sin,0.01973
MED00015,5,woy_sin,0.05447
MED00016,5,woy_sin,0.04129
MED00017,5,woy_sin,0.03398
MED00018,5,woy_sin,-0.03976
MED00019,5,woy_sin,-0.03057
MED00020,5,woy_sin,0.05096
MED00021,5,woy_sin,0.04316
MED00022,5,woy_sin,0.05367
MED00023,5,woy_sin,0.05304
MED00024,5,woy_sin,0.03986
MED00025,5,woy_sin,0.02371
MED00026,5,woy_sin,-0.01863
MED00027,5,woy_sin,-0.03892
MED00028,5,woy_sin,0.03159
MED00029,5,woy_sin,0.07363
MED00030,5,woy_sin,0.05058
MED00031,5,woy_sin,0.02816
MED00032,5,woy_sin,0.03069
MED00033,5,woy_sin,0.03908
MED00034,5,woy_sin,0.04027
MED00035,5,woy_sin,-0.03898
MED00036,5,woy_sin,0.07507
MED00037,5,woy_sin,-0.04117
MED00038,5,woy_sin,0.04732
MED00039,5,woy_sin,0.00203
MED00040,5,woy_sin,0.01065
MED00041,5,woy_sin,-0.01826
MED00042,5,woy_sin,0.0556
MED00043,5,woy_sin,0.00556
MED00044,5,woy_sin,0.04603
MED00045,5,woy_sin,0.06253
MED00046,5,woy_sin,0.06623
MED00047,5,woy_sin,0.02928
MED00048,5,woy_sin,0.02591
MED00049,5,woy_sin,0.00877
MED00050,5,woy_sin,0.06378
MED00051,5,woy_sin,0.08203
MED00052,5,woy_sin,0.00298
MED00053,5,woy_sin,0.06927
MED00054,5,woy_sin,0.10858
MED00055,5,woy_sin,-0.03722
MED00056,5,woy_sin,-0.03205
MED00057,5,woy_sin,0.00539
MED00058,5,woy_sin,0.06049
MED00059,5,woy_sin,0.03637
MED00060,5,woy_sin,-0.00735
MED00061,5,woy_sin,0.03184
MED00062,5,woy_sin,0.00956
MED00063,5,woy_sin,0.10562
MED00064,5,woy_sin,-0.00564
MED00065,5,woy_sin,0.01181
MED00066,5,woy_sin,0.04104
MED00067,5,woy_sin,0.04522
MED00068,5,woy_sin,0.02259
MED00069,5,woy_sin,0.07866
MED00070,5,woy_sin,0.05376
MED00071,5,woy_sin,0.05164
MED00072,5,woy_sin,0.05495
MED00073,5,woy_sin,0.02632
MED00074,5,woy_sin,0.03204
MED00075,5,woy_sin,0.03281
MED00076,5,woy_sin,0.01059
MED00077,5,woy_sin,0.04801
MED00078,5,woy_sin,0.11661
MED00079,5,woy_sin,0.04186
MED00080,5,woy_sin,0.03444
MED00081,5,woy_sin,0.01286
MED00082,5,woy_sin,0.05702
MED00083,5,woy_sin,0.01332
MED00084,5,woy_sin,0.05817
MED00085,5,woy_sin,0.04272
MED00086,5,woy_sin,0.002
MED00087,5,woy_sin,0.07042
MED00088,5,woy_sin,-0.01627
MED00089,5,woy_sin,0.10921
MED00090,5,woy_sin,0.0169
MED00091,5,woy_sin,0.0505
MED00092,5,woy_sin,0.02975
MED00093,5,woy_sin,-0.01491
MED00094,5,woy_sin,0.01135
MED00095,5,woy_sin,0.02457
MED00096,5,woy_sin,0.00465
MED00097,5,woy_sin,0.00194
MED00098,5,woy_sin,0.02252
MED00099,5,woy_sin,-0.05454
MED00100,5,woy_sin,0.09121
MED00101,5,woy_sin,0.08574
MED00102,5,woy_sin,-0.0665
MED00103,5,woy_sin,0.05766
MED00104,5,woy_sin,0.02986
MED00105,5,woy_sin,0.02102
MED00106,5,woy_sin,0.11198
MED00107,5,woy_sin,0.02642
MED00108,5,woy_sin,0.02705
MED00109,5,woy_sin,-0.0087
MED00110,5,woy_sin,-0.01144
MED00111,5,woy_sin,0.07129
MED00112,5,woy_sin,0.02487
MED00113,5,woy_sin,0.0526
MED00114,5,woy_sin,0.02851
MED00115,5,woy_sin,0.04451
MED00116,5,woy_sin,0.04401
MED00117,5,woy_sin,0.07979
MED00118,5,woy_sin,0.03321
MED00119,5,woy_sin,0.04177
MED00120,5,woy_sin,0.06532
MED00121,5,woy_sin,0.02702
MED00122,5,woy_sin,0.04337
MED00123,5,woy_sin,0.03212
MED00124,5,woy_sin,0.02761
MED00125,5,woy_sin,0.01657
MED00126,5,woy_sin,-0.03215
MED00127,5,woy_sin,0.03326
MED00128,5,woy_sin,0.03643
MED00129,5,woy_sin,0.03535
MED00130,5,woy_sin,0.00882
MED00131,5,woy_sin,0.04283
MED00132,5,woy_sin,0.00623
MED00133,5,woy_sin,0.01131
MED00134,5,woy_sin,-0.05739
MED00135,5,woy_sin,0.06402
MED00136,5,woy_sin,0.07317
MED00137,5,woy_sin,0.02819
MED00138,5,woy_sin,0.02889
MED00139,5,woy_sin,0.07918
MED00140,5,woy_sin,0.03851
MED00141,5,woy_sin,-0.00168
MED00142,5,woy_sin,0.0195
MED00143,5,woy_sin,0.04014
MED00144,5,woy_sin,0.03702
MED00145,5,woy_sin,0.04608
MED00146,5,woy_sin,0.04801
MED00147,5,woy_sin,0.05738
MED00148,5,woy_sin,-0.00495
MED00149,5,woy_sin,0.06223
MED00150,5,woy_sin,0.06486
MED00151,5,woy_sin,0.03362
MED00152,5,woy_sin,0.04365
MED00153,5,woy_sin,0.05041
MED00154,5,woy_sin,0.02435
MED00155,5,woy_sin,0.03117
MED00156,5,woy_sin,0.03808
MED00157,5,woy_sin,0.02507
MED00158,5,woy_sin,-0.01488
MED00159,5,woy_sin,-0.00335
MED00160,5,woy_sin,0.02083
MED00161,5,woy_sin,0.03315
MED00162,5,woy_sin,0.06851
MED00163,5,woy_sin,0.02176
MED00164,5,woy_sin,0.07152
MED00165,5,woy_sin,0.07171
MED00166,5,woy_sin,0.06968
MED00167,5,woy_sin,0.03734
MED00168,5,woy_sin,0.08448
MED00169,5,woy_sin,0.05725
MED00170,5,woy_sin,0.0498
MED00171,5,woy_sin,0.03754
MED00172,5,woy_sin,0.05521
MED00173,5,woy_sin,0.07599
MED00174,5,woy_sin,0.00179
MED00175,5,woy_sin,-0.03318
MED00176,5,woy_sin,0.04365
MED00177,5,woy_sin,0.03559
MED00178,5,woy_sin,0.02507
MED00179,5,woy_sin,0.01414
MED00180,5,woy_sin,0.07974
MED00181,5,woy_sin,0.05162
MED00182,5,woy_sin,-0.03729
MED00183,5,woy_sin,0.03956
MED00184,5,woy_sin,0.06324
MED00185,5,woy_sin,0.07749
MED00186,5,woy_sin,0.05204
MED00187,5,woy_sin,0.06397
MED00188,5,woy_sin,0.02897
MED00189,5,woy_sin,0.01251
MED00190,5,woy_sin,0.05299
MED00191,5,woy_sin,0.07374
MED00192,5,woy_sin,0.02655
MED00193,5,woy_sin,0.02414
MED00194,5,woy_sin,0.07846
MED00195,5,woy_sin,0.06844
MED00196,5,woy_sin,0.05657
MED00197,5,woy_sin,0.07216
MED00198,5,woy_sin,0.03516
MED00199,5,woy_sin,0.07487
MED00200,5,woy_sin,0.07394
MED00201,5,woy_sin,0.00755
MED00202,5,woy_sin,0.07761
MED00203,5,woy_sin,0.05907
MED00204,5,woy_sin,0.06966
MED00205,5,woy_sin,0.01736
MED00206,5,woy_sin,0.05489
MED00207,5,woy_sin,0.03602
MED00208,5,woy_sin,0.02797
MED00209,5,woy_sin,0.07389
MED00210,5,woy_sin,-0.02056
MED00211,5,woy_sin,0.0619
MED00212,5,woy_sin,0.04921
MED00213,5,woy_sin,-0.02801
MED00214,5,woy_sin,0.03877
MED00215,5,woy_sin,0.04681
MED00216,5,woy_sin,0.07625
MED00217,5,woy_sin,0.01173
MED00218,5,woy_sin,0.02865
MED00219,5,woy_sin,-0.01356
MED00220,5,woy_sin,0.06562
MED00221,5,woy_sin,0.03776
MED00222,5,woy_sin,0.01189
MED00223,5,woy_sin,0.0773
MED00224,5,woy_sin,0.07067
MED00225,5,woy_sin,0.01939
MED00226,5,woy_sin,0.0706
MED00227,5,woy_sin,0.01725
MED00228,5,woy_sin,0.03053
MED00229,5,woy_sin,-0.04581
MED00230,5,woy_sin,0.02402
MED00231,5,woy_sin,0.03181
MED00232,5,woy_sin,0.06912
MED00233,5,woy_sin,-0.01099
MED00234,5,woy_sin,0.0383
MED00235,5,woy_sin,0.04725
MED00236,5,woy_sin,0.05026
MED00237,5,woy_sin,0.03995
MED00238,5,woy_sin,0.0366
MED00239,5,woy_sin,0.02032
MED00240,5,woy_sin,0.02701
MED00241,5,woy_sin,0.04972
MED00242,5,woy_sin,0.04999
MED00243,5,woy_sin,0.02824
MED00244,5,woy_sin,0.06276
MED00245,5,woy_sin,0.07974
MED00246,5,woy_sin,0.01177
MED00247,5,woy_sin,0.03291
MED00248,5,woy_sin,0.00858
MED00249,5,woy_sin,-0.06394
MED00250,5,woy_sin,0.02768
MED00251,5,woy_sin,0.03869
MED00252,5,woy_sin,0.01465
MED00253,5,woy_sin,0.03266
MED00254,5,woy_sin,0.0379
MED00255,5,woy_sin,0.04882
MED00256,5,woy_sin,0.06631
MED00257,5,woy_sin,0.02359
MED00258,5,woy_sin,0.04359
MED00259,5,woy_sin,0.02888
MED00260,5,woy_sin,0.04992
MED00261,5,woy_sin,0.03282
MED00262,5,woy_sin,0.02763
MED00263,5,woy_sin,0.02706
MED00264,5,woy_sin,-0.04509
MED00265,5,woy_sin,0.02847
MED00266,5,woy_sin,0.08168
MED00267,5,woy_sin,0.00945
MED00268,5,woy_sin,0.03797
MED00269,5,woy_sin,0.04279
MED00270,5,woy_sin,0.04238
MED00271,5,woy_sin,0.03922
MED00272,5,woy_sin,0.03627
MED00273,5,woy_sin,0.02897
MED00274,5,woy_sin,0.07327
MED00275,5,woy_sin,0.0301
MED00276,5,woy_sin,0.03844
MED00277,5,woy_sin,0.01249
MED00278,5,woy_sin,0.03246
MED00279,5,woy_sin,0.02044
MED00280,5,woy_sin,-0.00015
MED00281,5,woy_sin,0.03951
MED00282,5,woy_sin,0.02294
MED00283,5,woy_sin,0.06847
MED00284,5,woy_sin,0.04153
MED00285,5,woy_sin,0.01835
MED00286,5,woy_sin,0.03289
MED00287,5,woy_sin,0.01897
MED00288,5,woy_sin,-0.01107
MED00289,5,woy_sin,0.03343
MED00290,5,woy_sin,0.02568
MED00291,5,woy_sin,0.17778
MED00292,5,woy_sin,0.02873
MED00293,5,woy_sin,0.0071
MED00294,5,woy_sin,0.05994
MED00295,5,woy_sin,-0.02452
MED00296,5,woy_sin,0.03759
MED00297,5,woy_sin,0.02287
MED00298,5,woy_sin,0.04287
MED00299,5,woy_sin,-0.03272
MED00300,5,woy_sin,0.06959
MED00301,5,woy_sin,0.03048
MED00302,5,woy_sin,0.02658
MED00303,5,woy_sin,0.07603
MED00304,5,woy_sin,0.0424
MED00305,5,woy_sin,0.07972
MED00306,5,woy_sin,-0.04614
MED00307,5,woy_sin,0.0328
MED00308,5,woy_sin,0.0464
MED00309,5,woy_sin,0.01465
MED00310,5,woy_sin,0.01547
MED00311,5,woy_sin,0.01962
MED00312,5,woy_sin,0.02918
MED00313,5,woy_sin,0.00856
MED00314,5,woy_sin,0.03062
MED00315,5,woy_sin,0.02772
MED00316,5,woy_sin,0.02799
MED00317,5,woy_sin,0.06201
MED00318,5,woy_sin,0.05463
MED00319,5,woy_sin,0.03069
MED00320,5,woy_sin,0.05066
MED00321,5,woy_sin,-0.00665
MED00322,5,woy_sin,0.01134
MED00323,5,woy_sin,0.03966
MED00324,5,woy_sin,0.08783
MED00325,5,woy_sin,0.02777
MED00326,5,woy_sin,0.03207
MED00327,5,woy_sin,0.01881
MED00328,5,woy_sin,0.02004
MED00329,5,woy_sin,0.03049
MED00330,5,woy_sin,0.02774
MED00331,5,woy_sin,0.04886
MED00332,5,woy_sin,0.0279
MED00333,5,woy_sin,0.01429
MED00334,5,woy_sin,0.02525
MED00335,5,woy_sin,0.01643
MED00336,5,woy_sin,0.14265
MED00337,5,woy_sin,0.03803
MED00338,5,woy_sin,0.06582
MED00339,5,woy_sin,0.06215
MED00340,5,woy_sin,-0.02016
MED00341,5,woy_sin,0.0076
MED00342,5,woy_sin,0.04874
MED00343,5,woy_sin,0.02942
MED00344,5,woy_sin,-0.077
MED00345,5,woy_sin,0.01861
MED00346,5,woy_sin,0.04676
MED00347,5,woy_sin,0.09166
MED00348,5,woy_sin,0.06416
MED00349,5,woy_sin,0.03636
MED00350,5,woy_sin,0.0221
MED00351,5,woy_sin,-0.02264
MED00352,5,woy_sin,-0.06691
MED00353,5,woy_sin,-0.02558
MED00354,5,woy_sin,-0.00227
MED00355,5,woy_sin,0.03365
MED00356,5,woy_sin,0.04686
MED00357,5,woy_sin,0.00778
MED00358,5,woy_sin,0.01267
MED00359,5,woy_sin,0.07372
MED00360,5,woy_sin,0.02498
MED00361,5,woy_sin,0.04166
MED00362,5,woy_sin,0.04749
MED00363,5,woy_sin,0.036
MED00364,5,woy_sin,0.09052
MED00365,5,woy_sin,0.03593
MED00366,5,woy_sin,0.03214
MED00367,5,woy_sin,0.06836
MED00368,5,woy_sin,0.02925
MED00369,5,woy_sin,0.04476
MED00370,5,woy_sin,0.05512
MED00371,5,woy_sin,0.14083
MED00372,5,woy_sin,-0.00134
MED00373,5,woy_sin,0.02674
MED00374,5,woy_sin,0.06326
MED00375,5,woy_sin,0.0476
MED00376,5,woy_sin,0.05999
MED00377,5,woy_sin,0.01157
MED00378,5,woy_sin,0.07348
MED00379,5,woy_sin,-0.00391
MED00380,5,woy_sin,-0.01493
MED00381,5,woy_sin,0.0314
MED00382,5,woy_sin,0.05593
MED00383,5,woy_sin,0.02693
MED00384,5,woy_sin,0.0415
MED00385,5,woy_sin,0.00472
MED00386,5,woy_sin,0.01333
MED00387,5,woy_sin,0.03903
MED00388,5,woy_sin,-0.00301
MED00389,5,woy_sin,0.04506
MED00390,5,woy_sin,0.03314
MED00391,5,woy_sin,0.01476
MED00392,5,woy_sin,0.02555
MED00393,5,woy_sin,0.06866
MED00394,5,woy_sin,0.01707
MED00395,5,woy_sin,0.01168
MED00396,5,woy_sin,0.08122
MED00397,5,woy_sin,0.03754
MED00398,5,woy_sin,-0.03785
MED00399,5,woy_sin,-0.0993
MED00400,5,woy_sin,-0.01908
MED00401,5,woy_sin,0.00442
MED00402,5,woy_sin,-0.00039
MED00403,5,woy_sin,0.05997
MED00404,5,woy_sin,0.02683
MED00405,5,woy_sin,0.0291
MED00406,5,woy_sin,0.02783
MED00407,5,woy_sin,0.00859
MED00408,5,woy_sin,0.01988
MED00409,5,woy_sin,0.0457
MED00410,5,woy_sin,0.07351
MED00411,5,woy_sin,-0.00947
MED00412,5,woy_sin,0.01687
MED00413,5,woy_sin,0.01092
MED00414,5,woy_sin,0.00102
MED00415,5,woy_sin,0.01769
MED00416,5,woy_sin,-0.00438
MED00417,5,woy_sin,0.01797
MED00418,5,woy_sin,0.017
MED00419,5,woy_sin,0.01337
MED00420,5,woy_sin,0.04256
MED00421,5,woy_sin,0.04325
MED00422,5,woy_sin,0.00794
MED00423,5,woy_sin,0.03966
MED00424,5,woy_sin,-0.11427
MED00001,6,woy_sin,0.03088
MED00002,6,woy_sin,0.01111
MED00003,6,woy_sin,-0.01493
MED00004,6,woy_sin,-0.02037
MED00005,6,woy_sin,0.01294
MED00006,6,woy_sin,0.02646
MED00007,6,woy_sin,0.03542
MED00008,6,woy_sin,0.0315
MED00009,6,woy_sin,0.03218
MED00010,6,woy_sin,0.01541
MED00011,6,woy_sin,-0.06838
MED00012,6,woy_sin,0.03786
MED00013,6,woy_sin,0.01994
MED00014,6,woy_sin,0.01087
MED00015,6,woy_sin,0.04762
MED00016,6,woy_sin,0.03314
MED00017,6,woy_sin,0.026
MED00018,6,woy_sin,-0.05908
MED00019,6,woy_sin,-0.04283
MED00020,6,woy_sin,0.04125
MED00021,6,woy_sin,0.02283
MED00022,6,woy_sin,0.0487
MED00023,6,woy_sin,0.02429
MED00024,6,woy_sin,0.02874
MED00025,6,woy_sin,-0.03421
MED00026,6,woy_sin,-0.01988
MED00027,6,woy_sin,-0.04736
MED00028,6,woy_sin,0.02506
MED00029,6,woy_sin,0.05241
MED00030,6,woy_sin,0.04114
MED00031,6,woy_sin,0.01753
MED00032,6,woy_sin,0.01535
MED00033,6,woy_sin,0.01774
MED00034,6,woy_sin,-0.00517
MED00035,6,woy_sin,-0.04146
MED00036,6,woy_sin,0.06701
MED00037,6,woy_sin,-0.04767
MED00038,6,woy_sin,0.0412
MED00039,6,woy_sin,-0.04506
MED00040,6,woy_sin,0.00679
MED00041,6,woy_sin,-0.01287
MED00042,6,woy_sin,-0.02905
MED00043,6,woy_sin,-0.01568
MED00044,6,woy_sin,0.03571
MED00045,6,woy_sin,0.02276
MED00046,6,woy_sin,0.04041
MED00047,6,woy_sin,0.02079
MED00048,6,woy_sin,0.01224
MED00049,6,woy_sin,-0.01552
MED00050,6,woy_sin,0.00974
MED00051,6,woy_sin,-0.01222
MED00052,6,woy_sin,-0.00775
MED00053,6,woy_sin,0.06198
MED00054,6,woy_sin,0.09783
MED00055,6,woy_sin,-0.0394
MED00056,6,woy_sin,-0.03366
MED00057,6,woy_sin,-0.01492
MED00058,6,woy_sin,0.02583
MED00059,6,woy_sin,0.01779
MED00060,6,woy_sin,-0.01912
MED00061,6,woy_sin,0.02499
MED00062,6,woy_sin,-0.012
MED00063,6,woy_sin,-0.00489
MED00064,6,woy_sin,-0.06211
MED00065,6,woy_sin,0.00918
MED00066,6,woy_sin,0.03394
MED00067,6,woy_sin,0.03417
MED00068,6,woy_sin,0.0241
MED00069,6,woy_sin,0.04746
MED00070,6,woy_sin,0.04357
MED00071,6,woy_sin,0.04238
MED00072,6,woy_sin,0.04366
MED00073,6,woy_sin,0.02002
MED00074,6,woy_sin,0.04742
MED00075,6,woy_sin,0.02463
MED00076,6,woy_sin,-0.00036
MED00077,6,woy_sin,0.03729
MED00078,6,woy_sin,0.06232
MED00079,6,woy_sin,-0.04119
MED00080,6,woy_sin,0.02987
MED00081,6,woy_sin,-0.00804
MED00082,6,woy_sin,0.04219
MED00083,6,woy_sin,0.00612
MED00084,6,woy_sin,0.00182
MED00085,6,woy_sin,0.03448
MED00086,6,woy_sin,-0.04509
MED00087,6,woy_sin,0.03563
MED00088,6,woy_sin,-0.03285
MED00089,6,woy_sin,0.02641
MED00090,6,woy_sin,0.00904
MED00091,6,woy_sin,0.03934
MED00092,6,woy_sin,0.01978
MED00093,6,woy_sin,-0.01664
MED00094,6,woy_sin,0.0091
MED00095,6,woy_sin,0.01633
MED00096,6,woy_sin,-0.00573
MED00097,6,woy_sin,-0.03815
MED00098,6,woy_sin,0.00614
MED00099,6,woy_sin,-0.05367
MED00100,6,woy_sin,0.00597
MED00101,6,woy_sin,0.04283
MED00102,6,woy_sin,-0.07546
MED00103,6,woy_sin,0.0232
MED00104,6,woy_sin,0.01927
MED00105,6,woy_sin,0.00604
MED00106,6,woy_sin,0.0035
MED00107,6,woy_sin,0.01503
MED00108,6,woy_sin,0.01949
MED00109,6,woy_sin,-0.02987
MED00110,6,woy_sin,-0.03464
MED00111,6,woy_sin,0.04915
MED00112,6,woy_sin,0.01613
MED00113,6,woy_sin,0.04426
MED00114,6,woy_sin,0.05672
MED00115,6,woy_sin,0.02902
MED00116,6,woy_sin,-0.02136
MED00117,6,woy_sin,0.06763
MED00118,6,woy_sin,0.02248
MED00119,6,woy_sin,0.03347
MED00120,6,woy_sin,-0.00542
MED00121,6,woy_sin,0.01534
MED00122,6,woy_sin,0.03548
MED00123,6,woy_sin,0.00456
MED00124,6,woy_sin,0.01578
MED00125,6,woy_sin,-0.00529
MED00126,6,woy_sin,-0.02037
MED00127,6,woy_sin,0.01063
MED00128,6,woy_sin,0.0295
MED00129,6,woy_sin,0.01241
MED00130,6,woy_sin,-0.01499
MED00131,6,woy_sin,0.03818
MED00132,6,woy_sin,-0.01337
MED00133,6,woy_sin,0.00337
MED00134,6,woy_sin,-0.04367
MED00135,6,woy_sin,-0.01207
MED00136,6,woy_sin,0.05377
MED00137,6,woy_sin,0.01233
MED00138,6,woy_sin,0.0167
MED00139,6,woy_sin,0.029
MED00140,6,woy_sin,0.03059
MED00141,6,woy_sin,0.00918
MED00142,6,woy_sin,-0.01858
MED00143,6,woy_sin,0.03303
MED00144,6,woy_sin,0.01061
MED00145,6,woy_sin,0.03611
MED00146,6,woy_sin,0.03895
MED00147,6,woy_sin,0.01471
MED00148,6,woy_sin,-0.01773
MED00149,6,woy_sin,0.04036
MED00150,6,woy_sin,0.03768
MED00151,6,woy_sin,0.02602
MED00152,6,woy_sin,0.0361
MED00153,6,woy_sin,0.03269
MED00154,6,woy_sin,0.01306
MED00155,6,woy_sin,0.0243
MED00156,6,woy_sin,0.02616
MED00157,6,woy_sin,0.01536
MED00158,6,woy_sin,-0.02131
MED00159,6,woy_sin,-0.02592
MED00160,6,woy_sin,0.01366
MED00161,6,woy_sin,0.01301
MED00162,6,woy_sin,0.03797
MED00163,6,woy_sin,0.00463
MED00164,6,woy_sin,0.04191
MED00165,6,woy_sin,0.05718
MED00166,6,woy_sin,0.03709
MED00167,6,woy_sin,0.02922
MED00168,6,woy_sin,0.03959
MED00169,6,woy_sin,0.04566
MED00170,6,woy_sin,0.04235
MED00171,6,woy_sin,0.03018
MED00172,6,woy_sin,0.04805
MED00173,6,woy_sin,0.03171
MED00174,6,woy_sin,-0.00631
MED00175,6,woy_sin,-0.03198
MED00176,6,woy_sin,0.03529
MED00177,6,woy_sin,-0.01057
MED00178,6,woy_sin,0.01895
MED00179,6,woy_sin,0.00111
MED00180,6,woy_sin,0.04644
MED00181,6,woy_sin,0.02257
MED00182,6,woy_sin,-0.04446
MED00183,6,woy_sin,-0.09073
MED00184,6,woy_sin,0.06284
MED00185,6,woy_sin,0.06099
MED00186,6,woy_sin,0.04014
MED00187,6,woy_sin,0.03394
MED00188,6,woy_sin,0.01961
MED00189,6,woy_sin,-0.01097
MED00190,6,woy_sin,0.03178
MED00191,6,woy_sin,0.05541
MED00192,6,woy_sin,0.00959
MED00193,6,woy_sin,0.00014
MED00194,6,woy_sin,0.0749
MED00195,6,woy_sin,0.06324
MED00196,6,woy_sin,0.05021
MED00197,6,woy_sin,0.07134
MED00198,6,woy_sin,0.02723
MED00199,6,woy_sin,0.06911
MED00200,6,woy_sin,0.02734
MED00201,6,woy_sin,-0.00579
MED00202,6,woy_sin,0.04484
MED00203,6,woy_sin,0.04632
MED00204,6,woy_sin,0.0316
MED00205,6,woy_sin,0.00213
MED00206,6,woy_sin,0.04685
MED00207,6,woy_sin,0.02709
MED00208,6,woy_sin,0.01264
MED00209,6,woy_sin,0.07007
MED00210,6,woy_sin,-0.02414
MED00211,6,woy_sin,0.01976
MED00212,6,woy_sin,0.03538
MED00213,6,woy_sin,-0.01904
MED00214,6,woy_sin,0.0275
MED00215,6,woy_sin,0.02899
MED00216,6,woy_sin,-0.01126
MED00217,6,woy_sin,0.00071
MED00218,6,woy_sin,0.0226
MED00219,6,woy_sin,-0.02667
MED00220,6,woy_sin,0.0293
MED00221,6,woy_sin,0.01767
MED00222,6,woy_sin,-0.02091
MED00223,6,woy_sin,0.03697
MED00224,6,woy_sin,0.03759
MED00225,6,woy_sin,0.0113
MED00226,6,woy_sin,0.03764
MED00227,6,woy_sin,0.00525
MED00228,6,woy_sin,0.03078
MED00229,6,woy_sin,-0.04761
MED00230,6,woy_sin,0.02343
MED00231,6,woy_sin,0.02345
MED00232,6,woy_sin,0.0148
MED00233,6,woy_sin,-0.01608
MED00234,6,woy_sin,0.03063
MED00235,6,woy_sin,0.04032
MED00236,6,woy_sin,0.0449
MED00237,6,woy_sin,0.03194
MED00238,6,woy_sin,0.02238
MED00239,6,woy_sin,0.01098
MED00240,6,woy_sin,0.02296
MED00241,6,woy_sin,0.02452
MED00242,6,woy_sin,0.0534
MED00243,6,woy_sin,0.01579
MED00244,6,woy_sin,0.03132
MED00245,6,woy_sin,0.08038
MED00246,6,woy_sin,0.00194
MED00247,6,woy_sin,0.02113
MED00248,6,woy_sin,0.01202
MED00249,6,woy_sin,-0.06707
MED00250,6,woy_sin,0.01641
MED00251,6,woy_sin,0.03045
MED00252,6,woy_sin,0.00039
MED00253,6,woy_sin,0.01719
MED00254,6,woy_sin,0.02458
MED00255,6,woy_sin,0.04755
MED00256,6,woy_sin,0.05528
MED00257,6,woy_sin,0.02366
MED00258,6,woy_sin,0.01944
MED00259,6,woy_sin,0.02165
MED00260,6,woy_sin,0.04362
MED00261,6,woy_sin,0.04621
MED00262,6,woy_sin,0.02992
MED00263,6,woy_sin,0.01653
MED00264,6,woy_sin,-0.03325
MED00265,6,woy_sin,0.01682
MED00266,6,woy_sin,-0.00442
MED00267,6,woy_sin,-0.00238
MED00268,6,woy_sin,0.03109
MED00269,6,woy_sin,0.03518
MED00270,6,woy_sin,0.03502
MED00271,6,woy_sin,0.03179
MED00272,6,woy_sin,0.0241
MED00273,6,woy_sin,0.0241
MED00274,6,woy_sin,0.03249
MED00275,6,woy_sin,0.03695
MED00276,6,woy_sin,0.03123
MED00277,6,woy_sin,-0.01136
MED00278,6,woy_sin,0.02277
MED00279,6,woy_sin,0.05465
MED00280,6,woy_sin,-0.01104
MED00281,6,woy_sin,0.04379
MED00282,6,woy_sin,0.01867
MED00283,6,woy_sin,0.03599
MED00284,6,woy_sin,0.03699
MED00285,6,woy_sin,0.01097
MED00286,6,woy_sin,0.01627
MED00287,6,woy_sin,0.01188
MED00288,6,woy_sin,-0.03303
MED00289,6,woy_sin,0.02528
MED00290,6,woy_sin,0.01828
MED00291,6,woy_sin,0.0298
MED00292,6,woy_sin,0.00101
MED00293,6,woy_sin,0.00528
MED00294,6,woy_sin,0.02031
MED00295,6,woy_sin,-0.03806
MED00296,6,woy_sin,0.00798
MED00297,6,woy_sin,0.01353
MED00298,6,woy_sin,0.03239
MED00299,6,woy_sin,-0.03771
MED00300,6,woy_sin,0.03617
MED00301,6,woy_sin,0.01538
MED00302,6,woy_sin,-0.00877
MED00303,6,woy_sin,0.04026
MED00304,6,woy_sin,0.01667
MED00305,6,woy_sin,0.04429
MED00306,6,woy_sin,-0.05105
MED00307,6,woy_sin,0.03175
MED00308,6,woy_sin,0.04183
MED00309,6,woy_sin,0.02119
MED00310,6,woy_sin,-0.01331
MED00311,6,woy_sin,0.01369
MED00312,6,woy_sin,-0.00686
MED00313,6,woy_sin,0.005
MED00314,6,woy_sin,-0.0454
MED00315,6,woy_sin,0.01694
MED00316,6,woy_sin,0.01533
MED00317,6,woy_sin,0.02936
MED00318,6,woy_sin,0.03799
MED00319,6,woy_sin,0.01956
MED00320,6,woy_sin,-0.03069
MED00321,6,woy_sin,-0.00652
MED00322,6,woy_sin,-0.01259
MED00323,6,woy_sin,1e-04
MED00324,6,woy_sin,0.0767
MED00325,6,woy_sin,0.01652
MED00326,6,woy_sin,0.02037
MED00327,6,woy_sin,0.00668
MED00328,6,woy_sin,0.01113
MED00329,6,woy_sin,0.01907
MED00330,6,woy_sin,0.00231
MED00331,6,woy_sin,0.04142
MED00332,6,woy_sin,0.01927
MED00333,6,woy_sin,-0.00579
MED00334,6,woy_sin,-0.0023
MED00335,6,woy_sin,0.00308
MED00336,6,woy_sin,0.03881
MED00337,6,woy_sin,0.05828
MED00338,6,woy_sin,-0.02395
MED00339,6,woy_sin,0.03754
MED00340,6,woy_sin,-0.03924
MED00341,6,woy_sin,-0.00397
MED00342,6,woy_sin,0.03733
MED00343,6,woy_sin,0.01807
MED00344,6,woy_sin,-0.0822
MED00345,6,woy_sin,-0.00538
MED00346,6,woy_sin,0.02724
MED00347,6,woy_sin,0.00547
MED00348,6,woy_sin,0.0443
MED00349,6,woy_sin,0.02915
MED00350,6,woy_sin,0.02286
MED00351,6,woy_sin,-0.01162
MED00352,6,woy_sin,-0.06567
MED00353,6,woy_sin,-0.02024
MED00354,6,woy_sin,-0.02978
MED00355,6,woy_sin,0.0221
MED00356,6,woy_sin,0.03882
MED00357,6,woy_sin,-0.00335
MED00358,6,woy_sin,-0.02074
MED00359,6,woy_sin,0.0396
MED00360,6,woy_sin,0.02451
MED00361,6,woy_sin,0.03397
MED00362,6,woy_sin,0.04327
MED00363,6,woy_sin,0.02903
MED00364,6,woy_sin,0.0042
MED00365,6,woy_sin,0.02811
MED00366,6,woy_sin,0.02065
MED00367,6,woy_sin,0.02889
MED00368,6,woy_sin,0.01986
MED00369,6,woy_sin,0.03075
MED00370,6,woy_sin,0.01664
MED00371,6,woy_sin,0.00665
MED00372,6,woy_sin,-0.0237
MED00373,6,woy_sin,0.01473
MED00374,6,woy_sin,0.05087
MED00375,6,woy_sin,0.01986
MED00376,6,woy_sin,0.02816
MED00377,6,woy_sin,0.01762
MED00378,6,woy_sin,0.04195
MED00379,6,woy_sin,-0.0047
MED00380,6,woy_sin,-0.03068
MED00381,6,woy_sin,0.01865
MED00382,6,woy_sin,0.01311
MED00383,6,woy_sin,0.01321
MED00384,6,woy_sin,0.03482
MED00385,6,woy_sin,0.00022
MED00386,6,woy_sin,-0.00108
MED00387,6,woy_sin,0.0365
MED00388,6,woy_sin,-0.16972
MED00389,6,woy_sin,0.03175
MED00390,6,woy_sin,0.02
MED00391,6,woy_sin,0.0199
MED00392,6,woy_sin,0.02682
MED00393,6,woy_sin,0.02856
MED00394,6,woy_sin,0.01735
MED00395,6,woy_sin,0.01206
MED00396,6,woy_sin,0.09013
MED00397,6,woy_sin,0.0539
MED00398,6,woy_sin,-0.06186
MED00399,6,woy_sin,-0.11192
MED00400,6,woy_sin,-0.02709
MED00401,6,woy_sin,-0.01732
MED00402,6,woy_sin,-0.00586
MED00403,6,woy_sin,0.02939
MED00404,6,woy_sin,0.02727
MED00405,6,woy_sin,0.0311
MED00406,6,woy_sin,0.03069
MED00407,6,woy_sin,-0.00061
MED00408,6,woy_sin,0.00877
MED00409,6,woy_sin,0.05216
MED00410,6,woy_sin,0.04612
MED00411,6,woy_sin,-0.02311
MED00412,6,woy_sin,0.00376
MED00413,6,woy_sin,0.0005
MED00414,6,woy_sin,-0.00749
MED00415,6,woy_sin,0.00278
MED00416,6,woy_sin,-0.01627
MED00417,6,woy_sin,0.00603
MED00418,6,woy_sin,0.01844
MED00419,6,woy_sin,0.01486
MED00420,6,woy_sin,0.02725
MED00421,6,woy_sin,0.03464
MED00422,6,woy_sin,-0.00568
MED00423,6,woy_sin,0.03833
MED00424,6,woy_sin,-0.18318
MED00001,7,woy_sin,-0.01308
MED00002,7,woy_sin,-0.00196
MED00003,7,woy_sin,-0.02837
MED00004,7,woy_sin,-0.0133
MED00005,7,woy_sin,0.017
MED00006,7,woy_sin,0.02218
MED00007,7,woy_sin,0.04989
MED00008,7,woy_sin,0.01951
MED00009,7,woy_sin,-0.00815
MED00010,7,woy_sin,-0.0226
MED00011,7,woy_sin,-0.10945
MED00012,7,woy_sin,0.02476
MED00013,7,woy_sin,0.01105
MED00014,7,woy_sin,0.00678
MED00015,7,woy_sin,0.02125
MED00016,7,woy_sin,0.0284
MED00017,7,woy_sin,0.02261
MED00018,7,woy_sin,-0.04626
MED00019,7,woy_sin,-0.02522
MED00020,7,woy_sin,-0.02404
MED00021,7,woy_sin,-0.00628
MED00022,7,woy_sin,0.02226
MED00023,7,woy_sin,0.02391
MED00024,7,woy_sin,0.00202
MED00025,7,woy_sin,-0.04869
MED00026,7,woy_sin,-0.02298
MED00027,7,woy_sin,-0.05382
MED00028,7,woy_sin,0.00846
MED00029,7,woy_sin,0.01037
MED00030,7,woy_sin,-0.00019
MED00031,7,woy_sin,-0.02134
MED00032,7,woy_sin,0.00639
MED00033,7,woy_sin,0.01653
MED00034,7,woy_sin,-0.0376
MED00035,7,woy_sin,-0.03237
MED00036,7,woy_sin,0.01902
MED00037,7,woy_sin,-0.02863
MED00038,7,woy_sin,0.01562
MED00039,7,woy_sin,-0.06155
MED00040,7,woy_sin,0.01159
MED00041,7,woy_sin,-0.04814
MED00042,7,woy_sin,-0.05824
MED00043,7,woy_sin,-0.02512
MED00044,7,woy_sin,0.01531
MED00045,7,woy_sin,0.02436
MED00046,7,woy_sin,0.00286
MED00047,7,woy_sin,0.01684
MED00048,7,woy_sin,0.00788
MED00049,7,woy_sin,-0.02975
MED00050,7,woy_sin,0.0066
MED00051,7,woy_sin,-0.0088
MED00052,7,woy_sin,-0.01804
MED00053,7,woy_sin,0.01018
MED00054,7,woy_sin,0.02739
MED00055,7,woy_sin,-0.02945
MED00056,7,woy_sin,-0.02776
MED00057,7,woy_sin,-0.01388
MED00058,7,woy_sin,0.02001
MED00059,7,woy_sin,0.00488
MED00060,7,woy_sin,-0.02966
MED00061,7,woy_sin,0.00795
MED00062,7,woy_sin,-0.02365
MED00063,7,woy_sin,-0.00912
MED00064,7,woy_sin,-0.05905
MED00065,7,woy_sin,0.02011
MED00066,7,woy_sin,0.00772
MED00067,7,woy_sin,0.02865
MED00068,7,woy_sin,-0.00287
MED00069,7,woy_sin,0.02815
MED00070,7,woy_sin,0.02201
MED00071,7,woy_sin,0.0196
MED00072,7,woy_sin,0.02573
MED00073,7,woy_sin,-0.00488
MED00074,7,woy_sin,0.00885
MED00075,7,woy_sin,0.00116
MED00076,7,woy_sin,-0.02007
MED00077,7,woy_sin,-0.00457
MED00078,7,woy_sin,0.0019
MED00079,7,woy_sin,-0.08558
MED00080,7,woy_sin,0.00523
MED00081,7,woy_sin,-0.02221
MED00082,7,woy_sin,-0.00392
MED00083,7,woy_sin,-0.02374
MED00084,7,woy_sin,0.00698
MED00085,7,woy_sin,0.02842
MED00086,7,woy_sin,-0.03569
MED00087,7,woy_sin,0.02349
MED00088,7,woy_sin,-0.02058
MED00089,7,woy_sin,-0.02134
MED00090,7,woy_sin,0.00574
MED00091,7,woy_sin,0.02415
MED00092,7,woy_sin,0.0154
MED00093,7,woy_sin,-0.02286
MED00094,7,woy_sin,-0.00013
MED00095,7,woy_sin,0.00879
MED00096,7,woy_sin,-0.00707
MED00097,7,woy_sin,-0.02755
MED00098,7,woy_sin,-0.00145
MED00099,7,woy_sin,-0.05489
MED00100,7,woy_sin,0.00386
MED00101,7,woy_sin,0.00942
MED00102,7,woy_sin,-0.05945
MED00103,7,woy_sin,0.01321
MED00104,7,woy_sin,0.01534
MED00105,7,woy_sin,0.00621
MED00107,7,woy_sin,0.01068
MED00108,7,woy_sin,0.01216
MED00109,7,woy_sin,-0.02441
MED00110,7,woy_sin,-0.02944
MED00111,7,woy_sin,0.03163
MED00112,7,woy_sin,0.00909
MED00113,7,woy_sin,0.03748
MED00114,7,woy_sin,-0.00249
MED00115,7,woy_sin,0.02167
MED00116,7,woy_sin,-0.03158
MED00117,7,woy_sin,0.03167
MED00118,7,woy_sin,0.01771
MED00119,7,woy_sin,0.02771
MED00120,7,woy_sin,-0.03198
MED00121,7,woy_sin,0.01842
MED00122,7,woy_sin,0.02737
MED00123,7,woy_sin,-0.03182
MED00124,7,woy_sin,0.01125
MED00125,7,woy_sin,-0.01853
MED00126,7,woy_sin,-0.01465
MED00127,7,woy_sin,-0.02303
MED00128,7,woy_sin,0.02326
MED00129,7,woy_sin,0.02538
MED00130,7,woy_sin,-0.02786
MED00131,7,woy_sin,0.01144
MED00132,7,woy_sin,-0.05222
MED00133,7,woy_sin,-0.02256
MED00134,7,woy_sin,-0.03849
MED00135,7,woy_sin,-0.04515
MED00136,7,woy_sin,0.00569
MED00137,7,woy_sin,-0.00714
MED00138,7,woy_sin,0.0171
MED00139,7,woy_sin,0.017
MED00140,7,woy_sin,0.02689
MED00141,7,woy_sin,-0.01806
MED00142,7,woy_sin,-0.00686
MED00143,7,woy_sin,0.02943
MED00144,7,woy_sin,0.01296
MED00145,7,woy_sin,0.01744
MED00146,7,woy_sin,0.03356
MED00147,7,woy_sin,0.00338
MED00148,7,woy_sin,-0.02763
MED00149,7,woy_sin,0.01185
MED00150,7,woy_sin,0.03164
MED00151,7,woy_sin,0.0191
MED00152,7,woy_sin,0.0327
MED00153,7,woy_sin,0.02693
MED00154,7,woy_sin,0.0095
MED00155,7,woy_sin,0.01963
MED00156,7,woy_sin,0.01309
MED00157,7,woy_sin,0.00898
MED00158,7,woy_sin,-0.02769
MED00159,7,woy_sin,-0.05499
MED00160,7,woy_sin,0.00829
MED00161,7,woy_sin,0.00656
MED00162,7,woy_sin,0.02659
MED00163,7,woy_sin,-0.01785
MED00164,7,woy_sin,0.01944
MED00165,7,woy_sin,0.0004
MED00166,7,woy_sin,0.02674
MED00167,7,woy_sin,0.02529
MED00168,7,woy_sin,0.0351
MED00169,7,woy_sin,0.02556
MED00170,7,woy_sin,0.03653
MED00171,7,woy_sin,0.02449
MED00172,7,woy_sin,0.04346
MED00173,7,woy_sin,0.01871
MED00174,7,woy_sin,-0.00984
MED00175,7,woy_sin,-0.01742
MED00176,7,woy_sin,-0.04273
MED00177,7,woy_sin,-0.01707
MED00178,7,woy_sin,-0.01162
MED00179,7,woy_sin,-0.01468
MED00180,7,woy_sin,0.03472
MED00181,7,woy_sin,0.0127
MED00182,7,woy_sin,-0.04136
MED00183,7,woy_sin,-0.14026
MED00184,7,woy_sin,0.00816
MED00185,7,woy_sin,0.01807
MED00186,7,woy_sin,0.03278
MED00187,7,woy_sin,-0.00293
MED00188,7,woy_sin,0.01434
MED00189,7,woy_sin,-0.02443
MED00190,7,woy_sin,0.02373
MED00191,7,woy_sin,0.01044
MED00192,7,woy_sin,-0.01615
MED00193,7,woy_sin,-0.01865
MED00194,7,woy_sin,0.03077
MED00195,7,woy_sin,0.00376
MED00196,7,woy_sin,0.0006
MED00197,7,woy_sin,0.0285
MED00198,7,woy_sin,0.02283
MED00199,7,woy_sin,0.01784
MED00200,7,woy_sin,0.02029
MED00201,7,woy_sin,-0.01865
MED00202,7,woy_sin,0.03296
MED00203,7,woy_sin,0.03092
MED00204,7,woy_sin,0.02815
MED00205,7,woy_sin,0.00317
MED00206,7,woy_sin,0.04435
MED00207,7,woy_sin,0.01857
MED00208,7,woy_sin,0.01365
MED00209,7,woy_sin,0.03453
MED00210,7,woy_sin,-0.00779
MED00211,7,woy_sin,0.01074
MED00212,7,woy_sin,-0.01166
MED00213,7,woy_sin,-0.01755
MED00214,7,woy_sin,0.01592
MED00215,7,woy_sin,0.01977
MED00216,7,woy_sin,-0.01324
MED00217,7,woy_sin,-0.00806
MED00218,7,woy_sin,0.01067
MED00219,7,woy_sin,-0.01195
MED00220,7,woy_sin,0.01409
MED00221,7,woy_sin,-0.015
MED00222,7,woy_sin,-0.00831
MED00223,7,woy_sin,-0.03475
MED00224,7,woy_sin,0.0307
MED00225,7,woy_sin,0.00643
MED00226,7,woy_sin,-0.00152
MED00227,7,woy_sin,0.00465
MED00228,7,woy_sin,-0.00639
MED00229,7,woy_sin,-0.04074
MED00230,7,woy_sin,0.00096
MED00231,7,woy_sin,0.01907
MED00232,7,woy_sin,0.01168
MED00233,7,woy_sin,-0.04882
MED00234,7,woy_sin,0.02877
MED00235,7,woy_sin,0.03382
MED00236,7,woy_sin,0.02213
MED00237,7,woy_sin,-0.00629
MED00238,7,woy_sin,0.01461
MED00239,7,woy_sin,0.00206
MED00240,7,woy_sin,-0.00383
MED00241,7,woy_sin,0.01552
MED00242,7,woy_sin,0.0018
MED00243,7,woy_sin,0.00322
MED00244,7,woy_sin,0.02549
MED00245,7,woy_sin,0.05425
MED00246,7,woy_sin,-0.00612
MED00247,7,woy_sin,0.01664
MED00248,7,woy_sin,-0.01377
MED00249,7,woy_sin,-0.10362
MED00250,7,woy_sin,-0.00828
MED00251,7,woy_sin,0.02697
MED00252,7,woy_sin,-0.00214
MED00253,7,woy_sin,0.00853
MED00254,7,woy_sin,0.00712
MED00255,7,woy_sin,-0.01007
MED00256,7,woy_sin,0.05426
MED00258,7,woy_sin,0.00939
MED00259,7,woy_sin,0.01818
MED00260,7,woy_sin,0.01318
MED00261,7,woy_sin,0.01194
MED00262,7,woy_sin,0.00316
MED00263,7,woy_sin,0.00898
MED00264,7,woy_sin,-0.02644
MED00265,7,woy_sin,0.01053
MED00266,7,woy_sin,-0.04178
MED00267,7,woy_sin,-0.00135
MED00268,7,woy_sin,0.02607
MED00269,7,woy_sin,0.03202
MED00270,7,woy_sin,0.03019
MED00271,7,woy_sin,0.03411
MED00272,7,woy_sin,-0.02181
MED00273,7,woy_sin,-0.01599
MED00274,7,woy_sin,-0.05066
MED00275,7,woy_sin,-0.00518
MED00276,7,woy_sin,0.02777
MED00277,7,woy_sin,-0.02482
MED00278,7,woy_sin,0.00995
MED00279,7,woy_sin,-0.00979
MED00280,7,woy_sin,-0.0197
MED00281,7,woy_sin,-0.00103
MED00282,7,woy_sin,-0.02232
MED00283,7,woy_sin,0.0226
MED00284,7,woy_sin,0.01493
MED00285,7,woy_sin,0.00641
MED00286,7,woy_sin,0.00416
MED00287,7,woy_sin,0.00664
MED00288,7,woy_sin,0.0003
MED00289,7,woy_sin,-0.0019
MED00290,7,woy_sin,0.01631
MED00291,7,woy_sin,-0.00876
MED00292,7,woy_sin,-0.01667
MED00293,7,woy_sin,0.01008
MED00294,7,woy_sin,-0.00967
MED00295,7,woy_sin,-0.03468
MED00296,7,woy_sin,-0.00066
MED00297,7,woy_sin,0.00535
MED00298,7,woy_sin,0.02488
MED00299,7,woy_sin,-0.02183
MED00300,7,woy_sin,0.02419
MED00301,7,woy_sin,0.00239
MED00302,7,woy_sin,-0.03604
MED00303,7,woy_sin,-0.00361
MED00304,7,woy_sin,-0.00394
MED00305,7,woy_sin,0.03059
MED00306,7,woy_sin,-0.04545
MED00307,7,woy_sin,-0.06284
MED00308,7,woy_sin,0.01174
MED00309,7,woy_sin,-0.00945
MED00310,7,woy_sin,-0.02461
MED00311,7,woy_sin,-0.02672
MED00312,7,woy_sin,-0.04832
MED00313,7,woy_sin,0.00748
MED00314,7,woy_sin,-0.07134
MED00315,7,woy_sin,0.01109
MED00316,7,woy_sin,0.00773
MED00317,7,woy_sin,0.02021
MED00318,7,woy_sin,0.02057
MED00319,7,woy_sin,0.01552
MED00320,7,woy_sin,-0.04028
MED00321,7,woy_sin,-0.00435
MED00322,7,woy_sin,-0.0264
MED00323,7,woy_sin,-0.0369
MED00324,7,woy_sin,0.02965
MED00325,7,woy_sin,0.00412
MED00326,7,woy_sin,0.01453
MED00327,7,woy_sin,0.01111
MED00328,7,woy_sin,0.00362
MED00329,7,woy_sin,0.01521
MED00330,7,woy_sin,-0.00372
MED00331,7,woy_sin,0.03859
MED00332,7,woy_sin,0.01379
MED00333,7,woy_sin,-0.00038
MED00334,7,woy_sin,0.00292
MED00335,7,woy_sin,-0.02344
MED00336,7,woy_sin,0.00337
MED00337,7,woy_sin,0.00751
MED00338,7,woy_sin,-0.05374
MED00339,7,woy_sin,0.01076
MED00340,7,woy_sin,-0.02523
MED00341,7,woy_sin,-0.0017
MED00342,7,woy_sin,0.03287
MED00343,7,woy_sin,0.01379
MED00344,7,woy_sin,-0.0618
MED00345,7,woy_sin,-0.01952
MED00346,7,woy_sin,0.01882
MED00347,7,woy_sin,0.00309
MED00348,7,woy_sin,0.02123
MED00349,7,woy_sin,0.02495
MED00350,7,woy_sin,0.01014
MED00351,7,woy_sin,-0.00645
MED00352,7,woy_sin,-0.06463
MED00353,7,woy_sin,-0.01421
MED00354,7,woy_sin,-0.02391
MED00355,7,woy_sin,0.01594
MED00356,7,woy_sin,0.03352
MED00357,7,woy_sin,-0.01325
MED00358,7,woy_sin,-0.03154
MED00359,7,woy_sin,0.02593
MED00360,7,woy_sin,0.03452
MED00361,7,woy_sin,0.02832
MED00362,7,woy_sin,0.04212
MED00363,7,woy_sin,0.02448
MED00364,7,woy_sin,0.00299
MED00365,7,woy_sin,0.02233
MED00366,7,woy_sin,0.01516
MED00367,7,woy_sin,0.02301
MED00368,7,woy_sin,0.01279
MED00369,7,woy_sin,0.01145
MED00370,7,woy_sin,-0.0256
MED00371,7,woy_sin,-0.02764
MED00372,7,woy_sin,-0.02749
MED00374,7,woy_sin,0.03811
MED00375,7,woy_sin,-0.00639
MED00376,7,woy_sin,0.02304
MED00377,7,woy_sin,-0.01052
MED00378,7,woy_sin,0.02856
MED00379,7,woy_sin,-0.00305
MED00380,7,woy_sin,-0.02543
MED00381,7,woy_sin,0.03081
MED00382,7,woy_sin,-0.0042
MED00383,7,woy_sin,0.01394
MED00384,7,woy_sin,0.03038
MED00385,7,woy_sin,-0.00518
MED00386,7,woy_sin,0.00075
MED00387,7,woy_sin,0.0086
MED00388,7,woy_sin,-0.03814
MED00389,7,woy_sin,0.01135
MED00390,7,woy_sin,-0.00773
MED00391,7,woy_sin,-0.02271
MED00392,7,woy_sin,-0.01976
MED00393,7,woy_sin,-0.01684
MED00394,7,woy_sin,-0.01445
MED00395,7,woy_sin,-0.01932
MED00396,7,woy_sin,0.04414
MED00397,7,woy_sin,-0.0044
MED00398,7,woy_sin,-0.05248
MED00399,7,woy_sin,-0.10841
MED00400,7,woy_sin,-0.02639
MED00401,7,woy_sin,-0.01866
MED00402,7,woy_sin,-0.02693
MED00403,7,woy_sin,0.00803
MED00404,7,woy_sin,0.00292
MED00405,7,woy_sin,0.00312
MED00406,7,woy_sin,-0.00099
MED00407,7,woy_sin,-0.02349
MED00408,7,woy_sin,-0.0112
MED00409,7,woy_sin,-0.00126
MED00410,7,woy_sin,0.00043
MED00411,7,woy_sin,-0.03599
MED00412,7,woy_sin,-0.00616
MED00413,7,woy_sin,-0.01829
MED00414,7,woy_sin,-0.01907
MED00415,7,woy_sin,-0.00702
MED00416,7,woy_sin,-0.03291
MED00417,7,woy_sin,-0.00595
MED00418,7,woy_sin,-0.01038
MED00419,7,woy_sin,-0.01401
MED00420,7,woy_sin,-0.02435
MED00421,7,woy_sin,-0.00703
MED00422,7,woy_sin,-0.02222
MED00423,7,woy_sin,-0.0051
MED00424,7,woy_sin,-0.07239
MED00001,8,woy_sin,-0.01732
MED00002,8,woy_sin,-0.01731
MED00003,8,woy_sin,-0.03581
MED00004,8,woy_sin,-0.06255
MED00005,8,woy_sin,-0.05155
MED00006,8,woy_sin,0.01772
MED00007,8,woy_sin,0.05606
MED00008,8,woy_sin,0.01238
MED00009,8,woy_sin,-0.01873
MED00010,8,woy_sin,-0.02256
MED00011,8,woy_sin,-0.11898
MED00012,8,woy_sin,0.02083
MED00013,8,woy_sin,0.00904
MED00014,8,woy_sin,0.0037
MED00015,8,woy_sin,0.01154
MED00016,8,woy_sin,0.02228
MED00017,8,woy_sin,0.01803
MED00018,8,woy_sin,-0.04758
MED00019,8,woy_sin,-0.02213
MED00020,8,woy_sin,-0.02744
MED00021,8,woy_sin,-0.00981
MED00022,8,woy_sin,0.01306
MED00023,8,woy_sin,0.02011
MED00024,8,woy_sin,-0.00069
MED00025,8,woy_sin,-0.05644
MED00026,8,woy_sin,-0.02776
MED00027,8,woy_sin,-0.06164
MED00028,8,woy_sin,0.00466
MED00029,8,woy_sin,0.00687
MED00030,8,woy_sin,-0.00603
MED00031,8,woy_sin,-0.02481
MED00032,8,woy_sin,0.00096
MED00033,8,woy_sin,-0.03842
MED00034,8,woy_sin,-0.03729
MED00035,8,woy_sin,-0.07174
MED00036,8,woy_sin,-0.01148
MED00037,8,woy_sin,-0.03163
MED00038,8,woy_sin,0.01384
MED00039,8,woy_sin,-0.09484
MED00040,8,woy_sin,0.00879
MED00041,8,woy_sin,-0.08633
MED00042,8,woy_sin,-0.05847
MED00043,8,woy_sin,-0.03682
MED00044,8,woy_sin,0.01152
MED00045,8,woy_sin,0.01945
MED00046,8,woy_sin,-0.00035
MED00047,8,woy_sin,0.01069
MED00048,8,woy_sin,0.00146
MED00049,8,woy_sin,-0.03986
MED00050,8,woy_sin,0.00213
MED00051,8,woy_sin,-0.01468
MED00052,8,woy_sin,-0.02611
MED00053,8,woy_sin,0.00639
MED00054,8,woy_sin,0.02305
MED00055,8,woy_sin,-0.06616
MED00056,8,woy_sin,-0.0602
MED00057,8,woy_sin,-0.04517
MED00058,8,woy_sin,0.01493
MED00059,8,woy_sin,-0.00244
MED00060,8,woy_sin,-0.03369
MED00061,8,woy_sin,0.00202
MED00062,8,woy_sin,-0.02738
MED00063,8,woy_sin,-0.01805
MED00064,8,woy_sin,-0.06479
MED00065,8,woy_sin,0.02194
MED00066,8,woy_sin,-0.00238
MED00067,8,woy_sin,0.02375
MED00068,8,woy_sin,-0.00455
MED00069,8,woy_sin,0.02393
MED00070,8,woy_sin,0.02005
MED00071,8,woy_sin,0.01609
MED00072,8,woy_sin,0.02176
MED00073,8,woy_sin,-0.00779
MED00074,8,woy_sin,0.00329
MED00075,8,woy_sin,-0.00724
MED00076,8,woy_sin,-0.03341
MED00077,8,woy_sin,-0.00845
MED00078,8,woy_sin,-0.0022
MED00079,8,woy_sin,-0.08863
MED00080,8,woy_sin,0.00329
MED00081,8,woy_sin,-0.03136
MED00082,8,woy_sin,-0.00741
MED00083,8,woy_sin,-0.02683
MED00084,8,woy_sin,0.00526
MED00085,8,woy_sin,0.02251
MED00086,8,woy_sin,-0.05539
MED00087,8,woy_sin,0.01901
MED00088,8,woy_sin,-0.01527
MED00089,8,woy_sin,-0.02007
MED00090,8,woy_sin,0.00153
MED00091,8,woy_sin,0.02074
MED00092,8,woy_sin,0.01134
MED00093,8,woy_sin,-0.02807
MED00094,8,woy_sin,-0.00101
MED00095,8,woy_sin,0.00361
MED00096,8,woy_sin,-0.01097
MED00097,8,woy_sin,-0.04778
MED00098,8,woy_sin,-0.00683
MED00099,8,woy_sin,-0.06733
MED00100,8,woy_sin,-0.00365
MED00101,8,woy_sin,0.00286
MED00102,8,woy_sin,-0.06387
MED00103,8,woy_sin,0.00809
MED00104,8,woy_sin,0.00968
MED00105,8,woy_sin,0.00199
MED00106,8,woy_sin,-0.00817
MED00107,8,woy_sin,0.00523
MED00108,8,woy_sin,0.00551
MED00109,8,woy_sin,-0.06792
MED00110,8,woy_sin,-0.08434
MED00111,8,woy_sin,0.02708
MED00112,8,woy_sin,0.00355
MED00113,8,woy_sin,0.02731
MED00114,8,woy_sin,-0.00515
MED00115,8,woy_sin,0.0155
MED00116,8,woy_sin,-0.03231
MED00117,8,woy_sin,0.02651
MED00118,8,woy_sin,0.01317
MED00119,8,woy_sin,0.02363
MED00120,8,woy_sin,-0.03036
MED00121,8,woy_sin,0.01448
MED00122,8,woy_sin,0.02164
MED00123,8,woy_sin,-0.06472
MED00124,8,woy_sin,0.007
MED00125,8,woy_sin,-0.02564
MED00126,8,woy_sin,-0.06764
MED00127,8,woy_sin,-0.02735
MED00128,8,woy_sin,0.0193
MED00129,8,woy_sin,0.01488
MED00130,8,woy_sin,-0.0374
MED00131,8,woy_sin,0.00835
MED00132,8,woy_sin,-0.09295
MED00133,8,woy_sin,-0.0631
MED00134,8,woy_sin,-0.09866
MED00135,8,woy_sin,-0.04119
MED00136,8,woy_sin,-0.0029
MED00137,8,woy_sin,-0.01054
MED00138,8,woy_sin,0.01321
MED00139,8,woy_sin,0.01236
MED00140,8,woy_sin,0.02168
MED00141,8,woy_sin,-0.02116
MED00142,8,woy_sin,-0.01709
MED00143,8,woy_sin,0.02486
MED00144,8,woy_sin,0.00681
MED00145,8,woy_sin,0.00462
MED00146,8,woy_sin,0.03035
MED00147,8,woy_sin,-0.00092
MED00148,8,woy_sin,-0.03156
MED00149,8,woy_sin,0.00573
MED00150,8,woy_sin,0.02753
MED00151,8,woy_sin,0.01514
MED00152,8,woy_sin,0.02818
MED00153,8,woy_sin,0.02185
MED00154,8,woy_sin,0.01217
MED00155,8,woy_sin,0.01569
MED00156,8,woy_sin,0.00798
MED00157,8,woy_sin,0.00446
MED00158,8,woy_sin,-0.03264
MED00159,8,woy_sin,-0.0578
MED00160,8,woy_sin,0.00454
MED00161,8,woy_sin,0.00128
MED00162,8,woy_sin,0.02194
MED00163,8,woy_sin,-0.02277
MED00164,8,woy_sin,0.01555
MED00165,8,woy_sin,-0.00787
MED00166,8,woy_sin,0.02267
MED00167,8,woy_sin,0.01949
MED00168,8,woy_sin,0.03041
MED00169,8,woy_sin,0.02046
MED00170,8,woy_sin,0.02538
MED00171,8,woy_sin,0.02092
MED00172,8,woy_sin,0.0377
MED00173,8,woy_sin,0.01354
MED00174,8,woy_sin,-0.0115
MED00175,8,woy_sin,-0.05573
MED00176,8,woy_sin,-0.04536
MED00177,8,woy_sin,-0.02279
MED00178,8,woy_sin,-0.05864
MED00179,8,woy_sin,-0.05042
MED00180,8,woy_sin,0.02828
MED00181,8,woy_sin,0.0075
MED00182,8,woy_sin,-0.05362
MED00183,8,woy_sin,-0.1383
MED00184,8,woy_sin,0.00491
MED00185,8,woy_sin,0.01259
MED00186,8,woy_sin,0.02776
MED00187,8,woy_sin,-0.00875
MED00188,8,woy_sin,0.0093
MED00189,8,woy_sin,-0.03166
MED00190,8,woy_sin,0.01795
MED00191,8,woy_sin,0.00665
MED00192,8,woy_sin,-0.02508
MED00193,8,woy_sin,-0.03136
MED00194,8,woy_sin,0.02701
MED00195,8,woy_sin,-0.00052
MED00196,8,woy_sin,-0.00239
MED00197,8,woy_sin,0.02466
MED00198,8,woy_sin,0.01926
MED00199,8,woy_sin,0.01392
MED00200,8,woy_sin,0.01671
MED00201,8,woy_sin,-0.02278
MED00202,8,woy_sin,0.02708
MED00203,8,woy_sin,0.02673
MED00204,8,woy_sin,0.02457
MED00205,8,woy_sin,-0.00126
MED00206,8,woy_sin,0.02793
MED00207,8,woy_sin,0.01409
MED00208,8,woy_sin,0.00946
MED00209,8,woy_sin,-0.0092
MED00210,8,woy_sin,-0.03907
MED00211,8,woy_sin,0.00613
MED00212,8,woy_sin,-0.01598
MED00213,8,woy_sin,-0.07109
MED00214,8,woy_sin,0.00919
MED00215,8,woy_sin,0.01505
MED00216,8,woy_sin,-0.02253
MED00217,8,woy_sin,-0.02033
MED00218,8,woy_sin,0.00685
MED00219,8,woy_sin,-0.00597
MED00220,8,woy_sin,0.01031
MED00221,8,woy_sin,-0.01823
MED00222,8,woy_sin,-0.02513
MED00223,8,woy_sin,-0.0378
MED00224,8,woy_sin,0.02635
MED00225,8,woy_sin,0.00056
MED00226,8,woy_sin,-0.00409
MED00227,8,woy_sin,0.00465
MED00228,8,woy_sin,-0.01806
MED00229,8,woy_sin,-0.09625
MED00230,8,woy_sin,0.00175
MED00231,8,woy_sin,0.01475
MED00232,8,woy_sin,0.00771
MED00233,8,woy_sin,-0.08256
MED00234,8,woy_sin,0.02378
MED00235,8,woy_sin,0.02936
MED00236,8,woy_sin,0.01692
MED00237,8,woy_sin,-0.01068
MED00238,8,woy_sin,0.00941
MED00239,8,woy_sin,-0.00199
MED00240,8,woy_sin,-0.00691
MED00241,8,woy_sin,0.0105
MED00242,8,woy_sin,-0.00259
MED00243,8,woy_sin,-0.01355
MED00244,8,woy_sin,0.0197
MED00245,8,woy_sin,0.05449
MED00246,8,woy_sin,-0.01065
MED00247,8,woy_sin,0.01018
MED00248,8,woy_sin,-0.02288
MED00249,8,woy_sin,-0.10624
MED00250,8,woy_sin,-0.01369
MED00251,8,woy_sin,0.02163
MED00252,8,woy_sin,-0.02325
MED00253,8,woy_sin,0.00377
MED00254,8,woy_sin,-0.01457
MED00255,8,woy_sin,-0.01273
MED00256,8,woy_sin,0.05024
MED00257,8,woy_sin,-0.00396
MED00258,8,woy_sin,0.00588
MED00259,8,woy_sin,0.01247
MED00260,8,woy_sin,-0.02366
MED00261,8,woy_sin,-0.01822
MED00262,8,woy_sin,0.00131
MED00263,8,woy_sin,0.00329
MED00264,8,woy_sin,-0.07175
MED00265,8,woy_sin,0.00563
MED00266,8,woy_sin,-0.04006
MED00267,8,woy_sin,-0.00527
MED00268,8,woy_sin,0.02128
MED00269,8,woy_sin,0.02711
MED00270,8,woy_sin,0.02291
MED00271,8,woy_sin,0.0224
MED00272,8,woy_sin,-0.02576
MED00273,8,woy_sin,-0.02001
MED00274,8,woy_sin,-0.08019
MED00275,8,woy_sin,-0.01369
MED00276,8,woy_sin,0.02028
MED00277,8,woy_sin,-0.03205
MED00278,8,woy_sin,0.005
MED00279,8,woy_sin,-0.01202
MED00280,8,woy_sin,-0.03281
MED00281,8,woy_sin,-0.00868
MED00282,8,woy_sin,-0.02799
MED00283,8,woy_sin,0.01753
MED00284,8,woy_sin,0.01205
MED00285,8,woy_sin,0.00178
MED00286,8,woy_sin,-0.00318
MED00287,8,woy_sin,0.00137
MED00289,8,woy_sin,-0.00361
MED00290,8,woy_sin,0.01178
MED00291,8,woy_sin,-0.00863
MED00292,8,woy_sin,-0.0212
MED00293,8,woy_sin,0.00276
MED00294,8,woy_sin,-0.01294
MED00295,8,woy_sin,-0.04421
MED00296,8,woy_sin,-0.00566
MED00297,8,woy_sin,-0.00073
MED00298,8,woy_sin,0.02059
MED00299,8,woy_sin,-0.01947
MED00300,8,woy_sin,0.01903
MED00301,8,woy_sin,-0.00198
MED00302,8,woy_sin,-0.03764
MED00303,8,woy_sin,-0.00658
MED00304,8,woy_sin,-0.00748
MED00305,8,woy_sin,0.02656
MED00306,8,woy_sin,-0.08531
MED00307,8,woy_sin,-0.06448
MED00308,8,woy_sin,-0.01402
MED00309,8,woy_sin,-0.01284
MED00310,8,woy_sin,-0.02949
MED00311,8,woy_sin,-0.03442
MED00312,8,woy_sin,-0.08525
MED00313,8,woy_sin,-0.05438
MED00314,8,woy_sin,-0.06928
MED00315,8,woy_sin,0.00536
MED00316,8,woy_sin,0.00365
MED00317,8,woy_sin,0.01425
MED00318,8,woy_sin,0.01734
MED00319,8,woy_sin,0.01077
MED00320,8,woy_sin,-0.04278
MED00321,8,woy_sin,-0.06476
MED00322,8,woy_sin,-0.03329
MED00323,8,woy_sin,-0.06966
MED00324,8,woy_sin,0.02568
MED00325,8,woy_sin,-0.00047
MED00326,8,woy_sin,0.01075
MED00327,8,woy_sin,0.00564
MED00328,8,woy_sin,-0.00264
MED00329,8,woy_sin,0.01076
MED00330,8,woy_sin,-0.00985
MED00331,8,woy_sin,0.02783
MED00332,8,woy_sin,0.00891
MED00333,8,woy_sin,-0.00458
MED00334,8,woy_sin,-0.00083
MED00335,8,woy_sin,-0.02268
MED00336,8,woy_sin,-0.00191
MED00337,8,woy_sin,0.00999
MED00338,8,woy_sin,-0.05254
MED00339,8,woy_sin,0.00533
MED00340,8,woy_sin,-0.06434
MED00341,8,woy_sin,-0.00609
MED00342,8,woy_sin,0.02642
MED00343,8,woy_sin,0.0073
MED00344,8,woy_sin,-0.06557
MED00345,8,woy_sin,-0.02837
MED00346,8,woy_sin,0.01282
MED00347,8,woy_sin,-0.00354
MED00348,8,woy_sin,0.01664
MED00349,8,woy_sin,0.02033
MED00350,8,woy_sin,-0.05387
MED00351,8,woy_sin,-0.06669
MED00352,8,woy_sin,-0.07336
MED00353,8,woy_sin,-0.06774
MED00354,8,woy_sin,-0.0767
MED00355,8,woy_sin,0.01175
MED00356,8,woy_sin,0.02293
MED00357,8,woy_sin,-0.03072
MED00358,8,woy_sin,-0.03692
MED00359,8,woy_sin,0.02199
MED00360,8,woy_sin,0.02606
MED00361,8,woy_sin,0.0225
MED00362,8,woy_sin,0.03737
MED00363,8,woy_sin,0.0199
MED00364,8,woy_sin,-0.00635
MED00365,8,woy_sin,0.01703
MED00366,8,woy_sin,0.00893
MED00367,8,woy_sin,0.02
MED00368,8,woy_sin,-0.00188
MED00369,8,woy_sin,0.00762
MED00370,8,woy_sin,-0.06709
MED00371,8,woy_sin,-0.02392
MED00372,8,woy_sin,-0.03905
MED00373,8,woy_sin,-0.01159
MED00374,8,woy_sin,0.03271
MED00375,8,woy_sin,-0.00659
MED00376,8,woy_sin,0.0179
MED00377,8,woy_sin,-0.01626
MED00378,8,woy_sin,0.02409
MED00379,8,woy_sin,-0.06698
MED00380,8,woy_sin,-0.08349
MED00381,8,woy_sin,-0.01791
MED00382,8,woy_sin,-0.00911
MED00383,8,woy_sin,0.00981
MED00384,8,woy_sin,0.02578
MED00385,8,woy_sin,-0.00889
MED00386,8,woy_sin,-0.00306
MED00387,8,woy_sin,0.00548
MED00388,8,woy_sin,-0.06194
MED00389,8,woy_sin,0.00875
MED00390,8,woy_sin,-0.01245
MED00391,8,woy_sin,-0.02697
MED00392,8,woy_sin,-0.02367
MED00393,8,woy_sin,-0.0239
MED00394,8,woy_sin,-0.01853
MED00395,8,woy_sin,-0.02406
MED00396,8,woy_sin,0.03519
MED00397,8,woy_sin,-0.00728
MED00398,8,woy_sin,-0.05611
MED00399,8,woy_sin,-0.11259
MED00400,8,woy_sin,-0.02449
MED00401,8,woy_sin,-0.03281
MED00402,8,woy_sin,-0.03105
MED00403,8,woy_sin,0.00555
MED00404,8,woy_sin,-0.00015
MED00405,8,woy_sin,-0.0006
MED00406,8,woy_sin,-0.00565
MED00407,8,woy_sin,-0.02759
MED00408,8,woy_sin,-0.01886
MED00409,8,woy_sin,-0.00597
MED00410,8,woy_sin,-0.00377
MED00411,8,woy_sin,-0.03841
MED00412,8,woy_sin,-0.0097
MED00413,8,woy_sin,-0.02504
MED00414,8,woy_sin,-0.02229
MED00415,8,woy_sin,-0.01041
MED00416,8,woy_sin,-0.03635
MED00417,8,woy_sin,-0.01013
MED00418,8,woy_sin,-0.01801
MED00419,8,woy_sin,-0.01829
MED00420,8,woy_sin,-0.02967
MED00421,8,woy_sin,-0.01251
MED00422,8,woy_sin,-0.02639
MED00423,8,woy_sin,-0.01032
MED00424,8,woy_sin,-0.01714
MED00001,9,woy_sin,-0.01686
MED00002,9,woy_sin,-0.0138
MED00003,9,woy_sin,-0.0253
MED00004,9,woy_sin,-0.04501
MED00005,9,woy_sin,-0.03628
MED00006,9,woy_sin,0.01817
MED00007,9,woy_sin,0.05671
MED00008,9,woy_sin,0.02015
MED00009,9,woy_sin,-0.02441
MED00010,9,woy_sin,-0.02058
MED00011,9,woy_sin,-0.117
MED00012,9,woy_sin,0.02184
MED00013,9,woy_sin,0.00522
MED00014,9,woy_sin,0.00525
MED00015,9,woy_sin,0.01265
MED00016,9,woy_sin,0.0224
MED00017,9,woy_sin,0.01709
MED00018,9,woy_sin,-0.02994
MED00019,9,woy_sin,-0.00886
MED00020,9,woy_sin,-0.02721
MED00021,9,woy_sin,-0.00926
MED00022,9,woy_sin,0.01447
MED00023,9,woy_sin,0.02786
MED00024,9,woy_sin,-0.0018
MED00025,9,woy_sin,-0.01446
MED00026,9,woy_sin,-0.0142
MED00027,9,woy_sin,-0.01256
MED00028,9,woy_sin,0.01147
MED00029,9,woy_sin,0.00879
MED00030,9,woy_sin,-0.0035
MED00031,9,woy_sin,-0.01598
MED00032,9,woy_sin,-0.00077
MED00033,9,woy_sin,-0.02596
MED00034,9,woy_sin,-0.01667
MED00035,9,woy_sin,-0.05281
MED00036,9,woy_sin,0.00223
MED00037,9,woy_sin,-0.03412
MED00038,9,woy_sin,0.01168
MED00039,9,woy_sin,-0.06599
MED00040,9,woy_sin,0.02821
MED00041,9,woy_sin,-0.06688
MED00042,9,woy_sin,-0.04876
MED00043,9,woy_sin,-0.02678
MED00044,9,woy_sin,0.01474
MED00045,9,woy_sin,0.02023
MED00046,9,woy_sin,0.00272
MED00047,9,woy_sin,0.0032
MED00048,9,woy_sin,-0.0016
MED00049,9,woy_sin,-0.00292
MED00050,9,woy_sin,0.00286
MED00051,9,woy_sin,-0.00625
MED00052,9,woy_sin,-0.01782
MED00053,9,woy_sin,-0.00361
MED00054,9,woy_sin,0.00811
MED00055,9,woy_sin,-0.05239
MED00056,9,woy_sin,-0.05198
MED00057,9,woy_sin,-0.04495
MED00058,9,woy_sin,0.01524
MED00059,9,woy_sin,-0.00281
MED00060,9,woy_sin,-0.04185
MED00061,9,woy_sin,0.00909
MED00062,9,woy_sin,-0.02914
MED00063,9,woy_sin,0.03151
MED00064,9,woy_sin,-0.05203
MED00065,9,woy_sin,0.02872
MED00066,9,woy_sin,0.0043
MED00067,9,woy_sin,0.02123
MED00068,9,woy_sin,-0.00744
MED00069,9,woy_sin,0.02517
MED00070,9,woy_sin,0.01886
MED00071,9,woy_sin,0.01598
MED00072,9,woy_sin,0.02195
MED00073,9,woy_sin,-0.00937
MED00074,9,woy_sin,-0.00104
MED00075,9,woy_sin,-0.02188
MED00076,9,woy_sin,-0.02586
MED00077,9,woy_sin,-0.01773
MED00078,9,woy_sin,0.00597
MED00079,9,woy_sin,-0.08776
MED00080,9,woy_sin,-0.00064
MED00081,9,woy_sin,-0.02319
MED00082,9,woy_sin,-0.00491
MED00083,9,woy_sin,-0.02175
MED00084,9,woy_sin,0.00813
MED00085,9,woy_sin,0.01881
MED00086,9,woy_sin,-0.03076
MED00087,9,woy_sin,0.02
MED00088,9,woy_sin,-0.00716
MED00089,9,woy_sin,-0.01271
MED00090,9,woy_sin,0.01085
MED00091,9,woy_sin,0.01976
MED00092,9,woy_sin,0.01305
MED00093,9,woy_sin,-0.00458
MED00094,9,woy_sin,0.02518
MED00095,9,woy_sin,-0.00039
MED00096,9,woy_sin,-0.01411
MED00097,9,woy_sin,-0.03042
MED00098,9,woy_sin,-0.00614
MED00099,9,woy_sin,-0.01928
MED00100,9,woy_sin,0.00551
MED00101,9,woy_sin,0.00309
MED00102,9,woy_sin,-0.05539
MED00103,9,woy_sin,0.00824
MED00104,9,woy_sin,0.00775
MED00105,9,woy_sin,0.00228
MED00106,9,woy_sin,0.02405
MED00107,9,woy_sin,0.00409
MED00108,9,woy_sin,0.00265
MED00109,9,woy_sin,-0.05332
MED00110,9,woy_sin,-0.03459
MED00111,9,woy_sin,0.03457
MED00112,9,woy_sin,0.00132
MED00113,9,woy_sin,0.02519
MED00114,9,woy_sin,-0.00196
MED00115,9,woy_sin,0.01623
MED00116,9,woy_sin,-0.02038
MED00117,9,woy_sin,0.03026
MED00118,9,woy_sin,0.01053
MED00119,9,woy_sin,0.02308
MED00120,9,woy_sin,-0.03295
MED00121,9,woy_sin,0.01293
MED00122,9,woy_sin,0.01785
MED00123,9,woy_sin,-0.04514
MED00124,9,woy_sin,0.00589
MED00125,9,woy_sin,-0.01594
MED00126,9,woy_sin,-0.0506
MED00127,9,woy_sin,-0.0254
MED00128,9,woy_sin,0.01867
MED00129,9,woy_sin,0.01572
MED00130,9,woy_sin,-0.00403
MED00131,9,woy_sin,0.00754
MED00132,9,woy_sin,-0.04906
MED00133,9,woy_sin,-0.05268
MED00134,9,woy_sin,-0.0477
MED00135,9,woy_sin,-0.02977
MED00136,9,woy_sin,0.01819
MED00137,9,woy_sin,-0.00157
MED00138,9,woy_sin,0.01293
MED00139,9,woy_sin,0.01268
MED00140,9,woy_sin,0.02047
MED00141,9,woy_sin,-0.01702
MED00142,9,woy_sin,-0.00646
MED00143,9,woy_sin,0.02367
MED00144,9,woy_sin,0.00732
MED00145,9,woy_sin,0.0133
MED00146,9,woy_sin,0.03906
MED00147,9,woy_sin,-0.00089
MED00148,9,woy_sin,-0.03959
MED00149,9,woy_sin,0.00243
MED00150,9,woy_sin,0.03569
MED00151,9,woy_sin,0.01397
MED00152,9,woy_sin,0.02751
MED00153,9,woy_sin,0.02269
MED00154,9,woy_sin,0.01732
MED00155,9,woy_sin,0.01664
MED00156,9,woy_sin,0.00433
MED00157,9,woy_sin,0.00142
MED00158,9,woy_sin,-0.01845
MED00159,9,woy_sin,-0.04901
MED00160,9,woy_sin,0.00147
MED00161,9,woy_sin,0.00119
MED00162,9,woy_sin,0.0231
MED00163,9,woy_sin,-0.01528
MED00164,9,woy_sin,0.01826
MED00166,9,woy_sin,0.02287
MED00167,9,woy_sin,0.01519
MED00168,9,woy_sin,0.03165
MED00169,9,woy_sin,0.01763
MED00170,9,woy_sin,0.02304
MED00171,9,woy_sin,0.02034
MED00172,9,woy_sin,0.03775
MED00173,9,woy_sin,0.01479
MED00174,9,woy_sin,0.0006
MED00175,9,woy_sin,-0.03595
MED00176,9,woy_sin,-0.03749
MED00177,9,woy_sin,-0.00357
MED00178,9,woy_sin,-0.0435
MED00179,9,woy_sin,-0.03201
MED00180,9,woy_sin,0.02817
MED00181,9,woy_sin,0.00692
MED00182,9,woy_sin,-0.01643
MED00183,9,woy_sin,-0.1343
MED00184,9,woy_sin,0.0086
MED00185,9,woy_sin,0.01098
MED00186,9,woy_sin,0.02833
MED00187,9,woy_sin,0.00087
MED00188,9,woy_sin,0.00523
MED00189,9,woy_sin,-0.02109
MED00190,9,woy_sin,0.01724
MED00191,9,woy_sin,0.00999
MED00192,9,woy_sin,-0.01768
MED00193,9,woy_sin,-0.00029
MED00194,9,woy_sin,0.04175
MED00195,9,woy_sin,0.01033
MED00196,9,woy_sin,0.01979
MED00197,9,woy_sin,0.03213
MED00198,9,woy_sin,0.0187
MED00199,9,woy_sin,0.01566
MED00200,9,woy_sin,0.0176
MED00201,9,woy_sin,-0.0245
MED00202,9,woy_sin,0.02761
MED00203,9,woy_sin,0.027
MED00204,9,woy_sin,0.0254
MED00205,9,woy_sin,-0.00117
MED00206,9,woy_sin,0.03128
MED00207,9,woy_sin,0.01346
MED00208,9,woy_sin,0.00872
MED00209,9,woy_sin,-0.00893
MED00210,9,woy_sin,-0.0426
MED00211,9,woy_sin,0.00698
MED00212,9,woy_sin,-0.01436
MED00213,9,woy_sin,-0.05322
MED00214,9,woy_sin,0.00554
MED00215,9,woy_sin,0.01602
MED00216,9,woy_sin,0.0118
MED00217,9,woy_sin,-0.01201
MED00218,9,woy_sin,0.00356
MED00219,9,woy_sin,0.01466
MED00220,9,woy_sin,0.00988
MED00221,9,woy_sin,-0.01539
MED00222,9,woy_sin,-0.01011
MED00223,9,woy_sin,-0.03505
MED00224,9,woy_sin,0.02613
MED00225,9,woy_sin,-0.00445
MED00226,9,woy_sin,-0.00133
MED00227,9,woy_sin,0.01193
MED00228,9,woy_sin,-0.01614
MED00229,9,woy_sin,0.03579
MED00230,9,woy_sin,0.00948
MED00231,9,woy_sin,0.01204
MED00232,9,woy_sin,0.00884
MED00233,9,woy_sin,-0.06567
MED00234,9,woy_sin,0.02111
MED00235,9,woy_sin,0.04752
MED00236,9,woy_sin,0.02068
MED00237,9,woy_sin,-0.003
MED00238,9,woy_sin,0.00731
MED00239,9,woy_sin,-0.00422
MED00240,9,woy_sin,-0.00677
MED00241,9,woy_sin,0.01155
MED00242,9,woy_sin,0.01062
MED00243,9,woy_sin,-0.01003
MED00244,9,woy_sin,0.02025
MED00245,9,woy_sin,0.07228
MED00246,9,woy_sin,-0.01318
MED00247,9,woy_sin,0.00843
MED00248,9,woy_sin,-0.02385
MED00249,9,woy_sin,-0.1086
MED00250,9,woy_sin,-0.01379
MED00251,9,woy_sin,0.01924
MED00252,9,woy_sin,-0.01266
MED00253,9,woy_sin,0.00163
MED00254,9,woy_sin,-0.01172
MED00255,9,woy_sin,-0.01771
MED00256,9,woy_sin,0.03809
MED00257,9,woy_sin,-0.00478
MED00258,9,woy_sin,0.00521
MED00259,9,woy_sin,0.00914
MED00260,9,woy_sin,-0.01107
MED00261,9,woy_sin,-0.00403
MED00262,9,woy_sin,-0.0021
MED00263,9,woy_sin,0.00329
MED00264,9,woy_sin,-0.03345
MED00265,9,woy_sin,0.00365
MED00266,9,woy_sin,-0.02999
MED00267,9,woy_sin,-0.00666
MED00268,9,woy_sin,0.01752
MED00269,9,woy_sin,0.0247
MED00270,9,woy_sin,0.02261
MED00271,9,woy_sin,0.02694
MED00272,9,woy_sin,-0.02817
MED00273,9,woy_sin,-0.02156
MED00274,9,woy_sin,-0.0604
MED00275,9,woy_sin,-0.01664
MED00276,9,woy_sin,0.01963
MED00277,9,woy_sin,-0.02143
MED00278,9,woy_sin,0.00276
MED00279,9,woy_sin,-0.00829
MED00280,9,woy_sin,-0.02563
MED00281,9,woy_sin,-0.01132
MED00282,9,woy_sin,-0.02919
MED00283,9,woy_sin,0.01588
MED00284,9,woy_sin,0.00807
MED00285,9,woy_sin,0.00139
MED00286,9,woy_sin,-0.00362
MED00287,9,woy_sin,-0.00145
MED00288,9,woy_sin,0.00695
MED00289,9,woy_sin,-0.00202
MED00290,9,woy_sin,0.01073
MED00291,9,woy_sin,-0.01069
MED00292,9,woy_sin,-0.02095
MED00293,9,woy_sin,0.00064
MED00294,9,woy_sin,-0.00418
MED00295,9,woy_sin,-0.02157
MED00296,9,woy_sin,-0.00444
MED00297,9,woy_sin,-0.00129
MED00298,9,woy_sin,0.01714
MED00299,9,woy_sin,-0.00301
MED00300,9,woy_sin,0.01932
MED00301,9,woy_sin,-0.004
MED00302,9,woy_sin,-0.03611
MED00303,9,woy_sin,0.00065
MED00304,9,woy_sin,-0.00414
MED00305,9,woy_sin,0.02739
MED00306,9,woy_sin,-0.04896
MED00307,9,woy_sin,-0.06487
MED00308,9,woy_sin,-0.01055
MED00309,9,woy_sin,-0.00919
MED00310,9,woy_sin,-0.03649
MED00311,9,woy_sin,-0.02906
MED00312,9,woy_sin,-0.06689
MED00313,9,woy_sin,-0.05071
MED00314,9,woy_sin,-0.05033
MED00315,9,woy_sin,0.00303
MED00316,9,woy_sin,0.00128
MED00317,9,woy_sin,0.01534
MED00318,9,woy_sin,0.01682
MED00319,9,woy_sin,0.00922
MED00320,9,woy_sin,-0.03094
MED00321,9,woy_sin,-0.0577
MED00322,9,woy_sin,-0.0107
MED00323,9,woy_sin,-0.0497
MED00324,9,woy_sin,0.01252
MED00325,9,woy_sin,-0.00019
MED00326,9,woy_sin,0.01018
MED00327,9,woy_sin,0.00332
MED00328,9,woy_sin,-0.00512
MED00329,9,woy_sin,0.01069
MED00330,9,woy_sin,-0.0104
MED00331,9,woy_sin,0.02468
MED00332,9,woy_sin,0.00462
MED00333,9,woy_sin,0.00016
MED00334,9,woy_sin,0.00426
MED00335,9,woy_sin,-0.01889
MED00336,9,woy_sin,0.0029
MED00337,9,woy_sin,0.03133
MED00338,9,woy_sin,-0.03142
MED00339,9,woy_sin,0.00719
MED00340,9,woy_sin,-0.05174
MED00341,9,woy_sin,-0.00678
MED00342,9,woy_sin,0.02628
MED00343,9,woy_sin,0.00475
MED00344,9,woy_sin,-0.06026
MED00345,9,woy_sin,0.00818
MED00346,9,woy_sin,0.01121
MED00347,9,woy_sin,0.00376
MED00348,9,woy_sin,0.01581
MED00349,9,woy_sin,0.0195
MED00350,9,woy_sin,-0.03845
MED00351,9,woy_sin,0.01452
MED00352,9,woy_sin,-0.06577
MED00353,9,woy_sin,-0.05389
MED00354,9,woy_sin,-0.0607
MED00355,9,woy_sin,0.02158
MED00356,9,woy_sin,0.0211
MED00357,9,woy_sin,-0.02285
MED00358,9,woy_sin,-0.0394
MED00359,9,woy_sin,0.02278
MED00360,9,woy_sin,0.03202
MED00361,9,woy_sin,0.01938
MED00362,9,woy_sin,0.02788
MED00363,9,woy_sin,0.01892
MED00364,9,woy_sin,0.00713
MED00365,9,woy_sin,0.01663
MED00366,9,woy_sin,0.00533
MED00367,9,woy_sin,0.02055
MED00368,9,woy_sin,-0.0007
MED00369,9,woy_sin,0.00744
MED00370,9,woy_sin,-0.05164
MED00371,9,woy_sin,-0.01249
MED00372,9,woy_sin,-0.02742
MED00373,9,woy_sin,-0.00208
MED00374,9,woy_sin,0.00992
MED00375,9,woy_sin,-0.00454
MED00376,9,woy_sin,0.01861
MED00377,9,woy_sin,0.00511
MED00378,9,woy_sin,0.02904
MED00379,9,woy_sin,-0.05812
MED00380,9,woy_sin,-0.0677
MED00381,9,woy_sin,-0.00456
MED00382,9,woy_sin,-0.01184
MED00383,9,woy_sin,0.00839
MED00384,9,woy_sin,0.02358
MED00385,9,woy_sin,-0.00677
MED00386,9,woy_sin,-0.00242
MED00387,9,woy_sin,0.01093
MED00388,9,woy_sin,-0.04259
MED00389,9,woy_sin,0.00741
MED00390,9,woy_sin,-0.00706
MED00391,9,woy_sin,-0.0227
MED00392,9,woy_sin,-0.0214
MED00393,9,woy_sin,-0.02387
MED00394,9,woy_sin,-0.01891
MED00395,9,woy_sin,-0.02231
MED00396,9,woy_sin,0.06235
MED00397,9,woy_sin,-0.00164
MED00398,9,woy_sin,-0.02116
MED00399,9,woy_sin,-0.06749
MED00400,9,woy_sin,0.01315
MED00401,9,woy_sin,-0.04569
MED00402,9,woy_sin,-0.03196
MED00403,9,woy_sin,0.01054
MED00404,9,woy_sin,0.00089
MED00405,9,woy_sin,0.00276
MED00406,9,woy_sin,0.00091
MED00407,9,woy_sin,-0.02952
MED00408,9,woy_sin,-0.02566
MED00409,9,woy_sin,-0.00657
MED00410,9,woy_sin,-0.00791
MED00411,9,woy_sin,-0.03953
MED00412,9,woy_sin,-0.0155
MED00413,9,woy_sin,-0.02439
MED00414,9,woy_sin,-0.02444
MED00415,9,woy_sin,-0.01446
MED00416,9,woy_sin,-0.03568
MED00417,9,woy_sin,-0.01194
MED00418,9,woy_sin,-0.02071
MED00419,9,woy_sin,-0.01905
MED00420,9,woy_sin,-0.03207
MED00421,9,woy_sin,-0.01411
MED00422,9,woy_sin,-0.02475
MED00423,9,woy_sin,-0.01038
MED00424,9,woy_sin,-0.00292
MED00001,10,woy_sin,-0.01298
MED00002,10,woy_sin,0.0008
MED00003,10,woy_sin,-0.00151
MED00004,10,woy_sin,0.076
MED00005,10,woy_sin,0.08739
MED00006,10,woy_sin,0.02043
MED00007,10,woy_sin,0.05934
MED00008,10,woy_sin,0.0332
MED00009,10,woy_sin,-0.02078
MED00010,10,woy_sin,-0.01873
MED00011,10,woy_sin,-0.11061
MED00012,10,woy_sin,0.02389
MED00013,10,woy_sin,0.00263
MED00014,10,woy_sin,0.00066
MED00015,10,woy_sin,0.02717
MED00016,10,woy_sin,0.02183
MED00017,10,woy_sin,0.01761
MED00018,10,woy_sin,0.01889
MED00019,10,woy_sin,0.00829
MED00020,10,woy_sin,-0.02674
MED00021,10,woy_sin,-0.00214
MED00022,10,woy_sin,0.01923
MED00023,10,woy_sin,0.03889
MED00024,10,woy_sin,0.0105
MED00025,10,woy_sin,-0.04027
MED00026,10,woy_sin,-0.01405
MED00027,10,woy_sin,-0.03817
MED00028,10,woy_sin,0.02217
MED00029,10,woy_sin,0.03251
MED00030,10,woy_sin,0.01591
MED00031,10,woy_sin,0.00492
MED00032,10,woy_sin,0.00456
MED00033,10,woy_sin,0.09946
MED00034,10,woy_sin,-0.02185
MED00035,10,woy_sin,0.00737
MED00036,10,woy_sin,0.01244
MED00037,10,woy_sin,-0.04585
MED00038,10,woy_sin,0.0194
MED00039,10,woy_sin,-0.0161
MED00040,10,woy_sin,-0.00258
MED00041,10,woy_sin,-0.00386
MED00042,10,woy_sin,-0.04218
MED00043,10,woy_sin,0.00405
MED00044,10,woy_sin,0.02217
MED00045,10,woy_sin,0.02262
MED00046,10,woy_sin,0.01143
MED00047,10,woy_sin,0.00041
MED00048,10,woy_sin,-0.00232
MED00049,10,woy_sin,-0.01379
MED00050,10,woy_sin,0.00284
MED00051,10,woy_sin,0.01925
MED00052,10,woy_sin,0.00161
MED00053,10,woy_sin,0.01294
MED00054,10,woy_sin,0.02731
MED00055,10,woy_sin,-0.00961
MED00056,10,woy_sin,0.00061
MED00057,10,woy_sin,0.01384
MED00058,10,woy_sin,0.01667
MED00059,10,woy_sin,0.00692
MED00060,10,woy_sin,-0.03764
MED00061,10,woy_sin,0.00691
MED00062,10,woy_sin,-0.02605
MED00063,10,woy_sin,0.00016
MED00064,10,woy_sin,-0.04055
MED00065,10,woy_sin,0.01705
MED00066,10,woy_sin,0.02198
MED00067,10,woy_sin,0.02218
MED00068,10,woy_sin,0.00051
MED00069,10,woy_sin,0.032
MED00070,10,woy_sin,0.01759
MED00071,10,woy_sin,0.0209
MED00072,10,woy_sin,0.02579
MED00073,10,woy_sin,-0.00359
MED00074,10,woy_sin,0.00778
MED00075,10,woy_sin,-0.01723
MED00076,10,woy_sin,-0.00461
MED00077,10,woy_sin,-0.01375
MED00078,10,woy_sin,0.01469
MED00079,10,woy_sin,-0.08111
MED00080,10,woy_sin,0.00356
MED00081,10,woy_sin,0.00412
MED00082,10,woy_sin,0.00233
MED00083,10,woy_sin,-0.01755
MED00084,10,woy_sin,0.0277
MED00085,10,woy_sin,0.01725
MED00086,10,woy_sin,-0.00417
MED00087,10,woy_sin,0.02239
MED00088,10,woy_sin,0.00586
MED00089,10,woy_sin,-0.00897
MED00090,10,woy_sin,0.017
MED00091,10,woy_sin,0.02606
MED00092,10,woy_sin,0.01679
MED00093,10,woy_sin,-0.01476
MED00094,10,woy_sin,0.00682
MED00095,10,woy_sin,-0.0026
MED00096,10,woy_sin,-0.01195
MED00097,10,woy_sin,-0.0061
MED00098,10,woy_sin,-0.00613
MED00099,10,woy_sin,-0.04804
MED00100,10,woy_sin,0.02246
MED00101,10,woy_sin,0.00298
MED00102,10,woy_sin,-0.0573
MED00103,10,woy_sin,0.00834
MED00104,10,woy_sin,0.00271
MED00105,10,woy_sin,0.00221
MED00106,10,woy_sin,0.00725
MED00107,10,woy_sin,0.00083
MED00108,10,woy_sin,0.00054
MED00109,10,woy_sin,0.04228
MED00110,10,woy_sin,0.06492
MED00111,10,woy_sin,0.04018
MED00112,10,woy_sin,0.00235
MED00113,10,woy_sin,0.02356
MED00114,10,woy_sin,0.00024
MED00115,10,woy_sin,0.01636
MED00116,10,woy_sin,-0.02066
MED00117,10,woy_sin,0.03212
MED00118,10,woy_sin,0.01252
MED00119,10,woy_sin,0.02425
MED00120,10,woy_sin,-0.0214
MED00121,10,woy_sin,0.00984
MED00122,10,woy_sin,0.01746
MED00123,10,woy_sin,0.01383
MED00124,10,woy_sin,0.00223
MED00125,10,woy_sin,0.00357
MED00126,10,woy_sin,0.07766
MED00127,10,woy_sin,-0.01821
MED00128,10,woy_sin,0.01971
MED00129,10,woy_sin,0.0187
MED00130,10,woy_sin,-0.01586
MED00131,10,woy_sin,0.01485
MED00132,10,woy_sin,-0.01082
MED00133,10,woy_sin,0.02085
MED00134,10,woy_sin,0.03613
MED00135,10,woy_sin,-0.02347
MED00136,10,woy_sin,0.00938
MED00137,10,woy_sin,0.00061
MED00138,10,woy_sin,0.01339
MED00139,10,woy_sin,0.01186
MED00140,10,woy_sin,0.02158
MED00141,10,woy_sin,-0.01051
MED00142,10,woy_sin,0.03038
MED00143,10,woy_sin,0.02449
MED00144,10,woy_sin,0.00544
MED00145,10,woy_sin,0.01137
MED00146,10,woy_sin,0.04588
MED00147,10,woy_sin,0.00562
MED00148,10,woy_sin,-0.03383
MED00149,10,woy_sin,0.00152
MED00150,10,woy_sin,0.0452
MED00151,10,woy_sin,0.01464
MED00152,10,woy_sin,0.02424
MED00153,10,woy_sin,0.023
MED00154,10,woy_sin,0.01769
MED00155,10,woy_sin,0.01501
MED00156,10,woy_sin,0.00863
MED00157,10,woy_sin,-0.00263
MED00158,10,woy_sin,-0.01965
MED00159,10,woy_sin,-0.05338
MED00160,10,woy_sin,-0.00362
MED00161,10,woy_sin,0.001
MED00162,10,woy_sin,0.02293
MED00163,10,woy_sin,0.00188
MED00164,10,woy_sin,0.02642
MED00165,10,woy_sin,0.01952
MED00166,10,woy_sin,0.02141
MED00167,10,woy_sin,0.01528
MED00168,10,woy_sin,0.03203
MED00169,10,woy_sin,0.02106
MED00170,10,woy_sin,0.02203
MED00171,10,woy_sin,0.01814
MED00172,10,woy_sin,0.04915
MED00173,10,woy_sin,0.01614
MED00174,10,woy_sin,-0.0035
MED00175,10,woy_sin,-0.00809
MED00176,10,woy_sin,-0.04422
MED00177,10,woy_sin,-0.00391
MED00178,10,woy_sin,0.00688
MED00179,10,woy_sin,-0.01394
MED00180,10,woy_sin,0.02873
MED00181,10,woy_sin,0.0039
MED00182,10,woy_sin,-0.01934
MED00183,10,woy_sin,-0.12268
MED00184,10,woy_sin,0.00923
MED00185,10,woy_sin,0.01528
MED00186,10,woy_sin,0.02685
MED00187,10,woy_sin,0.01407
MED00188,10,woy_sin,0.00088
MED00189,10,woy_sin,0.00117
MED00190,10,woy_sin,0.01986
MED00191,10,woy_sin,0.01079
MED00192,10,woy_sin,0.00963
MED00193,10,woy_sin,-0.01112
MED00194,10,woy_sin,0.03765
MED00195,10,woy_sin,0.02722
MED00196,10,woy_sin,0.03816
MED00197,10,woy_sin,0.02873
MED00198,10,woy_sin,0.01704
MED00199,10,woy_sin,0.03596
MED00200,10,woy_sin,0.0188
MED00201,10,woy_sin,-0.01796
MED00202,10,woy_sin,0.02959
MED00203,10,woy_sin,0.03314
MED00204,10,woy_sin,0.02621
MED00205,10,woy_sin,-0.00104
MED00206,10,woy_sin,0.04383
MED00207,10,woy_sin,0.0181
MED00208,10,woy_sin,0.00759
MED00209,10,woy_sin,0.04682
MED00210,10,woy_sin,-0.01085
MED00211,10,woy_sin,0.0079
MED00212,10,woy_sin,-0.0118
MED00213,10,woy_sin,0.06761
MED00214,10,woy_sin,0.00235
MED00215,10,woy_sin,0.01909
MED00216,10,woy_sin,-0.00655
MED00217,10,woy_sin,-0.00146
MED00218,10,woy_sin,-0.00126
MED00219,10,woy_sin,0.03382
MED00220,10,woy_sin,0.01219
MED00221,10,woy_sin,-0.00835
MED00222,10,woy_sin,0.0145
MED00223,10,woy_sin,-0.0425
MED00224,10,woy_sin,0.02963
MED00225,10,woy_sin,-0.00566
MED00226,10,woy_sin,0.00673
MED00227,10,woy_sin,0.00854
MED00228,10,woy_sin,-0.011
MED00229,10,woy_sin,-0.00159
MED00230,10,woy_sin,0.01623
MED00231,10,woy_sin,0.01232
MED00232,10,woy_sin,0.00926
MED00233,10,woy_sin,-0.00098
MED00234,10,woy_sin,0.0195
MED00235,10,woy_sin,0.04992
MED00236,10,woy_sin,0.02456
MED00237,10,woy_sin,0.01527
MED00238,10,woy_sin,0.01305
MED00239,10,woy_sin,-0.00416
MED00240,10,woy_sin,-0.00119
MED00241,10,woy_sin,0.01274
MED00242,10,woy_sin,0.01091
MED00243,10,woy_sin,0.00394
MED00244,10,woy_sin,0.01934
MED00245,10,woy_sin,0.07378
MED00246,10,woy_sin,-0.01432
MED00247,10,woy_sin,0.00576
MED00248,10,woy_sin,-0.01843
MED00249,10,woy_sin,-0.0952
MED00250,10,woy_sin,-0.00602
MED00251,10,woy_sin,0.01768
MED00252,10,woy_sin,0.02429
MED00253,10,woy_sin,-0.00214
MED00254,10,woy_sin,0.02074
MED00255,10,woy_sin,-0.00523
MED00256,10,woy_sin,0.03732
MED00257,10,woy_sin,-0.00173
MED00258,10,woy_sin,0.00862
MED00259,10,woy_sin,0.00801
MED00260,10,woy_sin,-0.00247
MED00261,10,woy_sin,0.01454
MED00262,10,woy_sin,0.00144
MED00263,10,woy_sin,0.00139
MED00264,10,woy_sin,0.02883
MED00265,10,woy_sin,0.00014
MED00266,10,woy_sin,-0.01691
MED00267,10,woy_sin,-0.00656
MED00268,10,woy_sin,0.01711
MED00269,10,woy_sin,0.02282
MED00270,10,woy_sin,0.02085
MED00271,10,woy_sin,0.02421
MED00272,10,woy_sin,-0.02145
MED00273,10,woy_sin,-0.01726
MED00274,10,woy_sin,-0.00553
MED00275,10,woy_sin,-0.01419
MED00276,10,woy_sin,0.01852
MED00277,10,woy_sin,0.00303
MED00278,10,woy_sin,-0.00116
MED00279,10,woy_sin,-0.00477
MED00280,10,woy_sin,-0.00387
MED00281,10,woy_sin,-0.01151
MED00282,10,woy_sin,-0.02182
MED00283,10,woy_sin,0.02063
MED00284,10,woy_sin,0.02396
MED00285,10,woy_sin,-0.00257
MED00286,10,woy_sin,0.00602
MED00287,10,woy_sin,-0.00263
MED00288,10,woy_sin,0.01935
MED00289,10,woy_sin,0.00364
MED00290,10,woy_sin,0.01134
MED00291,10,woy_sin,-0.00279
MED00292,10,woy_sin,-0.01237
MED00293,10,woy_sin,-0.00381
MED00294,10,woy_sin,0.00508
MED00295,10,woy_sin,-0.01267
MED00296,10,woy_sin,-0.00495
MED00297,10,woy_sin,-0.00157
MED00298,10,woy_sin,0.01871
MED00299,10,woy_sin,-0.01104
MED00300,10,woy_sin,0.02174
MED00301,10,woy_sin,-0.00347
MED00302,10,woy_sin,-0.03061
MED00303,10,woy_sin,0.01061
MED00304,10,woy_sin,0.00304
MED00305,10,woy_sin,0.02579
MED00306,10,woy_sin,-0.00984
MED00307,10,woy_sin,-0.06091
MED00308,10,woy_sin,0.0045
MED00309,10,woy_sin,0.00016
MED00310,10,woy_sin,-0.03037
MED00311,10,woy_sin,-0.00875
MED00312,10,woy_sin,-0.00468
MED00313,10,woy_sin,0.08053
MED00314,10,woy_sin,-0.0539
MED00315,10,woy_sin,-0.0014
MED00316,10,woy_sin,0.00213
MED00317,10,woy_sin,0.016
MED00318,10,woy_sin,0.02068
MED00319,10,woy_sin,0.00473
MED00320,10,woy_sin,-0.03049
MED00321,10,woy_sin,0.04858
MED00322,10,woy_sin,-0.00542
MED00323,10,woy_sin,0.00161
MED00324,10,woy_sin,0.02693
MED00325,10,woy_sin,-0.00117
MED00326,10,woy_sin,0.00733
MED00327,10,woy_sin,0.00272
MED00328,10,woy_sin,-0.00651
MED00329,10,woy_sin,0.00624
MED00330,10,woy_sin,-0.00907
MED00331,10,woy_sin,0.02372
MED00332,10,woy_sin,0.0009
MED00333,10,woy_sin,0.00238
MED00334,10,woy_sin,0.00753
MED00335,10,woy_sin,-0.02081
MED00336,10,woy_sin,0.00225
MED00337,10,woy_sin,0.03053
MED00338,10,woy_sin,-0.03203
MED00339,10,woy_sin,0.01588
MED00340,10,woy_sin,-0.01553
MED00341,10,woy_sin,-0.00511
MED00342,10,woy_sin,0.02485
MED00343,10,woy_sin,0.00316
MED00344,10,woy_sin,-0.06742
MED00345,10,woy_sin,-0.0139
MED00346,10,woy_sin,0.01021
MED00347,10,woy_sin,0.02466
MED00348,10,woy_sin,0.01797
MED00349,10,woy_sin,0.01992
MED00350,10,woy_sin,0.06962
MED00351,10,woy_sin,0.04015
MED00352,10,woy_sin,0.00035
MED00353,10,woy_sin,0.07483
MED00354,10,woy_sin,0.06958
MED00355,10,woy_sin,0.02643
MED00356,10,woy_sin,0.01819
MED00357,10,woy_sin,-0.00103
MED00358,10,woy_sin,-0.03349
MED00359,10,woy_sin,0.02395
MED00360,10,woy_sin,0.03098
MED00361,10,woy_sin,0.01906
MED00362,10,woy_sin,0.02919
MED00363,10,woy_sin,0.01893
MED00364,10,woy_sin,0.01828
MED00365,10,woy_sin,0.01742
MED00366,10,woy_sin,0.00251
MED00367,10,woy_sin,0.02511
MED00368,10,woy_sin,-0.00484
MED00369,10,woy_sin,0.00781
MED00370,10,woy_sin,-0.00667
MED00371,10,woy_sin,-0.0088
MED00372,10,woy_sin,0.00251
MED00373,10,woy_sin,0.01593
MED00374,10,woy_sin,0.01528
MED00375,10,woy_sin,-0.00226
MED00376,10,woy_sin,0.01894
MED00377,10,woy_sin,0.01035
MED00378,10,woy_sin,0.02933
MED00379,10,woy_sin,0.05372
MED00380,10,woy_sin,0.06117
MED00381,10,woy_sin,0.14737
MED00382,10,woy_sin,-0.0065
MED00383,10,woy_sin,0.0072
MED00384,10,woy_sin,0.01982
MED00385,10,woy_sin,-0.00492
MED00386,10,woy_sin,-0.00136
MED00387,10,woy_sin,0.00654
MED00388,10,woy_sin,0.01629
MED00389,10,woy_sin,0.01459
MED00390,10,woy_sin,0.00465
MED00391,10,woy_sin,-0.02039
MED00392,10,woy_sin,-0.01804
MED00393,10,woy_sin,-0.0185
MED00394,10,woy_sin,-0.01348
MED00395,10,woy_sin,-0.02001
MED00396,10,woy_sin,0.07248
MED00397,10,woy_sin,0.00539
MED00398,10,woy_sin,0.02587
MED00399,10,woy_sin,0.03142
MED00400,10,woy_sin,0.01829
MED00401,10,woy_sin,-0.03873
MED00402,10,woy_sin,-0.02902
MED00403,10,woy_sin,0.01539
MED00404,10,woy_sin,0.00187
MED00405,10,woy_sin,0.00331
MED00406,10,woy_sin,0.00098
MED00407,10,woy_sin,-0.02673
MED00408,10,woy_sin,-0.02131
MED00409,10,woy_sin,0.00614
MED00410,10,woy_sin,0.00626
MED00411,10,woy_sin,-0.03241
MED00412,10,woy_sin,-0.0129
MED00413,10,woy_sin,-0.0176
MED00414,10,woy_sin,-0.02236
MED00415,10,woy_sin,-0.0115
MED00416,10,woy_sin,-0.03559
MED00417,10,woy_sin,-0.00891
MED00418,10,woy_sin,-0.01663
MED00419,10,woy_sin,-0.01844
MED00420,10,woy_sin,-0.0268
MED00421,10,woy_sin,-0.01215
MED00422,10,woy_sin,-0.02177
MED00423,10,woy_sin,-0.00881
MED00424,10,woy_sin,0.05045
MED00001,11,woy_sin,-0.01605
MED00002,11,woy_sin,-0.00159
MED00003,11,woy_sin,-0.00403
MED00004,11,woy_sin,0.00133
MED00005,11,woy_sin,0.00177
MED00006,11,woy_sin,0.0177
MED00007,11,woy_sin,0.05483
MED00008,11,woy_sin,0.01974
MED00009,11,woy_sin,-0.01
MED00010,11,woy_sin,-0.00181
MED00011,11,woy_sin,-0.10754
MED00012,11,woy_sin,0.01634
MED00013,11,woy_sin,-0.01316
MED00014,11,woy_sin,-0.00423
MED00015,11,woy_sin,0.01447
MED00016,11,woy_sin,0.01498
MED00017,11,woy_sin,0.01314
MED00018,11,woy_sin,0.01075
MED00019,11,woy_sin,-0.02957
MED00020,11,woy_sin,-0.03099
MED00021,11,woy_sin,-0.00949
MED00022,11,woy_sin,0.01496
MED00023,11,woy_sin,0.03219
MED00024,11,woy_sin,0.00239
MED00025,11,woy_sin,-0.03555
MED00026,11,woy_sin,-0.00842
MED00027,11,woy_sin,-0.02862
MED00028,11,woy_sin,0.0087
MED00029,11,woy_sin,-0.00482
MED00030,11,woy_sin,-0.01021
MED00031,11,woy_sin,-0.01416
MED00032,11,woy_sin,0.00392
MED00033,11,woy_sin,0.01571
MED00034,11,woy_sin,-0.02651
MED00035,11,woy_sin,0.01283
MED00036,11,woy_sin,0.02333
MED00037,11,woy_sin,-0.02285
MED00038,11,woy_sin,0.00397
MED00039,11,woy_sin,-0.00891
MED00040,11,woy_sin,-0.00411
MED00041,11,woy_sin,-0.01789
MED00042,11,woy_sin,-0.04342
MED00043,11,woy_sin,0.00139
MED00044,11,woy_sin,0.01863
MED00045,11,woy_sin,0.01991
MED00046,11,woy_sin,0.00541
MED00047,11,woy_sin,-0.01237
MED00048,11,woy_sin,-0.01129
MED00049,11,woy_sin,-0.01637
MED00050,11,woy_sin,-0.00448
MED00051,11,woy_sin,0.00743
MED00053,11,woy_sin,-0.01822
MED00054,11,woy_sin,-0.01345
MED00055,11,woy_sin,0.01126
MED00056,11,woy_sin,0.00427
MED00057,11,woy_sin,0.01124
MED00058,11,woy_sin,0.01138
MED00059,11,woy_sin,-0.01308
MED00060,11,woy_sin,-0.02664
MED00061,11,woy_sin,0.01072
MED00062,11,woy_sin,-0.02671
MED00063,11,woy_sin,-0.01001
MED00064,11,woy_sin,-0.05045
MED00065,11,woy_sin,-0.00076
MED00066,11,woy_sin,0.00873
MED00067,11,woy_sin,0.01723
MED00068,11,woy_sin,-0.0097
MED00069,11,woy_sin,0.02678
MED00070,11,woy_sin,0.00207
MED00071,11,woy_sin,0.01735
MED00072,11,woy_sin,0.02172
MED00073,11,woy_sin,-0.00853
MED00074,11,woy_sin,-0.0007
MED00075,11,woy_sin,-0.01871
MED00076,11,woy_sin,-0.00421
MED00077,11,woy_sin,-0.00516
MED00078,11,woy_sin,0.00828
MED00079,11,woy_sin,-0.087
MED00080,11,woy_sin,-0.00196
MED00081,11,woy_sin,0.00302
MED00082,11,woy_sin,-0.0039
MED00083,11,woy_sin,-0.01415
MED00084,11,woy_sin,-0.04148
MED00085,11,woy_sin,0.01141
MED00086,11,woy_sin,-0.01199
MED00087,11,woy_sin,0.01772
MED00088,11,woy_sin,-0.03244
MED00089,11,woy_sin,-0.01234
MED00090,11,woy_sin,-0.005
MED00091,11,woy_sin,0.02189
MED00092,11,woy_sin,0.01505
MED00093,11,woy_sin,-0.01278
MED00094,11,woy_sin,0.01372
MED00095,11,woy_sin,-0.01075
MED00096,11,woy_sin,-0.01422
MED00097,11,woy_sin,-0.00307
MED00098,11,woy_sin,-0.0164
MED00099,11,woy_sin,-0.04248
MED00100,11,woy_sin,0.01132
MED00101,11,woy_sin,-0.00715
MED00102,11,woy_sin,-0.02684
MED00103,11,woy_sin,0.00353
MED00104,11,woy_sin,-0.0094
MED00105,11,woy_sin,-0.00973
MED00106,11,woy_sin,-0.00026
MED00107,11,woy_sin,-0.0117
MED00108,11,woy_sin,-0.00656
MED00109,11,woy_sin,-0.01642
MED00110,11,woy_sin,-0.02566
MED00111,11,woy_sin,0.03249
MED00112,11,woy_sin,-0.00356
MED00113,11,woy_sin,0.01684
MED00114,11,woy_sin,-0.00488
MED00115,11,woy_sin,0.01144
MED00116,11,woy_sin,-0.01103
MED00117,11,woy_sin,0.02538
MED00118,11,woy_sin,0.00984
MED00119,11,woy_sin,0.01734
MED00120,11,woy_sin,-0.02048
MED00121,11,woy_sin,0.00141
MED00122,11,woy_sin,0.01131
MED00123,11,woy_sin,0.0014
MED00124,11,woy_sin,-0.00922
MED00125,11,woy_sin,0.00318
MED00126,11,woy_sin,0.00453
MED00127,11,woy_sin,-0.01822
MED00128,11,woy_sin,0.01285
MED00129,11,woy_sin,0.01502
MED00130,11,woy_sin,-0.01667
MED00131,11,woy_sin,0.01065
MED00132,11,woy_sin,-0.03241
MED00133,11,woy_sin,-0.00189
MED00134,11,woy_sin,-0.0447
MED00135,11,woy_sin,-0.02146
MED00136,11,woy_sin,0.00513
MED00137,11,woy_sin,-0.00455
MED00138,11,woy_sin,0.00952
MED00139,11,woy_sin,0.00872
MED00140,11,woy_sin,0.01673
MED00141,11,woy_sin,-0.01776
MED00142,11,woy_sin,0.00822
MED00143,11,woy_sin,0.01959
MED00144,11,woy_sin,-0.00892
MED00145,11,woy_sin,0.0125
MED00146,11,woy_sin,0.03904
MED00147,11,woy_sin,0.00264
MED00148,11,woy_sin,-0.02306
MED00149,11,woy_sin,-0.00639
MED00150,11,woy_sin,0.03294
MED00151,11,woy_sin,0.0089
MED00152,11,woy_sin,0.01742
MED00153,11,woy_sin,0.01645
MED00154,11,woy_sin,0.01423
MED00155,11,woy_sin,0.00812
MED00156,11,woy_sin,0.00732
MED00157,11,woy_sin,-0.0129
MED00158,11,woy_sin,-0.0129
MED00159,11,woy_sin,-0.03546
MED00160,11,woy_sin,-0.01245
MED00161,11,woy_sin,-0.00928
MED00162,11,woy_sin,0.01745
MED00163,11,woy_sin,0.00205
MED00164,11,woy_sin,0.02099
MED00165,11,woy_sin,-0.02432
MED00166,11,woy_sin,0.01584
MED00167,11,woy_sin,0.00963
MED00168,11,woy_sin,0.02626
MED00169,11,woy_sin,0.01585
MED00170,11,woy_sin,0.01781
MED00171,11,woy_sin,0.0112
MED00172,11,woy_sin,0.02587
MED00173,11,woy_sin,0.01164
MED00174,11,woy_sin,-0.00706
MED00175,11,woy_sin,0.01349
MED00176,11,woy_sin,-0.03921
MED00177,11,woy_sin,0.00109
MED00178,11,woy_sin,-0.00031
MED00179,11,woy_sin,-0.01051
MED00180,11,woy_sin,0.02215
MED00181,11,woy_sin,-0.00429
MED00182,11,woy_sin,-0.01813
MED00183,11,woy_sin,-0.11556
MED00184,11,woy_sin,0.00386
MED00185,11,woy_sin,0.01301
MED00186,11,woy_sin,0.02064
MED00187,11,woy_sin,0.00335
MED00188,11,woy_sin,-0.00733
MED00189,11,woy_sin,-0.0015
MED00190,11,woy_sin,0.01518
MED00191,11,woy_sin,0.00285
MED00192,11,woy_sin,0.0084
MED00193,11,woy_sin,-0.01384
MED00194,11,woy_sin,0.00231
MED00195,11,woy_sin,-0.02019
MED00196,11,woy_sin,-0.00809
MED00197,11,woy_sin,-0.01083
MED00198,11,woy_sin,0.01102
MED00199,11,woy_sin,0.01363
MED00200,11,woy_sin,0.01482
MED00201,11,woy_sin,-0.02009
MED00202,11,woy_sin,0.0235
MED00203,11,woy_sin,0.02433
MED00204,11,woy_sin,0.01766
MED00205,11,woy_sin,-0.01112
MED00206,11,woy_sin,0.02517
MED00207,11,woy_sin,0.0142
MED00208,11,woy_sin,-0.0046
MED00209,11,woy_sin,0.02175
MED00210,11,woy_sin,0.00974
MED00211,11,woy_sin,0.00341
MED00212,11,woy_sin,-0.01211
MED00213,11,woy_sin,-0.0102
MED00214,11,woy_sin,-0.00785
MED00215,11,woy_sin,0.01304
MED00216,11,woy_sin,-0.01594
MED00217,11,woy_sin,-0.00029
MED00218,11,woy_sin,-0.01295
MED00219,11,woy_sin,-0.00778
MED00220,11,woy_sin,0.00756
MED00221,11,woy_sin,-0.01381
MED00222,11,woy_sin,-0.00012
MED00223,11,woy_sin,-0.03129
MED00224,11,woy_sin,0.0263
MED00225,11,woy_sin,-0.01285
MED00226,11,woy_sin,0.00126
MED00227,11,woy_sin,0.00388
MED00228,11,woy_sin,-0.01143
MED00229,11,woy_sin,-0.0804
MED00230,11,woy_sin,0.01177
MED00231,11,woy_sin,0.00689
MED00232,11,woy_sin,0.00715
MED00233,11,woy_sin,-0.01409
MED00234,11,woy_sin,0.01408
MED00235,11,woy_sin,0.02454
MED00236,11,woy_sin,0.01667
MED00237,11,woy_sin,-0.0105
MED00238,11,woy_sin,0.00964
MED00239,11,woy_sin,-0.01157
MED00240,11,woy_sin,-0.00776
MED00241,11,woy_sin,0.00656
MED00242,11,woy_sin,-0.02968
MED00243,11,woy_sin,0.00155
MED00244,11,woy_sin,0.01448
MED00245,11,woy_sin,0.05532
MED00246,11,woy_sin,-0.02336
MED00247,11,woy_sin,-0.00422
MED00248,11,woy_sin,-0.0187
MED00249,11,woy_sin,-0.09152
MED00250,11,woy_sin,-0.01814
MED00251,11,woy_sin,0.0128
MED00252,11,woy_sin,-0.00308
MED00253,11,woy_sin,-0.01122
MED00254,11,woy_sin,-0.00697
MED00255,11,woy_sin,-0.02225
MED00256,11,woy_sin,0.03229
MED00257,11,woy_sin,-0.00737
MED00258,11,woy_sin,0.00242
MED00259,11,woy_sin,0.00207
MED00260,11,woy_sin,-0.00426
MED00261,11,woy_sin,0.01782
MED00262,11,woy_sin,-0.00622
MED00263,11,woy_sin,-0.00762
MED00264,11,woy_sin,-0.03251
MED00265,11,woy_sin,-0.01269
MED00266,11,woy_sin,-0.01746
MED00267,11,woy_sin,-0.01495
MED00268,11,woy_sin,0.01289
MED00269,11,woy_sin,0.01647
MED00270,11,woy_sin,0.01421
MED00271,11,woy_sin,0.00469
MED00272,11,woy_sin,-0.01396
MED00273,11,woy_sin,-0.00997
MED00274,11,woy_sin,-0.01545
MED00275,11,woy_sin,-0.01713
MED00276,11,woy_sin,0.01234
MED00277,11,woy_sin,0.00027
MED00278,11,woy_sin,-0.01359
MED00279,11,woy_sin,-0.00998
MED00280,11,woy_sin,-0.00389
MED00281,11,woy_sin,-0.01526
MED00282,11,woy_sin,-0.0138
MED00283,11,woy_sin,0.01522
MED00284,11,woy_sin,0.01843
MED00285,11,woy_sin,-0.01499
MED00286,11,woy_sin,-0.01307
MED00287,11,woy_sin,-0.0122
MED00288,11,woy_sin,-0.04046
MED00289,11,woy_sin,-0.00757
MED00290,11,woy_sin,0.00679
MED00291,11,woy_sin,0.00258
MED00292,11,woy_sin,-0.01248
MED00293,11,woy_sin,-0.01991
MED00294,11,woy_sin,0.01059
MED00295,11,woy_sin,-0.00982
MED00296,11,woy_sin,-0.01405
MED00297,11,woy_sin,-0.01175
MED00298,11,woy_sin,0.01249
MED00299,11,woy_sin,0.01176
MED00300,11,woy_sin,0.01577
MED00301,11,woy_sin,-0.01319
MED00302,11,woy_sin,-0.03125
MED00303,11,woy_sin,0.00027
MED00304,11,woy_sin,-0.00473
MED00305,11,woy_sin,0.02024
MED00306,11,woy_sin,-0.00199
MED00307,11,woy_sin,-0.06956
MED00308,11,woy_sin,0.00956
MED00309,11,woy_sin,-0.006
MED00310,11,woy_sin,-0.01833
MED00311,11,woy_sin,-0.01899
MED00312,11,woy_sin,-0.01919
MED00313,11,woy_sin,-0.01642
MED00314,11,woy_sin,-0.04111
MED00315,11,woy_sin,-0.01117
MED00316,11,woy_sin,-0.0016
MED00317,11,woy_sin,0.00999
MED00318,11,woy_sin,0.01572
MED00319,11,woy_sin,-0.00725
MED00320,11,woy_sin,-0.02028
MED00321,11,woy_sin,-0.02323
MED00322,11,woy_sin,-0.00794
MED00323,11,woy_sin,-0.00708
MED00324,11,woy_sin,0.01448
MED00325,11,woy_sin,-0.01125
MED00326,11,woy_sin,-0.00415
MED00327,11,woy_sin,0.00022
MED00328,11,woy_sin,-0.01428
MED00329,11,woy_sin,-0.00565
MED00330,11,woy_sin,-0.01749
MED00331,11,woy_sin,0.01947
MED00332,11,woy_sin,-0.00117
MED00333,11,woy_sin,-0.00269
MED00334,11,woy_sin,0.00476
MED00335,11,woy_sin,-0.0119
MED00336,11,woy_sin,-0.0076
MED00337,11,woy_sin,-0.01292
MED00338,11,woy_sin,-0.02103
MED00339,11,woy_sin,0.0131
MED00340,11,woy_sin,-0.00736
MED00341,11,woy_sin,-0.01537
MED00342,11,woy_sin,0.0193
MED00343,11,woy_sin,-0.00657
MED00344,11,woy_sin,-0.04176
MED00345,11,woy_sin,-0.0157
MED00346,11,woy_sin,0.00192
MED00347,11,woy_sin,0.01468
MED00348,11,woy_sin,0.01307
MED00349,11,woy_sin,0.01423
MED00350,11,woy_sin,-0.00639
MED00351,11,woy_sin,-0.04312
MED00352,11,woy_sin,-0.05743
MED00353,11,woy_sin,-0.00083
MED00354,11,woy_sin,-0.00502
MED00355,11,woy_sin,0.00162
MED00356,11,woy_sin,0.01242
MED00357,11,woy_sin,-0.00373
MED00358,11,woy_sin,-0.03113
MED00359,11,woy_sin,0.01806
MED00360,11,woy_sin,0.02198
MED00361,11,woy_sin,0.01394
MED00362,11,woy_sin,0.023
MED00363,11,woy_sin,0.01439
MED00364,11,woy_sin,0.00658
MED00365,11,woy_sin,0.01106
MED00366,11,woy_sin,-0.01061
MED00367,11,woy_sin,0.01908
MED00368,11,woy_sin,-0.00816
MED00369,11,woy_sin,0.00175
MED00370,11,woy_sin,-0.00891
MED00371,11,woy_sin,-0.01421
MED00372,11,woy_sin,-0.00211
MED00373,11,woy_sin,0.01359
MED00374,11,woy_sin,0.00316
MED00375,11,woy_sin,-0.00592
MED00376,11,woy_sin,0.01367
MED00377,11,woy_sin,0.01254
MED00378,11,woy_sin,0.01579
MED00379,11,woy_sin,-0.01403
MED00380,11,woy_sin,-0.01233
MED00381,11,woy_sin,0.03945
MED00382,11,woy_sin,-0.00589
MED00383,11,woy_sin,-0.00683
MED00384,11,woy_sin,0.01423
MED00385,11,woy_sin,-0.01382
MED00386,11,woy_sin,-0.00902
MED00387,11,woy_sin,-0.00379
MED00388,11,woy_sin,0.01567
MED00389,11,woy_sin,0.00375
MED00390,11,woy_sin,-0.00732
MED00391,11,woy_sin,-0.02417
MED00392,11,woy_sin,-0.02202
MED00393,11,woy_sin,-0.02008
MED00394,11,woy_sin,-0.01652
MED00395,11,woy_sin,-0.02442
MED00396,11,woy_sin,0.01146
MED00397,11,woy_sin,-0.03866
MED00398,11,woy_sin,0.00924
MED00399,11,woy_sin,0.01721
MED00400,11,woy_sin,0.00854
MED00401,11,woy_sin,-0.03701
MED00402,11,woy_sin,-0.03313
MED00403,11,woy_sin,0.0028
MED00404,11,woy_sin,-0.00869
MED00405,11,woy_sin,-0.00521
MED00406,11,woy_sin,-0.00868
MED00407,11,woy_sin,-0.0315
MED00408,11,woy_sin,-0.02495
MED00409,11,woy_sin,-0.02058
MED00410,11,woy_sin,-0.02477
MED00411,11,woy_sin,-0.03372
MED00412,11,woy_sin,-0.01648
MED00413,11,woy_sin,-0.02073
MED00414,11,woy_sin,-0.02646
MED00415,11,woy_sin,-0.01436
MED00416,11,woy_sin,-0.03685
MED00417,11,woy_sin,-0.01109
MED00418,11,woy_sin,-0.01878
MED00419,11,woy_sin,-0.02045
MED00420,11,woy_sin,-0.02929
MED00421,11,woy_sin,-0.01541
MED00422,11,woy_sin,-0.02522
MED00423,11,woy_sin,-0.01241
MED00424,11,woy_sin,0.03435
MED00001,12,woy_sin,-0.01386
MED00002,12,woy_sin,-0.00829
MED00003,12,woy_sin,-0.00754
MED00004,12,woy_sin,-0.00322
MED00005,12,woy_sin,-0.0144
MED00006,12,woy_sin,0.01231
MED00007,12,woy_sin,0.03438
MED00008,12,woy_sin,0.01547
MED00009,12,woy_sin,-0.01484
MED00010,12,woy_sin,-0.01263
MED00011,12,woy_sin,-0.09784
MED00012,12,woy_sin,0.00895
MED00013,12,woy_sin,-0.01991
MED00014,12,woy_sin,0.00382
MED00015,12,woy_sin,0.01206
MED00016,12,woy_sin,0.0074
MED00017,12,woy_sin,0.00754
MED00018,12,woy_sin,-0.01431
MED00019,12,woy_sin,-0.03392
MED00020,12,woy_sin,-0.03408
MED00021,12,woy_sin,-0.01265
MED00022,12,woy_sin,0.00432
MED00023,12,woy_sin,0.02721
MED00024,12,woy_sin,-0.00205
MED00025,12,woy_sin,-0.04736
MED00026,12,woy_sin,-0.00577
MED00027,12,woy_sin,-0.03503
MED00028,12,woy_sin,0.00378
MED00029,12,woy_sin,-0.00456
MED00030,12,woy_sin,-0.01086
MED00031,12,woy_sin,-0.02084
MED00032,12,woy_sin,-0.00253
MED00033,12,woy_sin,0.01397
MED00034,12,woy_sin,-0.02013
MED00035,12,woy_sin,-0.0112
MED00036,12,woy_sin,0.0182
MED00037,12,woy_sin,-0.02576
MED00038,12,woy_sin,0.0045
MED00039,12,woy_sin,-0.0085
MED00040,12,woy_sin,-0.00186
MED00041,12,woy_sin,-0.00954
MED00042,12,woy_sin,-0.0421
MED00043,12,woy_sin,0.00101
MED00044,12,woy_sin,0.00944
MED00045,12,woy_sin,0.01461
MED00046,12,woy_sin,0.0007
MED00047,12,woy_sin,-0.01693
MED00048,12,woy_sin,-0.00876
MED00049,12,woy_sin,-0.01845
MED00050,12,woy_sin,-0.01373
MED00051,12,woy_sin,0.00892
MED00052,12,woy_sin,-0.00179
MED00053,12,woy_sin,-0.01465
MED00054,12,woy_sin,-0.01891
MED00055,12,woy_sin,0.0128
MED00056,12,woy_sin,0.00697
MED00057,12,woy_sin,0.01303
MED00058,12,woy_sin,0.00499
MED00059,12,woy_sin,-0.01171
MED00060,12,woy_sin,-0.03434
MED00061,12,woy_sin,0.01078
MED00062,12,woy_sin,-0.02231
MED00063,12,woy_sin,-0.01798
MED00064,12,woy_sin,-0.0513
MED00065,12,woy_sin,-0.02078
MED00066,12,woy_sin,0.00565
MED00067,12,woy_sin,0.01116
MED00068,12,woy_sin,-0.01201
MED00069,12,woy_sin,0.01577
MED00070,12,woy_sin,-0.00359
MED00071,12,woy_sin,0.00748
MED00072,12,woy_sin,0.00657
MED00073,12,woy_sin,-0.01345
MED00074,12,woy_sin,-0.01084
MED00075,12,woy_sin,-0.02161
MED00076,12,woy_sin,-0.00412
MED00077,12,woy_sin,-0.01377
MED00078,12,woy_sin,-0.01173
MED00079,12,woy_sin,-0.07213
MED00080,12,woy_sin,-0.00515
MED00081,12,woy_sin,-0.00201
MED00082,12,woy_sin,-0.0132
MED00083,12,woy_sin,-0.01408
MED00084,12,woy_sin,-0.04206
MED00085,12,woy_sin,0.004
MED00086,12,woy_sin,-0.00697
MED00087,12,woy_sin,0.00833
MED00088,12,woy_sin,-0.02399
MED00089,12,woy_sin,-0.02094
MED00090,12,woy_sin,-0.01088
MED00091,12,woy_sin,0.00702
MED00092,12,woy_sin,0.01095
MED00093,12,woy_sin,-0.00912
MED00094,12,woy_sin,0.01505
MED00095,12,woy_sin,-0.01733
MED00096,12,woy_sin,-0.00339
MED00097,12,woy_sin,0.00038
MED00098,12,woy_sin,-0.01879
MED00099,12,woy_sin,-0.04575
MED00100,12,woy_sin,0.00558
MED00101,12,woy_sin,-0.01276
MED00102,12,woy_sin,-0.02968
MED00103,12,woy_sin,-0.00556
MED00104,12,woy_sin,-0.01294
MED00105,12,woy_sin,-0.01273
MED00106,12,woy_sin,-0.00761
MED00107,12,woy_sin,-0.01516
MED00108,12,woy_sin,-0.0167
MED00109,12,woy_sin,-0.01895
MED00110,12,woy_sin,-0.02636
MED00111,12,woy_sin,0.02871
MED00112,12,woy_sin,-0.01023
MED00113,12,woy_sin,0.00981
MED00115,12,woy_sin,0.00434
MED00116,12,woy_sin,-0.00675
MED00117,12,woy_sin,0.01987
MED00118,12,woy_sin,0.0036
MED00119,12,woy_sin,0.01167
MED00120,12,woy_sin,-0.0222
MED00121,12,woy_sin,-0.00866
MED00122,12,woy_sin,0.0052
MED00123,12,woy_sin,0.00265
MED00124,12,woy_sin,-0.0131
MED00125,12,woy_sin,0.00279
MED00126,12,woy_sin,0.00279
MED00127,12,woy_sin,-0.02274
MED00128,12,woy_sin,0.00568
MED00129,12,woy_sin,0.00433
MED00130,12,woy_sin,-0.0182
MED00131,12,woy_sin,0.00543
MED00132,12,woy_sin,-0.02525
MED00133,12,woy_sin,-0.00562
MED00134,12,woy_sin,-0.03399
MED00135,12,woy_sin,-0.02123
MED00136,12,woy_sin,0.00285
MED00137,12,woy_sin,-0.00567
MED00138,12,woy_sin,0.00334
MED00140,12,woy_sin,0.01111
MED00141,12,woy_sin,-0.01941
MED00142,12,woy_sin,0.00395
MED00143,12,woy_sin,0.01378
MED00144,12,woy_sin,-0.01178
MED00145,12,woy_sin,0.0155
MED00146,12,woy_sin,0.03286
MED00147,12,woy_sin,-0.00338
MED00148,12,woy_sin,-0.03081
MED00149,12,woy_sin,-0.01336
MED00150,12,woy_sin,0.02572
MED00151,12,woy_sin,0.00398
MED00152,12,woy_sin,0.00999
MED00153,12,woy_sin,0.00966
MED00154,12,woy_sin,0.01173
MED00155,12,woy_sin,0.00075
MED00156,12,woy_sin,0.00167
MED00157,12,woy_sin,-0.01736
MED00158,12,woy_sin,-0.01669
MED00159,12,woy_sin,-0.03477
MED00160,12,woy_sin,-0.01833
MED00161,12,woy_sin,-0.01272
MED00162,12,woy_sin,0.01171
MED00163,12,woy_sin,-0.00329
MED00164,12,woy_sin,0.00513
MED00165,12,woy_sin,-0.02882
MED00166,12,woy_sin,0.01033
MED00167,12,woy_sin,0.00233
MED00168,12,woy_sin,0.01867
MED00169,12,woy_sin,0.01198
MED00170,12,woy_sin,0.0108
MED00171,12,woy_sin,0.00353
MED00172,12,woy_sin,0.0196
MED00173,12,woy_sin,0.00438
MED00174,12,woy_sin,-0.00943
MED00175,12,woy_sin,0.00676
MED00176,12,woy_sin,-0.00868
MED00177,12,woy_sin,-0.01211
MED00178,12,woy_sin,-0.00227
MED00179,12,woy_sin,-0.00568
MED00180,12,woy_sin,0.01338
MED00181,12,woy_sin,-0.01193
MED00182,12,woy_sin,-0.01881
MED00183,12,woy_sin,-0.09718
MED00184,12,woy_sin,-0.01148
MED00185,12,woy_sin,0.00705
MED00186,12,woy_sin,0.01315
MED00187,12,woy_sin,-0.00045
MED00188,12,woy_sin,-0.01403
MED00189,12,woy_sin,-0.00247
MED00190,12,woy_sin,0.0082
MED00191,12,woy_sin,0.00051
MED00192,12,woy_sin,0.00364
MED00193,12,woy_sin,-0.02067
MED00194,12,woy_sin,-0.01378
MED00195,12,woy_sin,-0.02296
MED00196,12,woy_sin,-0.01085
MED00197,12,woy_sin,-0.01348
MED00198,12,woy_sin,0.00435
MED00199,12,woy_sin,0.01125
MED00200,12,woy_sin,0.00974
MED00201,12,woy_sin,-0.02198
MED00202,12,woy_sin,0.0161
MED00203,12,woy_sin,0.00714
MED00204,12,woy_sin,0.01182
MED00205,12,woy_sin,-0.014
MED00206,12,woy_sin,0.02045
MED00207,12,woy_sin,0.00707
MED00208,12,woy_sin,-0.00727
MED00209,12,woy_sin,0.00136
MED00210,12,woy_sin,0.00657
MED00211,12,woy_sin,-0.0031
MED00212,12,woy_sin,-0.01707
MED00213,12,woy_sin,-0.00583
MED00214,12,woy_sin,-0.01017
MED00215,12,woy_sin,0.00652
MED00216,12,woy_sin,-0.02314
MED00217,12,woy_sin,0.00035
MED00218,12,woy_sin,-0.01911
MED00219,12,woy_sin,-0.00137
MED00220,12,woy_sin,-0.00154
MED00221,12,woy_sin,-0.01521
MED00222,12,woy_sin,-0.00045
MED00223,12,woy_sin,-0.01722
MED00224,12,woy_sin,0.01949
MED00225,12,woy_sin,-0.01651
MED00226,12,woy_sin,-0.00501
MED00227,12,woy_sin,0.00656
MED00228,12,woy_sin,-0.01313
MED00229,12,woy_sin,-0.07779
MED00230,12,woy_sin,-0.00035
MED00231,12,woy_sin,0.00143
MED00232,12,woy_sin,-0.00111
MED00233,12,woy_sin,-0.00928
MED00234,12,woy_sin,0.00692
MED00235,12,woy_sin,-0.02195
MED00236,12,woy_sin,0.01016
MED00237,12,woy_sin,-0.01287
MED00238,12,woy_sin,0.00964
MED00239,12,woy_sin,-0.01736
MED00240,12,woy_sin,-0.01088
MED00241,12,woy_sin,-0.00017
MED00242,12,woy_sin,-0.02417
MED00243,12,woy_sin,-0.00557
MED00244,12,woy_sin,0.00736
MED00245,12,woy_sin,-0.001
MED00246,12,woy_sin,-0.02592
MED00247,12,woy_sin,-0.0072
MED00248,12,woy_sin,-0.02419
MED00249,12,woy_sin,-0.08699
MED00250,12,woy_sin,-0.01332
MED00251,12,woy_sin,0.00689
MED00252,12,woy_sin,-0.00291
MED00253,12,woy_sin,-0.01937
MED00254,12,woy_sin,-0.00613
MED00255,12,woy_sin,-0.01927
MED00256,12,woy_sin,0.03743
MED00257,12,woy_sin,-0.01009
MED00258,12,woy_sin,-0.00329
MED00259,12,woy_sin,-0.00471
MED00260,12,woy_sin,-0.0063
MED00261,12,woy_sin,0.01497
MED00262,12,woy_sin,-0.00988
MED00263,12,woy_sin,-0.01499
MED00264,12,woy_sin,-0.03396
MED00265,12,woy_sin,-0.01653
MED00266,12,woy_sin,-0.01485
MED00267,12,woy_sin,-0.02017
MED00268,12,woy_sin,0.00621
MED00269,12,woy_sin,0.00999
MED00270,12,woy_sin,0.00583
MED00271,12,woy_sin,-0.00052
MED00272,12,woy_sin,-0.01825
MED00273,12,woy_sin,-0.0145
MED00274,12,woy_sin,-0.01007
MED00275,12,woy_sin,-0.01759
MED00276,12,woy_sin,0.00499
MED00277,12,woy_sin,-0.00359
MED00278,12,woy_sin,-0.0177
MED00279,12,woy_sin,-0.00934
MED00280,12,woy_sin,-0.00359
MED00281,12,woy_sin,-0.01259
MED00282,12,woy_sin,-0.01878
MED00283,12,woy_sin,0.00866
MED00284,12,woy_sin,0.01516
MED00285,12,woy_sin,-0.01926
MED00286,12,woy_sin,-0.01201
MED00287,12,woy_sin,-0.01836
MED00288,12,woy_sin,-0.04599
MED00289,12,woy_sin,-0.0165
MED00290,12,woy_sin,-0.00076
MED00291,12,woy_sin,0.00046
MED00292,12,woy_sin,-0.01834
MED00293,12,woy_sin,-0.01124
MED00294,12,woy_sin,0.01296
MED00295,12,woy_sin,-0.0165
MED00296,12,woy_sin,-0.0182
MED00297,12,woy_sin,-0.01512
MED00298,12,woy_sin,0.00625
MED00299,12,woy_sin,0.01223
MED00300,12,woy_sin,0.0065
MED00301,12,woy_sin,-0.01777
MED00302,12,woy_sin,-0.03439
MED00303,12,woy_sin,-0.00572
MED00304,12,woy_sin,-0.01548
MED00305,12,woy_sin,0.0124
MED00306,12,woy_sin,-0.03232
MED00307,12,woy_sin,-0.07058
MED00308,12,woy_sin,0.0067
MED00309,12,woy_sin,-0.00897
MED00310,12,woy_sin,-0.0281
MED00311,12,woy_sin,-0.01872
MED00312,12,woy_sin,-0.00855
MED00313,12,woy_sin,-0.01904
MED00314,12,woy_sin,-0.03136
MED00315,12,woy_sin,-0.01442
MED00316,12,woy_sin,-0.00862
MED00317,12,woy_sin,0.0037
MED00318,12,woy_sin,0.00547
MED00319,12,woy_sin,-0.01108
MED00320,12,woy_sin,-0.01962
MED00321,12,woy_sin,-0.02653
MED00322,12,woy_sin,-0.0107
MED00323,12,woy_sin,-0.00774
MED00324,12,woy_sin,0.01045
MED00325,12,woy_sin,-0.01472
MED00326,12,woy_sin,-0.0076
MED00327,12,woy_sin,-0.00523
MED00328,12,woy_sin,-0.01734
MED00329,12,woy_sin,-0.00946
MED00330,12,woy_sin,-0.0198
MED00331,12,woy_sin,0.01247
MED00332,12,woy_sin,-0.00715
MED00333,12,woy_sin,-0.01254
MED00334,12,woy_sin,-0.0072
MED00335,12,woy_sin,-0.01425
MED00336,12,woy_sin,-0.01173
MED00337,12,woy_sin,-0.05985
MED00338,12,woy_sin,-0.0126
MED00339,12,woy_sin,0.00934
MED00340,12,woy_sin,-0.01145
MED00341,12,woy_sin,-0.01903
MED00342,12,woy_sin,0.0123
MED00343,12,woy_sin,-0.00943
MED00344,12,woy_sin,-0.0359
MED00345,12,woy_sin,-0.01721
MED00346,12,woy_sin,-0.00759
MED00347,12,woy_sin,0.00428
MED00348,12,woy_sin,0.01225
MED00349,12,woy_sin,0.00568
MED00350,12,woy_sin,-0.0075
MED00351,12,woy_sin,-0.04246
MED00352,12,woy_sin,-0.06325
MED00353,12,woy_sin,0.00176
MED00354,12,woy_sin,-0.00435
MED00355,12,woy_sin,-0.00126
MED00356,12,woy_sin,0.0081
MED00357,12,woy_sin,-0.00416
MED00358,12,woy_sin,-0.03555
MED00359,12,woy_sin,0.01008
MED00360,12,woy_sin,0.02352
MED00361,12,woy_sin,0.00559
MED00362,12,woy_sin,0.01665
MED00363,12,woy_sin,0.00794
MED00364,12,woy_sin,0.00025
MED00365,12,woy_sin,0.00476
MED00366,12,woy_sin,-0.01385
MED00367,12,woy_sin,0.01278
MED00368,12,woy_sin,-0.01503
MED00369,12,woy_sin,-0.00859
MED00370,12,woy_sin,-0.00695
MED00371,12,woy_sin,-0.01226
MED00372,12,woy_sin,-0.00247
MED00373,12,woy_sin,0.01643
MED00374,12,woy_sin,-0.00203
MED00375,12,woy_sin,-0.01014
MED00376,12,woy_sin,0.00727
MED00377,12,woy_sin,0.00682
MED00378,12,woy_sin,0.00679
MED00379,12,woy_sin,-0.01632
MED00380,12,woy_sin,-0.00892
MED00381,12,woy_sin,0.01439
MED00382,12,woy_sin,-0.01196
MED00383,12,woy_sin,-0.01164
MED00384,12,woy_sin,0.00724
MED00385,12,woy_sin,-0.0085
MED00386,12,woy_sin,-0.00485
MED00387,12,woy_sin,-0.00369
MED00388,12,woy_sin,0.01306
MED00389,12,woy_sin,-0.01002
MED00390,12,woy_sin,-0.00662
MED00391,12,woy_sin,-0.01309
MED00392,12,woy_sin,-0.01243
MED00393,12,woy_sin,-0.02074
MED00394,12,woy_sin,-0.01164
MED00395,12,woy_sin,-0.01333
MED00396,12,woy_sin,-0.04068
MED00397,12,woy_sin,-0.07102
MED00398,12,woy_sin,0.00619
MED00399,12,woy_sin,0.01199
MED00400,12,woy_sin,-0.0249
MED00401,12,woy_sin,-0.01621
MED00402,12,woy_sin,-0.01952
MED00403,12,woy_sin,0.00019
MED00404,12,woy_sin,-0.01283
MED00405,12,woy_sin,-0.00835
MED00406,12,woy_sin,-0.01013
MED00407,12,woy_sin,-0.0222
MED00408,12,woy_sin,-0.02446
MED00409,12,woy_sin,-0.01824
MED00410,12,woy_sin,-0.02129
MED00411,12,woy_sin,-0.02577
MED00412,12,woy_sin,-0.01748
MED00413,12,woy_sin,-0.02043
MED00414,12,woy_sin,-0.01938
MED00415,12,woy_sin,-0.01466
MED00416,12,woy_sin,-0.02805
MED00417,12,woy_sin,-0.01291
MED00418,12,woy_sin,-0.0205
MED00419,12,woy_sin,-0.02207
MED00420,12,woy_sin,-0.02388
MED00421,12,woy_sin,-0.01038
MED00422,12,woy_sin,-0.01574
MED00423,12,woy_sin,-0.01287
MED00424,12,woy_sin,0.0299
MED00001,1,woy_cos,0.00791
MED00002,1,woy_cos,-0.06459
MED00003,1,woy_cos,-0.02463
MED00004,1,woy_cos,0.03067
MED00005,1,woy_cos,0.02507
MED00006,1,woy_cos,-0.00066
MED00007,1,woy_cos,0.00613
MED00008,1,woy_cos,-0.00153
MED00009,1,woy_cos,0.01562
MED00010,1,woy_cos,0.01838
MED00011,1,woy_cos,-0.03419
MED00012,1,woy_cos,0.00165
MED00013,1,woy_cos,0.02177
MED00014,1,woy_cos,-0.02498
MED00015,1,woy_cos,-0.02065
MED00016,1,woy_cos,-0.00069
MED00017,1,woy_cos,0.0023
MED00018,1,woy_cos,0.01168
MED00019,1,woy_cos,-0.01027
MED00020,1,woy_cos,0.00812
MED00021,1,woy_cos,0.00168
MED00022,1,woy_cos,-0.02306
MED00023,1,woy_cos,0.00104
MED00024,1,woy_cos,-0.00553
MED00025,1,woy_cos,-0.01903
MED00026,1,woy_cos,-0.04048
MED00027,1,woy_cos,-0.03026
MED00028,1,woy_cos,-0.02334
MED00029,1,woy_cos,-0.01282
MED00030,1,woy_cos,0.01147
MED00031,1,woy_cos,0.00375
MED00032,1,woy_cos,-0.0056
MED00033,1,woy_cos,0.02429
MED00034,1,woy_cos,-0.04742
MED00035,1,woy_cos,-0.03846
MED00036,1,woy_cos,-0.00126
MED00037,1,woy_cos,0.03339
MED00038,1,woy_cos,-0.01626
MED00039,1,woy_cos,-0.00584
MED00040,1,woy_cos,-0.01416
MED00041,1,woy_cos,-0.04652
MED00042,1,woy_cos,0.01239
MED00043,1,woy_cos,-0.02234
MED00044,1,woy_cos,-0.01005
MED00045,1,woy_cos,0.00189
MED00046,1,woy_cos,-0.02415
MED00047,1,woy_cos,0.02418
MED00048,1,woy_cos,-0.00045
MED00049,1,woy_cos,-0.05588
MED00050,1,woy_cos,0.00826
MED00051,1,woy_cos,-0.1093
MED00052,1,woy_cos,-0.02176
MED00053,1,woy_cos,0.00156
MED00054,1,woy_cos,-0.01007
MED00055,1,woy_cos,-0.00923
MED00056,1,woy_cos,-0.02875
MED00057,1,woy_cos,-0.05029
MED00058,1,woy_cos,-0.00074
MED00059,1,woy_cos,-0.01397
MED00060,1,woy_cos,0.02692
MED00061,1,woy_cos,0.00302
MED00062,1,woy_cos,0.0042
MED00063,1,woy_cos,-0.08912
MED00064,1,woy_cos,-0.02789
MED00065,1,woy_cos,0.01992
MED00066,1,woy_cos,-0.03139
MED00067,1,woy_cos,-0.00303
MED00068,1,woy_cos,0.00221
MED00069,1,woy_cos,-0.01704
MED00070,1,woy_cos,-0.0204
MED00071,1,woy_cos,-0.01328
MED00072,1,woy_cos,-0.02166
MED00073,1,woy_cos,-0.01562
MED00074,1,woy_cos,0.00329
MED00075,1,woy_cos,-0.01444
MED00076,1,woy_cos,-0.04824
MED00077,1,woy_cos,0.00412
MED00078,1,woy_cos,-0.01416
MED00079,1,woy_cos,-0.00514
MED00080,1,woy_cos,-0.01573
MED00081,1,woy_cos,-0.05452
MED00082,1,woy_cos,-0.0021
MED00083,1,woy_cos,-0.01099
MED00084,1,woy_cos,-0.01509
MED00085,1,woy_cos,-0.00169
MED00086,1,woy_cos,-0.02913
MED00087,1,woy_cos,0.00213
MED00088,1,woy_cos,-0.02121
MED00089,1,woy_cos,-0.00473
MED00090,1,woy_cos,0.0174
MED00091,1,woy_cos,-0.0212
MED00092,1,woy_cos,-0.00233
MED00093,1,woy_cos,-0.03099
MED00094,1,woy_cos,-0.0169
MED00095,1,woy_cos,0.01215
MED00096,1,woy_cos,0.00255
MED00097,1,woy_cos,-0.03795
MED00098,1,woy_cos,0.00239
MED00099,1,woy_cos,-0.04411
MED00100,1,woy_cos,-0.05118
MED00101,1,woy_cos,0.02154
MED00102,1,woy_cos,0.03474
MED00103,1,woy_cos,0.0088
MED00104,1,woy_cos,0.0026
MED00105,1,woy_cos,0.00589
MED00106,1,woy_cos,-0.07742
MED00107,1,woy_cos,0.00365
MED00108,1,woy_cos,0.01145
MED00109,1,woy_cos,0.04242
MED00110,1,woy_cos,-0.00499
MED00111,1,woy_cos,-0.00106
MED00112,1,woy_cos,0.00984
MED00113,1,woy_cos,0.00229
MED00114,1,woy_cos,-0.01536
MED00115,1,woy_cos,0.00063
MED00116,1,woy_cos,-0.00795
MED00117,1,woy_cos,0.00399
MED00118,1,woy_cos,-0.00335
MED00119,1,woy_cos,0.00318
MED00120,1,woy_cos,0.00224
MED00121,1,woy_cos,0.01898
MED00122,1,woy_cos,0.00337
MED00123,1,woy_cos,-0.00522
MED00124,1,woy_cos,0.00123
MED00125,1,woy_cos,-0.03202
MED00126,1,woy_cos,0.02767
MED00127,1,woy_cos,0.00369
MED00128,1,woy_cos,0.00095
MED00129,1,woy_cos,0.00339
MED00130,1,woy_cos,-0.05393
MED00131,1,woy_cos,-0.02177
MED00132,1,woy_cos,-0.04777
MED00133,1,woy_cos,-0.05464
MED00134,1,woy_cos,0.00556
MED00135,1,woy_cos,-0.00164
MED00136,1,woy_cos,-0.00379
MED00137,1,woy_cos,0.00479
MED00138,1,woy_cos,0.00254
MED00139,1,woy_cos,0.01406
MED00140,1,woy_cos,0.00191
MED00141,1,woy_cos,0.00416
MED00142,1,woy_cos,-0.04009
MED00143,1,woy_cos,0.00106
MED00144,1,woy_cos,0.01746
MED00145,1,woy_cos,0.00478
MED00146,1,woy_cos,-0.00092
MED00147,1,woy_cos,0.00104
MED00148,1,woy_cos,0.02698
MED00149,1,woy_cos,0.01679
MED00150,1,woy_cos,0.00336
MED00151,1,woy_cos,0.00127
MED00152,1,woy_cos,-0.0021
MED00153,1,woy_cos,-0.00051
MED00154,1,woy_cos,-0.00981
MED00155,1,woy_cos,0.00131
MED00156,1,woy_cos,-0.00517
MED00157,1,woy_cos,0.02492
MED00158,1,woy_cos,-0.02528
MED00159,1,woy_cos,0.0102
MED00160,1,woy_cos,0.02569
MED00161,1,woy_cos,0.01724
MED00162,1,woy_cos,0.00068
MED00163,1,woy_cos,-0.02789
MED00164,1,woy_cos,-0.01268
MED00165,1,woy_cos,0.01388
MED00166,1,woy_cos,0.00348
MED00167,1,woy_cos,0.00098
MED00168,1,woy_cos,0.00064
MED00169,1,woy_cos,-0.00309
MED00170,1,woy_cos,0.00087
MED00171,1,woy_cos,0.00112
MED00172,1,woy_cos,-0.00021
MED00173,1,woy_cos,-0.00048
MED00174,1,woy_cos,-0.00766
MED00175,1,woy_cos,-0.02268
MED00176,1,woy_cos,-0.0133
MED00177,1,woy_cos,-0.0685
MED00178,1,woy_cos,-0.00279
MED00179,1,woy_cos,-0.02071
MED00180,1,woy_cos,-0.00097
MED00181,1,woy_cos,0.01202
MED00182,1,woy_cos,-0.04515
MED00183,1,woy_cos,-0.01627
MED00184,1,woy_cos,-0.0149
MED00185,1,woy_cos,-0.01928
MED00186,1,woy_cos,0.00128
MED00187,1,woy_cos,-0.01789
MED00188,1,woy_cos,0.01392
MED00189,1,woy_cos,-0.04066
MED00190,1,woy_cos,-0.00013
MED00191,1,woy_cos,0.00197
MED00192,1,woy_cos,-0.07111
MED00193,1,woy_cos,-0.06805
MED00194,1,woy_cos,0.00167
MED00195,1,woy_cos,0.01275
MED00196,1,woy_cos,0.00214
MED00197,1,woy_cos,-0.00499
MED00198,1,woy_cos,0.00162
MED00199,1,woy_cos,-0.00073
MED00200,1,woy_cos,0.00459
MED00201,1,woy_cos,0.00693
MED00202,1,woy_cos,-0.00051
MED00203,1,woy_cos,-0.01896
MED00204,1,woy_cos,0.00444
MED00205,1,woy_cos,0.00311
MED00206,1,woy_cos,-0.01115
MED00207,1,woy_cos,-0.00283
MED00208,1,woy_cos,0.00517
MED00209,1,woy_cos,-0.00334
MED00210,1,woy_cos,-0.01867
MED00211,1,woy_cos,0.00045
MED00212,1,woy_cos,0.00633
MED00213,1,woy_cos,0.05126
MED00214,1,woy_cos,0.00082
MED00215,1,woy_cos,0.00326
MED00216,1,woy_cos,-0.04998
MED00217,1,woy_cos,-0.04447
MED00218,1,woy_cos,0.02804
MED00219,1,woy_cos,0.00019
MED00220,1,woy_cos,-0.00032
MED00221,1,woy_cos,-0.00775
MED00222,1,woy_cos,-0.03691
MED00223,1,woy_cos,-0.00071
MED00224,1,woy_cos,0.00077
MED00225,1,woy_cos,0.01659
MED00226,1,woy_cos,-0.02857
MED00227,1,woy_cos,-0.01983
MED00228,1,woy_cos,-0.00026
MED00229,1,woy_cos,0.00665
MED00230,1,woy_cos,-0.00377
MED00231,1,woy_cos,0.0003
MED00232,1,woy_cos,0.0141
MED00233,1,woy_cos,-0.032
MED00234,1,woy_cos,-0.00048
MED00235,1,woy_cos,0.0128
MED00236,1,woy_cos,-0.00717
MED00237,1,woy_cos,0.01438
MED00238,1,woy_cos,0.00083
MED00239,1,woy_cos,0.01457
MED00240,1,woy_cos,-0.00201
MED00241,1,woy_cos,0.00581
MED00242,1,woy_cos,-0.00078
MED00243,1,woy_cos,-0.06845
MED00244,1,woy_cos,0.00082
MED00245,1,woy_cos,0.02418
MED00246,1,woy_cos,0.02628
MED00247,1,woy_cos,0.00311
MED00248,1,woy_cos,-0.001
MED00249,1,woy_cos,-0.02824
MED00250,1,woy_cos,-0.01522
MED00251,1,woy_cos,0.00327
MED00252,1,woy_cos,-0.03192
MED00253,1,woy_cos,0.01724
MED00254,1,woy_cos,-0.03997
MED00255,1,woy_cos,0.01298
MED00256,1,woy_cos,-0.00163
MED00257,1,woy_cos,0.00934
MED00258,1,woy_cos,0.0031
MED00259,1,woy_cos,0.00124
MED00260,1,woy_cos,-0.02834
MED00261,1,woy_cos,-0.00736
MED00262,1,woy_cos,-0.001
MED00263,1,woy_cos,0.00876
MED00264,1,woy_cos,0.04375
MED00265,1,woy_cos,0.01707
MED00266,1,woy_cos,0.00136
MED00267,1,woy_cos,0.02795
MED00268,1,woy_cos,0.00313
MED00269,1,woy_cos,-0.00057
MED00270,1,woy_cos,-0.00067
MED00271,1,woy_cos,0.01583
MED00272,1,woy_cos,0.0281
MED00273,1,woy_cos,0.01225
MED00274,1,woy_cos,-0.03908
MED00275,1,woy_cos,0.00534
MED00276,1,woy_cos,0.00104
MED00277,1,woy_cos,-0.04208
MED00278,1,woy_cos,0.00338
MED00279,1,woy_cos,-0.02648
MED00280,1,woy_cos,-0.04782
MED00281,1,woy_cos,0.00772
MED00282,1,woy_cos,0.0124
MED00283,1,woy_cos,-0.00404
MED00284,1,woy_cos,-0.00984
MED00285,1,woy_cos,0.02799
MED00286,1,woy_cos,-0.00187
MED00287,1,woy_cos,0.01013
MED00288,1,woy_cos,-0.0268
MED00289,1,woy_cos,-0.00893
MED00290,1,woy_cos,-0.00101
MED00291,1,woy_cos,-0.01702
MED00292,1,woy_cos,0.00033
MED00293,1,woy_cos,0.02442
MED00294,1,woy_cos,-0.01677
MED00295,1,woy_cos,-0.02512
MED00296,1,woy_cos,0.0199
MED00297,1,woy_cos,0.01831
MED00298,1,woy_cos,-0.00424
MED00299,1,woy_cos,-0.01994
MED00300,1,woy_cos,-0.00359
MED00301,1,woy_cos,0.02076
MED00302,1,woy_cos,-0.00022
MED00303,1,woy_cos,-0.02419
MED00304,1,woy_cos,0.00887
MED00305,1,woy_cos,0.00309
MED00306,1,woy_cos,-0.04742
MED00307,1,woy_cos,-0.01018
MED00308,1,woy_cos,-0.02384
MED00309,1,woy_cos,-0.00125
MED00310,1,woy_cos,0.01269
MED00311,1,woy_cos,-0.00469
MED00312,1,woy_cos,-0.04216
MED00313,1,woy_cos,-0.00705
MED00314,1,woy_cos,0.01735
MED00315,1,woy_cos,0.00514
MED00316,1,woy_cos,0.00968
MED00317,1,woy_cos,0.0006
MED00318,1,woy_cos,-0.03017
MED00319,1,woy_cos,0.0026
MED00320,1,woy_cos,-0.00089
MED00321,1,woy_cos,0.02526
MED00322,1,woy_cos,-0.04909
MED00323,1,woy_cos,0.00649
MED00324,1,woy_cos,-0.01687
MED00325,1,woy_cos,0.01377
MED00326,1,woy_cos,0.00587
MED00327,1,woy_cos,0.01871
MED00328,1,woy_cos,0.02353
MED00329,1,woy_cos,0.00304
MED00330,1,woy_cos,0.0234
MED00331,1,woy_cos,-0.00142
MED00332,1,woy_cos,0.01298
MED00333,1,woy_cos,-0.00061
MED00334,1,woy_cos,-0.00438
MED00335,1,woy_cos,0.02135
MED00336,1,woy_cos,0.00423
MED00337,1,woy_cos,0.01593
MED00338,1,woy_cos,0.00404
MED00339,1,woy_cos,-0.02028
MED00340,1,woy_cos,0.00266
MED00341,1,woy_cos,0.02664
MED00342,1,woy_cos,0.00116
MED00343,1,woy_cos,0.00408
MED00344,1,woy_cos,0.03799
MED00345,1,woy_cos,-0.04782
MED00346,1,woy_cos,0.01293
MED00347,1,woy_cos,-0.06621
MED00348,1,woy_cos,0.00357
MED00349,1,woy_cos,-0.00078
MED00350,1,woy_cos,0.0345
MED00351,1,woy_cos,0.01006
MED00352,1,woy_cos,-0.01653
MED00353,1,woy_cos,0.03561
MED00354,1,woy_cos,0.017
MED00355,1,woy_cos,-0.00925
MED00356,1,woy_cos,0.00108
MED00357,1,woy_cos,-0.05752
MED00358,1,woy_cos,0.02237
MED00359,1,woy_cos,0.00186
MED00360,1,woy_cos,0.00371
MED00361,1,woy_cos,-0.00233
MED00362,1,woy_cos,-0.00158
MED00363,1,woy_cos,0.00347
MED00364,1,woy_cos,-0.05176
MED00365,1,woy_cos,0.00081
MED00366,1,woy_cos,0.00251
MED00368,1,woy_cos,0.01366
MED00369,1,woy_cos,0.00796
MED00370,1,woy_cos,-0.04022
MED00371,1,woy_cos,-0.01138
MED00372,1,woy_cos,-0.0441
MED00373,1,woy_cos,0.00963
MED00374,1,woy_cos,-0.00459
MED00375,1,woy_cos,-0.00641
MED00376,1,woy_cos,0.00107
MED00377,1,woy_cos,-0.02079
MED00378,1,woy_cos,0.00051
MED00379,1,woy_cos,0.0341
MED00380,1,woy_cos,0.02185
MED00381,1,woy_cos,0.04054
MED00382,1,woy_cos,0.00378
MED00383,1,woy_cos,0.01135
MED00384,1,woy_cos,0.00222
MED00385,1,woy_cos,-0.01677
MED00386,1,woy_cos,0.002
MED00387,1,woy_cos,-0.01961
MED00388,1,woy_cos,0.0033
MED00389,1,woy_cos,-0.01105
MED00390,1,woy_cos,-0.02406
MED00391,1,woy_cos,-0.00779
MED00392,1,woy_cos,-0.01042
MED00393,1,woy_cos,0.00762
MED00394,1,woy_cos,0.00129
MED00395,1,woy_cos,-0.00465
MED00396,1,woy_cos,0.02231
MED00397,1,woy_cos,0.00173
MED00398,1,woy_cos,-0.00218
MED00399,1,woy_cos,0.00063
MED00400,1,woy_cos,0.02798
MED00401,1,woy_cos,-0.00018
MED00402,1,woy_cos,-0.01147
MED00403,1,woy_cos,0.00242
MED00404,1,woy_cos,0.0252
MED00405,1,woy_cos,0.00126
MED00406,1,woy_cos,-0.01674
MED00407,1,woy_cos,-0.01713
MED00408,1,woy_cos,0.00802
MED00409,1,woy_cos,-0.02178
MED00410,1,woy_cos,-0.00289
MED00411,1,woy_cos,-0.00396
MED00412,1,woy_cos,0.00715
MED00413,1,woy_cos,0.00517
MED00414,1,woy_cos,-0.00479
MED00415,1,woy_cos,0.00599
MED00416,1,woy_cos,-0.00043
MED00417,1,woy_cos,0.01574
MED00418,1,woy_cos,0.01538
MED00419,1,woy_cos,0.01028
MED00420,1,woy_cos,-0.01899
MED00421,1,woy_cos,-0.02042
MED00422,1,woy_cos,-0.00397
MED00423,1,woy_cos,0.00755
MED00424,1,woy_cos,-0.04067
MED00001,2,woy_cos,0.00598
MED00002,2,woy_cos,-0.06241
MED00003,2,woy_cos,-0.0144
MED00004,2,woy_cos,0.01428
MED00005,2,woy_cos,0.0299
MED00006,2,woy_cos,0.00108
MED00007,2,woy_cos,0.01219
MED00008,2,woy_cos,-0.00314
MED00009,2,woy_cos,0.0159
MED00010,2,woy_cos,0.01883
MED00011,2,woy_cos,-0.01878
MED00012,2,woy_cos,0.00328
MED00013,2,woy_cos,0.02455
MED00014,2,woy_cos,-0.02327
MED00015,2,woy_cos,-0.01631
MED00016,2,woy_cos,0.00097
MED00017,2,woy_cos,0.0017
MED00018,2,woy_cos,0.01233
MED00019,2,woy_cos,-0.00913
MED00020,2,woy_cos,0.01006
MED00021,2,woy_cos,0.00062
MED00022,2,woy_cos,-0.02288
MED00023,2,woy_cos,-0.00296
MED00024,2,woy_cos,-0.00491
MED00025,2,woy_cos,-0.00234
MED00026,2,woy_cos,-0.03753
MED00027,2,woy_cos,-0.02714
MED00028,2,woy_cos,-0.00799
MED00029,2,woy_cos,-0.00925
MED00030,2,woy_cos,0.01468
MED00031,2,woy_cos,0.00623
MED00032,2,woy_cos,-0.0051
MED00033,2,woy_cos,0.0214
MED00034,2,woy_cos,-0.0423
MED00035,2,woy_cos,-0.01551
MED00036,2,woy_cos,-0.01772
MED00037,2,woy_cos,0.0243
MED00038,2,woy_cos,-0.01274
MED00039,2,woy_cos,-0.00684
MED00040,2,woy_cos,-0.02821
MED00041,2,woy_cos,-0.04945
MED00042,2,woy_cos,0.01445
MED00043,2,woy_cos,-0.0242
MED00044,2,woy_cos,-0.01091
MED00045,2,woy_cos,0.00352
MED00046,2,woy_cos,-0.02422
MED00047,2,woy_cos,0.02667
MED00048,2,woy_cos,0.00117
MED00049,2,woy_cos,-0.04589
MED00050,2,woy_cos,0.0092
MED00051,2,woy_cos,-0.0899
MED00052,2,woy_cos,-0.01074
MED00053,2,woy_cos,0.00169
MED00054,2,woy_cos,-0.00955
MED00055,2,woy_cos,-0.00155
MED00056,2,woy_cos,-0.03258
MED00057,2,woy_cos,-0.03616
MED00058,2,woy_cos,0.00132
MED00059,2,woy_cos,-0.01314
MED00060,2,woy_cos,0.02797
MED00061,2,woy_cos,-0.01199
MED00062,2,woy_cos,0.00694
MED00063,2,woy_cos,-0.07006
MED00064,2,woy_cos,-0.02074
MED00065,2,woy_cos,0.02042
MED00066,2,woy_cos,-0.01516
MED00067,2,woy_cos,-0.00135
MED00068,2,woy_cos,0.00326
MED00069,2,woy_cos,-0.01752
MED00070,2,woy_cos,-0.0177
MED00071,2,woy_cos,-0.01358
MED00072,2,woy_cos,-0.02191
MED00073,2,woy_cos,-0.01386
MED00074,2,woy_cos,0.00416
MED00075,2,woy_cos,-0.0139
MED00076,2,woy_cos,-0.04711
MED00077,2,woy_cos,0.00548
MED00078,2,woy_cos,-0.00681
MED00079,2,woy_cos,-0.00106
MED00080,2,woy_cos,-0.01407
MED00081,2,woy_cos,-0.04285
MED00082,2,woy_cos,-0.00132
MED00083,2,woy_cos,-0.01466
MED00084,2,woy_cos,-0.01364
MED00085,2,woy_cos,0.00031
MED00086,2,woy_cos,-0.01757
MED00087,2,woy_cos,0.0008
MED00088,2,woy_cos,-0.01529
MED00089,2,woy_cos,-0.00388
MED00090,2,woy_cos,0.01773
MED00091,2,woy_cos,-0.0226
MED00092,2,woy_cos,0.00042
MED00093,2,woy_cos,-0.02796
MED00094,2,woy_cos,-0.03437
MED00095,2,woy_cos,0.01444
MED00096,2,woy_cos,0.00397
MED00097,2,woy_cos,-0.03111
MED00098,2,woy_cos,0.00347
MED00099,2,woy_cos,-0.04212
MED00100,2,woy_cos,-0.03373
MED00101,2,woy_cos,0.02386
MED00102,2,woy_cos,0.02524
MED00103,2,woy_cos,0.00967
MED00104,2,woy_cos,0.00536
MED00105,2,woy_cos,0.00718
MED00106,2,woy_cos,-0.05921
MED00107,2,woy_cos,0.00405
MED00108,2,woy_cos,0.01214
MED00109,2,woy_cos,0.04074
MED00110,2,woy_cos,0.00434
MED00111,2,woy_cos,-0.00418
MED00112,2,woy_cos,0.01068
MED00113,2,woy_cos,0.00333
MED00114,2,woy_cos,-0.01299
MED00115,2,woy_cos,0.00071
MED00116,2,woy_cos,-0.01339
MED00117,2,woy_cos,0.00345
MED00118,2,woy_cos,-0.00197
MED00119,2,woy_cos,0.00271
MED00120,2,woy_cos,0.00147
MED00121,2,woy_cos,0.02023
MED00122,2,woy_cos,0.00455
MED00123,2,woy_cos,-0.01446
MED00124,2,woy_cos,0.00247
MED00125,2,woy_cos,-0.02393
MED00126,2,woy_cos,0.01988
MED00127,2,woy_cos,0.00338
MED00128,2,woy_cos,0.00095
MED00129,2,woy_cos,0.01744
MED00130,2,woy_cos,-0.04322
MED00131,2,woy_cos,-0.02353
MED00132,2,woy_cos,-0.05229
MED00133,2,woy_cos,-0.04776
MED00134,2,woy_cos,0.00431
MED00135,2,woy_cos,-0.00065
MED00136,2,woy_cos,-0.00624
MED00137,2,woy_cos,-0.00532
MED00138,2,woy_cos,0.00242
MED00139,2,woy_cos,0.01512
MED00140,2,woy_cos,0.00106
MED00141,2,woy_cos,0.00493
MED00142,2,woy_cos,-0.02669
MED00143,2,woy_cos,0.00076
MED00144,2,woy_cos,0.01846
MED00145,2,woy_cos,-0.00793
MED00146,2,woy_cos,0.00129
MED00147,2,woy_cos,0.00084
MED00148,2,woy_cos,0.02792
MED00149,2,woy_cos,0.01839
MED00150,2,woy_cos,-0.0036
MED00151,2,woy_cos,0.00114
MED00152,2,woy_cos,-0.00193
MED00153,2,woy_cos,-0.00024
MED00154,2,woy_cos,-0.0087
MED00155,2,woy_cos,0.00099
MED00156,2,woy_cos,-0.00476
MED00157,2,woy_cos,0.02747
MED00158,2,woy_cos,-0.02224
MED00159,2,woy_cos,0.00401
MED00160,2,woy_cos,0.02674
MED00161,2,woy_cos,0.01818
MED00162,2,woy_cos,0.00026
MED00163,2,woy_cos,-0.01648
MED00164,2,woy_cos,-0.01273
MED00165,2,woy_cos,0.01703
MED00166,2,woy_cos,0.00309
MED00167,2,woy_cos,0.00213
MED00168,2,woy_cos,0.00037
MED00169,2,woy_cos,-0.00333
MED00170,2,woy_cos,0.00169
MED00171,2,woy_cos,0.00081
MED00172,2,woy_cos,0.00474
MED00173,2,woy_cos,-0.0002
MED00174,2,woy_cos,-0.00636
MED00175,2,woy_cos,-0.01404
MED00176,2,woy_cos,-0.01513
MED00177,2,woy_cos,-0.05108
MED00178,2,woy_cos,-0.01583
MED00179,2,woy_cos,-0.02201
MED00180,2,woy_cos,0.0008
MED00181,2,woy_cos,0.01291
MED00182,2,woy_cos,-0.04277
MED00183,2,woy_cos,-0.00872
MED00184,2,woy_cos,-0.01708
MED00185,2,woy_cos,-0.01928
MED00186,2,woy_cos,0.00067
MED00187,2,woy_cos,-0.0173
MED00188,2,woy_cos,0.01679
MED00189,2,woy_cos,-0.0302
MED00190,2,woy_cos,0.00038
MED00191,2,woy_cos,0.00362
MED00192,2,woy_cos,-0.06988
MED00193,2,woy_cos,-0.0665
MED00194,2,woy_cos,0.00369
MED00195,2,woy_cos,0.01207
MED00196,2,woy_cos,0.00274
MED00197,2,woy_cos,-0.00274
MED00198,2,woy_cos,0.00082
MED00199,2,woy_cos,-0.01398
MED00200,2,woy_cos,0.00398
MED00201,2,woy_cos,0.00761
MED00202,2,woy_cos,0.00084
MED00203,2,woy_cos,-0.0194
MED00204,2,woy_cos,0.00368
MED00205,2,woy_cos,0.00461
MED00206,2,woy_cos,-0.01308
MED00207,2,woy_cos,-0.00299
MED00208,2,woy_cos,0.00676
MED00209,2,woy_cos,-0.00389
MED00210,2,woy_cos,-0.00627
MED00211,2,woy_cos,0.00077
MED00212,2,woy_cos,0.00752
MED00213,2,woy_cos,0.01977
MED00214,2,woy_cos,0.00311
MED00215,2,woy_cos,0.0029
MED00216,2,woy_cos,-0.03342
MED00217,2,woy_cos,-0.03639
MED00218,2,woy_cos,0.02894
MED00219,2,woy_cos,0.00167
MED00220,2,woy_cos,-0.00063
MED00221,2,woy_cos,-0.00689
MED00222,2,woy_cos,-0.02443
MED00223,2,woy_cos,-0.00192
MED00224,2,woy_cos,0.00045
MED00225,2,woy_cos,0.01961
MED00226,2,woy_cos,-0.02841
MED00227,2,woy_cos,-0.01867
MED00228,2,woy_cos,-0.00829
MED00229,2,woy_cos,0.0009
MED00230,2,woy_cos,-0.00284
MED00231,2,woy_cos,0.00208
MED00232,2,woy_cos,0.01496
MED00233,2,woy_cos,-0.03547
MED00234,2,woy_cos,0.00085
MED00235,2,woy_cos,0.01406
MED00236,2,woy_cos,-0.00708
MED00237,2,woy_cos,0.0173
MED00238,2,woy_cos,0.01239
MED00239,2,woy_cos,0.01555
MED00240,2,woy_cos,1e-04
MED00241,2,woy_cos,0.00622
MED00242,2,woy_cos,0.00132
MED00243,2,woy_cos,-0.06557
MED00244,2,woy_cos,0.00059
MED00245,2,woy_cos,0.02594
MED00246,2,woy_cos,0.02869
MED00247,2,woy_cos,0.00479
MED00248,2,woy_cos,-0.00117
MED00249,2,woy_cos,-0.02105
MED00250,2,woy_cos,-0.01269
MED00251,2,woy_cos,0.00277
MED00252,2,woy_cos,-0.03136
MED00253,2,woy_cos,0.01833
MED00254,2,woy_cos,-0.04244
MED00255,2,woy_cos,0.01292
MED00256,2,woy_cos,-0.00247
MED00257,2,woy_cos,0.01055
MED00258,2,woy_cos,0.00275
MED00259,2,woy_cos,0.00261
MED00260,2,woy_cos,-0.02417
MED00261,2,woy_cos,-0.01724
MED00262,2,woy_cos,-0.00017
MED00263,2,woy_cos,0.01171
MED00264,2,woy_cos,0.0418
MED00265,2,woy_cos,0.01956
MED00266,2,woy_cos,0.00235
MED00267,2,woy_cos,0.02866
MED00268,2,woy_cos,0.00434
MED00269,2,woy_cos,-0.00043
MED00270,2,woy_cos,0.00129
MED00271,2,woy_cos,0.01062
MED00272,2,woy_cos,0.02897
MED00273,2,woy_cos,0.01267
MED00274,2,woy_cos,-0.03903
MED00275,2,woy_cos,0.00625
MED00276,2,woy_cos,0.0005
MED00277,2,woy_cos,-0.0314
MED00278,2,woy_cos,0.00604
MED00279,2,woy_cos,-0.02673
MED00280,2,woy_cos,-0.03642
MED00281,2,woy_cos,0.01
MED00282,2,woy_cos,0.01309
MED00283,2,woy_cos,-0.00396
MED00284,2,woy_cos,-0.00751
MED00285,2,woy_cos,0.02685
MED00286,2,woy_cos,-0.00092
MED00287,2,woy_cos,0.01113
MED00288,2,woy_cos,-0.02558
MED00289,2,woy_cos,-0.00749
MED00290,2,woy_cos,-0.00098
MED00291,2,woy_cos,-0.01587
MED00292,2,woy_cos,-0.00282
MED00293,2,woy_cos,0.02557
MED00294,2,woy_cos,-0.01504
MED00295,2,woy_cos,-0.02271
MED00296,2,woy_cos,0.02128
MED00297,2,woy_cos,0.01908
MED00298,2,woy_cos,-0.00259
MED00299,2,woy_cos,-0.01382
MED00300,2,woy_cos,-0.00182
MED00301,2,woy_cos,0.02177
MED00302,2,woy_cos,0.00055
MED00303,2,woy_cos,-0.02357
MED00304,2,woy_cos,0.0099
MED00305,2,woy_cos,0.00209
MED00306,2,woy_cos,-0.03553
MED00307,2,woy_cos,-0.00245
MED00308,2,woy_cos,-0.02371
MED00309,2,woy_cos,-0.00046
MED00310,2,woy_cos,0.01376
MED00311,2,woy_cos,-0.00248
MED00312,2,woy_cos,-0.04491
MED00313,2,woy_cos,0.00345
MED00314,2,woy_cos,0.00307
MED00315,2,woy_cos,0.00497
MED00316,2,woy_cos,0.01024
MED00317,2,woy_cos,0.00059
MED00318,2,woy_cos,-0.02984
MED00319,2,woy_cos,0.00426
MED00320,2,woy_cos,-0.00031
MED00321,2,woy_cos,0.00761
MED00322,2,woy_cos,-0.03834
MED00323,2,woy_cos,-0.00336
MED00324,2,woy_cos,-0.02146
MED00325,2,woy_cos,0.01448
MED00326,2,woy_cos,0.00414
MED00327,2,woy_cos,0.01975
MED00328,2,woy_cos,0.0263
MED00329,2,woy_cos,0.00465
MED00330,2,woy_cos,0.0248
MED00331,2,woy_cos,-0.00019
MED00332,2,woy_cos,0.0152
MED00333,2,woy_cos,0.01282
MED00334,2,woy_cos,-0.00302
MED00335,2,woy_cos,0.01986
MED00336,2,woy_cos,0.00425
MED00337,2,woy_cos,0.01636
MED00338,2,woy_cos,-0.00897
MED00339,2,woy_cos,-0.01942
MED00340,2,woy_cos,0.02508
MED00341,2,woy_cos,0.02741
MED00342,2,woy_cos,0.00054
MED00343,2,woy_cos,0.00249
MED00344,2,woy_cos,0.02862
MED00345,2,woy_cos,-0.04114
MED00346,2,woy_cos,0.01377
MED00347,2,woy_cos,-0.04542
MED00348,2,woy_cos,0.00302
MED00349,2,woy_cos,-0.0006
MED00350,2,woy_cos,0.01596
MED00351,2,woy_cos,0.00792
MED00352,2,woy_cos,-0.02199
MED00353,2,woy_cos,0.01793
MED00354,2,woy_cos,0.01848
MED00355,2,woy_cos,-0.00869
MED00356,2,woy_cos,0.00184
MED00357,2,woy_cos,-0.06041
MED00358,2,woy_cos,0.02314
MED00359,2,woy_cos,0.00145
MED00360,2,woy_cos,0.0025
MED00361,2,woy_cos,-0.00051
MED00362,2,woy_cos,-0.00126
MED00363,2,woy_cos,0.00082
MED00364,2,woy_cos,-0.03242
MED00365,2,woy_cos,0.00042
MED00366,2,woy_cos,0.00475
MED00367,2,woy_cos,-0.00023
MED00368,2,woy_cos,0.01609
MED00369,2,woy_cos,0.00947
MED00370,2,woy_cos,-0.03347
MED00371,2,woy_cos,-0.00899
MED00372,2,woy_cos,-0.03804
MED00373,2,woy_cos,-0.00668
MED00374,2,woy_cos,-0.00504
MED00375,2,woy_cos,-0.00467
MED00376,2,woy_cos,0.00106
MED00377,2,woy_cos,-0.02194
MED00378,2,woy_cos,0.00439
MED00379,2,woy_cos,0.01624
MED00380,2,woy_cos,0.02092
MED00381,2,woy_cos,0.02844
MED00382,2,woy_cos,0.00399
MED00383,2,woy_cos,0.01241
MED00384,2,woy_cos,0.00369
MED00385,2,woy_cos,-0.01529
MED00386,2,woy_cos,0.00358
MED00387,2,woy_cos,-0.01789
MED00388,2,woy_cos,0.01426
MED00389,2,woy_cos,-0.01241
MED00390,2,woy_cos,-0.02159
MED00391,2,woy_cos,-0.00591
MED00392,2,woy_cos,-0.0134
MED00393,2,woy_cos,0.00944
MED00394,2,woy_cos,0.00379
MED00395,2,woy_cos,-0.00848
MED00396,2,woy_cos,0.02304
MED00397,2,woy_cos,0.00238
MED00398,2,woy_cos,-0.00018
MED00399,2,woy_cos,0.0024
MED00400,2,woy_cos,0.02841
MED00401,2,woy_cos,0.01618
MED00402,2,woy_cos,-0.01142
MED00403,2,woy_cos,0.00384
MED00404,2,woy_cos,0.02584
MED00406,2,woy_cos,-0.01546
MED00407,2,woy_cos,-0.0155
MED00408,2,woy_cos,0.00575
MED00409,2,woy_cos,-0.02046
MED00410,2,woy_cos,-0.00343
MED00411,2,woy_cos,-0.00682
MED00412,2,woy_cos,0.00597
MED00413,2,woy_cos,0.0073
MED00414,2,woy_cos,-0.00733
MED00415,2,woy_cos,0.00904
MED00416,2,woy_cos,-0.00392
MED00417,2,woy_cos,0.01665
MED00418,2,woy_cos,0.01331
MED00419,2,woy_cos,0.01088
MED00420,2,woy_cos,-0.01625
MED00421,2,woy_cos,-0.01852
MED00422,2,woy_cos,-0.00188
MED00423,2,woy_cos,0.01
MED00424,2,woy_cos,-0.00524
MED00001,3,woy_cos,0.00386
MED00002,3,woy_cos,-0.0324
MED00003,3,woy_cos,-0.00488
MED00004,3,woy_cos,-0.01214
MED00005,3,woy_cos,0.02332
MED00006,3,woy_cos,-0.00239
MED00007,3,woy_cos,0.00858
MED00008,3,woy_cos,-0.01392
MED00009,3,woy_cos,0.01157
MED00010,3,woy_cos,0.02047
MED00011,3,woy_cos,-0.0196
MED00012,3,woy_cos,0.0039
MED00013,3,woy_cos,0.01854
MED00014,3,woy_cos,-0.02468
MED00015,3,woy_cos,-0.01448
MED00016,3,woy_cos,-0.00164
MED00017,3,woy_cos,-0.0006
MED00018,3,woy_cos,0.00675
MED00019,3,woy_cos,-0.00949
MED00020,3,woy_cos,0.00897
MED00021,3,woy_cos,-0.00324
MED00022,3,woy_cos,-0.0246
MED00023,3,woy_cos,-0.00916
MED00024,3,woy_cos,-0.00809
MED00025,3,woy_cos,-0.00286
MED00026,3,woy_cos,-0.03526
MED00027,3,woy_cos,-0.01025
MED00028,3,woy_cos,-0.01623
MED00029,3,woy_cos,-0.00546
MED00030,3,woy_cos,0.01175
MED00031,3,woy_cos,-0.00023
MED00032,3,woy_cos,-0.00675
MED00033,3,woy_cos,0.00799
MED00034,3,woy_cos,-0.04336
MED00035,3,woy_cos,-0.01457
MED00036,3,woy_cos,-0.01453
MED00037,3,woy_cos,0.02171
MED00038,3,woy_cos,-0.01338
MED00039,3,woy_cos,-0.01017
MED00040,3,woy_cos,-0.03099
MED00041,3,woy_cos,-0.03252
MED00042,3,woy_cos,0.00765
MED00043,3,woy_cos,-0.02109
MED00044,3,woy_cos,-0.01318
MED00045,3,woy_cos,0.00046
MED00046,3,woy_cos,-0.02068
MED00047,3,woy_cos,0.02469
MED00048,3,woy_cos,-0.00031
MED00049,3,woy_cos,0.00109
MED00050,3,woy_cos,0.0061
MED00051,3,woy_cos,-0.04365
MED00052,3,woy_cos,-0.01784
MED00053,3,woy_cos,0.00223
MED00054,3,woy_cos,-0.01071
MED00055,3,woy_cos,-0.0142
MED00056,3,woy_cos,-0.03772
MED00057,3,woy_cos,-0.03416
MED00058,3,woy_cos,-0.00208
MED00059,3,woy_cos,-0.01664
MED00060,3,woy_cos,0.02622
MED00061,3,woy_cos,-0.01254
MED00062,3,woy_cos,0.0055
MED00063,3,woy_cos,-0.00654
MED00064,3,woy_cos,-0.01943
MED00065,3,woy_cos,0.02027
MED00066,3,woy_cos,-0.02395
MED00067,3,woy_cos,-0.00327
MED00069,3,woy_cos,-0.01973
MED00070,3,woy_cos,-0.01791
MED00071,3,woy_cos,-0.01451
MED00072,3,woy_cos,-0.02344
MED00073,3,woy_cos,-0.01721
MED00074,3,woy_cos,0.00104
MED00075,3,woy_cos,-0.01581
MED00076,3,woy_cos,-0.0092
MED00077,3,woy_cos,0.00125
MED00078,3,woy_cos,-0.0018
MED00079,3,woy_cos,-0.0007
MED00080,3,woy_cos,-0.01761
MED00081,3,woy_cos,-0.03387
MED00082,3,woy_cos,-0.00432
MED00083,3,woy_cos,-0.01758
MED00084,3,woy_cos,-0.01274
MED00085,3,woy_cos,-0.00187
MED00086,3,woy_cos,-0.01268
MED00087,3,woy_cos,-0.00107
MED00088,3,woy_cos,-0.00967
MED00089,3,woy_cos,-0.01007
MED00090,3,woy_cos,0.01351
MED00091,3,woy_cos,-0.02388
MED00092,3,woy_cos,-0.00314
MED00093,3,woy_cos,-0.01147
MED00094,3,woy_cos,-0.03544
MED00095,3,woy_cos,0.01108
MED00096,3,woy_cos,0.00232
MED00097,3,woy_cos,-0.03071
MED00098,3,woy_cos,0.00166
MED00099,3,woy_cos,-0.03331
MED00100,3,woy_cos,0.01556
MED00101,3,woy_cos,0.01658
MED00102,3,woy_cos,0.02398
MED00103,3,woy_cos,0.00646
MED00104,3,woy_cos,0.00331
MED00105,3,woy_cos,0.00585
MED00106,3,woy_cos,0.00913
MED00107,3,woy_cos,0.00205
MED00108,3,woy_cos,0.00872
MED00109,3,woy_cos,0.0153
MED00110,3,woy_cos,-0.0024
MED00111,3,woy_cos,0.00299
MED00112,3,woy_cos,0.00715
MED00113,3,woy_cos,0.00117
MED00114,3,woy_cos,-0.01082
MED00115,3,woy_cos,-0.00097
MED00116,3,woy_cos,-0.01431
MED00117,3,woy_cos,0.00339
MED00118,3,woy_cos,-0.00483
MED00119,3,woy_cos,0.00068
MED00120,3,woy_cos,-0.00453
MED00121,3,woy_cos,0.01534
MED00122,3,woy_cos,0.0027
MED00123,3,woy_cos,-0.01823
MED00124,3,woy_cos,0.00042
MED00125,3,woy_cos,0.00757
MED00126,3,woy_cos,0.01176
MED00127,3,woy_cos,0.00127
MED00128,3,woy_cos,-0.00065
MED00129,3,woy_cos,0.01456
MED00130,3,woy_cos,0.00078
MED00131,3,woy_cos,-0.0246
MED00132,3,woy_cos,-0.04845
MED00133,3,woy_cos,-0.02426
MED00134,3,woy_cos,-0.00185
MED00135,3,woy_cos,-0.00635
MED00136,3,woy_cos,-0.0115
MED00137,3,woy_cos,-0.00442
MED00138,3,woy_cos,0.00049
MED00139,3,woy_cos,0.01116
MED00140,3,woy_cos,-0.0014
MED00141,3,woy_cos,0.00445
MED00142,3,woy_cos,-0.0218
MED00143,3,woy_cos,-0.00243
MED00144,3,woy_cos,0.01682
MED00145,3,woy_cos,-0.01218
MED00146,3,woy_cos,-0.00127
MED00147,3,woy_cos,-0.0016
MED00148,3,woy_cos,0.02627
MED00149,3,woy_cos,0.01155
MED00150,3,woy_cos,-0.00869
MED00151,3,woy_cos,-0.00056
MED00152,3,woy_cos,-0.00357
MED00153,3,woy_cos,-0.00153
MED00154,3,woy_cos,-0.01037
MED00155,3,woy_cos,-0.00092
MED00156,3,woy_cos,-0.00632
MED00157,3,woy_cos,0.023
MED00158,3,woy_cos,-0.00623
MED00159,3,woy_cos,0.00214
MED00160,3,woy_cos,0.01989
MED00161,3,woy_cos,0.01632
MED00162,3,woy_cos,-0.00184
MED00163,3,woy_cos,-0.0047
MED00164,3,woy_cos,-0.01483
MED00165,3,woy_cos,0.01592
MED00166,3,woy_cos,0.00309
MED00167,3,woy_cos,-0.00034
MED00168,3,woy_cos,-0.00186
MED00169,3,woy_cos,-0.00554
MED00170,3,woy_cos,-0.0008
MED00171,3,woy_cos,-0.00072
MED00172,3,woy_cos,0.00081
MED00173,3,woy_cos,-0.00176
MED00174,3,woy_cos,-0.00761
MED00175,3,woy_cos,-0.03706
MED00176,3,woy_cos,-0.01605
MED00177,3,woy_cos,-0.0316
MED00178,3,woy_cos,-0.01875
MED00179,3,woy_cos,-0.02352
MED00180,3,woy_cos,-0.00121
MED00181,3,woy_cos,0.00945
MED00182,3,woy_cos,-0.03992
MED00183,3,woy_cos,-0.01124
MED00184,3,woy_cos,-0.01348
MED00185,3,woy_cos,-0.02336
MED00186,3,woy_cos,-0.00147
MED00187,3,woy_cos,-0.01243
MED00188,3,woy_cos,0.00988
MED00189,3,woy_cos,0.00517
MED00190,3,woy_cos,-0.00091
MED00191,3,woy_cos,0.00208
MED00192,3,woy_cos,-0.04207
MED00193,3,woy_cos,-0.03702
MED00194,3,woy_cos,0.00033
MED00195,3,woy_cos,0.0106
MED00196,3,woy_cos,0.00127
MED00197,3,woy_cos,-0.0062
MED00198,3,woy_cos,-0.00183
MED00199,3,woy_cos,-0.01985
MED00200,3,woy_cos,0.00116
MED00201,3,woy_cos,0.00571
MED00202,3,woy_cos,-0.00174
MED00203,3,woy_cos,-0.02107
MED00204,3,woy_cos,0.00406
MED00205,3,woy_cos,0.00323
MED00206,3,woy_cos,-0.02079
MED00207,3,woy_cos,-0.00503
MED00208,3,woy_cos,0.0055
MED00209,3,woy_cos,-0.00828
MED00210,3,woy_cos,-0.01486
MED00211,3,woy_cos,-0.00089
MED00212,3,woy_cos,0.00464
MED00213,3,woy_cos,0.00477
MED00214,3,woy_cos,0.00166
MED00215,3,woy_cos,0.00164
MED00216,3,woy_cos,0.00843
MED00217,3,woy_cos,-0.00309
MED00218,3,woy_cos,0.02228
MED00219,3,woy_cos,0.00061
MED00220,3,woy_cos,-0.00014
MED00221,3,woy_cos,-0.00553
MED00222,3,woy_cos,-0.02403
MED00223,3,woy_cos,-0.00283
MED00224,3,woy_cos,-0.002
MED00225,3,woy_cos,0.01491
MED00226,3,woy_cos,-0.03007
MED00227,3,woy_cos,-0.02011
MED00228,3,woy_cos,-0.01268
MED00229,3,woy_cos,-0.00528
MED00230,3,woy_cos,-0.0026
MED00231,3,woy_cos,-0.00131
MED00232,3,woy_cos,0.01091
MED00233,3,woy_cos,-0.02063
MED00234,3,woy_cos,-0.00153
MED00235,3,woy_cos,0.00925
MED00236,3,woy_cos,-0.00572
MED00237,3,woy_cos,0.017
MED00238,3,woy_cos,0.01008
MED00239,3,woy_cos,0.01074
MED00240,3,woy_cos,-0.00417
MED00241,3,woy_cos,0.00406
MED00242,3,woy_cos,0.00011
MED00243,3,woy_cos,-0.02527
MED00244,3,woy_cos,-0.00109
MED00245,3,woy_cos,0.02121
MED00246,3,woy_cos,0.02685
MED00247,3,woy_cos,0.00327
MED00248,3,woy_cos,-0.00373
MED00249,3,woy_cos,-0.02186
MED00250,3,woy_cos,-0.01314
MED00251,3,woy_cos,0.00067
MED00252,3,woy_cos,-0.02714
MED00253,3,woy_cos,0.01152
MED00254,3,woy_cos,-0.03816
MED00255,3,woy_cos,0.01161
MED00256,3,woy_cos,-0.00553
MED00257,3,woy_cos,0.00717
MED00258,3,woy_cos,0.0014
MED00259,3,woy_cos,0.00081
MED00260,3,woy_cos,-0.02744
MED00261,3,woy_cos,-0.0158
MED00262,3,woy_cos,-0.00342
MED00263,3,woy_cos,0.0067
MED00264,3,woy_cos,0.00718
MED00265,3,woy_cos,0.01766
MED00266,3,woy_cos,-0.00367
MED00267,3,woy_cos,0.02653
MED00268,3,woy_cos,0.00288
MED00269,3,woy_cos,-0.00231
MED00270,3,woy_cos,-0.00275
MED00271,3,woy_cos,0.00365
MED00272,3,woy_cos,0.02417
MED00273,3,woy_cos,0.0092
MED00274,3,woy_cos,-0.02858
MED00275,3,woy_cos,-0.00011
MED00276,3,woy_cos,-0.00205
MED00277,3,woy_cos,0.00379
MED00278,3,woy_cos,0.00213
MED00279,3,woy_cos,-0.02383
MED00280,3,woy_cos,-0.00192
MED00281,3,woy_cos,0.00812
MED00282,3,woy_cos,0.0082
MED00283,3,woy_cos,-0.00565
MED00284,3,woy_cos,-0.01
MED00285,3,woy_cos,0.02484
MED00286,3,woy_cos,-0.00535
MED00287,3,woy_cos,0.00755
MED00288,3,woy_cos,-0.0253
MED00289,3,woy_cos,-0.01173
MED00290,3,woy_cos,-0.00369
MED00291,3,woy_cos,-0.0168
MED00292,3,woy_cos,-0.0052
MED00293,3,woy_cos,0.02026
MED00294,3,woy_cos,-0.01997
MED00295,3,woy_cos,-0.01352
MED00296,3,woy_cos,0.01668
MED00297,3,woy_cos,0.01726
MED00298,3,woy_cos,-0.00436
MED00299,3,woy_cos,-0.01226
MED00300,3,woy_cos,-0.00385
MED00301,3,woy_cos,0.01967
MED00302,3,woy_cos,0.0037
MED00303,3,woy_cos,-0.02159
MED00304,3,woy_cos,0.00566
MED00305,3,woy_cos,-0.00047
MED00306,3,woy_cos,-0.03056
MED00307,3,woy_cos,-0.00322
MED00308,3,woy_cos,-0.02783
MED00309,3,woy_cos,0.00119
MED00310,3,woy_cos,0.01035
MED00311,3,woy_cos,-0.0056
MED00312,3,woy_cos,-0.03582
MED00313,3,woy_cos,-0.00994
MED00314,3,woy_cos,-0.00374
MED00315,3,woy_cos,0.00349
MED00316,3,woy_cos,0.0069
MED00317,3,woy_cos,-0.00079
MED00318,3,woy_cos,-0.03132
MED00319,3,woy_cos,0.0028
MED00320,3,woy_cos,-0.00158
MED00321,3,woy_cos,-0.01778
MED00322,3,woy_cos,0.00724
MED00323,3,woy_cos,-0.00988
MED00324,3,woy_cos,-0.02965
MED00325,3,woy_cos,0.01252
MED00326,3,woy_cos,0.00285
MED00327,3,woy_cos,0.01625
MED00328,3,woy_cos,0.02173
MED00329,3,woy_cos,0.00304
MED00330,3,woy_cos,0.02054
MED00331,3,woy_cos,-0.00317
MED00332,3,woy_cos,0.01175
MED00333,3,woy_cos,0.00995
MED00334,3,woy_cos,-0.00364
MED00335,3,woy_cos,0.01828
MED00336,3,woy_cos,0.00263
MED00337,3,woy_cos,0.01118
MED00338,3,woy_cos,-0.01509
MED00339,3,woy_cos,-0.01715
MED00340,3,woy_cos,0.01696
MED00341,3,woy_cos,0.02544
MED00342,3,woy_cos,-0.00167
MED00343,3,woy_cos,0.00103
MED00344,3,woy_cos,0.02914
MED00345,3,woy_cos,0.00473
MED00346,3,woy_cos,0.01063
MED00347,3,woy_cos,0.00291
MED00349,3,woy_cos,-0.00218
MED00350,3,woy_cos,0.00158
MED00351,3,woy_cos,0.0002
MED00352,3,woy_cos,-0.02607
MED00353,3,woy_cos,-0.01754
MED00354,3,woy_cos,0.00679
MED00355,3,woy_cos,-0.00955
MED00356,3,woy_cos,-0.00068
MED00357,3,woy_cos,-0.02079
MED00358,3,woy_cos,0.02148
MED00359,3,woy_cos,0.00177
MED00360,3,woy_cos,-0.00187
MED00361,3,woy_cos,-0.00223
MED00362,3,woy_cos,-0.0038
MED00363,3,woy_cos,-0.00125
MED00364,3,woy_cos,0.00562
MED00365,3,woy_cos,-0.001
MED00366,3,woy_cos,0.0031
MED00367,3,woy_cos,0.0002
MED00368,3,woy_cos,0.00985
MED00369,3,woy_cos,0.00319
MED00370,3,woy_cos,-0.02546
MED00371,3,woy_cos,-0.01548
MED00372,3,woy_cos,-0.00596
MED00373,3,woy_cos,-0.00866
MED00374,3,woy_cos,-0.00673
MED00375,3,woy_cos,-0.00565
MED00376,3,woy_cos,-0.00027
MED00377,3,woy_cos,-0.03592
MED00378,3,woy_cos,0.00277
MED00379,3,woy_cos,-0.00895
MED00380,3,woy_cos,0.01326
MED00381,3,woy_cos,0.01347
MED00382,3,woy_cos,0.00268
MED00383,3,woy_cos,0.01054
MED00384,3,woy_cos,0.00136
MED00385,3,woy_cos,-0.01549
MED00386,3,woy_cos,0.00211
MED00387,3,woy_cos,-0.01903
MED00388,3,woy_cos,0.01183
MED00389,3,woy_cos,-0.01588
MED00390,3,woy_cos,-0.02206
MED00391,3,woy_cos,-0.008
MED00392,3,woy_cos,-0.01436
MED00393,3,woy_cos,0.00848
MED00394,3,woy_cos,0.0019
MED00395,3,woy_cos,-0.00853
MED00396,3,woy_cos,0.02168
MED00397,3,woy_cos,-0.0023
MED00398,3,woy_cos,-0.00247
MED00399,3,woy_cos,0.00015
MED00400,3,woy_cos,0.02291
MED00401,3,woy_cos,0.01548
MED00402,3,woy_cos,-0.01183
MED00403,3,woy_cos,0.00341
MED00404,3,woy_cos,0.02394
MED00405,3,woy_cos,-0.00175
MED00406,3,woy_cos,-0.01603
MED00407,3,woy_cos,-0.01604
MED00408,3,woy_cos,0.00272
MED00409,3,woy_cos,-0.01646
MED00410,3,woy_cos,-0.00331
MED00411,3,woy_cos,-0.00789
MED00412,3,woy_cos,0.00424
MED00413,3,woy_cos,0.01294
MED00414,3,woy_cos,-0.00825
MED00415,3,woy_cos,0.00761
MED00416,3,woy_cos,-0.00433
MED00417,3,woy_cos,0.01478
MED00418,3,woy_cos,0.01064
MED00419,3,woy_cos,0.00816
MED00420,3,woy_cos,-0.01708
MED00421,3,woy_cos,-0.01932
MED00422,3,woy_cos,-0.00302
MED00423,3,woy_cos,0.0076
MED00424,3,woy_cos,-0.01023
MED00001,4,woy_cos,-0.00279
MED00002,4,woy_cos,-0.02926
MED00003,4,woy_cos,-0.00546
MED00004,4,woy_cos,-0.02536
MED00005,4,woy_cos,0.00658
MED00006,4,woy_cos,-0.0079
MED00007,4,woy_cos,-0.00876
MED00008,4,woy_cos,-0.01235
MED00009,4,woy_cos,0.00064
MED00010,4,woy_cos,0.01368
MED00011,4,woy_cos,-0.02989
MED00012,4,woy_cos,-0.00382
MED00013,4,woy_cos,0.00564
MED00014,4,woy_cos,-0.02801
MED00015,4,woy_cos,-0.01097
MED00016,4,woy_cos,-0.00728
MED00017,4,woy_cos,-0.00621
MED00018,4,woy_cos,-0.00244
MED00019,4,woy_cos,-0.0096
MED00020,4,woy_cos,0.00701
MED00021,4,woy_cos,-0.01372
MED00022,4,woy_cos,-0.02668
MED00023,4,woy_cos,-0.01308
MED00024,4,woy_cos,-0.01705
MED00025,4,woy_cos,-0.00563
MED00026,4,woy_cos,-0.03457
MED00027,4,woy_cos,-0.00888
MED00028,4,woy_cos,-0.01247
MED00029,4,woy_cos,-0.00593
MED00030,4,woy_cos,0.00102
MED00031,4,woy_cos,-0.00928
MED00032,4,woy_cos,-0.01246
MED00033,4,woy_cos,-0.00612
MED00034,4,woy_cos,-0.04422
MED00035,4,woy_cos,-0.02057
MED00036,4,woy_cos,-0.0147
MED00037,4,woy_cos,0.00636
MED00038,4,woy_cos,-0.01482
MED00039,4,woy_cos,-0.01133
MED00040,4,woy_cos,-0.03261
MED00041,4,woy_cos,-0.03027
MED00042,4,woy_cos,-0.00057
MED00043,4,woy_cos,-0.01618
MED00044,4,woy_cos,-0.01545
MED00045,4,woy_cos,-0.00725
MED00046,4,woy_cos,-0.02208
MED00047,4,woy_cos,0.01917
MED00048,4,woy_cos,-0.00595
MED00049,4,woy_cos,0.01163
MED00050,4,woy_cos,-0.00472
MED00051,4,woy_cos,-0.04023
MED00052,4,woy_cos,-0.01245
MED00053,4,woy_cos,0.00204
MED00054,4,woy_cos,-0.00163
MED00055,4,woy_cos,-0.01551
MED00056,4,woy_cos,-0.03736
MED00057,4,woy_cos,-0.04327
MED00058,4,woy_cos,-0.00966
MED00059,4,woy_cos,-0.0215
MED00060,4,woy_cos,0.02001
MED00061,4,woy_cos,-0.01147
MED00062,4,woy_cos,-0.00051
MED00064,4,woy_cos,-0.02068
MED00065,4,woy_cos,0.01447
MED00066,4,woy_cos,-0.02021
MED00067,4,woy_cos,-0.00678
MED00068,4,woy_cos,-0.00894
MED00069,4,woy_cos,-0.02175
MED00070,4,woy_cos,-0.01935
MED00071,4,woy_cos,-0.01625
MED00072,4,woy_cos,-0.02506
MED00073,4,woy_cos,-0.02744
MED00074,4,woy_cos,-0.00811
MED00075,4,woy_cos,-0.02117
MED00076,4,woy_cos,0.00474
MED00077,4,woy_cos,-0.01503
MED00078,4,woy_cos,-0.00353
MED00079,4,woy_cos,-0.00505
MED00080,4,woy_cos,-0.02976
MED00081,4,woy_cos,-0.04068
MED00082,4,woy_cos,-0.01341
MED00083,4,woy_cos,-0.02784
MED00084,4,woy_cos,-0.01457
MED00085,4,woy_cos,-0.00754
MED00086,4,woy_cos,-0.02208
MED00087,4,woy_cos,-0.00459
MED00088,4,woy_cos,-0.01123
MED00089,4,woy_cos,-0.0113
MED00090,4,woy_cos,0.00475
MED00091,4,woy_cos,-0.02537
MED00092,4,woy_cos,-0.00892
MED00093,4,woy_cos,-0.01628
MED00094,4,woy_cos,-0.0351
MED00096,4,woy_cos,-0.00084
MED00097,4,woy_cos,-0.04111
MED00098,4,woy_cos,-0.00407
MED00099,4,woy_cos,-0.03259
MED00100,4,woy_cos,0.01367
MED00101,4,woy_cos,0.00529
MED00102,4,woy_cos,0.00868
MED00103,4,woy_cos,-0.00456
MED00104,4,woy_cos,-0.00228
MED00105,4,woy_cos,0.00021
MED00106,4,woy_cos,0.01794
MED00107,4,woy_cos,-0.00355
MED00108,4,woy_cos,-0.00238
MED00109,4,woy_cos,0.00082
MED00110,4,woy_cos,-0.0123
MED00111,4,woy_cos,-0.00258
MED00112,4,woy_cos,-0.00391
MED00113,4,woy_cos,-0.00448
MED00114,4,woy_cos,-0.00899
MED00115,4,woy_cos,-0.00672
MED00116,4,woy_cos,-0.01557
MED00117,4,woy_cos,-0.00233
MED00118,4,woy_cos,-0.00828
MED00119,4,woy_cos,-0.005
MED00120,4,woy_cos,-0.0059
MED00121,4,woy_cos,0.00428
MED00122,4,woy_cos,-0.00287
MED00123,4,woy_cos,-0.02134
MED00124,4,woy_cos,-0.00524
MED00125,4,woy_cos,0.00913
MED00126,4,woy_cos,-0.00096
MED00127,4,woy_cos,-0.00452
MED00128,4,woy_cos,-0.00635
MED00129,4,woy_cos,-0.00681
MED00130,4,woy_cos,0.01136
MED00131,4,woy_cos,-0.02622
MED00132,4,woy_cos,-0.04619
MED00133,4,woy_cos,-0.0225
MED00134,4,woy_cos,-0.01258
MED00135,4,woy_cos,-0.00785
MED00136,4,woy_cos,-0.01256
MED00137,4,woy_cos,-0.00663
MED00138,4,woy_cos,-0.00521
MED00139,4,woy_cos,0.00035
MED00140,4,woy_cos,-0.00701
MED00141,4,woy_cos,0.00308
MED00142,4,woy_cos,-0.03302
MED00143,4,woy_cos,-0.0081
MED00144,4,woy_cos,0.01111
MED00145,4,woy_cos,-0.01086
MED00146,4,woy_cos,-0.00625
MED00147,4,woy_cos,-0.00786
MED00148,4,woy_cos,0.01984
MED00149,4,woy_cos,-0.00083
MED00150,4,woy_cos,-0.01318
MED00151,4,woy_cos,-0.00627
MED00152,4,woy_cos,-0.00927
MED00153,4,woy_cos,-0.00717
MED00154,4,woy_cos,-0.00998
MED00155,4,woy_cos,-0.0066
MED00156,4,woy_cos,-0.01234
MED00157,4,woy_cos,0.01762
MED00158,4,woy_cos,-0.00932
MED00159,4,woy_cos,0.00264
MED00160,4,woy_cos,0.00853
MED00161,4,woy_cos,0.01058
MED00162,4,woy_cos,-0.00556
MED00163,4,woy_cos,-0.00925
MED00164,4,woy_cos,-0.01484
MED00165,4,woy_cos,0.0148
MED00166,4,woy_cos,-0.00251
MED00167,4,woy_cos,-0.00594
MED00168,4,woy_cos,-0.00744
MED00169,4,woy_cos,-0.01152
MED00170,4,woy_cos,-0.00639
MED00171,4,woy_cos,-0.00612
MED00172,4,woy_cos,-0.00378
MED00173,4,woy_cos,-0.0074
MED00174,4,woy_cos,-0.0072
MED00175,4,woy_cos,-0.03673
MED00176,4,woy_cos,-0.01876
MED00177,4,woy_cos,-0.03793
MED00178,4,woy_cos,-0.02106
MED00179,4,woy_cos,-0.024
MED00180,4,woy_cos,-0.00895
MED00181,4,woy_cos,-0.00136
MED00182,4,woy_cos,-0.04014
MED00183,4,woy_cos,-0.01401
MED00184,4,woy_cos,-0.00507
MED00185,4,woy_cos,-0.02882
MED00186,4,woy_cos,-0.00698
MED00187,4,woy_cos,-0.01273
MED00188,4,woy_cos,-0.00109
MED00189,4,woy_cos,0.01181
MED00190,4,woy_cos,-0.00442
MED00191,4,woy_cos,-0.00422
MED00192,4,woy_cos,-0.0299
MED00193,4,woy_cos,-0.02935
MED00194,4,woy_cos,0.00113
MED00195,4,woy_cos,0.01035
MED00196,4,woy_cos,0.00065
MED00197,4,woy_cos,-0.00657
MED00198,4,woy_cos,-0.00757
MED00199,4,woy_cos,-0.02045
MED00200,4,woy_cos,-0.00445
MED00201,4,woy_cos,-0.00046
MED00202,4,woy_cos,-0.00948
MED00203,4,woy_cos,-0.02252
MED00204,4,woy_cos,-0.00155
MED00205,4,woy_cos,-0.00234
MED00206,4,woy_cos,-0.02557
MED00207,4,woy_cos,-0.0087
MED00209,4,woy_cos,-0.00864
MED00210,4,woy_cos,-0.01402
MED00211,4,woy_cos,-0.00648
MED00212,4,woy_cos,-0.00367
MED00213,4,woy_cos,-0.00868
MED00214,4,woy_cos,-0.00435
MED00215,4,woy_cos,-0.00397
MED00216,4,woy_cos,0.01478
MED00217,4,woy_cos,-0.00041
MED00218,4,woy_cos,0.01665
MED00219,4,woy_cos,-0.00061
MED00220,4,woy_cos,-0.00361
MED00221,4,woy_cos,-0.01447
MED00222,4,woy_cos,-0.03703
MED00223,4,woy_cos,-0.00099
MED00224,4,woy_cos,-0.00552
MED00225,4,woy_cos,0.00233
MED00226,4,woy_cos,-0.03137
MED00227,4,woy_cos,-0.02065
MED00228,4,woy_cos,-0.01875
MED00229,4,woy_cos,-0.01139
MED00230,4,woy_cos,-0.00357
MED00231,4,woy_cos,-0.00689
MED00233,4,woy_cos,-0.01866
MED00234,4,woy_cos,-0.00718
MED00235,4,woy_cos,0.00914
MED00236,4,woy_cos,-0.01208
MED00237,4,woy_cos,0.01653
MED00238,4,woy_cos,-0.00695
MED00239,4,woy_cos,0.00012
MED00240,4,woy_cos,-0.01447
MED00241,4,woy_cos,-0.00153
MED00242,4,woy_cos,-0.00041
MED00243,4,woy_cos,-0.0213
MED00244,4,woy_cos,-0.00667
MED00245,4,woy_cos,0.01867
MED00246,4,woy_cos,0.0212
MED00247,4,woy_cos,-0.00238
MED00248,4,woy_cos,-0.00999
MED00249,4,woy_cos,-0.02504
MED00250,4,woy_cos,-0.01462
MED00251,4,woy_cos,-0.00497
MED00252,4,woy_cos,-0.02764
MED00253,4,woy_cos,0.00031
MED00254,4,woy_cos,-0.04024
MED00255,4,woy_cos,0.01095
MED00256,4,woy_cos,-0.0117
MED00257,4,woy_cos,-0.00298
MED00258,4,woy_cos,-0.00226
MED00259,4,woy_cos,-0.00472
MED00260,4,woy_cos,-0.02561
MED00261,4,woy_cos,-0.01741
MED00262,4,woy_cos,-0.01231
MED00263,4,woy_cos,-0.00438
MED00264,4,woy_cos,-0.00602
MED00265,4,woy_cos,0.01188
MED00266,4,woy_cos,-0.00504
MED00267,4,woy_cos,0.02088
MED00268,4,woy_cos,-0.00275
MED00269,4,woy_cos,-0.00796
MED00270,4,woy_cos,-0.00764
MED00271,4,woy_cos,-0.00116
MED00272,4,woy_cos,0.01185
MED00273,4,woy_cos,-0.00193
MED00274,4,woy_cos,-0.02564
MED00275,4,woy_cos,-0.00646
MED00276,4,woy_cos,-0.00775
MED00277,4,woy_cos,0.01122
MED00278,4,woy_cos,-0.00329
MED00279,4,woy_cos,-0.02192
MED00280,4,woy_cos,0.00151
MED00281,4,woy_cos,0.00168
MED00282,4,woy_cos,-0.00302
MED00283,4,woy_cos,-0.01111
MED00284,4,woy_cos,-0.01361
MED00285,4,woy_cos,0.01917
MED00286,4,woy_cos,-0.01933
MED00287,4,woy_cos,-0.00351
MED00288,4,woy_cos,-0.0265
MED00289,4,woy_cos,-0.01302
MED00290,4,woy_cos,-0.00941
MED00291,4,woy_cos,-0.01841
MED00292,4,woy_cos,-0.00904
MED00293,4,woy_cos,0.00391
MED00294,4,woy_cos,-0.02367
MED00295,4,woy_cos,-0.01221
MED00296,4,woy_cos,0.00421
MED00297,4,woy_cos,0.01151
MED00298,4,woy_cos,-0.00794
MED00299,4,woy_cos,-0.0224
MED00300,4,woy_cos,-0.01159
MED00301,4,woy_cos,0.014
MED00302,4,woy_cos,0.00523
MED00303,4,woy_cos,-0.02192
MED00304,4,woy_cos,0.00561
MED00305,4,woy_cos,-0.00608
MED00306,4,woy_cos,-0.03004
MED00307,4,woy_cos,-0.0064
MED00308,4,woy_cos,-0.02778
MED00309,4,woy_cos,-0.00757
MED00310,4,woy_cos,-0.00646
MED00311,4,woy_cos,-0.01592
MED00312,4,woy_cos,-0.03243
MED00313,4,woy_cos,-0.02252
MED00314,4,woy_cos,-0.00439
MED00315,4,woy_cos,-0.00211
MED00316,4,woy_cos,-0.00409
MED00317,4,woy_cos,-0.00637
MED00318,4,woy_cos,-0.0332
MED00319,4,woy_cos,-0.00288
MED00320,4,woy_cos,-0.00305
MED00321,4,woy_cos,-0.03281
MED00322,4,woy_cos,0.01778
MED00323,4,woy_cos,-0.01104
MED00324,4,woy_cos,-0.02979
MED00325,4,woy_cos,0.0071
MED00326,4,woy_cos,-0.00288
MED00327,4,woy_cos,0.00076
MED00328,4,woy_cos,0.01055
MED00329,4,woy_cos,-0.00263
MED00330,4,woy_cos,0.00936
MED00331,4,woy_cos,-0.00877
MED00332,4,woy_cos,0.00077
MED00333,4,woy_cos,-0.00725
MED00334,4,woy_cos,-0.00408
MED00335,4,woy_cos,0.01534
MED00336,4,woy_cos,-0.00302
MED00337,4,woy_cos,0.00537
MED00338,4,woy_cos,-0.01887
MED00339,4,woy_cos,-0.02074
MED00340,4,woy_cos,0.00632
MED00341,4,woy_cos,0.01983
MED00342,4,woy_cos,-0.00739
MED00343,4,woy_cos,-0.0045
MED00344,4,woy_cos,0.02432
MED00345,4,woy_cos,0.0151
MED00346,4,woy_cos,-0.00057
MED00347,4,woy_cos,0.00832
MED00348,4,woy_cos,-0.00757
MED00349,4,woy_cos,-0.00789
MED00350,4,woy_cos,-0.01352
MED00351,4,woy_cos,-0.01154
MED00352,4,woy_cos,-0.03687
MED00353,4,woy_cos,-0.03007
MED00354,4,woy_cos,-0.00601
MED00355,4,woy_cos,-0.014
MED00356,4,woy_cos,-0.00606
MED00357,4,woy_cos,-0.00364
MED00358,4,woy_cos,0.0154
MED00359,4,woy_cos,-0.00383
MED00360,4,woy_cos,-0.00826
MED00361,4,woy_cos,-0.00782
MED00362,4,woy_cos,-0.00996
MED00363,4,woy_cos,-0.00692
MED00364,4,woy_cos,0.00895
MED00365,4,woy_cos,-0.00666
MED00366,4,woy_cos,-0.00254
MED00367,4,woy_cos,-0.00328
MED00368,4,woy_cos,-0.00108
MED00369,4,woy_cos,-0.00856
MED00370,4,woy_cos,-0.02163
MED00371,4,woy_cos,-0.01725
MED00372,4,woy_cos,-0.0037
MED00373,4,woy_cos,-0.00787
MED00374,4,woy_cos,-0.01261
MED00375,4,woy_cos,-0.00881
MED00376,4,woy_cos,-0.00585
MED00377,4,woy_cos,-0.0453
MED00378,4,woy_cos,-0.00821
MED00379,4,woy_cos,-0.02405
MED00380,4,woy_cos,0.00161
MED00381,4,woy_cos,-0.00084
MED00382,4,woy_cos,-0.00354
MED00383,4,woy_cos,0.007
MED00384,4,woy_cos,-0.00433
MED00385,4,woy_cos,-0.02174
MED00386,4,woy_cos,-0.0042
MED00387,4,woy_cos,-0.02504
MED00388,4,woy_cos,-0.01646
MED00389,4,woy_cos,-0.01723
MED00390,4,woy_cos,-0.0279
MED00391,4,woy_cos,-0.01472
MED00392,4,woy_cos,-0.02101
MED00393,4,woy_cos,0.00281
MED00394,4,woy_cos,-0.00497
MED00395,4,woy_cos,-0.01514
MED00396,4,woy_cos,0.02038
MED00397,4,woy_cos,-0.00645
MED00398,4,woy_cos,-0.02606
MED00399,4,woy_cos,-0.0204
MED00400,4,woy_cos,0.01878
MED00401,4,woy_cos,-0.00654
MED00402,4,woy_cos,-0.02155
MED00403,4,woy_cos,-0.00219
MED00404,4,woy_cos,0.01839
MED00405,4,woy_cos,-0.00752
MED00406,4,woy_cos,-0.02623
MED00407,4,woy_cos,-0.02591
MED00408,4,woy_cos,-0.00217
MED00409,4,woy_cos,-0.01944
MED00410,4,woy_cos,-0.00735
MED00411,4,woy_cos,-0.01423
MED00412,4,woy_cos,-0.00172
MED00413,4,woy_cos,0.00682
MED00414,4,woy_cos,-0.01855
MED00415,4,woy_cos,0.00171
MED00416,4,woy_cos,-0.01078
MED00417,4,woy_cos,0.00876
MED00418,4,woy_cos,0.0042
MED00419,4,woy_cos,0.00152
MED00420,4,woy_cos,-0.0274
MED00421,4,woy_cos,-0.02881
MED00422,4,woy_cos,-0.0093
MED00423,4,woy_cos,0.00092
MED00424,4,woy_cos,-0.0417
MED00001,5,woy_cos,-0.00888
MED00002,5,woy_cos,-0.01489
MED00003,5,woy_cos,0.00107
MED00004,5,woy_cos,-0.03774
MED00005,5,woy_cos,-0.02675
MED00006,5,woy_cos,-0.01378
MED00007,5,woy_cos,-0.03713
MED00008,5,woy_cos,-0.01614
MED00009,5,woy_cos,-0.01934
MED00010,5,woy_cos,-0.01905
MED00011,5,woy_cos,-0.04633
MED00012,5,woy_cos,-0.01308
MED00013,5,woy_cos,-0.02286
MED00014,5,woy_cos,-0.03835
MED00015,5,woy_cos,-0.01241
MED00016,5,woy_cos,-0.01303
MED00017,5,woy_cos,-0.01205
MED00018,5,woy_cos,-0.00922
MED00019,5,woy_cos,-0.02394
MED00020,5,woy_cos,-0.00421
MED00021,5,woy_cos,-0.03622
MED00022,5,woy_cos,-0.02225
MED00023,5,woy_cos,-0.02688
MED00024,5,woy_cos,-0.02902
MED00025,5,woy_cos,0.01092
MED00026,5,woy_cos,-0.03482
MED00027,5,woy_cos,-0.00843
MED00028,5,woy_cos,-0.01546
MED00029,5,woy_cos,-0.00575
MED00030,5,woy_cos,-0.0336
MED00031,5,woy_cos,-0.03212
MED00032,5,woy_cos,-0.01452
MED00033,5,woy_cos,-0.01882
MED00034,5,woy_cos,-0.05812
MED00035,5,woy_cos,-0.00441
MED00036,5,woy_cos,-0.02927
MED00037,5,woy_cos,-0.02873
MED00038,5,woy_cos,-0.01689
MED00039,5,woy_cos,-0.01541
MED00040,5,woy_cos,-0.04517
MED00041,5,woy_cos,-0.00934
MED00042,5,woy_cos,-0.01881
MED00043,5,woy_cos,-0.01529
MED00044,5,woy_cos,-0.01979
MED00045,5,woy_cos,-0.01288
MED00046,5,woy_cos,-0.02138
MED00047,5,woy_cos,-0.03149
MED00048,5,woy_cos,-0.01255
MED00049,5,woy_cos,0.02416
MED00050,5,woy_cos,-0.02603
MED00051,5,woy_cos,-0.02346
MED00052,5,woy_cos,-0.01321
MED00053,5,woy_cos,-0.02117
MED00054,5,woy_cos,-0.01883
MED00055,5,woy_cos,-0.02448
MED00056,5,woy_cos,-0.04893
MED00057,5,woy_cos,-0.05712
MED00058,5,woy_cos,-0.01522
MED00059,5,woy_cos,-0.01621
MED00060,5,woy_cos,-0.02701
MED00061,5,woy_cos,-0.01491
MED00062,5,woy_cos,-0.00156
MED00063,5,woy_cos,0.00999
MED00064,5,woy_cos,-0.0367
MED00065,5,woy_cos,0.0018
MED00066,5,woy_cos,-0.02057
MED00067,5,woy_cos,-0.01262
MED00068,5,woy_cos,-0.02927
MED00069,5,woy_cos,-0.01668
MED00070,5,woy_cos,-0.01584
MED00071,5,woy_cos,-0.02052
MED00072,5,woy_cos,-0.01963
MED00073,5,woy_cos,-0.03033
MED00074,5,woy_cos,-0.02827
MED00075,5,woy_cos,-0.02269
MED00076,5,woy_cos,0.02056
MED00077,5,woy_cos,-0.03084
MED00078,5,woy_cos,-0.02268
MED00079,5,woy_cos,-0.01885
MED00080,5,woy_cos,-0.03329
MED00081,5,woy_cos,-0.03122
MED00082,5,woy_cos,-0.03068
MED00083,5,woy_cos,-0.03133
MED00084,5,woy_cos,-0.02889
MED00085,5,woy_cos,-0.01513
MED00086,5,woy_cos,-0.01469
MED00087,5,woy_cos,-0.01176
MED00088,5,woy_cos,-0.02352
MED00089,5,woy_cos,-0.01185
MED00090,5,woy_cos,-0.02373
MED00091,5,woy_cos,-0.01801
MED00092,5,woy_cos,-0.01542
MED00093,5,woy_cos,-0.01356
MED00094,5,woy_cos,-0.04503
MED00095,5,woy_cos,-0.02
MED00096,5,woy_cos,-0.00745
MED00097,5,woy_cos,-0.03571
MED00098,5,woy_cos,-0.01007
MED00099,5,woy_cos,-0.02912
MED00100,5,woy_cos,0.02496
MED00101,5,woy_cos,-0.03786
MED00102,5,woy_cos,-0.02336
MED00103,5,woy_cos,-0.02392
MED00104,5,woy_cos,-0.01021
MED00105,5,woy_cos,-0.00744
MED00106,5,woy_cos,0.02883
MED00107,5,woy_cos,-0.01023
MED00108,5,woy_cos,-0.02187
MED00109,5,woy_cos,-0.01381
MED00110,5,woy_cos,-0.03121
MED00111,5,woy_cos,-0.0072
MED00112,5,woy_cos,-0.02145
MED00113,5,woy_cos,-0.01158
MED00114,5,woy_cos,-0.02005
MED00115,5,woy_cos,-0.01278
MED00116,5,woy_cos,-0.01929
MED00117,5,woy_cos,-0.0169
MED00118,5,woy_cos,-0.01416
MED00119,5,woy_cos,-0.01116
MED00120,5,woy_cos,-0.00723
MED00121,5,woy_cos,-0.02076
MED00122,5,woy_cos,-0.01107
MED00123,5,woy_cos,-0.01412
MED00124,5,woy_cos,-0.01108
MED00125,5,woy_cos,0.01861
MED00126,5,woy_cos,-0.01263
MED00127,5,woy_cos,-0.0137
MED00128,5,woy_cos,-0.01228
MED00129,5,woy_cos,-0.01849
MED00130,5,woy_cos,0.02252
MED00131,5,woy_cos,-0.01803
MED00132,5,woy_cos,-0.01824
MED00133,5,woy_cos,-0.01176
MED00134,5,woy_cos,-0.03379
MED00135,5,woy_cos,-0.00741
MED00136,5,woy_cos,-0.0229
MED00137,5,woy_cos,-0.01325
MED00138,5,woy_cos,-0.01177
MED00139,5,woy_cos,-0.02144
MED00140,5,woy_cos,-0.01357
MED00141,5,woy_cos,-0.0392
MED00142,5,woy_cos,-0.03056
MED00143,5,woy_cos,-0.01482
MED00144,5,woy_cos,-0.02101
MED00145,5,woy_cos,-0.01298
MED00146,5,woy_cos,-0.01395
MED00147,5,woy_cos,-0.01437
MED00148,5,woy_cos,-0.03086
MED00149,5,woy_cos,-0.03144
MED00150,5,woy_cos,-0.01672
MED00151,5,woy_cos,-0.01221
MED00152,5,woy_cos,-0.01449
MED00153,5,woy_cos,-0.01256
MED00154,5,woy_cos,-0.02102
MED00155,5,woy_cos,-0.01262
MED00156,5,woy_cos,-0.01406
MED00157,5,woy_cos,-0.03035
MED00158,5,woy_cos,-0.01037
MED00159,5,woy_cos,-0.00803
MED00160,5,woy_cos,-0.03096
MED00161,5,woy_cos,-0.02022
MED00162,5,woy_cos,-0.01221
MED00163,5,woy_cos,-0.00642
MED00164,5,woy_cos,-0.01738
MED00165,5,woy_cos,0.00759
MED00166,5,woy_cos,-0.01225
MED00167,5,woy_cos,-0.01278
MED00168,5,woy_cos,-0.01351
MED00169,5,woy_cos,-0.02274
MED00170,5,woy_cos,-0.01303
MED00171,5,woy_cos,-0.01256
MED00172,5,woy_cos,-0.01359
MED00173,5,woy_cos,-0.01348
MED00174,5,woy_cos,-0.04807
MED00175,5,woy_cos,-0.04581
MED00176,5,woy_cos,-0.02875
MED00177,5,woy_cos,-0.03803
MED00178,5,woy_cos,-0.02498
MED00179,5,woy_cos,-0.04488
MED00180,5,woy_cos,-0.01437
MED00181,5,woy_cos,-0.02218
MED00182,5,woy_cos,-0.041
MED00183,5,woy_cos,-0.02354
MED00184,5,woy_cos,-0.02058
MED00185,5,woy_cos,-0.03113
MED00186,5,woy_cos,-0.01335
MED00187,5,woy_cos,-0.02123
MED00188,5,woy_cos,-0.02388
MED00189,5,woy_cos,0.02346
MED00190,5,woy_cos,-0.01149
MED00191,5,woy_cos,-0.01483
MED00192,5,woy_cos,-0.01282
MED00193,5,woy_cos,-0.01715
MED00194,5,woy_cos,-0.00979
MED00195,5,woy_cos,-0.01146
MED00196,5,woy_cos,-0.01017
MED00197,5,woy_cos,-0.01591
MED00198,5,woy_cos,-0.01452
MED00199,5,woy_cos,-0.02458
MED00200,5,woy_cos,-0.01117
MED00201,5,woy_cos,-0.00607
MED00202,5,woy_cos,-0.01526
MED00203,5,woy_cos,-0.02004
MED00204,5,woy_cos,-0.01123
MED00205,5,woy_cos,-0.00921
MED00206,5,woy_cos,-0.0362
MED00207,5,woy_cos,-0.01411
MED00208,5,woy_cos,-0.00718
MED00209,5,woy_cos,-0.01393
MED00210,5,woy_cos,-0.02657
MED00211,5,woy_cos,-0.01315
MED00212,5,woy_cos,-0.01304
MED00213,5,woy_cos,-0.02528
MED00214,5,woy_cos,-0.01071
MED00215,5,woy_cos,-0.01093
MED00216,5,woy_cos,0.04304
MED00217,5,woy_cos,0.01531
MED00218,5,woy_cos,-0.0325
MED00219,5,woy_cos,-0.00945
MED00220,5,woy_cos,-0.01408
MED00221,5,woy_cos,-0.03478
MED00222,5,woy_cos,-0.03652
MED00223,5,woy_cos,-0.01214
MED00224,5,woy_cos,-0.01206
MED00225,5,woy_cos,-0.02525
MED00226,5,woy_cos,-0.01485
MED00227,5,woy_cos,-0.02871
MED00228,5,woy_cos,-0.03191
MED00229,5,woy_cos,-0.02435
MED00230,5,woy_cos,-0.0167
MED00231,5,woy_cos,-0.01377
MED00232,5,woy_cos,-0.02126
MED00233,5,woy_cos,-0.00757
MED00234,5,woy_cos,-0.01438
MED00235,5,woy_cos,-0.00255
MED00236,5,woy_cos,-0.01481
MED00237,5,woy_cos,-0.03467
MED00238,5,woy_cos,-0.01799
MED00239,5,woy_cos,-0.0222
MED00240,5,woy_cos,-0.03635
MED00241,5,woy_cos,-0.01678
MED00242,5,woy_cos,-0.0086
MED00243,5,woy_cos,-0.00612
MED00244,5,woy_cos,-0.01178
MED00245,5,woy_cos,0.00847
MED00246,5,woy_cos,-0.0285
MED00247,5,woy_cos,-0.00879
MED00248,5,woy_cos,-0.01791
MED00249,5,woy_cos,-0.03659
MED00250,5,woy_cos,-0.01773
MED00251,5,woy_cos,-0.01172
MED00252,5,woy_cos,-0.02638
MED00253,5,woy_cos,-0.02161
MED00254,5,woy_cos,-0.04094
MED00255,5,woy_cos,-0.02806
MED00256,5,woy_cos,-0.01817
MED00257,5,woy_cos,-0.03909
MED00258,5,woy_cos,-0.00918
MED00259,5,woy_cos,-0.01476
MED00260,5,woy_cos,-0.037
MED00261,5,woy_cos,-0.03218
MED00262,5,woy_cos,-0.03355
MED00263,5,woy_cos,-0.0226
MED00264,5,woy_cos,-0.02614
MED00265,5,woy_cos,-0.01964
MED00266,5,woy_cos,-0.00272
MED00267,5,woy_cos,-0.0292
MED00268,5,woy_cos,-0.00968
MED00269,5,woy_cos,-0.01358
MED00270,5,woy_cos,-0.01481
MED00271,5,woy_cos,-0.01944
MED00272,5,woy_cos,-0.0298
MED00273,5,woy_cos,-0.02269
MED00274,5,woy_cos,0.00388
MED00275,5,woy_cos,-0.01268
MED00276,5,woy_cos,-0.01324
MED00277,5,woy_cos,0.0227
MED00278,5,woy_cos,-0.01165
MED00279,5,woy_cos,-0.03539
MED00280,5,woy_cos,0.01598
MED00281,5,woy_cos,-0.00532
MED00282,5,woy_cos,-0.02629
MED00283,5,woy_cos,-0.01608
MED00284,5,woy_cos,-0.01726
MED00285,5,woy_cos,-0.03221
MED00286,5,woy_cos,-0.03381
MED00287,5,woy_cos,-0.02158
MED00288,5,woy_cos,-0.04276
MED00289,5,woy_cos,-0.04275
MED00290,5,woy_cos,-0.01579
MED00291,5,woy_cos,-0.03291
MED00292,5,woy_cos,-0.02004
MED00293,5,woy_cos,-0.02846
MED00294,5,woy_cos,-0.01902
MED00295,5,woy_cos,-0.00695
MED00296,5,woy_cos,-0.02691
MED00297,5,woy_cos,-0.01951
MED00298,5,woy_cos,-0.0134
MED00299,5,woy_cos,-0.03048
MED00300,5,woy_cos,-0.01644
MED00301,5,woy_cos,-0.03521
MED00302,5,woy_cos,-0.01619
MED00303,5,woy_cos,-0.02017
MED00304,5,woy_cos,-0.03542
MED00305,5,woy_cos,-0.01258
MED00306,5,woy_cos,-0.01495
MED00307,5,woy_cos,-0.01748
MED00308,5,woy_cos,-0.03588
MED00309,5,woy_cos,-0.03414
MED00310,5,woy_cos,-0.02299
MED00311,5,woy_cos,-0.02836
MED00312,5,woy_cos,-0.00696
MED00313,5,woy_cos,-0.04266
MED00314,5,woy_cos,-0.00313
MED00315,5,woy_cos,-0.00933
MED00316,5,woy_cos,-0.02363
MED00317,5,woy_cos,-0.01209
MED00318,5,woy_cos,-0.02036
MED00319,5,woy_cos,-0.00925
MED00320,5,woy_cos,-0.03917
MED00321,5,woy_cos,-0.04746
MED00322,5,woy_cos,0.02992
MED00323,5,woy_cos,-0.01262
MED00324,5,woy_cos,-0.02702
MED00325,5,woy_cos,-0.01538
MED00326,5,woy_cos,-0.00949
MED00327,5,woy_cos,-0.02093
MED00328,5,woy_cos,-0.02705
MED00329,5,woy_cos,-0.00947
MED00330,5,woy_cos,-0.02748
MED00331,5,woy_cos,-0.01422
MED00332,5,woy_cos,-0.02114
MED00333,5,woy_cos,-0.02293
MED00334,5,woy_cos,-0.01362
MED00335,5,woy_cos,-0.03908
MED00336,5,woy_cos,-0.01283
MED00337,5,woy_cos,-0.0075
MED00338,5,woy_cos,-0.01863
MED00339,5,woy_cos,-0.02308
MED00340,5,woy_cos,-0.00562
MED00341,5,woy_cos,-0.0299
MED00342,5,woy_cos,-0.01285
MED00343,5,woy_cos,-0.011
MED00344,5,woy_cos,-0.0382
MED00345,5,woy_cos,0.02746
MED00346,5,woy_cos,-0.02225
MED00347,5,woy_cos,0.02038
MED00348,5,woy_cos,-0.02056
MED00349,5,woy_cos,-0.01472
MED00350,5,woy_cos,-0.02924
MED00351,5,woy_cos,-0.02566
MED00352,5,woy_cos,-0.05411
MED00353,5,woy_cos,-0.04517
MED00354,5,woy_cos,-0.01908
MED00355,5,woy_cos,-0.01236
MED00356,5,woy_cos,-0.01217
MED00357,5,woy_cos,0.01164
MED00358,5,woy_cos,-0.03358
MED00359,5,woy_cos,-0.01331
MED00360,5,woy_cos,-0.02002
MED00361,5,woy_cos,-0.01368
MED00362,5,woy_cos,-0.0143
MED00363,5,woy_cos,-0.01389
MED00364,5,woy_cos,0.02083
MED00365,5,woy_cos,-0.01381
MED00366,5,woy_cos,-0.0103
MED00367,5,woy_cos,-0.01373
MED00368,5,woy_cos,-0.0211
MED00369,5,woy_cos,-0.03148
MED00370,5,woy_cos,-0.0161
MED00371,5,woy_cos,-0.01747
MED00372,5,woy_cos,0.00777
MED00373,5,woy_cos,-0.01111
MED00374,5,woy_cos,-0.01583
MED00375,5,woy_cos,-0.02049
MED00376,5,woy_cos,-0.01166
MED00377,5,woy_cos,-0.05849
MED00378,5,woy_cos,-0.01997
MED00379,5,woy_cos,-0.04484
MED00380,5,woy_cos,-0.01538
MED00381,5,woy_cos,-0.00836
MED00382,5,woy_cos,-0.01476
MED00383,5,woy_cos,-0.01541
MED00384,5,woy_cos,-0.01155
MED00385,5,woy_cos,-0.03036
MED00386,5,woy_cos,-0.01032
MED00387,5,woy_cos,-0.03185
MED00388,5,woy_cos,-0.03255
MED00389,5,woy_cos,-0.01894
MED00390,5,woy_cos,-0.038
MED00391,5,woy_cos,-0.02015
MED00392,5,woy_cos,-0.02704
MED00393,5,woy_cos,-0.00603
MED00394,5,woy_cos,-0.0108
MED00395,5,woy_cos,-0.02579
MED00396,5,woy_cos,0.01025
MED00397,5,woy_cos,-0.01828
MED00398,5,woy_cos,-0.03554
MED00399,5,woy_cos,-0.0322
MED00400,5,woy_cos,0.0076
MED00401,5,woy_cos,-0.02033
MED00402,5,woy_cos,-0.03114
MED00403,5,woy_cos,-0.0116
MED00404,5,woy_cos,-0.03287
MED00405,5,woy_cos,-0.01715
MED00406,5,woy_cos,-0.03944
MED00407,5,woy_cos,-0.0329
MED00408,5,woy_cos,-0.02576
MED00409,5,woy_cos,-0.00517
MED00410,5,woy_cos,-0.00161
MED00411,5,woy_cos,-0.02242
MED00412,5,woy_cos,-0.00719
MED00413,5,woy_cos,-0.0063
MED00414,5,woy_cos,-0.02212
MED00415,5,woy_cos,-0.00373
MED00416,5,woy_cos,-0.01629
MED00417,5,woy_cos,-0.0158
MED00418,5,woy_cos,-0.02627
MED00419,5,woy_cos,-0.00658
MED00420,5,woy_cos,-0.03498
MED00421,5,woy_cos,-0.03866
MED00422,5,woy_cos,-0.01631
MED00423,5,woy_cos,-0.00402
MED00424,5,woy_cos,-0.05637
MED00001,6,woy_cos,-0.01026
MED00002,6,woy_cos,-0.01485
MED00003,6,woy_cos,0.00222
MED00004,6,woy_cos,-0.03624
MED00005,6,woy_cos,-0.02341
MED00006,6,woy_cos,-0.01779
MED00007,6,woy_cos,-0.0358
MED00008,6,woy_cos,-0.01684
MED00009,6,woy_cos,-0.02085
MED00010,6,woy_cos,-0.01278
MED00011,6,woy_cos,-0.04635
MED00012,6,woy_cos,-0.01429
MED00013,6,woy_cos,-0.02552
MED00014,6,woy_cos,-0.03995
MED00015,6,woy_cos,-0.013
MED00016,6,woy_cos,-0.01547
MED00017,6,woy_cos,-0.01486
MED00018,6,woy_cos,-0.00904
MED00019,6,woy_cos,-0.02535
MED00020,6,woy_cos,-0.00448
MED00021,6,woy_cos,-0.03845
MED00022,6,woy_cos,-0.02454
MED00023,6,woy_cos,-0.03096
MED00024,6,woy_cos,-0.03168
MED00025,6,woy_cos,0.01015
MED00026,6,woy_cos,-0.03232
MED00027,6,woy_cos,-0.00219
MED00028,6,woy_cos,-0.01623
MED00029,6,woy_cos,-0.00574
MED00030,6,woy_cos,-0.03126
MED00031,6,woy_cos,-0.0301
MED00032,6,woy_cos,-0.01482
MED00033,6,woy_cos,-0.01809
MED00034,6,woy_cos,-0.05858
MED00035,6,woy_cos,-0.00307
MED00036,6,woy_cos,-0.02351
MED00037,6,woy_cos,-0.02635
MED00038,6,woy_cos,-0.01919
MED00039,6,woy_cos,-0.01246
MED00040,6,woy_cos,-0.04327
MED00041,6,woy_cos,-0.00686
MED00042,6,woy_cos,-0.01634
MED00043,6,woy_cos,-0.01353
MED00044,6,woy_cos,-0.02257
MED00045,6,woy_cos,-0.01618
MED00046,6,woy_cos,-0.01915
MED00047,6,woy_cos,-0.03724
MED00048,6,woy_cos,-0.01584
MED00049,6,woy_cos,0.02651
MED00050,6,woy_cos,-0.02953
MED00051,6,woy_cos,-0.03023
MED00052,6,woy_cos,-0.01436
MED00053,6,woy_cos,-0.02212
MED00054,6,woy_cos,-0.01964
MED00055,6,woy_cos,-0.02172
MED00056,6,woy_cos,-0.04996
MED00057,6,woy_cos,-0.05644
MED00058,6,woy_cos,-0.01928
MED00059,6,woy_cos,-0.01713
MED00060,6,woy_cos,-0.02983
MED00061,6,woy_cos,-0.01594
MED00062,6,woy_cos,-0.00267
MED00063,6,woy_cos,0.00318
MED00064,6,woy_cos,-0.04157
MED00065,6,woy_cos,0.00316
MED00066,6,woy_cos,-0.02133
MED00067,6,woy_cos,-0.01525
MED00068,6,woy_cos,-0.0314
MED00069,6,woy_cos,-0.01967
MED00070,6,woy_cos,-0.01823
MED00071,6,woy_cos,-0.02302
MED00072,6,woy_cos,-0.02241
MED00073,6,woy_cos,-0.03244
MED00074,6,woy_cos,-0.0304
MED00075,6,woy_cos,-0.02554
MED00076,6,woy_cos,0.02073
MED00077,6,woy_cos,-0.03179
MED00078,6,woy_cos,-0.01667
MED00079,6,woy_cos,-0.01836
MED00080,6,woy_cos,-0.03587
MED00081,6,woy_cos,-0.03017
MED00082,6,woy_cos,-0.03295
MED00083,6,woy_cos,-0.03586
MED00084,6,woy_cos,-0.02326
MED00085,6,woy_cos,-0.01784
MED00086,6,woy_cos,-0.0169
MED00087,6,woy_cos,-0.01472
MED00088,6,woy_cos,-0.02082
MED00089,6,woy_cos,-0.01728
MED00090,6,woy_cos,-0.02352
MED00091,6,woy_cos,-0.02097
MED00092,6,woy_cos,-0.01785
MED00093,6,woy_cos,-0.0094
MED00094,6,woy_cos,-0.04116
MED00095,6,woy_cos,-0.02296
MED00096,6,woy_cos,-0.01071
MED00097,6,woy_cos,-0.03857
MED00098,6,woy_cos,-0.01346
MED00099,6,woy_cos,-0.02457
MED00100,6,woy_cos,0.01989
MED00101,6,woy_cos,-0.04361
MED00102,6,woy_cos,-0.02039
MED00103,6,woy_cos,-0.02733
MED00104,6,woy_cos,-0.01315
MED00105,6,woy_cos,-0.01052
MED00106,6,woy_cos,0.02409
MED00107,6,woy_cos,-0.01319
MED00108,6,woy_cos,-0.02475
MED00109,6,woy_cos,-0.01252
MED00110,6,woy_cos,-0.03058
MED00111,6,woy_cos,-0.0057
MED00112,6,woy_cos,-0.0244
MED00113,6,woy_cos,-0.01408
MED00114,6,woy_cos,-0.02681
MED00115,6,woy_cos,-0.01589
MED00116,6,woy_cos,-0.02797
MED00117,6,woy_cos,-0.02267
MED00118,6,woy_cos,-0.01692
MED00119,6,woy_cos,-0.01396
MED00120,6,woy_cos,-0.01137
MED00121,6,woy_cos,-0.02366
MED00122,6,woy_cos,-0.01389
MED00123,6,woy_cos,-0.01773
MED00124,6,woy_cos,-0.014
MED00125,6,woy_cos,0.02099
MED00126,6,woy_cos,-0.01123
MED00127,6,woy_cos,-0.01259
MED00128,6,woy_cos,-0.01525
MED00129,6,woy_cos,-0.02169
MED00130,6,woy_cos,0.02494
MED00131,6,woy_cos,-0.02065
MED00132,6,woy_cos,-0.0217
MED00133,6,woy_cos,-0.0107
MED00134,6,woy_cos,-0.03246
MED00135,6,woy_cos,-0.01251
MED00136,6,woy_cos,-0.02364
MED00137,6,woy_cos,-0.01343
MED00138,6,woy_cos,-0.01471
MED00139,6,woy_cos,-0.02493
MED00140,6,woy_cos,-0.01634
MED00141,6,woy_cos,-0.04309
MED00142,6,woy_cos,-0.0327
MED00143,6,woy_cos,-0.01765
MED00144,6,woy_cos,-0.02702
MED00145,6,woy_cos,-0.01371
MED00146,6,woy_cos,-0.00494
MED00147,6,woy_cos,-0.01529
MED00148,6,woy_cos,-0.03364
MED00149,6,woy_cos,-0.03315
MED00150,6,woy_cos,-0.01797
MED00151,6,woy_cos,-0.01499
MED00152,6,woy_cos,-0.01743
MED00153,6,woy_cos,-0.01573
MED00154,6,woy_cos,-0.02504
MED00155,6,woy_cos,-0.01548
MED00156,6,woy_cos,-0.01467
MED00157,6,woy_cos,-0.0344
MED00158,6,woy_cos,-0.00487
MED00159,6,woy_cos,-0.00873
MED00160,6,woy_cos,-0.0351
MED00161,6,woy_cos,-0.0262
MED00162,6,woy_cos,-0.01479
MED00163,6,woy_cos,-0.00413
MED00164,6,woy_cos,-0.02035
MED00165,6,woy_cos,0.01115
MED00166,6,woy_cos,-0.01352
MED00167,6,woy_cos,-0.0152
MED00168,6,woy_cos,-0.0168
MED00169,6,woy_cos,-0.03098
MED00170,6,woy_cos,-0.01562
MED00171,6,woy_cos,-0.01544
MED00172,6,woy_cos,-0.01449
MED00173,6,woy_cos,-0.01687
MED00174,6,woy_cos,-0.05582
MED00175,6,woy_cos,-0.03873
MED00176,6,woy_cos,-0.02989
MED00177,6,woy_cos,-0.03996
MED00178,6,woy_cos,-0.02301
MED00179,6,woy_cos,-0.03984
MED00180,6,woy_cos,-0.01753
MED00181,6,woy_cos,-0.0255
MED00182,6,woy_cos,-0.03586
MED00183,6,woy_cos,-0.02358
MED00184,6,woy_cos,-0.01944
MED00185,6,woy_cos,-0.0318
MED00186,6,woy_cos,-0.01631
MED00187,6,woy_cos,-0.01509
MED00188,6,woy_cos,-0.02654
MED00189,6,woy_cos,0.02654
MED00190,6,woy_cos,-0.01466
MED00191,6,woy_cos,-0.02345
MED00192,6,woy_cos,-0.01208
MED00193,6,woy_cos,-0.01647
MED00194,6,woy_cos,-0.00317
MED00195,6,woy_cos,-0.00583
MED00196,6,woy_cos,-0.00357
MED00197,6,woy_cos,-0.00933
MED00198,6,woy_cos,-0.01716
MED00199,6,woy_cos,-0.0253
MED00200,6,woy_cos,-0.01443
MED00201,6,woy_cos,-0.007
MED00202,6,woy_cos,-0.01843
MED00203,6,woy_cos,-0.02278
MED00204,6,woy_cos,-0.0126
MED00205,6,woy_cos,-0.01236
MED00206,6,woy_cos,-0.03261
MED00207,6,woy_cos,-0.0168
MED00208,6,woy_cos,-0.01015
MED00209,6,woy_cos,-0.01245
MED00210,6,woy_cos,-0.02163
MED00211,6,woy_cos,-0.01664
MED00212,6,woy_cos,-0.01094
MED00213,6,woy_cos,-0.02779
MED00214,6,woy_cos,-0.0137
MED00215,6,woy_cos,-0.01411
MED00216,6,woy_cos,0.03803
MED00217,6,woy_cos,0.01556
MED00218,6,woy_cos,-0.03667
MED00219,6,woy_cos,-0.00831
MED00220,6,woy_cos,-0.01529
MED00221,6,woy_cos,-0.03205
MED00222,6,woy_cos,-0.03791
MED00223,6,woy_cos,-0.01873
MED00224,6,woy_cos,-0.01533
MED00225,6,woy_cos,-0.0283
MED00226,6,woy_cos,-0.01793
MED00227,6,woy_cos,-0.03267
MED00228,6,woy_cos,-0.033
MED00229,6,woy_cos,-0.02722
MED00230,6,woy_cos,-0.01889
MED00231,6,woy_cos,-0.01688
MED00232,6,woy_cos,-0.02488
MED00233,6,woy_cos,-0.00699
MED00234,6,woy_cos,-0.01724
MED00235,6,woy_cos,-0.00526
MED00236,6,woy_cos,-0.02022
MED00237,6,woy_cos,-0.03441
MED00238,6,woy_cos,-0.02078
MED00239,6,woy_cos,-0.02559
MED00240,6,woy_cos,-0.03865
MED00241,6,woy_cos,-0.01976
MED00242,6,woy_cos,-0.00278
MED00243,6,woy_cos,-0.00596
MED00244,6,woy_cos,-0.01513
MED00245,6,woy_cos,0.00638
MED00246,6,woy_cos,-0.03426
MED00247,6,woy_cos,-0.01193
MED00248,6,woy_cos,-0.01915
MED00249,6,woy_cos,-0.03704
MED00250,6,woy_cos,-0.01986
MED00251,6,woy_cos,-0.01435
MED00252,6,woy_cos,-0.02346
MED00253,6,woy_cos,-0.02472
MED00254,6,woy_cos,-0.0381
MED00255,6,woy_cos,-0.03054
MED00256,6,woy_cos,-0.01752
MED00257,6,woy_cos,-0.04246
MED00258,6,woy_cos,-0.01188
MED00259,6,woy_cos,-0.01778
MED00260,6,woy_cos,-0.038
MED00261,6,woy_cos,-0.02633
MED00262,6,woy_cos,-0.0362
MED00263,6,woy_cos,-0.02513
MED00264,6,woy_cos,-0.02226
MED00265,6,woy_cos,-0.02533
MED00266,6,woy_cos,-0.00823
MED00267,6,woy_cos,-0.03497
MED00268,6,woy_cos,-0.01252
MED00269,6,woy_cos,-0.01653
MED00270,6,woy_cos,-0.01672
MED00271,6,woy_cos,-0.01339
MED00272,6,woy_cos,-0.03046
MED00273,6,woy_cos,-0.02308
MED00274,6,woy_cos,0.00029
MED00275,6,woy_cos,-0.0142
MED00276,6,woy_cos,-0.01606
MED00277,6,woy_cos,0.02496
MED00278,6,woy_cos,-0.01462
MED00279,6,woy_cos,-0.03708
MED00280,6,woy_cos,0.01683
MED00281,6,woy_cos,-0.00716
MED00282,6,woy_cos,-0.02573
MED00283,6,woy_cos,-0.01345
MED00284,6,woy_cos,-0.02021
MED00285,6,woy_cos,-0.03807
MED00286,6,woy_cos,-0.03459
MED00287,6,woy_cos,-0.02458
MED00288,6,woy_cos,-0.04482
MED00289,6,woy_cos,-0.046
MED00290,6,woy_cos,-0.0187
MED00291,6,woy_cos,-0.03314
MED00292,6,woy_cos,-0.02628
MED00293,6,woy_cos,-0.0277
MED00294,6,woy_cos,-0.02277
MED00295,6,woy_cos,-0.00356
MED00296,6,woy_cos,-0.03028
MED00297,6,woy_cos,-0.02523
MED00298,6,woy_cos,-0.01631
MED00299,6,woy_cos,-0.02827
MED00300,6,woy_cos,-0.01959
MED00301,6,woy_cos,-0.04053
MED00302,6,woy_cos,-0.01709
MED00303,6,woy_cos,-0.01696
MED00304,6,woy_cos,-0.0389
MED00305,6,woy_cos,-0.0158
MED00306,6,woy_cos,-0.01299
MED00307,6,woy_cos,-0.01779
MED00308,6,woy_cos,-0.03698
MED00309,6,woy_cos,-0.03174
MED00310,6,woy_cos,-0.02381
MED00311,6,woy_cos,-0.03284
MED00312,6,woy_cos,-0.00923
MED00313,6,woy_cos,-0.039
MED00314,6,woy_cos,-0.00954
MED00315,6,woy_cos,-0.01219
MED00316,6,woy_cos,-0.02658
MED00317,6,woy_cos,-0.01543
MED00318,6,woy_cos,-0.02322
MED00319,6,woy_cos,-0.0123
MED00320,6,woy_cos,-0.05318
MED00321,6,woy_cos,-0.03589
MED00322,6,woy_cos,0.0322
MED00323,6,woy_cos,-0.01405
MED00324,6,woy_cos,-0.02706
MED00325,6,woy_cos,-0.01988
MED00326,6,woy_cos,-0.01238
MED00327,6,woy_cos,-0.02389
MED00328,6,woy_cos,-0.03006
MED00329,6,woy_cos,-0.01253
MED00330,6,woy_cos,-0.03079
MED00331,6,woy_cos,-0.01671
MED00332,6,woy_cos,-0.02399
MED00333,6,woy_cos,-0.02563
MED00334,6,woy_cos,-0.02033
MED00335,6,woy_cos,-0.04241
MED00336,6,woy_cos,-0.0215
MED00337,6,woy_cos,-0.00517
MED00338,6,woy_cos,-0.02307
MED00339,6,woy_cos,-0.02125
MED00340,6,woy_cos,-0.00031
MED00341,6,woy_cos,-0.03575
MED00342,6,woy_cos,-0.01581
MED00343,6,woy_cos,-0.01392
MED00344,6,woy_cos,-0.03811
MED00345,6,woy_cos,0.0298
MED00346,6,woy_cos,-0.02539
MED00347,6,woy_cos,0.01525
MED00348,6,woy_cos,-0.02707
MED00349,6,woy_cos,-0.0177
MED00350,6,woy_cos,-0.01779
MED00351,6,woy_cos,-0.02225
MED00352,6,woy_cos,-0.05651
MED00353,6,woy_cos,-0.04782
MED00354,6,woy_cos,-0.01807
MED00355,6,woy_cos,-0.0124
MED00356,6,woy_cos,-0.01462
MED00357,6,woy_cos,0.01187
MED00358,6,woy_cos,-0.03634
MED00359,6,woy_cos,-0.01456
MED00360,6,woy_cos,-0.01838
MED00361,6,woy_cos,-0.01637
MED00362,6,woy_cos,-0.01347
MED00363,6,woy_cos,-0.01655
MED00364,6,woy_cos,0.01568
MED00365,6,woy_cos,-0.01653
MED00366,6,woy_cos,-0.01317
MED00367,6,woy_cos,-0.01515
MED00368,6,woy_cos,-0.02295
MED00369,6,woy_cos,-0.0337
MED00370,6,woy_cos,-0.01308
MED00371,6,woy_cos,-0.02213
MED00372,6,woy_cos,0.01013
MED00373,6,woy_cos,-0.01186
MED00374,6,woy_cos,-0.0122
MED00375,6,woy_cos,-0.01955
MED00376,6,woy_cos,-0.01482
MED00377,6,woy_cos,-0.0513
MED00378,6,woy_cos,-0.02845
MED00379,6,woy_cos,-0.03375
MED00380,6,woy_cos,-0.01415
MED00381,6,woy_cos,-0.00477
MED00382,6,woy_cos,-0.01602
MED00383,6,woy_cos,-0.01993
MED00384,6,woy_cos,-0.0143
MED00385,6,woy_cos,-0.02913
MED00386,6,woy_cos,-0.00986
MED00387,6,woy_cos,-0.03499
MED00388,6,woy_cos,-0.03227
MED00389,6,woy_cos,-0.02096
MED00390,6,woy_cos,-0.04027
MED00391,6,woy_cos,-0.02148
MED00392,6,woy_cos,-0.02739
MED00393,6,woy_cos,-0.00518
MED00394,6,woy_cos,-0.01263
MED00395,6,woy_cos,-0.02605
MED00396,6,woy_cos,0.02487
MED00397,6,woy_cos,-0.01879
MED00398,6,woy_cos,-0.03572
MED00399,6,woy_cos,-0.03181
MED00400,6,woy_cos,0.00769
MED00401,6,woy_cos,-0.02386
MED00402,6,woy_cos,-0.03447
MED00403,6,woy_cos,-0.01445
MED00404,6,woy_cos,-0.03855
MED00405,6,woy_cos,-0.02005
MED00406,6,woy_cos,-0.04222
MED00407,6,woy_cos,-0.03633
MED00408,6,woy_cos,-0.02957
MED00409,6,woy_cos,-0.0084
MED00410,6,woy_cos,-0.0023
MED00411,6,woy_cos,-0.0232
MED00412,6,woy_cos,-0.00801
MED00413,6,woy_cos,-0.00235
MED00414,6,woy_cos,-0.02327
MED00415,6,woy_cos,-0.00458
MED00416,6,woy_cos,-0.01734
MED00417,6,woy_cos,-0.01819
MED00418,6,woy_cos,-0.02833
MED00419,6,woy_cos,-0.00787
MED00420,6,woy_cos,-0.03765
MED00421,6,woy_cos,-0.03966
MED00422,6,woy_cos,-0.01728
MED00423,6,woy_cos,-0.00532
MED00424,6,woy_cos,-0.05709
MED00001,7,woy_cos,-0.01238
MED00002,7,woy_cos,-0.01325
MED00003,7,woy_cos,0.00353
MED00004,7,woy_cos,-0.03668
MED00005,7,woy_cos,-0.02462
MED00006,7,woy_cos,-0.01649
MED00007,7,woy_cos,-0.0283
MED00008,7,woy_cos,-0.01465
MED00009,7,woy_cos,-0.0215
MED00010,7,woy_cos,-0.01307
MED00011,7,woy_cos,-0.05053
MED00012,7,woy_cos,-0.01268
MED00013,7,woy_cos,-0.02544
MED00014,7,woy_cos,-0.03985
MED00015,7,woy_cos,-0.01282
MED00016,7,woy_cos,-0.01481
MED00017,7,woy_cos,-0.01341
MED00018,7,woy_cos,-0.01551
MED00019,7,woy_cos,-0.02546
MED00020,7,woy_cos,-0.01595
MED00021,7,woy_cos,-0.03724
MED00022,7,woy_cos,-0.02604
MED00023,7,woy_cos,-0.03084
MED00024,7,woy_cos,-0.03088
MED00025,7,woy_cos,0.01379
MED00026,7,woy_cos,-0.03259
MED00027,7,woy_cos,-0.00168
MED00028,7,woy_cos,-0.01364
MED00029,7,woy_cos,-0.00589
MED00030,7,woy_cos,-0.03184
MED00031,7,woy_cos,-0.02964
MED00032,7,woy_cos,-0.01542
MED00033,7,woy_cos,-0.01916
MED00034,7,woy_cos,-0.05973
MED00035,7,woy_cos,-0.00673
MED00036,7,woy_cos,-0.02524
MED00037,7,woy_cos,-0.02568
MED00038,7,woy_cos,-0.01951
MED00039,7,woy_cos,-0.01364
MED00040,7,woy_cos,-0.04172
MED00041,7,woy_cos,-0.00661
MED00042,7,woy_cos,-0.01745
MED00043,7,woy_cos,-0.0131
MED00044,7,woy_cos,-0.0212
MED00045,7,woy_cos,-0.01451
MED00046,7,woy_cos,-0.01786
MED00047,7,woy_cos,-0.03822
MED00048,7,woy_cos,-0.01533
MED00049,7,woy_cos,0.02785
MED00050,7,woy_cos,-0.02816
MED00051,7,woy_cos,-0.02779
MED00052,7,woy_cos,-0.01367
MED00053,7,woy_cos,-0.02496
MED00054,7,woy_cos,-0.02302
MED00055,7,woy_cos,-0.0238
MED00056,7,woy_cos,-0.05056
MED00057,7,woy_cos,-0.05663
MED00058,7,woy_cos,-0.01776
MED00059,7,woy_cos,-0.01875
MED00060,7,woy_cos,-0.03248
MED00061,7,woy_cos,-0.01545
MED00062,7,woy_cos,-0.00377
MED00063,7,woy_cos,0.00692
MED00064,7,woy_cos,-0.03561
MED00065,7,woy_cos,-0.00285
MED00066,7,woy_cos,-0.02122
MED00067,7,woy_cos,-0.01421
MED00068,7,woy_cos,-0.0305
MED00069,7,woy_cos,-0.0192
MED00070,7,woy_cos,-0.01736
MED00071,7,woy_cos,-0.02221
MED00072,7,woy_cos,-0.02212
MED00073,7,woy_cos,-0.03204
MED00074,7,woy_cos,-0.02943
MED00075,7,woy_cos,-0.02369
MED00076,7,woy_cos,0.02013
MED00077,7,woy_cos,-0.03286
MED00078,7,woy_cos,-0.01607
MED00079,7,woy_cos,-0.02346
MED00080,7,woy_cos,-0.03586
MED00081,7,woy_cos,-0.02889
MED00082,7,woy_cos,-0.03166
MED00083,7,woy_cos,-0.03616
MED00084,7,woy_cos,-0.02511
MED00085,7,woy_cos,-0.01637
MED00086,7,woy_cos,-0.01954
MED00087,7,woy_cos,-0.01362
MED00088,7,woy_cos,-0.01452
MED00089,7,woy_cos,-0.01901
MED00090,7,woy_cos,-0.02333
MED00091,7,woy_cos,-0.0205
MED00092,7,woy_cos,-0.0167
MED00093,7,woy_cos,-0.00985
MED00094,7,woy_cos,-0.04226
MED00095,7,woy_cos,-0.02188
MED00096,7,woy_cos,-0.01035
MED00097,7,woy_cos,-0.04096
MED00098,7,woy_cos,-0.01241
MED00099,7,woy_cos,-0.02473
MED00100,7,woy_cos,0.02394
MED00101,7,woy_cos,-0.04897
MED00102,7,woy_cos,-0.02043
MED00103,7,woy_cos,-0.02591
MED00104,7,woy_cos,-0.01199
MED00105,7,woy_cos,-0.00952
MED00106,7,woy_cos,0.02846
MED00107,7,woy_cos,-0.01253
MED00108,7,woy_cos,-0.02332
MED00109,7,woy_cos,-0.01175
MED00110,7,woy_cos,-0.03161
MED00111,7,woy_cos,-0.00274
MED00112,7,woy_cos,-0.02319
MED00113,7,woy_cos,-0.01328
MED00114,7,woy_cos,-0.02587
MED00115,7,woy_cos,-0.01456
MED00116,7,woy_cos,-0.02733
MED00117,7,woy_cos,-0.01995
MED00118,7,woy_cos,-0.01644
MED00119,7,woy_cos,-0.01258
MED00120,7,woy_cos,-0.01082
MED00121,7,woy_cos,-0.02197
MED00122,7,woy_cos,-0.0126
MED00123,7,woy_cos,-0.01607
MED00124,7,woy_cos,-0.01385
MED00125,7,woy_cos,0.0224
MED00126,7,woy_cos,-0.0121
MED00127,7,woy_cos,-0.01403
MED00128,7,woy_cos,-0.01398
MED00129,7,woy_cos,-0.01604
MED00130,7,woy_cos,0.02714
MED00131,7,woy_cos,-0.02003
MED00132,7,woy_cos,-0.02136
MED00133,7,woy_cos,-0.00814
MED00134,7,woy_cos,-0.0333
MED00135,7,woy_cos,-0.01158
MED00136,7,woy_cos,-0.02952
MED00137,7,woy_cos,-0.01465
MED00138,7,woy_cos,-0.01324
MED00139,7,woy_cos,-0.02355
MED00140,7,woy_cos,-0.01503
MED00141,7,woy_cos,-0.04238
MED00142,7,woy_cos,-0.03525
MED00143,7,woy_cos,-0.01643
MED00144,7,woy_cos,-0.02734
MED00145,7,woy_cos,-0.01355
MED00146,7,woy_cos,-0.00853
MED00147,7,woy_cos,-0.01506
MED00148,7,woy_cos,-0.03569
MED00149,7,woy_cos,-0.0311
MED00150,7,woy_cos,-0.01798
MED00151,7,woy_cos,-0.01378
MED00152,7,woy_cos,-0.01618
MED00153,7,woy_cos,-0.01432
MED00154,7,woy_cos,-0.02492
MED00155,7,woy_cos,-0.01423
MED00156,7,woy_cos,-0.01502
MED00157,7,woy_cos,-0.03293
MED00158,7,woy_cos,-0.00436
MED00159,7,woy_cos,-0.00975
MED00160,7,woy_cos,-0.03343
MED00161,7,woy_cos,-0.02686
MED00162,7,woy_cos,-0.01369
MED00163,7,woy_cos,-0.00343
MED00164,7,woy_cos,-0.01916
MED00165,7,woy_cos,0.00981
MED00166,7,woy_cos,-0.01205
MED00167,7,woy_cos,-0.01389
MED00168,7,woy_cos,-0.01558
MED00169,7,woy_cos,-0.03602
MED00170,7,woy_cos,-0.01463
MED00171,7,woy_cos,-0.01408
MED00172,7,woy_cos,-0.0145
MED00173,7,woy_cos,-0.0155
MED00174,7,woy_cos,-0.05796
MED00175,7,woy_cos,-0.03854
MED00176,7,woy_cos,-0.03206
MED00177,7,woy_cos,-0.03883
MED00178,7,woy_cos,-0.02199
MED00179,7,woy_cos,-0.04087
MED00180,7,woy_cos,-0.01601
MED00181,7,woy_cos,-0.02438
MED00182,7,woy_cos,-0.0348
MED00183,7,woy_cos,-0.02959
MED00184,7,woy_cos,-0.01973
MED00185,7,woy_cos,-0.03243
MED00186,7,woy_cos,-0.01498
MED00187,7,woy_cos,-0.01406
MED00188,7,woy_cos,-0.02538
MED00189,7,woy_cos,0.02782
MED00190,7,woy_cos,-0.01341
MED00191,7,woy_cos,-0.02674
MED00192,7,woy_cos,-0.01011
MED00193,7,woy_cos,-0.01441
MED00194,7,woy_cos,-0.00349
MED00195,7,woy_cos,-0.0065
MED00196,7,woy_cos,-0.00305
MED00197,7,woy_cos,-0.00882
MED00198,7,woy_cos,-0.01555
MED00199,7,woy_cos,-0.02642
MED00200,7,woy_cos,-0.01306
MED00201,7,woy_cos,-0.00758
MED00202,7,woy_cos,-0.01683
MED00203,7,woy_cos,-0.02244
MED00204,7,woy_cos,-0.01115
MED00205,7,woy_cos,-0.01188
MED00206,7,woy_cos,-0.04232
MED00207,7,woy_cos,-0.01576
MED00208,7,woy_cos,-0.00881
MED00209,7,woy_cos,-0.01328
MED00210,7,woy_cos,-0.02163
MED00211,7,woy_cos,-0.01541
MED00212,7,woy_cos,-0.01221
MED00213,7,woy_cos,-0.02865
MED00214,7,woy_cos,-0.01393
MED00215,7,woy_cos,-0.01314
MED00216,7,woy_cos,0.04202
MED00217,7,woy_cos,0.0158
MED00218,7,woy_cos,-0.03561
MED00219,7,woy_cos,-0.00873
MED00220,7,woy_cos,-0.01418
MED00221,7,woy_cos,-0.03092
MED00222,7,woy_cos,-0.03953
MED00223,7,woy_cos,-0.02013
MED00224,7,woy_cos,-0.01423
MED00225,7,woy_cos,-0.02702
MED00226,7,woy_cos,-0.01787
MED00227,7,woy_cos,-0.03186
MED00228,7,woy_cos,-0.03497
MED00229,7,woy_cos,-0.02142
MED00230,7,woy_cos,-0.01834
MED00231,7,woy_cos,-0.01561
MED00232,7,woy_cos,-0.02343
MED00233,7,woy_cos,-0.00599
MED00234,7,woy_cos,-0.01604
MED00235,7,woy_cos,-0.00931
MED00236,7,woy_cos,-0.0178
MED00237,7,woy_cos,-0.03444
MED00238,7,woy_cos,-0.01993
MED00239,7,woy_cos,-0.02469
MED00240,7,woy_cos,-0.03824
MED00241,7,woy_cos,-0.01849
MED00242,7,woy_cos,-0.00273
MED00243,7,woy_cos,-0.00548
MED00244,7,woy_cos,-0.01364
MED00245,7,woy_cos,-0.00308
MED00246,7,woy_cos,-0.03455
MED00247,7,woy_cos,-0.01214
MED00248,7,woy_cos,-0.01945
MED00249,7,woy_cos,-0.04241
MED00250,7,woy_cos,-0.01915
MED00251,7,woy_cos,-0.01289
MED00252,7,woy_cos,-0.02959
MED00253,7,woy_cos,-0.02346
MED00254,7,woy_cos,-0.04084
MED00255,7,woy_cos,-0.03366
MED00256,7,woy_cos,-0.01663
MED00257,7,woy_cos,-0.0418
MED00258,7,woy_cos,-0.01086
MED00259,7,woy_cos,-0.01649
MED00260,7,woy_cos,-0.04113
MED00261,7,woy_cos,-0.02807
MED00262,7,woy_cos,-0.0353
MED00263,7,woy_cos,-0.02485
MED00264,7,woy_cos,-0.02138
MED00265,7,woy_cos,-0.02534
MED00266,7,woy_cos,-0.00901
MED00267,7,woy_cos,-0.03525
MED00268,7,woy_cos,-0.01121
MED00269,7,woy_cos,-0.01518
MED00270,7,woy_cos,-0.01618
MED00271,7,woy_cos,-0.02344
MED00272,7,woy_cos,-0.03229
MED00273,7,woy_cos,-0.02493
MED00274,7,woy_cos,-0.00144
MED00275,7,woy_cos,-0.01628
MED00276,7,woy_cos,-0.01467
MED00277,7,woy_cos,0.02623
MED00278,7,woy_cos,-0.01355
MED00279,7,woy_cos,-0.03813
MED00280,7,woy_cos,0.0171
MED00281,7,woy_cos,-0.00951
MED00282,7,woy_cos,-0.02753
MED00283,7,woy_cos,-0.01251
MED00284,7,woy_cos,-0.01948
MED00285,7,woy_cos,-0.03849
MED00286,7,woy_cos,-0.03609
MED00287,7,woy_cos,-0.02352
MED00288,7,woy_cos,-0.04461
MED00289,7,woy_cos,-0.04626
MED00290,7,woy_cos,-0.01754
MED00291,7,woy_cos,-0.04007
MED00292,7,woy_cos,-0.03195
MED00293,7,woy_cos,-0.02685
MED00294,7,woy_cos,-0.02222
MED00295,7,woy_cos,-0.0024
MED00296,7,woy_cos,-0.02968
MED00297,7,woy_cos,-0.02556
MED00298,7,woy_cos,-0.01541
MED00299,7,woy_cos,-0.02567
MED00300,7,woy_cos,-0.01809
MED00301,7,woy_cos,-0.04136
MED00302,7,woy_cos,-0.01702
MED00303,7,woy_cos,-0.01634
MED00304,7,woy_cos,-0.03762
MED00305,7,woy_cos,-0.01445
MED00306,7,woy_cos,-0.01543
MED00307,7,woy_cos,-0.0241
MED00308,7,woy_cos,-0.03775
MED00309,7,woy_cos,-0.03054
MED00310,7,woy_cos,-0.02277
MED00311,7,woy_cos,-0.03303
MED00312,7,woy_cos,-0.00928
MED00313,7,woy_cos,-0.04283
MED00314,7,woy_cos,-0.00958
MED00315,7,woy_cos,-0.01237
MED00316,7,woy_cos,-0.02512
MED00317,7,woy_cos,-0.0141
MED00318,7,woy_cos,-0.0231
MED00319,7,woy_cos,-0.01113
MED00320,7,woy_cos,-0.05596
MED00321,7,woy_cos,-0.04698
MED00322,7,woy_cos,0.03424
MED00323,7,woy_cos,-0.01321
MED00324,7,woy_cos,-0.02865
MED00325,7,woy_cos,-0.02032
MED00326,7,woy_cos,-0.01191
MED00327,7,woy_cos,-0.02221
MED00328,7,woy_cos,-0.02917
MED00329,7,woy_cos,-0.01209
MED00330,7,woy_cos,-0.02967
MED00331,7,woy_cos,-0.01576
MED00332,7,woy_cos,-0.02259
MED00333,7,woy_cos,-0.02566
MED00334,7,woy_cos,-0.02101
MED00335,7,woy_cos,-0.04666
MED00336,7,woy_cos,-0.02641
MED00337,7,woy_cos,-0.01768
MED00338,7,woy_cos,-0.02369
MED00339,7,woy_cos,-0.01968
MED00340,7,woy_cos,0.00029
MED00341,7,woy_cos,-0.036
MED00342,7,woy_cos,-0.0143
MED00343,7,woy_cos,-0.01375
MED00344,7,woy_cos,-0.03857
MED00345,7,woy_cos,0.03111
MED00346,7,woy_cos,-0.02384
MED00347,7,woy_cos,0.01897
MED00348,7,woy_cos,-0.02769
MED00349,7,woy_cos,-0.0168
MED00350,7,woy_cos,-0.02894
MED00351,7,woy_cos,-0.02303
MED00352,7,woy_cos,-0.05553
MED00353,7,woy_cos,-0.04866
MED00354,7,woy_cos,-0.01912
MED00355,7,woy_cos,-0.01234
MED00356,7,woy_cos,-0.01359
MED00357,7,woy_cos,0.01172
MED00358,7,woy_cos,-0.03768
MED00359,7,woy_cos,-0.01312
MED00360,7,woy_cos,-0.01769
MED00361,7,woy_cos,-0.01571
MED00362,7,woy_cos,-0.01481
MED00363,7,woy_cos,-0.01525
MED00364,7,woy_cos,0.01973
MED00365,7,woy_cos,-0.01531
MED00366,7,woy_cos,-0.01259
MED00367,7,woy_cos,-0.01406
MED00368,7,woy_cos,-0.02281
MED00369,7,woy_cos,-0.03376
MED00370,7,woy_cos,-0.01479
MED00371,7,woy_cos,-0.02142
MED00372,7,woy_cos,0.01196
MED00373,7,woy_cos,-0.01124
MED00374,7,woy_cos,-0.01241
MED00375,7,woy_cos,-0.02056
MED00376,7,woy_cos,-0.01336
MED00377,7,woy_cos,-0.04965
MED00378,7,woy_cos,-0.03231
MED00379,7,woy_cos,-0.04466
MED00380,7,woy_cos,-0.01501
MED00381,7,woy_cos,-0.00433
MED00382,7,woy_cos,-0.01594
MED00383,7,woy_cos,-0.02003
MED00384,7,woy_cos,-0.01307
MED00385,7,woy_cos,-0.03104
MED00386,7,woy_cos,-0.01185
MED00387,7,woy_cos,-0.03547
MED00388,7,woy_cos,-0.02691
MED00389,7,woy_cos,-0.01818
MED00390,7,woy_cos,-0.03994
MED00391,7,woy_cos,-0.02317
MED00392,7,woy_cos,-0.02962
MED00393,7,woy_cos,-0.00721
MED00394,7,woy_cos,-0.0148
MED00395,7,woy_cos,-0.0282
MED00396,7,woy_cos,0.02179
MED00397,7,woy_cos,-0.02146
MED00398,7,woy_cos,-0.03674
MED00399,7,woy_cos,-0.03276
MED00400,7,woy_cos,0.00397
MED00401,7,woy_cos,-0.02115
MED00402,7,woy_cos,-0.03486
MED00403,7,woy_cos,-0.01288
MED00404,7,woy_cos,-0.03921
MED00405,7,woy_cos,-0.01951
MED00406,7,woy_cos,-0.04289
MED00407,7,woy_cos,-0.03731
MED00408,7,woy_cos,-0.02988
MED00409,7,woy_cos,-0.01017
MED00410,7,woy_cos,-0.00523
MED00411,7,woy_cos,-0.02524
MED00412,7,woy_cos,-0.00939
MED00413,7,woy_cos,-0.00854
MED00414,7,woy_cos,-0.02544
MED00415,7,woy_cos,-0.00632
MED00416,7,woy_cos,-0.01882
MED00417,7,woy_cos,-0.02038
MED00418,7,woy_cos,-0.02956
MED00419,7,woy_cos,-0.01001
MED00420,7,woy_cos,-0.03955
MED00421,7,woy_cos,-0.04145
MED00422,7,woy_cos,-0.01856
MED00423,7,woy_cos,-0.00614
MED00424,7,woy_cos,-0.05596
MED00001,8,woy_cos,-0.01777
MED00002,8,woy_cos,0.00284
MED00003,8,woy_cos,0.00457
MED00004,8,woy_cos,-0.03757
MED00005,8,woy_cos,-0.02522
MED00006,8,woy_cos,-0.0173
MED00007,8,woy_cos,-0.02352
MED00008,8,woy_cos,-0.01723
MED00009,8,woy_cos,-0.02424
MED00010,8,woy_cos,-0.0137
MED00011,8,woy_cos,-0.05152
MED00012,8,woy_cos,-0.01376
MED00013,8,woy_cos,-0.02644
MED00014,8,woy_cos,-0.04728
MED00015,8,woy_cos,-0.01225
MED00016,8,woy_cos,-0.01614
MED00017,8,woy_cos,-0.01444
MED00018,8,woy_cos,-0.0151
MED00019,8,woy_cos,-0.02445
MED00020,8,woy_cos,-0.01786
MED00021,8,woy_cos,-0.03785
MED00022,8,woy_cos,-0.02667
MED00023,8,woy_cos,-0.03168
MED00024,8,woy_cos,-0.03139
MED00025,8,woy_cos,0.01394
MED00026,8,woy_cos,-0.03273
MED00027,8,woy_cos,-0.00126
MED00028,8,woy_cos,-0.01414
MED00029,8,woy_cos,-0.00789
MED00030,8,woy_cos,-0.03248
MED00031,8,woy_cos,-0.01504
MED00032,8,woy_cos,-0.01745
MED00033,8,woy_cos,-0.01973
MED00034,8,woy_cos,-0.05963
MED00035,8,woy_cos,-0.00574
MED00036,8,woy_cos,-0.02563
MED00037,8,woy_cos,-0.02631
MED00038,8,woy_cos,-0.02134
MED00039,8,woy_cos,-0.01409
MED00040,8,woy_cos,-0.04416
MED00041,8,woy_cos,-0.00634
MED00042,8,woy_cos,-0.01816
MED00043,8,woy_cos,-0.0121
MED00044,8,woy_cos,-0.02196
MED00045,8,woy_cos,-0.01553
MED00046,8,woy_cos,-0.01822
MED00047,8,woy_cos,-0.03923
MED00048,8,woy_cos,-0.01788
MED00049,8,woy_cos,0.03047
MED00050,8,woy_cos,-0.02931
MED00051,8,woy_cos,0.00061
MED00052,8,woy_cos,-0.01419
MED00053,8,woy_cos,-0.02556
MED00054,8,woy_cos,-0.02643
MED00055,8,woy_cos,-0.02412
MED00056,8,woy_cos,-0.05108
MED00057,8,woy_cos,-0.0573
MED00058,8,woy_cos,-0.01884
MED00059,8,woy_cos,-0.02023
MED00060,8,woy_cos,-0.03382
MED00061,8,woy_cos,-0.01582
MED00062,8,woy_cos,-0.01444
MED00063,8,woy_cos,0.00922
MED00064,8,woy_cos,-0.03385
MED00065,8,woy_cos,-0.00247
MED00066,8,woy_cos,-0.02061
MED00067,8,woy_cos,-0.01529
MED00068,8,woy_cos,-0.03111
MED00069,8,woy_cos,-0.01977
MED00070,8,woy_cos,-0.01955
MED00071,8,woy_cos,-0.023
MED00072,8,woy_cos,-0.02293
MED00073,8,woy_cos,-0.03266
MED00074,8,woy_cos,-0.03034
MED00075,8,woy_cos,-0.0254
MED00076,8,woy_cos,0.02067
MED00077,8,woy_cos,-0.03592
MED00078,8,woy_cos,-0.01678
MED00079,8,woy_cos,-0.02431
MED00080,8,woy_cos,-0.03644
MED00081,8,woy_cos,-0.00201
MED00082,8,woy_cos,-0.0323
MED00083,8,woy_cos,-0.03675
MED00084,8,woy_cos,-0.02431
MED00085,8,woy_cos,-0.01765
MED00086,8,woy_cos,-0.01929
MED00087,8,woy_cos,-0.01453
MED00088,8,woy_cos,-0.00881
MED00089,8,woy_cos,-0.02117
MED00090,8,woy_cos,-0.02424
MED00091,8,woy_cos,-0.02111
MED00092,8,woy_cos,-0.01782
MED00093,8,woy_cos,-0.01075
MED00094,8,woy_cos,-0.04319
MED00095,8,woy_cos,-0.02315
MED00096,8,woy_cos,-0.01972
MED00097,8,woy_cos,-0.04131
MED00098,8,woy_cos,-0.01352
MED00099,8,woy_cos,-0.02435
MED00100,8,woy_cos,0.025
MED00101,8,woy_cos,-0.04878
MED00102,8,woy_cos,-0.02112
MED00103,8,woy_cos,-0.02705
MED00104,8,woy_cos,-0.01325
MED00105,8,woy_cos,-0.012
MED00106,8,woy_cos,0.02969
MED00107,8,woy_cos,-0.01361
MED00108,8,woy_cos,-0.0249
MED00109,8,woy_cos,-0.01293
MED00110,8,woy_cos,-0.03055
MED00111,8,woy_cos,-0.00332
MED00112,8,woy_cos,-0.02424
MED00113,8,woy_cos,-0.01448
MED00114,8,woy_cos,-0.02761
MED00115,8,woy_cos,-0.01563
MED00116,8,woy_cos,-0.0277
MED00117,8,woy_cos,-0.02083
MED00118,8,woy_cos,-0.01752
MED00119,8,woy_cos,-0.01365
MED00120,8,woy_cos,-0.0115
MED00121,8,woy_cos,-0.02324
MED00122,8,woy_cos,-0.01385
MED00123,8,woy_cos,-0.0164
MED00124,8,woy_cos,-0.01512
MED00125,8,woy_cos,0.02341
MED00126,8,woy_cos,-0.01255
MED00127,8,woy_cos,-0.01586
MED00128,8,woy_cos,-0.01527
MED00129,8,woy_cos,-0.02425
MED00130,8,woy_cos,0.02871
MED00131,8,woy_cos,-0.02063
MED00132,8,woy_cos,-0.01992
MED00133,8,woy_cos,-0.00807
MED00134,8,woy_cos,-0.03224
MED00135,8,woy_cos,-0.0139
MED00136,8,woy_cos,-0.03002
MED00137,8,woy_cos,-0.01541
MED00138,8,woy_cos,-0.0147
MED00139,8,woy_cos,-0.02465
MED00140,8,woy_cos,-0.01629
MED00141,8,woy_cos,-0.04273
MED00142,8,woy_cos,-0.03502
MED00143,8,woy_cos,-0.01756
MED00144,8,woy_cos,-0.02726
MED00145,8,woy_cos,-0.01587
MED00146,8,woy_cos,-0.01672
MED00147,8,woy_cos,-0.01703
MED00148,8,woy_cos,-0.03764
MED00149,8,woy_cos,-0.03208
MED00150,8,woy_cos,-0.0189
MED00151,8,woy_cos,-0.01533
MED00152,8,woy_cos,-0.01737
MED00153,8,woy_cos,-0.01536
MED00154,8,woy_cos,-0.02686
MED00155,8,woy_cos,-0.0154
MED00156,8,woy_cos,-0.01698
MED00157,8,woy_cos,-0.0341
MED00158,8,woy_cos,-0.0049
MED00159,8,woy_cos,-0.01019
MED00160,8,woy_cos,-0.03465
MED00161,8,woy_cos,-0.02768
MED00162,8,woy_cos,-0.01453
MED00163,8,woy_cos,-0.0026
MED00164,8,woy_cos,-0.01979
MED00165,8,woy_cos,0.00814
MED00166,8,woy_cos,-0.01312
MED00167,8,woy_cos,-0.01521
MED00168,8,woy_cos,-0.01666
MED00169,8,woy_cos,-0.03725
MED00170,8,woy_cos,-0.01592
MED00171,8,woy_cos,-0.01534
MED00172,8,woy_cos,-0.01544
MED00173,8,woy_cos,-0.01671
MED00174,8,woy_cos,-0.05772
MED00175,8,woy_cos,-0.03917
MED00176,8,woy_cos,-0.0342
MED00177,8,woy_cos,-0.03941
MED00178,8,woy_cos,-0.02263
MED00179,8,woy_cos,-0.04
MED00180,8,woy_cos,-0.01706
MED00181,8,woy_cos,-0.02543
MED00182,8,woy_cos,-0.03418
MED00183,8,woy_cos,-0.02912
MED00184,8,woy_cos,-0.02036
MED00185,8,woy_cos,-0.03469
MED00186,8,woy_cos,-0.01604
MED00187,8,woy_cos,-0.01466
MED00188,8,woy_cos,-0.02666
MED00189,8,woy_cos,0.02862
MED00190,8,woy_cos,-0.01424
MED00191,8,woy_cos,-0.02902
MED00192,8,woy_cos,0.01284
MED00193,8,woy_cos,0.00408
MED00194,8,woy_cos,-0.0037
MED00195,8,woy_cos,-0.00687
MED00196,8,woy_cos,-0.00341
MED00197,8,woy_cos,-0.00973
MED00198,8,woy_cos,-0.01681
MED00199,8,woy_cos,-0.02696
MED00200,8,woy_cos,-0.01425
MED00201,8,woy_cos,-0.00955
MED00202,8,woy_cos,-0.01786
MED00203,8,woy_cos,-0.0233
MED00204,8,woy_cos,-0.01221
MED00205,8,woy_cos,-0.01446
MED00206,8,woy_cos,-0.04379
MED00207,8,woy_cos,-0.01655
MED00208,8,woy_cos,-0.01124
MED00209,8,woy_cos,-0.01461
MED00210,8,woy_cos,-0.02233
MED00211,8,woy_cos,-0.01672
MED00212,8,woy_cos,-0.01414
MED00213,8,woy_cos,-0.02915
MED00214,8,woy_cos,-0.01569
MED00215,8,woy_cos,-0.01409
MED00216,8,woy_cos,0.04406
MED00217,8,woy_cos,0.01653
MED00218,8,woy_cos,-0.03658
MED00219,8,woy_cos,-0.01038
MED00220,8,woy_cos,-0.01518
MED00221,8,woy_cos,-0.03131
MED00222,8,woy_cos,-0.04044
MED00223,8,woy_cos,-0.02169
MED00224,8,woy_cos,-0.01511
MED00225,8,woy_cos,-0.02819
MED00226,8,woy_cos,-0.01824
MED00227,8,woy_cos,-0.03383
MED00228,8,woy_cos,-0.03759
MED00229,8,woy_cos,-0.02062
MED00230,8,woy_cos,-0.0199
MED00231,8,woy_cos,-0.01672
MED00232,8,woy_cos,-0.02475
MED00233,8,woy_cos,-0.00569
MED00234,8,woy_cos,-0.01761
MED00235,8,woy_cos,-0.00972
MED00236,8,woy_cos,-0.01875
MED00237,8,woy_cos,-0.03504
MED00238,8,woy_cos,-0.02212
MED00239,8,woy_cos,-0.02619
MED00240,8,woy_cos,-0.03869
MED00241,8,woy_cos,-0.01942
MED00242,8,woy_cos,-0.0046
MED00243,8,woy_cos,0.00857
MED00244,8,woy_cos,-0.01465
MED00245,8,woy_cos,-0.00205
MED00246,8,woy_cos,-0.03575
MED00247,8,woy_cos,-0.01488
MED00248,8,woy_cos,-0.02157
MED00249,8,woy_cos,-0.04201
MED00250,8,woy_cos,-0.02107
MED00251,8,woy_cos,-0.014
MED00252,8,woy_cos,-0.02961
MED00253,8,woy_cos,-0.023
MED00254,8,woy_cos,-0.04102
MED00255,8,woy_cos,-0.03421
MED00256,8,woy_cos,-0.01782
MED00257,8,woy_cos,-0.04275
MED00258,8,woy_cos,-0.01177
MED00259,8,woy_cos,-0.01782
MED00260,8,woy_cos,-0.04118
MED00261,8,woy_cos,-0.02848
MED00262,8,woy_cos,-0.03589
MED00263,8,woy_cos,-0.02612
MED00264,8,woy_cos,-0.02105
MED00265,8,woy_cos,-0.02666
MED00266,8,woy_cos,-0.01028
MED00267,8,woy_cos,-0.03616
MED00268,8,woy_cos,-0.01248
MED00269,8,woy_cos,-0.01614
MED00270,8,woy_cos,-0.01768
MED00271,8,woy_cos,-0.02507
MED00272,8,woy_cos,-0.03425
MED00273,8,woy_cos,-0.02683
MED00274,8,woy_cos,-0.00107
MED00275,8,woy_cos,-0.01965
MED00276,8,woy_cos,-0.01592
MED00277,8,woy_cos,0.02704
MED00278,8,woy_cos,-0.01488
MED00279,8,woy_cos,-0.03863
MED00280,8,woy_cos,0.01758
MED00281,8,woy_cos,-0.02081
MED00282,8,woy_cos,-0.02931
MED00283,8,woy_cos,-0.01373
MED00284,8,woy_cos,-0.01989
MED00285,8,woy_cos,-0.0396
MED00286,8,woy_cos,-0.03749
MED00287,8,woy_cos,-0.0248
MED00288,8,woy_cos,-0.04103
MED00289,8,woy_cos,-0.04686
MED00290,8,woy_cos,-0.019
MED00291,8,woy_cos,-0.04046
MED00292,8,woy_cos,-0.03291
MED00293,8,woy_cos,-0.02808
MED00294,8,woy_cos,-0.02246
MED00295,8,woy_cos,-0.00254
MED00296,8,woy_cos,-0.03076
MED00297,8,woy_cos,-0.02655
MED00298,8,woy_cos,-0.01647
MED00299,8,woy_cos,-0.02522
MED00300,8,woy_cos,-0.01931
MED00301,8,woy_cos,-0.04261
MED00302,8,woy_cos,-0.01743
MED00303,8,woy_cos,-0.01702
MED00304,8,woy_cos,-0.03813
MED00305,8,woy_cos,-0.0158
MED00306,8,woy_cos,-0.01352
MED00307,8,woy_cos,-0.02397
MED00308,8,woy_cos,-0.03817
MED00309,8,woy_cos,-0.03093
MED00310,8,woy_cos,-0.02454
MED00311,8,woy_cos,-0.03365
MED00312,8,woy_cos,-0.0089
MED00313,8,woy_cos,-0.04318
MED00314,8,woy_cos,-0.00984
MED00315,8,woy_cos,-0.01409
MED00316,8,woy_cos,-0.02659
MED00317,8,woy_cos,-0.01505
MED00318,8,woy_cos,-0.02391
MED00319,8,woy_cos,-0.01366
MED00320,8,woy_cos,-0.0561
MED00321,8,woy_cos,-0.04814
MED00322,8,woy_cos,0.03605
MED00323,8,woy_cos,-0.01359
MED00324,8,woy_cos,-0.02902
MED00325,8,woy_cos,-0.02147
MED00326,8,woy_cos,-0.01359
MED00327,8,woy_cos,-0.02344
MED00328,8,woy_cos,-0.03043
MED00329,8,woy_cos,-0.01456
MED00330,8,woy_cos,-0.03077
MED00331,8,woy_cos,-0.01719
MED00332,8,woy_cos,-0.02376
MED00333,8,woy_cos,-0.02885
MED00334,8,woy_cos,-0.02209
MED00335,8,woy_cos,-0.04733
MED00336,8,woy_cos,-0.02795
MED00337,8,woy_cos,-0.01651
MED00338,8,woy_cos,-0.0243
MED00339,8,woy_cos,-0.02019
MED00340,8,woy_cos,-0.00044
MED00341,8,woy_cos,-0.03711
MED00342,8,woy_cos,-0.01532
MED00343,8,woy_cos,-0.01551
MED00344,8,woy_cos,-0.0392
MED00345,8,woy_cos,0.03373
MED00346,8,woy_cos,-0.02486
MED00347,8,woy_cos,0.02019
MED00348,8,woy_cos,-0.02888
MED00349,8,woy_cos,-0.01822
MED00350,8,woy_cos,-0.03016
MED00351,8,woy_cos,-0.02226
MED00352,8,woy_cos,-0.05444
MED00353,8,woy_cos,-0.0491
MED00354,8,woy_cos,-0.01959
MED00355,8,woy_cos,-0.01376
MED00356,8,woy_cos,-0.01478
MED00357,8,woy_cos,0.01222
MED00358,8,woy_cos,-0.03866
MED00359,8,woy_cos,-0.01415
MED00360,8,woy_cos,-0.01895
MED00361,8,woy_cos,-0.01706
MED00362,8,woy_cos,-0.01615
MED00363,8,woy_cos,-0.01652
MED00364,8,woy_cos,0.02223
MED00365,8,woy_cos,-0.01633
MED00366,8,woy_cos,-0.01427
MED00367,8,woy_cos,-0.01489
MED00368,8,woy_cos,-0.02489
MED00369,8,woy_cos,-0.03485
MED00370,8,woy_cos,-0.01089
MED00371,8,woy_cos,-0.02328
MED00372,8,woy_cos,0.01351
MED00373,8,woy_cos,-0.01156
MED00374,8,woy_cos,-0.0145
MED00375,8,woy_cos,-0.02293
MED00376,8,woy_cos,-0.01441
MED00377,8,woy_cos,-0.05009
MED00378,8,woy_cos,-0.03335
MED00379,8,woy_cos,-0.04573
MED00380,8,woy_cos,-0.01544
MED00381,8,woy_cos,-0.00521
MED00382,8,woy_cos,-0.01894
MED00383,8,woy_cos,-0.02094
MED00384,8,woy_cos,-0.0146
MED00385,8,woy_cos,-0.031
MED00386,8,woy_cos,-0.02155
MED00387,8,woy_cos,-0.03503
MED00388,8,woy_cos,-0.03802
MED00389,8,woy_cos,-0.01903
MED00390,8,woy_cos,-0.04359
MED00391,8,woy_cos,-0.03246
MED00392,8,woy_cos,-0.03684
MED00393,8,woy_cos,-0.01835
MED00394,8,woy_cos,-0.02522
MED00395,8,woy_cos,-0.03613
MED00396,8,woy_cos,0.02117
MED00397,8,woy_cos,-0.02192
MED00398,8,woy_cos,-0.0368
MED00399,8,woy_cos,-0.03288
MED00400,8,woy_cos,0.0037
MED00401,8,woy_cos,-0.03513
MED00402,8,woy_cos,-0.03942
MED00403,8,woy_cos,-0.01468
MED00404,8,woy_cos,-0.03997
MED00405,8,woy_cos,-0.02031
MED00406,8,woy_cos,-0.04515
MED00407,8,woy_cos,-0.03988
MED00408,8,woy_cos,-0.03168
MED00409,8,woy_cos,-0.01376
MED00410,8,woy_cos,-0.00757
MED00411,8,woy_cos,-0.03144
MED00412,8,woy_cos,-0.01549
MED00413,8,woy_cos,-0.0193
MED00414,8,woy_cos,-0.03461
MED00415,8,woy_cos,-0.01724
MED00416,8,woy_cos,-0.02783
MED00417,8,woy_cos,-0.02241
MED00418,8,woy_cos,-0.03142
MED00419,8,woy_cos,-0.01324
MED00420,8,woy_cos,-0.04397
MED00421,8,woy_cos,-0.04766
MED00422,8,woy_cos,-0.02727
MED00423,8,woy_cos,-0.01611
MED00424,8,woy_cos,-0.05393
MED00001,9,woy_cos,-0.02168
MED00002,9,woy_cos,0.01768
MED00003,9,woy_cos,0.00984
MED00004,9,woy_cos,-0.02196
MED00005,9,woy_cos,-0.02454
MED00006,9,woy_cos,-0.01783
MED00007,9,woy_cos,-0.02663
MED00008,9,woy_cos,-0.01004
MED00009,9,woy_cos,-0.03052
MED00010,9,woy_cos,-0.01507
MED00011,9,woy_cos,-0.05394
MED00012,9,woy_cos,-0.01798
MED00013,9,woy_cos,-0.03008
MED00014,9,woy_cos,-0.04849
MED00015,9,woy_cos,-0.00421
MED00016,9,woy_cos,-0.0184
MED00017,9,woy_cos,-0.01651
MED00018,9,woy_cos,-0.01346
MED00019,9,woy_cos,-0.02466
MED00020,9,woy_cos,-0.0193
MED00021,9,woy_cos,-0.03901
MED00022,9,woy_cos,-0.02698
MED00023,9,woy_cos,-0.03104
MED00024,9,woy_cos,-0.03303
MED00025,9,woy_cos,0.0297
MED00026,9,woy_cos,-0.02373
MED00027,9,woy_cos,0.01685
MED00028,9,woy_cos,-0.00593
MED00029,9,woy_cos,-0.01019
MED00030,9,woy_cos,-0.03365
MED00031,9,woy_cos,-0.02224
MED00032,9,woy_cos,-0.024
MED00033,9,woy_cos,-0.01736
MED00034,9,woy_cos,-0.03197
MED00035,9,woy_cos,0.01779
MED00036,9,woy_cos,-0.03582
MED00037,9,woy_cos,-0.03561
MED00038,9,woy_cos,-0.02197
MED00039,9,woy_cos,-0.02333
MED00040,9,woy_cos,-0.03904
MED00041,9,woy_cos,-0.00733
MED00042,9,woy_cos,-0.01529
MED00043,9,woy_cos,-0.00848
MED00044,9,woy_cos,-0.02261
MED00045,9,woy_cos,-0.01594
MED00046,9,woy_cos,-0.02041
MED00047,9,woy_cos,-0.0418
MED00048,9,woy_cos,-0.02013
MED00049,9,woy_cos,0.05166
MED00050,9,woy_cos,-0.03222
MED00051,9,woy_cos,0.02532
MED00052,9,woy_cos,-0.01093
MED00053,9,woy_cos,-0.02595
MED00054,9,woy_cos,-0.02748
MED00055,9,woy_cos,-0.02218
MED00056,9,woy_cos,-0.05214
MED00057,9,woy_cos,-0.055
MED00058,9,woy_cos,-0.01914
MED00059,9,woy_cos,-0.0231
MED00060,9,woy_cos,-0.04256
MED00061,9,woy_cos,-0.01257
MED00062,9,woy_cos,-0.02795
MED00063,9,woy_cos,0.03483
MED00064,9,woy_cos,-0.03262
MED00065,9,woy_cos,-0.00072
MED00066,9,woy_cos,-0.01268
MED00067,9,woy_cos,-0.01791
MED00068,9,woy_cos,-0.03266
MED00069,9,woy_cos,-0.02163
MED00070,9,woy_cos,-0.02413
MED00071,9,woy_cos,-0.02326
MED00072,9,woy_cos,-0.02089
MED00073,9,woy_cos,-0.03417
MED00074,9,woy_cos,-0.02973
MED00075,9,woy_cos,-0.02961
MED00076,9,woy_cos,0.04185
MED00077,9,woy_cos,-0.03822
MED00078,9,woy_cos,-0.02023
MED00079,9,woy_cos,-0.02562
MED00080,9,woy_cos,-0.03531
MED00081,9,woy_cos,-0.00077
MED00082,9,woy_cos,-0.03145
MED00083,9,woy_cos,-0.03919
MED00084,9,woy_cos,-0.02586
MED00085,9,woy_cos,-0.01989
MED00086,9,woy_cos,-0.00752
MED00087,9,woy_cos,-0.01616
MED00088,9,woy_cos,-0.01109
MED00089,9,woy_cos,-0.01782
MED00090,9,woy_cos,-0.02674
MED00091,9,woy_cos,-0.01909
MED00092,9,woy_cos,-0.0199
MED00093,9,woy_cos,0.00471
MED00094,9,woy_cos,-0.0379
MED00095,9,woy_cos,-0.02641
MED00096,9,woy_cos,-0.02072
MED00097,9,woy_cos,-0.03569
MED00098,9,woy_cos,-0.0165
MED00099,9,woy_cos,-0.00639
MED00100,9,woy_cos,0.05085
MED00101,9,woy_cos,-0.05229
MED00102,9,woy_cos,-0.03457
MED00103,9,woy_cos,-0.03103
MED00104,9,woy_cos,-0.0169
MED00105,9,woy_cos,-0.01439
MED00106,9,woy_cos,0.05511
MED00107,9,woy_cos,-0.01705
MED00108,9,woy_cos,-0.02808
MED00109,9,woy_cos,-0.00948
MED00110,9,woy_cos,-0.0232
MED00111,9,woy_cos,0.00518
MED00112,9,woy_cos,-0.02751
MED00113,9,woy_cos,-0.01716
MED00114,9,woy_cos,-0.02497
MED00115,9,woy_cos,-0.01769
MED00116,9,woy_cos,-0.02522
MED00117,9,woy_cos,-0.02126
MED00118,9,woy_cos,-0.01836
MED00119,9,woy_cos,-0.01671
MED00120,9,woy_cos,-0.01164
MED00121,9,woy_cos,-0.02861
MED00122,9,woy_cos,-0.01612
MED00123,9,woy_cos,-0.0117
MED00124,9,woy_cos,-0.01857
MED00125,9,woy_cos,0.0491
MED00126,9,woy_cos,-0.008
MED00127,9,woy_cos,-0.02122
MED00128,9,woy_cos,-0.01832
MED00129,9,woy_cos,-0.02635
MED00130,9,woy_cos,0.04981
MED00131,9,woy_cos,-0.02215
MED00132,9,woy_cos,-0.01986
MED00133,9,woy_cos,-0.00891
MED00134,9,woy_cos,-0.02632
MED00135,9,woy_cos,-0.01083
MED00136,9,woy_cos,-0.01704
MED00137,9,woy_cos,-0.02298
MED00138,9,woy_cos,-0.01698
MED00139,9,woy_cos,-0.02988
MED00140,9,woy_cos,-0.01888
MED00141,9,woy_cos,-0.04405
MED00142,9,woy_cos,-0.03042
MED00143,9,woy_cos,-0.01912
MED00144,9,woy_cos,-0.03007
MED00145,9,woy_cos,-0.01296
MED00146,9,woy_cos,-0.01958
MED00147,9,woy_cos,-0.02099
MED00148,9,woy_cos,-0.04501
MED00149,9,woy_cos,-0.03515
MED00150,9,woy_cos,-0.01787
MED00151,9,woy_cos,-0.01817
MED00152,9,woy_cos,-0.01995
MED00153,9,woy_cos,-0.01782
MED00154,9,woy_cos,-0.02627
MED00155,9,woy_cos,-0.01825
MED00156,9,woy_cos,-0.02501
MED00157,9,woy_cos,-0.03762
MED00158,9,woy_cos,0.01314
MED00159,9,woy_cos,-0.00896
MED00160,9,woy_cos,-0.03591
MED00161,9,woy_cos,-0.03048
MED00162,9,woy_cos,-0.0166
MED00163,9,woy_cos,0.00043
MED00164,9,woy_cos,-0.01881
MED00165,9,woy_cos,-0.00567
MED00166,9,woy_cos,-0.01574
MED00167,9,woy_cos,-0.01757
MED00168,9,woy_cos,-0.01856
MED00169,9,woy_cos,-0.03957
MED00170,9,woy_cos,-0.0179
MED00171,9,woy_cos,-0.01777
MED00172,9,woy_cos,-0.01624
MED00173,9,woy_cos,-0.01834
MED00174,9,woy_cos,-0.04067
MED00175,9,woy_cos,-0.01655
MED00176,9,woy_cos,-0.03628
MED00177,9,woy_cos,-0.02977
MED00178,9,woy_cos,-0.03482
MED00179,9,woy_cos,-0.0443
MED00180,9,woy_cos,-0.02025
MED00181,9,woy_cos,-0.02776
MED00182,9,woy_cos,-0.02706
MED00183,9,woy_cos,-0.0296
MED00184,9,woy_cos,-0.01607
MED00185,9,woy_cos,-0.0368
MED00186,9,woy_cos,-0.01763
MED00187,9,woy_cos,-0.01723
MED00188,9,woy_cos,-0.02909
MED00189,9,woy_cos,0.05035
MED00190,9,woy_cos,-0.0165
MED00191,9,woy_cos,-0.031
MED00192,9,woy_cos,0.03384
MED00193,9,woy_cos,0.01849
MED00194,9,woy_cos,-0.00725
MED00195,9,woy_cos,-0.01736
MED00196,9,woy_cos,-0.00493
MED00197,9,woy_cos,-0.01467
MED00198,9,woy_cos,-0.0193
MED00199,9,woy_cos,-0.02627
MED00200,9,woy_cos,-0.01596
MED00201,9,woy_cos,-0.01635
MED00202,9,woy_cos,-0.02054
MED00203,9,woy_cos,-0.02127
MED00204,9,woy_cos,-0.01639
MED00205,9,woy_cos,-0.01633
MED00206,9,woy_cos,-0.04504
MED00207,9,woy_cos,-0.01912
MED00208,9,woy_cos,-0.01308
MED00209,9,woy_cos,-0.02786
MED00210,9,woy_cos,-0.02306
MED00211,9,woy_cos,-0.01848
MED00212,9,woy_cos,-0.01847
MED00213,9,woy_cos,-0.03162
MED00214,9,woy_cos,-0.01929
MED00215,9,woy_cos,-0.0162
MED00216,9,woy_cos,0.06767
MED00217,9,woy_cos,0.03753
MED00218,9,woy_cos,-0.03783
MED00219,9,woy_cos,-0.01117
MED00220,9,woy_cos,-0.01878
MED00221,9,woy_cos,-0.03016
MED00222,9,woy_cos,-0.03487
MED00223,9,woy_cos,-0.02056
MED00224,9,woy_cos,-0.01767
MED00225,9,woy_cos,-0.03155
MED00226,9,woy_cos,-0.01964
MED00227,9,woy_cos,-0.03352
MED00228,9,woy_cos,-0.04116
MED00229,9,woy_cos,0.02797
MED00230,9,woy_cos,-0.01722
MED00231,9,woy_cos,-0.01711
MED00232,9,woy_cos,-0.03
MED00233,9,woy_cos,-0.00434
MED00234,9,woy_cos,-0.02008
MED00235,9,woy_cos,-0.00739
MED00236,9,woy_cos,-0.01959
MED00237,9,woy_cos,-0.03675
MED00238,9,woy_cos,-0.02423
MED00239,9,woy_cos,-0.02892
MED00240,9,woy_cos,-0.0401
MED00241,9,woy_cos,-0.02291
MED00242,9,woy_cos,-0.00809
MED00243,9,woy_cos,0.02731
MED00244,9,woy_cos,-0.01697
MED00245,9,woy_cos,0.00684
MED00246,9,woy_cos,-0.04001
MED00247,9,woy_cos,-0.01704
MED00248,9,woy_cos,-0.02805
MED00249,9,woy_cos,-0.04466
MED00250,9,woy_cos,-0.02713
MED00251,9,woy_cos,-0.01601
MED00252,9,woy_cos,-0.02337
MED00253,9,woy_cos,-0.026
MED00254,9,woy_cos,-0.03626
MED00255,9,woy_cos,-0.03109
MED00256,9,woy_cos,-0.01921
MED00257,9,woy_cos,-0.04463
MED00258,9,woy_cos,-0.01318
MED00259,9,woy_cos,-0.02003
MED00260,9,woy_cos,-0.0423
MED00261,9,woy_cos,-0.02947
MED00262,9,woy_cos,-0.03758
MED00263,9,woy_cos,-0.02953
MED00264,9,woy_cos,-0.01466
MED00265,9,woy_cos,-0.03064
MED00266,9,woy_cos,-0.0073
MED00267,9,woy_cos,-0.03909
MED00268,9,woy_cos,-0.01491
MED00269,9,woy_cos,-0.01864
MED00270,9,woy_cos,-0.0198
MED00271,9,woy_cos,-0.02675
MED00272,9,woy_cos,-0.03684
MED00273,9,woy_cos,-0.0312
MED00274,9,woy_cos,0.00325
MED00275,9,woy_cos,-0.02503
MED00276,9,woy_cos,-0.01818
MED00277,9,woy_cos,0.04875
MED00278,9,woy_cos,-0.01823
MED00279,9,woy_cos,-0.04012
MED00280,9,woy_cos,0.03873
MED00281,9,woy_cos,-0.02639
MED00282,9,woy_cos,-0.03326
MED00283,9,woy_cos,-0.01487
MED00284,9,woy_cos,-0.02001
MED00285,9,woy_cos,-0.04309
MED00286,9,woy_cos,-0.0409
MED00287,9,woy_cos,-0.02821
MED00288,9,woy_cos,-0.04009
MED00289,9,woy_cos,-0.03433
MED00290,9,woy_cos,-0.02035
MED00291,9,woy_cos,-0.03781
MED00292,9,woy_cos,-0.0451
MED00293,9,woy_cos,-0.03105
MED00294,9,woy_cos,-0.02384
MED00295,9,woy_cos,0.0121
MED00296,9,woy_cos,-0.03365
MED00297,9,woy_cos,-0.02991
MED00298,9,woy_cos,-0.01859
MED00299,9,woy_cos,-0.01619
MED00300,9,woy_cos,-0.02196
MED00301,9,woy_cos,-0.04583
MED00302,9,woy_cos,-0.01514
MED00303,9,woy_cos,-0.01889
MED00304,9,woy_cos,-0.03697
MED00305,9,woy_cos,-0.01776
MED00306,9,woy_cos,0.0108
MED00307,9,woy_cos,-0.02638
MED00308,9,woy_cos,-0.04051
MED00309,9,woy_cos,-0.03206
MED00310,9,woy_cos,-0.03407
MED00311,9,woy_cos,-0.03554
MED00312,9,woy_cos,-0.00929
MED00313,9,woy_cos,-0.03915
MED00314,9,woy_cos,-0.00835
MED00315,9,woy_cos,-0.01772
MED00316,9,woy_cos,-0.03061
MED00317,9,woy_cos,-0.01669
MED00318,9,woy_cos,-0.02339
MED00319,9,woy_cos,-0.01577
MED00320,9,woy_cos,-0.0585
MED00321,9,woy_cos,-0.03577
MED00322,9,woy_cos,0.0552
MED00323,9,woy_cos,-0.01052
MED00324,9,woy_cos,-0.0291
MED00325,9,woy_cos,-0.02448
MED00326,9,woy_cos,-0.01657
MED00327,9,woy_cos,-0.02903
MED00328,9,woy_cos,-0.03339
MED00329,9,woy_cos,-0.01666
MED00330,9,woy_cos,-0.03354
MED00331,9,woy_cos,-0.01944
MED00332,9,woy_cos,-0.02892
MED00333,9,woy_cos,-0.03103
MED00334,9,woy_cos,-0.01631
MED00335,9,woy_cos,-0.04925
MED00336,9,woy_cos,-0.03124
MED00337,9,woy_cos,-0.02138
MED00338,9,woy_cos,-0.02315
MED00339,9,woy_cos,-0.02263
MED00340,9,woy_cos,-0.00086
MED00341,9,woy_cos,-0.04091
MED00342,9,woy_cos,-0.01732
MED00343,9,woy_cos,-0.01893
MED00344,9,woy_cos,-0.05345
MED00345,9,woy_cos,0.0547
MED00346,9,woy_cos,-0.02986
MED00347,9,woy_cos,0.04608
MED00348,9,woy_cos,-0.03118
MED00349,9,woy_cos,-0.02098
MED00350,9,woy_cos,-0.03579
MED00351,9,woy_cos,-0.018
MED00352,9,woy_cos,-0.005
MED00353,9,woy_cos,-0.03437
MED00354,9,woy_cos,-0.01567
MED00355,9,woy_cos,-0.01629
MED00356,9,woy_cos,-0.01675
MED00357,9,woy_cos,0.03262
MED00358,9,woy_cos,-0.04709
MED00359,9,woy_cos,-0.01777
MED00360,9,woy_cos,-0.02206
MED00361,9,woy_cos,-0.01914
MED00362,9,woy_cos,-0.01753
MED00363,9,woy_cos,-0.01864
MED00364,9,woy_cos,0.04604
MED00365,9,woy_cos,-0.01913
MED00366,9,woy_cos,-0.01784
MED00367,9,woy_cos,-0.01816
MED00368,9,woy_cos,-0.02837
MED00369,9,woy_cos,-0.0353
MED00370,9,woy_cos,-0.01553
MED00371,9,woy_cos,-0.02033
MED00372,9,woy_cos,0.03524
MED00373,9,woy_cos,-0.00764
MED00374,9,woy_cos,-0.01957
MED00375,9,woy_cos,-0.02014
MED00376,9,woy_cos,-0.01682
MED00377,9,woy_cos,-0.044
MED00378,9,woy_cos,-0.03609
MED00379,9,woy_cos,-0.02594
MED00380,9,woy_cos,-0.011
MED00381,9,woy_cos,-0.00372
MED00382,9,woy_cos,-0.02163
MED00383,9,woy_cos,-0.02338
MED00384,9,woy_cos,-0.01771
MED00385,9,woy_cos,-0.03283
MED00386,9,woy_cos,-0.023
MED00387,9,woy_cos,-0.03853
MED00388,9,woy_cos,-0.03694
MED00389,9,woy_cos,-0.0185
MED00390,9,woy_cos,-0.04675
MED00391,9,woy_cos,-0.03926
MED00392,9,woy_cos,-0.04207
MED00393,9,woy_cos,-0.02691
MED00394,9,woy_cos,-0.02947
MED00395,9,woy_cos,-0.04157
MED00396,9,woy_cos,0.02294
MED00397,9,woy_cos,-0.01997
MED00398,9,woy_cos,-0.03636
MED00399,9,woy_cos,-0.03249
MED00400,9,woy_cos,0.00128
MED00401,9,woy_cos,-0.03751
MED00402,9,woy_cos,-0.0439
MED00403,9,woy_cos,-0.01571
MED00404,9,woy_cos,-0.0425
MED00405,9,woy_cos,-0.02386
MED00406,9,woy_cos,-0.04902
MED00407,9,woy_cos,-0.04239
MED00408,9,woy_cos,-0.03482
MED00409,9,woy_cos,-0.01621
MED00410,9,woy_cos,-0.01025
MED00411,9,woy_cos,-0.03996
MED00412,9,woy_cos,-0.02255
MED00413,9,woy_cos,-0.02283
MED00414,9,woy_cos,-0.04579
MED00415,9,woy_cos,-0.02593
MED00416,9,woy_cos,-0.03683
MED00417,9,woy_cos,-0.02581
MED00418,9,woy_cos,-0.0373
MED00419,9,woy_cos,-0.01727
MED00420,9,woy_cos,-0.0502
MED00421,9,woy_cos,-0.05339
MED00422,9,woy_cos,-0.03417
MED00423,9,woy_cos,-0.01987
MED00424,9,woy_cos,-0.05469
MED00001,10,woy_cos,-0.02162
MED00002,10,woy_cos,0.02233
MED00003,10,woy_cos,0.01251
MED00004,10,woy_cos,-0.00895
MED00005,10,woy_cos,-0.00883
MED00006,10,woy_cos,-0.01645
MED00007,10,woy_cos,-0.02298
MED00008,10,woy_cos,-0.00747
MED00009,10,woy_cos,-0.02912
MED00010,10,woy_cos,-0.01821
MED00011,10,woy_cos,-0.05393
MED00012,10,woy_cos,-0.01626
MED00013,10,woy_cos,-0.02835
MED00014,10,woy_cos,-0.04831
MED00015,10,woy_cos,0.00092
MED00016,10,woy_cos,-0.01729
MED00017,10,woy_cos,-0.01564
MED00018,10,woy_cos,-0.00478
MED00019,10,woy_cos,-0.0234
MED00020,10,woy_cos,-0.01622
MED00021,10,woy_cos,-0.03516
MED00022,10,woy_cos,-0.02386
MED00023,10,woy_cos,-0.00969
MED00024,10,woy_cos,-0.02878
MED00025,10,woy_cos,0.03297
MED00026,10,woy_cos,-0.02593
MED00027,10,woy_cos,0.01361
MED00028,10,woy_cos,-0.00454
MED00029,10,woy_cos,-0.00771
MED00030,10,woy_cos,-0.03
MED00031,10,woy_cos,-0.02132
MED00032,10,woy_cos,-0.02842
MED00033,10,woy_cos,-0.01128
MED00034,10,woy_cos,-0.03435
MED00035,10,woy_cos,0.01403
MED00036,10,woy_cos,-0.02409
MED00037,10,woy_cos,-0.0414
MED00038,10,woy_cos,-0.01945
MED00039,10,woy_cos,-0.03372
MED00040,10,woy_cos,-0.0396
MED00041,10,woy_cos,-0.01343
MED00042,10,woy_cos,-0.02081
MED00043,10,woy_cos,-0.0095
MED00044,10,woy_cos,-0.0212
MED00045,10,woy_cos,-0.01627
MED00046,10,woy_cos,-0.01789
MED00047,10,woy_cos,-0.04008
MED00048,10,woy_cos,-0.01693
MED00049,10,woy_cos,0.04903
MED00050,10,woy_cos,-0.03125
MED00051,10,woy_cos,0.03535
MED00052,10,woy_cos,-0.01032
MED00053,10,woy_cos,-0.01418
MED00054,10,woy_cos,-0.02478
MED00055,10,woy_cos,-0.02567
MED00056,10,woy_cos,-0.05407
MED00057,10,woy_cos,-0.05888
MED00058,10,woy_cos,-0.01906
MED00059,10,woy_cos,-0.02216
MED00060,10,woy_cos,-0.047
MED00061,10,woy_cos,-0.01073
MED00062,10,woy_cos,-0.03004
MED00063,10,woy_cos,0.03614
MED00064,10,woy_cos,-0.03275
MED00065,10,woy_cos,0.00049
MED00066,10,woy_cos,-0.00713
MED00067,10,woy_cos,-0.01572
MED00068,10,woy_cos,-0.03017
MED00069,10,woy_cos,-0.01927
MED00070,10,woy_cos,-0.0228
MED00071,10,woy_cos,-0.02056
MED00072,10,woy_cos,-0.01821
MED00073,10,woy_cos,-0.02906
MED00074,10,woy_cos,-0.02711
MED00075,10,woy_cos,-0.02858
MED00076,10,woy_cos,0.05109
MED00077,10,woy_cos,-0.03391
MED00078,10,woy_cos,-0.01685
MED00079,10,woy_cos,-0.02748
MED00080,10,woy_cos,-0.03141
MED00081,10,woy_cos,-0.00063
MED00082,10,woy_cos,-0.02843
MED00083,10,woy_cos,-0.03783
MED00084,10,woy_cos,-0.02333
MED00085,10,woy_cos,-0.01927
MED00086,10,woy_cos,-0.00778
MED00087,10,woy_cos,-0.01302
MED00088,10,woy_cos,-0.00992
MED00089,10,woy_cos,-0.01582
MED00090,10,woy_cos,-0.02279
MED00091,10,woy_cos,-0.01666
MED00092,10,woy_cos,-0.01713
MED00093,10,woy_cos,0.00184
MED00094,10,woy_cos,-0.03955
MED00095,10,woy_cos,-0.02316
MED00096,10,woy_cos,-0.02099
MED00097,10,woy_cos,-0.0361
MED00098,10,woy_cos,-0.01492
MED00099,10,woy_cos,-0.0082
MED00100,10,woy_cos,0.0617
MED00101,10,woy_cos,-0.04721
MED00102,10,woy_cos,-0.0453
MED00103,10,woy_cos,-0.0293
MED00104,10,woy_cos,-0.01513
MED00105,10,woy_cos,-0.01366
MED00106,10,woy_cos,0.05718
MED00107,10,woy_cos,-0.01526
MED00108,10,woy_cos,-0.02482
MED00109,10,woy_cos,-0.00923
MED00110,10,woy_cos,-0.02464
MED00111,10,woy_cos,0.00854
MED00112,10,woy_cos,-0.02496
MED00113,10,woy_cos,-0.01553
MED00114,10,woy_cos,-0.02081
MED00115,10,woy_cos,-0.01577
MED00116,10,woy_cos,-0.02591
MED00117,10,woy_cos,-0.01836
MED00118,10,woy_cos,-0.01643
MED00119,10,woy_cos,-0.01535
MED00120,10,woy_cos,-0.0159
MED00121,10,woy_cos,-0.02689
MED00122,10,woy_cos,-0.01357
MED00123,10,woy_cos,-0.01895
MED00124,10,woy_cos,-0.01624
MED00125,10,woy_cos,0.04985
MED00126,10,woy_cos,-0.00456
MED00127,10,woy_cos,-0.02191
MED00128,10,woy_cos,-0.01673
MED00129,10,woy_cos,-0.02626
MED00130,10,woy_cos,0.04793
MED00131,10,woy_cos,-0.0196
MED00132,10,woy_cos,-0.026
MED00133,10,woy_cos,-0.0127
MED00134,10,woy_cos,-0.0281
MED00135,10,woy_cos,-0.00895
MED00136,10,woy_cos,-0.03369
MED00137,10,woy_cos,-0.02526
MED00138,10,woy_cos,-0.01633
MED00139,10,woy_cos,-0.02909
MED00140,10,woy_cos,-0.01682
MED00141,10,woy_cos,-0.0414
MED00142,10,woy_cos,-0.02905
MED00143,10,woy_cos,-0.01721
MED00144,10,woy_cos,-0.02958
MED00145,10,woy_cos,-0.01064
MED00146,10,woy_cos,-0.01554
MED00147,10,woy_cos,-0.02477
MED00148,10,woy_cos,-0.04805
MED00149,10,woy_cos,-0.03016
MED00150,10,woy_cos,-0.01388
MED00151,10,woy_cos,-0.01667
MED00152,10,woy_cos,-0.01906
MED00153,10,woy_cos,-0.01708
MED00154,10,woy_cos,-0.02496
MED00155,10,woy_cos,-0.01623
MED00156,10,woy_cos,-0.02784
MED00157,10,woy_cos,-0.03497
MED00158,10,woy_cos,0.01045
MED00159,10,woy_cos,-0.00968
MED00160,10,woy_cos,-0.03295
MED00161,10,woy_cos,-0.02785
MED00162,10,woy_cos,-0.01378
MED00163,10,woy_cos,-0.00057
MED00164,10,woy_cos,-0.01668
MED00165,10,woy_cos,-0.00623
MED00166,10,woy_cos,-0.01408
MED00167,10,woy_cos,-0.01692
MED00168,10,woy_cos,-0.0187
MED00169,10,woy_cos,-0.0368
MED00170,10,woy_cos,-0.01564
MED00171,10,woy_cos,-0.01578
MED00172,10,woy_cos,-0.01777
MED00173,10,woy_cos,-0.01644
MED00174,10,woy_cos,-0.04389
MED00175,10,woy_cos,-0.01732
MED00176,10,woy_cos,-0.03645
MED00177,10,woy_cos,-0.02729
MED00178,10,woy_cos,-0.02879
MED00179,10,woy_cos,-0.04754
MED00180,10,woy_cos,-0.02015
MED00181,10,woy_cos,-0.02555
MED00182,10,woy_cos,-0.03038
MED00183,10,woy_cos,-0.02971
MED00184,10,woy_cos,-0.01225
MED00185,10,woy_cos,-0.02003
MED00186,10,woy_cos,-0.01586
MED00187,10,woy_cos,-0.01402
MED00188,10,woy_cos,-0.02467
MED00189,10,woy_cos,0.05429
MED00190,10,woy_cos,-0.01454
MED00191,10,woy_cos,-0.02594
MED00192,10,woy_cos,0.0392
MED00193,10,woy_cos,0.01646
MED00194,10,woy_cos,-0.00609
MED00195,10,woy_cos,-0.01438
MED00196,10,woy_cos,0.00321
MED00197,10,woy_cos,-0.01167
MED00198,10,woy_cos,-0.01768
MED00199,10,woy_cos,-0.02294
MED00200,10,woy_cos,-0.01632
MED00201,10,woy_cos,-0.01706
MED00202,10,woy_cos,-0.01854
MED00203,10,woy_cos,-0.01868
MED00204,10,woy_cos,-0.01691
MED00205,10,woy_cos,-0.01554
MED00206,10,woy_cos,-0.02648
MED00207,10,woy_cos,-0.0153
MED00208,10,woy_cos,-0.0123
MED00209,10,woy_cos,-0.01885
MED00210,10,woy_cos,-0.01283
MED00211,10,woy_cos,-0.01803
MED00212,10,woy_cos,-0.01955
MED00213,10,woy_cos,-0.02415
MED00214,10,woy_cos,-0.01886
MED00215,10,woy_cos,-0.0137
MED00216,10,woy_cos,0.07026
MED00217,10,woy_cos,0.04672
MED00218,10,woy_cos,-0.03483
MED00219,10,woy_cos,-0.00963
MED00220,10,woy_cos,-0.01587
MED00221,10,woy_cos,-0.02711
MED00222,10,woy_cos,-0.03448
MED00223,10,woy_cos,-0.02056
MED00224,10,woy_cos,-0.01525
MED00225,10,woy_cos,-0.03003
MED00226,10,woy_cos,-0.01723
MED00227,10,woy_cos,-0.03227
MED00228,10,woy_cos,-0.04051
MED00229,10,woy_cos,0.01546
MED00230,10,woy_cos,-0.01663
MED00231,10,woy_cos,-0.01592
MED00232,10,woy_cos,-0.0294
MED00233,10,woy_cos,-0.01071
MED00234,10,woy_cos,-0.01848
MED00235,10,woy_cos,-0.00449
MED00236,10,woy_cos,-0.01635
MED00237,10,woy_cos,-0.0334
MED00238,10,woy_cos,-0.01999
MED00239,10,woy_cos,-0.02541
MED00240,10,woy_cos,-0.03718
MED00241,10,woy_cos,-0.02047
MED00242,10,woy_cos,-0.00555
MED00243,10,woy_cos,0.03188
MED00244,10,woy_cos,-0.01497
MED00245,10,woy_cos,0.01362
MED00246,10,woy_cos,-0.03847
MED00247,10,woy_cos,-0.01423
MED00248,10,woy_cos,-0.02719
MED00249,10,woy_cos,-0.0474
MED00250,10,woy_cos,-0.02598
MED00251,10,woy_cos,-0.01503
MED00252,10,woy_cos,-0.01951
MED00253,10,woy_cos,-0.02261
MED00254,10,woy_cos,-0.03161
MED00255,10,woy_cos,-0.02799
MED00256,10,woy_cos,-0.01863
MED00257,10,woy_cos,-0.04239
MED00258,10,woy_cos,-0.01031
MED00259,10,woy_cos,-0.01809
MED00260,10,woy_cos,-0.04402
MED00261,10,woy_cos,-0.02761
MED00262,10,woy_cos,-0.03352
MED00263,10,woy_cos,-0.02753
MED00264,10,woy_cos,-0.01649
MED00265,10,woy_cos,-0.02782
MED00266,10,woy_cos,-0.00536
MED00267,10,woy_cos,-0.03821
MED00268,10,woy_cos,-0.01272
MED00269,10,woy_cos,-0.01653
MED00270,10,woy_cos,-0.01887
MED00271,10,woy_cos,-0.02237
MED00272,10,woy_cos,-0.0376
MED00273,10,woy_cos,-0.0301
MED00274,10,woy_cos,-0.00368
MED00275,10,woy_cos,-0.02501
MED00276,10,woy_cos,-0.01622
MED00277,10,woy_cos,0.05267
MED00278,10,woy_cos,-0.01643
MED00279,10,woy_cos,-0.03649
MED00280,10,woy_cos,0.04815
MED00281,10,woy_cos,-0.02658
MED00282,10,woy_cos,-0.0335
MED00283,10,woy_cos,-0.01304
MED00284,10,woy_cos,-0.01777
MED00285,10,woy_cos,-0.04031
MED00286,10,woy_cos,-0.04333
MED00287,10,woy_cos,-0.02508
MED00288,10,woy_cos,-0.03904
MED00289,10,woy_cos,-0.03255
MED00290,10,woy_cos,-0.01878
MED00291,10,woy_cos,-0.02853
MED00292,10,woy_cos,-0.04653
MED00293,10,woy_cos,-0.02974
MED00294,10,woy_cos,-0.02394
MED00295,10,woy_cos,0.00973
MED00296,10,woy_cos,-0.03136
MED00297,10,woy_cos,-0.02706
MED00298,10,woy_cos,-0.01667
MED00299,10,woy_cos,-0.00689
MED00300,10,woy_cos,-0.01988
MED00301,10,woy_cos,-0.04286
MED00302,10,woy_cos,-0.01465
MED00303,10,woy_cos,-0.01608
MED00304,10,woy_cos,-0.03454
MED00305,10,woy_cos,-0.01648
MED00306,10,woy_cos,0.00801
MED00307,10,woy_cos,-0.02441
MED00308,10,woy_cos,-0.04075
MED00309,10,woy_cos,-0.02839
MED00310,10,woy_cos,-0.03787
MED00311,10,woy_cos,-0.03423
MED00312,10,woy_cos,-0.0146
MED00313,10,woy_cos,-0.03681
MED00314,10,woy_cos,-0.0094
MED00315,10,woy_cos,-0.01492
MED00316,10,woy_cos,-0.02718
MED00317,10,woy_cos,-0.01459
MED00318,10,woy_cos,-0.02097
MED00319,10,woy_cos,-0.01407
MED00320,10,woy_cos,-0.05882
MED00321,10,woy_cos,-0.02249
MED00322,10,woy_cos,0.05262
MED00323,10,woy_cos,-0.01101
MED00324,10,woy_cos,-0.0277
MED00325,10,woy_cos,-0.02181
MED00326,10,woy_cos,-0.01382
MED00327,10,woy_cos,-0.02701
MED00328,10,woy_cos,-0.03054
MED00329,10,woy_cos,-0.01386
MED00330,10,woy_cos,-0.03218
MED00331,10,woy_cos,-0.01873
MED00332,10,woy_cos,-0.02576
MED00333,10,woy_cos,-0.02831
MED00334,10,woy_cos,-0.01538
MED00335,10,woy_cos,-0.04844
MED00336,10,woy_cos,-0.02804
MED00337,10,woy_cos,-0.0215
MED00338,10,woy_cos,-0.02905
MED00339,10,woy_cos,-0.02025
MED00340,10,woy_cos,0.00092
MED00341,10,woy_cos,-0.03951
MED00342,10,woy_cos,-0.01513
MED00343,10,woy_cos,-0.01741
MED00344,10,woy_cos,-0.05939
MED00345,10,woy_cos,0.05234
MED00346,10,woy_cos,-0.02834
MED00347,10,woy_cos,0.05552
MED00348,10,woy_cos,-0.02946
MED00349,10,woy_cos,-0.01887
MED00350,10,woy_cos,-0.02503
MED00351,10,woy_cos,-0.0231
MED00352,10,woy_cos,-0.01297
MED00353,10,woy_cos,-0.02961
MED00354,10,woy_cos,-0.01237
MED00355,10,woy_cos,-0.01395
MED00356,10,woy_cos,-0.01494
MED00357,10,woy_cos,0.03688
MED00358,10,woy_cos,-0.05023
MED00359,10,woy_cos,-0.01586
MED00360,10,woy_cos,-0.02072
MED00361,10,woy_cos,-0.01675
MED00362,10,woy_cos,-0.01487
MED00363,10,woy_cos,-0.01642
MED00364,10,woy_cos,0.05689
MED00365,10,woy_cos,-0.01701
MED00366,10,woy_cos,-0.01723
MED00367,10,woy_cos,-0.01717
MED00368,10,woy_cos,-0.02486
MED00369,10,woy_cos,-0.03275
MED00370,10,woy_cos,-0.02584
MED00371,10,woy_cos,-0.01771
MED00372,10,woy_cos,0.03919
MED00373,10,woy_cos,-0.00567
MED00374,10,woy_cos,-0.02317
MED00375,10,woy_cos,-0.0173
MED00376,10,woy_cos,-0.01586
MED00377,10,woy_cos,-0.04293
MED00378,10,woy_cos,-0.03234
MED00379,10,woy_cos,-0.01274
MED00380,10,woy_cos,-0.01062
MED00381,10,woy_cos,0.00324
MED00382,10,woy_cos,-0.02487
MED00383,10,woy_cos,-0.02245
MED00384,10,woy_cos,-0.01584
MED00385,10,woy_cos,-0.03043
MED00386,10,woy_cos,-0.02222
MED00387,10,woy_cos,-0.03504
MED00388,10,woy_cos,0.0023
MED00389,10,woy_cos,-0.01582
MED00390,10,woy_cos,-0.04458
MED00391,10,woy_cos,-0.03969
MED00392,10,woy_cos,-0.04217
MED00393,10,woy_cos,-0.02747
MED00394,10,woy_cos,-0.02801
MED00395,10,woy_cos,-0.04169
MED00396,10,woy_cos,0.02345
MED00397,10,woy_cos,-0.01663
MED00398,10,woy_cos,0.00821
MED00399,10,woy_cos,0.01129
MED00400,10,woy_cos,0.00573
MED00401,10,woy_cos,-0.03351
MED00402,10,woy_cos,-0.03901
MED00403,10,woy_cos,-0.01316
MED00404,10,woy_cos,-0.03797
MED00405,10,woy_cos,-0.01846
MED00406,10,woy_cos,-0.04436
MED00407,10,woy_cos,-0.04025
MED00408,10,woy_cos,-0.03304
MED00409,10,woy_cos,-0.0162
MED00410,10,woy_cos,-0.00979
MED00411,10,woy_cos,-0.0393
MED00412,10,woy_cos,-0.02196
MED00413,10,woy_cos,-0.02134
MED00414,10,woy_cos,-0.04506
MED00415,10,woy_cos,-0.02453
MED00416,10,woy_cos,-0.03661
MED00417,10,woy_cos,-0.02756
MED00418,10,woy_cos,-0.03727
MED00419,10,woy_cos,-0.01792
MED00420,10,woy_cos,-0.04631
MED00421,10,woy_cos,-0.05052
MED00422,10,woy_cos,-0.03279
MED00423,10,woy_cos,-0.01931
MED00424,10,woy_cos,-0.02198
MED00001,11,woy_cos,-0.0256
MED00002,11,woy_cos,0.03588
MED00003,11,woy_cos,0.0093
MED00004,11,woy_cos,-0.0188
MED00005,11,woy_cos,-0.02408
MED00006,11,woy_cos,-0.01738
MED00007,11,woy_cos,-0.03218
MED00008,11,woy_cos,-0.01282
MED00009,11,woy_cos,-0.03025
MED00010,11,woy_cos,-0.01755
MED00011,11,woy_cos,-0.06535
MED00012,11,woy_cos,-0.01755
MED00013,11,woy_cos,-0.02982
MED00014,11,woy_cos,-0.05388
MED00015,11,woy_cos,-0.00481
MED00016,11,woy_cos,-0.02029
MED00017,11,woy_cos,-0.01832
MED00018,11,woy_cos,-0.00891
MED00019,11,woy_cos,-0.02042
MED00020,11,woy_cos,-0.02032
MED00021,11,woy_cos,-0.03927
MED00022,11,woy_cos,-0.02661
MED00023,11,woy_cos,0.00071
MED00024,11,woy_cos,-0.03107
MED00025,11,woy_cos,0.03063
MED00026,11,woy_cos,-0.03146
MED00027,11,woy_cos,0.01407
MED00028,11,woy_cos,-0.01015
MED00029,11,woy_cos,-0.01908
MED00030,11,woy_cos,-0.04242
MED00031,11,woy_cos,-0.02735
MED00032,11,woy_cos,-0.027
MED00033,11,woy_cos,-0.01991
MED00034,11,woy_cos,-0.03884
MED00035,11,woy_cos,0.02042
MED00036,11,woy_cos,-0.01734
MED00037,11,woy_cos,-0.03838
MED00038,11,woy_cos,-0.02362
MED00039,11,woy_cos,-0.03099
MED00040,11,woy_cos,-0.03963
MED00041,11,woy_cos,-0.01916
MED00042,11,woy_cos,-0.03485
MED00043,11,woy_cos,-0.0136
MED00044,11,woy_cos,-0.0206
MED00045,11,woy_cos,-0.01657
MED00046,11,woy_cos,-0.02018
MED00047,11,woy_cos,-0.04242
MED00048,11,woy_cos,-0.02014
MED00049,11,woy_cos,0.04819
MED00050,11,woy_cos,-0.03258
MED00051,11,woy_cos,0.14567
MED00052,11,woy_cos,-0.01684
MED00053,11,woy_cos,-0.0376
MED00054,11,woy_cos,-0.0294
MED00055,11,woy_cos,-0.01369
MED00056,11,woy_cos,-0.05267
MED00057,11,woy_cos,-0.06169
MED00058,11,woy_cos,-0.01885
MED00059,11,woy_cos,-0.0296
MED00060,11,woy_cos,-0.04665
MED00061,11,woy_cos,-0.01262
MED00062,11,woy_cos,-0.03452
MED00063,11,woy_cos,0.05207
MED00064,11,woy_cos,-0.03263
MED00065,11,woy_cos,-0.00465
MED00066,11,woy_cos,-0.01196
MED00067,11,woy_cos,-0.01875
MED00068,11,woy_cos,-0.03349
MED00069,11,woy_cos,-0.02058
MED00070,11,woy_cos,-0.02475
MED00071,11,woy_cos,-0.0205
MED00072,11,woy_cos,-0.02101
MED00073,11,woy_cos,-0.03442
MED00074,11,woy_cos,-0.03044
MED00075,11,woy_cos,-0.02984
MED00076,11,woy_cos,0.04775
MED00077,11,woy_cos,-0.0372
MED00078,11,woy_cos,-0.02112
MED00079,11,woy_cos,-0.03334
MED00080,11,woy_cos,-0.03609
MED00081,11,woy_cos,-0.00487
MED00082,11,woy_cos,-0.03027
MED00083,11,woy_cos,-0.0381
MED00084,11,woy_cos,-0.03199
MED00085,11,woy_cos,-0.02099
MED00086,11,woy_cos,-0.00145
MED00087,11,woy_cos,-0.01509
MED00088,11,woy_cos,-0.01771
MED00089,11,woy_cos,-0.02036
MED00090,11,woy_cos,-0.03098
MED00091,11,woy_cos,-0.01937
MED00092,11,woy_cos,-0.01847
MED00093,11,woy_cos,-0.00114
MED00094,11,woy_cos,-0.04252
MED00095,11,woy_cos,-0.02532
MED00096,11,woy_cos,-0.02596
MED00097,11,woy_cos,-0.0301
MED00098,11,woy_cos,-0.01748
MED00099,11,woy_cos,-0.00553
MED00100,11,woy_cos,0.07232
MED00101,11,woy_cos,-0.05264
MED00102,11,woy_cos,-0.04226
MED00103,11,woy_cos,-0.03045
MED00104,11,woy_cos,-0.01821
MED00105,11,woy_cos,-0.01596
MED00106,11,woy_cos,0.06017
MED00107,11,woy_cos,-0.01821
MED00108,11,woy_cos,-0.02728
MED00109,11,woy_cos,-0.01684
MED00110,11,woy_cos,-0.03239
MED00111,11,woy_cos,0.00578
MED00112,11,woy_cos,-0.02855
MED00113,11,woy_cos,-0.01537
MED00114,11,woy_cos,-0.02034
MED00115,11,woy_cos,-0.01675
MED00116,11,woy_cos,-0.02742
MED00117,11,woy_cos,-0.01797
MED00118,11,woy_cos,-0.01787
MED00119,11,woy_cos,-0.0156
MED00120,11,woy_cos,-0.02126
MED00121,11,woy_cos,-0.03008
MED00122,11,woy_cos,-0.01614
MED00123,11,woy_cos,-0.02531
MED00124,11,woy_cos,-0.021
MED00125,11,woy_cos,0.04284
MED00126,11,woy_cos,-0.01382
MED00127,11,woy_cos,-0.02166
MED00128,11,woy_cos,-0.01698
MED00129,11,woy_cos,-0.0268
MED00130,11,woy_cos,0.04705
MED00131,11,woy_cos,-0.0216
MED00132,11,woy_cos,-0.03082
MED00133,11,woy_cos,-0.01603
MED00134,11,woy_cos,-0.03572
MED00135,11,woy_cos,-0.01393
MED00136,11,woy_cos,-0.03934
MED00137,11,woy_cos,-0.0224
MED00138,11,woy_cos,-0.01592
MED00139,11,woy_cos,-0.02908
MED00140,11,woy_cos,-0.01818
MED00141,11,woy_cos,-0.04354
MED00142,11,woy_cos,-0.02275
MED00143,11,woy_cos,-0.01796
MED00144,11,woy_cos,-0.03098
MED00145,11,woy_cos,-0.01344
MED00146,11,woy_cos,-0.02879
MED00147,11,woy_cos,-0.02704
MED00148,11,woy_cos,-0.04752
MED00149,11,woy_cos,-0.0343
MED00150,11,woy_cos,-0.01799
MED00151,11,woy_cos,-0.01693
MED00152,11,woy_cos,-0.02038
MED00153,11,woy_cos,-0.01814
MED00154,11,woy_cos,-0.02474
MED00155,11,woy_cos,-0.01755
MED00156,11,woy_cos,-0.02677
MED00157,11,woy_cos,-0.03589
MED00158,11,woy_cos,0.0112
MED00159,11,woy_cos,-0.01687
MED00160,11,woy_cos,-0.03549
MED00161,11,woy_cos,-0.03007
MED00162,11,woy_cos,-0.01499
MED00163,11,woy_cos,-0.00625
MED00164,11,woy_cos,-0.01796
MED00165,11,woy_cos,-0.03495
MED00166,11,woy_cos,-0.01521
MED00167,11,woy_cos,-0.01917
MED00168,11,woy_cos,-0.01914
MED00169,11,woy_cos,-0.03918
MED00170,11,woy_cos,-0.0169
MED00171,11,woy_cos,-0.01736
MED00172,11,woy_cos,-0.02228
MED00173,11,woy_cos,-0.01746
MED00174,11,woy_cos,-0.0365
MED00175,11,woy_cos,-0.00479
MED00176,11,woy_cos,-0.04214
MED00177,11,woy_cos,-0.02241
MED00178,11,woy_cos,-0.02677
MED00179,11,woy_cos,-0.03697
MED00180,11,woy_cos,-0.02117
MED00181,11,woy_cos,-0.02805
MED00182,11,woy_cos,-0.03027
MED00183,11,woy_cos,-0.03632
MED00184,11,woy_cos,-0.01069
MED00185,11,woy_cos,-0.01882
MED00186,11,woy_cos,-0.01613
MED00187,11,woy_cos,-0.01477
MED00188,11,woy_cos,-0.02663
MED00189,11,woy_cos,0.05411
MED00190,11,woy_cos,-0.01747
MED00191,11,woy_cos,-0.03569
MED00192,11,woy_cos,0.03965
MED00193,11,woy_cos,0.03035
MED00194,11,woy_cos,-0.01365
MED00195,11,woy_cos,-0.02541
MED00196,11,woy_cos,-0.02089
MED00197,11,woy_cos,-0.0262
MED00198,11,woy_cos,-0.01979
MED00199,11,woy_cos,-0.0295
MED00200,11,woy_cos,-0.01583
MED00201,11,woy_cos,-0.01948
MED00202,11,woy_cos,-0.02201
MED00203,11,woy_cos,-0.02109
MED00204,11,woy_cos,-0.01769
MED00205,11,woy_cos,-0.01805
MED00206,11,woy_cos,-0.01524
MED00207,11,woy_cos,-0.01966
MED00208,11,woy_cos,-0.01459
MED00209,11,woy_cos,-0.02021
MED00210,11,woy_cos,-0.00405
MED00211,11,woy_cos,-0.01855
MED00212,11,woy_cos,-0.01987
MED00213,11,woy_cos,-0.03413
MED00214,11,woy_cos,-0.02232
MED00215,11,woy_cos,-0.01513
MED00216,11,woy_cos,0.07084
MED00217,11,woy_cos,0.04649
MED00218,11,woy_cos,-0.03704
MED00219,11,woy_cos,-0.01853
MED00220,11,woy_cos,-0.01371
MED00221,11,woy_cos,-0.03019
MED00222,11,woy_cos,-0.02865
MED00223,11,woy_cos,-0.02247
MED00224,11,woy_cos,-0.01665
MED00225,11,woy_cos,-0.03395
MED00226,11,woy_cos,-0.02075
MED00227,11,woy_cos,-0.03166
MED00228,11,woy_cos,-0.04286
MED00229,11,woy_cos,0.00674
MED00230,11,woy_cos,-0.01634
MED00231,11,woy_cos,-0.01622
MED00232,11,woy_cos,-0.02938
MED00233,11,woy_cos,-0.01873
MED00234,11,woy_cos,-0.019
MED00235,11,woy_cos,-0.00474
MED00236,11,woy_cos,-0.01621
MED00237,11,woy_cos,-0.03831
MED00238,11,woy_cos,-0.02376
MED00239,11,woy_cos,-0.02785
MED00240,11,woy_cos,-0.04114
MED00241,11,woy_cos,-0.02193
MED00242,11,woy_cos,-0.02152
MED00243,11,woy_cos,0.03136
MED00244,11,woy_cos,-0.01711
MED00245,11,woy_cos,0.011
MED00246,11,woy_cos,-0.04045
MED00247,11,woy_cos,-0.01675
MED00248,11,woy_cos,-0.02825
MED00249,11,woy_cos,-0.05047
MED00250,11,woy_cos,-0.02951
MED00251,11,woy_cos,-0.01795
MED00252,11,woy_cos,-0.01139
MED00253,11,woy_cos,-0.02487
MED00254,11,woy_cos,-0.02227
MED00255,11,woy_cos,-0.04456
MED00256,11,woy_cos,-0.02179
MED00257,11,woy_cos,-0.04492
MED00258,11,woy_cos,-0.01286
MED00259,11,woy_cos,-0.01609
MED00260,11,woy_cos,-0.03446
MED00261,11,woy_cos,-0.01771
MED00262,11,woy_cos,-0.03623
MED00263,11,woy_cos,-0.03011
MED00264,11,woy_cos,-0.02853
MED00265,11,woy_cos,-0.02988
MED00266,11,woy_cos,-0.01182
MED00267,11,woy_cos,-0.03989
MED00268,11,woy_cos,-0.01551
MED00269,11,woy_cos,-0.01681
MED00270,11,woy_cos,-0.02103
MED00271,11,woy_cos,-0.02436
MED00272,11,woy_cos,-0.03909
MED00273,11,woy_cos,-0.03018
MED00274,11,woy_cos,-0.01344
MED00275,11,woy_cos,-0.02867
MED00276,11,woy_cos,-0.01859
MED00277,11,woy_cos,0.05217
MED00278,11,woy_cos,-0.01877
MED00279,11,woy_cos,-0.036
MED00280,11,woy_cos,0.04771
MED00281,11,woy_cos,-0.02935
MED00282,11,woy_cos,-0.03357
MED00283,11,woy_cos,-0.01871
MED00284,11,woy_cos,-0.019
MED00285,11,woy_cos,-0.04267
MED00286,11,woy_cos,-0.04629
MED00287,11,woy_cos,-0.02876
MED00288,11,woy_cos,-0.03933
MED00289,11,woy_cos,-0.03522
MED00290,11,woy_cos,-0.01929
MED00291,11,woy_cos,-0.02487
MED00292,11,woy_cos,-0.0474
MED00293,11,woy_cos,-0.03503
MED00294,11,woy_cos,-0.01985
MED00295,11,woy_cos,0.0076
MED00296,11,woy_cos,-0.03366
MED00297,11,woy_cos,-0.02865
MED00298,11,woy_cos,-0.02101
MED00299,11,woy_cos,0.00347
MED00300,11,woy_cos,-0.02228
MED00301,11,woy_cos,-0.04707
MED00302,11,woy_cos,-0.01585
MED00303,11,woy_cos,-0.01733
MED00304,11,woy_cos,-0.03822
MED00305,11,woy_cos,-0.01662
MED00306,11,woy_cos,0.02278
MED00307,11,woy_cos,-0.02634
MED00308,11,woy_cos,-0.03114
MED00309,11,woy_cos,-0.03053
MED00310,11,woy_cos,-0.03637
MED00311,11,woy_cos,-0.03591
MED00312,11,woy_cos,-0.02045
MED00313,11,woy_cos,-0.04702
MED00314,11,woy_cos,-0.01575
MED00315,11,woy_cos,-0.01728
MED00316,11,woy_cos,-0.0276
MED00317,11,woy_cos,-0.01676
MED00318,11,woy_cos,-0.02358
MED00319,11,woy_cos,-0.01749
MED00320,11,woy_cos,-0.05407
MED00321,11,woy_cos,-0.0307
MED00322,11,woy_cos,0.05176
MED00323,11,woy_cos,-0.02013
MED00324,11,woy_cos,-0.03493
MED00325,11,woy_cos,-0.02446
MED00326,11,woy_cos,-0.0161
MED00327,11,woy_cos,-0.02756
MED00328,11,woy_cos,-0.03301
MED00329,11,woy_cos,-0.01647
MED00330,11,woy_cos,-0.03508
MED00331,11,woy_cos,-0.01894
MED00332,11,woy_cos,-0.02727
MED00333,11,woy_cos,-0.03169
MED00334,11,woy_cos,-0.01812
MED00335,11,woy_cos,-0.05195
MED00336,11,woy_cos,-0.03431
MED00337,11,woy_cos,-0.02442
MED00338,11,woy_cos,-0.03513
MED00339,11,woy_cos,-0.02193
MED00340,11,woy_cos,-0.00356
MED00341,11,woy_cos,-0.04262
MED00342,11,woy_cos,-0.01672
MED00343,11,woy_cos,-0.02081
MED00344,11,woy_cos,-0.05749
MED00345,11,woy_cos,0.05076
MED00346,11,woy_cos,-0.02941
MED00347,11,woy_cos,0.0785
MED00348,11,woy_cos,-0.03198
MED00349,11,woy_cos,-0.01949
MED00350,11,woy_cos,-0.03277
MED00351,11,woy_cos,-0.02972
MED00352,11,woy_cos,-0.01163
MED00353,11,woy_cos,-0.03807
MED00354,11,woy_cos,-0.02262
MED00355,11,woy_cos,-0.0211
MED00356,11,woy_cos,-0.01585
MED00357,11,woy_cos,0.0357
MED00358,11,woy_cos,-0.04834
MED00359,11,woy_cos,-0.01729
MED00360,11,woy_cos,-0.02371
MED00361,11,woy_cos,-0.01857
MED00362,11,woy_cos,-0.02004
MED00363,11,woy_cos,-0.01864
MED00364,11,woy_cos,0.08
MED00365,11,woy_cos,-0.01773
MED00366,11,woy_cos,-0.01974
MED00367,11,woy_cos,-0.01838
MED00368,11,woy_cos,-0.02643
MED00369,11,woy_cos,-0.03529
MED00370,11,woy_cos,-0.02164
MED00371,11,woy_cos,-0.0242
MED00372,11,woy_cos,0.03866
MED00373,11,woy_cos,-0.0086
MED00374,11,woy_cos,-0.02342
MED00375,11,woy_cos,-0.02065
MED00376,11,woy_cos,-0.01802
MED00377,11,woy_cos,-0.04493
MED00378,11,woy_cos,-0.03798
MED00379,11,woy_cos,-0.01886
MED00380,11,woy_cos,-0.0188
MED00381,11,woy_cos,-0.00706
MED00382,11,woy_cos,-0.02391
MED00383,11,woy_cos,-0.02588
MED00384,11,woy_cos,-0.01622
MED00385,11,woy_cos,-0.03506
MED00386,11,woy_cos,-0.02617
MED00387,11,woy_cos,-0.03758
MED00388,11,woy_cos,-0.00931
MED00389,11,woy_cos,-0.01704
MED00390,11,woy_cos,-0.04696
MED00391,11,woy_cos,-0.04351
MED00392,11,woy_cos,-0.04544
MED00393,11,woy_cos,-0.03163
MED00394,11,woy_cos,-0.03436
MED00395,11,woy_cos,-0.04725
MED00396,11,woy_cos,0.0144
MED00397,11,woy_cos,-0.01889
MED00398,11,woy_cos,0.00323
MED00399,11,woy_cos,0.00759
MED00400,11,woy_cos,0.00169
MED00401,11,woy_cos,-0.03985
MED00402,11,woy_cos,-0.04092
MED00403,11,woy_cos,-0.01567
MED00404,11,woy_cos,-0.03905
MED00405,11,woy_cos,-0.01988
MED00406,11,woy_cos,-0.04551
MED00407,11,woy_cos,-0.04454
MED00408,11,woy_cos,-0.03697
MED00409,11,woy_cos,-0.02862
MED00410,11,woy_cos,-0.02451
MED00411,11,woy_cos,-0.04421
MED00412,11,woy_cos,-0.02567
MED00413,11,woy_cos,-0.02502
MED00414,11,woy_cos,-0.0479
MED00415,11,woy_cos,-0.0281
MED00416,11,woy_cos,-0.04137
MED00417,11,woy_cos,-0.02854
MED00418,11,woy_cos,-0.03959
MED00419,11,woy_cos,-0.02165
MED00420,11,woy_cos,-0.04884
MED00421,11,woy_cos,-0.05275
MED00422,11,woy_cos,-0.03767
MED00423,11,woy_cos,-0.02433
MED00424,11,woy_cos,-0.02394
MED00001,12,woy_cos,-0.02274
MED00002,12,woy_cos,0.06697
MED00003,12,woy_cos,0.0454
MED00004,12,woy_cos,0.00081
MED00005,12,woy_cos,-0.02167
MED00006,12,woy_cos,-0.01098
MED00007,12,woy_cos,-0.02887
MED00008,12,woy_cos,-0.00078
MED00009,12,woy_cos,-0.03232
MED00010,12,woy_cos,0.06525
MED00011,12,woy_cos,-0.06247
MED00012,12,woy_cos,-0.01258
MED00013,12,woy_cos,-0.0309
MED00014,12,woy_cos,-0.0306
MED00015,12,woy_cos,0.00388
MED00016,12,woy_cos,-0.01371
MED00017,12,woy_cos,-0.01285
MED00018,12,woy_cos,-0.01051
MED00019,12,woy_cos,-0.0195
MED00020,12,woy_cos,-0.01642
MED00021,12,woy_cos,-0.04995
MED00022,12,woy_cos,-0.03716
MED00023,12,woy_cos,0.00556
MED00024,12,woy_cos,-0.03424
MED00025,12,woy_cos,0.1162
MED00026,12,woy_cos,0.04561
MED00027,12,woy_cos,0.08739
MED00028,12,woy_cos,0.00381
MED00029,12,woy_cos,-0.02308
MED00030,12,woy_cos,-0.04776
MED00031,12,woy_cos,-0.06038
MED00032,12,woy_cos,-0.02916
MED00033,12,woy_cos,-0.00324
MED00034,12,woy_cos,-0.03338
MED00035,12,woy_cos,0.01422
MED00036,12,woy_cos,-0.01105
MED00037,12,woy_cos,-0.02769
MED00038,12,woy_cos,-0.01839
MED00039,12,woy_cos,-0.03064
MED00040,12,woy_cos,0.02578
MED00041,12,woy_cos,0.00607
MED00042,12,woy_cos,-0.03534
MED00043,12,woy_cos,0.0399
MED00044,12,woy_cos,-0.02113
MED00045,12,woy_cos,-0.00728
MED00046,12,woy_cos,-0.01692
MED00047,12,woy_cos,-0.0429
MED00048,12,woy_cos,-0.01154
MED00049,12,woy_cos,0.0856
MED00050,12,woy_cos,-0.02821
MED00051,12,woy_cos,0.1971
MED00052,12,woy_cos,0.00806
MED00053,12,woy_cos,-0.04162
MED00054,12,woy_cos,-0.02777
MED00055,12,woy_cos,0.0044
MED00056,12,woy_cos,-0.01687
MED00057,12,woy_cos,-0.00267
MED00058,12,woy_cos,-0.00678
MED00059,12,woy_cos,-0.01821
MED00060,12,woy_cos,-0.05185
MED00061,12,woy_cos,0.01297
MED00062,12,woy_cos,-0.0363
MED00063,12,woy_cos,0.09238
MED00064,12,woy_cos,-0.02998
MED00065,12,woy_cos,0.00601
MED00066,12,woy_cos,0.02016
MED00067,12,woy_cos,-0.01418
MED00068,12,woy_cos,-0.04028
MED00069,12,woy_cos,-0.0192
MED00070,12,woy_cos,-0.02206
MED00071,12,woy_cos,-0.02464
MED00072,12,woy_cos,-0.02601
MED00073,12,woy_cos,-0.03548
MED00074,12,woy_cos,-0.03644
MED00075,12,woy_cos,-0.03269
MED00076,12,woy_cos,0.08432
MED00077,12,woy_cos,-0.04106
MED00078,12,woy_cos,-0.02644
MED00079,12,woy_cos,-0.02629
MED00080,12,woy_cos,-0.04333
MED00081,12,woy_cos,0.02448
MED00082,12,woy_cos,-0.03379
MED00083,12,woy_cos,-0.03486
MED00084,12,woy_cos,-0.01963
MED00085,12,woy_cos,-0.0171
MED00086,12,woy_cos,0.03276
MED00087,12,woy_cos,-0.00951
MED00088,12,woy_cos,-0.00429
MED00089,12,woy_cos,-0.0153
MED00090,12,woy_cos,-0.03265
MED00091,12,woy_cos,-0.01947
MED00092,12,woy_cos,-0.01355
MED00093,12,woy_cos,0.08832
MED00094,12,woy_cos,-0.01637
MED00095,12,woy_cos,-0.02711
MED00096,12,woy_cos,-0.01684
MED00097,12,woy_cos,-0.00803
MED00098,12,woy_cos,-0.01183
MED00099,12,woy_cos,0.04934
MED00100,12,woy_cos,0.13434
MED00101,12,woy_cos,-0.03569
MED00102,12,woy_cos,0.04797
MED00103,12,woy_cos,-0.028
MED00104,12,woy_cos,-0.0144
MED00105,12,woy_cos,-0.0064
MED00106,12,woy_cos,0.09292
MED00107,12,woy_cos,-0.01425
MED00108,12,woy_cos,-0.02674
MED00109,12,woy_cos,0.01685
MED00110,12,woy_cos,0.05228
MED00111,12,woy_cos,0.02548
MED00112,12,woy_cos,-0.02805
MED00113,12,woy_cos,-0.01104
MED00114,12,woy_cos,-0.00999
MED00115,12,woy_cos,-0.00929
MED00116,12,woy_cos,-0.01907
MED00117,12,woy_cos,-0.01045
MED00118,12,woy_cos,-0.01168
MED00119,12,woy_cos,-0.00611
MED00120,12,woy_cos,-0.01541
MED00121,12,woy_cos,-0.02939
MED00122,12,woy_cos,-0.01326
MED00123,12,woy_cos,-0.01343
MED00124,12,woy_cos,-0.01471
MED00125,12,woy_cos,0.06193
MED00126,12,woy_cos,0.00557
MED00127,12,woy_cos,-0.0206
MED00128,12,woy_cos,-0.00975
MED00129,12,woy_cos,-0.01193
MED00130,12,woy_cos,0.08496
MED00131,12,woy_cos,-0.02076
MED00132,12,woy_cos,-0.00466
MED00133,12,woy_cos,0.00811
MED00134,12,woy_cos,0.05377
MED00135,12,woy_cos,-0.00936
MED00136,12,woy_cos,-0.03495
MED00137,12,woy_cos,-0.01574
MED00138,12,woy_cos,-0.01217
MED00139,12,woy_cos,-0.02553
MED00140,12,woy_cos,-0.01254
MED00141,12,woy_cos,-0.045
MED00142,12,woy_cos,0.01275
MED00143,12,woy_cos,-0.01392
MED00144,12,woy_cos,-0.02339
MED00145,12,woy_cos,0.01242
MED00146,12,woy_cos,-0.01137
MED00147,12,woy_cos,-0.02662
MED00148,12,woy_cos,-0.05287
MED00149,12,woy_cos,-0.02996
MED00150,12,woy_cos,-0.01252
MED00151,12,woy_cos,-0.01291
MED00152,12,woy_cos,-0.01468
MED00153,12,woy_cos,-0.01175
MED00154,12,woy_cos,-0.02414
MED00155,12,woy_cos,-0.01439
MED00156,12,woy_cos,-0.02305
MED00157,12,woy_cos,-0.03938
MED00158,12,woy_cos,0.10317
MED00159,12,woy_cos,-0.0164
MED00160,12,woy_cos,-0.03559
MED00161,12,woy_cos,-0.02569
MED00162,12,woy_cos,-0.01157
MED00163,12,woy_cos,0.0131
MED00164,12,woy_cos,-0.01579
MED00165,12,woy_cos,-0.04502
MED00166,12,woy_cos,-0.0118
MED00167,12,woy_cos,-0.01477
MED00168,12,woy_cos,-0.01012
MED00169,12,woy_cos,-0.00817
MED00170,12,woy_cos,-0.01418
MED00171,12,woy_cos,-0.01388
MED00172,12,woy_cos,-0.02017
MED00173,12,woy_cos,-0.01024
MED00174,12,woy_cos,-0.03982
MED00175,12,woy_cos,0.00458
MED00176,12,woy_cos,-0.04066
MED00177,12,woy_cos,0.05642
MED00178,12,woy_cos,-0.00851
MED00179,12,woy_cos,0.05235
MED00180,12,woy_cos,-0.01016
MED00181,12,woy_cos,-0.02704
MED00182,12,woy_cos,0.0791
MED00183,12,woy_cos,-0.03434
MED00184,12,woy_cos,-0.00055
MED00185,12,woy_cos,-0.01192
MED00186,12,woy_cos,-0.00651
MED00187,12,woy_cos,-0.01604
MED00188,12,woy_cos,-0.02808
MED00189,12,woy_cos,0.10367
MED00190,12,woy_cos,-0.01252
MED00191,12,woy_cos,0.00517
MED00192,12,woy_cos,0.08331
MED00193,12,woy_cos,0.07068
MED00194,12,woy_cos,-0.01865
MED00195,12,woy_cos,-0.0364
MED00196,12,woy_cos,-0.02959
MED00197,12,woy_cos,-0.03544
MED00198,12,woy_cos,-0.01398
MED00199,12,woy_cos,-0.03056
MED00200,12,woy_cos,-0.00438
MED00201,12,woy_cos,-0.01764
MED00202,12,woy_cos,-0.01489
MED00203,12,woy_cos,-0.02415
MED00204,12,woy_cos,-0.01001
MED00205,12,woy_cos,-0.0084
MED00206,12,woy_cos,-0.01279
MED00207,12,woy_cos,-0.01158
MED00208,12,woy_cos,-0.00297
MED00209,12,woy_cos,-0.01782
MED00210,12,woy_cos,0.00779
MED00211,12,woy_cos,-0.011
MED00212,12,woy_cos,-0.01941
MED00213,12,woy_cos,-0.01608
MED00214,12,woy_cos,-0.01368
MED00215,12,woy_cos,-0.00969
MED00216,12,woy_cos,0.12074
MED00217,12,woy_cos,0.07534
MED00218,12,woy_cos,-0.03912
MED00219,12,woy_cos,-0.00983
MED00220,12,woy_cos,-0.00866
MED00221,12,woy_cos,-0.02956
MED00222,12,woy_cos,-0.00089
MED00223,12,woy_cos,-0.0107
MED00224,12,woy_cos,-0.00942
MED00225,12,woy_cos,-0.0367
MED00226,12,woy_cos,-0.01719
MED00227,12,woy_cos,-0.03174
MED00228,12,woy_cos,-0.04219
MED00229,12,woy_cos,0.05113
MED00230,12,woy_cos,-0.01649
MED00231,12,woy_cos,-0.01195
MED00232,12,woy_cos,-0.0259
MED00233,12,woy_cos,-0.01767
MED00234,12,woy_cos,-0.01289
MED00235,12,woy_cos,-0.00219
MED00236,12,woy_cos,-0.01017
MED00237,12,woy_cos,-0.05034
MED00238,12,woy_cos,-0.01361
MED00239,12,woy_cos,-0.02659
MED00240,12,woy_cos,-0.04438
MED00241,12,woy_cos,-0.02103
MED00242,12,woy_cos,-0.02627
MED00243,12,woy_cos,0.0621
MED00244,12,woy_cos,-0.01198
MED00245,12,woy_cos,0.01202
MED00246,12,woy_cos,-0.04176
MED00247,12,woy_cos,-0.00624
MED00248,12,woy_cos,-0.02755
MED00249,12,woy_cos,-0.04775
MED00250,12,woy_cos,-0.02136
MED00251,12,woy_cos,-0.01246
MED00252,12,woy_cos,0.00929
MED00253,12,woy_cos,-0.02347
MED00254,12,woy_cos,-0.00482
MED00255,12,woy_cos,-0.04886
MED00256,12,woy_cos,-0.00135
MED00257,12,woy_cos,-0.06022
MED00258,12,woy_cos,-0.00733
MED00259,12,woy_cos,-0.01385
MED00260,12,woy_cos,0.0361
MED00261,12,woy_cos,-0.00503
MED00262,12,woy_cos,-0.05235
MED00263,12,woy_cos,-0.02967
MED00264,12,woy_cos,0.06222
MED00265,12,woy_cos,-0.02983
MED00266,12,woy_cos,-0.00771
MED00267,12,woy_cos,-0.0382
MED00268,12,woy_cos,-0.01433
MED00269,12,woy_cos,-0.00931
MED00270,12,woy_cos,-0.01771
MED00271,12,woy_cos,-0.0258
MED00272,12,woy_cos,-0.04191
MED00273,12,woy_cos,-0.03159
MED00274,12,woy_cos,-0.00696
MED00275,12,woy_cos,-0.02604
MED00276,12,woy_cos,-0.01281
MED00277,12,woy_cos,0.10243
MED00278,12,woy_cos,-0.01159
MED00279,12,woy_cos,-0.0248
MED00280,12,woy_cos,0.08438
MED00281,12,woy_cos,-0.02697
MED00282,12,woy_cos,-0.03744
MED00283,12,woy_cos,-0.01146
MED00284,12,woy_cos,-0.01971
MED00285,12,woy_cos,-0.04332
MED00286,12,woy_cos,-0.04036
MED00287,12,woy_cos,-0.02999
MED00288,12,woy_cos,-0.03161
MED00289,12,woy_cos,-0.04054
MED00290,12,woy_cos,-0.01148
MED00291,12,woy_cos,0.00312
MED00292,12,woy_cos,-0.02599
MED00293,12,woy_cos,-0.0306
MED00294,12,woy_cos,-0.0121
MED00295,12,woy_cos,0.07223
MED00296,12,woy_cos,-0.03181
MED00297,12,woy_cos,-0.02503
MED00298,12,woy_cos,-0.01764
MED00299,12,woy_cos,0.04262
MED00300,12,woy_cos,-0.01132
MED00301,12,woy_cos,-0.04331
MED00302,12,woy_cos,-0.0033
MED00303,12,woy_cos,-0.01865
MED00304,12,woy_cos,-0.03995
MED00305,12,woy_cos,-0.00742
MED00306,12,woy_cos,0.03646
MED00307,12,woy_cos,-0.02068
MED00308,12,woy_cos,-0.01502
MED00309,12,woy_cos,-0.03212
MED00310,12,woy_cos,-0.03971
MED00311,12,woy_cos,-0.04154
MED00312,12,woy_cos,0.00422
MED00313,12,woy_cos,0.02916
MED00314,12,woy_cos,-0.01396
MED00315,12,woy_cos,-0.01358
MED00316,12,woy_cos,-0.02833
MED00317,12,woy_cos,-0.01164
MED00318,12,woy_cos,-0.02594
MED00319,12,woy_cos,-0.01101
MED00320,12,woy_cos,-0.04938
MED00321,12,woy_cos,-0.00655
MED00322,12,woy_cos,0.08916
MED00323,12,woy_cos,-0.01159
MED00324,12,woy_cos,-0.03833
MED00325,12,woy_cos,-0.02178
MED00326,12,woy_cos,-0.00845
MED00327,12,woy_cos,-0.02677
MED00328,12,woy_cos,-0.0364
MED00329,12,woy_cos,-0.01089
MED00330,12,woy_cos,-0.03406
MED00331,12,woy_cos,-0.01481
MED00332,12,woy_cos,-0.02832
MED00333,12,woy_cos,-0.02627
MED00334,12,woy_cos,-0.01364
MED00335,12,woy_cos,-0.06124
MED00336,12,woy_cos,-0.00668
MED00337,12,woy_cos,-0.02235
MED00338,12,woy_cos,-0.02951
MED00339,12,woy_cos,-0.01969
MED00340,12,woy_cos,0.00564
MED00341,12,woy_cos,-0.0418
MED00342,12,woy_cos,-0.00901
MED00343,12,woy_cos,-0.0114
MED00344,12,woy_cos,-0.0477
MED00345,12,woy_cos,0.08115
MED00346,12,woy_cos,-0.02809
MED00347,12,woy_cos,0.13309
MED00348,12,woy_cos,-0.0278
MED00349,12,woy_cos,-0.01354
MED00350,12,woy_cos,-0.02664
MED00351,12,woy_cos,0.00704
MED00352,12,woy_cos,0.04167
MED00353,12,woy_cos,-0.01611
MED00354,12,woy_cos,-0.00738
MED00355,12,woy_cos,-0.01392
MED00356,12,woy_cos,-0.01099
MED00357,12,woy_cos,0.08535
MED00358,12,woy_cos,-0.05217
MED00359,12,woy_cos,-0.01351
MED00360,12,woy_cos,-0.01628
MED00361,12,woy_cos,-0.01658
MED00362,12,woy_cos,-0.01689
MED00363,12,woy_cos,-0.01464
MED00364,12,woy_cos,0.13674
MED00365,12,woy_cos,-0.0157
MED00366,12,woy_cos,-0.0158
MED00367,12,woy_cos,-0.01085
MED00368,12,woy_cos,-0.02621
MED00369,12,woy_cos,-0.04428
MED00371,12,woy_cos,-0.02012
MED00372,12,woy_cos,0.08976
MED00373,12,woy_cos,-0.00192
MED00374,12,woy_cos,-0.02277
MED00375,12,woy_cos,-0.0141
MED00376,12,woy_cos,-0.01298
MED00377,12,woy_cos,-0.00902
MED00378,12,woy_cos,-0.01366
MED00379,12,woy_cos,-0.03402
MED00380,12,woy_cos,0.02029
MED00381,12,woy_cos,-0.00397
MED00382,12,woy_cos,-0.02416
MED00383,12,woy_cos,-0.01961
MED00384,12,woy_cos,-0.01047
MED00385,12,woy_cos,-0.02319
MED00386,12,woy_cos,-0.01252
MED00387,12,woy_cos,-0.02507
MED00388,12,woy_cos,-0.00549
MED00389,12,woy_cos,-0.01867
MED00390,12,woy_cos,-0.04018
MED00391,12,woy_cos,-0.04188
MED00392,12,woy_cos,-0.04114
MED00393,12,woy_cos,-0.03248
MED00394,12,woy_cos,-0.02973
MED00395,12,woy_cos,-0.04238
MED00396,12,woy_cos,0.01224
MED00397,12,woy_cos,-0.01335
MED00398,12,woy_cos,0.00836
MED00399,12,woy_cos,0.01241
MED00400,12,woy_cos,0.00438
MED00401,12,woy_cos,-0.03083
MED00402,12,woy_cos,-0.0349
MED00403,12,woy_cos,-0.00773
MED00404,12,woy_cos,-0.0375
MED00405,12,woy_cos,-0.01388
MED00406,12,woy_cos,-0.03562
MED00407,12,woy_cos,-0.03381
MED00408,12,woy_cos,-0.02865
MED00409,12,woy_cos,-0.02616
MED00410,12,woy_cos,-0.02215
MED00411,12,woy_cos,-0.04141
MED00412,12,woy_cos,-0.02746
MED00413,12,woy_cos,-0.02371
MED00414,12,woy_cos,-0.04578
MED00415,12,woy_cos,-0.0248
MED00416,12,woy_cos,-0.04238
MED00417,12,woy_cos,-0.02657
MED00418,12,woy_cos,-0.03929
MED00419,12,woy_cos,-0.02045
MED00420,12,woy_cos,-0.04634
MED00421,12,woy_cos,-0.0476
MED00422,12,woy_cos,-0.03253
MED00423,12,woy_cos,-0.0208
MED00424,12,woy_cos,-0.02404
MED00001,1,month,0.00417
MED00002,1,month,-0.00544
MED00003,1,month,-0.00228
MED00004,1,month,0.00777
MED00005,1,month,0.00537
MED00006,1,month,0.00386
MED00007,1,month,0.00835
MED00008,1,month,0.01253
MED00009,1,month,0.00328
MED00010,1,month,0.00578
MED00011,1,month,-0.03063
MED00012,1,month,0.00862
MED00013,1,month,0.01313
MED00014,1,month,0.00053
MED00015,1,month,0.00181
MED00016,1,month,0.01069
MED00017,1,month,0.01076
MED00018,1,month,-0.01383
MED00019,1,month,0.00499
MED00020,1,month,0.00292
MED00021,1,month,0.00154
MED00022,1,month,-0.00048
MED00023,1,month,0.0092
MED00024,1,month,-0.00238
MED00025,1,month,-0.01312
MED00026,1,month,-0.0028
MED00027,1,month,-0.01594
MED00028,1,month,0.00642
MED00029,1,month,-0.00045
MED00030,1,month,0.00676
MED00031,1,month,-0.00437
MED00032,1,month,0.00606
MED00033,1,month,0.00965
MED00034,1,month,-0.02287
MED00035,1,month,-0.00813
MED00036,1,month,0.00778
MED00037,1,month,0.00354
MED00038,1,month,0.00634
MED00039,1,month,-0.00046
MED00040,1,month,0.00141
MED00041,1,month,-0.00567
MED00042,1,month,0.00157
MED00043,1,month,-0.00199
MED00044,1,month,-0.00147
MED00045,1,month,0.01199
MED00046,1,month,-0.00177
MED00047,1,month,0.01448
MED00048,1,month,0.00398
MED00049,1,month,0.00318
MED00050,1,month,0.00902
MED00051,1,month,-0.02002
MED00052,1,month,0.00461
MED00053,1,month,0.01082
MED00054,1,month,0.01294
MED00055,1,month,0.00283
MED00056,1,month,-0.00083
MED00057,1,month,-0.00289
MED00058,1,month,0.00788
MED00059,1,month,0.00983
MED00060,1,month,0.00867
MED00061,1,month,0.01108
MED00062,1,month,0.00521
MED00063,1,month,-0.0016
MED00064,1,month,-0.01866
MED00065,1,month,0.01794
MED00066,1,month,0.00291
MED00067,1,month,0.00622
MED00068,1,month,-0.00248
MED00069,1,month,-0.00123
MED00070,1,month,0.00075
MED00071,1,month,-0.00255
MED00072,1,month,-0.00026
MED00073,1,month,-0.00011
MED00074,1,month,-0.00271
MED00075,1,month,0.00378
MED00076,1,month,-0.00282
MED00077,1,month,0.01281
MED00078,1,month,-0.00265
MED00079,1,month,-0.02226
MED00080,1,month,-0.00163
MED00081,1,month,-0.02263
MED00082,1,month,-0.00173
MED00083,1,month,-0.00353
MED00084,1,month,-0.00188
MED00085,1,month,0.01104
MED00086,1,month,-0.03053
MED00087,1,month,0.00672
MED00088,1,month,-0.01897
MED00089,1,month,-0.02061
MED00090,1,month,0.00966
MED00091,1,month,-0.00216
MED00092,1,month,0.00836
MED00093,1,month,-0.02506
MED00094,1,month,0.01465
MED00095,1,month,0.00625
MED00096,1,month,-0.00086
MED00097,1,month,-0.00761
MED00098,1,month,0.01323
MED00099,1,month,-0.02139
MED00101,1,month,0.0126
MED00102,1,month,0.00034
MED00103,1,month,0.00986
MED00104,1,month,0.01356
MED00105,1,month,0.00875
MED00106,1,month,-0.00375
MED00107,1,month,0.01624
MED00108,1,month,0.00614
MED00109,1,month,0.008
MED00110,1,month,0.00306
MED00111,1,month,0.01471
MED00112,1,month,0.0094
MED00113,1,month,0.01127
MED00114,1,month,0.00774
MED00115,1,month,0.01096
MED00116,1,month,0.00557
MED00117,1,month,0.01571
MED00118,1,month,0.00398
MED00119,1,month,0.00903
MED00120,1,month,-0.00237
MED00121,1,month,0.01097
MED00122,1,month,0.00923
MED00123,1,month,0.00533
MED00124,1,month,0.01684
MED00125,1,month,-0.00435
MED00126,1,month,0.00679
MED00127,1,month,-0.00195
MED00128,1,month,0.01054
MED00129,1,month,0.01436
MED00130,1,month,0.00059
MED00131,1,month,-0.00243
MED00132,1,month,-0.00202
MED00133,1,month,-0.00699
MED00134,1,month,0.00406
MED00135,1,month,-0.00336
MED00136,1,month,0.0099
MED00137,1,month,0.00311
MED00138,1,month,0.01138
MED00139,1,month,0.00927
MED00140,1,month,0.01066
MED00141,1,month,0.00641
MED00142,1,month,-0.01353
MED00143,1,month,0.01136
MED00144,1,month,0.01468
MED00145,1,month,0.0102
MED00146,1,month,0.01392
MED00147,1,month,0.00834
MED00148,1,month,0.00832
MED00149,1,month,0.00892
MED00150,1,month,0.01421
MED00151,1,month,0.01067
MED00152,1,month,0.01105
MED00153,1,month,0.01064
MED00154,1,month,-0.00101
MED00155,1,month,0.0093
MED00156,1,month,0.0051
MED00157,1,month,0.0105
MED00158,1,month,-0.02373
MED00159,1,month,-0.00328
MED00160,1,month,0.0087
MED00161,1,month,0.01398
MED00162,1,month,0.00724
MED00163,1,month,0.00298
MED00164,1,month,-0.00262
MED00165,1,month,0.00497
MED00166,1,month,0.01067
MED00167,1,month,0.01182
MED00168,1,month,0.01296
MED00169,1,month,0.00908
MED00170,1,month,0.01248
MED00171,1,month,0.01107
MED00172,1,month,0.0099
MED00173,1,month,0.01066
MED00174,1,month,0.00771
MED00175,1,month,-0.002
MED00176,1,month,-0.00862
MED00177,1,month,-0.00499
MED00178,1,month,0.00266
MED00179,1,month,0.00277
MED00180,1,month,0.01133
MED00181,1,month,0.00736
MED00182,1,month,-0.00545
MED00183,1,month,-0.02996
MED00184,1,month,0.00778
MED00185,1,month,0.0156
MED00186,1,month,0.01193
MED00187,1,month,-0.00223
MED00188,1,month,0.00853
MED00189,1,month,-0.00577
MED00190,1,month,0.00631
MED00191,1,month,0.00339
MED00192,1,month,-0.0219
MED00193,1,month,-0.0018
MED00194,1,month,0.01078
MED00195,1,month,0.01073
MED00196,1,month,0.01074
MED00197,1,month,0.01524
MED00198,1,month,0.01105
MED00199,1,month,0.00756
MED00200,1,month,0.01219
MED00201,1,month,0.01148
MED00202,1,month,0.01253
MED00203,1,month,-0.00081
MED00204,1,month,0.01263
MED00205,1,month,0.00804
MED00206,1,month,0.01007
MED00207,1,month,0.00477
MED00208,1,month,0.00789
MED00209,1,month,0.00346
MED00210,1,month,-0.00313
MED00211,1,month,0.01019
MED00212,1,month,-0.00192
MED00213,1,month,0.01615
MED00214,1,month,0.01017
MED00215,1,month,0.00998
MED00216,1,month,0.00813
MED00217,1,month,-0.00573
MED00218,1,month,0.00911
MED00219,1,month,-0.00172
MED00220,1,month,0.00505
MED00221,1,month,-0.00124
MED00222,1,month,-0.00943
MED00223,1,month,0.00472
MED00224,1,month,0.00721
MED00225,1,month,0.00817
MED00226,1,month,-0.0023
MED00227,1,month,-0.00275
MED00228,1,month,0.00374
MED00229,1,month,0.01174
MED00230,1,month,-0.00534
MED00231,1,month,0.01046
MED00232,1,month,0.0087
MED00233,1,month,-0.00212
MED00234,1,month,0.01103
MED00235,1,month,0.00931
MED00236,1,month,0.01363
MED00237,1,month,0.01032
MED00238,1,month,0.00677
MED00239,1,month,0.00827
MED00240,1,month,0.00169
MED00241,1,month,0.00942
MED00242,1,month,0.00993
MED00243,1,month,-0.01107
MED00244,1,month,0.01097
MED00245,1,month,-0.02006
MED00246,1,month,0.01117
MED00247,1,month,0.00632
MED00249,1,month,-0.03143
MED00250,1,month,-0.00159
MED00251,1,month,0.01245
MED00252,1,month,-0.02333
MED00253,1,month,0.0087
MED00254,1,month,-0.02436
MED00255,1,month,0.01061
MED00256,1,month,0.02335
MED00257,1,month,0.00252
MED00258,1,month,0.00597
MED00259,1,month,0.00903
MED00260,1,month,-0.00106
MED00261,1,month,0.00405
MED00262,1,month,-0.00109
MED00263,1,month,0.00955
MED00264,1,month,0.00714
MED00265,1,month,0.01685
MED00266,1,month,-0.00403
MED00267,1,month,0.01096
MED00268,1,month,0.0094
MED00269,1,month,0.01069
MED00270,1,month,0.01046
MED00271,1,month,0.01448
MED00272,1,month,0.00529
MED00273,1,month,0.00204
MED00274,1,month,-0.00028
MED00275,1,month,0.00646
MED00276,1,month,0.0106
MED00277,1,month,-0.00677
MED00278,1,month,0.01416
MED00279,1,month,-0.00541
MED00280,1,month,-0.00503
MED00281,1,month,0.00284
MED00282,1,month,0.00318
MED00283,1,month,0.01721
MED00284,1,month,0.0017
MED00285,1,month,0.01154
MED00286,1,month,0.00655
MED00287,1,month,0.00601
MED00288,1,month,0.00016
MED00289,1,month,-0.00144
MED00290,1,month,0.01015
MED00291,1,month,-0.01167
MED00292,1,month,0.00768
MED00293,1,month,0.00544
MED00294,1,month,0.00118
MED00295,1,month,-0.01586
MED00296,1,month,0.01206
MED00297,1,month,0.01355
MED00298,1,month,0.00573
MED00299,1,month,-0.00179
MED00300,1,month,0.01025
MED00301,1,month,0.01017
MED00302,1,month,0.00523
MED00303,1,month,-0.00145
MED00304,1,month,0.00288
MED00305,1,month,0.01191
MED00306,1,month,-0.00393
MED00307,1,month,-0.03194
MED00308,1,month,0.00191
MED00309,1,month,-0.00119
MED00310,1,month,0.00487
MED00311,1,month,0.00186
MED00312,1,month,-0.0073
MED00313,1,month,0.00791
MED00314,1,month,-0.00505
MED00315,1,month,0.01185
MED00316,1,month,0.00852
MED00317,1,month,0.01074
MED00318,1,month,-0.00472
MED00319,1,month,0.00737
MED00320,1,month,0.00907
MED00321,1,month,0.01263
MED00322,1,month,0.00037
MED00323,1,month,0.0086
MED00324,1,month,0.00286
MED00325,1,month,0.01441
MED00326,1,month,0.01217
MED00327,1,month,0.00925
MED00328,1,month,0.00821
MED00329,1,month,0.01018
MED00330,1,month,0.00952
MED00331,1,month,0.00998
MED00332,1,month,0.00582
MED00333,1,month,0.01007
MED00334,1,month,-0.0056
MED00335,1,month,0.00677
MED00336,1,month,0.01276
MED00337,1,month,0.02637
MED00338,1,month,-0.00279
MED00339,1,month,0.00045
MED00340,1,month,-0.00403
MED00341,1,month,0.01146
MED00342,1,month,0.01024
MED00343,1,month,0.00876
MED00344,1,month,0.01138
MED00345,1,month,0.00354
MED00346,1,month,0.00567
MED00347,1,month,-0.00711
MED00348,1,month,0.01097
MED00349,1,month,0.0106
MED00350,1,month,0.01076
MED00351,1,month,0.00691
MED00352,1,month,0.00617
MED00353,1,month,0.01325
MED00354,1,month,0.00713
MED00355,1,month,0.00655
MED00356,1,month,0.01012
MED00357,1,month,-0.003
MED00358,1,month,0.00765
MED00359,1,month,0.01003
MED00360,1,month,0.00232
MED00361,1,month,0.01074
MED00362,1,month,0.02021
MED00363,1,month,0.01235
MED00364,1,month,0.00205
MED00365,1,month,0.01027
MED00366,1,month,0.00867
MED00367,1,month,0.00737
MED00368,1,month,0.00624
MED00369,1,month,-0.00128
MED00370,1,month,-0.00159
MED00372,1,month,-0.00595
MED00373,1,month,0.01058
MED00374,1,month,0.00962
MED00375,1,month,-0.00604
MED00376,1,month,0.01141
MED00377,1,month,0.01473
MED00378,1,month,0.01096
MED00379,1,month,0.01254
MED00380,1,month,0.00478
MED00381,1,month,0.00675
MED00382,1,month,0.00678
MED00383,1,month,0.01022
MED00384,1,month,0.00945
MED00385,1,month,0.0053
MED00386,1,month,0.00644
MED00387,1,month,0.00501
MED00388,1,month,-0.01697
MED00389,1,month,-0.00056
MED00390,1,month,-0.01613
MED00391,1,month,-0.00743
MED00392,1,month,-0.00735
MED00393,1,month,0.00221
MED00394,1,month,0.00385
MED00395,1,month,-0.00731
MED00396,1,month,0.00667
MED00397,1,month,0.00317
MED00398,1,month,-0.00511
MED00399,1,month,-0.00857
MED00400,1,month,-0.00501
MED00401,1,month,0.00232
MED00402,1,month,-0.00732
MED00403,1,month,0.00455
MED00404,1,month,0.01232
MED00405,1,month,0.01653
MED00406,1,month,-0.00244
MED00407,1,month,-0.00338
MED00408,1,month,0.01203
MED00409,1,month,0.00389
MED00410,1,month,0.01064
MED00411,1,month,-0.00996
MED00412,1,month,0.00558
MED00413,1,month,0.0026
MED00414,1,month,-0.00818
MED00415,1,month,0.00366
MED00416,1,month,-0.00594
MED00417,1,month,0.01088
MED00418,1,month,0.00612
MED00419,1,month,0.00797
MED00420,1,month,-0.00516
MED00421,1,month,-0.00329
MED00422,1,month,-0.00625
MED00423,1,month,0.0036
MED00424,1,month,-0.01683
MED00001,2,month,0.00399
MED00002,2,month,-0.00103
MED00003,2,month,-0.00238
MED00004,2,month,0.00847
MED00005,2,month,0.00545
MED00006,2,month,0.0042
MED00007,2,month,0.00858
MED00008,2,month,0.01235
MED00009,2,month,0.00294
MED00010,2,month,0.00548
MED00011,2,month,-0.03355
MED00012,2,month,0.0088
MED00013,2,month,0.0133
MED00014,2,month,0.00069
MED00015,2,month,0.00111
MED00016,2,month,0.01071
MED00017,2,month,0.01102
MED00018,2,month,-0.01396
MED00019,2,month,0.00489
MED00020,2,month,0.00057
MED00021,2,month,0.00163
MED00022,2,month,-0.00131
MED00023,2,month,0.00903
MED00024,2,month,-0.00243
MED00025,2,month,-0.01308
MED00026,2,month,-0.00283
MED00027,2,month,-0.01597
MED00028,2,month,0.00575
MED00029,2,month,-0.0005
MED00030,2,month,0.00567
MED00031,2,month,-0.00432
MED00032,2,month,0.00578
MED00033,2,month,0.00924
MED00034,2,month,-0.02302
MED00035,2,month,-0.00803
MED00036,2,month,0.00765
MED00037,2,month,0.00329
MED00038,2,month,0.00531
MED00039,2,month,-0.00059
MED00040,2,month,0.00133
MED00041,2,month,-0.00579
MED00042,2,month,-0.0016
MED00043,2,month,-0.00202
MED00044,2,month,-0.00122
MED00045,2,month,0.01195
MED00046,2,month,-0.00157
MED00047,2,month,0.01453
MED00048,2,month,0.00392
MED00049,2,month,0.00314
MED00050,2,month,0.00904
MED00051,2,month,-0.01979
MED00052,2,month,0.00459
MED00053,2,month,0.01081
MED00054,2,month,0.01302
MED00055,2,month,0.00285
MED00056,2,month,-0.00063
MED00057,2,month,-0.00527
MED00058,2,month,0.00811
MED00059,2,month,0.00969
MED00060,2,month,0.00838
MED00061,2,month,0.01105
MED00062,2,month,0.00458
MED00063,2,month,-0.00145
MED00064,2,month,-0.02047
MED00065,2,month,0.01811
MED00066,2,month,0.00221
MED00067,2,month,0.00638
MED00068,2,month,-0.00253
MED00069,2,month,-0.00096
MED00070,2,month,0.0007
MED00071,2,month,-0.00228
MED00072,2,month,-0.00036
MED00073,2,month,-0.00102
MED00074,2,month,-0.00264
MED00075,2,month,0.00397
MED00076,2,month,-0.00285
MED00077,2,month,0.01251
MED00078,2,month,-0.00231
MED00079,2,month,-0.02307
MED00080,2,month,-0.00244
MED00081,2,month,-0.02269
MED00082,2,month,-0.0015
MED00083,2,month,-0.00313
MED00084,2,month,-0.00288
MED00085,2,month,0.01106
MED00086,2,month,-0.03051
MED00087,2,month,0.00702
MED00088,2,month,-0.019
MED00089,2,month,-0.02042
MED00090,2,month,0.00955
MED00091,2,month,-0.00223
MED00092,2,month,0.00865
MED00093,2,month,-0.02509
MED00094,2,month,0.01465
MED00095,2,month,0.00642
MED00096,2,month,-0.00077
MED00097,2,month,-0.00759
MED00098,2,month,0.01225
MED00099,2,month,-0.02058
MED00101,2,month,0.01262
MED00102,2,month,0.00017
MED00103,2,month,0.01012
MED00104,2,month,0.01356
MED00105,2,month,0.00866
MED00106,2,month,-0.00352
MED00107,2,month,0.01627
MED00108,2,month,0.00631
MED00109,2,month,0.0079
MED00110,2,month,0.00296
MED00111,2,month,0.01404
MED00112,2,month,0.00944
MED00113,2,month,0.01145
MED00114,2,month,0.00752
MED00115,2,month,0.01111
MED00116,2,month,0.00557
MED00117,2,month,0.0154
MED00118,2,month,0.00435
MED00119,2,month,0.00921
MED00120,2,month,-0.00251
MED00121,2,month,0.0109
MED00122,2,month,0.0094
MED00123,2,month,0.00512
MED00124,2,month,0.01673
MED00125,2,month,-0.00438
MED00126,2,month,0.00762
MED00127,2,month,-0.00205
MED00128,2,month,0.01073
MED00129,2,month,0.01459
MED00130,2,month,0.00065
MED00131,2,month,-0.00239
MED00132,2,month,-0.00216
MED00133,2,month,-0.00715
MED00134,2,month,0.00396
MED00135,2,month,-0.0035
MED00136,2,month,0.00985
MED00137,2,month,0.00304
MED00138,2,month,0.0113
MED00139,2,month,0.00913
MED00140,2,month,0.01085
MED00141,2,month,0.00635
MED00142,2,month,-0.01348
MED00143,2,month,0.01157
MED00144,2,month,0.01443
MED00145,2,month,0.01017
MED00146,2,month,0.01541
MED00147,2,month,0.00807
MED00148,2,month,0.00807
MED00149,2,month,0.00894
MED00150,2,month,0.01387
MED00151,2,month,0.01086
MED00152,2,month,0.01128
MED00153,2,month,0.01087
MED00154,2,month,-0.00083
MED00155,2,month,0.00947
MED00156,2,month,0.00483
MED00157,2,month,0.01064
MED00158,2,month,-0.02376
MED00159,2,month,-0.00527
MED00160,2,month,0.00901
MED00161,2,month,0.01402
MED00162,2,month,0.0075
MED00163,2,month,0.00297
MED00164,2,month,-0.00237
MED00165,2,month,0.00289
MED00166,2,month,0.01083
MED00167,2,month,0.01187
MED00168,2,month,0.01292
MED00169,2,month,0.00931
MED00170,2,month,0.01263
MED00171,2,month,0.01121
MED00172,2,month,0.00978
MED00173,2,month,0.01065
MED00174,2,month,0.0059
MED00175,2,month,-0.00205
MED00176,2,month,-0.01074
MED00177,2,month,-0.00482
MED00178,2,month,0.00235
MED00179,2,month,0.00275
MED00180,2,month,0.01156
MED00181,2,month,0.00734
MED00182,2,month,-0.00548
MED00183,2,month,-0.03011
MED00184,2,month,0.00768
MED00185,2,month,0.0155
MED00186,2,month,0.01208
MED00187,2,month,-0.00227
MED00188,2,month,0.0085
MED00189,2,month,-0.0058
MED00190,2,month,0.00646
MED00191,2,month,0.00295
MED00192,2,month,-0.02191
MED00193,2,month,0.0026
MED00194,2,month,0.01084
MED00195,2,month,0.01063
MED00196,2,month,0.01064
MED00197,2,month,0.01514
MED00198,2,month,0.01124
MED00199,2,month,0.0076
MED00200,2,month,0.01238
MED00201,2,month,0.01092
MED00202,2,month,0.01276
MED00203,2,month,-0.00087
MED00204,2,month,0.01282
MED00205,2,month,0.00794
MED00206,2,month,0.01016
MED00207,2,month,0.00513
MED00208,2,month,0.00778
MED00209,2,month,0.0032
MED00210,2,month,-0.00321
MED00211,2,month,0.01018
MED00212,2,month,-0.00202
MED00213,2,month,0.01597
MED00214,2,month,0.0102
MED00215,2,month,0.01007
MED00216,2,month,0.00815
MED00217,2,month,-0.00573
MED00218,2,month,0.00936
MED00219,2,month,-0.00174
MED00220,2,month,0.00536
MED00221,2,month,-0.00114
MED00222,2,month,-0.00951
MED00223,2,month,0.00354
MED00224,2,month,0.0076
MED00225,2,month,0.00819
MED00226,2,month,-0.00239
MED00227,2,month,-0.00257
MED00228,2,month,0.00348
MED00229,2,month,0.01156
MED00230,2,month,-0.00499
MED00231,2,month,0.01064
MED00232,2,month,0.00867
MED00233,2,month,-0.00231
MED00234,2,month,0.01127
MED00235,2,month,0.00903
MED00236,2,month,0.01341
MED00237,2,month,0.00934
MED00238,2,month,0.00713
MED00239,2,month,0.0085
MED00240,2,month,0.00086
MED00241,2,month,0.00961
MED00242,2,month,0.00966
MED00243,2,month,-0.00672
MED00244,2,month,0.01122
MED00245,2,month,-0.0209
MED00246,2,month,0.01077
MED00247,2,month,0.00635
MED00249,2,month,-0.03155
MED00250,2,month,-0.00156
MED00251,2,month,0.01247
MED00252,2,month,-0.02329
MED00253,2,month,0.00873
MED00254,2,month,-0.02446
MED00255,2,month,0.01055
MED00256,2,month,0.0236
MED00257,2,month,0.00247
MED00258,2,month,0.00598
MED00259,2,month,0.00916
MED00260,2,month,-0.00124
MED00261,2,month,0.00497
MED00262,2,month,-0.00098
MED00263,2,month,0.00957
MED00264,2,month,0.00705
MED00265,2,month,0.01702
MED00266,2,month,-0.00417
MED00267,2,month,0.01072
MED00268,2,month,0.00952
MED00269,2,month,0.01095
MED00270,2,month,0.01048
MED00271,2,month,0.01436
MED00272,2,month,0.00516
MED00273,2,month,0.00192
MED00274,2,month,-0.00033
MED00275,2,month,0.0058
MED00276,2,month,0.0108
MED00277,2,month,-0.00692
MED00278,2,month,0.01436
MED00279,2,month,-0.00564
MED00280,2,month,-0.00498
MED00281,2,month,0.00272
MED00282,2,month,0.00257
MED00283,2,month,0.01851
MED00284,2,month,0.00305
MED00285,2,month,0.0116
MED00286,2,month,0.00642
MED00287,2,month,0.00604
MED00288,2,month,0.00021
MED00289,2,month,0.00617
MED00290,2,month,0.0103
MED00291,2,month,-0.0115
MED00292,2,month,0.00822
MED00293,2,month,0.00532
MED00294,2,month,0.00138
MED00295,2,month,-0.01589
MED00296,2,month,0.01205
MED00297,2,month,0.01372
MED00298,2,month,0.00589
MED00299,2,month,-0.00171
MED00300,2,month,0.01047
MED00301,2,month,0.01024
MED00302,2,month,0.00513
MED00303,2,month,-0.0015
MED00304,2,month,0.00298
MED00305,2,month,0.01209
MED00306,2,month,-0.00382
MED00307,2,month,-0.03207
MED00308,2,month,0.00195
MED00309,2,month,-0.00124
MED00310,2,month,0.00426
MED00311,2,month,0.00159
MED00312,2,month,-0.0074
MED00313,2,month,0.00596
MED00314,2,month,-0.00519
MED00315,2,month,0.01201
MED00316,2,month,0.00867
MED00317,2,month,0.01077
MED00318,2,month,-0.00459
MED00319,2,month,0.00746
MED00320,2,month,0.00726
MED00321,2,month,0.01244
MED00322,2,month,0.00034
MED00323,2,month,0.00839
MED00324,2,month,0.0029
MED00325,2,month,0.01464
MED00326,2,month,0.01233
MED00327,2,month,0.00922
MED00328,2,month,0.00777
MED00329,2,month,0.01021
MED00330,2,month,0.00954
MED00331,2,month,0.01024
MED00332,2,month,0.00596
MED00333,2,month,0.01009
MED00334,2,month,-0.005
MED00335,2,month,0.00666
MED00336,2,month,0.01285
MED00337,2,month,0.02627
MED00338,2,month,-0.00282
MED00339,2,month,0.00049
MED00340,2,month,-0.00405
MED00341,2,month,0.01123
MED00342,2,month,0.01047
MED00343,2,month,0.00879
MED00344,2,month,0.01121
MED00345,2,month,0.0035
MED00346,2,month,0.00582
MED00347,2,month,-0.00695
MED00348,2,month,0.01087
MED00349,2,month,0.01085
MED00350,2,month,0.01061
MED00351,2,month,0.00681
MED00352,2,month,0.00688
MED00353,2,month,0.01308
MED00354,2,month,0.00701
MED00355,2,month,0.00643
MED00356,2,month,0.01027
MED00357,2,month,-0.00306
MED00358,2,month,0.00706
MED00359,2,month,0.01022
MED00360,2,month,0.00233
MED00361,2,month,0.01077
MED00362,2,month,0.02028
MED00363,2,month,0.01259
MED00364,2,month,0.00207
MED00365,2,month,0.01044
MED00366,2,month,0.00871
MED00367,2,month,0.00768
MED00368,2,month,0.0064
MED00369,2,month,-0.00147
MED00370,2,month,-0.00427
MED00371,2,month,-0.00299
MED00372,2,month,-0.00599
MED00373,2,month,0.01055
MED00374,2,month,0.00929
MED00375,2,month,-0.00586
MED00376,2,month,0.01146
MED00377,2,month,0.01493
MED00378,2,month,0.01119
MED00379,2,month,0.01235
MED00380,2,month,0.00557
MED00381,2,month,0.00662
MED00382,2,month,0.00647
MED00383,2,month,0.01034
MED00384,2,month,0.00963
MED00385,2,month,0.00533
MED00386,2,month,0.0062
MED00387,2,month,0.00458
MED00388,2,month,-0.0165
MED00389,2,month,0.00023
MED00390,2,month,-0.01619
MED00391,2,month,-0.0077
MED00392,2,month,-0.00747
MED00393,2,month,0.0021
MED00394,2,month,0.00355
MED00395,2,month,-0.00758
MED00396,2,month,0.00672
MED00397,2,month,0.00297
MED00398,2,month,-0.0098
MED00399,2,month,-0.0087
MED00400,2,month,-0.00516
MED00401,2,month,0.00213
MED00402,2,month,-0.00705
MED00403,2,month,0.00438
MED00404,2,month,0.01199
MED00405,2,month,0.01573
MED00406,2,month,-0.00267
MED00407,2,month,-0.00333
MED00408,2,month,0.01214
MED00409,2,month,0.00387
MED00410,2,month,0.01062
MED00411,2,month,-0.01007
MED00412,2,month,0.00546
MED00413,2,month,0.00248
MED00414,2,month,-0.0083
MED00415,2,month,0.00306
MED00416,2,month,-0.00604
MED00417,2,month,0.01062
MED00418,2,month,0.00587
MED00419,2,month,0.00784
MED00420,2,month,-0.0052
MED00421,2,month,-0.00326
MED00422,2,month,-0.00635
MED00423,2,month,0.00332
MED00424,2,month,-0.01655
MED00001,3,month,0.00392
MED00002,3,month,-0.00109
MED00003,3,month,-0.00229
MED00004,3,month,0.00857
MED00005,3,month,0.00533
MED00006,3,month,0.00416
MED00007,3,month,0.00858
MED00008,3,month,0.01231
MED00009,3,month,0.00306
MED00010,3,month,0.00557
MED00011,3,month,-0.03357
MED00012,3,month,0.00879
MED00013,3,month,0.01328
MED00014,3,month,0.00068
MED00015,3,month,0.00135
MED00016,3,month,0.01071
MED00017,3,month,0.01102
MED00018,3,month,-0.01388
MED00019,3,month,0.00489
MED00020,3,month,0.00056
MED00021,3,month,0.00139
MED00023,3,month,0.00899
MED00024,3,month,-0.00225
MED00025,3,month,-0.01345
MED00026,3,month,-0.00342
MED00027,3,month,-0.01636
MED00028,3,month,0.00572
MED00029,3,month,-0.00052
MED00030,3,month,0.00566
MED00031,3,month,-0.00422
MED00032,3,month,0.00591
MED00033,3,month,0.00917
MED00034,3,month,-0.02303
MED00035,3,month,-0.00848
MED00036,3,month,0.00772
MED00037,3,month,0.00328
MED00038,3,month,0.00547
MED00039,3,month,-0.00069
MED00040,3,month,0.00129
MED00041,3,month,-0.00621
MED00042,3,month,-0.00163
MED00043,3,month,-0.00203
MED00044,3,month,-0.00122
MED00045,3,month,0.01194
MED00046,3,month,-0.00154
MED00047,3,month,0.01452
MED00048,3,month,0.00406
MED00049,3,month,0.00317
MED00050,3,month,0.00903
MED00051,3,month,-0.01807
MED00052,3,month,0.00463
MED00053,3,month,0.01082
MED00054,3,month,0.01329
MED00055,3,month,0.00275
MED00056,3,month,-0.00067
MED00057,3,month,-0.00531
MED00058,3,month,0.00808
MED00059,3,month,0.00968
MED00060,3,month,0.00801
MED00061,3,month,0.01102
MED00062,3,month,0.00466
MED00063,3,month,0.00017
MED00064,3,month,-0.02048
MED00065,3,month,0.01811
MED00066,3,month,0.00221
MED00067,3,month,0.00637
MED00068,3,month,-0.00235
MED00069,3,month,-0.00085
MED00070,3,month,0.00071
MED00071,3,month,-0.00228
MED00072,3,month,-0.00036
MED00073,3,month,-0.00131
MED00074,3,month,-0.00246
MED00075,3,month,0.00377
MED00076,3,month,-0.00291
MED00077,3,month,0.01251
MED00078,3,month,-0.00231
MED00079,3,month,-0.02323
MED00080,3,month,-0.00229
MED00081,3,month,-0.0226
MED00082,3,month,-0.00148
MED00083,3,month,-0.00313
MED00084,3,month,-0.00285
MED00085,3,month,0.01106
MED00086,3,month,-0.0298
MED00087,3,month,0.007
MED00088,3,month,-0.01888
MED00089,3,month,-0.02026
MED00090,3,month,0.00969
MED00091,3,month,-0.00205
MED00092,3,month,0.00861
MED00093,3,month,-0.027
MED00094,3,month,0.01454
MED00095,3,month,0.00641
MED00096,3,month,-0.00077
MED00097,3,month,-0.00766
MED00098,3,month,0.01224
MED00099,3,month,-0.02222
MED00100,3,month,0.00174
MED00101,3,month,0.01256
MED00102,3,month,0.00016
MED00103,3,month,0.01011
MED00104,3,month,0.01355
MED00105,3,month,0.00883
MED00106,3,month,-0.00173
MED00107,3,month,0.01626
MED00108,3,month,0.0063
MED00109,3,month,0.00785
MED00110,3,month,0.00287
MED00111,3,month,0.01407
MED00112,3,month,0.00942
MED00113,3,month,0.01142
MED00114,3,month,0.00752
MED00115,3,month,0.01109
MED00116,3,month,0.00556
MED00117,3,month,0.01537
MED00118,3,month,0.00434
MED00119,3,month,0.0092
MED00120,3,month,-0.00251
MED00121,3,month,0.01089
MED00122,3,month,0.00938
MED00123,3,month,0.00515
MED00124,3,month,0.01672
MED00125,3,month,-0.0043
MED00126,3,month,0.00752
MED00127,3,month,-0.00205
MED00128,3,month,0.01071
MED00129,3,month,0.01456
MED00131,3,month,-0.00223
MED00132,3,month,-0.00423
MED00133,3,month,-0.00769
MED00134,3,month,0.00389
MED00135,3,month,-0.00353
MED00136,3,month,0.00983
MED00137,3,month,0.0031
MED00138,3,month,0.01129
MED00139,3,month,0.00909
MED00140,3,month,0.01083
MED00141,3,month,0.00617
MED00142,3,month,-0.01354
MED00143,3,month,0.01155
MED00144,3,month,0.01442
MED00145,3,month,0.01013
MED00146,3,month,0.01541
MED00147,3,month,0.00818
MED00148,3,month,0.00821
MED00149,3,month,0.00891
MED00150,3,month,0.01398
MED00151,3,month,0.01084
MED00152,3,month,0.01128
MED00153,3,month,0.01086
MED00154,3,month,-0.00084
MED00155,3,month,0.00945
MED00156,3,month,0.00482
MED00157,3,month,0.01062
MED00158,3,month,-0.02414
MED00159,3,month,-0.00529
MED00160,3,month,0.00903
MED00161,3,month,0.01396
MED00162,3,month,0.00746
MED00163,3,month,0.00306
MED00164,3,month,-0.00237
MED00165,3,month,0.00297
MED00166,3,month,0.01079
MED00167,3,month,0.01186
MED00168,3,month,0.01291
MED00169,3,month,0.00931
MED00170,3,month,0.01261
MED00171,3,month,0.01119
MED00172,3,month,0.00978
MED00173,3,month,0.0098
MED00174,3,month,0.00585
MED00175,3,month,-0.0046
MED00176,3,month,-0.01075
MED00177,3,month,-0.00524
MED00178,3,month,0.00235
MED00179,3,month,0.00089
MED00180,3,month,0.01153
MED00181,3,month,0.00741
MED00182,3,month,-0.00586
MED00183,3,month,-0.03043
MED00184,3,month,0.00768
MED00185,3,month,0.0155
MED00186,3,month,0.01206
MED00187,3,month,-0.00229
MED00188,3,month,0.00851
MED00189,3,month,-0.00571
MED00190,3,month,0.00645
MED00191,3,month,0.00289
MED00192,3,month,-0.02152
MED00193,3,month,0.00263
MED00194,3,month,0.0109
MED00195,3,month,0.01058
MED00196,3,month,0.01064
MED00197,3,month,0.01518
MED00198,3,month,0.01122
MED00199,3,month,0.00766
MED00200,3,month,0.01216
MED00201,3,month,0.01091
MED00202,3,month,0.01274
MED00203,3,month,-0.00068
MED00204,3,month,0.01278
MED00205,3,month,0.00773
MED00206,3,month,0.01015
MED00207,3,month,0.00511
MED00208,3,month,0.00776
MED00209,3,month,0.00331
MED00210,3,month,-0.00329
MED00211,3,month,0.01
MED00212,3,month,-0.00204
MED00213,3,month,0.01414
MED00214,3,month,0.01019
MED00215,3,month,0.01006
MED00216,3,month,0.00818
MED00217,3,month,-0.00573
MED00218,3,month,0.00937
MED00219,3,month,-0.00175
MED00220,3,month,0.00535
MED00221,3,month,-0.00139
MED00222,3,month,-0.00957
MED00223,3,month,0.00351
MED00224,3,month,0.00756
MED00225,3,month,0.00819
MED00226,3,month,-0.00237
MED00227,3,month,-0.00258
MED00228,3,month,0.00361
MED00229,3,month,0.01164
MED00230,3,month,-0.00499
MED00231,3,month,0.01063
MED00232,3,month,0.00863
MED00233,3,month,-0.00106
MED00234,3,month,0.01126
MED00235,3,month,0.00909
MED00236,3,month,0.01341
MED00237,3,month,0.00932
MED00238,3,month,0.00713
MED00239,3,month,0.00848
MED00240,3,month,0.00089
MED00241,3,month,0.00959
MED00242,3,month,0.00937
MED00243,3,month,-0.00672
MED00244,3,month,0.01122
MED00245,3,month,-0.02091
MED00246,3,month,0.01075
MED00247,3,month,0.00634
MED00249,3,month,-0.03157
MED00250,3,month,-0.00141
MED00251,3,month,0.01247
MED00252,3,month,-0.02335
MED00253,3,month,0.00871
MED00254,3,month,-0.02451
MED00255,3,month,0.01064
MED00256,3,month,0.02358
MED00257,3,month,0.0027
MED00258,3,month,0.00597
MED00259,3,month,0.00915
MED00260,3,month,-0.0013
MED00261,3,month,0.00492
MED00262,3,month,-0.00095
MED00263,3,month,0.00957
MED00264,3,month,0.00711
MED00265,3,month,0.017
MED00266,3,month,-0.00418
MED00267,3,month,0.01067
MED00268,3,month,0.0095
MED00269,3,month,0.01094
MED00270,3,month,0.01047
MED00271,3,month,0.01451
MED00272,3,month,0.00515
MED00273,3,month,0.00192
MED00274,3,month,0.00107
MED00275,3,month,0.00579
MED00276,3,month,0.01079
MED00277,3,month,-0.00683
MED00278,3,month,0.01435
MED00279,3,month,-0.00565
MED00280,3,month,-0.0049
MED00281,3,month,0.00271
MED00282,3,month,0.00258
MED00283,3,month,0.01845
MED00284,3,month,0.00304
MED00285,3,month,0.01158
MED00286,3,month,0.00641
MED00287,3,month,0.00603
MED00288,3,month,0.0002
MED00289,3,month,0.00616
MED00290,3,month,0.01028
MED00291,3,month,-0.01151
MED00292,3,month,0.00803
MED00293,3,month,0.00546
MED00294,3,month,0.00134
MED00295,3,month,-0.01638
MED00296,3,month,0.01119
MED00297,3,month,0.01371
MED00298,3,month,0.00564
MED00299,3,month,-0.00174
MED00300,3,month,0.01046
MED00301,3,month,0.01032
MED00302,3,month,0.00513
MED00303,3,month,-0.0015
MED00304,3,month,0.00309
MED00305,3,month,0.01205
MED00306,3,month,-0.0056
MED00307,3,month,-0.03204
MED00308,3,month,0.00191
MED00309,3,month,-0.00109
MED00310,3,month,0.00426
MED00311,3,month,0.00158
MED00312,3,month,-0.00781
MED00313,3,month,0.00593
MED00314,3,month,-0.0052
MED00315,3,month,0.012
MED00316,3,month,0.00864
MED00317,3,month,0.01076
MED00318,3,month,-0.00446
MED00319,3,month,0.00753
MED00320,3,month,0.00726
MED00321,3,month,0.0124
MED00322,3,month,0.00042
MED00323,3,month,0.00845
MED00324,3,month,0.00298
MED00325,3,month,0.01463
MED00326,3,month,0.01232
MED00327,3,month,0.00921
MED00328,3,month,0.00775
MED00329,3,month,0.01021
MED00330,3,month,0.009
MED00331,3,month,0.01023
MED00332,3,month,0.00593
MED00333,3,month,0.00867
MED00334,3,month,-0.00501
MED00335,3,month,0.00665
MED00336,3,month,0.01293
MED00337,3,month,0.02625
MED00338,3,month,-0.0028
MED00339,3,month,0.00065
MED00340,3,month,-0.0041
MED00341,3,month,0.01122
MED00342,3,month,0.01046
MED00343,3,month,0.00878
MED00344,3,month,0.0111
MED00345,3,month,0.00353
MED00346,3,month,0.00581
MED00347,3,month,-0.00525
MED00348,3,month,0.01084
MED00349,3,month,0.01085
MED00350,3,month,0.01053
MED00351,3,month,0.0067
MED00352,3,month,0.0069
MED00353,3,month,0.01115
MED00354,3,month,0.00791
MED00355,3,month,0.00642
MED00356,3,month,0.01018
MED00357,3,month,-0.003
MED00358,3,month,0.00705
MED00359,3,month,0.0102
MED00360,3,month,0.00227
MED00361,3,month,0.01075
MED00362,3,month,0.02028
MED00363,3,month,0.01257
MED00364,3,month,0.00372
MED00365,3,month,0.01042
MED00366,3,month,0.00871
MED00367,3,month,0.00767
MED00368,3,month,0.00639
MED00369,3,month,-0.00147
MED00370,3,month,-0.00438
MED00371,3,month,-0.003
MED00372,3,month,-0.00596
MED00373,3,month,0.0105
MED00374,3,month,0.00931
MED00375,3,month,-0.0059
MED00376,3,month,0.01145
MED00377,3,month,0.0147
MED00378,3,month,0.01125
MED00379,3,month,0.01235
MED00380,3,month,0.00552
MED00381,3,month,0.00656
MED00382,3,month,0.00646
MED00383,3,month,0.0103
MED00384,3,month,0.00968
MED00385,3,month,0.00533
MED00386,3,month,0.00619
MED00387,3,month,0.00457
MED00388,3,month,-0.01641
MED00389,3,month,0.00022
MED00390,3,month,-0.01598
MED00391,3,month,-0.00789
MED00392,3,month,-0.00748
MED00393,3,month,0.00193
MED00394,3,month,0.00337
MED00395,3,month,-0.00759
MED00396,3,month,0.00672
MED00397,3,month,0.00297
MED00398,3,month,-0.0098
MED00399,3,month,-0.0087
MED00400,3,month,-0.00506
MED00401,3,month,0.00204
MED00402,3,month,-0.00695
MED00403,3,month,0.00438
MED00404,3,month,0.01199
MED00405,3,month,0.01572
MED00406,3,month,-0.00268
MED00407,3,month,-0.00328
MED00408,3,month,0.01213
MED00409,3,month,0.00401
MED00410,3,month,0.01082
MED00411,3,month,-0.01052
MED00412,3,month,0.00512
MED00413,3,month,0.0025
MED00414,3,month,-0.00847
MED00415,3,month,0.00314
MED00416,3,month,-0.00605
MED00417,3,month,0.01053
MED00418,3,month,0.00569
MED00419,3,month,0.00773
MED00420,3,month,-0.00505
MED00421,3,month,-0.00312
MED00422,3,month,-0.00636
MED00423,3,month,0.00331
MED00424,3,month,-0.01652
MED00001,4,month,0.00358
MED00002,4,month,-0.00083
MED00003,4,month,-0.00224
MED00004,4,month,0.00806
MED00005,4,month,0.00529
MED00006,4,month,0.00447
MED00007,4,month,0.00738
MED00008,4,month,0.01234
MED00009,4,month,0.00277
MED00010,4,month,0.00552
MED00011,4,month,-0.03365
MED00012,4,month,0.00833
MED00013,4,month,0.01292
MED00014,4,month,0.00076
MED00015,4,month,0.00129
MED00016,4,month,0.01038
MED00017,4,month,0.01067
MED00018,4,month,-0.01463
MED00019,4,month,0.00453
MED00020,4,month,0.00062
MED00021,4,month,0.00041
MED00023,4,month,0.00672
MED00024,4,month,-0.00245
MED00025,4,month,-0.01342
MED00026,4,month,-0.00358
MED00027,4,month,-0.01648
MED00028,4,month,0.00576
MED00029,4,month,-0.001
MED00030,4,month,0.0057
MED00031,4,month,-0.00439
MED00032,4,month,0.00546
MED00033,4,month,0.00867
MED00034,4,month,-0.02341
MED00035,4,month,-0.0084
MED00036,4,month,0.00782
MED00037,4,month,0.0033
MED00038,4,month,0.00527
MED00039,4,month,-0.00042
MED00040,4,month,0.00144
MED00041,4,month,-0.00648
MED00042,4,month,-0.00168
MED00043,4,month,-0.00209
MED00045,4,month,0.01147
MED00046,4,month,-0.00211
MED00047,4,month,0.01419
MED00048,4,month,0.00378
MED00049,4,month,0.00342
MED00050,4,month,0.00841
MED00051,4,month,-0.01844
MED00052,4,month,0.00464
MED00053,4,month,0.01046
MED00054,4,month,0.01793
MED00055,4,month,0.00281
MED00056,4,month,-0.00051
MED00057,4,month,-0.00499
MED00058,4,month,0.00769
MED00059,4,month,0.00783
MED00060,4,month,0.00767
MED00061,4,month,0.01102
MED00062,4,month,0.00432
MED00063,4,month,0.00113
MED00064,4,month,-0.02133
MED00065,4,month,0.01801
MED00066,4,month,0.00222
MED00067,4,month,0.00687
MED00068,4,month,-0.00237
MED00069,4,month,-0.00055
MED00070,4,month,0.00033
MED00071,4,month,-0.00108
MED00072,4,month,-0.00059
MED00073,4,month,-0.00157
MED00074,4,month,-0.00266
MED00075,4,month,0.00353
MED00076,4,month,-0.00268
MED00077,4,month,0.01083
MED00078,4,month,-0.00301
MED00079,4,month,-0.02375
MED00080,4,month,-0.00266
MED00081,4,month,-0.02226
MED00082,4,month,-0.0023
MED00083,4,month,-0.00317
MED00084,4,month,-0.00391
MED00085,4,month,0.01073
MED00086,4,month,-0.03004
MED00087,4,month,0.00732
MED00088,4,month,-0.01956
MED00089,4,month,-0.01991
MED00090,4,month,0.00788
MED00091,4,month,-0.00247
MED00092,4,month,0.00911
MED00093,4,month,-0.0265
MED00094,4,month,0.01519
MED00095,4,month,0.00608
MED00096,4,month,-0.00028
MED00097,4,month,-0.00791
MED00098,4,month,0.01159
MED00099,4,month,-0.02239
MED00100,4,month,0.00089
MED00101,4,month,0.01259
MED00102,4,month,0.00021
MED00103,4,month,0.00966
MED00104,4,month,0.01321
MED00105,4,month,0.00842
MED00106,4,month,-0.00151
MED00107,4,month,0.01584
MED00108,4,month,0.00597
MED00109,4,month,0.00694
MED00110,4,month,0.00238
MED00111,4,month,0.01535
MED00112,4,month,0.00908
MED00113,4,month,0.01107
MED00114,4,month,0.00656
MED00115,4,month,0.01064
MED00116,4,month,0.00498
MED00117,4,month,0.01458
MED00118,4,month,0.00484
MED00119,4,month,0.00879
MED00120,4,month,-0.00272
MED00121,4,month,0.01055
MED00122,4,month,0.00909
MED00123,4,month,0.00486
MED00124,4,month,0.01637
MED00125,4,month,-0.00438
MED00126,4,month,0.00703
MED00127,4,month,-0.00245
MED00128,4,month,0.01029
MED00129,4,month,0.01417
MED00130,4,month,0.00011
MED00131,4,month,-0.00247
MED00132,4,month,-0.00448
MED00133,4,month,-0.00856
MED00134,4,month,0.00338
MED00135,4,month,-0.00362
MED00136,4,month,0.0099
MED00137,4,month,0.00308
MED00138,4,month,0.01076
MED00139,4,month,0.00868
MED00140,4,month,0.01055
MED00141,4,month,0.00511
MED00142,4,month,-0.01381
MED00143,4,month,0.01115
MED00144,4,month,0.01401
MED00145,4,month,0.01008
MED00146,4,month,0.01532
MED00147,4,month,0.0075
MED00148,4,month,0.00745
MED00149,4,month,0.00855
MED00150,4,month,0.01159
MED00151,4,month,0.01044
MED00152,4,month,0.01088
MED00153,4,month,0.01048
MED00154,4,month,-0.00111
MED00155,4,month,0.00913
MED00156,4,month,0.00469
MED00157,4,month,0.01027
MED00158,4,month,-0.02427
MED00159,4,month,-0.00467
MED00160,4,month,0.00874
MED00161,4,month,0.01302
MED00162,4,month,0.00777
MED00163,4,month,0.00307
MED00164,4,month,-0.00318
MED00165,4,month,0.00347
MED00166,4,month,0.01033
MED00167,4,month,0.01154
MED00168,4,month,0.01246
MED00169,4,month,0.00905
MED00170,4,month,0.01229
MED00171,4,month,0.0108
MED00172,4,month,0.00807
MED00173,4,month,0.00941
MED00174,4,month,0.0055
MED00175,4,month,-0.00465
MED00176,4,month,-0.01078
MED00177,4,month,-0.0049
MED00178,4,month,0.00219
MED00179,4,month,0.00103
MED00180,4,month,0.01109
MED00181,4,month,0.00709
MED00182,4,month,-0.00604
MED00183,4,month,-0.03053
MED00184,4,month,0.00658
MED00185,4,month,0.01392
MED00186,4,month,0.01161
MED00187,4,month,-0.00248
MED00188,4,month,0.00824
MED00189,4,month,-0.00574
MED00190,4,month,0.00683
MED00191,4,month,0.0029
MED00192,4,month,-0.02154
MED00193,4,month,0.00287
MED00194,4,month,0.00964
MED00195,4,month,0.01034
MED00196,4,month,0.00984
MED00197,4,month,0.01468
MED00198,4,month,0.01079
MED00199,4,month,0.00754
MED00200,4,month,0.01093
MED00201,4,month,0.01055
MED00202,4,month,0.01229
MED00203,4,month,-0.00098
MED00204,4,month,0.01232
MED00205,4,month,0.00733
MED00206,4,month,0.00816
MED00207,4,month,0.00554
MED00208,4,month,0.00742
MED00209,4,month,0.00317
MED00210,4,month,-0.00329
MED00211,4,month,0.00955
MED00212,4,month,-0.00243
MED00213,4,month,0.01405
MED00214,4,month,0.00984
MED00215,4,month,0.00967
MED00216,4,month,0.0086
MED00217,4,month,-0.00573
MED00218,4,month,0.00903
MED00219,4,month,-0.00203
MED00220,4,month,0.00565
MED00221,4,month,-0.00215
MED00222,4,month,-0.01085
MED00223,4,month,0.00292
MED00224,4,month,0.00788
MED00225,4,month,0.00767
MED00226,4,month,-0.00296
MED00227,4,month,-0.00286
MED00228,4,month,0.00325
MED00229,4,month,0.01154
MED00230,4,month,-0.00394
MED00231,4,month,0.01041
MED00232,4,month,0.00824
MED00233,4,month,-0.00143
MED00234,4,month,0.01093
MED00235,4,month,0.00858
MED00236,4,month,0.01255
MED00237,4,month,0.00891
MED00238,4,month,0.00755
MED00239,4,month,0.00795
MED00240,4,month,0.00053
MED00241,4,month,0.00919
MED00242,4,month,0.00886
MED00243,4,month,-0.00646
MED00244,4,month,0.01083
MED00245,4,month,-0.01987
MED00246,4,month,0.01039
MED00247,4,month,0.00607
MED00248,4,month,-0.00036
MED00249,4,month,-0.03168
MED00250,4,month,-0.00153
MED00251,4,month,0.01213
MED00252,4,month,-0.02234
MED00253,4,month,0.0083
MED00254,4,month,-0.02426
MED00255,4,month,0.0105
MED00256,4,month,0.02245
MED00257,4,month,0.00218
MED00258,4,month,0.00627
MED00259,4,month,0.00882
MED00260,4,month,-0.00083
MED00261,4,month,0.00503
MED00262,4,month,-0.00107
MED00263,4,month,0.00924
MED00264,4,month,0.0062
MED00265,4,month,0.01664
MED00266,4,month,-0.00454
MED00267,4,month,0.01024
MED00268,4,month,0.00917
MED00269,4,month,0.01061
MED00270,4,month,0.01015
MED00271,4,month,0.01275
MED00272,4,month,0.00438
MED00273,4,month,0.00159
MED00274,4,month,0.00083
MED00275,4,month,0.00551
MED00276,4,month,0.01039
MED00277,4,month,-0.00686
MED00278,4,month,0.014
MED00279,4,month,-0.00661
MED00280,4,month,-0.00472
MED00281,4,month,0.00231
MED00282,4,month,0.00219
MED00283,4,month,0.01667
MED00284,4,month,0.00305
MED00285,4,month,0.01125
MED00286,4,month,0.00457
MED00287,4,month,0.00568
MED00288,4,month,-0.00045
MED00289,4,month,0.00595
MED00290,4,month,0.00987
MED00291,4,month,-0.00626
MED00292,4,month,0.00793
MED00293,4,month,0.00361
MED00294,4,month,0.00084
MED00295,4,month,-0.01657
MED00296,4,month,0.01072
MED00297,4,month,0.01335
MED00298,4,month,0.00607
MED00299,4,month,-0.00183
MED00300,4,month,0.01002
MED00301,4,month,0.0099
MED00302,4,month,0.00445
MED00303,4,month,-0.00182
MED00304,4,month,0.00186
MED00305,4,month,0.01161
MED00306,4,month,-0.00555
MED00307,4,month,-0.03234
MED00308,4,month,0.00232
MED00309,4,month,-0.00205
MED00310,4,month,0.00388
MED00311,4,month,0.00137
MED00312,4,month,-0.00813
MED00313,4,month,0.00594
MED00314,4,month,-0.00529
MED00315,4,month,0.01164
MED00316,4,month,0.00832
MED00317,4,month,0.01038
MED00318,4,month,-0.00358
MED00319,4,month,0.0072
MED00320,4,month,0.00669
MED00321,4,month,0.0124
MED00322,4,month,0.00038
MED00323,4,month,0.00804
MED00324,4,month,0.00285
MED00325,4,month,0.0142
MED00326,4,month,0.01198
MED00327,4,month,0.00895
MED00328,4,month,0.0074
MED00329,4,month,0.0098
MED00330,4,month,0.00858
MED00331,4,month,0.00991
MED00332,4,month,0.00562
MED00333,4,month,0.00834
MED00334,4,month,-0.00512
MED00335,4,month,0.0074
MED00336,4,month,0.01285
MED00337,4,month,0.02309
MED00338,4,month,-0.00288
MED00339,4,month,-0.00012
MED00340,4,month,-0.00408
MED00341,4,month,0.0108
MED00342,4,month,0.01007
MED00343,4,month,0.00844
MED00344,4,month,0.01113
MED00345,4,month,0.00377
MED00346,4,month,0.00536
MED00347,4,month,-0.00562
MED00348,4,month,0.01075
MED00349,4,month,0.01045
MED00350,4,month,0.01055
MED00351,4,month,0.00619
MED00352,4,month,0.0068
MED00353,4,month,0.01102
MED00354,4,month,0.0074
MED00355,4,month,0.00462
MED00356,4,month,0.00993
MED00357,4,month,-0.00298
MED00358,4,month,0.00665
MED00359,4,month,0.00974
MED00360,4,month,0.00042
MED00361,4,month,0.01041
MED00362,4,month,0.01911
MED00363,4,month,0.01217
MED00364,4,month,0.00265
MED00365,4,month,0.01001
MED00366,4,month,0.00836
MED00367,4,month,0.00792
MED00368,4,month,0.00611
MED00369,4,month,-0.00032
MED00370,4,month,-0.00413
MED00371,4,month,-0.00335
MED00372,4,month,-0.00576
MED00373,4,month,0.01046
MED00374,4,month,0.00905
MED00375,4,month,-0.00472
MED00376,4,month,0.01106
MED00377,4,month,0.01375
MED00378,4,month,0.01123
MED00379,4,month,0.01238
MED00380,4,month,0.00502
MED00381,4,month,0.00687
MED00382,4,month,0.00601
MED00383,4,month,0.01072
MED00384,4,month,0.00936
MED00385,4,month,0.00465
MED00386,4,month,0.00552
MED00387,4,month,0.00425
MED00388,4,month,-0.01459
MED00390,4,month,-0.01648
MED00391,4,month,-0.00832
MED00392,4,month,-0.00794
MED00393,4,month,0.00146
MED00394,4,month,0.00284
MED00395,4,month,-0.00795
MED00396,4,month,0.00563
MED00397,4,month,0.004
MED00398,4,month,-0.01054
MED00399,4,month,-0.00916
MED00400,4,month,-0.00545
MED00401,4,month,0.00214
MED00402,4,month,-0.00743
MED00403,4,month,0.00357
MED00404,4,month,0.01166
MED00405,4,month,0.01538
MED00406,4,month,-0.00302
MED00407,4,month,-0.00343
MED00408,4,month,0.01198
MED00409,4,month,0.00235
MED00410,4,month,0.00896
MED00411,4,month,-0.01088
MED00412,4,month,0.00487
MED00413,4,month,0.00209
MED00414,4,month,-0.00886
MED00415,4,month,0.00288
MED00416,4,month,-0.00835
MED00417,4,month,0.01024
MED00418,4,month,0.00522
MED00419,4,month,0.00732
MED00420,4,month,-0.0062
MED00421,4,month,-0.0047
MED00422,4,month,-0.00672
MED00423,4,month,0.00297
MED00424,4,month,-0.01658
MED00001,5,month,-0.00723
MED00002,5,month,-0.0061
MED00003,5,month,-0.00464
MED00004,5,month,-0.00098
MED00005,5,month,-0.00863
MED00006,5,month,-0.00124
MED00007,5,month,0.00044
MED00008,5,month,0.00655
MED00009,5,month,-0.00677
MED00010,5,month,-0.00129
MED00011,5,month,-0.0377
MED00012,5,month,0.00116
MED00013,5,month,-0.01013
MED00014,5,month,-0.00594
MED00015,5,month,-0.00464
MED00016,5,month,0.00355
MED00017,5,month,0.0027
MED00018,5,month,-0.01828
MED00019,5,month,-0.00054
MED00020,5,month,-0.00376
MED00021,5,month,-0.0216
MED00022,5,month,-0.00508
MED00023,5,month,-0.00231
MED00024,5,month,-0.01214
MED00025,5,month,-0.0225
MED00026,5,month,-0.00878
MED00027,5,month,-0.02725
MED00028,5,month,-0.00128
MED00029,5,month,-0.00947
MED00030,5,month,-0.04157
MED00031,5,month,-0.00921
MED00032,5,month,-0.00218
MED00033,5,month,-0.0002
MED00034,5,month,-0.02309
MED00035,5,month,-0.01443
MED00036,5,month,-0.00333
MED00037,5,month,-0.03197
MED00038,5,month,-0.00239
MED00039,5,month,-0.00743
MED00040,5,month,-0.00475
MED00041,5,month,-0.01028
MED00042,5,month,-0.01072
MED00043,5,month,-0.00883
MED00044,5,month,-0.00991
MED00045,5,month,0.00495
MED00046,5,month,-0.01141
MED00047,5,month,-0.02364
MED00048,5,month,-0.00525
MED00049,5,month,-0.00354
MED00050,5,month,-0.00224
MED00051,5,month,-0.01949
MED00052,5,month,-0.00202
MED00053,5,month,-0.05171
MED00054,5,month,-0.03976
MED00055,5,month,-0.00392
MED00056,5,month,-0.00599
MED00057,5,month,-0.01132
MED00058,5,month,0.00077
MED00059,5,month,-0.02686
MED00060,5,month,-0.02648
MED00061,5,month,0.00439
MED00062,5,month,-0.00385
MED00063,5,month,-0.00541
MED00064,5,month,-0.02631
MED00065,5,month,0.01124
MED00066,5,month,-0.00414
MED00067,5,month,0.00019
MED00068,5,month,-0.0103
MED00069,5,month,-0.01035
MED00070,5,month,-0.00802
MED00071,5,month,-0.01095
MED00072,5,month,-0.01044
MED00073,5,month,-0.0112
MED00074,5,month,-0.01035
MED00075,5,month,-0.01334
MED00076,5,month,-0.00838
MED00077,5,month,-0.02004
MED00078,5,month,-0.01134
MED00079,5,month,-0.02925
MED00080,5,month,-0.01751
MED00081,5,month,-0.0274
MED00082,5,month,-0.01017
MED00083,5,month,-0.01506
MED00084,5,month,-0.00643
MED00085,5,month,0.00334
MED00086,5,month,-0.03531
MED00087,5,month,0.00075
MED00088,5,month,-0.02258
MED00089,5,month,-0.0245
MED00090,5,month,-0.02335
MED00091,5,month,-0.01158
MED00092,5,month,0.00295
MED00093,5,month,-0.03378
MED00094,5,month,0.00798
MED00095,5,month,-0.00408
MED00096,5,month,-0.00341
MED00097,5,month,-0.01459
MED00098,5,month,-0.02706
MED00099,5,month,-0.02988
MED00100,5,month,-0.00611
MED00101,5,month,-0.01058
MED00102,5,month,-0.01328
MED00103,5,month,-0.00014
MED00104,5,month,-0.03001
MED00105,5,month,-0.00206
MED00106,5,month,-0.00518
MED00107,5,month,-0.02706
MED00108,5,month,-0.00431
MED00109,5,month,-0.00082
MED00110,5,month,-0.00715
MED00111,5,month,0.00931
MED00112,5,month,-0.00075
MED00113,5,month,0.00417
MED00114,5,month,0.00245
MED00115,5,month,0.00054
MED00116,5,month,-0.02489
MED00117,5,month,0.0055
MED00118,5,month,-0.00087
MED00119,5,month,0.00087
MED00120,5,month,-0.00774
MED00121,5,month,-0.00946
MED00122,5,month,-0.00115
MED00123,5,month,-0.00052
MED00124,5,month,-0.02701
MED00125,5,month,-0.00977
MED00126,5,month,-0.00049
MED00127,5,month,-0.01347
MED00129,5,month,0.00517
MED00130,5,month,-0.00404
MED00131,5,month,-0.01193
MED00132,5,month,-0.00811
MED00133,5,month,-0.00909
MED00134,5,month,-0.0053
MED00135,5,month,-0.00802
MED00136,5,month,0.00049
MED00137,5,month,-0.00243
MED00138,5,month,0.00048
MED00139,5,month,-0.00185
MED00140,5,month,0.00314
MED00141,5,month,-0.03562
MED00142,5,month,-0.01849
MED00143,5,month,0.00405
MED00144,5,month,-0.02456
MED00145,5,month,0.00443
MED00146,5,month,0.00713
MED00147,5,month,-0.00394
MED00148,5,month,-0.02679
MED00149,5,month,-0.0127
MED00150,5,month,0.00087
MED00152,5,month,0.00064
MED00153,5,month,0.0003
MED00154,5,month,-0.00389
MED00155,5,month,-0.00087
MED00156,5,month,-0.00469
MED00157,5,month,-0.01864
MED00158,5,month,-0.03325
MED00159,5,month,-0.01739
MED00160,5,month,-0.01406
MED00161,5,month,-0.03033
MED00162,5,month,0.00071
MED00163,5,month,-0.00402
MED00164,5,month,-0.01359
MED00165,5,month,-0.016
MED00166,5,month,0.00252
MED00167,5,month,0.00453
MED00168,5,month,0.00438
MED00169,5,month,0.00271
MED00170,5,month,0.00847
MED00171,5,month,0.00026
MED00172,5,month,-0.00263
MED00173,5,month,-0.00092
MED00174,5,month,-0.03355
MED00175,5,month,-0.00729
MED00176,5,month,-0.01448
MED00177,5,month,-0.00853
MED00178,5,month,-0.00244
MED00179,5,month,-0.01104
MED00180,5,month,0.00323
MED00181,5,month,-0.00341
MED00182,5,month,-0.01037
MED00183,5,month,-0.03382
MED00184,5,month,-0.01449
MED00185,5,month,0.00651
MED00186,5,month,0.00389
MED00187,5,month,-0.01362
MED00188,5,month,-0.00463
MED00189,5,month,-0.00896
MED00190,5,month,-0.0003
MED00191,5,month,-0.0113
MED00192,5,month,-0.02584
MED00193,5,month,-0.00259
MED00194,5,month,-0.05914
MED00195,5,month,-0.05482
MED00196,5,month,-0.04967
MED00197,5,month,-0.05735
MED00198,5,month,0.00286
MED00199,5,month,-0.00137
MED00200,5,month,0.0031
MED00201,5,month,-0.03801
MED00202,5,month,0.00423
MED00203,5,month,-0.01139
MED00204,5,month,0.00158
MED00205,5,month,-0.00467
MED00206,5,month,0.00067
MED00207,5,month,-0.00068
MED00208,5,month,-0.00292
MED00209,5,month,-0.00216
MED00210,5,month,-0.01023
MED00211,5,month,-0.00094
MED00212,5,month,-0.0152
MED00213,5,month,0.00453
MED00214,5,month,-0.00293
MED00215,5,month,-0.00099
MED00216,5,month,0.00112
MED00217,5,month,-0.01098
MED00218,5,month,-0.01546
MED00219,5,month,-0.0048
MED00220,5,month,-0.00163
MED00221,5,month,-0.00936
MED00222,5,month,-0.01558
MED00223,5,month,-0.00698
MED00224,5,month,0.00142
MED00225,5,month,-0.01888
MED00226,5,month,-0.01246
MED00227,5,month,-0.00547
MED00228,5,month,-0.00739
MED00229,5,month,0.00379
MED00230,5,month,-0.01251
MED00231,5,month,0.0032
MED00232,5,month,-0.0023
MED00233,5,month,-0.00481
MED00234,5,month,0.00357
MED00235,5,month,0.00392
MED00236,5,month,0.00052
MED00237,5,month,-0.05111
MED00238,5,month,0.00114
MED00239,5,month,-0.01078
MED00240,5,month,-0.02492
MED00241,5,month,-0.00117
MED00242,5,month,-0.0159
MED00243,5,month,-0.01173
MED00244,5,month,0.00037
MED00245,5,month,-0.02415
MED00246,5,month,-0.02821
MED00247,5,month,-0.00369
MED00248,5,month,-0.01333
MED00249,5,month,-0.03533
MED00250,5,month,-0.00722
MED00251,5,month,0.00417
MED00252,5,month,-0.03021
MED00253,5,month,-0.01101
MED00254,5,month,-0.03272
MED00255,5,month,-0.04866
MED00256,5,month,0.01299
MED00257,5,month,-0.02415
MED00258,5,month,-0.00184
MED00259,5,month,-0.00125
MED00260,5,month,-0.01351
MED00261,5,month,-0.00094
MED00262,5,month,-0.00757
MED00263,5,month,-0.00025
MED00264,5,month,-0.00065
MED00265,5,month,-0.02633
MED00266,5,month,-0.00752
MED00267,5,month,-0.01759
MED00268,5,month,0.00044
MED00269,5,month,0.00044
MED00270,5,month,0.00094
MED00271,5,month,0.00323
MED00272,5,month,-0.01927
MED00273,5,month,-0.008
MED00274,5,month,-0.00356
MED00275,5,month,-0.02938
MED00276,5,month,0.00218
MED00277,5,month,-0.01007
MED00278,5,month,-0.02474
MED00279,5,month,-0.011
MED00280,5,month,-0.00997
MED00281,5,month,-0.00573
MED00282,5,month,-0.00729
MED00283,5,month,0.0056
MED00284,5,month,-0.00607
MED00285,5,month,-0.02231
MED00286,5,month,-0.01683
MED00287,5,month,-0.00469
MED00288,5,month,-0.00541
MED00289,5,month,-0.01708
MED00290,5,month,0.00262
MED00291,5,month,-0.00802
MED00293,5,month,-0.0213
MED00294,5,month,-0.00762
MED00295,5,month,-0.02642
MED00296,5,month,-0.01601
MED00297,5,month,-0.03097
MED00298,5,month,-0.00066
MED00299,5,month,-0.00635
MED00300,5,month,0.00214
MED00301,5,month,-0.02232
MED00302,5,month,-0.02936
MED00303,5,month,-0.01326
MED00304,5,month,-0.02866
MED00305,5,month,0.00367
MED00306,5,month,-0.01131
MED00307,5,month,-0.03596
MED00308,5,month,-0.0063
MED00309,5,month,-0.00917
MED00310,5,month,-0.00548
MED00311,5,month,-0.03209
MED00312,5,month,-0.0112
MED00313,5,month,-0.00724
MED00314,5,month,-0.01408
MED00315,5,month,-0.01404
MED00316,5,month,-0.00102
MED00317,5,month,-0.00013
MED00318,5,month,-0.01784
MED00319,5,month,-0.00615
MED00320,5,month,-0.03663
MED00321,5,month,0.00333
MED00322,5,month,-0.00356
MED00323,5,month,0.00254
MED00324,5,month,-0.00699
MED00325,5,month,-0.03507
MED00326,5,month,-0.01402
MED00327,5,month,-0.00168
MED00328,5,month,-0.01634
MED00329,5,month,-0.00278
MED00330,5,month,-0.0202
MED00331,5,month,0.00628
MED00332,5,month,-0.00342
MED00333,5,month,-0.00663
MED00334,5,month,-0.01442
MED00335,5,month,-0.03911
MED00336,5,month,-0.00205
MED00337,5,month,0.02289
MED00338,5,month,-0.00658
MED00339,5,month,-0.00842
MED00340,5,month,-0.01187
MED00341,5,month,-0.02339
MED00342,5,month,0.00211
MED00343,5,month,-0.00587
MED00344,5,month,-0.05305
MED00345,5,month,-0.00318
MED00346,5,month,-0.00232
MED00347,5,month,-0.01053
MED00348,5,month,0.00458
MED00349,5,month,0.00011
MED00350,5,month,-0.00186
MED00351,5,month,-0.00167
MED00352,5,month,-0.00154
MED00353,5,month,0.0035
MED00354,5,month,-0.00208
MED00355,5,month,-0.00954
MED00356,5,month,0.00245
MED00357,5,month,-0.00921
MED00358,5,month,-0.02106
MED00359,5,month,0.00192
MED00360,5,month,-0.00663
MED00361,5,month,0.00438
MED00362,5,month,0.00811
MED00363,5,month,0.00457
MED00364,5,month,-0.0008
MED00365,5,month,-0.00072
MED00366,5,month,-0.00857
MED00367,5,month,0.00037
MED00368,5,month,-0.00035
MED00369,5,month,-0.02576
MED00370,5,month,-0.01039
MED00371,5,month,-0.00429
MED00372,5,month,-0.01246
MED00373,5,month,0.00438
MED00374,5,month,0.00177
MED00375,5,month,-0.00553
MED00376,5,month,0.00077
MED00377,5,month,0.00688
MED00378,5,month,0.00079
MED00379,5,month,0.00436
MED00380,5,month,-0.00307
MED00381,5,month,-0.00153
MED00382,5,month,-0.00676
MED00383,5,month,-0.02934
MED00384,5,month,0.00182
MED00385,5,month,-0.00621
MED00386,5,month,-0.00212
MED00387,5,month,-0.00783
MED00388,5,month,-0.01664
MED00389,5,month,-0.03041
MED00390,5,month,-0.02506
MED00391,5,month,-0.01995
MED00392,5,month,-0.02159
MED00393,5,month,-0.00731
MED00394,5,month,-0.0052
MED00395,5,month,-0.0163
MED00396,5,month,-0.00122
MED00397,5,month,0.0006
MED00398,5,month,-0.01347
MED00399,5,month,-0.01203
MED00400,5,month,-0.0086
MED00401,5,month,-0.00621
MED00402,5,month,-0.01648
MED00403,5,month,-0.01156
MED00404,5,month,-0.03424
MED00405,5,month,-0.05204
MED00406,5,month,-0.0149
MED00407,5,month,-0.01301
MED00408,5,month,-0.04469
MED00409,5,month,-0.00796
MED00410,5,month,-0.02993
MED00411,5,month,-0.02139
MED00412,5,month,-0.00765
MED00413,5,month,-0.00604
MED00414,5,month,-0.0195
MED00415,5,month,-0.00505
MED00416,5,month,-0.019
MED00417,5,month,-0.03835
MED00418,5,month,-0.03257
MED00419,5,month,-0.04042
MED00420,5,month,-0.01329
MED00421,5,month,-0.01023
MED00422,5,month,-0.01849
MED00423,5,month,-0.00635
MED00424,5,month,-0.02211
MED00001,6,month,-0.00689
MED00002,6,month,-0.0061
MED00003,6,month,-0.00481
MED00004,6,month,-0.00054
MED00005,6,month,-0.00866
MED00006,6,month,-0.00112
MED00007,6,month,0.00071
MED00008,6,month,0.0065
MED00009,6,month,-0.00677
MED00010,6,month,-0.00138
MED00011,6,month,-0.0381
MED00012,6,month,0.0016
MED00013,6,month,-0.00974
MED00014,6,month,-0.00592
MED00015,6,month,-0.0046
MED00016,6,month,0.00392
MED00017,6,month,0.00302
MED00018,6,month,-0.01821
MED00019,6,month,-0.00044
MED00020,6,month,-0.00375
MED00021,6,month,-0.02092
MED00022,6,month,-0.00502
MED00023,6,month,-0.00179
MED00024,6,month,-0.01217
MED00025,6,month,-0.02202
MED00026,6,month,-0.0081
MED00027,6,month,-0.02579
MED00028,6,month,-0.00134
MED00029,6,month,-0.00903
MED00030,6,month,-0.04172
MED00031,6,month,-0.00919
MED00032,6,month,-0.00193
MED00033,6,month,0.00035
MED00034,6,month,-0.02304
MED00035,6,month,-0.01446
MED00036,6,month,-0.00337
MED00037,6,month,-0.03198
MED00038,6,month,-0.0023
MED00039,6,month,-0.00742
MED00040,6,month,-0.00489
MED00041,6,month,-0.01023
MED00042,6,month,-0.01065
MED00043,6,month,-0.00882
MED00044,6,month,-0.01101
MED00045,6,month,0.00534
MED00046,6,month,-0.01085
MED00047,6,month,-0.02318
MED00048,6,month,-0.00489
MED00049,6,month,-0.00368
MED00050,6,month,-0.00263
MED00051,6,month,-0.02131
MED00052,6,month,-0.00204
MED00053,6,month,-0.05114
MED00054,6,month,-0.03926
MED00055,6,month,-0.00394
MED00056,6,month,-0.006
MED00057,6,month,-0.01128
MED00058,6,month,0.00116
MED00059,6,month,-0.02673
MED00060,6,month,-0.02613
MED00061,6,month,0.00438
MED00062,6,month,-0.00344
MED00063,6,month,-0.00855
MED00064,6,month,-0.02583
MED00065,6,month,0.0113
MED00066,6,month,-0.00419
MED00067,6,month,0.0002
MED00068,6,month,-0.01033
MED00069,6,month,-0.01096
MED00070,6,month,-0.00784
MED00071,6,month,-0.01205
MED00072,6,month,-0.01053
MED00073,6,month,-0.01101
MED00074,6,month,-0.0105
MED00075,6,month,-0.01301
MED00076,6,month,-0.00834
MED00077,6,month,-0.01967
MED00078,6,month,-0.01119
MED00079,6,month,-0.02886
MED00080,6,month,-0.01702
MED00081,6,month,-0.02787
MED00082,6,month,-0.00969
MED00083,6,month,-0.01508
MED00084,6,month,-0.00595
MED00085,6,month,0.00374
MED00086,6,month,-0.03561
MED00087,6,month,0.00085
MED00088,6,month,-0.02224
MED00089,6,month,-0.02444
MED00090,6,month,-0.0229
MED00091,6,month,-0.01156
MED00092,6,month,0.00295
MED00093,6,month,-0.03406
MED00094,6,month,0.0077
MED00095,6,month,-0.00368
MED00096,6,month,-0.0034
MED00097,6,month,-0.0141
MED00098,6,month,-0.02661
MED00099,6,month,-0.02721
MED00100,6,month,-0.00764
MED00101,6,month,-0.01033
MED00102,6,month,-0.0133
MED00103,6,month,0.00032
MED00104,6,month,-0.02961
MED00105,6,month,-0.00166
MED00106,6,month,-0.00756
MED00107,6,month,-0.02665
MED00108,6,month,-0.00391
MED00110,6,month,-0.00663
MED00111,6,month,0.00805
MED00112,6,month,-0.00041
MED00113,6,month,0.00455
MED00114,6,month,0.003
MED00115,6,month,0.00097
MED00116,6,month,-0.02435
MED00117,6,month,0.00637
MED00118,6,month,-0.00087
MED00119,6,month,0.00127
MED00120,6,month,-0.00768
MED00121,6,month,-0.00906
MED00122,6,month,-0.00081
MED00123,6,month,-0.00077
MED00124,6,month,-0.02661
MED00125,6,month,-0.00981
MED00127,6,month,-0.01308
MED00128,6,month,0.00017
MED00129,6,month,0.00549
MED00130,6,month,-0.00418
MED00131,6,month,-0.0117
MED00132,6,month,-0.00709
MED00133,6,month,-0.00911
MED00134,6,month,-0.00489
MED00135,6,month,-0.00796
MED00136,6,month,0.00037
MED00137,6,month,-0.00233
MED00138,6,month,0.00087
MED00139,6,month,-0.00145
MED00140,6,month,0.00348
MED00141,6,month,-0.03457
MED00142,6,month,-0.01805
MED00143,6,month,0.00485
MED00144,6,month,-0.02416
MED00145,6,month,0.00446
MED00146,6,month,0.00706
MED00147,6,month,-0.00347
MED00148,6,month,-0.02638
MED00149,6,month,-0.01236
MED00150,6,month,0.00171
MED00151,6,month,0.00048
MED00152,6,month,0.00103
MED00153,6,month,0.00069
MED00154,6,month,-0.00385
MED00155,6,month,-0.00047
MED00156,6,month,-0.00452
MED00157,6,month,-0.01824
MED00158,6,month,-0.03179
MED00159,6,month,-0.01739
MED00160,6,month,-0.01383
MED00161,6,month,-0.03077
MED00162,6,month,0.00083
MED00163,6,month,-0.00416
MED00164,6,month,-0.01316
MED00165,6,month,-0.01689
MED00166,6,month,0.00297
MED00167,6,month,0.00492
MED00168,6,month,0.00483
MED00169,6,month,0.00295
MED00170,6,month,0.00887
MED00171,6,month,0.00066
MED00172,6,month,-0.00264
MED00173,6,month,-0.00053
MED00174,6,month,-0.03351
MED00175,6,month,-0.00736
MED00176,6,month,-0.01448
MED00177,6,month,-0.00788
MED00178,6,month,-0.00245
MED00179,6,month,-0.00997
MED00180,6,month,0.00369
MED00181,6,month,-0.00302
MED00182,6,month,-0.00887
MED00183,6,month,-0.03366
MED00184,6,month,-0.01395
MED00185,6,month,0.00688
MED00186,6,month,0.00434
MED00187,6,month,-0.01381
MED00188,6,month,-0.00437
MED00189,6,month,-0.00905
MED00190,6,month,-0.00024
MED00191,6,month,-0.01134
MED00192,6,month,-0.02594
MED00193,6,month,-0.00272
MED00194,6,month,-0.05906
MED00195,6,month,-0.05559
MED00196,6,month,-0.04948
MED00197,6,month,-0.05727
MED00198,6,month,0.00324
MED00199,6,month,-0.00149
MED00200,6,month,0.00346
MED00201,6,month,-0.03802
MED00202,6,month,0.00467
MED00203,6,month,-0.01121
MED00204,6,month,0.00205
MED00205,6,month,-0.0043
MED00206,6,month,0.00129
MED00207,6,month,-0.00083
MED00208,6,month,-0.00258
MED00209,6,month,-0.0022
MED00210,6,month,-0.01024
MED00211,6,month,-0.00049
MED00212,6,month,-0.01479
MED00213,6,month,0.00574
MED00214,6,month,-0.00254
MED00215,6,month,-0.0006
MED00217,6,month,-0.01095
MED00218,6,month,-0.01514
MED00219,6,month,-0.0049
MED00220,6,month,-0.00151
MED00221,6,month,-0.00868
MED00222,6,month,-0.01481
MED00223,6,month,-0.00643
MED00224,6,month,0.00154
MED00225,6,month,-0.01847
MED00226,6,month,-0.01189
MED00227,6,month,-0.00543
MED00228,6,month,-0.00715
MED00229,6,month,0.0037
MED00230,6,month,-0.01247
MED00231,6,month,0.00359
MED00232,6,month,-0.00187
MED00233,6,month,-0.00484
MED00234,6,month,0.00395
MED00235,6,month,0.00396
MED00236,6,month,0.00145
MED00237,6,month,-0.05123
MED00238,6,month,0.00112
MED00239,6,month,-0.0105
MED00240,6,month,-0.02489
MED00241,6,month,-0.00077
MED00242,6,month,-0.01487
MED00243,6,month,-0.01174
MED00244,6,month,0.00076
MED00245,6,month,-0.02545
MED00246,6,month,-0.02792
MED00247,6,month,-0.00335
MED00248,6,month,-0.01293
MED00249,6,month,-0.03528
MED00250,6,month,-0.00736
MED00251,6,month,0.00453
MED00252,6,month,-0.03013
MED00253,6,month,-0.01049
MED00254,6,month,-0.0323
MED00255,6,month,-0.04837
MED00256,6,month,0.01337
MED00257,6,month,-0.02424
MED00258,6,month,-0.00174
MED00259,6,month,-0.00086
MED00260,6,month,-0.01347
MED00261,6,month,-0.00081
MED00262,6,month,-0.00749
MED00263,6,month,0.00015
MED00265,6,month,-0.02592
MED00266,6,month,-0.00746
MED00267,6,month,-0.01719
MED00268,6,month,0.00083
MED00269,6,month,0.00077
MED00270,6,month,0.00134
MED00271,6,month,0.00496
MED00272,6,month,-0.01888
MED00273,6,month,-0.00767
MED00274,6,month,-0.00375
MED00275,6,month,-0.02897
MED00276,6,month,0.00258
MED00277,6,month,-0.01017
MED00278,6,month,-0.02434
MED00279,6,month,-0.01046
MED00280,6,month,-0.01019
MED00281,6,month,-0.00539
MED00282,6,month,-0.00687
MED00283,6,month,0.00647
MED00284,6,month,-0.00602
MED00285,6,month,-0.02186
MED00286,6,month,-0.01671
MED00287,6,month,-0.00451
MED00288,6,month,-0.00443
MED00289,6,month,-0.0235
MED00290,6,month,0.00298
MED00291,6,month,-0.01305
MED00292,6,month,0.00036
MED00293,6,month,-0.02101
MED00294,6,month,-0.0072
MED00295,6,month,-0.02667
MED00296,6,month,-0.01556
MED00297,6,month,-0.03063
MED00298,6,month,-0.00071
MED00299,6,month,-0.00634
MED00300,6,month,0.00259
MED00301,6,month,-0.02192
MED00302,6,month,-0.02881
MED00303,6,month,-0.01305
MED00304,6,month,-0.02803
MED00305,6,month,0.00412
MED00306,6,month,-0.01143
MED00307,6,month,-0.03595
MED00308,6,month,-0.00628
MED00309,6,month,-0.00854
MED00310,6,month,-0.00509
MED00311,6,month,-0.03167
MED00312,6,month,-0.01131
MED00313,6,month,-0.00724
MED00314,6,month,-0.01395
MED00315,6,month,-0.01365
MED00316,6,month,-0.00053
MED00317,6,month,0.00038
MED00318,6,month,-0.01893
MED00319,6,month,-0.00583
MED00320,6,month,-0.03609
MED00321,6,month,0.00328
MED00322,6,month,-0.00364
MED00323,6,month,0.00245
MED00324,6,month,-0.00681
MED00325,6,month,-0.03467
MED00326,6,month,-0.01368
MED00327,6,month,-0.00134
MED00328,6,month,-0.01594
MED00329,6,month,-0.00238
MED00330,6,month,-0.0198
MED00331,6,month,0.00668
MED00332,6,month,-0.00308
MED00333,6,month,-0.00625
MED00334,6,month,-0.01367
MED00335,6,month,-0.03891
MED00336,6,month,-0.00168
MED00337,6,month,0.02295
MED00338,6,month,-0.00499
MED00339,6,month,-0.00807
MED00340,6,month,-0.01183
MED00341,6,month,-0.02299
MED00342,6,month,0.0025
MED00343,6,month,-0.00547
MED00344,6,month,-0.05296
MED00345,6,month,-0.00332
MED00346,6,month,-0.00187
MED00347,6,month,-0.0124
MED00348,6,month,0.00491
MED00349,6,month,0.0005
MED00350,6,month,-0.00188
MED00351,6,month,-0.00121
MED00352,6,month,-0.00155
MED00353,6,month,0.00469
MED00354,6,month,-0.00153
MED00355,6,month,-0.0093
MED00356,6,month,0.00279
MED00357,6,month,-0.00918
MED00358,6,month,-0.02067
MED00359,6,month,0.00237
MED00360,6,month,-0.00638
MED00361,6,month,0.00476
MED00362,6,month,0.00854
MED00363,6,month,0.00495
MED00364,6,month,-0.00233
MED00365,6,month,-0.00033
MED00366,6,month,-0.00817
MED00367,6,month,0.00024
MED00369,6,month,-0.0268
MED00370,6,month,-0.01038
MED00371,6,month,-0.00336
MED00372,6,month,-0.01256
MED00373,6,month,0.00439
MED00374,6,month,0.00316
MED00375,6,month,-0.00552
MED00376,6,month,0.00116
MED00377,6,month,0.00811
MED00378,6,month,0.00103
MED00379,6,month,0.00428
MED00380,6,month,-0.00252
MED00381,6,month,-0.00155
MED00382,6,month,-0.0066
MED00383,6,month,-0.02925
MED00384,6,month,0.00222
MED00385,6,month,-0.0059
MED00386,6,month,-0.00174
MED00387,6,month,-0.00752
MED00388,6,month,-0.01655
MED00389,6,month,-0.03028
MED00390,6,month,-0.02535
MED00391,6,month,-0.01954
MED00392,6,month,-0.02126
MED00393,6,month,-0.00685
MED00394,6,month,-0.00485
MED00395,6,month,-0.01596
MED00396,6,month,-0.001
MED00397,6,month,0.00067
MED00398,6,month,-0.00884
MED00399,6,month,-0.01196
MED00400,6,month,-0.00841
MED00401,6,month,-0.00599
MED00402,6,month,-0.01585
MED00403,6,month,-0.01068
MED00404,6,month,-0.03387
MED00405,6,month,-0.05177
MED00406,6,month,-0.01448
MED00407,6,month,-0.01273
MED00408,6,month,-0.04435
MED00409,6,month,-0.00728
MED00410,6,month,-0.02874
MED00411,6,month,-0.02107
MED00412,6,month,-0.00725
MED00413,6,month,-0.00574
MED00414,6,month,-0.01917
MED00415,6,month,-0.00471
MED00416,6,month,-0.01677
MED00417,6,month,-0.03801
MED00418,6,month,-0.03217
MED00419,6,month,-0.04002
MED00420,6,month,-0.01301
MED00421,6,month,-0.00992
MED00422,6,month,-0.01842
MED00423,6,month,-0.00602
MED00424,6,month,-0.02204
MED00001,7,month,-0.00668
MED00002,7,month,-0.00625
MED00003,7,month,-0.0048
MED00004,7,month,-0.00063
MED00005,7,month,-0.00871
MED00006,7,month,-0.00146
MED00007,7,month,0.00068
MED00008,7,month,0.00652
MED00009,7,month,-0.00634
MED00010,7,month,-0.00133
MED00011,7,month,-0.04011
MED00012,7,month,0.00152
MED00013,7,month,-0.00981
MED00014,7,month,-0.00639
MED00015,7,month,-0.00479
MED00016,7,month,0.00382
MED00017,7,month,0.00292
MED00018,7,month,-0.01826
MED00019,7,month,-0.00045
MED00020,7,month,-0.00359
MED00021,7,month,-0.02061
MED00022,7,month,-0.00508
MED00023,7,month,-0.00157
MED00024,7,month,-0.01239
MED00025,7,month,-0.02204
MED00026,7,month,-0.00642
MED00027,7,month,-0.02588
MED00028,7,month,-0.00133
MED00029,7,month,-0.00909
MED00030,7,month,-0.04178
MED00031,7,month,-0.00925
MED00032,7,month,-0.00172
MED00033,7,month,0.00051
MED00034,7,month,-0.02308
MED00035,7,month,-0.01529
MED00036,7,month,-0.00283
MED00037,7,month,-0.03176
MED00038,7,month,-0.00199
MED00039,7,month,-0.00746
MED00040,7,month,-0.00468
MED00041,7,month,-0.01015
MED00042,7,month,-0.01065
MED00043,7,month,-0.00881
MED00044,7,month,-0.01108
MED00045,7,month,0.00551
MED00046,7,month,-0.0109
MED00047,7,month,-0.02328
MED00048,7,month,-0.00512
MED00049,7,month,-0.00362
MED00050,7,month,-0.00189
MED00051,7,month,-0.02207
MED00052,7,month,-0.00203
MED00053,7,month,-0.05113
MED00054,7,month,-0.03915
MED00055,7,month,-0.00398
MED00056,7,month,-0.00636
MED00057,7,month,-0.01167
MED00058,7,month,0.00106
MED00059,7,month,-0.02652
MED00060,7,month,-0.02592
MED00061,7,month,0.00438
MED00062,7,month,-0.00324
MED00063,7,month,-0.00852
MED00064,7,month,-0.02328
MED00065,7,month,0.01096
MED00066,7,month,-0.00427
MED00067,7,month,-0.00017
MED00068,7,month,-0.01039
MED00069,7,month,-0.01105
MED00070,7,month,-0.00714
MED00071,7,month,-0.01211
MED00072,7,month,-0.01037
MED00073,7,month,-0.01072
MED00074,7,month,-0.01061
MED00075,7,month,-0.01272
MED00076,7,month,-0.00828
MED00077,7,month,-0.01886
MED00078,7,month,-0.01126
MED00079,7,month,-0.03061
MED00080,7,month,-0.01708
MED00081,7,month,-0.02849
MED00082,7,month,-0.00977
MED00083,7,month,-0.01514
MED00084,7,month,-0.00591
MED00085,7,month,0.00364
MED00086,7,month,-0.03566
MED00087,7,month,0.0005
MED00088,7,month,-0.01947
MED00089,7,month,-0.0247
MED00090,7,month,-0.02302
MED00091,7,month,-0.01184
MED00092,7,month,0.00261
MED00093,7,month,-0.03397
MED00094,7,month,0.00706
MED00095,7,month,-0.00397
MED00096,7,month,-0.00372
MED00097,7,month,-0.01415
MED00098,7,month,-0.02669
MED00099,7,month,-0.02813
MED00100,7,month,-0.00736
MED00101,7,month,-0.01042
MED00102,7,month,-0.01324
MED00103,7,month,0.00022
MED00104,7,month,-0.02966
MED00105,7,month,-0.00148
MED00106,7,month,-0.00768
MED00107,7,month,-0.02673
MED00108,7,month,-0.00399
MED00109,7,month,0.00019
MED00110,7,month,-0.00669
MED00111,7,month,0.00791
MED00112,7,month,-0.00051
MED00113,7,month,0.00432
MED00114,7,month,0.0031
MED00115,7,month,0.00091
MED00116,7,month,-0.02448
MED00117,7,month,0.00682
MED00118,7,month,-0.00121
MED00119,7,month,0.00118
MED00120,7,month,-0.00773
MED00121,7,month,-0.00889
MED00122,7,month,-0.00106
MED00123,7,month,-0.0006
MED00124,7,month,-0.0267
MED00125,7,month,-0.0098
MED00127,7,month,-0.01287
MED00128,7,month,0.00012
MED00129,7,month,0.0054
MED00130,7,month,-0.00354
MED00131,7,month,-0.012
MED00132,7,month,-0.00694
MED00133,7,month,-0.00904
MED00134,7,month,-0.00495
MED00135,7,month,-0.00699
MED00136,7,month,0.0003
MED00137,7,month,-0.00228
MED00138,7,month,0.00105
MED00139,7,month,-0.00128
MED00140,7,month,0.0034
MED00141,7,month,-0.03463
MED00142,7,month,-0.01812
MED00143,7,month,0.0048
MED00144,7,month,-0.02386
MED00145,7,month,0.00452
MED00146,7,month,0.00669
MED00147,7,month,-0.00304
MED00148,7,month,-0.02617
MED00149,7,month,-0.01246
MED00150,7,month,0.00223
MED00151,7,month,0.00039
MED00152,7,month,0.00094
MED00153,7,month,0.00058
MED00154,7,month,-0.0043
MED00155,7,month,-0.00055
MED00156,7,month,-0.0043
MED00157,7,month,-0.01828
MED00158,7,month,-0.03187
MED00159,7,month,-0.01745
MED00160,7,month,-0.01398
MED00161,7,month,-0.03087
MED00162,7,month,0.00054
MED00163,7,month,-0.00418
MED00164,7,month,-0.01324
MED00165,7,month,-0.01688
MED00166,7,month,0.00292
MED00167,7,month,0.00482
MED00168,7,month,0.005
MED00169,7,month,0.00286
MED00170,7,month,0.00883
MED00171,7,month,0.0006
MED00172,7,month,-0.0026
MED00173,7,month,-0.00058
MED00174,7,month,-0.03382
MED00175,7,month,-0.00733
MED00176,7,month,-0.01453
MED00177,7,month,-0.00825
MED00178,7,month,-0.00228
MED00179,7,month,-0.00998
MED00180,7,month,0.00359
MED00181,7,month,-0.00312
MED00182,7,month,-0.00895
MED00183,7,month,-0.03537
MED00184,7,month,-0.01391
MED00185,7,month,0.00709
MED00186,7,month,0.00429
MED00187,7,month,-0.01387
MED00188,7,month,-0.0046
MED00189,7,month,-0.00905
MED00190,7,month,-0.00061
MED00191,7,month,-0.01096
MED00192,7,month,-0.02693
MED00193,7,month,-0.00293
MED00194,7,month,-0.0593
MED00195,7,month,-0.05555
MED00196,7,month,-0.0497
MED00197,7,month,-0.05746
MED00198,7,month,0.00316
MED00199,7,month,-0.00109
MED00200,7,month,0.00338
MED00201,7,month,-0.03751
MED00202,7,month,0.00457
MED00203,7,month,-0.01153
MED00204,7,month,0.00206
MED00205,7,month,-0.0043
MED00206,7,month,0.00129
MED00207,7,month,-0.0012
MED00208,7,month,-0.00239
MED00209,7,month,-0.00206
MED00210,7,month,-0.01029
MED00211,7,month,-0.00053
MED00212,7,month,-0.01458
MED00213,7,month,0.00576
MED00214,7,month,-0.00264
MED00215,7,month,-0.00064
MED00216,7,month,0.00024
MED00217,7,month,-0.01097
MED00218,7,month,-0.01529
MED00219,7,month,-0.00482
MED00220,7,month,-0.00188
MED00221,7,month,-0.00874
MED00222,7,month,-0.01462
MED00223,7,month,-0.00635
MED00224,7,month,0.00117
MED00225,7,month,-0.01857
MED00226,7,month,-0.01173
MED00227,7,month,-0.00555
MED00228,7,month,-0.00698
MED00229,7,month,0.0037
MED00230,7,month,-0.01278
MED00231,7,month,0.00381
MED00232,7,month,-0.00151
MED00233,7,month,-0.00469
MED00234,7,month,0.00386
MED00235,7,month,0.00412
MED00236,7,month,0.00179
MED00237,7,month,-0.05144
MED00238,7,month,0.00062
MED00239,7,month,-0.01072
MED00240,7,month,-0.02495
MED00241,7,month,-0.00085
MED00242,7,month,-0.01571
MED00243,7,month,-0.01194
MED00244,7,month,0.00066
MED00245,7,month,-0.02542
MED00246,7,month,-0.02817
MED00247,7,month,-0.00342
MED00248,7,month,-0.01273
MED00249,7,month,-0.03701
MED00250,7,month,-0.00743
MED00251,7,month,0.00444
MED00252,7,month,-0.0302
MED00253,7,month,-0.01057
MED00254,7,month,-0.03211
MED00255,7,month,-0.04854
MED00256,7,month,0.01325
MED00257,7,month,-0.0243
MED00258,7,month,-0.00205
MED00259,7,month,-0.00092
MED00260,7,month,-0.01314
MED00261,7,month,-0.00088
MED00262,7,month,-0.00754
MED00264,7,month,0.00025
MED00265,7,month,-0.02622
MED00266,7,month,-0.0075
MED00267,7,month,-0.017
MED00268,7,month,0.00078
MED00269,7,month,0.00068
MED00270,7,month,0.00127
MED00271,7,month,0.00486
MED00272,7,month,-0.01867
MED00273,7,month,-0.00746
MED00274,7,month,-0.00372
MED00275,7,month,-0.02854
MED00276,7,month,0.00253
MED00277,7,month,-0.01017
MED00278,7,month,-0.0244
MED00279,7,month,-0.01035
MED00280,7,month,-0.0102
MED00281,7,month,-0.00518
MED00282,7,month,-0.00666
MED00283,7,month,0.00511
MED00284,7,month,-0.00608
MED00285,7,month,-0.0219
MED00286,7,month,-0.0165
MED00287,7,month,-0.0046
MED00288,7,month,-0.00459
MED00289,7,month,-0.02319
MED00290,7,month,0.00305
MED00291,7,month,-0.01329
MED00292,7,month,0.00058
MED00293,7,month,-0.02074
MED00294,7,month,-0.00726
MED00295,7,month,-0.02499
MED00296,7,month,-0.0156
MED00297,7,month,-0.03071
MED00298,7,month,-0.00108
MED00299,7,month,-0.00629
MED00300,7,month,0.00244
MED00301,7,month,-0.02202
MED00302,7,month,-0.02883
MED00303,7,month,-0.01323
MED00304,7,month,-0.0281
MED00305,7,month,0.00404
MED00306,7,month,-0.01226
MED00307,7,month,-0.03768
MED00308,7,month,-0.00623
MED00309,7,month,-0.0086
MED00310,7,month,-0.00488
MED00311,7,month,-0.03162
MED00312,7,month,-0.01123
MED00313,7,month,-0.00726
MED00314,7,month,-0.01297
MED00315,7,month,-0.01374
MED00316,7,month,-0.00076
MED00318,7,month,-0.01901
MED00319,7,month,-0.00599
MED00320,7,month,-0.03642
MED00321,7,month,0.0033
MED00322,7,month,-0.00364
MED00323,7,month,0.00262
MED00324,7,month,-0.00658
MED00325,7,month,-0.03477
MED00326,7,month,-0.01376
MED00327,7,month,-0.00115
MED00328,7,month,-0.01615
MED00329,7,month,-0.00246
MED00330,7,month,-0.01991
MED00331,7,month,0.00659
MED00332,7,month,-0.00313
MED00333,7,month,-0.00635
MED00334,7,month,-0.01401
MED00335,7,month,-0.03891
MED00336,7,month,-0.00178
MED00337,7,month,0.02291
MED00338,7,month,-0.00506
MED00339,7,month,-0.00817
MED00340,7,month,-0.01184
MED00341,7,month,-0.02282
MED00342,7,month,0.00245
MED00343,7,month,-0.00557
MED00344,7,month,-0.05291
MED00345,7,month,-0.00326
MED00346,7,month,-0.00191
MED00347,7,month,-0.01237
MED00348,7,month,0.00481
MED00349,7,month,0.00054
MED00350,7,month,-0.00188
MED00351,7,month,-0.00127
MED00352,7,month,-0.00237
MED00353,7,month,0.00469
MED00354,7,month,-0.00158
MED00355,7,month,-0.00933
MED00356,7,month,0.00274
MED00357,7,month,-0.00926
MED00358,7,month,-0.02046
MED00359,7,month,0.00229
MED00360,7,month,-0.00616
MED00361,7,month,0.00445
MED00362,7,month,0.00844
MED00363,7,month,0.00487
MED00364,7,month,-0.00209
MED00365,7,month,-0.00043
MED00366,7,month,-0.00826
MED00367,7,month,-0.00011
MED00369,7,month,-0.02653
MED00370,7,month,-0.01047
MED00371,7,month,-0.00326
MED00372,7,month,-0.01249
MED00373,7,month,0.0044
MED00374,7,month,0.00344
MED00375,7,month,-0.00578
MED00376,7,month,0.00105
MED00377,7,month,0.00813
MED00378,7,month,0.00093
MED00379,7,month,0.0043
MED00380,7,month,-0.00258
MED00381,7,month,-0.00166
MED00382,7,month,-0.00616
MED00383,7,month,-0.02942
MED00384,7,month,0.0022
MED00385,7,month,-0.00601
MED00386,7,month,-0.00156
MED00387,7,month,-0.00714
MED00388,7,month,-0.01657
MED00389,7,month,-0.03044
MED00390,7,month,-0.02505
MED00391,7,month,-0.01933
MED00392,7,month,-0.02104
MED00393,7,month,-0.00665
MED00394,7,month,-0.00457
MED00395,7,month,-0.01576
MED00396,7,month,-0.00039
MED00397,7,month,0.00078
MED00398,7,month,-0.00888
MED00399,7,month,-0.012
MED00400,7,month,-0.00843
MED00401,7,month,-0.00606
MED00402,7,month,-0.0159
MED00403,7,month,-0.0104
MED00404,7,month,-0.03344
MED00405,7,month,-0.05138
MED00406,7,month,-0.01408
MED00407,7,month,-0.01279
MED00408,7,month,-0.04441
MED00409,7,month,-0.00665
MED00410,7,month,-0.02853
MED00411,7,month,-0.02086
MED00412,7,month,-0.00703
MED00413,7,month,-0.00572
MED00414,7,month,-0.01896
MED00415,7,month,-0.0045
MED00416,7,month,-0.01655
MED00417,7,month,-0.03766
MED00418,7,month,-0.03196
MED00419,7,month,-0.03966
MED00420,7,month,-0.01242
MED00421,7,month,-0.00934
MED00422,7,month,-0.01821
MED00423,7,month,-0.00579
MED00424,7,month,-0.02232
MED00001,8,month,-0.00684
MED00002,8,month,-0.01123
MED00003,8,month,-0.00475
MED00004,8,month,-0.00051
MED00005,8,month,-0.00866
MED00006,8,month,-0.00146
MED00007,8,month,0.00051
MED00008,8,month,0.0065
MED00009,8,month,-0.00647
MED00010,8,month,-0.00132
MED00011,8,month,-0.0401
MED00012,8,month,0.00135
MED00013,8,month,-0.01
MED00014,8,month,-0.00641
MED00015,8,month,-0.00469
MED00016,8,month,0.00362
MED00017,8,month,0.00289
MED00018,8,month,-0.01839
MED00019,8,month,-0.00043
MED00020,8,month,-0.00358
MED00021,8,month,-0.0206
MED00022,8,month,-0.00565
MED00023,8,month,-0.00172
MED00024,8,month,-0.01239
MED00025,8,month,-0.02192
MED00026,8,month,-0.00642
MED00027,8,month,-0.02569
MED00028,8,month,-0.0007
MED00029,8,month,-0.00938
MED00030,8,month,-0.0418
MED00031,8,month,-0.00925
MED00032,8,month,-0.00191
MED00033,8,month,0.00052
MED00034,8,month,-0.023
MED00035,8,month,-0.01539
MED00036,8,month,-0.0029
MED00037,8,month,-0.03171
MED00038,8,month,-0.00199
MED00039,8,month,-0.00745
MED00040,8,month,-0.00521
MED00041,8,month,-0.01013
MED00042,8,month,-0.01064
MED00043,8,month,-0.00881
MED00044,8,month,-0.01107
MED00045,8,month,0.00544
MED00046,8,month,-0.01089
MED00047,8,month,-0.02343
MED00048,8,month,-0.00528
MED00049,8,month,-0.00362
MED00050,8,month,-0.00204
MED00051,8,month,-0.02181
MED00052,8,month,-0.00207
MED00053,8,month,-0.05112
MED00054,8,month,-0.03861
MED00055,8,month,-0.00398
MED00056,8,month,-0.00636
MED00057,8,month,-0.01227
MED00058,8,month,0.00089
MED00059,8,month,-0.02668
MED00060,8,month,-0.02608
MED00061,8,month,0.00437
MED00062,8,month,-0.0034
MED00063,8,month,-0.00852
MED00064,8,month,-0.02328
MED00065,8,month,0.01117
MED00066,8,month,-0.00409
MED00067,8,month,-0.00022
MED00068,8,month,-0.01037
MED00069,8,month,-0.0107
MED00070,8,month,-0.00707
MED00071,8,month,-0.01211
MED00072,8,month,-0.01036
MED00073,8,month,-0.01071
MED00074,8,month,-0.0106
MED00075,8,month,-0.01288
MED00076,8,month,-0.00886
MED00077,8,month,-0.01905
MED00078,8,month,-0.01114
MED00079,8,month,-0.03078
MED00080,8,month,-0.01708
MED00081,8,month,-0.02824
MED00082,8,month,-0.00975
MED00083,8,month,-0.01513
MED00084,8,month,-0.00561
MED00085,8,month,0.00347
MED00086,8,month,-0.03567
MED00087,8,month,0.0005
MED00088,8,month,-0.01939
MED00089,8,month,-0.02464
MED00090,8,month,-0.02334
MED00091,8,month,-0.01184
MED00092,8,month,0.00258
MED00093,8,month,-0.03356
MED00094,8,month,0.0076
MED00095,8,month,-0.00415
MED00096,8,month,-0.00373
MED00097,8,month,-0.01416
MED00098,8,month,-0.02685
MED00099,8,month,-0.02794
MED00100,8,month,-0.00751
MED00101,8,month,-0.01006
MED00102,8,month,-0.01322
MED00104,8,month,-0.02983
MED00105,8,month,-0.00165
MED00106,8,month,-0.00776
MED00107,8,month,-0.02689
MED00108,8,month,-0.00415
MED00110,8,month,-0.00669
MED00111,8,month,0.0086
MED00112,8,month,-0.00067
MED00113,8,month,0.00357
MED00114,8,month,0.0031
MED00115,8,month,0.00075
MED00116,8,month,-0.02436
MED00117,8,month,0.00665
MED00118,8,month,-0.00121
MED00119,8,month,0.00101
MED00120,8,month,-0.00763
MED00121,8,month,-0.00904
MED00122,8,month,-0.00129
MED00123,8,month,-0.00057
MED00124,8,month,-0.0268
MED00125,8,month,-0.00981
MED00127,8,month,-0.01304
MED00129,8,month,0.00517
MED00130,8,month,-0.00362
MED00131,8,month,-0.01199
MED00132,8,month,-0.00704
MED00133,8,month,-0.00899
MED00134,8,month,-0.00494
MED00135,8,month,-0.00597
MED00136,8,month,0.0003
MED00137,8,month,-0.00227
MED00138,8,month,0.00078
MED00139,8,month,-0.00144
MED00140,8,month,0.00322
MED00141,8,month,-0.03462
MED00142,8,month,-0.01813
MED00143,8,month,0.00452
MED00144,8,month,-0.02487
MED00145,8,month,0.00394
MED00146,8,month,0.00666
MED00147,8,month,-0.00319
MED00148,8,month,-0.02633
MED00149,8,month,-0.01262
MED00150,8,month,0.00208
MED00151,8,month,0.00023
MED00152,8,month,0.00077
MED00153,8,month,0.00041
MED00154,8,month,-0.00419
MED00155,8,month,-0.00071
MED00156,8,month,-0.00445
MED00157,8,month,-0.01844
MED00158,8,month,-0.03169
MED00159,8,month,-0.01739
MED00160,8,month,-0.01404
MED00161,8,month,-0.03103
MED00162,8,month,0.00053
MED00163,8,month,-0.00418
MED00164,8,month,-0.01322
MED00165,8,month,-0.01706
MED00166,8,month,0.00275
MED00167,8,month,0.00462
MED00168,8,month,0.00484
MED00169,8,month,0.00269
MED00170,8,month,0.00809
MED00171,8,month,0.00043
MED00172,8,month,-0.00271
MED00173,8,month,-0.00073
MED00174,8,month,-0.03367
MED00175,8,month,-0.00731
MED00176,8,month,-0.0145
MED00177,8,month,-0.00875
MED00178,8,month,-0.00281
MED00179,8,month,-0.00982
MED00180,8,month,0.00343
MED00181,8,month,-0.00334
MED00182,8,month,-0.00955
MED00183,8,month,-0.03529
MED00184,8,month,-0.01391
MED00185,8,month,0.00728
MED00186,8,month,0.00413
MED00187,8,month,-0.01388
MED00188,8,month,-0.00473
MED00189,8,month,-0.00905
MED00190,8,month,-0.00063
MED00191,8,month,-0.01113
MED00192,8,month,-0.02689
MED00193,8,month,-0.00727
MED00194,8,month,-0.05916
MED00195,8,month,-0.05575
MED00196,8,month,-0.04905
MED00197,8,month,-0.05731
MED00198,8,month,0.003
MED00199,8,month,-0.00109
MED00200,8,month,0.00322
MED00201,8,month,-0.03766
MED00202,8,month,0.00436
MED00203,8,month,-0.01153
MED00204,8,month,0.0019
MED00205,8,month,-0.00446
MED00206,8,month,0.00061
MED00207,8,month,-0.0012
MED00208,8,month,-0.00256
MED00209,8,month,-0.00217
MED00210,8,month,-0.01028
MED00211,8,month,-0.00069
MED00212,8,month,-0.01481
MED00213,8,month,0.00577
MED00214,8,month,-0.00298
MED00215,8,month,-0.00164
MED00217,8,month,-0.01155
MED00218,8,month,-0.01538
MED00219,8,month,-0.00406
MED00220,8,month,-0.00188
MED00221,8,month,-0.00873
MED00222,8,month,-0.01477
MED00223,8,month,-0.00641
MED00224,8,month,0.00119
MED00225,8,month,-0.01872
MED00226,8,month,-0.01136
MED00227,8,month,-0.0055
MED00228,8,month,-0.00717
MED00229,8,month,0.00371
MED00230,8,month,-0.01256
MED00231,8,month,0.00365
MED00232,8,month,-0.00159
MED00233,8,month,-0.00464
MED00234,8,month,0.0037
MED00235,8,month,0.00412
MED00236,8,month,0.00163
MED00237,8,month,-0.05144
MED00238,8,month,0.00062
MED00239,8,month,-0.01088
MED00240,8,month,-0.02494
MED00241,8,month,-0.00103
MED00242,8,month,-0.01556
MED00243,8,month,-0.01686
MED00244,8,month,0.0005
MED00245,8,month,-0.02542
MED00246,8,month,-0.02833
MED00247,8,month,-0.00359
MED00248,8,month,-0.01288
MED00249,8,month,-0.03698
MED00250,8,month,-0.00741
MED00251,8,month,0.00428
MED00252,8,month,-0.03077
MED00253,8,month,-0.01071
MED00254,8,month,-0.03284
MED00255,8,month,-0.04817
MED00256,8,month,0.01309
MED00257,8,month,-0.02429
MED00258,8,month,-0.00205
MED00259,8,month,-0.00107
MED00260,8,month,-0.01325
MED00261,8,month,-0.00099
MED00262,8,month,-0.00753
MED00263,8,month,-0.00013
MED00264,8,month,1e-04
MED00265,8,month,-0.02639
MED00266,8,month,-0.00743
MED00267,8,month,-0.01717
MED00268,8,month,0.00062
MED00269,8,month,0.00051
MED00270,8,month,0.00108
MED00271,8,month,0.00469
MED00272,8,month,-0.01881
MED00273,8,month,-0.00749
MED00274,8,month,-0.00373
MED00275,8,month,-0.02876
MED00276,8,month,0.00238
MED00277,8,month,-0.01017
MED00278,8,month,-0.02457
MED00279,8,month,-0.01035
MED00280,8,month,-0.01085
MED00281,8,month,-0.00535
MED00282,8,month,-0.00689
MED00283,8,month,0.00499
MED00284,8,month,-0.00607
MED00285,8,month,-0.02206
MED00286,8,month,-0.01666
MED00287,8,month,-0.00476
MED00288,8,month,-0.00458
MED00289,8,month,-0.02322
MED00290,8,month,0.00289
MED00291,8,month,-0.01313
MED00292,8,month,0.00042
MED00293,8,month,-0.02089
MED00294,8,month,-0.00726
MED00295,8,month,-0.02486
MED00296,8,month,-0.01575
MED00297,8,month,-0.0314
MED00298,8,month,-0.00108
MED00299,8,month,-0.00628
MED00300,8,month,0.00228
MED00301,8,month,-0.02218
MED00302,8,month,-0.02882
MED00303,8,month,-0.01338
MED00304,8,month,-0.02772
MED00305,8,month,0.00388
MED00306,8,month,-0.01225
MED00307,8,month,-0.03764
MED00308,8,month,-0.00607
MED00309,8,month,-0.00859
MED00310,8,month,-0.00504
MED00311,8,month,-0.03178
MED00312,8,month,-0.0112
MED00313,8,month,-0.00725
MED00314,8,month,-0.01289
MED00315,8,month,-0.0139
MED00316,8,month,-0.00093
MED00318,8,month,-0.01864
MED00319,8,month,-0.0061
MED00320,8,month,-0.03642
MED00321,8,month,0.00331
MED00322,8,month,-0.00364
MED00323,8,month,0.00264
MED00324,8,month,-0.00657
MED00325,8,month,-0.03493
MED00326,8,month,-0.01392
MED00327,8,month,-0.00132
MED00328,8,month,-0.01631
MED00329,8,month,-0.00262
MED00330,8,month,-0.02007
MED00331,8,month,0.00584
MED00332,8,month,-0.0033
MED00333,8,month,-0.00654
MED00334,8,month,-0.01402
MED00335,8,month,-0.03872
MED00336,8,month,-0.00203
MED00337,8,month,0.02268
MED00338,8,month,-0.00496
MED00339,8,month,-0.00815
MED00340,8,month,-0.011
MED00341,8,month,-0.02297
MED00342,8,month,0.00229
MED00343,8,month,-0.00574
MED00344,8,month,-0.05286
MED00345,8,month,-0.00326
MED00346,8,month,-0.00208
MED00347,8,month,-0.01237
MED00348,8,month,0.00462
MED00349,8,month,0.00036
MED00350,8,month,-0.00187
MED00351,8,month,-0.00126
MED00352,8,month,-0.00237
MED00353,8,month,0.0047
MED00354,8,month,-0.00157
MED00355,8,month,-0.00947
MED00356,8,month,0.00203
MED00357,8,month,-0.00979
MED00358,8,month,-0.02062
MED00359,8,month,0.00213
MED00360,8,month,-0.00635
MED00361,8,month,0.00414
MED00362,8,month,0.00829
MED00363,8,month,0.00471
MED00364,8,month,-0.00219
MED00365,8,month,-0.00059
MED00366,8,month,-0.00842
MED00367,8,month,-0.00029
MED00368,8,month,-0.00025
MED00369,8,month,-0.02662
MED00370,8,month,-0.01046
MED00371,8,month,-0.0029
MED00372,8,month,-0.01249
MED00373,8,month,0.00439
MED00374,8,month,0.00327
MED00375,8,month,-0.00524
MED00376,8,month,0.00089
MED00377,8,month,0.00814
MED00378,8,month,0.00083
MED00379,8,month,0.00431
MED00380,8,month,-0.00257
MED00381,8,month,-0.00162
MED00382,8,month,-0.0063
MED00383,8,month,-0.02949
MED00384,8,month,0.00203
MED00385,8,month,-0.00617
MED00386,8,month,-0.00173
MED00387,8,month,-0.0073
MED00388,8,month,-0.01314
MED00389,8,month,-0.03043
MED00390,8,month,-0.02491
MED00391,8,month,-0.01947
MED00392,8,month,-0.02112
MED00393,8,month,-0.00679
MED00394,8,month,-0.00474
MED00395,8,month,-0.01592
MED00396,8,month,-0.00063
MED00397,8,month,0.00077
MED00398,8,month,-0.00868
MED00399,8,month,-0.01119
MED00400,8,month,-0.00837
MED00401,8,month,-0.00622
MED00402,8,month,-0.01605
MED00403,8,month,-0.01055
MED00404,8,month,-0.03361
MED00405,8,month,-0.05154
MED00406,8,month,-0.01424
MED00407,8,month,-0.01294
MED00408,8,month,-0.04421
MED00409,8,month,-0.00679
MED00410,8,month,-0.02868
MED00411,8,month,-0.02101
MED00412,8,month,-0.00719
MED00413,8,month,-0.00585
MED00414,8,month,-0.01911
MED00415,8,month,-0.0043
MED00416,8,month,-0.01669
MED00417,8,month,-0.03814
MED00418,8,month,-0.03211
MED00419,8,month,-0.03984
MED00420,8,month,-0.01259
MED00421,8,month,-0.00951
MED00422,8,month,-0.01836
MED00423,8,month,-0.00632
MED00424,8,month,-0.02234
MED00001,9,month,-0.00708
MED00002,9,month,-0.01074
MED00003,9,month,-0.00418
MED00004,9,month,0.00071
MED00005,9,month,-0.00886
MED00006,9,month,-0.00189
MED00007,9,month,0.00033
MED00008,9,month,0.00771
MED00009,9,month,-0.0067
MED00010,9,month,-0.00147
MED00011,9,month,-0.04128
MED00012,9,month,0.00086
MED00013,9,month,-0.01184
MED00014,9,month,-0.00677
MED00015,9,month,-0.00444
MED00016,9,month,0.00295
MED00017,9,month,0.0024
MED00018,9,month,-0.01858
MED00019,9,month,-0.00052
MED00020,9,month,-0.00378
MED00021,9,month,-0.02216
MED00022,9,month,-0.00608
MED00023,9,month,-0.00137
MED00024,9,month,-0.01393
MED00025,9,month,-0.02142
MED00026,9,month,-0.00655
MED00027,9,month,-0.02515
MED00028,9,month,-0.00029
MED00029,9,month,-0.01011
MED00030,9,month,-0.04254
MED00031,9,month,-0.00999
MED00032,9,month,-0.00206
MED00033,9,month,0.00039
MED00034,9,month,-0.02603
MED00035,9,month,-0.01559
MED00036,9,month,-0.00335
MED00037,9,month,-0.03192
MED00038,9,month,-0.00355
MED00039,9,month,-0.007
MED00040,9,month,-0.00466
MED00041,9,month,-0.00973
MED00042,9,month,-0.01222
MED00043,9,month,-0.00827
MED00044,9,month,-0.01115
MED00045,9,month,0.00501
MED00046,9,month,-0.01131
MED00047,9,month,-0.02469
MED00048,9,month,-0.0069
MED00049,9,month,-0.00308
MED00050,9,month,-0.00349
MED00051,9,month,-0.02144
MED00052,9,month,-0.00169
MED00053,9,month,-0.05143
MED00054,9,month,-0.03893
MED00055,9,month,-0.00426
MED00056,9,month,-0.00676
MED00057,9,month,-0.01265
MED00058,9,month,0.00046
MED00059,9,month,-0.02826
MED00060,9,month,-0.02632
MED00061,9,month,0.00488
MED00062,9,month,-0.00328
MED00063,9,month,-0.00805
MED00064,9,month,-0.02334
MED00065,9,month,0.00933
MED00066,9,month,-0.00353
MED00067,9,month,-0.00072
MED00068,9,month,-0.01194
MED00069,9,month,-0.01112
MED00070,9,month,-0.00869
MED00071,9,month,-0.01255
MED00072,9,month,-0.01083
MED00073,9,month,-0.01227
MED00074,9,month,-0.01216
MED00075,9,month,-0.01298
MED00076,9,month,-0.00836
MED00077,9,month,-0.02059
MED00078,9,month,-0.01205
MED00079,9,month,-0.03119
MED00080,9,month,-0.01864
MED00081,9,month,-0.0277
MED00082,9,month,-0.01134
MED00083,9,month,-0.01669
MED00084,9,month,-0.00576
MED00085,9,month,0.00297
MED00086,9,month,-0.03526
MED00088,9,month,-0.01972
MED00089,9,month,-0.02596
MED00090,9,month,-0.02412
MED00091,9,month,-0.0123
MED00092,9,month,0.00208
MED00093,9,month,-0.03302
MED00094,9,month,0.00801
MED00095,9,month,-0.00578
MED00096,9,month,-0.00392
MED00097,9,month,-0.01376
MED00098,9,month,-0.02846
MED00099,9,month,-0.02739
MED00100,9,month,-0.00703
MED00101,9,month,-0.01168
MED00102,9,month,-0.01342
MED00103,9,month,-0.00156
MED00104,9,month,-0.03149
MED00105,9,month,-0.00326
MED00106,9,month,-0.00735
MED00107,9,month,-0.02848
MED00108,9,month,-0.00578
MED00110,9,month,-0.00676
MED00111,9,month,0.00918
MED00112,9,month,-0.00229
MED00113,9,month,0.0031
MED00114,9,month,0.0029
MED00115,9,month,0.00027
MED00116,9,month,-0.02449
MED00117,9,month,0.00624
MED00118,9,month,-0.00167
MED00119,9,month,0.00052
MED00120,9,month,-0.00783
MED00121,9,month,-0.01066
MED00122,9,month,-0.00188
MED00124,9,month,-0.02841
MED00125,9,month,-0.00926
MED00127,9,month,-0.01317
MED00128,9,month,-0.00043
MED00129,9,month,0.00469
MED00130,9,month,-0.00316
MED00131,9,month,-0.01242
MED00132,9,month,-0.00653
MED00133,9,month,-0.00864
MED00134,9,month,-0.00502
MED00135,9,month,-0.00455
MED00136,9,month,0.00071
MED00137,9,month,-0.0024
MED00138,9,month,0.00012
MED00139,9,month,-0.00303
MED00140,9,month,0.00275
MED00141,9,month,-0.03619
MED00142,9,month,-0.0178
MED00143,9,month,0.00403
MED00144,9,month,-0.02648
MED00145,9,month,0.00445
MED00146,9,month,0.00659
MED00147,9,month,-0.00334
MED00148,9,month,-0.02657
MED00149,9,month,-0.01423
MED00150,9,month,0.00242
MED00151,9,month,-0.00027
MED00152,9,month,0.00029
MED00154,9,month,-0.00395
MED00155,9,month,-0.00119
MED00156,9,month,-0.0046
MED00157,9,month,-0.02006
MED00158,9,month,-0.03115
MED00159,9,month,-0.01759
MED00160,9,month,-0.01566
MED00161,9,month,-0.03264
MED00163,9,month,-0.00364
MED00164,9,month,-0.01368
MED00165,9,month,-0.01634
MED00166,9,month,0.00227
MED00167,9,month,0.00434
MED00168,9,month,0.00436
MED00169,9,month,0.00221
MED00170,9,month,0.00757
MED00172,9,month,-0.00259
MED00173,9,month,-0.00139
MED00174,9,month,-0.03539
MED00175,9,month,-0.00929
MED00176,9,month,-0.01581
MED00177,9,month,-0.00825
MED00178,9,month,-0.00243
MED00179,9,month,-0.00993
MED00180,9,month,0.00294
MED00181,9,month,-0.00489
MED00182,9,month,-0.0089
MED00183,9,month,-0.03665
MED00184,9,month,-0.0141
MED00185,9,month,0.00686
MED00186,9,month,0.00363
MED00187,9,month,-0.01345
MED00188,9,month,-0.00635
MED00189,9,month,-0.00838
MED00190,9,month,-0.00111
MED00191,9,month,-0.01261
MED00192,9,month,-0.02635
MED00193,9,month,-0.00673
MED00194,9,month,-0.05889
MED00195,9,month,-0.05501
MED00196,9,month,-0.04826
MED00197,9,month,-0.05691
MED00198,9,month,0.00252
MED00199,9,month,-0.00121
MED00200,9,month,0.00274
MED00201,9,month,-0.0379
MED00202,9,month,0.00387
MED00203,9,month,-0.012
MED00204,9,month,0.00141
MED00205,9,month,-0.00608
MED00206,9,month,0.00074
MED00207,9,month,-0.00168
MED00208,9,month,-0.00417
MED00209,9,month,-0.00182
MED00210,9,month,-0.01072
MED00211,9,month,-0.00117
MED00212,9,month,-0.01496
MED00213,9,month,0.00565
MED00214,9,month,-0.00461
MED00215,9,month,-0.00213
MED00216,9,month,0.00056
MED00217,9,month,-0.01104
MED00218,9,month,-0.017
MED00219,9,month,-0.00421
MED00220,9,month,-0.00242
MED00221,9,month,-0.00992
MED00222,9,month,-0.01442
MED00223,9,month,-0.00656
MED00224,9,month,0.00075
MED00225,9,month,-0.02035
MED00226,9,month,-0.01179
MED00227,9,month,-0.00567
MED00228,9,month,-0.00726
MED00229,9,month,0.00495
MED00230,9,month,-0.01263
MED00231,9,month,0.00321
MED00232,9,month,-0.00307
MED00233,9,month,-0.0041
MED00234,9,month,0.0032
MED00235,9,month,0.00404
MED00236,9,month,0.00121
MED00237,9,month,-0.05221
MED00238,9,month,0.00013
MED00239,9,month,-0.01267
MED00240,9,month,-0.0265
MED00241,9,month,-0.00151
MED00242,9,month,-0.01518
MED00243,9,month,-0.01637
MED00245,9,month,-0.02558
MED00246,9,month,-0.02995
MED00247,9,month,-0.00522
MED00248,9,month,-0.01303
MED00249,9,month,-0.03834
MED00250,9,month,-0.00867
MED00251,9,month,0.00378
MED00252,9,month,-0.03063
MED00253,9,month,-0.01232
MED00254,9,month,-0.03268
MED00255,9,month,-0.04839
MED00256,9,month,0.01298
MED00257,9,month,-0.02591
MED00258,9,month,-0.00271
MED00259,9,month,-0.00156
MED00260,9,month,-0.01366
MED00261,9,month,-0.00141
MED00262,9,month,-0.00911
MED00263,9,month,-0.00198
MED00265,9,month,-0.02798
MED00266,9,month,-0.00761
MED00267,9,month,-0.01878
MED00270,9,month,0.00058
MED00271,9,month,0.00465
MED00272,9,month,-0.01903
MED00273,9,month,-0.00787
MED00274,9,month,-0.00319
MED00275,9,month,-0.029
MED00276,9,month,0.00189
MED00277,9,month,-0.00963
MED00278,9,month,-0.02617
MED00279,9,month,-0.01071
MED00280,9,month,-0.01029
MED00281,9,month,-0.00545
MED00282,9,month,-0.00713
MED00283,9,month,0.00501
MED00284,9,month,-0.00648
MED00285,9,month,-0.02365
MED00286,9,month,-0.01828
MED00287,9,month,-0.00639
MED00288,9,month,-0.00397
MED00289,9,month,-0.02645
MED00290,9,month,0.00235
MED00291,9,month,-0.01328
MED00292,9,month,0.00027
MED00293,9,month,-0.02031
MED00294,9,month,-0.00766
MED00295,9,month,-0.02435
MED00296,9,month,-0.01737
MED00297,9,month,-0.03301
MED00298,9,month,-0.00157
MED00299,9,month,-0.00574
MED00300,9,month,0.0017
MED00301,9,month,-0.02379
MED00302,9,month,-0.02897
MED00303,9,month,-0.01299
MED00304,9,month,-0.02931
MED00305,9,month,0.00338
MED00306,9,month,-0.01242
MED00307,9,month,-0.03892
MED00308,9,month,-0.00663
MED00309,9,month,-0.01016
MED00310,9,month,-0.00528
MED00311,9,month,-0.03251
MED00312,9,month,-0.01079
MED00313,9,month,-0.00736
MED00314,9,month,-0.01144
MED00315,9,month,-0.01554
MED00316,9,month,-0.00265
MED00317,9,month,-0.00058
MED00318,9,month,-0.01907
MED00319,9,month,-0.00771
MED00320,9,month,-0.03653
MED00321,9,month,0.0045
MED00322,9,month,-0.0031
MED00323,9,month,0.00318
MED00324,9,month,-0.00665
MED00325,9,month,-0.03656
MED00326,9,month,-0.01556
MED00327,9,month,-0.00293
MED00328,9,month,-0.01793
MED00329,9,month,-0.00424
MED00330,9,month,-0.02169
MED00331,9,month,0.00536
MED00332,9,month,-0.00492
MED00333,9,month,-0.00699
MED00334,9,month,-0.01431
MED00335,9,month,-0.03893
MED00336,9,month,-0.00372
MED00337,9,month,0.02457
MED00338,9,month,-0.00516
MED00339,9,month,-0.00857
MED00340,9,month,-0.00938
MED00341,9,month,-0.02459
MED00342,9,month,0.00181
MED00343,9,month,-0.00752
MED00344,9,month,-0.05306
MED00345,9,month,-0.00272
MED00346,9,month,-0.00369
MED00347,9,month,-0.01188
MED00348,9,month,0.00414
MED00349,9,month,-0.00012
MED00350,9,month,-0.0019
MED00351,9,month,-0.00134
MED00352,9,month,-0.00178
MED00353,9,month,0.00591
MED00354,9,month,-0.00162
MED00355,9,month,-0.01027
MED00356,9,month,0.00154
MED00357,9,month,-0.00929
MED00358,9,month,-0.02085
MED00359,9,month,0.00165
MED00360,9,month,-0.00606
MED00361,9,month,0.00365
MED00362,9,month,0.00828
MED00363,9,month,0.00408
MED00364,9,month,-0.00171
MED00365,9,month,-0.00108
MED00366,9,month,-0.01007
MED00367,9,month,-0.00161
MED00368,9,month,-0.00186
MED00369,9,month,-0.02839
MED00370,9,month,-0.01001
MED00371,9,month,-0.00157
MED00372,9,month,-0.01194
MED00373,9,month,0.00494
MED00374,9,month,0.00312
MED00375,9,month,-0.00555
MED00376,9,month,0.00041
MED00377,9,month,0.00868
MED00378,9,month,0.00035
MED00379,9,month,0.00548
MED00380,9,month,-0.00263
MED00381,9,month,-0.00179
MED00382,9,month,-0.00645
MED00383,9,month,-0.03105
MED00384,9,month,0.00155
MED00385,9,month,-0.00655
MED00386,9,month,-0.00191
MED00387,9,month,-0.00901
MED00388,9,month,-0.01321
MED00389,9,month,-0.03202
MED00390,9,month,-0.02761
MED00391,9,month,-0.02087
MED00392,9,month,-0.02245
MED00393,9,month,-0.00702
MED00394,9,month,-0.00505
MED00395,9,month,-0.01719
MED00396,9,month,-0.00164
MED00397,9,month,0.0006
MED00398,9,month,-0.00975
MED00399,9,month,-0.00794
MED00400,9,month,-0.00853
MED00401,9,month,-0.00641
MED00402,9,month,-0.01645
MED00403,9,month,-0.01126
MED00404,9,month,-0.03516
MED00405,9,month,-0.05308
MED00406,9,month,-0.01602
MED00407,9,month,-0.0133
MED00408,9,month,-0.04435
MED00409,9,month,-0.00711
MED00410,9,month,-0.02893
MED00411,9,month,-0.02234
MED00412,9,month,-0.00743
MED00413,9,month,-0.00613
MED00414,9,month,-0.02046
MED00415,9,month,-0.00454
MED00416,9,month,-0.01803
MED00417,9,month,-0.03834
MED00418,9,month,-0.03235
MED00419,9,month,-0.04036
MED00420,9,month,-0.01431
MED00421,9,month,-0.01129
MED00422,9,month,-0.01974
MED00423,9,month,-0.00654
MED00424,9,month,-0.02177
MED00001,10,month,-0.01743
MED00002,10,month,-0.00542
MED00003,10,month,0.00524
MED00004,10,month,0.00752
MED00005,10,month,-0.01485
MED00006,10,month,-0.00157
MED00007,10,month,-0.0088
MED00008,10,month,0.01265
MED00009,10,month,-0.01563
MED00010,10,month,-0.00867
MED00011,10,month,-0.04218
MED00012,10,month,-0.00623
MED00013,10,month,-0.02092
MED00014,10,month,-0.00916
MED00015,10,month,-0.00118
MED00016,10,month,-0.00363
MED00017,10,month,-0.0042
MED00018,10,month,-0.01648
MED00019,10,month,0.00113
MED00020,10,month,-0.00606
MED00021,10,month,-0.02584
MED00022,10,month,-0.00816
MED00023,10,month,-0.00182
MED00024,10,month,-0.01603
MED00025,10,month,-0.0288
MED00026,10,month,0.00905
MED00027,10,month,-0.02074
MED00028,10,month,0.00469
MED00029,10,month,-0.01945
MED00030,10,month,-0.04813
MED00031,10,month,-0.01344
MED00032,10,month,-0.01554
MED00033,10,month,0.00081
MED00034,10,month,-0.02483
MED00035,10,month,0.01064
MED00036,10,month,0.00016
MED00037,10,month,-0.0321
MED00038,10,month,-0.00618
MED00039,10,month,-0.0084
MED00040,10,month,0.00116
MED00041,10,month,0.00393
MED00042,10,month,-0.02026
MED00043,10,month,0.00067
MED00044,10,month,-0.01866
MED00045,10,month,0.00067
MED00046,10,month,-0.01692
MED00047,10,month,-0.03559
MED00048,10,month,-0.01333
MED00049,10,month,-0.00066
MED00050,10,month,-0.01207
MED00051,10,month,-0.00172
MED00052,10,month,0.00637
MED00053,10,month,-0.07481
MED00054,10,month,-0.07013
MED00055,10,month,0.01664
MED00056,10,month,0.00024
MED00057,10,month,-0.00058
MED00058,10,month,-0.0039
MED00059,10,month,-0.04431
MED00060,10,month,-0.04439
MED00061,10,month,0.01672
MED00062,10,month,-0.0234
MED00063,10,month,0.01783
MED00064,10,month,-0.02182
MED00065,10,month,0.00347
MED00066,10,month,0.00206
MED00067,10,month,-0.00243
MED00068,10,month,-0.0161
MED00069,10,month,-0.01361
MED00070,10,month,-0.01141
MED00071,10,month,-0.01985
MED00072,10,month,-0.01302
MED00073,10,month,-0.01557
MED00074,10,month,-0.01686
MED00075,10,month,-0.01959
MED00076,10,month,-0.00383
MED00077,10,month,-0.03025
MED00078,10,month,-0.01764
MED00079,10,month,-0.0374
MED00080,10,month,-0.02126
MED00081,10,month,-0.01166
MED00082,10,month,-0.02232
MED00083,10,month,-0.01844
MED00084,10,month,-0.00453
MED00085,10,month,-0.00426
MED00086,10,month,-0.02275
MED00087,10,month,-0.00194
MED00088,10,month,-0.01818
MED00089,10,month,-0.02827
MED00090,10,month,-0.03051
MED00091,10,month,-0.01465
MED00092,10,month,0.00125
MED00093,10,month,-0.02995
MED00094,10,month,0.01614
MED00095,10,month,-0.01476
MED00096,10,month,-0.0059
MED00097,10,month,-0.00114
MED00098,10,month,-0.0459
MED00099,10,month,-0.01059
MED00100,10,month,-0.00708
MED00101,10,month,-0.0202
MED00102,10,month,-0.01302
MED00103,10,month,-0.00995
MED00104,10,month,-0.0455
MED00105,10,month,-0.01334
MED00106,10,month,0.01956
MED00107,10,month,-0.04444
MED00108,10,month,-0.01487
MED00109,10,month,-0.00318
MED00110,10,month,0.00158
MED00111,10,month,0.01736
MED00112,10,month,-0.00959
MED00113,10,month,-0.00422
MED00114,10,month,0.00175
MED00115,10,month,-0.00677
MED00116,10,month,-0.03365
MED00117,10,month,0.0017
MED00118,10,month,-0.00253
MED00119,10,month,-0.00661
MED00120,10,month,-0.00586
MED00121,10,month,-0.02035
MED00122,10,month,-0.00767
MED00123,10,month,0.01187
MED00124,10,month,-0.04591
MED00125,10,month,-0.00256
MED00126,10,month,0.00803
MED00127,10,month,-0.02002
MED00128,10,month,-0.00754
MED00129,10,month,0.00044
MED00130,10,month,0.00037
MED00131,10,month,-0.01261
MED00132,10,month,0.011
MED00133,10,month,0.00383
MED00134,10,month,0.00318
MED00135,10,month,-0.00515
MED00136,10,month,0.00112
MED00137,10,month,-0.014
MED00138,10,month,-0.00692
MED00139,10,month,-0.01083
MED00140,10,month,-0.00317
MED00141,10,month,-0.04007
MED00142,10,month,-0.0047
MED00143,10,month,-0.00078
MED00144,10,month,-0.03975
MED00145,10,month,0.0134
MED00146,10,month,-0.00195
MED00147,10,month,-0.01394
MED00148,10,month,-0.04242
MED00149,10,month,-0.02188
MED00150,10,month,-0.0021
MED00151,10,month,-0.00727
MED00152,10,month,-0.00667
MED00153,10,month,-0.00668
MED00154,10,month,-0.00397
MED00155,10,month,-0.00832
MED00156,10,month,-0.01409
MED00157,10,month,-0.0295
MED00158,10,month,-0.01681
MED00159,10,month,-0.00372
MED00160,10,month,-0.02474
MED00161,10,month,-0.04883
MED00162,10,month,-0.00172
MED00163,10,month,0.0075
MED00164,10,month,-0.01612
MED00165,10,month,-0.06199
MED00166,10,month,-0.00454
MED00167,10,month,-0.00213
MED00168,10,month,-0.00289
MED00169,10,month,-0.00422
MED00170,10,month,0.00091
MED00171,10,month,-0.00722
MED00172,10,month,-0.00629
MED00173,10,month,-0.00775
MED00174,10,month,-0.04238
MED00175,10,month,0.0157
MED00176,10,month,-0.01616
MED00177,10,month,0.02363
MED00178,10,month,0.00019
MED00179,10,month,0.00148
MED00180,10,month,-0.00405
MED00181,10,month,-0.01214
MED00182,10,month,0.00357
MED00183,10,month,-0.03844
MED00184,10,month,-0.0168
MED00185,10,month,0.00094
MED00186,10,month,-0.00335
MED00187,10,month,-0.01469
MED00188,10,month,-0.01383
MED00189,10,month,-0.00773
MED00190,10,month,-0.00269
MED00191,10,month,-0.02069
MED00192,10,month,-0.01242
MED00193,10,month,0.00128
MED00194,10,month,-0.09766
MED00195,10,month,-0.09663
MED00196,10,month,-0.0912
MED00197,10,month,-0.10959
MED00198,10,month,-0.00297
MED00199,10,month,-0.02744
MED00200,10,month,-0.00209
MED00201,10,month,-0.05855
MED00202,10,month,-0.00322
MED00203,10,month,-0.014
MED00204,10,month,-0.00569
MED00205,10,month,-0.01606
MED00206,10,month,-0.0022
MED00207,10,month,-0.00314
MED00208,10,month,-0.01359
MED00209,10,month,0.00428
MED00210,10,month,0.00571
MED00211,10,month,-0.00845
MED00212,10,month,-0.02169
MED00213,10,month,0.01013
MED00214,10,month,-0.01871
MED00215,10,month,-0.0081
MED00216,10,month,-0.00245
MED00217,10,month,-0.00561
MED00218,10,month,-0.02572
MED00219,10,month,-0.00188
MED00220,10,month,-0.00478
MED00221,10,month,-0.02058
MED00222,10,month,-0.00807
MED00223,10,month,-0.00889
MED00224,10,month,0.00059
MED00225,10,month,-0.02852
MED00226,10,month,-0.01164
MED00227,10,month,-0.00427
MED00228,10,month,-0.01409
MED00229,10,month,0.0119
MED00230,10,month,-0.0147
MED00231,10,month,-0.00282
MED00232,10,month,-0.01106
MED00233,10,month,0.00498
MED00234,10,month,-0.00288
MED00235,10,month,0.00452
MED00236,10,month,-0.00373
MED00237,10,month,-0.05757
MED00238,10,month,-0.00138
MED00239,10,month,-0.02045
MED00240,10,month,-0.02943
MED00241,10,month,-0.00752
MED00242,10,month,-0.06192
MED00243,10,month,-0.01105
MED00244,10,month,-0.00642
MED00245,10,month,-0.02585
MED00246,10,month,-0.04212
MED00247,10,month,-0.01475
MED00248,10,month,-0.02032
MED00249,10,month,-0.03883
MED00250,10,month,-0.01159
MED00251,10,month,-0.00271
MED00252,10,month,-0.02276
MED00253,10,month,-0.02156
MED00254,10,month,-0.03057
MED00255,10,month,-0.07375
MED00256,10,month,0.00478
MED00257,10,month,-0.02762
MED00258,10,month,-0.00466
MED00259,10,month,-0.00872
MED00260,10,month,-0.00865
MED00261,10,month,0.00806
MED00262,10,month,-0.01292
MED00263,10,month,-0.01014
MED00264,10,month,-0.00356
MED00265,10,month,-0.04471
MED00266,10,month,-0.00549
MED00267,10,month,-0.02785
MED00268,10,month,-0.00709
MED00269,10,month,-0.00634
MED00270,10,month,-0.00607
MED00271,10,month,-0.00985
MED00272,10,month,-0.02798
MED00273,10,month,-0.01691
MED00274,10,month,0.00669
MED00275,10,month,-0.04135
MED00276,10,month,-0.00526
MED00277,10,month,-0.0023
MED00278,10,month,-0.0436
MED00279,10,month,-0.00935
MED00280,10,month,-0.00577
MED00281,10,month,-0.01349
MED00282,10,month,-0.01486
MED00283,10,month,-0.00202
MED00284,10,month,-0.00502
MED00285,10,month,-0.03158
MED00286,10,month,-0.02511
MED00287,10,month,-0.01428
MED00288,10,month,-0.00286
MED00289,10,month,-0.03165
MED00290,10,month,-0.00302
MED00291,10,month,-0.01192
MED00292,10,month,-0.01246
MED00293,10,month,-0.03883
MED00294,10,month,-0.00347
MED00295,10,month,-0.0116
MED00296,10,month,-0.02587
MED00297,10,month,-0.04935
MED00298,10,month,-0.00366
MED00299,10,month,0.00224
MED00300,10,month,-0.00544
MED00301,10,month,-0.03188
MED00302,10,month,-0.03357
MED00303,10,month,-0.01597
MED00304,10,month,-0.03988
MED00305,10,month,-0.00371
MED00306,10,month,0.02514
MED00307,10,month,-0.03889
MED00308,10,month,0.00087
MED00309,10,month,-0.01298
MED00310,10,month,-0.02502
MED00311,10,month,-0.03517
MED00312,10,month,0.00257
MED00313,10,month,-0.00681
MED00314,10,month,-0.00397
MED00315,10,month,-0.03024
MED00316,10,month,-0.01193
MED00317,10,month,-0.00785
MED00318,10,month,-0.02095
MED00319,10,month,-0.0176
MED00320,10,month,-0.04381
MED00321,10,month,-0.00118
MED00322,10,month,0.00565
MED00323,10,month,0.0126
MED00324,10,month,-0.0278
MED00325,10,month,-0.05449
MED00326,10,month,-0.02927
MED00327,10,month,-0.01121
MED00328,10,month,-0.02554
MED00329,10,month,-0.01391
MED00330,10,month,-0.02905
MED00331,10,month,-0.00096
MED00332,10,month,-0.01396
MED00333,10,month,-0.01351
MED00334,10,month,-0.01309
MED00335,10,month,-0.04004
MED00336,10,month,-0.0194
MED00337,10,month,0.02364
MED00338,10,month,0.00316
MED00339,10,month,-0.00847
MED00340,10,month,-0.00043
MED00341,10,month,-0.03267
MED00342,10,month,-0.00478
MED00343,10,month,-0.02211
MED00344,10,month,-0.05362
MED00345,10,month,-0.00072
MED00346,10,month,-0.01234
MED00347,10,month,0.00826
MED00348,10,month,-0.00122
MED00349,10,month,-0.00646
MED00350,10,month,-0.00939
MED00351,10,month,0.00744
MED00352,10,month,0.01165
MED00353,10,month,0.01705
MED00354,10,month,0.00141
MED00355,10,month,-0.02293
MED00356,10,month,-0.00519
MED00357,10,month,-0.00383
MED00358,10,month,-0.03548
MED00359,10,month,-0.00529
MED00360,10,month,-0.01646
MED00361,10,month,-0.00255
MED00362,10,month,0.00015
MED00363,10,month,-0.00284
MED00364,10,month,-0.00626
MED00365,10,month,-0.00823
MED00366,10,month,-0.02423
MED00367,10,month,-0.00376
MED00368,10,month,-0.01051
MED00369,10,month,-0.03223
MED00370,10,month,-0.01001
MED00371,10,month,-0.00171
MED00372,10,month,-0.00645
MED00373,10,month,0.01288
MED00374,10,month,-0.00872
MED00375,10,month,-0.00649
MED00376,10,month,-0.00596
MED00377,10,month,0.0175
MED00378,10,month,-0.00608
MED00379,10,month,-0.00052
MED00380,10,month,0.00506
MED00381,10,month,-0.00199
MED00382,10,month,-0.01845
MED00383,10,month,-0.04022
MED00384,10,month,-0.00565
MED00385,10,month,-0.01423
MED00386,10,month,-0.01138
MED00387,10,month,-0.014
MED00388,10,month,-0.00868
MED00389,10,month,-0.0415
MED00390,10,month,-0.02954
MED00391,10,month,-0.02924
MED00392,10,month,-0.03046
MED00393,10,month,-0.01655
MED00394,10,month,-0.01342
MED00395,10,month,-0.02553
MED00396,10,month,-0.02512
MED00397,10,month,-0.00088
MED00398,10,month,-0.00294
MED00399,10,month,0.00432
MED00400,10,month,-0.00681
MED00401,10,month,-0.01401
MED00402,10,month,-0.02364
MED00403,10,month,-0.01824
MED00404,10,month,-0.04078
MED00405,10,month,-0.06715
MED00406,10,month,-0.02064
MED00407,10,month,-0.02106
MED00408,10,month,-0.05921
MED00409,10,month,-0.03505
MED00410,10,month,-0.06355
MED00411,10,month,-0.03514
MED00412,10,month,-0.02328
MED00413,10,month,-0.01937
MED00414,10,month,-0.03323
MED00415,10,month,-0.01726
MED00416,10,month,-0.03991
MED00417,10,month,-0.05934
MED00418,10,month,-0.04602
MED00419,10,month,-0.0582
MED00420,10,month,-0.02025
MED00421,10,month,-0.01661
MED00422,10,month,-0.03289
MED00423,10,month,-0.01648
MED00424,10,month,-0.01443
MED00001,11,month,-0.01755
MED00002,11,month,-0.00665
MED00003,11,month,0.00395
MED00004,11,month,0.00512
MED00005,11,month,-0.02195
MED00006,11,month,-0.00167
MED00007,11,month,-0.00839
MED00008,11,month,0.01145
MED00009,11,month,-0.01572
MED00010,11,month,-0.00914
MED00011,11,month,-0.04096
MED00012,11,month,-0.00663
MED00013,11,month,-0.0201
MED00014,11,month,-0.00817
MED00015,11,month,-0.00228
MED00016,11,month,-0.00371
MED00017,11,month,-0.00421
MED00018,11,month,-0.01737
MED00019,11,month,0.00026
MED00020,11,month,-0.00568
MED00021,11,month,-0.02684
MED00022,11,month,-0.0079
MED00023,11,month,-0.00324
MED00024,11,month,-0.01703
MED00025,11,month,-0.02945
MED00026,11,month,0.00823
MED00027,11,month,-0.02169
MED00028,11,month,0.00355
MED00029,11,month,-0.02925
MED00030,11,month,-0.05138
MED00031,11,month,-0.01757
MED00032,11,month,-0.01525
MED00033,11,month,-0.00155
MED00034,11,month,-0.02524
MED00035,11,month,0.0094
MED00036,11,month,0.00014
MED00037,11,month,-0.03253
MED00038,11,month,-0.00642
MED00039,11,month,-0.0108
MED00040,11,month,-0.00242
MED00041,11,month,0.00134
MED00042,11,month,-0.02315
MED00043,11,month,0.00026
MED00044,11,month,-0.01981
MED00045,11,month,0.00051
MED00046,11,month,-0.01767
MED00047,11,month,-0.03519
MED00048,11,month,-0.01275
MED00049,11,month,-0.00185
MED00050,11,month,-0.01146
MED00051,11,month,-0.00285
MED00052,11,month,0.00523
MED00053,11,month,-0.0931
MED00054,11,month,-0.07942
MED00055,11,month,0.01195
MED00056,11,month,-0.00047
MED00057,11,month,-1e-04
MED00058,11,month,-0.00374
MED00059,11,month,-0.0452
MED00060,11,month,-0.04461
MED00061,11,month,0.01614
MED00062,11,month,-0.02377
MED00063,11,month,0.01658
MED00064,11,month,-0.0214
MED00065,11,month,0.00398
MED00066,11,month,0.00095
MED00067,11,month,-0.0027
MED00068,11,month,-0.01696
MED00069,11,month,-0.01415
MED00070,11,month,-0.0124
MED00071,11,month,-0.02097
MED00072,11,month,-0.01364
MED00073,11,month,-0.01555
MED00074,11,month,-0.01774
MED00075,11,month,-0.01957
MED00076,11,month,-0.00497
MED00077,11,month,-0.03056
MED00078,11,month,-0.02001
MED00079,11,month,-0.03745
MED00080,11,month,-0.02123
MED00081,11,month,-0.01284
MED00082,11,month,-0.02303
MED00083,11,month,-0.01949
MED00084,11,month,-0.00511
MED00085,11,month,-0.00407
MED00086,11,month,-0.02559
MED00087,11,month,-0.00221
MED00088,11,month,-0.01989
MED00089,11,month,-0.02846
MED00090,11,month,-0.03299
MED00091,11,month,-0.01531
MED00092,11,month,0.00128
MED00093,11,month,-0.03146
MED00094,11,month,0.01421
MED00095,11,month,-0.01402
MED00096,11,month,-0.00499
MED00097,11,month,-0.00337
MED00098,11,month,-0.04532
MED00099,11,month,-0.01168
MED00100,11,month,-0.00833
MED00101,11,month,-0.01927
MED00102,11,month,-0.01342
MED00103,11,month,-0.00897
MED00104,11,month,-0.04485
MED00105,11,month,-0.01323
MED00106,11,month,0.01842
MED00107,11,month,-0.0436
MED00108,11,month,-0.01405
MED00109,11,month,-0.00454
MED00110,11,month,-0.00073
MED00111,11,month,0.01622
MED00112,11,month,-0.00914
MED00113,11,month,-0.00422
MED00114,11,month,0.0011
MED00115,11,month,-0.00596
MED00116,11,month,-0.03328
MED00117,11,month,0.00171
MED00118,11,month,-0.00266
MED00119,11,month,-0.00665
MED00120,11,month,-0.00624
MED00121,11,month,-0.02015
MED00122,11,month,-0.00708
MED00123,11,month,0.00941
MED00124,11,month,-0.04503
MED00125,11,month,-0.00374
MED00126,11,month,0.00564
MED00127,11,month,-0.02012
MED00128,11,month,-0.00682
MED00129,11,month,0.00053
MED00130,11,month,-0.00082
MED00131,11,month,-0.01353
MED00132,11,month,0.00841
MED00133,11,month,0.00125
MED00134,11,month,0.00079
MED00135,11,month,-0.00555
MED00136,11,month,-0.00281
MED00137,11,month,-0.01443
MED00138,11,month,-0.00642
MED00139,11,month,-0.01018
MED00140,11,month,-0.00271
MED00141,11,month,-0.04114
MED00142,11,month,-0.00587
MED00143,11,month,-0.00072
MED00144,11,month,-0.03985
MED00145,11,month,0.01228
MED00146,11,month,-0.0029
MED00147,11,month,-0.01366
MED00148,11,month,-0.04228
MED00149,11,month,-0.02098
MED00150,11,month,-0.00337
MED00151,11,month,-0.00666
MED00152,11,month,-0.0057
MED00153,11,month,-0.00578
MED00154,11,month,-0.00457
MED00155,11,month,-0.00757
MED00156,11,month,-0.01379
MED00157,11,month,-0.02914
MED00158,11,month,-0.01786
MED00159,11,month,-0.00327
MED00160,11,month,-0.02445
MED00161,11,month,-0.04795
MED00162,11,month,-0.00206
MED00163,11,month,0.00637
MED00164,11,month,-0.01674
MED00165,11,month,-0.07615
MED00166,11,month,-0.00488
MED00167,11,month,-0.0022
MED00168,11,month,-0.00309
MED00169,11,month,-0.00395
MED00170,11,month,0.00086
MED00171,11,month,-0.00666
MED00172,11,month,-0.00919
MED00173,11,month,-0.0068
MED00174,11,month,-0.0406
MED00175,11,month,0.01689
MED00176,11,month,-0.01578
MED00177,11,month,0.02274
MED00178,11,month,-0.00156
MED00179,11,month,0.00157
MED00180,11,month,-0.00394
MED00181,11,month,-0.01118
MED00182,11,month,0.00264
MED00183,11,month,-0.03793
MED00184,11,month,-0.01725
MED00185,11,month,0.0006
MED00186,11,month,-0.00336
MED00187,11,month,-0.01731
MED00188,11,month,-0.01428
MED00189,11,month,-0.00891
MED00190,11,month,-0.00319
MED00191,11,month,-0.01987
MED00192,11,month,-0.01349
MED00194,11,month,-0.10797
MED00195,11,month,-0.11198
MED00196,11,month,-0.11715
MED00197,11,month,-0.12538
MED00198,11,month,-0.00307
MED00199,11,month,-0.03163
MED00200,11,month,-0.0021
MED00201,11,month,-0.05882
MED00202,11,month,-0.00303
MED00203,11,month,-0.01463
MED00204,11,month,-0.00549
MED00205,11,month,-0.01582
MED00206,11,month,-0.0051
MED00207,11,month,-0.00334
MED00208,11,month,-0.01349
MED00209,11,month,0.00161
MED00210,11,month,0.00169
MED00211,11,month,-0.0075
MED00212,11,month,-0.02174
MED00213,11,month,0.0077
MED00214,11,month,-0.01797
MED00215,11,month,-0.00768
MED00216,11,month,-0.00345
MED00217,11,month,-0.00672
MED00218,11,month,-0.0254
MED00219,11,month,-0.00431
MED00220,11,month,-0.00502
MED00221,11,month,-0.02178
MED00222,11,month,-0.01022
MED00223,11,month,-0.00854
MED00224,11,month,0.0005
MED00225,11,month,-0.02878
MED00226,11,month,-0.01241
MED00227,11,month,-0.00496
MED00228,11,month,-0.01412
MED00229,11,month,0.00691
MED00230,11,month,-0.01515
MED00231,11,month,-0.00273
MED00232,11,month,-0.01023
MED00233,11,month,0.00226
MED00234,11,month,-0.00275
MED00235,11,month,0.00349
MED00236,11,month,-0.00294
MED00237,11,month,-0.06079
MED00238,11,month,-0.00154
MED00239,11,month,-0.01973
MED00240,11,month,-0.02938
MED00241,11,month,-0.00703
MED00242,11,month,-0.07792
MED00243,11,month,-0.01228
MED00244,11,month,-0.00575
MED00245,11,month,-0.02664
MED00246,11,month,-0.04157
MED00247,11,month,-0.01391
MED00248,11,month,-0.02041
MED00249,11,month,-0.03935
MED00250,11,month,-0.01264
MED00251,11,month,-0.00272
MED00252,11,month,-0.02526
MED00253,11,month,-0.021
MED00254,11,month,-0.03284
MED00255,11,month,-0.08106
MED00256,11,month,0.00432
MED00257,11,month,-0.02862
MED00258,11,month,-0.00505
MED00259,11,month,-0.00831
MED00260,11,month,-0.00845
MED00261,11,month,0.00819
MED00262,11,month,-0.01379
MED00263,11,month,-0.00922
MED00264,11,month,-0.00499
MED00265,11,month,-0.04448
MED00266,11,month,-0.0051
MED00267,11,month,-0.02762
MED00268,11,month,-0.00743
MED00269,11,month,-0.00541
MED00270,11,month,-0.00514
MED00271,11,month,-0.01219
MED00272,11,month,-0.02805
MED00273,11,month,-0.017
MED00274,11,month,0.00423
MED00275,11,month,-0.04146
MED00276,11,month,-0.00528
MED00277,11,month,-0.00348
MED00278,11,month,-0.04335
MED00279,11,month,-0.01015
MED00280,11,month,-0.0069
MED00281,11,month,-0.01364
MED00282,11,month,-0.0148
MED00283,11,month,-0.00162
MED00284,11,month,-0.00475
MED00285,11,month,-0.03108
MED00286,11,month,-0.02567
MED00287,11,month,-0.0138
MED00288,11,month,-0.00347
MED00289,11,month,-0.03254
MED00290,11,month,-0.00302
MED00291,11,month,-0.01158
MED00292,11,month,-0.01256
MED00293,11,month,-0.03773
MED00294,11,month,-0.00408
MED00295,11,month,-0.01293
MED00296,11,month,-0.02488
MED00297,11,month,-0.04857
MED00298,11,month,-0.00392
MED00299,11,month,0.00025
MED00300,11,month,-0.00532
MED00301,11,month,-0.03097
MED00302,11,month,-0.03446
MED00303,11,month,-0.01848
MED00304,11,month,-0.04063
MED00305,11,month,-0.00369
MED00306,11,month,0.02052
MED00307,11,month,-0.0394
MED00308,11,month,0.00093
MED00309,11,month,-0.01395
MED00310,11,month,-0.02524
MED00311,11,month,-0.03926
MED00313,11,month,-0.00976
MED00314,11,month,-0.0044
MED00315,11,month,-0.02947
MED00316,11,month,-0.01128
MED00317,11,month,-0.00718
MED00318,11,month,-0.02162
MED00319,11,month,-0.01702
MED00320,11,month,-0.04333
MED00321,11,month,-0.00499
MED00322,11,month,0.00447
MED00323,11,month,0.0101
MED00324,11,month,-0.03186
MED00325,11,month,-0.05403
MED00326,11,month,-0.02855
MED00327,11,month,-0.01077
MED00328,11,month,-0.02592
MED00329,11,month,-0.01303
MED00330,11,month,-0.02837
MED00331,11,month,-0.00084
MED00332,11,month,-0.01453
MED00333,11,month,-0.01256
MED00334,11,month,-0.01189
MED00335,11,month,-0.04054
MED00336,11,month,-0.01853
MED00337,11,month,0.02153
MED00338,11,month,0.00275
MED00339,11,month,-0.00923
MED00340,11,month,-0.00099
MED00341,11,month,-0.03234
MED00342,11,month,-0.00473
MED00343,11,month,-0.02153
MED00344,11,month,-0.05403
MED00345,11,month,-0.00201
MED00346,11,month,-0.01291
MED00347,11,month,0.00711
MED00348,11,month,-0.00093
MED00349,11,month,-0.00552
MED00350,11,month,-0.0134
MED00351,11,month,0.00518
MED00352,11,month,0.00559
MED00353,11,month,0.01466
MED00354,11,month,-0.00092
MED00355,11,month,-0.02635
MED00356,11,month,-0.00524
MED00357,11,month,-0.00497
MED00358,11,month,-0.03568
MED00359,11,month,-0.00562
MED00360,11,month,-0.01503
MED00361,11,month,-0.00161
MED00362,11,month,0.00056
MED00363,11,month,-0.00304
MED00364,11,month,-0.00738
MED00365,11,month,-0.00741
MED00366,11,month,-0.02402
MED00367,11,month,-0.0046
MED00368,11,month,-0.00968
MED00369,11,month,-0.03294
MED00370,11,month,-0.01144
MED00371,11,month,-0.00114
MED00372,11,month,-0.00773
MED00373,11,month,0.01168
MED00374,11,month,-0.00859
MED00375,11,month,-0.00695
MED00376,11,month,-0.00553
MED00377,11,month,0.01624
MED00378,11,month,-0.00538
MED00379,11,month,-0.00326
MED00380,11,month,0.00273
MED00381,11,month,-0.00529
MED00382,11,month,-0.0186
MED00383,11,month,-0.04086
MED00384,11,month,-0.00565
MED00385,11,month,-0.01395
MED00386,11,month,-0.0113
MED00387,11,month,-0.01318
MED00388,11,month,-0.01008
MED00389,11,month,-0.04229
MED00390,11,month,-0.03073
MED00391,11,month,-0.02949
MED00392,11,month,-0.03069
MED00393,11,month,-0.01675
MED00394,11,month,-0.01353
MED00395,11,month,-0.0269
MED00396,11,month,-0.03837
MED00397,11,month,-0.00147
MED00398,11,month,-0.00454
MED00399,11,month,0.00164
MED00400,11,month,-0.00755
MED00401,11,month,-0.01415
MED00402,11,month,-0.02394
MED00403,11,month,-0.01899
MED00404,11,month,-0.04044
MED00405,11,month,-0.06644
MED00406,11,month,-0.01997
MED00407,11,month,-0.02123
MED00408,11,month,-0.05938
MED00409,11,month,-0.04327
MED00410,11,month,-0.07289
MED00411,11,month,-0.03563
MED00412,11,month,-0.02328
MED00413,11,month,-0.01982
MED00414,11,month,-0.03359
MED00415,11,month,-0.01762
MED00416,11,month,-0.04005
MED00417,11,month,-0.05961
MED00418,11,month,-0.04603
MED00419,11,month,-0.05834
MED00420,11,month,-0.0208
MED00421,11,month,-0.01718
MED00422,11,month,-0.03337
MED00423,11,month,-0.0167
MED00424,11,month,-0.0175
MED00001,12,month,-0.01734
MED00002,12,month,-0.01187
MED00003,12,month,0.00145
MED00004,12,month,0.00517
MED00005,12,month,-0.02207
MED00006,12,month,-0.00126
MED00007,12,month,-0.0061
MED00008,12,month,0.01166
MED00009,12,month,-0.01558
MED00010,12,month,-0.0077
MED00011,12,month,-0.04035
MED00012,12,month,-0.0064
MED00013,12,month,-0.02028
MED00014,12,month,-0.00355
MED00015,12,month,-0.00708
MED00016,12,month,-0.0031
MED00017,12,month,-0.00352
MED00018,12,month,-0.01736
MED00019,12,month,0.00024
MED00020,12,month,-0.00559
MED00021,12,month,-0.02687
MED00022,12,month,-0.00765
MED00023,12,month,-0.00289
MED00024,12,month,-0.01703
MED00025,12,month,-0.0298
MED00026,12,month,0.00761
MED00027,12,month,-0.02208
MED00028,12,month,0.00321
MED00029,12,month,-0.02913
MED00030,12,month,-0.05128
MED00031,12,month,-0.01749
MED00032,12,month,-0.01508
MED00033,12,month,-0.00047
MED00034,12,month,-0.02344
MED00035,12,month,-0.00234
MED00037,12,month,-0.03223
MED00038,12,month,-0.00593
MED00039,12,month,-0.01023
MED00040,12,month,-0.00145
MED00041,12,month,0.0021
MED00042,12,month,-0.02274
MED00043,12,month,-0.00032
MED00044,12,month,-0.02035
MED00045,12,month,0.00148
MED00046,12,month,-0.0177
MED00047,12,month,-0.03375
MED00048,12,month,-0.01117
MED00049,12,month,-0.00284
MED00050,12,month,-0.00924
MED00051,12,month,-0.00642
MED00052,12,month,0.00217
MED00053,12,month,-0.09338
MED00054,12,month,-0.07878
MED00055,12,month,0.01268
MED00056,12,month,0.00037
MED00057,12,month,-0.00035
MED00058,12,month,-0.00291
MED00059,12,month,-0.04503
MED00060,12,month,-0.04443
MED00061,12,month,0.01585
MED00062,12,month,-0.02355
MED00063,12,month,0.01578
MED00064,12,month,-0.02148
MED00065,12,month,0.00708
MED00066,12,month,-0.00431
MED00067,12,month,-0.00228
MED00068,12,month,-0.01697
MED00069,12,month,-0.01447
MED00070,12,month,-0.01211
MED00071,12,month,-0.02151
MED00072,12,month,-0.01494
MED00073,12,month,-0.0153
MED00074,12,month,-0.01834
MED00075,12,month,-0.01924
MED00076,12,month,-0.01018
MED00077,12,month,-0.02928
MED00078,12,month,-0.02112
MED00079,12,month,-0.03619
MED00080,12,month,-0.02098
MED00081,12,month,-0.01642
MED00082,12,month,-0.02368
MED00083,12,month,-0.01947
MED00084,12,month,-0.00418
MED00085,12,month,-0.00356
MED00086,12,month,-0.02511
MED00087,12,month,-0.00211
MED00088,12,month,-0.01911
MED00089,12,month,-0.02899
MED00090,12,month,-0.03168
MED00091,12,month,-0.01624
MED00092,12,month,0.00156
MED00093,12,month,-0.03209
MED00094,12,month,0.01527
MED00095,12,month,-0.01294
MED00096,12,month,-0.00038
MED00097,12,month,-0.004
MED00098,12,month,-0.04396
MED00099,12,month,-0.01248
MED00100,12,month,-0.00868
MED00101,12,month,-0.01846
MED00102,12,month,-0.01289
MED00103,12,month,-0.0074
MED00104,12,month,-0.0435
MED00105,12,month,-0.01151
MED00106,12,month,0.01788
MED00107,12,month,-0.04273
MED00108,12,month,-0.01263
MED00109,12,month,-0.00447
MED00110,12,month,-0.0071
MED00111,12,month,0.01622
MED00112,12,month,-0.00774
MED00113,12,month,-0.00374
MED00114,12,month,0.00147
MED00115,12,month,-0.0046
MED00116,12,month,-0.03267
MED00117,12,month,0.00238
MED00118,12,month,-0.00191
MED00119,12,month,-0.00601
MED00120,12,month,-0.00615
MED00121,12,month,-0.01865
MED00122,12,month,-0.00599
MED00123,12,month,0.00976
MED00124,12,month,-0.04364
MED00125,12,month,-0.00446
MED00126,12,month,0.00568
MED00127,12,month,-0.02007
MED00128,12,month,-0.00545
MED00129,12,month,0.00274
MED00130,12,month,-0.00164
MED00131,12,month,-0.01348
MED00132,12,month,0.0097
MED00133,12,month,0.00093
MED00134,12,month,0.00042
MED00135,12,month,-0.00561
MED00136,12,month,-0.00284
MED00137,12,month,-0.01297
MED00138,12,month,-0.00498
MED00139,12,month,-0.0084
MED00140,12,month,-0.00237
MED00141,12,month,-0.04118
MED00142,12,month,-0.00522
MED00144,12,month,-0.03881
MED00145,12,month,0.01239
MED00146,12,month,-0.00377
MED00147,12,month,-0.01358
MED00148,12,month,-0.04211
MED00149,12,month,-0.01958
MED00150,12,month,-0.00344
MED00151,12,month,-0.00527
MED00152,12,month,-0.00411
MED00153,12,month,-0.00421
MED00154,12,month,-0.00454
MED00155,12,month,-0.00644
MED00156,12,month,-0.01362
MED00157,12,month,-0.02867
MED00158,12,month,-0.01837
MED00159,12,month,-0.00316
MED00160,12,month,-0.02341
MED00161,12,month,-0.04659
MED00162,12,month,-0.00187
MED00163,12,month,0.00276
MED00164,12,month,-0.01791
MED00165,12,month,-0.07771
MED00166,12,month,-0.00469
MED00167,12,month,-0.00149
MED00168,12,month,-0.00205
MED00169,12,month,-0.00308
MED00170,12,month,0.00133
MED00171,12,month,-0.0057
MED00172,12,month,-0.00871
MED00173,12,month,-0.00524
MED00174,12,month,-0.04033
MED00175,12,month,0.01283
MED00176,12,month,-0.01569
MED00177,12,month,0.02194
MED00178,12,month,-0.00125
MED00179,12,month,0.00076
MED00180,12,month,-0.00312
MED00181,12,month,-0.00981
MED00182,12,month,0.00225
MED00183,12,month,-0.03619
MED00184,12,month,-0.01835
MED00185,12,month,0.00071
MED00186,12,month,-0.00276
MED00187,12,month,-0.01726
MED00188,12,month,-0.01293
MED00189,12,month,-0.00974
MED00190,12,month,-0.00348
MED00191,12,month,-0.01842
MED00192,12,month,-0.01712
MED00193,12,month,-0.001
MED00194,12,month,-0.10935
MED00195,12,month,-0.11359
MED00196,12,month,-0.11875
MED00197,12,month,-0.127
MED00198,12,month,-0.00263
MED00199,12,month,-0.03186
MED00200,12,month,-0.00102
MED00201,12,month,-0.05828
MED00202,12,month,-0.00322
MED00203,12,month,-0.01557
MED00204,12,month,-0.0039
MED00205,12,month,-0.01393
MED00206,12,month,0.00381
MED00207,12,month,-0.0029
MED00208,12,month,-0.01182
MED00209,12,month,0.00172
MED00210,12,month,0.0016
MED00211,12,month,-0.00593
MED00212,12,month,-0.02161
MED00213,12,month,0.00941
MED00214,12,month,-0.0164
MED00215,12,month,-0.00657
MED00216,12,month,-0.00359
MED00217,12,month,-0.01146
MED00218,12,month,-0.02484
MED00219,12,month,-0.00421
MED00220,12,month,-0.0057
MED00221,12,month,-0.02181
MED00222,12,month,-0.01011
MED00223,12,month,-0.00794
MED00224,12,month,0.00091
MED00225,12,month,-0.02716
MED00226,12,month,-0.01245
MED00227,12,month,-0.0048
MED00228,12,month,-0.01389
MED00229,12,month,0.01018
MED00230,12,month,-0.01569
MED00231,12,month,-0.00238
MED00232,12,month,-0.00847
MED00233,12,month,0.00334
MED00234,12,month,-0.00195
MED00235,12,month,0.00444
MED00236,12,month,-0.00154
MED00237,12,month,-0.06069
MED00238,12,month,-0.00018
MED00239,12,month,-0.0183
MED00240,12,month,-0.02912
MED00241,12,month,-0.00676
MED00242,12,month,-0.07665
MED00243,12,month,-0.0175
MED00244,12,month,-0.00439
MED00245,12,month,-0.02672
MED00246,12,month,-0.04048
MED00247,12,month,-0.01213
MED00248,12,month,-0.02027
MED00249,12,month,-0.03913
MED00250,12,month,-0.01241
MED00251,12,month,-0.00208
MED00252,12,month,-0.02866
MED00253,12,month,-0.02012
MED00254,12,month,-0.03606
MED00255,12,month,-0.08135
MED00256,12,month,0.00502
MED00257,12,month,-0.02863
MED00258,12,month,-0.00489
MED00259,12,month,-0.00699
MED00260,12,month,-0.0154
MED00261,12,month,0.00809
MED00262,12,month,-0.01379
MED00263,12,month,-0.00808
MED00264,12,month,-0.00531
MED00265,12,month,-0.0433
MED00266,12,month,-0.00348
MED00267,12,month,-0.02613
MED00268,12,month,-0.00634
MED00269,12,month,-0.00378
MED00270,12,month,-0.00381
MED00271,12,month,-0.00982
MED00272,12,month,-0.02794
MED00273,12,month,-0.01684
MED00274,12,month,0.00531
MED00275,12,month,-0.04128
MED00276,12,month,-0.00474
MED00277,12,month,-0.00705
MED00278,12,month,-0.04205
MED00279,12,month,-0.00979
MED00280,12,month,-0.01215
MED00281,12,month,-0.01352
MED00282,12,month,-0.01465
MED00283,12,month,-0.00025
MED00284,12,month,-0.0045
MED00285,12,month,-0.02969
MED00286,12,month,-0.02531
MED00287,12,month,-0.01242
MED00288,12,month,-0.00352
MED00289,12,month,-0.03253
MED00290,12,month,-0.00217
MED00291,12,month,-0.01132
MED00292,12,month,-0.01235
MED00293,12,month,-0.03241
MED00294,12,month,-0.00325
MED00295,12,month,-0.01356
MED00296,12,month,-0.02332
MED00297,12,month,-0.04723
MED00298,12,month,-0.00352
MED00299,12,month,0.00232
MED00300,12,month,-0.00446
MED00301,12,month,-0.02935
MED00302,12,month,-0.03397
MED00303,12,month,-0.01843
MED00304,12,month,-0.04184
MED00305,12,month,-0.00315
MED00306,12,month,0.00941
MED00307,12,month,-0.03946
MED00308,12,month,0.00103
MED00309,12,month,-0.01398
MED00310,12,month,-0.0251
MED00311,12,month,-0.03917
MED00312,12,month,0.0008
MED00313,12,month,-0.00778
MED00314,12,month,-0.00448
MED00315,12,month,-0.02828
MED00316,12,month,-0.00998
MED00317,12,month,-0.00581
MED00318,12,month,-0.02196
MED00319,12,month,-0.01542
MED00320,12,month,-0.04124
MED00321,12,month,-0.00381
MED00322,12,month,0.00334
MED00323,12,month,0.01132
MED00324,12,month,-0.03206
MED00325,12,month,-0.05277
MED00326,12,month,-0.02697
MED00327,12,month,-0.00919
MED00328,12,month,-0.02578
MED00329,12,month,-0.0112
MED00330,12,month,-0.02701
MED00332,12,month,-0.01344
MED00333,12,month,-0.01013
MED00334,12,month,-0.01238
MED00335,12,month,-0.04088
MED00336,12,month,-0.01607
MED00337,12,month,0.02138
MED00338,12,month,0.00285
MED00339,12,month,-0.00922
MED00340,12,month,-0.00081
MED00341,12,month,-0.03059
MED00342,12,month,-0.00418
MED00343,12,month,-0.01982
MED00344,12,month,-0.0523
MED00345,12,month,-0.00261
MED00346,12,month,-0.01264
MED00347,12,month,0.00385
MED00349,12,month,-0.00392
MED00350,12,month,-0.01096
MED00351,12,month,0.00511
MED00353,12,month,0.01647
MED00355,12,month,-0.0255
MED00356,12,month,-0.00488
MED00357,12,month,-0.00974
MED00358,12,month,-0.03518
MED00359,12,month,-0.00545
MED00360,12,month,-0.00999
MED00362,12,month,0.00191
MED00363,12,month,-0.0024
MED00364,12,month,-0.00801
MED00365,12,month,-0.00627
MED00366,12,month,-0.02278
MED00367,12,month,-0.00396
MED00368,12,month,-0.00838
MED00369,12,month,-0.03332
MED00370,12,month,-0.01209
MED00371,12,month,-0.00103
MED00372,12,month,-0.00847
MED00373,12,month,0.01241
MED00374,12,month,-0.00848
MED00375,12,month,-0.0074
MED00376,12,month,-0.00417
MED00377,12,month,0.01456
MED00378,12,month,-0.00314
MED00379,12,month,0.00503
MED00380,12,month,0.00263
MED00381,12,month,-0.00625
MED00382,12,month,-0.01812
MED00383,12,month,-0.04095
MED00384,12,month,-0.00507
MED00385,12,month,-0.01227
MED00386,12,month,-0.00938
MED00387,12,month,-0.01174
MED00388,12,month,-0.00999
MED00389,12,month,-0.04348
MED00390,12,month,-0.0306
MED00391,12,month,-0.02931
MED00392,12,month,-0.0305
MED00393,12,month,-0.01661
MED00394,12,month,-0.01333
MED00395,12,month,-0.02669
MED00396,12,month,-0.03899
MED00397,12,month,-0.00277
MED00398,12,month,-0.00753
MED00399,12,month,0.00192
MED00400,12,month,-0.00755
MED00401,12,month,-0.01349
MED00402,12,month,-0.02399
MED00403,12,month,-0.01743
MED00404,12,month,-0.03896
MED00405,12,month,-0.06506
MED00406,12,month,-0.01871
MED00407,12,month,-0.0206
MED00408,12,month,-0.05904
MED00409,12,month,-0.04316
MED00410,12,month,-0.07277
MED00411,12,month,-0.03545
MED00412,12,month,-0.02308
MED00413,12,month,-0.01932
MED00414,12,month,-0.03338
MED00415,12,month,-0.01742
MED00416,12,month,-0.03987
MED00417,12,month,-0.05943
MED00418,12,month,-0.04586
MED00419,12,month,-0.05819
MED00420,12,month,-0.0196
MED00421,12,month,-0.01597
MED00422,12,month,-0.03282
MED00423,12,month,-0.01652
MED00424,12,month,-0.01734
MED00002,1,fest_onam,0.00012
MED00003,1,fest_onam,-0.00089
MED00004,1,fest_onam,-0.00048
MED00006,1,fest_onam,-0.00045
MED00007,1,fest_onam,0.00016
MED00008,1,fest_onam,-0.00194
MED00010,1,fest_onam,-0.00031
MED00011,1,fest_onam,0.00791
MED00013,1,fest_onam,-0.00053
MED00014,1,fest_onam,0.00085
MED00015,1,fest_onam,-0.00326
MED00016,1,fest_onam,-0.00071
MED00017,1,fest_onam,-0.00022
MED00018,1,fest_onam,-0.00204
MED00019,1,fest_onam,0.00059
MED00020,1,fest_onam,0.00062
MED00021,1,fest_onam,-0.0002
MED00023,1,fest_onam,-0.00117
MED00024,1,fest_onam,-0.00025
MED00025,1,fest_onam,-0.00165
MED00026,1,fest_onam,-0.00144
MED00027,1,fest_onam,-0.00141
MED00028,1,fest_onam,-0.00217
MED00029,1,fest_onam,-0.00041
MED00030,1,fest_onam,-0.0008
MED00031,1,fest_onam,0.00028
MED00032,1,fest_onam,0.00013
MED00033,1,fest_onam,-0.00061
MED00034,1,fest_onam,0.00158
MED00035,1,fest_onam,0.00098
MED00036,1,fest_onam,0.00014
MED00037,1,fest_onam,-0.00294
MED00038,1,fest_onam,-0.00033
MED00039,1,fest_onam,0.00119
MED00040,1,fest_onam,-0.00379
MED00041,1,fest_onam,-0.00114
MED00042,1,fest_onam,-0.00073
MED00043,1,fest_onam,-0.00125
MED00044,1,fest_onam,-0.0002
MED00045,1,fest_onam,-0.00017
MED00047,1,fest_onam,-0.00059
MED00048,1,fest_onam,-0.00164
MED00049,1,fest_onam,-0.00039
MED00050,1,fest_onam,0.00015
MED00051,1,fest_onam,-0.00025
MED00052,1,fest_onam,-0.0017
MED00053,1,fest_onam,-0.00054
MED00054,1,fest_onam,-0.00101
MED00055,1,fest_onam,0.0003
MED00056,1,fest_onam,0.00063
MED00057,1,fest_onam,-0.00087
MED00059,1,fest_onam,-0.00077
MED00061,1,fest_onam,-0.00236
MED00062,1,fest_onam,0.00015
MED00063,1,fest_onam,-0.00113
MED00064,1,fest_onam,0.00525
MED00065,1,fest_onam,0.00022
MED00066,1,fest_onam,-0.00333
MED00067,1,fest_onam,0.00022
MED00068,1,fest_onam,-0.00047
MED00070,1,fest_onam,-0.00043
MED00071,1,fest_onam,-0.00016
MED00072,1,fest_onam,0.00014
MED00073,1,fest_onam,-0.00019
MED00074,1,fest_onam,-0.00034
MED00075,1,fest_onam,-0.00191
MED00076,1,fest_onam,-0.00055
MED00077,1,fest_onam,-0.00033
MED00078,1,fest_onam,0.00018
MED00079,1,fest_onam,0.00597
MED00080,1,fest_onam,-0.00052
MED00081,1,fest_onam,-0.00121
MED00084,1,fest_onam,0.00315
MED00086,1,fest_onam,0.00101
MED00087,1,fest_onam,-0.00017
MED00088,1,fest_onam,0.00265
MED00089,1,fest_onam,0.0006
MED00090,1,fest_onam,-0.00075
MED00091,1,fest_onam,-0.00028
MED00093,1,fest_onam,-0.00074
MED00094,1,fest_onam,-0.00254
MED00096,1,fest_onam,0.00032
MED00097,1,fest_onam,-0.00071
MED00098,1,fest_onam,-0.00154
MED00099,1,fest_onam,-0.0015
MED00100,1,fest_onam,-0.00044
MED00101,1,fest_onam,-0.00035
MED00102,1,fest_onam,-0.00194
MED00104,1,fest_onam,-0.00122
MED00105,1,fest_onam,-0.00091
MED00106,1,fest_onam,-0.00209
MED00107,1,fest_onam,-0.00115
MED00108,1,fest_onam,-0.00011
MED00109,1,fest_onam,-0.00054
MED00110,1,fest_onam,-0.00513
MED00111,1,fest_onam,-0.00256
MED00112,1,fest_onam,-0.00018
MED00114,1,fest_onam,0.00047
MED00115,1,fest_onam,-0.00013
MED00116,1,fest_onam,0.00051
MED00118,1,fest_onam,-0.00044
MED00119,1,fest_onam,-0.00012
MED00120,1,fest_onam,0.00011
MED00121,1,fest_onam,-0.00016
MED00122,1,fest_onam,-0.00017
MED00123,1,fest_onam,0.00067
MED00124,1,fest_onam,-0.00109
MED00125,1,fest_onam,-0.00053
MED00126,1,fest_onam,-0.00052
MED00127,1,fest_onam,0.00018
MED00129,1,fest_onam,-0.00064
MED00130,1,fest_onam,-0.00186
MED00131,1,fest_onam,-0.00068
MED00132,1,fest_onam,-0.00178
MED00133,1,fest_onam,-0.00153
MED00134,1,fest_onam,-0.00278
MED00135,1,fest_onam,0.00109
MED00136,1,fest_onam,0.00049
MED00141,1,fest_onam,-0.00064
MED00142,1,fest_onam,-0.00091
MED00143,1,fest_onam,-0.00066
MED00144,1,fest_onam,-0.00064
MED00145,1,fest_onam,-0.00167
MED00146,1,fest_onam,-0.00135
MED00147,1,fest_onam,-0.00018
MED00149,1,fest_onam,-0.00013
MED00150,1,fest_onam,-0.00223
MED00154,1,fest_onam,-0.00095
MED00155,1,fest_onam,-0.00011
MED00156,1,fest_onam,0.00013
MED00157,1,fest_onam,-0.00045
MED00158,1,fest_onam,-0.00076
MED00159,1,fest_onam,-0.00044
MED00160,1,fest_onam,-0.0003
MED00161,1,fest_onam,-0.00066
MED00162,1,fest_onam,-0.00014
MED00163,1,fest_onam,-0.0011
MED00164,1,fest_onam,0.00011
MED00165,1,fest_onam,-0.00142
MED00166,1,fest_onam,-0.00014
MED00167,1,fest_onam,-0.00036
MED00170,1,fest_onam,-0.00016
MED00171,1,fest_onam,-0.00021
MED00172,1,fest_onam,-0.00341
MED00175,1,fest_onam,0.00052
MED00176,1,fest_onam,0.00106
MED00177,1,fest_onam,-0.00169
MED00178,1,fest_onam,0.00069
MED00179,1,fest_onam,-0.00056
MED00181,1,fest_onam,-0.00017
MED00182,1,fest_onam,-0.00152
MED00183,1,fest_onam,0.00632
MED00184,1,fest_onam,-0.00068
MED00185,1,fest_onam,-0.00024
MED00186,1,fest_onam,-0.00019
MED00187,1,fest_onam,-0.00011
MED00188,1,fest_onam,-0.00023
MED00189,1,fest_onam,-0.00025
MED00191,1,fest_onam,-0.00031
MED00192,1,fest_onam,-0.00038
MED00194,1,fest_onam,-0.00135
MED00195,1,fest_onam,-0.0013
MED00196,1,fest_onam,-0.00276
MED00197,1,fest_onam,-0.00135
MED00198,1,fest_onam,-0.00027
MED00199,1,fest_onam,-0.00022
MED00201,1,fest_onam,-0.00028
MED00203,1,fest_onam,-0.00022
MED00205,1,fest_onam,-0.00088
MED00206,1,fest_onam,-0.00253
MED00208,1,fest_onam,-0.00063
MED00209,1,fest_onam,-0.00022
MED00210,1,fest_onam,0.00041
MED00212,1,fest_onam,-0.00054
MED00213,1,fest_onam,-0.00036
MED00214,1,fest_onam,-0.0005
MED00215,1,fest_onam,-0.00023
MED00216,1,fest_onam,-0.00054
MED00217,1,fest_onam,-0.00027
MED00218,1,fest_onam,-0.00061
MED00219,1,fest_onam,0.00035
MED00222,1,fest_onam,-0.00087
MED00223,1,fest_onam,0.00042
MED00224,1,fest_onam,-0.00016
MED00225,1,fest_onam,-0.00048
MED00227,1,fest_onam,0.00023
MED00228,1,fest_onam,0.00097
MED00229,1,fest_onam,-0.00175
MED00230,1,fest_onam,-0.00015
MED00231,1,fest_onam,-0.00014
MED00233,1,fest_onam,-0.00119
MED00237,1,fest_onam,-0.00073
MED00238,1,fest_onam,-0.00055
MED00239,1,fest_onam,-0.00027
MED00240,1,fest_onam,-0.00031
MED00242,1,fest_onam,-0.00076
MED00244,1,fest_onam,-0.00015
MED00245,1,fest_onam,0.00045
MED00246,1,fest_onam,-0.00088
MED00247,1,fest_onam,-0.00058
MED00248,1,fest_onam,0.00034
MED00249,1,fest_onam,0.01056
MED00250,1,fest_onam,-0.00034
MED00251,1,fest_onam,-0.00018
MED00252,1,fest_onam,0.00019
MED00253,1,fest_onam,-0.0003
MED00254,1,fest_onam,-0.00026
MED00255,1,fest_onam,-0.00085
MED00256,1,fest_onam,-0.00092
MED00257,1,fest_onam,-0.00074
MED00258,1,fest_onam,-0.00069
MED00259,1,fest_onam,-0.00039
MED00260,1,fest_onam,-0.00817
MED00261,1,fest_onam,-0.00029
MED00262,1,fest_onam,-0.00022
MED00263,1,fest_onam,-0.00011
MED00264,1,fest_onam,-0.0026
MED00265,1,fest_onam,-0.00053
MED00266,1,fest_onam,0.00068
MED00267,1,fest_onam,-0.00026
MED00271,1,fest_onam,-0.00589
MED00272,1,fest_onam,0.00012
MED00274,1,fest_onam,-0.00104
MED00276,1,fest_onam,-0.00031
MED00277,1,fest_onam,-0.00024
MED00278,1,fest_onam,-0.00098
MED00279,1,fest_onam,0.00163
MED00280,1,fest_onam,-0.0018
MED00281,1,fest_onam,1e-04
MED00282,1,fest_onam,0.00014
MED00283,1,fest_onam,0.00024
MED00284,1,fest_onam,-0.00072
MED00285,1,fest_onam,-0.00065
MED00286,1,fest_onam,-0.00087
MED00287,1,fest_onam,-0.0004
MED00288,1,fest_onam,0.00072
MED00289,1,fest_onam,-0.00027
MED00290,1,fest_onam,0.00011
MED00291,1,fest_onam,0.00088
MED00292,1,fest_onam,0.00036
MED00293,1,fest_onam,-0.00286
MED00295,1,fest_onam,-0.0011
MED00296,1,fest_onam,-0.00052
MED00297,1,fest_onam,-0.00065
MED00298,1,fest_onam,0.00011
MED00299,1,fest_onam,-0.00252
MED00301,1,fest_onam,-0.00044
MED00302,1,fest_onam,-0.00044
MED00304,1,fest_onam,-0.00044
MED00305,1,fest_onam,-0.00018
MED00306,1,fest_onam,-0.00013
MED00307,1,fest_onam,0.00541
MED00308,1,fest_onam,0.00029
MED00309,1,fest_onam,-0.00014
MED00311,1,fest_onam,-0.00053
MED00312,1,fest_onam,-0.00123
MED00313,1,fest_onam,-0.00906
MED00314,1,fest_onam,-0.00012
MED00315,1,fest_onam,-0.00072
MED00317,1,fest_onam,-0.00018
MED00318,1,fest_onam,-0.00054
MED00319,1,fest_onam,-0.00093
MED00320,1,fest_onam,0.00023
MED00321,1,fest_onam,-0.00114
MED00322,1,fest_onam,-0.00025
MED00323,1,fest_onam,0.00096
MED00325,1,fest_onam,-0.00058
MED00326,1,fest_onam,-0.00068
MED00327,1,fest_onam,-0.00015
MED00328,1,fest_onam,-0.00048
MED00329,1,fest_onam,-0.00066
MED00330,1,fest_onam,-0.00096
MED00331,1,fest_onam,0.00025
MED00332,1,fest_onam,-0.00011
MED00334,1,fest_onam,-0.00012
MED00335,1,fest_onam,0.00015
MED00336,1,fest_onam,-0.00064
MED00337,1,fest_onam,0.00099
MED00338,1,fest_onam,0.00061
MED00339,1,fest_onam,-0.00067
MED00340,1,fest_onam,-0.00024
MED00341,1,fest_onam,-0.0006
MED00342,1,fest_onam,-0.0003
MED00343,1,fest_onam,-0.00055
MED00344,1,fest_onam,-0.00097
MED00345,1,fest_onam,-0.00039
MED00346,1,fest_onam,-0.00012
MED00347,1,fest_onam,-0.00056
MED00350,1,fest_onam,-0.00067
MED00351,1,fest_onam,-0.0023
MED00352,1,fest_onam,-0.00167
MED00353,1,fest_onam,-0.00017
MED00354,1,fest_onam,-0.00028
MED00355,1,fest_onam,-0.00086
MED00356,1,fest_onam,-0.00014
MED00357,1,fest_onam,-0.00173
MED00358,1,fest_onam,0.0002
MED00360,1,fest_onam,-0.0009
MED00361,1,fest_onam,-0.00012
MED00363,1,fest_onam,-0.00019
MED00364,1,fest_onam,-0.00055
MED00366,1,fest_onam,-0.00049
MED00369,1,fest_onam,-0.00079
MED00370,1,fest_onam,-0.00135
MED00371,1,fest_onam,0.00097
MED00372,1,fest_onam,-0.00025
MED00373,1,fest_onam,-0.0019
MED00375,1,fest_onam,0.00074
MED00377,1,fest_onam,-0.00174
MED00378,1,fest_onam,-0.00012
MED00379,1,fest_onam,-0.00053
MED00380,1,fest_onam,-0.00055
MED00381,1,fest_onam,-0.00058
MED00383,1,fest_onam,-0.00064
MED00385,1,fest_onam,0.00101
MED00388,1,fest_onam,0.00465
MED00389,1,fest_onam,-0.00073
MED00390,1,fest_onam,0.00071
MED00391,1,fest_onam,0.00042
MED00392,1,fest_onam,0.00082
MED00394,1,fest_onam,0.00022
MED00395,1,fest_onam,0.00147
MED00396,1,fest_onam,-0.00092
MED00398,1,fest_onam,0.00013
MED00399,1,fest_onam,0.00059
MED00401,1,fest_onam,0.00123
MED00402,1,fest_onam,0.00041
MED00403,1,fest_onam,-0.00033
MED00404,1,fest_onam,-0.00046
MED00405,1,fest_onam,-0.00062
MED00406,1,fest_onam,0.00048
MED00407,1,fest_onam,0.00083
MED00408,1,fest_onam,-0.00015
MED00409,1,fest_onam,-0.00094
MED00410,1,fest_onam,-0.00142
MED00411,1,fest_onam,0.00067
MED00414,1,fest_onam,0.00041
MED00415,1,fest_onam,0.00014
MED00416,1,fest_onam,0.00026
MED00417,1,fest_onam,-0.00015
MED00419,1,fest_onam,-0.00036
MED00420,1,fest_onam,0.00074
MED00421,1,fest_onam,0.00096
MED00424,1,fest_onam,-0.00108
MED00002,2,fest_onam,0.00507
MED00003,2,fest_onam,-0.00091
MED00004,2,fest_onam,-0.00052
MED00006,2,fest_onam,-0.00046
MED00007,2,fest_onam,0.00026
MED00008,2,fest_onam,-0.00197
MED00010,2,fest_onam,-0.00032
MED00011,2,fest_onam,0.0081
MED00013,2,fest_onam,-0.00054
MED00014,2,fest_onam,0.00082
MED00015,2,fest_onam,-0.00327
MED00016,2,fest_onam,-0.00074
MED00017,2,fest_onam,-0.00025
MED00018,2,fest_onam,-0.00203
MED00019,2,fest_onam,0.00056
MED00020,2,fest_onam,0.00061
MED00021,2,fest_onam,-0.00022
MED00023,2,fest_onam,-0.00117
MED00024,2,fest_onam,-0.00019
MED00025,2,fest_onam,-0.00165
MED00026,2,fest_onam,-0.00145
MED00027,2,fest_onam,-0.00142
MED00028,2,fest_onam,-0.00217
MED00029,2,fest_onam,-0.00046
MED00030,2,fest_onam,-0.00082
MED00031,2,fest_onam,0.00026
MED00032,2,fest_onam,0.00013
MED00033,2,fest_onam,-0.00064
MED00034,2,fest_onam,0.00159
MED00035,2,fest_onam,0.00099
MED00036,2,fest_onam,0.00014
MED00037,2,fest_onam,-0.00296
MED00038,2,fest_onam,-0.00035
MED00039,2,fest_onam,0.00118
MED00040,2,fest_onam,-0.00381
MED00041,2,fest_onam,-0.00108
MED00042,2,fest_onam,-0.00074
MED00043,2,fest_onam,-0.00128
MED00044,2,fest_onam,-0.00023
MED00045,2,fest_onam,-0.0002
MED00047,2,fest_onam,-0.00061
MED00048,2,fest_onam,-0.00167
MED00049,2,fest_onam,-0.0004
MED00050,2,fest_onam,0.00013
MED00051,2,fest_onam,-0.00026
MED00052,2,fest_onam,-0.00171
MED00053,2,fest_onam,-0.0006
MED00054,2,fest_onam,-0.00101
MED00055,2,fest_onam,0.00029
MED00056,2,fest_onam,0.00061
MED00057,2,fest_onam,-0.00087
MED00059,2,fest_onam,-0.00079
MED00061,2,fest_onam,-0.00237
MED00062,2,fest_onam,0.00019
MED00063,2,fest_onam,-0.00116
MED00064,2,fest_onam,0.00523
MED00065,2,fest_onam,0.00019
MED00066,2,fest_onam,-0.00334
MED00067,2,fest_onam,0.00019
MED00068,2,fest_onam,-0.0005
MED00070,2,fest_onam,-0.00044
MED00071,2,fest_onam,-0.00018
MED00072,2,fest_onam,0.00011
MED00073,2,fest_onam,-0.00022
MED00074,2,fest_onam,-0.0003
MED00075,2,fest_onam,-0.0019
MED00076,2,fest_onam,-0.00057
MED00077,2,fest_onam,-0.00035
MED00078,2,fest_onam,0.00012
MED00079,2,fest_onam,0.00595
MED00080,2,fest_onam,-0.00054
MED00081,2,fest_onam,-0.00122
MED00083,2,fest_onam,-0.00011
MED00084,2,fest_onam,0.00298
MED00086,2,fest_onam,0.001
MED00087,2,fest_onam,-0.00019
MED00088,2,fest_onam,0.00264
MED00089,2,fest_onam,0.0006
MED00090,2,fest_onam,-0.00076
MED00091,2,fest_onam,-0.00018
MED00093,2,fest_onam,-0.0008
MED00094,2,fest_onam,-0.00254
MED00096,2,fest_onam,0.00027
MED00097,2,fest_onam,-0.00073
MED00098,2,fest_onam,-0.00155
MED00099,2,fest_onam,-0.00151
MED00100,2,fest_onam,-0.00048
MED00101,2,fest_onam,-0.00036
MED00102,2,fest_onam,-0.00192
MED00103,2,fest_onam,-0.00011
MED00104,2,fest_onam,-0.00122
MED00105,2,fest_onam,-0.00093
MED00106,2,fest_onam,-0.00209
MED00107,2,fest_onam,-0.00116
MED00108,2,fest_onam,-0.00013
MED00109,2,fest_onam,-0.00057
MED00110,2,fest_onam,-0.00515
MED00111,2,fest_onam,-0.00257
MED00112,2,fest_onam,-0.0002
MED00114,2,fest_onam,0.00045
MED00115,2,fest_onam,-0.00015
MED00116,2,fest_onam,0.00045
MED00118,2,fest_onam,-0.00044
MED00119,2,fest_onam,-0.00014
MED00120,2,fest_onam,1e-04
MED00121,2,fest_onam,-0.00016
MED00122,2,fest_onam,-0.00019
MED00123,2,fest_onam,0.00066
MED00124,2,fest_onam,-0.0011
MED00125,2,fest_onam,-0.00054
MED00126,2,fest_onam,-0.00056
MED00127,2,fest_onam,0.00016
MED00129,2,fest_onam,-0.00049
MED00130,2,fest_onam,-0.00187
MED00132,2,fest_onam,-0.00173
MED00133,2,fest_onam,-0.00151
MED00134,2,fest_onam,-0.00281
MED00135,2,fest_onam,0.00108
MED00136,2,fest_onam,0.00047
MED00140,2,fest_onam,-0.00012
MED00141,2,fest_onam,-0.00061
MED00142,2,fest_onam,-0.00093
MED00143,2,fest_onam,-0.00068
MED00144,2,fest_onam,-0.00067
MED00145,2,fest_onam,-0.00209
MED00146,2,fest_onam,-0.00119
MED00147,2,fest_onam,-1e-04
MED00149,2,fest_onam,-0.00013
MED00150,2,fest_onam,-0.0022
MED00154,2,fest_onam,-0.00098
MED00155,2,fest_onam,-0.00012
MED00156,2,fest_onam,0.00012
MED00157,2,fest_onam,-0.00045
MED00158,2,fest_onam,-0.00076
MED00159,2,fest_onam,-0.00045
MED00160,2,fest_onam,-0.00031
MED00161,2,fest_onam,-0.00069
MED00162,2,fest_onam,-0.00014
MED00163,2,fest_onam,-0.00129
MED00165,2,fest_onam,-0.00143
MED00166,2,fest_onam,-0.00014
MED00167,2,fest_onam,-0.00038
MED00170,2,fest_onam,-0.00017
MED00171,2,fest_onam,-0.00022
MED00172,2,fest_onam,-0.00343
MED00175,2,fest_onam,0.00051
MED00176,2,fest_onam,0.00105
MED00177,2,fest_onam,-0.00169
MED00178,2,fest_onam,0.00068
MED00179,2,fest_onam,-0.00057
MED00181,2,fest_onam,-0.00019
MED00182,2,fest_onam,-0.00153
MED00183,2,fest_onam,0.00631
MED00184,2,fest_onam,-0.00068
MED00185,2,fest_onam,-0.00027
MED00186,2,fest_onam,-0.00022
MED00187,2,fest_onam,-0.00011
MED00188,2,fest_onam,-0.00023
MED00189,2,fest_onam,-0.00027
MED00191,2,fest_onam,-0.00031
MED00192,2,fest_onam,-0.00183
MED00193,2,fest_onam,0.00486
MED00194,2,fest_onam,-0.00136
MED00195,2,fest_onam,-0.0013
MED00196,2,fest_onam,-0.00276
MED00197,2,fest_onam,-0.00136
MED00198,2,fest_onam,-0.00029
MED00199,2,fest_onam,-0.00022
MED00201,2,fest_onam,-0.00031
MED00203,2,fest_onam,-0.00022
MED00205,2,fest_onam,-0.0009
MED00206,2,fest_onam,-0.00255
MED00208,2,fest_onam,-0.00065
MED00209,2,fest_onam,-0.00023
MED00210,2,fest_onam,0.00041
MED00212,2,fest_onam,-0.00057
MED00213,2,fest_onam,-0.00041
MED00214,2,fest_onam,-0.00052
MED00215,2,fest_onam,-0.00022
MED00216,2,fest_onam,-0.00057
MED00217,2,fest_onam,-0.00028
MED00218,2,fest_onam,-0.00061
MED00219,2,fest_onam,0.00034
MED00222,2,fest_onam,-0.00088
MED00223,2,fest_onam,0.00041
MED00224,2,fest_onam,-0.00018
MED00225,2,fest_onam,-0.00047
MED00227,2,fest_onam,0.00021
MED00228,2,fest_onam,0.00095
MED00229,2,fest_onam,-0.00177
MED00230,2,fest_onam,-0.00016
MED00231,2,fest_onam,-0.00017
MED00233,2,fest_onam,-0.00114
MED00235,2,fest_onam,-0.00013
MED00237,2,fest_onam,-0.00074
MED00238,2,fest_onam,-0.0004
MED00239,2,fest_onam,-0.0003
MED00240,2,fest_onam,-0.00033
MED00241,2,fest_onam,-0.00011
MED00242,2,fest_onam,-0.00077
MED00243,2,fest_onam,0.00502
MED00244,2,fest_onam,-0.00015
MED00245,2,fest_onam,0.00043
MED00246,2,fest_onam,-0.0009
MED00247,2,fest_onam,-0.00059
MED00248,2,fest_onam,0.00032
MED00249,2,fest_onam,0.01055
MED00250,2,fest_onam,-0.0003
MED00251,2,fest_onam,-0.00019
MED00252,2,fest_onam,0.00018
MED00253,2,fest_onam,-0.0003
MED00254,2,fest_onam,-0.00026
MED00255,2,fest_onam,-0.00085
MED00256,2,fest_onam,-0.00095
MED00257,2,fest_onam,-0.00077
MED00258,2,fest_onam,-0.0007
MED00259,2,fest_onam,-0.00042
MED00260,2,fest_onam,-0.00818
MED00261,2,fest_onam,-0.00029
MED00262,2,fest_onam,-0.00025
MED00263,2,fest_onam,-0.00012
MED00264,2,fest_onam,-0.00263
MED00265,2,fest_onam,-0.00054
MED00266,2,fest_onam,0.00067
MED00267,2,fest_onam,-0.00031
MED00268,2,fest_onam,-0.00012
MED00271,2,fest_onam,-0.0059
MED00272,2,fest_onam,0.00013
MED00274,2,fest_onam,-0.00106
MED00276,2,fest_onam,-0.00031
MED00277,2,fest_onam,-0.00026
MED00278,2,fest_onam,-0.00099
MED00279,2,fest_onam,0.0016
MED00280,2,fest_onam,-0.0018
MED00282,2,fest_onam,0.00021
MED00283,2,fest_onam,0.00024
MED00284,2,fest_onam,-0.00075
MED00285,2,fest_onam,-0.00066
MED00286,2,fest_onam,-0.00089
MED00287,2,fest_onam,-0.00044
MED00288,2,fest_onam,0.00069
MED00289,2,fest_onam,-0.0003
MED00291,2,fest_onam,0.00082
MED00292,2,fest_onam,0.00042
MED00293,2,fest_onam,-0.00287
MED00295,2,fest_onam,-0.0011
MED00296,2,fest_onam,-0.00055
MED00297,2,fest_onam,-0.00067
MED00299,2,fest_onam,-0.0026
MED00301,2,fest_onam,-0.00046
MED00302,2,fest_onam,-0.00047
MED00304,2,fest_onam,-0.00041
MED00305,2,fest_onam,-0.00018
MED00306,2,fest_onam,-0.00013
MED00307,2,fest_onam,0.0054
MED00308,2,fest_onam,0.00028
MED00311,2,fest_onam,-0.00056
MED00312,2,fest_onam,-0.00124
MED00313,2,fest_onam,-0.00909
MED00314,2,fest_onam,-0.00013
MED00315,2,fest_onam,-0.00074
MED00316,2,fest_onam,-0.00012
MED00317,2,fest_onam,-0.0002
MED00318,2,fest_onam,-0.00056
MED00319,2,fest_onam,-0.00095
MED00320,2,fest_onam,0.0002
MED00321,2,fest_onam,-0.00117
MED00322,2,fest_onam,-0.00026
MED00323,2,fest_onam,0.00094
MED00325,2,fest_onam,-0.00061
MED00326,2,fest_onam,-0.00068
MED00327,2,fest_onam,-0.00015
MED00328,2,fest_onam,-0.00051
MED00329,2,fest_onam,-0.00067
MED00330,2,fest_onam,-0.00099
MED00331,2,fest_onam,0.00025
MED00332,2,fest_onam,-0.00012
MED00333,2,fest_onam,0.00011
MED00334,2,fest_onam,-0.00014
MED00335,2,fest_onam,0.00014
MED00336,2,fest_onam,-0.00065
MED00337,2,fest_onam,0.00098
MED00338,2,fest_onam,0.00061
MED00340,2,fest_onam,-0.00025
MED00341,2,fest_onam,-0.00062
MED00342,2,fest_onam,-0.00031
MED00343,2,fest_onam,-0.00057
MED00344,2,fest_onam,-0.00097
MED00345,2,fest_onam,-0.00042
MED00346,2,fest_onam,-0.00012
MED00347,2,fest_onam,-0.00056
MED00349,2,fest_onam,-1e-04
MED00350,2,fest_onam,-0.00077
MED00351,2,fest_onam,-0.00232
MED00352,2,fest_onam,-0.0017
MED00353,2,fest_onam,-0.00019
MED00354,2,fest_onam,-0.00031
MED00355,2,fest_onam,-0.00087
MED00356,2,fest_onam,-0.00015
MED00357,2,fest_onam,-0.00173
MED00358,2,fest_onam,0.00025
MED00360,2,fest_onam,-0.00091
MED00361,2,fest_onam,-0.00014
MED00363,2,fest_onam,-0.00021
MED00364,2,fest_onam,-0.00055
MED00366,2,fest_onam,-0.00051
MED00369,2,fest_onam,-0.00114
MED00370,2,fest_onam,-0.00136
MED00371,2,fest_onam,0.00096
MED00372,2,fest_onam,-0.00026
MED00373,2,fest_onam,-0.00191
MED00375,2,fest_onam,0.00071
MED00376,2,fest_onam,-0.00012
MED00377,2,fest_onam,-0.00175
MED00378,2,fest_onam,-0.00014
MED00379,2,fest_onam,-0.00056
MED00380,2,fest_onam,-0.00059
MED00381,2,fest_onam,-0.00061
MED00383,2,fest_onam,-0.00065
MED00385,2,fest_onam,0.00102
MED00388,2,fest_onam,0.00473
MED00389,2,fest_onam,-0.00075
MED00390,2,fest_onam,0.00071
MED00391,2,fest_onam,0.0005
MED00392,2,fest_onam,0.00082
MED00394,2,fest_onam,0.00026
MED00395,2,fest_onam,0.00147
MED00396,2,fest_onam,-0.00093
MED00399,2,fest_onam,0.00048
MED00401,2,fest_onam,0.00196
MED00402,2,fest_onam,0.00039
MED00403,2,fest_onam,-0.00034
MED00404,2,fest_onam,-0.00048
MED00405,2,fest_onam,-0.00064
MED00406,2,fest_onam,0.00046
MED00407,2,fest_onam,0.00081
MED00408,2,fest_onam,-0.00017
MED00409,2,fest_onam,-0.00131
MED00410,2,fest_onam,-0.00101
MED00411,2,fest_onam,0.00076
MED00414,2,fest_onam,0.00038
MED00415,2,fest_onam,0.00021
MED00416,2,fest_onam,0.00025
MED00417,2,fest_onam,-0.00017
MED00419,2,fest_onam,-0.00038
MED00420,2,fest_onam,0.0015
MED00421,2,fest_onam,0.00094
MED00424,2,fest_onam,-0.0012
MED00002,3,fest_onam,0.00362
MED00003,3,fest_onam,-0.00091
MED00004,3,fest_onam,-0.00053
MED00006,3,fest_onam,-0.00046
MED00007,3,fest_onam,0.00026
MED00008,3,fest_onam,-0.00197
MED00010,3,fest_onam,-0.00032
MED00011,3,fest_onam,0.0081
MED00013,3,fest_onam,-0.00054
MED00014,3,fest_onam,0.00082
MED00015,3,fest_onam,-0.00327
MED00016,3,fest_onam,-0.00074
MED00017,3,fest_onam,-0.00025
MED00018,3,fest_onam,-0.00203
MED00019,3,fest_onam,0.00056
MED00020,3,fest_onam,0.0006
MED00021,3,fest_onam,-0.00023
MED00023,3,fest_onam,-0.00112
MED00024,3,fest_onam,-0.00019
MED00025,3,fest_onam,-0.00165
MED00026,3,fest_onam,-0.00145
MED00027,3,fest_onam,-0.00142
MED00028,3,fest_onam,-0.00217
MED00029,3,fest_onam,-0.00036
MED00030,3,fest_onam,-0.00082
MED00031,3,fest_onam,0.00029
MED00032,3,fest_onam,0.00013
MED00033,3,fest_onam,-0.00066
MED00034,3,fest_onam,0.00159
MED00035,3,fest_onam,0.00099
MED00036,3,fest_onam,0.00014
MED00037,3,fest_onam,-0.00296
MED00038,3,fest_onam,-0.00035
MED00039,3,fest_onam,0.00118
MED00040,3,fest_onam,-0.00381
MED00041,3,fest_onam,-0.00106
MED00042,3,fest_onam,-0.00072
MED00043,3,fest_onam,-0.00128
MED00044,3,fest_onam,-0.00021
MED00045,3,fest_onam,-0.00019
MED00047,3,fest_onam,-0.00061
MED00048,3,fest_onam,-0.00167
MED00049,3,fest_onam,-0.00042
MED00050,3,fest_onam,0.00015
MED00051,3,fest_onam,-0.00026
MED00052,3,fest_onam,-0.00173
MED00053,3,fest_onam,-0.00054
MED00054,3,fest_onam,-0.00105
MED00055,3,fest_onam,0.0003
MED00056,3,fest_onam,0.00041
MED00057,3,fest_onam,-0.00087
MED00059,3,fest_onam,-0.00076
MED00061,3,fest_onam,-0.00237
MED00062,3,fest_onam,0.00019
MED00063,3,fest_onam,-0.0026
MED00064,3,fest_onam,0.00522
MED00065,3,fest_onam,0.00019
MED00066,3,fest_onam,-0.00334
MED00067,3,fest_onam,0.00019
MED00068,3,fest_onam,-0.00049
MED00070,3,fest_onam,-0.00044
MED00071,3,fest_onam,-0.00018
MED00072,3,fest_onam,0.00013
MED00073,3,fest_onam,-0.00021
MED00074,3,fest_onam,-0.0003
MED00075,3,fest_onam,-0.00186
MED00076,3,fest_onam,-0.00201
MED00077,3,fest_onam,-0.00035
MED00078,3,fest_onam,0.00015
MED00079,3,fest_onam,0.00592
MED00080,3,fest_onam,-0.00053
MED00081,3,fest_onam,-0.00122
MED00083,3,fest_onam,-1e-04
MED00084,3,fest_onam,0.00283
MED00086,3,fest_onam,0.00101
MED00087,3,fest_onam,-0.00019
MED00088,3,fest_onam,0.00263
MED00089,3,fest_onam,0.00049
MED00090,3,fest_onam,-0.00076
MED00091,3,fest_onam,-0.00018
MED00093,3,fest_onam,-0.0008
MED00094,3,fest_onam,-0.00255
MED00096,3,fest_onam,0.00028
MED00097,3,fest_onam,-0.00073
MED00098,3,fest_onam,-0.00154
MED00099,3,fest_onam,-0.00151
MED00100,3,fest_onam,-0.00192
MED00101,3,fest_onam,-0.00036
MED00102,3,fest_onam,-0.00192
MED00103,3,fest_onam,-0.00011
MED00104,3,fest_onam,-0.00122
MED00105,3,fest_onam,-0.00095
MED00106,3,fest_onam,-0.00209
MED00107,3,fest_onam,-0.00116
MED00108,3,fest_onam,-0.00013
MED00109,3,fest_onam,-0.00057
MED00110,3,fest_onam,-0.00516
MED00111,3,fest_onam,-0.00257
MED00112,3,fest_onam,-0.0002
MED00114,3,fest_onam,0.00045
MED00115,3,fest_onam,-0.00015
MED00116,3,fest_onam,0.00045
MED00118,3,fest_onam,-0.00044
MED00119,3,fest_onam,-0.00014
MED00120,3,fest_onam,1e-04
MED00121,3,fest_onam,-0.00016
MED00122,3,fest_onam,-0.00019
MED00123,3,fest_onam,0.0007
MED00124,3,fest_onam,-0.0011
MED00125,3,fest_onam,-0.00054
MED00126,3,fest_onam,-0.00057
MED00127,3,fest_onam,0.00016
MED00129,3,fest_onam,-0.00049
MED00130,3,fest_onam,-0.00187
MED00132,3,fest_onam,-0.00173
MED00133,3,fest_onam,-0.00152
MED00134,3,fest_onam,-0.00282
MED00135,3,fest_onam,0.00108
MED00136,3,fest_onam,0.00046
MED00140,3,fest_onam,-0.00012
MED00141,3,fest_onam,-0.00063
MED00142,3,fest_onam,-0.00093
MED00143,3,fest_onam,-0.00068
MED00144,3,fest_onam,-0.00067
MED00145,3,fest_onam,-0.00232
MED00146,3,fest_onam,-0.00119
MED00149,3,fest_onam,-0.00013
MED00150,3,fest_onam,-0.0022
MED00154,3,fest_onam,-0.00098
MED00155,3,fest_onam,-0.00012
MED00156,3,fest_onam,0.00013
MED00157,3,fest_onam,-0.00045
MED00158,3,fest_onam,-0.00076
MED00159,3,fest_onam,-0.00047
MED00160,3,fest_onam,-0.00031
MED00161,3,fest_onam,-0.0007
MED00162,3,fest_onam,-0.00014
MED00163,3,fest_onam,-0.00314
MED00164,3,fest_onam,0.00015
MED00165,3,fest_onam,-0.00143
MED00166,3,fest_onam,-0.00014
MED00167,3,fest_onam,-0.00038
MED00170,3,fest_onam,-0.00017
MED00171,3,fest_onam,-0.00022
MED00172,3,fest_onam,-0.00341
MED00175,3,fest_onam,0.00051
MED00176,3,fest_onam,0.00098
MED00177,3,fest_onam,-0.00169
MED00178,3,fest_onam,0.00032
MED00179,3,fest_onam,-0.00057
MED00181,3,fest_onam,-0.00019
MED00182,3,fest_onam,-0.00153
MED00183,3,fest_onam,0.00631
MED00184,3,fest_onam,-0.00069
MED00185,3,fest_onam,-0.00026
MED00186,3,fest_onam,-0.00022
MED00188,3,fest_onam,-0.00023
MED00189,3,fest_onam,-0.00027
MED00191,3,fest_onam,-0.00031
MED00192,3,fest_onam,-0.00141
MED00193,3,fest_onam,0.00341
MED00194,3,fest_onam,-0.00136
MED00195,3,fest_onam,-0.0013
MED00196,3,fest_onam,-0.00276
MED00197,3,fest_onam,-0.00136
MED00198,3,fest_onam,-0.00029
MED00199,3,fest_onam,-0.0002
MED00201,3,fest_onam,-0.00027
MED00203,3,fest_onam,-0.00022
MED00205,3,fest_onam,-0.0009
MED00206,3,fest_onam,-0.00251
MED00208,3,fest_onam,-0.00068
MED00209,3,fest_onam,-0.00023
MED00210,3,fest_onam,0.0004
MED00212,3,fest_onam,-0.00057
MED00213,3,fest_onam,-0.00041
MED00214,3,fest_onam,-0.00052
MED00215,3,fest_onam,-0.00022
MED00216,3,fest_onam,-0.00202
MED00217,3,fest_onam,-0.00029
MED00218,3,fest_onam,-0.00061
MED00219,3,fest_onam,0.00034
MED00222,3,fest_onam,-0.00088
MED00223,3,fest_onam,0.00041
MED00224,3,fest_onam,-0.00018
MED00225,3,fest_onam,-0.00048
MED00227,3,fest_onam,0.00021
MED00228,3,fest_onam,0.00096
MED00229,3,fest_onam,-0.00178
MED00230,3,fest_onam,-0.00016
MED00231,3,fest_onam,-0.00016
MED00233,3,fest_onam,-0.00111
MED00235,3,fest_onam,-0.00013
MED00237,3,fest_onam,-0.00074
MED00238,3,fest_onam,-0.0004
MED00239,3,fest_onam,-0.0003
MED00240,3,fest_onam,-0.00033
MED00241,3,fest_onam,-0.00011
MED00242,3,fest_onam,-0.00077
MED00243,3,fest_onam,0.00357
MED00244,3,fest_onam,-0.00015
MED00245,3,fest_onam,0.00043
MED00246,3,fest_onam,-0.0009
MED00247,3,fest_onam,-0.00059
MED00248,3,fest_onam,0.00032
MED00249,3,fest_onam,0.01097
MED00250,3,fest_onam,-0.00031
MED00251,3,fest_onam,-0.00019
MED00252,3,fest_onam,0.00018
MED00253,3,fest_onam,-0.0003
MED00254,3,fest_onam,-0.00026
MED00255,3,fest_onam,-0.00119
MED00256,3,fest_onam,-0.00095
MED00257,3,fest_onam,-0.00077
MED00258,3,fest_onam,-0.0007
MED00259,3,fest_onam,-0.00042
MED00260,3,fest_onam,-0.00818
MED00261,3,fest_onam,-0.0003
MED00262,3,fest_onam,-0.00024
MED00263,3,fest_onam,-0.00012
MED00264,3,fest_onam,-0.00263
MED00265,3,fest_onam,-0.00054
MED00266,3,fest_onam,0.00068
MED00267,3,fest_onam,-0.00031
MED00268,3,fest_onam,-0.00012
MED00271,3,fest_onam,-0.00589
MED00272,3,fest_onam,0.00012
MED00274,3,fest_onam,-0.00104
MED00276,3,fest_onam,-0.00031
MED00277,3,fest_onam,-0.00027
MED00278,3,fest_onam,-0.00099
MED00279,3,fest_onam,0.0016
MED00280,3,fest_onam,-0.0018
MED00282,3,fest_onam,0.00018
MED00283,3,fest_onam,0.00024
MED00284,3,fest_onam,-0.0007
MED00285,3,fest_onam,-0.00066
MED00286,3,fest_onam,-0.00085
MED00287,3,fest_onam,-0.00043
MED00288,3,fest_onam,0.0007
MED00289,3,fest_onam,-0.0003
MED00291,3,fest_onam,0.00082
MED00292,3,fest_onam,0.00039
MED00293,3,fest_onam,-0.00286
MED00295,3,fest_onam,-0.0011
MED00296,3,fest_onam,-0.00053
MED00297,3,fest_onam,-0.00068
MED00298,3,fest_onam,1e-04
MED00299,3,fest_onam,-0.0026
MED00301,3,fest_onam,-0.00046
MED00302,3,fest_onam,-0.00049
MED00304,3,fest_onam,-0.00041
MED00305,3,fest_onam,-0.00018
MED00306,3,fest_onam,-0.00013
MED00307,3,fest_onam,0.00527
MED00308,3,fest_onam,0.00028
MED00311,3,fest_onam,-0.00054
MED00312,3,fest_onam,-0.00121
MED00313,3,fest_onam,-0.00911
MED00314,3,fest_onam,-0.00013
MED00315,3,fest_onam,-0.00074
MED00316,3,fest_onam,-0.00012
MED00317,3,fest_onam,-0.0002
MED00318,3,fest_onam,-0.00056
MED00319,3,fest_onam,-0.00095
MED00320,3,fest_onam,0.0002
MED00321,3,fest_onam,-0.00117
MED00322,3,fest_onam,-0.00025
MED00323,3,fest_onam,0.00101
MED00324,3,fest_onam,0.00038
MED00325,3,fest_onam,-0.00061
MED00326,3,fest_onam,-0.00068
MED00327,3,fest_onam,-0.00015
MED00328,3,fest_onam,-0.00048
MED00329,3,fest_onam,-0.00067
MED00330,3,fest_onam,-0.00098
MED00331,3,fest_onam,0.00025
MED00332,3,fest_onam,-0.00012
MED00333,3,fest_onam,-0.00045
MED00334,3,fest_onam,-0.00014
MED00335,3,fest_onam,0.00014
MED00336,3,fest_onam,-0.00065
MED00337,3,fest_onam,0.00098
MED00338,3,fest_onam,0.0006
MED00340,3,fest_onam,-0.00025
MED00341,3,fest_onam,-0.00062
MED00342,3,fest_onam,-0.00031
MED00343,3,fest_onam,-0.00057
MED00344,3,fest_onam,-0.00097
MED00345,3,fest_onam,-0.00187
MED00346,3,fest_onam,-0.00012
MED00347,3,fest_onam,-0.00056
MED00349,3,fest_onam,-1e-04
MED00350,3,fest_onam,-0.00078
MED00351,3,fest_onam,-0.00233
MED00352,3,fest_onam,-0.00171
MED00353,3,fest_onam,-0.00019
MED00354,3,fest_onam,-0.00033
MED00355,3,fest_onam,-0.00087
MED00356,3,fest_onam,-0.00015
MED00357,3,fest_onam,-0.00173
MED00358,3,fest_onam,0.00025
MED00360,3,fest_onam,-0.00086
MED00361,3,fest_onam,-0.00014
MED00363,3,fest_onam,-0.00021
MED00364,3,fest_onam,-0.00055
MED00366,3,fest_onam,-0.00051
MED00369,3,fest_onam,-0.00036
MED00370,3,fest_onam,-0.00136
MED00371,3,fest_onam,0.00096
MED00372,3,fest_onam,-0.00173
MED00373,3,fest_onam,-0.0019
MED00375,3,fest_onam,0.0007
MED00376,3,fest_onam,-0.00012
MED00377,3,fest_onam,-0.00177
MED00378,3,fest_onam,-0.00014
MED00379,3,fest_onam,-0.00056
MED00380,3,fest_onam,-0.00059
MED00381,3,fest_onam,-0.00061
MED00383,3,fest_onam,-0.00065
MED00385,3,fest_onam,0.00102
MED00388,3,fest_onam,0.00471
MED00389,3,fest_onam,-0.00076
MED00390,3,fest_onam,0.00071
MED00391,3,fest_onam,0.00047
MED00392,3,fest_onam,0.00085
MED00393,3,fest_onam,0.00015
MED00394,3,fest_onam,0.00035
MED00395,3,fest_onam,0.00148
MED00396,3,fest_onam,-0.00093
MED00399,3,fest_onam,0.00048
MED00401,3,fest_onam,0.00196
MED00402,3,fest_onam,0.00053
MED00403,3,fest_onam,-0.00034
MED00404,3,fest_onam,-0.00048
MED00405,3,fest_onam,-0.00064
MED00406,3,fest_onam,0.00049
MED00407,3,fest_onam,0.00081
MED00408,3,fest_onam,-0.00018
MED00409,3,fest_onam,-0.00078
MED00410,3,fest_onam,-0.00101
MED00411,3,fest_onam,0.00083
MED00414,3,fest_onam,0.00064
MED00415,3,fest_onam,0.00022
MED00416,3,fest_onam,0.00027
MED00417,3,fest_onam,-0.00017
MED00419,3,fest_onam,-0.00038
MED00420,3,fest_onam,0.0015
MED00421,3,fest_onam,0.00096
MED00424,3,fest_onam,-0.0012
MED00002,4,fest_onam,0.00361
MED00003,4,fest_onam,-0.00095
MED00004,4,fest_onam,-0.0006
MED00006,4,fest_onam,-0.00046
MED00007,4,fest_onam,0.00014
MED00008,4,fest_onam,-0.00197
MED00010,4,fest_onam,-0.00048
MED00011,4,fest_onam,0.00796
MED00013,4,fest_onam,-0.00054
MED00014,4,fest_onam,0.00082
MED00015,4,fest_onam,-0.00327
MED00016,4,fest_onam,-0.00072
MED00017,4,fest_onam,-0.00025
MED00018,4,fest_onam,-0.00203
MED00019,4,fest_onam,0.00056
MED00020,4,fest_onam,0.0006
MED00021,4,fest_onam,-0.00023
MED00023,4,fest_onam,-0.00113
MED00024,4,fest_onam,-0.00019
MED00025,4,fest_onam,-0.00177
MED00026,4,fest_onam,-0.00147
MED00027,4,fest_onam,-0.00155
MED00028,4,fest_onam,-0.00217
MED00029,4,fest_onam,-0.00036
MED00030,4,fest_onam,-0.00081
MED00031,4,fest_onam,0.0003
MED00032,4,fest_onam,0.00027
MED00033,4,fest_onam,-0.00072
MED00034,4,fest_onam,0.00159
MED00035,4,fest_onam,0.00098
MED00037,4,fest_onam,-0.00297
MED00038,4,fest_onam,-0.00033
MED00039,4,fest_onam,0.00105
MED00040,4,fest_onam,-0.00382
MED00041,4,fest_onam,-0.00106
MED00042,4,fest_onam,-0.00081
MED00043,4,fest_onam,-0.00133
MED00044,4,fest_onam,-0.00017
MED00045,4,fest_onam,-0.00021
MED00047,4,fest_onam,-0.00061
MED00048,4,fest_onam,-0.00166
MED00049,4,fest_onam,-0.00192
MED00051,4,fest_onam,-0.00029
MED00052,4,fest_onam,-0.00174
MED00053,4,fest_onam,-0.00054
MED00054,4,fest_onam,-0.00099
MED00055,4,fest_onam,0.00029
MED00056,4,fest_onam,0.00041
MED00057,4,fest_onam,-0.00091
MED00059,4,fest_onam,-0.00074
MED00061,4,fest_onam,-0.00238
MED00062,4,fest_onam,0.00019
MED00063,4,fest_onam,-0.00264
MED00064,4,fest_onam,0.00522
MED00065,4,fest_onam,0.00019
MED00066,4,fest_onam,-0.00334
MED00067,4,fest_onam,0.00021
MED00068,4,fest_onam,-0.00049
MED00070,4,fest_onam,-0.00077
MED00071,4,fest_onam,-0.00016
MED00072,4,fest_onam,0.00013
MED00073,4,fest_onam,-0.00021
MED00074,4,fest_onam,-0.00029
MED00075,4,fest_onam,-0.00184
MED00076,4,fest_onam,-0.00202
MED00077,4,fest_onam,-0.00025
MED00078,4,fest_onam,-0.00021
MED00079,4,fest_onam,0.0059
MED00080,4,fest_onam,-0.00054
MED00081,4,fest_onam,-0.00084
MED00084,4,fest_onam,0.00283
MED00086,4,fest_onam,0.00096
MED00087,4,fest_onam,-0.00022
MED00088,4,fest_onam,0.00263
MED00089,4,fest_onam,0.00046
MED00090,4,fest_onam,-0.00075
MED00093,4,fest_onam,-0.00081
MED00094,4,fest_onam,-0.00256
MED00096,4,fest_onam,0.00029
MED00097,4,fest_onam,-0.00078
MED00098,4,fest_onam,-0.00156
MED00099,4,fest_onam,-0.00163
MED00100,4,fest_onam,-0.00195
MED00101,4,fest_onam,-0.00036
MED00102,4,fest_onam,-0.00193
MED00103,4,fest_onam,-0.00012
MED00104,4,fest_onam,-0.00123
MED00105,4,fest_onam,-0.00095
MED00106,4,fest_onam,-0.00213
MED00107,4,fest_onam,-0.00116
MED00108,4,fest_onam,-0.00013
MED00109,4,fest_onam,-0.00065
MED00110,4,fest_onam,-0.00525
MED00111,4,fest_onam,-0.00257
MED00112,4,fest_onam,-0.00021
MED00114,4,fest_onam,0.00045
MED00115,4,fest_onam,-0.00015
MED00116,4,fest_onam,0.00044
MED00118,4,fest_onam,-0.00045
MED00119,4,fest_onam,-0.00014
MED00120,4,fest_onam,1e-04
MED00121,4,fest_onam,-0.00017
MED00122,4,fest_onam,-0.0002
MED00123,4,fest_onam,0.00068
MED00124,4,fest_onam,-0.00111
MED00125,4,fest_onam,-0.00061
MED00126,4,fest_onam,-0.00066
MED00127,4,fest_onam,0.00016
MED00129,4,fest_onam,-0.00058
MED00130,4,fest_onam,-0.00192
MED00131,4,fest_onam,0.00011
MED00132,4,fest_onam,-0.00176
MED00133,4,fest_onam,-0.00145
MED00134,4,fest_onam,-0.0029
MED00135,4,fest_onam,0.00108
MED00136,4,fest_onam,0.00061
MED00137,4,fest_onam,-0.00012
MED00139,4,fest_onam,-0.00011
MED00140,4,fest_onam,-0.00012
MED00141,4,fest_onam,-0.00064
MED00142,4,fest_onam,-0.00096
MED00143,4,fest_onam,-0.00068
MED00144,4,fest_onam,-0.00067
MED00145,4,fest_onam,-0.00233
MED00146,4,fest_onam,-0.00121
MED00149,4,fest_onam,-0.00014
MED00150,4,fest_onam,-0.0022
MED00154,4,fest_onam,-0.00097
MED00155,4,fest_onam,-0.00011
MED00156,4,fest_onam,0.00014
MED00157,4,fest_onam,-0.00046
MED00158,4,fest_onam,-0.00087
MED00159,4,fest_onam,-0.00048
MED00160,4,fest_onam,-0.00031
MED00161,4,fest_onam,-0.00071
MED00162,4,fest_onam,-0.00015
MED00163,4,fest_onam,-0.00318
MED00164,4,fest_onam,0.00016
MED00165,4,fest_onam,-0.00142
MED00166,4,fest_onam,-0.00014
MED00167,4,fest_onam,-0.00037
MED00170,4,fest_onam,-0.00017
MED00171,4,fest_onam,-0.00021
MED00172,4,fest_onam,-0.00342
MED00175,4,fest_onam,0.00047
MED00176,4,fest_onam,0.00097
MED00177,4,fest_onam,-0.00175
MED00178,4,fest_onam,0.00031
MED00179,4,fest_onam,-0.00063
MED00180,4,fest_onam,-0.00011
MED00181,4,fest_onam,-0.0002
MED00182,4,fest_onam,-0.00163
MED00183,4,fest_onam,0.00631
MED00184,4,fest_onam,-0.00068
MED00185,4,fest_onam,-0.0002
MED00186,4,fest_onam,-0.00022
MED00188,4,fest_onam,-0.00024
MED00189,4,fest_onam,-0.00031
MED00191,4,fest_onam,-0.00033
MED00192,4,fest_onam,-0.00146
MED00193,4,fest_onam,0.00337
MED00194,4,fest_onam,-0.00136
MED00195,4,fest_onam,-0.0013
MED00196,4,fest_onam,-0.00276
MED00197,4,fest_onam,-0.00136
MED00198,4,fest_onam,-0.0003
MED00199,4,fest_onam,-0.0002
MED00201,4,fest_onam,-0.00027
MED00202,4,fest_onam,-0.00011
MED00203,4,fest_onam,-0.0002
MED00205,4,fest_onam,-0.00091
MED00206,4,fest_onam,-0.00251
MED00208,4,fest_onam,-0.0007
MED00209,4,fest_onam,-0.0002
MED00210,4,fest_onam,0.0004
MED00212,4,fest_onam,-0.00063
MED00213,4,fest_onam,-0.00051
MED00214,4,fest_onam,-0.00053
MED00215,4,fest_onam,-0.00023
MED00216,4,fest_onam,-0.00206
MED00217,4,fest_onam,-0.00175
MED00218,4,fest_onam,-0.00061
MED00219,4,fest_onam,0.00034
MED00220,4,fest_onam,-0.00011
MED00222,4,fest_onam,-0.00092
MED00223,4,fest_onam,0.00038
MED00224,4,fest_onam,-0.00019
MED00225,4,fest_onam,-0.00045
MED00226,4,fest_onam,0.00026
MED00227,4,fest_onam,0.00021
MED00228,4,fest_onam,0.00102
MED00229,4,fest_onam,-0.00187
MED00230,4,fest_onam,-0.00016
MED00231,4,fest_onam,-0.00016
MED00233,4,fest_onam,-0.00107
MED00235,4,fest_onam,-0.00013
MED00237,4,fest_onam,-0.00074
MED00238,4,fest_onam,-0.00052
MED00239,4,fest_onam,-0.00029
MED00240,4,fest_onam,-0.00033
MED00241,4,fest_onam,-0.00011
MED00242,4,fest_onam,-0.00077
MED00243,4,fest_onam,0.00356
MED00244,4,fest_onam,-0.00014
MED00245,4,fest_onam,0.00043
MED00246,4,fest_onam,-0.00087
MED00247,4,fest_onam,-0.00059
MED00248,4,fest_onam,0.00032
MED00249,4,fest_onam,0.01096
MED00250,4,fest_onam,-0.0003
MED00251,4,fest_onam,-0.00018
MED00252,4,fest_onam,0.00018
MED00253,4,fest_onam,-0.00031
MED00254,4,fest_onam,-0.00027
MED00255,4,fest_onam,-0.00041
MED00256,4,fest_onam,-0.00096
MED00257,4,fest_onam,-0.00077
MED00258,4,fest_onam,-0.00068
MED00259,4,fest_onam,-0.0004
MED00260,4,fest_onam,-0.0082
MED00261,4,fest_onam,-0.00036
MED00262,4,fest_onam,-0.00022
MED00263,4,fest_onam,-0.00012
MED00264,4,fest_onam,-0.00271
MED00265,4,fest_onam,-0.00054
MED00266,4,fest_onam,0.00067
MED00267,4,fest_onam,-0.00031
MED00268,4,fest_onam,-0.00011
MED00271,4,fest_onam,-0.00588
MED00272,4,fest_onam,0.00021
MED00274,4,fest_onam,-0.00106
MED00276,4,fest_onam,-0.00032
MED00277,4,fest_onam,-0.00031
MED00278,4,fest_onam,-0.00099
MED00279,4,fest_onam,0.0016
MED00280,4,fest_onam,-0.00182
MED00282,4,fest_onam,0.00017
MED00283,4,fest_onam,0.00019
MED00284,4,fest_onam,-0.00067
MED00285,4,fest_onam,-0.00067
MED00286,4,fest_onam,-0.00087
MED00287,4,fest_onam,-0.00043
MED00288,4,fest_onam,0.0007
MED00289,4,fest_onam,-0.00029
MED00291,4,fest_onam,0.00045
MED00292,4,fest_onam,0.00035
MED00293,4,fest_onam,-0.00285
MED00295,4,fest_onam,-0.00116
MED00296,4,fest_onam,-0.00052
MED00297,4,fest_onam,-0.00068
MED00298,4,fest_onam,0.00011
MED00299,4,fest_onam,-0.00264
MED00301,4,fest_onam,-0.00046
MED00302,4,fest_onam,-0.00048
MED00303,4,fest_onam,0.00023
MED00304,4,fest_onam,-0.00041
MED00305,4,fest_onam,-0.00022
MED00306,4,fest_onam,-0.0002
MED00307,4,fest_onam,0.00526
MED00308,4,fest_onam,0.00027
MED00311,4,fest_onam,-0.00054
MED00312,4,fest_onam,-0.0012
MED00313,4,fest_onam,-0.00911
MED00314,4,fest_onam,-0.00015
MED00315,4,fest_onam,-0.00075
MED00316,4,fest_onam,-0.00013
MED00317,4,fest_onam,-0.00019
MED00318,4,fest_onam,-0.00034
MED00319,4,fest_onam,-0.00095
MED00320,4,fest_onam,0.00016
MED00321,4,fest_onam,-0.00117
MED00322,4,fest_onam,-0.0003
MED00323,4,fest_onam,0.00116
MED00324,4,fest_onam,0.00038
MED00325,4,fest_onam,-0.00061
MED00326,4,fest_onam,-0.00069
MED00327,4,fest_onam,-0.00016
MED00328,4,fest_onam,-0.00047
MED00329,4,fest_onam,-0.00067
MED00330,4,fest_onam,-0.00098
MED00331,4,fest_onam,0.00025
MED00332,4,fest_onam,-0.00012
MED00333,4,fest_onam,-0.0005
MED00334,4,fest_onam,-0.00014
MED00335,4,fest_onam,0.00013
MED00336,4,fest_onam,-0.00065
MED00337,4,fest_onam,0.00098
MED00338,4,fest_onam,0.00044
MED00339,4,fest_onam,0.00018
MED00340,4,fest_onam,-0.00028
MED00341,4,fest_onam,-0.00061
MED00342,4,fest_onam,-0.00031
MED00343,4,fest_onam,-0.00058
MED00344,4,fest_onam,-0.00098
MED00345,4,fest_onam,-0.00192
MED00346,4,fest_onam,-0.00013
MED00347,4,fest_onam,-0.00059
MED00349,4,fest_onam,-1e-04
MED00350,4,fest_onam,-0.00078
MED00351,4,fest_onam,-0.00244
MED00352,4,fest_onam,-0.00179
MED00353,4,fest_onam,-0.00028
MED00354,4,fest_onam,-0.00042
MED00355,4,fest_onam,-0.00087
MED00356,4,fest_onam,-0.00015
MED00357,4,fest_onam,-0.00175
MED00358,4,fest_onam,0.00025
MED00360,4,fest_onam,-0.00083
MED00361,4,fest_onam,-0.00014
MED00363,4,fest_onam,-0.00016
MED00364,4,fest_onam,-0.00059
MED00366,4,fest_onam,-0.00052
MED00369,4,fest_onam,-0.00036
MED00370,4,fest_onam,-0.00149
MED00371,4,fest_onam,0.00096
MED00372,4,fest_onam,-0.00177
MED00373,4,fest_onam,-0.0021
MED00375,4,fest_onam,0.00069
MED00376,4,fest_onam,-0.00011
MED00377,4,fest_onam,-0.00183
MED00378,4,fest_onam,-0.00014
MED00379,4,fest_onam,-0.00056
MED00380,4,fest_onam,-0.00068
MED00381,4,fest_onam,-0.00062
MED00383,4,fest_onam,-0.00065
MED00385,4,fest_onam,0.00102
MED00388,4,fest_onam,0.00449
MED00389,4,fest_onam,-0.00074
MED00390,4,fest_onam,0.00074
MED00391,4,fest_onam,0.00047
MED00392,4,fest_onam,0.00095
MED00393,4,fest_onam,0.00017
MED00394,4,fest_onam,0.00032
MED00395,4,fest_onam,0.00148
MED00396,4,fest_onam,-0.00094
MED00399,4,fest_onam,0.00048
MED00401,4,fest_onam,0.00177
MED00402,4,fest_onam,0.0005
MED00403,4,fest_onam,-0.00034
MED00404,4,fest_onam,-0.00049
MED00405,4,fest_onam,-0.00064
MED00406,4,fest_onam,0.00049
MED00407,4,fest_onam,0.00096
MED00408,4,fest_onam,-0.00012
MED00409,4,fest_onam,-0.00073
MED00410,4,fest_onam,-0.00101
MED00411,4,fest_onam,0.00083
MED00414,4,fest_onam,0.00062
MED00415,4,fest_onam,0.00022
MED00416,4,fest_onam,0.00027
MED00417,4,fest_onam,-0.00017
MED00419,4,fest_onam,-0.00037
MED00420,4,fest_onam,0.00153
MED00421,4,fest_onam,0.00104
MED00424,4,fest_onam,-0.0012
MED00002,5,fest_onam,0.0036
MED00003,5,fest_onam,-0.00096
MED00004,5,fest_onam,-0.00077
MED00006,5,fest_onam,-0.00044
MED00008,5,fest_onam,-0.002
MED00009,5,fest_onam,0.00017
MED00010,5,fest_onam,-0.00056
MED00011,5,fest_onam,0.00684
MED00013,5,fest_onam,-0.00052
MED00014,5,fest_onam,0.00083
MED00015,5,fest_onam,-0.00328
MED00016,5,fest_onam,-0.00073
MED00017,5,fest_onam,-0.00024
MED00019,5,fest_onam,0.00064
MED00020,5,fest_onam,0.00052
MED00021,5,fest_onam,-0.00072
MED00022,5,fest_onam,0.00021
MED00023,5,fest_onam,-0.00125
MED00024,5,fest_onam,-0.00011
MED00025,5,fest_onam,-0.00392
MED00026,5,fest_onam,-0.00274
MED00027,5,fest_onam,-0.00378
MED00028,5,fest_onam,-0.00221
MED00029,5,fest_onam,-0.00063
MED00030,5,fest_onam,-0.00079
MED00031,5,fest_onam,0.00035
MED00032,5,fest_onam,0.00038
MED00033,5,fest_onam,-0.00077
MED00034,5,fest_onam,0.00139
MED00035,5,fest_onam,-0.00106
MED00037,5,fest_onam,-0.00289
MED00038,5,fest_onam,-0.00036
MED00039,5,fest_onam,0.00098
MED00040,5,fest_onam,-0.00384
MED00041,5,fest_onam,0.00101
MED00042,5,fest_onam,-0.00042
MED00043,5,fest_onam,-0.00133
MED00045,5,fest_onam,-0.00015
MED00046,5,fest_onam,0.00021
MED00047,5,fest_onam,-0.00063
MED00048,5,fest_onam,-0.00166
MED00049,5,fest_onam,-0.00193
MED00051,5,fest_onam,-0.0003
MED00052,5,fest_onam,-0.00174
MED00053,5,fest_onam,-0.00073
MED00054,5,fest_onam,-0.0012
MED00056,5,fest_onam,0.0003
MED00057,5,fest_onam,-0.00099
MED00059,5,fest_onam,-0.00092
MED00060,5,fest_onam,0.00013
MED00061,5,fest_onam,-0.0024
MED00062,5,fest_onam,0.00023
MED00063,5,fest_onam,-0.00267
MED00064,5,fest_onam,0.00488
MED00065,5,fest_onam,0.00027
MED00066,5,fest_onam,-0.00336
MED00067,5,fest_onam,0.00015
MED00068,5,fest_onam,-0.00049
MED00070,5,fest_onam,-0.00068
MED00073,5,fest_onam,-0.00017
MED00074,5,fest_onam,-0.00037
MED00075,5,fest_onam,-0.00184
MED00076,5,fest_onam,-0.00203
MED00077,5,fest_onam,-0.0003
MED00078,5,fest_onam,-0.00015
MED00079,5,fest_onam,0.00612
MED00080,5,fest_onam,-0.00033
MED00081,5,fest_onam,-0.00085
MED00082,5,fest_onam,1e-04
MED00083,5,fest_onam,-0.0004
MED00084,5,fest_onam,0.00274
MED00086,5,fest_onam,0.00094
MED00087,5,fest_onam,-0.00022
MED00088,5,fest_onam,0.0026
MED00089,5,fest_onam,0.00042
MED00090,5,fest_onam,-0.00074
MED00091,5,fest_onam,-1e-04
MED00093,5,fest_onam,-0.00267
MED00094,5,fest_onam,-0.00239
MED00096,5,fest_onam,0.00032
MED00097,5,fest_onam,-0.0008
MED00098,5,fest_onam,-0.00155
MED00099,5,fest_onam,-0.00293
MED00100,5,fest_onam,-0.00197
MED00101,5,fest_onam,-0.00039
MED00102,5,fest_onam,-0.00173
MED00103,5,fest_onam,-0.00011
MED00104,5,fest_onam,-0.00125
MED00105,5,fest_onam,-0.00098
MED00106,5,fest_onam,-0.00215
MED00107,5,fest_onam,-0.00119
MED00108,5,fest_onam,-0.00017
MED00109,5,fest_onam,-0.00098
MED00110,5,fest_onam,-0.00792
MED00111,5,fest_onam,-0.0026
MED00112,5,fest_onam,-0.00024
MED00114,5,fest_onam,0.00042
MED00115,5,fest_onam,-0.00011
MED00116,5,fest_onam,0.00056
MED00118,5,fest_onam,-0.00043
MED00119,5,fest_onam,-0.00014
MED00121,5,fest_onam,-0.00016
MED00122,5,fest_onam,-0.00014
MED00123,5,fest_onam,0.00096
MED00124,5,fest_onam,-0.00114
MED00125,5,fest_onam,-0.00061
MED00126,5,fest_onam,-0.00083
MED00127,5,fest_onam,0.00024
MED00129,5,fest_onam,-0.00063
MED00130,5,fest_onam,-0.00193
MED00132,5,fest_onam,0.00027
MED00133,5,fest_onam,0.00053
MED00134,5,fest_onam,-0.00521
MED00135,5,fest_onam,0.00098
MED00136,5,fest_onam,0.00037
MED00137,5,fest_onam,-0.00015
MED00140,5,fest_onam,-0.00012
MED00141,5,fest_onam,-0.00088
MED00142,5,fest_onam,-0.00097
MED00143,5,fest_onam,-0.00067
MED00144,5,fest_onam,-0.0007
MED00145,5,fest_onam,-0.00235
MED00146,5,fest_onam,-0.00128
MED00148,5,fest_onam,0.00011
MED00149,5,fest_onam,-0.00012
MED00150,5,fest_onam,-0.0011
MED00154,5,fest_onam,-0.00095
MED00155,5,fest_onam,-0.00011
MED00156,5,fest_onam,0.00037
MED00157,5,fest_onam,-0.00049
MED00158,5,fest_onam,-0.00214
MED00159,5,fest_onam,-0.00059
MED00160,5,fest_onam,-0.00035
MED00161,5,fest_onam,-0.0006
MED00162,5,fest_onam,-0.00013
MED00163,5,fest_onam,-0.00319
MED00165,5,fest_onam,-0.00177
MED00166,5,fest_onam,-0.00013
MED00167,5,fest_onam,-0.00044
MED00170,5,fest_onam,-0.00016
MED00171,5,fest_onam,-0.0002
MED00172,5,fest_onam,-0.00116
MED00176,5,fest_onam,0.00091
MED00177,5,fest_onam,-0.00296
MED00178,5,fest_onam,0.00055
MED00179,5,fest_onam,-0.00295
MED00180,5,fest_onam,-0.00011
MED00181,5,fest_onam,-0.00018
MED00182,5,fest_onam,-0.0029
MED00183,5,fest_onam,0.0062
MED00184,5,fest_onam,-0.00069
MED00185,5,fest_onam,0.00041
MED00186,5,fest_onam,-0.00022
MED00188,5,fest_onam,-0.00022
MED00189,5,fest_onam,-0.00032
MED00191,5,fest_onam,-0.0003
MED00192,5,fest_onam,-0.00147
MED00193,5,fest_onam,0.00336
MED00194,5,fest_onam,-0.00139
MED00195,5,fest_onam,-0.00167
MED00196,5,fest_onam,-0.00281
MED00197,5,fest_onam,-0.00143
MED00198,5,fest_onam,-0.0003
MED00199,5,fest_onam,-0.00046
MED00201,5,fest_onam,-0.00022
MED00203,5,fest_onam,-0.00015
MED00205,5,fest_onam,-0.00094
MED00206,5,fest_onam,-0.00195
MED00208,5,fest_onam,-0.00073
MED00210,5,fest_onam,0.00012
MED00212,5,fest_onam,-0.00055
MED00213,5,fest_onam,-0.00053
MED00214,5,fest_onam,-0.00056
MED00215,5,fest_onam,-0.0002
MED00216,5,fest_onam,-0.00209
MED00217,5,fest_onam,-0.00031
MED00218,5,fest_onam,-0.00064
MED00219,5,fest_onam,0.00023
MED00220,5,fest_onam,-0.00011
MED00221,5,fest_onam,0.00018
MED00222,5,fest_onam,-0.00094
MED00223,5,fest_onam,0.00038
MED00224,5,fest_onam,-0.00019
MED00225,5,fest_onam,-0.00047
MED00226,5,fest_onam,0.0003
MED00227,5,fest_onam,0.0003
MED00228,5,fest_onam,0.0007
MED00229,5,fest_onam,-0.00214
MED00230,5,fest_onam,-0.00014
MED00231,5,fest_onam,-0.00015
MED00233,5,fest_onam,0.00078
MED00235,5,fest_onam,-0.00013
MED00237,5,fest_onam,-0.00082
MED00238,5,fest_onam,-0.00054
MED00239,5,fest_onam,-0.00027
MED00240,5,fest_onam,-0.00049
MED00242,5,fest_onam,-0.00085
MED00243,5,fest_onam,0.00355
MED00244,5,fest_onam,-0.00014
MED00245,5,fest_onam,0.00042
MED00246,5,fest_onam,-0.0009
MED00247,5,fest_onam,-0.00061
MED00248,5,fest_onam,0.00041
MED00249,5,fest_onam,0.00977
MED00250,5,fest_onam,-0.00029
MED00251,5,fest_onam,-0.00018
MED00252,5,fest_onam,0.00016
MED00253,5,fest_onam,-0.00034
MED00254,5,fest_onam,-0.00028
MED00255,5,fest_onam,-0.00052
MED00256,5,fest_onam,-0.00105
MED00257,5,fest_onam,-0.00084
MED00258,5,fest_onam,-0.00074
MED00259,5,fest_onam,-0.0004
MED00260,5,fest_onam,-0.0115
MED00261,5,fest_onam,-0.0006
MED00262,5,fest_onam,-0.00037
MED00263,5,fest_onam,-0.00011
MED00264,5,fest_onam,-0.00594
MED00265,5,fest_onam,-0.00056
MED00266,5,fest_onam,0.00063
MED00267,5,fest_onam,-0.00031
MED00271,5,fest_onam,-0.00373
MED00272,5,fest_onam,0.00024
MED00274,5,fest_onam,0.00064
MED00276,5,fest_onam,-0.0003
MED00277,5,fest_onam,-0.00032
MED00278,5,fest_onam,-0.00102
MED00279,5,fest_onam,0.00099
MED00280,5,fest_onam,-0.00182
MED00282,5,fest_onam,0.00023
MED00283,5,fest_onam,0.00027
MED00284,5,fest_onam,-0.00061
MED00285,5,fest_onam,-0.00068
MED00286,5,fest_onam,-0.00096
MED00287,5,fest_onam,-0.00041
MED00288,5,fest_onam,0.0018
MED00289,5,fest_onam,-0.00052
MED00291,5,fest_onam,0.00052
MED00292,5,fest_onam,0.0004
MED00293,5,fest_onam,-0.00321
MED00294,5,fest_onam,0.0002
MED00295,5,fest_onam,-0.00242
MED00296,5,fest_onam,-0.00056
MED00297,5,fest_onam,-0.00068
MED00299,5,fest_onam,-0.00266
MED00301,5,fest_onam,-0.00048
MED00302,5,fest_onam,-0.0005
MED00303,5,fest_onam,0.00017
MED00304,5,fest_onam,-0.00069
MED00305,5,fest_onam,-0.00021
MED00306,5,fest_onam,-0.00358
MED00307,5,fest_onam,0.00521
MED00308,5,fest_onam,-0.00024
MED00311,5,fest_onam,-0.00097
MED00312,5,fest_onam,0.00069
MED00313,5,fest_onam,-0.01253
MED00314,5,fest_onam,-0.00028
MED00315,5,fest_onam,-0.00078
MED00316,5,fest_onam,-0.00012
MED00317,5,fest_onam,-0.00016
MED00318,5,fest_onam,-0.00071
MED00319,5,fest_onam,-0.00098
MED00320,5,fest_onam,0.00025
MED00321,5,fest_onam,-0.00136
MED00322,5,fest_onam,-0.00031
MED00323,5,fest_onam,0.00131
MED00325,5,fest_onam,-0.00065
MED00326,5,fest_onam,-0.00071
MED00327,5,fest_onam,-0.00015
MED00328,5,fest_onam,-0.00051
MED00329,5,fest_onam,-0.0007
MED00330,5,fest_onam,-0.00096
MED00331,5,fest_onam,0.00025
MED00332,5,fest_onam,-0.00011
MED00333,5,fest_onam,-0.00064
MED00334,5,fest_onam,-1e-04
MED00336,5,fest_onam,-0.00068
MED00338,5,fest_onam,0.00026
MED00340,5,fest_onam,-0.00043
MED00341,5,fest_onam,-0.00064
MED00342,5,fest_onam,-0.0003
MED00343,5,fest_onam,-0.0006
MED00344,5,fest_onam,-0.0009
MED00345,5,fest_onam,-0.00193
MED00346,5,fest_onam,-0.00012
MED00347,5,fest_onam,-0.00061
MED00350,5,fest_onam,-0.00082
MED00351,5,fest_onam,-0.00276
MED00352,5,fest_onam,-0.0029
MED00353,5,fest_onam,-0.00046
MED00354,5,fest_onam,-0.00059
MED00355,5,fest_onam,-0.00107
MED00356,5,fest_onam,-0.00014
MED00357,5,fest_onam,-0.00175
MED00358,5,fest_onam,0.00031
MED00360,5,fest_onam,-0.00098
MED00361,5,fest_onam,-0.00013
MED00363,5,fest_onam,-0.00016
MED00364,5,fest_onam,-0.0006
MED00366,5,fest_onam,-0.00054
MED00369,5,fest_onam,-0.00089
MED00370,5,fest_onam,-0.00141
MED00371,5,fest_onam,0.0009
MED00372,5,fest_onam,-0.00178
MED00373,5,fest_onam,-0.00212
MED00374,5,fest_onam,1e-04
MED00375,5,fest_onam,0.00059
MED00376,5,fest_onam,-1e-04
MED00377,5,fest_onam,-0.00192
MED00378,5,fest_onam,-0.00013
MED00379,5,fest_onam,-0.00075
MED00380,5,fest_onam,-0.001
MED00381,5,fest_onam,-0.00064
MED00382,5,fest_onam,0.00013
MED00383,5,fest_onam,-0.00068
MED00385,5,fest_onam,0.00046
MED00386,5,fest_onam,1e-04
MED00387,5,fest_onam,-0.00012
MED00388,5,fest_onam,0.004
MED00389,5,fest_onam,-0.00094
MED00390,5,fest_onam,0.00045
MED00391,5,fest_onam,0.00061
MED00392,5,fest_onam,0.00048
MED00393,5,fest_onam,0.00019
MED00394,5,fest_onam,0.00036
MED00395,5,fest_onam,0.00099
MED00396,5,fest_onam,-0.00128
MED00399,5,fest_onam,0.00045
MED00400,5,fest_onam,-0.0002
MED00401,5,fest_onam,0.00165
MED00402,5,fest_onam,0.00027
MED00403,5,fest_onam,-0.00032
MED00404,5,fest_onam,-0.00046
MED00405,5,fest_onam,-0.00062
MED00406,5,fest_onam,0.0002
MED00407,5,fest_onam,0.00087
MED00408,5,fest_onam,-0.00012
MED00409,5,fest_onam,-0.00098
MED00410,5,fest_onam,-0.00153
MED00411,5,fest_onam,0.00079
MED00414,5,fest_onam,0.00061
MED00415,5,fest_onam,0.00026
MED00416,5,fest_onam,0.00037
MED00417,5,fest_onam,-0.00014
MED00419,5,fest_onam,-0.00042
MED00420,5,fest_onam,0.00101
MED00421,5,fest_onam,0.00092
MED00422,5,fest_onam,0.00024
MED00424,5,fest_onam,-0.00109
MED00002,6,fest_onam,0.0036
MED00003,6,fest_onam,-0.00093
MED00004,6,fest_onam,-0.0007
MED00006,6,fest_onam,-0.00044
MED00007,6,fest_onam,1e-04
MED00008,6,fest_onam,-0.00199
MED00009,6,fest_onam,0.00017
MED00010,6,fest_onam,-0.00041
MED00011,6,fest_onam,0.00685
MED00013,6,fest_onam,-0.00052
MED00014,6,fest_onam,0.00083
MED00015,6,fest_onam,-0.00328
MED00016,6,fest_onam,-0.00073
MED00017,6,fest_onam,-0.00023
MED00019,6,fest_onam,0.00064
MED00020,6,fest_onam,0.00052
MED00021,6,fest_onam,-0.00072
MED00022,6,fest_onam,0.00021
MED00023,6,fest_onam,-0.00122
MED00025,6,fest_onam,-0.00391
MED00026,6,fest_onam,-0.00279
MED00027,6,fest_onam,-0.00377
MED00028,6,fest_onam,-0.00221
MED00029,6,fest_onam,-0.00063
MED00030,6,fest_onam,-0.00079
MED00031,6,fest_onam,0.00035
MED00032,6,fest_onam,0.00038
MED00033,6,fest_onam,-0.0007
MED00034,6,fest_onam,0.00139
MED00035,6,fest_onam,-0.00107
MED00037,6,fest_onam,-0.00289
MED00038,6,fest_onam,-0.00035
MED00039,6,fest_onam,0.00101
MED00040,6,fest_onam,-0.00384
MED00041,6,fest_onam,0.00101
MED00042,6,fest_onam,-0.00041
MED00043,6,fest_onam,-0.0013
MED00045,6,fest_onam,-0.00012
MED00046,6,fest_onam,0.00028
MED00047,6,fest_onam,-0.00063
MED00048,6,fest_onam,-0.00163
MED00049,6,fest_onam,-0.00045
MED00050,6,fest_onam,0.00016
MED00051,6,fest_onam,-0.00027
MED00052,6,fest_onam,-0.00174
MED00053,6,fest_onam,-0.00071
MED00054,6,fest_onam,-0.00113
MED00056,6,fest_onam,0.0003
MED00057,6,fest_onam,-0.00096
MED00059,6,fest_onam,-0.00092
MED00060,6,fest_onam,0.00013
MED00061,6,fest_onam,-0.0024
MED00062,6,fest_onam,0.00023
MED00063,6,fest_onam,-0.00263
MED00064,6,fest_onam,0.00488
MED00065,6,fest_onam,0.00027
MED00066,6,fest_onam,-0.00336
MED00067,6,fest_onam,0.00015
MED00068,6,fest_onam,-0.00048
MED00070,6,fest_onam,-0.00068
MED00073,6,fest_onam,-0.00017
MED00074,6,fest_onam,-0.00033
MED00075,6,fest_onam,-0.00184
MED00076,6,fest_onam,-0.00203
MED00077,6,fest_onam,-0.0003
MED00078,6,fest_onam,0.0003
MED00079,6,fest_onam,0.00613
MED00080,6,fest_onam,-0.00033
MED00081,6,fest_onam,-0.00123
MED00082,6,fest_onam,1e-04
MED00083,6,fest_onam,-0.0004
MED00084,6,fest_onam,0.00275
MED00086,6,fest_onam,0.00098
MED00087,6,fest_onam,-0.00019
MED00088,6,fest_onam,0.00261
MED00089,6,fest_onam,0.00042
MED00090,6,fest_onam,-0.00073
MED00093,6,fest_onam,-0.00269
MED00094,6,fest_onam,-0.0024
MED00096,6,fest_onam,0.00033
MED00097,6,fest_onam,-0.00076
MED00098,6,fest_onam,-0.00155
MED00099,6,fest_onam,-0.00292
MED00100,6,fest_onam,-0.00194
MED00101,6,fest_onam,-0.00039
MED00102,6,fest_onam,-0.00177
MED00103,6,fest_onam,-0.00011
MED00104,6,fest_onam,-0.00125
MED00105,6,fest_onam,-0.00098
MED00106,6,fest_onam,-0.00212
MED00107,6,fest_onam,-0.00119
MED00108,6,fest_onam,-0.00017
MED00109,6,fest_onam,-0.00092
MED00110,6,fest_onam,-0.00785
MED00111,6,fest_onam,-0.0026
MED00112,6,fest_onam,-0.00023
MED00114,6,fest_onam,0.00042
MED00115,6,fest_onam,-0.00011
MED00116,6,fest_onam,0.00056
MED00118,6,fest_onam,-0.00042
MED00119,6,fest_onam,-0.00014
MED00121,6,fest_onam,-0.00016
MED00122,6,fest_onam,-0.00012
MED00123,6,fest_onam,0.00107
MED00124,6,fest_onam,-0.00114
MED00125,6,fest_onam,-0.00056
MED00126,6,fest_onam,-0.00076
MED00127,6,fest_onam,0.00025
MED00129,6,fest_onam,-0.0006
MED00130,6,fest_onam,-0.00189
MED00132,6,fest_onam,0.00035
MED00133,6,fest_onam,0.00053
MED00134,6,fest_onam,-0.00515
MED00135,6,fest_onam,0.00098
MED00136,6,fest_onam,0.00037
MED00137,6,fest_onam,-0.00016
MED00140,6,fest_onam,-0.00011
MED00141,6,fest_onam,-0.00088
MED00142,6,fest_onam,-0.00093
MED00143,6,fest_onam,-0.00065
MED00144,6,fest_onam,-0.00069
MED00145,6,fest_onam,-0.00235
MED00146,6,fest_onam,-0.00128
MED00148,6,fest_onam,0.00011
MED00149,6,fest_onam,-0.00012
MED00150,6,fest_onam,-0.00106
MED00154,6,fest_onam,-0.00097
MED00155,6,fest_onam,-0.00011
MED00156,6,fest_onam,0.00037
MED00157,6,fest_onam,-0.00049
MED00158,6,fest_onam,-0.00213
MED00159,6,fest_onam,-0.0006
MED00160,6,fest_onam,-0.00035
MED00161,6,fest_onam,-0.0006
MED00162,6,fest_onam,-0.00013
MED00163,6,fest_onam,-0.00316
MED00165,6,fest_onam,-0.00177
MED00166,6,fest_onam,-0.00013
MED00167,6,fest_onam,-0.00044
MED00170,6,fest_onam,-0.00016
MED00171,6,fest_onam,-0.0002
MED00172,6,fest_onam,-0.00113
MED00176,6,fest_onam,0.00091
MED00177,6,fest_onam,-0.00299
MED00178,6,fest_onam,0.00055
MED00179,6,fest_onam,-0.00306
MED00181,6,fest_onam,-0.00018
MED00182,6,fest_onam,-0.0029
MED00183,6,fest_onam,0.00467
MED00184,6,fest_onam,-0.00069
MED00185,6,fest_onam,0.00041
MED00186,6,fest_onam,-0.00021
MED00188,6,fest_onam,-0.00022
MED00189,6,fest_onam,-0.00028
MED00191,6,fest_onam,-0.0003
MED00192,6,fest_onam,-0.00143
MED00193,6,fest_onam,0.00339
MED00194,6,fest_onam,-0.0014
MED00195,6,fest_onam,-0.00167
MED00196,6,fest_onam,-0.00279
MED00197,6,fest_onam,-0.00144
MED00198,6,fest_onam,-0.0003
MED00199,6,fest_onam,-0.00041
MED00201,6,fest_onam,-1e-04
MED00205,6,fest_onam,-0.00093
MED00206,6,fest_onam,-0.00191
MED00208,6,fest_onam,-0.00074
MED00209,6,fest_onam,0.00014
MED00210,6,fest_onam,0.00012
MED00212,6,fest_onam,-0.00048
MED00213,6,fest_onam,-0.00046
MED00214,6,fest_onam,-0.00056
MED00215,6,fest_onam,-0.00019
MED00216,6,fest_onam,-0.00205
MED00217,6,fest_onam,-0.00031
MED00218,6,fest_onam,-0.00064
MED00219,6,fest_onam,0.00024
MED00221,6,fest_onam,0.00019
MED00222,6,fest_onam,-0.00091
MED00223,6,fest_onam,0.00039
MED00224,6,fest_onam,-0.00019
MED00225,6,fest_onam,-0.00046
MED00226,6,fest_onam,0.00037
MED00227,6,fest_onam,0.00029
MED00228,6,fest_onam,0.00071
MED00229,6,fest_onam,-0.00207
MED00230,6,fest_onam,-0.00014
MED00231,6,fest_onam,-0.00015
MED00233,6,fest_onam,0.00079
MED00235,6,fest_onam,-0.00013
MED00237,6,fest_onam,-0.00077
MED00238,6,fest_onam,-0.00054
MED00239,6,fest_onam,-0.00028
MED00240,6,fest_onam,-0.00049
MED00242,6,fest_onam,-0.00084
MED00243,6,fest_onam,0.00355
MED00244,6,fest_onam,-0.00014
MED00245,6,fest_onam,0.00042
MED00246,6,fest_onam,-0.0009
MED00247,6,fest_onam,-0.00061
MED00248,6,fest_onam,0.00041
MED00249,6,fest_onam,0.00977
MED00250,6,fest_onam,-0.00027
MED00251,6,fest_onam,-0.00017
MED00252,6,fest_onam,0.00016
MED00253,6,fest_onam,-0.00034
MED00254,6,fest_onam,-0.00028
MED00255,6,fest_onam,-0.00046
MED00256,6,fest_onam,-0.00105
MED00257,6,fest_onam,-0.00081
MED00258,6,fest_onam,-0.00066
MED00259,6,fest_onam,-0.0004
MED00260,6,fest_onam,-0.01151
MED00261,6,fest_onam,-0.00061
MED00262,6,fest_onam,-0.00037
MED00263,6,fest_onam,-0.00011
MED00264,6,fest_onam,-0.00587
MED00265,6,fest_onam,-0.00056
MED00266,6,fest_onam,0.00064
MED00267,6,fest_onam,-0.00031
MED00271,6,fest_onam,-0.00372
MED00272,6,fest_onam,0.00024
MED00274,6,fest_onam,0.00072
MED00276,6,fest_onam,-0.0003
MED00277,6,fest_onam,-0.00028
MED00278,6,fest_onam,-0.00102
MED00279,6,fest_onam,0.001
MED00280,6,fest_onam,-0.00182
MED00282,6,fest_onam,0.00022
MED00283,6,fest_onam,0.00031
MED00284,6,fest_onam,-0.00061
MED00285,6,fest_onam,-0.00068
MED00286,6,fest_onam,-0.00096
MED00287,6,fest_onam,-0.00041
MED00288,6,fest_onam,0.00179
MED00289,6,fest_onam,-0.00052
MED00291,6,fest_onam,0.00087
MED00292,6,fest_onam,0.00043
MED00293,6,fest_onam,-0.00321
MED00294,6,fest_onam,0.00027
MED00295,6,fest_onam,-0.00244
MED00296,6,fest_onam,-0.00056
MED00297,6,fest_onam,-0.00068
MED00299,6,fest_onam,-0.00263
MED00301,6,fest_onam,-0.00047
MED00302,6,fest_onam,-0.0005
MED00303,6,fest_onam,0.00026
MED00304,6,fest_onam,-0.00069
MED00305,6,fest_onam,-0.00017
MED00306,6,fest_onam,-0.00357
MED00307,6,fest_onam,0.00517
MED00308,6,fest_onam,-0.00024
MED00311,6,fest_onam,-0.00088
MED00312,6,fest_onam,0.00079
MED00313,6,fest_onam,-0.01253
MED00314,6,fest_onam,-0.00027
MED00315,6,fest_onam,-0.00077
MED00316,6,fest_onam,-0.00011
MED00317,6,fest_onam,-0.00016
MED00318,6,fest_onam,-0.00071
MED00319,6,fest_onam,-0.00097
MED00320,6,fest_onam,0.00028
MED00321,6,fest_onam,-0.00136
MED00322,6,fest_onam,-0.00027
MED00323,6,fest_onam,0.00134
MED00325,6,fest_onam,-0.00062
MED00326,6,fest_onam,-0.00071
MED00327,6,fest_onam,-0.00015
MED00328,6,fest_onam,-0.00051
MED00329,6,fest_onam,-0.0007
MED00330,6,fest_onam,-0.00096
MED00331,6,fest_onam,0.00025
MED00332,6,fest_onam,-0.00011
MED00333,6,fest_onam,-0.001
MED00334,6,fest_onam,-0.00012
MED00336,6,fest_onam,-0.00068
MED00338,6,fest_onam,0.00037
MED00340,6,fest_onam,-0.0004
MED00341,6,fest_onam,-0.00064
MED00342,6,fest_onam,-0.0003
MED00343,6,fest_onam,-0.0006
MED00344,6,fest_onam,-0.0009
MED00345,6,fest_onam,-0.00189
MED00346,6,fest_onam,-0.00011
MED00347,6,fest_onam,-0.00058
MED00350,6,fest_onam,-0.00082
MED00351,6,fest_onam,-0.00269
MED00352,6,fest_onam,-0.00284
MED00353,6,fest_onam,-0.00039
MED00354,6,fest_onam,-0.00052
MED00355,6,fest_onam,-0.00103
MED00356,6,fest_onam,-0.00014
MED00357,6,fest_onam,-0.00175
MED00358,6,fest_onam,0.00031
MED00360,6,fest_onam,-0.00098
MED00361,6,fest_onam,-0.00012
MED00363,6,fest_onam,-0.00016
MED00364,6,fest_onam,-0.00057
MED00366,6,fest_onam,-0.00053
MED00369,6,fest_onam,-0.00089
MED00370,6,fest_onam,-0.00138
MED00371,6,fest_onam,0.0009
MED00372,6,fest_onam,-0.00174
MED00373,6,fest_onam,-0.00194
MED00374,6,fest_onam,0.00016
MED00375,6,fest_onam,0.00059
MED00376,6,fest_onam,-0.00011
MED00377,6,fest_onam,-0.00192
MED00378,6,fest_onam,-0.00013
MED00379,6,fest_onam,-0.00075
MED00380,6,fest_onam,-0.00093
MED00381,6,fest_onam,-0.00063
MED00382,6,fest_onam,0.00025
MED00383,6,fest_onam,-0.00068
MED00385,6,fest_onam,0.00046
MED00386,6,fest_onam,1e-04
MED00387,6,fest_onam,-0.00012
MED00388,6,fest_onam,0.004
MED00389,6,fest_onam,-0.00094
MED00390,6,fest_onam,0.00047
MED00391,6,fest_onam,0.00061
MED00392,6,fest_onam,0.00048
MED00393,6,fest_onam,0.00019
MED00394,6,fest_onam,0.00036
MED00395,6,fest_onam,0.00099
MED00396,6,fest_onam,-0.00127
MED00399,6,fest_onam,0.00045
MED00400,6,fest_onam,-0.0002
MED00401,6,fest_onam,0.00165
MED00402,6,fest_onam,0.00027
MED00403,6,fest_onam,-0.00034
MED00404,6,fest_onam,-0.00046
MED00405,6,fest_onam,-0.00062
MED00406,6,fest_onam,0.0002
MED00407,6,fest_onam,0.00088
MED00408,6,fest_onam,-0.00012
MED00409,6,fest_onam,-0.00098
MED00410,6,fest_onam,-0.00153
MED00411,6,fest_onam,0.00078
MED00413,6,fest_onam,0.00017
MED00414,6,fest_onam,0.00061
MED00415,6,fest_onam,0.00026
MED00416,6,fest_onam,0.00037
MED00417,6,fest_onam,-0.00014
MED00419,6,fest_onam,-0.00038
MED00420,6,fest_onam,0.00093
MED00421,6,fest_onam,0.00092
MED00422,6,fest_onam,0.00033
MED00424,6,fest_onam,-0.00109
MED00002,7,fest_onam,0.00506
MED00003,7,fest_onam,-0.00092
MED00004,7,fest_onam,-0.00068
MED00006,7,fest_onam,-0.00044
MED00007,7,fest_onam,0.00016
MED00008,7,fest_onam,-0.00197
MED00009,7,fest_onam,0.0002
MED00010,7,fest_onam,-0.0004
MED00011,7,fest_onam,0.00658
MED00013,7,fest_onam,-0.00049
MED00014,7,fest_onam,0.00085
MED00015,7,fest_onam,-0.00328
MED00016,7,fest_onam,-0.00071
MED00017,7,fest_onam,-0.00021
MED00019,7,fest_onam,0.00067
MED00020,7,fest_onam,0.00052
MED00021,7,fest_onam,-0.0007
MED00022,7,fest_onam,0.00024
MED00023,7,fest_onam,-0.00119
MED00025,7,fest_onam,-0.00392
MED00026,7,fest_onam,-0.00281
MED00027,7,fest_onam,-0.00378
MED00028,7,fest_onam,-0.0022
MED00029,7,fest_onam,-0.00056
MED00030,7,fest_onam,-0.00076
MED00031,7,fest_onam,0.00037
MED00032,7,fest_onam,0.0004
MED00033,7,fest_onam,-0.00069
MED00034,7,fest_onam,0.0014
MED00035,7,fest_onam,-0.00108
MED00037,7,fest_onam,-0.00286
MED00038,7,fest_onam,-0.00033
MED00039,7,fest_onam,0.00102
MED00040,7,fest_onam,-0.00381
MED00041,7,fest_onam,0.00118
MED00042,7,fest_onam,-0.00041
MED00043,7,fest_onam,-0.00126
MED00046,7,fest_onam,0.0003
MED00047,7,fest_onam,-0.00062
MED00048,7,fest_onam,-0.00157
MED00049,7,fest_onam,-0.00042
MED00050,7,fest_onam,0.00018
MED00051,7,fest_onam,-0.00027
MED00052,7,fest_onam,-0.00171
MED00053,7,fest_onam,-0.00069
MED00054,7,fest_onam,-0.0011
MED00056,7,fest_onam,0.00053
MED00057,7,fest_onam,-0.00096
MED00058,7,fest_onam,0.00012
MED00059,7,fest_onam,-0.0009
MED00060,7,fest_onam,0.00015
MED00061,7,fest_onam,-0.00239
MED00062,7,fest_onam,0.00026
MED00063,7,fest_onam,-0.00118
MED00064,7,fest_onam,0.00488
MED00065,7,fest_onam,0.0003
MED00066,7,fest_onam,-0.00335
MED00067,7,fest_onam,0.00018
MED00068,7,fest_onam,-0.00046
MED00070,7,fest_onam,-0.00065
MED00073,7,fest_onam,-0.00014
MED00074,7,fest_onam,-0.0003
MED00075,7,fest_onam,-0.00181
MED00076,7,fest_onam,-0.00058
MED00077,7,fest_onam,-0.00028
MED00078,7,fest_onam,0.00032
MED00079,7,fest_onam,0.00592
MED00080,7,fest_onam,-0.00031
MED00081,7,fest_onam,-0.00123
MED00082,7,fest_onam,0.00013
MED00083,7,fest_onam,-0.00038
MED00084,7,fest_onam,0.00267
MED00086,7,fest_onam,0.00098
MED00087,7,fest_onam,-0.00015
MED00088,7,fest_onam,0.00242
MED00089,7,fest_onam,0.00043
MED00090,7,fest_onam,-0.00067
MED00093,7,fest_onam,-0.00271
MED00094,7,fest_onam,-0.00243
MED00096,7,fest_onam,0.00036
MED00097,7,fest_onam,-0.00075
MED00098,7,fest_onam,-0.00153
MED00099,7,fest_onam,-0.00294
MED00100,7,fest_onam,-0.00049
MED00101,7,fest_onam,-0.00038
MED00102,7,fest_onam,-0.00174
MED00104,7,fest_onam,-0.00124
MED00105,7,fest_onam,-0.00095
MED00106,7,fest_onam,-0.00211
MED00107,7,fest_onam,-0.00118
MED00108,7,fest_onam,-0.00015
MED00109,7,fest_onam,-0.00092
MED00110,7,fest_onam,-0.00783
MED00111,7,fest_onam,-0.0026
MED00112,7,fest_onam,-0.00021
MED00114,7,fest_onam,0.00044
MED00116,7,fest_onam,0.00058
MED00118,7,fest_onam,-0.0004
MED00119,7,fest_onam,-0.00011
MED00121,7,fest_onam,-0.00015
MED00123,7,fest_onam,0.00109
MED00124,7,fest_onam,-0.00112
MED00125,7,fest_onam,-0.00055
MED00126,7,fest_onam,-0.00074
MED00127,7,fest_onam,0.00027
MED00129,7,fest_onam,-0.00053
MED00130,7,fest_onam,-0.00189
MED00132,7,fest_onam,0.00037
MED00133,7,fest_onam,0.00055
MED00134,7,fest_onam,-0.00512
MED00135,7,fest_onam,0.00098
MED00136,7,fest_onam,0.0004
MED00137,7,fest_onam,-0.00016
MED00141,7,fest_onam,-0.00085
MED00142,7,fest_onam,-0.00092
MED00143,7,fest_onam,-0.00063
MED00144,7,fest_onam,-0.00066
MED00145,7,fest_onam,-0.00235
MED00146,7,fest_onam,-0.00134
MED00148,7,fest_onam,0.00013
MED00149,7,fest_onam,-0.00012
MED00150,7,fest_onam,-0.00104
MED00154,7,fest_onam,-0.00094
MED00156,7,fest_onam,0.00039
MED00157,7,fest_onam,-0.00048
MED00158,7,fest_onam,-0.00215
MED00159,7,fest_onam,-0.0006
MED00160,7,fest_onam,-0.00034
MED00161,7,fest_onam,-0.00058
MED00162,7,fest_onam,-0.00013
MED00163,7,fest_onam,-0.00155
MED00165,7,fest_onam,-0.00164
MED00166,7,fest_onam,-0.00013
MED00167,7,fest_onam,-0.00039
MED00170,7,fest_onam,-0.00013
MED00171,7,fest_onam,-0.00018
MED00172,7,fest_onam,-0.0011
MED00176,7,fest_onam,0.00091
MED00177,7,fest_onam,-0.003
MED00178,7,fest_onam,0.00057
MED00179,7,fest_onam,-0.00305
MED00181,7,fest_onam,-0.00017
MED00182,7,fest_onam,-0.00291
MED00183,7,fest_onam,0.00444
MED00184,7,fest_onam,-0.00069
MED00185,7,fest_onam,0.00043
MED00186,7,fest_onam,-0.00018
MED00187,7,fest_onam,0.00012
MED00188,7,fest_onam,-0.00021
MED00189,7,fest_onam,-0.00028
MED00191,7,fest_onam,-0.00029
MED00192,7,fest_onam,-0.00184
MED00193,7,fest_onam,0.00484
MED00194,7,fest_onam,-0.00136
MED00195,7,fest_onam,-0.00159
MED00196,7,fest_onam,-0.00277
MED00197,7,fest_onam,-0.00139
MED00198,7,fest_onam,-0.00026
MED00199,7,fest_onam,-0.00038
MED00205,7,fest_onam,-0.00091
MED00206,7,fest_onam,-0.00188
MED00207,7,fest_onam,0.00011
MED00208,7,fest_onam,-0.00072
MED00209,7,fest_onam,0.00016
MED00210,7,fest_onam,0.00013
MED00212,7,fest_onam,-0.00046
MED00213,7,fest_onam,-0.00046
MED00214,7,fest_onam,-0.00054
MED00215,7,fest_onam,-0.00014
MED00216,7,fest_onam,-0.0006
MED00217,7,fest_onam,-0.00029
MED00218,7,fest_onam,-0.00063
MED00219,7,fest_onam,0.00025
MED00221,7,fest_onam,0.00021
MED00222,7,fest_onam,-0.00089
MED00223,7,fest_onam,0.0004
MED00224,7,fest_onam,-0.00016
MED00225,7,fest_onam,-0.00043
MED00226,7,fest_onam,0.00039
MED00227,7,fest_onam,0.00032
MED00228,7,fest_onam,0.00073
MED00229,7,fest_onam,-0.00205
MED00230,7,fest_onam,-0.00013
MED00231,7,fest_onam,-0.00011
MED00232,7,fest_onam,1e-04
MED00233,7,fest_onam,0.00081
MED00237,7,fest_onam,-0.00074
MED00238,7,fest_onam,-0.00044
MED00239,7,fest_onam,-0.00023
MED00240,7,fest_onam,-0.00046
MED00242,7,fest_onam,-0.00082
MED00243,7,fest_onam,0.005
MED00244,7,fest_onam,-0.00011
MED00245,7,fest_onam,0.00043
MED00246,7,fest_onam,-0.00085
MED00247,7,fest_onam,-0.00058
MED00248,7,fest_onam,0.00043
MED00249,7,fest_onam,0.00954
MED00250,7,fest_onam,-0.00025
MED00251,7,fest_onam,-0.00014
MED00252,7,fest_onam,0.00017
MED00253,7,fest_onam,-0.00033
MED00254,7,fest_onam,-0.00028
MED00255,7,fest_onam,-0.00043
MED00256,7,fest_onam,-0.00105
MED00257,7,fest_onam,-0.00078
MED00258,7,fest_onam,-0.00063
MED00259,7,fest_onam,-0.00037
MED00260,7,fest_onam,-0.01152
MED00261,7,fest_onam,-0.0006
MED00262,7,fest_onam,-0.00035
MED00264,7,fest_onam,-0.00585
MED00265,7,fest_onam,-0.00053
MED00266,7,fest_onam,0.00063
MED00267,7,fest_onam,-0.00029
MED00271,7,fest_onam,-0.0036
MED00272,7,fest_onam,0.00027
MED00274,7,fest_onam,0.00074
MED00276,7,fest_onam,-0.0003
MED00277,7,fest_onam,-0.00028
MED00278,7,fest_onam,-0.00099
MED00279,7,fest_onam,0.001
MED00280,7,fest_onam,-0.00181
MED00281,7,fest_onam,0.00013
MED00282,7,fest_onam,0.00025
MED00283,7,fest_onam,0.00032
MED00284,7,fest_onam,-0.00058
MED00285,7,fest_onam,-0.00068
MED00286,7,fest_onam,-0.00093
MED00287,7,fest_onam,-0.00039
MED00288,7,fest_onam,0.00157
MED00289,7,fest_onam,-0.00049
MED00290,7,fest_onam,0.00012
MED00291,7,fest_onam,0.00081
MED00292,7,fest_onam,0.00046
MED00293,7,fest_onam,-0.00319
MED00294,7,fest_onam,0.0003
MED00295,7,fest_onam,-0.00246
MED00296,7,fest_onam,-0.00053
MED00297,7,fest_onam,-0.00065
MED00299,7,fest_onam,-0.00261
MED00301,7,fest_onam,-0.00043
MED00302,7,fest_onam,-0.00049
MED00303,7,fest_onam,0.00033
MED00304,7,fest_onam,-0.00066
MED00305,7,fest_onam,-0.00015
MED00306,7,fest_onam,-0.00356
MED00307,7,fest_onam,0.00492
MED00308,7,fest_onam,-0.00026
MED00310,7,fest_onam,0.00012
MED00311,7,fest_onam,-0.00084
MED00312,7,fest_onam,0.00081
MED00313,7,fest_onam,-0.01251
MED00314,7,fest_onam,-0.00026
MED00315,7,fest_onam,-0.00076
MED00317,7,fest_onam,-0.00012
MED00318,7,fest_onam,-0.00068
MED00319,7,fest_onam,-0.00097
MED00320,7,fest_onam,0.00031
MED00321,7,fest_onam,-0.00133
MED00322,7,fest_onam,-0.00027
MED00323,7,fest_onam,0.00136
MED00325,7,fest_onam,-0.00059
MED00326,7,fest_onam,-0.00068
MED00327,7,fest_onam,-0.00014
MED00328,7,fest_onam,-0.00047
MED00329,7,fest_onam,-0.00069
MED00330,7,fest_onam,-0.00091
MED00331,7,fest_onam,0.00025
MED00332,7,fest_onam,-1e-04
MED00333,7,fest_onam,-0.00093
MED00334,7,fest_onam,-0.00018
MED00336,7,fest_onam,-0.00067
MED00337,7,fest_onam,1e-04
MED00338,7,fest_onam,0.00035
MED00340,7,fest_onam,-0.0004
MED00341,7,fest_onam,-0.00061
MED00342,7,fest_onam,-0.00029
MED00343,7,fest_onam,-0.00058
MED00344,7,fest_onam,-0.00088
MED00345,7,fest_onam,-0.00044
MED00346,7,fest_onam,-0.00011
MED00347,7,fest_onam,-0.00057
MED00350,7,fest_onam,-0.00082
MED00351,7,fest_onam,-0.00268
MED00352,7,fest_onam,-0.00281
MED00353,7,fest_onam,-0.00036
MED00354,7,fest_onam,-0.0005
MED00355,7,fest_onam,-0.00098
MED00356,7,fest_onam,-0.00013
MED00357,7,fest_onam,-0.00175
MED00358,7,fest_onam,0.00034
MED00360,7,fest_onam,-0.00096
MED00363,7,fest_onam,-0.00013
MED00364,7,fest_onam,-0.00056
MED00366,7,fest_onam,-0.0005
MED00369,7,fest_onam,-0.00083
MED00370,7,fest_onam,-0.00137
MED00371,7,fest_onam,0.00091
MED00372,7,fest_onam,-0.00027
MED00373,7,fest_onam,-0.00193
MED00374,7,fest_onam,0.00018
MED00375,7,fest_onam,0.0006
MED00377,7,fest_onam,-0.00193
MED00378,7,fest_onam,-0.00011
MED00379,7,fest_onam,-0.00074
MED00380,7,fest_onam,-0.00091
MED00381,7,fest_onam,-0.00063
MED00382,7,fest_onam,0.00028
MED00383,7,fest_onam,-0.00067
MED00385,7,fest_onam,0.00044
MED00386,7,fest_onam,0.00012
MED00387,7,fest_onam,-0.00011
MED00388,7,fest_onam,0.00414
MED00389,7,fest_onam,-0.00091
MED00390,7,fest_onam,0.00049
MED00391,7,fest_onam,0.00063
MED00392,7,fest_onam,0.0005
MED00393,7,fest_onam,0.00021
MED00394,7,fest_onam,0.00038
MED00395,7,fest_onam,0.00101
MED00396,7,fest_onam,-0.00123
MED00398,7,fest_onam,1e-04
MED00399,7,fest_onam,0.00055
MED00400,7,fest_onam,-0.00019
MED00401,7,fest_onam,0.00172
MED00402,7,fest_onam,0.00029
MED00403,7,fest_onam,-0.00031
MED00404,7,fest_onam,-0.00043
MED00405,7,fest_onam,-0.00059
MED00406,7,fest_onam,0.00024
MED00407,7,fest_onam,0.00091
MED00409,7,fest_onam,-0.00096
MED00410,7,fest_onam,-0.0015
MED00411,7,fest_onam,0.00081
MED00413,7,fest_onam,0.00019
MED00414,7,fest_onam,0.00064
MED00415,7,fest_onam,0.00028
MED00416,7,fest_onam,0.0004
MED00419,7,fest_onam,-0.00035
MED00420,7,fest_onam,0.00096
MED00421,7,fest_onam,0.00094
MED00422,7,fest_onam,0.00035
MED00423,7,fest_onam,0.00012
MED00424,7,fest_onam,-0.00096
MED00002,8,fest_onam,0.00011
MED00003,8,fest_onam,-0.0009
MED00004,8,fest_onam,-0.00066
MED00006,8,fest_onam,-0.00043
MED00007,8,fest_onam,0.0008
MED00008,8,fest_onam,-0.00195
MED00009,8,fest_onam,0.0002
MED00010,8,fest_onam,-0.00039
MED00011,8,fest_onam,0.00707
MED00013,8,fest_onam,-0.00049
MED00014,8,fest_onam,0.00086
MED00015,8,fest_onam,-0.00326
MED00016,8,fest_onam,-0.00069
MED00017,8,fest_onam,-0.0002
MED00019,8,fest_onam,0.00068
MED00020,8,fest_onam,0.00053
MED00021,8,fest_onam,-0.00069
MED00022,8,fest_onam,0.00024
MED00023,8,fest_onam,-0.00118
MED00025,8,fest_onam,-0.00394
MED00026,8,fest_onam,-0.00282
MED00027,8,fest_onam,-0.0038
MED00028,8,fest_onam,-0.00219
MED00029,8,fest_onam,-0.00053
MED00030,8,fest_onam,-0.00076
MED00031,8,fest_onam,0.00038
MED00032,8,fest_onam,0.00041
MED00033,8,fest_onam,-0.00068
MED00034,8,fest_onam,0.00142
MED00035,8,fest_onam,-0.00111
MED00037,8,fest_onam,-0.00286
MED00038,8,fest_onam,-0.00032
MED00039,8,fest_onam,0.00103
MED00040,8,fest_onam,-0.00381
MED00041,8,fest_onam,0.00119
MED00042,8,fest_onam,-0.00042
MED00043,8,fest_onam,-0.00125
MED00046,8,fest_onam,0.00031
MED00047,8,fest_onam,-0.00061
MED00048,8,fest_onam,-0.00156
MED00049,8,fest_onam,-0.0004
MED00050,8,fest_onam,0.00019
MED00051,8,fest_onam,-0.00026
MED00052,8,fest_onam,-0.00168
MED00053,8,fest_onam,-0.00068
MED00054,8,fest_onam,-0.0011
MED00056,8,fest_onam,0.00053
MED00057,8,fest_onam,-0.00095
MED00058,8,fest_onam,0.00012
MED00059,8,fest_onam,-0.00089
MED00060,8,fest_onam,0.00016
MED00061,8,fest_onam,-0.00237
MED00062,8,fest_onam,0.00027
MED00063,8,fest_onam,-0.00114
MED00064,8,fest_onam,0.00489
MED00065,8,fest_onam,0.00033
MED00066,8,fest_onam,-0.00333
MED00067,8,fest_onam,0.00019
MED00068,8,fest_onam,-0.00045
MED00070,8,fest_onam,-0.00066
MED00073,8,fest_onam,-0.00014
MED00074,8,fest_onam,-0.0003
MED00075,8,fest_onam,-0.00181
MED00076,8,fest_onam,-0.00055
MED00077,8,fest_onam,-0.00028
MED00078,8,fest_onam,0.00036
MED00079,8,fest_onam,0.00593
MED00080,8,fest_onam,-0.0003
MED00081,8,fest_onam,-0.00122
MED00082,8,fest_onam,0.00013
MED00083,8,fest_onam,-0.00038
MED00084,8,fest_onam,0.00269
MED00086,8,fest_onam,0.00099
MED00087,8,fest_onam,-0.00011
MED00088,8,fest_onam,0.00238
MED00089,8,fest_onam,0.00045
MED00090,8,fest_onam,-0.00066
MED00093,8,fest_onam,-0.0027
MED00094,8,fest_onam,-0.00243
MED00096,8,fest_onam,0.00036
MED00097,8,fest_onam,-0.00076
MED00098,8,fest_onam,-0.00152
MED00099,8,fest_onam,-0.00295
MED00100,8,fest_onam,-0.00045
MED00101,8,fest_onam,-0.00038
MED00102,8,fest_onam,-0.00174
MED00104,8,fest_onam,-0.00124
MED00105,8,fest_onam,-0.00095
MED00106,8,fest_onam,-0.0021
MED00107,8,fest_onam,-0.00115
MED00108,8,fest_onam,-0.00012
MED00109,8,fest_onam,-0.0009
MED00110,8,fest_onam,-0.00782
MED00111,8,fest_onam,-0.00258
MED00112,8,fest_onam,-0.00021
MED00114,8,fest_onam,0.00045
MED00116,8,fest_onam,0.00048
MED00118,8,fest_onam,-0.00039
MED00119,8,fest_onam,-0.00011
MED00121,8,fest_onam,-0.00015
MED00123,8,fest_onam,0.0011
MED00124,8,fest_onam,-0.00111
MED00125,8,fest_onam,-0.00054
MED00126,8,fest_onam,-0.00072
MED00127,8,fest_onam,0.00028
MED00130,8,fest_onam,-0.00187
MED00132,8,fest_onam,0.00043
MED00133,8,fest_onam,0.00056
MED00134,8,fest_onam,-0.00511
MED00135,8,fest_onam,0.001
MED00136,8,fest_onam,0.00041
MED00137,8,fest_onam,-0.00014
MED00141,8,fest_onam,-0.00085
MED00142,8,fest_onam,-0.00093
MED00143,8,fest_onam,-0.00059
MED00144,8,fest_onam,-0.00065
MED00145,8,fest_onam,-0.00234
MED00146,8,fest_onam,-0.00079
MED00148,8,fest_onam,0.00014
MED00150,8,fest_onam,-0.00103
MED00154,8,fest_onam,-0.00093
MED00156,8,fest_onam,0.0004
MED00157,8,fest_onam,-0.00047
MED00158,8,fest_onam,-0.00216
MED00159,8,fest_onam,-0.00058
MED00160,8,fest_onam,-0.00033
MED00161,8,fest_onam,-0.00057
MED00162,8,fest_onam,-0.00012
MED00163,8,fest_onam,-0.00129
MED00165,8,fest_onam,-0.00163
MED00166,8,fest_onam,-0.00012
MED00167,8,fest_onam,-0.00037
MED00170,8,fest_onam,-0.00013
MED00171,8,fest_onam,-0.00017
MED00172,8,fest_onam,-0.00109
MED00176,8,fest_onam,0.00093
MED00177,8,fest_onam,-0.00301
MED00178,8,fest_onam,0.00058
MED00179,8,fest_onam,-0.00306
MED00181,8,fest_onam,-0.00015
MED00182,8,fest_onam,-0.00293
MED00183,8,fest_onam,0.00446
MED00184,8,fest_onam,-0.00067
MED00185,8,fest_onam,0.00043
MED00186,8,fest_onam,-0.00018
MED00187,8,fest_onam,0.00012
MED00188,8,fest_onam,-0.0002
MED00189,8,fest_onam,-0.00025
MED00191,8,fest_onam,-0.00028
MED00192,8,fest_onam,-0.00039
MED00194,8,fest_onam,-0.00131
MED00195,8,fest_onam,-0.00153
MED00196,8,fest_onam,-0.00273
MED00197,8,fest_onam,-0.00137
MED00198,8,fest_onam,-0.00024
MED00199,8,fest_onam,-0.00038
MED00205,8,fest_onam,-0.00089
MED00206,8,fest_onam,-0.00187
MED00207,8,fest_onam,0.00011
MED00208,8,fest_onam,-0.00072
MED00209,8,fest_onam,0.00022
MED00210,8,fest_onam,0.00012
MED00212,8,fest_onam,-0.00046
MED00213,8,fest_onam,-0.00044
MED00214,8,fest_onam,-0.00052
MED00215,8,fest_onam,-0.00013
MED00216,8,fest_onam,-0.00056
MED00217,8,fest_onam,-0.00028
MED00218,8,fest_onam,-0.00062
MED00219,8,fest_onam,0.00026
MED00221,8,fest_onam,0.00022
MED00222,8,fest_onam,-0.0009
MED00223,8,fest_onam,0.00041
MED00224,8,fest_onam,-0.00015
MED00225,8,fest_onam,-0.00042
MED00226,8,fest_onam,0.0004
MED00227,8,fest_onam,0.00022
MED00228,8,fest_onam,0.00074
MED00229,8,fest_onam,-0.00203
MED00230,8,fest_onam,-0.00014
MED00233,8,fest_onam,0.00082
MED00237,8,fest_onam,-0.00073
MED00238,8,fest_onam,0.00012
MED00239,8,fest_onam,-0.00023
MED00240,8,fest_onam,-0.00046
MED00242,8,fest_onam,-0.00074
MED00244,8,fest_onam,-0.00011
MED00245,8,fest_onam,0.00053
MED00246,8,fest_onam,-0.00085
MED00247,8,fest_onam,-0.00058
MED00248,8,fest_onam,0.00044
MED00249,8,fest_onam,0.00956
MED00250,8,fest_onam,-0.00024
MED00251,8,fest_onam,-0.00014
MED00252,8,fest_onam,0.00017
MED00253,8,fest_onam,-0.00033
MED00254,8,fest_onam,-0.00027
MED00255,8,fest_onam,-0.00043
MED00256,8,fest_onam,-0.00104
MED00257,8,fest_onam,-0.00077
MED00258,8,fest_onam,-0.00061
MED00259,8,fest_onam,-0.00037
MED00260,8,fest_onam,-0.01153
MED00261,8,fest_onam,-0.00059
MED00262,8,fest_onam,-0.00034
MED00264,8,fest_onam,-0.00584
MED00265,8,fest_onam,-0.00053
MED00266,8,fest_onam,0.00065
MED00267,8,fest_onam,-0.00028
MED00271,8,fest_onam,-0.00358
MED00272,8,fest_onam,0.00027
MED00274,8,fest_onam,0.00081
MED00276,8,fest_onam,-0.00024
MED00277,8,fest_onam,-0.00026
MED00278,8,fest_onam,-0.00098
MED00279,8,fest_onam,0.00101
MED00280,8,fest_onam,-0.0018
MED00281,8,fest_onam,0.00014
MED00282,8,fest_onam,0.00025
MED00283,8,fest_onam,0.00033
MED00284,8,fest_onam,-0.00058
MED00285,8,fest_onam,-0.00067
MED00286,8,fest_onam,-0.00093
MED00287,8,fest_onam,-0.00039
MED00288,8,fest_onam,0.00153
MED00289,8,fest_onam,-0.00049
MED00290,8,fest_onam,0.00012
MED00291,8,fest_onam,0.00079
MED00292,8,fest_onam,0.00046
MED00293,8,fest_onam,-0.00318
MED00294,8,fest_onam,0.0003
MED00295,8,fest_onam,-0.00246
MED00296,8,fest_onam,-0.00052
MED00297,8,fest_onam,-0.00064
MED00299,8,fest_onam,-0.0026
MED00301,8,fest_onam,-0.00042
MED00302,8,fest_onam,-0.00048
MED00303,8,fest_onam,0.00033
MED00304,8,fest_onam,-0.00065
MED00305,8,fest_onam,-0.00015
MED00306,8,fest_onam,-0.00355
MED00307,8,fest_onam,0.00493
MED00308,8,fest_onam,-0.00025
MED00310,8,fest_onam,0.00013
MED00311,8,fest_onam,-0.00083
MED00312,8,fest_onam,0.00096
MED00313,8,fest_onam,-0.0125
MED00314,8,fest_onam,-0.00025
MED00315,8,fest_onam,-0.00074
MED00317,8,fest_onam,-0.00011
MED00318,8,fest_onam,-0.00068
MED00319,8,fest_onam,-0.00095
MED00320,8,fest_onam,0.00031
MED00321,8,fest_onam,-0.00132
MED00322,8,fest_onam,-0.00026
MED00323,8,fest_onam,0.00121
MED00325,8,fest_onam,-0.00059
MED00326,8,fest_onam,-0.00069
MED00328,8,fest_onam,-0.00046
MED00329,8,fest_onam,-0.00068
MED00330,8,fest_onam,-0.00089
MED00331,8,fest_onam,0.00026
MED00333,8,fest_onam,-0.00043
MED00334,8,fest_onam,-0.00023
MED00336,8,fest_onam,-0.00066
MED00337,8,fest_onam,0.00013
MED00338,8,fest_onam,0.00036
MED00340,8,fest_onam,-0.00039
MED00341,8,fest_onam,-0.00061
MED00342,8,fest_onam,-0.00026
MED00343,8,fest_onam,-0.00057
MED00344,8,fest_onam,-0.00087
MED00345,8,fest_onam,-0.0004
MED00346,8,fest_onam,-1e-04
MED00347,8,fest_onam,-0.00056
MED00350,8,fest_onam,-0.0008
MED00351,8,fest_onam,-0.00267
MED00352,8,fest_onam,-0.0028
MED00353,8,fest_onam,-0.00035
MED00354,8,fest_onam,-0.00048
MED00355,8,fest_onam,-0.00097
MED00356,8,fest_onam,-0.00013
MED00357,8,fest_onam,-0.00173
MED00358,8,fest_onam,0.00034
MED00360,8,fest_onam,-0.00095
MED00363,8,fest_onam,-0.00013
MED00364,8,fest_onam,-0.00055
MED00366,8,fest_onam,-0.0005
MED00367,8,fest_onam,0.00012
MED00369,8,fest_onam,-0.00081
MED00370,8,fest_onam,-0.00136
MED00371,8,fest_onam,0.00093
MED00372,8,fest_onam,-0.00025
MED00373,8,fest_onam,-0.00192
MED00374,8,fest_onam,0.00019
MED00375,8,fest_onam,0.00062
MED00377,8,fest_onam,-0.00191
MED00378,8,fest_onam,-1e-04
MED00379,8,fest_onam,-0.00073
MED00380,8,fest_onam,-0.00089
MED00381,8,fest_onam,-0.00061
MED00382,8,fest_onam,0.00028
MED00383,8,fest_onam,-0.00067
MED00385,8,fest_onam,0.00043
MED00386,8,fest_onam,0.00013
MED00388,8,fest_onam,0.00485
MED00389,8,fest_onam,-0.00091
MED00390,8,fest_onam,0.00051
MED00391,8,fest_onam,0.00064
MED00392,8,fest_onam,0.00051
MED00393,8,fest_onam,0.00022
MED00394,8,fest_onam,0.00039
MED00395,8,fest_onam,0.00103
MED00396,8,fest_onam,-0.00118
MED00398,8,fest_onam,1e-04
MED00399,8,fest_onam,0.0005
MED00401,8,fest_onam,0.00222
MED00402,8,fest_onam,0.00031
MED00403,8,fest_onam,-0.0003
MED00404,8,fest_onam,-0.00042
MED00405,8,fest_onam,-0.00059
MED00406,8,fest_onam,0.00026
MED00407,8,fest_onam,0.00092
MED00409,8,fest_onam,-0.00095
MED00410,8,fest_onam,-0.0015
MED00411,8,fest_onam,0.00082
MED00412,8,fest_onam,1e-04
MED00413,8,fest_onam,0.0002
MED00414,8,fest_onam,0.00065
MED00415,8,fest_onam,0.00029
MED00416,8,fest_onam,0.00041
MED00419,8,fest_onam,-0.0003
MED00420,8,fest_onam,0.00097
MED00421,8,fest_onam,0.00095
MED00422,8,fest_onam,0.00037
MED00423,8,fest_onam,0.00021
MED00424,8,fest_onam,-0.00093
MED00002,9,fest_onam,1e-04
MED00003,9,fest_onam,-0.00086
MED00004,9,fest_onam,-0.0007
MED00006,9,fest_onam,-0.00041
MED00007,9,fest_onam,0.0016
MED00008,9,fest_onam,-0.00191
MED00009,9,fest_onam,0.00023
MED00010,9,fest_onam,-0.00025
MED00011,9,fest_onam,0.00714
MED00013,9,fest_onam,-0.00048
MED00014,9,fest_onam,0.00105
MED00015,9,fest_onam,-0.00325
MED00016,9,fest_onam,-0.00072
MED00017,9,fest_onam,-0.00018
MED00019,9,fest_onam,0.00066
MED00020,9,fest_onam,0.00073
MED00021,9,fest_onam,-0.00068
MED00022,9,fest_onam,0.00025
MED00023,9,fest_onam,-0.00108
MED00025,9,fest_onam,-0.00399
MED00026,9,fest_onam,-0.00285
MED00027,9,fest_onam,-0.00384
MED00028,9,fest_onam,-0.00218
MED00029,9,fest_onam,-0.00059
MED00030,9,fest_onam,-0.00075
MED00031,9,fest_onam,0.00038
MED00032,9,fest_onam,0.00041
MED00033,9,fest_onam,-0.00072
MED00034,9,fest_onam,0.00155
MED00035,9,fest_onam,-0.00102
MED00037,9,fest_onam,-0.00262
MED00038,9,fest_onam,-0.00038
MED00039,9,fest_onam,0.00114
MED00040,9,fest_onam,-0.00379
MED00041,9,fest_onam,0.00132
MED00042,9,fest_onam,-0.00035
MED00043,9,fest_onam,-0.00122
MED00046,9,fest_onam,0.0003
MED00047,9,fest_onam,-0.00058
MED00048,9,fest_onam,-0.00162
MED00049,9,fest_onam,-0.00042
MED00050,9,fest_onam,0.0002
MED00051,9,fest_onam,-0.00024
MED00052,9,fest_onam,-0.00165
MED00053,9,fest_onam,-0.00075
MED00054,9,fest_onam,-0.00116
MED00055,9,fest_onam,0.00012
MED00056,9,fest_onam,0.0006
MED00057,9,fest_onam,-0.00191
MED00058,9,fest_onam,0.00014
MED00059,9,fest_onam,-0.00107
MED00060,9,fest_onam,0.00018
MED00061,9,fest_onam,-0.00234
MED00062,9,fest_onam,0.00028
MED00063,9,fest_onam,-0.00116
MED00064,9,fest_onam,0.00445
MED00065,9,fest_onam,0.00041
MED00066,9,fest_onam,-0.00332
MED00067,9,fest_onam,0.00019
MED00068,9,fest_onam,-0.00044
MED00070,9,fest_onam,-0.00071
MED00073,9,fest_onam,-0.00013
MED00074,9,fest_onam,-0.00028
MED00075,9,fest_onam,-0.00178
MED00076,9,fest_onam,-0.00055
MED00077,9,fest_onam,-0.00025
MED00078,9,fest_onam,0.00039
MED00079,9,fest_onam,0.00677
MED00080,9,fest_onam,-0.00029
MED00081,9,fest_onam,-0.00118
MED00082,9,fest_onam,0.00014
MED00083,9,fest_onam,-0.00036
MED00084,9,fest_onam,0.00284
MED00086,9,fest_onam,0.00098
MED00088,9,fest_onam,0.00255
MED00089,9,fest_onam,0.00063
MED00090,9,fest_onam,-0.0007
MED00093,9,fest_onam,-0.00269
MED00094,9,fest_onam,-0.00241
MED00096,9,fest_onam,0.00056
MED00097,9,fest_onam,-0.00076
MED00098,9,fest_onam,-0.00158
MED00099,9,fest_onam,-0.00299
MED00100,9,fest_onam,-0.00043
MED00101,9,fest_onam,-0.00034
MED00102,9,fest_onam,-0.00155
MED00104,9,fest_onam,-0.0013
MED00105,9,fest_onam,-0.00101
MED00106,9,fest_onam,-0.00212
MED00107,9,fest_onam,-0.00121
MED00108,9,fest_onam,-0.00013
MED00109,9,fest_onam,-0.00094
MED00110,9,fest_onam,-0.00824
MED00111,9,fest_onam,-0.00257
MED00112,9,fest_onam,-0.00019
MED00114,9,fest_onam,0.00057
MED00116,9,fest_onam,0.00068
MED00118,9,fest_onam,-0.00037
MED00119,9,fest_onam,-0.00012
MED00120,9,fest_onam,0.00024
MED00121,9,fest_onam,-0.00013
MED00123,9,fest_onam,0.00125
MED00124,9,fest_onam,-0.00118
MED00125,9,fest_onam,-0.00052
MED00126,9,fest_onam,-0.00076
MED00127,9,fest_onam,0.0003
MED00129,9,fest_onam,0.0008
MED00130,9,fest_onam,-0.00188
MED00132,9,fest_onam,0.00055
MED00133,9,fest_onam,0.00052
MED00134,9,fest_onam,-0.00554
MED00135,9,fest_onam,0.00114
MED00136,9,fest_onam,0.00038
MED00141,9,fest_onam,-0.00084
MED00142,9,fest_onam,-0.00093
MED00143,9,fest_onam,-0.00055
MED00144,9,fest_onam,-0.00069
MED00145,9,fest_onam,-0.00182
MED00146,9,fest_onam,-0.0014
MED00148,9,fest_onam,0.00016
MED00150,9,fest_onam,-0.00104
MED00154,9,fest_onam,-0.00092
MED00156,9,fest_onam,0.00042
MED00157,9,fest_onam,-0.00044
MED00158,9,fest_onam,-0.00217
MED00159,9,fest_onam,-0.00019
MED00160,9,fest_onam,-0.00032
MED00161,9,fest_onam,-0.00062
MED00162,9,fest_onam,-0.00012
MED00163,9,fest_onam,-0.00109
MED00165,9,fest_onam,-0.00242
MED00167,9,fest_onam,-0.00035
MED00171,9,fest_onam,-0.00018
MED00172,9,fest_onam,-0.0011
MED00174,9,fest_onam,-0.00015
MED00175,9,fest_onam,0.00015
MED00176,9,fest_onam,0.00133
MED00177,9,fest_onam,-0.00304
MED00178,9,fest_onam,0.0006
MED00179,9,fest_onam,-0.00299
MED00181,9,fest_onam,-0.00014
MED00182,9,fest_onam,-0.00294
MED00183,9,fest_onam,0.00462
MED00184,9,fest_onam,-0.00054
MED00185,9,fest_onam,0.00045
MED00186,9,fest_onam,-0.00016
MED00187,9,fest_onam,0.00013
MED00188,9,fest_onam,-0.00019
MED00189,9,fest_onam,-0.00022
MED00191,9,fest_onam,-0.00034
MED00192,9,fest_onam,-0.00034
MED00194,9,fest_onam,-0.00156
MED00195,9,fest_onam,-0.00232
MED00196,9,fest_onam,-0.00325
MED00197,9,fest_onam,-0.00184
MED00198,9,fest_onam,-0.00023
MED00199,9,fest_onam,-0.00037
MED00205,9,fest_onam,-0.00096
MED00206,9,fest_onam,-0.0018
MED00207,9,fest_onam,0.00013
MED00208,9,fest_onam,-0.00076
MED00209,9,fest_onam,0.00023
MED00210,9,fest_onam,0.00023
MED00212,9,fest_onam,-0.00044
MED00213,9,fest_onam,-0.00049
MED00214,9,fest_onam,-0.00058
MED00215,9,fest_onam,-0.00013
MED00216,9,fest_onam,-0.00058
MED00217,9,fest_onam,-0.00026
MED00218,9,fest_onam,-0.0006
MED00219,9,fest_onam,0.00045
MED00221,9,fest_onam,0.00022
MED00222,9,fest_onam,-0.0009
MED00223,9,fest_onam,0.00077
MED00224,9,fest_onam,-0.00011
MED00225,9,fest_onam,-0.00041
MED00226,9,fest_onam,0.00039
MED00227,9,fest_onam,0.0002
MED00228,9,fest_onam,0.00076
MED00229,9,fest_onam,-0.00245
MED00230,9,fest_onam,-0.00022
MED00233,9,fest_onam,0.00095
MED00237,9,fest_onam,-0.00072
MED00238,9,fest_onam,0.00037
MED00239,9,fest_onam,-0.00021
MED00240,9,fest_onam,-0.00045
MED00242,9,fest_onam,-0.00149
MED00245,9,fest_onam,0.00054
MED00246,9,fest_onam,-0.00083
MED00247,9,fest_onam,-0.00063
MED00248,9,fest_onam,0.00044
MED00249,9,fest_onam,0.00972
MED00250,9,fest_onam,-0.00031
MED00251,9,fest_onam,-0.00012
MED00252,9,fest_onam,0.00011
MED00253,9,fest_onam,-0.0003
MED00254,9,fest_onam,-0.00033
MED00255,9,fest_onam,-0.00043
MED00256,9,fest_onam,-0.00101
MED00257,9,fest_onam,-0.00076
MED00258,9,fest_onam,-0.00062
MED00259,9,fest_onam,-0.00039
MED00260,9,fest_onam,-0.01143
MED00261,9,fest_onam,-0.00047
MED00262,9,fest_onam,-0.00033
MED00264,9,fest_onam,-0.00625
MED00265,9,fest_onam,-0.00059
MED00266,9,fest_onam,0.00081
MED00267,9,fest_onam,-0.00027
MED00271,9,fest_onam,-0.00363
MED00272,9,fest_onam,0.0003
MED00273,9,fest_onam,0.00018
MED00274,9,fest_onam,0.00095
MED00276,9,fest_onam,-0.00025
MED00277,9,fest_onam,-0.00023
MED00278,9,fest_onam,-0.00105
MED00279,9,fest_onam,0.00114
MED00280,9,fest_onam,-0.00036
MED00281,9,fest_onam,0.00021
MED00282,9,fest_onam,0.00027
MED00283,9,fest_onam,0.00036
MED00284,9,fest_onam,-0.00045
MED00285,9,fest_onam,-0.00066
MED00286,9,fest_onam,-0.00103
MED00287,9,fest_onam,-0.00038
MED00288,9,fest_onam,0.00152
MED00289,9,fest_onam,-0.00048
MED00290,9,fest_onam,0.00013
MED00291,9,fest_onam,0.00079
MED00292,9,fest_onam,0.00046
MED00293,9,fest_onam,-0.00317
MED00294,9,fest_onam,0.00044
MED00295,9,fest_onam,-0.0025
MED00296,9,fest_onam,-0.00052
MED00297,9,fest_onam,-0.0007
MED00299,9,fest_onam,-0.00258
MED00300,9,fest_onam,0.00012
MED00301,9,fest_onam,-0.00042
MED00302,9,fest_onam,-0.00036
MED00303,9,fest_onam,0.00034
MED00304,9,fest_onam,-0.00063
MED00305,9,fest_onam,-0.00013
MED00306,9,fest_onam,-0.00345
MED00307,9,fest_onam,0.005
MED00308,9,fest_onam,-0.0002
MED00310,9,fest_onam,0.00016
MED00311,9,fest_onam,-0.00082
MED00312,9,fest_onam,0.00109
MED00313,9,fest_onam,-0.01259
MED00315,9,fest_onam,-0.0008
MED00317,9,fest_onam,-0.00011
MED00318,9,fest_onam,-0.00068
MED00319,9,fest_onam,-0.00102
MED00320,9,fest_onam,0.00054
MED00321,9,fest_onam,-0.00137
MED00322,9,fest_onam,-0.00023
MED00323,9,fest_onam,0.00135
MED00325,9,fest_onam,-0.00065
MED00326,9,fest_onam,-0.00074
MED00328,9,fest_onam,-0.00045
MED00329,9,fest_onam,-0.00074
MED00330,9,fest_onam,-0.00088
MED00331,9,fest_onam,0.0003
MED00333,9,fest_onam,-0.00061
MED00334,9,fest_onam,-0.00022
MED00336,9,fest_onam,-0.00073
MED00337,9,fest_onam,0.0002
MED00338,9,fest_onam,0.00075
MED00339,9,fest_onam,0.00015
MED00340,9,fest_onam,-0.00044
MED00341,9,fest_onam,-0.0006
MED00342,9,fest_onam,-0.00025
MED00343,9,fest_onam,-0.00063
MED00344,9,fest_onam,-0.00045
MED00345,9,fest_onam,-0.00041
MED00347,9,fest_onam,-0.00055
MED00350,9,fest_onam,-0.00084
MED00351,9,fest_onam,-0.00309
MED00352,9,fest_onam,-0.00323
MED00353,9,fest_onam,-0.00039
MED00354,9,fest_onam,-0.00052
MED00355,9,fest_onam,-0.00126
MED00356,9,fest_onam,-0.00011
MED00357,9,fest_onam,-0.00026
MED00358,9,fest_onam,0.00037
MED00360,9,fest_onam,-0.00095
MED00363,9,fest_onam,-0.00012
MED00364,9,fest_onam,-0.00054
MED00366,9,fest_onam,-0.00056
MED00367,9,fest_onam,0.00011
MED00369,9,fest_onam,-0.0008
MED00370,9,fest_onam,-0.00123
MED00371,9,fest_onam,0.00097
MED00372,9,fest_onam,-0.00023
MED00373,9,fest_onam,-0.00189
MED00374,9,fest_onam,0.00022
MED00375,9,fest_onam,0.0008
MED00377,9,fest_onam,-0.00189
MED00378,9,fest_onam,-0.00012
MED00379,9,fest_onam,-0.00076
MED00380,9,fest_onam,-0.00097
MED00381,9,fest_onam,-0.00065
MED00382,9,fest_onam,0.00028
MED00383,9,fest_onam,-0.00071
MED00385,9,fest_onam,0.00043
MED00386,9,fest_onam,0.00013
MED00387,9,fest_onam,-0.00016
MED00388,9,fest_onam,0.00468
MED00389,9,fest_onam,-0.00097
MED00390,9,fest_onam,0.00044
MED00391,9,fest_onam,0.00066
MED00392,9,fest_onam,0.00053
MED00393,9,fest_onam,0.00024
MED00394,9,fest_onam,0.00041
MED00395,9,fest_onam,0.00104
MED00396,9,fest_onam,-0.00128
MED00398,9,fest_onam,-0.00013
MED00399,9,fest_onam,0.0006
MED00401,9,fest_onam,0.00253
MED00402,9,fest_onam,0.00032
MED00403,9,fest_onam,-0.00036
MED00404,9,fest_onam,-0.00041
MED00405,9,fest_onam,-0.00065
MED00406,9,fest_onam,0.00019
MED00407,9,fest_onam,0.00093
MED00409,9,fest_onam,-0.00101
MED00410,9,fest_onam,-0.00156
MED00411,9,fest_onam,0.00083
MED00412,9,fest_onam,0.00012
MED00413,9,fest_onam,0.00021
MED00414,9,fest_onam,0.00063
MED00415,9,fest_onam,0.00031
MED00416,9,fest_onam,0.00039
MED00419,9,fest_onam,-0.0002
MED00420,9,fest_onam,0.00098
MED00421,9,fest_onam,0.00096
MED00422,9,fest_onam,0.00035
MED00423,9,fest_onam,0.00023
MED00424,9,fest_onam,-0.00094
MED00002,10,fest_onam,0.00013
MED00003,10,fest_onam,-0.00074
MED00004,10,fest_onam,-0.00064
MED00006,10,fest_onam,-0.00038
MED00007,10,fest_onam,0.00161
MED00008,10,fest_onam,-0.00175
MED00009,10,fest_onam,0.00024
MED00010,10,fest_onam,-0.00021
MED00011,10,fest_onam,0.00718
MED00013,10,fest_onam,-0.00043
MED00014,10,fest_onam,0.00105
MED00015,10,fest_onam,-0.00309
MED00016,10,fest_onam,-0.0007
MED00017,10,fest_onam,-0.00016
MED00019,10,fest_onam,0.00065
MED00020,10,fest_onam,0.00076
MED00021,10,fest_onam,-0.00064
MED00022,10,fest_onam,0.00026
MED00023,10,fest_onam,-0.00102
MED00025,10,fest_onam,-0.00392
MED00026,10,fest_onam,-0.00273
MED00027,10,fest_onam,-0.00378
MED00028,10,fest_onam,-0.00203
MED00029,10,fest_onam,-0.00056
MED00030,10,fest_onam,-0.00071
MED00031,10,fest_onam,0.00039
MED00032,10,fest_onam,0.00043
MED00033,10,fest_onam,-0.00064
MED00034,10,fest_onam,0.00158
MED00035,10,fest_onam,-0.00123
MED00037,10,fest_onam,-0.00236
MED00038,10,fest_onam,-0.00034
MED00039,10,fest_onam,0.0012
MED00040,10,fest_onam,-0.00368
MED00041,10,fest_onam,0.00138
MED00043,10,fest_onam,-0.00109
MED00046,10,fest_onam,0.00031
MED00047,10,fest_onam,-0.00054
MED00048,10,fest_onam,-0.00158
MED00049,10,fest_onam,-0.00036
MED00050,10,fest_onam,0.00019
MED00051,10,fest_onam,-0.00017
MED00052,10,fest_onam,-0.00156
MED00053,10,fest_onam,-0.0007
MED00054,10,fest_onam,-0.00112
MED00056,10,fest_onam,0.00072
MED00057,10,fest_onam,-0.00186
MED00058,10,fest_onam,0.00016
MED00059,10,fest_onam,-0.00103
MED00060,10,fest_onam,0.00022
MED00061,10,fest_onam,-0.00222
MED00062,10,fest_onam,0.00032
MED00063,10,fest_onam,-0.00107
MED00064,10,fest_onam,0.00316
MED00065,10,fest_onam,0.00068
MED00066,10,fest_onam,-0.0032
MED00067,10,fest_onam,0.00021
MED00068,10,fest_onam,-0.00043
MED00070,10,fest_onam,-0.00068
MED00073,10,fest_onam,-0.00012
MED00074,10,fest_onam,-0.00027
MED00075,10,fest_onam,-0.00176
MED00076,10,fest_onam,-0.0005
MED00077,10,fest_onam,-0.00021
MED00078,10,fest_onam,0.0004
MED00079,10,fest_onam,0.00678
MED00080,10,fest_onam,-0.00028
MED00081,10,fest_onam,-0.00105
MED00082,10,fest_onam,0.00015
MED00083,10,fest_onam,-0.00034
MED00084,10,fest_onam,0.0029
MED00086,10,fest_onam,0.00104
MED00088,10,fest_onam,0.00261
MED00089,10,fest_onam,0.00066
MED00090,10,fest_onam,-0.00061
MED00093,10,fest_onam,-0.00265
MED00094,10,fest_onam,-0.0023
MED00096,10,fest_onam,0.00056
MED00097,10,fest_onam,-0.00064
MED00098,10,fest_onam,-0.00154
MED00099,10,fest_onam,-0.00286
MED00100,10,fest_onam,-0.00035
MED00101,10,fest_onam,-0.0003
MED00102,10,fest_onam,-0.00128
MED00104,10,fest_onam,-0.00126
MED00105,10,fest_onam,-0.00098
MED00106,10,fest_onam,-0.00056
MED00107,10,fest_onam,-0.00117
MED00108,10,fest_onam,-0.00012
MED00109,10,fest_onam,-0.0009
MED00110,10,fest_onam,-0.00819
MED00111,10,fest_onam,-0.00226
MED00112,10,fest_onam,-0.00018
MED00114,10,fest_onam,0.00058
MED00116,10,fest_onam,0.0006
MED00118,10,fest_onam,-0.00033
MED00119,10,fest_onam,-0.00011
MED00120,10,fest_onam,0.00026
MED00121,10,fest_onam,-1e-04
MED00123,10,fest_onam,0.0013
MED00124,10,fest_onam,-0.00113
MED00125,10,fest_onam,-0.00045
MED00126,10,fest_onam,-0.0007
MED00127,10,fest_onam,0.00032
MED00129,10,fest_onam,0.00081
MED00130,10,fest_onam,-0.00035
MED00132,10,fest_onam,0.00061
MED00133,10,fest_onam,0.00074
MED00134,10,fest_onam,-0.00547
MED00135,10,fest_onam,0.00107
MED00136,10,fest_onam,0.00043
MED00139,10,fest_onam,0.00011
MED00141,10,fest_onam,-0.0008
MED00142,10,fest_onam,-0.00078
MED00143,10,fest_onam,-0.00053
MED00144,10,fest_onam,-0.00059
MED00145,10,fest_onam,-0.00152
MED00146,10,fest_onam,-0.00139
MED00148,10,fest_onam,0.0002
MED00150,10,fest_onam,-0.00098
MED00154,10,fest_onam,-0.00091
MED00156,10,fest_onam,0.00044
MED00157,10,fest_onam,-0.00039
MED00158,10,fest_onam,-0.00211
MED00160,10,fest_onam,-0.00025
MED00161,10,fest_onam,-0.00058
MED00163,10,fest_onam,-0.00097
MED00165,10,fest_onam,-0.00237
MED00167,10,fest_onam,-0.00034
MED00171,10,fest_onam,-0.00017
MED00172,10,fest_onam,-0.00105
MED00173,10,fest_onam,0.00011
MED00174,10,fest_onam,-0.00017
MED00175,10,fest_onam,0.00019
MED00176,10,fest_onam,0.00135
MED00177,10,fest_onam,-0.00288
MED00178,10,fest_onam,0.00066
MED00179,10,fest_onam,-0.00298
MED00181,10,fest_onam,-0.00013
MED00182,10,fest_onam,-0.00282
MED00183,10,fest_onam,0.00465
MED00184,10,fest_onam,-0.00027
MED00185,10,fest_onam,0.00047
MED00186,10,fest_onam,-0.00011
MED00187,10,fest_onam,0.00014
MED00188,10,fest_onam,-0.00014
MED00189,10,fest_onam,-0.00016
MED00191,10,fest_onam,-0.0003
MED00192,10,fest_onam,-0.0003
MED00194,10,fest_onam,-0.00151
MED00195,10,fest_onam,-0.00227
MED00196,10,fest_onam,-0.00314
MED00197,10,fest_onam,-0.00179
MED00198,10,fest_onam,-0.00019
MED00199,10,fest_onam,-0.00035
MED00202,10,fest_onam,0.00014
MED00205,10,fest_onam,-0.00092
MED00206,10,fest_onam,-0.0014
MED00207,10,fest_onam,0.00014
MED00208,10,fest_onam,-0.00069
MED00209,10,fest_onam,0.00029
MED00210,10,fest_onam,0.00024
MED00212,10,fest_onam,-0.00043
MED00213,10,fest_onam,-0.00041
MED00214,10,fest_onam,-0.00055
MED00216,10,fest_onam,-0.00052
MED00217,10,fest_onam,-0.00019
MED00218,10,fest_onam,-0.00054
MED00219,10,fest_onam,0.00053
MED00221,10,fest_onam,0.00023
MED00222,10,fest_onam,-0.00075
MED00223,10,fest_onam,0.00079
MED00225,10,fest_onam,-0.00037
MED00226,10,fest_onam,0.0004
MED00227,10,fest_onam,0.00019
MED00228,10,fest_onam,0.00077
MED00229,10,fest_onam,-0.0024
MED00230,10,fest_onam,-0.00024
MED00232,10,fest_onam,1e-04
MED00233,10,fest_onam,0.00101
MED00237,10,fest_onam,-0.00068
MED00238,10,fest_onam,0.00041
MED00239,10,fest_onam,-0.00016
MED00240,10,fest_onam,-0.00041
MED00242,10,fest_onam,-0.00145
MED00245,10,fest_onam,0.00059
MED00246,10,fest_onam,-0.00079
MED00247,10,fest_onam,-0.0006
MED00248,10,fest_onam,0.00046
MED00249,10,fest_onam,0.00933
MED00250,10,fest_onam,-0.00027
MED00251,10,fest_onam,-0.00012
MED00252,10,fest_onam,-0.00085
MED00253,10,fest_onam,-0.00028
MED00254,10,fest_onam,-0.0013
MED00255,10,fest_onam,-0.00038
MED00256,10,fest_onam,-0.00099
MED00257,10,fest_onam,-0.00072
MED00258,10,fest_onam,-0.00061
MED00259,10,fest_onam,-0.00037
MED00260,10,fest_onam,-0.01139
MED00261,10,fest_onam,-0.00042
MED00262,10,fest_onam,-0.00031
MED00264,10,fest_onam,-0.00622
MED00265,10,fest_onam,-0.00055
MED00266,10,fest_onam,0.00085
MED00267,10,fest_onam,-0.00024
MED00271,10,fest_onam,-0.00357
MED00272,10,fest_onam,0.00034
MED00273,10,fest_onam,0.0002
MED00274,10,fest_onam,0.001
MED00275,10,fest_onam,1e-04
MED00276,10,fest_onam,-0.00024
MED00277,10,fest_onam,-0.00016
MED00278,10,fest_onam,-0.00101
MED00279,10,fest_onam,0.00117
MED00280,10,fest_onam,-0.00028
MED00281,10,fest_onam,0.00033
MED00282,10,fest_onam,0.00028
MED00283,10,fest_onam,0.00037
MED00284,10,fest_onam,-0.00044
MED00285,10,fest_onam,-0.00059
MED00286,10,fest_onam,-0.001
MED00287,10,fest_onam,-0.00037
MED00288,10,fest_onam,0.00151
MED00289,10,fest_onam,-0.00044
MED00290,10,fest_onam,0.00015
MED00291,10,fest_onam,0.00079
MED00292,10,fest_onam,0.00047
MED00293,10,fest_onam,-0.00313
MED00294,10,fest_onam,0.00045
MED00295,10,fest_onam,-0.00239
MED00296,10,fest_onam,-0.00048
MED00297,10,fest_onam,-0.00066
MED00299,10,fest_onam,-0.00245
MED00300,10,fest_onam,0.00013
MED00301,10,fest_onam,-0.00038
MED00303,10,fest_onam,0.00035
MED00304,10,fest_onam,-0.00059
MED00306,10,fest_onam,-0.0037
MED00307,10,fest_onam,0.00505
MED00308,10,fest_onam,-0.00017
MED00310,10,fest_onam,0.00017
MED00311,10,fest_onam,-0.00078
MED00312,10,fest_onam,0.00115
MED00313,10,fest_onam,-0.01253
MED00314,10,fest_onam,0.00028
MED00315,10,fest_onam,-0.00077
MED00318,10,fest_onam,-0.00067
MED00319,10,fest_onam,-0.00098
MED00320,10,fest_onam,0.00046
MED00321,10,fest_onam,-0.00131
MED00322,10,fest_onam,-0.00017
MED00323,10,fest_onam,0.0014
MED00325,10,fest_onam,-0.0006
MED00326,10,fest_onam,-0.00069
MED00328,10,fest_onam,-0.00041
MED00329,10,fest_onam,-0.00071
MED00330,10,fest_onam,-0.00084
MED00331,10,fest_onam,0.00032
MED00333,10,fest_onam,-0.00059
MED00334,10,fest_onam,-0.00022
MED00336,10,fest_onam,-0.00069
MED00337,10,fest_onam,0.00024
MED00338,10,fest_onam,0.00078
MED00339,10,fest_onam,0.00016
MED00340,10,fest_onam,-0.00039
MED00341,10,fest_onam,-0.00057
MED00342,10,fest_onam,-0.00024
MED00343,10,fest_onam,-0.00059
MED00344,10,fest_onam,-0.0002
MED00345,10,fest_onam,-0.00036
MED00347,10,fest_onam,-0.00046
MED00350,10,fest_onam,-0.00076
MED00351,10,fest_onam,-0.003
MED00352,10,fest_onam,-0.0032
MED00353,10,fest_onam,-0.00033
MED00354,10,fest_onam,-0.00046
MED00355,10,fest_onam,-0.00118
MED00357,10,fest_onam,-0.0002
MED00358,10,fest_onam,0.00039
MED00360,10,fest_onam,-0.00094
MED00362,10,fest_onam,0.00011
MED00363,10,fest_onam,-0.00011
MED00364,10,fest_onam,-0.00044
MED00366,10,fest_onam,-0.00052
MED00367,10,fest_onam,0.00013
MED00369,10,fest_onam,-0.00075
MED00370,10,fest_onam,-0.00118
MED00371,10,fest_onam,0.001
MED00372,10,fest_onam,-0.00017
MED00373,10,fest_onam,-0.00176
MED00374,10,fest_onam,0.00023
MED00375,10,fest_onam,0.00083
MED00377,10,fest_onam,-0.00219
MED00378,10,fest_onam,-0.00011
MED00379,10,fest_onam,-0.00071
MED00380,10,fest_onam,-0.00091
MED00381,10,fest_onam,-0.0006
MED00382,10,fest_onam,0.0003
MED00383,10,fest_onam,-0.00067
MED00385,10,fest_onam,0.00045
MED00386,10,fest_onam,0.00018
MED00387,10,fest_onam,-0.00012
MED00388,10,fest_onam,0.00405
MED00389,10,fest_onam,-0.00093
MED00390,10,fest_onam,0.00047
MED00391,10,fest_onam,0.0007
MED00392,10,fest_onam,0.00057
MED00393,10,fest_onam,0.00028
MED00394,10,fest_onam,0.00044
MED00395,10,fest_onam,0.00109
MED00396,10,fest_onam,-0.00125
MED00398,10,fest_onam,-0.00013
MED00399,10,fest_onam,0.0006
MED00401,10,fest_onam,0.00257
MED00402,10,fest_onam,0.00036
MED00403,10,fest_onam,-0.00036
MED00404,10,fest_onam,-0.00037
MED00405,10,fest_onam,-0.00061
MED00406,10,fest_onam,0.00021
MED00407,10,fest_onam,0.00097
MED00409,10,fest_onam,-0.00098
MED00410,10,fest_onam,-0.00152
MED00411,10,fest_onam,0.00087
MED00412,10,fest_onam,0.00016
MED00413,10,fest_onam,0.00025
MED00414,10,fest_onam,0.00067
MED00415,10,fest_onam,0.00035
MED00416,10,fest_onam,0.00043
MED00417,10,fest_onam,0.00011
MED00418,10,fest_onam,0.00013
MED00419,10,fest_onam,-0.00015
MED00420,10,fest_onam,0.00109
MED00421,10,fest_onam,0.001
MED00422,10,fest_onam,0.00038
MED00423,10,fest_onam,0.00028
MED00424,10,fest_onam,-0.00118
MED00002,11,fest_onam,0.00011
MED00003,11,fest_onam,-0.00074
MED00004,11,fest_onam,-0.00066
MED00006,11,fest_onam,-0.00033
MED00007,11,fest_onam,0.00161
MED00008,11,fest_onam,-0.00175
MED00009,11,fest_onam,0.00024
MED00010,11,fest_onam,-0.00022
MED00011,11,fest_onam,0.00694
MED00013,11,fest_onam,-0.00043
MED00014,11,fest_onam,0.00105
MED00015,11,fest_onam,-0.001
MED00016,11,fest_onam,-0.00071
MED00017,11,fest_onam,-0.00014
MED00019,11,fest_onam,0.00061
MED00020,11,fest_onam,0.00074
MED00021,11,fest_onam,-0.00064
MED00022,11,fest_onam,0.00017
MED00023,11,fest_onam,-0.00102
MED00025,11,fest_onam,-0.00366
MED00026,11,fest_onam,-0.00248
MED00027,11,fest_onam,-0.00354
MED00028,11,fest_onam,-0.00147
MED00029,11,fest_onam,-0.00057
MED00030,11,fest_onam,-0.0008
MED00031,11,fest_onam,0.0003
MED00032,11,fest_onam,0.00042
MED00033,11,fest_onam,-0.00065
MED00034,11,fest_onam,0.00156
MED00035,11,fest_onam,-0.00126
MED00037,11,fest_onam,-0.00245
MED00038,11,fest_onam,-0.00035
MED00039,11,fest_onam,0.00114
MED00040,11,fest_onam,-0.0037
MED00041,11,fest_onam,0.00128
MED00042,11,fest_onam,-0.00014
MED00043,11,fest_onam,-0.0011
MED00046,11,fest_onam,0.00022
MED00047,11,fest_onam,-0.00054
MED00048,11,fest_onam,-0.00159
MED00049,11,fest_onam,-0.00033
MED00050,11,fest_onam,0.00018
MED00051,11,fest_onam,-0.00015
MED00052,11,fest_onam,-0.00157
MED00053,11,fest_onam,-0.00071
MED00054,11,fest_onam,-0.00112
MED00055,11,fest_onam,0.00028
MED00056,11,fest_onam,0.00066
MED00057,11,fest_onam,-0.0019
MED00058,11,fest_onam,0.00015
MED00059,11,fest_onam,-0.00106
MED00060,11,fest_onam,0.00021
MED00061,11,fest_onam,-0.00224
MED00062,11,fest_onam,0.00031
MED00063,11,fest_onam,-0.00105
MED00064,11,fest_onam,0.00293
MED00065,11,fest_onam,0.00072
MED00066,11,fest_onam,-0.0011
MED00067,11,fest_onam,0.00021
MED00068,11,fest_onam,-0.00044
MED00070,11,fest_onam,-0.00069
MED00073,11,fest_onam,-0.00012
MED00074,11,fest_onam,-0.00028
MED00075,11,fest_onam,-0.00177
MED00076,11,fest_onam,-0.00051
MED00077,11,fest_onam,-0.00022
MED00078,11,fest_onam,0.00039
MED00079,11,fest_onam,0.00697
MED00080,11,fest_onam,-0.00037
MED00081,11,fest_onam,-0.00107
MED00082,11,fest_onam,0.00014
MED00083,11,fest_onam,-0.00044
MED00084,11,fest_onam,0.00289
MED00086,11,fest_onam,-0.00012
MED00088,11,fest_onam,0.0026
MED00089,11,fest_onam,0.00066
MED00090,11,fest_onam,-0.00062
MED00093,11,fest_onam,-0.00261
MED00094,11,fest_onam,-0.00204
MED00096,11,fest_onam,0.00056
MED00097,11,fest_onam,-0.00076
MED00098,11,fest_onam,-0.00155
MED00099,11,fest_onam,-0.00263
MED00100,11,fest_onam,-0.00035
MED00101,11,fest_onam,-0.00031
MED00102,11,fest_onam,-0.00138
MED00104,11,fest_onam,-0.00127
MED00105,11,fest_onam,-0.00098
MED00106,11,fest_onam,-0.00056
MED00107,11,fest_onam,-0.00119
MED00108,11,fest_onam,-0.00013
MED00109,11,fest_onam,-0.0009
MED00110,11,fest_onam,-0.0082
MED00111,11,fest_onam,-0.00183
MED00112,11,fest_onam,-0.00018
MED00114,11,fest_onam,0.00057
MED00116,11,fest_onam,0.00051
MED00118,11,fest_onam,-0.00031
MED00119,11,fest_onam,-0.00011
MED00120,11,fest_onam,0.00026
MED00121,11,fest_onam,-0.00012
MED00123,11,fest_onam,0.00121
MED00124,11,fest_onam,-0.00112
MED00125,11,fest_onam,-0.00043
MED00126,11,fest_onam,-0.00071
MED00127,11,fest_onam,0.00031
MED00129,11,fest_onam,0.00081
MED00130,11,fest_onam,-0.00037
MED00132,11,fest_onam,0.00051
MED00133,11,fest_onam,0.00073
MED00134,11,fest_onam,-0.00549
MED00135,11,fest_onam,0.00106
MED00136,11,fest_onam,0.00041
MED00139,11,fest_onam,0.00011
MED00141,11,fest_onam,-0.00081
MED00142,11,fest_onam,-0.00185
MED00143,11,fest_onam,-0.00054
MED00144,11,fest_onam,-0.00057
MED00145,11,fest_onam,-0.00154
MED00146,11,fest_onam,-0.00148
MED00148,11,fest_onam,0.0002
MED00150,11,fest_onam,-0.00099
MED00154,11,fest_onam,-0.00095
MED00156,11,fest_onam,0.00043
MED00157,11,fest_onam,-0.0004
MED00158,11,fest_onam,-0.00188
MED00160,11,fest_onam,-0.00026
MED00161,11,fest_onam,-0.00059
MED00163,11,fest_onam,-0.00098
MED00165,11,fest_onam,-0.00239
MED00167,11,fest_onam,-0.00035
MED00171,11,fest_onam,-0.00018
MED00172,11,fest_onam,-0.00106
MED00174,11,fest_onam,-0.00018
MED00175,11,fest_onam,0.00036
MED00176,11,fest_onam,0.00141
MED00177,11,fest_onam,-0.00262
MED00178,11,fest_onam,0.00056
MED00179,11,fest_onam,-0.00303
MED00181,11,fest_onam,-0.00014
MED00182,11,fest_onam,-0.00258
MED00183,11,fest_onam,0.0045
MED00184,11,fest_onam,-0.00028
MED00185,11,fest_onam,0.00046
MED00186,11,fest_onam,-0.00012
MED00187,11,fest_onam,0.00013
MED00188,11,fest_onam,-0.00013
MED00189,11,fest_onam,-0.00014
MED00191,11,fest_onam,-0.00031
MED00192,11,fest_onam,-0.00032
MED00194,11,fest_onam,-0.00151
MED00195,11,fest_onam,-0.00228
MED00196,11,fest_onam,-0.00313
MED00197,11,fest_onam,-0.00179
MED00198,11,fest_onam,-0.0002
MED00199,11,fest_onam,-0.00044
MED00202,11,fest_onam,0.00014
MED00205,11,fest_onam,-0.00094
MED00206,11,fest_onam,-0.00141
MED00207,11,fest_onam,0.00013
MED00208,11,fest_onam,-0.00069
MED00209,11,fest_onam,0.0002
MED00210,11,fest_onam,0.00038
MED00212,11,fest_onam,-0.00044
MED00213,11,fest_onam,-0.00042
MED00214,11,fest_onam,-0.00055
MED00216,11,fest_onam,-0.00053
MED00217,11,fest_onam,-0.00017
MED00218,11,fest_onam,-0.00055
MED00219,11,fest_onam,0.00042
MED00221,11,fest_onam,0.00014
MED00222,11,fest_onam,-0.00077
MED00223,11,fest_onam,0.00078
MED00224,11,fest_onam,-1e-04
MED00225,11,fest_onam,-0.00039
MED00226,11,fest_onam,0.00031
MED00227,11,fest_onam,0.00014
MED00228,11,fest_onam,0.00077
MED00229,11,fest_onam,-0.00241
MED00230,11,fest_onam,-0.00025
MED00233,11,fest_onam,0.00092
MED00237,11,fest_onam,-0.00069
MED00238,11,fest_onam,0.0004
MED00239,11,fest_onam,-0.00017
MED00240,11,fest_onam,-0.00042
MED00242,11,fest_onam,-0.00145
MED00245,11,fest_onam,0.00059
MED00246,11,fest_onam,-0.0008
MED00247,11,fest_onam,-0.00061
MED00248,11,fest_onam,0.00045
MED00249,11,fest_onam,0.00925
MED00250,11,fest_onam,-0.00037
MED00251,11,fest_onam,-1e-04
MED00252,11,fest_onam,-0.00086
MED00253,11,fest_onam,-0.00025
MED00254,11,fest_onam,-0.00132
MED00255,11,fest_onam,-0.00048
MED00256,11,fest_onam,-0.001
MED00257,11,fest_onam,-0.00073
MED00258,11,fest_onam,-0.00062
MED00259,11,fest_onam,-0.00038
MED00260,11,fest_onam,-0.01141
MED00261,11,fest_onam,-0.00044
MED00262,11,fest_onam,-0.00032
MED00264,11,fest_onam,-0.00622
MED00265,11,fest_onam,-0.00057
MED00266,11,fest_onam,0.00085
MED00267,11,fest_onam,-0.00025
MED00271,11,fest_onam,-0.00358
MED00272,11,fest_onam,0.00034
MED00273,11,fest_onam,0.00019
MED00274,11,fest_onam,0.00091
MED00276,11,fest_onam,-0.00024
MED00277,11,fest_onam,-0.00017
MED00278,11,fest_onam,-0.00102
MED00279,11,fest_onam,0.00119
MED00280,11,fest_onam,-0.0003
MED00281,11,fest_onam,0.00033
MED00282,11,fest_onam,0.00028
MED00283,11,fest_onam,0.00033
MED00284,11,fest_onam,-0.00044
MED00285,11,fest_onam,-0.00061
MED00286,11,fest_onam,-0.001
MED00287,11,fest_onam,-0.00037
MED00288,11,fest_onam,0.00041
MED00289,11,fest_onam,-0.00045
MED00290,11,fest_onam,0.00014
MED00291,11,fest_onam,0.00069
MED00292,11,fest_onam,0.00046
MED00293,11,fest_onam,-0.00314
MED00294,11,fest_onam,0.00036
MED00295,11,fest_onam,-0.00214
MED00296,11,fest_onam,-0.00048
MED00297,11,fest_onam,-0.00067
MED00299,11,fest_onam,-0.00247
MED00300,11,fest_onam,0.00013
MED00301,11,fest_onam,-0.00041
MED00303,11,fest_onam,0.00034
MED00304,11,fest_onam,-0.0006
MED00306,11,fest_onam,-0.00351
MED00307,11,fest_onam,0.00509
MED00308,11,fest_onam,-0.00018
MED00310,11,fest_onam,0.00016
MED00311,11,fest_onam,-0.00087
MED00312,11,fest_onam,0.00106
MED00313,11,fest_onam,-0.01254
MED00314,11,fest_onam,0.00024
MED00315,11,fest_onam,-0.00078
MED00318,11,fest_onam,-0.00068
MED00319,11,fest_onam,-0.00096
MED00320,11,fest_onam,0.00031
MED00321,11,fest_onam,-0.00133
MED00322,11,fest_onam,-0.00015
MED00323,11,fest_onam,0.00147
MED00325,11,fest_onam,-0.00061
MED00326,11,fest_onam,-0.00069
MED00328,11,fest_onam,-0.00041
MED00329,11,fest_onam,-0.00072
MED00330,11,fest_onam,-0.00083
MED00331,11,fest_onam,0.00031
MED00333,11,fest_onam,-0.0006
MED00334,11,fest_onam,-0.00023
MED00336,11,fest_onam,-0.0007
MED00337,11,fest_onam,0.00016
MED00338,11,fest_onam,0.00076
MED00339,11,fest_onam,0.00016
MED00340,11,fest_onam,-0.00015
MED00341,11,fest_onam,-0.00058
MED00342,11,fest_onam,-0.00021
MED00343,11,fest_onam,-0.0006
MED00344,11,fest_onam,-0.0003
MED00345,11,fest_onam,-0.00037
MED00347,11,fest_onam,-0.00046
MED00350,11,fest_onam,-0.00078
MED00351,11,fest_onam,-0.00301
MED00352,11,fest_onam,-0.00321
MED00353,11,fest_onam,-0.00033
MED00354,11,fest_onam,-0.00047
MED00355,11,fest_onam,-0.00119
MED00357,11,fest_onam,-0.00022
MED00358,11,fest_onam,0.00038
MED00360,11,fest_onam,-0.00095
MED00362,11,fest_onam,1e-04
MED00363,11,fest_onam,-0.00011
MED00364,11,fest_onam,-0.00044
MED00366,11,fest_onam,-0.00047
MED00367,11,fest_onam,0.00012
MED00369,11,fest_onam,-0.00076
MED00370,11,fest_onam,-0.00124
MED00371,11,fest_onam,0.00097
MED00372,11,fest_onam,-0.00015
MED00373,11,fest_onam,-0.00175
MED00374,11,fest_onam,0.00022
MED00375,11,fest_onam,0.00083
MED00377,11,fest_onam,-0.00209
MED00379,11,fest_onam,-0.00072
MED00380,11,fest_onam,-0.00092
MED00381,11,fest_onam,-0.00057
MED00382,11,fest_onam,0.00029
MED00383,11,fest_onam,-0.00065
MED00385,11,fest_onam,0.0004
MED00386,11,fest_onam,0.00017
MED00387,11,fest_onam,-0.00014
MED00388,11,fest_onam,0.0039
MED00389,11,fest_onam,-0.00093
MED00390,11,fest_onam,0.00043
MED00391,11,fest_onam,0.00065
MED00392,11,fest_onam,0.00053
MED00393,11,fest_onam,0.00027
MED00394,11,fest_onam,0.00044
MED00395,11,fest_onam,0.00101
MED00396,11,fest_onam,-0.00126
MED00398,11,fest_onam,-0.00013
MED00399,11,fest_onam,0.00036
MED00401,11,fest_onam,0.00256
MED00402,11,fest_onam,0.00032
MED00403,11,fest_onam,-0.00041
MED00404,11,fest_onam,-0.00037
MED00405,11,fest_onam,-0.00061
MED00406,11,fest_onam,0.00017
MED00407,11,fest_onam,0.00093
MED00409,11,fest_onam,-0.00098
MED00410,11,fest_onam,-0.00153
MED00411,11,fest_onam,0.00083
MED00412,11,fest_onam,0.00015
MED00413,11,fest_onam,0.00024
MED00414,11,fest_onam,0.00066
MED00415,11,fest_onam,0.00034
MED00416,11,fest_onam,0.00042
MED00418,11,fest_onam,0.00012
MED00419,11,fest_onam,-0.00016
MED00420,11,fest_onam,0.00104
MED00421,11,fest_onam,0.00096
MED00422,11,fest_onam,0.00038
MED00423,11,fest_onam,0.00027
MED00424,11,fest_onam,-0.00126
MED00002,12,fest_onam,-0.0002
MED00003,12,fest_onam,-0.00118
MED00004,12,fest_onam,-0.00066
MED00006,12,fest_onam,-0.00032
MED00007,12,fest_onam,0.00162
MED00008,12,fest_onam,-0.00171
MED00009,12,fest_onam,0.00023
MED00010,12,fest_onam,-0.00033
MED00011,12,fest_onam,0.00692
MED00013,12,fest_onam,-0.00043
MED00014,12,fest_onam,0.00106
MED00015,12,fest_onam,-0.00143
MED00016,12,fest_onam,-0.0007
MED00017,12,fest_onam,-0.00013
MED00019,12,fest_onam,0.00062
MED00020,12,fest_onam,0.00075
MED00021,12,fest_onam,-0.00064
MED00022,12,fest_onam,0.00018
MED00023,12,fest_onam,-0.00102
MED00025,12,fest_onam,-0.0019
MED00026,12,fest_onam,-0.00152
MED00027,12,fest_onam,-0.00178
MED00028,12,fest_onam,-0.00141
MED00029,12,fest_onam,-0.00055
MED00030,12,fest_onam,-0.00078
MED00031,12,fest_onam,0.00031
MED00032,12,fest_onam,0.00041
MED00033,12,fest_onam,-0.00066
MED00034,12,fest_onam,0.00154
MED00037,12,fest_onam,-0.00243
MED00038,12,fest_onam,-0.00035
MED00039,12,fest_onam,0.00111
MED00040,12,fest_onam,-0.00367
MED00041,12,fest_onam,0.00125
MED00042,12,fest_onam,-0.00016
MED00043,12,fest_onam,-0.00156
MED00046,12,fest_onam,0.00018
MED00047,12,fest_onam,-0.00054
MED00048,12,fest_onam,-0.00159
MED00049,12,fest_onam,-0.00071
MED00051,12,fest_onam,-0.00053
MED00052,12,fest_onam,-0.00154
MED00053,12,fest_onam,-0.00071
MED00054,12,fest_onam,-0.00113
MED00055,12,fest_onam,0.00027
MED00056,12,fest_onam,0.00061
MED00057,12,fest_onam,-0.00215
MED00058,12,fest_onam,0.00013
MED00059,12,fest_onam,-0.00107
MED00060,12,fest_onam,0.00022
MED00061,12,fest_onam,-0.0022
MED00062,12,fest_onam,0.00031
MED00063,12,fest_onam,-0.00143
MED00064,12,fest_onam,0.00294
MED00065,12,fest_onam,0.00071
MED00066,12,fest_onam,-0.00153
MED00067,12,fest_onam,0.00021
MED00068,12,fest_onam,-0.00044
MED00070,12,fest_onam,-0.00064
MED00073,12,fest_onam,-0.00013
MED00074,12,fest_onam,-0.00028
MED00075,12,fest_onam,-0.00175
MED00076,12,fest_onam,-0.00083
MED00077,12,fest_onam,-0.00021
MED00078,12,fest_onam,0.00025
MED00079,12,fest_onam,0.00697
MED00080,12,fest_onam,-0.00037
MED00081,12,fest_onam,-0.00154
MED00082,12,fest_onam,0.00014
MED00083,12,fest_onam,-0.00044
MED00084,12,fest_onam,0.0029
MED00086,12,fest_onam,-0.00066
MED00088,12,fest_onam,0.00261
MED00089,12,fest_onam,0.00067
MED00090,12,fest_onam,-0.00062
MED00093,12,fest_onam,-0.00081
MED00094,12,fest_onam,-0.002
MED00096,12,fest_onam,0.00057
MED00097,12,fest_onam,-0.00083
MED00098,12,fest_onam,-0.00155
MED00099,12,fest_onam,-0.00169
MED00100,12,fest_onam,-0.00071
MED00101,12,fest_onam,-0.0003
MED00102,12,fest_onam,-0.00134
MED00104,12,fest_onam,-0.00125
MED00105,12,fest_onam,-0.00098
MED00106,12,fest_onam,-0.00095
MED00107,12,fest_onam,-0.00115
MED00108,12,fest_onam,-0.00013
MED00109,12,fest_onam,-0.00092
MED00110,12,fest_onam,-0.00564
MED00111,12,fest_onam,-0.00177
MED00112,12,fest_onam,-0.00018
MED00114,12,fest_onam,0.00058
MED00116,12,fest_onam,0.0005
MED00118,12,fest_onam,-0.00028
MED00119,12,fest_onam,-0.00011
MED00120,12,fest_onam,0.00027
MED00121,12,fest_onam,-0.00013
MED00123,12,fest_onam,0.00121
MED00124,12,fest_onam,-0.00112
MED00125,12,fest_onam,-0.00091
MED00126,12,fest_onam,-0.00073
MED00127,12,fest_onam,0.00031
MED00129,12,fest_onam,0.00081
MED00130,12,fest_onam,-0.00073
MED00132,12,fest_onam,0.00058
MED00133,12,fest_onam,0.0007
MED00134,12,fest_onam,-0.00375
MED00135,12,fest_onam,0.00105
MED00136,12,fest_onam,0.00049
MED00141,12,fest_onam,-0.00081
MED00142,12,fest_onam,-0.00248
MED00143,12,fest_onam,-0.00053
MED00144,12,fest_onam,-0.00056
MED00145,12,fest_onam,-0.0015
MED00146,12,fest_onam,-0.00052
MED00148,12,fest_onam,0.0002
MED00150,12,fest_onam,-0.00101
MED00154,12,fest_onam,-0.00095
MED00156,12,fest_onam,0.00043
MED00157,12,fest_onam,-0.0004
MED00158,12,fest_onam,-0.00093
MED00160,12,fest_onam,-0.00026
MED00161,12,fest_onam,-0.00058
MED00163,12,fest_onam,-0.00147
MED00165,12,fest_onam,-0.00237
MED00167,12,fest_onam,-0.00034
MED00171,12,fest_onam,-0.00018
MED00172,12,fest_onam,-0.00097
MED00174,12,fest_onam,-0.00015
MED00175,12,fest_onam,0.00028
MED00176,12,fest_onam,0.00143
MED00177,12,fest_onam,-0.00164
MED00178,12,fest_onam,0.0006
MED00179,12,fest_onam,-0.0013
MED00181,12,fest_onam,-0.00011
MED00182,12,fest_onam,-0.00163
MED00183,12,fest_onam,0.00448
MED00184,12,fest_onam,-0.00026
MED00185,12,fest_onam,0.00047
MED00186,12,fest_onam,-0.00011
MED00187,12,fest_onam,0.00014
MED00188,12,fest_onam,-0.00012
MED00189,12,fest_onam,-0.00052
MED00191,12,fest_onam,-0.00031
MED00192,12,fest_onam,-0.00068
MED00193,12,fest_onam,-0.00043
MED00194,12,fest_onam,-0.0015
MED00195,12,fest_onam,-0.00227
MED00196,12,fest_onam,-0.00312
MED00197,12,fest_onam,-0.00178
MED00198,12,fest_onam,-0.00019
MED00199,12,fest_onam,-0.00044
MED00202,12,fest_onam,1e-04
MED00205,12,fest_onam,-0.00093
MED00206,12,fest_onam,-0.00132
MED00207,12,fest_onam,0.00013
MED00208,12,fest_onam,-0.00067
MED00209,12,fest_onam,0.0002
MED00210,12,fest_onam,0.00037
MED00212,12,fest_onam,-0.00047
MED00213,12,fest_onam,-0.00043
MED00214,12,fest_onam,-0.00055
MED00215,12,fest_onam,-1e-04
MED00216,12,fest_onam,-0.00088
MED00217,12,fest_onam,-0.00052
MED00218,12,fest_onam,-0.00054
MED00219,12,fest_onam,0.0004
MED00221,12,fest_onam,0.00013
MED00222,12,fest_onam,-0.00085
MED00223,12,fest_onam,0.00078
MED00225,12,fest_onam,-0.00038
MED00226,12,fest_onam,0.00027
MED00227,12,fest_onam,0.00016
MED00228,12,fest_onam,0.00077
MED00229,12,fest_onam,-0.0024
MED00230,12,fest_onam,-0.00023
MED00233,12,fest_onam,0.00091
MED00237,12,fest_onam,-0.00067
MED00238,12,fest_onam,0.0004
MED00239,12,fest_onam,-0.00017
MED00240,12,fest_onam,-0.00042
MED00242,12,fest_onam,-0.00144
MED00243,12,fest_onam,-0.00026
MED00245,12,fest_onam,0.00012
MED00246,12,fest_onam,-0.0008
MED00247,12,fest_onam,-0.0006
MED00248,12,fest_onam,0.00044
MED00249,12,fest_onam,0.00791
MED00250,12,fest_onam,-0.00036
MED00252,12,fest_onam,-0.0014
MED00253,12,fest_onam,-0.00022
MED00254,12,fest_onam,-0.00189
MED00255,12,fest_onam,-0.00047
MED00257,12,fest_onam,-0.00073
MED00258,12,fest_onam,-0.00062
MED00259,12,fest_onam,-0.00038
MED00260,12,fest_onam,-0.00483
MED00261,12,fest_onam,-0.00045
MED00262,12,fest_onam,-0.00033
MED00264,12,fest_onam,-0.00366
MED00265,12,fest_onam,-0.00055
MED00266,12,fest_onam,0.00081
MED00267,12,fest_onam,-0.00025
MED00271,12,fest_onam,-0.00352
MED00272,12,fest_onam,0.00033
MED00273,12,fest_onam,0.00018
MED00274,12,fest_onam,0.00099
MED00276,12,fest_onam,-0.00023
MED00277,12,fest_onam,-0.00056
MED00278,12,fest_onam,-0.00101
MED00279,12,fest_onam,0.0012
MED00280,12,fest_onam,-0.00063
MED00281,12,fest_onam,0.00032
MED00282,12,fest_onam,0.00027
MED00283,12,fest_onam,0.00027
MED00284,12,fest_onam,-0.00044
MED00285,12,fest_onam,-0.00059
MED00286,12,fest_onam,-0.00101
MED00287,12,fest_onam,-0.00037
MED00288,12,fest_onam,0.00041
MED00289,12,fest_onam,-0.00045
MED00290,12,fest_onam,0.00015
MED00291,12,fest_onam,0.00051
MED00292,12,fest_onam,0.00043
MED00293,12,fest_onam,-0.00312
MED00294,12,fest_onam,0.00034
MED00295,12,fest_onam,-0.00121
MED00296,12,fest_onam,-0.00048
MED00297,12,fest_onam,-0.00066
MED00299,12,fest_onam,-0.00239
MED00301,12,fest_onam,-0.00042
MED00303,12,fest_onam,0.00033
MED00304,12,fest_onam,-0.0006
MED00306,12,fest_onam,-0.00141
MED00307,12,fest_onam,0.00511
MED00308,12,fest_onam,-0.00018
MED00310,12,fest_onam,0.00016
MED00311,12,fest_onam,-0.00085
MED00312,12,fest_onam,0.00098
MED00313,12,fest_onam,-0.00603
MED00314,12,fest_onam,0.00023
MED00315,12,fest_onam,-0.00078
MED00318,12,fest_onam,-0.00067
MED00319,12,fest_onam,-0.00094
MED00320,12,fest_onam,0.00024
MED00321,12,fest_onam,-0.00144
MED00322,12,fest_onam,-0.00053
MED00323,12,fest_onam,0.00148
MED00325,12,fest_onam,-0.00061
MED00326,12,fest_onam,-0.00069
MED00328,12,fest_onam,-0.00042
MED00329,12,fest_onam,-0.00068
MED00330,12,fest_onam,-0.00083
MED00331,12,fest_onam,0.00032
MED00333,12,fest_onam,-0.00061
MED00334,12,fest_onam,-0.00023
MED00336,12,fest_onam,-0.00068
MED00337,12,fest_onam,0.00016
MED00338,12,fest_onam,0.00062
MED00339,12,fest_onam,0.00016
MED00340,12,fest_onam,-0.00024
MED00341,12,fest_onam,-0.00062
MED00342,12,fest_onam,-0.00017
MED00343,12,fest_onam,-0.0006
MED00344,12,fest_onam,-0.00028
MED00345,12,fest_onam,-0.00071
MED00347,12,fest_onam,-0.00081
MED00350,12,fest_onam,-0.00087
MED00351,12,fest_onam,-0.00303
MED00352,12,fest_onam,-0.00249
MED00353,12,fest_onam,-0.00034
MED00354,12,fest_onam,-0.00048
MED00355,12,fest_onam,-0.00118
MED00357,12,fest_onam,-0.00055
MED00358,12,fest_onam,0.00038
MED00360,12,fest_onam,-0.00094
MED00362,12,fest_onam,1e-04
MED00363,12,fest_onam,-1e-04
MED00364,12,fest_onam,-0.0008
MED00366,12,fest_onam,-0.00045
MED00367,12,fest_onam,0.00011
MED00369,12,fest_onam,-0.00076
MED00370,12,fest_onam,-0.00051
MED00371,12,fest_onam,0.00098
MED00372,12,fest_onam,-0.00053
MED00373,12,fest_onam,-0.00171
MED00374,12,fest_onam,0.00023
MED00375,12,fest_onam,0.00084
MED00377,12,fest_onam,-0.00208
MED00378,12,fest_onam,-1e-04
MED00379,12,fest_onam,-0.00078
MED00380,12,fest_onam,-0.00093
MED00381,12,fest_onam,-0.00057
MED00382,12,fest_onam,0.00028
MED00383,12,fest_onam,-0.00059
MED00385,12,fest_onam,0.0004
MED00386,12,fest_onam,0.00018
MED00387,12,fest_onam,-0.00013
MED00388,12,fest_onam,0.00381
MED00389,12,fest_onam,-0.00094
MED00390,12,fest_onam,0.00043
MED00391,12,fest_onam,0.00065
MED00392,12,fest_onam,0.00052
MED00393,12,fest_onam,0.00027
MED00394,12,fest_onam,0.00043
MED00395,12,fest_onam,0.00101
MED00396,12,fest_onam,-0.00127
MED00398,12,fest_onam,-0.00012
MED00399,12,fest_onam,0.00035
MED00401,12,fest_onam,0.00257
MED00402,12,fest_onam,0.00033
MED00403,12,fest_onam,-0.00042
MED00404,12,fest_onam,-0.00037
MED00405,12,fest_onam,-0.00061
MED00406,12,fest_onam,0.00017
MED00407,12,fest_onam,0.00095
MED00409,12,fest_onam,-0.00098
MED00410,12,fest_onam,-0.00153
MED00411,12,fest_onam,0.00083
MED00412,12,fest_onam,0.00015
MED00413,12,fest_onam,0.00024
MED00414,12,fest_onam,0.00066
MED00415,12,fest_onam,0.00034
MED00416,12,fest_onam,0.00042
MED00417,12,fest_onam,1e-04
MED00418,12,fest_onam,0.00012
MED00419,12,fest_onam,-0.00016
MED00420,12,fest_onam,0.00104
MED00421,12,fest_onam,0.00096
MED00422,12,fest_onam,0.00037
MED00423,12,fest_onam,0.00027
MED00424,12,fest_onam,-0.00127
MED00001,1,fest_vishu,-0.00212
MED00002,1,fest_vishu,-0.0007
MED00003,1,fest_vishu,-0.0012
MED00004,1,fest_vishu,-0.0003
MED00005,1,fest_vishu,0.00037
MED00006,1,fest_vishu,-0.00132
MED00007,1,fest_vishu,-0.00166
MED00008,1,fest_vishu,-0.00145
MED00009,1,fest_vishu,-0.00216
MED00010,1,fest_vishu,-0.00101
MED00011,1,fest_vishu,-0.00369
MED00012,1,fest_vishu,-0.00151
MED00013,1,fest_vishu,-0.00234
MED00014,1,fest_vishu,-0.00122
MED00015,1,fest_vishu,-0.00184
MED00016,1,fest_vishu,-0.00214
MED00017,1,fest_vishu,-0.00241
MED00018,1,fest_vishu,-0.00176
MED00019,1,fest_vishu,-0.00103
MED00020,1,fest_vishu,-0.00087
MED00021,1,fest_vishu,-0.00051
MED00022,1,fest_vishu,-0.0012
MED00023,1,fest_vishu,-0.00087
MED00024,1,fest_vishu,-0.00126
MED00025,1,fest_vishu,-0.00268
MED00026,1,fest_vishu,-0.00081
MED00027,1,fest_vishu,-0.00059
MED00028,1,fest_vishu,-0.00141
MED00029,1,fest_vishu,-0.00023
MED00030,1,fest_vishu,-0.00025
MED00031,1,fest_vishu,-0.00088
MED00032,1,fest_vishu,-0.00175
MED00033,1,fest_vishu,-0.00079
MED00034,1,fest_vishu,0.00076
MED00035,1,fest_vishu,-0.00122
MED00036,1,fest_vishu,-0.00172
MED00037,1,fest_vishu,0.00068
MED00038,1,fest_vishu,-0.0013
MED00039,1,fest_vishu,-0.00145
MED00040,1,fest_vishu,-0.00349
MED00041,1,fest_vishu,0.00026
MED00042,1,fest_vishu,-0.00206
MED00043,1,fest_vishu,-0.00145
MED00044,1,fest_vishu,-0.00046
MED00045,1,fest_vishu,-0.00115
MED00046,1,fest_vishu,-0.00033
MED00047,1,fest_vishu,-0.00238
MED00048,1,fest_vishu,-0.00215
MED00049,1,fest_vishu,-0.00101
MED00050,1,fest_vishu,-0.00271
MED00051,1,fest_vishu,-0.00109
MED00052,1,fest_vishu,-0.00126
MED00053,1,fest_vishu,-0.00119
MED00054,1,fest_vishu,0.00041
MED00055,1,fest_vishu,-0.0008
MED00056,1,fest_vishu,-0.0026
MED00057,1,fest_vishu,-0.00337
MED00058,1,fest_vishu,-0.00112
MED00059,1,fest_vishu,-0.00117
MED00060,1,fest_vishu,-0.00215
MED00061,1,fest_vishu,-0.00139
MED00062,1,fest_vishu,-0.00245
MED00063,1,fest_vishu,-0.00234
MED00064,1,fest_vishu,-0.0006
MED00065,1,fest_vishu,-0.00154
MED00066,1,fest_vishu,-0.00163
MED00067,1,fest_vishu,-0.00225
MED00068,1,fest_vishu,-0.00095
MED00069,1,fest_vishu,-0.00136
MED00070,1,fest_vishu,-0.00077
MED00071,1,fest_vishu,-0.00036
MED00072,1,fest_vishu,-0.00156
MED00073,1,fest_vishu,-0.00191
MED00074,1,fest_vishu,-0.0008
MED00075,1,fest_vishu,-0.00151
MED00076,1,fest_vishu,-0.00069
MED00077,1,fest_vishu,-0.0014
MED00078,1,fest_vishu,-0.00016
MED00079,1,fest_vishu,-0.00099
MED00080,1,fest_vishu,-0.00174
MED00081,1,fest_vishu,-0.00108
MED00082,1,fest_vishu,-0.00023
MED00083,1,fest_vishu,-0.00245
MED00084,1,fest_vishu,1e-04
MED00085,1,fest_vishu,-0.00242
MED00086,1,fest_vishu,-0.0019
MED00087,1,fest_vishu,-0.00134
MED00089,1,fest_vishu,0.00015
MED00090,1,fest_vishu,-0.00077
MED00091,1,fest_vishu,-0.00172
MED00092,1,fest_vishu,-0.00096
MED00093,1,fest_vishu,-0.00045
MED00094,1,fest_vishu,-0.00104
MED00095,1,fest_vishu,-0.00275
MED00096,1,fest_vishu,-0.00123
MED00097,1,fest_vishu,-0.0009
MED00098,1,fest_vishu,-0.00241
MED00099,1,fest_vishu,-0.00093
MED00100,1,fest_vishu,-0.00271
MED00101,1,fest_vishu,-0.00199
MED00102,1,fest_vishu,0.00251
MED00103,1,fest_vishu,-0.0024
MED00104,1,fest_vishu,-0.00216
MED00105,1,fest_vishu,-0.00222
MED00106,1,fest_vishu,-0.00274
MED00107,1,fest_vishu,-0.0023
MED00108,1,fest_vishu,-0.00295
MED00109,1,fest_vishu,-0.00301
MED00110,1,fest_vishu,-0.00098
MED00111,1,fest_vishu,-0.00156
MED00112,1,fest_vishu,-0.00265
MED00113,1,fest_vishu,-0.0014
MED00115,1,fest_vishu,-0.00259
MED00116,1,fest_vishu,-0.00089
MED00117,1,fest_vishu,-0.00136
MED00118,1,fest_vishu,-0.0013
MED00119,1,fest_vishu,-0.00078
MED00120,1,fest_vishu,0.00285
MED00121,1,fest_vishu,-0.00264
MED00122,1,fest_vishu,-0.00228
MED00123,1,fest_vishu,-0.0002
MED00124,1,fest_vishu,-0.00239
MED00125,1,fest_vishu,-0.00098
MED00126,1,fest_vishu,0.00027
MED00127,1,fest_vishu,-0.00138
MED00128,1,fest_vishu,-0.002
MED00129,1,fest_vishu,-0.00181
MED00130,1,fest_vishu,-0.00101
MED00131,1,fest_vishu,-0.00075
MED00132,1,fest_vishu,-0.00032
MED00133,1,fest_vishu,0.00131
MED00134,1,fest_vishu,-0.00088
MED00135,1,fest_vishu,0.00011
MED00136,1,fest_vishu,-0.00399
MED00137,1,fest_vishu,-0.00057
MED00138,1,fest_vishu,-0.00266
MED00139,1,fest_vishu,-0.00205
MED00140,1,fest_vishu,-0.00085
MED00141,1,fest_vishu,-0.00132
MED00142,1,fest_vishu,-0.0021
MED00143,1,fest_vishu,-0.00155
MED00144,1,fest_vishu,-0.00232
MED00145,1,fest_vishu,-0.00148
MED00146,1,fest_vishu,-0.00264
MED00147,1,fest_vishu,-0.00155
MED00148,1,fest_vishu,-0.00203
MED00149,1,fest_vishu,-0.00242
MED00150,1,fest_vishu,-0.0012
MED00151,1,fest_vishu,-0.00212
MED00152,1,fest_vishu,-0.00248
MED00153,1,fest_vishu,-0.00188
MED00154,1,fest_vishu,-0.00063
MED00155,1,fest_vishu,-0.00268
MED00156,1,fest_vishu,-0.00209
MED00157,1,fest_vishu,-0.00212
MED00158,1,fest_vishu,-0.00054
MED00159,1,fest_vishu,-0.00208
MED00160,1,fest_vishu,-0.00253
MED00161,1,fest_vishu,-0.00219
MED00162,1,fest_vishu,-0.00201
MED00163,1,fest_vishu,-0.00141
MED00164,1,fest_vishu,-0.00043
MED00165,1,fest_vishu,-0.00081
MED00166,1,fest_vishu,-0.00195
MED00167,1,fest_vishu,-0.00149
MED00168,1,fest_vishu,-0.002
MED00169,1,fest_vishu,-0.0021
MED00170,1,fest_vishu,-0.00117
MED00171,1,fest_vishu,-0.00213
MED00172,1,fest_vishu,-0.00152
MED00173,1,fest_vishu,-0.00246
MED00174,1,fest_vishu,-0.00026
MED00175,1,fest_vishu,-0.00039
MED00176,1,fest_vishu,-0.00219
MED00177,1,fest_vishu,-0.00061
MED00178,1,fest_vishu,-0.00019
MED00179,1,fest_vishu,-0.00201
MED00180,1,fest_vishu,-0.00165
MED00181,1,fest_vishu,-0.00261
MED00182,1,fest_vishu,-0.00102
MED00183,1,fest_vishu,-0.00239
MED00184,1,fest_vishu,0.00101
MED00185,1,fest_vishu,-0.00143
MED00186,1,fest_vishu,-0.00165
MED00187,1,fest_vishu,0.0011
MED00188,1,fest_vishu,-0.00199
MED00189,1,fest_vishu,-0.00094
MED00190,1,fest_vishu,-0.00245
MED00191,1,fest_vishu,-0.00214
MED00192,1,fest_vishu,-0.00089
MED00193,1,fest_vishu,-0.00095
MED00194,1,fest_vishu,0.00081
MED00195,1,fest_vishu,0.00085
MED00196,1,fest_vishu,0.00134
MED00197,1,fest_vishu,0.00013
MED00198,1,fest_vishu,-0.00168
MED00199,1,fest_vishu,-0.0003
MED00200,1,fest_vishu,-0.00162
MED00201,1,fest_vishu,-0.00156
MED00202,1,fest_vishu,-0.00168
MED00203,1,fest_vishu,-0.00153
MED00204,1,fest_vishu,-0.00168
MED00205,1,fest_vishu,-0.00232
MED00206,1,fest_vishu,-0.00073
MED00207,1,fest_vishu,-0.00228
MED00208,1,fest_vishu,-0.00224
MED00209,1,fest_vishu,-0.00068
MED00210,1,fest_vishu,-0.00107
MED00211,1,fest_vishu,-0.00265
MED00212,1,fest_vishu,-0.00114
MED00213,1,fest_vishu,-0.00054
MED00214,1,fest_vishu,-0.00247
MED00215,1,fest_vishu,-0.00229
MED00216,1,fest_vishu,-0.00306
MED00217,1,fest_vishu,-0.00073
MED00218,1,fest_vishu,-0.0022
MED00219,1,fest_vishu,-0.00029
MED00220,1,fest_vishu,-0.00241
MED00221,1,fest_vishu,-0.00062
MED00222,1,fest_vishu,-0.00178
MED00223,1,fest_vishu,-0.00313
MED00224,1,fest_vishu,-0.00092
MED00225,1,fest_vishu,-0.00264
MED00226,1,fest_vishu,-0.00167
MED00227,1,fest_vishu,-0.00027
MED00228,1,fest_vishu,-0.00085
MED00229,1,fest_vishu,-0.00039
MED00230,1,fest_vishu,-0.00282
MED00231,1,fest_vishu,-0.00142
MED00232,1,fest_vishu,-0.00204
MED00233,1,fest_vishu,-0.00019
MED00234,1,fest_vishu,-0.00154
MED00235,1,fest_vishu,-0.0037
MED00236,1,fest_vishu,-0.00212
MED00237,1,fest_vishu,-0.00029
MED00238,1,fest_vishu,-0.00172
MED00239,1,fest_vishu,-0.00235
MED00240,1,fest_vishu,-0.00187
MED00241,1,fest_vishu,-0.00196
MED00242,1,fest_vishu,-0.00143
MED00243,1,fest_vishu,-0.00059
MED00244,1,fest_vishu,-0.00236
MED00245,1,fest_vishu,-0.00396
MED00246,1,fest_vishu,-0.00254
MED00247,1,fest_vishu,-0.00217
MED00248,1,fest_vishu,-0.00064
MED00250,1,fest_vishu,-0.00063
MED00251,1,fest_vishu,-0.00211
MED00252,1,fest_vishu,-0.00163
MED00253,1,fest_vishu,-0.0025
MED00254,1,fest_vishu,-0.00177
MED00255,1,fest_vishu,-0.00127
MED00256,1,fest_vishu,-0.00183
MED00257,1,fest_vishu,-0.00067
MED00258,1,fest_vishu,-0.00252
MED00259,1,fest_vishu,-0.00254
MED00260,1,fest_vishu,-0.00131
MED00261,1,fest_vishu,-0.00028
MED00262,1,fest_vishu,-0.0012
MED00263,1,fest_vishu,-0.00279
MED00264,1,fest_vishu,-0.00355
MED00265,1,fest_vishu,-0.00208
MED00266,1,fest_vishu,0.00013
MED00267,1,fest_vishu,-0.00267
MED00268,1,fest_vishu,-0.0023
MED00269,1,fest_vishu,-0.00212
MED00270,1,fest_vishu,-0.00235
MED00271,1,fest_vishu,-0.00019
MED00272,1,fest_vishu,-0.00154
MED00273,1,fest_vishu,-0.00155
MED00274,1,fest_vishu,-0.00025
MED00275,1,fest_vishu,-0.00195
MED00276,1,fest_vishu,-0.00229
MED00277,1,fest_vishu,-0.00094
MED00278,1,fest_vishu,-0.0022
MED00280,1,fest_vishu,-0.00073
MED00281,1,fest_vishu,-0.00121
MED00282,1,fest_vishu,-0.00189
MED00283,1,fest_vishu,-0.00252
MED00284,1,fest_vishu,-0.00072
MED00285,1,fest_vishu,-0.00267
MED00286,1,fest_vishu,-0.00113
MED00287,1,fest_vishu,-0.003
MED00288,1,fest_vishu,-0.00108
MED00289,1,fest_vishu,-0.00122
MED00290,1,fest_vishu,-0.00175
MED00291,1,fest_vishu,0.00312
MED00292,1,fest_vishu,-0.00204
MED00293,1,fest_vishu,-0.00072
MED00294,1,fest_vishu,-0.00147
MED00295,1,fest_vishu,-0.00085
MED00296,1,fest_vishu,-0.00258
MED00297,1,fest_vishu,-0.0022
MED00298,1,fest_vishu,-0.00271
MED00299,1,fest_vishu,-0.00655
MED00300,1,fest_vishu,-0.00156
MED00301,1,fest_vishu,-0.00278
MED00302,1,fest_vishu,-0.00072
MED00303,1,fest_vishu,0.00023
MED00304,1,fest_vishu,-0.00035
MED00305,1,fest_vishu,-0.00161
MED00306,1,fest_vishu,-0.0016
MED00307,1,fest_vishu,-0.00055
MED00308,1,fest_vishu,0.00019
MED00309,1,fest_vishu,-0.00058
MED00310,1,fest_vishu,-0.00228
MED00311,1,fest_vishu,-0.00098
MED00312,1,fest_vishu,0.00037
MED00313,1,fest_vishu,-0.00086
MED00314,1,fest_vishu,0.00051
MED00315,1,fest_vishu,-0.00204
MED00316,1,fest_vishu,-0.00216
MED00317,1,fest_vishu,-0.00259
MED00318,1,fest_vishu,-0.00193
MED00319,1,fest_vishu,-0.0022
MED00320,1,fest_vishu,-0.00109
MED00321,1,fest_vishu,-0.00024
MED00322,1,fest_vishu,-0.00108
MED00323,1,fest_vishu,-0.00059
MED00324,1,fest_vishu,0.00054
MED00325,1,fest_vishu,-0.00223
MED00326,1,fest_vishu,-0.00207
MED00327,1,fest_vishu,-0.00275
MED00328,1,fest_vishu,-0.00215
MED00329,1,fest_vishu,-0.00219
MED00330,1,fest_vishu,-0.00233
MED00331,1,fest_vishu,-0.00123
MED00332,1,fest_vishu,-0.00254
MED00333,1,fest_vishu,-0.00241
MED00334,1,fest_vishu,-0.00059
MED00335,1,fest_vishu,-0.00258
MED00336,1,fest_vishu,-0.0023
MED00337,1,fest_vishu,-0.00217
MED00338,1,fest_vishu,0.00124
MED00340,1,fest_vishu,-0.0013
MED00341,1,fest_vishu,-0.0028
MED00342,1,fest_vishu,-0.00189
MED00343,1,fest_vishu,-0.00217
MED00345,1,fest_vishu,-0.00101
MED00346,1,fest_vishu,-0.00244
MED00347,1,fest_vishu,-0.00271
MED00348,1,fest_vishu,-0.00188
MED00349,1,fest_vishu,-0.00209
MED00350,1,fest_vishu,-0.00069
MED00352,1,fest_vishu,-0.00142
MED00353,1,fest_vishu,-0.00052
MED00354,1,fest_vishu,0.00048
MED00355,1,fest_vishu,-0.00123
MED00356,1,fest_vishu,-0.00157
MED00357,1,fest_vishu,-0.00094
MED00358,1,fest_vishu,-0.00144
MED00359,1,fest_vishu,-0.00173
MED00360,1,fest_vishu,-0.00135
MED00361,1,fest_vishu,-0.00238
MED00362,1,fest_vishu,-0.00358
MED00363,1,fest_vishu,-0.00174
MED00364,1,fest_vishu,-0.00297
MED00365,1,fest_vishu,-0.00215
MED00366,1,fest_vishu,-0.00213
MED00367,1,fest_vishu,-0.00211
MED00368,1,fest_vishu,-0.00238
MED00369,1,fest_vishu,-0.00145
MED00370,1,fest_vishu,-0.00152
MED00371,1,fest_vishu,-0.00074
MED00372,1,fest_vishu,-0.00094
MED00373,1,fest_vishu,-0.00155
MED00374,1,fest_vishu,-0.00145
MED00375,1,fest_vishu,-0.00119
MED00376,1,fest_vishu,-0.00225
MED00377,1,fest_vishu,-0.00117
MED00378,1,fest_vishu,-0.00228
MED00379,1,fest_vishu,-0.0002
MED00380,1,fest_vishu,0.00055
MED00381,1,fest_vishu,-0.00068
MED00382,1,fest_vishu,-0.00189
MED00383,1,fest_vishu,-0.00231
MED00384,1,fest_vishu,-0.00188
MED00385,1,fest_vishu,-0.00151
MED00386,1,fest_vishu,-0.00153
MED00387,1,fest_vishu,-0.00213
MED00388,1,fest_vishu,-0.002
MED00389,1,fest_vishu,-0.0005
MED00390,1,fest_vishu,-0.00083
MED00391,1,fest_vishu,-0.00017
MED00392,1,fest_vishu,-0.00138
MED00393,1,fest_vishu,-0.00084
MED00394,1,fest_vishu,-0.0021
MED00395,1,fest_vishu,-0.00492
MED00396,1,fest_vishu,-0.00215
MED00397,1,fest_vishu,-0.00181
MED00398,1,fest_vishu,-0.00052
MED00399,1,fest_vishu,0.00028
MED00400,1,fest_vishu,-0.00204
MED00401,1,fest_vishu,-0.0019
MED00402,1,fest_vishu,-0.0007
MED00403,1,fest_vishu,-0.00152
MED00404,1,fest_vishu,-0.00201
MED00405,1,fest_vishu,-0.00187
MED00406,1,fest_vishu,-0.00069
MED00407,1,fest_vishu,-0.00179
MED00408,1,fest_vishu,-0.00146
MED00409,1,fest_vishu,0.00039
MED00410,1,fest_vishu,0.00011
MED00411,1,fest_vishu,-0.00169
MED00412,1,fest_vishu,-0.0018
MED00414,1,fest_vishu,-0.00175
MED00415,1,fest_vishu,-0.00193
MED00416,1,fest_vishu,-0.00049
MED00417,1,fest_vishu,-0.00166
MED00418,1,fest_vishu,-0.00177
MED00419,1,fest_vishu,-0.00055
MED00420,1,fest_vishu,-0.00013
MED00421,1,fest_vishu,0.00024
MED00422,1,fest_vishu,-0.00079
MED00423,1,fest_vishu,-0.00189
MED00424,1,fest_vishu,-0.00572
MED00001,2,fest_vishu,-0.00211
MED00002,2,fest_vishu,-0.00069
MED00003,2,fest_vishu,-0.00119
MED00004,2,fest_vishu,-0.00029
MED00005,2,fest_vishu,0.00039
MED00006,2,fest_vishu,-0.00131
MED00007,2,fest_vishu,-0.0015
MED00008,2,fest_vishu,-0.00144
MED00009,2,fest_vishu,-0.00215
MED00010,2,fest_vishu,-0.001
MED00011,2,fest_vishu,-0.00355
MED00012,2,fest_vishu,-0.0015
MED00013,2,fest_vishu,-0.0023
MED00014,2,fest_vishu,-0.00121
MED00015,2,fest_vishu,-0.00183
MED00016,2,fest_vishu,-0.00213
MED00017,2,fest_vishu,-0.0024
MED00018,2,fest_vishu,-0.00176
MED00019,2,fest_vishu,-0.00102
MED00020,2,fest_vishu,-0.00087
MED00021,2,fest_vishu,-0.00051
MED00022,2,fest_vishu,-0.00119
MED00023,2,fest_vishu,-0.00086
MED00024,2,fest_vishu,-0.00125
MED00025,2,fest_vishu,-0.0027
MED00026,2,fest_vishu,-0.0008
MED00027,2,fest_vishu,-0.00058
MED00028,2,fest_vishu,-0.0014
MED00029,2,fest_vishu,-0.00022
MED00030,2,fest_vishu,-0.00024
MED00031,2,fest_vishu,-0.00086
MED00032,2,fest_vishu,-0.00176
MED00033,2,fest_vishu,-0.00078
MED00034,2,fest_vishu,0.00076
MED00035,2,fest_vishu,-0.00119
MED00036,2,fest_vishu,-0.00171
MED00037,2,fest_vishu,0.00069
MED00038,2,fest_vishu,-0.00129
MED00039,2,fest_vishu,-0.00144
MED00040,2,fest_vishu,-0.00348
MED00041,2,fest_vishu,0.00026
MED00042,2,fest_vishu,-0.00205
MED00043,2,fest_vishu,-0.00144
MED00044,2,fest_vishu,-0.00045
MED00045,2,fest_vishu,-0.00114
MED00046,2,fest_vishu,-0.00032
MED00047,2,fest_vishu,-0.00236
MED00048,2,fest_vishu,-0.00214
MED00049,2,fest_vishu,-0.001
MED00050,2,fest_vishu,-0.0027
MED00051,2,fest_vishu,-0.00108
MED00052,2,fest_vishu,-0.00125
MED00053,2,fest_vishu,-0.00118
MED00054,2,fest_vishu,0.00042
MED00055,2,fest_vishu,-0.00079
MED00056,2,fest_vishu,-0.0026
MED00057,2,fest_vishu,-0.00335
MED00058,2,fest_vishu,-0.00111
MED00059,2,fest_vishu,-0.00116
MED00060,2,fest_vishu,-0.00215
MED00061,2,fest_vishu,-0.00138
MED00062,2,fest_vishu,-0.00244
MED00063,2,fest_vishu,-0.00233
MED00064,2,fest_vishu,-0.00059
MED00065,2,fest_vishu,-0.00154
MED00066,2,fest_vishu,-0.00162
MED00067,2,fest_vishu,-0.00224
MED00068,2,fest_vishu,-0.00094
MED00069,2,fest_vishu,-0.00138
MED00070,2,fest_vishu,-0.00076
MED00071,2,fest_vishu,-0.00035
MED00072,2,fest_vishu,-0.00155
MED00073,2,fest_vishu,-0.00193
MED00074,2,fest_vishu,-0.00079
MED00075,2,fest_vishu,-0.00151
MED00076,2,fest_vishu,-0.00068
MED00077,2,fest_vishu,-0.00139
MED00078,2,fest_vishu,-0.00016
MED00079,2,fest_vishu,-0.00098
MED00080,2,fest_vishu,-0.00174
MED00081,2,fest_vishu,-0.00107
MED00082,2,fest_vishu,-0.00022
MED00083,2,fest_vishu,-0.00244
MED00084,2,fest_vishu,0.00012
MED00085,2,fest_vishu,-0.00241
MED00086,2,fest_vishu,-0.00188
MED00087,2,fest_vishu,-0.00133
MED00089,2,fest_vishu,0.00015
MED00090,2,fest_vishu,-0.00076
MED00091,2,fest_vishu,-0.00171
MED00092,2,fest_vishu,-0.00095
MED00093,2,fest_vishu,-0.00044
MED00094,2,fest_vishu,-0.00103
MED00095,2,fest_vishu,-0.00274
MED00096,2,fest_vishu,-0.00122
MED00097,2,fest_vishu,-0.00089
MED00098,2,fest_vishu,-0.0024
MED00099,2,fest_vishu,-0.00092
MED00100,2,fest_vishu,-0.0027
MED00101,2,fest_vishu,-0.00198
MED00102,2,fest_vishu,0.00252
MED00103,2,fest_vishu,-0.00239
MED00104,2,fest_vishu,-0.00215
MED00105,2,fest_vishu,-0.00221
MED00106,2,fest_vishu,-0.00273
MED00107,2,fest_vishu,-0.00229
MED00108,2,fest_vishu,-0.00294
MED00109,2,fest_vishu,-0.00304
MED00110,2,fest_vishu,-0.00097
MED00111,2,fest_vishu,-0.00155
MED00112,2,fest_vishu,-0.00264
MED00113,2,fest_vishu,-0.00139
MED00115,2,fest_vishu,-0.00258
MED00116,2,fest_vishu,-0.00088
MED00117,2,fest_vishu,-0.00135
MED00118,2,fest_vishu,-0.00128
MED00119,2,fest_vishu,-0.00077
MED00120,2,fest_vishu,0.00285
MED00121,2,fest_vishu,-0.00263
MED00122,2,fest_vishu,-0.00227
MED00123,2,fest_vishu,-0.00019
MED00124,2,fest_vishu,-0.00238
MED00125,2,fest_vishu,-0.00097
MED00126,2,fest_vishu,0.00028
MED00127,2,fest_vishu,-0.00137
MED00128,2,fest_vishu,-0.00199
MED00129,2,fest_vishu,-0.00166
MED00130,2,fest_vishu,-0.001
MED00131,2,fest_vishu,-0.00074
MED00132,2,fest_vishu,-0.00031
MED00133,2,fest_vishu,0.00132
MED00134,2,fest_vishu,-0.00087
MED00135,2,fest_vishu,0.00011
MED00136,2,fest_vishu,-0.00398
MED00137,2,fest_vishu,-0.00056
MED00138,2,fest_vishu,-0.00265
MED00139,2,fest_vishu,-0.00204
MED00140,2,fest_vishu,-0.00084
MED00141,2,fest_vishu,-0.00132
MED00142,2,fest_vishu,-0.00209
MED00143,2,fest_vishu,-0.00154
MED00144,2,fest_vishu,-0.00231
MED00145,2,fest_vishu,-0.00146
MED00146,2,fest_vishu,-0.00248
MED00147,2,fest_vishu,-0.00157
MED00148,2,fest_vishu,-0.00205
MED00149,2,fest_vishu,-0.00241
MED00150,2,fest_vishu,-0.00119
MED00151,2,fest_vishu,-0.00211
MED00152,2,fest_vishu,-0.00247
MED00153,2,fest_vishu,-0.00187
MED00154,2,fest_vishu,-0.00063
MED00155,2,fest_vishu,-0.00267
MED00156,2,fest_vishu,-0.00208
MED00157,2,fest_vishu,-0.00211
MED00158,2,fest_vishu,-0.00053
MED00159,2,fest_vishu,-0.00209
MED00160,2,fest_vishu,-0.00252
MED00161,2,fest_vishu,-0.00218
MED00162,2,fest_vishu,-0.002
MED00163,2,fest_vishu,-0.0014
MED00164,2,fest_vishu,-0.00042
MED00165,2,fest_vishu,-0.00081
MED00166,2,fest_vishu,-0.00194
MED00167,2,fest_vishu,-0.00148
MED00168,2,fest_vishu,-0.00199
MED00169,2,fest_vishu,-0.00209
MED00170,2,fest_vishu,-0.00116
MED00171,2,fest_vishu,-0.00212
MED00172,2,fest_vishu,-0.00151
MED00173,2,fest_vishu,-0.00246
MED00174,2,fest_vishu,-0.00025
MED00175,2,fest_vishu,-0.00038
MED00176,2,fest_vishu,-0.00219
MED00177,2,fest_vishu,-0.0006
MED00178,2,fest_vishu,-0.00019
MED00179,2,fest_vishu,-0.002
MED00180,2,fest_vishu,-0.00164
MED00181,2,fest_vishu,-0.0026
MED00182,2,fest_vishu,-0.00101
MED00183,2,fest_vishu,-0.00239
MED00184,2,fest_vishu,0.00102
MED00185,2,fest_vishu,-0.00142
MED00186,2,fest_vishu,-0.00164
MED00187,2,fest_vishu,0.00111
MED00188,2,fest_vishu,-0.00198
MED00189,2,fest_vishu,-0.00094
MED00190,2,fest_vishu,-0.00244
MED00191,2,fest_vishu,-0.00214
MED00192,2,fest_vishu,-0.00087
MED00193,2,fest_vishu,-0.00094
MED00194,2,fest_vishu,0.00082
MED00195,2,fest_vishu,0.00086
MED00196,2,fest_vishu,0.00135
MED00197,2,fest_vishu,0.00014
MED00198,2,fest_vishu,-0.00167
MED00199,2,fest_vishu,-0.00029
MED00200,2,fest_vishu,-0.00161
MED00201,2,fest_vishu,-0.00156
MED00202,2,fest_vishu,-0.00167
MED00203,2,fest_vishu,-0.00153
MED00204,2,fest_vishu,-0.00167
MED00205,2,fest_vishu,-0.00231
MED00206,2,fest_vishu,-0.00072
MED00207,2,fest_vishu,-0.00227
MED00208,2,fest_vishu,-0.00223
MED00209,2,fest_vishu,-0.00067
MED00210,2,fest_vishu,-0.00106
MED00211,2,fest_vishu,-0.00265
MED00212,2,fest_vishu,-0.00113
MED00213,2,fest_vishu,-0.00053
MED00214,2,fest_vishu,-0.00246
MED00215,2,fest_vishu,-0.00227
MED00216,2,fest_vishu,-0.00308
MED00217,2,fest_vishu,-0.00072
MED00218,2,fest_vishu,-0.00219
MED00219,2,fest_vishu,-0.00028
MED00220,2,fest_vishu,-0.0024
MED00221,2,fest_vishu,-0.00062
MED00222,2,fest_vishu,-0.00177
MED00223,2,fest_vishu,-0.00312
MED00224,2,fest_vishu,-0.00091
MED00225,2,fest_vishu,-0.00264
MED00226,2,fest_vishu,-0.00166
MED00227,2,fest_vishu,-0.00026
MED00228,2,fest_vishu,-0.00084
MED00229,2,fest_vishu,-0.00038
MED00230,2,fest_vishu,-0.00281
MED00231,2,fest_vishu,-0.00141
MED00232,2,fest_vishu,-0.00203
MED00233,2,fest_vishu,-0.00019
MED00234,2,fest_vishu,-0.00153
MED00235,2,fest_vishu,-0.00369
MED00236,2,fest_vishu,-0.00211
MED00237,2,fest_vishu,-0.00028
MED00238,2,fest_vishu,-0.00157
MED00239,2,fest_vishu,-0.00234
MED00240,2,fest_vishu,-0.00186
MED00241,2,fest_vishu,-0.00195
MED00242,2,fest_vishu,-0.00142
MED00243,2,fest_vishu,-0.00058
MED00244,2,fest_vishu,-0.00235
MED00245,2,fest_vishu,-0.00396
MED00246,2,fest_vishu,-0.00255
MED00247,2,fest_vishu,-0.00216
MED00248,2,fest_vishu,-0.00064
MED00250,2,fest_vishu,-0.00062
MED00251,2,fest_vishu,-0.0021
MED00252,2,fest_vishu,-0.00162
MED00253,2,fest_vishu,-0.00249
MED00254,2,fest_vishu,-0.001
MED00255,2,fest_vishu,-0.00126
MED00256,2,fest_vishu,-0.00183
MED00257,2,fest_vishu,-0.00066
MED00258,2,fest_vishu,-0.00253
MED00259,2,fest_vishu,-0.00253
MED00260,2,fest_vishu,-0.0013
MED00261,2,fest_vishu,-0.00027
MED00262,2,fest_vishu,-0.00119
MED00263,2,fest_vishu,-0.00278
MED00264,2,fest_vishu,-0.00358
MED00265,2,fest_vishu,-0.00207
MED00266,2,fest_vishu,0.00013
MED00267,2,fest_vishu,-0.00268
MED00268,2,fest_vishu,-0.00229
MED00269,2,fest_vishu,-0.00211
MED00270,2,fest_vishu,-0.00234
MED00271,2,fest_vishu,-0.00018
MED00272,2,fest_vishu,-0.00154
MED00273,2,fest_vishu,-0.00154
MED00274,2,fest_vishu,-0.00024
MED00275,2,fest_vishu,-0.00194
MED00276,2,fest_vishu,-0.00228
MED00277,2,fest_vishu,-0.00093
MED00278,2,fest_vishu,-0.00219
MED00280,2,fest_vishu,-0.00072
MED00281,2,fest_vishu,-0.0012
MED00282,2,fest_vishu,-0.00188
MED00283,2,fest_vishu,-0.00251
MED00284,2,fest_vishu,-0.00071
MED00285,2,fest_vishu,-0.00266
MED00286,2,fest_vishu,-0.00112
MED00287,2,fest_vishu,-0.00299
MED00288,2,fest_vishu,-0.00107
MED00289,2,fest_vishu,-0.00121
MED00290,2,fest_vishu,-0.00174
MED00291,2,fest_vishu,0.00313
MED00292,2,fest_vishu,-0.00204
MED00293,2,fest_vishu,-0.00073
MED00294,2,fest_vishu,-0.00146
MED00295,2,fest_vishu,-0.00084
MED00296,2,fest_vishu,-0.00258
MED00297,2,fest_vishu,-0.00219
MED00298,2,fest_vishu,-0.0027
MED00299,2,fest_vishu,-0.00644
MED00300,2,fest_vishu,-0.00155
MED00301,2,fest_vishu,-0.00277
MED00302,2,fest_vishu,-0.0007
MED00303,2,fest_vishu,0.00024
MED00304,2,fest_vishu,-0.00036
MED00305,2,fest_vishu,-0.0016
MED00306,2,fest_vishu,-0.00159
MED00307,2,fest_vishu,-0.00055
MED00308,2,fest_vishu,0.0002
MED00309,2,fest_vishu,-0.00059
MED00310,2,fest_vishu,-0.00227
MED00311,2,fest_vishu,-0.00097
MED00312,2,fest_vishu,0.00038
MED00313,2,fest_vishu,-0.00085
MED00314,2,fest_vishu,0.00051
MED00315,2,fest_vishu,-0.00203
MED00316,2,fest_vishu,-0.00215
MED00317,2,fest_vishu,-0.00258
MED00318,2,fest_vishu,-0.00192
MED00319,2,fest_vishu,-0.00219
MED00320,2,fest_vishu,-0.00108
MED00321,2,fest_vishu,-0.00023
MED00322,2,fest_vishu,-0.00107
MED00323,2,fest_vishu,-0.00058
MED00324,2,fest_vishu,0.00055
MED00325,2,fest_vishu,-0.00222
MED00326,2,fest_vishu,-0.00206
MED00327,2,fest_vishu,-0.00273
MED00328,2,fest_vishu,-0.00216
MED00329,2,fest_vishu,-0.00218
MED00330,2,fest_vishu,-0.00232
MED00331,2,fest_vishu,-0.00122
MED00332,2,fest_vishu,-0.00253
MED00333,2,fest_vishu,-0.00225
MED00334,2,fest_vishu,-0.00058
MED00335,2,fest_vishu,-0.00258
MED00336,2,fest_vishu,-0.00229
MED00337,2,fest_vishu,-0.00218
MED00338,2,fest_vishu,0.00124
MED00340,2,fest_vishu,-0.00129
MED00341,2,fest_vishu,-0.00279
MED00342,2,fest_vishu,-0.00188
MED00343,2,fest_vishu,-0.00216
MED00345,2,fest_vishu,-0.001
MED00346,2,fest_vishu,-0.00241
MED00347,2,fest_vishu,-0.0027
MED00348,2,fest_vishu,-0.00187
MED00349,2,fest_vishu,-0.00208
MED00350,2,fest_vishu,-0.00068
MED00352,2,fest_vishu,-0.00141
MED00353,2,fest_vishu,-0.0005
MED00354,2,fest_vishu,0.00049
MED00355,2,fest_vishu,-0.00122
MED00356,2,fest_vishu,-0.00156
MED00357,2,fest_vishu,-0.00093
MED00358,2,fest_vishu,-0.00143
MED00359,2,fest_vishu,-0.00172
MED00360,2,fest_vishu,-0.00134
MED00361,2,fest_vishu,-0.00237
MED00362,2,fest_vishu,-0.00357
MED00363,2,fest_vishu,-0.00173
MED00364,2,fest_vishu,-0.00296
MED00365,2,fest_vishu,-0.00214
MED00366,2,fest_vishu,-0.00212
MED00367,2,fest_vishu,-0.0021
MED00368,2,fest_vishu,-0.00237
MED00369,2,fest_vishu,-0.00144
MED00370,2,fest_vishu,-0.00151
MED00371,2,fest_vishu,-0.00074
MED00372,2,fest_vishu,-0.00093
MED00373,2,fest_vishu,-0.00154
MED00374,2,fest_vishu,-0.00144
MED00375,2,fest_vishu,-0.00105
MED00376,2,fest_vishu,-0.00224
MED00377,2,fest_vishu,-0.00116
MED00378,2,fest_vishu,-0.00227
MED00379,2,fest_vishu,-0.00019
MED00380,2,fest_vishu,0.00056
MED00381,2,fest_vishu,-0.00067
MED00382,2,fest_vishu,-0.00189
MED00383,2,fest_vishu,-0.0023
MED00384,2,fest_vishu,-0.00187
MED00385,2,fest_vishu,-0.00152
MED00386,2,fest_vishu,-0.00152
MED00387,2,fest_vishu,-0.00212
MED00388,2,fest_vishu,-0.00182
MED00389,2,fest_vishu,-0.00049
MED00390,2,fest_vishu,-0.00082
MED00391,2,fest_vishu,-0.00017
MED00392,2,fest_vishu,-0.00138
MED00393,2,fest_vishu,-0.00083
MED00394,2,fest_vishu,-0.00211
MED00395,2,fest_vishu,-0.00491
MED00396,2,fest_vishu,-0.00215
MED00397,2,fest_vishu,-0.00181
MED00398,2,fest_vishu,-0.00051
MED00399,2,fest_vishu,0.00029
MED00400,2,fest_vishu,-0.00204
MED00401,2,fest_vishu,-0.00177
MED00402,2,fest_vishu,-0.00069
MED00403,2,fest_vishu,-0.00151
MED00404,2,fest_vishu,-0.002
MED00405,2,fest_vishu,-0.00188
MED00406,2,fest_vishu,-0.0007
MED00407,2,fest_vishu,-0.00178
MED00408,2,fest_vishu,-0.00145
MED00409,2,fest_vishu,0.00041
MED00410,2,fest_vishu,0.00012
MED00411,2,fest_vishu,-0.00169
MED00412,2,fest_vishu,-0.0018
MED00414,2,fest_vishu,-0.00175
MED00415,2,fest_vishu,-0.00193
MED00416,2,fest_vishu,-0.00048
MED00417,2,fest_vishu,-0.00165
MED00418,2,fest_vishu,-0.00177
MED00419,2,fest_vishu,-0.00054
MED00420,2,fest_vishu,-0.00012
MED00421,2,fest_vishu,0.00025
MED00422,2,fest_vishu,-0.00078
MED00423,2,fest_vishu,-0.00188
MED00424,2,fest_vishu,-0.00518
MED00001,3,fest_vishu,-0.00211
MED00002,3,fest_vishu,-0.00065
MED00003,3,fest_vishu,-0.00119
MED00004,3,fest_vishu,-0.00029
MED00005,3,fest_vishu,0.00039
MED00006,3,fest_vishu,-0.00132
MED00007,3,fest_vishu,-0.0015
MED00008,3,fest_vishu,-0.00144
MED00009,3,fest_vishu,-0.00215
MED00010,3,fest_vishu,-0.00101
MED00011,3,fest_vishu,-0.00355
MED00012,3,fest_vishu,-0.0015
MED00013,3,fest_vishu,-0.0023
MED00014,3,fest_vishu,-0.00121
MED00015,3,fest_vishu,-0.00183
MED00016,3,fest_vishu,-0.00213
MED00017,3,fest_vishu,-0.0024
MED00018,3,fest_vishu,-0.00176
MED00019,3,fest_vishu,-0.00102
MED00020,3,fest_vishu,-0.00087
MED00021,3,fest_vishu,-0.00052
MED00022,3,fest_vishu,-0.00122
MED00023,3,fest_vishu,-0.00086
MED00024,3,fest_vishu,-0.00125
MED00025,3,fest_vishu,-0.00267
MED00026,3,fest_vishu,-0.0008
MED00027,3,fest_vishu,-0.00055
MED00028,3,fest_vishu,-0.0014
MED00029,3,fest_vishu,-0.00022
MED00030,3,fest_vishu,-0.00026
MED00031,3,fest_vishu,-0.00107
MED00032,3,fest_vishu,-0.00176
MED00033,3,fest_vishu,-0.00079
MED00034,3,fest_vishu,0.00076
MED00035,3,fest_vishu,-0.00119
MED00036,3,fest_vishu,-0.00171
MED00037,3,fest_vishu,0.00069
MED00038,3,fest_vishu,-0.00148
MED00039,3,fest_vishu,-0.00144
MED00040,3,fest_vishu,-0.00348
MED00041,3,fest_vishu,0.00026
MED00042,3,fest_vishu,-0.00205
MED00043,3,fest_vishu,-0.00144
MED00044,3,fest_vishu,-0.00047
MED00045,3,fest_vishu,-0.00115
MED00046,3,fest_vishu,-0.00034
MED00047,3,fest_vishu,-0.00237
MED00048,3,fest_vishu,-0.00214
MED00049,3,fest_vishu,-0.00096
MED00050,3,fest_vishu,-0.0027
MED00051,3,fest_vishu,-0.00088
MED00052,3,fest_vishu,-0.00125
MED00053,3,fest_vishu,-0.00118
MED00054,3,fest_vishu,0.00042
MED00055,3,fest_vishu,-0.00079
MED00056,3,fest_vishu,-0.0026
MED00057,3,fest_vishu,-0.00335
MED00058,3,fest_vishu,-0.00112
MED00059,3,fest_vishu,-0.00117
MED00060,3,fest_vishu,-0.00215
MED00061,3,fest_vishu,-0.00138
MED00062,3,fest_vishu,-0.00244
MED00063,3,fest_vishu,-0.00213
MED00064,3,fest_vishu,-0.00059
MED00065,3,fest_vishu,-0.00154
MED00066,3,fest_vishu,-0.00162
MED00067,3,fest_vishu,-0.00224
MED00068,3,fest_vishu,-0.00095
MED00069,3,fest_vishu,-0.00139
MED00070,3,fest_vishu,-0.00076
MED00071,3,fest_vishu,-0.00038
MED00072,3,fest_vishu,-0.00158
MED00073,3,fest_vishu,-0.00195
MED00074,3,fest_vishu,-0.00079
MED00075,3,fest_vishu,-0.00151
MED00076,3,fest_vishu,-0.00064
MED00077,3,fest_vishu,-0.0014
MED00078,3,fest_vishu,-0.00016
MED00079,3,fest_vishu,-0.00098
MED00080,3,fest_vishu,-0.00177
MED00081,3,fest_vishu,-0.00107
MED00082,3,fest_vishu,-0.00022
MED00083,3,fest_vishu,-0.00245
MED00084,3,fest_vishu,0.00013
MED00085,3,fest_vishu,-0.00241
MED00086,3,fest_vishu,-0.00188
MED00087,3,fest_vishu,-0.00133
MED00089,3,fest_vishu,0.00015
MED00090,3,fest_vishu,-0.00077
MED00091,3,fest_vishu,-0.00171
MED00092,3,fest_vishu,-0.00095
MED00093,3,fest_vishu,-0.00044
MED00094,3,fest_vishu,-0.00103
MED00095,3,fest_vishu,-0.00274
MED00096,3,fest_vishu,-0.00122
MED00097,3,fest_vishu,-0.00088
MED00098,3,fest_vishu,-0.0024
MED00099,3,fest_vishu,-0.00092
MED00100,3,fest_vishu,-0.00249
MED00101,3,fest_vishu,-0.00198
MED00102,3,fest_vishu,0.00252
MED00103,3,fest_vishu,-0.00239
MED00104,3,fest_vishu,-0.00215
MED00105,3,fest_vishu,-0.0022
MED00106,3,fest_vishu,-0.00252
MED00107,3,fest_vishu,-0.00229
MED00108,3,fest_vishu,-0.00294
MED00109,3,fest_vishu,-0.00304
MED00110,3,fest_vishu,-0.00098
MED00111,3,fest_vishu,-0.00155
MED00112,3,fest_vishu,-0.00264
MED00113,3,fest_vishu,-0.00139
MED00115,3,fest_vishu,-0.00258
MED00116,3,fest_vishu,-0.00088
MED00117,3,fest_vishu,-0.00135
MED00118,3,fest_vishu,-0.00129
MED00119,3,fest_vishu,-0.00078
MED00120,3,fest_vishu,0.00285
MED00121,3,fest_vishu,-0.00263
MED00122,3,fest_vishu,-0.00227
MED00123,3,fest_vishu,-0.00019
MED00124,3,fest_vishu,-0.00238
MED00125,3,fest_vishu,-0.00097
MED00126,3,fest_vishu,0.00028
MED00127,3,fest_vishu,-0.00138
MED00128,3,fest_vishu,-0.00199
MED00129,3,fest_vishu,-0.00166
MED00130,3,fest_vishu,-0.001
MED00131,3,fest_vishu,-0.00074
MED00132,3,fest_vishu,-0.00031
MED00133,3,fest_vishu,0.00133
MED00134,3,fest_vishu,-0.00087
MED00135,3,fest_vishu,0.00011
MED00136,3,fest_vishu,-0.00398
MED00137,3,fest_vishu,-0.00056
MED00138,3,fest_vishu,-0.00265
MED00139,3,fest_vishu,-0.00205
MED00140,3,fest_vishu,-0.00085
MED00141,3,fest_vishu,-0.00132
MED00142,3,fest_vishu,-0.00209
MED00143,3,fest_vishu,-0.00154
MED00144,3,fest_vishu,-0.00231
MED00145,3,fest_vishu,-0.00146
MED00146,3,fest_vishu,-0.00248
MED00147,3,fest_vishu,-0.00157
MED00148,3,fest_vishu,-0.00206
MED00149,3,fest_vishu,-0.00241
MED00150,3,fest_vishu,-0.00122
MED00151,3,fest_vishu,-0.00212
MED00152,3,fest_vishu,-0.00247
MED00153,3,fest_vishu,-0.00187
MED00154,3,fest_vishu,-0.00063
MED00155,3,fest_vishu,-0.00267
MED00156,3,fest_vishu,-0.00211
MED00157,3,fest_vishu,-0.00211
MED00158,3,fest_vishu,-0.00053
MED00159,3,fest_vishu,-0.00209
MED00160,3,fest_vishu,-0.00252
MED00161,3,fest_vishu,-0.00217
MED00162,3,fest_vishu,-0.002
MED00163,3,fest_vishu,-0.0014
MED00164,3,fest_vishu,-0.00042
MED00165,3,fest_vishu,-0.00081
MED00166,3,fest_vishu,-0.00194
MED00167,3,fest_vishu,-0.00148
MED00168,3,fest_vishu,-0.00199
MED00169,3,fest_vishu,-0.0021
MED00170,3,fest_vishu,-0.00116
MED00171,3,fest_vishu,-0.00212
MED00172,3,fest_vishu,-0.00153
MED00173,3,fest_vishu,-0.00247
MED00174,3,fest_vishu,-0.00025
MED00175,3,fest_vishu,-0.00038
MED00176,3,fest_vishu,-0.00219
MED00177,3,fest_vishu,-0.0006
MED00178,3,fest_vishu,-0.00035
MED00179,3,fest_vishu,-0.002
MED00180,3,fest_vishu,-0.00164
MED00181,3,fest_vishu,-0.0026
MED00182,3,fest_vishu,-0.00101
MED00183,3,fest_vishu,-0.00239
MED00184,3,fest_vishu,0.00102
MED00185,3,fest_vishu,-0.00142
MED00186,3,fest_vishu,-0.00164
MED00187,3,fest_vishu,0.00109
MED00188,3,fest_vishu,-0.00198
MED00189,3,fest_vishu,-0.00094
MED00190,3,fest_vishu,-0.00244
MED00191,3,fest_vishu,-0.00214
MED00192,3,fest_vishu,-0.00088
MED00193,3,fest_vishu,-0.0009
MED00194,3,fest_vishu,0.00082
MED00195,3,fest_vishu,0.00086
MED00196,3,fest_vishu,0.00135
MED00197,3,fest_vishu,0.00014
MED00198,3,fest_vishu,-0.00167
MED00199,3,fest_vishu,-0.00029
MED00200,3,fest_vishu,-0.00161
MED00201,3,fest_vishu,-0.00156
MED00202,3,fest_vishu,-0.00167
MED00203,3,fest_vishu,-0.00153
MED00204,3,fest_vishu,-0.00167
MED00205,3,fest_vishu,-0.00231
MED00206,3,fest_vishu,-0.00072
MED00207,3,fest_vishu,-0.00226
MED00208,3,fest_vishu,-0.00223
MED00209,3,fest_vishu,-0.00067
MED00210,3,fest_vishu,-0.00106
MED00211,3,fest_vishu,-0.00264
MED00212,3,fest_vishu,-0.00113
MED00213,3,fest_vishu,-0.00053
MED00214,3,fest_vishu,-0.00246
MED00215,3,fest_vishu,-0.00227
MED00216,3,fest_vishu,-0.00305
MED00217,3,fest_vishu,-0.00072
MED00218,3,fest_vishu,-0.00219
MED00219,3,fest_vishu,-0.00027
MED00220,3,fest_vishu,-0.0024
MED00221,3,fest_vishu,-0.00062
MED00222,3,fest_vishu,-0.00176
MED00223,3,fest_vishu,-0.00312
MED00224,3,fest_vishu,-0.00092
MED00225,3,fest_vishu,-0.00265
MED00226,3,fest_vishu,-0.00169
MED00227,3,fest_vishu,-0.00026
MED00228,3,fest_vishu,-0.00085
MED00229,3,fest_vishu,-0.00038
MED00230,3,fest_vishu,-0.00319
MED00231,3,fest_vishu,-0.00141
MED00232,3,fest_vishu,-0.00204
MED00233,3,fest_vishu,-0.00019
MED00234,3,fest_vishu,-0.00153
MED00235,3,fest_vishu,-0.0037
MED00236,3,fest_vishu,-0.00211
MED00237,3,fest_vishu,-0.00028
MED00238,3,fest_vishu,-0.00157
MED00239,3,fest_vishu,-0.00234
MED00240,3,fest_vishu,-0.00189
MED00241,3,fest_vishu,-0.00195
MED00242,3,fest_vishu,-0.00142
MED00243,3,fest_vishu,-0.00054
MED00244,3,fest_vishu,-0.00235
MED00245,3,fest_vishu,-0.00396
MED00246,3,fest_vishu,-0.00255
MED00247,3,fest_vishu,-0.00217
MED00248,3,fest_vishu,-0.00064
MED00250,3,fest_vishu,-0.00063
MED00251,3,fest_vishu,-0.0021
MED00252,3,fest_vishu,-0.00156
MED00253,3,fest_vishu,-0.0025
MED00254,3,fest_vishu,-0.00094
MED00255,3,fest_vishu,-0.00126
MED00256,3,fest_vishu,-0.00183
MED00257,3,fest_vishu,-0.00067
MED00258,3,fest_vishu,-0.00253
MED00259,3,fest_vishu,-0.00253
MED00260,3,fest_vishu,-0.0013
MED00261,3,fest_vishu,-0.00027
MED00262,3,fest_vishu,-0.00121
MED00263,3,fest_vishu,-0.00278
MED00264,3,fest_vishu,-0.00347
MED00265,3,fest_vishu,-0.00206
MED00266,3,fest_vishu,0.00013
MED00267,3,fest_vishu,-0.00268
MED00268,3,fest_vishu,-0.0023
MED00269,3,fest_vishu,-0.00211
MED00270,3,fest_vishu,-0.00234
MED00271,3,fest_vishu,-0.00018
MED00272,3,fest_vishu,-0.00155
MED00273,3,fest_vishu,-0.00154
MED00274,3,fest_vishu,-0.00025
MED00275,3,fest_vishu,-0.00194
MED00276,3,fest_vishu,-0.00228
MED00277,3,fest_vishu,-0.00094
MED00278,3,fest_vishu,-0.00219
MED00280,3,fest_vishu,-0.00072
MED00281,3,fest_vishu,-0.00121
MED00282,3,fest_vishu,-0.00188
MED00283,3,fest_vishu,-0.00252
MED00284,3,fest_vishu,-0.00074
MED00285,3,fest_vishu,-0.00267
MED00286,3,fest_vishu,-0.00113
MED00287,3,fest_vishu,-0.00299
MED00288,3,fest_vishu,-0.00108
MED00289,3,fest_vishu,-0.00124
MED00290,3,fest_vishu,-0.00174
MED00291,3,fest_vishu,0.00313
MED00292,3,fest_vishu,-0.00204
MED00293,3,fest_vishu,-0.00073
MED00294,3,fest_vishu,-0.00146
MED00295,3,fest_vishu,-0.00084
MED00296,3,fest_vishu,-0.00258
MED00297,3,fest_vishu,-0.00219
MED00298,3,fest_vishu,-0.00271
MED00299,3,fest_vishu,-0.00644
MED00300,3,fest_vishu,-0.00156
MED00301,3,fest_vishu,-0.00276
MED00302,3,fest_vishu,-0.0007
MED00303,3,fest_vishu,0.00024
MED00304,3,fest_vishu,-0.00038
MED00305,3,fest_vishu,-0.0016
MED00306,3,fest_vishu,-0.00157
MED00307,3,fest_vishu,-0.00055
MED00308,3,fest_vishu,0.0002
MED00309,3,fest_vishu,-0.0006
MED00310,3,fest_vishu,-0.00227
MED00311,3,fest_vishu,-0.00097
MED00312,3,fest_vishu,0.00037
MED00313,3,fest_vishu,-0.00085
MED00314,3,fest_vishu,0.00051
MED00315,3,fest_vishu,-0.00203
MED00316,3,fest_vishu,-0.00216
MED00317,3,fest_vishu,-0.00258
MED00318,3,fest_vishu,-0.00215
MED00319,3,fest_vishu,-0.00219
MED00320,3,fest_vishu,-0.00108
MED00321,3,fest_vishu,-0.00023
MED00322,3,fest_vishu,-0.00104
MED00323,3,fest_vishu,-0.00058
MED00324,3,fest_vishu,0.00055
MED00325,3,fest_vishu,-0.00222
MED00326,3,fest_vishu,-0.00206
MED00327,3,fest_vishu,-0.00273
MED00328,3,fest_vishu,-0.00216
MED00329,3,fest_vishu,-0.00218
MED00330,3,fest_vishu,-0.00234
MED00331,3,fest_vishu,-0.00122
MED00332,3,fest_vishu,-0.00253
MED00333,3,fest_vishu,-0.00224
MED00334,3,fest_vishu,-0.00058
MED00335,3,fest_vishu,-0.00258
MED00336,3,fest_vishu,-0.00229
MED00337,3,fest_vishu,-0.00218
MED00338,3,fest_vishu,0.00124
MED00340,3,fest_vishu,-0.00129
MED00341,3,fest_vishu,-0.00279
MED00342,3,fest_vishu,-0.00188
MED00343,3,fest_vishu,-0.00216
MED00345,3,fest_vishu,-0.00096
MED00346,3,fest_vishu,-0.00241
MED00347,3,fest_vishu,-0.0027
MED00348,3,fest_vishu,-0.00187
MED00349,3,fest_vishu,-0.00208
MED00350,3,fest_vishu,-0.00068
MED00352,3,fest_vishu,-0.00141
MED00353,3,fest_vishu,-0.0005
MED00354,3,fest_vishu,0.00049
MED00355,3,fest_vishu,-0.00122
MED00356,3,fest_vishu,-0.00156
MED00357,3,fest_vishu,-0.00089
MED00358,3,fest_vishu,-0.00143
MED00359,3,fest_vishu,-0.00172
MED00360,3,fest_vishu,-0.00134
MED00361,3,fest_vishu,-0.00237
MED00362,3,fest_vishu,-0.00358
MED00363,3,fest_vishu,-0.00173
MED00364,3,fest_vishu,-0.00296
MED00365,3,fest_vishu,-0.00214
MED00366,3,fest_vishu,-0.00212
MED00367,3,fest_vishu,-0.0021
MED00368,3,fest_vishu,-0.00237
MED00369,3,fest_vishu,-0.00144
MED00370,3,fest_vishu,-0.00151
MED00371,3,fest_vishu,-0.00074
MED00372,3,fest_vishu,-0.00089
MED00373,3,fest_vishu,-0.00154
MED00374,3,fest_vishu,-0.00144
MED00375,3,fest_vishu,-0.00104
MED00376,3,fest_vishu,-0.00224
MED00377,3,fest_vishu,-0.00116
MED00378,3,fest_vishu,-0.00228
MED00379,3,fest_vishu,-0.00019
MED00380,3,fest_vishu,0.00056
MED00381,3,fest_vishu,-0.00067
MED00382,3,fest_vishu,-0.00188
MED00383,3,fest_vishu,-0.0023
MED00384,3,fest_vishu,-0.00187
MED00385,3,fest_vishu,-0.00151
MED00386,3,fest_vishu,-0.00152
MED00387,3,fest_vishu,-0.00212
MED00388,3,fest_vishu,-0.00184
MED00389,3,fest_vishu,-0.00052
MED00390,3,fest_vishu,-0.00082
MED00391,3,fest_vishu,-0.00017
MED00392,3,fest_vishu,-0.00139
MED00393,3,fest_vishu,-0.00084
MED00394,3,fest_vishu,-0.00211
MED00395,3,fest_vishu,-0.00493
MED00396,3,fest_vishu,-0.00215
MED00397,3,fest_vishu,-0.00181
MED00398,3,fest_vishu,-0.00051
MED00399,3,fest_vishu,0.00029
MED00400,3,fest_vishu,-0.00204
MED00401,3,fest_vishu,-0.00187
MED00402,3,fest_vishu,-0.00071
MED00403,3,fest_vishu,-0.00151
MED00404,3,fest_vishu,-0.002
MED00405,3,fest_vishu,-0.00188
MED00406,3,fest_vishu,-0.0007
MED00407,3,fest_vishu,-0.00179
MED00408,3,fest_vishu,-0.00146
MED00409,3,fest_vishu,0.00041
MED00410,3,fest_vishu,0.00012
MED00411,3,fest_vishu,-0.00169
MED00412,3,fest_vishu,-0.00181
MED00414,3,fest_vishu,-0.00177
MED00415,3,fest_vishu,-0.00193
MED00416,3,fest_vishu,-0.00048
MED00417,3,fest_vishu,-0.00166
MED00418,3,fest_vishu,-0.00177
MED00419,3,fest_vishu,-0.00054
MED00420,3,fest_vishu,-0.00013
MED00421,3,fest_vishu,0.00024
MED00422,3,fest_vishu,-0.00078
MED00423,3,fest_vishu,-0.0019
MED00424,3,fest_vishu,-0.00518
MED00001,4,fest_vishu,-0.00212
MED00002,4,fest_vishu,-0.00071
MED00003,4,fest_vishu,-0.0012
MED00004,4,fest_vishu,-0.00024
MED00005,4,fest_vishu,0.00044
MED00006,4,fest_vishu,-0.00126
MED00007,4,fest_vishu,-0.00151
MED00008,4,fest_vishu,-0.00139
MED00009,4,fest_vishu,-0.00216
MED00010,4,fest_vishu,-0.00105
MED00011,4,fest_vishu,-0.00356
MED00012,4,fest_vishu,-0.00145
MED00013,4,fest_vishu,-0.00231
MED00014,4,fest_vishu,-0.00123
MED00015,4,fest_vishu,-0.00178
MED00016,4,fest_vishu,-0.00214
MED00017,4,fest_vishu,-0.00235
MED00018,4,fest_vishu,-0.00177
MED00019,4,fest_vishu,-0.00102
MED00020,4,fest_vishu,-0.00088
MED00021,4,fest_vishu,-0.00053
MED00022,4,fest_vishu,-0.00122
MED00023,4,fest_vishu,-0.00088
MED00024,4,fest_vishu,-0.00129
MED00025,4,fest_vishu,-0.00266
MED00026,4,fest_vishu,-0.00086
MED00027,4,fest_vishu,-0.00064
MED00028,4,fest_vishu,-0.00133
MED00029,4,fest_vishu,-0.00023
MED00030,4,fest_vishu,-0.00028
MED00031,4,fest_vishu,-0.00108
MED00032,4,fest_vishu,-0.00177
MED00033,4,fest_vishu,-0.00074
MED00034,4,fest_vishu,0.00075
MED00035,4,fest_vishu,-0.00119
MED00036,4,fest_vishu,-0.00171
MED00037,4,fest_vishu,0.00069
MED00038,4,fest_vishu,-0.00152
MED00039,4,fest_vishu,-0.00138
MED00040,4,fest_vishu,-0.00325
MED00041,4,fest_vishu,0.00026
MED00042,4,fest_vishu,-0.00206
MED00043,4,fest_vishu,-0.00133
MED00044,4,fest_vishu,-0.00048
MED00045,4,fest_vishu,-0.0011
MED00046,4,fest_vishu,-0.00034
MED00047,4,fest_vishu,-0.00237
MED00048,4,fest_vishu,-0.00215
MED00049,4,fest_vishu,-0.00098
MED00050,4,fest_vishu,-0.00271
MED00051,4,fest_vishu,-0.0009
MED00052,4,fest_vishu,-0.00119
MED00053,4,fest_vishu,-0.00119
MED00054,4,fest_vishu,0.00042
MED00055,4,fest_vishu,-0.0008
MED00056,4,fest_vishu,-0.0026
MED00057,4,fest_vishu,-0.00335
MED00058,4,fest_vishu,-0.00106
MED00059,4,fest_vishu,-0.00119
MED00060,4,fest_vishu,-0.00215
MED00061,4,fest_vishu,-0.00132
MED00062,4,fest_vishu,-0.00245
MED00063,4,fest_vishu,-0.00214
MED00064,4,fest_vishu,-0.0006
MED00065,4,fest_vishu,-0.00158
MED00066,4,fest_vishu,-0.00155
MED00067,4,fest_vishu,-0.00224
MED00068,4,fest_vishu,-0.00097
MED00069,4,fest_vishu,-0.00139
MED00070,4,fest_vishu,-0.00076
MED00071,4,fest_vishu,-0.00038
MED00072,4,fest_vishu,-0.00159
MED00073,4,fest_vishu,-0.00196
MED00074,4,fest_vishu,-0.00101
MED00075,4,fest_vishu,-0.00165
MED00076,4,fest_vishu,-0.0007
MED00077,4,fest_vishu,-0.00142
MED00078,4,fest_vishu,-0.00017
MED00079,4,fest_vishu,-0.00098
MED00080,4,fest_vishu,-0.0018
MED00081,4,fest_vishu,-0.00109
MED00082,4,fest_vishu,-0.00025
MED00083,4,fest_vishu,-0.00247
MED00085,4,fest_vishu,-0.00242
MED00086,4,fest_vishu,-0.00188
MED00087,4,fest_vishu,-0.00127
MED00089,4,fest_vishu,0.00013
MED00090,4,fest_vishu,-0.0008
MED00091,4,fest_vishu,-0.00174
MED00092,4,fest_vishu,-0.00095
MED00093,4,fest_vishu,-0.0005
MED00094,4,fest_vishu,-0.00097
MED00095,4,fest_vishu,-0.00275
MED00096,4,fest_vishu,-0.00122
MED00097,4,fest_vishu,-0.00088
MED00098,4,fest_vishu,-0.0024
MED00099,4,fest_vishu,-0.00098
MED00100,4,fest_vishu,-0.00251
MED00101,4,fest_vishu,-0.00199
MED00102,4,fest_vishu,0.00252
MED00103,4,fest_vishu,-0.00243
MED00104,4,fest_vishu,-0.00216
MED00105,4,fest_vishu,-0.00221
MED00106,4,fest_vishu,-0.00254
MED00107,4,fest_vishu,-0.00233
MED00108,4,fest_vishu,-0.00295
MED00109,4,fest_vishu,-0.00298
MED00110,4,fest_vishu,-0.00092
MED00111,4,fest_vishu,-0.00153
MED00112,4,fest_vishu,-0.00268
MED00113,4,fest_vishu,-0.0014
MED00115,4,fest_vishu,-0.00253
MED00116,4,fest_vishu,-0.0009
MED00117,4,fest_vishu,-0.0013
MED00118,4,fest_vishu,-0.00128
MED00119,4,fest_vishu,-0.00072
MED00120,4,fest_vishu,0.00299
MED00121,4,fest_vishu,-0.00264
MED00122,4,fest_vishu,-0.00227
MED00123,4,fest_vishu,-0.00019
MED00124,4,fest_vishu,-0.00243
MED00125,4,fest_vishu,-0.00098
MED00126,4,fest_vishu,0.00034
MED00127,4,fest_vishu,-0.00138
MED00128,4,fest_vishu,-0.00199
MED00129,4,fest_vishu,-0.00161
MED00130,4,fest_vishu,-0.00102
MED00131,4,fest_vishu,-0.00075
MED00132,4,fest_vishu,-0.00031
MED00133,4,fest_vishu,0.00134
MED00134,4,fest_vishu,-0.00081
MED00135,4,fest_vishu,0.00011
MED00136,4,fest_vishu,-0.0038
MED00137,4,fest_vishu,-0.0006
MED00138,4,fest_vishu,-0.00266
MED00139,4,fest_vishu,-0.00199
MED00140,4,fest_vishu,-0.00084
MED00141,4,fest_vishu,-0.00133
MED00142,4,fest_vishu,-0.00209
MED00143,4,fest_vishu,-0.00158
MED00144,4,fest_vishu,-0.00235
MED00145,4,fest_vishu,-0.00141
MED00146,4,fest_vishu,-0.00248
MED00147,4,fest_vishu,-0.00158
MED00148,4,fest_vishu,-0.00208
MED00149,4,fest_vishu,-0.00245
MED00150,4,fest_vishu,-0.00123
MED00151,4,fest_vishu,-0.00206
MED00152,4,fest_vishu,-0.00251
MED00153,4,fest_vishu,-0.00181
MED00154,4,fest_vishu,-0.00063
MED00155,4,fest_vishu,-0.00268
MED00156,4,fest_vishu,-0.00211
MED00157,4,fest_vishu,-0.00212
MED00158,4,fest_vishu,-0.0006
MED00159,4,fest_vishu,-0.00212
MED00160,4,fest_vishu,-0.00256
MED00161,4,fest_vishu,-0.00219
MED00162,4,fest_vishu,-0.00204
MED00163,4,fest_vishu,-0.00141
MED00164,4,fest_vishu,-0.00045
MED00165,4,fest_vishu,-0.00085
MED00166,4,fest_vishu,-0.00189
MED00167,4,fest_vishu,-0.00148
MED00168,4,fest_vishu,-0.00199
MED00169,4,fest_vishu,-0.0021
MED00170,4,fest_vishu,-0.00117
MED00171,4,fest_vishu,-0.00217
MED00172,4,fest_vishu,-0.00154
MED00173,4,fest_vishu,-0.00247
MED00174,4,fest_vishu,-0.00025
MED00175,4,fest_vishu,-0.00038
MED00176,4,fest_vishu,-0.00223
MED00177,4,fest_vishu,-0.00066
MED00178,4,fest_vishu,-0.00035
MED00179,4,fest_vishu,-0.002
MED00180,4,fest_vishu,-0.00159
MED00181,4,fest_vishu,-0.00264
MED00182,4,fest_vishu,-0.00108
MED00183,4,fest_vishu,-0.00239
MED00184,4,fest_vishu,0.00107
MED00185,4,fest_vishu,-0.00143
MED00186,4,fest_vishu,-0.00159
MED00187,4,fest_vishu,0.00109
MED00188,4,fest_vishu,-0.00199
MED00189,4,fest_vishu,-0.00095
MED00190,4,fest_vishu,-0.00238
MED00191,4,fest_vishu,-0.00214
MED00192,4,fest_vishu,-0.00089
MED00193,4,fest_vishu,-0.00091
MED00194,4,fest_vishu,0.00083
MED00195,4,fest_vishu,0.00087
MED00196,4,fest_vishu,0.0014
MED00197,4,fest_vishu,0.00015
MED00198,4,fest_vishu,-0.00161
MED00199,4,fest_vishu,-0.00029
MED00200,4,fest_vishu,-0.00161
MED00201,4,fest_vishu,-0.00159
MED00202,4,fest_vishu,-0.00162
MED00203,4,fest_vishu,-0.00153
MED00204,4,fest_vishu,-0.00162
MED00205,4,fest_vishu,-0.00232
MED00206,4,fest_vishu,-0.00075
MED00207,4,fest_vishu,-0.00229
MED00208,4,fest_vishu,-0.00226
MED00209,4,fest_vishu,-0.00068
MED00210,4,fest_vishu,-0.00106
MED00211,4,fest_vishu,-0.00265
MED00212,4,fest_vishu,-0.00113
MED00213,4,fest_vishu,-0.00048
MED00214,4,fest_vishu,-0.00247
MED00215,4,fest_vishu,-0.00228
MED00216,4,fest_vishu,-0.00296
MED00217,4,fest_vishu,-0.00078
MED00218,4,fest_vishu,-0.00223
MED00219,4,fest_vishu,-0.00028
MED00220,4,fest_vishu,-0.00244
MED00221,4,fest_vishu,-0.00063
MED00222,4,fest_vishu,-0.00176
MED00223,4,fest_vishu,-0.00307
MED00224,4,fest_vishu,-0.00086
MED00225,4,fest_vishu,-0.00265
MED00226,4,fest_vishu,-0.0017
MED00227,4,fest_vishu,-0.00027
MED00228,4,fest_vishu,-0.00086
MED00229,4,fest_vishu,-0.00033
MED00230,4,fest_vishu,-0.0032
MED00231,4,fest_vishu,-0.00141
MED00232,4,fest_vishu,-0.00203
MED00233,4,fest_vishu,-0.00018
MED00234,4,fest_vishu,-0.00152
MED00235,4,fest_vishu,-0.00374
MED00236,4,fest_vishu,-0.00206
MED00237,4,fest_vishu,-0.00031
MED00238,4,fest_vishu,-0.00161
MED00239,4,fest_vishu,-0.00236
MED00240,4,fest_vishu,-0.0019
MED00241,4,fest_vishu,-0.00199
MED00242,4,fest_vishu,-0.00142
MED00243,4,fest_vishu,-0.0006
MED00244,4,fest_vishu,-0.0023
MED00245,4,fest_vishu,-0.00397
MED00246,4,fest_vishu,-0.00256
MED00247,4,fest_vishu,-0.00217
MED00248,4,fest_vishu,-0.00064
MED00250,4,fest_vishu,-0.00065
MED00251,4,fest_vishu,-0.00215
MED00252,4,fest_vishu,-0.00156
MED00253,4,fest_vishu,-0.00254
MED00254,4,fest_vishu,-0.00094
MED00255,4,fest_vishu,-0.00127
MED00256,4,fest_vishu,-0.00178
MED00257,4,fest_vishu,-0.00069
MED00258,4,fest_vishu,-0.00253
MED00259,4,fest_vishu,-0.00253
MED00260,4,fest_vishu,-0.0013
MED00261,4,fest_vishu,-0.00027
MED00262,4,fest_vishu,-0.00122
MED00263,4,fest_vishu,-0.00279
MED00264,4,fest_vishu,-0.00341
MED00265,4,fest_vishu,-0.00207
MED00266,4,fest_vishu,0.00013
MED00267,4,fest_vishu,-0.00268
MED00268,4,fest_vishu,-0.0023
MED00269,4,fest_vishu,-0.00206
MED00270,4,fest_vishu,-0.00235
MED00271,4,fest_vishu,-0.00018
MED00272,4,fest_vishu,-0.00155
MED00273,4,fest_vishu,-0.00155
MED00274,4,fest_vishu,-0.00025
MED00275,4,fest_vishu,-0.00194
MED00276,4,fest_vishu,-0.00223
MED00277,4,fest_vishu,-0.00095
MED00278,4,fest_vishu,-0.00219
MED00280,4,fest_vishu,-0.00078
MED00281,4,fest_vishu,-0.00121
MED00282,4,fest_vishu,-0.00189
MED00283,4,fest_vishu,-0.00252
MED00284,4,fest_vishu,-0.00075
MED00285,4,fest_vishu,-0.00267
MED00286,4,fest_vishu,-0.00115
MED00287,4,fest_vishu,-0.003
MED00288,4,fest_vishu,-0.00108
MED00289,4,fest_vishu,-0.00126
MED00290,4,fest_vishu,-0.00176
MED00291,4,fest_vishu,0.00313
MED00292,4,fest_vishu,-0.00204
MED00293,4,fest_vishu,-0.00075
MED00294,4,fest_vishu,-0.00147
MED00295,4,fest_vishu,-0.0009
MED00296,4,fest_vishu,-0.00258
MED00297,4,fest_vishu,-0.00224
MED00298,4,fest_vishu,-0.00274
MED00299,4,fest_vishu,-0.00627
MED00300,4,fest_vishu,-0.0015
MED00301,4,fest_vishu,-0.00276
MED00302,4,fest_vishu,-0.00065
MED00303,4,fest_vishu,0.00021
MED00304,4,fest_vishu,-0.00039
MED00305,4,fest_vishu,-0.00155
MED00306,4,fest_vishu,-0.00157
MED00307,4,fest_vishu,-0.00055
MED00308,4,fest_vishu,0.0002
MED00309,4,fest_vishu,-0.00061
MED00310,4,fest_vishu,-0.00228
MED00311,4,fest_vishu,-0.00098
MED00312,4,fest_vishu,0.00038
MED00313,4,fest_vishu,-0.00084
MED00314,4,fest_vishu,0.00051
MED00315,4,fest_vishu,-0.00204
MED00316,4,fest_vishu,-0.00216
MED00317,4,fest_vishu,-0.00253
MED00318,4,fest_vishu,-0.00216
MED00319,4,fest_vishu,-0.00224
MED00320,4,fest_vishu,-0.00108
MED00321,4,fest_vishu,-0.00023
MED00322,4,fest_vishu,-0.00105
MED00323,4,fest_vishu,-0.00057
MED00324,4,fest_vishu,0.00054
MED00325,4,fest_vishu,-0.00226
MED00326,4,fest_vishu,-0.0021
MED00327,4,fest_vishu,-0.00274
MED00328,4,fest_vishu,-0.00217
MED00329,4,fest_vishu,-0.00222
MED00330,4,fest_vishu,-0.00234
MED00331,4,fest_vishu,-0.00123
MED00332,4,fest_vishu,-0.00254
MED00333,4,fest_vishu,-0.00225
MED00334,4,fest_vishu,-0.00058
MED00335,4,fest_vishu,-0.00262
MED00336,4,fest_vishu,-0.00233
MED00337,4,fest_vishu,-0.00219
MED00338,4,fest_vishu,0.00124
MED00340,4,fest_vishu,-0.00129
MED00341,4,fest_vishu,-0.0028
MED00342,4,fest_vishu,-0.00192
MED00343,4,fest_vishu,-0.00217
MED00345,4,fest_vishu,-0.00098
MED00346,4,fest_vishu,-0.00245
MED00347,4,fest_vishu,-0.00271
MED00348,4,fest_vishu,-0.00181
MED00349,4,fest_vishu,-0.00212
MED00350,4,fest_vishu,-0.00067
MED00351,4,fest_vishu,0.00014
MED00352,4,fest_vishu,-0.00136
MED00353,4,fest_vishu,-0.00045
MED00354,4,fest_vishu,0.00054
MED00355,4,fest_vishu,-0.00125
MED00356,4,fest_vishu,-0.00157
MED00357,4,fest_vishu,-0.00096
MED00358,4,fest_vishu,-0.00143
MED00359,4,fest_vishu,-0.00166
MED00360,4,fest_vishu,-0.00135
MED00361,4,fest_vishu,-0.00238
MED00362,4,fest_vishu,-0.00358
MED00363,4,fest_vishu,-0.00167
MED00364,4,fest_vishu,-0.00297
MED00365,4,fest_vishu,-0.00218
MED00366,4,fest_vishu,-0.00213
MED00367,4,fest_vishu,-0.0021
MED00368,4,fest_vishu,-0.00238
MED00369,4,fest_vishu,-0.00144
MED00370,4,fest_vishu,-0.00158
MED00371,4,fest_vishu,-0.00074
MED00372,4,fest_vishu,-0.0009
MED00373,4,fest_vishu,-0.00152
MED00374,4,fest_vishu,-0.00147
MED00375,4,fest_vishu,-0.00105
MED00376,4,fest_vishu,-0.00219
MED00377,4,fest_vishu,-0.0011
MED00378,4,fest_vishu,-0.00232
MED00379,4,fest_vishu,-0.00018
MED00380,4,fest_vishu,0.00061
MED00381,4,fest_vishu,-0.00067
MED00382,4,fest_vishu,-0.00192
MED00383,4,fest_vishu,-0.00234
MED00384,4,fest_vishu,-0.00188
MED00385,4,fest_vishu,-0.00152
MED00386,4,fest_vishu,-0.00152
MED00387,4,fest_vishu,-0.00216
MED00388,4,fest_vishu,-0.0019
MED00389,4,fest_vishu,-0.00043
MED00390,4,fest_vishu,-0.00085
MED00391,4,fest_vishu,-0.00018
MED00392,4,fest_vishu,-0.00139
MED00393,4,fest_vishu,-0.00084
MED00394,4,fest_vishu,-0.00211
MED00395,4,fest_vishu,-0.00493
MED00396,4,fest_vishu,-0.00219
MED00397,4,fest_vishu,-0.00185
MED00398,4,fest_vishu,-0.0006
MED00399,4,fest_vishu,0.0002
MED00400,4,fest_vishu,-0.00205
MED00401,4,fest_vishu,-0.00187
MED00402,4,fest_vishu,-0.00072
MED00403,4,fest_vishu,-0.00152
MED00404,4,fest_vishu,-0.00204
MED00405,4,fest_vishu,-0.00188
MED00406,4,fest_vishu,-0.0007
MED00407,4,fest_vishu,-0.00181
MED00408,4,fest_vishu,-0.00148
MED00409,4,fest_vishu,0.00038
MED00411,4,fest_vishu,-0.00169
MED00412,4,fest_vishu,-0.00181
MED00414,4,fest_vishu,-0.00177
MED00415,4,fest_vishu,-0.00193
MED00416,4,fest_vishu,-0.0005
MED00417,4,fest_vishu,-0.00166
MED00418,4,fest_vishu,-0.00177
MED00419,4,fest_vishu,-0.00055
MED00420,4,fest_vishu,-0.00012
MED00421,4,fest_vishu,0.00022
MED00422,4,fest_vishu,-0.00081
MED00423,4,fest_vishu,-0.00191
MED00424,4,fest_vishu,-0.00516
MED00001,5,fest_vishu,-0.00228
MED00002,5,fest_vishu,-0.00072
MED00003,5,fest_vishu,-0.00121
MED00004,5,fest_vishu,-0.00027
MED00005,5,fest_vishu,0.00045
MED00006,5,fest_vishu,-0.00128
MED00007,5,fest_vishu,-0.00194
MED00008,5,fest_vishu,-0.00154
MED00009,5,fest_vishu,-0.0022
MED00010,5,fest_vishu,-0.00108
MED00011,5,fest_vishu,-0.00386
MED00012,5,fest_vishu,-0.00155
MED00013,5,fest_vishu,-0.00252
MED00014,5,fest_vishu,-0.00122
MED00015,5,fest_vishu,-0.00193
MED00016,5,fest_vishu,-0.00252
MED00017,5,fest_vishu,-0.00266
MED00018,5,fest_vishu,-0.00181
MED00019,5,fest_vishu,-0.00107
MED00020,5,fest_vishu,-0.00096
MED00021,5,fest_vishu,-0.00059
MED00022,5,fest_vishu,-0.00157
MED00023,5,fest_vishu,-0.00154
MED00024,5,fest_vishu,-0.0013
MED00025,5,fest_vishu,-0.00288
MED00026,5,fest_vishu,-0.00089
MED00027,5,fest_vishu,-0.00066
MED00028,5,fest_vishu,-0.00148
MED00029,5,fest_vishu,-0.00027
MED00030,5,fest_vishu,-0.00037
MED00031,5,fest_vishu,-0.00111
MED00032,5,fest_vishu,-0.00212
MED00033,5,fest_vishu,-0.0007
MED00034,5,fest_vishu,0.00072
MED00035,5,fest_vishu,-0.00104
MED00036,5,fest_vishu,-0.00197
MED00037,5,fest_vishu,0.00069
MED00038,5,fest_vishu,-0.00157
MED00039,5,fest_vishu,-0.00147
MED00040,5,fest_vishu,-0.00352
MED00041,5,fest_vishu,0.00013
MED00042,5,fest_vishu,-0.00215
MED00043,5,fest_vishu,-0.00146
MED00044,5,fest_vishu,-0.00054
MED00045,5,fest_vishu,-0.00121
MED00046,5,fest_vishu,-0.0004
MED00047,5,fest_vishu,-0.00259
MED00048,5,fest_vishu,-0.00216
MED00049,5,fest_vishu,-0.00099
MED00050,5,fest_vishu,-0.00299
MED00051,5,fest_vishu,-0.00092
MED00052,5,fest_vishu,-0.00132
MED00053,5,fest_vishu,-0.00157
MED00054,5,fest_vishu,0.00023
MED00055,5,fest_vishu,-0.00081
MED00056,5,fest_vishu,-0.00261
MED00057,5,fest_vishu,-0.00338
MED00058,5,fest_vishu,-0.00124
MED00059,5,fest_vishu,-0.00133
MED00060,5,fest_vishu,-0.00211
MED00061,5,fest_vishu,-0.00145
MED00062,5,fest_vishu,-0.00232
MED00063,5,fest_vishu,-0.00223
MED00064,5,fest_vishu,-0.00078
MED00065,5,fest_vishu,-0.00161
MED00066,5,fest_vishu,-0.0017
MED00067,5,fest_vishu,-0.0027
MED00068,5,fest_vishu,-0.001
MED00069,5,fest_vishu,-0.00142
MED00070,5,fest_vishu,-0.00081
MED00071,5,fest_vishu,-0.0007
MED00072,5,fest_vishu,-0.00193
MED00073,5,fest_vishu,-0.00196
MED00074,5,fest_vishu,-0.00107
MED00075,5,fest_vishu,-0.002
MED00076,5,fest_vishu,-0.0007
MED00077,5,fest_vishu,-0.00186
MED00078,5,fest_vishu,-0.00028
MED00079,5,fest_vishu,-0.00099
MED00080,5,fest_vishu,-0.00179
MED00081,5,fest_vishu,-0.0011
MED00082,5,fest_vishu,-0.00032
MED00083,5,fest_vishu,-0.00239
MED00085,5,fest_vishu,-0.00292
MED00086,5,fest_vishu,-0.00184
MED00087,5,fest_vishu,-0.00131
MED00088,5,fest_vishu,-0.00012
MED00090,5,fest_vishu,-0.00146
MED00091,5,fest_vishu,-0.00187
MED00092,5,fest_vishu,-0.00098
MED00093,5,fest_vishu,-0.00049
MED00094,5,fest_vishu,-0.00106
MED00095,5,fest_vishu,-0.00294
MED00096,5,fest_vishu,-0.00122
MED00097,5,fest_vishu,-0.00084
MED00098,5,fest_vishu,-0.00246
MED00099,5,fest_vishu,-0.00089
MED00100,5,fest_vishu,-0.0026
MED00101,5,fest_vishu,-0.00224
MED00102,5,fest_vishu,0.00251
MED00103,5,fest_vishu,-0.0027
MED00104,5,fest_vishu,-0.0022
MED00105,5,fest_vishu,-0.00223
MED00106,5,fest_vishu,-0.00263
MED00107,5,fest_vishu,-0.00255
MED00108,5,fest_vishu,-0.00319
MED00109,5,fest_vishu,-0.00306
MED00110,5,fest_vishu,-0.00076
MED00111,5,fest_vishu,-0.00168
MED00112,5,fest_vishu,-0.00296
MED00113,5,fest_vishu,-0.00161
MED00114,5,fest_vishu,-1e-04
MED00115,5,fest_vishu,-0.00275
MED00116,5,fest_vishu,-0.00086
MED00117,5,fest_vishu,-0.0015
MED00118,5,fest_vishu,-0.0013
MED00119,5,fest_vishu,-0.00094
MED00120,5,fest_vishu,0.00298
MED00121,5,fest_vishu,-0.00272
MED00122,5,fest_vishu,-0.00259
MED00123,5,fest_vishu,-0.00019
MED00124,5,fest_vishu,-0.00264
MED00125,5,fest_vishu,-0.00099
MED00126,5,fest_vishu,0.0003
MED00127,5,fest_vishu,-0.00166
MED00128,5,fest_vishu,-0.00221
MED00129,5,fest_vishu,-0.00197
MED00130,5,fest_vishu,-0.00103
MED00131,5,fest_vishu,-0.00109
MED00132,5,fest_vishu,-0.00046
MED00133,5,fest_vishu,0.00118
MED00134,5,fest_vishu,-0.0007
MED00136,5,fest_vishu,-0.00415
MED00137,5,fest_vishu,-0.00037
MED00138,5,fest_vishu,-0.00316
MED00139,5,fest_vishu,-0.00226
MED00140,5,fest_vishu,-0.001
MED00141,5,fest_vishu,-0.00135
MED00142,5,fest_vishu,-0.00212
MED00143,5,fest_vishu,-0.0017
MED00144,5,fest_vishu,-0.0026
MED00145,5,fest_vishu,-0.00155
MED00146,5,fest_vishu,-0.0028
MED00147,5,fest_vishu,-0.00156
MED00148,5,fest_vishu,-0.00202
MED00149,5,fest_vishu,-0.00272
MED00150,5,fest_vishu,-0.00171
MED00151,5,fest_vishu,-0.00228
MED00152,5,fest_vishu,-0.00308
MED00153,5,fest_vishu,-0.00216
MED00154,5,fest_vishu,-0.00066
MED00155,5,fest_vishu,-0.00315
MED00156,5,fest_vishu,-0.00248
MED00157,5,fest_vishu,-0.00211
MED00158,5,fest_vishu,-0.00062
MED00159,5,fest_vishu,-0.00218
MED00160,5,fest_vishu,-0.00277
MED00161,5,fest_vishu,-0.00244
MED00162,5,fest_vishu,-0.00236
MED00163,5,fest_vishu,-0.00142
MED00164,5,fest_vishu,-0.00078
MED00165,5,fest_vishu,-0.00096
MED00166,5,fest_vishu,-0.00196
MED00167,5,fest_vishu,-0.00162
MED00168,5,fest_vishu,-0.00255
MED00169,5,fest_vishu,-0.0024
MED00170,5,fest_vishu,-0.00132
MED00171,5,fest_vishu,-0.00261
MED00172,5,fest_vishu,-0.00261
MED00173,5,fest_vishu,-0.00304
MED00174,5,fest_vishu,-0.00034
MED00175,5,fest_vishu,-0.00042
MED00176,5,fest_vishu,-0.00225
MED00177,5,fest_vishu,-0.00069
MED00178,5,fest_vishu,-0.00034
MED00179,5,fest_vishu,-0.00195
MED00180,5,fest_vishu,-0.0019
MED00181,5,fest_vishu,-0.00289
MED00182,5,fest_vishu,-0.00098
MED00183,5,fest_vishu,-0.00256
MED00184,5,fest_vishu,0.00104
MED00185,5,fest_vishu,-0.00256
MED00186,5,fest_vishu,-0.00179
MED00187,5,fest_vishu,0.00102
MED00188,5,fest_vishu,-0.00206
MED00189,5,fest_vishu,-0.00096
MED00190,5,fest_vishu,-0.00247
MED00191,5,fest_vishu,-0.00219
MED00192,5,fest_vishu,-0.0009
MED00193,5,fest_vishu,-0.00092
MED00194,5,fest_vishu,0.00079
MED00195,5,fest_vishu,0.00081
MED00196,5,fest_vishu,0.00134
MED00197,5,fest_vishu,0.00011
MED00198,5,fest_vishu,-0.00178
MED00199,5,fest_vishu,-0.0004
MED00200,5,fest_vishu,-0.00178
MED00201,5,fest_vishu,-0.00155
MED00202,5,fest_vishu,-0.00181
MED00203,5,fest_vishu,-0.00196
MED00204,5,fest_vishu,-0.00184
MED00205,5,fest_vishu,-0.00231
MED00206,5,fest_vishu,-0.00138
MED00207,5,fest_vishu,-0.00271
MED00208,5,fest_vishu,-0.00229
MED00209,5,fest_vishu,-0.0007
MED00210,5,fest_vishu,-0.0011
MED00211,5,fest_vishu,-0.00321
MED00212,5,fest_vishu,-0.00132
MED00213,5,fest_vishu,-0.00049
MED00214,5,fest_vishu,-0.00247
MED00215,5,fest_vishu,-0.00277
MED00216,5,fest_vishu,-0.00318
MED00217,5,fest_vishu,-0.00078
MED00218,5,fest_vishu,-0.00242
MED00219,5,fest_vishu,-0.00031
MED00220,5,fest_vishu,-0.00277
MED00221,5,fest_vishu,-0.00067
MED00222,5,fest_vishu,-0.0018
MED00223,5,fest_vishu,-0.00307
MED00224,5,fest_vishu,-0.00089
MED00225,5,fest_vishu,-0.00271
MED00226,5,fest_vishu,-0.0017
MED00227,5,fest_vishu,-0.00029
MED00228,5,fest_vishu,-0.00084
MED00229,5,fest_vishu,-0.00036
MED00230,5,fest_vishu,-0.00324
MED00231,5,fest_vishu,-0.00158
MED00232,5,fest_vishu,-0.00228
MED00233,5,fest_vishu,-0.00032
MED00234,5,fest_vishu,-0.00166
MED00235,5,fest_vishu,-0.00379
MED00236,5,fest_vishu,-0.00231
MED00237,5,fest_vishu,-0.0004
MED00238,5,fest_vishu,-0.00218
MED00239,5,fest_vishu,-0.00256
MED00240,5,fest_vishu,-0.00191
MED00241,5,fest_vishu,-0.00202
MED00242,5,fest_vishu,-0.00146
MED00243,5,fest_vishu,-0.00061
MED00244,5,fest_vishu,-0.00264
MED00245,5,fest_vishu,-0.004
MED00246,5,fest_vishu,-0.00276
MED00247,5,fest_vishu,-0.00224
MED00248,5,fest_vishu,-0.00092
MED00250,5,fest_vishu,-0.00068
MED00251,5,fest_vishu,-0.00235
MED00252,5,fest_vishu,-0.00159
MED00253,5,fest_vishu,-0.00274
MED00254,5,fest_vishu,-0.001
MED00255,5,fest_vishu,-0.00135
MED00256,5,fest_vishu,-0.00208
MED00257,5,fest_vishu,-0.00075
MED00258,5,fest_vishu,-0.00286
MED00259,5,fest_vishu,-0.00302
MED00260,5,fest_vishu,-0.00116
MED00261,5,fest_vishu,-0.00035
MED00262,5,fest_vishu,-0.00125
MED00263,5,fest_vishu,-0.00301
MED00264,5,fest_vishu,-0.00333
MED00265,5,fest_vishu,-0.00227
MED00267,5,fest_vishu,-0.00286
MED00268,5,fest_vishu,-0.0026
MED00269,5,fest_vishu,-0.00243
MED00270,5,fest_vishu,-0.00292
MED00271,5,fest_vishu,-0.001
MED00272,5,fest_vishu,-0.00156
MED00273,5,fest_vishu,-0.00157
MED00274,5,fest_vishu,-0.00028
MED00275,5,fest_vishu,-0.0021
MED00276,5,fest_vishu,-0.0025
MED00277,5,fest_vishu,-0.00096
MED00278,5,fest_vishu,-0.00236
MED00280,5,fest_vishu,-0.00078
MED00281,5,fest_vishu,-0.00137
MED00282,5,fest_vishu,-0.00211
MED00283,5,fest_vishu,-0.0031
MED00284,5,fest_vishu,-0.00074
MED00285,5,fest_vishu,-0.00285
MED00286,5,fest_vishu,-0.00121
MED00287,5,fest_vishu,-0.00322
MED00288,5,fest_vishu,-0.00126
MED00289,5,fest_vishu,-0.0013
MED00290,5,fest_vishu,-0.00189
MED00291,5,fest_vishu,0.00312
MED00292,5,fest_vishu,-0.00213
MED00293,5,fest_vishu,-0.00111
MED00294,5,fest_vishu,-0.00137
MED00295,5,fest_vishu,-0.00081
MED00296,5,fest_vishu,-0.00281
MED00297,5,fest_vishu,-0.0024
MED00298,5,fest_vishu,-0.00316
MED00299,5,fest_vishu,-0.00637
MED00300,5,fest_vishu,-0.00181
MED00301,5,fest_vishu,-0.00303
MED00302,5,fest_vishu,-0.0007
MED00304,5,fest_vishu,-0.00045
MED00305,5,fest_vishu,-0.00176
MED00306,5,fest_vishu,-0.00144
MED00307,5,fest_vishu,-0.00057
MED00308,5,fest_vishu,0.00017
MED00309,5,fest_vishu,-0.00063
MED00310,5,fest_vishu,-0.00226
MED00311,5,fest_vishu,-0.00094
MED00312,5,fest_vishu,0.0003
MED00313,5,fest_vishu,-0.00068
MED00314,5,fest_vishu,0.0005
MED00315,5,fest_vishu,-0.0022
MED00316,5,fest_vishu,-0.00234
MED00317,5,fest_vishu,-0.00293
MED00318,5,fest_vishu,-0.00254
MED00319,5,fest_vishu,-0.00242
MED00320,5,fest_vishu,-0.0011
MED00321,5,fest_vishu,-0.00024
MED00322,5,fest_vishu,-0.00106
MED00323,5,fest_vishu,-0.00057
MED00324,5,fest_vishu,0.00037
MED00325,5,fest_vishu,-0.00246
MED00326,5,fest_vishu,-0.0023
MED00327,5,fest_vishu,-0.00298
MED00328,5,fest_vishu,-0.00219
MED00329,5,fest_vishu,-0.0024
MED00330,5,fest_vishu,-0.00259
MED00331,5,fest_vishu,-0.00139
MED00332,5,fest_vishu,-0.0026
MED00333,5,fest_vishu,-0.00268
MED00334,5,fest_vishu,-0.00066
MED00335,5,fest_vishu,-0.00261
MED00336,5,fest_vishu,-0.00236
MED00337,5,fest_vishu,-0.00239
MED00338,5,fest_vishu,0.00136
MED00340,5,fest_vishu,-0.00125
MED00341,5,fest_vishu,-0.00304
MED00342,5,fest_vishu,-0.00249
MED00343,5,fest_vishu,-0.00216
MED00345,5,fest_vishu,-0.00099
MED00346,5,fest_vishu,-0.00254
MED00347,5,fest_vishu,-0.0028
MED00348,5,fest_vishu,-0.00196
MED00349,5,fest_vishu,-0.00269
MED00350,5,fest_vishu,-0.0007
MED00351,5,fest_vishu,0.00011
MED00352,5,fest_vishu,-0.00122
MED00353,5,fest_vishu,-0.00049
MED00354,5,fest_vishu,0.00055
MED00355,5,fest_vishu,-0.00167
MED00356,5,fest_vishu,-0.00205
MED00357,5,fest_vishu,-0.00096
MED00358,5,fest_vishu,-0.00141
MED00359,5,fest_vishu,-0.00177
MED00360,5,fest_vishu,-0.00178
MED00361,5,fest_vishu,-0.00295
MED00362,5,fest_vishu,-0.00414
MED00363,5,fest_vishu,-0.0017
MED00364,5,fest_vishu,-0.00306
MED00365,5,fest_vishu,-0.00265
MED00366,5,fest_vishu,-0.0023
MED00367,5,fest_vishu,-0.00243
MED00368,5,fest_vishu,-0.00259
MED00369,5,fest_vishu,-0.00145
MED00370,5,fest_vishu,-0.00148
MED00371,5,fest_vishu,-0.00079
MED00372,5,fest_vishu,-0.00091
MED00373,5,fest_vishu,-0.00166
MED00374,5,fest_vishu,-0.00147
MED00375,5,fest_vishu,-0.00113
MED00376,5,fest_vishu,-0.00236
MED00377,5,fest_vishu,-0.00127
MED00378,5,fest_vishu,-0.00288
MED00379,5,fest_vishu,-0.00022
MED00380,5,fest_vishu,0.00063
MED00381,5,fest_vishu,-0.00072
MED00382,5,fest_vishu,-0.00222
MED00383,5,fest_vishu,-0.0024
MED00384,5,fest_vishu,-0.00234
MED00385,5,fest_vishu,-0.00152
MED00386,5,fest_vishu,-0.00153
MED00387,5,fest_vishu,-0.00217
MED00388,5,fest_vishu,-0.00212
MED00389,5,fest_vishu,-0.0005
MED00390,5,fest_vishu,-0.001
MED00391,5,fest_vishu,-0.00017
MED00392,5,fest_vishu,-0.0014
MED00393,5,fest_vishu,-0.00082
MED00394,5,fest_vishu,-0.00225
MED00395,5,fest_vishu,-0.00509
MED00396,5,fest_vishu,-0.00223
MED00397,5,fest_vishu,-0.00189
MED00398,5,fest_vishu,-0.00065
MED00399,5,fest_vishu,0.00017
MED00400,5,fest_vishu,-0.00201
MED00401,5,fest_vishu,-0.00221
MED00402,5,fest_vishu,-0.00107
MED00403,5,fest_vishu,-0.00155
MED00404,5,fest_vishu,-0.00225
MED00405,5,fest_vishu,-0.00209
MED00406,5,fest_vishu,-0.0007
MED00407,5,fest_vishu,-0.00206
MED00408,5,fest_vishu,-0.00173
MED00409,5,fest_vishu,0.00029
MED00411,5,fest_vishu,-0.00169
MED00412,5,fest_vishu,-0.00172
MED00413,5,fest_vishu,-0.00011
MED00414,5,fest_vishu,-0.00168
MED00415,5,fest_vishu,-0.00188
MED00416,5,fest_vishu,-0.00047
MED00417,5,fest_vishu,-0.00171
MED00418,5,fest_vishu,-0.00185
MED00419,5,fest_vishu,-0.00058
MED00420,5,fest_vishu,-0.00043
MED00421,5,fest_vishu,0.00058
MED00422,5,fest_vishu,-0.00078
MED00423,5,fest_vishu,-0.00198
MED00424,5,fest_vishu,-0.00524
MED00001,6,fest_vishu,-0.00228
MED00002,6,fest_vishu,-0.00072
MED00003,6,fest_vishu,-0.00121
MED00004,6,fest_vishu,-0.00027
MED00005,6,fest_vishu,0.00045
MED00006,6,fest_vishu,-0.00128
MED00007,6,fest_vishu,-0.00194
MED00008,6,fest_vishu,-0.00154
MED00009,6,fest_vishu,-0.0022
MED00010,6,fest_vishu,-0.00107
MED00011,6,fest_vishu,-0.00386
MED00012,6,fest_vishu,-0.00155
MED00013,6,fest_vishu,-0.00255
MED00014,6,fest_vishu,-0.00122
MED00015,6,fest_vishu,-0.00193
MED00016,6,fest_vishu,-0.00251
MED00017,6,fest_vishu,-0.00266
MED00018,6,fest_vishu,-0.00181
MED00019,6,fest_vishu,-0.00106
MED00020,6,fest_vishu,-0.00096
MED00021,6,fest_vishu,-0.00059
MED00022,6,fest_vishu,-0.00158
MED00023,6,fest_vishu,-0.00155
MED00024,6,fest_vishu,-0.00131
MED00025,6,fest_vishu,-0.00286
MED00026,6,fest_vishu,-0.00088
MED00027,6,fest_vishu,-0.00065
MED00028,6,fest_vishu,-0.00148
MED00029,6,fest_vishu,-0.00027
MED00030,6,fest_vishu,-0.00037
MED00031,6,fest_vishu,-0.00111
MED00032,6,fest_vishu,-0.00213
MED00033,6,fest_vishu,-0.0007
MED00034,6,fest_vishu,0.00072
MED00035,6,fest_vishu,-0.00106
MED00036,6,fest_vishu,-0.00197
MED00037,6,fest_vishu,0.00069
MED00038,6,fest_vishu,-0.00156
MED00039,6,fest_vishu,-0.00147
MED00040,6,fest_vishu,-0.00352
MED00041,6,fest_vishu,0.00013
MED00042,6,fest_vishu,-0.00215
MED00043,6,fest_vishu,-0.00146
MED00044,6,fest_vishu,-0.00054
MED00045,6,fest_vishu,-0.00121
MED00046,6,fest_vishu,-0.0004
MED00047,6,fest_vishu,-0.00259
MED00048,6,fest_vishu,-0.00217
MED00049,6,fest_vishu,-0.00098
MED00050,6,fest_vishu,-0.00299
MED00051,6,fest_vishu,-0.00092
MED00052,6,fest_vishu,-0.00132
MED00053,6,fest_vishu,-0.00156
MED00055,6,fest_vishu,-0.00081
MED00056,6,fest_vishu,-0.00261
MED00057,6,fest_vishu,-0.00338
MED00058,6,fest_vishu,-0.00124
MED00059,6,fest_vishu,-0.00133
MED00060,6,fest_vishu,-0.00211
MED00061,6,fest_vishu,-0.00145
MED00062,6,fest_vishu,-0.00232
MED00063,6,fest_vishu,-0.00223
MED00064,6,fest_vishu,-0.00078
MED00065,6,fest_vishu,-0.00161
MED00066,6,fest_vishu,-0.0017
MED00067,6,fest_vishu,-0.0027
MED00068,6,fest_vishu,-0.001
MED00069,6,fest_vishu,-0.00141
MED00070,6,fest_vishu,-0.00081
MED00071,6,fest_vishu,-0.0007
MED00072,6,fest_vishu,-0.00194
MED00073,6,fest_vishu,-0.00195
MED00074,6,fest_vishu,-0.00107
MED00075,6,fest_vishu,-0.002
MED00076,6,fest_vishu,-0.0007
MED00077,6,fest_vishu,-0.00186
MED00078,6,fest_vishu,-0.00028
MED00079,6,fest_vishu,-0.00099
MED00080,6,fest_vishu,-0.0018
MED00081,6,fest_vishu,-0.0011
MED00082,6,fest_vishu,-0.00032
MED00083,6,fest_vishu,-0.00239
MED00085,6,fest_vishu,-0.00292
MED00086,6,fest_vishu,-0.00184
MED00087,6,fest_vishu,-0.00131
MED00088,6,fest_vishu,-0.00012
MED00090,6,fest_vishu,-0.00147
MED00091,6,fest_vishu,-0.00188
MED00092,6,fest_vishu,-0.001
MED00093,6,fest_vishu,-0.00049
MED00094,6,fest_vishu,-0.00106
MED00095,6,fest_vishu,-0.00294
MED00096,6,fest_vishu,-0.00122
MED00097,6,fest_vishu,-0.00084
MED00098,6,fest_vishu,-0.00246
MED00099,6,fest_vishu,-0.00087
MED00100,6,fest_vishu,-0.0026
MED00101,6,fest_vishu,-0.00224
MED00102,6,fest_vishu,0.00254
MED00103,6,fest_vishu,-0.0027
MED00104,6,fest_vishu,-0.0022
MED00105,6,fest_vishu,-0.00223
MED00106,6,fest_vishu,-0.00263
MED00107,6,fest_vishu,-0.00255
MED00108,6,fest_vishu,-0.00318
MED00109,6,fest_vishu,-0.00306
MED00110,6,fest_vishu,-0.00076
MED00111,6,fest_vishu,-0.00168
MED00112,6,fest_vishu,-0.00296
MED00113,6,fest_vishu,-0.00162
MED00114,6,fest_vishu,-1e-04
MED00115,6,fest_vishu,-0.00275
MED00116,6,fest_vishu,-0.00086
MED00117,6,fest_vishu,-0.0015
MED00118,6,fest_vishu,-0.0013
MED00119,6,fest_vishu,-0.00096
MED00120,6,fest_vishu,0.003
MED00121,6,fest_vishu,-0.00272
MED00122,6,fest_vishu,-0.00259
MED00123,6,fest_vishu,-0.00018
MED00124,6,fest_vishu,-0.00264
MED00125,6,fest_vishu,-0.00099
MED00126,6,fest_vishu,0.00031
MED00127,6,fest_vishu,-0.00166
MED00128,6,fest_vishu,-0.00222
MED00129,6,fest_vishu,-0.00204
MED00130,6,fest_vishu,-0.00103
MED00131,6,fest_vishu,-0.00111
MED00132,6,fest_vishu,-0.00045
MED00133,6,fest_vishu,0.00117
MED00134,6,fest_vishu,-0.0007
MED00136,6,fest_vishu,-0.00415
MED00137,6,fest_vishu,-0.00037
MED00138,6,fest_vishu,-0.00316
MED00139,6,fest_vishu,-0.00226
MED00140,6,fest_vishu,-0.001
MED00141,6,fest_vishu,-0.00135
MED00142,6,fest_vishu,-0.00212
MED00143,6,fest_vishu,-0.0017
MED00144,6,fest_vishu,-0.0026
MED00145,6,fest_vishu,-0.00155
MED00146,6,fest_vishu,-0.0028
MED00147,6,fest_vishu,-0.00156
MED00148,6,fest_vishu,-0.00202
MED00149,6,fest_vishu,-0.00272
MED00150,6,fest_vishu,-0.00171
MED00151,6,fest_vishu,-0.00228
MED00152,6,fest_vishu,-0.00308
MED00153,6,fest_vishu,-0.00218
MED00154,6,fest_vishu,-0.00065
MED00155,6,fest_vishu,-0.00315
MED00156,6,fest_vishu,-0.00248
MED00157,6,fest_vishu,-0.00211
MED00158,6,fest_vishu,-0.0006
MED00159,6,fest_vishu,-0.00217
MED00160,6,fest_vishu,-0.00277
MED00161,6,fest_vishu,-0.00244
MED00162,6,fest_vishu,-0.00236
MED00163,6,fest_vishu,-0.00142
MED00164,6,fest_vishu,-0.00078
MED00165,6,fest_vishu,-0.00124
MED00166,6,fest_vishu,-0.00196
MED00167,6,fest_vishu,-0.00162
MED00168,6,fest_vishu,-0.00254
MED00169,6,fest_vishu,-0.0024
MED00170,6,fest_vishu,-0.00132
MED00171,6,fest_vishu,-0.0026
MED00172,6,fest_vishu,-0.00261
MED00173,6,fest_vishu,-0.00304
MED00174,6,fest_vishu,-0.00033
MED00175,6,fest_vishu,-0.00041
MED00176,6,fest_vishu,-0.00225
MED00177,6,fest_vishu,-0.00059
MED00178,6,fest_vishu,-0.00034
MED00179,6,fest_vishu,-0.00195
MED00180,6,fest_vishu,-0.0019
MED00181,6,fest_vishu,-0.00289
MED00182,6,fest_vishu,-0.00088
MED00183,6,fest_vishu,-0.00256
MED00184,6,fest_vishu,0.00105
MED00185,6,fest_vishu,-0.00256
MED00186,6,fest_vishu,-0.00179
MED00187,6,fest_vishu,0.00102
MED00188,6,fest_vishu,-0.00206
MED00189,6,fest_vishu,-0.00096
MED00190,6,fest_vishu,-0.00247
MED00191,6,fest_vishu,-0.00219
MED00192,6,fest_vishu,-0.0009
MED00193,6,fest_vishu,-0.00092
MED00194,6,fest_vishu,0.00068
MED00195,6,fest_vishu,0.00065
MED00196,6,fest_vishu,0.00134
MED00198,6,fest_vishu,-0.00178
MED00199,6,fest_vishu,-0.00041
MED00200,6,fest_vishu,-0.00178
MED00201,6,fest_vishu,-0.00156
MED00202,6,fest_vishu,-0.00181
MED00203,6,fest_vishu,-0.00197
MED00204,6,fest_vishu,-0.00184
MED00205,6,fest_vishu,-0.0023
MED00206,6,fest_vishu,-0.00139
MED00207,6,fest_vishu,-0.00272
MED00208,6,fest_vishu,-0.00229
MED00209,6,fest_vishu,-0.0007
MED00210,6,fest_vishu,-0.0011
MED00211,6,fest_vishu,-0.00321
MED00212,6,fest_vishu,-0.00132
MED00213,6,fest_vishu,-0.00049
MED00214,6,fest_vishu,-0.00246
MED00215,6,fest_vishu,-0.00277
MED00216,6,fest_vishu,-0.00318
MED00217,6,fest_vishu,-0.00079
MED00218,6,fest_vishu,-0.00242
MED00219,6,fest_vishu,-0.0003
MED00220,6,fest_vishu,-0.00277
MED00221,6,fest_vishu,-0.00067
MED00222,6,fest_vishu,-0.00179
MED00223,6,fest_vishu,-0.00307
MED00224,6,fest_vishu,-0.00089
MED00225,6,fest_vishu,-0.00271
MED00226,6,fest_vishu,-0.0017
MED00227,6,fest_vishu,-0.00029
MED00228,6,fest_vishu,-0.00084
MED00229,6,fest_vishu,-0.00036
MED00230,6,fest_vishu,-0.00324
MED00231,6,fest_vishu,-0.00158
MED00232,6,fest_vishu,-0.00227
MED00233,6,fest_vishu,-0.00032
MED00234,6,fest_vishu,-0.00165
MED00235,6,fest_vishu,-0.00379
MED00236,6,fest_vishu,-0.00231
MED00237,6,fest_vishu,-0.00041
MED00238,6,fest_vishu,-0.00218
MED00239,6,fest_vishu,-0.00257
MED00240,6,fest_vishu,-0.00191
MED00241,6,fest_vishu,-0.00202
MED00242,6,fest_vishu,-0.00145
MED00243,6,fest_vishu,-0.00061
MED00244,6,fest_vishu,-0.00264
MED00245,6,fest_vishu,-0.004
MED00246,6,fest_vishu,-0.00276
MED00247,6,fest_vishu,-0.00224
MED00248,6,fest_vishu,-0.00092
MED00250,6,fest_vishu,-0.00068
MED00251,6,fest_vishu,-0.00235
MED00252,6,fest_vishu,-0.00159
MED00253,6,fest_vishu,-0.00274
MED00254,6,fest_vishu,-0.00099
MED00255,6,fest_vishu,-0.00137
MED00256,6,fest_vishu,-0.00208
MED00257,6,fest_vishu,-0.00075
MED00258,6,fest_vishu,-0.00287
MED00259,6,fest_vishu,-0.00302
MED00260,6,fest_vishu,-0.00116
MED00261,6,fest_vishu,-0.00034
MED00262,6,fest_vishu,-0.00127
MED00263,6,fest_vishu,-0.00301
MED00264,6,fest_vishu,-0.00333
MED00265,6,fest_vishu,-0.00227
MED00267,6,fest_vishu,-0.00286
MED00268,6,fest_vishu,-0.00263
MED00269,6,fest_vishu,-0.00243
MED00270,6,fest_vishu,-0.00292
MED00271,6,fest_vishu,-0.001
MED00272,6,fest_vishu,-0.00156
MED00273,6,fest_vishu,-0.00159
MED00274,6,fest_vishu,-0.00027
MED00275,6,fest_vishu,-0.0021
MED00276,6,fest_vishu,-0.0025
MED00277,6,fest_vishu,-0.00096
MED00278,6,fest_vishu,-0.00236
MED00280,6,fest_vishu,-0.00078
MED00281,6,fest_vishu,-0.00137
MED00282,6,fest_vishu,-0.00211
MED00283,6,fest_vishu,-0.00309
MED00284,6,fest_vishu,-0.00074
MED00285,6,fest_vishu,-0.00285
MED00286,6,fest_vishu,-0.00121
MED00287,6,fest_vishu,-0.00322
MED00288,6,fest_vishu,-0.00126
MED00289,6,fest_vishu,-0.0013
MED00290,6,fest_vishu,-0.0019
MED00291,6,fest_vishu,0.00314
MED00292,6,fest_vishu,-0.00213
MED00293,6,fest_vishu,-0.00111
MED00294,6,fest_vishu,-0.00137
MED00295,6,fest_vishu,-0.0008
MED00296,6,fest_vishu,-0.00281
MED00297,6,fest_vishu,-0.0024
MED00298,6,fest_vishu,-0.00316
MED00299,6,fest_vishu,-0.00637
MED00300,6,fest_vishu,-0.00183
MED00301,6,fest_vishu,-0.00303
MED00302,6,fest_vishu,-0.0007
MED00304,6,fest_vishu,-0.00045
MED00305,6,fest_vishu,-0.00176
MED00306,6,fest_vishu,-0.00144
MED00307,6,fest_vishu,-0.00057
MED00308,6,fest_vishu,0.00017
MED00309,6,fest_vishu,-0.00063
MED00310,6,fest_vishu,-0.00225
MED00311,6,fest_vishu,-0.00095
MED00312,6,fest_vishu,0.0003
MED00313,6,fest_vishu,-0.00068
MED00314,6,fest_vishu,0.00051
MED00315,6,fest_vishu,-0.0022
MED00316,6,fest_vishu,-0.00233
MED00317,6,fest_vishu,-0.00293
MED00318,6,fest_vishu,-0.00254
MED00319,6,fest_vishu,-0.00242
MED00320,6,fest_vishu,-0.0011
MED00321,6,fest_vishu,-0.00024
MED00322,6,fest_vishu,-0.00106
MED00323,6,fest_vishu,-0.00057
MED00324,6,fest_vishu,0.0002
MED00325,6,fest_vishu,-0.00246
MED00326,6,fest_vishu,-0.0023
MED00327,6,fest_vishu,-0.00298
MED00328,6,fest_vishu,-0.00219
MED00329,6,fest_vishu,-0.0024
MED00330,6,fest_vishu,-0.0026
MED00331,6,fest_vishu,-0.00139
MED00332,6,fest_vishu,-0.0026
MED00333,6,fest_vishu,-0.00268
MED00334,6,fest_vishu,-0.00066
MED00335,6,fest_vishu,-0.00261
MED00336,6,fest_vishu,-0.00236
MED00337,6,fest_vishu,-0.00238
MED00338,6,fest_vishu,0.00145
MED00340,6,fest_vishu,-0.00124
MED00341,6,fest_vishu,-0.00304
MED00342,6,fest_vishu,-0.00249
MED00343,6,fest_vishu,-0.00218
MED00345,6,fest_vishu,-0.00098
MED00346,6,fest_vishu,-0.00254
MED00347,6,fest_vishu,-0.0028
MED00348,6,fest_vishu,-0.00196
MED00349,6,fest_vishu,-0.00269
MED00350,6,fest_vishu,-0.0007
MED00351,6,fest_vishu,0.00011
MED00352,6,fest_vishu,-0.00122
MED00353,6,fest_vishu,-0.00049
MED00354,6,fest_vishu,0.00055
MED00355,6,fest_vishu,-0.00169
MED00356,6,fest_vishu,-0.00205
MED00357,6,fest_vishu,-0.00096
MED00358,6,fest_vishu,-0.00141
MED00359,6,fest_vishu,-0.00177
MED00360,6,fest_vishu,-0.00178
MED00361,6,fest_vishu,-0.00294
MED00362,6,fest_vishu,-0.00414
MED00363,6,fest_vishu,-0.00177
MED00364,6,fest_vishu,-0.00306
MED00365,6,fest_vishu,-0.00265
MED00366,6,fest_vishu,-0.0023
MED00367,6,fest_vishu,-0.00244
MED00368,6,fest_vishu,-0.00259
MED00369,6,fest_vishu,-0.00148
MED00370,6,fest_vishu,-0.00148
MED00371,6,fest_vishu,-0.00077
MED00372,6,fest_vishu,-0.00091
MED00373,6,fest_vishu,-0.00166
MED00374,6,fest_vishu,-0.00148
MED00375,6,fest_vishu,-0.00112
MED00376,6,fest_vishu,-0.00236
MED00377,6,fest_vishu,-0.00117
MED00378,6,fest_vishu,-0.00288
MED00379,6,fest_vishu,-0.00022
MED00380,6,fest_vishu,0.00063
MED00381,6,fest_vishu,-0.00072
MED00382,6,fest_vishu,-0.00223
MED00383,6,fest_vishu,-0.0024
MED00384,6,fest_vishu,-0.00234
MED00385,6,fest_vishu,-0.00152
MED00386,6,fest_vishu,-0.00153
MED00387,6,fest_vishu,-0.00217
MED00388,6,fest_vishu,-0.00212
MED00389,6,fest_vishu,-0.0005
MED00390,6,fest_vishu,-0.001
MED00391,6,fest_vishu,-0.00017
MED00392,6,fest_vishu,-0.0014
MED00393,6,fest_vishu,-0.00082
MED00394,6,fest_vishu,-0.00226
MED00395,6,fest_vishu,-0.00529
MED00396,6,fest_vishu,-0.00222
MED00397,6,fest_vishu,-0.00188
MED00398,6,fest_vishu,-0.00065
MED00399,6,fest_vishu,0.00017
MED00400,6,fest_vishu,-0.00204
MED00401,6,fest_vishu,-0.00221
MED00402,6,fest_vishu,-0.00107
MED00403,6,fest_vishu,-0.00155
MED00404,6,fest_vishu,-0.00225
MED00405,6,fest_vishu,-0.00209
MED00406,6,fest_vishu,-0.0007
MED00407,6,fest_vishu,-0.00206
MED00408,6,fest_vishu,-0.00173
MED00409,6,fest_vishu,0.00029
MED00411,6,fest_vishu,-0.00169
MED00412,6,fest_vishu,-0.00172
MED00413,6,fest_vishu,-0.00013
MED00414,6,fest_vishu,-0.00168
MED00415,6,fest_vishu,-0.00188
MED00416,6,fest_vishu,-0.00047
MED00417,6,fest_vishu,-0.00173
MED00418,6,fest_vishu,-0.00185
MED00419,6,fest_vishu,-0.00059
MED00420,6,fest_vishu,-0.00044
MED00421,6,fest_vishu,0.00054
MED00422,6,fest_vishu,-0.00078
MED00423,6,fest_vishu,-0.00199
MED00424,6,fest_vishu,-0.00524
MED00001,7,fest_vishu,-0.00228
MED00002,7,fest_vishu,-0.00072
MED00003,7,fest_vishu,-0.00121
MED00004,7,fest_vishu,-0.00026
MED00005,7,fest_vishu,0.00046
MED00006,7,fest_vishu,-0.00128
MED00007,7,fest_vishu,-0.00189
MED00008,7,fest_vishu,-0.00154
MED00009,7,fest_vishu,-0.0022
MED00010,7,fest_vishu,-0.00107
MED00011,7,fest_vishu,-0.00381
MED00012,7,fest_vishu,-0.00155
MED00013,7,fest_vishu,-0.00254
MED00014,7,fest_vishu,-0.00124
MED00015,7,fest_vishu,-0.00192
MED00016,7,fest_vishu,-0.00251
MED00017,7,fest_vishu,-0.00265
MED00018,7,fest_vishu,-0.00181
MED00019,7,fest_vishu,-0.00106
MED00020,7,fest_vishu,-0.00096
MED00021,7,fest_vishu,-0.00057
MED00022,7,fest_vishu,-0.00157
MED00023,7,fest_vishu,-0.00154
MED00024,7,fest_vishu,-0.0013
MED00025,7,fest_vishu,-0.00286
MED00026,7,fest_vishu,-0.00078
MED00027,7,fest_vishu,-0.00064
MED00028,7,fest_vishu,-0.00148
MED00029,7,fest_vishu,-0.0003
MED00030,7,fest_vishu,-0.00037
MED00031,7,fest_vishu,-0.0011
MED00032,7,fest_vishu,-0.00212
MED00033,7,fest_vishu,-0.0007
MED00034,7,fest_vishu,0.00072
MED00035,7,fest_vishu,-0.00106
MED00036,7,fest_vishu,-0.00196
MED00037,7,fest_vishu,0.00069
MED00038,7,fest_vishu,-0.00156
MED00039,7,fest_vishu,-0.00146
MED00040,7,fest_vishu,-0.00352
MED00041,7,fest_vishu,0.00013
MED00042,7,fest_vishu,-0.00214
MED00043,7,fest_vishu,-0.00146
MED00044,7,fest_vishu,-0.00052
MED00045,7,fest_vishu,-0.00121
MED00046,7,fest_vishu,-0.00039
MED00047,7,fest_vishu,-0.00259
MED00048,7,fest_vishu,-0.00217
MED00049,7,fest_vishu,-0.00099
MED00050,7,fest_vishu,-0.00298
MED00051,7,fest_vishu,-0.00091
MED00052,7,fest_vishu,-0.00132
MED00053,7,fest_vishu,-0.00156
MED00055,7,fest_vishu,-0.0008
MED00056,7,fest_vishu,-0.00261
MED00057,7,fest_vishu,-0.00338
MED00058,7,fest_vishu,-0.00124
MED00059,7,fest_vishu,-0.00132
MED00060,7,fest_vishu,-0.0021
MED00061,7,fest_vishu,-0.00145
MED00062,7,fest_vishu,-0.00232
MED00063,7,fest_vishu,-0.00223
MED00064,7,fest_vishu,-0.00077
MED00065,7,fest_vishu,-0.0016
MED00066,7,fest_vishu,-0.0017
MED00067,7,fest_vishu,-0.0027
MED00068,7,fest_vishu,-0.00099
MED00069,7,fest_vishu,-0.00141
MED00070,7,fest_vishu,-0.00081
MED00071,7,fest_vishu,-0.00069
MED00072,7,fest_vishu,-0.00194
MED00073,7,fest_vishu,-0.00195
MED00074,7,fest_vishu,-0.00106
MED00075,7,fest_vishu,-0.00199
MED00076,7,fest_vishu,-0.00071
MED00077,7,fest_vishu,-0.00186
MED00078,7,fest_vishu,-0.0003
MED00079,7,fest_vishu,-0.00098
MED00080,7,fest_vishu,-0.00179
MED00081,7,fest_vishu,-0.00109
MED00082,7,fest_vishu,-0.00031
MED00083,7,fest_vishu,-0.00238
MED00085,7,fest_vishu,-0.00291
MED00086,7,fest_vishu,-0.00184
MED00087,7,fest_vishu,-0.00131
MED00088,7,fest_vishu,-1e-04
MED00090,7,fest_vishu,-0.00146
MED00091,7,fest_vishu,-0.00187
MED00092,7,fest_vishu,-0.001
MED00093,7,fest_vishu,-0.00048
MED00094,7,fest_vishu,-0.00105
MED00095,7,fest_vishu,-0.00294
MED00096,7,fest_vishu,-0.00122
MED00097,7,fest_vishu,-0.00084
MED00098,7,fest_vishu,-0.00246
MED00099,7,fest_vishu,-0.00087
MED00100,7,fest_vishu,-0.00259
MED00101,7,fest_vishu,-0.00224
MED00102,7,fest_vishu,0.00254
MED00103,7,fest_vishu,-0.0027
MED00104,7,fest_vishu,-0.00219
MED00105,7,fest_vishu,-0.00223
MED00106,7,fest_vishu,-0.00262
MED00107,7,fest_vishu,-0.00255
MED00108,7,fest_vishu,-0.00318
MED00109,7,fest_vishu,-0.00306
MED00110,7,fest_vishu,-0.00076
MED00111,7,fest_vishu,-0.00167
MED00112,7,fest_vishu,-0.00295
MED00113,7,fest_vishu,-0.00162
MED00114,7,fest_vishu,-1e-04
MED00115,7,fest_vishu,-0.00275
MED00116,7,fest_vishu,-0.00086
MED00117,7,fest_vishu,-0.00149
MED00118,7,fest_vishu,-0.0013
MED00119,7,fest_vishu,-0.00096
MED00120,7,fest_vishu,0.00301
MED00121,7,fest_vishu,-0.00272
MED00122,7,fest_vishu,-0.00261
MED00123,7,fest_vishu,-0.00017
MED00124,7,fest_vishu,-0.00264
MED00125,7,fest_vishu,-0.00099
MED00126,7,fest_vishu,0.00031
MED00127,7,fest_vishu,-0.00164
MED00128,7,fest_vishu,-0.00222
MED00129,7,fest_vishu,-0.00201
MED00130,7,fest_vishu,-0.00102
MED00131,7,fest_vishu,-0.00109
MED00132,7,fest_vishu,-0.00044
MED00133,7,fest_vishu,0.00118
MED00134,7,fest_vishu,-0.0007
MED00136,7,fest_vishu,-0.00414
MED00137,7,fest_vishu,-0.00037
MED00138,7,fest_vishu,-0.00316
MED00139,7,fest_vishu,-0.00226
MED00140,7,fest_vishu,-0.001
MED00141,7,fest_vishu,-0.00134
MED00142,7,fest_vishu,-0.00212
MED00143,7,fest_vishu,-0.0017
MED00144,7,fest_vishu,-0.0026
MED00145,7,fest_vishu,-0.00154
MED00146,7,fest_vishu,-0.00276
MED00147,7,fest_vishu,-0.00155
MED00148,7,fest_vishu,-0.00202
MED00149,7,fest_vishu,-0.00272
MED00150,7,fest_vishu,-0.0017
MED00151,7,fest_vishu,-0.00228
MED00152,7,fest_vishu,-0.00308
MED00153,7,fest_vishu,-0.00218
MED00154,7,fest_vishu,-0.00064
MED00155,7,fest_vishu,-0.00315
MED00156,7,fest_vishu,-0.00248
MED00157,7,fest_vishu,-0.0021
MED00158,7,fest_vishu,-0.0006
MED00159,7,fest_vishu,-0.00217
MED00160,7,fest_vishu,-0.00276
MED00161,7,fest_vishu,-0.00246
MED00162,7,fest_vishu,-0.00236
MED00163,7,fest_vishu,-0.00142
MED00164,7,fest_vishu,-0.00077
MED00165,7,fest_vishu,-0.00124
MED00166,7,fest_vishu,-0.00196
MED00167,7,fest_vishu,-0.00162
MED00168,7,fest_vishu,-0.00254
MED00169,7,fest_vishu,-0.0024
MED00170,7,fest_vishu,-0.00132
MED00171,7,fest_vishu,-0.0026
MED00172,7,fest_vishu,-0.00261
MED00173,7,fest_vishu,-0.00304
MED00174,7,fest_vishu,-0.00033
MED00175,7,fest_vishu,-0.00041
MED00176,7,fest_vishu,-0.00225
MED00177,7,fest_vishu,-0.00059
MED00178,7,fest_vishu,-0.00034
MED00179,7,fest_vishu,-0.00194
MED00180,7,fest_vishu,-0.00189
MED00181,7,fest_vishu,-0.00289
MED00182,7,fest_vishu,-0.00088
MED00183,7,fest_vishu,-0.00255
MED00184,7,fest_vishu,0.00105
MED00185,7,fest_vishu,-0.00255
MED00186,7,fest_vishu,-0.00179
MED00187,7,fest_vishu,0.00104
MED00188,7,fest_vishu,-0.00205
MED00189,7,fest_vishu,-0.00096
MED00190,7,fest_vishu,-0.00247
MED00191,7,fest_vishu,-0.00218
MED00192,7,fest_vishu,-0.0009
MED00193,7,fest_vishu,-0.00092
MED00194,7,fest_vishu,0.00065
MED00195,7,fest_vishu,0.00064
MED00196,7,fest_vishu,0.00116
MED00198,7,fest_vishu,-0.00177
MED00199,7,fest_vishu,-0.0004
MED00200,7,fest_vishu,-0.00177
MED00201,7,fest_vishu,-0.00156
MED00202,7,fest_vishu,-0.00183
MED00203,7,fest_vishu,-0.00197
MED00204,7,fest_vishu,-0.00184
MED00205,7,fest_vishu,-0.00231
MED00206,7,fest_vishu,-0.00138
MED00207,7,fest_vishu,-0.00272
MED00208,7,fest_vishu,-0.00228
MED00209,7,fest_vishu,-0.00069
MED00210,7,fest_vishu,-0.00109
MED00211,7,fest_vishu,-0.00321
MED00212,7,fest_vishu,-0.00131
MED00213,7,fest_vishu,-0.00049
MED00214,7,fest_vishu,-0.00246
MED00215,7,fest_vishu,-0.00277
MED00216,7,fest_vishu,-0.00317
MED00217,7,fest_vishu,-0.00079
MED00218,7,fest_vishu,-0.00242
MED00219,7,fest_vishu,-0.00028
MED00220,7,fest_vishu,-0.00277
MED00221,7,fest_vishu,-0.00065
MED00222,7,fest_vishu,-0.00179
MED00223,7,fest_vishu,-0.00306
MED00224,7,fest_vishu,-0.00089
MED00225,7,fest_vishu,-0.00271
MED00226,7,fest_vishu,-0.00169
MED00227,7,fest_vishu,-0.00029
MED00228,7,fest_vishu,-0.00083
MED00229,7,fest_vishu,-0.00035
MED00230,7,fest_vishu,-0.00323
MED00231,7,fest_vishu,-0.00158
MED00232,7,fest_vishu,-0.00225
MED00233,7,fest_vishu,-0.00032
MED00234,7,fest_vishu,-0.00165
MED00235,7,fest_vishu,-0.00378
MED00236,7,fest_vishu,-0.00236
MED00237,7,fest_vishu,-0.0004
MED00238,7,fest_vishu,-0.00214
MED00239,7,fest_vishu,-0.00257
MED00240,7,fest_vishu,-0.00191
MED00241,7,fest_vishu,-0.00202
MED00242,7,fest_vishu,-0.0016
MED00243,7,fest_vishu,-0.00061
MED00244,7,fest_vishu,-0.00264
MED00245,7,fest_vishu,-0.00399
MED00246,7,fest_vishu,-0.00276
MED00247,7,fest_vishu,-0.00224
MED00248,7,fest_vishu,-0.00091
MED00250,7,fest_vishu,-0.00067
MED00251,7,fest_vishu,-0.00234
MED00252,7,fest_vishu,-0.0016
MED00253,7,fest_vishu,-0.00274
MED00254,7,fest_vishu,-0.00176
MED00255,7,fest_vishu,-0.00136
MED00256,7,fest_vishu,-0.00207
MED00257,7,fest_vishu,-0.00074
MED00258,7,fest_vishu,-0.00287
MED00259,7,fest_vishu,-0.00302
MED00260,7,fest_vishu,-0.00114
MED00261,7,fest_vishu,-0.00033
MED00262,7,fest_vishu,-0.00125
MED00263,7,fest_vishu,-0.003
MED00264,7,fest_vishu,-0.00333
MED00265,7,fest_vishu,-0.00226
MED00267,7,fest_vishu,-0.00286
MED00268,7,fest_vishu,-0.00261
MED00269,7,fest_vishu,-0.00243
MED00270,7,fest_vishu,-0.00292
MED00271,7,fest_vishu,-0.001
MED00272,7,fest_vishu,-0.00155
MED00273,7,fest_vishu,-0.00158
MED00274,7,fest_vishu,-0.00026
MED00275,7,fest_vishu,-0.00209
MED00276,7,fest_vishu,-0.0025
MED00277,7,fest_vishu,-0.00096
MED00278,7,fest_vishu,-0.00236
MED00280,7,fest_vishu,-0.00078
MED00281,7,fest_vishu,-0.00138
MED00282,7,fest_vishu,-0.0021
MED00283,7,fest_vishu,-0.00309
MED00284,7,fest_vishu,-0.00074
MED00285,7,fest_vishu,-0.00285
MED00286,7,fest_vishu,-0.00121
MED00287,7,fest_vishu,-0.00324
MED00288,7,fest_vishu,-0.00125
MED00289,7,fest_vishu,-0.0013
MED00290,7,fest_vishu,-0.00189
MED00291,7,fest_vishu,0.00314
MED00292,7,fest_vishu,-0.00212
MED00293,7,fest_vishu,-0.00109
MED00294,7,fest_vishu,-0.00136
MED00295,7,fest_vishu,-0.00079
MED00296,7,fest_vishu,-0.0028
MED00297,7,fest_vishu,-0.0024
MED00298,7,fest_vishu,-0.00315
MED00299,7,fest_vishu,-0.00636
MED00300,7,fest_vishu,-0.00189
MED00301,7,fest_vishu,-0.00303
MED00302,7,fest_vishu,-0.0007
MED00304,7,fest_vishu,-0.00044
MED00305,7,fest_vishu,-0.00175
MED00306,7,fest_vishu,-0.00144
MED00307,7,fest_vishu,-0.00057
MED00308,7,fest_vishu,0.00017
MED00309,7,fest_vishu,-0.00062
MED00310,7,fest_vishu,-0.00225
MED00311,7,fest_vishu,-0.00095
MED00312,7,fest_vishu,0.0003
MED00313,7,fest_vishu,-0.00067
MED00314,7,fest_vishu,0.00061
MED00315,7,fest_vishu,-0.0022
MED00316,7,fest_vishu,-0.00234
MED00317,7,fest_vishu,-0.00294
MED00318,7,fest_vishu,-0.00253
MED00319,7,fest_vishu,-0.00241
MED00320,7,fest_vishu,-0.00107
MED00321,7,fest_vishu,-0.00024
MED00322,7,fest_vishu,-0.00105
MED00323,7,fest_vishu,-0.00065
MED00324,7,fest_vishu,0.00022
MED00325,7,fest_vishu,-0.00246
MED00326,7,fest_vishu,-0.0023
MED00327,7,fest_vishu,-0.00299
MED00328,7,fest_vishu,-0.00219
MED00329,7,fest_vishu,-0.00239
MED00330,7,fest_vishu,-0.0026
MED00331,7,fest_vishu,-0.00139
MED00332,7,fest_vishu,-0.0026
MED00333,7,fest_vishu,-0.00264
MED00334,7,fest_vishu,-0.00065
MED00335,7,fest_vishu,-0.0026
MED00336,7,fest_vishu,-0.00236
MED00337,7,fest_vishu,-0.00237
MED00338,7,fest_vishu,0.00146
MED00340,7,fest_vishu,-0.00124
MED00341,7,fest_vishu,-0.00304
MED00342,7,fest_vishu,-0.00248
MED00343,7,fest_vishu,-0.00218
MED00345,7,fest_vishu,-0.00099
MED00346,7,fest_vishu,-0.00253
MED00347,7,fest_vishu,-0.0028
MED00348,7,fest_vishu,-0.00198
MED00349,7,fest_vishu,-0.00269
MED00350,7,fest_vishu,-0.0007
MED00351,7,fest_vishu,0.00011
MED00352,7,fest_vishu,-0.00122
MED00353,7,fest_vishu,-0.00048
MED00354,7,fest_vishu,0.00055
MED00355,7,fest_vishu,-0.00168
MED00356,7,fest_vishu,-0.00204
MED00357,7,fest_vishu,-0.00096
MED00358,7,fest_vishu,-0.00141
MED00359,7,fest_vishu,-0.00177
MED00360,7,fest_vishu,-0.00177
MED00361,7,fest_vishu,-0.00297
MED00362,7,fest_vishu,-0.00414
MED00363,7,fest_vishu,-0.00179
MED00364,7,fest_vishu,-0.00306
MED00365,7,fest_vishu,-0.00265
MED00366,7,fest_vishu,-0.00232
MED00367,7,fest_vishu,-0.00244
MED00368,7,fest_vishu,-0.00259
MED00369,7,fest_vishu,-0.00148
MED00370,7,fest_vishu,-0.00148
MED00371,7,fest_vishu,-0.00077
MED00372,7,fest_vishu,-0.00091
MED00373,7,fest_vishu,-0.00165
MED00374,7,fest_vishu,-0.00147
MED00375,7,fest_vishu,-0.00112
MED00376,7,fest_vishu,-0.00235
MED00377,7,fest_vishu,-0.00116
MED00378,7,fest_vishu,-0.00288
MED00379,7,fest_vishu,-0.00022
MED00380,7,fest_vishu,0.00063
MED00381,7,fest_vishu,-0.00072
MED00382,7,fest_vishu,-0.00222
MED00383,7,fest_vishu,-0.0024
MED00384,7,fest_vishu,-0.00234
MED00385,7,fest_vishu,-0.0015
MED00386,7,fest_vishu,-0.00153
MED00387,7,fest_vishu,-0.00216
MED00388,7,fest_vishu,-0.00207
MED00389,7,fest_vishu,-0.00048
MED00390,7,fest_vishu,-0.001
MED00391,7,fest_vishu,-0.00017
MED00392,7,fest_vishu,-0.0014
MED00393,7,fest_vishu,-0.00081
MED00394,7,fest_vishu,-0.00225
MED00395,7,fest_vishu,-0.00529
MED00396,7,fest_vishu,-0.00221
MED00397,7,fest_vishu,-0.00187
MED00398,7,fest_vishu,-0.00064
MED00399,7,fest_vishu,0.00018
MED00400,7,fest_vishu,-0.00203
MED00401,7,fest_vishu,-0.00217
MED00402,7,fest_vishu,-0.00106
MED00403,7,fest_vishu,-0.00154
MED00404,7,fest_vishu,-0.00225
MED00405,7,fest_vishu,-0.0021
MED00406,7,fest_vishu,-0.0007
MED00407,7,fest_vishu,-0.00206
MED00408,7,fest_vishu,-0.00172
MED00409,7,fest_vishu,0.0003
MED00411,7,fest_vishu,-0.00168
MED00412,7,fest_vishu,-0.00172
MED00413,7,fest_vishu,-0.00011
MED00414,7,fest_vishu,-0.00167
MED00415,7,fest_vishu,-0.00187
MED00416,7,fest_vishu,-0.00046
MED00417,7,fest_vishu,-0.00173
MED00418,7,fest_vishu,-0.00184
MED00419,7,fest_vishu,-0.00058
MED00420,7,fest_vishu,-0.00043
MED00421,7,fest_vishu,0.00054
MED00422,7,fest_vishu,-0.00078
MED00423,7,fest_vishu,-0.002
MED00424,7,fest_vishu,-0.00523
MED00001,8,fest_vishu,-0.00229
MED00002,8,fest_vishu,-0.00072
MED00003,8,fest_vishu,-0.00121
MED00004,8,fest_vishu,-0.00027
MED00005,8,fest_vishu,0.00045
MED00006,8,fest_vishu,-0.0013
MED00007,8,fest_vishu,-0.00186
MED00008,8,fest_vishu,-0.00154
MED00009,8,fest_vishu,-0.0022
MED00010,8,fest_vishu,-0.00108
MED00011,8,fest_vishu,-0.00376
MED00012,8,fest_vishu,-0.00157
MED00013,8,fest_vishu,-0.00256
MED00014,8,fest_vishu,-0.00124
MED00015,8,fest_vishu,-0.00193
MED00016,8,fest_vishu,-0.00252
MED00017,8,fest_vishu,-0.00267
MED00018,8,fest_vishu,-0.00181
MED00019,8,fest_vishu,-0.00106
MED00020,8,fest_vishu,-0.00096
MED00021,8,fest_vishu,-0.00058
MED00022,8,fest_vishu,-0.00158
MED00023,8,fest_vishu,-0.00154
MED00024,8,fest_vishu,-0.0013
MED00025,8,fest_vishu,-0.00286
MED00026,8,fest_vishu,-0.00078
MED00027,8,fest_vishu,-0.00064
MED00028,8,fest_vishu,-0.00149
MED00029,8,fest_vishu,-0.00031
MED00030,8,fest_vishu,-0.00037
MED00031,8,fest_vishu,-0.0011
MED00032,8,fest_vishu,-0.00214
MED00033,8,fest_vishu,-0.0007
MED00034,8,fest_vishu,0.00072
MED00035,8,fest_vishu,-0.00106
MED00036,8,fest_vishu,-0.00198
MED00037,8,fest_vishu,0.00069
MED00038,8,fest_vishu,-0.00157
MED00039,8,fest_vishu,-0.00147
MED00040,8,fest_vishu,-0.00352
MED00041,8,fest_vishu,0.00013
MED00042,8,fest_vishu,-0.00215
MED00043,8,fest_vishu,-0.00147
MED00044,8,fest_vishu,-0.00053
MED00045,8,fest_vishu,-0.00123
MED00046,8,fest_vishu,-0.00039
MED00047,8,fest_vishu,-0.00261
MED00048,8,fest_vishu,-0.00219
MED00049,8,fest_vishu,-0.00099
MED00050,8,fest_vishu,-0.003
MED00051,8,fest_vishu,-0.00092
MED00052,8,fest_vishu,-0.00133
MED00053,8,fest_vishu,-0.00156
MED00055,8,fest_vishu,-0.00081
MED00056,8,fest_vishu,-0.00261
MED00057,8,fest_vishu,-0.00338
MED00058,8,fest_vishu,-0.00126
MED00059,8,fest_vishu,-0.00133
MED00060,8,fest_vishu,-0.00211
MED00061,8,fest_vishu,-0.00145
MED00062,8,fest_vishu,-0.00232
MED00063,8,fest_vishu,-0.00224
MED00064,8,fest_vishu,-0.00078
MED00065,8,fest_vishu,-0.00163
MED00066,8,fest_vishu,-0.0017
MED00067,8,fest_vishu,-0.00272
MED00068,8,fest_vishu,-0.00099
MED00069,8,fest_vishu,-0.00142
MED00070,8,fest_vishu,-0.00081
MED00071,8,fest_vishu,-0.00069
MED00072,8,fest_vishu,-0.00195
MED00073,8,fest_vishu,-0.00195
MED00074,8,fest_vishu,-0.00107
MED00075,8,fest_vishu,-0.002
MED00076,8,fest_vishu,-0.00071
MED00077,8,fest_vishu,-0.00187
MED00078,8,fest_vishu,-0.00031
MED00079,8,fest_vishu,-0.001
MED00080,8,fest_vishu,-0.00179
MED00081,8,fest_vishu,-0.0011
MED00082,8,fest_vishu,-0.00031
MED00083,8,fest_vishu,-0.00238
MED00085,8,fest_vishu,-0.00296
MED00086,8,fest_vishu,-0.00185
MED00087,8,fest_vishu,-0.00133
MED00088,8,fest_vishu,-0.00011
MED00090,8,fest_vishu,-0.00147
MED00091,8,fest_vishu,-0.00188
MED00092,8,fest_vishu,-0.00102
MED00093,8,fest_vishu,-0.00048
MED00094,8,fest_vishu,-0.00105
MED00095,8,fest_vishu,-0.00298
MED00096,8,fest_vishu,-0.00124
MED00097,8,fest_vishu,-0.00085
MED00098,8,fest_vishu,-0.00248
MED00099,8,fest_vishu,-0.00087
MED00100,8,fest_vishu,-0.0026
MED00101,8,fest_vishu,-0.00226
MED00102,8,fest_vishu,0.00253
MED00103,8,fest_vishu,-0.00272
MED00104,8,fest_vishu,-0.0022
MED00105,8,fest_vishu,-0.00225
MED00106,8,fest_vishu,-0.00263
MED00107,8,fest_vishu,-0.00257
MED00108,8,fest_vishu,-0.00322
MED00109,8,fest_vishu,-0.00308
MED00110,8,fest_vishu,-0.00076
MED00111,8,fest_vishu,-0.0017
MED00112,8,fest_vishu,-0.00297
MED00113,8,fest_vishu,-0.00164
MED00114,8,fest_vishu,-0.00011
MED00115,8,fest_vishu,-0.00279
MED00116,8,fest_vishu,-0.00086
MED00117,8,fest_vishu,-0.00151
MED00118,8,fest_vishu,-0.00132
MED00119,8,fest_vishu,-0.00098
MED00120,8,fest_vishu,0.003
MED00121,8,fest_vishu,-0.00274
MED00122,8,fest_vishu,-0.00263
MED00123,8,fest_vishu,-0.00018
MED00124,8,fest_vishu,-0.00264
MED00125,8,fest_vishu,-0.00099
MED00126,8,fest_vishu,0.0003
MED00127,8,fest_vishu,-0.00166
MED00128,8,fest_vishu,-0.00224
MED00129,8,fest_vishu,-0.00197
MED00130,8,fest_vishu,-0.00103
MED00131,8,fest_vishu,-0.0011
MED00132,8,fest_vishu,-0.00045
MED00133,8,fest_vishu,0.00115
MED00134,8,fest_vishu,-0.0007
MED00135,8,fest_vishu,0.00019
MED00136,8,fest_vishu,-0.00415
MED00137,8,fest_vishu,-0.00038
MED00138,8,fest_vishu,-0.00318
MED00139,8,fest_vishu,-0.00228
MED00140,8,fest_vishu,-0.00104
MED00141,8,fest_vishu,-0.00134
MED00142,8,fest_vishu,-0.00215
MED00143,8,fest_vishu,-0.00172
MED00144,8,fest_vishu,-0.00262
MED00145,8,fest_vishu,-0.00155
MED00146,8,fest_vishu,-0.00271
MED00147,8,fest_vishu,-0.00156
MED00148,8,fest_vishu,-0.00202
MED00149,8,fest_vishu,-0.00273
MED00150,8,fest_vishu,-0.00171
MED00151,8,fest_vishu,-0.0023
MED00152,8,fest_vishu,-0.0031
MED00153,8,fest_vishu,-0.0022
MED00154,8,fest_vishu,-0.00065
MED00155,8,fest_vishu,-0.00316
MED00156,8,fest_vishu,-0.00249
MED00157,8,fest_vishu,-0.00211
MED00158,8,fest_vishu,-0.0006
MED00159,8,fest_vishu,-0.00218
MED00160,8,fest_vishu,-0.00278
MED00161,8,fest_vishu,-0.00248
MED00162,8,fest_vishu,-0.00238
MED00163,8,fest_vishu,-0.00143
MED00164,8,fest_vishu,-0.00078
MED00165,8,fest_vishu,-0.00126
MED00166,8,fest_vishu,-0.00198
MED00167,8,fest_vishu,-0.00164
MED00168,8,fest_vishu,-0.00256
MED00169,8,fest_vishu,-0.00242
MED00170,8,fest_vishu,-0.00134
MED00171,8,fest_vishu,-0.00261
MED00172,8,fest_vishu,-0.00261
MED00173,8,fest_vishu,-0.00306
MED00174,8,fest_vishu,-0.00034
MED00175,8,fest_vishu,-0.00042
MED00176,8,fest_vishu,-0.00225
MED00177,8,fest_vishu,-0.00061
MED00178,8,fest_vishu,-0.00035
MED00179,8,fest_vishu,-0.00195
MED00180,8,fest_vishu,-0.00191
MED00181,8,fest_vishu,-0.0029
MED00182,8,fest_vishu,-0.00088
MED00183,8,fest_vishu,-0.00256
MED00184,8,fest_vishu,0.00102
MED00185,8,fest_vishu,-0.00256
MED00186,8,fest_vishu,-0.00181
MED00187,8,fest_vishu,0.00103
MED00188,8,fest_vishu,-0.00206
MED00189,8,fest_vishu,-0.00096
MED00190,8,fest_vishu,-0.00249
MED00191,8,fest_vishu,-0.0022
MED00192,8,fest_vishu,-0.0009
MED00193,8,fest_vishu,-0.00093
MED00194,8,fest_vishu,0.00063
MED00195,8,fest_vishu,0.00064
MED00196,8,fest_vishu,0.00116
MED00198,8,fest_vishu,-0.00179
MED00199,8,fest_vishu,-0.0004
MED00200,8,fest_vishu,-0.00179
MED00201,8,fest_vishu,-0.00157
MED00202,8,fest_vishu,-0.00193
MED00203,8,fest_vishu,-0.00198
MED00204,8,fest_vishu,-0.00186
MED00205,8,fest_vishu,-0.00233
MED00206,8,fest_vishu,-0.00139
MED00207,8,fest_vishu,-0.00274
MED00208,8,fest_vishu,-0.0023
MED00209,8,fest_vishu,-0.0007
MED00210,8,fest_vishu,-0.0011
MED00211,8,fest_vishu,-0.00323
MED00212,8,fest_vishu,-0.00133
MED00213,8,fest_vishu,-0.00049
MED00214,8,fest_vishu,-0.00249
MED00215,8,fest_vishu,-0.00279
MED00216,8,fest_vishu,-0.00318
MED00217,8,fest_vishu,-0.00079
MED00218,8,fest_vishu,-0.00243
MED00219,8,fest_vishu,-0.00027
MED00220,8,fest_vishu,-0.00281
MED00221,8,fest_vishu,-0.00065
MED00222,8,fest_vishu,-0.00182
MED00223,8,fest_vishu,-0.00307
MED00224,8,fest_vishu,-0.00091
MED00225,8,fest_vishu,-0.00272
MED00226,8,fest_vishu,-0.00169
MED00227,8,fest_vishu,-0.00029
MED00228,8,fest_vishu,-0.00084
MED00229,8,fest_vishu,-0.00036
MED00230,8,fest_vishu,-0.00326
MED00231,8,fest_vishu,-0.0016
MED00232,8,fest_vishu,-0.00222
MED00233,8,fest_vishu,-0.00033
MED00234,8,fest_vishu,-0.00167
MED00235,8,fest_vishu,-0.00379
MED00236,8,fest_vishu,-0.00238
MED00237,8,fest_vishu,-0.0004
MED00238,8,fest_vishu,-0.0021
MED00239,8,fest_vishu,-0.00259
MED00240,8,fest_vishu,-0.00191
MED00241,8,fest_vishu,-0.00206
MED00242,8,fest_vishu,-0.00162
MED00243,8,fest_vishu,-0.00062
MED00244,8,fest_vishu,-0.00266
MED00245,8,fest_vishu,-0.00402
MED00246,8,fest_vishu,-0.00278
MED00247,8,fest_vishu,-0.00226
MED00248,8,fest_vishu,-0.00093
MED00250,8,fest_vishu,-0.00067
MED00251,8,fest_vishu,-0.00236
MED00252,8,fest_vishu,-0.0016
MED00253,8,fest_vishu,-0.00276
MED00254,8,fest_vishu,-0.00176
MED00255,8,fest_vishu,-0.00136
MED00256,8,fest_vishu,-0.00209
MED00257,8,fest_vishu,-0.00074
MED00258,8,fest_vishu,-0.00289
MED00259,8,fest_vishu,-0.00306
MED00260,8,fest_vishu,-0.00115
MED00261,8,fest_vishu,-0.00034
MED00262,8,fest_vishu,-0.00126
MED00263,8,fest_vishu,-0.00302
MED00264,8,fest_vishu,-0.00334
MED00265,8,fest_vishu,-0.00227
MED00267,8,fest_vishu,-0.00288
MED00268,8,fest_vishu,-0.00263
MED00269,8,fest_vishu,-0.00245
MED00270,8,fest_vishu,-0.00294
MED00271,8,fest_vishu,-0.00101
MED00272,8,fest_vishu,-0.00155
MED00273,8,fest_vishu,-0.00159
MED00274,8,fest_vishu,-0.00027
MED00275,8,fest_vishu,-0.00211
MED00276,8,fest_vishu,-0.00252
MED00277,8,fest_vishu,-0.00096
MED00278,8,fest_vishu,-0.00236
MED00280,8,fest_vishu,-0.00078
MED00281,8,fest_vishu,-0.00139
MED00282,8,fest_vishu,-0.00212
MED00283,8,fest_vishu,-0.00311
MED00284,8,fest_vishu,-0.00074
MED00285,8,fest_vishu,-0.00286
MED00286,8,fest_vishu,-0.00122
MED00287,8,fest_vishu,-0.00326
MED00288,8,fest_vishu,-0.00125
MED00289,8,fest_vishu,-0.00131
MED00290,8,fest_vishu,-0.00191
MED00291,8,fest_vishu,0.00312
MED00292,8,fest_vishu,-0.00213
MED00293,8,fest_vishu,-0.0011
MED00294,8,fest_vishu,-0.00136
MED00295,8,fest_vishu,-0.00079
MED00296,8,fest_vishu,-0.00282
MED00297,8,fest_vishu,-0.00243
MED00298,8,fest_vishu,-0.00317
MED00299,8,fest_vishu,-0.00637
MED00300,8,fest_vishu,-0.00191
MED00301,8,fest_vishu,-0.00304
MED00302,8,fest_vishu,-0.00071
MED00304,8,fest_vishu,-0.00045
MED00305,8,fest_vishu,-0.00177
MED00306,8,fest_vishu,-0.00144
MED00307,8,fest_vishu,-0.00057
MED00308,8,fest_vishu,0.00017
MED00309,8,fest_vishu,-0.00062
MED00310,8,fest_vishu,-0.00226
MED00311,8,fest_vishu,-0.00095
MED00312,8,fest_vishu,0.00029
MED00313,8,fest_vishu,-0.00068
MED00314,8,fest_vishu,0.0006
MED00315,8,fest_vishu,-0.00222
MED00316,8,fest_vishu,-0.00236
MED00317,8,fest_vishu,-0.00296
MED00318,8,fest_vishu,-0.00254
MED00319,8,fest_vishu,-0.00243
MED00320,8,fest_vishu,-0.00108
MED00321,8,fest_vishu,-0.00024
MED00322,8,fest_vishu,-0.00106
MED00323,8,fest_vishu,-0.00066
MED00324,8,fest_vishu,0.00021
MED00325,8,fest_vishu,-0.0025
MED00326,8,fest_vishu,-0.00232
MED00327,8,fest_vishu,-0.003
MED00328,8,fest_vishu,-0.0022
MED00329,8,fest_vishu,-0.0024
MED00330,8,fest_vishu,-0.00263
MED00331,8,fest_vishu,-0.0014
MED00332,8,fest_vishu,-0.00262
MED00333,8,fest_vishu,-0.0026
MED00334,8,fest_vishu,-0.00067
MED00335,8,fest_vishu,-0.00261
MED00336,8,fest_vishu,-0.00238
MED00337,8,fest_vishu,-0.00238
MED00338,8,fest_vishu,0.00145
MED00340,8,fest_vishu,-0.00124
MED00341,8,fest_vishu,-0.00306
MED00342,8,fest_vishu,-0.0025
MED00343,8,fest_vishu,-0.00219
MED00345,8,fest_vishu,-0.00099
MED00346,8,fest_vishu,-0.00258
MED00347,8,fest_vishu,-0.00281
MED00348,8,fest_vishu,-0.002
MED00349,8,fest_vishu,-0.00266
MED00350,8,fest_vishu,-0.0007
MED00351,8,fest_vishu,0.00011
MED00352,8,fest_vishu,-0.00122
MED00353,8,fest_vishu,-0.00049
MED00354,8,fest_vishu,0.00055
MED00355,8,fest_vishu,-0.00169
MED00356,8,fest_vishu,-0.00206
MED00357,8,fest_vishu,-0.00096
MED00358,8,fest_vishu,-0.00143
MED00359,8,fest_vishu,-0.00179
MED00360,8,fest_vishu,-0.00177
MED00361,8,fest_vishu,-0.003
MED00362,8,fest_vishu,-0.00416
MED00363,8,fest_vishu,-0.00181
MED00364,8,fest_vishu,-0.00307
MED00365,8,fest_vishu,-0.00267
MED00366,8,fest_vishu,-0.00234
MED00367,8,fest_vishu,-0.00246
MED00368,8,fest_vishu,-0.00261
MED00369,8,fest_vishu,-0.00149
MED00370,8,fest_vishu,-0.00148
MED00371,8,fest_vishu,-0.00068
MED00372,8,fest_vishu,-0.00092
MED00373,8,fest_vishu,-0.00166
MED00374,8,fest_vishu,-0.00148
MED00375,8,fest_vishu,-0.00115
MED00376,8,fest_vishu,-0.00237
MED00377,8,fest_vishu,-0.00117
MED00378,8,fest_vishu,-0.00288
MED00379,8,fest_vishu,-0.00023
MED00380,8,fest_vishu,0.00063
MED00381,8,fest_vishu,-0.00075
MED00382,8,fest_vishu,-0.00223
MED00383,8,fest_vishu,-0.00242
MED00384,8,fest_vishu,-0.00236
MED00385,8,fest_vishu,-0.00152
MED00386,8,fest_vishu,-0.00155
MED00387,8,fest_vishu,-0.00217
MED00388,8,fest_vishu,-0.00204
MED00389,8,fest_vishu,-0.00049
MED00390,8,fest_vishu,-0.001
MED00391,8,fest_vishu,-0.00018
MED00392,8,fest_vishu,-0.0014
MED00393,8,fest_vishu,-0.00083
MED00394,8,fest_vishu,-0.00226
MED00395,8,fest_vishu,-0.00531
MED00396,8,fest_vishu,-0.00229
MED00397,8,fest_vishu,-0.00191
MED00398,8,fest_vishu,-0.00067
MED00399,8,fest_vishu,0.00015
MED00400,8,fest_vishu,-0.00204
MED00401,8,fest_vishu,-0.00212
MED00402,8,fest_vishu,-0.00107
MED00403,8,fest_vishu,-0.00156
MED00404,8,fest_vishu,-0.00222
MED00405,8,fest_vishu,-0.00212
MED00406,8,fest_vishu,-0.00071
MED00407,8,fest_vishu,-0.00207
MED00408,8,fest_vishu,-0.00173
MED00409,8,fest_vishu,0.0003
MED00411,8,fest_vishu,-0.00171
MED00412,8,fest_vishu,-0.00172
MED00413,8,fest_vishu,-0.00012
MED00414,8,fest_vishu,-0.00168
MED00415,8,fest_vishu,-0.00188
MED00416,8,fest_vishu,-0.00047
MED00417,8,fest_vishu,-0.00175
MED00418,8,fest_vishu,-0.00185
MED00419,8,fest_vishu,-0.00061
MED00420,8,fest_vishu,-0.00044
MED00421,8,fest_vishu,0.00054
MED00422,8,fest_vishu,-0.00079
MED00423,8,fest_vishu,-0.002
MED00424,8,fest_vishu,-0.00526
MED00001,9,fest_vishu,-0.00228
MED00002,9,fest_vishu,-0.00072
MED00003,9,fest_vishu,-0.00121
MED00004,9,fest_vishu,-0.00022
MED00005,9,fest_vishu,0.0005
MED00006,9,fest_vishu,-0.0013
MED00007,9,fest_vishu,-0.00186
MED00008,9,fest_vishu,-0.00154
MED00009,9,fest_vishu,-0.0022
MED00010,9,fest_vishu,-0.00108
MED00011,9,fest_vishu,-0.00379
MED00012,9,fest_vishu,-0.00157
MED00013,9,fest_vishu,-0.00256
MED00014,9,fest_vishu,-0.00126
MED00015,9,fest_vishu,-0.00193
MED00016,9,fest_vishu,-0.00253
MED00017,9,fest_vishu,-0.00274
MED00018,9,fest_vishu,-0.00172
MED00019,9,fest_vishu,-0.00107
MED00020,9,fest_vishu,-0.00097
MED00021,9,fest_vishu,-0.00057
MED00022,9,fest_vishu,-0.00158
MED00023,9,fest_vishu,-0.00154
MED00024,9,fest_vishu,-0.0013
MED00025,9,fest_vishu,-0.0028
MED00026,9,fest_vishu,-0.00072
MED00027,9,fest_vishu,-0.00058
MED00028,9,fest_vishu,-0.00149
MED00029,9,fest_vishu,-0.0003
MED00030,9,fest_vishu,-0.00036
MED00031,9,fest_vishu,-0.00109
MED00032,9,fest_vishu,-0.00214
MED00033,9,fest_vishu,-0.00071
MED00034,9,fest_vishu,0.00075
MED00035,9,fest_vishu,-0.001
MED00036,9,fest_vishu,-0.00198
MED00037,9,fest_vishu,0.00067
MED00038,9,fest_vishu,-0.00156
MED00039,9,fest_vishu,-0.00141
MED00040,9,fest_vishu,-0.00352
MED00041,9,fest_vishu,0.00013
MED00042,9,fest_vishu,-0.0021
MED00043,9,fest_vishu,-0.00146
MED00044,9,fest_vishu,-0.00053
MED00045,9,fest_vishu,-0.00123
MED00046,9,fest_vishu,-0.00039
MED00047,9,fest_vishu,-0.00261
MED00048,9,fest_vishu,-0.00219
MED00049,9,fest_vishu,-0.00099
MED00050,9,fest_vishu,-0.00301
MED00051,9,fest_vishu,-0.00091
MED00052,9,fest_vishu,-0.00132
MED00053,9,fest_vishu,-0.00156
MED00055,9,fest_vishu,-0.00075
MED00056,9,fest_vishu,-0.00262
MED00057,9,fest_vishu,-0.00338
MED00058,9,fest_vishu,-0.00126
MED00059,9,fest_vishu,-0.00135
MED00060,9,fest_vishu,-0.0021
MED00061,9,fest_vishu,-0.00145
MED00062,9,fest_vishu,-0.00232
MED00063,9,fest_vishu,-0.00224
MED00064,9,fest_vishu,-0.00082
MED00065,9,fest_vishu,-0.00155
MED00066,9,fest_vishu,-0.0017
MED00067,9,fest_vishu,-0.00271
MED00068,9,fest_vishu,-0.00099
MED00069,9,fest_vishu,-0.00142
MED00070,9,fest_vishu,-0.00082
MED00071,9,fest_vishu,-0.00069
MED00072,9,fest_vishu,-0.00195
MED00073,9,fest_vishu,-0.00195
MED00074,9,fest_vishu,-0.00107
MED00075,9,fest_vishu,-0.00202
MED00076,9,fest_vishu,-0.00071
MED00077,9,fest_vishu,-0.00187
MED00078,9,fest_vishu,-0.00031
MED00079,9,fest_vishu,-0.00102
MED00080,9,fest_vishu,-0.00179
MED00081,9,fest_vishu,-0.00109
MED00082,9,fest_vishu,-0.00031
MED00083,9,fest_vishu,-0.00238
MED00085,9,fest_vishu,-0.00296
MED00086,9,fest_vishu,-0.00179
MED00087,9,fest_vishu,-0.00133
MED00090,9,fest_vishu,-0.00147
MED00091,9,fest_vishu,-0.00188
MED00092,9,fest_vishu,-0.00103
MED00093,9,fest_vishu,-0.00043
MED00094,9,fest_vishu,-0.001
MED00095,9,fest_vishu,-0.00298
MED00096,9,fest_vishu,-0.00125
MED00097,9,fest_vishu,-0.0008
MED00098,9,fest_vishu,-0.00248
MED00099,9,fest_vishu,-0.00086
MED00100,9,fest_vishu,-0.0026
MED00101,9,fest_vishu,-0.00225
MED00102,9,fest_vishu,0.00231
MED00103,9,fest_vishu,-0.00273
MED00104,9,fest_vishu,-0.0022
MED00105,9,fest_vishu,-0.00225
MED00106,9,fest_vishu,-0.00262
MED00107,9,fest_vishu,-0.00257
MED00108,9,fest_vishu,-0.00324
MED00109,9,fest_vishu,-0.00304
MED00110,9,fest_vishu,-0.00076
MED00111,9,fest_vishu,-0.0017
MED00112,9,fest_vishu,-0.00293
MED00113,9,fest_vishu,-0.00164
MED00114,9,fest_vishu,-0.00011
MED00115,9,fest_vishu,-0.00279
MED00116,9,fest_vishu,-0.00087
MED00117,9,fest_vishu,-0.00151
MED00118,9,fest_vishu,-0.00132
MED00119,9,fest_vishu,-0.00098
MED00120,9,fest_vishu,0.00277
MED00121,9,fest_vishu,-0.00274
MED00122,9,fest_vishu,-0.00264
MED00123,9,fest_vishu,-0.00018
MED00124,9,fest_vishu,-0.00264
MED00125,9,fest_vishu,-0.00099
MED00126,9,fest_vishu,0.00035
MED00127,9,fest_vishu,-0.00166
MED00128,9,fest_vishu,-0.00224
MED00129,9,fest_vishu,-0.00198
MED00130,9,fest_vishu,-0.00103
MED00131,9,fest_vishu,-0.0011
MED00132,9,fest_vishu,-0.00045
MED00133,9,fest_vishu,0.00115
MED00134,9,fest_vishu,-0.0007
MED00135,9,fest_vishu,0.00029
MED00136,9,fest_vishu,-0.00415
MED00137,9,fest_vishu,-0.00038
MED00138,9,fest_vishu,-0.00319
MED00139,9,fest_vishu,-0.00229
MED00140,9,fest_vishu,-0.00105
MED00141,9,fest_vishu,-0.00133
MED00142,9,fest_vishu,-0.00209
MED00143,9,fest_vishu,-0.00173
MED00144,9,fest_vishu,-0.00262
MED00145,9,fest_vishu,-0.00155
MED00146,9,fest_vishu,-0.00271
MED00147,9,fest_vishu,-0.00156
MED00148,9,fest_vishu,-0.00202
MED00149,9,fest_vishu,-0.00275
MED00150,9,fest_vishu,-0.00171
MED00151,9,fest_vishu,-0.00239
MED00152,9,fest_vishu,-0.0031
MED00153,9,fest_vishu,-0.0022
MED00154,9,fest_vishu,-0.00065
MED00155,9,fest_vishu,-0.00317
MED00156,9,fest_vishu,-0.0025
MED00157,9,fest_vishu,-0.00211
MED00158,9,fest_vishu,-0.00054
MED00159,9,fest_vishu,-0.0022
MED00160,9,fest_vishu,-0.00279
MED00161,9,fest_vishu,-0.00248
MED00162,9,fest_vishu,-0.00238
MED00163,9,fest_vishu,-0.00143
MED00164,9,fest_vishu,-0.00078
MED00165,9,fest_vishu,-0.00127
MED00166,9,fest_vishu,-0.00198
MED00167,9,fest_vishu,-0.00167
MED00168,9,fest_vishu,-0.00256
MED00169,9,fest_vishu,-0.00242
MED00170,9,fest_vishu,-0.00134
MED00171,9,fest_vishu,-0.00261
MED00172,9,fest_vishu,-0.00262
MED00173,9,fest_vishu,-0.00306
MED00174,9,fest_vishu,-0.00035
MED00175,9,fest_vishu,-0.00036
MED00176,9,fest_vishu,-0.00227
MED00177,9,fest_vishu,-0.00055
MED00178,9,fest_vishu,-0.00034
MED00179,9,fest_vishu,-0.00195
MED00180,9,fest_vishu,-0.00192
MED00181,9,fest_vishu,-0.00291
MED00182,9,fest_vishu,-0.00082
MED00183,9,fest_vishu,-0.00253
MED00184,9,fest_vishu,0.00101
MED00185,9,fest_vishu,-0.00256
MED00186,9,fest_vishu,-0.00181
MED00187,9,fest_vishu,0.00104
MED00188,9,fest_vishu,-0.00206
MED00189,9,fest_vishu,-0.00095
MED00190,9,fest_vishu,-0.00251
MED00191,9,fest_vishu,-0.0022
MED00192,9,fest_vishu,-0.00091
MED00193,9,fest_vishu,-0.00092
MED00194,9,fest_vishu,0.00061
MED00195,9,fest_vishu,0.00063
MED00196,9,fest_vishu,0.00113
MED00198,9,fest_vishu,-0.0018
MED00199,9,fest_vishu,-0.0004
MED00200,9,fest_vishu,-0.0018
MED00201,9,fest_vishu,-0.00157
MED00202,9,fest_vishu,-0.00193
MED00203,9,fest_vishu,-0.00198
MED00204,9,fest_vishu,-0.00186
MED00205,9,fest_vishu,-0.00233
MED00206,9,fest_vishu,-0.00139
MED00207,9,fest_vishu,-0.00274
MED00208,9,fest_vishu,-0.00231
MED00209,9,fest_vishu,-0.00069
MED00210,9,fest_vishu,-0.00104
MED00211,9,fest_vishu,-0.00323
MED00212,9,fest_vishu,-0.00132
MED00213,9,fest_vishu,-0.00045
MED00214,9,fest_vishu,-0.00249
MED00215,9,fest_vishu,-0.0028
MED00216,9,fest_vishu,-0.00318
MED00217,9,fest_vishu,-0.00079
MED00218,9,fest_vishu,-0.00243
MED00219,9,fest_vishu,-0.0003
MED00220,9,fest_vishu,-0.00276
MED00221,9,fest_vishu,-0.00065
MED00222,9,fest_vishu,-0.00177
MED00223,9,fest_vishu,-0.00307
MED00224,9,fest_vishu,-0.00097
MED00225,9,fest_vishu,-0.00272
MED00226,9,fest_vishu,-0.00169
MED00227,9,fest_vishu,-0.0003
MED00228,9,fest_vishu,-0.00084
MED00229,9,fest_vishu,-0.00031
MED00230,9,fest_vishu,-0.00328
MED00231,9,fest_vishu,-0.00161
MED00232,9,fest_vishu,-0.00223
MED00233,9,fest_vishu,-0.00041
MED00234,9,fest_vishu,-0.0017
MED00235,9,fest_vishu,-0.00371
MED00236,9,fest_vishu,-0.00239
MED00237,9,fest_vishu,-0.00039
MED00238,9,fest_vishu,-0.00211
MED00239,9,fest_vishu,-0.0026
MED00240,9,fest_vishu,-0.00191
MED00241,9,fest_vishu,-0.00206
MED00242,9,fest_vishu,-0.00163
MED00243,9,fest_vishu,-0.00061
MED00244,9,fest_vishu,-0.00266
MED00245,9,fest_vishu,-0.00392
MED00246,9,fest_vishu,-0.00278
MED00247,9,fest_vishu,-0.00227
MED00248,9,fest_vishu,-0.00092
MED00250,9,fest_vishu,-0.00067
MED00251,9,fest_vishu,-0.00237
MED00252,9,fest_vishu,-0.00128
MED00253,9,fest_vishu,-0.00276
MED00254,9,fest_vishu,-0.00144
MED00255,9,fest_vishu,-0.00135
MED00256,9,fest_vishu,-0.00211
MED00257,9,fest_vishu,-0.00074
MED00258,9,fest_vishu,-0.00289
MED00259,9,fest_vishu,-0.00306
MED00260,9,fest_vishu,-0.00113
MED00261,9,fest_vishu,-0.00034
MED00262,9,fest_vishu,-0.00126
MED00263,9,fest_vishu,-0.00302
MED00264,9,fest_vishu,-0.00329
MED00265,9,fest_vishu,-0.00227
MED00266,9,fest_vishu,0.00012
MED00267,9,fest_vishu,-0.00288
MED00268,9,fest_vishu,-0.00265
MED00269,9,fest_vishu,-0.00246
MED00270,9,fest_vishu,-0.00294
MED00271,9,fest_vishu,-0.00101
MED00272,9,fest_vishu,-0.00155
MED00273,9,fest_vishu,-0.0016
MED00274,9,fest_vishu,-0.00027
MED00275,9,fest_vishu,-0.00211
MED00276,9,fest_vishu,-0.00252
MED00277,9,fest_vishu,-0.00095
MED00278,9,fest_vishu,-0.00236
MED00280,9,fest_vishu,-0.00078
MED00281,9,fest_vishu,-0.00142
MED00282,9,fest_vishu,-0.00212
MED00283,9,fest_vishu,-0.00313
MED00284,9,fest_vishu,-0.00074
MED00285,9,fest_vishu,-0.00286
MED00286,9,fest_vishu,-0.00123
MED00287,9,fest_vishu,-0.00325
MED00288,9,fest_vishu,-0.00126
MED00289,9,fest_vishu,-0.0013
MED00290,9,fest_vishu,-0.00192
MED00291,9,fest_vishu,0.00284
MED00292,9,fest_vishu,-0.00213
MED00293,9,fest_vishu,-0.00109
MED00294,9,fest_vishu,-0.00136
MED00295,9,fest_vishu,-0.00073
MED00296,9,fest_vishu,-0.00282
MED00297,9,fest_vishu,-0.00245
MED00298,9,fest_vishu,-0.00317
MED00299,9,fest_vishu,-0.00637
MED00300,9,fest_vishu,-0.00192
MED00301,9,fest_vishu,-0.00305
MED00302,9,fest_vishu,-0.00071
MED00304,9,fest_vishu,-0.00044
MED00305,9,fest_vishu,-0.00178
MED00306,9,fest_vishu,-0.00142
MED00307,9,fest_vishu,-0.00059
MED00308,9,fest_vishu,0.00017
MED00309,9,fest_vishu,-0.00062
MED00310,9,fest_vishu,-0.00225
MED00311,9,fest_vishu,-0.00094
MED00312,9,fest_vishu,0.00022
MED00313,9,fest_vishu,-0.00062
MED00314,9,fest_vishu,0.0007
MED00315,9,fest_vishu,-0.00221
MED00316,9,fest_vishu,-0.00237
MED00317,9,fest_vishu,-0.00298
MED00318,9,fest_vishu,-0.00254
MED00319,9,fest_vishu,-0.00243
MED00320,9,fest_vishu,-0.00109
MED00321,9,fest_vishu,-0.00019
MED00322,9,fest_vishu,-0.00105
MED00323,9,fest_vishu,-0.00066
MED00324,9,fest_vishu,0.00022
MED00325,9,fest_vishu,-0.00245
MED00326,9,fest_vishu,-0.00233
MED00327,9,fest_vishu,-0.00302
MED00328,9,fest_vishu,-0.0022
MED00329,9,fest_vishu,-0.0024
MED00330,9,fest_vishu,-0.00263
MED00331,9,fest_vishu,-0.00141
MED00332,9,fest_vishu,-0.00262
MED00333,9,fest_vishu,-0.0026
MED00334,9,fest_vishu,-0.00068
MED00335,9,fest_vishu,-0.00261
MED00336,9,fest_vishu,-0.00238
MED00337,9,fest_vishu,-0.00234
MED00338,9,fest_vishu,0.00122
MED00340,9,fest_vishu,-0.00107
MED00341,9,fest_vishu,-0.00306
MED00342,9,fest_vishu,-0.00251
MED00343,9,fest_vishu,-0.0022
MED00345,9,fest_vishu,-0.00099
MED00346,9,fest_vishu,-0.00259
MED00347,9,fest_vishu,-0.0028
MED00348,9,fest_vishu,-0.002
MED00349,9,fest_vishu,-0.00266
MED00350,9,fest_vishu,-0.00065
MED00351,9,fest_vishu,1e-04
MED00352,9,fest_vishu,-0.00122
MED00353,9,fest_vishu,-0.00049
MED00354,9,fest_vishu,0.00059
MED00355,9,fest_vishu,-0.00168
MED00356,9,fest_vishu,-0.00206
MED00357,9,fest_vishu,-0.00097
MED00358,9,fest_vishu,-0.00143
MED00359,9,fest_vishu,-0.0018
MED00360,9,fest_vishu,-0.00177
MED00361,9,fest_vishu,-0.003
MED00362,9,fest_vishu,-0.00421
MED00363,9,fest_vishu,-0.00182
MED00364,9,fest_vishu,-0.00307
MED00365,9,fest_vishu,-0.00263
MED00366,9,fest_vishu,-0.00234
MED00367,9,fest_vishu,-0.00246
MED00368,9,fest_vishu,-0.00261
MED00369,9,fest_vishu,-0.00149
MED00370,9,fest_vishu,-0.00149
MED00371,9,fest_vishu,-0.00068
MED00372,9,fest_vishu,-0.00091
MED00373,9,fest_vishu,-0.00167
MED00374,9,fest_vishu,-0.00149
MED00375,9,fest_vishu,-0.00117
MED00376,9,fest_vishu,-0.00237
MED00377,9,fest_vishu,-0.00116
MED00378,9,fest_vishu,-0.00289
MED00379,9,fest_vishu,-0.00017
MED00380,9,fest_vishu,0.00067
MED00381,9,fest_vishu,-0.0007
MED00382,9,fest_vishu,-0.00224
MED00383,9,fest_vishu,-0.00245
MED00384,9,fest_vishu,-0.00236
MED00385,9,fest_vishu,-0.0015
MED00386,9,fest_vishu,-0.00154
MED00387,9,fest_vishu,-0.00217
MED00388,9,fest_vishu,-0.00207
MED00389,9,fest_vishu,-0.00049
MED00390,9,fest_vishu,-0.001
MED00391,9,fest_vishu,-0.00017
MED00392,9,fest_vishu,-0.0014
MED00393,9,fest_vishu,-0.00082
MED00394,9,fest_vishu,-0.00226
MED00395,9,fest_vishu,-0.00537
MED00396,9,fest_vishu,-0.00228
MED00397,9,fest_vishu,-0.00193
MED00398,9,fest_vishu,-0.00062
MED00399,9,fest_vishu,0.00018
MED00400,9,fest_vishu,-0.0019
MED00401,9,fest_vishu,-0.00214
MED00402,9,fest_vishu,-0.00109
MED00403,9,fest_vishu,-0.00156
MED00404,9,fest_vishu,-0.00222
MED00405,9,fest_vishu,-0.00212
MED00406,9,fest_vishu,-0.00071
MED00407,9,fest_vishu,-0.00209
MED00408,9,fest_vishu,-0.00175
MED00409,9,fest_vishu,0.0003
MED00411,9,fest_vishu,-0.0017
MED00412,9,fest_vishu,-0.00172
MED00413,9,fest_vishu,-0.00012
MED00414,9,fest_vishu,-0.00168
MED00415,9,fest_vishu,-0.00187
MED00416,9,fest_vishu,-0.00046
MED00417,9,fest_vishu,-0.00175
MED00418,9,fest_vishu,-0.00185
MED00419,9,fest_vishu,-0.0006
MED00420,9,fest_vishu,-0.00044
MED00421,9,fest_vishu,0.00053
MED00422,9,fest_vishu,-0.00079
MED00423,9,fest_vishu,-0.00199
MED00424,9,fest_vishu,-0.00522
MED00001,10,fest_vishu,-0.0023
MED00002,10,fest_vishu,-0.00071
MED00003,10,fest_vishu,-0.0012
MED00004,10,fest_vishu,-0.00024
MED00005,10,fest_vishu,0.00043
MED00006,10,fest_vishu,-0.00133
MED00007,10,fest_vishu,-0.00189
MED00008,10,fest_vishu,-0.00162
MED00009,10,fest_vishu,-0.00222
MED00010,10,fest_vishu,-0.00109
MED00011,10,fest_vishu,-0.00384
MED00012,10,fest_vishu,-0.00159
MED00013,10,fest_vishu,-0.00258
MED00014,10,fest_vishu,-0.00129
MED00015,10,fest_vishu,-0.00192
MED00016,10,fest_vishu,-0.00256
MED00017,10,fest_vishu,-0.00276
MED00018,10,fest_vishu,-0.00175
MED00019,10,fest_vishu,-0.0011
MED00020,10,fest_vishu,-0.00102
MED00021,10,fest_vishu,-0.00059
MED00022,10,fest_vishu,-0.00159
MED00023,10,fest_vishu,-0.00117
MED00024,10,fest_vishu,-0.00132
MED00025,10,fest_vishu,-0.00272
MED00026,10,fest_vishu,-0.00072
MED00027,10,fest_vishu,-0.00058
MED00028,10,fest_vishu,-0.00149
MED00029,10,fest_vishu,-0.00032
MED00030,10,fest_vishu,-0.00038
MED00031,10,fest_vishu,-0.00105
MED00032,10,fest_vishu,-0.00216
MED00033,10,fest_vishu,-0.00074
MED00034,10,fest_vishu,0.00073
MED00035,10,fest_vishu,-0.00098
MED00036,10,fest_vishu,-0.00199
MED00037,10,fest_vishu,0.00064
MED00038,10,fest_vishu,-0.00158
MED00039,10,fest_vishu,-0.00143
MED00040,10,fest_vishu,-0.00351
MED00041,10,fest_vishu,0.00012
MED00042,10,fest_vishu,-0.00212
MED00043,10,fest_vishu,-0.00146
MED00044,10,fest_vishu,-0.00054
MED00045,10,fest_vishu,-0.00125
MED00046,10,fest_vishu,-0.00041
MED00047,10,fest_vishu,-0.00263
MED00048,10,fest_vishu,-0.00221
MED00049,10,fest_vishu,-0.00099
MED00050,10,fest_vishu,-0.00302
MED00051,10,fest_vishu,-0.0007
MED00052,10,fest_vishu,-0.00131
MED00053,10,fest_vishu,-0.00162
MED00055,10,fest_vishu,-0.00074
MED00056,10,fest_vishu,-0.00262
MED00057,10,fest_vishu,-0.00339
MED00058,10,fest_vishu,-0.00129
MED00059,10,fest_vishu,-0.00136
MED00060,10,fest_vishu,-0.00214
MED00061,10,fest_vishu,-0.00145
MED00062,10,fest_vishu,-0.00237
MED00063,10,fest_vishu,-0.00216
MED00064,10,fest_vishu,-0.00085
MED00065,10,fest_vishu,-0.00177
MED00066,10,fest_vishu,-0.0017
MED00067,10,fest_vishu,-0.00273
MED00068,10,fest_vishu,-0.001
MED00069,10,fest_vishu,-0.00143
MED00070,10,fest_vishu,-0.00085
MED00071,10,fest_vishu,-0.0007
MED00072,10,fest_vishu,-0.00196
MED00073,10,fest_vishu,-0.00197
MED00074,10,fest_vishu,-0.00108
MED00075,10,fest_vishu,-0.00203
MED00076,10,fest_vishu,-0.0007
MED00077,10,fest_vishu,-0.00187
MED00078,10,fest_vishu,-0.00033
MED00079,10,fest_vishu,-0.00105
MED00080,10,fest_vishu,-0.00181
MED00081,10,fest_vishu,-0.00108
MED00082,10,fest_vishu,-0.00033
MED00083,10,fest_vishu,-0.0024
MED00085,10,fest_vishu,-0.00298
MED00086,10,fest_vishu,-0.0018
MED00087,10,fest_vishu,-0.00136
MED00088,10,fest_vishu,-0.00012
MED00090,10,fest_vishu,-0.00148
MED00091,10,fest_vishu,-0.0019
MED00092,10,fest_vishu,-0.00104
MED00093,10,fest_vishu,-0.00042
MED00094,10,fest_vishu,-0.001
MED00095,10,fest_vishu,-0.00301
MED00096,10,fest_vishu,-0.00129
MED00097,10,fest_vishu,-0.0008
MED00098,10,fest_vishu,-0.0025
MED00099,10,fest_vishu,-0.00086
MED00100,10,fest_vishu,-0.00239
MED00101,10,fest_vishu,-0.00227
MED00102,10,fest_vishu,0.00209
MED00103,10,fest_vishu,-0.00275
MED00104,10,fest_vishu,-0.00223
MED00105,10,fest_vishu,-0.00227
MED00106,10,fest_vishu,-0.00255
MED00107,10,fest_vishu,-0.0026
MED00108,10,fest_vishu,-0.00326
MED00109,10,fest_vishu,-0.00305
MED00110,10,fest_vishu,-0.00079
MED00111,10,fest_vishu,-0.00171
MED00112,10,fest_vishu,-0.00295
MED00113,10,fest_vishu,-0.00166
MED00114,10,fest_vishu,-0.00013
MED00115,10,fest_vishu,-0.00287
MED00116,10,fest_vishu,-0.0009
MED00117,10,fest_vishu,-0.00153
MED00118,10,fest_vishu,-0.00134
MED00119,10,fest_vishu,-0.001
MED00120,10,fest_vishu,0.00254
MED00121,10,fest_vishu,-0.00277
MED00122,10,fest_vishu,-0.00266
MED00123,10,fest_vishu,-0.00019
MED00124,10,fest_vishu,-0.00267
MED00125,10,fest_vishu,-0.00098
MED00126,10,fest_vishu,0.00033
MED00127,10,fest_vishu,-0.00168
MED00128,10,fest_vishu,-0.00226
MED00129,10,fest_vishu,-0.00199
MED00130,10,fest_vishu,-0.00103
MED00131,10,fest_vishu,-0.00112
MED00132,10,fest_vishu,-0.00045
MED00133,10,fest_vishu,0.00114
MED00134,10,fest_vishu,-0.00072
MED00135,10,fest_vishu,0.00027
MED00136,10,fest_vishu,-0.00417
MED00137,10,fest_vishu,-0.00039
MED00138,10,fest_vishu,-0.00321
MED00139,10,fest_vishu,-0.00231
MED00140,10,fest_vishu,-0.00107
MED00141,10,fest_vishu,-0.00135
MED00142,10,fest_vishu,-0.00181
MED00143,10,fest_vishu,-0.00175
MED00144,10,fest_vishu,-0.00259
MED00145,10,fest_vishu,-0.00155
MED00146,10,fest_vishu,-0.00272
MED00147,10,fest_vishu,-0.00159
MED00148,10,fest_vishu,-0.0021
MED00149,10,fest_vishu,-0.00278
MED00150,10,fest_vishu,-0.00172
MED00151,10,fest_vishu,-0.0024
MED00152,10,fest_vishu,-0.00313
MED00153,10,fest_vishu,-0.00227
MED00154,10,fest_vishu,-0.00069
MED00155,10,fest_vishu,-0.0032
MED00156,10,fest_vishu,-0.00252
MED00157,10,fest_vishu,-0.00214
MED00158,10,fest_vishu,-0.00054
MED00159,10,fest_vishu,-0.00223
MED00160,10,fest_vishu,-0.00282
MED00161,10,fest_vishu,-0.0025
MED00162,10,fest_vishu,-0.00241
MED00163,10,fest_vishu,-0.00143
MED00164,10,fest_vishu,-0.0008
MED00165,10,fest_vishu,-0.00131
MED00166,10,fest_vishu,-0.00201
MED00167,10,fest_vishu,-0.00169
MED00168,10,fest_vishu,-0.00258
MED00169,10,fest_vishu,-0.00244
MED00170,10,fest_vishu,-0.00136
MED00171,10,fest_vishu,-0.0026
MED00172,10,fest_vishu,-0.00262
MED00173,10,fest_vishu,-0.00308
MED00174,10,fest_vishu,-0.00037
MED00175,10,fest_vishu,-0.00034
MED00176,10,fest_vishu,-0.00232
MED00177,10,fest_vishu,-0.00047
MED00178,10,fest_vishu,-0.00035
MED00179,10,fest_vishu,-0.00195
MED00180,10,fest_vishu,-0.00195
MED00181,10,fest_vishu,-0.00294
MED00182,10,fest_vishu,-0.00082
MED00183,10,fest_vishu,-0.00257
MED00184,10,fest_vishu,0.00099
MED00185,10,fest_vishu,-0.00219
MED00186,10,fest_vishu,-0.00184
MED00187,10,fest_vishu,0.00102
MED00188,10,fest_vishu,-0.00208
MED00189,10,fest_vishu,-0.00095
MED00190,10,fest_vishu,-0.00259
MED00191,10,fest_vishu,-0.00223
MED00192,10,fest_vishu,-0.0009
MED00193,10,fest_vishu,-0.00092
MED00194,10,fest_vishu,0.00054
MED00195,10,fest_vishu,0.00054
MED00196,10,fest_vishu,0.00103
MED00197,10,fest_vishu,-0.00014
MED00198,10,fest_vishu,-0.00183
MED00199,10,fest_vishu,-0.00041
MED00200,10,fest_vishu,-0.00181
MED00201,10,fest_vishu,-0.00164
MED00202,10,fest_vishu,-0.00195
MED00203,10,fest_vishu,-0.002
MED00204,10,fest_vishu,-0.00188
MED00205,10,fest_vishu,-0.00234
MED00206,10,fest_vishu,-0.00101
MED00207,10,fest_vishu,-0.00275
MED00208,10,fest_vishu,-0.00234
MED00209,10,fest_vishu,-0.0007
MED00210,10,fest_vishu,-0.00106
MED00211,10,fest_vishu,-0.00325
MED00212,10,fest_vishu,-0.00134
MED00213,10,fest_vishu,-0.00047
MED00214,10,fest_vishu,-0.00273
MED00215,10,fest_vishu,-0.00281
MED00216,10,fest_vishu,-0.0031
MED00217,10,fest_vishu,-0.00078
MED00218,10,fest_vishu,-0.00246
MED00219,10,fest_vishu,-0.00034
MED00220,10,fest_vishu,-0.00279
MED00221,10,fest_vishu,-0.00068
MED00222,10,fest_vishu,-0.00149
MED00223,10,fest_vishu,-0.0031
MED00224,10,fest_vishu,-0.00099
MED00225,10,fest_vishu,-0.00274
MED00226,10,fest_vishu,-0.00171
MED00227,10,fest_vishu,-0.00033
MED00228,10,fest_vishu,-0.00085
MED00229,10,fest_vishu,-0.00033
MED00230,10,fest_vishu,-0.00328
MED00231,10,fest_vishu,-0.00164
MED00232,10,fest_vishu,-0.00225
MED00233,10,fest_vishu,-0.00041
MED00234,10,fest_vishu,-0.00175
MED00235,10,fest_vishu,-0.00373
MED00236,10,fest_vishu,-0.0024
MED00237,10,fest_vishu,-0.00041
MED00238,10,fest_vishu,-0.00212
MED00239,10,fest_vishu,-0.00262
MED00240,10,fest_vishu,-0.00193
MED00241,10,fest_vishu,-0.00203
MED00242,10,fest_vishu,-0.00171
MED00243,10,fest_vishu,-0.00061
MED00244,10,fest_vishu,-0.00269
MED00245,10,fest_vishu,-0.00395
MED00246,10,fest_vishu,-0.0028
MED00247,10,fest_vishu,-0.0023
MED00248,10,fest_vishu,-0.00095
MED00249,10,fest_vishu,-0.00013
MED00250,10,fest_vishu,-0.0007
MED00251,10,fest_vishu,-0.00239
MED00252,10,fest_vishu,-0.00126
MED00253,10,fest_vishu,-0.0028
MED00254,10,fest_vishu,-0.00142
MED00255,10,fest_vishu,-0.00143
MED00256,10,fest_vishu,-0.00214
MED00257,10,fest_vishu,-0.00074
MED00258,10,fest_vishu,-0.00291
MED00259,10,fest_vishu,-0.00307
MED00260,10,fest_vishu,-0.00114
MED00261,10,fest_vishu,-0.00034
MED00262,10,fest_vishu,-0.00127
MED00263,10,fest_vishu,-0.00306
MED00264,10,fest_vishu,-0.0033
MED00265,10,fest_vishu,-0.00229
MED00267,10,fest_vishu,-0.0029
MED00268,10,fest_vishu,-0.00267
MED00269,10,fest_vishu,-0.0025
MED00270,10,fest_vishu,-0.00296
MED00271,10,fest_vishu,-0.00101
MED00272,10,fest_vishu,-0.00157
MED00273,10,fest_vishu,-0.00162
MED00274,10,fest_vishu,-0.00027
MED00275,10,fest_vishu,-0.00213
MED00276,10,fest_vishu,-0.00257
MED00277,10,fest_vishu,-0.00094
MED00278,10,fest_vishu,-0.00238
MED00280,10,fest_vishu,-0.00078
MED00281,10,fest_vishu,-0.00144
MED00282,10,fest_vishu,-0.00214
MED00283,10,fest_vishu,-0.00314
MED00284,10,fest_vishu,-0.00076
MED00285,10,fest_vishu,-0.0029
MED00286,10,fest_vishu,-0.00124
MED00287,10,fest_vishu,-0.00327
MED00288,10,fest_vishu,-0.00127
MED00289,10,fest_vishu,-0.00131
MED00290,10,fest_vishu,-0.00194
MED00291,10,fest_vishu,0.00262
MED00292,10,fest_vishu,-0.00215
MED00293,10,fest_vishu,-0.00111
MED00294,10,fest_vishu,-0.00138
MED00295,10,fest_vishu,-0.00073
MED00296,10,fest_vishu,-0.00284
MED00297,10,fest_vishu,-0.00247
MED00298,10,fest_vishu,-0.00319
MED00299,10,fest_vishu,-0.00599
MED00300,10,fest_vishu,-0.00194
MED00301,10,fest_vishu,-0.00307
MED00302,10,fest_vishu,-0.00073
MED00303,10,fest_vishu,-1e-04
MED00304,10,fest_vishu,-0.00046
MED00305,10,fest_vishu,-0.00181
MED00306,10,fest_vishu,-0.0014
MED00307,10,fest_vishu,-0.00062
MED00308,10,fest_vishu,0.00016
MED00309,10,fest_vishu,-0.00063
MED00310,10,fest_vishu,-0.00228
MED00311,10,fest_vishu,-0.00096
MED00312,10,fest_vishu,0.00028
MED00313,10,fest_vishu,-0.00064
MED00314,10,fest_vishu,0.00068
MED00315,10,fest_vishu,-0.00226
MED00316,10,fest_vishu,-0.00239
MED00317,10,fest_vishu,-0.00299
MED00318,10,fest_vishu,-0.00256
MED00319,10,fest_vishu,-0.00246
MED00320,10,fest_vishu,-0.00112
MED00321,10,fest_vishu,-0.00021
MED00322,10,fest_vishu,-0.00105
MED00323,10,fest_vishu,-0.00067
MED00324,10,fest_vishu,0.00019
MED00325,10,fest_vishu,-0.00248
MED00326,10,fest_vishu,-0.00236
MED00327,10,fest_vishu,-0.00304
MED00328,10,fest_vishu,-0.00222
MED00329,10,fest_vishu,-0.00243
MED00330,10,fest_vishu,-0.00265
MED00331,10,fest_vishu,-0.00143
MED00332,10,fest_vishu,-0.00265
MED00333,10,fest_vishu,-0.00261
MED00334,10,fest_vishu,-0.00052
MED00335,10,fest_vishu,-0.00263
MED00336,10,fest_vishu,-0.00243
MED00337,10,fest_vishu,-0.00239
MED00338,10,fest_vishu,0.00099
MED00340,10,fest_vishu,-0.00109
MED00341,10,fest_vishu,-0.00308
MED00342,10,fest_vishu,-0.00253
MED00343,10,fest_vishu,-0.00222
MED00345,10,fest_vishu,-0.00099
MED00346,10,fest_vishu,-0.00261
MED00347,10,fest_vishu,-0.00259
MED00348,10,fest_vishu,-0.0021
MED00349,10,fest_vishu,-0.00269
MED00350,10,fest_vishu,-0.00066
MED00352,10,fest_vishu,-0.00119
MED00353,10,fest_vishu,-0.00051
MED00354,10,fest_vishu,0.00057
MED00355,10,fest_vishu,-0.00169
MED00356,10,fest_vishu,-0.00208
MED00357,10,fest_vishu,-0.00096
MED00358,10,fest_vishu,-0.0015
MED00359,10,fest_vishu,-0.00183
MED00360,10,fest_vishu,-0.00178
MED00361,10,fest_vishu,-0.00301
MED00362,10,fest_vishu,-0.00422
MED00363,10,fest_vishu,-0.00184
MED00364,10,fest_vishu,-0.00285
MED00365,10,fest_vishu,-0.00268
MED00366,10,fest_vishu,-0.00236
MED00367,10,fest_vishu,-0.00248
MED00368,10,fest_vishu,-0.00263
MED00369,10,fest_vishu,-0.0015
MED00370,10,fest_vishu,-0.00149
MED00371,10,fest_vishu,-0.00071
MED00372,10,fest_vishu,-0.00091
MED00373,10,fest_vishu,-0.00167
MED00374,10,fest_vishu,-0.00151
MED00375,10,fest_vishu,-0.0012
MED00376,10,fest_vishu,-0.00245
MED00377,10,fest_vishu,-0.00116
MED00378,10,fest_vishu,-0.00292
MED00379,10,fest_vishu,-0.00019
MED00380,10,fest_vishu,0.00064
MED00381,10,fest_vishu,-0.00072
MED00382,10,fest_vishu,-0.00227
MED00383,10,fest_vishu,-0.00247
MED00384,10,fest_vishu,-0.00239
MED00385,10,fest_vishu,-0.0015
MED00386,10,fest_vishu,-0.00156
MED00387,10,fest_vishu,-0.0022
MED00388,10,fest_vishu,-0.00204
MED00389,10,fest_vishu,-0.00051
MED00390,10,fest_vishu,-0.00101
MED00391,10,fest_vishu,-0.00018
MED00392,10,fest_vishu,-0.00141
MED00393,10,fest_vishu,-0.00086
MED00394,10,fest_vishu,-0.00227
MED00395,10,fest_vishu,-0.00538
MED00396,10,fest_vishu,-0.00236
MED00397,10,fest_vishu,-0.00196
MED00398,10,fest_vishu,-0.00066
MED00399,10,fest_vishu,0.00016
MED00400,10,fest_vishu,-0.00193
MED00401,10,fest_vishu,-0.00216
MED00402,10,fest_vishu,-0.00109
MED00403,10,fest_vishu,-0.00156
MED00404,10,fest_vishu,-0.00224
MED00405,10,fest_vishu,-0.00212
MED00406,10,fest_vishu,-0.0007
MED00407,10,fest_vishu,-0.0021
MED00408,10,fest_vishu,-0.00176
MED00409,10,fest_vishu,0.00022
MED00411,10,fest_vishu,-0.00177
MED00412,10,fest_vishu,-0.00179
MED00413,10,fest_vishu,-0.00018
MED00414,10,fest_vishu,-0.00175
MED00415,10,fest_vishu,-0.00194
MED00416,10,fest_vishu,-0.00055
MED00417,10,fest_vishu,-0.00182
MED00418,10,fest_vishu,-0.00186
MED00419,10,fest_vishu,-0.00062
MED00420,10,fest_vishu,-0.00044
MED00421,10,fest_vishu,0.00053
MED00422,10,fest_vishu,-0.00086
MED00423,10,fest_vishu,-0.00201
MED00424,10,fest_vishu,-0.00518
MED00001,11,fest_vishu,-0.00231
MED00002,11,fest_vishu,-0.00072
MED00003,11,fest_vishu,-0.00126
MED00004,11,fest_vishu,-0.0003
MED00005,11,fest_vishu,0.00036
MED00006,11,fest_vishu,-0.00133
MED00007,11,fest_vishu,-0.00189
MED00008,11,fest_vishu,-0.00167
MED00009,11,fest_vishu,-0.00226
MED00010,11,fest_vishu,-0.00107
MED00011,11,fest_vishu,-0.00382
MED00012,11,fest_vishu,-0.00165
MED00013,11,fest_vishu,-0.00257
MED00014,11,fest_vishu,-0.00129
MED00015,11,fest_vishu,-0.00197
MED00016,11,fest_vishu,-0.00256
MED00017,11,fest_vishu,-0.00276
MED00018,11,fest_vishu,-0.00172
MED00019,11,fest_vishu,-0.0011
MED00020,11,fest_vishu,-0.00102
MED00021,11,fest_vishu,-0.00059
MED00022,11,fest_vishu,-0.00158
MED00023,11,fest_vishu,-0.00122
MED00024,11,fest_vishu,-0.00132
MED00025,11,fest_vishu,-0.00286
MED00026,11,fest_vishu,-0.00086
MED00027,11,fest_vishu,-0.00072
MED00028,11,fest_vishu,-0.00154
MED00029,11,fest_vishu,-0.00038
MED00030,11,fest_vishu,-0.00043
MED00031,11,fest_vishu,-0.0011
MED00032,11,fest_vishu,-0.00219
MED00033,11,fest_vishu,-0.00079
MED00034,11,fest_vishu,0.00073
MED00035,11,fest_vishu,-0.00103
MED00036,11,fest_vishu,-0.00199
MED00037,11,fest_vishu,0.00068
MED00038,11,fest_vishu,-0.00158
MED00039,11,fest_vishu,-0.00142
MED00040,11,fest_vishu,-0.00357
MED00042,11,fest_vishu,-0.00212
MED00043,11,fest_vishu,-0.00152
MED00044,11,fest_vishu,-0.00054
MED00045,11,fest_vishu,-0.00125
MED00046,11,fest_vishu,-0.00041
MED00047,11,fest_vishu,-0.00264
MED00048,11,fest_vishu,-0.00221
MED00049,11,fest_vishu,-0.00104
MED00050,11,fest_vishu,-0.00302
MED00051,11,fest_vishu,-0.00071
MED00052,11,fest_vishu,-0.00136
MED00053,11,fest_vishu,-0.00159
MED00055,11,fest_vishu,-0.0008
MED00056,11,fest_vishu,-0.00261
MED00057,11,fest_vishu,-0.00338
MED00058,11,fest_vishu,-0.00129
MED00059,11,fest_vishu,-0.00142
MED00060,11,fest_vishu,-0.00217
MED00061,11,fest_vishu,-0.0015
MED00062,11,fest_vishu,-0.00242
MED00063,11,fest_vishu,-0.00221
MED00064,11,fest_vishu,-0.00084
MED00065,11,fest_vishu,-0.00176
MED00066,11,fest_vishu,-0.00175
MED00067,11,fest_vishu,-0.00272
MED00068,11,fest_vishu,-0.001
MED00069,11,fest_vishu,-0.00143
MED00070,11,fest_vishu,-0.00086
MED00071,11,fest_vishu,-0.0007
MED00072,11,fest_vishu,-0.00196
MED00073,11,fest_vishu,-0.00197
MED00074,11,fest_vishu,-0.00108
MED00075,11,fest_vishu,-0.00201
MED00076,11,fest_vishu,-0.00075
MED00077,11,fest_vishu,-0.00186
MED00078,11,fest_vishu,-0.00039
MED00079,11,fest_vishu,-0.00105
MED00080,11,fest_vishu,-0.00181
MED00081,11,fest_vishu,-0.00109
MED00082,11,fest_vishu,-0.00033
MED00083,11,fest_vishu,-0.0024
MED00084,11,fest_vishu,-0.00015
MED00085,11,fest_vishu,-0.00301
MED00086,11,fest_vishu,-0.00179
MED00087,11,fest_vishu,-0.00136
MED00088,11,fest_vishu,-0.00017
MED00090,11,fest_vishu,-0.00153
MED00091,11,fest_vishu,-0.0019
MED00092,11,fest_vishu,-0.00105
MED00093,11,fest_vishu,-0.00056
MED00094,11,fest_vishu,-0.00101
MED00095,11,fest_vishu,-0.00302
MED00096,11,fest_vishu,-0.00128
MED00097,11,fest_vishu,-0.00064
MED00098,11,fest_vishu,-0.0025
MED00099,11,fest_vishu,-0.00099
MED00100,11,fest_vishu,-0.00245
MED00101,11,fest_vishu,-0.00226
MED00102,11,fest_vishu,0.00211
MED00103,11,fest_vishu,-0.00275
MED00104,11,fest_vishu,-0.00223
MED00105,11,fest_vishu,-0.00227
MED00106,11,fest_vishu,-0.0026
MED00107,11,fest_vishu,-0.00255
MED00108,11,fest_vishu,-0.00326
MED00109,11,fest_vishu,-0.0031
MED00110,11,fest_vishu,-0.00085
MED00111,11,fest_vishu,-0.00176
MED00112,11,fest_vishu,-0.00296
MED00113,11,fest_vishu,-0.00166
MED00114,11,fest_vishu,-0.00013
MED00115,11,fest_vishu,-0.00287
MED00116,11,fest_vishu,-0.00088
MED00117,11,fest_vishu,-0.00153
MED00118,11,fest_vishu,-0.00136
MED00119,11,fest_vishu,-0.001
MED00120,11,fest_vishu,0.00256
MED00121,11,fest_vishu,-0.00277
MED00122,11,fest_vishu,-0.00266
MED00123,11,fest_vishu,-0.00024
MED00124,11,fest_vishu,-0.00267
MED00125,11,fest_vishu,-0.00103
MED00126,11,fest_vishu,0.00027
MED00127,11,fest_vishu,-0.00171
MED00128,11,fest_vishu,-0.00226
MED00129,11,fest_vishu,-0.00199
MED00130,11,fest_vishu,-0.00109
MED00131,11,fest_vishu,-0.00112
MED00132,11,fest_vishu,-0.00051
MED00133,11,fest_vishu,0.00108
MED00134,11,fest_vishu,-0.00078
MED00135,11,fest_vishu,0.00029
MED00136,11,fest_vishu,-0.00417
MED00137,11,fest_vishu,-0.00037
MED00138,11,fest_vishu,-0.0032
MED00139,11,fest_vishu,-0.00231
MED00140,11,fest_vishu,-0.00107
MED00141,11,fest_vishu,-0.00135
MED00142,11,fest_vishu,-0.00181
MED00143,11,fest_vishu,-0.00175
MED00144,11,fest_vishu,-0.0026
MED00145,11,fest_vishu,-0.0016
MED00146,11,fest_vishu,-0.00272
MED00147,11,fest_vishu,-0.00163
MED00148,11,fest_vishu,-0.00213
MED00149,11,fest_vishu,-0.00279
MED00150,11,fest_vishu,-0.00177
MED00151,11,fest_vishu,-0.00241
MED00152,11,fest_vishu,-0.00313
MED00153,11,fest_vishu,-0.00228
MED00154,11,fest_vishu,-0.00069
MED00155,11,fest_vishu,-0.0032
MED00156,11,fest_vishu,-0.00256
MED00157,11,fest_vishu,-0.00214
MED00158,11,fest_vishu,-0.00067
MED00159,11,fest_vishu,-0.00221
MED00160,11,fest_vishu,-0.00283
MED00161,11,fest_vishu,-0.0025
MED00162,11,fest_vishu,-0.00241
MED00163,11,fest_vishu,-0.00148
MED00164,11,fest_vishu,-0.0008
MED00165,11,fest_vishu,-0.00129
MED00166,11,fest_vishu,-0.00201
MED00167,11,fest_vishu,-0.00169
MED00168,11,fest_vishu,-0.00258
MED00169,11,fest_vishu,-0.00242
MED00170,11,fest_vishu,-0.00138
MED00171,11,fest_vishu,-0.0026
MED00172,11,fest_vishu,-0.00267
MED00173,11,fest_vishu,-0.00308
MED00174,11,fest_vishu,-0.00027
MED00175,11,fest_vishu,-0.00038
MED00176,11,fest_vishu,-0.00232
MED00177,11,fest_vishu,-0.00061
MED00178,11,fest_vishu,-0.00041
MED00179,11,fest_vishu,-0.00193
MED00180,11,fest_vishu,-0.00196
MED00181,11,fest_vishu,-0.00294
MED00182,11,fest_vishu,-0.00095
MED00183,11,fest_vishu,-0.00257
MED00184,11,fest_vishu,0.00101
MED00185,11,fest_vishu,-0.00218
MED00186,11,fest_vishu,-0.00184
MED00187,11,fest_vishu,0.00097
MED00188,11,fest_vishu,-0.00208
MED00189,11,fest_vishu,-0.001
MED00190,11,fest_vishu,-0.0026
MED00191,11,fest_vishu,-0.00223
MED00192,11,fest_vishu,-0.00091
MED00193,11,fest_vishu,-0.00093
MED00194,11,fest_vishu,0.00056
MED00195,11,fest_vishu,0.00056
MED00196,11,fest_vishu,0.00103
MED00197,11,fest_vishu,-0.00012
MED00198,11,fest_vishu,-0.00183
MED00199,11,fest_vishu,-0.00038
MED00200,11,fest_vishu,-0.00181
MED00201,11,fest_vishu,-0.00167
MED00202,11,fest_vishu,-0.00195
MED00203,11,fest_vishu,-0.002
MED00204,11,fest_vishu,-0.00194
MED00205,11,fest_vishu,-0.00235
MED00206,11,fest_vishu,-0.00106
MED00207,11,fest_vishu,-0.00275
MED00208,11,fest_vishu,-0.00234
MED00209,11,fest_vishu,-0.00076
MED00210,11,fest_vishu,-0.00107
MED00211,11,fest_vishu,-0.00325
MED00212,11,fest_vishu,-0.00133
MED00213,11,fest_vishu,-0.00052
MED00214,11,fest_vishu,-0.00274
MED00215,11,fest_vishu,-0.00281
MED00216,11,fest_vishu,-0.00315
MED00217,11,fest_vishu,-0.00083
MED00218,11,fest_vishu,-0.00246
MED00219,11,fest_vishu,-0.00039
MED00220,11,fest_vishu,-0.0028
MED00221,11,fest_vishu,-0.00068
MED00222,11,fest_vishu,-0.00148
MED00223,11,fest_vishu,-0.00308
MED00224,11,fest_vishu,-0.00099
MED00225,11,fest_vishu,-0.00274
MED00226,11,fest_vishu,-0.00171
MED00227,11,fest_vishu,-0.00033
MED00228,11,fest_vishu,-0.00089
MED00229,11,fest_vishu,-0.00039
MED00230,11,fest_vishu,-0.0033
MED00231,11,fest_vishu,-0.00164
MED00232,11,fest_vishu,-0.00225
MED00233,11,fest_vishu,-0.00047
MED00234,11,fest_vishu,-0.00175
MED00235,11,fest_vishu,-0.00369
MED00236,11,fest_vishu,-0.00241
MED00237,11,fest_vishu,-0.00046
MED00238,11,fest_vishu,-0.00212
MED00239,11,fest_vishu,-0.00262
MED00240,11,fest_vishu,-0.00193
MED00241,11,fest_vishu,-0.00205
MED00242,11,fest_vishu,-0.00169
MED00243,11,fest_vishu,-0.00062
MED00244,11,fest_vishu,-0.0027
MED00245,11,fest_vishu,-0.00391
MED00246,11,fest_vishu,-0.0028
MED00247,11,fest_vishu,-0.00231
MED00248,11,fest_vishu,-0.00098
MED00249,11,fest_vishu,-0.00013
MED00250,11,fest_vishu,-0.0007
MED00251,11,fest_vishu,-0.00239
MED00252,11,fest_vishu,-0.00125
MED00253,11,fest_vishu,-0.00281
MED00254,11,fest_vishu,-0.00148
MED00255,11,fest_vishu,-0.0014
MED00256,11,fest_vishu,-0.00213
MED00257,11,fest_vishu,-0.00074
MED00258,11,fest_vishu,-0.00291
MED00259,11,fest_vishu,-0.00308
MED00260,11,fest_vishu,-0.00114
MED00261,11,fest_vishu,-0.00034
MED00262,11,fest_vishu,-0.00127
MED00263,11,fest_vishu,-0.00305
MED00264,11,fest_vishu,-0.00335
MED00265,11,fest_vishu,-0.0023
MED00266,11,fest_vishu,0.00023
MED00267,11,fest_vishu,-0.0029
MED00268,11,fest_vishu,-0.00266
MED00269,11,fest_vishu,-0.0025
MED00270,11,fest_vishu,-0.00295
MED00271,11,fest_vishu,-0.00106
MED00272,11,fest_vishu,-0.00161
MED00273,11,fest_vishu,-0.00166
MED00274,11,fest_vishu,-0.00033
MED00275,11,fest_vishu,-0.00214
MED00276,11,fest_vishu,-0.00263
MED00277,11,fest_vishu,-0.001
MED00278,11,fest_vishu,-0.00239
MED00280,11,fest_vishu,-0.00083
MED00281,11,fest_vishu,-0.00145
MED00282,11,fest_vishu,-0.00213
MED00283,11,fest_vishu,-0.00314
MED00284,11,fest_vishu,-0.00076
MED00285,11,fest_vishu,-0.0029
MED00286,11,fest_vishu,-0.00128
MED00287,11,fest_vishu,-0.00329
MED00288,11,fest_vishu,-0.00132
MED00289,11,fest_vishu,-0.00131
MED00290,11,fest_vishu,-0.00194
MED00291,11,fest_vishu,0.00271
MED00292,11,fest_vishu,-0.00219
MED00293,11,fest_vishu,-0.00109
MED00294,11,fest_vishu,-0.00138
MED00295,11,fest_vishu,-0.00073
MED00296,11,fest_vishu,-0.00284
MED00297,11,fest_vishu,-0.00247
MED00298,11,fest_vishu,-0.00319
MED00299,11,fest_vishu,-0.0053
MED00300,11,fest_vishu,-0.00194
MED00301,11,fest_vishu,-0.00307
MED00302,11,fest_vishu,-0.00071
MED00303,11,fest_vishu,-0.00016
MED00304,11,fest_vishu,-0.00046
MED00305,11,fest_vishu,-0.00181
MED00306,11,fest_vishu,-0.00145
MED00307,11,fest_vishu,-0.00062
MED00308,11,fest_vishu,0.00017
MED00309,11,fest_vishu,-0.00063
MED00310,11,fest_vishu,-0.00232
MED00311,11,fest_vishu,-0.00102
MED00312,11,fest_vishu,0.00022
MED00313,11,fest_vishu,-0.0007
MED00314,11,fest_vishu,0.0007
MED00315,11,fest_vishu,-0.00226
MED00316,11,fest_vishu,-0.00239
MED00317,11,fest_vishu,-0.00299
MED00318,11,fest_vishu,-0.00256
MED00319,11,fest_vishu,-0.00246
MED00320,11,fest_vishu,-0.0011
MED00321,11,fest_vishu,-0.00026
MED00322,11,fest_vishu,-0.00111
MED00323,11,fest_vishu,-0.00071
MED00324,11,fest_vishu,0.00022
MED00325,11,fest_vishu,-0.00248
MED00326,11,fest_vishu,-0.00232
MED00327,11,fest_vishu,-0.00304
MED00328,11,fest_vishu,-0.00222
MED00329,11,fest_vishu,-0.00243
MED00330,11,fest_vishu,-0.00264
MED00331,11,fest_vishu,-0.00142
MED00332,11,fest_vishu,-0.00266
MED00333,11,fest_vishu,-0.00261
MED00334,11,fest_vishu,-0.00042
MED00335,11,fest_vishu,-0.00261
MED00336,11,fest_vishu,-0.00243
MED00337,11,fest_vishu,-0.00236
MED00338,11,fest_vishu,0.00101
MED00340,11,fest_vishu,-0.00114
MED00341,11,fest_vishu,-0.00308
MED00342,11,fest_vishu,-0.00253
MED00343,11,fest_vishu,-0.00222
MED00345,11,fest_vishu,-0.00104
MED00346,11,fest_vishu,-0.00261
MED00347,11,fest_vishu,-0.00264
MED00348,11,fest_vishu,-0.0021
MED00349,11,fest_vishu,-0.00268
MED00350,11,fest_vishu,-0.00072
MED00352,11,fest_vishu,-0.00125
MED00353,11,fest_vishu,-0.00056
MED00354,11,fest_vishu,0.00051
MED00355,11,fest_vishu,-0.00174
MED00356,11,fest_vishu,-0.00208
MED00357,11,fest_vishu,-0.00102
MED00358,11,fest_vishu,-0.00153
MED00359,11,fest_vishu,-0.00183
MED00360,11,fest_vishu,-0.00175
MED00361,11,fest_vishu,-0.00301
MED00362,11,fest_vishu,-0.00423
MED00363,11,fest_vishu,-0.00184
MED00364,11,fest_vishu,-0.0029
MED00365,11,fest_vishu,-0.00268
MED00366,11,fest_vishu,-0.00238
MED00367,11,fest_vishu,-0.00248
MED00368,11,fest_vishu,-0.00263
MED00369,11,fest_vishu,-0.0015
MED00370,11,fest_vishu,-0.00148
MED00371,11,fest_vishu,-0.0007
MED00372,11,fest_vishu,-0.00096
MED00373,11,fest_vishu,-0.00172
MED00374,11,fest_vishu,-0.00155
MED00375,11,fest_vishu,-0.0012
MED00376,11,fest_vishu,-0.00246
MED00377,11,fest_vishu,-0.00116
MED00378,11,fest_vishu,-0.00292
MED00379,11,fest_vishu,-0.00024
MED00380,11,fest_vishu,0.00059
MED00381,11,fest_vishu,-0.00078
MED00382,11,fest_vishu,-0.0023
MED00383,11,fest_vishu,-0.00247
MED00384,11,fest_vishu,-0.00239
MED00385,11,fest_vishu,-0.00154
MED00386,11,fest_vishu,-0.00156
MED00387,11,fest_vishu,-0.0022
MED00388,11,fest_vishu,-0.00204
MED00389,11,fest_vishu,-0.0005
MED00390,11,fest_vishu,-0.00101
MED00391,11,fest_vishu,-0.00024
MED00392,11,fest_vishu,-0.00147
MED00393,11,fest_vishu,-0.00092
MED00394,11,fest_vishu,-0.00229
MED00395,11,fest_vishu,-0.00539
MED00396,11,fest_vishu,-0.00233
MED00397,11,fest_vishu,-0.00196
MED00398,11,fest_vishu,-0.00065
MED00399,11,fest_vishu,0.00017
MED00400,11,fest_vishu,-0.0019
MED00401,11,fest_vishu,-0.00215
MED00402,11,fest_vishu,-0.00109
MED00403,11,fest_vishu,-0.00159
MED00404,11,fest_vishu,-0.00243
MED00405,11,fest_vishu,-0.00212
MED00406,11,fest_vishu,-0.0007
MED00407,11,fest_vishu,-0.0021
MED00408,11,fest_vishu,-0.00176
MED00409,11,fest_vishu,0.00023
MED00411,11,fest_vishu,-0.00181
MED00412,11,fest_vishu,-0.00185
MED00413,11,fest_vishu,-0.00024
MED00414,11,fest_vishu,-0.00176
MED00415,11,fest_vishu,-0.002
MED00416,11,fest_vishu,-0.00061
MED00417,11,fest_vishu,-0.00185
MED00418,11,fest_vishu,-0.0019
MED00419,11,fest_vishu,-0.00066
MED00420,11,fest_vishu,-0.00044
MED00421,11,fest_vishu,0.00072
MED00422,11,fest_vishu,-0.00091
MED00423,11,fest_vishu,-0.00207
MED00424,11,fest_vishu,-0.00518
MED00001,12,fest_vishu,-0.00232
MED00002,12,fest_vishu,-0.00074
MED00003,12,fest_vishu,-0.00129
MED00004,12,fest_vishu,-0.00032
MED00005,12,fest_vishu,0.00035
MED00006,12,fest_vishu,-0.00136
MED00007,12,fest_vishu,-0.00191
MED00008,12,fest_vishu,-0.00169
MED00009,12,fest_vishu,-0.00227
MED00010,12,fest_vishu,-0.00109
MED00011,12,fest_vishu,-0.00384
MED00012,12,fest_vishu,-0.00166
MED00013,12,fest_vishu,-0.00261
MED00014,12,fest_vishu,-0.00131
MED00015,12,fest_vishu,-0.002
MED00016,12,fest_vishu,-0.00257
MED00017,12,fest_vishu,-0.00277
MED00018,12,fest_vishu,-0.00191
MED00019,12,fest_vishu,-0.00112
MED00020,12,fest_vishu,-0.00103
MED00021,12,fest_vishu,-0.0006
MED00022,12,fest_vishu,-0.00159
MED00023,12,fest_vishu,-0.00124
MED00024,12,fest_vishu,-0.00133
MED00025,12,fest_vishu,-0.00287
MED00026,12,fest_vishu,-0.00087
MED00027,12,fest_vishu,-0.00073
MED00028,12,fest_vishu,-0.00156
MED00029,12,fest_vishu,-0.00039
MED00030,12,fest_vishu,-0.00045
MED00031,12,fest_vishu,-0.00112
MED00032,12,fest_vishu,-0.0022
MED00033,12,fest_vishu,-0.00081
MED00034,12,fest_vishu,0.00078
MED00035,12,fest_vishu,-0.00099
MED00036,12,fest_vishu,-0.002
MED00037,12,fest_vishu,0.00067
MED00038,12,fest_vishu,-0.00159
MED00039,12,fest_vishu,-0.00143
MED00040,12,fest_vishu,-0.00358
MED00041,12,fest_vishu,0.00018
MED00042,12,fest_vishu,-0.00213
MED00043,12,fest_vishu,-0.00153
MED00044,12,fest_vishu,-0.00059
MED00045,12,fest_vishu,-0.00126
MED00046,12,fest_vishu,-0.00043
MED00047,12,fest_vishu,-0.00268
MED00048,12,fest_vishu,-0.00222
MED00049,12,fest_vishu,-0.00107
MED00050,12,fest_vishu,-0.00302
MED00051,12,fest_vishu,-0.00075
MED00052,12,fest_vishu,-0.00138
MED00053,12,fest_vishu,-0.0016
MED00055,12,fest_vishu,-0.00081
MED00056,12,fest_vishu,-0.00263
MED00057,12,fest_vishu,-0.00336
MED00058,12,fest_vishu,-0.00132
MED00059,12,fest_vishu,-0.00142
MED00060,12,fest_vishu,-0.00219
MED00061,12,fest_vishu,-0.00152
MED00062,12,fest_vishu,-0.00243
MED00063,12,fest_vishu,-0.00225
MED00064,12,fest_vishu,-0.00085
MED00065,12,fest_vishu,-0.00194
MED00066,12,fest_vishu,-0.00177
MED00067,12,fest_vishu,-0.00273
MED00068,12,fest_vishu,-0.00101
MED00069,12,fest_vishu,-0.00148
MED00070,12,fest_vishu,-0.00093
MED00071,12,fest_vishu,-0.00075
MED00072,12,fest_vishu,-0.00201
MED00073,12,fest_vishu,-0.00199
MED00074,12,fest_vishu,-0.00113
MED00075,12,fest_vishu,-0.00202
MED00076,12,fest_vishu,-0.00077
MED00077,12,fest_vishu,-0.00188
MED00078,12,fest_vishu,-0.00044
MED00079,12,fest_vishu,-0.00107
MED00080,12,fest_vishu,-0.00182
MED00081,12,fest_vishu,-0.00112
MED00082,12,fest_vishu,-0.00038
MED00083,12,fest_vishu,-0.00241
MED00084,12,fest_vishu,-0.00017
MED00085,12,fest_vishu,-0.00303
MED00086,12,fest_vishu,-0.00161
MED00087,12,fest_vishu,-0.00147
MED00088,12,fest_vishu,-0.00019
MED00090,12,fest_vishu,-0.00154
MED00091,12,fest_vishu,-0.00195
MED00092,12,fest_vishu,-0.00106
MED00093,12,fest_vishu,-0.00052
MED00094,12,fest_vishu,-0.00102
MED00095,12,fest_vishu,-0.00304
MED00096,12,fest_vishu,-0.00133
MED00097,12,fest_vishu,-0.00065
MED00098,12,fest_vishu,-0.00251
MED00099,12,fest_vishu,-0.00099
MED00100,12,fest_vishu,-0.00248
MED00101,12,fest_vishu,-0.00229
MED00102,12,fest_vishu,0.00211
MED00103,12,fest_vishu,-0.00277
MED00104,12,fest_vishu,-0.00225
MED00105,12,fest_vishu,-0.00229
MED00106,12,fest_vishu,-0.00263
MED00107,12,fest_vishu,-0.00258
MED00108,12,fest_vishu,-0.00326
MED00109,12,fest_vishu,-0.00312
MED00110,12,fest_vishu,-0.00084
MED00111,12,fest_vishu,-0.00182
MED00112,12,fest_vishu,-0.00297
MED00113,12,fest_vishu,-0.00166
MED00114,12,fest_vishu,-0.00014
MED00115,12,fest_vishu,-0.00288
MED00116,12,fest_vishu,-0.00087
MED00117,12,fest_vishu,-0.00155
MED00118,12,fest_vishu,-0.00143
MED00119,12,fest_vishu,-0.00102
MED00120,12,fest_vishu,0.00254
MED00121,12,fest_vishu,-0.00279
MED00122,12,fest_vishu,-0.00267
MED00123,12,fest_vishu,-0.00026
MED00124,12,fest_vishu,-0.00269
MED00125,12,fest_vishu,-0.00106
MED00126,12,fest_vishu,0.00026
MED00127,12,fest_vishu,-0.00172
MED00128,12,fest_vishu,-0.00227
MED00129,12,fest_vishu,-0.00201
MED00130,12,fest_vishu,-0.00112
MED00131,12,fest_vishu,-0.00113
MED00132,12,fest_vishu,-0.00039
MED00133,12,fest_vishu,0.00118
MED00134,12,fest_vishu,-0.00077
MED00135,12,fest_vishu,0.00027
MED00136,12,fest_vishu,-0.00419
MED00137,12,fest_vishu,-0.00039
MED00138,12,fest_vishu,-0.00322
MED00139,12,fest_vishu,-0.00233
MED00140,12,fest_vishu,-0.00108
MED00141,12,fest_vishu,-0.00136
MED00142,12,fest_vishu,-0.00161
MED00143,12,fest_vishu,-0.00176
MED00144,12,fest_vishu,-0.00263
MED00145,12,fest_vishu,-0.00161
MED00146,12,fest_vishu,-0.00272
MED00147,12,fest_vishu,-0.00164
MED00148,12,fest_vishu,-0.00215
MED00149,12,fest_vishu,-0.00277
MED00150,12,fest_vishu,-0.00178
MED00151,12,fest_vishu,-0.00243
MED00152,12,fest_vishu,-0.00314
MED00153,12,fest_vishu,-0.0023
MED00154,12,fest_vishu,-0.0007
MED00155,12,fest_vishu,-0.0032
MED00156,12,fest_vishu,-0.00257
MED00157,12,fest_vishu,-0.00216
MED00158,12,fest_vishu,-0.00069
MED00159,12,fest_vishu,-0.00223
MED00160,12,fest_vishu,-0.00281
MED00161,12,fest_vishu,-0.00251
MED00162,12,fest_vishu,-0.00244
MED00163,12,fest_vishu,-0.00151
MED00164,12,fest_vishu,-0.00085
MED00165,12,fest_vishu,-0.00131
MED00166,12,fest_vishu,-0.00203
MED00167,12,fest_vishu,-0.0017
MED00168,12,fest_vishu,-0.00259
MED00169,12,fest_vishu,-0.00244
MED00170,12,fest_vishu,-0.00139
MED00171,12,fest_vishu,-0.00262
MED00172,12,fest_vishu,-0.00269
MED00173,12,fest_vishu,-0.00309
MED00174,12,fest_vishu,-0.00028
MED00175,12,fest_vishu,-0.00039
MED00176,12,fest_vishu,-0.0023
MED00177,12,fest_vishu,-0.00066
MED00178,12,fest_vishu,-0.00035
MED00179,12,fest_vishu,-0.00192
MED00180,12,fest_vishu,-0.00197
MED00181,12,fest_vishu,-0.00295
MED00182,12,fest_vishu,-0.00095
MED00183,12,fest_vishu,-0.0025
MED00184,12,fest_vishu,0.00096
MED00185,12,fest_vishu,-0.0022
MED00186,12,fest_vishu,-0.00187
MED00187,12,fest_vishu,0.00095
MED00188,12,fest_vishu,-0.00209
MED00189,12,fest_vishu,-0.00104
MED00190,12,fest_vishu,-0.00266
MED00191,12,fest_vishu,-0.00225
MED00192,12,fest_vishu,-0.00094
MED00193,12,fest_vishu,-0.00096
MED00194,12,fest_vishu,0.00051
MED00195,12,fest_vishu,0.00055
MED00196,12,fest_vishu,0.00102
MED00197,12,fest_vishu,-0.00013
MED00198,12,fest_vishu,-0.00184
MED00199,12,fest_vishu,-0.0004
MED00200,12,fest_vishu,-0.00183
MED00201,12,fest_vishu,-0.00169
MED00202,12,fest_vishu,-0.00197
MED00203,12,fest_vishu,-0.00205
MED00204,12,fest_vishu,-0.00195
MED00205,12,fest_vishu,-0.00236
MED00206,12,fest_vishu,-0.00107
MED00207,12,fest_vishu,-0.0028
MED00208,12,fest_vishu,-0.00235
MED00209,12,fest_vishu,-0.0007
MED00210,12,fest_vishu,-0.00109
MED00211,12,fest_vishu,-0.00326
MED00212,12,fest_vishu,-0.00134
MED00213,12,fest_vishu,-0.00054
MED00214,12,fest_vishu,-0.00276
MED00215,12,fest_vishu,-0.00283
MED00216,12,fest_vishu,-0.00318
MED00217,12,fest_vishu,-0.00086
MED00218,12,fest_vishu,-0.00244
MED00219,12,fest_vishu,-0.0004
MED00220,12,fest_vishu,-0.00285
MED00221,12,fest_vishu,-0.00069
MED00222,12,fest_vishu,-0.00115
MED00223,12,fest_vishu,-0.00309
MED00224,12,fest_vishu,-0.00104
MED00225,12,fest_vishu,-0.00276
MED00226,12,fest_vishu,-0.00173
MED00227,12,fest_vishu,-0.00033
MED00228,12,fest_vishu,-0.00069
MED00229,12,fest_vishu,-0.0004
MED00230,12,fest_vishu,-0.00335
MED00231,12,fest_vishu,-0.00165
MED00232,12,fest_vishu,-0.00226
MED00233,12,fest_vishu,-0.00027
MED00234,12,fest_vishu,-0.00177
MED00235,12,fest_vishu,-0.00396
MED00236,12,fest_vishu,-0.00242
MED00237,12,fest_vishu,-0.00048
MED00238,12,fest_vishu,-0.00214
MED00239,12,fest_vishu,-0.00264
MED00240,12,fest_vishu,-0.00194
MED00241,12,fest_vishu,-0.00207
MED00242,12,fest_vishu,-0.0017
MED00243,12,fest_vishu,-0.00064
MED00244,12,fest_vishu,-0.00278
MED00245,12,fest_vishu,-0.00418
MED00246,12,fest_vishu,-0.00281
MED00247,12,fest_vishu,-0.00232
MED00248,12,fest_vishu,-0.00099
MED00249,12,fest_vishu,-0.00014
MED00250,12,fest_vishu,-0.00071
MED00251,12,fest_vishu,-0.00238
MED00252,12,fest_vishu,-0.00119
MED00253,12,fest_vishu,-0.00279
MED00254,12,fest_vishu,-0.00135
MED00255,12,fest_vishu,-0.00142
MED00256,12,fest_vishu,-0.00215
MED00257,12,fest_vishu,-0.00076
MED00258,12,fest_vishu,-0.00292
MED00259,12,fest_vishu,-0.0031
MED00260,12,fest_vishu,-0.00112
MED00261,12,fest_vishu,-0.00036
MED00262,12,fest_vishu,-0.00128
MED00263,12,fest_vishu,-0.00308
MED00264,12,fest_vishu,-0.00335
MED00265,12,fest_vishu,-0.00231
MED00266,12,fest_vishu,0.00028
MED00267,12,fest_vishu,-0.00291
MED00268,12,fest_vishu,-0.00268
MED00269,12,fest_vishu,-0.00252
MED00270,12,fest_vishu,-0.00299
MED00271,12,fest_vishu,-0.00107
MED00272,12,fest_vishu,-0.00162
MED00273,12,fest_vishu,-0.00167
MED00274,12,fest_vishu,-0.00033
MED00275,12,fest_vishu,-0.00215
MED00276,12,fest_vishu,-0.00265
MED00277,12,fest_vishu,-0.00103
MED00278,12,fest_vishu,-0.00241
MED00280,12,fest_vishu,-0.00086
MED00281,12,fest_vishu,-0.00146
MED00282,12,fest_vishu,-0.00214
MED00283,12,fest_vishu,-0.00313
MED00284,12,fest_vishu,-0.00077
MED00285,12,fest_vishu,-0.00291
MED00286,12,fest_vishu,-0.0013
MED00287,12,fest_vishu,-0.0033
MED00288,12,fest_vishu,-0.00133
MED00289,12,fest_vishu,-0.00132
MED00290,12,fest_vishu,-0.00195
MED00291,12,fest_vishu,0.00266
MED00292,12,fest_vishu,-0.0022
MED00293,12,fest_vishu,-0.0011
MED00294,12,fest_vishu,-0.00139
MED00295,12,fest_vishu,-0.00072
MED00296,12,fest_vishu,-0.00286
MED00297,12,fest_vishu,-0.00248
MED00298,12,fest_vishu,-0.00321
MED00299,12,fest_vishu,-0.00529
MED00300,12,fest_vishu,-0.00195
MED00301,12,fest_vishu,-0.00309
MED00302,12,fest_vishu,-0.00072
MED00303,12,fest_vishu,-0.00017
MED00304,12,fest_vishu,-0.00051
MED00305,12,fest_vishu,-0.00191
MED00306,12,fest_vishu,-0.00146
MED00307,12,fest_vishu,-0.00067
MED00308,12,fest_vishu,0.00015
MED00309,12,fest_vishu,-0.00065
MED00310,12,fest_vishu,-0.00233
MED00311,12,fest_vishu,-0.00103
MED00312,12,fest_vishu,0.00034
MED00313,12,fest_vishu,-0.00068
MED00314,12,fest_vishu,0.00069
MED00315,12,fest_vishu,-0.00227
MED00316,12,fest_vishu,-0.00241
MED00317,12,fest_vishu,-0.00301
MED00318,12,fest_vishu,-0.00261
MED00319,12,fest_vishu,-0.00247
MED00320,12,fest_vishu,-0.0009
MED00321,12,fest_vishu,-0.00027
MED00322,12,fest_vishu,-0.00113
MED00323,12,fest_vishu,-0.00065
MED00324,12,fest_vishu,0.00021
MED00325,12,fest_vishu,-0.00249
MED00326,12,fest_vishu,-0.00234
MED00327,12,fest_vishu,-0.00305
MED00328,12,fest_vishu,-0.00224
MED00329,12,fest_vishu,-0.00244
MED00330,12,fest_vishu,-0.00266
MED00331,12,fest_vishu,-0.00144
MED00332,12,fest_vishu,-0.00267
MED00333,12,fest_vishu,-0.00262
MED00334,12,fest_vishu,-0.00047
MED00335,12,fest_vishu,-0.00262
MED00336,12,fest_vishu,-0.00244
MED00337,12,fest_vishu,-0.00256
MED00338,12,fest_vishu,0.00099
MED00340,12,fest_vishu,-0.00117
MED00341,12,fest_vishu,-0.0031
MED00342,12,fest_vishu,-0.00252
MED00343,12,fest_vishu,-0.00224
MED00345,12,fest_vishu,-0.00107
MED00346,12,fest_vishu,-0.00263
MED00347,12,fest_vishu,-0.00271
MED00348,12,fest_vishu,-0.00212
MED00349,12,fest_vishu,-0.0027
MED00350,12,fest_vishu,-0.00073
MED00352,12,fest_vishu,-0.00124
MED00353,12,fest_vishu,-0.00058
MED00354,12,fest_vishu,0.00049
MED00355,12,fest_vishu,-0.00176
MED00356,12,fest_vishu,-0.00211
MED00357,12,fest_vishu,-0.00102
MED00358,12,fest_vishu,-0.00155
MED00359,12,fest_vishu,-0.00184
MED00360,12,fest_vishu,-0.00175
MED00361,12,fest_vishu,-0.00302
MED00362,12,fest_vishu,-0.00425
MED00363,12,fest_vishu,-0.00185
MED00364,12,fest_vishu,-0.00294
MED00365,12,fest_vishu,-0.00269
MED00366,12,fest_vishu,-0.00241
MED00367,12,fest_vishu,-0.0025
MED00368,12,fest_vishu,-0.00264
MED00369,12,fest_vishu,-0.00155
MED00370,12,fest_vishu,-0.00147
MED00371,12,fest_vishu,-0.00072
MED00372,12,fest_vishu,-0.00097
MED00373,12,fest_vishu,-0.00173
MED00374,12,fest_vishu,-0.00156
MED00375,12,fest_vishu,-0.00125
MED00376,12,fest_vishu,-0.00248
MED00377,12,fest_vishu,-0.00118
MED00378,12,fest_vishu,-0.00293
MED00379,12,fest_vishu,-0.00025
MED00380,12,fest_vishu,0.00057
MED00381,12,fest_vishu,-0.00083
MED00382,12,fest_vishu,-0.00232
MED00383,12,fest_vishu,-0.0025
MED00384,12,fest_vishu,-0.0024
MED00385,12,fest_vishu,-0.00156
MED00386,12,fest_vishu,-0.00157
MED00387,12,fest_vishu,-0.00221
MED00388,12,fest_vishu,-0.00205
MED00389,12,fest_vishu,-0.00055
MED00390,12,fest_vishu,-0.00102
MED00391,12,fest_vishu,-0.00025
MED00392,12,fest_vishu,-0.00148
MED00393,12,fest_vishu,-0.00093
MED00394,12,fest_vishu,-0.0023
MED00395,12,fest_vishu,-0.00541
MED00396,12,fest_vishu,-0.00255
MED00397,12,fest_vishu,-0.00201
MED00398,12,fest_vishu,-0.00066
MED00399,12,fest_vishu,0.00018
MED00400,12,fest_vishu,-0.00213
MED00401,12,fest_vishu,-0.00216
MED00402,12,fest_vishu,-0.0011
MED00403,12,fest_vishu,-0.00161
MED00404,12,fest_vishu,-0.00244
MED00405,12,fest_vishu,-0.00214
MED00406,12,fest_vishu,-0.00072
MED00407,12,fest_vishu,-0.00211
MED00408,12,fest_vishu,-0.00177
MED00409,12,fest_vishu,0.00021
MED00410,12,fest_vishu,-0.00011
MED00411,12,fest_vishu,-0.00182
MED00412,12,fest_vishu,-0.00186
MED00413,12,fest_vishu,-0.00025
MED00414,12,fest_vishu,-0.00177
MED00415,12,fest_vishu,-0.00201
MED00416,12,fest_vishu,-0.00062
MED00417,12,fest_vishu,-0.00187
MED00418,12,fest_vishu,-0.00192
MED00419,12,fest_vishu,-0.00067
MED00420,12,fest_vishu,-0.00045
MED00421,12,fest_vishu,0.00071
MED00422,12,fest_vishu,-0.00093
MED00423,12,fest_vishu,-0.00208
MED00424,12,fest_vishu,-0.00522
MED00002,1,fest_xmas,0.00027
MED00003,1,fest_xmas,0.00057
MED00004,1,fest_xmas,-0.00067
MED00005,1,fest_xmas,0.00065
MED00006,1,fest_xmas,-0.00026
MED00007,1,fest_xmas,-0.00056
MED00008,1,fest_xmas,0.00055
MED00009,1,fest_xmas,-1e-04
MED00010,1,fest_xmas,0.00087
MED00011,1,fest_xmas,-1e-04
MED00014,1,fest_xmas,0.00039
MED00015,1,fest_xmas,0.00102
MED00017,1,fest_xmas,-0.00028
MED00018,1,fest_xmas,0.00033
MED00019,1,fest_xmas,0.00011
MED00020,1,fest_xmas,-0.00017
MED00021,1,fest_xmas,-0.00018
MED00023,1,fest_xmas,0.00016
MED00024,1,fest_xmas,-0.00023
MED00025,1,fest_xmas,-0.00052
MED00026,1,fest_xmas,-0.00055
MED00027,1,fest_xmas,-0.00034
MED00028,1,fest_xmas,0.00057
MED00030,1,fest_xmas,-0.00018
MED00032,1,fest_xmas,0.00017
MED00033,1,fest_xmas,0.00069
MED00034,1,fest_xmas,-0.00016
MED00035,1,fest_xmas,0.00027
MED00038,1,fest_xmas,0.00013
MED00039,1,fest_xmas,-0.00054
MED00040,1,fest_xmas,-0.00019
MED00041,1,fest_xmas,-0.00047
MED00042,1,fest_xmas,0.00023
MED00043,1,fest_xmas,0.00086
MED00044,1,fest_xmas,-0.00021
MED00045,1,fest_xmas,-0.00029
MED00047,1,fest_xmas,-0.00013
MED00050,1,fest_xmas,-0.00046
MED00051,1,fest_xmas,0.00035
MED00052,1,fest_xmas,0.00058
MED00054,1,fest_xmas,-0.00017
MED00055,1,fest_xmas,0.00024
MED00056,1,fest_xmas,0.00065
MED00057,1,fest_xmas,-0.00014
MED00058,1,fest_xmas,-0.00065
MED00059,1,fest_xmas,0.00021
MED00061,1,fest_xmas,0.00042
MED00063,1,fest_xmas,0.00012
MED00065,1,fest_xmas,0.0002
MED00066,1,fest_xmas,0.00072
MED00068,1,fest_xmas,-0.00023
MED00070,1,fest_xmas,-0.00033
MED00071,1,fest_xmas,-0.00022
MED00072,1,fest_xmas,0.00011
MED00073,1,fest_xmas,-0.00022
MED00074,1,fest_xmas,-0.00029
MED00075,1,fest_xmas,0.00066
MED00076,1,fest_xmas,0.00088
MED00078,1,fest_xmas,-0.00027
MED00079,1,fest_xmas,0.00057
MED00080,1,fest_xmas,-0.0002
MED00081,1,fest_xmas,0.00024
MED00085,1,fest_xmas,-0.00014
MED00087,1,fest_xmas,-1e-04
MED00088,1,fest_xmas,0.00043
MED00089,1,fest_xmas,0.00022
MED00091,1,fest_xmas,-1e-04
MED00093,1,fest_xmas,-0.0003
MED00094,1,fest_xmas,-0.00052
MED00095,1,fest_xmas,-0.00026
MED00096,1,fest_xmas,0.00068
MED00097,1,fest_xmas,-0.00017
MED00099,1,fest_xmas,-0.00049
MED00100,1,fest_xmas,0.00074
MED00102,1,fest_xmas,0.00178
MED00103,1,fest_xmas,-0.00038
MED00106,1,fest_xmas,0.00013
MED00108,1,fest_xmas,-0.00034
MED00109,1,fest_xmas,0.00043
MED00110,1,fest_xmas,0.0008
MED00111,1,fest_xmas,0.00024
MED00112,1,fest_xmas,-0.00043
MED00114,1,fest_xmas,-0.00051
MED00115,1,fest_xmas,-0.00012
MED00118,1,fest_xmas,-0.00018
MED00119,1,fest_xmas,-0.00016
MED00120,1,fest_xmas,-0.00023
MED00121,1,fest_xmas,-0.00014
MED00123,1,fest_xmas,-0.0002
MED00125,1,fest_xmas,0.00044
MED00126,1,fest_xmas,-0.00066
MED00128,1,fest_xmas,-1e-04
MED00129,1,fest_xmas,-0.00028
MED00132,1,fest_xmas,-0.00019
MED00133,1,fest_xmas,-0.0008
MED00135,1,fest_xmas,-0.00047
MED00136,1,fest_xmas,-0.00068
MED00138,1,fest_xmas,-0.00014
MED00139,1,fest_xmas,-0.00043
MED00141,1,fest_xmas,-0.00025
MED00142,1,fest_xmas,0.00016
MED00143,1,fest_xmas,-0.00034
MED00145,1,fest_xmas,0.00088
MED00147,1,fest_xmas,0.00013
MED00148,1,fest_xmas,0.00011
MED00149,1,fest_xmas,-0.00016
MED00150,1,fest_xmas,0.00033
MED00151,1,fest_xmas,-0.00013
MED00152,1,fest_xmas,-0.00029
MED00153,1,fest_xmas,-0.00017
MED00154,1,fest_xmas,0.00019
MED00155,1,fest_xmas,-0.00014
MED00156,1,fest_xmas,0.00015
MED00157,1,fest_xmas,0.00016
MED00158,1,fest_xmas,-0.00039
MED00159,1,fest_xmas,-0.00069
MED00163,1,fest_xmas,0.00018
MED00165,1,fest_xmas,-0.00031
MED00168,1,fest_xmas,-0.00016
MED00169,1,fest_xmas,-0.00016
MED00173,1,fest_xmas,-0.00018
MED00174,1,fest_xmas,-0.0008
MED00175,1,fest_xmas,0.00042
MED00177,1,fest_xmas,-0.00036
MED00178,1,fest_xmas,0.00011
MED00179,1,fest_xmas,0.00047
MED00180,1,fest_xmas,-0.00021
MED00181,1,fest_xmas,-0.00043
MED00182,1,fest_xmas,-0.00063
MED00183,1,fest_xmas,-0.00027
MED00184,1,fest_xmas,-0.00051
MED00189,1,fest_xmas,0.00055
MED00190,1,fest_xmas,-0.00022
MED00192,1,fest_xmas,0.00032
MED00194,1,fest_xmas,0.00032
MED00195,1,fest_xmas,0.00039
MED00197,1,fest_xmas,0.00017
MED00198,1,fest_xmas,-0.00016
MED00199,1,fest_xmas,-0.00025
MED00201,1,fest_xmas,0.00023
MED00202,1,fest_xmas,-0.00012
MED00203,1,fest_xmas,0.00011
MED00207,1,fest_xmas,-0.00026
MED00208,1,fest_xmas,0.00013
MED00209,1,fest_xmas,0.00027
MED00210,1,fest_xmas,0.00075
MED00211,1,fest_xmas,-0.00014
MED00212,1,fest_xmas,0.00016
MED00213,1,fest_xmas,0.00047
MED00216,1,fest_xmas,-0.00019
MED00217,1,fest_xmas,0.00089
MED00219,1,fest_xmas,0.00022
MED00220,1,fest_xmas,-0.00013
MED00221,1,fest_xmas,-0.00014
MED00222,1,fest_xmas,0.00021
MED00224,1,fest_xmas,-0.00017
MED00227,1,fest_xmas,0.00015
MED00229,1,fest_xmas,0.00051
MED00230,1,fest_xmas,0.00027
MED00231,1,fest_xmas,-0.00014
MED00232,1,fest_xmas,-0.00041
MED00233,1,fest_xmas,-0.00068
MED00234,1,fest_xmas,-0.00014
MED00236,1,fest_xmas,-0.00013
MED00237,1,fest_xmas,-0.00012
MED00238,1,fest_xmas,-0.00029
MED00239,1,fest_xmas,-0.0003
MED00241,1,fest_xmas,-0.00016
MED00242,1,fest_xmas,0.00031
MED00243,1,fest_xmas,0.00027
MED00244,1,fest_xmas,-0.00019
MED00245,1,fest_xmas,0.00014
MED00248,1,fest_xmas,0.00015
MED00249,1,fest_xmas,-0.00016
MED00251,1,fest_xmas,-0.00019
MED00252,1,fest_xmas,0.00012
MED00253,1,fest_xmas,-0.00023
MED00254,1,fest_xmas,-0.00026
MED00255,1,fest_xmas,-0.00028
MED00256,1,fest_xmas,-0.00065
MED00257,1,fest_xmas,-0.00049
MED00258,1,fest_xmas,-0.00013
MED00259,1,fest_xmas,0.00015
MED00260,1,fest_xmas,-0.00011
MED00261,1,fest_xmas,-0.00035
MED00262,1,fest_xmas,-0.00045
MED00263,1,fest_xmas,-0.00031
MED00264,1,fest_xmas,-0.00083
MED00266,1,fest_xmas,-0.00028
MED00269,1,fest_xmas,-0.00019
MED00270,1,fest_xmas,-1e-04
MED00271,1,fest_xmas,0.00056
MED00272,1,fest_xmas,0.00014
MED00274,1,fest_xmas,-0.00049
MED00275,1,fest_xmas,0.00013
MED00276,1,fest_xmas,-0.00027
MED00277,1,fest_xmas,0.00055
MED00278,1,fest_xmas,1e-04
MED00280,1,fest_xmas,0.00088
MED00281,1,fest_xmas,0.0002
MED00282,1,fest_xmas,-0.00012
MED00283,1,fest_xmas,-0.0002
MED00287,1,fest_xmas,-0.00046
MED00288,1,fest_xmas,-0.00012
MED00289,1,fest_xmas,0.00017
MED00290,1,fest_xmas,-0.00023
MED00291,1,fest_xmas,-0.00044
MED00293,1,fest_xmas,0.00092
MED00294,1,fest_xmas,0.00024
MED00295,1,fest_xmas,-0.00038
MED00298,1,fest_xmas,-0.00015
MED00300,1,fest_xmas,-0.00019
MED00301,1,fest_xmas,-0.00013
MED00302,1,fest_xmas,-0.00015
MED00303,1,fest_xmas,0.00022
MED00307,1,fest_xmas,0.0002
MED00308,1,fest_xmas,-0.00039
MED00309,1,fest_xmas,-0.00051
MED00310,1,fest_xmas,-0.00019
MED00313,1,fest_xmas,0.00043
MED00314,1,fest_xmas,-0.00074
MED00316,1,fest_xmas,-0.00031
MED00317,1,fest_xmas,-0.0002
MED00318,1,fest_xmas,0.00011
MED00319,1,fest_xmas,-1e-04
MED00320,1,fest_xmas,-0.00043
MED00321,1,fest_xmas,-0.00052
MED00323,1,fest_xmas,-0.00036
MED00324,1,fest_xmas,-0.00033
MED00327,1,fest_xmas,-0.0004
MED00329,1,fest_xmas,-0.00012
MED00332,1,fest_xmas,-0.00019
MED00333,1,fest_xmas,-0.00017
MED00334,1,fest_xmas,-0.00063
MED00335,1,fest_xmas,0.00016
MED00337,1,fest_xmas,-0.0004
MED00340,1,fest_xmas,0.00074
MED00341,1,fest_xmas,-0.00017
MED00342,1,fest_xmas,-0.00021
MED00344,1,fest_xmas,0.00089
MED00346,1,fest_xmas,-0.00019
MED00347,1,fest_xmas,0.00047
MED00348,1,fest_xmas,-0.0002
MED00349,1,fest_xmas,-0.00019
MED00350,1,fest_xmas,-0.00035
MED00351,1,fest_xmas,-0.00053
MED00352,1,fest_xmas,0.00057
MED00353,1,fest_xmas,0.0004
MED00354,1,fest_xmas,0.00059
MED00357,1,fest_xmas,0.00043
MED00358,1,fest_xmas,0.00015
MED00360,1,fest_xmas,0.00105
MED00361,1,fest_xmas,-1e-04
MED00362,1,fest_xmas,-0.00023
MED00363,1,fest_xmas,-0.00017
MED00364,1,fest_xmas,0.00049
MED00365,1,fest_xmas,-0.00013
MED00368,1,fest_xmas,-0.00023
MED00370,1,fest_xmas,-0.00049
MED00372,1,fest_xmas,0.0008
MED00373,1,fest_xmas,0.00075
MED00374,1,fest_xmas,0.0003
MED00376,1,fest_xmas,-0.00019
MED00377,1,fest_xmas,-0.00046
MED00378,1,fest_xmas,-0.00019
MED00379,1,fest_xmas,0.00067
MED00380,1,fest_xmas,0.0007
MED00381,1,fest_xmas,0.00063
MED00382,1,fest_xmas,0.00021
MED00386,1,fest_xmas,-0.00029
MED00388,1,fest_xmas,0.00019
MED00389,1,fest_xmas,0.0002
MED00390,1,fest_xmas,-0.00015
MED00391,1,fest_xmas,0.00011
MED00392,1,fest_xmas,0.00028
MED00393,1,fest_xmas,0.00014
MED00396,1,fest_xmas,0.00024
MED00397,1,fest_xmas,0.00019
MED00398,1,fest_xmas,0.00012
MED00399,1,fest_xmas,-0.00039
MED00401,1,fest_xmas,0.00022
MED00402,1,fest_xmas,0.00011
MED00403,1,fest_xmas,0.00023
MED00407,1,fest_xmas,0.00024
MED00408,1,fest_xmas,0.00018
MED00409,1,fest_xmas,-0.00016
MED00411,1,fest_xmas,0.00041
MED00413,1,fest_xmas,0.00024
MED00414,1,fest_xmas,0.00016
MED00415,1,fest_xmas,0.00019
MED00416,1,fest_xmas,0.00047
MED00420,1,fest_xmas,0.0002
MED00421,1,fest_xmas,-0.00016
MED00422,1,fest_xmas,0.00047
MED00424,1,fest_xmas,0.00013
MED00002,2,fest_xmas,0.00027
MED00003,2,fest_xmas,0.00057
MED00004,2,fest_xmas,-0.00065
MED00005,2,fest_xmas,0.00065
MED00006,2,fest_xmas,-0.00026
MED00007,2,fest_xmas,-0.00056
MED00008,2,fest_xmas,0.00055
MED00009,2,fest_xmas,-1e-04
MED00010,2,fest_xmas,0.00087
MED00011,2,fest_xmas,-1e-04
MED00014,2,fest_xmas,0.00039
MED00015,2,fest_xmas,0.00102
MED00017,2,fest_xmas,-0.00028
MED00018,2,fest_xmas,0.00033
MED00019,2,fest_xmas,0.00011
MED00020,2,fest_xmas,-0.00017
MED00021,2,fest_xmas,-0.00018
MED00023,2,fest_xmas,0.00016
MED00024,2,fest_xmas,-0.00023
MED00025,2,fest_xmas,-0.00052
MED00026,2,fest_xmas,-0.00055
MED00027,2,fest_xmas,-0.00034
MED00028,2,fest_xmas,0.00057
MED00029,2,fest_xmas,0.00011
MED00030,2,fest_xmas,-0.00018
MED00032,2,fest_xmas,0.00017
MED00033,2,fest_xmas,0.00069
MED00034,2,fest_xmas,-0.00016
MED00035,2,fest_xmas,0.00027
MED00038,2,fest_xmas,0.00013
MED00039,2,fest_xmas,-0.00054
MED00040,2,fest_xmas,-0.00019
MED00041,2,fest_xmas,-0.00048
MED00042,2,fest_xmas,0.00023
MED00043,2,fest_xmas,0.00086
MED00044,2,fest_xmas,-0.00021
MED00045,2,fest_xmas,-0.00029
MED00047,2,fest_xmas,-0.00013
MED00050,2,fest_xmas,-0.00046
MED00051,2,fest_xmas,0.00035
MED00052,2,fest_xmas,0.00058
MED00054,2,fest_xmas,-0.00017
MED00055,2,fest_xmas,0.00024
MED00056,2,fest_xmas,0.00065
MED00057,2,fest_xmas,-0.00013
MED00058,2,fest_xmas,-0.00065
MED00059,2,fest_xmas,0.00021
MED00061,2,fest_xmas,0.00042
MED00063,2,fest_xmas,0.00012
MED00065,2,fest_xmas,0.0002
MED00066,2,fest_xmas,0.00072
MED00068,2,fest_xmas,-0.00023
MED00070,2,fest_xmas,-0.00033
MED00071,2,fest_xmas,-0.00022
MED00072,2,fest_xmas,0.00011
MED00073,2,fest_xmas,-0.00022
MED00074,2,fest_xmas,-0.00029
MED00075,2,fest_xmas,0.00066
MED00076,2,fest_xmas,0.00088
MED00078,2,fest_xmas,-0.00016
MED00079,2,fest_xmas,0.00057
MED00080,2,fest_xmas,-0.0002
MED00081,2,fest_xmas,0.00024
MED00085,2,fest_xmas,-0.00014
MED00087,2,fest_xmas,-1e-04
MED00088,2,fest_xmas,0.00043
MED00089,2,fest_xmas,0.00022
MED00091,2,fest_xmas,-1e-04
MED00093,2,fest_xmas,-0.0003
MED00094,2,fest_xmas,-0.00052
MED00095,2,fest_xmas,-0.00026
MED00096,2,fest_xmas,0.00068
MED00097,2,fest_xmas,-0.00017
MED00099,2,fest_xmas,-0.00049
MED00100,2,fest_xmas,0.00074
MED00102,2,fest_xmas,0.00178
MED00103,2,fest_xmas,-0.00038
MED00106,2,fest_xmas,0.00013
MED00108,2,fest_xmas,-0.00034
MED00109,2,fest_xmas,0.00044
MED00110,2,fest_xmas,0.0008
MED00111,2,fest_xmas,0.00024
MED00112,2,fest_xmas,-0.00043
MED00114,2,fest_xmas,-0.00051
MED00115,2,fest_xmas,-0.00012
MED00118,2,fest_xmas,-0.00018
MED00119,2,fest_xmas,-0.00016
MED00120,2,fest_xmas,-0.00023
MED00121,2,fest_xmas,-0.00014
MED00123,2,fest_xmas,-0.0002
MED00125,2,fest_xmas,0.00044
MED00126,2,fest_xmas,-0.00064
MED00128,2,fest_xmas,-1e-04
MED00129,2,fest_xmas,-0.00028
MED00132,2,fest_xmas,-0.00019
MED00133,2,fest_xmas,-0.00082
MED00135,2,fest_xmas,-0.00047
MED00136,2,fest_xmas,-0.00068
MED00138,2,fest_xmas,-0.00014
MED00139,2,fest_xmas,-0.00043
MED00141,2,fest_xmas,-0.00026
MED00142,2,fest_xmas,0.00016
MED00143,2,fest_xmas,-0.00034
MED00145,2,fest_xmas,0.00088
MED00147,2,fest_xmas,0.00014
MED00148,2,fest_xmas,0.00011
MED00149,2,fest_xmas,-0.00016
MED00150,2,fest_xmas,0.00033
MED00151,2,fest_xmas,-0.00013
MED00152,2,fest_xmas,-0.00029
MED00153,2,fest_xmas,-0.00017
MED00154,2,fest_xmas,0.00019
MED00155,2,fest_xmas,-0.00014
MED00156,2,fest_xmas,0.00015
MED00157,2,fest_xmas,0.00016
MED00158,2,fest_xmas,-0.00039
MED00159,2,fest_xmas,-0.00069
MED00163,2,fest_xmas,0.00018
MED00165,2,fest_xmas,-0.00031
MED00168,2,fest_xmas,-0.00016
MED00169,2,fest_xmas,-0.00016
MED00173,2,fest_xmas,-0.00018
MED00174,2,fest_xmas,-0.0008
MED00175,2,fest_xmas,0.00042
MED00177,2,fest_xmas,-0.00036
MED00178,2,fest_xmas,0.00011
MED00179,2,fest_xmas,0.00047
MED00180,2,fest_xmas,-0.00021
MED00181,2,fest_xmas,-0.00043
MED00182,2,fest_xmas,-0.00063
MED00183,2,fest_xmas,-0.00027
MED00184,2,fest_xmas,-0.00051
MED00189,2,fest_xmas,0.00055
MED00190,2,fest_xmas,-0.00022
MED00192,2,fest_xmas,0.00032
MED00194,2,fest_xmas,0.00032
MED00195,2,fest_xmas,0.00039
MED00197,2,fest_xmas,0.00017
MED00198,2,fest_xmas,-0.00016
MED00199,2,fest_xmas,-0.00025
MED00201,2,fest_xmas,0.00023
MED00202,2,fest_xmas,-0.00012
MED00203,2,fest_xmas,0.00011
MED00207,2,fest_xmas,-0.00026
MED00208,2,fest_xmas,0.00013
MED00209,2,fest_xmas,0.00027
MED00210,2,fest_xmas,0.00075
MED00211,2,fest_xmas,-0.00014
MED00212,2,fest_xmas,0.00016
MED00213,2,fest_xmas,0.00047
MED00216,2,fest_xmas,-0.00019
MED00217,2,fest_xmas,0.00089
MED00219,2,fest_xmas,0.00022
MED00220,2,fest_xmas,-0.00013
MED00221,2,fest_xmas,-0.00014
MED00222,2,fest_xmas,0.00021
MED00224,2,fest_xmas,-0.00017
MED00227,2,fest_xmas,0.00015
MED00229,2,fest_xmas,0.00051
MED00230,2,fest_xmas,0.00027
MED00231,2,fest_xmas,-0.00014
MED00232,2,fest_xmas,-0.00041
MED00233,2,fest_xmas,-0.0007
MED00234,2,fest_xmas,-0.00014
MED00236,2,fest_xmas,-0.00013
MED00237,2,fest_xmas,-0.00012
MED00238,2,fest_xmas,-0.00029
MED00239,2,fest_xmas,-0.0003
MED00241,2,fest_xmas,-0.00016
MED00242,2,fest_xmas,0.00031
MED00243,2,fest_xmas,0.00027
MED00244,2,fest_xmas,-0.00019
MED00245,2,fest_xmas,0.00014
MED00248,2,fest_xmas,0.00015
MED00249,2,fest_xmas,-0.00016
MED00251,2,fest_xmas,-0.00019
MED00252,2,fest_xmas,0.00012
MED00253,2,fest_xmas,-0.00023
MED00255,2,fest_xmas,-0.00028
MED00256,2,fest_xmas,-0.00065
MED00257,2,fest_xmas,-0.00049
MED00258,2,fest_xmas,-0.00014
MED00259,2,fest_xmas,0.00015
MED00260,2,fest_xmas,-0.00011
MED00261,2,fest_xmas,-0.00035
MED00262,2,fest_xmas,-0.00044
MED00263,2,fest_xmas,-0.00031
MED00264,2,fest_xmas,-0.00083
MED00266,2,fest_xmas,-0.00028
MED00269,2,fest_xmas,-0.00019
MED00270,2,fest_xmas,-1e-04
MED00271,2,fest_xmas,0.00056
MED00272,2,fest_xmas,0.00014
MED00274,2,fest_xmas,-0.00049
MED00275,2,fest_xmas,0.00013
MED00276,2,fest_xmas,-0.00027
MED00277,2,fest_xmas,0.00055
MED00278,2,fest_xmas,1e-04
MED00280,2,fest_xmas,0.00088
MED00281,2,fest_xmas,0.0002
MED00282,2,fest_xmas,-0.00012
MED00283,2,fest_xmas,-0.0002
MED00287,2,fest_xmas,-0.00046
MED00288,2,fest_xmas,-0.00012
MED00289,2,fest_xmas,0.00017
MED00290,2,fest_xmas,-0.00023
MED00291,2,fest_xmas,-0.00044
MED00293,2,fest_xmas,0.00092
MED00294,2,fest_xmas,0.00024
MED00295,2,fest_xmas,-0.00038
MED00298,2,fest_xmas,-0.00015
MED00299,2,fest_xmas,1e-04
MED00300,2,fest_xmas,-0.00019
MED00301,2,fest_xmas,-0.00013
MED00302,2,fest_xmas,-0.00015
MED00303,2,fest_xmas,0.00022
MED00307,2,fest_xmas,0.0002
MED00308,2,fest_xmas,-0.00039
MED00309,2,fest_xmas,-0.00051
MED00310,2,fest_xmas,-0.00019
MED00313,2,fest_xmas,0.00043
MED00314,2,fest_xmas,-0.00074
MED00316,2,fest_xmas,-0.00031
MED00317,2,fest_xmas,-0.0002
MED00318,2,fest_xmas,0.00011
MED00319,2,fest_xmas,-1e-04
MED00320,2,fest_xmas,-0.00043
MED00321,2,fest_xmas,-0.00052
MED00323,2,fest_xmas,-0.00036
MED00324,2,fest_xmas,-0.00033
MED00327,2,fest_xmas,-0.0004
MED00329,2,fest_xmas,-0.00012
MED00332,2,fest_xmas,-0.00019
MED00333,2,fest_xmas,-0.00017
MED00334,2,fest_xmas,-0.00063
MED00335,2,fest_xmas,0.00016
MED00337,2,fest_xmas,-0.0004
MED00340,2,fest_xmas,0.00074
MED00341,2,fest_xmas,-0.00017
MED00342,2,fest_xmas,-0.00021
MED00344,2,fest_xmas,0.00089
MED00346,2,fest_xmas,-0.00019
MED00347,2,fest_xmas,0.00047
MED00348,2,fest_xmas,-0.0002
MED00349,2,fest_xmas,-0.00019
MED00350,2,fest_xmas,-0.00035
MED00351,2,fest_xmas,-0.00053
MED00352,2,fest_xmas,0.00058
MED00353,2,fest_xmas,0.0004
MED00354,2,fest_xmas,0.00059
MED00357,2,fest_xmas,0.00043
MED00358,2,fest_xmas,0.00015
MED00360,2,fest_xmas,0.00105
MED00361,2,fest_xmas,-1e-04
MED00362,2,fest_xmas,-0.00023
MED00363,2,fest_xmas,-0.00017
MED00364,2,fest_xmas,0.00049
MED00365,2,fest_xmas,-0.00013
MED00368,2,fest_xmas,-0.00023
MED00369,2,fest_xmas,0.00016
MED00370,2,fest_xmas,-0.00049
MED00372,2,fest_xmas,0.0008
MED00373,2,fest_xmas,0.00075
MED00374,2,fest_xmas,0.0003
MED00376,2,fest_xmas,-0.00019
MED00377,2,fest_xmas,-0.00046
MED00378,2,fest_xmas,-0.00019
MED00379,2,fest_xmas,0.00067
MED00380,2,fest_xmas,0.00072
MED00381,2,fest_xmas,0.00063
MED00382,2,fest_xmas,0.00021
MED00386,2,fest_xmas,-0.00029
MED00388,2,fest_xmas,0.00019
MED00389,2,fest_xmas,0.0002
MED00391,2,fest_xmas,0.00011
MED00392,2,fest_xmas,0.00028
MED00393,2,fest_xmas,0.00014
MED00396,2,fest_xmas,0.00024
MED00397,2,fest_xmas,0.00019
MED00398,2,fest_xmas,0.00012
MED00399,2,fest_xmas,-0.00039
MED00401,2,fest_xmas,0.00022
MED00402,2,fest_xmas,0.00011
MED00403,2,fest_xmas,0.00023
MED00407,2,fest_xmas,0.00024
MED00408,2,fest_xmas,0.00018
MED00411,2,fest_xmas,0.00041
MED00413,2,fest_xmas,0.00024
MED00414,2,fest_xmas,0.00016
MED00415,2,fest_xmas,0.00019
MED00416,2,fest_xmas,0.00047
MED00420,2,fest_xmas,0.0002
MED00421,2,fest_xmas,-0.00016
MED00422,2,fest_xmas,0.00047
MED00424,2,fest_xmas,0.00013
MED00002,3,fest_xmas,0.00027
MED00003,3,fest_xmas,0.00057
MED00004,3,fest_xmas,-0.00065
MED00005,3,fest_xmas,0.00065
MED00006,3,fest_xmas,-0.00026
MED00007,3,fest_xmas,-0.00056
MED00008,3,fest_xmas,0.00055
MED00010,3,fest_xmas,0.00087
MED00011,3,fest_xmas,-1e-04
MED00014,3,fest_xmas,0.00039
MED00015,3,fest_xmas,0.00102
MED00017,3,fest_xmas,-0.00028
MED00018,3,fest_xmas,0.00033
MED00019,3,fest_xmas,0.00011
MED00020,3,fest_xmas,-0.00017
MED00021,3,fest_xmas,-0.00018
MED00023,3,fest_xmas,0.00016
MED00024,3,fest_xmas,-0.00023
MED00025,3,fest_xmas,-0.00052
MED00026,3,fest_xmas,-0.00055
MED00027,3,fest_xmas,-0.00034
MED00028,3,fest_xmas,0.00057
MED00029,3,fest_xmas,0.00011
MED00030,3,fest_xmas,-0.00018
MED00032,3,fest_xmas,0.00017
MED00033,3,fest_xmas,0.00069
MED00034,3,fest_xmas,-0.00016
MED00035,3,fest_xmas,0.00027
MED00038,3,fest_xmas,0.00013
MED00039,3,fest_xmas,-0.00054
MED00040,3,fest_xmas,-0.00019
MED00041,3,fest_xmas,-0.00048
MED00042,3,fest_xmas,0.00023
MED00043,3,fest_xmas,0.00086
MED00044,3,fest_xmas,-0.00021
MED00045,3,fest_xmas,-0.00029
MED00047,3,fest_xmas,-0.00013
MED00050,3,fest_xmas,-0.00046
MED00051,3,fest_xmas,0.00035
MED00052,3,fest_xmas,0.00058
MED00055,3,fest_xmas,0.00024
MED00056,3,fest_xmas,0.00065
MED00057,3,fest_xmas,-0.00013
MED00058,3,fest_xmas,-0.00065
MED00059,3,fest_xmas,0.00021
MED00061,3,fest_xmas,0.00042
MED00063,3,fest_xmas,0.00012
MED00065,3,fest_xmas,0.0002
MED00066,3,fest_xmas,0.00072
MED00068,3,fest_xmas,-0.00023
MED00070,3,fest_xmas,-0.00033
MED00071,3,fest_xmas,-0.00022
MED00072,3,fest_xmas,0.00011
MED00073,3,fest_xmas,-0.00022
MED00074,3,fest_xmas,-0.00029
MED00075,3,fest_xmas,0.00066
MED00076,3,fest_xmas,0.00088
MED00078,3,fest_xmas,-0.00015
MED00079,3,fest_xmas,0.00057
MED00080,3,fest_xmas,-0.0002
MED00081,3,fest_xmas,0.00024
MED00085,3,fest_xmas,-0.00014
MED00087,3,fest_xmas,-1e-04
MED00088,3,fest_xmas,0.00043
MED00089,3,fest_xmas,0.00022
MED00091,3,fest_xmas,-1e-04
MED00093,3,fest_xmas,-0.0003
MED00094,3,fest_xmas,-0.00052
MED00095,3,fest_xmas,-0.00026
MED00096,3,fest_xmas,0.00068
MED00097,3,fest_xmas,-0.00017
MED00099,3,fest_xmas,-0.00049
MED00100,3,fest_xmas,0.00074
MED00102,3,fest_xmas,0.00178
MED00103,3,fest_xmas,-0.00038
MED00106,3,fest_xmas,0.00013
MED00108,3,fest_xmas,-0.00034
MED00109,3,fest_xmas,0.00044
MED00110,3,fest_xmas,0.0008
MED00111,3,fest_xmas,0.00024
MED00112,3,fest_xmas,-0.00043
MED00114,3,fest_xmas,-0.00051
MED00115,3,fest_xmas,-0.00012
MED00118,3,fest_xmas,-0.00018
MED00119,3,fest_xmas,-0.00016
MED00120,3,fest_xmas,-0.00023
MED00121,3,fest_xmas,-0.00014
MED00123,3,fest_xmas,-0.00022
MED00125,3,fest_xmas,0.00044
MED00126,3,fest_xmas,-0.00064
MED00128,3,fest_xmas,-1e-04
MED00129,3,fest_xmas,-0.00028
MED00132,3,fest_xmas,-0.00019
MED00133,3,fest_xmas,-0.00081
MED00135,3,fest_xmas,-0.00047
MED00136,3,fest_xmas,-0.00068
MED00138,3,fest_xmas,-0.00014
MED00139,3,fest_xmas,-0.00043
MED00141,3,fest_xmas,-0.00026
MED00142,3,fest_xmas,0.00016
MED00143,3,fest_xmas,-0.00034
MED00145,3,fest_xmas,0.00088
MED00147,3,fest_xmas,0.00014
MED00148,3,fest_xmas,0.00011
MED00149,3,fest_xmas,-0.00016
MED00150,3,fest_xmas,0.00033
MED00151,3,fest_xmas,-0.00013
MED00152,3,fest_xmas,-0.00029
MED00153,3,fest_xmas,-0.00017
MED00154,3,fest_xmas,0.00019
MED00155,3,fest_xmas,-0.00014
MED00156,3,fest_xmas,0.00015
MED00157,3,fest_xmas,0.00016
MED00158,3,fest_xmas,-0.00039
MED00159,3,fest_xmas,-0.00069
MED00163,3,fest_xmas,0.00018
MED00165,3,fest_xmas,-0.00031
MED00168,3,fest_xmas,-0.00016
MED00169,3,fest_xmas,-0.00016
MED00173,3,fest_xmas,-0.00018
MED00174,3,fest_xmas,-0.0008
MED00175,3,fest_xmas,0.00042
MED00177,3,fest_xmas,-0.00036
MED00178,3,fest_xmas,0.00011
MED00179,3,fest_xmas,0.00047
MED00180,3,fest_xmas,-0.00021
MED00181,3,fest_xmas,-0.00044
MED00182,3,fest_xmas,-0.00063
MED00183,3,fest_xmas,-0.00027
MED00184,3,fest_xmas,-0.00051
MED00189,3,fest_xmas,0.00055
MED00190,3,fest_xmas,-0.00022
MED00192,3,fest_xmas,0.00032
MED00194,3,fest_xmas,0.00033
MED00195,3,fest_xmas,0.00039
MED00197,3,fest_xmas,0.00018
MED00198,3,fest_xmas,-0.00016
MED00199,3,fest_xmas,-0.00013
MED00201,3,fest_xmas,0.00023
MED00202,3,fest_xmas,-0.00012
MED00203,3,fest_xmas,0.00011
MED00207,3,fest_xmas,-0.00026
MED00208,3,fest_xmas,0.00013
MED00209,3,fest_xmas,0.00027
MED00210,3,fest_xmas,0.00075
MED00211,3,fest_xmas,-0.00014
MED00212,3,fest_xmas,0.00016
MED00213,3,fest_xmas,0.00047
MED00216,3,fest_xmas,-0.00019
MED00217,3,fest_xmas,0.00089
MED00219,3,fest_xmas,0.00022
MED00220,3,fest_xmas,-0.00013
MED00221,3,fest_xmas,-0.00014
MED00222,3,fest_xmas,0.00021
MED00224,3,fest_xmas,-0.00017
MED00227,3,fest_xmas,0.00015
MED00229,3,fest_xmas,0.00052
MED00230,3,fest_xmas,0.00027
MED00231,3,fest_xmas,-0.00014
MED00232,3,fest_xmas,-0.00041
MED00233,3,fest_xmas,-0.0007
MED00234,3,fest_xmas,-0.00014
MED00236,3,fest_xmas,-0.00013
MED00237,3,fest_xmas,-0.00012
MED00238,3,fest_xmas,-0.00029
MED00239,3,fest_xmas,-0.0003
MED00241,3,fest_xmas,-0.00016
MED00242,3,fest_xmas,0.00032
MED00243,3,fest_xmas,0.00027
MED00244,3,fest_xmas,-0.00019
MED00245,3,fest_xmas,0.00014
MED00248,3,fest_xmas,0.00015
MED00249,3,fest_xmas,-0.00016
MED00251,3,fest_xmas,-0.00019
MED00252,3,fest_xmas,0.00012
MED00253,3,fest_xmas,-0.00023
MED00255,3,fest_xmas,-0.00016
MED00256,3,fest_xmas,-0.00065
MED00257,3,fest_xmas,-0.00049
MED00258,3,fest_xmas,-0.00014
MED00259,3,fest_xmas,0.00015
MED00260,3,fest_xmas,-0.00011
MED00261,3,fest_xmas,-0.00035
MED00262,3,fest_xmas,-0.00044
MED00263,3,fest_xmas,-0.00031
MED00264,3,fest_xmas,-0.00083
MED00266,3,fest_xmas,-0.00028
MED00269,3,fest_xmas,-0.00019
MED00270,3,fest_xmas,-1e-04
MED00271,3,fest_xmas,0.00056
MED00272,3,fest_xmas,0.00014
MED00274,3,fest_xmas,-0.00049
MED00275,3,fest_xmas,0.00013
MED00276,3,fest_xmas,-0.00027
MED00277,3,fest_xmas,0.00055
MED00278,3,fest_xmas,1e-04
MED00280,3,fest_xmas,0.00088
MED00281,3,fest_xmas,0.0002
MED00282,3,fest_xmas,-0.00012
MED00283,3,fest_xmas,-0.0002
MED00287,3,fest_xmas,-0.00046
MED00288,3,fest_xmas,-0.00012
MED00289,3,fest_xmas,0.00017
MED00290,3,fest_xmas,-0.00023
MED00291,3,fest_xmas,-0.00044
MED00293,3,fest_xmas,0.00092
MED00294,3,fest_xmas,0.00024
MED00295,3,fest_xmas,-0.00038
MED00298,3,fest_xmas,-0.00017
MED00299,3,fest_xmas,0.00016
MED00300,3,fest_xmas,-0.00019
MED00301,3,fest_xmas,-0.00013
MED00302,3,fest_xmas,-0.00015
MED00303,3,fest_xmas,0.00022
MED00307,3,fest_xmas,0.0002
MED00308,3,fest_xmas,-0.00039
MED00309,3,fest_xmas,-0.00051
MED00310,3,fest_xmas,-0.00019
MED00313,3,fest_xmas,0.00043
MED00314,3,fest_xmas,-0.00074
MED00316,3,fest_xmas,-0.00031
MED00317,3,fest_xmas,-0.0002
MED00318,3,fest_xmas,0.00011
MED00319,3,fest_xmas,-1e-04
MED00320,3,fest_xmas,-0.00043
MED00321,3,fest_xmas,-0.00052
MED00323,3,fest_xmas,-0.00037
MED00324,3,fest_xmas,-0.00022
MED00327,3,fest_xmas,-0.0004
MED00329,3,fest_xmas,-0.00012
MED00330,3,fest_xmas,-0.00011
MED00332,3,fest_xmas,-0.00019
MED00333,3,fest_xmas,-0.00018
MED00334,3,fest_xmas,-0.00063
MED00335,3,fest_xmas,0.00016
MED00337,3,fest_xmas,-0.0004
MED00340,3,fest_xmas,0.00074
MED00341,3,fest_xmas,-0.00017
MED00342,3,fest_xmas,-0.00021
MED00344,3,fest_xmas,0.00089
MED00346,3,fest_xmas,-0.00019
MED00347,3,fest_xmas,0.00047
MED00348,3,fest_xmas,-0.0002
MED00349,3,fest_xmas,-0.00019
MED00350,3,fest_xmas,-0.00035
MED00351,3,fest_xmas,-0.00053
MED00352,3,fest_xmas,0.00058
MED00353,3,fest_xmas,0.00041
MED00354,3,fest_xmas,0.00061
MED00357,3,fest_xmas,0.00043
MED00358,3,fest_xmas,0.00015
MED00360,3,fest_xmas,0.00104
MED00361,3,fest_xmas,-1e-04
MED00362,3,fest_xmas,-0.00023
MED00363,3,fest_xmas,-0.00017
MED00364,3,fest_xmas,0.00049
MED00365,3,fest_xmas,-0.00013
MED00368,3,fest_xmas,-0.00023
MED00369,3,fest_xmas,0.00016
MED00370,3,fest_xmas,-0.00049
MED00372,3,fest_xmas,0.0008
MED00373,3,fest_xmas,0.00075
MED00374,3,fest_xmas,0.0003
MED00376,3,fest_xmas,-0.00019
MED00377,3,fest_xmas,-0.00045
MED00378,3,fest_xmas,-0.00019
MED00379,3,fest_xmas,0.00067
MED00380,3,fest_xmas,0.00072
MED00381,3,fest_xmas,0.00063
MED00382,3,fest_xmas,0.00022
MED00386,3,fest_xmas,-0.00029
MED00388,3,fest_xmas,0.0002
MED00389,3,fest_xmas,0.0002
MED00391,3,fest_xmas,0.00011
MED00392,3,fest_xmas,0.00028
MED00393,3,fest_xmas,0.00014
MED00396,3,fest_xmas,0.00024
MED00397,3,fest_xmas,0.00019
MED00398,3,fest_xmas,0.00012
MED00399,3,fest_xmas,-0.00039
MED00401,3,fest_xmas,0.00022
MED00402,3,fest_xmas,0.00011
MED00403,3,fest_xmas,0.00023
MED00407,3,fest_xmas,0.00024
MED00408,3,fest_xmas,0.00018
MED00411,3,fest_xmas,0.00041
MED00413,3,fest_xmas,0.00025
MED00414,3,fest_xmas,0.00015
MED00415,3,fest_xmas,0.00019
MED00416,3,fest_xmas,0.00047
MED00420,3,fest_xmas,0.0002
MED00421,3,fest_xmas,-0.00016
MED00422,3,fest_xmas,0.00047
MED00424,3,fest_xmas,0.00013
MED00002,4,fest_xmas,0.00027
MED00003,4,fest_xmas,0.00057
MED00004,4,fest_xmas,-0.00065
MED00005,4,fest_xmas,0.00065
MED00006,4,fest_xmas,-0.00026
MED00007,4,fest_xmas,-0.00057
MED00008,4,fest_xmas,0.00055
MED00009,4,fest_xmas,-0.00011
MED00010,4,fest_xmas,0.00087
MED00011,4,fest_xmas,-1e-04
MED00014,4,fest_xmas,0.00039
MED00015,4,fest_xmas,0.00102
MED00017,4,fest_xmas,-0.00029
MED00018,4,fest_xmas,0.00033
MED00019,4,fest_xmas,0.00011
MED00020,4,fest_xmas,-0.00017
MED00021,4,fest_xmas,-0.00018
MED00023,4,fest_xmas,0.00014
MED00024,4,fest_xmas,-0.00023
MED00025,4,fest_xmas,-0.00054
MED00026,4,fest_xmas,-0.00055
MED00027,4,fest_xmas,-0.00034
MED00028,4,fest_xmas,0.00057
MED00029,4,fest_xmas,0.00011
MED00030,4,fest_xmas,-0.00018
MED00032,4,fest_xmas,0.00015
MED00033,4,fest_xmas,0.00069
MED00034,4,fest_xmas,-0.00016
MED00035,4,fest_xmas,0.00027
MED00038,4,fest_xmas,0.00013
MED00039,4,fest_xmas,-0.00054
MED00040,4,fest_xmas,-0.00019
MED00041,4,fest_xmas,-0.00048
MED00042,4,fest_xmas,0.00023
MED00043,4,fest_xmas,0.00086
MED00044,4,fest_xmas,-0.00021
MED00045,4,fest_xmas,-0.00031
MED00047,4,fest_xmas,-0.00015
MED00050,4,fest_xmas,-0.00048
MED00051,4,fest_xmas,0.00035
MED00052,4,fest_xmas,0.00058
MED00055,4,fest_xmas,0.00024
MED00056,4,fest_xmas,0.00065
MED00057,4,fest_xmas,-0.00013
MED00058,4,fest_xmas,-0.00067
MED00059,4,fest_xmas,0.00019
MED00061,4,fest_xmas,0.00042
MED00063,4,fest_xmas,0.00012
MED00065,4,fest_xmas,0.0002
MED00066,4,fest_xmas,0.00072
MED00068,4,fest_xmas,-0.00023
MED00070,4,fest_xmas,-0.00021
MED00071,4,fest_xmas,-0.00022
MED00072,4,fest_xmas,0.00011
MED00073,4,fest_xmas,-0.00022
MED00074,4,fest_xmas,-0.00029
MED00075,4,fest_xmas,0.00065
MED00076,4,fest_xmas,0.00088
MED00078,4,fest_xmas,-0.00015
MED00079,4,fest_xmas,0.00055
MED00080,4,fest_xmas,-0.0002
MED00081,4,fest_xmas,0.00024
MED00085,4,fest_xmas,-0.00015
MED00087,4,fest_xmas,-1e-04
MED00088,4,fest_xmas,0.00043
MED00089,4,fest_xmas,0.00022
MED00091,4,fest_xmas,-1e-04
MED00093,4,fest_xmas,-0.00031
MED00094,4,fest_xmas,-0.00052
MED00095,4,fest_xmas,-0.00028
MED00096,4,fest_xmas,0.00068
MED00097,4,fest_xmas,-0.00017
MED00098,4,fest_xmas,-0.00011
MED00099,4,fest_xmas,-0.00049
MED00100,4,fest_xmas,0.00072
MED00102,4,fest_xmas,0.00178
MED00103,4,fest_xmas,-0.0004
MED00106,4,fest_xmas,0.00013
MED00108,4,fest_xmas,-0.00035
MED00109,4,fest_xmas,0.00042
MED00110,4,fest_xmas,0.0008
MED00111,4,fest_xmas,0.00024
MED00112,4,fest_xmas,-0.00044
MED00114,4,fest_xmas,-0.00051
MED00115,4,fest_xmas,-0.00014
MED00118,4,fest_xmas,-0.00018
MED00119,4,fest_xmas,-0.00017
MED00120,4,fest_xmas,-0.00023
MED00121,4,fest_xmas,-0.00016
MED00123,4,fest_xmas,-0.00022
MED00124,4,fest_xmas,-1e-04
MED00125,4,fest_xmas,0.00044
MED00126,4,fest_xmas,-0.00063
MED00128,4,fest_xmas,-0.00012
MED00129,4,fest_xmas,-0.00029
MED00132,4,fest_xmas,-0.00019
MED00133,4,fest_xmas,-0.00081
MED00135,4,fest_xmas,-0.00047
MED00136,4,fest_xmas,-0.00068
MED00138,4,fest_xmas,-0.00016
MED00139,4,fest_xmas,-0.00044
MED00141,4,fest_xmas,-0.00026
MED00142,4,fest_xmas,0.00016
MED00143,4,fest_xmas,-0.00035
MED00145,4,fest_xmas,0.00088
MED00147,4,fest_xmas,0.00011
MED00149,4,fest_xmas,-0.00018
MED00150,4,fest_xmas,0.00031
MED00151,4,fest_xmas,-0.00014
MED00152,4,fest_xmas,-0.0003
MED00153,4,fest_xmas,-0.00018
MED00154,4,fest_xmas,0.00019
MED00155,4,fest_xmas,-0.00016
MED00156,4,fest_xmas,0.00014
MED00157,4,fest_xmas,0.00014
MED00158,4,fest_xmas,-0.00039
MED00159,4,fest_xmas,-0.00069
MED00163,4,fest_xmas,0.00018
MED00165,4,fest_xmas,-0.00031
MED00168,4,fest_xmas,-0.00017
MED00169,4,fest_xmas,-0.00018
MED00171,4,fest_xmas,-1e-04
MED00173,4,fest_xmas,-0.0002
MED00174,4,fest_xmas,-0.0008
MED00175,4,fest_xmas,0.00042
MED00177,4,fest_xmas,-0.00036
MED00178,4,fest_xmas,0.00011
MED00179,4,fest_xmas,0.00047
MED00180,4,fest_xmas,-0.00023
MED00181,4,fest_xmas,-0.00045
MED00182,4,fest_xmas,-0.00063
MED00183,4,fest_xmas,-0.00027
MED00184,4,fest_xmas,-0.00051
MED00185,4,fest_xmas,-0.00011
MED00189,4,fest_xmas,0.00055
MED00190,4,fest_xmas,-0.00022
MED00192,4,fest_xmas,0.00032
MED00194,4,fest_xmas,0.00033
MED00195,4,fest_xmas,0.00039
MED00197,4,fest_xmas,0.00018
MED00198,4,fest_xmas,-0.00017
MED00199,4,fest_xmas,-0.00013
MED00201,4,fest_xmas,0.00022
MED00202,4,fest_xmas,-0.00014
MED00203,4,fest_xmas,0.00011
MED00207,4,fest_xmas,-0.00026
MED00208,4,fest_xmas,0.00012
MED00209,4,fest_xmas,0.00027
MED00210,4,fest_xmas,0.00075
MED00211,4,fest_xmas,-0.00015
MED00212,4,fest_xmas,0.00014
MED00213,4,fest_xmas,0.00047
MED00216,4,fest_xmas,-0.0002
MED00217,4,fest_xmas,0.00089
MED00219,4,fest_xmas,0.00022
MED00220,4,fest_xmas,-0.00013
MED00221,4,fest_xmas,-0.00014
MED00222,4,fest_xmas,0.0002
MED00224,4,fest_xmas,-0.00017
MED00227,4,fest_xmas,0.00015
MED00229,4,fest_xmas,0.00052
MED00230,4,fest_xmas,0.00027
MED00231,4,fest_xmas,-0.00017
MED00232,4,fest_xmas,-0.00042
MED00233,4,fest_xmas,-0.00069
MED00234,4,fest_xmas,-0.00016
MED00236,4,fest_xmas,-0.00014
MED00237,4,fest_xmas,-0.00012
MED00238,4,fest_xmas,-0.00029
MED00239,4,fest_xmas,-0.00033
MED00241,4,fest_xmas,-0.00017
MED00242,4,fest_xmas,0.00032
MED00243,4,fest_xmas,0.00027
MED00244,4,fest_xmas,-0.00021
MED00245,4,fest_xmas,0.00014
MED00248,4,fest_xmas,0.00014
MED00249,4,fest_xmas,-0.00016
MED00251,4,fest_xmas,-0.00021
MED00252,4,fest_xmas,0.00012
MED00253,4,fest_xmas,-0.00025
MED00255,4,fest_xmas,-0.00016
MED00256,4,fest_xmas,-0.00066
MED00257,4,fest_xmas,-0.00049
MED00258,4,fest_xmas,-0.00014
MED00259,4,fest_xmas,0.00013
MED00260,4,fest_xmas,-0.00011
MED00261,4,fest_xmas,-0.00035
MED00262,4,fest_xmas,-0.00045
MED00263,4,fest_xmas,-0.00033
MED00264,4,fest_xmas,-0.00085
MED00266,4,fest_xmas,-0.00028
MED00268,4,fest_xmas,-0.00011
MED00269,4,fest_xmas,-0.0002
MED00270,4,fest_xmas,-0.00011
MED00271,4,fest_xmas,0.00054
MED00272,4,fest_xmas,0.00013
MED00274,4,fest_xmas,-0.00051
MED00275,4,fest_xmas,0.00011
MED00276,4,fest_xmas,-0.00028
MED00277,4,fest_xmas,0.00055
MED00280,4,fest_xmas,0.00088
MED00281,4,fest_xmas,0.00018
MED00282,4,fest_xmas,-0.00014
MED00283,4,fest_xmas,-0.00021
MED00287,4,fest_xmas,-0.00047
MED00288,4,fest_xmas,-0.00012
MED00289,4,fest_xmas,0.00017
MED00290,4,fest_xmas,-0.00024
MED00291,4,fest_xmas,-0.00044
MED00293,4,fest_xmas,0.00089
MED00294,4,fest_xmas,0.00024
MED00295,4,fest_xmas,-0.00038
MED00298,4,fest_xmas,-0.00017
MED00299,4,fest_xmas,0.00016
MED00300,4,fest_xmas,-0.00021
MED00301,4,fest_xmas,-0.00014
MED00302,4,fest_xmas,-0.00015
MED00303,4,fest_xmas,0.00022
MED00307,4,fest_xmas,0.0002
MED00308,4,fest_xmas,-0.00039
MED00309,4,fest_xmas,-0.00051
MED00310,4,fest_xmas,-0.00021
MED00313,4,fest_xmas,0.00043
MED00314,4,fest_xmas,-0.00074
MED00316,4,fest_xmas,-0.00033
MED00317,4,fest_xmas,-0.00022
MED00318,4,fest_xmas,0.00011
MED00319,4,fest_xmas,-0.00011
MED00320,4,fest_xmas,-0.00043
MED00321,4,fest_xmas,-0.00052
MED00323,4,fest_xmas,-0.00037
MED00324,4,fest_xmas,-0.00022
MED00327,4,fest_xmas,-0.00042
MED00329,4,fest_xmas,-0.00013
MED00330,4,fest_xmas,-0.00012
MED00332,4,fest_xmas,-0.00021
MED00333,4,fest_xmas,-0.00019
MED00334,4,fest_xmas,-0.00063
MED00335,4,fest_xmas,0.00016
MED00337,4,fest_xmas,-0.0004
MED00340,4,fest_xmas,0.00074
MED00341,4,fest_xmas,-0.00018
MED00342,4,fest_xmas,-0.00023
MED00344,4,fest_xmas,0.00089
MED00346,4,fest_xmas,-0.0002
MED00347,4,fest_xmas,0.00047
MED00348,4,fest_xmas,-0.00021
MED00349,4,fest_xmas,-0.0002
MED00350,4,fest_xmas,-0.00035
MED00351,4,fest_xmas,-0.00053
MED00352,4,fest_xmas,0.00057
MED00353,4,fest_xmas,0.00041
MED00354,4,fest_xmas,0.00061
MED00355,4,fest_xmas,-1e-04
MED00357,4,fest_xmas,0.00043
MED00358,4,fest_xmas,0.00013
MED00360,4,fest_xmas,0.00103
MED00361,4,fest_xmas,-0.00012
MED00362,4,fest_xmas,-0.00025
MED00363,4,fest_xmas,-0.00018
MED00364,4,fest_xmas,0.00047
MED00365,4,fest_xmas,-0.00014
MED00368,4,fest_xmas,-0.00024
MED00369,4,fest_xmas,0.00016
MED00370,4,fest_xmas,-0.00049
MED00372,4,fest_xmas,0.0008
MED00373,4,fest_xmas,0.00075
MED00374,4,fest_xmas,0.00029
MED00376,4,fest_xmas,-0.0002
MED00377,4,fest_xmas,-0.00045
MED00378,4,fest_xmas,-0.0002
MED00379,4,fest_xmas,0.00067
MED00380,4,fest_xmas,0.00073
MED00381,4,fest_xmas,0.00063
MED00382,4,fest_xmas,0.0002
MED00386,4,fest_xmas,-0.00031
MED00388,4,fest_xmas,0.00019
MED00389,4,fest_xmas,0.0002
MED00392,4,fest_xmas,0.00027
MED00393,4,fest_xmas,0.00013
MED00396,4,fest_xmas,0.00025
MED00397,4,fest_xmas,0.00019
MED00398,4,fest_xmas,0.00012
MED00399,4,fest_xmas,-0.00039
MED00401,4,fest_xmas,0.00021
MED00403,4,fest_xmas,0.00021
MED00407,4,fest_xmas,0.00023
MED00408,4,fest_xmas,0.00016
MED00411,4,fest_xmas,0.0004
MED00413,4,fest_xmas,0.00023
MED00414,4,fest_xmas,0.00014
MED00415,4,fest_xmas,0.00018
MED00416,4,fest_xmas,0.00046
MED00420,4,fest_xmas,0.00019
MED00421,4,fest_xmas,-0.00017
MED00422,4,fest_xmas,0.00046
MED00424,4,fest_xmas,0.00013
MED00002,5,fest_xmas,0.00029
MED00003,5,fest_xmas,0.00057
MED00004,5,fest_xmas,-0.00065
MED00005,5,fest_xmas,0.00065
MED00006,5,fest_xmas,-0.00026
MED00007,5,fest_xmas,-0.00059
MED00008,5,fest_xmas,0.00055
MED00009,5,fest_xmas,-0.00013
MED00010,5,fest_xmas,0.00086
MED00011,5,fest_xmas,-0.00012
MED00014,5,fest_xmas,0.00039
MED00015,5,fest_xmas,0.00102
MED00016,5,fest_xmas,-0.00038
MED00017,5,fest_xmas,-0.00031
MED00018,5,fest_xmas,0.00035
MED00019,5,fest_xmas,0.00013
MED00020,5,fest_xmas,-0.00017
MED00021,5,fest_xmas,-0.00018
MED00022,5,fest_xmas,-0.00011
MED00023,5,fest_xmas,0.00012
MED00024,5,fest_xmas,-0.00029
MED00025,5,fest_xmas,-0.00056
MED00026,5,fest_xmas,-0.00056
MED00027,5,fest_xmas,-0.00034
MED00028,5,fest_xmas,0.00044
MED00030,5,fest_xmas,-0.00019
MED00032,5,fest_xmas,-0.00014
MED00033,5,fest_xmas,0.00069
MED00034,5,fest_xmas,-0.00016
MED00035,5,fest_xmas,0.00027
MED00037,5,fest_xmas,1e-04
MED00038,5,fest_xmas,0.00012
MED00039,5,fest_xmas,-0.00052
MED00040,5,fest_xmas,-0.00019
MED00041,5,fest_xmas,-0.00048
MED00042,5,fest_xmas,0.00023
MED00043,5,fest_xmas,0.00073
MED00044,5,fest_xmas,-0.00026
MED00045,5,fest_xmas,-0.0003
MED00047,5,fest_xmas,-0.00017
MED00050,5,fest_xmas,-0.00049
MED00051,5,fest_xmas,0.00047
MED00052,5,fest_xmas,0.00045
MED00054,5,fest_xmas,-0.00017
MED00055,5,fest_xmas,0.00024
MED00056,5,fest_xmas,0.00065
MED00057,5,fest_xmas,-0.00013
MED00058,5,fest_xmas,-0.00069
MED00059,5,fest_xmas,0.00016
MED00061,5,fest_xmas,0.00042
MED00063,5,fest_xmas,0.00012
MED00065,5,fest_xmas,0.00022
MED00066,5,fest_xmas,0.00059
MED00068,5,fest_xmas,-0.00028
MED00070,5,fest_xmas,-0.00022
MED00071,5,fest_xmas,-0.00027
MED00073,5,fest_xmas,-0.00027
MED00074,5,fest_xmas,-0.00034
MED00075,5,fest_xmas,0.00051
MED00076,5,fest_xmas,0.00088
MED00078,5,fest_xmas,-0.00016
MED00079,5,fest_xmas,0.00053
MED00080,5,fest_xmas,-0.0002
MED00081,5,fest_xmas,0.00025
MED00083,5,fest_xmas,-0.00013
MED00085,5,fest_xmas,-0.00024
MED00087,5,fest_xmas,-1e-04
MED00088,5,fest_xmas,0.00041
MED00089,5,fest_xmas,0.00022
MED00091,5,fest_xmas,-0.00015
MED00093,5,fest_xmas,-0.00031
MED00094,5,fest_xmas,-0.00052
MED00095,5,fest_xmas,-0.0003
MED00096,5,fest_xmas,0.00069
MED00097,5,fest_xmas,-0.00017
MED00098,5,fest_xmas,-0.00013
MED00099,5,fest_xmas,-0.00049
MED00100,5,fest_xmas,0.0007
MED00101,5,fest_xmas,-0.00026
MED00102,5,fest_xmas,0.00179
MED00103,5,fest_xmas,-0.00042
MED00106,5,fest_xmas,0.00013
MED00107,5,fest_xmas,-0.00012
MED00108,5,fest_xmas,-0.00037
MED00109,5,fest_xmas,0.0004
MED00110,5,fest_xmas,0.0008
MED00111,5,fest_xmas,0.00024
MED00112,5,fest_xmas,-0.00046
MED00113,5,fest_xmas,-0.00011
MED00114,5,fest_xmas,-0.00051
MED00115,5,fest_xmas,-0.00016
MED00118,5,fest_xmas,-0.00019
MED00119,5,fest_xmas,-0.00019
MED00120,5,fest_xmas,-0.00023
MED00121,5,fest_xmas,-0.00017
MED00123,5,fest_xmas,-0.00021
MED00124,5,fest_xmas,-0.00012
MED00125,5,fest_xmas,0.00044
MED00126,5,fest_xmas,-0.00064
MED00128,5,fest_xmas,-0.00014
MED00129,5,fest_xmas,-0.00029
MED00132,5,fest_xmas,-0.0002
MED00133,5,fest_xmas,-0.00081
MED00135,5,fest_xmas,-0.00047
MED00136,5,fest_xmas,-0.00068
MED00138,5,fest_xmas,-0.00018
MED00139,5,fest_xmas,-0.00045
MED00140,5,fest_xmas,-0.00011
MED00141,5,fest_xmas,-0.00026
MED00142,5,fest_xmas,0.00016
MED00143,5,fest_xmas,-0.00037
MED00145,5,fest_xmas,0.00088
MED00146,5,fest_xmas,-1e-04
MED00149,5,fest_xmas,-0.00019
MED00150,5,fest_xmas,0.00028
MED00151,5,fest_xmas,-0.00016
MED00152,5,fest_xmas,-0.00032
MED00153,5,fest_xmas,-0.0002
MED00154,5,fest_xmas,0.00019
MED00155,5,fest_xmas,-0.00018
MED00158,5,fest_xmas,-0.00039
MED00159,5,fest_xmas,-0.00069
MED00161,5,fest_xmas,-0.00012
MED00163,5,fest_xmas,0.00018
MED00165,5,fest_xmas,-0.00031
MED00166,5,fest_xmas,-0.00012
MED00167,5,fest_xmas,-0.00022
MED00168,5,fest_xmas,-0.00019
MED00169,5,fest_xmas,-0.0002
MED00171,5,fest_xmas,-0.00012
MED00172,5,fest_xmas,-0.00013
MED00173,5,fest_xmas,-0.00021
MED00174,5,fest_xmas,-0.0008
MED00175,5,fest_xmas,0.00041
MED00177,5,fest_xmas,-0.00036
MED00178,5,fest_xmas,1e-04
MED00179,5,fest_xmas,0.00047
MED00180,5,fest_xmas,-0.00025
MED00181,5,fest_xmas,-0.00047
MED00182,5,fest_xmas,-0.00063
MED00183,5,fest_xmas,-0.00029
MED00184,5,fest_xmas,-0.00051
MED00185,5,fest_xmas,-0.00014
MED00188,5,fest_xmas,-0.00033
MED00189,5,fest_xmas,0.00055
MED00190,5,fest_xmas,-0.00022
MED00192,5,fest_xmas,0.00033
MED00194,5,fest_xmas,0.00033
MED00195,5,fest_xmas,0.0004
MED00196,5,fest_xmas,0.00011
MED00197,5,fest_xmas,0.00018
MED00198,5,fest_xmas,-0.00019
MED00199,5,fest_xmas,-0.00014
MED00201,5,fest_xmas,0.0002
MED00202,5,fest_xmas,-0.00016
MED00204,5,fest_xmas,-1e-04
MED00207,5,fest_xmas,-0.00026
MED00208,5,fest_xmas,0.00012
MED00209,5,fest_xmas,0.00021
MED00210,5,fest_xmas,0.00075
MED00211,5,fest_xmas,-0.00017
MED00212,5,fest_xmas,0.00012
MED00213,5,fest_xmas,0.00047
MED00214,5,fest_xmas,-0.00011
MED00216,5,fest_xmas,-0.00022
MED00217,5,fest_xmas,0.00089
MED00219,5,fest_xmas,0.00022
MED00220,5,fest_xmas,-0.00013
MED00221,5,fest_xmas,-0.0002
MED00222,5,fest_xmas,0.00018
MED00224,5,fest_xmas,-0.00017
MED00227,5,fest_xmas,0.00014
MED00228,5,fest_xmas,-0.00019
MED00229,5,fest_xmas,0.00052
MED00230,5,fest_xmas,0.00028
MED00231,5,fest_xmas,-0.00019
MED00232,5,fest_xmas,-0.00041
MED00233,5,fest_xmas,-0.00069
MED00234,5,fest_xmas,-0.00018
MED00236,5,fest_xmas,-0.00016
MED00237,5,fest_xmas,-0.00013
MED00238,5,fest_xmas,-0.00029
MED00239,5,fest_xmas,-0.00035
MED00241,5,fest_xmas,-0.00019
MED00242,5,fest_xmas,0.00032
MED00243,5,fest_xmas,0.00029
MED00244,5,fest_xmas,-0.00023
MED00245,5,fest_xmas,0.00014
MED00247,5,fest_xmas,-0.00012
MED00248,5,fest_xmas,0.00011
MED00249,5,fest_xmas,-0.00017
MED00251,5,fest_xmas,-0.00023
MED00252,5,fest_xmas,0.00012
MED00253,5,fest_xmas,-0.00027
MED00255,5,fest_xmas,-0.00017
MED00256,5,fest_xmas,-0.00068
MED00257,5,fest_xmas,-0.00049
MED00258,5,fest_xmas,-0.00014
MED00260,5,fest_xmas,-1e-04
MED00261,5,fest_xmas,-0.00034
MED00262,5,fest_xmas,-0.0005
MED00263,5,fest_xmas,-0.00062
MED00264,5,fest_xmas,-0.00087
MED00266,5,fest_xmas,-0.00028
MED00268,5,fest_xmas,-0.00013
MED00269,5,fest_xmas,-0.00022
MED00270,5,fest_xmas,-0.00041
MED00271,5,fest_xmas,0.00025
MED00272,5,fest_xmas,1e-04
MED00274,5,fest_xmas,-0.00022
MED00276,5,fest_xmas,-0.00031
MED00277,5,fest_xmas,0.00055
MED00280,5,fest_xmas,0.00088
MED00281,5,fest_xmas,0.00016
MED00282,5,fest_xmas,-0.00016
MED00283,5,fest_xmas,-0.00023
MED00287,5,fest_xmas,-0.00049
MED00288,5,fest_xmas,-0.00014
MED00289,5,fest_xmas,0.00018
MED00290,5,fest_xmas,-0.00026
MED00291,5,fest_xmas,-0.00043
MED00293,5,fest_xmas,0.00098
MED00294,5,fest_xmas,0.00023
MED00295,5,fest_xmas,-0.00038
MED00298,5,fest_xmas,-0.00023
MED00299,5,fest_xmas,0.00016
MED00300,5,fest_xmas,-0.00023
MED00301,5,fest_xmas,-0.00017
MED00302,5,fest_xmas,-0.00015
MED00303,5,fest_xmas,0.00021
MED00307,5,fest_xmas,0.00022
MED00308,5,fest_xmas,-0.00052
MED00309,5,fest_xmas,-0.00057
MED00310,5,fest_xmas,-0.00023
MED00312,5,fest_xmas,0.0002
MED00313,5,fest_xmas,0.00044
MED00314,5,fest_xmas,-0.00074
MED00316,5,fest_xmas,-0.00035
MED00317,5,fest_xmas,-0.00024
MED00319,5,fest_xmas,-0.00013
MED00320,5,fest_xmas,-0.00042
MED00321,5,fest_xmas,-0.00051
MED00323,5,fest_xmas,-0.00037
MED00324,5,fest_xmas,-0.00022
MED00327,5,fest_xmas,-0.00042
MED00329,5,fest_xmas,-0.00015
MED00330,5,fest_xmas,-0.00015
MED00331,5,fest_xmas,-0.00017
MED00332,5,fest_xmas,-0.00023
MED00333,5,fest_xmas,-0.00048
MED00334,5,fest_xmas,-0.00063
MED00335,5,fest_xmas,0.00022
MED00337,5,fest_xmas,-0.0004
MED00340,5,fest_xmas,0.00074
MED00341,5,fest_xmas,-0.0002
MED00342,5,fest_xmas,-0.00025
MED00344,5,fest_xmas,0.00091
MED00346,5,fest_xmas,-0.00022
MED00347,5,fest_xmas,0.00047
MED00348,5,fest_xmas,-0.00023
MED00349,5,fest_xmas,-0.00023
MED00350,5,fest_xmas,-0.00034
MED00351,5,fest_xmas,-0.00053
MED00352,5,fest_xmas,0.00057
MED00353,5,fest_xmas,0.00041
MED00354,5,fest_xmas,0.00061
MED00355,5,fest_xmas,-0.00013
MED00357,5,fest_xmas,0.00043
MED00358,5,fest_xmas,0.00011
MED00360,5,fest_xmas,0.00074
MED00361,5,fest_xmas,-0.00041
MED00362,5,fest_xmas,-0.00027
MED00363,5,fest_xmas,-0.0002
MED00364,5,fest_xmas,0.00045
MED00365,5,fest_xmas,-0.00016
MED00368,5,fest_xmas,-0.00053
MED00369,5,fest_xmas,0.00016
MED00370,5,fest_xmas,-0.00039
MED00372,5,fest_xmas,0.0008
MED00373,5,fest_xmas,0.00075
MED00374,5,fest_xmas,0.00016
MED00376,5,fest_xmas,-0.00022
MED00377,5,fest_xmas,-0.00046
MED00378,5,fest_xmas,-0.00022
MED00379,5,fest_xmas,0.00067
MED00380,5,fest_xmas,0.00073
MED00381,5,fest_xmas,0.00063
MED00382,5,fest_xmas,0.00018
MED00385,5,fest_xmas,-0.00012
MED00386,5,fest_xmas,-0.00031
MED00389,5,fest_xmas,0.0002
MED00392,5,fest_xmas,0.00025
MED00393,5,fest_xmas,0.00011
MED00396,5,fest_xmas,0.00031
MED00397,5,fest_xmas,0.00018
MED00398,5,fest_xmas,0.00012
MED00399,5,fest_xmas,-0.00039
MED00401,5,fest_xmas,-0.00024
MED00403,5,fest_xmas,0.00019
MED00407,5,fest_xmas,0.00019
MED00408,5,fest_xmas,0.00013
MED00411,5,fest_xmas,0.00038
MED00413,5,fest_xmas,0.00021
MED00414,5,fest_xmas,0.00012
MED00415,5,fest_xmas,0.00016
MED00416,5,fest_xmas,0.00043
MED00420,5,fest_xmas,0.00016
MED00421,5,fest_xmas,-0.0002
MED00422,5,fest_xmas,0.00044
MED00424,5,fest_xmas,0.00013
MED00002,6,fest_xmas,0.00029
MED00003,6,fest_xmas,0.00057
MED00004,6,fest_xmas,-0.00065
MED00005,6,fest_xmas,0.00065
MED00006,6,fest_xmas,-0.00026
MED00007,6,fest_xmas,-0.00059
MED00008,6,fest_xmas,0.00055
MED00009,6,fest_xmas,-0.00013
MED00010,6,fest_xmas,0.00086
MED00011,6,fest_xmas,-0.00012
MED00014,6,fest_xmas,0.00039
MED00015,6,fest_xmas,0.00102
MED00016,6,fest_xmas,-0.00038
MED00017,6,fest_xmas,-0.00031
MED00018,6,fest_xmas,0.00035
MED00019,6,fest_xmas,0.00013
MED00020,6,fest_xmas,-0.00017
MED00021,6,fest_xmas,-0.00018
MED00022,6,fest_xmas,-0.00011
MED00023,6,fest_xmas,1e-04
MED00024,6,fest_xmas,-0.00029
MED00025,6,fest_xmas,-0.00056
MED00026,6,fest_xmas,-0.00055
MED00027,6,fest_xmas,-0.00034
MED00028,6,fest_xmas,0.00044
MED00030,6,fest_xmas,-0.00019
MED00032,6,fest_xmas,-0.00014
MED00033,6,fest_xmas,0.00069
MED00034,6,fest_xmas,-0.00016
MED00035,6,fest_xmas,0.00027
MED00037,6,fest_xmas,1e-04
MED00038,6,fest_xmas,0.00012
MED00039,6,fest_xmas,-0.00052
MED00040,6,fest_xmas,-0.00019
MED00041,6,fest_xmas,-0.00048
MED00042,6,fest_xmas,0.00023
MED00043,6,fest_xmas,0.00073
MED00044,6,fest_xmas,-0.00026
MED00045,6,fest_xmas,-0.0003
MED00047,6,fest_xmas,-0.00017
MED00050,6,fest_xmas,-0.00049
MED00051,6,fest_xmas,0.00047
MED00052,6,fest_xmas,0.00045
MED00054,6,fest_xmas,-0.00017
MED00055,6,fest_xmas,0.00024
MED00056,6,fest_xmas,0.00065
MED00057,6,fest_xmas,-0.00013
MED00058,6,fest_xmas,-0.00069
MED00059,6,fest_xmas,0.00016
MED00061,6,fest_xmas,0.00042
MED00063,6,fest_xmas,0.00012
MED00065,6,fest_xmas,0.00022
MED00066,6,fest_xmas,0.00059
MED00068,6,fest_xmas,-0.00028
MED00070,6,fest_xmas,-0.00022
MED00071,6,fest_xmas,-0.00027
MED00073,6,fest_xmas,-0.00027
MED00074,6,fest_xmas,-0.00034
MED00075,6,fest_xmas,0.00051
MED00076,6,fest_xmas,0.00088
MED00078,6,fest_xmas,-0.00016
MED00079,6,fest_xmas,0.00053
MED00080,6,fest_xmas,-0.0002
MED00081,6,fest_xmas,0.00025
MED00083,6,fest_xmas,-0.00013
MED00085,6,fest_xmas,-0.00024
MED00087,6,fest_xmas,-1e-04
MED00088,6,fest_xmas,0.00041
MED00089,6,fest_xmas,0.00022
MED00091,6,fest_xmas,-0.00015
MED00093,6,fest_xmas,-0.00031
MED00094,6,fest_xmas,-0.00041
MED00095,6,fest_xmas,-0.0003
MED00096,6,fest_xmas,0.00069
MED00097,6,fest_xmas,-0.00017
MED00098,6,fest_xmas,-0.00013
MED00099,6,fest_xmas,-0.00049
MED00100,6,fest_xmas,0.0007
MED00101,6,fest_xmas,-0.00026
MED00102,6,fest_xmas,0.00179
MED00103,6,fest_xmas,-0.00042
MED00106,6,fest_xmas,0.00013
MED00107,6,fest_xmas,-0.00012
MED00108,6,fest_xmas,-0.00037
MED00109,6,fest_xmas,0.0004
MED00110,6,fest_xmas,0.0008
MED00111,6,fest_xmas,0.00024
MED00112,6,fest_xmas,-0.00046
MED00113,6,fest_xmas,-0.00011
MED00114,6,fest_xmas,-0.00051
MED00115,6,fest_xmas,-0.00016
MED00118,6,fest_xmas,-0.00019
MED00119,6,fest_xmas,-0.00019
MED00120,6,fest_xmas,-0.00023
MED00121,6,fest_xmas,-0.00017
MED00123,6,fest_xmas,-0.00021
MED00124,6,fest_xmas,-0.00012
MED00125,6,fest_xmas,0.00044
MED00126,6,fest_xmas,-0.00064
MED00128,6,fest_xmas,-0.00015
MED00129,6,fest_xmas,-0.00029
MED00132,6,fest_xmas,-0.0002
MED00133,6,fest_xmas,-0.00081
MED00135,6,fest_xmas,-0.00047
MED00136,6,fest_xmas,-0.00068
MED00138,6,fest_xmas,-0.00018
MED00139,6,fest_xmas,-0.00045
MED00140,6,fest_xmas,-0.00011
MED00141,6,fest_xmas,-0.00026
MED00142,6,fest_xmas,0.00016
MED00143,6,fest_xmas,-0.00034
MED00145,6,fest_xmas,0.00088
MED00146,6,fest_xmas,-1e-04
MED00149,6,fest_xmas,-0.00019
MED00150,6,fest_xmas,0.00028
MED00151,6,fest_xmas,-0.00016
MED00152,6,fest_xmas,-0.00032
MED00153,6,fest_xmas,-0.0002
MED00154,6,fest_xmas,0.00019
MED00155,6,fest_xmas,-0.00018
MED00158,6,fest_xmas,-0.00039
MED00159,6,fest_xmas,-0.00069
MED00161,6,fest_xmas,-0.00012
MED00163,6,fest_xmas,0.00018
MED00165,6,fest_xmas,-0.00031
MED00166,6,fest_xmas,-0.00012
MED00167,6,fest_xmas,-0.00022
MED00168,6,fest_xmas,-0.00019
MED00169,6,fest_xmas,-0.0002
MED00171,6,fest_xmas,-0.00012
MED00172,6,fest_xmas,-0.00013
MED00173,6,fest_xmas,-0.00021
MED00174,6,fest_xmas,-0.0008
MED00175,6,fest_xmas,0.00041
MED00177,6,fest_xmas,-0.00036
MED00178,6,fest_xmas,1e-04
MED00179,6,fest_xmas,0.00047
MED00180,6,fest_xmas,-0.00025
MED00181,6,fest_xmas,-0.00047
MED00182,6,fest_xmas,-0.00058
MED00183,6,fest_xmas,-0.00029
MED00184,6,fest_xmas,-0.00051
MED00185,6,fest_xmas,-0.00014
MED00188,6,fest_xmas,-0.00033
MED00189,6,fest_xmas,0.00055
MED00190,6,fest_xmas,-0.00022
MED00192,6,fest_xmas,0.00033
MED00194,6,fest_xmas,0.00016
MED00195,6,fest_xmas,0.0004
MED00196,6,fest_xmas,0.00011
MED00198,6,fest_xmas,-0.00019
MED00199,6,fest_xmas,-0.00014
MED00201,6,fest_xmas,0.00019
MED00202,6,fest_xmas,-0.00016
MED00204,6,fest_xmas,-1e-04
MED00207,6,fest_xmas,-0.00026
MED00208,6,fest_xmas,0.00012
MED00209,6,fest_xmas,0.00021
MED00210,6,fest_xmas,0.00075
MED00211,6,fest_xmas,-0.00017
MED00212,6,fest_xmas,0.00012
MED00213,6,fest_xmas,0.00047
MED00214,6,fest_xmas,-0.00011
MED00216,6,fest_xmas,-0.00022
MED00217,6,fest_xmas,0.00089
MED00219,6,fest_xmas,0.00022
MED00220,6,fest_xmas,-0.00013
MED00221,6,fest_xmas,-0.0002
MED00222,6,fest_xmas,0.00018
MED00224,6,fest_xmas,-0.00017
MED00227,6,fest_xmas,0.00014
MED00228,6,fest_xmas,-0.00019
MED00229,6,fest_xmas,0.00052
MED00230,6,fest_xmas,0.00028
MED00231,6,fest_xmas,-0.00019
MED00232,6,fest_xmas,-0.00041
MED00233,6,fest_xmas,-0.00069
MED00234,6,fest_xmas,-0.00018
MED00236,6,fest_xmas,-0.00016
MED00237,6,fest_xmas,-0.00013
MED00238,6,fest_xmas,-0.00029
MED00239,6,fest_xmas,-0.00035
MED00241,6,fest_xmas,-0.00019
MED00242,6,fest_xmas,0.00032
MED00243,6,fest_xmas,0.00029
MED00244,6,fest_xmas,-0.00023
MED00245,6,fest_xmas,0.00014
MED00247,6,fest_xmas,-0.00012
MED00248,6,fest_xmas,0.00011
MED00249,6,fest_xmas,-0.00017
MED00251,6,fest_xmas,-0.00023
MED00252,6,fest_xmas,0.00012
MED00253,6,fest_xmas,-0.00027
MED00255,6,fest_xmas,-0.00017
MED00256,6,fest_xmas,-0.00068
MED00257,6,fest_xmas,-0.00049
MED00258,6,fest_xmas,-0.00014
MED00260,6,fest_xmas,-1e-04
MED00261,6,fest_xmas,-0.00034
MED00262,6,fest_xmas,-0.0005
MED00263,6,fest_xmas,-0.00062
MED00264,6,fest_xmas,-0.00087
MED00266,6,fest_xmas,-0.00028
MED00268,6,fest_xmas,-0.00013
MED00269,6,fest_xmas,-0.00022
MED00270,6,fest_xmas,-0.00041
MED00271,6,fest_xmas,0.00025
MED00272,6,fest_xmas,1e-04
MED00274,6,fest_xmas,-0.00022
MED00276,6,fest_xmas,-0.00031
MED00277,6,fest_xmas,0.00055
MED00280,6,fest_xmas,0.00088
MED00281,6,fest_xmas,0.00016
MED00282,6,fest_xmas,-0.00016
MED00283,6,fest_xmas,-0.00023
MED00287,6,fest_xmas,-0.00049
MED00288,6,fest_xmas,-0.00014
MED00289,6,fest_xmas,0.00018
MED00290,6,fest_xmas,-0.00024
MED00291,6,fest_xmas,-0.00043
MED00293,6,fest_xmas,0.00098
MED00294,6,fest_xmas,0.00023
MED00295,6,fest_xmas,-0.00038
MED00298,6,fest_xmas,-0.00023
MED00299,6,fest_xmas,0.00016
MED00300,6,fest_xmas,-0.00023
MED00301,6,fest_xmas,-0.00017
MED00302,6,fest_xmas,-0.00015
MED00303,6,fest_xmas,0.00021
MED00307,6,fest_xmas,0.00022
MED00308,6,fest_xmas,-0.00052
MED00309,6,fest_xmas,-0.00057
MED00310,6,fest_xmas,-0.00023
MED00312,6,fest_xmas,0.0002
MED00313,6,fest_xmas,0.00044
MED00314,6,fest_xmas,-0.00074
MED00316,6,fest_xmas,-0.00035
MED00317,6,fest_xmas,-0.00024
MED00319,6,fest_xmas,-0.00013
MED00320,6,fest_xmas,-0.00042
MED00321,6,fest_xmas,-0.00051
MED00323,6,fest_xmas,-0.00037
MED00324,6,fest_xmas,-0.00024
MED00327,6,fest_xmas,-0.00042
MED00329,6,fest_xmas,-0.00015
MED00330,6,fest_xmas,-0.00015
MED00331,6,fest_xmas,-0.00017
MED00332,6,fest_xmas,-0.00023
MED00333,6,fest_xmas,-0.00048
MED00334,6,fest_xmas,-0.00063
MED00335,6,fest_xmas,0.00022
MED00337,6,fest_xmas,-0.0004
MED00340,6,fest_xmas,0.00074
MED00341,6,fest_xmas,-0.0002
MED00342,6,fest_xmas,-0.00025
MED00344,6,fest_xmas,0.00091
MED00346,6,fest_xmas,-0.00022
MED00347,6,fest_xmas,0.00047
MED00348,6,fest_xmas,-0.00023
MED00349,6,fest_xmas,-0.00023
MED00350,6,fest_xmas,-0.00034
MED00351,6,fest_xmas,-0.00053
MED00352,6,fest_xmas,0.00057
MED00353,6,fest_xmas,0.00041
MED00354,6,fest_xmas,0.00061
MED00355,6,fest_xmas,-0.00013
MED00357,6,fest_xmas,0.00043
MED00358,6,fest_xmas,0.00011
MED00360,6,fest_xmas,0.00074
MED00361,6,fest_xmas,-0.00041
MED00362,6,fest_xmas,-0.00027
MED00363,6,fest_xmas,-0.0002
MED00364,6,fest_xmas,0.00045
MED00365,6,fest_xmas,-0.00016
MED00368,6,fest_xmas,-0.00053
MED00369,6,fest_xmas,0.00016
MED00370,6,fest_xmas,-0.00039
MED00372,6,fest_xmas,0.0008
MED00373,6,fest_xmas,0.00075
MED00374,6,fest_xmas,0.00016
MED00376,6,fest_xmas,-0.00022
MED00377,6,fest_xmas,-0.00046
MED00378,6,fest_xmas,-0.00022
MED00379,6,fest_xmas,0.00067
MED00380,6,fest_xmas,0.00073
MED00381,6,fest_xmas,0.00063
MED00382,6,fest_xmas,0.00018
MED00385,6,fest_xmas,-0.00012
MED00386,6,fest_xmas,-0.00031
MED00389,6,fest_xmas,0.0002
MED00392,6,fest_xmas,0.00025
MED00393,6,fest_xmas,0.00011
MED00396,6,fest_xmas,0.00031
MED00397,6,fest_xmas,0.00018
MED00398,6,fest_xmas,0.00012
MED00399,6,fest_xmas,-0.00039
MED00401,6,fest_xmas,-0.00024
MED00403,6,fest_xmas,0.00019
MED00407,6,fest_xmas,0.00019
MED00408,6,fest_xmas,0.00013
MED00411,6,fest_xmas,0.00038
MED00413,6,fest_xmas,0.00021
MED00414,6,fest_xmas,0.00012
MED00415,6,fest_xmas,0.00016
MED00416,6,fest_xmas,0.00043
MED00420,6,fest_xmas,0.00016
MED00421,6,fest_xmas,-0.0002
MED00422,6,fest_xmas,0.00044
MED00424,6,fest_xmas,0.00013
MED00002,7,fest_xmas,0.00027
MED00003,7,fest_xmas,0.00057
MED00004,7,fest_xmas,-0.00065
MED00005,7,fest_xmas,0.00065
MED00006,7,fest_xmas,-0.00026
MED00007,7,fest_xmas,-0.00059
MED00008,7,fest_xmas,0.00053
MED00009,7,fest_xmas,-0.00014
MED00010,7,fest_xmas,0.00086
MED00011,7,fest_xmas,-0.00012
MED00014,7,fest_xmas,0.00039
MED00015,7,fest_xmas,0.00102
MED00016,7,fest_xmas,-0.00039
MED00017,7,fest_xmas,-0.00031
MED00018,7,fest_xmas,0.00035
MED00019,7,fest_xmas,0.00013
MED00020,7,fest_xmas,-0.00026
MED00021,7,fest_xmas,-0.00018
MED00022,7,fest_xmas,-0.00012
MED00023,7,fest_xmas,1e-04
MED00024,7,fest_xmas,-0.00029
MED00025,7,fest_xmas,-0.00056
MED00026,7,fest_xmas,-0.0005
MED00027,7,fest_xmas,-0.00034
MED00028,7,fest_xmas,0.00042
MED00030,7,fest_xmas,-0.00019
MED00031,7,fest_xmas,-0.00012
MED00032,7,fest_xmas,-0.00014
MED00033,7,fest_xmas,0.00069
MED00034,7,fest_xmas,-0.00016
MED00035,7,fest_xmas,0.00025
MED00038,7,fest_xmas,0.00012
MED00039,7,fest_xmas,-0.00052
MED00040,7,fest_xmas,-0.00021
MED00041,7,fest_xmas,-0.00048
MED00042,7,fest_xmas,0.00023
MED00043,7,fest_xmas,0.00073
MED00044,7,fest_xmas,-0.00026
MED00045,7,fest_xmas,-0.0003
MED00047,7,fest_xmas,-0.00017
MED00050,7,fest_xmas,-0.0005
MED00051,7,fest_xmas,0.00047
MED00052,7,fest_xmas,0.00045
MED00054,7,fest_xmas,-0.00018
MED00055,7,fest_xmas,0.00024
MED00056,7,fest_xmas,0.00063
MED00057,7,fest_xmas,-0.00014
MED00058,7,fest_xmas,-0.00069
MED00059,7,fest_xmas,0.00016
MED00061,7,fest_xmas,0.0004
MED00063,7,fest_xmas,0.00012
MED00065,7,fest_xmas,0.00022
MED00066,7,fest_xmas,0.00058
MED00067,7,fest_xmas,-1e-04
MED00068,7,fest_xmas,-0.0003
MED00070,7,fest_xmas,-0.00022
MED00071,7,fest_xmas,-0.00027
MED00073,7,fest_xmas,-0.00027
MED00074,7,fest_xmas,-0.00034
MED00075,7,fest_xmas,0.0005
MED00076,7,fest_xmas,0.00087
MED00078,7,fest_xmas,-0.00016
MED00079,7,fest_xmas,0.00053
MED00080,7,fest_xmas,-0.00022
MED00081,7,fest_xmas,0.00025
MED00083,7,fest_xmas,-0.00013
MED00085,7,fest_xmas,-0.00024
MED00087,7,fest_xmas,-1e-04
MED00088,7,fest_xmas,0.00041
MED00089,7,fest_xmas,0.00022
MED00091,7,fest_xmas,-0.00015
MED00093,7,fest_xmas,-0.00039
MED00094,7,fest_xmas,-0.00049
MED00095,7,fest_xmas,-0.00031
MED00096,7,fest_xmas,0.00069
MED00097,7,fest_xmas,-0.00017
MED00098,7,fest_xmas,-0.00013
MED00099,7,fest_xmas,-0.0005
MED00100,7,fest_xmas,0.0007
MED00101,7,fest_xmas,-0.00027
MED00102,7,fest_xmas,0.00178
MED00103,7,fest_xmas,-0.00042
MED00106,7,fest_xmas,0.00013
MED00107,7,fest_xmas,-0.00012
MED00108,7,fest_xmas,-0.00037
MED00109,7,fest_xmas,0.0004
MED00110,7,fest_xmas,0.0008
MED00111,7,fest_xmas,0.00024
MED00112,7,fest_xmas,-0.00046
MED00113,7,fest_xmas,-0.00012
MED00114,7,fest_xmas,-0.00051
MED00115,7,fest_xmas,-0.00016
MED00118,7,fest_xmas,-0.0002
MED00119,7,fest_xmas,-0.00019
MED00120,7,fest_xmas,-0.00023
MED00121,7,fest_xmas,-0.00018
MED00123,7,fest_xmas,-0.00021
MED00124,7,fest_xmas,-0.00012
MED00125,7,fest_xmas,0.00044
MED00126,7,fest_xmas,-0.00064
MED00128,7,fest_xmas,-0.00015
MED00129,7,fest_xmas,-0.00029
MED00132,7,fest_xmas,-0.0002
MED00133,7,fest_xmas,-0.00081
MED00135,7,fest_xmas,-0.00047
MED00136,7,fest_xmas,-0.00069
MED00138,7,fest_xmas,-0.00018
MED00139,7,fest_xmas,-0.00045
MED00140,7,fest_xmas,-0.00011
MED00141,7,fest_xmas,-0.00026
MED00142,7,fest_xmas,0.00016
MED00143,7,fest_xmas,-0.00034
MED00144,7,fest_xmas,-1e-04
MED00145,7,fest_xmas,0.00086
MED00146,7,fest_xmas,-0.00012
MED00149,7,fest_xmas,-0.00019
MED00150,7,fest_xmas,0.00028
MED00151,7,fest_xmas,-0.00016
MED00152,7,fest_xmas,-0.00032
MED00153,7,fest_xmas,-0.0002
MED00154,7,fest_xmas,0.00019
MED00155,7,fest_xmas,-0.00018
MED00158,7,fest_xmas,-0.0004
MED00159,7,fest_xmas,-0.0007
MED00161,7,fest_xmas,-0.00012
MED00163,7,fest_xmas,0.00018
MED00165,7,fest_xmas,-0.00032
MED00166,7,fest_xmas,-0.00012
MED00167,7,fest_xmas,-0.00022
MED00168,7,fest_xmas,-0.00019
MED00169,7,fest_xmas,-0.0002
MED00171,7,fest_xmas,-0.00012
MED00172,7,fest_xmas,-0.00014
MED00173,7,fest_xmas,-0.00021
MED00174,7,fest_xmas,-0.0008
MED00175,7,fest_xmas,0.00041
MED00177,7,fest_xmas,-0.00025
MED00179,7,fest_xmas,0.00047
MED00180,7,fest_xmas,-0.00025
MED00181,7,fest_xmas,-0.00047
MED00182,7,fest_xmas,-0.00053
MED00183,7,fest_xmas,-0.00029
MED00184,7,fest_xmas,-0.00051
MED00185,7,fest_xmas,-0.00015
MED00188,7,fest_xmas,-0.00034
MED00189,7,fest_xmas,0.00055
MED00190,7,fest_xmas,-0.00022
MED00192,7,fest_xmas,0.00033
MED00194,7,fest_xmas,0.00015
MED00195,7,fest_xmas,0.00038
MED00196,7,fest_xmas,0.00011
MED00198,7,fest_xmas,-0.00019
MED00199,7,fest_xmas,-0.00014
MED00201,7,fest_xmas,0.00019
MED00202,7,fest_xmas,-0.00016
MED00204,7,fest_xmas,-1e-04
MED00207,7,fest_xmas,-0.00026
MED00208,7,fest_xmas,0.00011
MED00209,7,fest_xmas,0.00012
MED00210,7,fest_xmas,0.00075
MED00211,7,fest_xmas,-0.00017
MED00212,7,fest_xmas,0.00012
MED00213,7,fest_xmas,0.00047
MED00214,7,fest_xmas,-0.00011
MED00216,7,fest_xmas,-0.00022
MED00217,7,fest_xmas,0.00087
MED00219,7,fest_xmas,0.00022
MED00220,7,fest_xmas,-0.00013
MED00221,7,fest_xmas,-0.0002
MED00222,7,fest_xmas,0.00018
MED00224,7,fest_xmas,-0.00017
MED00227,7,fest_xmas,0.00014
MED00228,7,fest_xmas,-0.00019
MED00229,7,fest_xmas,0.00052
MED00230,7,fest_xmas,0.00028
MED00231,7,fest_xmas,-0.00017
MED00232,7,fest_xmas,-0.0004
MED00233,7,fest_xmas,-0.00069
MED00234,7,fest_xmas,-0.00018
MED00236,7,fest_xmas,-0.00016
MED00237,7,fest_xmas,-0.00013
MED00238,7,fest_xmas,-0.00029
MED00239,7,fest_xmas,-0.00035
MED00241,7,fest_xmas,-0.00019
MED00242,7,fest_xmas,0.00032
MED00243,7,fest_xmas,0.00027
MED00244,7,fest_xmas,-0.00023
MED00245,7,fest_xmas,0.00014
MED00247,7,fest_xmas,-0.00012
MED00248,7,fest_xmas,0.00011
MED00249,7,fest_xmas,-0.00018
MED00251,7,fest_xmas,-0.00023
MED00252,7,fest_xmas,0.00012
MED00253,7,fest_xmas,-0.00027
MED00254,7,fest_xmas,-0.00029
MED00255,7,fest_xmas,-0.00017
MED00256,7,fest_xmas,-0.00068
MED00257,7,fest_xmas,-0.00049
MED00258,7,fest_xmas,-0.00014
MED00261,7,fest_xmas,-0.00033
MED00262,7,fest_xmas,-0.0005
MED00263,7,fest_xmas,-0.00062
MED00264,7,fest_xmas,-0.00087
MED00266,7,fest_xmas,-0.00029
MED00268,7,fest_xmas,-0.00013
MED00269,7,fest_xmas,-0.00022
MED00270,7,fest_xmas,-0.00041
MED00271,7,fest_xmas,0.00024
MED00272,7,fest_xmas,1e-04
MED00274,7,fest_xmas,-0.00022
MED00276,7,fest_xmas,-0.00031
MED00277,7,fest_xmas,0.00055
MED00280,7,fest_xmas,0.00087
MED00281,7,fest_xmas,0.00016
MED00282,7,fest_xmas,-0.00016
MED00283,7,fest_xmas,-0.00023
MED00287,7,fest_xmas,-0.0005
MED00288,7,fest_xmas,-0.00015
MED00289,7,fest_xmas,0.00016
MED00290,7,fest_xmas,-0.00024
MED00291,7,fest_xmas,-0.00043
MED00293,7,fest_xmas,0.00098
MED00294,7,fest_xmas,0.00023
MED00295,7,fest_xmas,-0.00038
MED00298,7,fest_xmas,-0.00024
MED00299,7,fest_xmas,0.00015
MED00300,7,fest_xmas,-0.00023
MED00301,7,fest_xmas,-0.00017
MED00302,7,fest_xmas,-0.00015
MED00303,7,fest_xmas,0.00021
MED00307,7,fest_xmas,0.00022
MED00308,7,fest_xmas,-0.00054
MED00309,7,fest_xmas,-0.00057
MED00310,7,fest_xmas,-0.00023
MED00312,7,fest_xmas,0.0002
MED00313,7,fest_xmas,0.00043
MED00314,7,fest_xmas,-0.00074
MED00316,7,fest_xmas,-0.00036
MED00317,7,fest_xmas,-0.00025
MED00319,7,fest_xmas,-0.00013
MED00320,7,fest_xmas,-0.00042
MED00321,7,fest_xmas,-0.00053
MED00323,7,fest_xmas,-0.00038
MED00324,7,fest_xmas,-0.00033
MED00327,7,fest_xmas,-0.00042
MED00329,7,fest_xmas,-0.00015
MED00330,7,fest_xmas,-0.00015
MED00331,7,fest_xmas,-0.00017
MED00332,7,fest_xmas,-0.00023
MED00333,7,fest_xmas,-0.00049
MED00334,7,fest_xmas,-0.00063
MED00335,7,fest_xmas,0.00021
MED00337,7,fest_xmas,-0.00049
MED00340,7,fest_xmas,0.00074
MED00341,7,fest_xmas,-0.0002
MED00342,7,fest_xmas,-0.00025
MED00344,7,fest_xmas,0.00091
MED00346,7,fest_xmas,-0.00022
MED00347,7,fest_xmas,0.00046
MED00348,7,fest_xmas,-0.00023
MED00349,7,fest_xmas,-0.00023
MED00350,7,fest_xmas,-0.00036
MED00351,7,fest_xmas,-0.00053
MED00352,7,fest_xmas,0.00057
MED00353,7,fest_xmas,0.00041
MED00354,7,fest_xmas,0.0006
MED00355,7,fest_xmas,-0.00013
MED00357,7,fest_xmas,0.00042
MED00358,7,fest_xmas,0.00011
MED00360,7,fest_xmas,0.00074
MED00361,7,fest_xmas,-0.00043
MED00362,7,fest_xmas,-0.00027
MED00363,7,fest_xmas,-0.0002
MED00364,7,fest_xmas,0.00045
MED00365,7,fest_xmas,-0.00016
MED00367,7,fest_xmas,-1e-04
MED00368,7,fest_xmas,-0.00054
MED00369,7,fest_xmas,0.00016
MED00370,7,fest_xmas,-0.00039
MED00372,7,fest_xmas,0.0008
MED00373,7,fest_xmas,0.00075
MED00374,7,fest_xmas,0.00016
MED00376,7,fest_xmas,-0.00023
MED00377,7,fest_xmas,-0.00041
MED00378,7,fest_xmas,-0.00023
MED00379,7,fest_xmas,0.00066
MED00380,7,fest_xmas,0.00073
MED00381,7,fest_xmas,0.00063
MED00382,7,fest_xmas,0.00018
MED00385,7,fest_xmas,-0.00012
MED00386,7,fest_xmas,-0.00031
MED00389,7,fest_xmas,0.0002
MED00392,7,fest_xmas,0.00025
MED00393,7,fest_xmas,0.00011
MED00396,7,fest_xmas,0.00031
MED00397,7,fest_xmas,0.00018
MED00398,7,fest_xmas,0.00012
MED00399,7,fest_xmas,-0.00039
MED00401,7,fest_xmas,-0.00024
MED00403,7,fest_xmas,0.00019
MED00407,7,fest_xmas,0.00019
MED00408,7,fest_xmas,0.00014
MED00411,7,fest_xmas,0.00038
MED00413,7,fest_xmas,0.00021
MED00414,7,fest_xmas,0.00012
MED00415,7,fest_xmas,0.00015
MED00416,7,fest_xmas,0.00043
MED00420,7,fest_xmas,0.00016
MED00421,7,fest_xmas,-0.0002
MED00422,7,fest_xmas,0.00044
MED00424,7,fest_xmas,0.00013
MED00002,8,fest_xmas,0.00027
MED00003,8,fest_xmas,0.00057
MED00004,8,fest_xmas,-0.00065
MED00005,8,fest_xmas,0.00065
MED00006,8,fest_xmas,-0.00026
MED00007,8,fest_xmas,-0.00059
MED00008,8,fest_xmas,0.00053
MED00009,8,fest_xmas,-0.00014
MED00010,8,fest_xmas,0.00086
MED00011,8,fest_xmas,-0.00012
MED00014,8,fest_xmas,0.00039
MED00015,8,fest_xmas,0.00102
MED00016,8,fest_xmas,-0.00039
MED00017,8,fest_xmas,-0.00031
MED00018,8,fest_xmas,0.00035
MED00019,8,fest_xmas,0.00013
MED00020,8,fest_xmas,-0.00026
MED00021,8,fest_xmas,-0.00018
MED00022,8,fest_xmas,-0.00012
MED00023,8,fest_xmas,1e-04
MED00024,8,fest_xmas,-0.00029
MED00025,8,fest_xmas,-0.00054
MED00026,8,fest_xmas,-0.00045
MED00027,8,fest_xmas,-0.00032
MED00028,8,fest_xmas,0.00042
MED00030,8,fest_xmas,-0.00019
MED00031,8,fest_xmas,-0.00012
MED00032,8,fest_xmas,-0.00014
MED00033,8,fest_xmas,0.00069
MED00034,8,fest_xmas,-0.00016
MED00035,8,fest_xmas,0.00025
MED00038,8,fest_xmas,0.00012
MED00039,8,fest_xmas,-0.00052
MED00040,8,fest_xmas,-0.00021
MED00041,8,fest_xmas,-0.00048
MED00042,8,fest_xmas,0.00023
MED00043,8,fest_xmas,0.00073
MED00044,8,fest_xmas,-0.00026
MED00045,8,fest_xmas,-0.00027
MED00047,8,fest_xmas,-0.00017
MED00050,8,fest_xmas,-0.0005
MED00051,8,fest_xmas,0.00047
MED00052,8,fest_xmas,0.00045
MED00054,8,fest_xmas,-0.00018
MED00055,8,fest_xmas,0.00024
MED00056,8,fest_xmas,0.00063
MED00057,8,fest_xmas,-0.00014
MED00058,8,fest_xmas,-0.00069
MED00059,8,fest_xmas,0.00016
MED00061,8,fest_xmas,0.0004
MED00063,8,fest_xmas,0.00012
MED00065,8,fest_xmas,0.00022
MED00066,8,fest_xmas,0.00058
MED00067,8,fest_xmas,-1e-04
MED00068,8,fest_xmas,-0.0003
MED00070,8,fest_xmas,-0.00022
MED00071,8,fest_xmas,-0.00027
MED00073,8,fest_xmas,-0.00027
MED00074,8,fest_xmas,-0.00034
MED00075,8,fest_xmas,0.0005
MED00076,8,fest_xmas,0.00087
MED00078,8,fest_xmas,-0.00016
MED00079,8,fest_xmas,0.00053
MED00080,8,fest_xmas,-0.00022
MED00081,8,fest_xmas,0.00025
MED00083,8,fest_xmas,-0.00013
MED00085,8,fest_xmas,-0.00024
MED00087,8,fest_xmas,-1e-04
MED00088,8,fest_xmas,0.00041
MED00089,8,fest_xmas,0.00022
MED00091,8,fest_xmas,-0.00015
MED00093,8,fest_xmas,-0.00039
MED00094,8,fest_xmas,-0.00049
MED00095,8,fest_xmas,-0.00031
MED00096,8,fest_xmas,0.00069
MED00097,8,fest_xmas,-0.00017
MED00098,8,fest_xmas,-0.00013
MED00099,8,fest_xmas,-0.00048
MED00100,8,fest_xmas,0.0007
MED00101,8,fest_xmas,-0.00027
MED00102,8,fest_xmas,0.00178
MED00103,8,fest_xmas,-0.00042
MED00106,8,fest_xmas,0.00013
MED00107,8,fest_xmas,-0.00012
MED00108,8,fest_xmas,-0.00037
MED00109,8,fest_xmas,0.0004
MED00110,8,fest_xmas,0.0008
MED00111,8,fest_xmas,0.00024
MED00112,8,fest_xmas,-0.00046
MED00113,8,fest_xmas,-0.00012
MED00114,8,fest_xmas,-0.00051
MED00115,8,fest_xmas,-0.00016
MED00118,8,fest_xmas,-0.0002
MED00119,8,fest_xmas,-0.00019
MED00120,8,fest_xmas,-0.00023
MED00121,8,fest_xmas,-0.00018
MED00123,8,fest_xmas,-0.00021
MED00124,8,fest_xmas,-0.00012
MED00125,8,fest_xmas,0.00044
MED00126,8,fest_xmas,-0.00064
MED00128,8,fest_xmas,-0.00015
MED00129,8,fest_xmas,-0.00031
MED00132,8,fest_xmas,-0.0002
MED00133,8,fest_xmas,-0.00081
MED00135,8,fest_xmas,-0.00047
MED00136,8,fest_xmas,-0.00069
MED00138,8,fest_xmas,-0.00018
MED00139,8,fest_xmas,-0.00045
MED00140,8,fest_xmas,-0.00011
MED00141,8,fest_xmas,-0.00026
MED00142,8,fest_xmas,0.00016
MED00143,8,fest_xmas,-0.00034
MED00144,8,fest_xmas,-1e-04
MED00145,8,fest_xmas,0.00086
MED00146,8,fest_xmas,-0.00012
MED00149,8,fest_xmas,-0.00019
MED00150,8,fest_xmas,0.00028
MED00151,8,fest_xmas,-0.00016
MED00152,8,fest_xmas,-0.00032
MED00153,8,fest_xmas,-0.0002
MED00154,8,fest_xmas,0.00019
MED00155,8,fest_xmas,-0.00018
MED00158,8,fest_xmas,-0.00039
MED00159,8,fest_xmas,-0.0007
MED00161,8,fest_xmas,-0.00012
MED00163,8,fest_xmas,0.00018
MED00165,8,fest_xmas,-0.00031
MED00166,8,fest_xmas,-0.00012
MED00167,8,fest_xmas,-0.00022
MED00168,8,fest_xmas,-0.00019
MED00169,8,fest_xmas,-0.0002
MED00171,8,fest_xmas,-0.00012
MED00172,8,fest_xmas,-0.00014
MED00173,8,fest_xmas,-0.00021
MED00174,8,fest_xmas,-0.0008
MED00175,8,fest_xmas,0.00041
MED00177,8,fest_xmas,-0.00024
MED00179,8,fest_xmas,0.00047
MED00180,8,fest_xmas,-0.00025
MED00181,8,fest_xmas,-0.00047
MED00182,8,fest_xmas,-0.00051
MED00183,8,fest_xmas,-0.00029
MED00184,8,fest_xmas,-0.00051
MED00185,8,fest_xmas,-0.00015
MED00188,8,fest_xmas,-0.00034
MED00189,8,fest_xmas,0.00055
MED00190,8,fest_xmas,-0.00022
MED00192,8,fest_xmas,0.00033
MED00194,8,fest_xmas,0.00016
MED00195,8,fest_xmas,0.00038
MED00196,8,fest_xmas,0.00011
MED00198,8,fest_xmas,-0.00019
MED00199,8,fest_xmas,-0.00014
MED00201,8,fest_xmas,0.00019
MED00202,8,fest_xmas,-0.00016
MED00204,8,fest_xmas,-1e-04
MED00207,8,fest_xmas,-0.00026
MED00208,8,fest_xmas,0.00011
MED00209,8,fest_xmas,0.00012
MED00210,8,fest_xmas,0.00075
MED00211,8,fest_xmas,-0.00017
MED00212,8,fest_xmas,0.00012
MED00213,8,fest_xmas,0.00047
MED00214,8,fest_xmas,-0.00011
MED00216,8,fest_xmas,-0.00022
MED00217,8,fest_xmas,0.00087
MED00219,8,fest_xmas,0.00022
MED00220,8,fest_xmas,-0.00013
MED00221,8,fest_xmas,-0.0002
MED00222,8,fest_xmas,0.00017
MED00224,8,fest_xmas,-0.00017
MED00227,8,fest_xmas,0.00014
MED00228,8,fest_xmas,-0.00019
MED00229,8,fest_xmas,0.00052
MED00230,8,fest_xmas,0.00028
MED00231,8,fest_xmas,-0.00017
MED00232,8,fest_xmas,-0.0004
MED00233,8,fest_xmas,-0.00069
MED00234,8,fest_xmas,-0.00018
MED00236,8,fest_xmas,-0.00016
MED00237,8,fest_xmas,-0.00013
MED00238,8,fest_xmas,-0.00029
MED00239,8,fest_xmas,-0.00035
MED00241,8,fest_xmas,-0.00019
MED00242,8,fest_xmas,0.00032
MED00243,8,fest_xmas,0.00027
MED00244,8,fest_xmas,-0.00023
MED00245,8,fest_xmas,0.00014
MED00247,8,fest_xmas,-0.00012
MED00248,8,fest_xmas,0.00011
MED00249,8,fest_xmas,-0.00018
MED00251,8,fest_xmas,-0.00023
MED00252,8,fest_xmas,0.00012
MED00253,8,fest_xmas,-0.00027
MED00254,8,fest_xmas,-0.00029
MED00255,8,fest_xmas,-0.00017
MED00256,8,fest_xmas,-0.00068
MED00257,8,fest_xmas,-0.00049
MED00258,8,fest_xmas,-0.00014
MED00261,8,fest_xmas,-0.00032
MED00262,8,fest_xmas,-0.0005
MED00263,8,fest_xmas,-0.00062
MED00264,8,fest_xmas,-0.00087
MED00266,8,fest_xmas,-0.00029
MED00268,8,fest_xmas,-0.00013
MED00269,8,fest_xmas,-0.00022
MED00270,8,fest_xmas,-0.00041
MED00271,8,fest_xmas,0.00024
MED00272,8,fest_xmas,1e-04
MED00274,8,fest_xmas,-0.00022
MED00276,8,fest_xmas,-0.00031
MED00277,8,fest_xmas,0.00055
MED00280,8,fest_xmas,0.00087
MED00281,8,fest_xmas,0.00016
MED00282,8,fest_xmas,-0.00016
MED00283,8,fest_xmas,-0.00023
MED00287,8,fest_xmas,-0.0005
MED00288,8,fest_xmas,-0.00015
MED00289,8,fest_xmas,0.00016
MED00290,8,fest_xmas,-0.00024
MED00291,8,fest_xmas,-0.00043
MED00293,8,fest_xmas,0.00098
MED00294,8,fest_xmas,0.00023
MED00295,8,fest_xmas,-0.00038
MED00298,8,fest_xmas,-0.00024
MED00299,8,fest_xmas,0.00015
MED00300,8,fest_xmas,-0.00023
MED00301,8,fest_xmas,-0.00017
MED00302,8,fest_xmas,-0.00015
MED00303,8,fest_xmas,0.00021
MED00307,8,fest_xmas,0.00022
MED00308,8,fest_xmas,-0.00054
MED00309,8,fest_xmas,-0.00057
MED00310,8,fest_xmas,-0.00023
MED00312,8,fest_xmas,0.0002
MED00313,8,fest_xmas,0.00043
MED00314,8,fest_xmas,-0.00074
MED00316,8,fest_xmas,-0.00036
MED00317,8,fest_xmas,-0.00025
MED00319,8,fest_xmas,-0.00013
MED00320,8,fest_xmas,-0.00042
MED00321,8,fest_xmas,-0.00053
MED00323,8,fest_xmas,-0.00038
MED00324,8,fest_xmas,-0.00033
MED00327,8,fest_xmas,-0.00042
MED00329,8,fest_xmas,-0.00015
MED00330,8,fest_xmas,-0.00015
MED00331,8,fest_xmas,-0.00017
MED00332,8,fest_xmas,-0.00023
MED00333,8,fest_xmas,-0.00049
MED00334,8,fest_xmas,-0.00063
MED00335,8,fest_xmas,0.00021
MED00337,8,fest_xmas,-0.00049
MED00340,8,fest_xmas,0.00074
MED00341,8,fest_xmas,-0.0002
MED00342,8,fest_xmas,-0.00025
MED00344,8,fest_xmas,0.00091
MED00346,8,fest_xmas,-0.00022
MED00347,8,fest_xmas,0.00046
MED00348,8,fest_xmas,-0.00023
MED00349,8,fest_xmas,-0.00023
MED00350,8,fest_xmas,-0.00036
MED00351,8,fest_xmas,-0.00053
MED00352,8,fest_xmas,0.00057
MED00353,8,fest_xmas,0.00041
MED00354,8,fest_xmas,0.0006
MED00355,8,fest_xmas,-0.00013
MED00357,8,fest_xmas,0.00042
MED00358,8,fest_xmas,0.00011
MED00360,8,fest_xmas,0.00074
MED00361,8,fest_xmas,-0.00043
MED00362,8,fest_xmas,-0.00027
MED00363,8,fest_xmas,-0.0002
MED00364,8,fest_xmas,0.00045
MED00365,8,fest_xmas,-0.00016
MED00367,8,fest_xmas,-1e-04
MED00368,8,fest_xmas,-0.00054
MED00369,8,fest_xmas,0.00016
MED00370,8,fest_xmas,-0.00039
MED00372,8,fest_xmas,0.0008
MED00373,8,fest_xmas,0.00075
MED00374,8,fest_xmas,0.00016
MED00376,8,fest_xmas,-0.00023
MED00377,8,fest_xmas,-0.00041
MED00378,8,fest_xmas,-0.00022
MED00379,8,fest_xmas,0.00066
MED00380,8,fest_xmas,0.00073
MED00381,8,fest_xmas,0.00063
MED00382,8,fest_xmas,0.00018
MED00385,8,fest_xmas,-0.00012
MED00386,8,fest_xmas,-0.00031
MED00389,8,fest_xmas,0.0002
MED00392,8,fest_xmas,0.00025
MED00393,8,fest_xmas,0.00011
MED00396,8,fest_xmas,0.00031
MED00397,8,fest_xmas,0.00018
MED00398,8,fest_xmas,0.00012
MED00399,8,fest_xmas,-0.00039
MED00401,8,fest_xmas,-0.00024
MED00403,8,fest_xmas,0.00019
MED00407,8,fest_xmas,0.00019
MED00408,8,fest_xmas,0.00014
MED00411,8,fest_xmas,0.00038
MED00413,8,fest_xmas,0.00021
MED00414,8,fest_xmas,0.00012
MED00415,8,fest_xmas,0.00015
MED00416,8,fest_xmas,0.00043
MED00420,8,fest_xmas,0.00016
MED00421,8,fest_xmas,-0.0002
MED00422,8,fest_xmas,0.00044
MED00424,8,fest_xmas,0.00013
MED00002,9,fest_xmas,0.00027
MED00003,9,fest_xmas,0.00057
MED00004,9,fest_xmas,-0.00065
MED00005,9,fest_xmas,0.00066
MED00006,9,fest_xmas,-0.00024
MED00007,9,fest_xmas,-0.00058
MED00008,9,fest_xmas,0.00048
MED00009,9,fest_xmas,-0.00012
MED00010,9,fest_xmas,0.00087
MED00011,9,fest_xmas,-0.00012
MED00014,9,fest_xmas,0.0004
MED00015,9,fest_xmas,0.00102
MED00016,9,fest_xmas,-0.00038
MED00017,9,fest_xmas,-0.0003
MED00018,9,fest_xmas,0.00035
MED00019,9,fest_xmas,0.00013
MED00020,9,fest_xmas,-0.00025
MED00021,9,fest_xmas,-0.00017
MED00022,9,fest_xmas,-0.00012
MED00023,9,fest_xmas,0.00011
MED00024,9,fest_xmas,-0.00028
MED00025,9,fest_xmas,-0.00053
MED00026,9,fest_xmas,-0.00044
MED00027,9,fest_xmas,-0.00032
MED00028,9,fest_xmas,0.00043
MED00030,9,fest_xmas,-0.00019
MED00031,9,fest_xmas,-0.00012
MED00032,9,fest_xmas,-0.00013
MED00033,9,fest_xmas,0.00069
MED00034,9,fest_xmas,-0.00016
MED00035,9,fest_xmas,0.00026
MED00038,9,fest_xmas,0.00012
MED00039,9,fest_xmas,-0.00052
MED00040,9,fest_xmas,-0.0002
MED00041,9,fest_xmas,-0.00048
MED00042,9,fest_xmas,0.00023
MED00043,9,fest_xmas,0.00073
MED00044,9,fest_xmas,-0.00025
MED00045,9,fest_xmas,-0.00026
MED00047,9,fest_xmas,-0.00017
MED00050,9,fest_xmas,-0.00048
MED00051,9,fest_xmas,0.00048
MED00052,9,fest_xmas,0.00045
MED00054,9,fest_xmas,-0.00018
MED00055,9,fest_xmas,0.00024
MED00056,9,fest_xmas,0.00063
MED00057,9,fest_xmas,-0.00013
MED00058,9,fest_xmas,-0.00068
MED00059,9,fest_xmas,0.00016
MED00061,9,fest_xmas,0.00041
MED00063,9,fest_xmas,0.00013
MED00065,9,fest_xmas,0.00022
MED00066,9,fest_xmas,0.00058
MED00068,9,fest_xmas,-0.0003
MED00070,9,fest_xmas,-0.00022
MED00071,9,fest_xmas,-0.00026
MED00073,9,fest_xmas,-0.00027
MED00074,9,fest_xmas,-0.00033
MED00075,9,fest_xmas,0.00051
MED00076,9,fest_xmas,0.00087
MED00078,9,fest_xmas,-0.00015
MED00079,9,fest_xmas,0.00054
MED00080,9,fest_xmas,-0.00022
MED00081,9,fest_xmas,0.00025
MED00083,9,fest_xmas,-0.00013
MED00085,9,fest_xmas,-0.00023
MED00088,9,fest_xmas,0.00041
MED00089,9,fest_xmas,0.00023
MED00091,9,fest_xmas,-0.00014
MED00093,9,fest_xmas,-0.00039
MED00094,9,fest_xmas,-0.00049
MED00095,9,fest_xmas,-0.00029
MED00096,9,fest_xmas,0.0007
MED00097,9,fest_xmas,-0.00017
MED00098,9,fest_xmas,-0.00013
MED00099,9,fest_xmas,-0.00048
MED00100,9,fest_xmas,0.00071
MED00101,9,fest_xmas,-0.00026
MED00102,9,fest_xmas,0.00178
MED00103,9,fest_xmas,-0.00041
MED00106,9,fest_xmas,0.00014
MED00107,9,fest_xmas,-1e-04
MED00108,9,fest_xmas,-0.00036
MED00109,9,fest_xmas,0.00041
MED00110,9,fest_xmas,0.0008
MED00111,9,fest_xmas,0.00025
MED00112,9,fest_xmas,-0.00045
MED00113,9,fest_xmas,-0.00011
MED00114,9,fest_xmas,-0.0005
MED00115,9,fest_xmas,-0.00015
MED00118,9,fest_xmas,-0.00019
MED00119,9,fest_xmas,-0.00018
MED00120,9,fest_xmas,-0.00022
MED00121,9,fest_xmas,-0.00016
MED00123,9,fest_xmas,-0.00021
MED00124,9,fest_xmas,-0.00011
MED00125,9,fest_xmas,0.00045
MED00126,9,fest_xmas,-0.00063
MED00128,9,fest_xmas,-0.00014
MED00129,9,fest_xmas,-0.0003
MED00132,9,fest_xmas,-0.0002
MED00133,9,fest_xmas,-0.0008
MED00135,9,fest_xmas,-0.00047
MED00136,9,fest_xmas,-0.00068
MED00138,9,fest_xmas,-0.00017
MED00139,9,fest_xmas,-0.00043
MED00141,9,fest_xmas,-0.00026
MED00142,9,fest_xmas,0.00017
MED00143,9,fest_xmas,-0.00035
MED00145,9,fest_xmas,0.00087
MED00146,9,fest_xmas,-0.00012
MED00149,9,fest_xmas,-0.00019
MED00150,9,fest_xmas,0.00029
MED00151,9,fest_xmas,-0.00015
MED00152,9,fest_xmas,-0.00031
MED00153,9,fest_xmas,-0.00019
MED00154,9,fest_xmas,0.00019
MED00155,9,fest_xmas,-0.00017
MED00158,9,fest_xmas,-0.00039
MED00159,9,fest_xmas,-0.00069
MED00161,9,fest_xmas,-0.00012
MED00163,9,fest_xmas,0.00018
MED00165,9,fest_xmas,-0.00031
MED00166,9,fest_xmas,-0.00011
MED00167,9,fest_xmas,-0.00022
MED00168,9,fest_xmas,-0.00018
MED00169,9,fest_xmas,-0.00019
MED00171,9,fest_xmas,-0.00011
MED00172,9,fest_xmas,-0.00012
MED00173,9,fest_xmas,-0.0002
MED00174,9,fest_xmas,-0.00079
MED00175,9,fest_xmas,0.00042
MED00177,9,fest_xmas,-0.00023
MED00179,9,fest_xmas,0.00047
MED00180,9,fest_xmas,-0.00024
MED00181,9,fest_xmas,-0.00046
MED00182,9,fest_xmas,-0.00051
MED00183,9,fest_xmas,-0.00029
MED00184,9,fest_xmas,-0.0005
MED00185,9,fest_xmas,-0.00014
MED00188,9,fest_xmas,-0.00033
MED00189,9,fest_xmas,0.00055
MED00190,9,fest_xmas,-0.0002
MED00192,9,fest_xmas,0.00034
MED00194,9,fest_xmas,0.00017
MED00195,9,fest_xmas,0.00038
MED00196,9,fest_xmas,0.00011
MED00198,9,fest_xmas,-0.00018
MED00199,9,fest_xmas,-0.00014
MED00201,9,fest_xmas,0.00019
MED00202,9,fest_xmas,-0.00015
MED00207,9,fest_xmas,-0.00025
MED00208,9,fest_xmas,0.00012
MED00209,9,fest_xmas,0.00013
MED00210,9,fest_xmas,0.00075
MED00211,9,fest_xmas,-0.00016
MED00212,9,fest_xmas,0.00014
MED00213,9,fest_xmas,0.00047
MED00214,9,fest_xmas,-0.00011
MED00216,9,fest_xmas,-0.00021
MED00217,9,fest_xmas,0.00088
MED00219,9,fest_xmas,0.00023
MED00220,9,fest_xmas,-0.00012
MED00221,9,fest_xmas,-0.00019
MED00222,9,fest_xmas,0.00019
MED00224,9,fest_xmas,-0.00016
MED00227,9,fest_xmas,0.00014
MED00228,9,fest_xmas,-0.00018
MED00229,9,fest_xmas,0.00052
MED00230,9,fest_xmas,0.00029
MED00231,9,fest_xmas,-0.00015
MED00232,9,fest_xmas,-0.00039
MED00233,9,fest_xmas,-0.00069
MED00234,9,fest_xmas,-0.00017
MED00236,9,fest_xmas,-0.00015
MED00237,9,fest_xmas,-0.00013
MED00238,9,fest_xmas,-0.00027
MED00239,9,fest_xmas,-0.00034
MED00241,9,fest_xmas,-0.00018
MED00242,9,fest_xmas,0.00032
MED00243,9,fest_xmas,0.00027
MED00244,9,fest_xmas,-0.00022
MED00245,9,fest_xmas,0.00014
MED00247,9,fest_xmas,-0.00012
MED00248,9,fest_xmas,0.00012
MED00249,9,fest_xmas,-0.00017
MED00251,9,fest_xmas,-0.00021
MED00252,9,fest_xmas,0.00013
MED00253,9,fest_xmas,-0.00026
MED00254,9,fest_xmas,-0.00028
MED00255,9,fest_xmas,-0.00017
MED00256,9,fest_xmas,-0.00067
MED00257,9,fest_xmas,-0.00048
MED00258,9,fest_xmas,-0.00013
MED00261,9,fest_xmas,-0.00032
MED00262,9,fest_xmas,-0.0005
MED00263,9,fest_xmas,-0.00061
MED00264,9,fest_xmas,-0.00086
MED00266,9,fest_xmas,-0.00028
MED00268,9,fest_xmas,-0.00012
MED00269,9,fest_xmas,-0.00021
MED00270,9,fest_xmas,-0.00041
MED00271,9,fest_xmas,0.00025
MED00272,9,fest_xmas,0.00012
MED00274,9,fest_xmas,-0.00022
MED00276,9,fest_xmas,-0.00029
MED00277,9,fest_xmas,0.00055
MED00280,9,fest_xmas,0.00087
MED00281,9,fest_xmas,0.00013
MED00282,9,fest_xmas,-0.00015
MED00283,9,fest_xmas,-0.00022
MED00287,9,fest_xmas,-0.00048
MED00288,9,fest_xmas,-0.00014
MED00289,9,fest_xmas,0.00017
MED00290,9,fest_xmas,-0.00022
MED00291,9,fest_xmas,-0.00041
MED00293,9,fest_xmas,0.00099
MED00294,9,fest_xmas,0.00024
MED00295,9,fest_xmas,-0.00036
MED00298,9,fest_xmas,-0.00022
MED00299,9,fest_xmas,0.00016
MED00300,9,fest_xmas,-0.00022
MED00301,9,fest_xmas,-0.00016
MED00302,9,fest_xmas,-0.00015
MED00303,9,fest_xmas,0.00021
MED00307,9,fest_xmas,0.00023
MED00308,9,fest_xmas,-0.00052
MED00309,9,fest_xmas,-0.00056
MED00310,9,fest_xmas,-0.00022
MED00312,9,fest_xmas,0.0002
MED00313,9,fest_xmas,0.00043
MED00314,9,fest_xmas,-0.00074
MED00316,9,fest_xmas,-0.00035
MED00317,9,fest_xmas,-0.00024
MED00319,9,fest_xmas,-0.00013
MED00320,9,fest_xmas,-0.00042
MED00321,9,fest_xmas,-0.00052
MED00323,9,fest_xmas,-0.00037
MED00324,9,fest_xmas,-0.00032
MED00327,9,fest_xmas,-0.00041
MED00329,9,fest_xmas,-0.00015
MED00330,9,fest_xmas,-0.00013
MED00331,9,fest_xmas,-0.00016
MED00332,9,fest_xmas,-0.00021
MED00333,9,fest_xmas,-0.00048
MED00334,9,fest_xmas,-0.00062
MED00335,9,fest_xmas,0.00022
MED00337,9,fest_xmas,-0.00049
MED00340,9,fest_xmas,0.00075
MED00341,9,fest_xmas,-0.0002
MED00342,9,fest_xmas,-0.00023
MED00344,9,fest_xmas,0.00091
MED00346,9,fest_xmas,-0.00021
MED00347,9,fest_xmas,0.00048
MED00348,9,fest_xmas,-0.00022
MED00349,9,fest_xmas,-0.00021
MED00350,9,fest_xmas,-0.00035
MED00351,9,fest_xmas,-0.00052
MED00352,9,fest_xmas,0.00058
MED00353,9,fest_xmas,0.00041
MED00354,9,fest_xmas,0.00061
MED00355,9,fest_xmas,-0.00013
MED00357,9,fest_xmas,0.00042
MED00358,9,fest_xmas,0.00012
MED00360,9,fest_xmas,0.00075
MED00361,9,fest_xmas,-0.00042
MED00362,9,fest_xmas,-0.00026
MED00363,9,fest_xmas,-0.00019
MED00364,9,fest_xmas,0.00046
MED00365,9,fest_xmas,-0.00015
MED00368,9,fest_xmas,-0.00052
MED00369,9,fest_xmas,0.00017
MED00370,9,fest_xmas,-0.00039
MED00372,9,fest_xmas,0.0008
MED00373,9,fest_xmas,0.00075
MED00374,9,fest_xmas,0.00017
MED00376,9,fest_xmas,-0.00021
MED00377,9,fest_xmas,-0.0004
MED00378,9,fest_xmas,-0.00021
MED00379,9,fest_xmas,0.00066
MED00380,9,fest_xmas,0.00073
MED00381,9,fest_xmas,0.00064
MED00382,9,fest_xmas,0.00019
MED00385,9,fest_xmas,-0.00012
MED00386,9,fest_xmas,-0.00031
MED00389,9,fest_xmas,0.00021
MED00392,9,fest_xmas,0.00025
MED00393,9,fest_xmas,0.00011
MED00396,9,fest_xmas,0.0003
MED00397,9,fest_xmas,0.00019
MED00398,9,fest_xmas,0.00013
MED00399,9,fest_xmas,-0.00039
MED00401,9,fest_xmas,-0.00024
MED00403,9,fest_xmas,0.00019
MED00407,9,fest_xmas,0.00019
MED00408,9,fest_xmas,0.00014
MED00411,9,fest_xmas,0.00038
MED00413,9,fest_xmas,0.00021
MED00414,9,fest_xmas,0.00012
MED00415,9,fest_xmas,0.00015
MED00416,9,fest_xmas,0.00043
MED00420,9,fest_xmas,0.00016
MED00421,9,fest_xmas,-0.0002
MED00422,9,fest_xmas,0.00044
MED00424,9,fest_xmas,0.00013
MED00002,10,fest_xmas,0.0002
MED00003,10,fest_xmas,0.00073
MED00004,10,fest_xmas,-0.00064
MED00005,10,fest_xmas,0.00066
MED00006,10,fest_xmas,-0.00024
MED00007,10,fest_xmas,-0.00056
MED00008,10,fest_xmas,0.00059
MED00009,10,fest_xmas,-1e-04
MED00010,10,fest_xmas,0.00087
MED00011,10,fest_xmas,-0.00012
MED00014,10,fest_xmas,0.00041
MED00015,10,fest_xmas,0.00119
MED00016,10,fest_xmas,-0.00036
MED00017,10,fest_xmas,-0.00028
MED00018,10,fest_xmas,0.00037
MED00019,10,fest_xmas,0.00015
MED00020,10,fest_xmas,-0.00025
MED00021,10,fest_xmas,-0.00015
MED00022,10,fest_xmas,-0.00011
MED00023,10,fest_xmas,0.00013
MED00024,10,fest_xmas,-0.00026
MED00025,10,fest_xmas,-0.00044
MED00026,10,fest_xmas,-0.00074
MED00027,10,fest_xmas,-0.00062
MED00028,10,fest_xmas,0.00059
MED00029,10,fest_xmas,1e-04
MED00030,10,fest_xmas,-0.00019
MED00031,10,fest_xmas,-0.00011
MED00032,10,fest_xmas,-0.00011
MED00033,10,fest_xmas,0.0007
MED00034,10,fest_xmas,-0.00015
MED00035,10,fest_xmas,0.00025
MED00038,10,fest_xmas,0.00014
MED00039,10,fest_xmas,-0.00082
MED00040,10,fest_xmas,-0.00018
MED00041,10,fest_xmas,-0.00048
MED00042,10,fest_xmas,0.00024
MED00043,10,fest_xmas,0.0009
MED00044,10,fest_xmas,-0.00025
MED00045,10,fest_xmas,-0.00024
MED00047,10,fest_xmas,-0.00015
MED00049,10,fest_xmas,0.00022
MED00050,10,fest_xmas,-0.00046
MED00051,10,fest_xmas,0.00041
MED00052,10,fest_xmas,0.00056
MED00054,10,fest_xmas,-0.00017
MED00055,10,fest_xmas,0.00024
MED00056,10,fest_xmas,0.00079
MED00058,10,fest_xmas,-0.00066
MED00059,10,fest_xmas,0.00018
MED00061,10,fest_xmas,0.00057
MED00063,10,fest_xmas,0.0003
MED00065,10,fest_xmas,0.00022
MED00066,10,fest_xmas,0.00075
MED00068,10,fest_xmas,-0.00029
MED00070,10,fest_xmas,-0.0002
MED00071,10,fest_xmas,-0.00025
MED00073,10,fest_xmas,-0.00026
MED00074,10,fest_xmas,-0.00033
MED00075,10,fest_xmas,0.00053
MED00076,10,fest_xmas,0.00104
MED00078,10,fest_xmas,-0.00014
MED00079,10,fest_xmas,0.00056
MED00080,10,fest_xmas,-0.00021
MED00081,10,fest_xmas,0.00018
MED00083,10,fest_xmas,-0.00012
MED00085,10,fest_xmas,-0.00022
MED00086,10,fest_xmas,0.00022
MED00088,10,fest_xmas,0.00042
MED00089,10,fest_xmas,0.00024
MED00091,10,fest_xmas,-0.00014
MED00093,10,fest_xmas,-0.00069
MED00094,10,fest_xmas,-0.00079
MED00095,10,fest_xmas,-0.00028
MED00096,10,fest_xmas,0.0007
MED00098,10,fest_xmas,-0.00011
MED00099,10,fest_xmas,-0.00078
MED00100,10,fest_xmas,0.00089
MED00101,10,fest_xmas,-0.00024
MED00102,10,fest_xmas,0.00179
MED00103,10,fest_xmas,-0.00039
MED00106,10,fest_xmas,0.0003
MED00108,10,fest_xmas,-0.00034
MED00109,10,fest_xmas,0.00043
MED00110,10,fest_xmas,0.0008
MED00111,10,fest_xmas,0.00042
MED00112,10,fest_xmas,-0.00043
MED00114,10,fest_xmas,-0.0005
MED00115,10,fest_xmas,-0.00013
MED00118,10,fest_xmas,-0.00018
MED00119,10,fest_xmas,-0.00016
MED00120,10,fest_xmas,-0.00022
MED00121,10,fest_xmas,-0.00014
MED00123,10,fest_xmas,-0.0002
MED00125,10,fest_xmas,0.00061
MED00126,10,fest_xmas,-0.00063
MED00128,10,fest_xmas,-0.00012
MED00129,10,fest_xmas,-0.00028
MED00130,10,fest_xmas,0.00022
MED00132,10,fest_xmas,-0.00019
MED00133,10,fest_xmas,-0.0008
MED00135,10,fest_xmas,-0.00046
MED00136,10,fest_xmas,-0.00098
MED00138,10,fest_xmas,-0.00015
MED00139,10,fest_xmas,-0.00041
MED00141,10,fest_xmas,-0.00024
MED00142,10,fest_xmas,0.00033
MED00143,10,fest_xmas,-0.00033
MED00145,10,fest_xmas,0.00103
MED00146,10,fest_xmas,-0.00011
MED00147,10,fest_xmas,0.00012
MED00148,10,fest_xmas,1e-04
MED00149,10,fest_xmas,-0.00017
MED00150,10,fest_xmas,0.00031
MED00151,10,fest_xmas,-0.00013
MED00152,10,fest_xmas,-0.00029
MED00153,10,fest_xmas,-0.00017
MED00154,10,fest_xmas,0.00022
MED00155,10,fest_xmas,-0.00015
MED00158,10,fest_xmas,-0.00069
MED00159,10,fest_xmas,-0.00069
MED00163,10,fest_xmas,0.00035
MED00165,10,fest_xmas,-0.00031
MED00167,10,fest_xmas,-0.0002
MED00168,10,fest_xmas,-0.00016
MED00169,10,fest_xmas,-0.00017
MED00172,10,fest_xmas,-1e-04
MED00173,10,fest_xmas,-0.00018
MED00174,10,fest_xmas,-0.00079
MED00175,10,fest_xmas,0.0004
MED00177,10,fest_xmas,-0.00053
MED00179,10,fest_xmas,0.00049
MED00180,10,fest_xmas,-0.00022
MED00181,10,fest_xmas,-0.00044
MED00182,10,fest_xmas,-0.00081
MED00183,10,fest_xmas,-0.00028
MED00184,10,fest_xmas,-0.00049
MED00185,10,fest_xmas,-0.00012
MED00188,10,fest_xmas,-0.00031
MED00189,10,fest_xmas,0.00071
MED00190,10,fest_xmas,-0.0002
MED00192,10,fest_xmas,0.00027
MED00193,10,fest_xmas,-0.00012
MED00194,10,fest_xmas,0.00017
MED00195,10,fest_xmas,0.00039
MED00196,10,fest_xmas,0.00012
MED00198,10,fest_xmas,-0.00016
MED00199,10,fest_xmas,-0.00013
MED00201,10,fest_xmas,0.00021
MED00202,10,fest_xmas,-0.00013
MED00207,10,fest_xmas,-0.00024
MED00208,10,fest_xmas,0.00013
MED00209,10,fest_xmas,0.00013
MED00210,10,fest_xmas,0.00076
MED00211,10,fest_xmas,-0.00014
MED00212,10,fest_xmas,0.00016
MED00213,10,fest_xmas,0.00048
MED00217,10,fest_xmas,0.00104
MED00219,10,fest_xmas,0.00023
MED00220,10,fest_xmas,-0.00013
MED00221,10,fest_xmas,-0.00019
MED00222,10,fest_xmas,0.00036
MED00224,10,fest_xmas,-0.00015
MED00227,10,fest_xmas,0.00016
MED00228,10,fest_xmas,-0.00016
MED00229,10,fest_xmas,0.00053
MED00230,10,fest_xmas,0.0003
MED00231,10,fest_xmas,-0.00013
MED00232,10,fest_xmas,-0.00037
MED00233,10,fest_xmas,-0.00069
MED00234,10,fest_xmas,-0.00015
MED00236,10,fest_xmas,-0.00013
MED00237,10,fest_xmas,-0.00013
MED00238,10,fest_xmas,-0.00027
MED00239,10,fest_xmas,-0.00032
MED00241,10,fest_xmas,-0.00016
MED00242,10,fest_xmas,0.00033
MED00243,10,fest_xmas,0.0002
MED00244,10,fest_xmas,-0.0002
MED00245,10,fest_xmas,0.00015
MED00248,10,fest_xmas,0.00014
MED00249,10,fest_xmas,-0.00017
MED00251,10,fest_xmas,-0.00019
MED00252,10,fest_xmas,0.00029
MED00253,10,fest_xmas,-0.00024
MED00254,10,fest_xmas,-1e-04
MED00255,10,fest_xmas,-0.00017
MED00256,10,fest_xmas,-0.00065
MED00257,10,fest_xmas,-0.00046
MED00258,10,fest_xmas,-0.00012
MED00261,10,fest_xmas,-0.00031
MED00262,10,fest_xmas,-0.00049
MED00263,10,fest_xmas,-0.00059
MED00264,10,fest_xmas,-0.00084
MED00266,10,fest_xmas,-0.00026
MED00268,10,fest_xmas,-1e-04
MED00269,10,fest_xmas,-0.00019
MED00270,10,fest_xmas,-0.00039
MED00271,10,fest_xmas,0.00027
MED00272,10,fest_xmas,0.00014
MED00274,10,fest_xmas,-0.00021
MED00276,10,fest_xmas,-0.00027
MED00277,10,fest_xmas,0.00071
MED00280,10,fest_xmas,0.00104
MED00281,10,fest_xmas,0.00015
MED00282,10,fest_xmas,-0.00013
MED00283,10,fest_xmas,-0.0002
MED00287,10,fest_xmas,-0.00046
MED00288,10,fest_xmas,-0.00014
MED00289,10,fest_xmas,0.00017
MED00290,10,fest_xmas,-0.00021
MED00291,10,fest_xmas,-0.00041
MED00293,10,fest_xmas,0.00101
MED00294,10,fest_xmas,0.00024
MED00295,10,fest_xmas,-0.00066
MED00298,10,fest_xmas,-0.00022
MED00299,10,fest_xmas,0.00016
MED00300,10,fest_xmas,-0.0002
MED00301,10,fest_xmas,-0.00014
MED00302,10,fest_xmas,-0.00014
MED00303,10,fest_xmas,0.00022
MED00307,10,fest_xmas,0.00023
MED00308,10,fest_xmas,-0.00051
MED00309,10,fest_xmas,-0.00054
MED00310,10,fest_xmas,-0.0002
MED00312,10,fest_xmas,0.0002
MED00313,10,fest_xmas,0.00044
MED00314,10,fest_xmas,-0.00073
MED00316,10,fest_xmas,-0.00033
MED00317,10,fest_xmas,-0.00022
MED00319,10,fest_xmas,-0.00011
MED00320,10,fest_xmas,-0.00041
MED00321,10,fest_xmas,-0.00052
MED00322,10,fest_xmas,0.00021
MED00323,10,fest_xmas,-0.00037
MED00324,10,fest_xmas,-0.00032
MED00327,10,fest_xmas,-0.00039
MED00329,10,fest_xmas,-0.00013
MED00330,10,fest_xmas,-0.00012
MED00331,10,fest_xmas,-0.00014
MED00332,10,fest_xmas,-0.0002
MED00333,10,fest_xmas,-0.00046
MED00334,10,fest_xmas,-0.00061
MED00335,10,fest_xmas,0.00022
MED00337,10,fest_xmas,-0.00048
MED00340,10,fest_xmas,0.00076
MED00341,10,fest_xmas,-0.00018
MED00342,10,fest_xmas,-0.00021
MED00344,10,fest_xmas,0.00092
MED00345,10,fest_xmas,0.00022
MED00346,10,fest_xmas,-0.00019
MED00347,10,fest_xmas,0.00064
MED00348,10,fest_xmas,-0.0002
MED00349,10,fest_xmas,-0.00019
MED00350,10,fest_xmas,-0.00035
MED00351,10,fest_xmas,-0.00052
MED00352,10,fest_xmas,0.00058
MED00353,10,fest_xmas,0.00042
MED00354,10,fest_xmas,0.00061
MED00355,10,fest_xmas,-0.00011
MED00357,10,fest_xmas,0.00059
MED00358,10,fest_xmas,0.00014
MED00360,10,fest_xmas,0.00077
MED00361,10,fest_xmas,-0.0004
MED00362,10,fest_xmas,-0.00023
MED00363,10,fest_xmas,-0.00017
MED00364,10,fest_xmas,0.00064
MED00365,10,fest_xmas,-0.00014
MED00368,10,fest_xmas,-0.0005
MED00369,10,fest_xmas,0.00017
MED00370,10,fest_xmas,-0.00069
MED00372,10,fest_xmas,0.00097
MED00373,10,fest_xmas,0.00091
MED00374,10,fest_xmas,0.00019
MED00376,10,fest_xmas,-0.00019
MED00377,10,fest_xmas,-0.0007
MED00378,10,fest_xmas,-0.00019
MED00379,10,fest_xmas,0.00067
MED00380,10,fest_xmas,0.00074
MED00381,10,fest_xmas,0.00065
MED00382,10,fest_xmas,0.00021
MED00386,10,fest_xmas,-0.00029
MED00389,10,fest_xmas,0.00021
MED00392,10,fest_xmas,0.00027
MED00393,10,fest_xmas,0.00013
MED00396,10,fest_xmas,0.00031
MED00397,10,fest_xmas,0.0002
MED00398,10,fest_xmas,0.0002
MED00399,10,fest_xmas,-0.00031
MED00401,10,fest_xmas,-0.00022
MED00403,10,fest_xmas,0.00021
MED00407,10,fest_xmas,0.00021
MED00408,10,fest_xmas,0.00015
MED00411,10,fest_xmas,0.0004
MED00413,10,fest_xmas,0.00023
MED00414,10,fest_xmas,0.00014
MED00415,10,fest_xmas,0.00017
MED00416,10,fest_xmas,0.00045
MED00420,10,fest_xmas,0.00018
MED00421,10,fest_xmas,-0.00018
MED00422,10,fest_xmas,0.00046
MED00424,10,fest_xmas,0.00019
MED00002,11,fest_xmas,0.00019
MED00003,11,fest_xmas,0.00073
MED00004,11,fest_xmas,-0.00064
MED00005,11,fest_xmas,0.00066
MED00006,11,fest_xmas,-0.00024
MED00007,11,fest_xmas,-0.00056
MED00008,11,fest_xmas,0.00058
MED00009,11,fest_xmas,-1e-04
MED00010,11,fest_xmas,0.00087
MED00011,11,fest_xmas,-0.00012
MED00014,11,fest_xmas,0.00041
MED00015,11,fest_xmas,0.00118
MED00016,11,fest_xmas,-0.00036
MED00017,11,fest_xmas,-0.00028
MED00018,11,fest_xmas,0.00036
MED00019,11,fest_xmas,0.00015
MED00020,11,fest_xmas,-0.00025
MED00021,11,fest_xmas,-0.00016
MED00022,11,fest_xmas,-0.00012
MED00023,11,fest_xmas,0.00013
MED00024,11,fest_xmas,-0.00026
MED00025,11,fest_xmas,-0.00045
MED00026,11,fest_xmas,-0.00075
MED00027,11,fest_xmas,-0.00063
MED00028,11,fest_xmas,0.00058
MED00030,11,fest_xmas,-0.00019
MED00031,11,fest_xmas,-0.00012
MED00032,11,fest_xmas,-0.00011
MED00033,11,fest_xmas,0.0007
MED00034,11,fest_xmas,-0.00016
MED00035,11,fest_xmas,0.00025
MED00038,11,fest_xmas,0.00014
MED00039,11,fest_xmas,-0.00082
MED00040,11,fest_xmas,-0.00019
MED00041,11,fest_xmas,-0.00049
MED00042,11,fest_xmas,0.00024
MED00043,11,fest_xmas,0.0009
MED00044,11,fest_xmas,-0.00026
MED00045,11,fest_xmas,-0.00024
MED00047,11,fest_xmas,-0.00017
MED00049,11,fest_xmas,0.0002
MED00050,11,fest_xmas,-0.00047
MED00051,11,fest_xmas,0.00041
MED00052,11,fest_xmas,0.00056
MED00054,11,fest_xmas,-0.00018
MED00055,11,fest_xmas,0.00024
MED00056,11,fest_xmas,0.00079
MED00058,11,fest_xmas,-0.00066
MED00059,11,fest_xmas,0.00018
MED00061,11,fest_xmas,0.00057
MED00063,11,fest_xmas,0.00029
MED00065,11,fest_xmas,0.00021
MED00066,11,fest_xmas,0.00074
MED00068,11,fest_xmas,-0.00029
MED00070,11,fest_xmas,-0.00021
MED00071,11,fest_xmas,-0.00027
MED00073,11,fest_xmas,-0.00027
MED00074,11,fest_xmas,-0.00033
MED00075,11,fest_xmas,0.00053
MED00076,11,fest_xmas,0.00103
MED00078,11,fest_xmas,-0.00015
MED00079,11,fest_xmas,0.00056
MED00080,11,fest_xmas,-0.00022
MED00081,11,fest_xmas,0.00018
MED00083,11,fest_xmas,-0.00013
MED00085,11,fest_xmas,-0.00022
MED00086,11,fest_xmas,0.00021
MED00088,11,fest_xmas,0.00042
MED00089,11,fest_xmas,0.00023
MED00091,11,fest_xmas,-0.00014
MED00093,11,fest_xmas,-0.0007
MED00094,11,fest_xmas,-0.0008
MED00095,11,fest_xmas,-0.00029
MED00096,11,fest_xmas,0.0007
MED00098,11,fest_xmas,-0.00011
MED00099,11,fest_xmas,-0.00079
MED00100,11,fest_xmas,0.00089
MED00101,11,fest_xmas,-0.00024
MED00102,11,fest_xmas,0.00178
MED00103,11,fest_xmas,-0.00039
MED00106,11,fest_xmas,0.00029
MED00108,11,fest_xmas,-0.00034
MED00109,11,fest_xmas,0.00043
MED00110,11,fest_xmas,0.0008
MED00111,11,fest_xmas,0.0004
MED00112,11,fest_xmas,-0.00044
MED00113,11,fest_xmas,-1e-04
MED00114,11,fest_xmas,-0.0005
MED00115,11,fest_xmas,-0.00013
MED00118,11,fest_xmas,-0.00018
MED00119,11,fest_xmas,-0.00017
MED00120,11,fest_xmas,-0.00023
MED00121,11,fest_xmas,-0.00015
MED00123,11,fest_xmas,-0.00022
MED00125,11,fest_xmas,0.00061
MED00126,11,fest_xmas,-0.00063
MED00128,11,fest_xmas,-0.00012
MED00129,11,fest_xmas,-0.00028
MED00130,11,fest_xmas,0.0002
MED00132,11,fest_xmas,-0.0002
MED00133,11,fest_xmas,-0.00081
MED00135,11,fest_xmas,-0.00046
MED00136,11,fest_xmas,-0.00099
MED00138,11,fest_xmas,-0.00015
MED00139,11,fest_xmas,-0.00041
MED00141,11,fest_xmas,-0.00025
MED00142,11,fest_xmas,0.00033
MED00143,11,fest_xmas,-0.00033
MED00145,11,fest_xmas,0.00103
MED00146,11,fest_xmas,-0.00011
MED00147,11,fest_xmas,0.00011
MED00149,11,fest_xmas,-0.00018
MED00150,11,fest_xmas,0.00031
MED00151,11,fest_xmas,-0.00015
MED00152,11,fest_xmas,-0.00029
MED00153,11,fest_xmas,-0.00018
MED00154,11,fest_xmas,0.00022
MED00155,11,fest_xmas,-0.00016
MED00158,11,fest_xmas,-0.0007
MED00159,11,fest_xmas,-0.00069
MED00163,11,fest_xmas,0.00034
MED00165,11,fest_xmas,-0.00031
MED00167,11,fest_xmas,-0.0002
MED00168,11,fest_xmas,-0.00016
MED00169,11,fest_xmas,-0.00017
MED00172,11,fest_xmas,-0.00011
MED00173,11,fest_xmas,-0.00018
MED00174,11,fest_xmas,-0.00079
MED00175,11,fest_xmas,0.00038
MED00177,11,fest_xmas,-0.00054
MED00179,11,fest_xmas,0.0005
MED00180,11,fest_xmas,-0.00022
MED00181,11,fest_xmas,-0.00044
MED00182,11,fest_xmas,-0.00082
MED00183,11,fest_xmas,-0.0003
MED00184,11,fest_xmas,-0.0005
MED00185,11,fest_xmas,-0.00012
MED00188,11,fest_xmas,-0.00031
MED00189,11,fest_xmas,0.00071
MED00190,11,fest_xmas,-0.00021
MED00192,11,fest_xmas,0.00026
MED00193,11,fest_xmas,-0.00013
MED00194,11,fest_xmas,0.00017
MED00195,11,fest_xmas,0.00038
MED00196,11,fest_xmas,0.00011
MED00198,11,fest_xmas,-0.00017
MED00199,11,fest_xmas,-0.00014
MED00201,11,fest_xmas,0.00021
MED00202,11,fest_xmas,-0.00013
MED00207,11,fest_xmas,-0.00024
MED00208,11,fest_xmas,0.00013
MED00209,11,fest_xmas,0.00013
MED00210,11,fest_xmas,0.00074
MED00211,11,fest_xmas,-0.00014
MED00212,11,fest_xmas,0.00015
MED00213,11,fest_xmas,0.00048
MED00217,11,fest_xmas,0.00104
MED00219,11,fest_xmas,0.00023
MED00220,11,fest_xmas,-0.00013
MED00221,11,fest_xmas,-0.0002
MED00222,11,fest_xmas,0.00036
MED00224,11,fest_xmas,-0.00015
MED00227,11,fest_xmas,0.00016
MED00228,11,fest_xmas,-0.00016
MED00229,11,fest_xmas,0.00052
MED00230,11,fest_xmas,0.00029
MED00231,11,fest_xmas,-0.00015
MED00232,11,fest_xmas,-0.00037
MED00233,11,fest_xmas,-0.0007
MED00234,11,fest_xmas,-0.00016
MED00236,11,fest_xmas,-0.00014
MED00237,11,fest_xmas,-0.00013
MED00238,11,fest_xmas,-0.00027
MED00239,11,fest_xmas,-0.00032
MED00241,11,fest_xmas,-0.00017
MED00242,11,fest_xmas,0.00032
MED00243,11,fest_xmas,0.00019
MED00244,11,fest_xmas,-0.0002
MED00245,11,fest_xmas,0.00014
MED00248,11,fest_xmas,0.00013
MED00249,11,fest_xmas,-0.00018
MED00251,11,fest_xmas,-0.00019
MED00252,11,fest_xmas,0.00029
MED00253,11,fest_xmas,-0.00024
MED00254,11,fest_xmas,-1e-04
MED00255,11,fest_xmas,-0.00017
MED00256,11,fest_xmas,-0.00065
MED00257,11,fest_xmas,-0.00047
MED00258,11,fest_xmas,-0.00013
MED00261,11,fest_xmas,-0.00032
MED00262,11,fest_xmas,-0.0005
MED00263,11,fest_xmas,-0.0006
MED00264,11,fest_xmas,-0.00084
MED00266,11,fest_xmas,-0.00026
MED00268,11,fest_xmas,-0.00011
MED00269,11,fest_xmas,-0.00019
MED00270,11,fest_xmas,-0.00039
MED00271,11,fest_xmas,0.00027
MED00272,11,fest_xmas,0.00013
MED00274,11,fest_xmas,-0.00022
MED00276,11,fest_xmas,-0.00028
MED00277,11,fest_xmas,0.00071
MED00280,11,fest_xmas,0.00103
MED00281,11,fest_xmas,0.00014
MED00282,11,fest_xmas,-0.00013
MED00283,11,fest_xmas,-0.0002
MED00287,11,fest_xmas,-0.00048
MED00288,11,fest_xmas,-0.00014
MED00289,11,fest_xmas,0.00017
MED00290,11,fest_xmas,-0.00021
MED00291,11,fest_xmas,-0.00041
MED00293,11,fest_xmas,0.001
MED00294,11,fest_xmas,0.00024
MED00295,11,fest_xmas,-0.00067
MED00298,11,fest_xmas,-0.00022
MED00299,11,fest_xmas,0.00015
MED00300,11,fest_xmas,-0.0002
MED00301,11,fest_xmas,-0.00014
MED00302,11,fest_xmas,-0.00015
MED00303,11,fest_xmas,0.00022
MED00307,11,fest_xmas,0.00023
MED00308,11,fest_xmas,-0.00052
MED00309,11,fest_xmas,-0.00054
MED00310,11,fest_xmas,-0.0002
MED00312,11,fest_xmas,0.00019
MED00313,11,fest_xmas,0.00043
MED00314,11,fest_xmas,-0.00074
MED00316,11,fest_xmas,-0.00033
MED00317,11,fest_xmas,-0.00022
MED00319,11,fest_xmas,-0.00012
MED00320,11,fest_xmas,-0.00041
MED00321,11,fest_xmas,-0.00052
MED00322,11,fest_xmas,0.0002
MED00323,11,fest_xmas,-0.00038
MED00324,11,fest_xmas,-0.00033
MED00327,11,fest_xmas,-0.00039
MED00329,11,fest_xmas,-0.00013
MED00330,11,fest_xmas,-0.00012
MED00331,11,fest_xmas,-0.00014
MED00332,11,fest_xmas,-0.0002
MED00333,11,fest_xmas,-0.00046
MED00334,11,fest_xmas,-0.00061
MED00335,11,fest_xmas,0.00022
MED00337,11,fest_xmas,-0.00075
MED00340,11,fest_xmas,0.00076
MED00341,11,fest_xmas,-0.00018
MED00342,11,fest_xmas,-0.00022
MED00344,11,fest_xmas,0.00092
MED00345,11,fest_xmas,0.00021
MED00346,11,fest_xmas,-0.0002
MED00347,11,fest_xmas,0.00064
MED00348,11,fest_xmas,-0.00021
MED00349,11,fest_xmas,-0.0002
MED00350,11,fest_xmas,-0.00035
MED00351,11,fest_xmas,-0.00052
MED00352,11,fest_xmas,0.00058
MED00353,11,fest_xmas,0.00041
MED00354,11,fest_xmas,0.00061
MED00355,11,fest_xmas,-0.00011
MED00357,11,fest_xmas,0.00057
MED00358,11,fest_xmas,0.00014
MED00360,11,fest_xmas,0.00076
MED00361,11,fest_xmas,-0.0004
MED00362,11,fest_xmas,-0.00023
MED00363,11,fest_xmas,-0.00018
MED00364,11,fest_xmas,0.00064
MED00365,11,fest_xmas,-0.00015
MED00368,11,fest_xmas,-0.00051
MED00369,11,fest_xmas,0.00017
MED00370,11,fest_xmas,-0.00069
MED00372,11,fest_xmas,0.00096
MED00373,11,fest_xmas,0.00091
MED00374,11,fest_xmas,0.00019
MED00376,11,fest_xmas,-0.0002
MED00377,11,fest_xmas,-0.00072
MED00378,11,fest_xmas,-0.00019
MED00379,11,fest_xmas,0.00067
MED00380,11,fest_xmas,0.00073
MED00381,11,fest_xmas,0.00065
MED00382,11,fest_xmas,0.0002
MED00386,11,fest_xmas,-0.00029
MED00389,11,fest_xmas,0.00021
MED00392,11,fest_xmas,0.00026
MED00393,11,fest_xmas,0.00012
MED00396,11,fest_xmas,0.00031
MED00397,11,fest_xmas,0.00019
MED00398,11,fest_xmas,0.00019
MED00399,11,fest_xmas,-0.00032
MED00401,11,fest_xmas,-0.00022
MED00403,11,fest_xmas,0.00021
MED00407,11,fest_xmas,0.00021
MED00408,11,fest_xmas,0.00015
MED00411,11,fest_xmas,0.00039
MED00413,11,fest_xmas,0.00023
MED00414,11,fest_xmas,0.00014
MED00415,11,fest_xmas,0.00017
MED00416,11,fest_xmas,0.00044
MED00420,11,fest_xmas,0.00016
MED00421,11,fest_xmas,-0.00019
MED00422,11,fest_xmas,0.00045
MED00424,11,fest_xmas,0.00018
MED00002,12,fest_xmas,0.00018
MED00003,12,fest_xmas,0.00071
MED00004,12,fest_xmas,-0.00066
MED00005,12,fest_xmas,0.00065
MED00006,12,fest_xmas,-0.00026
MED00007,12,fest_xmas,-0.00057
MED00008,12,fest_xmas,0.00054
MED00009,12,fest_xmas,-0.00011
MED00010,12,fest_xmas,0.00085
MED00011,12,fest_xmas,-0.00012
MED00014,12,fest_xmas,0.0004
MED00015,12,fest_xmas,0.00117
MED00016,12,fest_xmas,-0.00037
MED00017,12,fest_xmas,-0.00029
MED00018,12,fest_xmas,0.00043
MED00019,12,fest_xmas,0.00015
MED00020,12,fest_xmas,-0.00025
MED00021,12,fest_xmas,-0.00017
MED00022,12,fest_xmas,-0.00013
MED00023,12,fest_xmas,0.00012
MED00024,12,fest_xmas,-0.00027
MED00025,12,fest_xmas,-0.00046
MED00026,12,fest_xmas,-0.00077
MED00027,12,fest_xmas,-0.00065
MED00028,12,fest_xmas,0.00056
MED00030,12,fest_xmas,-0.0002
MED00031,12,fest_xmas,-0.00013
MED00032,12,fest_xmas,-0.00012
MED00033,12,fest_xmas,0.00069
MED00034,12,fest_xmas,-0.00015
MED00035,12,fest_xmas,-0.00053
MED00038,12,fest_xmas,0.00013
MED00039,12,fest_xmas,-0.00083
MED00040,12,fest_xmas,-0.00021
MED00041,12,fest_xmas,-0.0005
MED00042,12,fest_xmas,0.00023
MED00043,12,fest_xmas,0.00081
MED00044,12,fest_xmas,-0.00027
MED00045,12,fest_xmas,-0.00025
MED00047,12,fest_xmas,-0.00017
MED00049,12,fest_xmas,0.00019
MED00050,12,fest_xmas,-0.00046
MED00051,12,fest_xmas,0.00039
MED00052,12,fest_xmas,0.00049
MED00054,12,fest_xmas,-0.00019
MED00055,12,fest_xmas,0.00023
MED00056,12,fest_xmas,0.00078
MED00058,12,fest_xmas,-0.00067
MED00059,12,fest_xmas,0.00018
MED00061,12,fest_xmas,0.00055
MED00063,12,fest_xmas,0.00027
MED00065,12,fest_xmas,0.00021
MED00066,12,fest_xmas,0.00073
MED00068,12,fest_xmas,-0.0003
MED00070,12,fest_xmas,-0.00022
MED00071,12,fest_xmas,-0.00027
MED00073,12,fest_xmas,-0.00028
MED00074,12,fest_xmas,-0.00034
MED00075,12,fest_xmas,0.00053
MED00076,12,fest_xmas,0.00102
MED00078,12,fest_xmas,-0.00015
MED00079,12,fest_xmas,0.00055
MED00080,12,fest_xmas,-0.00023
MED00081,12,fest_xmas,0.00016
MED00083,12,fest_xmas,-0.00013
MED00085,12,fest_xmas,-0.00023
MED00086,12,fest_xmas,0.0002
MED00088,12,fest_xmas,0.00041
MED00089,12,fest_xmas,0.00023
MED00091,12,fest_xmas,-0.00015
MED00093,12,fest_xmas,-0.00072
MED00094,12,fest_xmas,-0.00082
MED00095,12,fest_xmas,-0.00029
MED00096,12,fest_xmas,0.0007
MED00098,12,fest_xmas,-0.00012
MED00099,12,fest_xmas,-0.0008
MED00100,12,fest_xmas,0.00087
MED00101,12,fest_xmas,-0.00027
MED00102,12,fest_xmas,0.00177
MED00103,12,fest_xmas,-0.0004
MED00106,12,fest_xmas,0.00027
MED00108,12,fest_xmas,-0.00035
MED00109,12,fest_xmas,0.00042
MED00110,12,fest_xmas,0.00079
MED00111,12,fest_xmas,0.00039
MED00112,12,fest_xmas,-0.00045
MED00113,12,fest_xmas,-0.00011
MED00114,12,fest_xmas,-0.0005
MED00115,12,fest_xmas,-0.00014
MED00118,12,fest_xmas,-0.00017
MED00119,12,fest_xmas,-0.00018
MED00120,12,fest_xmas,-0.00023
MED00121,12,fest_xmas,-0.00015
MED00123,12,fest_xmas,-0.00023
MED00125,12,fest_xmas,0.00059
MED00126,12,fest_xmas,-0.00064
MED00128,12,fest_xmas,-0.00013
MED00129,12,fest_xmas,-0.00028
MED00130,12,fest_xmas,0.00019
MED00132,12,fest_xmas,-0.00021
MED00133,12,fest_xmas,-0.00081
MED00135,12,fest_xmas,-0.00046
MED00136,12,fest_xmas,-0.001
MED00138,12,fest_xmas,-0.00016
MED00139,12,fest_xmas,-0.00042
MED00141,12,fest_xmas,-0.00026
MED00142,12,fest_xmas,0.00038
MED00143,12,fest_xmas,-0.00034
MED00145,12,fest_xmas,0.00101
MED00146,12,fest_xmas,-0.00012
MED00147,12,fest_xmas,0.00011
MED00149,12,fest_xmas,-0.00019
MED00150,12,fest_xmas,0.0003
MED00151,12,fest_xmas,-0.00016
MED00152,12,fest_xmas,-0.0003
MED00153,12,fest_xmas,-0.00019
MED00154,12,fest_xmas,0.00022
MED00155,12,fest_xmas,-0.00017
MED00158,12,fest_xmas,-0.00072
MED00159,12,fest_xmas,-0.00069
MED00161,12,fest_xmas,-0.00011
MED00163,12,fest_xmas,0.00032
MED00165,12,fest_xmas,-0.00032
MED00167,12,fest_xmas,-0.00021
MED00168,12,fest_xmas,-0.00017
MED00169,12,fest_xmas,-0.00017
MED00171,12,fest_xmas,-0.00011
MED00172,12,fest_xmas,-0.00011
MED00173,12,fest_xmas,-0.00019
MED00174,12,fest_xmas,-0.00079
MED00175,12,fest_xmas,0.00039
MED00177,12,fest_xmas,-0.00056
MED00179,12,fest_xmas,0.0005
MED00180,12,fest_xmas,-0.00023
MED00181,12,fest_xmas,-0.00045
MED00182,12,fest_xmas,-0.00084
MED00183,12,fest_xmas,-0.00029
MED00184,12,fest_xmas,-0.00049
MED00185,12,fest_xmas,-0.00013
MED00188,12,fest_xmas,-0.00031
MED00189,12,fest_xmas,0.00069
MED00190,12,fest_xmas,-0.00022
MED00192,12,fest_xmas,0.00025
MED00193,12,fest_xmas,-0.00014
MED00194,12,fest_xmas,0.00016
MED00195,12,fest_xmas,0.00038
MED00196,12,fest_xmas,0.00011
MED00198,12,fest_xmas,-0.00018
MED00199,12,fest_xmas,-0.00015
MED00201,12,fest_xmas,0.00021
MED00202,12,fest_xmas,-0.00014
MED00207,12,fest_xmas,-0.00025
MED00208,12,fest_xmas,0.00013
MED00209,12,fest_xmas,0.00012
MED00210,12,fest_xmas,0.00073
MED00211,12,fest_xmas,-0.00015
MED00212,12,fest_xmas,0.00015
MED00213,12,fest_xmas,0.00047
MED00214,12,fest_xmas,-1e-04
MED00217,12,fest_xmas,0.00102
MED00219,12,fest_xmas,0.00022
MED00220,12,fest_xmas,-0.00014
MED00221,12,fest_xmas,-0.00021
MED00222,12,fest_xmas,0.00048
MED00224,12,fest_xmas,-0.00016
MED00227,12,fest_xmas,0.00016
MED00228,12,fest_xmas,-0.00017
MED00229,12,fest_xmas,0.0005
MED00230,12,fest_xmas,0.0003
MED00231,12,fest_xmas,-0.00016
MED00232,12,fest_xmas,-0.00037
MED00233,12,fest_xmas,-0.00071
MED00234,12,fest_xmas,-0.00016
MED00236,12,fest_xmas,-0.00015
MED00237,12,fest_xmas,-0.00014
MED00238,12,fest_xmas,-0.00028
MED00239,12,fest_xmas,-0.00033
MED00241,12,fest_xmas,-0.00018
MED00242,12,fest_xmas,0.00032
MED00243,12,fest_xmas,0.00017
MED00244,12,fest_xmas,-0.00021
MED00245,12,fest_xmas,0.00014
MED00247,12,fest_xmas,-0.00011
MED00248,12,fest_xmas,0.00012
MED00249,12,fest_xmas,-0.00018
MED00251,12,fest_xmas,-0.0002
MED00252,12,fest_xmas,0.0003
MED00253,12,fest_xmas,-0.00026
MED00255,12,fest_xmas,-0.00018
MED00256,12,fest_xmas,-0.00066
MED00257,12,fest_xmas,-0.00048
MED00258,12,fest_xmas,-0.00013
MED00261,12,fest_xmas,-0.00032
MED00262,12,fest_xmas,-0.00051
MED00263,12,fest_xmas,-0.00061
MED00264,12,fest_xmas,-0.00085
MED00266,12,fest_xmas,-0.00026
MED00268,12,fest_xmas,-0.00011
MED00269,12,fest_xmas,-0.0002
MED00270,12,fest_xmas,-0.00041
MED00271,12,fest_xmas,0.00026
MED00272,12,fest_xmas,0.00013
MED00274,12,fest_xmas,-0.00024
MED00276,12,fest_xmas,-0.00029
MED00277,12,fest_xmas,0.00069
MED00280,12,fest_xmas,0.00102
MED00281,12,fest_xmas,0.00013
MED00282,12,fest_xmas,-0.00014
MED00283,12,fest_xmas,-0.0002
MED00287,12,fest_xmas,-0.00048
MED00288,12,fest_xmas,-0.00014
MED00289,12,fest_xmas,0.00016
MED00290,12,fest_xmas,-0.00022
MED00291,12,fest_xmas,-0.00041
MED00293,12,fest_xmas,0.00099
MED00294,12,fest_xmas,0.00023
MED00295,12,fest_xmas,-0.00069
MED00298,12,fest_xmas,-0.00023
MED00299,12,fest_xmas,0.00013
MED00300,12,fest_xmas,-0.00021
MED00301,12,fest_xmas,-0.00015
MED00302,12,fest_xmas,-0.00015
MED00303,12,fest_xmas,0.00021
MED00306,12,fest_xmas,-0.00073
MED00307,12,fest_xmas,0.00023
MED00308,12,fest_xmas,-0.00052
MED00309,12,fest_xmas,-0.00055
MED00310,12,fest_xmas,-0.0002
MED00312,12,fest_xmas,0.00018
MED00313,12,fest_xmas,0.00043
MED00314,12,fest_xmas,-0.00074
MED00316,12,fest_xmas,-0.00034
MED00317,12,fest_xmas,-0.00022
MED00319,12,fest_xmas,-0.00012
MED00320,12,fest_xmas,-0.00041
MED00321,12,fest_xmas,-0.00053
MED00322,12,fest_xmas,0.00019
MED00323,12,fest_xmas,-0.0004
MED00324,12,fest_xmas,-0.00034
MED00327,12,fest_xmas,-0.00039
MED00329,12,fest_xmas,-0.00014
MED00330,12,fest_xmas,-0.00012
MED00331,12,fest_xmas,-0.00015
MED00332,12,fest_xmas,-0.0002
MED00333,12,fest_xmas,-0.00047
MED00334,12,fest_xmas,-0.00061
MED00335,12,fest_xmas,0.00021
MED00337,12,fest_xmas,-0.00074
MED00340,12,fest_xmas,0.00074
MED00341,12,fest_xmas,-0.00019
MED00342,12,fest_xmas,-0.00022
MED00344,12,fest_xmas,0.00091
MED00345,12,fest_xmas,0.00019
MED00346,12,fest_xmas,-0.0002
MED00347,12,fest_xmas,0.00062
MED00348,12,fest_xmas,-0.00021
MED00349,12,fest_xmas,-0.0002
MED00350,12,fest_xmas,-0.00036
MED00351,12,fest_xmas,-0.00053
MED00352,12,fest_xmas,0.00057
MED00353,12,fest_xmas,0.0004
MED00354,12,fest_xmas,0.0006
MED00355,12,fest_xmas,-0.00012
MED00357,12,fest_xmas,0.00056
MED00358,12,fest_xmas,0.00013
MED00360,12,fest_xmas,0.00075
MED00361,12,fest_xmas,-0.00041
MED00362,12,fest_xmas,-0.00024
MED00363,12,fest_xmas,-0.00018
MED00364,12,fest_xmas,0.00062
MED00365,12,fest_xmas,-0.00016
MED00367,12,fest_xmas,-1e-04
MED00368,12,fest_xmas,-0.00051
MED00369,12,fest_xmas,0.00016
MED00370,12,fest_xmas,-0.0007
MED00372,12,fest_xmas,0.00095
MED00373,12,fest_xmas,0.00089
MED00374,12,fest_xmas,0.00018
MED00376,12,fest_xmas,-0.00021
MED00377,12,fest_xmas,-0.00073
MED00378,12,fest_xmas,-0.0002
MED00379,12,fest_xmas,0.00065
MED00380,12,fest_xmas,0.00072
MED00381,12,fest_xmas,0.00064
MED00382,12,fest_xmas,0.0002
MED00385,12,fest_xmas,-0.00011
MED00386,12,fest_xmas,-0.0003
MED00389,12,fest_xmas,0.0002
MED00392,12,fest_xmas,0.00026
MED00393,12,fest_xmas,0.00011
MED00396,12,fest_xmas,0.0003
MED00397,12,fest_xmas,0.00019
MED00398,12,fest_xmas,0.00019
MED00399,12,fest_xmas,-0.00031
MED00401,12,fest_xmas,-0.00023
MED00403,12,fest_xmas,0.0002
MED00407,12,fest_xmas,0.0002
MED00408,12,fest_xmas,0.00015
MED00411,12,fest_xmas,0.00039
MED00413,12,fest_xmas,0.00022
MED00414,12,fest_xmas,0.00013
MED00415,12,fest_xmas,0.00016
MED00416,12,fest_xmas,0.00043
MED00420,12,fest_xmas,0.00016
MED00421,12,fest_xmas,-0.0002
MED00422,12,fest_xmas,0.00045
MED00424,12,fest_xmas,0.00018
MED00001,1,season_shift,-0.00635
MED00002,1,season_shift,0.00485
MED00003,1,season_shift,0.00211
MED00004,1,season_shift,-0.00139
MED00005,1,season_shift,-0.00669
MED00006,1,season_shift,0.00079
MED00007,1,season_shift,-0.00514
MED00008,1,season_shift,-0.0009
MED00009,1,season_shift,-0.00681
MED00010,1,season_shift,-0.00281
MED00011,1,season_shift,-0.00145
MED00012,1,season_shift,-0.00126
MED00013,1,season_shift,-0.00278
MED00014,1,season_shift,-0.00744
MED00015,1,season_shift,-0.00104
MED00016,1,season_shift,-0.0033
MED00017,1,season_shift,-0.00246
MED00018,1,season_shift,-0.00099
MED00019,1,season_shift,-0.00163
MED00020,1,season_shift,-0.00369
MED00021,1,season_shift,-0.00182
MED00022,1,season_shift,-0.00381
MED00023,1,season_shift,-0.0013
MED00024,1,season_shift,-0.00405
MED00025,1,season_shift,0.00193
MED00026,1,season_shift,0.00459
MED00027,1,season_shift,0.00831
MED00028,1,season_shift,-0.00135
MED00029,1,season_shift,-0.00327
MED00030,1,season_shift,-0.00319
MED00031,1,season_shift,-0.007
MED00032,1,season_shift,-0.00272
MED00033,1,season_shift,-0.00301
MED00034,1,season_shift,-0.00405
MED00035,1,season_shift,0.00113
MED00036,1,season_shift,-0.00123
MED00037,1,season_shift,-0.00178
MED00038,1,season_shift,-0.0019
MED00039,1,season_shift,-0.00347
MED00040,1,season_shift,-0.00062
MED00041,1,season_shift,-0.00052
MED00042,1,season_shift,-0.00488
MED00043,1,season_shift,-0.00265
MED00044,1,season_shift,-0.00219
MED00045,1,season_shift,-0.00012
MED00046,1,season_shift,-0.00407
MED00047,1,season_shift,-0.00183
MED00048,1,season_shift,-0.00247
MED00049,1,season_shift,0.00878
MED00050,1,season_shift,-0.00399
MED00051,1,season_shift,0.00607
MED00052,1,season_shift,-0.00165
MED00053,1,season_shift,-0.00118
MED00054,1,season_shift,-0.0015
MED00055,1,season_shift,-0.00139
MED00056,1,season_shift,-0.00123
MED00057,1,season_shift,-0.00139
MED00058,1,season_shift,0.00099
MED00059,1,season_shift,-0.0021
MED00060,1,season_shift,-0.00481
MED00061,1,season_shift,-0.00093
MED00062,1,season_shift,-0.00854
MED00063,1,season_shift,0.00898
MED00064,1,season_shift,-0.00124
MED00065,1,season_shift,-0.00194
MED00066,1,season_shift,-0.00137
MED00067,1,season_shift,-0.00319
MED00068,1,season_shift,-0.00331
MED00069,1,season_shift,-0.00291
MED00070,1,season_shift,-0.0031
MED00071,1,season_shift,-0.002
MED00072,1,season_shift,-0.00283
MED00073,1,season_shift,-0.00372
MED00074,1,season_shift,-0.0042
MED00075,1,season_shift,-0.00313
MED00076,1,season_shift,0.00276
MED00077,1,season_shift,-0.00608
MED00078,1,season_shift,-0.00361
MED00079,1,season_shift,-0.00309
MED00080,1,season_shift,-0.00374
MED00081,1,season_shift,-0.0034
MED00082,1,season_shift,-0.00297
MED00083,1,season_shift,-0.0037
MED00084,1,season_shift,-0.00192
MED00085,1,season_shift,-0.00225
MED00086,1,season_shift,0.01038
MED00087,1,season_shift,-0.00106
MED00088,1,season_shift,-0.00261
MED00089,1,season_shift,-0.00396
MED00090,1,season_shift,-0.00309
MED00091,1,season_shift,-0.00323
MED00092,1,season_shift,-0.00167
MED00093,1,season_shift,0.00345
MED00094,1,season_shift,-0.00119
MED00095,1,season_shift,-0.00334
MED00096,1,season_shift,-0.00725
MED00097,1,season_shift,-0.00232
MED00098,1,season_shift,-0.00147
MED00099,1,season_shift,0.00836
MED00100,1,season_shift,0.00507
MED00101,1,season_shift,-0.00318
MED00102,1,season_shift,-0.00297
MED00103,1,season_shift,-0.00205
MED00104,1,season_shift,-0.00127
MED00105,1,season_shift,-0.00155
MED00106,1,season_shift,0.0094
MED00107,1,season_shift,-0.0015
MED00108,1,season_shift,-0.00331
MED00109,1,season_shift,0.00034
MED00110,1,season_shift,0.00068
MED00111,1,season_shift,-0.00097
MED00112,1,season_shift,-0.00409
MED00113,1,season_shift,-0.00106
MED00114,1,season_shift,-0.00302
MED00115,1,season_shift,-0.00093
MED00116,1,season_shift,-0.00169
MED00117,1,season_shift,-0.00226
MED00118,1,season_shift,-0.00144
MED00119,1,season_shift,-0.00134
MED00120,1,season_shift,-0.0047
MED00121,1,season_shift,-0.00359
MED00122,1,season_shift,-0.00297
MED00123,1,season_shift,-0.00082
MED00124,1,season_shift,-0.0014
MED00125,1,season_shift,0.00219
MED00126,1,season_shift,0.00452
MED00127,1,season_shift,-0.0032
MED00128,1,season_shift,-0.00128
MED00129,1,season_shift,-0.00222
MED00130,1,season_shift,0.00929
MED00131,1,season_shift,-0.0021
MED00133,1,season_shift,-0.0015
MED00134,1,season_shift,0.00164
MED00135,1,season_shift,-0.00553
MED00136,1,season_shift,-0.00307
MED00137,1,season_shift,-0.00306
MED00138,1,season_shift,-0.00148
MED00139,1,season_shift,-0.00252
MED00140,1,season_shift,-0.00095
MED00141,1,season_shift,-0.00146
MED00142,1,season_shift,-0.00022
MED00143,1,season_shift,-0.00108
MED00144,1,season_shift,-0.00134
MED00145,1,season_shift,-0.00071
MED00146,1,season_shift,-0.00614
MED00147,1,season_shift,-0.00286
MED00148,1,season_shift,-0.00558
MED00149,1,season_shift,-0.00444
MED00150,1,season_shift,-0.00302
MED00151,1,season_shift,-0.00135
MED00152,1,season_shift,-0.00182
MED00153,1,season_shift,-0.0017
MED00154,1,season_shift,-0.00454
MED00155,1,season_shift,-0.00116
MED00156,1,season_shift,-0.00396
MED00157,1,season_shift,-0.00233
MED00158,1,season_shift,0.00329
MED00159,1,season_shift,-0.00272
MED00160,1,season_shift,-0.00461
MED00161,1,season_shift,-0.00236
MED00162,1,season_shift,-0.00078
MED00163,1,season_shift,-0.00196
MED00164,1,season_shift,-0.00212
MED00165,1,season_shift,-0.00083
MED00166,1,season_shift,-0.00084
MED00167,1,season_shift,-0.00096
MED00168,1,season_shift,-0.00179
MED00169,1,season_shift,-0.00219
MED00170,1,season_shift,-0.00135
MED00171,1,season_shift,-0.0015
MED00172,1,season_shift,-0.00296
MED00173,1,season_shift,-0.00363
MED00174,1,season_shift,-0.00454
MED00175,1,season_shift,-0.00101
MED00176,1,season_shift,-0.00465
MED00177,1,season_shift,0.00378
MED00178,1,season_shift,-0.00208
MED00179,1,season_shift,-0.00097
MED00180,1,season_shift,-0.00169
MED00181,1,season_shift,-0.00424
MED00182,1,season_shift,0.00502
MED00183,1,season_shift,-0.00312
MED00184,1,season_shift,-0.00183
MED00185,1,season_shift,-0.00402
MED00186,1,season_shift,-0.001
MED00187,1,season_shift,-0.00344
MED00188,1,season_shift,-0.00475
MED00189,1,season_shift,0.00583
MED00190,1,season_shift,-0.00262
MED00191,1,season_shift,-0.00206
MED00192,1,season_shift,0.00058
MED00193,1,season_shift,0.00795
MED00194,1,season_shift,-0.00107
MED00195,1,season_shift,-0.00024
MED00197,1,season_shift,-0.00037
MED00198,1,season_shift,-0.00073
MED00199,1,season_shift,-0.00387
MED00200,1,season_shift,-0.00165
MED00201,1,season_shift,-0.00322
MED00202,1,season_shift,-0.00174
MED00203,1,season_shift,-0.00372
MED00204,1,season_shift,-0.00096
MED00205,1,season_shift,-0.00187
MED00206,1,season_shift,-0.00441
MED00207,1,season_shift,-0.00232
MED00208,1,season_shift,-0.00192
MED00209,1,season_shift,-0.00284
MED00210,1,season_shift,-0.00419
MED00211,1,season_shift,-0.00272
MED00212,1,season_shift,-0.00366
MED00213,1,season_shift,0.00969
MED00214,1,season_shift,-0.00216
MED00215,1,season_shift,-0.00166
MED00216,1,season_shift,0.00133
MED00217,1,season_shift,0.00334
MED00218,1,season_shift,-0.00205
MED00219,1,season_shift,-0.00506
MED00220,1,season_shift,-0.00106
MED00221,1,season_shift,-0.00409
MED00222,1,season_shift,0.00019
MED00223,1,season_shift,-0.00259
MED00224,1,season_shift,-0.00078
MED00225,1,season_shift,-0.00242
MED00226,1,season_shift,-0.00489
MED00227,1,season_shift,-0.0032
MED00228,1,season_shift,-0.00429
MED00229,1,season_shift,0.00092
MED00230,1,season_shift,-0.00369
MED00231,1,season_shift,0.00038
MED00232,1,season_shift,-0.00189
MED00233,1,season_shift,-0.00191
MED00234,1,season_shift,-0.00158
MED00235,1,season_shift,-0.00141
MED00236,1,season_shift,-0.00162
MED00237,1,season_shift,-0.00244
MED00238,1,season_shift,-0.00217
MED00239,1,season_shift,-0.0031
MED00240,1,season_shift,-0.00334
MED00241,1,season_shift,-0.00112
MED00242,1,season_shift,-0.00034
MED00243,1,season_shift,0.00502
MED00244,1,season_shift,-0.0022
MED00245,1,season_shift,-0.00091
MED00246,1,season_shift,-0.00164
MED00247,1,season_shift,-0.0018
MED00248,1,season_shift,-0.00248
MED00249,1,season_shift,-0.00178
MED00250,1,season_shift,-0.00192
MED00251,1,season_shift,-0.00292
MED00252,1,season_shift,0.00495
MED00253,1,season_shift,-0.00216
MED00254,1,season_shift,0.00499
MED00255,1,season_shift,-0.00213
MED00256,1,season_shift,-0.0037
MED00257,1,season_shift,-0.00157
MED00258,1,season_shift,-0.00241
MED00259,1,season_shift,-0.00248
MED00260,1,season_shift,-0.00099
MED00261,1,season_shift,-0.00047
MED00262,1,season_shift,-0.0032
MED00263,1,season_shift,-0.00353
MED00264,1,season_shift,0.0011
MED00265,1,season_shift,-0.00182
MED00266,1,season_shift,-0.00504
MED00267,1,season_shift,-0.00243
MED00268,1,season_shift,-0.00126
MED00269,1,season_shift,-0.00246
MED00270,1,season_shift,-0.00222
MED00271,1,season_shift,-0.00438
MED00272,1,season_shift,-0.00705
MED00273,1,season_shift,-0.00722
MED00274,1,season_shift,-0.00038
MED00275,1,season_shift,-0.0067
MED00276,1,season_shift,-0.00182
MED00277,1,season_shift,0.00583
MED00278,1,season_shift,-0.00165
MED00279,1,season_shift,-0.00461
MED00280,1,season_shift,0.00185
MED00281,1,season_shift,-0.0077
MED00282,1,season_shift,-0.0079
MED00283,1,season_shift,-0.0043
MED00284,1,season_shift,-0.00201
MED00285,1,season_shift,-0.00183
MED00286,1,season_shift,-0.00499
MED00287,1,season_shift,-0.00348
MED00288,1,season_shift,-0.00193
MED00289,1,season_shift,-0.00241
MED00290,1,season_shift,-0.00171
MED00291,1,season_shift,-0.00271
MED00292,1,season_shift,-0.00305
MED00293,1,season_shift,-0.00474
MED00294,1,season_shift,-0.00576
MED00295,1,season_shift,0.00272
MED00296,1,season_shift,-0.00257
MED00297,1,season_shift,-0.00125
MED00298,1,season_shift,-0.00247
MED00299,1,season_shift,0.0002
MED00300,1,season_shift,-0.00182
MED00301,1,season_shift,-0.00187
MED00302,1,season_shift,-0.00231
MED00303,1,season_shift,-0.00499
MED00304,1,season_shift,-0.00242
MED00305,1,season_shift,-0.00143
MED00306,1,season_shift,0.0022
MED00307,1,season_shift,-0.00216
MED00308,1,season_shift,-0.00113
MED00309,1,season_shift,-0.00364
MED00310,1,season_shift,-0.00706
MED00311,1,season_shift,-0.00398
MED00312,1,season_shift,-0.00153
MED00313,1,season_shift,-0.00043
MED00314,1,season_shift,-0.00379
MED00315,1,season_shift,-0.00146
MED00316,1,season_shift,-0.00217
MED00317,1,season_shift,-0.00395
MED00318,1,season_shift,-0.00188
MED00319,1,season_shift,-0.00182
MED00320,1,season_shift,-0.00499
MED00321,1,season_shift,-0.00249
MED00322,1,season_shift,0.00897
MED00323,1,season_shift,-0.0022
MED00324,1,season_shift,-0.00229
MED00325,1,season_shift,-0.00124
MED00326,1,season_shift,-0.00158
MED00327,1,season_shift,-0.00287
MED00328,1,season_shift,-0.00242
MED00329,1,season_shift,-0.00191
MED00330,1,season_shift,-0.00251
MED00331,1,season_shift,-0.00167
MED00332,1,season_shift,-0.0031
MED00333,1,season_shift,-0.00257
MED00334,1,season_shift,-0.00255
MED00335,1,season_shift,-0.00302
MED00336,1,season_shift,-0.00135
MED00337,1,season_shift,-0.00223
MED00338,1,season_shift,-0.00472
MED00339,1,season_shift,-0.00203
MED00340,1,season_shift,-0.00157
MED00341,1,season_shift,-0.00187
MED00342,1,season_shift,-0.00159
MED00343,1,season_shift,-0.0015
MED00344,1,season_shift,-0.00114
MED00345,1,season_shift,0.00928
MED00346,1,season_shift,-0.00139
MED00347,1,season_shift,0.00358
MED00348,1,season_shift,-0.00184
MED00349,1,season_shift,-0.0018
MED00350,1,season_shift,-0.00253
MED00351,1,season_shift,0.00113
MED00352,1,season_shift,0.00049
MED00353,1,season_shift,0.01081
MED00354,1,season_shift,-0.00128
MED00355,1,season_shift,-0.00241
MED00356,1,season_shift,-0.00246
MED00357,1,season_shift,0.00353
MED00358,1,season_shift,-0.00689
MED00359,1,season_shift,-0.00123
MED00360,1,season_shift,-0.00404
MED00361,1,season_shift,-0.00258
MED00362,1,season_shift,-0.0032
MED00363,1,season_shift,-0.00206
MED00364,1,season_shift,0.00617
MED00365,1,season_shift,-0.00114
MED00366,1,season_shift,-0.00176
MED00367,1,season_shift,-0.0012
MED00368,1,season_shift,-0.00461
MED00369,1,season_shift,-0.00206
MED00370,1,season_shift,0.00033
MED00371,1,season_shift,-0.00628
MED00372,1,season_shift,0.00417
MED00373,1,season_shift,-0.00057
MED00374,1,season_shift,-0.00325
MED00375,1,season_shift,-0.00579
MED00376,1,season_shift,-0.00235
MED00377,1,season_shift,-0.00376
MED00378,1,season_shift,-0.00178
MED00379,1,season_shift,-0.00263
MED00380,1,season_shift,0.00086
MED00381,1,season_shift,-0.00183
MED00382,1,season_shift,-0.0026
MED00383,1,season_shift,-0.00145
MED00384,1,season_shift,-0.00111
MED00385,1,season_shift,-0.00487
MED00386,1,season_shift,-0.00556
MED00387,1,season_shift,-0.00425
MED00388,1,season_shift,-0.0043
MED00389,1,season_shift,-0.00162
MED00390,1,season_shift,-0.00076
MED00391,1,season_shift,-0.00509
MED00392,1,season_shift,-0.00329
MED00393,1,season_shift,-0.00866
MED00394,1,season_shift,-0.00928
MED00395,1,season_shift,-0.00623
MED00396,1,season_shift,-0.00081
MED00397,1,season_shift,-0.00157
MED00398,1,season_shift,-0.001
MED00399,1,season_shift,-0.00145
MED00400,1,season_shift,-0.00127
MED00401,1,season_shift,-0.00536
MED00402,1,season_shift,-0.0034
MED00403,1,season_shift,-0.00227
MED00404,1,season_shift,-0.00232
MED00405,1,season_shift,-0.00208
MED00406,1,season_shift,-0.00254
MED00407,1,season_shift,-0.00248
MED00408,1,season_shift,-0.00582
MED00409,1,season_shift,-0.00285
MED00410,1,season_shift,-0.00254
MED00411,1,season_shift,-0.00223
MED00412,1,season_shift,-0.00592
MED00413,1,season_shift,-0.00882
MED00414,1,season_shift,-0.00291
MED00415,1,season_shift,-0.00742
MED00416,1,season_shift,-0.00396
MED00417,1,season_shift,-0.00318
MED00418,1,season_shift,-0.00642
MED00419,1,season_shift,-0.00292
MED00420,1,season_shift,-0.00201
MED00421,1,season_shift,-0.00379
MED00422,1,season_shift,-0.0059
MED00423,1,season_shift,-0.00469
MED00424,1,season_shift,-0.00082
MED00001,2,season_shift,-0.00672
MED00002,2,season_shift,0.005
MED00003,2,season_shift,0.0023
MED00004,2,season_shift,-0.00165
MED00005,2,season_shift,-0.00677
MED00006,2,season_shift,0.00079
MED00007,2,season_shift,-0.00514
MED00008,2,season_shift,-0.00087
MED00009,2,season_shift,-0.00675
MED00010,2,season_shift,-0.0031
MED00011,2,season_shift,-0.00137
MED00012,2,season_shift,-0.00123
MED00013,2,season_shift,-0.0031
MED00014,2,season_shift,-0.00733
MED00015,2,season_shift,-0.00098
MED00016,2,season_shift,-0.00328
MED00017,2,season_shift,-0.00244
MED00018,2,season_shift,-0.00088
MED00019,2,season_shift,-0.00119
MED00020,2,season_shift,-0.00369
MED00021,2,season_shift,-0.00172
MED00022,2,season_shift,-0.00376
MED00023,2,season_shift,-0.00125
MED00024,2,season_shift,-0.004
MED00025,2,season_shift,0.0023
MED00026,2,season_shift,0.00467
MED00027,2,season_shift,0.00837
MED00028,2,season_shift,-0.00135
MED00029,2,season_shift,-0.00317
MED00030,2,season_shift,-0.00308
MED00031,2,season_shift,-0.0068
MED00032,2,season_shift,-0.00266
MED00033,2,season_shift,-0.00309
MED00034,2,season_shift,-0.00402
MED00035,2,season_shift,0.00115
MED00036,2,season_shift,-0.00121
MED00037,2,season_shift,-0.00172
MED00038,2,season_shift,-0.00177
MED00039,2,season_shift,-0.00345
MED00040,2,season_shift,-0.00056
MED00041,2,season_shift,-0.00022
MED00042,2,season_shift,-0.00486
MED00043,2,season_shift,-0.00261
MED00044,2,season_shift,-0.00214
MED00046,2,season_shift,-0.00401
MED00047,2,season_shift,-0.00183
MED00048,2,season_shift,-0.00242
MED00049,2,season_shift,0.00895
MED00050,2,season_shift,-0.00393
MED00051,2,season_shift,0.00642
MED00052,2,season_shift,-0.00167
MED00053,2,season_shift,-0.00112
MED00054,2,season_shift,-0.00146
MED00055,2,season_shift,-0.00137
MED00056,2,season_shift,-0.00124
MED00057,2,season_shift,-0.00133
MED00058,2,season_shift,0.00101
MED00059,2,season_shift,-0.00206
MED00060,2,season_shift,-0.00473
MED00061,2,season_shift,-0.00087
MED00062,2,season_shift,-0.00848
MED00063,2,season_shift,0.00943
MED00064,2,season_shift,-0.0011
MED00065,2,season_shift,-0.00184
MED00066,2,season_shift,-0.00131
MED00067,2,season_shift,-0.00301
MED00068,2,season_shift,-0.00325
MED00069,2,season_shift,-0.00281
MED00070,2,season_shift,-0.00283
MED00071,2,season_shift,-0.00195
MED00072,2,season_shift,-0.00277
MED00073,2,season_shift,-0.00366
MED00074,2,season_shift,-0.00414
MED00075,2,season_shift,-0.00296
MED00076,2,season_shift,0.00283
MED00077,2,season_shift,-0.00646
MED00078,2,season_shift,-0.0032
MED00079,2,season_shift,-0.00295
MED00080,2,season_shift,-0.00368
MED00081,2,season_shift,-0.00327
MED00082,2,season_shift,-0.00291
MED00083,2,season_shift,-0.00364
MED00084,2,season_shift,-0.00196
MED00085,2,season_shift,-0.00225
MED00086,2,season_shift,0.01044
MED00087,2,season_shift,-0.00105
MED00088,2,season_shift,-0.00259
MED00089,2,season_shift,-0.00395
MED00090,2,season_shift,-0.00304
MED00091,2,season_shift,-0.0033
MED00092,2,season_shift,-0.00166
MED00093,2,season_shift,0.00353
MED00094,2,season_shift,-0.00111
MED00095,2,season_shift,-0.00334
MED00096,2,season_shift,-0.00711
MED00097,2,season_shift,-0.00227
MED00098,2,season_shift,-0.00141
MED00099,2,season_shift,0.00844
MED00100,2,season_shift,0.00559
MED00101,2,season_shift,-0.00317
MED00102,2,season_shift,-0.00291
MED00103,2,season_shift,-0.00201
MED00104,2,season_shift,-0.00127
MED00105,2,season_shift,-0.0015
MED00106,2,season_shift,0.00976
MED00107,2,season_shift,-0.0015
MED00108,2,season_shift,-0.00331
MED00109,2,season_shift,-0.00017
MED00110,2,season_shift,0.00071
MED00111,2,season_shift,-0.00061
MED00112,2,season_shift,-0.00408
MED00113,2,season_shift,-0.00104
MED00114,2,season_shift,-0.00292
MED00115,2,season_shift,-0.00089
MED00116,2,season_shift,-0.00155
MED00117,2,season_shift,-0.00224
MED00118,2,season_shift,-0.00145
MED00119,2,season_shift,-0.0013
MED00120,2,season_shift,-0.00468
MED00121,2,season_shift,-0.00231
MED00122,2,season_shift,-0.00279
MED00123,2,season_shift,-0.00071
MED00124,2,season_shift,-0.00139
MED00125,2,season_shift,0.00226
MED00126,2,season_shift,0.0044
MED00127,2,season_shift,-0.00314
MED00128,2,season_shift,-0.00126
MED00129,2,season_shift,-0.0022
MED00130,2,season_shift,0.00935
MED00131,2,season_shift,-0.00217
MED00132,2,season_shift,0.00015
MED00133,2,season_shift,-0.0012
MED00134,2,season_shift,0.00167
MED00135,2,season_shift,-0.00551
MED00136,2,season_shift,-0.00321
MED00137,2,season_shift,-0.00304
MED00138,2,season_shift,-0.00146
MED00139,2,season_shift,-0.00275
MED00140,2,season_shift,-0.00093
MED00141,2,season_shift,-0.00137
MED00142,2,season_shift,-0.00017
MED00143,2,season_shift,-0.00106
MED00144,2,season_shift,-0.00131
MED00145,2,season_shift,-0.00058
MED00146,2,season_shift,-0.00612
MED00147,2,season_shift,-0.00281
MED00148,2,season_shift,-0.00551
MED00149,2,season_shift,-0.00444
MED00150,2,season_shift,-0.00296
MED00151,2,season_shift,-0.00133
MED00152,2,season_shift,-0.00182
MED00153,2,season_shift,-0.00184
MED00154,2,season_shift,-0.0044
MED00155,2,season_shift,-0.00116
MED00156,2,season_shift,-0.0039
MED00157,2,season_shift,-0.00233
MED00158,2,season_shift,0.00336
MED00159,2,season_shift,-0.00271
MED00160,2,season_shift,-0.00461
MED00161,2,season_shift,-0.00234
MED00162,2,season_shift,-0.00078
MED00163,2,season_shift,-0.0019
MED00164,2,season_shift,-0.00206
MED00165,2,season_shift,-0.00081
MED00166,2,season_shift,-0.00093
MED00167,2,season_shift,-0.00095
MED00168,2,season_shift,-0.00174
MED00169,2,season_shift,-0.00213
MED00170,2,season_shift,-0.00137
MED00171,2,season_shift,-0.0015
MED00172,2,season_shift,-0.0029
MED00173,2,season_shift,-0.00358
MED00174,2,season_shift,-0.00448
MED00175,2,season_shift,-0.00099
MED00176,2,season_shift,-0.00464
MED00177,2,season_shift,0.00416
MED00178,2,season_shift,-0.00197
MED00179,2,season_shift,-0.00107
MED00180,2,season_shift,-0.0015
MED00181,2,season_shift,-0.00424
MED00182,2,season_shift,0.00509
MED00183,2,season_shift,-0.00309
MED00184,2,season_shift,-0.00182
MED00185,2,season_shift,-0.00438
MED00186,2,season_shift,-0.00104
MED00187,2,season_shift,-0.00333
MED00188,2,season_shift,-0.00475
MED00189,2,season_shift,0.0059
MED00190,2,season_shift,-0.00264
MED00191,2,season_shift,-0.00205
MED00192,2,season_shift,0.00065
MED00193,2,season_shift,0.00809
MED00194,2,season_shift,-0.00105
MED00195,2,season_shift,-0.00022
MED00197,2,season_shift,-0.00035
MED00198,2,season_shift,-0.00071
MED00199,2,season_shift,-0.00375
MED00200,2,season_shift,-0.0016
MED00201,2,season_shift,-0.00317
MED00202,2,season_shift,-0.00172
MED00203,2,season_shift,-0.00367
MED00204,2,season_shift,-0.00094
MED00205,2,season_shift,-0.00185
MED00206,2,season_shift,-0.00436
MED00207,2,season_shift,-0.0023
MED00208,2,season_shift,-0.00188
MED00209,2,season_shift,-0.00272
MED00210,2,season_shift,-0.00417
MED00211,2,season_shift,-0.00267
MED00212,2,season_shift,-0.00405
MED00213,2,season_shift,0.00967
MED00214,2,season_shift,-0.00214
MED00215,2,season_shift,-0.00164
MED00216,2,season_shift,0.00262
MED00217,2,season_shift,0.0034
MED00218,2,season_shift,-0.00205
MED00219,2,season_shift,-0.00501
MED00220,2,season_shift,-0.00107
MED00221,2,season_shift,-0.00397
MED00222,2,season_shift,0.00025
MED00223,2,season_shift,-0.00251
MED00224,2,season_shift,-0.00076
MED00225,2,season_shift,-0.00237
MED00226,2,season_shift,-0.00483
MED00227,2,season_shift,-0.00306
MED00228,2,season_shift,-0.00424
MED00229,2,season_shift,0.00084
MED00230,2,season_shift,-0.00355
MED00231,2,season_shift,0.0004
MED00232,2,season_shift,-0.00184
MED00233,2,season_shift,-0.00174
MED00234,2,season_shift,-0.00156
MED00235,2,season_shift,-0.00139
MED00236,2,season_shift,-0.00277
MED00237,2,season_shift,-0.00233
MED00238,2,season_shift,-0.00215
MED00239,2,season_shift,-0.00308
MED00240,2,season_shift,-0.00328
MED00241,2,season_shift,-0.00112
MED00242,2,season_shift,-0.00032
MED00243,2,season_shift,0.00516
MED00244,2,season_shift,-0.00221
MED00245,2,season_shift,-0.00091
MED00246,2,season_shift,-0.00158
MED00247,2,season_shift,-0.00179
MED00248,2,season_shift,-0.00243
MED00249,2,season_shift,-0.0017
MED00250,2,season_shift,-0.00187
MED00251,2,season_shift,-0.00294
MED00252,2,season_shift,0.005
MED00253,2,season_shift,-0.00216
MED00254,2,season_shift,0.00505
MED00255,2,season_shift,-0.00201
MED00256,2,season_shift,-0.00367
MED00257,2,season_shift,-0.00152
MED00258,2,season_shift,-0.00235
MED00259,2,season_shift,-0.00247
MED00260,2,season_shift,-0.00097
MED00261,2,season_shift,-0.00045
MED00262,2,season_shift,-0.00315
MED00263,2,season_shift,-0.00353
MED00264,2,season_shift,0.00058
MED00265,2,season_shift,-0.00185
MED00266,2,season_shift,-0.00502
MED00267,2,season_shift,-0.00237
MED00268,2,season_shift,-0.00124
MED00269,2,season_shift,-0.00246
MED00270,2,season_shift,-0.00222
MED00271,2,season_shift,-0.00433
MED00272,2,season_shift,-0.00699
MED00273,2,season_shift,-0.00717
MED00274,2,season_shift,-0.00026
MED00275,2,season_shift,-0.00669
MED00276,2,season_shift,-0.00182
MED00277,2,season_shift,0.00589
MED00278,2,season_shift,-0.00164
MED00279,2,season_shift,-0.00459
MED00280,2,season_shift,0.00191
MED00281,2,season_shift,-0.00769
MED00282,2,season_shift,-0.00829
MED00283,2,season_shift,-0.00424
MED00284,2,season_shift,-0.00196
MED00285,2,season_shift,-0.00183
MED00286,2,season_shift,-0.00495
MED00287,2,season_shift,-0.00346
MED00288,2,season_shift,-0.00149
MED00289,2,season_shift,-0.00234
MED00290,2,season_shift,-0.00169
MED00291,2,season_shift,-0.00265
MED00292,2,season_shift,-0.00242
MED00293,2,season_shift,-0.00513
MED00294,2,season_shift,-0.00569
MED00295,2,season_shift,0.0028
MED00296,2,season_shift,-0.00252
MED00297,2,season_shift,-0.00195
MED00298,2,season_shift,-0.00245
MED00300,2,season_shift,-0.0018
MED00301,2,season_shift,-0.00185
MED00302,2,season_shift,-0.00229
MED00303,2,season_shift,-0.00489
MED00304,2,season_shift,-0.00236
MED00305,2,season_shift,-0.00143
MED00306,2,season_shift,0.00222
MED00307,2,season_shift,-0.00212
MED00308,2,season_shift,-0.0011
MED00309,2,season_shift,-0.00358
MED00310,2,season_shift,-0.007
MED00311,2,season_shift,-0.00388
MED00312,2,season_shift,-0.00196
MED00313,2,season_shift,-0.0005
MED00314,2,season_shift,-0.00375
MED00315,2,season_shift,-0.00144
MED00316,2,season_shift,-0.00216
MED00317,2,season_shift,-0.00393
MED00318,2,season_shift,-0.00182
MED00319,2,season_shift,-0.00182
MED00320,2,season_shift,-0.00493
MED00321,2,season_shift,-0.00256
MED00322,2,season_shift,0.00903
MED00323,2,season_shift,-0.00263
MED00324,2,season_shift,-0.00217
MED00325,2,season_shift,-0.00126
MED00326,2,season_shift,-0.00158
MED00327,2,season_shift,-0.00313
MED00328,2,season_shift,-0.00236
MED00329,2,season_shift,-0.00191
MED00330,2,season_shift,-0.00249
MED00331,2,season_shift,-0.00167
MED00332,2,season_shift,-0.00309
MED00333,2,season_shift,-0.00255
MED00334,2,season_shift,-0.00249
MED00335,2,season_shift,-0.00301
MED00336,2,season_shift,-0.00134
MED00337,2,season_shift,-0.0022
MED00338,2,season_shift,-0.0047
MED00339,2,season_shift,-0.00198
MED00340,2,season_shift,-0.00155
MED00341,2,season_shift,-0.00182
MED00342,2,season_shift,-0.00159
MED00343,2,season_shift,-0.00148
MED00344,2,season_shift,-0.00109
MED00345,2,season_shift,0.00942
MED00346,2,season_shift,-0.00139
MED00347,2,season_shift,0.00394
MED00348,2,season_shift,-0.00185
MED00349,2,season_shift,-0.00178
MED00350,2,season_shift,-0.00244
MED00351,2,season_shift,0.00104
MED00352,2,season_shift,0.00052
MED00353,2,season_shift,0.01083
MED00354,2,season_shift,-0.00137
MED00355,2,season_shift,-0.00236
MED00356,2,season_shift,-0.00246
MED00357,2,season_shift,0.00359
MED00358,2,season_shift,-0.00683
MED00359,2,season_shift,-0.00123
MED00360,2,season_shift,-0.00496
MED00361,2,season_shift,-0.00258
MED00362,2,season_shift,-0.00302
MED00363,2,season_shift,-0.00204
MED00364,2,season_shift,0.00662
MED00365,2,season_shift,-0.00112
MED00366,2,season_shift,-0.00176
MED00367,2,season_shift,-0.00118
MED00368,2,season_shift,-0.00461
MED00369,2,season_shift,-0.002
MED00370,2,season_shift,0.00035
MED00371,2,season_shift,-0.00624
MED00372,2,season_shift,0.00441
MED00373,2,season_shift,-0.00051
MED00374,2,season_shift,-0.00374
MED00375,2,season_shift,-0.0062
MED00376,2,season_shift,-0.00233
MED00377,2,season_shift,-0.00368
MED00378,2,season_shift,-0.00177
MED00379,2,season_shift,-0.0027
MED00380,2,season_shift,0.00063
MED00381,2,season_shift,-0.00244
MED00382,2,season_shift,-0.00255
MED00383,2,season_shift,-0.00145
MED00384,2,season_shift,-0.00111
MED00385,2,season_shift,-0.00479
MED00386,2,season_shift,-0.0055
MED00387,2,season_shift,-0.00422
MED00388,2,season_shift,-0.00422
MED00389,2,season_shift,-0.00156
MED00390,2,season_shift,-0.00063
MED00391,2,season_shift,-0.00501
MED00392,2,season_shift,-0.00323
MED00393,2,season_shift,-0.00858
MED00394,2,season_shift,-0.00884
MED00395,2,season_shift,-0.00622
MED00396,2,season_shift,-0.00081
MED00397,2,season_shift,-0.00154
MED00398,2,season_shift,-0.00089
MED00399,2,season_shift,-0.00133
MED00400,2,season_shift,-0.00115
MED00401,2,season_shift,-0.00527
MED00402,2,season_shift,-0.00333
MED00403,2,season_shift,-0.00222
MED00404,2,season_shift,-0.00231
MED00405,2,season_shift,-0.00201
MED00406,2,season_shift,-0.00248
MED00407,2,season_shift,-0.00241
MED00408,2,season_shift,-0.00575
MED00409,2,season_shift,-0.00291
MED00410,2,season_shift,-0.00261
MED00411,2,season_shift,-0.0021
MED00412,2,season_shift,-0.00588
MED00413,2,season_shift,-0.00877
MED00414,2,season_shift,-0.00291
MED00415,2,season_shift,-0.00733
MED00416,2,season_shift,-0.0039
MED00417,2,season_shift,-0.00312
MED00418,2,season_shift,-0.00634
MED00419,2,season_shift,-0.00287
MED00420,2,season_shift,-0.00184
MED00421,2,season_shift,-0.00377
MED00422,2,season_shift,-0.00586
MED00423,2,season_shift,-0.00464
MED00424,2,season_shift,-0.00039
MED00001,3,season_shift,-0.00671
MED00002,3,season_shift,0.00554
MED00003,3,season_shift,0.00336
MED00004,3,season_shift,-0.00165
MED00005,3,season_shift,-0.00675
MED00006,3,season_shift,0.0008
MED00007,3,season_shift,-0.00513
MED00008,3,season_shift,-0.00085
MED00009,3,season_shift,-0.00677
MED00010,3,season_shift,-0.0031
MED00011,3,season_shift,-0.00136
MED00012,3,season_shift,-0.00122
MED00013,3,season_shift,-0.0031
MED00014,3,season_shift,-0.00733
MED00015,3,season_shift,-0.00103
MED00016,3,season_shift,-0.00328
MED00017,3,season_shift,-0.00243
MED00018,3,season_shift,-0.0009
MED00019,3,season_shift,-0.00119
MED00020,3,season_shift,-0.00379
MED00021,3,season_shift,-0.00172
MED00022,3,season_shift,-0.00375
MED00023,3,season_shift,-0.00109
MED00024,3,season_shift,-0.00399
MED00025,3,season_shift,0.00267
MED00026,3,season_shift,0.00574
MED00027,3,season_shift,0.00892
MED00028,3,season_shift,-0.00133
MED00029,3,season_shift,-0.00317
MED00030,3,season_shift,-0.00308
MED00031,3,season_shift,-0.00679
MED00032,3,season_shift,-0.00266
MED00033,3,season_shift,-0.00307
MED00034,3,season_shift,-0.00401
MED00035,3,season_shift,0.00124
MED00036,3,season_shift,-0.0012
MED00037,3,season_shift,-0.00172
MED00038,3,season_shift,-0.00177
MED00039,3,season_shift,-0.00283
MED00040,3,season_shift,-0.00053
MED00041,3,season_shift,-0.00033
MED00042,3,season_shift,-0.00486
MED00043,3,season_shift,-0.0026
MED00044,3,season_shift,-0.00208
MED00046,3,season_shift,-0.00399
MED00047,3,season_shift,-0.00183
MED00048,3,season_shift,-0.00243
MED00049,3,season_shift,0.00949
MED00050,3,season_shift,-0.00393
MED00051,3,season_shift,0.00696
MED00052,3,season_shift,-0.00181
MED00053,3,season_shift,-0.00096
MED00054,3,season_shift,-0.0013
MED00055,3,season_shift,-0.00128
MED00056,3,season_shift,-0.00107
MED00057,3,season_shift,-0.00117
MED00058,3,season_shift,0.00101
MED00059,3,season_shift,-0.00191
MED00060,3,season_shift,-0.00473
MED00061,3,season_shift,-0.00086
MED00062,3,season_shift,-0.00792
MED00063,3,season_shift,0.00997
MED00064,3,season_shift,-0.0011
MED00065,3,season_shift,-0.00183
MED00066,3,season_shift,-0.0013
MED00067,3,season_shift,-0.00301
MED00068,3,season_shift,-0.00324
MED00069,3,season_shift,-0.00222
MED00070,3,season_shift,-0.00284
MED00071,3,season_shift,-0.00193
MED00072,3,season_shift,-0.00275
MED00073,3,season_shift,-0.00363
MED00074,3,season_shift,-0.00412
MED00075,3,season_shift,-0.00279
MED00076,3,season_shift,0.00232
MED00077,3,season_shift,-0.00631
MED00078,3,season_shift,-0.0058
MED00079,3,season_shift,-0.00295
MED00080,3,season_shift,-0.00366
MED00081,3,season_shift,-0.00326
MED00082,3,season_shift,-0.0029
MED00083,3,season_shift,-0.00362
MED00084,3,season_shift,-0.002
MED00085,3,season_shift,-0.00225
MED00086,3,season_shift,0.01158
MED00087,3,season_shift,-0.00104
MED00088,3,season_shift,-0.00254
MED00089,3,season_shift,-0.00394
MED00090,3,season_shift,-0.00289
MED00091,3,season_shift,-0.00328
MED00092,3,season_shift,-0.00165
MED00093,3,season_shift,0.00386
MED00094,3,season_shift,-0.00109
MED00095,3,season_shift,-0.00333
MED00096,3,season_shift,-0.0071
MED00097,3,season_shift,-0.00165
MED00098,3,season_shift,-0.00141
MED00099,3,season_shift,0.00899
MED00100,3,season_shift,0.00612
MED00101,3,season_shift,-0.00317
MED00102,3,season_shift,-0.0029
MED00103,3,season_shift,-0.00201
MED00104,3,season_shift,-0.00126
MED00105,3,season_shift,-0.00153
MED00106,3,season_shift,0.00969
MED00107,3,season_shift,-0.0015
MED00108,3,season_shift,-0.00331
MED00109,3,season_shift,-0.00035
MED00110,3,season_shift,0.00071
MED00111,3,season_shift,-0.00061
MED00112,3,season_shift,-0.00407
MED00113,3,season_shift,-0.00104
MED00114,3,season_shift,-0.00291
MED00115,3,season_shift,-0.00089
MED00116,3,season_shift,-0.00154
MED00117,3,season_shift,-0.00224
MED00118,3,season_shift,-0.00145
MED00119,3,season_shift,-0.00129
MED00120,3,season_shift,-0.00467
MED00121,3,season_shift,-0.0023
MED00122,3,season_shift,-0.00278
MED00123,3,season_shift,-0.00064
MED00124,3,season_shift,-0.00139
MED00125,3,season_shift,0.00182
MED00126,3,season_shift,0.00437
MED00127,3,season_shift,-0.00314
MED00128,3,season_shift,-0.00126
MED00129,3,season_shift,-0.0022
MED00130,3,season_shift,0.00879
MED00131,3,season_shift,-0.00216
MED00132,3,season_shift,0.00017
MED00133,3,season_shift,-0.00119
MED00134,3,season_shift,0.00167
MED00135,3,season_shift,-0.00551
MED00136,3,season_shift,-0.00324
MED00137,3,season_shift,-0.0032
MED00138,3,season_shift,-0.00145
MED00139,3,season_shift,-0.00273
MED00140,3,season_shift,-0.00093
MED00141,3,season_shift,-0.00136
MED00143,3,season_shift,-0.00114
MED00144,3,season_shift,-0.00133
MED00145,3,season_shift,-0.00056
MED00146,3,season_shift,-0.00612
MED00147,3,season_shift,-0.00281
MED00148,3,season_shift,-0.00552
MED00149,3,season_shift,-0.00444
MED00150,3,season_shift,-0.00271
MED00151,3,season_shift,-0.00132
MED00152,3,season_shift,-0.00181
MED00153,3,season_shift,-0.00184
MED00154,3,season_shift,-0.00439
MED00155,3,season_shift,-0.00115
MED00156,3,season_shift,-0.0039
MED00157,3,season_shift,-0.00233
MED00158,3,season_shift,0.00285
MED00159,3,season_shift,-0.00266
MED00160,3,season_shift,-0.00461
MED00161,3,season_shift,-0.00234
MED00162,3,season_shift,-0.00077
MED00163,3,season_shift,-0.00189
MED00164,3,season_shift,-0.00202
MED00165,3,season_shift,-0.00081
MED00166,3,season_shift,-0.00093
MED00167,3,season_shift,-0.00094
MED00168,3,season_shift,-0.00173
MED00169,3,season_shift,-0.00214
MED00170,3,season_shift,-0.00138
MED00171,3,season_shift,-0.0015
MED00172,3,season_shift,-0.00274
MED00173,3,season_shift,-0.00356
MED00174,3,season_shift,-0.00448
MED00175,3,season_shift,-0.0009
MED00176,3,season_shift,-0.00461
MED00177,3,season_shift,0.00523
MED00178,3,season_shift,-0.00196
MED00179,3,season_shift,-0.00107
MED00180,3,season_shift,-0.00153
MED00181,3,season_shift,-0.00424
MED00182,3,season_shift,0.00615
MED00183,3,season_shift,-0.00307
MED00184,3,season_shift,-0.00182
MED00185,3,season_shift,-0.00422
MED00186,3,season_shift,-0.00103
MED00187,3,season_shift,-0.00333
MED00188,3,season_shift,-0.00475
MED00189,3,season_shift,0.00644
MED00190,3,season_shift,-0.00264
MED00191,3,season_shift,-0.00205
MED00192,3,season_shift,0.00021
MED00193,3,season_shift,0.00864
MED00194,3,season_shift,-0.00104
MED00195,3,season_shift,-0.00022
MED00197,3,season_shift,-0.00034
MED00198,3,season_shift,-0.0007
MED00199,3,season_shift,-0.0036
MED00200,3,season_shift,-0.00159
MED00201,3,season_shift,-0.00317
MED00202,3,season_shift,-0.00172
MED00203,3,season_shift,-0.00366
MED00204,3,season_shift,-0.00091
MED00205,3,season_shift,-0.00185
MED00206,3,season_shift,-0.0042
MED00207,3,season_shift,-0.0023
MED00208,3,season_shift,-0.00191
MED00209,3,season_shift,-0.00272
MED00210,3,season_shift,-0.00408
MED00211,3,season_shift,-0.00267
MED00212,3,season_shift,-0.00404
MED00213,3,season_shift,0.00953
MED00214,3,season_shift,-0.00214
MED00215,3,season_shift,-0.00164
MED00216,3,season_shift,0.00299
MED00217,3,season_shift,0.00289
MED00218,3,season_shift,-0.00205
MED00219,3,season_shift,-0.005
MED00220,3,season_shift,-0.00106
MED00221,3,season_shift,-0.00397
MED00222,3,season_shift,0.00041
MED00223,3,season_shift,-0.00249
MED00224,3,season_shift,-0.00076
MED00225,3,season_shift,-0.00234
MED00226,3,season_shift,-0.00471
MED00227,3,season_shift,-0.00305
MED00228,3,season_shift,-0.00424
MED00229,3,season_shift,0.00095
MED00230,3,season_shift,-0.00354
MED00231,3,season_shift,0.0004
MED00232,3,season_shift,-0.00184
MED00233,3,season_shift,-0.00173
MED00234,3,season_shift,-0.00156
MED00235,3,season_shift,-0.00139
MED00236,3,season_shift,-0.00276
MED00237,3,season_shift,-0.00233
MED00238,3,season_shift,-0.00216
MED00239,3,season_shift,-0.00308
MED00240,3,season_shift,-0.00327
MED00241,3,season_shift,-0.00111
MED00242,3,season_shift,-0.00032
MED00243,3,season_shift,0.00571
MED00244,3,season_shift,-0.0022
MED00245,3,season_shift,-0.00091
MED00246,3,season_shift,-0.00158
MED00247,3,season_shift,-0.00181
MED00248,3,season_shift,-0.00242
MED00249,3,season_shift,-0.00168
MED00250,3,season_shift,-0.00184
MED00251,3,season_shift,-0.00294
MED00252,3,season_shift,0.00464
MED00253,3,season_shift,-0.00215
MED00254,3,season_shift,0.00468
MED00255,3,season_shift,-0.00198
MED00256,3,season_shift,-0.00369
MED00257,3,season_shift,-0.0015
MED00258,3,season_shift,-0.00235
MED00259,3,season_shift,-0.00246
MED00260,3,season_shift,-0.00097
MED00261,3,season_shift,-0.00044
MED00262,3,season_shift,-0.00313
MED00263,3,season_shift,-0.00353
MED00264,3,season_shift,0.00041
MED00265,3,season_shift,-0.00184
MED00266,3,season_shift,-0.00501
MED00267,3,season_shift,-0.00237
MED00268,3,season_shift,-0.00124
MED00269,3,season_shift,-0.00245
MED00270,3,season_shift,-0.00222
MED00271,3,season_shift,-0.00418
MED00272,3,season_shift,-0.00696
MED00273,3,season_shift,-0.00717
MED00274,3,season_shift,-0.00025
MED00275,3,season_shift,-0.00669
MED00276,3,season_shift,-0.00182
MED00277,3,season_shift,0.00644
MED00278,3,season_shift,-0.00164
MED00279,3,season_shift,-0.00459
MED00280,3,season_shift,0.00138
MED00281,3,season_shift,-0.00769
MED00282,3,season_shift,-0.00828
MED00283,3,season_shift,-0.00424
MED00284,3,season_shift,-0.00195
MED00285,3,season_shift,-0.00182
MED00286,3,season_shift,-0.00479
MED00287,3,season_shift,-0.00346
MED00288,3,season_shift,-0.00149
MED00289,3,season_shift,-0.00233
MED00290,3,season_shift,-0.00168
MED00291,3,season_shift,-0.00265
MED00292,3,season_shift,-0.00242
MED00293,3,season_shift,-0.00499
MED00294,3,season_shift,-0.00567
MED00295,3,season_shift,0.00229
MED00296,3,season_shift,-0.00252
MED00297,3,season_shift,-0.00194
MED00298,3,season_shift,-0.00238
MED00300,3,season_shift,-0.0018
MED00301,3,season_shift,-0.00185
MED00302,3,season_shift,-0.00233
MED00303,3,season_shift,-0.00488
MED00304,3,season_shift,-0.00223
MED00305,3,season_shift,-0.00143
MED00306,3,season_shift,0.00336
MED00307,3,season_shift,-0.00219
MED00308,3,season_shift,-0.00109
MED00309,3,season_shift,-0.00348
MED00310,3,season_shift,-0.00698
MED00311,3,season_shift,-0.00387
MED00312,3,season_shift,-0.00135
MED00313,3,season_shift,-0.00051
MED00314,3,season_shift,-0.00374
MED00315,3,season_shift,-0.00143
MED00316,3,season_shift,-0.00215
MED00317,3,season_shift,-0.00393
MED00318,3,season_shift,-0.00181
MED00319,3,season_shift,-0.00182
MED00320,3,season_shift,-0.00493
MED00321,3,season_shift,-0.00256
MED00322,3,season_shift,0.00966
MED00323,3,season_shift,-0.00201
MED00324,3,season_shift,-0.00213
MED00325,3,season_shift,-0.00126
MED00326,3,season_shift,-0.00157
MED00327,3,season_shift,-0.00313
MED00328,3,season_shift,-0.00236
MED00329,3,season_shift,-0.0019
MED00330,3,season_shift,-0.00243
MED00331,3,season_shift,-0.00166
MED00332,3,season_shift,-0.00308
MED00333,3,season_shift,-0.00248
MED00334,3,season_shift,-0.00249
MED00335,3,season_shift,-0.00292
MED00336,3,season_shift,-0.00134
MED00337,3,season_shift,-0.00223
MED00338,3,season_shift,-0.00469
MED00339,3,season_shift,-0.00197
MED00340,3,season_shift,-0.00146
MED00341,3,season_shift,-0.00182
MED00342,3,season_shift,-0.00159
MED00343,3,season_shift,-0.00148
MED00344,3,season_shift,-0.00108
MED00345,3,season_shift,0.00997
MED00346,3,season_shift,-0.00139
MED00347,3,season_shift,0.00351
MED00348,3,season_shift,-0.00185
MED00349,3,season_shift,-0.00178
MED00350,3,season_shift,-0.00244
MED00351,3,season_shift,0.00105
MED00352,3,season_shift,0.00052
MED00353,3,season_shift,0.01084
MED00354,3,season_shift,-0.0013
MED00355,3,season_shift,-0.0022
MED00356,3,season_shift,-0.00245
MED00357,3,season_shift,0.00308
MED00358,3,season_shift,-0.00683
MED00359,3,season_shift,-0.00123
MED00360,3,season_shift,-0.00458
MED00361,3,season_shift,-0.00258
MED00362,3,season_shift,-0.00302
MED00363,3,season_shift,-0.00204
MED00364,3,season_shift,0.00715
MED00365,3,season_shift,-0.00111
MED00366,3,season_shift,-0.00175
MED00367,3,season_shift,-0.00117
MED00368,3,season_shift,-0.0046
MED00369,3,season_shift,-0.00212
MED00370,3,season_shift,0.00039
MED00371,3,season_shift,-0.00623
MED00372,3,season_shift,0.00494
MED00373,3,season_shift,-0.0005
MED00374,3,season_shift,-0.00373
MED00375,3,season_shift,-0.0062
MED00376,3,season_shift,-0.00233
MED00377,3,season_shift,-0.00448
MED00378,3,season_shift,-0.00177
MED00379,3,season_shift,-0.0027
MED00380,3,season_shift,0.00075
MED00381,3,season_shift,-0.00259
MED00382,3,season_shift,-0.00254
MED00383,3,season_shift,-0.00145
MED00384,3,season_shift,-0.0011
MED00385,3,season_shift,-0.00478
MED00386,3,season_shift,-0.00549
MED00387,3,season_shift,-0.00423
MED00388,3,season_shift,-0.00431
MED00389,3,season_shift,-0.00154
MED00390,3,season_shift,-0.00062
MED00391,3,season_shift,-0.005
MED00392,3,season_shift,-0.00315
MED00393,3,season_shift,-0.00857
MED00394,3,season_shift,-0.00884
MED00395,3,season_shift,-0.00622
MED00396,3,season_shift,-0.00081
MED00397,3,season_shift,-0.00154
MED00398,3,season_shift,-0.00088
MED00399,3,season_shift,-0.00132
MED00400,3,season_shift,-0.00115
MED00401,3,season_shift,-0.00524
MED00402,3,season_shift,-0.00316
MED00403,3,season_shift,-0.00221
MED00404,3,season_shift,-0.0023
MED00405,3,season_shift,-0.00203
MED00406,3,season_shift,-0.00248
MED00407,3,season_shift,-0.00224
MED00408,3,season_shift,-0.00571
MED00409,3,season_shift,-0.00275
MED00410,3,season_shift,-0.00244
MED00411,3,season_shift,-0.00209
MED00412,3,season_shift,-0.00585
MED00413,3,season_shift,-0.00877
MED00414,3,season_shift,-0.00283
MED00415,3,season_shift,-0.00731
MED00416,3,season_shift,-0.00389
MED00417,3,season_shift,-0.00312
MED00418,3,season_shift,-0.00634
MED00419,3,season_shift,-0.00286
MED00420,3,season_shift,-0.00169
MED00421,3,season_shift,-0.00363
MED00422,3,season_shift,-0.00585
MED00423,3,season_shift,-0.00463
MED00424,3,season_shift,-0.00038
MED00001,4,season_shift,-0.0067
MED00002,4,season_shift,0.00549
MED00003,4,season_shift,0.00337
MED00004,4,season_shift,-0.00164
MED00005,4,season_shift,-0.00691
MED00006,4,season_shift,0.00082
MED00007,4,season_shift,-0.00512
MED00008,4,season_shift,-0.00084
MED00009,4,season_shift,-0.00676
MED00010,4,season_shift,-0.00309
MED00011,4,season_shift,-0.00134
MED00012,4,season_shift,-0.0012
MED00013,4,season_shift,-0.00309
MED00014,4,season_shift,-0.00726
MED00015,4,season_shift,-0.00103
MED00016,4,season_shift,-0.00328
MED00017,4,season_shift,-0.00241
MED00018,4,season_shift,-0.00088
MED00019,4,season_shift,-0.00118
MED00020,4,season_shift,-0.00381
MED00021,4,season_shift,-0.0017
MED00022,4,season_shift,-0.00373
MED00023,4,season_shift,-0.00108
MED00024,4,season_shift,-0.00396
MED00025,4,season_shift,0.00272
MED00026,4,season_shift,0.00579
MED00027,4,season_shift,0.00897
MED00028,4,season_shift,-0.00133
MED00029,4,season_shift,-0.00316
MED00030,4,season_shift,-0.00299
MED00031,4,season_shift,-0.00579
MED00032,4,season_shift,-0.00263
MED00033,4,season_shift,-0.00323
MED00034,4,season_shift,-0.00399
MED00035,4,season_shift,0.00125
MED00036,4,season_shift,-0.00133
MED00037,4,season_shift,-0.00171
MED00038,4,season_shift,-0.00177
MED00039,4,season_shift,-0.0028
MED00040,4,season_shift,-0.00053
MED00041,4,season_shift,-0.00031
MED00042,4,season_shift,-0.00483
MED00043,4,season_shift,-0.00267
MED00044,4,season_shift,-0.00148
MED00046,4,season_shift,-0.00388
MED00047,4,season_shift,-0.00182
MED00048,4,season_shift,-0.00242
MED00049,4,season_shift,0.0095
MED00050,4,season_shift,-0.00391
MED00051,4,season_shift,0.00678
MED00052,4,season_shift,-0.00181
MED00053,4,season_shift,-0.00096
MED00054,4,season_shift,-0.0013
MED00055,4,season_shift,-0.00124
MED00056,4,season_shift,-0.00107
MED00057,4,season_shift,-0.00116
MED00058,4,season_shift,0.00103
MED00059,4,season_shift,-0.00188
MED00060,4,season_shift,-0.0047
MED00061,4,season_shift,-0.00085
MED00062,4,season_shift,-0.00791
MED00063,4,season_shift,0.00998
MED00064,4,season_shift,-0.00107
MED00065,4,season_shift,-0.00181
MED00066,4,season_shift,-0.00131
MED00067,4,season_shift,-0.00316
MED00068,4,season_shift,-0.00314
MED00069,4,season_shift,-0.00221
MED00070,4,season_shift,-0.00283
MED00071,4,season_shift,-0.00192
MED00072,4,season_shift,-0.00274
MED00073,4,season_shift,-0.00361
MED00074,4,season_shift,-0.00401
MED00075,4,season_shift,-0.00278
MED00076,4,season_shift,0.00232
MED00077,4,season_shift,-0.00627
MED00078,4,season_shift,-0.00579
MED00079,4,season_shift,-0.00292
MED00080,4,season_shift,-0.00362
MED00081,4,season_shift,-0.00336
MED00082,4,season_shift,-0.00288
MED00083,4,season_shift,-0.00351
MED00084,4,season_shift,-0.002
MED00085,4,season_shift,-0.00224
MED00086,4,season_shift,0.0116
MED00087,4,season_shift,-0.00102
MED00088,4,season_shift,-0.00252
MED00089,4,season_shift,-0.00413
MED00090,4,season_shift,-0.00288
MED00091,4,season_shift,-0.00326
MED00092,4,season_shift,-0.00164
MED00093,4,season_shift,0.00393
MED00094,4,season_shift,-0.00107
MED00095,4,season_shift,-0.00332
MED00096,4,season_shift,-0.00709
MED00097,4,season_shift,-0.00163
MED00098,4,season_shift,-0.00138
MED00099,4,season_shift,0.00904
MED00100,4,season_shift,0.00613
MED00101,4,season_shift,-0.00316
MED00102,4,season_shift,-0.0029
MED00103,4,season_shift,-0.00198
MED00104,4,season_shift,-0.00125
MED00105,4,season_shift,-0.00151
MED00106,4,season_shift,0.00921
MED00107,4,season_shift,-0.00148
MED00108,4,season_shift,-0.0033
MED00109,4,season_shift,-0.00032
MED00110,4,season_shift,0.00074
MED00111,4,season_shift,-0.00065
MED00112,4,season_shift,-0.00405
MED00113,4,season_shift,-0.00103
MED00114,4,season_shift,-0.0029
MED00115,4,season_shift,-0.00089
MED00116,4,season_shift,-0.00152
MED00117,4,season_shift,-0.00223
MED00118,4,season_shift,-0.00144
MED00119,4,season_shift,-0.00127
MED00120,4,season_shift,-0.00466
MED00121,4,season_shift,-0.00229
MED00122,4,season_shift,-0.00279
MED00123,4,season_shift,-0.00061
MED00124,4,season_shift,-0.00137
MED00125,4,season_shift,0.00183
MED00126,4,season_shift,0.00438
MED00127,4,season_shift,-0.00312
MED00128,4,season_shift,-0.00123
MED00129,4,season_shift,-0.00218
MED00130,4,season_shift,0.0088
MED00131,4,season_shift,-0.00214
MED00132,4,season_shift,-0.00035
MED00133,4,season_shift,-0.00116
MED00134,4,season_shift,0.00168
MED00135,4,season_shift,-0.00549
MED00136,4,season_shift,-0.00331
MED00137,4,season_shift,-0.00344
MED00138,4,season_shift,-0.0014
MED00139,4,season_shift,-0.00271
MED00140,4,season_shift,-0.00101
MED00141,4,season_shift,-0.00134
MED00143,4,season_shift,-0.00111
MED00144,4,season_shift,-0.00129
MED00145,4,season_shift,-0.00056
MED00146,4,season_shift,-0.00611
MED00147,4,season_shift,-0.00222
MED00148,4,season_shift,-0.00546
MED00149,4,season_shift,-0.00441
MED00150,4,season_shift,-0.00212
MED00151,4,season_shift,-0.00131
MED00152,4,season_shift,-0.00179
MED00153,4,season_shift,-0.00165
MED00154,4,season_shift,-0.00438
MED00155,4,season_shift,-0.00114
MED00156,4,season_shift,-0.00389
MED00157,4,season_shift,-0.00232
MED00158,4,season_shift,0.0029
MED00159,4,season_shift,-0.00264
MED00160,4,season_shift,-0.00458
MED00161,4,season_shift,-0.00227
MED00162,4,season_shift,-0.00067
MED00163,4,season_shift,-0.0018
MED00164,4,season_shift,-0.00198
MED00165,4,season_shift,-0.00058
MED00166,4,season_shift,-0.0009
MED00167,4,season_shift,-0.00095
MED00168,4,season_shift,-0.00171
MED00169,4,season_shift,-0.00197
MED00170,4,season_shift,-0.00136
MED00171,4,season_shift,-0.00143
MED00172,4,season_shift,-0.00264
MED00173,4,season_shift,-0.00354
MED00174,4,season_shift,-0.00445
MED00175,4,season_shift,-0.00086
MED00176,4,season_shift,-0.00458
MED00177,4,season_shift,0.00528
MED00178,4,season_shift,-0.00195
MED00179,4,season_shift,-0.00102
MED00180,4,season_shift,-0.00151
MED00181,4,season_shift,-0.00421
MED00182,4,season_shift,0.00621
MED00183,4,season_shift,-0.00305
MED00184,4,season_shift,-0.00181
MED00185,4,season_shift,-0.00419
MED00186,4,season_shift,-0.00101
MED00187,4,season_shift,-0.00323
MED00188,4,season_shift,-0.00474
MED00189,4,season_shift,0.00652
MED00190,4,season_shift,-0.00262
MED00191,4,season_shift,-0.00204
MED00192,4,season_shift,-0.00115
MED00193,4,season_shift,0.00859
MED00194,4,season_shift,-0.00104
MED00195,4,season_shift,-0.00022
MED00197,4,season_shift,-0.00034
MED00198,4,season_shift,-0.00068
MED00199,4,season_shift,-0.00359
MED00200,4,season_shift,-0.00157
MED00201,4,season_shift,-0.00316
MED00202,4,season_shift,-0.0017
MED00203,4,season_shift,-0.00365
MED00204,4,season_shift,-0.00092
MED00205,4,season_shift,-0.00182
MED00206,4,season_shift,-0.00419
MED00207,4,season_shift,-0.00227
MED00208,4,season_shift,-0.00194
MED00209,4,season_shift,-0.00271
MED00210,4,season_shift,-0.00404
MED00211,4,season_shift,-0.00264
MED00212,4,season_shift,-0.00404
MED00213,4,season_shift,0.00956
MED00214,4,season_shift,-0.00214
MED00215,4,season_shift,-0.00161
MED00216,4,season_shift,0.003
MED00217,4,season_shift,0.0029
MED00218,4,season_shift,-0.00203
MED00219,4,season_shift,-0.005
MED00220,4,season_shift,-0.00101
MED00221,4,season_shift,-0.00395
MED00222,4,season_shift,0.00044
MED00223,4,season_shift,-0.00248
MED00224,4,season_shift,-0.00074
MED00225,4,season_shift,-0.00233
MED00226,4,season_shift,-0.00409
MED00227,4,season_shift,-0.00305
MED00228,4,season_shift,-0.00366
MED00229,4,season_shift,0.00096
MED00230,4,season_shift,-0.00352
MED00231,4,season_shift,0.00041
MED00232,4,season_shift,-0.00181
MED00233,4,season_shift,-0.00171
MED00234,4,season_shift,-0.00155
MED00235,4,season_shift,-0.00138
MED00236,4,season_shift,-0.00275
MED00237,4,season_shift,-0.00222
MED00238,4,season_shift,-0.00213
MED00239,4,season_shift,-0.00303
MED00240,4,season_shift,-0.00325
MED00241,4,season_shift,-0.00109
MED00242,4,season_shift,-0.00032
MED00243,4,season_shift,0.00565
MED00244,4,season_shift,-0.00218
MED00245,4,season_shift,-0.00091
MED00246,4,season_shift,-0.00154
MED00247,4,season_shift,-0.0018
MED00248,4,season_shift,-0.0024
MED00249,4,season_shift,-0.00166
MED00250,4,season_shift,-0.00183
MED00251,4,season_shift,-0.00292
MED00252,4,season_shift,0.00465
MED00253,4,season_shift,-0.00213
MED00254,4,season_shift,0.00469
MED00255,4,season_shift,-0.00196
MED00256,4,season_shift,-0.00367
MED00257,4,season_shift,-0.00148
MED00258,4,season_shift,-0.00232
MED00259,4,season_shift,-0.00245
MED00260,4,season_shift,-0.00095
MED00261,4,season_shift,-0.00039
MED00262,4,season_shift,-0.00312
MED00263,4,season_shift,-0.00352
MED00264,4,season_shift,0.00044
MED00265,4,season_shift,-0.00181
MED00266,4,season_shift,-0.00499
MED00267,4,season_shift,-0.00234
MED00268,4,season_shift,-0.00123
MED00269,4,season_shift,-0.00243
MED00270,4,season_shift,-0.00221
MED00271,4,season_shift,-0.00417
MED00272,4,season_shift,-0.00695
MED00273,4,season_shift,-0.00716
MED00274,4,season_shift,-0.00017
MED00275,4,season_shift,-0.00668
MED00276,4,season_shift,-0.0018
MED00277,4,season_shift,0.00644
MED00278,4,season_shift,-0.00163
MED00279,4,season_shift,-0.00458
MED00280,4,season_shift,0.00134
MED00281,4,season_shift,-0.00768
MED00282,4,season_shift,-0.00827
MED00283,4,season_shift,-0.00422
MED00284,4,season_shift,-0.00184
MED00285,4,season_shift,-0.00181
MED00286,4,season_shift,-0.00476
MED00287,4,season_shift,-0.00345
MED00288,4,season_shift,-0.00146
MED00289,4,season_shift,-0.00226
MED00290,4,season_shift,-0.00166
MED00291,4,season_shift,-0.00262
MED00292,4,season_shift,-0.00235
MED00293,4,season_shift,-0.00495
MED00294,4,season_shift,-0.00556
MED00295,4,season_shift,0.00234
MED00296,4,season_shift,-0.00249
MED00297,4,season_shift,-0.00192
MED00298,4,season_shift,-0.00237
MED00300,4,season_shift,-0.00189
MED00301,4,season_shift,-0.00182
MED00302,4,season_shift,-0.00232
MED00303,4,season_shift,-0.00488
MED00304,4,season_shift,-0.00221
MED00305,4,season_shift,-0.0014
MED00306,4,season_shift,0.0034
MED00307,4,season_shift,-0.00218
MED00308,4,season_shift,-0.00107
MED00309,4,season_shift,-0.00343
MED00310,4,season_shift,-0.00697
MED00311,4,season_shift,-0.00386
MED00312,4,season_shift,-0.00133
MED00313,4,season_shift,-0.00048
MED00314,4,season_shift,-0.00372
MED00315,4,season_shift,-0.00142
MED00316,4,season_shift,-0.00223
MED00317,4,season_shift,-0.0039
MED00318,4,season_shift,-0.00178
MED00319,4,season_shift,-0.00179
MED00320,4,season_shift,-0.0049
MED00321,4,season_shift,-0.00256
MED00322,4,season_shift,0.00967
MED00323,4,season_shift,-0.00199
MED00324,4,season_shift,-0.00212
MED00325,4,season_shift,-0.0012
MED00326,4,season_shift,-0.00155
MED00327,4,season_shift,-0.00312
MED00328,4,season_shift,-0.00235
MED00329,4,season_shift,-0.00188
MED00330,4,season_shift,-0.00243
MED00331,4,season_shift,-0.00166
MED00332,4,season_shift,-0.00308
MED00333,4,season_shift,-0.00247
MED00334,4,season_shift,-0.00246
MED00335,4,season_shift,-0.00291
MED00336,4,season_shift,-0.00132
MED00337,4,season_shift,-0.0023
MED00338,4,season_shift,-0.00468
MED00339,4,season_shift,-0.00194
MED00340,4,season_shift,-0.00142
MED00341,4,season_shift,-0.0018
MED00342,4,season_shift,-0.00156
MED00343,4,season_shift,-0.00147
MED00344,4,season_shift,-0.00108
MED00345,4,season_shift,0.00998
MED00346,4,season_shift,-0.00136
MED00347,4,season_shift,0.00352
MED00348,4,season_shift,-0.00183
MED00349,4,season_shift,-0.00185
MED00350,4,season_shift,-0.00241
MED00351,4,season_shift,0.00104
MED00352,4,season_shift,0.00053
MED00353,4,season_shift,0.01085
MED00354,4,season_shift,-0.00143
MED00355,4,season_shift,-0.00219
MED00356,4,season_shift,-0.00244
MED00357,4,season_shift,0.00309
MED00358,4,season_shift,-0.00682
MED00359,4,season_shift,-0.00121
MED00360,4,season_shift,-0.00456
MED00361,4,season_shift,-0.00257
MED00362,4,season_shift,-0.00301
MED00363,4,season_shift,-0.0021
MED00364,4,season_shift,0.00718
MED00365,4,season_shift,-0.00109
MED00366,4,season_shift,-0.00174
MED00367,4,season_shift,-0.00115
MED00368,4,season_shift,-0.00459
MED00369,4,season_shift,-0.00211
MED00370,4,season_shift,0.00042
MED00371,4,season_shift,-0.00621
MED00372,4,season_shift,0.00495
MED00373,4,season_shift,-0.00041
MED00374,4,season_shift,-0.00373
MED00375,4,season_shift,-0.00619
MED00376,4,season_shift,-0.0023
MED00377,4,season_shift,-0.00427
MED00378,4,season_shift,-0.00175
MED00379,4,season_shift,-0.0027
MED00380,4,season_shift,0.00076
MED00381,4,season_shift,-0.0027
MED00382,4,season_shift,-0.00253
MED00383,4,season_shift,-0.00143
MED00384,4,season_shift,-0.0011
MED00385,4,season_shift,-0.00476
MED00386,4,season_shift,-0.00547
MED00387,4,season_shift,-0.00422
MED00388,4,season_shift,-0.00425
MED00389,4,season_shift,-0.00153
MED00390,4,season_shift,-0.00059
MED00391,4,season_shift,-0.00499
MED00392,4,season_shift,-0.00315
MED00393,4,season_shift,-0.00856
MED00394,4,season_shift,-0.00883
MED00395,4,season_shift,-0.00621
MED00396,4,season_shift,-0.0008
MED00397,4,season_shift,-0.00155
MED00398,4,season_shift,-0.00086
MED00399,4,season_shift,-0.0013
MED00400,4,season_shift,-0.00113
MED00401,4,season_shift,-0.00523
MED00402,4,season_shift,-0.00315
MED00403,4,season_shift,-0.0022
MED00404,4,season_shift,-0.00229
MED00405,4,season_shift,-0.00202
MED00406,4,season_shift,-0.00248
MED00407,4,season_shift,-0.00223
MED00408,4,season_shift,-0.00567
MED00409,4,season_shift,-0.00273
MED00410,4,season_shift,-0.00245
MED00411,4,season_shift,-0.00208
MED00412,4,season_shift,-0.00582
MED00413,4,season_shift,-0.00876
MED00414,4,season_shift,-0.0028
MED00415,4,season_shift,-0.0073
MED00416,4,season_shift,-0.00386
MED00417,4,season_shift,-0.00312
MED00418,4,season_shift,-0.00633
MED00419,4,season_shift,-0.00285
MED00420,4,season_shift,-0.00169
MED00421,4,season_shift,-0.00359
MED00422,4,season_shift,-0.00581
MED00423,4,season_shift,-0.00462
MED00424,4,season_shift,-0.00036
MED00001,5,season_shift,-0.00085
MED00002,5,season_shift,-0.02217
MED00003,5,season_shift,-0.02152
MED00004,5,season_shift,-0.00665
MED00005,5,season_shift,-0.00441
MED00006,5,season_shift,0.0056
MED00007,5,season_shift,0.00242
MED00008,5,season_shift,-0.00403
MED00009,5,season_shift,-0.00132
MED00010,5,season_shift,0.00082
MED00011,5,season_shift,-0.00187
MED00012,5,season_shift,0.00423
MED00013,5,season_shift,-0.00082
MED00014,5,season_shift,-0.00422
MED00015,5,season_shift,-0.00414
MED00016,5,season_shift,-0.00579
MED00017,5,season_shift,0.00291
MED00018,5,season_shift,0.00054
MED00019,5,season_shift,0.00081
MED00020,5,season_shift,-0.00335
MED00021,5,season_shift,-0.00449
MED00022,5,season_shift,-0.0096
MED00023,5,season_shift,0.00289
MED00024,5,season_shift,-0.00349
MED00025,5,season_shift,0.00176
MED00026,5,season_shift,-0.02195
MED00027,5,season_shift,-0.02887
MED00028,5,season_shift,-0.00373
MED00029,5,season_shift,0.00082
MED00030,5,season_shift,-0.00391
MED00031,5,season_shift,-0.00452
MED00032,5,season_shift,-0.00664
MED00033,5,season_shift,-0.00375
MED00034,5,season_shift,-0.00408
MED00035,5,season_shift,-0.00203
MED00036,5,season_shift,-0.0019
MED00037,5,season_shift,0.00205
MED00038,5,season_shift,-0.00186
MED00039,5,season_shift,-0.0028
MED00040,5,season_shift,-0.00071
MED00041,5,season_shift,-0.00184
MED00042,5,season_shift,-0.00431
MED00043,5,season_shift,-0.00476
MED00044,5,season_shift,-0.00188
MED00045,5,season_shift,0.00261
MED00046,5,season_shift,-0.00298
MED00047,5,season_shift,0.00296
MED00048,5,season_shift,0.00304
MED00049,5,season_shift,-0.02742
MED00050,5,season_shift,-0.00258
MED00051,5,season_shift,-0.02653
MED00052,5,season_shift,-0.00322
MED00053,5,season_shift,-0.00541
MED00054,5,season_shift,-0.00569
MED00055,5,season_shift,-0.00172
MED00056,5,season_shift,-0.0021
MED00057,5,season_shift,-0.00253
MED00058,5,season_shift,0.00471
MED00059,5,season_shift,-0.00261
MED00060,5,season_shift,-0.00059
MED00061,5,season_shift,-0.00266
MED00062,5,season_shift,-0.00306
MED00063,5,season_shift,-0.027
MED00064,5,season_shift,-0.0011
MED00065,5,season_shift,0.001
MED00066,5,season_shift,-0.00373
MED00067,5,season_shift,0.00124
MED00068,5,season_shift,-0.00425
MED00069,5,season_shift,-0.00346
MED00070,5,season_shift,0.00034
MED00071,5,season_shift,-0.00026
MED00072,5,season_shift,-0.00155
MED00073,5,season_shift,-0.00529
MED00074,5,season_shift,-0.00314
MED00075,5,season_shift,-0.00219
MED00076,5,season_shift,-0.01303
MED00077,5,season_shift,-0.00664
MED00078,5,season_shift,-0.00419
MED00079,5,season_shift,-0.00038
MED00080,5,season_shift,-0.00388
MED00081,5,season_shift,-0.00495
MED00082,5,season_shift,-0.00449
MED00083,5,season_shift,-0.00411
MED00084,5,season_shift,0.00331
MED00085,5,season_shift,-0.00013
MED00086,5,season_shift,-0.01811
MED00087,5,season_shift,0.00037
MED00088,5,season_shift,0.00562
MED00089,5,season_shift,-0.01229
MED00090,5,season_shift,-0.00594
MED00091,5,season_shift,-0.00256
MED00092,5,season_shift,0.00411
MED00093,5,season_shift,-0.01452
MED00094,5,season_shift,-0.00492
MED00095,5,season_shift,-0.00028
MED00096,5,season_shift,-0.00188
MED00097,5,season_shift,-0.00405
MED00098,5,season_shift,0.00022
MED00099,5,season_shift,-0.03219
MED00100,5,season_shift,-0.02101
MED00101,5,season_shift,-0.00488
MED00102,5,season_shift,0.00012
MED00103,5,season_shift,-0.00243
MED00104,5,season_shift,0.00135
MED00105,5,season_shift,-0.00091
MED00106,5,season_shift,-0.02924
MED00107,5,season_shift,0.00141
MED00108,5,season_shift,-0.00212
MED00109,5,season_shift,-0.00646
MED00110,5,season_shift,-0.01191
MED00111,5,season_shift,-0.00419
MED00112,5,season_shift,-0.0013
MED00113,5,season_shift,0.0009
MED00114,5,season_shift,-0.00345
MED00115,5,season_shift,0.00055
MED00116,5,season_shift,-0.00079
MED00117,5,season_shift,-0.00172
MED00118,5,season_shift,0.00563
MED00119,5,season_shift,0.00464
MED00120,5,season_shift,-0.00469
MED00121,5,season_shift,-0.0026
MED00122,5,season_shift,0.00234
MED00123,5,season_shift,0.00043
MED00124,5,season_shift,0.00078
MED00125,5,season_shift,-0.0137
MED00126,5,season_shift,-0.01564
MED00127,5,season_shift,0.00322
MED00128,5,season_shift,0.00249
MED00129,5,season_shift,-0.00109
MED00130,5,season_shift,-0.02878
MED00131,5,season_shift,-0.00052
MED00132,5,season_shift,0.00271
MED00133,5,season_shift,-0.00264
MED00134,5,season_shift,-0.01125
MED00135,5,season_shift,-0.0057
MED00136,5,season_shift,0.00287
MED00137,5,season_shift,0.00271
MED00138,5,season_shift,0.00034
MED00139,5,season_shift,-0.00141
MED00140,5,season_shift,0.00434
MED00141,5,season_shift,-0.00334
MED00142,5,season_shift,-0.00564
MED00143,5,season_shift,0.00218
MED00144,5,season_shift,0.00033
MED00145,5,season_shift,-0.00405
MED00146,5,season_shift,0.0009
MED00147,5,season_shift,0.00129
MED00148,5,season_shift,-0.00167
MED00149,5,season_shift,-0.00236
MED00150,5,season_shift,-0.00359
MED00151,5,season_shift,0.00203
MED00152,5,season_shift,0.00128
MED00153,5,season_shift,0.00065
MED00154,5,season_shift,-0.0039
MED00155,5,season_shift,0.00267
MED00156,5,season_shift,-0.00409
MED00157,5,season_shift,0.00196
MED00158,5,season_shift,-0.01609
MED00159,5,season_shift,-0.0033
MED00160,5,season_shift,-0.0007
MED00161,5,season_shift,0.00081
MED00162,5,season_shift,-0.00212
MED00163,5,season_shift,-0.00368
MED00164,5,season_shift,-0.00171
MED00165,5,season_shift,-0.00163
MED00166,5,season_shift,0.00026
MED00167,5,season_shift,0.0005
MED00168,5,season_shift,-0.00029
MED00169,5,season_shift,0.00392
MED00170,5,season_shift,0.00176
MED00171,5,season_shift,0.00148
MED00172,5,season_shift,-0.00496
MED00173,5,season_shift,-0.00075
MED00174,5,season_shift,-0.00179
MED00175,5,season_shift,-0.00056
MED00176,5,season_shift,-0.0053
MED00177,5,season_shift,-0.0161
MED00178,5,season_shift,-0.00237
MED00179,5,season_shift,-0.00554
MED00180,5,season_shift,0.00079
MED00181,5,season_shift,-0.00373
MED00182,5,season_shift,-0.02718
MED00183,5,season_shift,-0.00314
MED00184,5,season_shift,-0.00217
MED00185,5,season_shift,-0.00583
MED00186,5,season_shift,0.00033
MED00187,5,season_shift,-0.00075
MED00188,5,season_shift,-0.00312
MED00189,5,season_shift,-0.02833
MED00190,5,season_shift,-0.00061
MED00191,5,season_shift,-0.00177
MED00192,5,season_shift,-0.01877
MED00193,5,season_shift,-0.02832
MED00194,5,season_shift,-0.00113
MED00195,5,season_shift,-0.00026
MED00196,5,season_shift,-0.0033
MED00197,5,season_shift,-0.00141
MED00198,5,season_shift,0.00398
MED00199,5,season_shift,-0.00691
MED00200,5,season_shift,0.00253
MED00201,5,season_shift,-0.00253
MED00202,5,season_shift,0.00284
MED00203,5,season_shift,-0.00778
MED00204,5,season_shift,0.00237
MED00205,5,season_shift,-0.00168
MED00206,5,season_shift,-0.00568
MED00207,5,season_shift,0.00112
MED00208,5,season_shift,-0.00194
MED00209,5,season_shift,-0.00281
MED00210,5,season_shift,-0.00343
MED00211,5,season_shift,-0.00104
MED00213,5,season_shift,-0.00797
MED00214,5,season_shift,0.00242
MED00215,5,season_shift,0.00046
MED00216,5,season_shift,0.00264
MED00217,5,season_shift,-0.01516
MED00218,5,season_shift,-0.00088
MED00219,5,season_shift,0.00613
MED00220,5,season_shift,0.00055
MED00221,5,season_shift,-0.00574
MED00222,5,season_shift,-0.00917
MED00223,5,season_shift,-0.00265
MED00224,5,season_shift,0.00157
MED00225,5,season_shift,-0.00023
MED00226,5,season_shift,-0.00358
MED00227,5,season_shift,0.00261
MED00228,5,season_shift,-0.00481
MED00229,5,season_shift,-0.00849
MED00230,5,season_shift,-0.00196
MED00231,5,season_shift,0.00493
MED00232,5,season_shift,0.00019
MED00233,5,season_shift,-0.00092
MED00234,5,season_shift,0.00254
MED00235,5,season_shift,-0.00084
MED00236,5,season_shift,-0.00086
MED00237,5,season_shift,-0.00147
MED00238,5,season_shift,-0.00096
MED00239,5,season_shift,-0.00114
MED00240,5,season_shift,-0.00582
MED00241,5,season_shift,0.00101
MED00242,5,season_shift,-0.00108
MED00243,5,season_shift,-0.022
MED00244,5,season_shift,0.00022
MED00245,5,season_shift,0.00102
MED00246,5,season_shift,0.0027
MED00247,5,season_shift,0.00137
MED00248,5,season_shift,0.00288
MED00249,5,season_shift,-0.00119
MED00250,5,season_shift,0.0002
MED00251,5,season_shift,0.002
MED00252,5,season_shift,-0.00294
MED00253,5,season_shift,-0.00179
MED00254,5,season_shift,-0.00288
MED00255,5,season_shift,-0.00551
MED00256,5,season_shift,0.00359
MED00257,5,season_shift,-0.00164
MED00259,5,season_shift,0.00043
MED00260,5,season_shift,-0.00566
MED00261,5,season_shift,-0.00938
MED00262,5,season_shift,-0.00349
MED00263,5,season_shift,-0.00764
MED00264,5,season_shift,-0.00777
MED00265,5,season_shift,0.00099
MED00266,5,season_shift,-0.0056
MED00267,5,season_shift,-0.00076
MED00268,5,season_shift,0.00164
MED00269,5,season_shift,0.00029
MED00270,5,season_shift,-0.00336
MED00271,5,season_shift,-0.01439
MED00272,5,season_shift,-0.00099
MED00273,5,season_shift,0.00022
MED00274,5,season_shift,0.00055
MED00275,5,season_shift,0.00023
MED00276,5,season_shift,0.00177
MED00277,5,season_shift,-0.02841
MED00278,5,season_shift,0.00291
MED00279,5,season_shift,-0.0051
MED00280,5,season_shift,-0.01426
MED00281,5,season_shift,-0.00104
MED00282,5,season_shift,-0.0034
MED00283,5,season_shift,-0.00095
MED00284,5,season_shift,-0.00077
MED00285,5,season_shift,0.00055
MED00286,5,season_shift,-0.00339
MED00287,5,season_shift,-0.00115
MED00288,5,season_shift,0.00216
MED00289,5,season_shift,-0.0142
MED00290,5,season_shift,0.00184
MED00291,5,season_shift,0.00374
MED00292,5,season_shift,-0.00158
MED00293,5,season_shift,-0.0058
MED00294,5,season_shift,0.00951
MED00295,5,season_shift,-0.01761
MED00296,5,season_shift,-0.00065
MED00297,5,season_shift,0.00207
MED00298,5,season_shift,-0.00148
MED00300,5,season_shift,0.00272
MED00301,5,season_shift,-0.00137
MED00302,5,season_shift,-0.00263
MED00303,5,season_shift,-0.00349
MED00304,5,season_shift,-0.00352
MED00305,5,season_shift,0.00025
MED00306,5,season_shift,-0.00834
MED00307,5,season_shift,-0.00207
MED00308,5,season_shift,-0.00378
MED00309,5,season_shift,-0.00607
MED00310,5,season_shift,-0.00212
MED00311,5,season_shift,-0.00479
MED00312,5,season_shift,-0.00398
MED00313,5,season_shift,-0.00748
MED00314,5,season_shift,-0.00359
MED00315,5,season_shift,0.0042
MED00317,5,season_shift,-0.00078
MED00318,5,season_shift,-0.00147
MED00319,5,season_shift,0.0027
MED00320,5,season_shift,-0.00212
MED00321,5,season_shift,-0.00504
MED00322,5,season_shift,-0.03088
MED00323,5,season_shift,-0.00118
MED00324,5,season_shift,-0.00544
MED00325,5,season_shift,-0.00025
MED00326,5,season_shift,-0.00048
MED00327,5,season_shift,-0.0014
MED00328,5,season_shift,0.00135
MED00329,5,season_shift,0.00269
MED00331,5,season_shift,-0.00093
MED00332,5,season_shift,0.00122
MED00333,5,season_shift,-0.00573
MED00334,5,season_shift,0.00202
MED00335,5,season_shift,0.00294
MED00336,5,season_shift,0.00115
MED00337,5,season_shift,0.00048
MED00338,5,season_shift,-0.00504
MED00339,5,season_shift,0.00076
MED00340,5,season_shift,-0.00055
MED00341,5,season_shift,-0.00171
MED00342,5,season_shift,0.00088
MED00343,5,season_shift,0.00275
MED00344,5,season_shift,0.00144
MED00345,5,season_shift,-0.0282
MED00346,5,season_shift,-0.00043
MED00347,5,season_shift,-0.01871
MED00348,5,season_shift,0.00286
MED00349,5,season_shift,0.00134
MED00350,5,season_shift,-0.00277
MED00351,5,season_shift,-0.00907
MED00352,5,season_shift,-0.00997
MED00353,5,season_shift,-0.01108
MED00354,5,season_shift,-0.00726
MED00355,5,season_shift,-0.00593
MED00356,5,season_shift,0.00226
MED00357,5,season_shift,-0.01542
MED00358,5,season_shift,-0.00177
MED00359,5,season_shift,0.00016
MED00360,5,season_shift,-0.01671
MED00361,5,season_shift,-0.00102
MED00362,5,season_shift,-0.00119
MED00363,5,season_shift,0.00163
MED00364,5,season_shift,-0.02805
MED00365,5,season_shift,0.00253
MED00366,5,season_shift,0.00379
MED00367,5,season_shift,0.00111
MED00368,5,season_shift,-0.00601
MED00369,5,season_shift,-0.00422
MED00370,5,season_shift,0.00174
MED00371,5,season_shift,-0.00609
MED00372,5,season_shift,-0.02225
MED00373,5,season_shift,-0.0057
MED00374,5,season_shift,-0.0017
MED00375,5,season_shift,-0.00623
MED00376,5,season_shift,0.00056
MED00377,5,season_shift,-0.00856
MED00378,5,season_shift,-0.00109
MED00380,5,season_shift,-0.00945
MED00381,5,season_shift,-0.00316
MED00382,5,season_shift,0.001
MED00383,5,season_shift,-0.00193
MED00384,5,season_shift,0.00224
MED00385,5,season_shift,-0.00157
MED00386,5,season_shift,-0.00155
MED00387,5,season_shift,-0.00276
MED00388,5,season_shift,0.01148
MED00389,5,season_shift,-0.00207
MED00390,5,season_shift,-0.00262
MED00391,5,season_shift,-0.00289
MED00392,5,season_shift,0.00038
MED00393,5,season_shift,-0.00417
MED00394,5,season_shift,-0.00326
MED00395,5,season_shift,-0.00382
MED00396,5,season_shift,-0.00048
MED00397,5,season_shift,-0.00131
MED00398,5,season_shift,-0.00114
MED00399,5,season_shift,-0.00116
MED00400,5,season_shift,-0.00458
MED00401,5,season_shift,-0.00983
MED00402,5,season_shift,-0.00247
MED00403,5,season_shift,-0.00178
MED00404,5,season_shift,-0.00012
MED00405,5,season_shift,0.00099
MED00406,5,season_shift,0.00281
MED00407,5,season_shift,-0.00452
MED00408,5,season_shift,-0.00698
MED00409,5,season_shift,-0.00317
MED00410,5,season_shift,-0.00099
MED00411,5,season_shift,-0.00241
MED00412,5,season_shift,-0.0017
MED00413,5,season_shift,-0.00167
MED00414,5,season_shift,-0.00164
MED00415,5,season_shift,-0.00192
MED00417,5,season_shift,-0.00148
MED00418,5,season_shift,-0.00017
MED00419,5,season_shift,0.00024
MED00420,5,season_shift,-0.00572
MED00421,5,season_shift,-0.00373
MED00422,5,season_shift,-0.00405
MED00423,5,season_shift,0.00063
MED00424,5,season_shift,0.0024
MED00001,6,season_shift,-0.00083
MED00002,6,season_shift,-0.01916
MED00003,6,season_shift,-0.01852
MED00004,6,season_shift,-0.00666
MED00005,6,season_shift,-0.00441
MED00006,6,season_shift,0.00561
MED00007,6,season_shift,0.00243
MED00008,6,season_shift,-0.00377
MED00009,6,season_shift,-0.00131
MED00010,6,season_shift,0.00079
MED00011,6,season_shift,-0.00181
MED00012,6,season_shift,0.00423
MED00013,6,season_shift,-0.00082
MED00014,6,season_shift,-0.00416
MED00015,6,season_shift,-0.00393
MED00016,6,season_shift,-0.00578
MED00017,6,season_shift,0.00278
MED00018,6,season_shift,0.0006
MED00019,6,season_shift,0.00083
MED00020,6,season_shift,-0.00333
MED00021,6,season_shift,-0.00448
MED00022,6,season_shift,-0.00959
MED00023,6,season_shift,0.00317
MED00024,6,season_shift,-0.00379
MED00025,6,season_shift,0.00477
MED00026,6,season_shift,-0.01244
MED00027,6,season_shift,-0.02586
MED00028,6,season_shift,-0.00352
MED00029,6,season_shift,0.00077
MED00030,6,season_shift,-0.0039
MED00031,6,season_shift,-0.00451
MED00032,6,season_shift,-0.00661
MED00033,6,season_shift,-0.00382
MED00034,6,season_shift,-0.00402
MED00035,6,season_shift,-0.00182
MED00036,6,season_shift,-0.00189
MED00037,6,season_shift,0.00205
MED00038,6,season_shift,-0.00184
MED00039,6,season_shift,-0.00287
MED00040,6,season_shift,-0.00078
MED00041,6,season_shift,-0.00183
MED00042,6,season_shift,-0.0043
MED00043,6,season_shift,-0.00455
MED00044,6,season_shift,-0.00186
MED00045,6,season_shift,0.00261
MED00046,6,season_shift,-0.00297
MED00047,6,season_shift,0.00307
MED00048,6,season_shift,0.00276
MED00049,6,season_shift,-0.02442
MED00050,6,season_shift,-0.00257
MED00051,6,season_shift,-0.02353
MED00052,6,season_shift,-0.00293
MED00053,6,season_shift,-0.0054
MED00054,6,season_shift,-0.00679
MED00055,6,season_shift,-0.00151
MED00056,6,season_shift,-0.00218
MED00057,6,season_shift,-0.0026
MED00058,6,season_shift,0.00471
MED00059,6,season_shift,-0.0026
MED00060,6,season_shift,-0.00057
MED00061,6,season_shift,-0.00245
MED00062,6,season_shift,-0.00305
MED00063,6,season_shift,-0.024
MED00064,6,season_shift,-0.00108
MED00065,6,season_shift,0.00106
MED00066,6,season_shift,-0.00355
MED00067,6,season_shift,0.00141
MED00068,6,season_shift,-0.00423
MED00069,6,season_shift,-0.00344
MED00070,6,season_shift,0.00035
MED00071,6,season_shift,-0.00024
MED00072,6,season_shift,-0.00153
MED00073,6,season_shift,-0.00528
MED00074,6,season_shift,-0.00317
MED00075,6,season_shift,-0.00217
MED00076,6,season_shift,-0.01282
MED00077,6,season_shift,-0.00662
MED00078,6,season_shift,-0.00418
MED00080,6,season_shift,-0.00386
MED00081,6,season_shift,-0.00482
MED00082,6,season_shift,-0.00448
MED00083,6,season_shift,-0.0041
MED00084,6,season_shift,0.00311
MED00086,6,season_shift,-0.01923
MED00087,6,season_shift,0.00038
MED00088,6,season_shift,0.00526
MED00089,6,season_shift,-0.01187
MED00090,6,season_shift,-0.00593
MED00091,6,season_shift,-0.00272
MED00092,6,season_shift,0.00432
MED00093,6,season_shift,-0.01431
MED00094,6,season_shift,-0.00471
MED00095,6,season_shift,-0.00022
MED00096,6,season_shift,-0.00187
MED00097,6,season_shift,-0.00412
MED00098,6,season_shift,0.00023
MED00099,6,season_shift,-0.02933
MED00100,6,season_shift,-0.018
MED00101,6,season_shift,-0.00476
MED00102,6,season_shift,0.00012
MED00103,6,season_shift,-0.00242
MED00104,6,season_shift,0.00135
MED00105,6,season_shift,-0.0009
MED00106,6,season_shift,-0.02624
MED00107,6,season_shift,0.00142
MED00108,6,season_shift,-0.00211
MED00109,6,season_shift,-0.00644
MED00110,6,season_shift,-0.01191
MED00111,6,season_shift,-0.00406
MED00112,6,season_shift,-0.00132
MED00113,6,season_shift,0.0009
MED00114,6,season_shift,-0.00343
MED00115,6,season_shift,0.00056
MED00116,6,season_shift,-0.00079
MED00117,6,season_shift,-0.0017
MED00118,6,season_shift,0.00562
MED00119,6,season_shift,0.00485
MED00120,6,season_shift,-0.00467
MED00121,6,season_shift,-0.00259
MED00122,6,season_shift,0.00233
MED00123,6,season_shift,0.00043
MED00124,6,season_shift,0.00079
MED00125,6,season_shift,-0.01348
MED00126,6,season_shift,-0.0156
MED00127,6,season_shift,0.00324
MED00128,6,season_shift,0.00239
MED00129,6,season_shift,-0.00109
MED00130,6,season_shift,-0.02577
MED00131,6,season_shift,-0.00027
MED00132,6,season_shift,0.00272
MED00133,6,season_shift,-0.00263
MED00134,6,season_shift,-0.01124
MED00135,6,season_shift,-0.00568
MED00136,6,season_shift,0.0028
MED00137,6,season_shift,0.00268
MED00138,6,season_shift,0.00035
MED00139,6,season_shift,-0.0014
MED00140,6,season_shift,0.00435
MED00141,6,season_shift,-0.00332
MED00142,6,season_shift,-0.00571
MED00143,6,season_shift,0.00206
MED00144,6,season_shift,0.00021
MED00145,6,season_shift,-0.00384
MED00146,6,season_shift,0.00092
MED00147,6,season_shift,0.00131
MED00148,6,season_shift,-0.00165
MED00149,6,season_shift,-0.00235
MED00150,6,season_shift,-0.00358
MED00151,6,season_shift,0.00204
MED00152,6,season_shift,0.00129
MED00153,6,season_shift,0.00071
MED00154,6,season_shift,-0.00388
MED00155,6,season_shift,0.00268
MED00156,6,season_shift,-0.00406
MED00157,6,season_shift,0.00197
MED00158,6,season_shift,-0.01588
MED00159,6,season_shift,-0.0034
MED00160,6,season_shift,-0.00069
MED00161,6,season_shift,0.00081
MED00162,6,season_shift,-0.00079
MED00163,6,season_shift,-0.00347
MED00164,6,season_shift,-0.0017
MED00165,6,season_shift,-0.00149
MED00166,6,season_shift,0.00027
MED00167,6,season_shift,0.0005
MED00168,6,season_shift,-0.00028
MED00169,6,season_shift,0.00393
MED00170,6,season_shift,0.00177
MED00171,6,season_shift,0.00169
MED00172,6,season_shift,-0.00513
MED00173,6,season_shift,-0.00075
MED00174,6,season_shift,-0.00178
MED00175,6,season_shift,-0.00035
MED00176,6,season_shift,-0.00488
MED00177,6,season_shift,-0.0131
MED00178,6,season_shift,-0.00237
MED00179,6,season_shift,-0.00553
MED00180,6,season_shift,0.00083
MED00181,6,season_shift,-0.00372
MED00182,6,season_shift,-0.02417
MED00183,6,season_shift,-0.0027
MED00184,6,season_shift,-0.00215
MED00185,6,season_shift,-0.00582
MED00186,6,season_shift,0.00039
MED00187,6,season_shift,-0.00073
MED00188,6,season_shift,-0.00311
MED00189,6,season_shift,-0.02541
MED00190,6,season_shift,-0.00045
MED00191,6,season_shift,-0.00176
MED00192,6,season_shift,-0.01856
MED00193,6,season_shift,-0.02532
MED00194,6,season_shift,-0.00097
MED00195,6,season_shift,-1e-04
MED00196,6,season_shift,-0.0031
MED00197,6,season_shift,-0.00122
MED00198,6,season_shift,0.00399
MED00199,6,season_shift,-0.00686
MED00200,6,season_shift,0.00254
MED00201,6,season_shift,-0.00279
MED00202,6,season_shift,0.00284
MED00203,6,season_shift,-0.00793
MED00204,6,season_shift,0.00237
MED00205,6,season_shift,-0.00167
MED00206,6,season_shift,-0.00525
MED00207,6,season_shift,0.00104
MED00208,6,season_shift,-0.00193
MED00209,6,season_shift,-0.0028
MED00210,6,season_shift,-0.00322
MED00211,6,season_shift,-0.00103
MED00213,6,season_shift,-0.00798
MED00214,6,season_shift,0.00242
MED00215,6,season_shift,0.00047
MED00216,6,season_shift,0.00565
MED00217,6,season_shift,-0.01495
MED00218,6,season_shift,-0.00087
MED00219,6,season_shift,0.00615
MED00220,6,season_shift,0.00075
MED00221,6,season_shift,-0.00573
MED00222,6,season_shift,-0.00924
MED00223,6,season_shift,-0.00263
MED00224,6,season_shift,0.00159
MED00225,6,season_shift,-0.00022
MED00226,6,season_shift,-0.00356
MED00227,6,season_shift,0.00262
MED00228,6,season_shift,-0.00479
MED00229,6,season_shift,-0.00845
MED00230,6,season_shift,-0.00196
MED00231,6,season_shift,0.00494
MED00232,6,season_shift,0.00018
MED00233,6,season_shift,-0.0009
MED00234,6,season_shift,0.00254
MED00235,6,season_shift,-0.00078
MED00236,6,season_shift,-0.00085
MED00237,6,season_shift,-0.00164
MED00238,6,season_shift,-0.00095
MED00239,6,season_shift,-0.00118
MED00240,6,season_shift,-0.0058
MED00241,6,season_shift,0.00111
MED00242,6,season_shift,-0.0009
MED00243,6,season_shift,-0.01899
MED00244,6,season_shift,0.00023
MED00245,6,season_shift,0.00108
MED00246,6,season_shift,0.00271
MED00247,6,season_shift,0.00137
MED00248,6,season_shift,0.00289
MED00249,6,season_shift,-0.00113
MED00250,6,season_shift,0.00022
MED00251,6,season_shift,0.002
MED00252,6,season_shift,-0.00301
MED00253,6,season_shift,-0.00168
MED00254,6,season_shift,-0.00295
MED00255,6,season_shift,-0.00638
MED00256,6,season_shift,0.00361
MED00257,6,season_shift,-0.00163
MED00259,6,season_shift,0.00043
MED00260,6,season_shift,-0.00565
MED00261,6,season_shift,-0.00936
MED00262,6,season_shift,-0.00348
MED00263,6,season_shift,-0.00737
MED00264,6,season_shift,-0.00775
MED00265,6,season_shift,0.00099
MED00266,6,season_shift,-0.00559
MED00267,6,season_shift,-0.00075
MED00268,6,season_shift,0.00165
MED00269,6,season_shift,0.0003
MED00270,6,season_shift,-0.00335
MED00271,6,season_shift,-0.01438
MED00272,6,season_shift,-0.00097
MED00273,6,season_shift,0.00023
MED00274,6,season_shift,0.00055
MED00275,6,season_shift,0.00025
MED00276,6,season_shift,0.00177
MED00277,6,season_shift,-0.02539
MED00278,6,season_shift,0.00292
MED00279,6,season_shift,-0.00504
MED00280,6,season_shift,-0.01416
MED00281,6,season_shift,-0.00104
MED00282,6,season_shift,-0.00337
MED00283,6,season_shift,-0.00093
MED00284,6,season_shift,-0.00076
MED00285,6,season_shift,0.00056
MED00286,6,season_shift,-0.00338
MED00287,6,season_shift,-0.00115
MED00288,6,season_shift,0.00218
MED00289,6,season_shift,-0.01419
MED00290,6,season_shift,0.00173
MED00291,6,season_shift,0.00374
MED00292,6,season_shift,-0.00156
MED00293,6,season_shift,-0.00579
MED00294,6,season_shift,0.00953
MED00295,6,season_shift,-0.01661
MED00296,6,season_shift,-0.00065
MED00297,6,season_shift,0.00208
MED00298,6,season_shift,-0.00147
MED00299,6,season_shift,-0.00013
MED00300,6,season_shift,0.00272
MED00301,6,season_shift,-0.00136
MED00302,6,season_shift,-0.00262
MED00303,6,season_shift,-0.00347
MED00304,6,season_shift,-0.0035
MED00305,6,season_shift,0.00024
MED00306,6,season_shift,-0.00533
MED00307,6,season_shift,-0.00202
MED00308,6,season_shift,-0.00377
MED00309,6,season_shift,-0.00605
MED00310,6,season_shift,-0.00211
MED00311,6,season_shift,-0.00476
MED00312,6,season_shift,-0.00397
MED00313,6,season_shift,-0.00747
MED00314,6,season_shift,-0.00357
MED00315,6,season_shift,0.00441
MED00317,6,season_shift,-0.00078
MED00318,6,season_shift,-0.00145
MED00319,6,season_shift,0.00271
MED00320,6,season_shift,-0.00212
MED00321,6,season_shift,-0.00504
MED00322,6,season_shift,-0.02788
MED00323,6,season_shift,-0.00117
MED00324,6,season_shift,-0.00519
MED00326,6,season_shift,-0.00043
MED00327,6,season_shift,-0.0014
MED00328,6,season_shift,0.00135
MED00329,6,season_shift,0.00269
MED00331,6,season_shift,-0.00092
MED00332,6,season_shift,0.00133
MED00333,6,season_shift,-0.00572
MED00334,6,season_shift,0.00202
MED00335,6,season_shift,0.00383
MED00336,6,season_shift,0.00115
MED00337,6,season_shift,0.00054
MED00338,6,season_shift,-0.00502
MED00339,6,season_shift,0.00105
MED00340,6,season_shift,-0.00038
MED00341,6,season_shift,-0.0017
MED00342,6,season_shift,0.00088
MED00343,6,season_shift,0.00275
MED00344,6,season_shift,0.00145
MED00345,6,season_shift,-0.02519
MED00346,6,season_shift,-0.00043
MED00347,6,season_shift,-0.0185
MED00348,6,season_shift,0.00285
MED00349,6,season_shift,0.00134
MED00350,6,season_shift,-0.00279
MED00351,6,season_shift,-0.00899
MED00352,6,season_shift,-0.00997
MED00353,6,season_shift,-0.01108
MED00354,6,season_shift,-0.00723
MED00355,6,season_shift,-0.0061
MED00356,6,season_shift,0.00237
MED00357,6,season_shift,-0.01521
MED00358,6,season_shift,-0.00175
MED00359,6,season_shift,0.00016
MED00360,6,season_shift,-0.0167
MED00361,6,season_shift,-0.00102
MED00362,6,season_shift,-0.00118
MED00363,6,season_shift,0.00164
MED00364,6,season_shift,-0.02505
MED00365,6,season_shift,0.00273
MED00366,6,season_shift,0.00379
MED00367,6,season_shift,0.00099
MED00368,6,season_shift,-0.006
MED00369,6,season_shift,-0.00451
MED00370,6,season_shift,0.00167
MED00371,6,season_shift,-0.00607
MED00372,6,season_shift,-0.01925
MED00373,6,season_shift,-0.00549
MED00374,6,season_shift,-0.00126
MED00375,6,season_shift,-0.00621
MED00376,6,season_shift,0.00057
MED00377,6,season_shift,-0.00837
MED00378,6,season_shift,-0.00109
MED00379,6,season_shift,-1e-04
MED00380,6,season_shift,-0.00943
MED00381,6,season_shift,-0.00315
MED00382,6,season_shift,0.00085
MED00383,6,season_shift,-0.00193
MED00384,6,season_shift,0.00225
MED00385,6,season_shift,-0.00115
MED00386,6,season_shift,-0.00154
MED00387,6,season_shift,-0.00234
MED00388,6,season_shift,0.01114
MED00389,6,season_shift,-0.00206
MED00390,6,season_shift,-0.00256
MED00391,6,season_shift,-0.00246
MED00392,6,season_shift,0.0008
MED00393,6,season_shift,-0.00415
MED00394,6,season_shift,-0.00316
MED00395,6,season_shift,-0.00339
MED00396,6,season_shift,-0.00046
MED00397,6,season_shift,-0.00125
MED00398,6,season_shift,-0.00108
MED00399,6,season_shift,-0.0011
MED00400,6,season_shift,-0.00452
MED00401,6,season_shift,-0.00981
MED00402,6,season_shift,-0.00219
MED00403,6,season_shift,-0.00177
MED00404,6,season_shift,-0.00011
MED00405,6,season_shift,0.00101
MED00406,6,season_shift,0.00287
MED00407,6,season_shift,-0.0041
MED00408,6,season_shift,-0.00696
MED00409,6,season_shift,-0.00316
MED00410,6,season_shift,-0.00097
MED00411,6,season_shift,-0.00199
MED00412,6,season_shift,-0.00169
MED00413,6,season_shift,-0.0019
MED00414,6,season_shift,-0.00122
MED00415,6,season_shift,-0.00191
MED00416,6,season_shift,0.00041
MED00417,6,season_shift,-0.00158
MED00418,6,season_shift,-0.00015
MED00419,6,season_shift,0.00026
MED00420,6,season_shift,-0.00538
MED00421,6,season_shift,-0.00367
MED00422,6,season_shift,-0.00352
MED00423,6,season_shift,0.00065
MED00424,6,season_shift,0.00242
MED00001,7,season_shift,-0.00071
MED00002,7,season_shift,-0.01915
MED00003,7,season_shift,-0.0185
MED00004,7,season_shift,-0.00666
MED00005,7,season_shift,-0.00439
MED00006,7,season_shift,0.00563
MED00007,7,season_shift,0.00246
MED00008,7,season_shift,-0.00377
MED00009,7,season_shift,-0.00131
MED00010,7,season_shift,0.00074
MED00011,7,season_shift,-0.00187
MED00012,7,season_shift,0.00424
MED00013,7,season_shift,-0.0005
MED00014,7,season_shift,-0.00384
MED00015,7,season_shift,-0.00399
MED00016,7,season_shift,-0.00577
MED00017,7,season_shift,0.0028
MED00018,7,season_shift,0.00054
MED00019,7,season_shift,0.00042
MED00020,7,season_shift,-0.00331
MED00021,7,season_shift,-0.00411
MED00022,7,season_shift,-0.00949
MED00023,7,season_shift,0.00353
MED00024,7,season_shift,-0.00342
MED00025,7,season_shift,0.00477
MED00026,7,season_shift,-0.01243
MED00027,7,season_shift,-0.02585
MED00028,7,season_shift,-0.0035
MED00029,7,season_shift,0.00011
MED00030,7,season_shift,-0.0038
MED00031,7,season_shift,-0.00413
MED00032,7,season_shift,-0.00651
MED00033,7,season_shift,-0.00381
MED00034,7,season_shift,-0.00363
MED00035,7,season_shift,-0.00189
MED00036,7,season_shift,-0.00189
MED00037,7,season_shift,0.00201
MED00038,7,season_shift,-0.00183
MED00039,7,season_shift,-0.00287
MED00040,7,season_shift,-0.00082
MED00041,7,season_shift,-0.00187
MED00042,7,season_shift,-0.0043
MED00043,7,season_shift,-0.00452
MED00044,7,season_shift,-0.00149
MED00045,7,season_shift,0.00261
MED00046,7,season_shift,-0.0026
MED00047,7,season_shift,0.00312
MED00048,7,season_shift,0.00277
MED00049,7,season_shift,-0.02441
MED00050,7,season_shift,-0.00261
MED00051,7,season_shift,-0.02351
MED00052,7,season_shift,-0.0029
MED00053,7,season_shift,-0.00538
MED00054,7,season_shift,-0.00677
MED00055,7,season_shift,-0.00157
MED00056,7,season_shift,-0.00221
MED00057,7,season_shift,-0.00264
MED00058,7,season_shift,0.00472
MED00059,7,season_shift,-0.00259
MED00060,7,season_shift,-0.00045
MED00061,7,season_shift,-0.00243
MED00062,7,season_shift,-0.00293
MED00063,7,season_shift,-0.02398
MED00064,7,season_shift,-0.00118
MED00065,7,season_shift,0.00105
MED00066,7,season_shift,-0.00354
MED00067,7,season_shift,0.00148
MED00068,7,season_shift,-0.00386
MED00069,7,season_shift,-0.00563
MED00070,7,season_shift,0.00037
MED00071,7,season_shift,0.00014
MED00072,7,season_shift,-0.00144
MED00073,7,season_shift,-0.00518
MED00074,7,season_shift,-0.0028
MED00075,7,season_shift,-0.00207
MED00076,7,season_shift,-0.01281
MED00077,7,season_shift,-0.00663
MED00078,7,season_shift,-0.00628
MED00080,7,season_shift,-0.00376
MED00081,7,season_shift,-0.00461
MED00082,7,season_shift,-0.00411
MED00083,7,season_shift,-0.00373
MED00084,7,season_shift,0.00306
MED00085,7,season_shift,-0.00011
MED00086,7,season_shift,-0.01927
MED00087,7,season_shift,0.00038
MED00088,7,season_shift,0.00487
MED00089,7,season_shift,-0.01145
MED00090,7,season_shift,-0.00588
MED00091,7,season_shift,-0.00262
MED00092,7,season_shift,0.00433
MED00093,7,season_shift,-0.01517
MED00094,7,season_shift,-0.00536
MED00096,7,season_shift,-0.00195
MED00097,7,season_shift,-0.00416
MED00098,7,season_shift,0.0002
MED00099,7,season_shift,-0.02932
MED00100,7,season_shift,-0.01799
MED00101,7,season_shift,-0.00473
MED00103,7,season_shift,-0.00223
MED00104,7,season_shift,0.00141
MED00105,7,season_shift,-0.00091
MED00106,7,season_shift,-0.02701
MED00107,7,season_shift,0.0015
MED00108,7,season_shift,-0.00177
MED00109,7,season_shift,-0.00645
MED00110,7,season_shift,-0.01191
MED00111,7,season_shift,-0.00408
MED00112,7,season_shift,-0.00131
MED00113,7,season_shift,0.00024
MED00114,7,season_shift,-0.00352
MED00115,7,season_shift,0.00057
MED00116,7,season_shift,-0.00091
MED00117,7,season_shift,-0.00171
MED00118,7,season_shift,0.00565
MED00119,7,season_shift,0.00486
MED00120,7,season_shift,-0.00466
MED00121,7,season_shift,-0.00258
MED00122,7,season_shift,0.00235
MED00123,7,season_shift,0.0004
MED00124,7,season_shift,0.00084
MED00125,7,season_shift,-0.01355
MED00126,7,season_shift,-0.01561
MED00127,7,season_shift,0.0036
MED00128,7,season_shift,0.00237
MED00129,7,season_shift,-0.00108
MED00130,7,season_shift,-0.02655
MED00131,7,season_shift,1e-04
MED00132,7,season_shift,0.00268
MED00133,7,season_shift,-0.00267
MED00134,7,season_shift,-0.01125
MED00135,7,season_shift,-0.00568
MED00136,7,season_shift,0.0029
MED00137,7,season_shift,0.00268
MED00138,7,season_shift,0.00031
MED00139,7,season_shift,-0.00138
MED00140,7,season_shift,0.00385
MED00141,7,season_shift,-0.00295
MED00142,7,season_shift,-0.00575
MED00143,7,season_shift,0.00204
MED00144,7,season_shift,0.00043
MED00145,7,season_shift,-0.00382
MED00146,7,season_shift,0.00093
MED00147,7,season_shift,0.0014
MED00148,7,season_shift,-0.00153
MED00149,7,season_shift,-0.00233
MED00150,7,season_shift,-0.00322
MED00151,7,season_shift,0.00205
MED00152,7,season_shift,0.00132
MED00153,7,season_shift,0.00072
MED00154,7,season_shift,-0.00359
MED00155,7,season_shift,0.0027
MED00156,7,season_shift,-0.00396
MED00157,7,season_shift,0.00202
MED00158,7,season_shift,-0.01587
MED00159,7,season_shift,-0.00341
MED00160,7,season_shift,-0.00066
MED00161,7,season_shift,0.00079
MED00162,7,season_shift,-0.00077
MED00163,7,season_shift,-0.00326
MED00164,7,season_shift,-0.00134
MED00165,7,season_shift,-0.00185
MED00166,7,season_shift,0.00038
MED00167,7,season_shift,0.00052
MED00168,7,season_shift,-0.00031
MED00169,7,season_shift,0.0039
MED00170,7,season_shift,0.00176
MED00171,7,season_shift,0.0017
MED00172,7,season_shift,-0.00502
MED00173,7,season_shift,-0.00078
MED00174,7,season_shift,-0.00183
MED00175,7,season_shift,-0.00042
MED00176,7,season_shift,-0.00447
MED00177,7,season_shift,-0.01309
MED00178,7,season_shift,-0.0024
MED00179,7,season_shift,-0.00553
MED00180,7,season_shift,0.00067
MED00181,7,season_shift,-0.00369
MED00182,7,season_shift,-0.02416
MED00183,7,season_shift,-0.00272
MED00184,7,season_shift,-0.00214
MED00185,7,season_shift,-0.00571
MED00186,7,season_shift,0.00039
MED00187,7,season_shift,-0.00037
MED00188,7,season_shift,-0.00315
MED00189,7,season_shift,-0.02539
MED00190,7,season_shift,-0.00024
MED00191,7,season_shift,-0.00174
MED00192,7,season_shift,-0.01862
MED00193,7,season_shift,-0.0253
MED00194,7,season_shift,-0.00109
MED00195,7,season_shift,-0.00048
MED00196,7,season_shift,-0.00298
MED00197,7,season_shift,-0.00134
MED00198,7,season_shift,0.004
MED00199,7,season_shift,-0.00648
MED00200,7,season_shift,0.00251
MED00201,7,season_shift,-0.00277
MED00202,7,season_shift,0.00284
MED00203,7,season_shift,-0.00783
MED00204,7,season_shift,0.00237
MED00205,7,season_shift,-0.00167
MED00206,7,season_shift,-0.00515
MED00207,7,season_shift,0.00101
MED00208,7,season_shift,-0.00192
MED00209,7,season_shift,-0.00284
MED00210,7,season_shift,-0.00335
MED00211,7,season_shift,-0.00106
MED00212,7,season_shift,0.00045
MED00213,7,season_shift,-0.00797
MED00214,7,season_shift,0.00246
MED00215,7,season_shift,0.00056
MED00216,7,season_shift,0.00566
MED00217,7,season_shift,-0.01491
MED00218,7,season_shift,-0.00084
MED00219,7,season_shift,0.00608
MED00220,7,season_shift,0.00075
MED00221,7,season_shift,-0.00536
MED00222,7,season_shift,-0.00928
MED00223,7,season_shift,-0.00261
MED00224,7,season_shift,0.0016
MED00225,7,season_shift,-0.00025
MED00226,7,season_shift,-0.0032
MED00227,7,season_shift,0.00294
MED00228,7,season_shift,-0.00469
MED00229,7,season_shift,-0.00846
MED00230,7,season_shift,-0.00168
MED00231,7,season_shift,0.0048
MED00232,7,season_shift,0.00018
MED00233,7,season_shift,-0.00094
MED00234,7,season_shift,0.00255
MED00235,7,season_shift,-0.00078
MED00236,7,season_shift,-0.00085
MED00237,7,season_shift,-0.00152
MED00238,7,season_shift,-0.00108
MED00239,7,season_shift,-0.00122
MED00240,7,season_shift,-0.0057
MED00241,7,season_shift,0.0013
MED00242,7,season_shift,-0.00086
MED00243,7,season_shift,-0.01898
MED00244,7,season_shift,0.00025
MED00245,7,season_shift,0.00111
MED00246,7,season_shift,0.00271
MED00247,7,season_shift,0.00135
MED00248,7,season_shift,0.00326
MED00249,7,season_shift,-0.00123
MED00250,7,season_shift,0.00061
MED00251,7,season_shift,0.00201
MED00252,7,season_shift,-0.00305
MED00253,7,season_shift,-0.00166
MED00254,7,season_shift,-0.00298
MED00255,7,season_shift,-0.00598
MED00256,7,season_shift,0.00364
MED00257,7,season_shift,-0.00125
MED00259,7,season_shift,0.00044
MED00260,7,season_shift,-0.00584
MED00261,7,season_shift,-0.00935
MED00262,7,season_shift,-0.0031
MED00263,7,season_shift,-0.00754
MED00264,7,season_shift,-0.00776
MED00265,7,season_shift,0.00123
MED00266,7,season_shift,-0.00559
MED00267,7,season_shift,-0.00075
MED00268,7,season_shift,0.00166
MED00269,7,season_shift,0.00031
MED00270,7,season_shift,-0.00334
MED00271,7,season_shift,-0.01447
MED00272,7,season_shift,-0.00061
MED00273,7,season_shift,-0.0016
MED00274,7,season_shift,0.00051
MED00275,7,season_shift,0.00027
MED00276,7,season_shift,0.00183
MED00277,7,season_shift,-0.02538
MED00278,7,season_shift,0.00315
MED00279,7,season_shift,-0.00463
MED00280,7,season_shift,-0.01415
MED00281,7,season_shift,-0.00102
MED00282,7,season_shift,-0.00327
MED00283,7,season_shift,-0.00085
MED00284,7,season_shift,-0.00066
MED00285,7,season_shift,0.00072
MED00286,7,season_shift,-0.00339
MED00287,7,season_shift,-0.00113
MED00288,7,season_shift,0.00422
MED00289,7,season_shift,-0.01419
MED00290,7,season_shift,0.00171
MED00291,7,season_shift,0.00371
MED00292,7,season_shift,-0.00148
MED00293,7,season_shift,-0.00542
MED00294,7,season_shift,0.00989
MED00295,7,season_shift,-0.01659
MED00296,7,season_shift,-0.00067
MED00297,7,season_shift,0.00209
MED00298,7,season_shift,-0.0015
MED00299,7,season_shift,-0.00014
MED00300,7,season_shift,0.00273
MED00301,7,season_shift,-0.00139
MED00302,7,season_shift,-0.00239
MED00303,7,season_shift,-0.00366
MED00304,7,season_shift,-0.00314
MED00305,7,season_shift,0.00044
MED00306,7,season_shift,-0.0054
MED00307,7,season_shift,-0.00202
MED00308,7,season_shift,-0.00377
MED00309,7,season_shift,-0.00569
MED00310,7,season_shift,-0.00202
MED00311,7,season_shift,-0.00494
MED00312,7,season_shift,-0.00401
MED00313,7,season_shift,-0.00747
MED00314,7,season_shift,-0.00359
MED00315,7,season_shift,0.00444
MED00317,7,season_shift,-0.00093
MED00318,7,season_shift,-0.00136
MED00319,7,season_shift,0.00276
MED00320,7,season_shift,-0.00216
MED00321,7,season_shift,-0.00505
MED00322,7,season_shift,-0.02794
MED00323,7,season_shift,-0.00073
MED00324,7,season_shift,-0.00482
MED00326,7,season_shift,-0.00041
MED00327,7,season_shift,-0.00112
MED00328,7,season_shift,0.00133
MED00329,7,season_shift,0.00275
MED00331,7,season_shift,-0.00089
MED00332,7,season_shift,0.00136
MED00333,7,season_shift,-0.00574
MED00334,7,season_shift,0.00199
MED00335,7,season_shift,0.00451
MED00336,7,season_shift,0.00118
MED00337,7,season_shift,0.00056
MED00338,7,season_shift,-0.00506
MED00339,7,season_shift,0.00141
MED00340,7,season_shift,-0.00032
MED00341,7,season_shift,-0.00174
MED00342,7,season_shift,0.00091
MED00343,7,season_shift,0.00279
MED00344,7,season_shift,0.00141
MED00345,7,season_shift,-0.02518
MED00346,7,season_shift,-0.00041
MED00347,7,season_shift,-0.01848
MED00348,7,season_shift,0.00292
MED00349,7,season_shift,0.00136
MED00350,7,season_shift,-0.00278
MED00351,7,season_shift,-0.00897
MED00352,7,season_shift,-0.00997
MED00353,7,season_shift,-0.01108
MED00354,7,season_shift,-0.00725
MED00355,7,season_shift,-0.00597
MED00356,7,season_shift,0.0024
MED00357,7,season_shift,-0.01518
MED00358,7,season_shift,-0.00165
MED00359,7,season_shift,0.00018
MED00360,7,season_shift,-0.01633
MED00361,7,season_shift,-0.00163
MED00362,7,season_shift,-0.0012
MED00363,7,season_shift,0.00165
MED00364,7,season_shift,-0.025
MED00365,7,season_shift,0.00274
MED00366,7,season_shift,0.00382
MED00367,7,season_shift,0.00096
MED00368,7,season_shift,-0.00565
MED00369,7,season_shift,-0.0044
MED00370,7,season_shift,0.00168
MED00371,7,season_shift,-0.00569
MED00372,7,season_shift,-0.01923
MED00373,7,season_shift,-0.00528
MED00374,7,season_shift,-0.00116
MED00375,7,season_shift,-0.00581
MED00376,7,season_shift,0.00057
MED00377,7,season_shift,-0.00732
MED00378,7,season_shift,-0.00106
MED00380,7,season_shift,-0.00943
MED00381,7,season_shift,-0.00314
MED00382,7,season_shift,0.00096
MED00383,7,season_shift,-0.00191
MED00384,7,season_shift,0.00241
MED00385,7,season_shift,-0.0007
MED00386,7,season_shift,-0.00153
MED00387,7,season_shift,-0.00192
MED00388,7,season_shift,0.01137
MED00389,7,season_shift,-0.00166
MED00390,7,season_shift,-0.00218
MED00391,7,season_shift,-0.00204
MED00392,7,season_shift,0.00123
MED00393,7,season_shift,-0.00378
MED00394,7,season_shift,-0.00314
MED00395,7,season_shift,-0.00299
MED00396,7,season_shift,-0.00039
MED00397,7,season_shift,-0.00123
MED00398,7,season_shift,-0.00114
MED00399,7,season_shift,-0.00116
MED00400,7,season_shift,-0.00452
MED00401,7,season_shift,-0.0094
MED00402,7,season_shift,-0.00177
MED00403,7,season_shift,-0.0018
MED00404,7,season_shift,-0.00011
MED00405,7,season_shift,0.00101
MED00406,7,season_shift,0.00328
MED00407,7,season_shift,-0.00368
MED00408,7,season_shift,-0.00683
MED00409,7,season_shift,-0.00279
MED00410,7,season_shift,-0.00058
MED00411,7,season_shift,-0.00273
MED00412,7,season_shift,-0.00168
MED00413,7,season_shift,-0.00152
MED00414,7,season_shift,-0.0008
MED00415,7,season_shift,-0.0019
MED00416,7,season_shift,0.00121
MED00417,7,season_shift,-0.00146
MED00419,7,season_shift,0.00062
MED00420,7,season_shift,-0.0062
MED00421,7,season_shift,-0.00325
MED00422,7,season_shift,-0.0031
MED00423,7,season_shift,0.00062
MED00424,7,season_shift,0.002
MED00001,8,season_shift,-0.00102
MED00002,8,season_shift,-0.01887
MED00003,8,season_shift,-0.01822
MED00004,8,season_shift,-0.00641
MED00005,8,season_shift,-0.00412
MED00006,8,season_shift,0.00567
MED00007,8,season_shift,0.00249
MED00008,8,season_shift,-0.00348
MED00009,8,season_shift,-0.00132
MED00010,8,season_shift,0.00099
MED00011,8,season_shift,-0.002
MED00012,8,season_shift,0.00427
MED00013,8,season_shift,-0.00054
MED00014,8,season_shift,-0.00317
MED00015,8,season_shift,-0.00375
MED00016,8,season_shift,-0.00582
MED00017,8,season_shift,0.00278
MED00019,8,season_shift,0.00017
MED00020,8,season_shift,-0.00327
MED00021,8,season_shift,-0.00408
MED00022,8,season_shift,-0.0095
MED00023,8,season_shift,0.00356
MED00024,8,season_shift,-0.00345
MED00025,8,season_shift,0.00488
MED00026,8,season_shift,-0.01214
MED00027,8,season_shift,-0.02577
MED00028,8,season_shift,-0.00332
MED00029,8,season_shift,-0.00015
MED00030,8,season_shift,-0.00385
MED00031,8,season_shift,-0.00418
MED00032,8,season_shift,-0.0065
MED00033,8,season_shift,-0.00355
MED00034,8,season_shift,-0.00345
MED00035,8,season_shift,-0.0015
MED00036,8,season_shift,-0.00161
MED00037,8,season_shift,0.00198
MED00038,8,season_shift,-0.00209
MED00039,8,season_shift,-0.00289
MED00040,8,season_shift,-0.00085
MED00041,8,season_shift,-0.0019
MED00042,8,season_shift,-0.00432
MED00043,8,season_shift,-0.00423
MED00044,8,season_shift,-0.00374
MED00045,8,season_shift,0.00251
MED00046,8,season_shift,-0.00257
MED00047,8,season_shift,0.0028
MED00048,8,season_shift,0.0025
MED00049,8,season_shift,-0.02416
MED00050,8,season_shift,-0.0026
MED00051,8,season_shift,-0.02323
MED00052,8,season_shift,-0.00265
MED00053,8,season_shift,-0.00572
MED00054,8,season_shift,-0.0071
MED00055,8,season_shift,-0.00119
MED00056,8,season_shift,-0.00218
MED00057,8,season_shift,-0.00277
MED00058,8,season_shift,0.00475
MED00059,8,season_shift,-0.00293
MED00060,8,season_shift,-0.00049
MED00061,8,season_shift,-0.00217
MED00062,8,season_shift,-0.00256
MED00063,8,season_shift,-0.02376
MED00064,8,season_shift,-0.0007
MED00065,8,season_shift,0.00068
MED00066,8,season_shift,-0.00325
MED00067,8,season_shift,0.00142
MED00068,8,season_shift,-0.0039
MED00069,8,season_shift,-0.0056
MED00070,8,season_shift,0.00011
MED00071,8,season_shift,0.00012
MED00072,8,season_shift,-0.00145
MED00073,8,season_shift,-0.00523
MED00074,8,season_shift,-0.00285
MED00075,8,season_shift,-0.00209
MED00076,8,season_shift,-0.01253
MED00077,8,season_shift,-0.00664
MED00078,8,season_shift,-0.00624
MED00080,8,season_shift,-0.00407
MED00081,8,season_shift,-0.00433
MED00082,8,season_shift,-0.00407
MED00083,8,season_shift,-0.00374
MED00084,8,season_shift,0.00328
MED00086,8,season_shift,-0.01931
MED00087,8,season_shift,0.00036
MED00088,8,season_shift,0.00509
MED00089,8,season_shift,-0.01104
MED00090,8,season_shift,-0.00594
MED00091,8,season_shift,-0.00267
MED00092,8,season_shift,0.00428
MED00093,8,season_shift,-0.01489
MED00094,8,season_shift,-0.0051
MED00096,8,season_shift,-0.00131
MED00097,8,season_shift,-0.00413
MED00099,8,season_shift,-0.02991
MED00100,8,season_shift,-0.01757
MED00101,8,season_shift,-0.00478
MED00103,8,season_shift,-0.00219
MED00104,8,season_shift,0.00107
MED00105,8,season_shift,-0.00109
MED00106,8,season_shift,-0.02837
MED00107,8,season_shift,0.00138
MED00108,8,season_shift,-0.00174
MED00109,8,season_shift,-0.00617
MED00110,8,season_shift,-0.01163
MED00111,8,season_shift,-0.0038
MED00112,8,season_shift,-0.00131
MED00113,8,season_shift,0.00023
MED00114,8,season_shift,-0.0035
MED00115,8,season_shift,0.00057
MED00116,8,season_shift,-0.00089
MED00117,8,season_shift,-0.00167
MED00118,8,season_shift,0.00568
MED00119,8,season_shift,0.00484
MED00120,8,season_shift,-0.00441
MED00121,8,season_shift,-0.00259
MED00122,8,season_shift,0.00216
MED00123,8,season_shift,0.00037
MED00124,8,season_shift,0.00087
MED00125,8,season_shift,-0.01324
MED00126,8,season_shift,-0.01533
MED00127,8,season_shift,0.00367
MED00128,8,season_shift,0.00234
MED00129,8,season_shift,-0.00083
MED00130,8,season_shift,-0.02792
MED00132,8,season_shift,0.00265
MED00133,8,season_shift,-0.00269
MED00134,8,season_shift,-0.01097
MED00135,8,season_shift,-0.00536
MED00136,8,season_shift,0.00285
MED00137,8,season_shift,0.00294
MED00138,8,season_shift,0.0003
MED00139,8,season_shift,-0.00131
MED00140,8,season_shift,0.00384
MED00141,8,season_shift,-0.00296
MED00142,8,season_shift,-0.00578
MED00143,8,season_shift,0.00202
MED00144,8,season_shift,0.00046
MED00145,8,season_shift,-0.00354
MED00146,8,season_shift,0.00095
MED00147,8,season_shift,0.00147
MED00148,8,season_shift,-0.00154
MED00149,8,season_shift,-0.00236
MED00150,8,season_shift,-0.00319
MED00151,8,season_shift,0.00202
MED00152,8,season_shift,0.00129
MED00153,8,season_shift,0.00072
MED00154,8,season_shift,-0.00355
MED00155,8,season_shift,0.00268
MED00156,8,season_shift,-0.00397
MED00157,8,season_shift,0.00227
MED00158,8,season_shift,-0.01646
MED00159,8,season_shift,-0.00315
MED00160,8,season_shift,-0.00058
MED00161,8,season_shift,0.00076
MED00162,8,season_shift,-0.00074
MED00163,8,season_shift,-0.00298
MED00164,8,season_shift,-0.0013
MED00165,8,season_shift,-0.00182
MED00166,8,season_shift,0.00041
MED00167,8,season_shift,0.00047
MED00168,8,season_shift,-0.00028
MED00169,8,season_shift,0.00388
MED00170,8,season_shift,0.00193
MED00171,8,season_shift,0.00167
MED00172,8,season_shift,-0.00505
MED00173,8,season_shift,-0.00077
MED00174,8,season_shift,-0.00185
MED00175,8,season_shift,-0.00016
MED00176,8,season_shift,-0.00444
MED00177,8,season_shift,-0.01334
MED00178,8,season_shift,-0.00242
MED00179,8,season_shift,-0.00524
MED00180,8,season_shift,0.0007
MED00181,8,season_shift,-0.00369
MED00182,8,season_shift,-0.02445
MED00183,8,season_shift,-0.00246
MED00184,8,season_shift,-0.00188
MED00185,8,season_shift,-0.00573
MED00186,8,season_shift,0.00041
MED00187,8,season_shift,-0.00034
MED00188,8,season_shift,-0.00309
MED00189,8,season_shift,-0.0251
MED00190,8,season_shift,-0.00024
MED00191,8,season_shift,-0.00198
MED00192,8,season_shift,-0.01832
MED00193,8,season_shift,-0.0251
MED00194,8,season_shift,-0.00116
MED00195,8,season_shift,-0.00052
MED00196,8,season_shift,-0.00302
MED00197,8,season_shift,-0.00142
MED00198,8,season_shift,0.00397
MED00199,8,season_shift,-0.00651
MED00200,8,season_shift,0.00254
MED00201,8,season_shift,-0.00306
MED00202,8,season_shift,0.00287
MED00203,8,season_shift,-0.00786
MED00204,8,season_shift,0.0024
MED00205,8,season_shift,-0.00189
MED00206,8,season_shift,-0.00518
MED00207,8,season_shift,0.00102
MED00208,8,season_shift,-0.00216
MED00209,8,season_shift,-0.00285
MED00210,8,season_shift,-0.00309
MED00211,8,season_shift,-0.00106
MED00212,8,season_shift,0.00052
MED00213,8,season_shift,-0.00769
MED00214,8,season_shift,0.00196
MED00215,8,season_shift,0.00059
MED00216,8,season_shift,0.00586
MED00217,8,season_shift,-0.01462
MED00218,8,season_shift,-0.00073
MED00219,8,season_shift,0.0061
MED00220,8,season_shift,0.00075
MED00221,8,season_shift,-0.00533
MED00222,8,season_shift,-0.00931
MED00223,8,season_shift,-0.00229
MED00224,8,season_shift,0.00163
MED00225,8,season_shift,-0.0003
MED00226,8,season_shift,-0.00319
MED00227,8,season_shift,0.00293
MED00228,8,season_shift,-0.00467
MED00229,8,season_shift,-0.00818
MED00230,8,season_shift,-0.00163
MED00231,8,season_shift,0.00478
MED00232,8,season_shift,0.00022
MED00233,8,season_shift,-0.00096
MED00234,8,season_shift,0.00253
MED00235,8,season_shift,-0.00127
MED00236,8,season_shift,-0.00081
MED00237,8,season_shift,-0.00186
MED00238,8,season_shift,-0.00109
MED00239,8,season_shift,-0.00122
MED00240,8,season_shift,-0.00577
MED00241,8,season_shift,0.00153
MED00242,8,season_shift,-0.00085
MED00243,8,season_shift,-0.0187
MED00244,8,season_shift,0.00041
MED00245,8,season_shift,0.00063
MED00246,8,season_shift,0.00263
MED00247,8,season_shift,0.00134
MED00248,8,season_shift,0.00327
MED00249,8,season_shift,-0.00136
MED00250,8,season_shift,0.00035
MED00251,8,season_shift,0.00235
MED00252,8,season_shift,-0.00307
MED00253,8,season_shift,-0.00163
MED00254,8,season_shift,-0.00301
MED00255,8,season_shift,-0.00607
MED00256,8,season_shift,0.00365
MED00257,8,season_shift,-0.0013
MED00259,8,season_shift,0.00039
MED00260,8,season_shift,-0.00555
MED00261,8,season_shift,-0.00907
MED00262,8,season_shift,-0.00315
MED00263,8,season_shift,-0.00754
MED00264,8,season_shift,-0.00748
MED00265,8,season_shift,0.00089
MED00266,8,season_shift,-0.00526
MED00267,8,season_shift,-0.00081
MED00268,8,season_shift,0.00164
MED00269,8,season_shift,0.00031
MED00270,8,season_shift,-0.00342
MED00271,8,season_shift,-0.01452
MED00272,8,season_shift,-0.00053
MED00273,8,season_shift,-0.00154
MED00274,8,season_shift,0.00048
MED00276,8,season_shift,0.00176
MED00277,8,season_shift,-0.02509
MED00278,8,season_shift,0.00281
MED00279,8,season_shift,-0.00439
MED00280,8,season_shift,-0.01385
MED00281,8,season_shift,-0.00068
MED00282,8,season_shift,-0.00321
MED00283,8,season_shift,-0.00081
MED00284,8,season_shift,-0.00067
MED00285,8,season_shift,0.00064
MED00286,8,season_shift,-0.00344
MED00287,8,season_shift,-0.00119
MED00288,8,season_shift,0.0047
MED00289,8,season_shift,-0.01424
MED00290,8,season_shift,0.00169
MED00291,8,season_shift,0.00354
MED00292,8,season_shift,-0.00141
MED00293,8,season_shift,-0.00547
MED00294,8,season_shift,0.00993
MED00295,8,season_shift,-0.01631
MED00296,8,season_shift,-0.00067
MED00297,8,season_shift,0.00192
MED00298,8,season_shift,-0.00155
MED00299,8,season_shift,-0.00016
MED00300,8,season_shift,0.00276
MED00301,8,season_shift,-0.0014
MED00302,8,season_shift,-0.00214
MED00303,8,season_shift,-0.00365
MED00304,8,season_shift,-0.00314
MED00305,8,season_shift,0.00047
MED00306,8,season_shift,-0.00502
MED00307,8,season_shift,-0.00207
MED00308,8,season_shift,-0.00348
MED00309,8,season_shift,-0.00566
MED00310,8,season_shift,-0.00195
MED00311,8,season_shift,-0.00497
MED00312,8,season_shift,-0.00404
MED00313,8,season_shift,-0.00721
MED00314,8,season_shift,-0.00334
MED00315,8,season_shift,0.00436
MED00316,8,season_shift,-0.00011
MED00317,8,season_shift,-0.00093
MED00318,8,season_shift,-0.00141
MED00319,8,season_shift,0.00249
MED00320,8,season_shift,-0.00215
MED00321,8,season_shift,-0.00478
MED00322,8,season_shift,-0.02764
MED00323,8,season_shift,-0.00079
MED00324,8,season_shift,-0.00484
MED00326,8,season_shift,-0.00025
MED00327,8,season_shift,-0.00116
MED00328,8,season_shift,0.00128
MED00329,8,season_shift,0.00248
MED00331,8,season_shift,-0.00088
MED00332,8,season_shift,0.00133
MED00333,8,season_shift,-0.00582
MED00334,8,season_shift,0.00212
MED00335,8,season_shift,0.00525
MED00336,8,season_shift,0.00118
MED00337,8,season_shift,0.00034
MED00338,8,season_shift,-0.0048
MED00339,8,season_shift,0.00144
MED00341,8,season_shift,-0.0018
MED00342,8,season_shift,0.00094
MED00343,8,season_shift,0.00245
MED00344,8,season_shift,0.00138
MED00345,8,season_shift,-0.02498
MED00346,8,season_shift,-0.00037
MED00347,8,season_shift,-0.01828
MED00348,8,season_shift,0.0029
MED00349,8,season_shift,0.00133
MED00350,8,season_shift,-0.00251
MED00351,8,season_shift,-0.00876
MED00352,8,season_shift,-0.00969
MED00353,8,season_shift,-0.0108
MED00354,8,season_shift,-0.00697
MED00355,8,season_shift,-0.00631
MED00356,8,season_shift,0.00238
MED00357,8,season_shift,-0.0149
MED00358,8,season_shift,-0.00162
MED00359,8,season_shift,0.00022
MED00360,8,season_shift,-0.01638
MED00361,8,season_shift,-0.00166
MED00362,8,season_shift,-0.00119
MED00363,8,season_shift,0.0016
MED00364,8,season_shift,-0.0248
MED00365,8,season_shift,0.00271
MED00366,8,season_shift,0.00368
MED00367,8,season_shift,0.00099
MED00368,8,season_shift,-0.00552
MED00369,8,season_shift,-0.0046
MED00370,8,season_shift,0.00165
MED00371,8,season_shift,-0.00537
MED00372,8,season_shift,-0.01903
MED00373,8,season_shift,-0.005
MED00374,8,season_shift,-0.00114
MED00375,8,season_shift,-0.00548
MED00376,8,season_shift,0.00042
MED00377,8,season_shift,-0.00704
MED00378,8,season_shift,-0.00094
MED00379,8,season_shift,0.00016
MED00380,8,season_shift,-0.00915
MED00381,8,season_shift,-0.00285
MED00382,8,season_shift,0.00101
MED00383,8,season_shift,-0.00197
MED00384,8,season_shift,0.00238
MED00385,8,season_shift,-0.00142
MED00386,8,season_shift,-0.00117
MED00387,8,season_shift,-0.00217
MED00388,8,season_shift,0.01118
MED00389,8,season_shift,-0.00174
MED00390,8,season_shift,-0.00237
MED00391,8,season_shift,-0.00161
MED00392,8,season_shift,0.00098
MED00393,8,season_shift,-0.00334
MED00394,8,season_shift,-0.00276
MED00395,8,season_shift,-0.00262
MED00396,8,season_shift,-0.0006
MED00397,8,season_shift,-0.00145
MED00398,8,season_shift,-0.00161
MED00399,8,season_shift,-0.00163
MED00400,8,season_shift,-0.00175
MED00401,8,season_shift,-0.00902
MED00402,8,season_shift,-0.00136
MED00403,8,season_shift,-0.00205
MED00404,8,season_shift,-0.00016
MED00405,8,season_shift,0.00066
MED00406,8,season_shift,0.00298
MED00407,8,season_shift,-0.00393
MED00408,8,season_shift,-0.00714
MED00409,8,season_shift,-0.00298
MED00410,8,season_shift,-0.00092
MED00411,8,season_shift,-0.00297
MED00412,8,season_shift,-0.00198
MED00413,8,season_shift,-0.00107
MED00414,8,season_shift,-0.00106
MED00415,8,season_shift,-0.00153
MED00416,8,season_shift,0.00162
MED00417,8,season_shift,-0.00168
MED00418,8,season_shift,-0.00032
MED00420,8,season_shift,-0.00645
MED00421,8,season_shift,-0.00283
MED00422,8,season_shift,-0.00267
MED00423,8,season_shift,0.00099
MED00424,8,season_shift,0.00159
MED00001,9,season_shift,-0.00046
MED00002,9,season_shift,-0.02077
MED00003,9,season_shift,-0.02099
MED00004,9,season_shift,-0.00648
MED00005,9,season_shift,-0.00414
MED00006,9,season_shift,0.00062
MED00007,9,season_shift,0.00127
MED00008,9,season_shift,-0.00366
MED00009,9,season_shift,-0.00119
MED00010,9,season_shift,0.00087
MED00011,9,season_shift,-0.00189
MED00012,9,season_shift,-0.00083
MED00013,9,season_shift,-0.00031
MED00014,9,season_shift,-0.00247
MED00015,9,season_shift,-0.00385
MED00016,9,season_shift,-0.00639
MED00017,9,season_shift,0.00294
MED00018,9,season_shift,-0.00025
MED00020,9,season_shift,-0.00277
MED00021,9,season_shift,-0.00337
MED00022,9,season_shift,-0.00876
MED00023,9,season_shift,-0.00155
MED00024,9,season_shift,-0.00247
MED00025,9,season_shift,0.00271
MED00026,9,season_shift,-0.01549
MED00027,9,season_shift,-0.02794
MED00028,9,season_shift,-0.0034
MED00030,9,season_shift,-0.00377
MED00031,9,season_shift,-0.0047
MED00032,9,season_shift,-0.0064
MED00033,9,season_shift,-0.00328
MED00034,9,season_shift,-0.00321
MED00035,9,season_shift,-0.00143
MED00036,9,season_shift,-0.0016
MED00037,9,season_shift,0.00191
MED00038,9,season_shift,-0.00103
MED00039,9,season_shift,-0.00293
MED00040,9,season_shift,-0.0008
MED00041,9,season_shift,-0.00187
MED00042,9,season_shift,-0.0044
MED00043,9,season_shift,-0.00428
MED00044,9,season_shift,-0.00314
MED00045,9,season_shift,0.0018
MED00046,9,season_shift,-0.00263
MED00047,9,season_shift,0.00326
MED00048,9,season_shift,0.00288
MED00049,9,season_shift,-0.02627
MED00050,9,season_shift,-0.00283
MED00051,9,season_shift,-0.02723
MED00052,9,season_shift,-0.00279
MED00053,9,season_shift,-0.00468
MED00054,9,season_shift,-0.00623
MED00055,9,season_shift,-0.00144
MED00056,9,season_shift,-0.00213
MED00057,9,season_shift,-0.0026
MED00058,9,season_shift,0.00403
MED00059,9,season_shift,-0.00193
MED00060,9,season_shift,-0.00019
MED00061,9,season_shift,-0.00231
MED00062,9,season_shift,-0.0018
MED00063,9,season_shift,-0.02647
MED00064,9,season_shift,-0.00143
MED00065,9,season_shift,0.00068
MED00066,9,season_shift,-0.00313
MED00067,9,season_shift,0.00138
MED00068,9,season_shift,-0.00292
MED00069,9,season_shift,-0.00557
MED00070,9,season_shift,0.00119
MED00071,9,season_shift,0.00095
MED00072,9,season_shift,-0.0005
MED00073,9,season_shift,-0.0043
MED00074,9,season_shift,-0.00186
MED00075,9,season_shift,-0.00107
MED00076,9,season_shift,-0.01192
MED00077,9,season_shift,-0.00586
MED00078,9,season_shift,-0.00393
MED00080,9,season_shift,-0.00312
MED00081,9,season_shift,-0.00449
MED00082,9,season_shift,-0.00336
MED00083,9,season_shift,-0.00333
MED00084,9,season_shift,0.00336
MED00085,9,season_shift,0.00032
MED00086,9,season_shift,-0.01748
MED00087,9,season_shift,0.00026
MED00088,9,season_shift,0.00518
MED00089,9,season_shift,-0.0105
MED00090,9,season_shift,-0.0052
MED00091,9,season_shift,-0.00171
MED00092,9,season_shift,0.00411
MED00093,9,season_shift,-0.01419
MED00094,9,season_shift,-0.00503
MED00095,9,season_shift,0.00018
MED00096,9,season_shift,-0.00054
MED00097,9,season_shift,-0.00406
MED00099,9,season_shift,-0.03269
MED00100,9,season_shift,-0.01966
MED00101,9,season_shift,-0.00426
MED00102,9,season_shift,-0.0006
MED00103,9,season_shift,-0.00255
MED00104,9,season_shift,0.00134
MED00105,9,season_shift,-0.00136
MED00106,9,season_shift,-0.03049
MED00107,9,season_shift,0.0019
MED00108,9,season_shift,-0.00154
MED00109,9,season_shift,-0.00595
MED00110,9,season_shift,-0.01141
MED00111,9,season_shift,-0.00394
MED00112,9,season_shift,-0.00125
MED00113,9,season_shift,0.00016
MED00114,9,season_shift,-0.00341
MED00115,9,season_shift,0.00047
MED00116,9,season_shift,-0.00085
MED00117,9,season_shift,-0.00202
MED00118,9,season_shift,0.00584
MED00120,9,season_shift,-0.0037
MED00121,9,season_shift,-0.00326
MED00122,9,season_shift,0.00231
MED00123,9,season_shift,0.0004
MED00124,9,season_shift,0.00121
MED00125,9,season_shift,-0.01263
MED00126,9,season_shift,-0.01528
MED00127,9,season_shift,0.00351
MED00128,9,season_shift,0.00248
MED00129,9,season_shift,-0.00148
MED00130,9,season_shift,-0.03002
MED00131,9,season_shift,0.0009
MED00132,9,season_shift,0.00269
MED00133,9,season_shift,-0.0027
MED00134,9,season_shift,-0.01091
MED00135,9,season_shift,-0.00481
MED00136,9,season_shift,0.00312
MED00137,9,season_shift,0.00294
MED00138,9,season_shift,0.00017
MED00139,9,season_shift,-0.00194
MED00140,9,season_shift,0.004
MED00141,9,season_shift,-0.00223
MED00142,9,season_shift,-0.00572
MED00143,9,season_shift,0.0023
MED00144,9,season_shift,0.00054
MED00145,9,season_shift,-0.00345
MED00146,9,season_shift,-0.00023
MED00147,9,season_shift,0.00137
MED00148,9,season_shift,-0.00124
MED00149,9,season_shift,-0.00221
MED00150,9,season_shift,-0.00278
MED00151,9,season_shift,0.00216
MED00152,9,season_shift,0.00146
MED00153,9,season_shift,0.00015
MED00154,9,season_shift,-0.00354
MED00155,9,season_shift,0.00291
MED00156,9,season_shift,-0.00365
MED00157,9,season_shift,0.00257
MED00158,9,season_shift,-0.0159
MED00159,9,season_shift,-0.0024
MED00160,9,season_shift,-0.00029
MED00161,9,season_shift,0.00087
MED00162,9,season_shift,-0.00075
MED00163,9,season_shift,-0.00301
MED00164,9,season_shift,-0.00071
MED00165,9,season_shift,-0.00177
MED00166,9,season_shift,0.00032
MED00167,9,season_shift,-0.00023
MED00168,9,season_shift,-0.00042
MED00169,9,season_shift,0.00403
MED00170,9,season_shift,0.00186
MED00171,9,season_shift,0.0018
MED00172,9,season_shift,-0.00428
MED00173,9,season_shift,-0.00076
MED00174,9,season_shift,-0.00152
MED00175,9,season_shift,-0.00021
MED00176,9,season_shift,-0.00403
MED00177,9,season_shift,-0.01616
MED00178,9,season_shift,-0.00241
MED00179,9,season_shift,-0.00511
MED00180,9,season_shift,-0.0044
MED00181,9,season_shift,-0.00231
MED00182,9,season_shift,-0.0264
MED00183,9,season_shift,-0.00231
MED00184,9,season_shift,-0.00167
MED00185,9,season_shift,-0.00495
MED00186,9,season_shift,0.00051
MED00187,9,season_shift,-0.00062
MED00188,9,season_shift,-0.003
MED00189,9,season_shift,-0.02721
MED00190,9,season_shift,-0.00034
MED00191,9,season_shift,-0.00195
MED00192,9,season_shift,-0.01771
MED00193,9,season_shift,-0.02717
MED00194,9,season_shift,-0.0011
MED00195,9,season_shift,-0.00047
MED00196,9,season_shift,-0.00306
MED00197,9,season_shift,-0.00137
MED00198,9,season_shift,0.0041
MED00199,9,season_shift,-0.00592
MED00200,9,season_shift,0.00241
MED00201,9,season_shift,-0.00234
MED00202,9,season_shift,-0.00228
MED00203,9,season_shift,-0.00688
MED00204,9,season_shift,-0.00267
MED00205,9,season_shift,-0.00188
MED00206,9,season_shift,-0.0046
MED00207,9,season_shift,0.00094
MED00208,9,season_shift,-0.00205
MED00209,9,season_shift,-0.00292
MED00210,9,season_shift,-0.00293
MED00211,9,season_shift,-0.00103
MED00212,9,season_shift,-0.00028
MED00213,9,season_shift,-0.00763
MED00214,9,season_shift,0.00233
MED00215,9,season_shift,0.00051
MED00216,9,season_shift,0.00522
MED00217,9,season_shift,-0.01404
MED00218,9,season_shift,-0.00047
MED00219,9,season_shift,0.00606
MED00220,9,season_shift,0.00061
MED00221,9,season_shift,-0.00462
MED00222,9,season_shift,-0.00958
MED00223,9,season_shift,-0.00221
MED00224,9,season_shift,-0.00344
MED00226,9,season_shift,-0.00314
MED00227,9,season_shift,0.00313
MED00228,9,season_shift,-0.00466
MED00229,9,season_shift,-0.00812
MED00230,9,season_shift,-0.00159
MED00231,9,season_shift,0.00492
MED00232,9,season_shift,-0.00067
MED00233,9,season_shift,-0.00097
MED00234,9,season_shift,0.00266
MED00235,9,season_shift,-0.00146
MED00236,9,season_shift,-0.00108
MED00237,9,season_shift,-0.00178
MED00238,9,season_shift,-0.00094
MED00239,9,season_shift,-0.00126
MED00240,9,season_shift,-0.00482
MED00241,9,season_shift,0.00143
MED00242,9,season_shift,-0.0008
MED00243,9,season_shift,-0.02061
MED00244,9,season_shift,0.00054
MED00245,9,season_shift,0.00043
MED00246,9,season_shift,0.00295
MED00247,9,season_shift,0.00142
MED00248,9,season_shift,0.00332
MED00249,9,season_shift,-0.00124
MED00250,9,season_shift,0.00142
MED00251,9,season_shift,0.00251
MED00252,9,season_shift,-0.00236
MED00253,9,season_shift,-0.0013
MED00254,9,season_shift,-0.00228
MED00255,9,season_shift,-0.00507
MED00256,9,season_shift,0.00373
MED00257,9,season_shift,-0.00034
MED00259,9,season_shift,0.00066
MED00260,9,season_shift,-0.00515
MED00261,9,season_shift,-0.00893
MED00262,9,season_shift,-0.0022
MED00263,9,season_shift,-0.00747
MED00264,9,season_shift,-0.00739
MED00265,9,season_shift,0.00124
MED00266,9,season_shift,-0.00455
MED00267,9,season_shift,-0.00049
MED00268,9,season_shift,0.00163
MED00269,9,season_shift,0.0002
MED00270,9,season_shift,-0.00316
MED00271,9,season_shift,-0.0138
MED00272,9,season_shift,-0.00064
MED00273,9,season_shift,-0.00198
MED00274,9,season_shift,0.00052
MED00275,9,season_shift,0.00051
MED00276,9,season_shift,0.0021
MED00277,9,season_shift,-0.02721
MED00278,9,season_shift,0.00318
MED00279,9,season_shift,-0.00373
MED00280,9,season_shift,-0.01328
MED00281,9,season_shift,-0.00081
MED00282,9,season_shift,-0.00332
MED00283,9,season_shift,-0.00096
MED00284,9,season_shift,-0.00041
MED00285,9,season_shift,0.00093
MED00286,9,season_shift,-0.0025
MED00287,9,season_shift,-0.00093
MED00288,9,season_shift,0.00397
MED00289,9,season_shift,-0.01346
MED00290,9,season_shift,0.00182
MED00291,9,season_shift,0.00316
MED00292,9,season_shift,-0.00382
MED00293,9,season_shift,-0.00452
MED00294,9,season_shift,0.00982
MED00295,9,season_shift,-0.01654
MED00296,9,season_shift,-0.00064
MED00297,9,season_shift,0.00203
MED00298,9,season_shift,-0.00128
MED00300,9,season_shift,-0.00235
MED00301,9,season_shift,-0.0014
MED00302,9,season_shift,-0.00206
MED00303,9,season_shift,-0.00385
MED00304,9,season_shift,-0.00239
MED00305,9,season_shift,0.00031
MED00306,9,season_shift,-0.00781
MED00307,9,season_shift,-0.00209
MED00308,9,season_shift,-0.00325
MED00309,9,season_shift,-0.0049
MED00310,9,season_shift,-0.00185
MED00311,9,season_shift,-0.00493
MED00312,9,season_shift,-0.00402
MED00313,9,season_shift,-0.00702
MED00314,9,season_shift,-0.00274
MED00315,9,season_shift,0.00474
MED00316,9,season_shift,0.00015
MED00317,9,season_shift,-0.00087
MED00318,9,season_shift,-0.00046
MED00319,9,season_shift,0.00298
MED00320,9,season_shift,-0.00239
MED00321,9,season_shift,-0.00477
MED00322,9,season_shift,-0.02976
MED00323,9,season_shift,-0.00078
MED00324,9,season_shift,-0.00393
MED00325,9,season_shift,0.00022
MED00326,9,season_shift,-0.00019
MED00327,9,season_shift,-0.00272
MED00328,9,season_shift,0.00154
MED00329,9,season_shift,0.00286
MED00331,9,season_shift,-0.00099
MED00332,9,season_shift,0.00135
MED00333,9,season_shift,-0.00578
MED00334,9,season_shift,0.00194
MED00335,9,season_shift,0.00522
MED00336,9,season_shift,0.00129
MED00337,9,season_shift,0.00034
MED00338,9,season_shift,-0.00404
MED00339,9,season_shift,-0.00289
MED00340,9,season_shift,-0.00014
MED00341,9,season_shift,-0.00183
MED00342,9,season_shift,0.00122
MED00343,9,season_shift,0.00282
MED00344,9,season_shift,0.00131
MED00345,9,season_shift,-0.02705
MED00346,9,season_shift,-0.00084
MED00347,9,season_shift,-0.01766
MED00348,9,season_shift,0.003
MED00349,9,season_shift,0.00147
MED00350,9,season_shift,-0.00251
MED00351,9,season_shift,-0.00863
MED00352,9,season_shift,-0.00963
MED00353,9,season_shift,-0.01075
MED00354,9,season_shift,-0.00677
MED00355,9,season_shift,-0.00552
MED00356,9,season_shift,0.00243
MED00357,9,season_shift,-0.0143
MED00358,9,season_shift,-0.00113
MED00359,9,season_shift,-0.00024
MED00360,9,season_shift,-0.01568
MED00361,9,season_shift,-0.00162
MED00362,9,season_shift,0.00189
MED00363,9,season_shift,0.00158
MED00364,9,season_shift,-0.0269
MED00365,9,season_shift,0.00285
MED00366,9,season_shift,0.00407
MED00367,9,season_shift,0.00088
MED00368,9,season_shift,-0.00523
MED00369,9,season_shift,-0.00365
MED00370,9,season_shift,0.00168
MED00371,9,season_shift,-0.00466
MED00372,9,season_shift,-0.0209
MED00373,9,season_shift,-0.00506
MED00374,9,season_shift,-0.00114
MED00375,9,season_shift,-0.00481
MED00376,9,season_shift,0.00035
MED00377,9,season_shift,-0.00722
MED00378,9,season_shift,-0.00083
MED00379,9,season_shift,0.00029
MED00380,9,season_shift,-0.00894
MED00381,9,season_shift,-0.0027
MED00382,9,season_shift,0.00108
MED00383,9,season_shift,-0.002
MED00384,9,season_shift,0.00261
MED00385,9,season_shift,-0.00133
MED00386,9,season_shift,-0.00061
MED00387,9,season_shift,-0.0022
MED00388,9,season_shift,0.01119
MED00389,9,season_shift,-0.00068
MED00390,9,season_shift,-0.00141
MED00391,9,season_shift,-0.00112
MED00392,9,season_shift,0.00107
MED00393,9,season_shift,-0.00308
MED00394,9,season_shift,-0.00221
MED00395,9,season_shift,-0.00246
MED00396,9,season_shift,-0.00052
MED00397,9,season_shift,-0.00146
MED00398,9,season_shift,-0.00176
MED00399,9,season_shift,-0.00166
MED00400,9,season_shift,-0.00118
MED00401,9,season_shift,-0.00756
MED00402,9,season_shift,-0.00036
MED00403,9,season_shift,-0.00195
MED00405,9,season_shift,0.00077
MED00406,9,season_shift,0.00303
MED00407,9,season_shift,-0.00295
MED00408,9,season_shift,-0.00573
MED00409,9,season_shift,-0.0022
MED00410,9,season_shift,1e-04
MED00411,9,season_shift,-0.00267
MED00412,9,season_shift,-0.00123
MED00413,9,season_shift,-0.00056
MED00414,9,season_shift,-0.00077
MED00415,9,season_shift,-0.00076
MED00416,9,season_shift,0.00193
MED00417,9,season_shift,-0.00095
MED00418,9,season_shift,0.00019
MED00419,9,season_shift,0.00048
MED00420,9,season_shift,-0.00569
MED00421,9,season_shift,-0.00206
MED00422,9,season_shift,-0.00197
MED00423,9,season_shift,0.00154
MED00424,9,season_shift,0.00137
MED00001,10,season_shift,-0.00046
MED00002,10,season_shift,-0.02213
MED00003,10,season_shift,-0.02128
MED00004,10,season_shift,-0.00652
MED00005,10,season_shift,-0.00399
MED00006,10,season_shift,0.00058
MED00007,10,season_shift,0.00128
MED00008,10,season_shift,-0.00383
MED00009,10,season_shift,-0.00116
MED00010,10,season_shift,0.00086
MED00011,10,season_shift,-0.00189
MED00012,10,season_shift,-0.00088
MED00013,10,season_shift,-0.00027
MED00014,10,season_shift,-0.00128
MED00015,10,season_shift,-0.00384
MED00016,10,season_shift,-0.00636
MED00017,10,season_shift,0.0029
MED00018,10,season_shift,-0.00025
MED00020,10,season_shift,-0.00277
MED00021,10,season_shift,-0.00336
MED00022,10,season_shift,-0.00873
MED00023,10,season_shift,-0.00157
MED00024,10,season_shift,-0.00247
MED00025,10,season_shift,-0.00054
MED00026,10,season_shift,-0.01861
MED00027,10,season_shift,-0.03119
MED00028,10,season_shift,-0.00339
MED00030,10,season_shift,-0.00374
MED00031,10,season_shift,-0.00469
MED00032,10,season_shift,-0.00682
MED00033,10,season_shift,-0.00327
MED00034,10,season_shift,-0.0032
MED00035,10,season_shift,-0.00483
MED00036,10,season_shift,-0.00174
MED00037,10,season_shift,0.0019
MED00038,10,season_shift,-0.00101
MED00039,10,season_shift,-0.00306
MED00040,10,season_shift,-0.0007
MED00041,10,season_shift,-0.00181
MED00042,10,season_shift,-0.00477
MED00043,10,season_shift,-0.00447
MED00044,10,season_shift,-0.00315
MED00045,10,season_shift,0.00186
MED00046,10,season_shift,-0.00264
MED00047,10,season_shift,0.00329
MED00048,10,season_shift,0.0029
MED00049,10,season_shift,-0.02852
MED00050,10,season_shift,-0.00284
MED00051,10,season_shift,-0.02848
MED00052,10,season_shift,-0.00299
MED00053,10,season_shift,-0.00465
MED00054,10,season_shift,-0.0062
MED00055,10,season_shift,-0.00167
MED00056,10,season_shift,-0.00214
MED00057,10,season_shift,-0.00278
MED00058,10,season_shift,0.00401
MED00059,10,season_shift,-0.0019
MED00060,10,season_shift,-0.00022
MED00061,10,season_shift,-0.00251
MED00062,10,season_shift,-0.00182
MED00063,10,season_shift,-0.02779
MED00064,10,season_shift,-0.00135
MED00065,10,season_shift,0.00055
MED00066,10,season_shift,-0.00332
MED00067,10,season_shift,0.00139
MED00068,10,season_shift,-0.00289
MED00069,10,season_shift,-0.00558
MED00070,10,season_shift,0.00116
MED00071,10,season_shift,0.00095
MED00072,10,season_shift,-0.0005
MED00073,10,season_shift,-0.0043
MED00074,10,season_shift,-0.00183
MED00075,10,season_shift,-0.00107
MED00076,10,season_shift,-0.01328
MED00077,10,season_shift,-0.00585
MED00078,10,season_shift,-0.00393
MED00080,10,season_shift,-0.0031
MED00081,10,season_shift,-0.00459
MED00082,10,season_shift,-0.00337
MED00083,10,season_shift,-0.00332
MED00084,10,season_shift,0.0032
MED00085,10,season_shift,-0.00039
MED00086,10,season_shift,-0.0188
MED00087,10,season_shift,0.00025
MED00088,10,season_shift,0.00502
MED00089,10,season_shift,-0.0106
MED00090,10,season_shift,-0.0052
MED00091,10,season_shift,-0.00172
MED00092,10,season_shift,0.00411
MED00093,10,season_shift,-0.01759
MED00094,10,season_shift,-0.00463
MED00096,10,season_shift,-0.00054
MED00097,10,season_shift,-0.00422
MED00099,10,season_shift,-0.03594
MED00100,10,season_shift,-0.02101
MED00101,10,season_shift,-0.00418
MED00102,10,season_shift,-0.00062
MED00103,10,season_shift,-0.00256
MED00104,10,season_shift,0.00137
MED00105,10,season_shift,-0.00135
MED00106,10,season_shift,-0.03189
MED00107,10,season_shift,0.00191
MED00108,10,season_shift,-0.00154
MED00109,10,season_shift,-0.00605
MED00110,10,season_shift,-0.0115
MED00111,10,season_shift,-0.00393
MED00112,10,season_shift,-0.00125
MED00113,10,season_shift,0.00017
MED00114,10,season_shift,-0.00342
MED00115,10,season_shift,0.00046
MED00116,10,season_shift,-0.00088
MED00117,10,season_shift,-0.00203
MED00118,10,season_shift,0.00583
MED00120,10,season_shift,-0.00372
MED00121,10,season_shift,-0.00328
MED00122,10,season_shift,0.00235
MED00123,10,season_shift,0.00039
MED00124,10,season_shift,0.00122
MED00125,10,season_shift,-0.01411
MED00126,10,season_shift,-0.01541
MED00127,10,season_shift,0.00313
MED00128,10,season_shift,0.00247
MED00129,10,season_shift,-0.00149
MED00130,10,season_shift,-0.03141
MED00131,10,season_shift,0.0009
MED00132,10,season_shift,0.00278
MED00133,10,season_shift,-0.00271
MED00134,10,season_shift,-0.01099
MED00135,10,season_shift,-0.00483
MED00136,10,season_shift,0.00326
MED00137,10,season_shift,0.00297
MED00138,10,season_shift,0.00018
MED00139,10,season_shift,-0.00198
MED00140,10,season_shift,0.00401
MED00141,10,season_shift,-0.00222
MED00142,10,season_shift,-0.00598
MED00143,10,season_shift,0.00229
MED00144,10,season_shift,0.0005
MED00145,10,season_shift,-0.00364
MED00146,10,season_shift,-0.00022
MED00147,10,season_shift,0.00093
MED00148,10,season_shift,-0.00126
MED00149,10,season_shift,-0.00215
MED00150,10,season_shift,-0.00279
MED00151,10,season_shift,0.00215
MED00152,10,season_shift,0.00142
MED00153,10,season_shift,0.00015
MED00154,10,season_shift,-0.00355
MED00155,10,season_shift,0.00311
MED00156,10,season_shift,-0.00366
MED00157,10,season_shift,0.00277
MED00158,10,season_shift,-0.02003
MED00159,10,season_shift,-0.00242
MED00160,10,season_shift,0.00022
MED00161,10,season_shift,0.00074
MED00162,10,season_shift,-0.00086
MED00163,10,season_shift,-0.00319
MED00164,10,season_shift,-0.003
MED00165,10,season_shift,-0.0022
MED00166,10,season_shift,0.0003
MED00167,10,season_shift,-0.00023
MED00168,10,season_shift,-0.00043
MED00169,10,season_shift,0.00404
MED00170,10,season_shift,0.00186
MED00171,10,season_shift,0.00179
MED00172,10,season_shift,-0.00426
MED00173,10,season_shift,-0.00077
MED00174,10,season_shift,-0.00152
MED00175,10,season_shift,-0.00052
MED00176,10,season_shift,-0.00382
MED00177,10,season_shift,-0.0184
MED00178,10,season_shift,-0.00243
MED00179,10,season_shift,-0.00537
MED00180,10,season_shift,-0.00436
MED00181,10,season_shift,-0.00231
MED00182,10,season_shift,-0.02947
MED00183,10,season_shift,-0.00233
MED00184,10,season_shift,-0.00169
MED00185,10,season_shift,-0.00494
MED00186,10,season_shift,0.0005
MED00187,10,season_shift,-0.00063
MED00188,10,season_shift,-0.00271
MED00189,10,season_shift,-0.03042
MED00190,10,season_shift,-0.00035
MED00191,10,season_shift,-0.00196
MED00192,10,season_shift,-0.01905
MED00193,10,season_shift,-0.02849
MED00194,10,season_shift,-0.00154
MED00195,10,season_shift,-0.0009
MED00196,10,season_shift,-0.0035
MED00197,10,season_shift,-0.0018
MED00198,10,season_shift,0.00409
MED00199,10,season_shift,-0.00593
MED00200,10,season_shift,0.0024
MED00201,10,season_shift,-0.00236
MED00202,10,season_shift,-0.00242
MED00203,10,season_shift,-0.00688
MED00204,10,season_shift,-0.00268
MED00205,10,season_shift,-0.00188
MED00206,10,season_shift,-0.00461
MED00207,10,season_shift,0.00093
MED00208,10,season_shift,-0.00206
MED00209,10,season_shift,-0.00292
MED00210,10,season_shift,-0.00318
MED00211,10,season_shift,-0.00104
MED00212,10,season_shift,-0.00029
MED00213,10,season_shift,-0.00774
MED00214,10,season_shift,0.00235
MED00215,10,season_shift,0.00052
MED00216,10,season_shift,0.0039
MED00217,10,season_shift,-0.01545
MED00219,10,season_shift,0.00415
MED00220,10,season_shift,0.00041
MED00221,10,season_shift,-0.00463
MED00222,10,season_shift,-0.00987
MED00223,10,season_shift,-0.0023
MED00224,10,season_shift,-0.00345
MED00226,10,season_shift,-0.00315
MED00227,10,season_shift,0.00316
MED00228,10,season_shift,-0.00465
MED00229,10,season_shift,-0.00826
MED00230,10,season_shift,-0.0016
MED00231,10,season_shift,0.00515
MED00232,10,season_shift,-0.00067
MED00233,10,season_shift,-0.00098
MED00234,10,season_shift,0.00251
MED00235,10,season_shift,-0.00148
MED00236,10,season_shift,-0.00109
MED00237,10,season_shift,-0.00174
MED00238,10,season_shift,-0.00095
MED00239,10,season_shift,-0.00123
MED00240,10,season_shift,-0.00481
MED00241,10,season_shift,0.00131
MED00242,10,season_shift,-0.00123
MED00243,10,season_shift,-0.02196
MED00244,10,season_shift,0.0005
MED00245,10,season_shift,0.00027
MED00246,10,season_shift,0.00297
MED00247,10,season_shift,0.00144
MED00248,10,season_shift,0.00333
MED00249,10,season_shift,-0.00124
MED00250,10,season_shift,0.00144
MED00251,10,season_shift,0.00249
MED00252,10,season_shift,-0.00276
MED00253,10,season_shift,-0.00111
MED00254,10,season_shift,-0.00267
MED00255,10,season_shift,-0.00506
MED00256,10,season_shift,0.00372
MED00257,10,season_shift,-0.00031
MED00259,10,season_shift,0.00066
MED00260,10,season_shift,-0.00553
MED00261,10,season_shift,-0.00913
MED00262,10,season_shift,-0.00217
MED00263,10,season_shift,-0.00745
MED00264,10,season_shift,-0.00748
MED00265,10,season_shift,0.00126
MED00266,10,season_shift,-0.00456
MED00267,10,season_shift,-0.00048
MED00268,10,season_shift,0.00159
MED00269,10,season_shift,0.00032
MED00270,10,season_shift,-0.00314
MED00271,10,season_shift,-0.01379
MED00272,10,season_shift,-0.00063
MED00273,10,season_shift,-0.00196
MED00274,10,season_shift,0.00058
MED00275,10,season_shift,0.00053
MED00276,10,season_shift,0.00208
MED00277,10,season_shift,-0.02854
MED00278,10,season_shift,0.0032
MED00279,10,season_shift,-0.00373
MED00280,10,season_shift,-0.01461
MED00281,10,season_shift,-0.00078
MED00282,10,season_shift,-0.00332
MED00283,10,season_shift,-0.00097
MED00284,10,season_shift,-0.00042
MED00285,10,season_shift,0.00091
MED00286,10,season_shift,-0.00248
MED00287,10,season_shift,-0.00091
MED00288,10,season_shift,0.00413
MED00289,10,season_shift,-0.01343
MED00290,10,season_shift,0.00181
MED00291,10,season_shift,0.00312
MED00292,10,season_shift,-0.00425
MED00293,10,season_shift,-0.00449
MED00294,10,season_shift,0.00981
MED00295,10,season_shift,-0.018
MED00296,10,season_shift,-0.00065
MED00297,10,season_shift,0.00204
MED00298,10,season_shift,-0.00128
MED00299,10,season_shift,1e-04
MED00300,10,season_shift,-0.0025
MED00301,10,season_shift,-0.00139
MED00302,10,season_shift,-0.00205
MED00303,10,season_shift,-0.00386
MED00304,10,season_shift,-0.0024
MED00305,10,season_shift,0.00029
MED00306,10,season_shift,-0.01081
MED00307,10,season_shift,-0.0021
MED00308,10,season_shift,-0.00362
MED00309,10,season_shift,-0.0049
MED00310,10,season_shift,-0.00228
MED00311,10,season_shift,-0.00493
MED00312,10,season_shift,-0.00403
MED00313,10,season_shift,-0.00701
MED00314,10,season_shift,-0.00276
MED00315,10,season_shift,0.0046
MED00316,10,season_shift,0.00015
MED00317,10,season_shift,-0.00088
MED00318,10,season_shift,-0.00044
MED00319,10,season_shift,0.003
MED00320,10,season_shift,-0.00238
MED00321,10,season_shift,-0.00479
MED00322,10,season_shift,-0.03194
MED00323,10,season_shift,-0.00079
MED00324,10,season_shift,-0.00392
MED00326,10,season_shift,-0.00018
MED00327,10,season_shift,-0.00273
MED00328,10,season_shift,0.00157
MED00329,10,season_shift,0.00286
MED00331,10,season_shift,-0.00079
MED00332,10,season_shift,0.00158
MED00333,10,season_shift,-0.00575
MED00334,10,season_shift,0.0019
MED00335,10,season_shift,0.00522
MED00336,10,season_shift,0.00261
MED00337,10,season_shift,0.00033
MED00338,10,season_shift,-0.00406
MED00339,10,season_shift,-0.0029
MED00340,10,season_shift,-0.00331
MED00341,10,season_shift,-0.00182
MED00342,10,season_shift,0.00121
MED00343,10,season_shift,0.0027
MED00344,10,season_shift,0.0013
MED00345,10,season_shift,-0.02837
MED00346,10,season_shift,-0.00087
MED00347,10,season_shift,-0.01899
MED00348,10,season_shift,0.00296
MED00349,10,season_shift,0.00148
MED00350,10,season_shift,-0.00252
MED00351,10,season_shift,-0.00873
MED00352,10,season_shift,-0.00972
MED00353,10,season_shift,-0.01085
MED00354,10,season_shift,-0.00677
MED00355,10,season_shift,-0.00551
MED00356,10,season_shift,0.00263
MED00357,10,season_shift,-0.01566
MED00358,10,season_shift,-0.00156
MED00359,10,season_shift,-0.00025
MED00360,10,season_shift,-0.01567
MED00361,10,season_shift,-0.0016
MED00362,10,season_shift,0.00191
MED00363,10,season_shift,0.00157
MED00364,10,season_shift,-0.02823
MED00365,10,season_shift,0.00268
MED00366,10,season_shift,0.00409
MED00367,10,season_shift,0.00087
MED00368,10,season_shift,-0.0052
MED00369,10,season_shift,-0.00363
MED00370,10,season_shift,0.00167
MED00371,10,season_shift,-0.00468
MED00372,10,season_shift,-0.02226
MED00373,10,season_shift,-0.00538
MED00374,10,season_shift,-0.00156
MED00375,10,season_shift,-0.00484
MED00376,10,season_shift,0.00034
MED00377,10,season_shift,-0.00748
MED00378,10,season_shift,-0.00082
MED00379,10,season_shift,0.00029
MED00380,10,season_shift,-0.00905
MED00381,10,season_shift,-0.00272
MED00382,10,season_shift,0.00064
MED00383,10,season_shift,-0.00196
MED00384,10,season_shift,0.00261
MED00385,10,season_shift,0.00165
MED00386,10,season_shift,-0.00061
MED00387,10,season_shift,-0.00219
MED00388,10,season_shift,0.01112
MED00389,10,season_shift,-0.00066
MED00390,10,season_shift,-0.00141
MED00391,10,season_shift,-0.00112
MED00392,10,season_shift,0.00109
MED00393,10,season_shift,-0.00298
MED00394,10,season_shift,-0.00221
MED00395,10,season_shift,-0.00245
MED00396,10,season_shift,-0.00056
MED00397,10,season_shift,-0.00138
MED00398,10,season_shift,-0.00176
MED00399,10,season_shift,-0.00167
MED00400,10,season_shift,-0.00119
MED00401,10,season_shift,-0.00754
MED00402,10,season_shift,-0.00034
MED00403,10,season_shift,-0.00196
MED00405,10,season_shift,0.00078
MED00406,10,season_shift,0.00303
MED00407,10,season_shift,-0.00295
MED00408,10,season_shift,-0.0057
MED00409,10,season_shift,-0.00219
MED00410,10,season_shift,0.00012
MED00411,10,season_shift,-0.00271
MED00412,10,season_shift,-0.00124
MED00413,10,season_shift,-0.00059
MED00414,10,season_shift,-0.00078
MED00415,10,season_shift,-0.00078
MED00416,10,season_shift,0.0019
MED00417,10,season_shift,-0.00094
MED00418,10,season_shift,0.00022
MED00419,10,season_shift,0.0005
MED00420,10,season_shift,-0.00567
MED00421,10,season_shift,-0.00204
MED00422,10,season_shift,-0.002
MED00423,10,season_shift,0.00155
MED00424,10,season_shift,0.00145
MED00001,11,season_shift,-0.00035
MED00002,11,season_shift,-0.02405
MED00003,11,season_shift,-0.02422
MED00004,11,season_shift,-0.00657
MED00005,11,season_shift,-0.00405
MED00006,11,season_shift,0.00063
MED00007,11,season_shift,0.00126
MED00008,11,season_shift,-0.0039
MED00009,11,season_shift,-0.00105
MED00010,11,season_shift,0.00087
MED00011,11,season_shift,-0.00185
MED00012,11,season_shift,-0.00087
MED00013,11,season_shift,-0.00033
MED00014,11,season_shift,-0.0012
MED00015,11,season_shift,-0.00391
MED00016,11,season_shift,-0.00638
MED00017,11,season_shift,0.00278
MED00018,11,season_shift,-0.00032
MED00020,11,season_shift,-0.00275
MED00021,11,season_shift,-0.00339
MED00022,11,season_shift,-0.00892
MED00023,11,season_shift,-0.00159
MED00024,11,season_shift,-0.00259
MED00025,11,season_shift,-0.00073
MED00026,11,season_shift,-0.01897
MED00027,11,season_shift,-0.03135
MED00028,11,season_shift,-0.00342
MED00029,11,season_shift,0.00014
MED00030,11,season_shift,-0.00371
MED00031,11,season_shift,-0.00466
MED00032,11,season_shift,-0.0067
MED00033,11,season_shift,-0.00309
MED00034,11,season_shift,-0.00328
MED00035,11,season_shift,-0.0059
MED00036,11,season_shift,-0.00171
MED00037,11,season_shift,0.0018
MED00038,11,season_shift,-0.00112
MED00039,11,season_shift,-0.00312
MED00040,11,season_shift,-0.00066
MED00041,11,season_shift,-0.00188
MED00042,11,season_shift,-0.00484
MED00043,11,season_shift,-0.00468
MED00044,11,season_shift,-0.00326
MED00045,11,season_shift,0.00202
MED00046,11,season_shift,-0.00274
MED00047,11,season_shift,0.00311
MED00048,11,season_shift,0.00291
MED00049,11,season_shift,-0.02956
MED00050,11,season_shift,-0.00287
MED00051,11,season_shift,-0.02918
MED00052,11,season_shift,-0.00306
MED00053,11,season_shift,-0.00466
MED00054,11,season_shift,-0.00621
MED00055,11,season_shift,-0.00274
MED00056,11,season_shift,-0.00202
MED00057,11,season_shift,-0.00286
MED00058,11,season_shift,0.00401
MED00059,11,season_shift,-0.00191
MED00060,11,season_shift,-1e-04
MED00061,11,season_shift,-0.00262
MED00062,11,season_shift,-0.00171
MED00063,11,season_shift,-0.02977
MED00064,11,season_shift,-0.00147
MED00065,11,season_shift,0.00048
MED00066,11,season_shift,-0.00344
MED00067,11,season_shift,0.00137
MED00068,11,season_shift,-0.003
MED00069,11,season_shift,-0.0056
MED00070,11,season_shift,0.00103
MED00071,11,season_shift,0.00084
MED00072,11,season_shift,-0.00061
MED00073,11,season_shift,-0.0044
MED00074,11,season_shift,-0.00194
MED00075,11,season_shift,-0.00106
MED00076,11,season_shift,-0.01337
MED00077,11,season_shift,-0.00585
MED00078,11,season_shift,-0.00382
MED00079,11,season_shift,0.00017
MED00080,11,season_shift,-0.00329
MED00081,11,season_shift,-0.00463
MED00082,11,season_shift,-0.00339
MED00083,11,season_shift,-0.00351
MED00084,11,season_shift,0.00321
MED00085,11,season_shift,-0.0004
MED00086,11,season_shift,-0.01924
MED00087,11,season_shift,0.00025
MED00088,11,season_shift,0.00533
MED00089,11,season_shift,-0.01067
MED00090,11,season_shift,-0.00531
MED00091,11,season_shift,-0.00183
MED00092,11,season_shift,0.00405
MED00093,11,season_shift,-0.01771
MED00094,11,season_shift,-0.00494
MED00096,11,season_shift,-0.00043
MED00097,11,season_shift,-0.00444
MED00099,11,season_shift,-0.0361
MED00100,11,season_shift,-0.02398
MED00101,11,season_shift,-0.0042
MED00102,11,season_shift,-0.00074
MED00103,11,season_shift,-0.00263
MED00104,11,season_shift,0.00146
MED00105,11,season_shift,-0.00139
MED00106,11,season_shift,-0.033
MED00107,11,season_shift,0.0019
MED00108,11,season_shift,-0.00157
MED00109,11,season_shift,-0.0062
MED00110,11,season_shift,-0.01162
MED00111,11,season_shift,-0.00412
MED00112,11,season_shift,-0.00156
MED00113,11,season_shift,0.00016
MED00114,11,season_shift,-0.00342
MED00115,11,season_shift,0.00045
MED00116,11,season_shift,-0.00121
MED00117,11,season_shift,-0.00205
MED00118,11,season_shift,0.00582
MED00120,11,season_shift,-0.00378
MED00121,11,season_shift,-0.00463
MED00122,11,season_shift,0.00233
MED00123,11,season_shift,0.00029
MED00124,11,season_shift,0.00125
MED00125,11,season_shift,-0.01408
MED00126,11,season_shift,-0.01551
MED00127,11,season_shift,0.00325
MED00128,11,season_shift,0.00245
MED00129,11,season_shift,-0.00147
MED00130,11,season_shift,-0.03251
MED00131,11,season_shift,0.00079
MED00132,11,season_shift,0.0027
MED00133,11,season_shift,-0.00274
MED00134,11,season_shift,-0.01111
MED00135,11,season_shift,-0.0049
MED00136,11,season_shift,0.00285
MED00137,11,season_shift,0.00296
MED00138,11,season_shift,0.00015
MED00139,11,season_shift,-0.00187
MED00140,11,season_shift,0.00384
MED00141,11,season_shift,-0.00225
MED00142,11,season_shift,-0.00613
MED00143,11,season_shift,0.0023
MED00144,11,season_shift,0.00036
MED00145,11,season_shift,-0.00367
MED00146,11,season_shift,-0.00051
MED00147,11,season_shift,0.00109
MED00148,11,season_shift,-0.00115
MED00149,11,season_shift,-0.00217
MED00150,11,season_shift,-0.00282
MED00151,11,season_shift,0.00197
MED00152,11,season_shift,0.00144
MED00154,11,season_shift,-0.00359
MED00155,11,season_shift,0.00309
MED00156,11,season_shift,-0.00356
MED00157,11,season_shift,0.00276
MED00158,11,season_shift,-0.0191
MED00159,11,season_shift,-0.0024
MED00160,11,season_shift,0.0004
MED00161,11,season_shift,0.00074
MED00162,11,season_shift,-0.00066
MED00163,11,season_shift,-0.00331
MED00164,11,season_shift,-0.00302
MED00165,11,season_shift,-0.00243
MED00166,11,season_shift,0.00049
MED00167,11,season_shift,-0.00024
MED00168,11,season_shift,-0.00017
MED00169,11,season_shift,0.00382
MED00170,11,season_shift,0.00185
MED00171,11,season_shift,0.00178
MED00172,11,season_shift,-0.00437
MED00173,11,season_shift,-0.00076
MED00174,11,season_shift,-0.00187
MED00175,11,season_shift,-0.0006
MED00176,11,season_shift,-0.00381
MED00177,11,season_shift,-0.0186
MED00178,11,season_shift,-0.00254
MED00179,11,season_shift,-0.00535
MED00180,11,season_shift,-0.00437
MED00181,11,season_shift,-0.00205
MED00182,11,season_shift,-0.02977
MED00183,11,season_shift,-0.00237
MED00184,11,season_shift,-0.00169
MED00185,11,season_shift,-0.00493
MED00186,11,season_shift,0.00047
MED00187,11,season_shift,-0.00051
MED00188,11,season_shift,-0.00239
MED00189,11,season_shift,-0.03147
MED00190,11,season_shift,-0.00065
MED00191,11,season_shift,-0.00201
MED00192,11,season_shift,-0.01915
MED00193,11,season_shift,-0.03042
MED00194,11,season_shift,-0.00169
MED00195,11,season_shift,-0.00113
MED00196,11,season_shift,-0.00364
MED00197,11,season_shift,-0.00195
MED00198,11,season_shift,0.00408
MED00199,11,season_shift,-0.00601
MED00200,11,season_shift,0.00241
MED00201,11,season_shift,-0.00225
MED00202,11,season_shift,-0.00242
MED00203,11,season_shift,-0.00698
MED00204,11,season_shift,-0.00269
MED00205,11,season_shift,-0.00192
MED00206,11,season_shift,-0.00472
MED00207,11,season_shift,0.00091
MED00208,11,season_shift,-0.00209
MED00209,11,season_shift,-0.00303
MED00210,11,season_shift,-0.00422
MED00211,11,season_shift,-0.00102
MED00212,11,season_shift,-0.00018
MED00213,11,season_shift,-0.00768
MED00214,11,season_shift,0.00234
MED00215,11,season_shift,0.00053
MED00216,11,season_shift,0.00188
MED00217,11,season_shift,-0.01547
MED00219,11,season_shift,0.00396
MED00220,11,season_shift,0.00041
MED00221,11,season_shift,-0.00473
MED00222,11,season_shift,-0.0101
MED00223,11,season_shift,-0.00227
MED00224,11,season_shift,-0.00346
MED00226,11,season_shift,-0.00325
MED00227,11,season_shift,0.00312
MED00228,11,season_shift,-0.00454
MED00229,11,season_shift,-0.00836
MED00230,11,season_shift,-0.00168
MED00231,11,season_shift,0.00513
MED00232,11,season_shift,-0.0007
MED00233,11,season_shift,-0.00109
MED00234,11,season_shift,0.0025
MED00235,11,season_shift,-0.00148
MED00236,11,season_shift,-0.00116
MED00237,11,season_shift,-0.00164
MED00238,11,season_shift,-0.00096
MED00239,11,season_shift,-0.00123
MED00240,11,season_shift,-0.00492
MED00241,11,season_shift,0.00116
MED00242,11,season_shift,-0.00138
MED00243,11,season_shift,-0.02393
MED00244,11,season_shift,0.00049
MED00245,11,season_shift,0.00011
MED00246,11,season_shift,0.00298
MED00247,11,season_shift,0.00143
MED00248,11,season_shift,0.00343
MED00249,11,season_shift,-0.00165
MED00250,11,season_shift,0.00126
MED00251,11,season_shift,0.00248
MED00252,11,season_shift,-0.00299
MED00253,11,season_shift,-0.00114
MED00254,11,season_shift,-0.00284
MED00255,11,season_shift,-0.00514
MED00256,11,season_shift,0.00374
MED00257,11,season_shift,-0.00042
MED00259,11,season_shift,0.00065
MED00260,11,season_shift,-0.00551
MED00261,11,season_shift,-0.00924
MED00262,11,season_shift,-0.00228
MED00263,11,season_shift,-0.00746
MED00264,11,season_shift,-0.00763
MED00265,11,season_shift,0.00056
MED00266,11,season_shift,-0.00465
MED00267,11,season_shift,-0.00036
MED00268,11,season_shift,0.00159
MED00269,11,season_shift,0.00051
MED00270,11,season_shift,-0.00316
MED00271,11,season_shift,-0.0139
MED00272,11,season_shift,-0.00052
MED00273,11,season_shift,-0.00185
MED00274,11,season_shift,0.00048
MED00275,11,season_shift,0.00064
MED00276,11,season_shift,0.00207
MED00277,11,season_shift,-0.03156
MED00278,11,season_shift,0.00303
MED00279,11,season_shift,-0.00373
MED00280,11,season_shift,-0.01478
MED00281,11,season_shift,-0.00066
MED00282,11,season_shift,-0.0032
MED00283,11,season_shift,-0.00095
MED00284,11,season_shift,-0.00052
MED00285,11,season_shift,0.00109
MED00286,11,season_shift,-0.00248
MED00287,11,season_shift,-0.00109
MED00288,11,season_shift,0.00143
MED00289,11,season_shift,-0.01362
MED00290,11,season_shift,0.0018
MED00291,11,season_shift,0.00308
MED00292,11,season_shift,-0.0041
MED00293,11,season_shift,-0.00439
MED00294,11,season_shift,0.00972
MED00295,11,season_shift,-0.01804
MED00296,11,season_shift,-0.00064
MED00297,11,season_shift,0.00203
MED00298,11,season_shift,-0.00129
MED00299,11,season_shift,0.00017
MED00300,11,season_shift,-0.0025
MED00301,11,season_shift,-0.0014
MED00302,11,season_shift,-0.00202
MED00303,11,season_shift,-0.00382
MED00304,11,season_shift,-0.00243
MED00305,11,season_shift,0.00029
MED00306,11,season_shift,-0.01191
MED00307,11,season_shift,-0.00224
MED00308,11,season_shift,-0.00361
MED00309,11,season_shift,-0.00492
MED00310,11,season_shift,-0.00217
MED00311,11,season_shift,-0.00488
MED00312,11,season_shift,-0.00413
MED00313,11,season_shift,-0.00707
MED00314,11,season_shift,-0.00285
MED00315,11,season_shift,0.00458
MED00316,11,season_shift,0.00016
MED00317,11,season_shift,-0.00089
MED00318,11,season_shift,-0.00055
MED00319,11,season_shift,0.003
MED00320,11,season_shift,-0.00244
MED00321,11,season_shift,-0.00478
MED00322,11,season_shift,-0.03305
MED00323,11,season_shift,-0.00089
MED00324,11,season_shift,-0.00393
MED00326,11,season_shift,-0.00024
MED00327,11,season_shift,-0.00278
MED00328,11,season_shift,0.00158
MED00329,11,season_shift,0.00286
MED00331,11,season_shift,-0.00081
MED00332,11,season_shift,0.00176
MED00333,11,season_shift,-0.00577
MED00334,11,season_shift,0.00188
MED00335,11,season_shift,0.00522
MED00336,11,season_shift,0.00263
MED00337,11,season_shift,-0.0023
MED00338,11,season_shift,-0.0041
MED00339,11,season_shift,-0.00292
MED00340,11,season_shift,-0.0035
MED00341,11,season_shift,-0.00186
MED00342,11,season_shift,0.00118
MED00343,11,season_shift,0.00269
MED00344,11,season_shift,0.00118
MED00345,11,season_shift,-0.03035
MED00346,11,season_shift,-0.00068
MED00347,11,season_shift,-0.01919
MED00348,11,season_shift,0.00283
MED00349,11,season_shift,0.00146
MED00350,11,season_shift,-0.00241
MED00351,11,season_shift,-0.00875
MED00352,11,season_shift,-0.00984
MED00353,11,season_shift,-0.0109
MED00354,11,season_shift,-0.00684
MED00355,11,season_shift,-0.00562
MED00356,11,season_shift,0.00282
MED00357,11,season_shift,-0.01569
MED00358,11,season_shift,-0.00144
MED00359,11,season_shift,-0.00026
MED00360,11,season_shift,-0.01556
MED00361,11,season_shift,-0.00161
MED00362,11,season_shift,0.0019
MED00363,11,season_shift,0.00156
MED00364,11,season_shift,-0.03128
MED00365,11,season_shift,0.00267
MED00366,11,season_shift,0.0039
MED00367,11,season_shift,0.00089
MED00368,11,season_shift,-0.00522
MED00369,11,season_shift,-0.00374
MED00370,11,season_shift,0.00158
MED00371,11,season_shift,-0.00478
MED00372,11,season_shift,-0.02519
MED00373,11,season_shift,-0.00533
MED00374,11,season_shift,-0.00141
MED00375,11,season_shift,-0.00484
MED00376,11,season_shift,0.00019
MED00377,11,season_shift,-0.00753
MED00378,11,season_shift,-0.00081
MED00379,11,season_shift,0.00029
MED00380,11,season_shift,-0.00916
MED00381,11,season_shift,-0.00262
MED00382,11,season_shift,0.00076
MED00383,11,season_shift,-0.00199
MED00384,11,season_shift,0.0028
MED00385,11,season_shift,0.00164
MED00386,11,season_shift,-0.00048
MED00387,11,season_shift,-0.00242
MED00388,11,season_shift,0.01106
MED00389,11,season_shift,-0.00077
MED00390,11,season_shift,-0.00155
MED00391,11,season_shift,-0.00101
MED00392,11,season_shift,0.0012
MED00393,11,season_shift,-0.00286
MED00394,11,season_shift,-0.0021
MED00395,11,season_shift,-0.00234
MED00396,11,season_shift,-0.00056
MED00397,11,season_shift,-0.00133
MED00398,11,season_shift,-0.00193
MED00399,11,season_shift,-0.00173
MED00400,11,season_shift,-0.00126
MED00401,11,season_shift,-0.00754
MED00402,11,season_shift,-0.00034
MED00403,11,season_shift,-0.00198
MED00404,11,season_shift,-0.00014
MED00405,11,season_shift,0.00076
MED00406,11,season_shift,0.00291
MED00407,11,season_shift,-0.00294
MED00408,11,season_shift,-0.00569
MED00409,11,season_shift,-0.00211
MED00410,11,season_shift,0.00011
MED00411,11,season_shift,-0.00262
MED00412,11,season_shift,-0.00113
MED00413,11,season_shift,-0.00047
MED00414,11,season_shift,-0.00067
MED00415,11,season_shift,-0.00067
MED00416,11,season_shift,0.00201
MED00417,11,season_shift,-0.00083
MED00418,11,season_shift,0.00033
MED00419,11,season_shift,0.00062
MED00420,11,season_shift,-0.0057
MED00421,11,season_shift,-0.00203
MED00422,11,season_shift,-0.00189
MED00423,11,season_shift,0.00168
MED00424,11,season_shift,0.00134
MED00002,12,season_shift,-0.0249
MED00003,12,season_shift,-0.02503
MED00004,12,season_shift,-0.00658
MED00005,12,season_shift,-0.00405
MED00006,12,season_shift,0.00091
MED00007,12,season_shift,0.00158
MED00008,12,season_shift,-0.00396
MED00009,12,season_shift,-0.00067
MED00010,12,season_shift,0.00053
MED00011,12,season_shift,-0.0019
MED00012,12,season_shift,-0.00057
MED00014,12,season_shift,-0.00067
MED00015,12,season_shift,-0.00559
MED00016,12,season_shift,-0.00641
MED00017,12,season_shift,0.00281
MED00018,12,season_shift,-0.00021
MED00019,12,season_shift,0.00527
MED00020,12,season_shift,-0.00267
MED00021,12,season_shift,-0.00303
MED00022,12,season_shift,-0.01476
MED00023,12,season_shift,-0.00127
MED00024,12,season_shift,-0.00259
MED00025,12,season_shift,0.00034
MED00026,12,season_shift,-0.0169
MED00027,12,season_shift,-0.0303
MED00028,12,season_shift,-0.00353
MED00029,12,season_shift,0.00046
MED00030,12,season_shift,-0.00338
MED00031,12,season_shift,-0.00466
MED00032,12,season_shift,-0.00732
MED00033,12,season_shift,-0.00311
MED00034,12,season_shift,-0.00316
MED00035,12,season_shift,-0.00643
MED00036,12,season_shift,-0.00167
MED00037,12,season_shift,0.0021
MED00038,12,season_shift,-0.00078
MED00039,12,season_shift,-0.00316
MED00040,12,season_shift,-0.00067
MED00041,12,season_shift,-0.00203
MED00042,12,season_shift,-0.00445
MED00043,12,season_shift,-0.00735
MED00044,12,season_shift,-0.00059
MED00045,12,season_shift,0.00151
MED00046,12,season_shift,-0.00275
MED00047,12,season_shift,0.0035
MED00048,12,season_shift,0.00326
MED00049,12,season_shift,-0.03018
MED00050,12,season_shift,-0.00242
MED00051,12,season_shift,-0.02975
MED00052,12,season_shift,-0.0032
MED00053,12,season_shift,-0.00427
MED00054,12,season_shift,-0.00444
MED00055,12,season_shift,-0.00175
MED00056,12,season_shift,-0.00205
MED00057,12,season_shift,-0.00265
MED00058,12,season_shift,0.00402
MED00059,12,season_shift,-0.00128
MED00060,12,season_shift,0.00031
MED00061,12,season_shift,-0.00279
MED00062,12,season_shift,-0.00129
MED00063,12,season_shift,-0.03028
MED00064,12,season_shift,-0.00114
MED00065,12,season_shift,0.00589
MED00066,12,season_shift,-0.00494
MED00067,12,season_shift,0.00203
MED00068,12,season_shift,-0.00299
MED00069,12,season_shift,-0.00291
MED00070,12,season_shift,0.00074
MED00071,12,season_shift,0.00352
MED00072,12,season_shift,0.00207
MED00073,12,season_shift,-0.00414
MED00074,12,season_shift,0.00046
MED00075,12,season_shift,-0.001
MED00076,12,season_shift,-0.01424
MED00077,12,season_shift,-0.00546
MED00078,12,season_shift,-0.00324
MED00079,12,season_shift,0.00053
MED00080,12,season_shift,-0.003
MED00081,12,season_shift,-0.00641
MED00082,12,season_shift,-0.00072
MED00083,12,season_shift,-0.00351
MED00084,12,season_shift,0.00324
MED00085,12,season_shift,-1e-04
MED00086,12,season_shift,-0.01807
MED00087,12,season_shift,0.00056
MED00088,12,season_shift,0.00536
MED00089,12,season_shift,-0.01075
MED00090,12,season_shift,-0.00492
MED00091,12,season_shift,0.00084
MED00092,12,season_shift,0.0047
MED00093,12,season_shift,-0.01675
MED00094,12,season_shift,-0.00491
MED00095,12,season_shift,0.00036
MED00097,12,season_shift,-0.00435
MED00098,12,season_shift,0.00038
MED00099,12,season_shift,-0.03454
MED00100,12,season_shift,-0.02451
MED00101,12,season_shift,-0.00634
MED00102,12,season_shift,-0.0005
MED00103,12,season_shift,-0.00221
MED00104,12,season_shift,0.00186
MED00105,12,season_shift,-0.00111
MED00106,12,season_shift,-0.03436
MED00107,12,season_shift,0.00214
MED00108,12,season_shift,-0.00115
MED00109,12,season_shift,-0.00513
MED00110,12,season_shift,-0.00998
MED00111,12,season_shift,-0.00424
MED00112,12,season_shift,-0.00152
MED00113,12,season_shift,1e-04
MED00114,12,season_shift,-0.00333
MED00115,12,season_shift,0.00074
MED00116,12,season_shift,-0.00077
MED00117,12,season_shift,-0.00175
MED00118,12,season_shift,0.00516
MED00119,12,season_shift,0.00024
MED00120,12,season_shift,-0.00366
MED00121,12,season_shift,-0.00402
MED00122,12,season_shift,0.00236
MED00123,12,season_shift,0.00053
MED00124,12,season_shift,0.00167
MED00125,12,season_shift,-0.01474
MED00126,12,season_shift,-0.01444
MED00127,12,season_shift,0.00328
MED00128,12,season_shift,0.00276
MED00129,12,season_shift,-0.00156
MED00130,12,season_shift,-0.03397
MED00131,12,season_shift,0.00106
MED00132,12,season_shift,0.00252
MED00133,12,season_shift,-0.0024
MED00134,12,season_shift,-0.00964
MED00135,12,season_shift,-0.00479
MED00136,12,season_shift,0.00278
MED00137,12,season_shift,0.00273
MED00138,12,season_shift,0.00056
MED00139,12,season_shift,-0.00126
MED00140,12,season_shift,0.00387
MED00141,12,season_shift,-0.0019
MED00142,12,season_shift,-0.00505
MED00143,12,season_shift,0.0026
MED00144,12,season_shift,0.00071
MED00145,12,season_shift,-0.00397
MED00146,12,season_shift,0.00345
MED00147,12,season_shift,0.00141
MED00148,12,season_shift,-0.00074
MED00149,12,season_shift,-0.00195
MED00150,12,season_shift,-0.00277
MED00151,12,season_shift,0.00222
MED00152,12,season_shift,0.00174
MED00154,12,season_shift,-0.00328
MED00155,12,season_shift,0.00341
MED00156,12,season_shift,-0.00351
MED00157,12,season_shift,0.00314
MED00158,12,season_shift,-0.01811
MED00159,12,season_shift,-0.00226
MED00160,12,season_shift,0.00049
MED00161,12,season_shift,0.00109
MED00162,12,season_shift,-0.0004
MED00163,12,season_shift,-0.005
MED00164,12,season_shift,-0.00036
MED00165,12,season_shift,-0.00249
MED00166,12,season_shift,0.0008
MED00167,12,season_shift,-0.00033
MED00168,12,season_shift,0.00013
MED00169,12,season_shift,0.00231
MED00170,12,season_shift,0.00117
MED00171,12,season_shift,0.00191
MED00172,12,season_shift,-0.00433
MED00173,12,season_shift,-0.00074
MED00174,12,season_shift,-0.00146
MED00175,12,season_shift,-0.0018
MED00176,12,season_shift,-0.00373
MED00177,12,season_shift,-0.02172
MED00178,12,season_shift,-0.00226
MED00179,12,season_shift,-0.00492
MED00180,12,season_shift,-0.00408
MED00181,12,season_shift,-0.00169
MED00182,12,season_shift,-0.02811
MED00183,12,season_shift,-0.00236
MED00184,12,season_shift,-0.00185
MED00185,12,season_shift,-0.00462
MED00186,12,season_shift,0.00078
MED00187,12,season_shift,-0.00052
MED00188,12,season_shift,-0.00297
MED00189,12,season_shift,-0.03199
MED00190,12,season_shift,-0.00063
MED00191,12,season_shift,-0.00161
MED00192,12,season_shift,-0.01982
MED00193,12,season_shift,-0.03101
MED00194,12,season_shift,-0.00159
MED00195,12,season_shift,-0.00084
MED00196,12,season_shift,-0.00334
MED00197,12,season_shift,-0.00165
MED00198,12,season_shift,0.00439
MED00199,12,season_shift,-0.00596
MED00200,12,season_shift,0.00245
MED00201,12,season_shift,-0.00185
MED00202,12,season_shift,-0.00213
MED00203,12,season_shift,-0.00458
MED00204,12,season_shift,-0.00239
MED00205,12,season_shift,-0.00165
MED00206,12,season_shift,-0.00074
MED00207,12,season_shift,0.00094
MED00208,12,season_shift,-0.00184
MED00209,12,season_shift,-0.00266
MED00210,12,season_shift,-0.00335
MED00211,12,season_shift,-0.00073
MED00212,12,season_shift,-0.00014
MED00213,12,season_shift,-0.00663
MED00214,12,season_shift,0.00272
MED00215,12,season_shift,0.00057
MED00216,12,season_shift,0.00141
MED00217,12,season_shift,-0.01628
MED00218,12,season_shift,0.00029
MED00219,12,season_shift,0.00419
MED00220,12,season_shift,0.00069
MED00221,12,season_shift,-0.00445
MED00222,12,season_shift,-0.00898
MED00223,12,season_shift,-0.00215
MED00224,12,season_shift,-0.00316
MED00225,12,season_shift,0.00037
MED00226,12,season_shift,-0.00326
MED00227,12,season_shift,0.00353
MED00228,12,season_shift,-0.00398
MED00229,12,season_shift,-0.00744
MED00230,12,season_shift,-0.00157
MED00231,12,season_shift,0.00545
MED00232,12,season_shift,-0.00049
MED00233,12,season_shift,-0.00075
MED00234,12,season_shift,0.0028
MED00235,12,season_shift,-0.00226
MED00236,12,season_shift,-0.00073
MED00237,12,season_shift,-0.00131
MED00238,12,season_shift,-0.00106
MED00239,12,season_shift,-0.00083
MED00240,12,season_shift,-0.00457
MED00241,12,season_shift,0.0012
MED00242,12,season_shift,-0.00108
MED00243,12,season_shift,-0.0247
MED00244,12,season_shift,0.00051
MED00245,12,season_shift,0.00504
MED00246,12,season_shift,0.00336
MED00247,12,season_shift,0.0018
MED00248,12,season_shift,0.00374
MED00249,12,season_shift,-0.00176
MED00250,12,season_shift,0.0016
MED00251,12,season_shift,0.0025
MED00252,12,season_shift,-0.00314
MED00253,12,season_shift,-0.00093
MED00254,12,season_shift,-0.00297
MED00255,12,season_shift,-0.00474
MED00256,12,season_shift,0.00374
MED00258,12,season_shift,0.00024
MED00259,12,season_shift,0.00075
MED00260,12,season_shift,-0.00491
MED00261,12,season_shift,-0.00805
MED00262,12,season_shift,-0.002
MED00263,12,season_shift,-0.00811
MED00264,12,season_shift,-0.00616
MED00265,12,season_shift,0.00092
MED00266,12,season_shift,-0.00451
MED00268,12,season_shift,0.00191
MED00269,12,season_shift,0.0004
MED00270,12,season_shift,-0.00382
MED00271,12,season_shift,-0.01078
MED00272,12,season_shift,-0.00013
MED00273,12,season_shift,-0.00179
MED00274,12,season_shift,0.00025
MED00275,12,season_shift,0.00103
MED00276,12,season_shift,0.00221
MED00277,12,season_shift,-0.03211
MED00278,12,season_shift,0.00341
MED00279,12,season_shift,-0.00363
MED00280,12,season_shift,-0.01523
MED00281,12,season_shift,-0.00027
MED00282,12,season_shift,-0.00315
MED00283,12,season_shift,-0.00112
MED00284,12,season_shift,-0.00048
MED00285,12,season_shift,0.00147
MED00286,12,season_shift,-0.00208
MED00287,12,season_shift,-0.00079
MED00288,12,season_shift,0.00671
MED00289,12,season_shift,-0.0194
MED00290,12,season_shift,0.0021
MED00291,12,season_shift,0.00186
MED00292,12,season_shift,-0.00533
MED00293,12,season_shift,-0.004
MED00294,12,season_shift,0.00974
MED00295,12,season_shift,-0.0165
MED00296,12,season_shift,-0.00027
MED00297,12,season_shift,0.0024
MED00298,12,season_shift,-0.00099
MED00299,12,season_shift,-0.00028
MED00300,12,season_shift,-0.00225
MED00301,12,season_shift,-0.00101
MED00302,12,season_shift,-0.00191
MED00303,12,season_shift,-0.00383
MED00304,12,season_shift,0.0003
MED00305,12,season_shift,0.00059
MED00306,12,season_shift,-0.0123
MED00307,12,season_shift,-0.00227
MED00308,12,season_shift,-0.00355
MED00309,12,season_shift,-0.00492
MED00310,12,season_shift,-0.0021
MED00311,12,season_shift,-0.00456
MED00312,12,season_shift,-0.00374
MED00313,12,season_shift,-0.00674
MED00314,12,season_shift,-0.00272
MED00315,12,season_shift,0.00496
MED00316,12,season_shift,0.00046
MED00317,12,season_shift,-0.00087
MED00318,12,season_shift,0.00213
MED00319,12,season_shift,0.00339
MED00320,12,season_shift,-0.00204
MED00321,12,season_shift,-0.00499
MED00322,12,season_shift,-0.03367
MED00323,12,season_shift,-0.00114
MED00324,12,season_shift,-0.0036
MED00325,12,season_shift,0.00042
MED00326,12,season_shift,0.00016
MED00327,12,season_shift,-0.00236
MED00328,12,season_shift,0.00196
MED00329,12,season_shift,0.00322
MED00330,12,season_shift,0.00044
MED00331,12,season_shift,-0.00026
MED00332,12,season_shift,0.00181
MED00333,12,season_shift,-0.00593
MED00334,12,season_shift,0.00469
MED00335,12,season_shift,0.00464
MED00336,12,season_shift,0.0015
MED00337,12,season_shift,-0.00292
MED00338,12,season_shift,-0.00398
MED00339,12,season_shift,-0.00262
MED00340,12,season_shift,-0.0022
MED00341,12,season_shift,-0.00158
MED00342,12,season_shift,0.00121
MED00343,12,season_shift,0.00307
MED00344,12,season_shift,0.00149
MED00345,12,season_shift,-0.03095
MED00346,12,season_shift,-0.00028
MED00347,12,season_shift,-0.01962
MED00348,12,season_shift,0.00171
MED00349,12,season_shift,0.00177
MED00350,12,season_shift,-0.00252
MED00351,12,season_shift,-0.0077
MED00352,12,season_shift,-0.00853
MED00353,12,season_shift,-0.00983
MED00354,12,season_shift,-0.00685
MED00355,12,season_shift,-0.00525
MED00356,12,season_shift,0.00286
MED00357,12,season_shift,-0.0173
MED00358,12,season_shift,-0.00104
MED00359,12,season_shift,0.00015
MED00360,12,season_shift,-0.01561
MED00361,12,season_shift,-0.00226
MED00362,12,season_shift,0.00221
MED00363,12,season_shift,0.00185
MED00364,12,season_shift,-0.0317
MED00365,12,season_shift,0.00291
MED00366,12,season_shift,0.00428
MED00367,12,season_shift,0.00118
MED00368,12,season_shift,-0.00552
MED00369,12,season_shift,-0.00097
MED00370,12,season_shift,0.00156
MED00371,12,season_shift,-0.00465
MED00372,12,season_shift,-0.02682
MED00373,12,season_shift,-0.00544
MED00374,12,season_shift,-0.00172
MED00375,12,season_shift,-0.00493
MED00376,12,season_shift,0.00023
MED00377,12,season_shift,-0.00768
MED00378,12,season_shift,-0.00203
MED00380,12,season_shift,-0.00808
MED00381,12,season_shift,-0.00255
MED00382,12,season_shift,0.00108
MED00383,12,season_shift,-0.00174
MED00384,12,season_shift,0.00309
MED00385,12,season_shift,0.00197
MED00386,12,season_shift,-0.00012
MED00387,12,season_shift,-0.00197
MED00388,12,season_shift,0.01382
MED00389,12,season_shift,0.00186
MED00390,12,season_shift,-0.00118
MED00391,12,season_shift,-0.00057
MED00392,12,season_shift,0.00163
MED00393,12,season_shift,-0.00249
MED00394,12,season_shift,-0.00172
MED00395,12,season_shift,-0.00191
MED00396,12,season_shift,-0.00077
MED00397,12,season_shift,-0.00211
MED00398,12,season_shift,-0.00164
MED00399,12,season_shift,-0.0018
MED00400,12,season_shift,-0.002
MED00401,12,season_shift,-0.00722
MED00403,12,season_shift,-0.00198
MED00404,12,season_shift,0.00029
MED00405,12,season_shift,0.00116
MED00406,12,season_shift,0.00331
MED00407,12,season_shift,-0.00251
MED00408,12,season_shift,-0.0053
MED00409,12,season_shift,-0.00171
MED00410,12,season_shift,0.00051
MED00411,12,season_shift,-0.0022
MED00412,12,season_shift,-0.00072
MED00414,12,season_shift,-0.00022
MED00415,12,season_shift,-0.00028
MED00416,12,season_shift,0.00246
MED00417,12,season_shift,-0.00043
MED00418,12,season_shift,0.00072
MED00419,12,season_shift,0.00099
MED00420,12,season_shift,-0.00526
MED00421,12,season_shift,-0.00159
MED00422,12,season_shift,-0.00145
MED00423,12,season_shift,0.00205
MED00424,12,season_shift,0.0017
MED00001,1,seasonal_naive,-0.00424
MED00002,1,seasonal_naive,-0.04274
MED00003,1,seasonal_naive,-0.04789
MED00004,1,seasonal_naive,-0.02755
MED00005,1,seasonal_naive,-0.03097
MED00006,1,seasonal_naive,-0.02835
MED00007,1,seasonal_naive,-0.0227
MED00008,1,seasonal_naive,-0.01776
MED00009,1,seasonal_naive,-0.02611
MED00010,1,seasonal_naive,-0.02297
MED00011,1,seasonal_naive,0.03253
MED00012,1,seasonal_naive,-0.02829
MED00013,1,seasonal_naive,-0.00568
MED00014,1,seasonal_naive,0.03289
MED00015,1,seasonal_naive,0.00141
MED00016,1,seasonal_naive,-0.02706
MED00017,1,seasonal_naive,-0.02711
MED00018,1,seasonal_naive,0.06207
MED00019,1,seasonal_naive,0.06679
MED00020,1,seasonal_naive,-0.00038
MED00021,1,seasonal_naive,-0.02937
MED00022,1,seasonal_naive,-0.02164
MED00023,1,seasonal_naive,-0.03513
MED00024,1,seasonal_naive,-0.02624
MED00025,1,seasonal_naive,-0.04968
MED00026,1,seasonal_naive,-0.04048
MED00027,1,seasonal_naive,-0.04554
MED00028,1,seasonal_naive,-0.03
MED00029,1,seasonal_naive,-0.01165
MED00030,1,seasonal_naive,-0.02233
MED00031,1,seasonal_naive,-0.02507
MED00032,1,seasonal_naive,-0.02071
MED00033,1,seasonal_naive,-0.03026
MED00034,1,seasonal_naive,0.02906
MED00035,1,seasonal_naive,-0.02383
MED00036,1,seasonal_naive,-0.02524
MED00037,1,seasonal_naive,-0.01182
MED00038,1,seasonal_naive,-0.00181
MED00039,1,seasonal_naive,-0.03664
MED00040,1,seasonal_naive,-0.02134
MED00041,1,seasonal_naive,-0.03897
MED00042,1,seasonal_naive,-0.02696
MED00043,1,seasonal_naive,-0.02851
MED00044,1,seasonal_naive,-0.02808
MED00045,1,seasonal_naive,-0.02888
MED00046,1,seasonal_naive,-0.02966
MED00047,1,seasonal_naive,-0.01227
MED00048,1,seasonal_naive,-0.00901
MED00049,1,seasonal_naive,-0.0488
MED00050,1,seasonal_naive,-0.02377
MED00051,1,seasonal_naive,-0.05122
MED00052,1,seasonal_naive,-0.02541
MED00053,1,seasonal_naive,0.00392
MED00054,1,seasonal_naive,0.00958
MED00055,1,seasonal_naive,-0.02385
MED00056,1,seasonal_naive,-0.01919
MED00057,1,seasonal_naive,-0.03142
MED00058,1,seasonal_naive,-0.02808
MED00059,1,seasonal_naive,0.0038
MED00060,1,seasonal_naive,-0.01499
MED00061,1,seasonal_naive,-0.02278
MED00062,1,seasonal_naive,-0.01828
MED00063,1,seasonal_naive,-0.05292
MED00064,1,seasonal_naive,0.03247
MED00065,1,seasonal_naive,0.06264
MED00066,1,seasonal_naive,-0.02587
MED00067,1,seasonal_naive,-0.029
MED00068,1,seasonal_naive,-0.0146
MED00069,1,seasonal_naive,-0.03429
MED00070,1,seasonal_naive,-0.00124
MED00071,1,seasonal_naive,-0.03085
MED00072,1,seasonal_naive,-0.0259
MED00073,1,seasonal_naive,-0.01395
MED00074,1,seasonal_naive,-0.02984
MED00075,1,seasonal_naive,-0.02853
MED00076,1,seasonal_naive,-0.03916
MED00077,1,seasonal_naive,-0.01397
MED00078,1,seasonal_naive,-0.02854
MED00079,1,seasonal_naive,-0.01052
MED00080,1,seasonal_naive,-0.017
MED00081,1,seasonal_naive,-0.0392
MED00082,1,seasonal_naive,-0.02574
MED00083,1,seasonal_naive,-0.02927
MED00084,1,seasonal_naive,0.06111
MED00085,1,seasonal_naive,-0.0237
MED00086,1,seasonal_naive,-0.03581
MED00087,1,seasonal_naive,-0.02738
MED00088,1,seasonal_naive,0.02833
MED00089,1,seasonal_naive,-0.01277
MED00090,1,seasonal_naive,-0.02709
MED00091,1,seasonal_naive,-0.03094
MED00092,1,seasonal_naive,-0.02507
MED00093,1,seasonal_naive,-0.03834
MED00094,1,seasonal_naive,-0.0231
MED00095,1,seasonal_naive,-0.02383
MED00096,1,seasonal_naive,-0.01327
MED00097,1,seasonal_naive,-0.03529
MED00098,1,seasonal_naive,-0.00076
MED00099,1,seasonal_naive,-0.04513
MED00100,1,seasonal_naive,-0.05023
MED00101,1,seasonal_naive,-0.00793
MED00102,1,seasonal_naive,-0.01899
MED00103,1,seasonal_naive,-0.02589
MED00104,1,seasonal_naive,-0.01285
MED00105,1,seasonal_naive,-0.0011
MED00106,1,seasonal_naive,-0.0529
MED00107,1,seasonal_naive,-0.01015
MED00108,1,seasonal_naive,-0.02502
MED00109,1,seasonal_naive,-0.03268
MED00110,1,seasonal_naive,-0.03424
MED00111,1,seasonal_naive,-0.02442
MED00112,1,seasonal_naive,-0.02406
MED00113,1,seasonal_naive,-0.02571
MED00114,1,seasonal_naive,-0.01867
MED00115,1,seasonal_naive,-0.02585
MED00116,1,seasonal_naive,-0.00832
MED00117,1,seasonal_naive,-0.03142
MED00118,1,seasonal_naive,-0.0192
MED00119,1,seasonal_naive,-0.02522
MED00120,1,seasonal_naive,-0.02374
MED00121,1,seasonal_naive,-0.02464
MED00122,1,seasonal_naive,-0.01252
MED00123,1,seasonal_naive,-0.03311
MED00124,1,seasonal_naive,-0.00977
MED00125,1,seasonal_naive,-0.03333
MED00126,1,seasonal_naive,-0.03072
MED00127,1,seasonal_naive,-0.02484
MED00128,1,seasonal_naive,-0.0247
MED00129,1,seasonal_naive,-0.02777
MED00130,1,seasonal_naive,-0.04881
MED00131,1,seasonal_naive,-0.02884
MED00132,1,seasonal_naive,-0.04242
MED00133,1,seasonal_naive,-0.00449
MED00134,1,seasonal_naive,-0.03204
MED00135,1,seasonal_naive,-0.01362
MED00136,1,seasonal_naive,-0.02477
MED00137,1,seasonal_naive,-0.02612
MED00138,1,seasonal_naive,-0.02895
MED00139,1,seasonal_naive,-0.02791
MED00140,1,seasonal_naive,-0.02122
MED00141,1,seasonal_naive,-0.02187
MED00142,1,seasonal_naive,-0.03529
MED00143,1,seasonal_naive,-0.02046
MED00144,1,seasonal_naive,-0.01835
MED00145,1,seasonal_naive,-0.02006
MED00146,1,seasonal_naive,-0.02691
MED00147,1,seasonal_naive,-0.02885
MED00148,1,seasonal_naive,-0.01412
MED00149,1,seasonal_naive,-0.01461
MED00150,1,seasonal_naive,-0.032
MED00151,1,seasonal_naive,-0.01977
MED00152,1,seasonal_naive,-0.02556
MED00153,1,seasonal_naive,-0.02548
MED00154,1,seasonal_naive,-0.0029
MED00155,1,seasonal_naive,-0.02313
MED00156,1,seasonal_naive,-0.02702
MED00157,1,seasonal_naive,-0.01464
MED00158,1,seasonal_naive,-0.04394
MED00159,1,seasonal_naive,-0.00247
MED00160,1,seasonal_naive,-0.02386
MED00161,1,seasonal_naive,-0.01413
MED00162,1,seasonal_naive,-0.02674
MED00163,1,seasonal_naive,-0.04011
MED00164,1,seasonal_naive,-0.02954
MED00165,1,seasonal_naive,-0.00728
MED00166,1,seasonal_naive,-0.0263
MED00167,1,seasonal_naive,-0.02401
MED00168,1,seasonal_naive,-0.02357
MED00169,1,seasonal_naive,-0.0247
MED00170,1,seasonal_naive,-0.02632
MED00171,1,seasonal_naive,-0.02459
MED00172,1,seasonal_naive,-0.02433
MED00173,1,seasonal_naive,-0.02363
MED00174,1,seasonal_naive,-0.01972
MED00175,1,seasonal_naive,-0.03054
MED00176,1,seasonal_naive,-0.00961
MED00177,1,seasonal_naive,-0.04432
MED00178,1,seasonal_naive,-0.02004
MED00179,1,seasonal_naive,-0.02109
MED00180,1,seasonal_naive,-0.02685
MED00181,1,seasonal_naive,-0.02257
MED00182,1,seasonal_naive,-0.04581
MED00183,1,seasonal_naive,-0.01871
MED00184,1,seasonal_naive,-0.01932
MED00185,1,seasonal_naive,-0.02788
MED00186,1,seasonal_naive,-0.02231
MED00187,1,seasonal_naive,-0.02166
MED00188,1,seasonal_naive,-0.01127
MED00189,1,seasonal_naive,-0.05073
MED00190,1,seasonal_naive,-0.02454
MED00191,1,seasonal_naive,0.00107
MED00192,1,seasonal_naive,-0.041
MED00193,1,seasonal_naive,-0.04992
MED00194,1,seasonal_naive,-0.0046
MED00195,1,seasonal_naive,-0.00631
MED00196,1,seasonal_naive,-0.01967
MED00197,1,seasonal_naive,-0.00475
MED00198,1,seasonal_naive,-0.0266
MED00199,1,seasonal_naive,-0.02581
MED00200,1,seasonal_naive,-0.02458
MED00201,1,seasonal_naive,-0.01704
MED00202,1,seasonal_naive,-0.03049
MED00203,1,seasonal_naive,-0.02638
MED00204,1,seasonal_naive,-0.02756
MED00205,1,seasonal_naive,-0.00026
MED00206,1,seasonal_naive,-0.01976
MED00207,1,seasonal_naive,-0.02407
MED00208,1,seasonal_naive,0.00181
MED00209,1,seasonal_naive,-0.02914
MED00210,1,seasonal_naive,-0.02987
MED00211,1,seasonal_naive,-0.02312
MED00212,1,seasonal_naive,-0.03219
MED00213,1,seasonal_naive,-0.02929
MED00214,1,seasonal_naive,0.00408
MED00215,1,seasonal_naive,-0.02736
MED00216,1,seasonal_naive,-0.05188
MED00217,1,seasonal_naive,-0.03885
MED00218,1,seasonal_naive,-0.01578
MED00219,1,seasonal_naive,-0.00684
MED00220,1,seasonal_naive,-0.02376
MED00221,1,seasonal_naive,-0.02668
MED00222,1,seasonal_naive,-0.03611
MED00223,1,seasonal_naive,-0.01656
MED00224,1,seasonal_naive,-0.02646
MED00225,1,seasonal_naive,-0.01545
MED00226,1,seasonal_naive,-0.02879
MED00227,1,seasonal_naive,-0.01977
MED00228,1,seasonal_naive,-0.0298
MED00229,1,seasonal_naive,-0.03142
MED00230,1,seasonal_naive,-0.00218
MED00231,1,seasonal_naive,-0.02238
MED00232,1,seasonal_naive,-0.02864
MED00233,1,seasonal_naive,-0.00272
MED00234,1,seasonal_naive,-0.02681
MED00235,1,seasonal_naive,0.06537
MED00236,1,seasonal_naive,-0.02919
MED00237,1,seasonal_naive,-0.01807
MED00238,1,seasonal_naive,-0.02046
MED00239,1,seasonal_naive,-0.02479
MED00240,1,seasonal_naive,-0.01862
MED00241,1,seasonal_naive,-0.02546
MED00242,1,seasonal_naive,-0.00448
MED00243,1,seasonal_naive,-0.04087
MED00244,1,seasonal_naive,-0.02636
MED00245,1,seasonal_naive,0.06469
MED00246,1,seasonal_naive,-0.01126
MED00247,1,seasonal_naive,0.00079
MED00248,1,seasonal_naive,-0.02692
MED00249,1,seasonal_naive,0.0476
MED00250,1,seasonal_naive,-0.01482
MED00251,1,seasonal_naive,-0.02461
MED00252,1,seasonal_naive,-0.01694
MED00253,1,seasonal_naive,-0.02358
MED00254,1,seasonal_naive,-0.01681
MED00255,1,seasonal_naive,-0.0161
MED00256,1,seasonal_naive,-0.02496
MED00257,1,seasonal_naive,-0.01554
MED00258,1,seasonal_naive,-0.02578
MED00259,1,seasonal_naive,-0.02412
MED00260,1,seasonal_naive,-0.01645
MED00261,1,seasonal_naive,-0.03815
MED00262,1,seasonal_naive,-0.02836
MED00263,1,seasonal_naive,-0.01573
MED00264,1,seasonal_naive,-0.03673
MED00265,1,seasonal_naive,0.00201
MED00266,1,seasonal_naive,-0.01463
MED00267,1,seasonal_naive,-0.02547
MED00268,1,seasonal_naive,-0.0243
MED00269,1,seasonal_naive,-0.02549
MED00270,1,seasonal_naive,-0.02492
MED00271,1,seasonal_naive,-0.02491
MED00272,1,seasonal_naive,-0.02793
MED00273,1,seasonal_naive,-0.02359
MED00274,1,seasonal_naive,-0.03191
MED00275,1,seasonal_naive,0.00652
MED00276,1,seasonal_naive,-0.02642
MED00277,1,seasonal_naive,-0.05079
MED00278,1,seasonal_naive,0.00356
MED00279,1,seasonal_naive,0.03285
MED00280,1,seasonal_naive,-0.03911
MED00281,1,seasonal_naive,-0.01364
MED00282,1,seasonal_naive,-0.02589
MED00283,1,seasonal_naive,-0.0281
MED00284,1,seasonal_naive,-0.02771
MED00285,1,seasonal_naive,-0.01114
MED00286,1,seasonal_naive,-0.01384
MED00287,1,seasonal_naive,-0.02358
MED00288,1,seasonal_naive,0.06699
MED00289,1,seasonal_naive,0.00117
MED00290,1,seasonal_naive,-0.02105
MED00291,1,seasonal_naive,-0.02701
MED00292,1,seasonal_naive,-0.03193
MED00293,1,seasonal_naive,0.00509
MED00294,1,seasonal_naive,-0.03768
MED00295,1,seasonal_naive,-0.04789
MED00296,1,seasonal_naive,-0.02678
MED00297,1,seasonal_naive,-0.01429
MED00298,1,seasonal_naive,-0.02531
MED00299,1,seasonal_naive,-0.0363
MED00300,1,seasonal_naive,-0.0289
MED00301,1,seasonal_naive,-0.0175
MED00302,1,seasonal_naive,-0.01922
MED00303,1,seasonal_naive,-0.02773
MED00304,1,seasonal_naive,-0.03258
MED00305,1,seasonal_naive,-0.02833
MED00306,1,seasonal_naive,-0.03733
MED00307,1,seasonal_naive,0.06377
MED00308,1,seasonal_naive,-0.02713
MED00309,1,seasonal_naive,-0.03091
MED00310,1,seasonal_naive,-0.028
MED00311,1,seasonal_naive,-0.02831
MED00312,1,seasonal_naive,-0.03412
MED00313,1,seasonal_naive,-0.02144
MED00314,1,seasonal_naive,-0.0056
MED00315,1,seasonal_naive,0.00353
MED00316,1,seasonal_naive,-0.02244
MED00317,1,seasonal_naive,-0.0237
MED00318,1,seasonal_naive,-0.03398
MED00319,1,seasonal_naive,0.00298
MED00320,1,seasonal_naive,-0.0232
MED00321,1,seasonal_naive,-0.03063
MED00322,1,seasonal_naive,-0.04879
MED00323,1,seasonal_naive,-0.0271
MED00324,1,seasonal_naive,-0.03037
MED00325,1,seasonal_naive,-0.01649
MED00326,1,seasonal_naive,-0.00965
MED00327,1,seasonal_naive,-0.02899
MED00328,1,seasonal_naive,-0.01489
MED00329,1,seasonal_naive,0.0017
MED00330,1,seasonal_naive,-0.01451
MED00331,1,seasonal_naive,-0.02472
MED00332,1,seasonal_naive,-0.02339
MED00333,1,seasonal_naive,-0.0072
MED00334,1,seasonal_naive,-0.02623
MED00335,1,seasonal_naive,-0.01376
MED00336,1,seasonal_naive,0.00205
MED00337,1,seasonal_naive,0.06083
MED00338,1,seasonal_naive,-0.02243
MED00339,1,seasonal_naive,-0.02912
MED00340,1,seasonal_naive,-0.03169
MED00341,1,seasonal_naive,-0.00871
MED00342,1,seasonal_naive,-0.02665
MED00343,1,seasonal_naive,0.00279
MED00344,1,seasonal_naive,-0.01438
MED00345,1,seasonal_naive,-0.0488
MED00346,1,seasonal_naive,-0.02562
MED00347,1,seasonal_naive,-0.05306
MED00348,1,seasonal_naive,-0.02427
MED00349,1,seasonal_naive,-0.0259
MED00350,1,seasonal_naive,-0.03502
MED00351,1,seasonal_naive,-0.03207
MED00352,1,seasonal_naive,-0.03291
MED00353,1,seasonal_naive,-0.03034
MED00354,1,seasonal_naive,-0.03434
MED00355,1,seasonal_naive,0.00656
MED00356,1,seasonal_naive,-0.02625
MED00357,1,seasonal_naive,-0.03928
MED00358,1,seasonal_naive,-0.02582
MED00359,1,seasonal_naive,-0.02196
MED00360,1,seasonal_naive,-0.02913
MED00361,1,seasonal_naive,-0.01971
MED00362,1,seasonal_naive,-0.02549
MED00363,1,seasonal_naive,-0.02605
MED00364,1,seasonal_naive,-0.052
MED00365,1,seasonal_naive,-0.02524
MED00366,1,seasonal_naive,0.00387
MED00367,1,seasonal_naive,-0.02286
MED00368,1,seasonal_naive,-0.02838
MED00369,1,seasonal_naive,-0.03466
MED00370,1,seasonal_naive,-0.03512
MED00371,1,seasonal_naive,-0.01075
MED00372,1,seasonal_naive,-0.04748
MED00373,1,seasonal_naive,-0.02246
MED00374,1,seasonal_naive,-0.02259
MED00375,1,seasonal_naive,-0.01504
MED00376,1,seasonal_naive,-0.02536
MED00377,1,seasonal_naive,-0.03271
MED00378,1,seasonal_naive,-0.02745
MED00379,1,seasonal_naive,-0.03278
MED00380,1,seasonal_naive,-0.0315
MED00381,1,seasonal_naive,-0.03202
MED00382,1,seasonal_naive,-0.02645
MED00383,1,seasonal_naive,-0.01754
MED00384,1,seasonal_naive,-0.02686
MED00385,1,seasonal_naive,-0.00011
MED00386,1,seasonal_naive,0.00092
MED00387,1,seasonal_naive,0.03688
MED00388,1,seasonal_naive,0.06139
MED00389,1,seasonal_naive,0.01253
MED00390,1,seasonal_naive,0.0586
MED00391,1,seasonal_naive,0.04181
MED00392,1,seasonal_naive,0.03636
MED00393,1,seasonal_naive,-0.00165
MED00394,1,seasonal_naive,-0.01294
MED00395,1,seasonal_naive,-0.00321
MED00396,1,seasonal_naive,0.07188
MED00397,1,seasonal_naive,0.0644
MED00398,1,seasonal_naive,0.06161
MED00399,1,seasonal_naive,0.06165
MED00400,1,seasonal_naive,0.05881
MED00401,1,seasonal_naive,-0.00287
MED00402,1,seasonal_naive,0.04609
MED00403,1,seasonal_naive,-0.00491
MED00404,1,seasonal_naive,-0.01565
MED00405,1,seasonal_naive,-0.01356
MED00406,1,seasonal_naive,0.04521
MED00407,1,seasonal_naive,0.04571
MED00408,1,seasonal_naive,0.00398
MED00409,1,seasonal_naive,-0.00531
MED00410,1,seasonal_naive,-0.0075
MED00411,1,seasonal_naive,0.04302
MED00412,1,seasonal_naive,0.00628
MED00413,1,seasonal_naive,-0.00258
MED00414,1,seasonal_naive,0.03868
MED00415,1,seasonal_naive,-0.00255
MED00416,1,seasonal_naive,0.03875
MED00417,1,seasonal_naive,-0.01572
MED00418,1,seasonal_naive,-0.00059
MED00419,1,seasonal_naive,-0.00222
MED00420,1,seasonal_naive,0.05413
MED00421,1,seasonal_naive,0.05495
MED00422,1,seasonal_naive,0.03802
MED00423,1,seasonal_naive,0.00674
MED00424,1,seasonal_naive,0.06201
MED00001,2,seasonal_naive,-0.00375
MED00002,2,seasonal_naive,-0.04255
MED00003,2,seasonal_naive,-0.04773
MED00004,2,seasonal_naive,-0.02741
MED00005,2,seasonal_naive,-0.03082
MED00006,2,seasonal_naive,-0.02807
MED00007,2,seasonal_naive,-0.02253
MED00008,2,seasonal_naive,-0.01745
MED00009,2,seasonal_naive,-0.02593
MED00010,2,seasonal_naive,-0.02203
MED00011,2,seasonal_naive,0.03304
MED00012,2,seasonal_naive,-0.02801
MED00013,2,seasonal_naive,-0.00545
MED00014,2,seasonal_naive,0.0334
MED00015,2,seasonal_naive,0.00169
MED00016,2,seasonal_naive,-0.02679
MED00017,2,seasonal_naive,-0.02683
MED00018,2,seasonal_naive,0.06055
MED00019,2,seasonal_naive,0.06612
MED00020,2,seasonal_naive,0.00012
MED00021,2,seasonal_naive,-0.02934
MED00022,2,seasonal_naive,-0.02136
MED00023,2,seasonal_naive,-0.03486
MED00024,2,seasonal_naive,-0.02581
MED00025,2,seasonal_naive,-0.04941
MED00026,2,seasonal_naive,-0.04032
MED00027,2,seasonal_naive,-0.04538
MED00028,2,seasonal_naive,-0.02972
MED00029,2,seasonal_naive,-0.0117
MED00030,2,seasonal_naive,-0.02222
MED00031,2,seasonal_naive,-0.02479
MED00032,2,seasonal_naive,-0.02055
MED00033,2,seasonal_naive,-0.0294
MED00034,2,seasonal_naive,0.02957
MED00035,2,seasonal_naive,-0.02364
MED00036,2,seasonal_naive,-0.02508
MED00037,2,seasonal_naive,-0.01182
MED00038,2,seasonal_naive,-0.00279
MED00039,2,seasonal_naive,-0.03648
MED00040,2,seasonal_naive,-0.02115
MED00041,2,seasonal_naive,-0.03879
MED00042,2,seasonal_naive,-0.02668
MED00043,2,seasonal_naive,-0.02835
MED00044,2,seasonal_naive,-0.02771
MED00045,2,seasonal_naive,-0.0286
MED00046,2,seasonal_naive,-0.02939
MED00047,2,seasonal_naive,-0.01219
MED00048,2,seasonal_naive,-0.00863
MED00049,2,seasonal_naive,-0.04864
MED00050,2,seasonal_naive,-0.02349
MED00051,2,seasonal_naive,-0.05094
MED00052,2,seasonal_naive,-0.02524
MED00053,2,seasonal_naive,0.00441
MED00054,2,seasonal_naive,0.00996
MED00055,2,seasonal_naive,-0.02369
MED00056,2,seasonal_naive,-0.01903
MED00057,2,seasonal_naive,-0.03126
MED00058,2,seasonal_naive,-0.02796
MED00059,2,seasonal_naive,0.00431
MED00060,2,seasonal_naive,-0.01605
MED00061,2,seasonal_naive,-0.02262
MED00062,2,seasonal_naive,-0.0177
MED00063,2,seasonal_naive,-0.05264
MED00064,2,seasonal_naive,0.03299
MED00065,2,seasonal_naive,0.06209
MED00066,2,seasonal_naive,-0.02559
MED00067,2,seasonal_naive,-0.02872
MED00068,2,seasonal_naive,-0.01438
MED00069,2,seasonal_naive,-0.03348
MED00070,2,seasonal_naive,-0.00086
MED00071,2,seasonal_naive,-0.0309
MED00072,2,seasonal_naive,-0.02562
MED00073,2,seasonal_naive,-0.01366
MED00074,2,seasonal_naive,-0.02951
MED00075,2,seasonal_naive,-0.02931
MED00076,2,seasonal_naive,-0.03897
MED00077,2,seasonal_naive,-0.01468
MED00078,2,seasonal_naive,-0.02826
MED00079,2,seasonal_naive,-0.01003
MED00080,2,seasonal_naive,-0.01688
MED00081,2,seasonal_naive,-0.03904
MED00082,2,seasonal_naive,-0.02537
MED00083,2,seasonal_naive,-0.02941
MED00084,2,seasonal_naive,0.05942
MED00085,2,seasonal_naive,-0.02341
MED00086,2,seasonal_naive,-0.03565
MED00087,2,seasonal_naive,-0.0271
MED00088,2,seasonal_naive,0.02884
MED00089,2,seasonal_naive,-0.014
MED00090,2,seasonal_naive,-0.02678
MED00091,2,seasonal_naive,-0.03051
MED00092,2,seasonal_naive,-0.0248
MED00093,2,seasonal_naive,-0.03815
MED00094,2,seasonal_naive,-0.02294
MED00095,2,seasonal_naive,-0.02356
MED00096,2,seasonal_naive,-0.01279
MED00097,2,seasonal_naive,-0.03513
MED00098,2,seasonal_naive,-0.00037
MED00099,2,seasonal_naive,-0.04497
MED00100,2,seasonal_naive,-0.04995
MED00101,2,seasonal_naive,-0.00798
MED00102,2,seasonal_naive,-0.0188
MED00103,2,seasonal_naive,-0.0256
MED00104,2,seasonal_naive,-0.01274
MED00105,2,seasonal_naive,-0.00071
MED00106,2,seasonal_naive,-0.05262
MED00107,2,seasonal_naive,-0.01003
MED00108,2,seasonal_naive,-0.02424
MED00109,2,seasonal_naive,-0.0324
MED00110,2,seasonal_naive,-0.03408
MED00111,2,seasonal_naive,-0.02414
MED00112,2,seasonal_naive,-0.02379
MED00113,2,seasonal_naive,-0.02561
MED00114,2,seasonal_naive,-0.01817
MED00115,2,seasonal_naive,-0.02556
MED00116,2,seasonal_naive,-0.00814
MED00117,2,seasonal_naive,-0.03127
MED00118,2,seasonal_naive,-0.01892
MED00119,2,seasonal_naive,-0.02494
MED00120,2,seasonal_naive,-0.02358
MED00121,2,seasonal_naive,-0.02383
MED00122,2,seasonal_naive,-0.01224
MED00123,2,seasonal_naive,-0.03295
MED00124,2,seasonal_naive,-0.00966
MED00125,2,seasonal_naive,-0.03317
MED00126,2,seasonal_naive,-0.0306
MED00127,2,seasonal_naive,-0.02459
MED00128,2,seasonal_naive,-0.02442
MED00129,2,seasonal_naive,-0.02749
MED00130,2,seasonal_naive,-0.04864
MED00131,2,seasonal_naive,-0.02851
MED00132,2,seasonal_naive,-0.04229
MED00133,2,seasonal_naive,-0.0041
MED00134,2,seasonal_naive,-0.03188
MED00135,2,seasonal_naive,-0.01436
MED00136,2,seasonal_naive,-0.02461
MED00137,2,seasonal_naive,-0.02513
MED00138,2,seasonal_naive,-0.02867
MED00139,2,seasonal_naive,-0.02748
MED00140,2,seasonal_naive,-0.02094
MED00141,2,seasonal_naive,-0.02185
MED00142,2,seasonal_naive,-0.03502
MED00143,2,seasonal_naive,-0.02019
MED00144,2,seasonal_naive,-0.01823
MED00145,2,seasonal_naive,-0.01987
MED00146,2,seasonal_naive,-0.02675
MED00147,2,seasonal_naive,-0.029
MED00148,2,seasonal_naive,-0.01476
MED00149,2,seasonal_naive,-0.01433
MED00150,2,seasonal_naive,-0.03173
MED00151,2,seasonal_naive,-0.01949
MED00152,2,seasonal_naive,-0.02519
MED00153,2,seasonal_naive,-0.0252
MED00154,2,seasonal_naive,-0.00241
MED00155,2,seasonal_naive,-0.02285
MED00156,2,seasonal_naive,-0.02684
MED00157,2,seasonal_naive,-0.01441
MED00158,2,seasonal_naive,-0.04378
MED00159,2,seasonal_naive,-0.00227
MED00160,2,seasonal_naive,-0.02357
MED00161,2,seasonal_naive,-0.01402
MED00162,2,seasonal_naive,-0.02646
MED00163,2,seasonal_naive,-0.03995
MED00164,2,seasonal_naive,-0.02917
MED00165,2,seasonal_naive,-0.00683
MED00166,2,seasonal_naive,-0.026
MED00167,2,seasonal_naive,-0.02373
MED00168,2,seasonal_naive,-0.02329
MED00169,2,seasonal_naive,-0.02454
MED00170,2,seasonal_naive,-0.02602
MED00171,2,seasonal_naive,-0.02431
MED00172,2,seasonal_naive,-0.02404
MED00173,2,seasonal_naive,-0.02335
MED00174,2,seasonal_naive,-0.02046
MED00175,2,seasonal_naive,-0.03026
MED00176,2,seasonal_naive,-0.01166
MED00177,2,seasonal_naive,-0.04404
MED00178,2,seasonal_naive,-0.01988
MED00179,2,seasonal_naive,-0.02093
MED00180,2,seasonal_naive,-0.02657
MED00181,2,seasonal_naive,-0.02236
MED00182,2,seasonal_naive,-0.04565
MED00183,2,seasonal_naive,-0.01822
MED00184,2,seasonal_naive,-0.01917
MED00185,2,seasonal_naive,-0.02773
MED00186,2,seasonal_naive,-0.02203
MED00187,2,seasonal_naive,-0.02139
MED00188,2,seasonal_naive,-0.01099
MED00189,2,seasonal_naive,-0.05057
MED00190,2,seasonal_naive,-0.02425
MED00191,2,seasonal_naive,0.00145
MED00192,2,seasonal_naive,-0.04084
MED00193,2,seasonal_naive,-0.04976
MED00194,2,seasonal_naive,-0.00422
MED00195,2,seasonal_naive,-0.00592
MED00196,2,seasonal_naive,-0.01955
MED00197,2,seasonal_naive,-0.00436
MED00198,2,seasonal_naive,-0.02632
MED00199,2,seasonal_naive,-0.02534
MED00200,2,seasonal_naive,-0.0243
MED00201,2,seasonal_naive,-0.01778
MED00202,2,seasonal_naive,-0.03021
MED00203,2,seasonal_naive,-0.02596
MED00204,2,seasonal_naive,-0.02728
MED00205,2,seasonal_naive,0.00013
MED00206,2,seasonal_naive,-0.01951
MED00207,2,seasonal_naive,-0.02379
MED00208,2,seasonal_naive,0.00171
MED00209,2,seasonal_naive,-0.02851
MED00210,2,seasonal_naive,-0.02963
MED00211,2,seasonal_naive,-0.02284
MED00212,2,seasonal_naive,-0.03204
MED00213,2,seasonal_naive,-0.02919
MED00214,2,seasonal_naive,0.00457
MED00215,2,seasonal_naive,-0.02708
MED00216,2,seasonal_naive,-0.0516
MED00217,2,seasonal_naive,-0.03865
MED00218,2,seasonal_naive,-0.01567
MED00219,2,seasonal_naive,-0.00635
MED00220,2,seasonal_naive,-0.02348
MED00221,2,seasonal_naive,-0.02677
MED00222,2,seasonal_naive,-0.03583
MED00223,2,seasonal_naive,-0.0176
MED00224,2,seasonal_naive,-0.02618
MED00225,2,seasonal_naive,-0.01533
MED00226,2,seasonal_naive,-0.02852
MED00227,2,seasonal_naive,-0.01928
MED00228,2,seasonal_naive,-0.0293
MED00229,2,seasonal_naive,-0.03126
MED00230,2,seasonal_naive,-0.00168
MED00231,2,seasonal_naive,-0.0221
MED00232,2,seasonal_naive,-0.02836
MED00233,2,seasonal_naive,-0.00254
MED00234,2,seasonal_naive,-0.02653
MED00235,2,seasonal_naive,0.06492
MED00236,2,seasonal_naive,-0.02904
MED00237,2,seasonal_naive,-0.01784
MED00238,2,seasonal_naive,-0.02019
MED00239,2,seasonal_naive,-0.02451
MED00240,2,seasonal_naive,-0.01841
MED00241,2,seasonal_naive,-0.02517
MED00242,2,seasonal_naive,-0.00409
MED00243,2,seasonal_naive,-0.04068
MED00244,2,seasonal_naive,-0.02608
MED00245,2,seasonal_naive,0.06462
MED00246,2,seasonal_naive,-0.01114
MED00247,2,seasonal_naive,0.00119
MED00248,2,seasonal_naive,-0.02667
MED00249,2,seasonal_naive,0.04721
MED00250,2,seasonal_naive,-0.01625
MED00251,2,seasonal_naive,-0.02432
MED00252,2,seasonal_naive,-0.01666
MED00253,2,seasonal_naive,-0.0233
MED00254,2,seasonal_naive,-0.01653
MED00255,2,seasonal_naive,-0.01586
MED00256,2,seasonal_naive,-0.02481
MED00257,2,seasonal_naive,-0.01527
MED00258,2,seasonal_naive,-0.0255
MED00259,2,seasonal_naive,-0.02366
MED00260,2,seasonal_naive,-0.01626
MED00261,2,seasonal_naive,-0.03799
MED00262,2,seasonal_naive,-0.02799
MED00263,2,seasonal_naive,-0.01534
MED00264,2,seasonal_naive,-0.03645
MED00265,2,seasonal_naive,0.00252
MED00266,2,seasonal_naive,-0.01537
MED00267,2,seasonal_naive,-0.02519
MED00268,2,seasonal_naive,-0.02402
MED00269,2,seasonal_naive,-0.02521
MED00270,2,seasonal_naive,-0.02305
MED00271,2,seasonal_naive,-0.02479
MED00272,2,seasonal_naive,-0.02778
MED00273,2,seasonal_naive,-0.02343
MED00274,2,seasonal_naive,-0.03178
MED00275,2,seasonal_naive,0.007
MED00276,2,seasonal_naive,-0.02613
MED00277,2,seasonal_naive,-0.05057
MED00278,2,seasonal_naive,0.00395
MED00279,2,seasonal_naive,0.03349
MED00280,2,seasonal_naive,-0.03891
MED00281,2,seasonal_naive,-0.01315
MED00282,2,seasonal_naive,-0.0257
MED00283,2,seasonal_naive,-0.02794
MED00284,2,seasonal_naive,-0.02734
MED00285,2,seasonal_naive,-0.01103
MED00286,2,seasonal_naive,-0.01458
MED00287,2,seasonal_naive,-0.0233
MED00288,2,seasonal_naive,0.06649
MED00289,2,seasonal_naive,0.00156
MED00290,2,seasonal_naive,-0.02077
MED00291,2,seasonal_naive,-0.02697
MED00292,2,seasonal_naive,-0.03171
MED00293,2,seasonal_naive,0.00548
MED00294,2,seasonal_naive,-0.03752
MED00295,2,seasonal_naive,-0.04773
MED00296,2,seasonal_naive,-0.02667
MED00297,2,seasonal_naive,-0.01417
MED00298,2,seasonal_naive,-0.02503
MED00299,2,seasonal_naive,-0.03617
MED00300,2,seasonal_naive,-0.02828
MED00301,2,seasonal_naive,-0.01737
MED00302,2,seasonal_naive,-0.01994
MED00303,2,seasonal_naive,-0.02745
MED00304,2,seasonal_naive,-0.03246
MED00305,2,seasonal_naive,-0.02805
MED00306,2,seasonal_naive,-0.03717
MED00307,2,seasonal_naive,0.06339
MED00308,2,seasonal_naive,-0.02697
MED00309,2,seasonal_naive,-0.03063
MED00310,2,seasonal_naive,-0.02772
MED00311,2,seasonal_naive,-0.02823
MED00312,2,seasonal_naive,-0.03396
MED00313,2,seasonal_naive,-0.02125
MED00314,2,seasonal_naive,-0.00542
MED00315,2,seasonal_naive,0.00392
MED00316,2,seasonal_naive,-0.02216
MED00317,2,seasonal_naive,-0.02342
MED00318,2,seasonal_naive,-0.03386
MED00319,2,seasonal_naive,0.00336
MED00320,2,seasonal_naive,-0.02415
MED00321,2,seasonal_naive,-0.03044
MED00322,2,seasonal_naive,-0.04863
MED00323,2,seasonal_naive,-0.02655
MED00324,2,seasonal_naive,-0.03023
MED00325,2,seasonal_naive,-0.01637
MED00326,2,seasonal_naive,-0.00953
MED00327,2,seasonal_naive,-0.02859
MED00328,2,seasonal_naive,-0.01477
MED00329,2,seasonal_naive,0.00209
MED00330,2,seasonal_naive,-0.01427
MED00331,2,seasonal_naive,-0.02444
MED00332,2,seasonal_naive,-0.02311
MED00333,2,seasonal_naive,-0.00708
MED00334,2,seasonal_naive,-0.02697
MED00335,2,seasonal_naive,-0.01376
MED00336,2,seasonal_naive,0.00232
MED00337,2,seasonal_naive,0.0605
MED00338,2,seasonal_naive,-0.02261
MED00339,2,seasonal_naive,-0.02875
MED00340,2,seasonal_naive,-0.03137
MED00341,2,seasonal_naive,-0.0086
MED00342,2,seasonal_naive,-0.02637
MED00343,2,seasonal_naive,0.00318
MED00344,2,seasonal_naive,-0.01438
MED00345,2,seasonal_naive,-0.04864
MED00346,2,seasonal_naive,-0.02526
MED00347,2,seasonal_naive,-0.05278
MED00348,2,seasonal_naive,-0.02411
MED00349,2,seasonal_naive,-0.02562
MED00350,2,seasonal_naive,-0.03293
MED00351,2,seasonal_naive,-0.03206
MED00352,2,seasonal_naive,-0.03275
MED00353,2,seasonal_naive,-0.03018
MED00354,2,seasonal_naive,-0.03418
MED00355,2,seasonal_naive,0.00695
MED00356,2,seasonal_naive,-0.02598
MED00357,2,seasonal_naive,-0.03909
MED00358,2,seasonal_naive,-0.02563
MED00359,2,seasonal_naive,-0.0216
MED00360,2,seasonal_naive,-0.02851
MED00361,2,seasonal_naive,-0.01946
MED00362,2,seasonal_naive,-0.02533
MED00363,2,seasonal_naive,-0.02577
MED00364,2,seasonal_naive,-0.05172
MED00365,2,seasonal_naive,-0.02496
MED00366,2,seasonal_naive,0.00426
MED00367,2,seasonal_naive,-0.02258
MED00368,2,seasonal_naive,-0.02651
MED00369,2,seasonal_naive,-0.03454
MED00370,2,seasonal_naive,-0.03496
MED00371,2,seasonal_naive,-0.01028
MED00372,2,seasonal_naive,-0.04732
MED00373,2,seasonal_naive,-0.0223
MED00374,2,seasonal_naive,-0.02244
MED00375,2,seasonal_naive,-0.01419
MED00376,2,seasonal_naive,-0.02508
MED00377,2,seasonal_naive,-0.03255
MED00378,2,seasonal_naive,-0.0273
MED00379,2,seasonal_naive,-0.03259
MED00380,2,seasonal_naive,-0.03132
MED00381,2,seasonal_naive,-0.03174
MED00382,2,seasonal_naive,-0.02628
MED00383,2,seasonal_naive,-0.01742
MED00384,2,seasonal_naive,-0.02658
MED00386,2,seasonal_naive,0.00142
MED00387,2,seasonal_naive,0.03739
MED00388,2,seasonal_naive,0.05986
MED00389,2,seasonal_naive,0.01292
MED00390,2,seasonal_naive,0.05616
MED00391,2,seasonal_naive,0.04221
MED00392,2,seasonal_naive,0.03687
MED00393,2,seasonal_naive,-0.00123
MED00394,2,seasonal_naive,-0.01281
MED00395,2,seasonal_naive,-0.00272
MED00396,2,seasonal_naive,0.07138
MED00397,2,seasonal_naive,0.06341
MED00398,2,seasonal_naive,0.05942
MED00399,2,seasonal_naive,0.06013
MED00400,2,seasonal_naive,0.05831
MED00401,2,seasonal_naive,-0.00275
MED00402,2,seasonal_naive,0.04569
MED00403,2,seasonal_naive,-0.00442
MED00404,2,seasonal_naive,-0.01639
MED00405,2,seasonal_naive,-0.0143
MED00406,2,seasonal_naive,0.04572
MED00407,2,seasonal_naive,0.04532
MED00408,2,seasonal_naive,0.00447
MED00409,2,seasonal_naive,-0.00518
MED00410,2,seasonal_naive,-0.00698
MED00411,2,seasonal_naive,0.04313
MED00412,2,seasonal_naive,0.00688
MED00413,2,seasonal_naive,-0.00209
MED00414,2,seasonal_naive,0.0392
MED00415,2,seasonal_naive,-0.00233
MED00416,2,seasonal_naive,0.03927
MED00417,2,seasonal_naive,-0.01646
MED00418,2,seasonal_naive,-0.00041
MED00419,2,seasonal_naive,-0.00173
MED00420,2,seasonal_naive,0.05237
MED00421,2,seasonal_naive,0.05457
MED00422,2,seasonal_naive,0.03853
MED00423,2,seasonal_naive,0.00724
MED00424,2,seasonal_naive,0.06049
MED00001,3,seasonal_naive,-0.004
MED00002,3,seasonal_naive,-0.04256
MED00003,3,seasonal_naive,-0.04776
MED00004,3,seasonal_naive,-0.02801
MED00005,3,seasonal_naive,-0.03055
MED00006,3,seasonal_naive,-0.02863
MED00007,3,seasonal_naive,-0.02313
MED00008,3,seasonal_naive,-0.01761
MED00009,3,seasonal_naive,-0.02626
MED00010,3,seasonal_naive,-0.02218
MED00011,3,seasonal_naive,0.03271
MED00012,3,seasonal_naive,-0.02857
MED00013,3,seasonal_naive,-0.0058
MED00014,3,seasonal_naive,0.03308
MED00015,3,seasonal_naive,0.00104
MED00016,3,seasonal_naive,-0.0271
MED00017,3,seasonal_naive,-0.02739
MED00018,3,seasonal_naive,0.0612
MED00019,3,seasonal_naive,0.0665
MED00020,3,seasonal_naive,-0.00018
MED00021,3,seasonal_naive,-0.0296
MED00022,3,seasonal_naive,-0.02167
MED00023,3,seasonal_naive,-0.03527
MED00024,3,seasonal_naive,-0.02641
MED00025,3,seasonal_naive,-0.04942
MED00026,3,seasonal_naive,-0.04033
MED00027,3,seasonal_naive,-0.04539
MED00028,3,seasonal_naive,-0.02973
MED00029,3,seasonal_naive,-0.01044
MED00030,3,seasonal_naive,-0.02226
MED00031,3,seasonal_naive,-0.02497
MED00032,3,seasonal_naive,-0.02103
MED00033,3,seasonal_naive,-0.02977
MED00034,3,seasonal_naive,0.02924
MED00035,3,seasonal_naive,-0.01863
MED00036,3,seasonal_naive,-0.02534
MED00037,3,seasonal_naive,-0.01196
MED00038,3,seasonal_naive,-0.00306
MED00039,3,seasonal_naive,-0.03675
MED00040,3,seasonal_naive,-0.02133
MED00041,3,seasonal_naive,-0.03903
MED00042,3,seasonal_naive,-0.02742
MED00043,3,seasonal_naive,-0.02836
MED00044,3,seasonal_naive,-0.02774
MED00045,3,seasonal_naive,-0.02916
MED00046,3,seasonal_naive,-0.02995
MED00047,3,seasonal_naive,-0.01248
MED00048,3,seasonal_naive,-0.00887
MED00049,3,seasonal_naive,-0.04866
MED00050,3,seasonal_naive,-0.02409
MED00051,3,seasonal_naive,-0.05111
MED00052,3,seasonal_naive,-0.02527
MED00053,3,seasonal_naive,0.00435
MED00054,3,seasonal_naive,0.00966
MED00055,3,seasonal_naive,-0.02396
MED00056,3,seasonal_naive,-0.01927
MED00057,3,seasonal_naive,-0.03139
MED00058,3,seasonal_naive,-0.02851
MED00059,3,seasonal_naive,0.00417
MED00060,3,seasonal_naive,-0.01625
MED00061,3,seasonal_naive,-0.02278
MED00062,3,seasonal_naive,-0.01795
MED00063,3,seasonal_naive,-0.05266
MED00064,3,seasonal_naive,0.03276
MED00065,3,seasonal_naive,0.06247
MED00066,3,seasonal_naive,-0.0256
MED00067,3,seasonal_naive,-0.02903
MED00068,3,seasonal_naive,-0.01468
MED00069,3,seasonal_naive,-0.03407
MED00070,3,seasonal_naive,-0.00115
MED00071,3,seasonal_naive,-0.03146
MED00072,3,seasonal_naive,-0.02594
MED00073,3,seasonal_naive,-0.01399
MED00074,3,seasonal_naive,-0.02981
MED00075,3,seasonal_naive,-0.02961
MED00076,3,seasonal_naive,-0.03893
MED00077,3,seasonal_naive,-0.01498
MED00078,3,seasonal_naive,-0.02838
MED00079,3,seasonal_naive,-0.01029
MED00080,3,seasonal_naive,-0.01718
MED00081,3,seasonal_naive,-0.03921
MED00082,3,seasonal_naive,-0.02595
MED00083,3,seasonal_naive,-0.0297
MED00084,3,seasonal_naive,0.05975
MED00085,3,seasonal_naive,-0.02372
MED00086,3,seasonal_naive,-0.03578
MED00087,3,seasonal_naive,-0.02766
MED00088,3,seasonal_naive,0.02856
MED00089,3,seasonal_naive,-0.01428
MED00090,3,seasonal_naive,-0.02694
MED00091,3,seasonal_naive,-0.03108
MED00092,3,seasonal_naive,-0.02521
MED00093,3,seasonal_naive,-0.0381
MED00094,3,seasonal_naive,-0.0231
MED00095,3,seasonal_naive,-0.02385
MED00096,3,seasonal_naive,-0.01304
MED00097,3,seasonal_naive,-0.03526
MED00098,3,seasonal_naive,-0.00066
MED00099,3,seasonal_naive,-0.04498
MED00100,3,seasonal_naive,-0.04998
MED00101,3,seasonal_naive,-0.00827
MED00102,3,seasonal_naive,-0.01894
MED00103,3,seasonal_naive,-0.02616
MED00104,3,seasonal_naive,-0.01303
MED00105,3,seasonal_naive,-0.001
MED00106,3,seasonal_naive,-0.05263
MED00107,3,seasonal_naive,-0.01032
MED00108,3,seasonal_naive,-0.02455
MED00109,3,seasonal_naive,-0.03299
MED00110,3,seasonal_naive,-0.03467
MED00111,3,seasonal_naive,-0.0243
MED00112,3,seasonal_naive,-0.02409
MED00113,3,seasonal_naive,-0.02602
MED00114,3,seasonal_naive,-0.0185
MED00115,3,seasonal_naive,-0.02613
MED00116,3,seasonal_naive,-0.00843
MED00117,3,seasonal_naive,-0.03183
MED00118,3,seasonal_naive,-0.01948
MED00119,3,seasonal_naive,-0.0255
MED00120,3,seasonal_naive,-0.02387
MED00121,3,seasonal_naive,-0.02412
MED00122,3,seasonal_naive,-0.01257
MED00123,3,seasonal_naive,-0.03319
MED00124,3,seasonal_naive,-0.00995
MED00125,3,seasonal_naive,-0.03318
MED00126,3,seasonal_naive,-0.03086
MED00127,3,seasonal_naive,-0.02515
MED00128,3,seasonal_naive,-0.02498
MED00129,3,seasonal_naive,-0.02805
MED00130,3,seasonal_naive,-0.04866
MED00131,3,seasonal_naive,-0.02898
MED00132,3,seasonal_naive,-0.04253
MED00133,3,seasonal_naive,-0.00441
MED00134,3,seasonal_naive,-0.03246
MED00135,3,seasonal_naive,-0.01465
MED00136,3,seasonal_naive,-0.02476
MED00137,3,seasonal_naive,-0.02554
MED00138,3,seasonal_naive,-0.02923
MED00139,3,seasonal_naive,-0.02804
MED00140,3,seasonal_naive,-0.0215
MED00141,3,seasonal_naive,-0.02215
MED00142,3,seasonal_naive,-0.03515
MED00143,3,seasonal_naive,-0.02075
MED00144,3,seasonal_naive,-0.01841
MED00145,3,seasonal_naive,-0.01997
MED00146,3,seasonal_naive,-0.02717
MED00147,3,seasonal_naive,-0.02959
MED00148,3,seasonal_naive,-0.01505
MED00149,3,seasonal_naive,-0.01462
MED00150,3,seasonal_naive,-0.03208
MED00151,3,seasonal_naive,-0.02005
MED00152,3,seasonal_naive,-0.02575
MED00153,3,seasonal_naive,-0.02576
MED00154,3,seasonal_naive,-0.0027
MED00155,3,seasonal_naive,-0.02345
MED00156,3,seasonal_naive,-0.02716
MED00157,3,seasonal_naive,-0.0147
MED00158,3,seasonal_naive,-0.04379
MED00159,3,seasonal_naive,-0.00256
MED00160,3,seasonal_naive,-0.02387
MED00161,3,seasonal_naive,-0.01432
MED00162,3,seasonal_naive,-0.02702
MED00163,3,seasonal_naive,-0.03996
MED00164,3,seasonal_naive,-0.02921
MED00165,3,seasonal_naive,-0.00697
MED00166,3,seasonal_naive,-0.02656
MED00167,3,seasonal_naive,-0.02405
MED00168,3,seasonal_naive,-0.02385
MED00169,3,seasonal_naive,-0.0251
MED00170,3,seasonal_naive,-0.02643
MED00171,3,seasonal_naive,-0.02487
MED00172,3,seasonal_naive,-0.0242
MED00173,3,seasonal_naive,-0.02398
MED00174,3,seasonal_naive,-0.02075
MED00175,3,seasonal_naive,-0.03051
MED00176,3,seasonal_naive,-0.01191
MED00177,3,seasonal_naive,-0.04405
MED00178,3,seasonal_naive,-0.02008
MED00179,3,seasonal_naive,-0.02128
MED00180,3,seasonal_naive,-0.02711
MED00181,3,seasonal_naive,-0.02269
MED00182,3,seasonal_naive,-0.04567
MED00183,3,seasonal_naive,-0.01847
MED00184,3,seasonal_naive,-0.01954
MED00185,3,seasonal_naive,-0.02804
MED00186,3,seasonal_naive,-0.02259
MED00187,3,seasonal_naive,-0.02171
MED00188,3,seasonal_naive,-0.01128
MED00189,3,seasonal_naive,-0.05058
MED00190,3,seasonal_naive,-0.02456
MED00191,3,seasonal_naive,0.00113
MED00192,3,seasonal_naive,-0.04102
MED00193,3,seasonal_naive,-0.04984
MED00194,3,seasonal_naive,-0.00434
MED00195,3,seasonal_naive,-0.00624
MED00196,3,seasonal_naive,-0.01969
MED00197,3,seasonal_naive,-0.00449
MED00198,3,seasonal_naive,-0.02688
MED00199,3,seasonal_naive,-0.02565
MED00200,3,seasonal_naive,-0.02486
MED00201,3,seasonal_naive,-0.01808
MED00202,3,seasonal_naive,-0.03077
MED00203,3,seasonal_naive,-0.02627
MED00204,3,seasonal_naive,-0.02784
MED00205,3,seasonal_naive,-0.00017
MED00206,3,seasonal_naive,-0.01978
MED00207,3,seasonal_naive,-0.02438
MED00208,3,seasonal_naive,0.00179
MED00209,3,seasonal_naive,-0.02871
MED00210,3,seasonal_naive,-0.02988
MED00211,3,seasonal_naive,-0.0234
MED00212,3,seasonal_naive,-0.0325
MED00213,3,seasonal_naive,-0.02978
MED00214,3,seasonal_naive,0.00428
MED00215,3,seasonal_naive,-0.02764
MED00216,3,seasonal_naive,-0.05163
MED00217,3,seasonal_naive,-0.03861
MED00218,3,seasonal_naive,-0.01596
MED00219,3,seasonal_naive,-0.0066
MED00220,3,seasonal_naive,-0.02489
MED00221,3,seasonal_naive,-0.02729
MED00222,3,seasonal_naive,-0.03596
MED00223,3,seasonal_naive,-0.01803
MED00224,3,seasonal_naive,-0.02675
MED00225,3,seasonal_naive,-0.01594
MED00226,3,seasonal_naive,-0.02887
MED00227,3,seasonal_naive,-0.01953
MED00228,3,seasonal_naive,-0.02965
MED00229,3,seasonal_naive,-0.03184
MED00230,3,seasonal_naive,-0.00197
MED00231,3,seasonal_naive,-0.02269
MED00232,3,seasonal_naive,-0.02892
MED00233,3,seasonal_naive,0.00026
MED00234,3,seasonal_naive,-0.02709
MED00235,3,seasonal_naive,0.06541
MED00236,3,seasonal_naive,-0.0296
MED00237,3,seasonal_naive,-0.01789
MED00238,3,seasonal_naive,-0.02075
MED00239,3,seasonal_naive,-0.02481
MED00240,3,seasonal_naive,-0.0187
MED00241,3,seasonal_naive,-0.02573
MED00242,3,seasonal_naive,-0.00423
MED00243,3,seasonal_naive,-0.04069
MED00244,3,seasonal_naive,-0.02656
MED00245,3,seasonal_naive,0.06512
MED00246,3,seasonal_naive,-0.01143
MED00247,3,seasonal_naive,0.00092
MED00248,3,seasonal_naive,-0.02723
MED00249,3,seasonal_naive,0.04759
MED00250,3,seasonal_naive,-0.0165
MED00251,3,seasonal_naive,-0.02492
MED00252,3,seasonal_naive,-0.01685
MED00253,3,seasonal_naive,-0.02365
MED00254,3,seasonal_naive,-0.01671
MED00255,3,seasonal_naive,-0.01588
MED00256,3,seasonal_naive,-0.02535
MED00257,3,seasonal_naive,-0.01556
MED00258,3,seasonal_naive,-0.0258
MED00259,3,seasonal_naive,-0.02397
MED00260,3,seasonal_naive,-0.01655
MED00261,3,seasonal_naive,-0.03825
MED00262,3,seasonal_naive,-0.0283
MED00263,3,seasonal_naive,-0.01564
MED00264,3,seasonal_naive,-0.03703
MED00265,3,seasonal_naive,0.00223
MED00266,3,seasonal_naive,-0.01566
MED00267,3,seasonal_naive,-0.02549
MED00268,3,seasonal_naive,-0.02433
MED00269,3,seasonal_naive,-0.02576
MED00270,3,seasonal_naive,-0.02336
MED00271,3,seasonal_naive,-0.02496
MED00272,3,seasonal_naive,-0.0281
MED00273,3,seasonal_naive,-0.02401
MED00274,3,seasonal_naive,-0.03202
MED00275,3,seasonal_naive,0.00671
MED00276,3,seasonal_naive,-0.02669
MED00277,3,seasonal_naive,-0.05058
MED00278,3,seasonal_naive,0.00365
MED00279,3,seasonal_naive,0.03308
MED00280,3,seasonal_naive,-0.03886
MED00281,3,seasonal_naive,-0.0134
MED00282,3,seasonal_naive,-0.02592
MED00283,3,seasonal_naive,-0.02826
MED00284,3,seasonal_naive,-0.0279
MED00285,3,seasonal_naive,-0.01133
MED00286,3,seasonal_naive,-0.01472
MED00287,3,seasonal_naive,-0.0236
MED00288,3,seasonal_naive,0.06687
MED00289,3,seasonal_naive,0.00126
MED00290,3,seasonal_naive,-0.02133
MED00291,3,seasonal_naive,-0.02726
MED00292,3,seasonal_naive,-0.03214
MED00293,3,seasonal_naive,0.00535
MED00294,3,seasonal_naive,-0.03808
MED00295,3,seasonal_naive,-0.04774
MED00296,3,seasonal_naive,-0.02696
MED00297,3,seasonal_naive,-0.01446
MED00298,3,seasonal_naive,-0.02534
MED00299,3,seasonal_naive,-0.0363
MED00300,3,seasonal_naive,-0.02884
MED00301,3,seasonal_naive,-0.01766
MED00302,3,seasonal_naive,-0.02031
MED00303,3,seasonal_naive,-0.02762
MED00304,3,seasonal_naive,-0.03285
MED00305,3,seasonal_naive,-0.02861
MED00306,3,seasonal_naive,-0.03222
MED00307,3,seasonal_naive,0.0629
MED00308,3,seasonal_naive,-0.02721
MED00309,3,seasonal_naive,-0.03155
MED00310,3,seasonal_naive,-0.02801
MED00311,3,seasonal_naive,-0.02838
MED00312,3,seasonal_naive,-0.03418
MED00313,3,seasonal_naive,-0.02188
MED00314,3,seasonal_naive,-0.00571
MED00315,3,seasonal_naive,0.00363
MED00316,3,seasonal_naive,-0.02274
MED00317,3,seasonal_naive,-0.02401
MED00318,3,seasonal_naive,-0.03421
MED00319,3,seasonal_naive,0.00307
MED00320,3,seasonal_naive,-0.02444
MED00321,3,seasonal_naive,-0.0306
MED00322,3,seasonal_naive,-0.04864
MED00323,3,seasonal_naive,-0.02701
MED00324,3,seasonal_naive,-0.03054
MED00325,3,seasonal_naive,-0.01666
MED00326,3,seasonal_naive,-0.00982
MED00327,3,seasonal_naive,-0.02907
MED00328,3,seasonal_naive,-0.01506
MED00329,3,seasonal_naive,0.0018
MED00330,3,seasonal_naive,-0.01456
MED00331,3,seasonal_naive,-0.02485
MED00332,3,seasonal_naive,-0.02369
MED00333,3,seasonal_naive,-0.00738
MED00334,3,seasonal_naive,-0.02725
MED00335,3,seasonal_naive,-0.0139
MED00336,3,seasonal_naive,0.00203
MED00337,3,seasonal_naive,0.0606
MED00338,3,seasonal_naive,-0.02317
MED00339,3,seasonal_naive,-0.02931
MED00340,3,seasonal_naive,-0.03163
MED00341,3,seasonal_naive,-0.00889
MED00342,3,seasonal_naive,-0.02693
MED00343,3,seasonal_naive,0.00289
MED00344,3,seasonal_naive,-0.01452
MED00345,3,seasonal_naive,-0.04866
MED00346,3,seasonal_naive,-0.02582
MED00347,3,seasonal_naive,-0.05279
MED00348,3,seasonal_naive,-0.02467
MED00349,3,seasonal_naive,-0.02618
MED00350,3,seasonal_naive,-0.03274
MED00351,3,seasonal_naive,-0.03222
MED00352,3,seasonal_naive,-0.03333
MED00353,3,seasonal_naive,-0.03078
MED00354,3,seasonal_naive,-0.03448
MED00355,3,seasonal_naive,0.0068
MED00356,3,seasonal_naive,-0.02638
MED00357,3,seasonal_naive,-0.03904
MED00358,3,seasonal_naive,-0.02583
MED00359,3,seasonal_naive,-0.02216
MED00360,3,seasonal_naive,-0.02871
MED00361,3,seasonal_naive,-0.01996
MED00362,3,seasonal_naive,-0.02564
MED00363,3,seasonal_naive,-0.02633
MED00364,3,seasonal_naive,-0.05175
MED00365,3,seasonal_naive,-0.02552
MED00366,3,seasonal_naive,0.00397
MED00367,3,seasonal_naive,-0.02314
MED00368,3,seasonal_naive,-0.02682
MED00369,3,seasonal_naive,-0.03466
MED00370,3,seasonal_naive,-0.03508
MED00371,3,seasonal_naive,-0.01053
MED00372,3,seasonal_naive,-0.04735
MED00373,3,seasonal_naive,-0.02246
MED00374,3,seasonal_naive,-0.02286
MED00375,3,seasonal_naive,-0.01444
MED00376,3,seasonal_naive,-0.02564
MED00377,3,seasonal_naive,-0.03274
MED00378,3,seasonal_naive,-0.02786
MED00379,3,seasonal_naive,-0.03288
MED00380,3,seasonal_naive,-0.03156
MED00381,3,seasonal_naive,-0.03196
MED00382,3,seasonal_naive,-0.02658
MED00383,3,seasonal_naive,-0.01771
MED00384,3,seasonal_naive,-0.02714
MED00385,3,seasonal_naive,-0.00023
MED00386,3,seasonal_naive,0.00113
MED00387,3,seasonal_naive,0.03706
MED00388,3,seasonal_naive,0.06057
MED00389,3,seasonal_naive,0.01264
MED00390,3,seasonal_naive,0.05654
MED00391,3,seasonal_naive,0.04196
MED00392,3,seasonal_naive,0.03642
MED00393,3,seasonal_naive,-0.00152
MED00394,3,seasonal_naive,-0.01306
MED00395,3,seasonal_naive,-0.00297
MED00396,3,seasonal_naive,0.0697
MED00397,3,seasonal_naive,0.06377
MED00398,3,seasonal_naive,0.06007
MED00399,3,seasonal_naive,0.06078
MED00400,3,seasonal_naive,0.05869
MED00401,3,seasonal_naive,-0.003
MED00402,3,seasonal_naive,0.04621
MED00403,3,seasonal_naive,-0.00471
MED00404,3,seasonal_naive,-0.01668
MED00405,3,seasonal_naive,-0.0146
MED00406,3,seasonal_naive,0.04539
MED00407,3,seasonal_naive,0.04572
MED00408,3,seasonal_naive,0.00418
MED00409,3,seasonal_naive,-0.00521
MED00410,3,seasonal_naive,-0.00435
MED00411,3,seasonal_naive,0.04279
MED00412,3,seasonal_naive,0.00622
MED00413,3,seasonal_naive,-0.00239
MED00414,3,seasonal_naive,0.0386
MED00415,3,seasonal_naive,-0.00262
MED00416,3,seasonal_naive,0.03894
MED00417,3,seasonal_naive,-0.01676
MED00418,3,seasonal_naive,-0.00061
MED00419,3,seasonal_naive,-0.00201
MED00420,3,seasonal_naive,0.05277
MED00421,3,seasonal_naive,0.05496
MED00422,3,seasonal_naive,0.0382
MED00423,3,seasonal_naive,0.00695
MED00424,3,seasonal_naive,0.06113
MED00001,4,seasonal_naive,-0.00394
MED00002,4,seasonal_naive,-0.0425
MED00003,4,seasonal_naive,-0.04765
MED00004,4,seasonal_naive,-0.02721
MED00005,4,seasonal_naive,-0.03038
MED00006,4,seasonal_naive,-0.02853
MED00007,4,seasonal_naive,-0.02303
MED00008,4,seasonal_naive,-0.01751
MED00009,4,seasonal_naive,-0.02616
MED00010,4,seasonal_naive,-0.02208
MED00011,4,seasonal_naive,0.0327
MED00012,4,seasonal_naive,-0.02847
MED00013,4,seasonal_naive,-0.0057
MED00014,4,seasonal_naive,0.0327
MED00015,4,seasonal_naive,0.00113
MED00016,4,seasonal_naive,-0.02702
MED00017,4,seasonal_naive,-0.02729
MED00018,4,seasonal_naive,0.06082
MED00019,4,seasonal_naive,0.06612
MED00020,4,seasonal_naive,-0.00015
MED00021,4,seasonal_naive,-0.0295
MED00022,4,seasonal_naive,-0.02161
MED00023,4,seasonal_naive,-0.03508
MED00024,4,seasonal_naive,-0.02632
MED00025,4,seasonal_naive,-0.04931
MED00026,4,seasonal_naive,-0.04023
MED00027,4,seasonal_naive,-0.04528
MED00028,4,seasonal_naive,-0.02963
MED00029,4,seasonal_naive,-0.01024
MED00030,4,seasonal_naive,-0.02216
MED00031,4,seasonal_naive,-0.02481
MED00032,4,seasonal_naive,-0.02089
MED00033,4,seasonal_naive,-0.02967
MED00034,4,seasonal_naive,0.02928
MED00035,4,seasonal_naive,-0.01854
MED00036,4,seasonal_naive,-0.02673
MED00037,4,seasonal_naive,-0.01194
MED00038,4,seasonal_naive,-0.00293
MED00039,4,seasonal_naive,-0.03665
MED00040,4,seasonal_naive,-0.02124
MED00041,4,seasonal_naive,-0.03893
MED00042,4,seasonal_naive,-0.02733
MED00043,4,seasonal_naive,-0.02822
MED00044,4,seasonal_naive,-0.02766
MED00045,4,seasonal_naive,-0.02905
MED00046,4,seasonal_naive,-0.02989
MED00047,4,seasonal_naive,-0.01238
MED00048,4,seasonal_naive,-0.00877
MED00049,4,seasonal_naive,-0.04856
MED00050,4,seasonal_naive,-0.02399
MED00051,4,seasonal_naive,-0.05178
MED00052,4,seasonal_naive,-0.02517
MED00053,4,seasonal_naive,0.00444
MED00054,4,seasonal_naive,0.00985
MED00055,4,seasonal_naive,-0.02386
MED00056,4,seasonal_naive,-0.01917
MED00057,4,seasonal_naive,-0.03128
MED00058,4,seasonal_naive,-0.02826
MED00059,4,seasonal_naive,0.00404
MED00060,4,seasonal_naive,-0.01616
MED00061,4,seasonal_naive,-0.02268
MED00062,4,seasonal_naive,-0.01786
MED00063,4,seasonal_naive,-0.05256
MED00064,4,seasonal_naive,0.03274
MED00065,4,seasonal_naive,0.06207
MED00066,4,seasonal_naive,-0.0255
MED00067,4,seasonal_naive,-0.02894
MED00068,4,seasonal_naive,-0.01458
MED00069,4,seasonal_naive,-0.03394
MED00070,4,seasonal_naive,-0.00106
MED00071,4,seasonal_naive,-0.0314
MED00072,4,seasonal_naive,-0.02588
MED00073,4,seasonal_naive,-0.01389
MED00074,4,seasonal_naive,-0.02971
MED00075,4,seasonal_naive,-0.02956
MED00076,4,seasonal_naive,-0.03883
MED00077,4,seasonal_naive,-0.01518
MED00078,4,seasonal_naive,-0.0282
MED00079,4,seasonal_naive,-0.01029
MED00080,4,seasonal_naive,-0.01712
MED00081,4,seasonal_naive,-0.03988
MED00082,4,seasonal_naive,-0.02589
MED00083,4,seasonal_naive,-0.02964
MED00084,4,seasonal_naive,0.05964
MED00085,4,seasonal_naive,-0.02364
MED00086,4,seasonal_naive,-0.03567
MED00087,4,seasonal_naive,-0.02757
MED00088,4,seasonal_naive,0.02813
MED00089,4,seasonal_naive,-0.01415
MED00090,4,seasonal_naive,-0.02675
MED00091,4,seasonal_naive,-0.03098
MED00092,4,seasonal_naive,-0.02511
MED00093,4,seasonal_naive,-0.03801
MED00094,4,seasonal_naive,-0.02301
MED00095,4,seasonal_naive,-0.02375
MED00096,4,seasonal_naive,-0.01303
MED00097,4,seasonal_naive,-0.03515
MED00098,4,seasonal_naive,-0.00058
MED00099,4,seasonal_naive,-0.04488
MED00100,4,seasonal_naive,-0.04988
MED00101,4,seasonal_naive,-0.0082
MED00102,4,seasonal_naive,-0.01888
MED00103,4,seasonal_naive,-0.02607
MED00104,4,seasonal_naive,-0.01293
MED00105,4,seasonal_naive,-0.00091
MED00106,4,seasonal_naive,-0.05252
MED00107,4,seasonal_naive,-0.01022
MED00108,4,seasonal_naive,-0.02446
MED00109,4,seasonal_naive,-0.03303
MED00110,4,seasonal_naive,-0.03471
MED00111,4,seasonal_naive,-0.0242
MED00112,4,seasonal_naive,-0.024
MED00113,4,seasonal_naive,-0.02592
MED00114,4,seasonal_naive,-0.01849
MED00115,4,seasonal_naive,-0.02604
MED00116,4,seasonal_naive,-0.00842
MED00117,4,seasonal_naive,-0.03173
MED00118,4,seasonal_naive,-0.01939
MED00119,4,seasonal_naive,-0.02541
MED00120,4,seasonal_naive,-0.02386
MED00121,4,seasonal_naive,-0.02403
MED00122,4,seasonal_naive,-0.01247
MED00123,4,seasonal_naive,-0.033
MED00124,4,seasonal_naive,-0.00986
MED00125,4,seasonal_naive,-0.03308
MED00126,4,seasonal_naive,-0.0311
MED00127,4,seasonal_naive,-0.02505
MED00128,4,seasonal_naive,-0.02489
MED00129,4,seasonal_naive,-0.02796
MED00130,4,seasonal_naive,-0.04855
MED00131,4,seasonal_naive,-0.02888
MED00132,4,seasonal_naive,-0.04242
MED00133,4,seasonal_naive,-0.00432
MED00134,4,seasonal_naive,-0.03251
MED00135,4,seasonal_naive,-0.01464
MED00136,4,seasonal_naive,-0.02612
MED00137,4,seasonal_naive,-0.02546
MED00138,4,seasonal_naive,-0.02913
MED00139,4,seasonal_naive,-0.02786
MED00140,4,seasonal_naive,-0.0214
MED00141,4,seasonal_naive,-0.02205
MED00142,4,seasonal_naive,-0.03505
MED00143,4,seasonal_naive,-0.02065
MED00144,4,seasonal_naive,-0.01843
MED00145,4,seasonal_naive,-0.01987
MED00146,4,seasonal_naive,-0.02707
MED00147,4,seasonal_naive,-0.0294
MED00148,4,seasonal_naive,-0.01526
MED00149,4,seasonal_naive,-0.01453
MED00150,4,seasonal_naive,-0.03196
MED00151,4,seasonal_naive,-0.01996
MED00152,4,seasonal_naive,-0.02566
MED00153,4,seasonal_naive,-0.02566
MED00154,4,seasonal_naive,-0.00267
MED00155,4,seasonal_naive,-0.02335
MED00156,4,seasonal_naive,-0.027
MED00157,4,seasonal_naive,-0.0146
MED00158,4,seasonal_naive,-0.04369
MED00159,4,seasonal_naive,-0.00259
MED00160,4,seasonal_naive,-0.02377
MED00161,4,seasonal_naive,-0.01422
MED00162,4,seasonal_naive,-0.02692
MED00163,4,seasonal_naive,-0.03987
MED00164,4,seasonal_naive,-0.02914
MED00165,4,seasonal_naive,-0.00695
MED00166,4,seasonal_naive,-0.02647
MED00167,4,seasonal_naive,-0.02414
MED00168,4,seasonal_naive,-0.02376
MED00169,4,seasonal_naive,-0.02498
MED00170,4,seasonal_naive,-0.02634
MED00171,4,seasonal_naive,-0.02477
MED00172,4,seasonal_naive,-0.02401
MED00173,4,seasonal_naive,-0.02388
MED00174,4,seasonal_naive,-0.02074
MED00175,4,seasonal_naive,-0.03041
MED00176,4,seasonal_naive,-0.0119
MED00177,4,seasonal_naive,-0.04395
MED00178,4,seasonal_naive,-0.01999
MED00179,4,seasonal_naive,-0.02267
MED00180,4,seasonal_naive,-0.02702
MED00181,4,seasonal_naive,-0.02259
MED00182,4,seasonal_naive,-0.04556
MED00183,4,seasonal_naive,-0.01846
MED00184,4,seasonal_naive,-0.01957
MED00185,4,seasonal_naive,-0.02801
MED00186,4,seasonal_naive,-0.02249
MED00187,4,seasonal_naive,-0.02165
MED00188,4,seasonal_naive,-0.01119
MED00189,4,seasonal_naive,-0.05048
MED00190,4,seasonal_naive,-0.02447
MED00191,4,seasonal_naive,0.0012
MED00192,4,seasonal_naive,-0.04171
MED00193,4,seasonal_naive,-0.04985
MED00194,4,seasonal_naive,-0.0043
MED00195,4,seasonal_naive,-0.00623
MED00196,4,seasonal_naive,-0.0195
MED00197,4,seasonal_naive,-0.00444
MED00198,4,seasonal_naive,-0.02678
MED00199,4,seasonal_naive,-0.02556
MED00200,4,seasonal_naive,-0.02477
MED00201,4,seasonal_naive,-0.01798
MED00202,4,seasonal_naive,-0.03068
MED00203,4,seasonal_naive,-0.02618
MED00204,4,seasonal_naive,-0.02775
MED00206,4,seasonal_naive,-0.01956
MED00207,4,seasonal_naive,-0.02429
MED00208,4,seasonal_naive,0.00188
MED00209,4,seasonal_naive,-0.02859
MED00210,4,seasonal_naive,-0.02979
MED00211,4,seasonal_naive,-0.0233
MED00212,4,seasonal_naive,-0.03241
MED00213,4,seasonal_naive,-0.02982
MED00214,4,seasonal_naive,0.00433
MED00215,4,seasonal_naive,-0.02754
MED00216,4,seasonal_naive,-0.05152
MED00217,4,seasonal_naive,-0.03851
MED00218,4,seasonal_naive,-0.01586
MED00219,4,seasonal_naive,-0.00659
MED00220,4,seasonal_naive,-0.02479
MED00221,4,seasonal_naive,-0.02719
MED00222,4,seasonal_naive,-0.03586
MED00223,4,seasonal_naive,-0.01802
MED00224,4,seasonal_naive,-0.02665
MED00225,4,seasonal_naive,-0.01585
MED00226,4,seasonal_naive,-0.0288
MED00227,4,seasonal_naive,-0.01945
MED00228,4,seasonal_naive,-0.0296
MED00229,4,seasonal_naive,-0.03173
MED00230,4,seasonal_naive,-0.00196
MED00231,4,seasonal_naive,-0.0226
MED00232,4,seasonal_naive,-0.02883
MED00233,4,seasonal_naive,0.00039
MED00234,4,seasonal_naive,-0.02701
MED00235,4,seasonal_naive,0.06534
MED00236,4,seasonal_naive,-0.0295
MED00237,4,seasonal_naive,-0.0178
MED00238,4,seasonal_naive,-0.02065
MED00239,4,seasonal_naive,-0.0247
MED00240,4,seasonal_naive,-0.0186
MED00241,4,seasonal_naive,-0.02564
MED00242,4,seasonal_naive,-0.00421
MED00243,4,seasonal_naive,-0.04063
MED00244,4,seasonal_naive,-0.02647
MED00245,4,seasonal_naive,0.06472
MED00246,4,seasonal_naive,-0.01169
MED00247,4,seasonal_naive,0.00101
MED00248,4,seasonal_naive,-0.02714
MED00249,4,seasonal_naive,0.04756
MED00250,4,seasonal_naive,-0.0164
MED00251,4,seasonal_naive,-0.02482
MED00252,4,seasonal_naive,-0.01675
MED00253,4,seasonal_naive,-0.02356
MED00254,4,seasonal_naive,-0.01662
MED00255,4,seasonal_naive,-0.01573
MED00256,4,seasonal_naive,-0.02526
MED00257,4,seasonal_naive,-0.01536
MED00258,4,seasonal_naive,-0.02571
MED00259,4,seasonal_naive,-0.02406
MED00260,4,seasonal_naive,-0.01794
MED00261,4,seasonal_naive,-0.03204
MED00262,4,seasonal_naive,-0.02824
MED00263,4,seasonal_naive,-0.01554
MED00264,4,seasonal_naive,-0.03707
MED00265,4,seasonal_naive,0.00221
MED00266,4,seasonal_naive,-0.01565
MED00267,4,seasonal_naive,-0.02539
MED00268,4,seasonal_naive,-0.02423
MED00269,4,seasonal_naive,-0.02567
MED00270,4,seasonal_naive,-0.02326
MED00271,4,seasonal_naive,-0.02478
MED00272,4,seasonal_naive,-0.02797
MED00273,4,seasonal_naive,-0.02389
MED00274,4,seasonal_naive,-0.03191
MED00275,4,seasonal_naive,0.0069
MED00276,4,seasonal_naive,-0.0266
MED00277,4,seasonal_naive,-0.05048
MED00278,4,seasonal_naive,0.00375
MED00279,4,seasonal_naive,0.0331
MED00280,4,seasonal_naive,-0.03877
MED00281,4,seasonal_naive,-0.01329
MED00282,4,seasonal_naive,-0.02582
MED00283,4,seasonal_naive,-0.0281
MED00284,4,seasonal_naive,-0.02784
MED00285,4,seasonal_naive,-0.01124
MED00286,4,seasonal_naive,-0.01455
MED00287,4,seasonal_naive,-0.0235
MED00288,4,seasonal_naive,0.06685
MED00289,4,seasonal_naive,0.00102
MED00290,4,seasonal_naive,-0.02123
MED00291,4,seasonal_naive,-0.02741
MED00292,4,seasonal_naive,-0.03168
MED00293,4,seasonal_naive,0.00523
MED00294,4,seasonal_naive,-0.03802
MED00295,4,seasonal_naive,-0.04763
MED00296,4,seasonal_naive,-0.02686
MED00297,4,seasonal_naive,-0.01437
MED00298,4,seasonal_naive,-0.02524
MED00299,4,seasonal_naive,-0.0362
MED00300,4,seasonal_naive,-0.02874
MED00301,4,seasonal_naive,-0.01757
MED00302,4,seasonal_naive,-0.0203
MED00303,4,seasonal_naive,-0.02743
MED00304,4,seasonal_naive,-0.03272
MED00305,4,seasonal_naive,-0.02852
MED00306,4,seasonal_naive,-0.03212
MED00307,4,seasonal_naive,0.06286
MED00308,4,seasonal_naive,-0.02861
MED00309,4,seasonal_naive,-0.03143
MED00310,4,seasonal_naive,-0.02792
MED00311,4,seasonal_naive,-0.0282
MED00312,4,seasonal_naive,-0.03409
MED00313,4,seasonal_naive,-0.0216
MED00314,4,seasonal_naive,-0.0057
MED00315,4,seasonal_naive,0.00372
MED00316,4,seasonal_naive,-0.02265
MED00317,4,seasonal_naive,-0.02392
MED00318,4,seasonal_naive,-0.03411
MED00319,4,seasonal_naive,0.00317
MED00320,4,seasonal_naive,-0.02443
MED00321,4,seasonal_naive,-0.03004
MED00322,4,seasonal_naive,-0.04854
MED00323,4,seasonal_naive,-0.02688
MED00324,4,seasonal_naive,-0.03044
MED00325,4,seasonal_naive,-0.01656
MED00326,4,seasonal_naive,-0.00972
MED00327,4,seasonal_naive,-0.02898
MED00328,4,seasonal_naive,-0.01496
MED00329,4,seasonal_naive,0.00189
MED00330,4,seasonal_naive,-0.01447
MED00331,4,seasonal_naive,-0.02475
MED00332,4,seasonal_naive,-0.02359
MED00333,4,seasonal_naive,-0.00729
MED00334,4,seasonal_naive,-0.02725
MED00335,4,seasonal_naive,-0.01406
MED00336,4,seasonal_naive,0.0021
MED00337,4,seasonal_naive,0.06051
MED00338,4,seasonal_naive,-0.02316
MED00339,4,seasonal_naive,-0.02921
MED00340,4,seasonal_naive,-0.03154
MED00341,4,seasonal_naive,-0.0088
MED00342,4,seasonal_naive,-0.02683
MED00343,4,seasonal_naive,0.00289
MED00344,4,seasonal_naive,-0.0145
MED00345,4,seasonal_naive,-0.04856
MED00346,4,seasonal_naive,-0.02572
MED00347,4,seasonal_naive,-0.05269
MED00348,4,seasonal_naive,-0.0246
MED00349,4,seasonal_naive,-0.02608
MED00350,4,seasonal_naive,-0.0326
MED00351,4,seasonal_naive,-0.03211
MED00352,4,seasonal_naive,-0.03338
MED00353,4,seasonal_naive,-0.0308
MED00354,4,seasonal_naive,-0.03473
MED00355,4,seasonal_naive,0.00598
MED00356,4,seasonal_naive,-0.02629
MED00357,4,seasonal_naive,-0.03894
MED00358,4,seasonal_naive,-0.02573
MED00359,4,seasonal_naive,-0.02207
MED00360,4,seasonal_naive,-0.02866
MED00361,4,seasonal_naive,-0.01986
MED00362,4,seasonal_naive,-0.02555
MED00363,4,seasonal_naive,-0.02624
MED00364,4,seasonal_naive,-0.05165
MED00365,4,seasonal_naive,-0.02543
MED00366,4,seasonal_naive,0.00406
MED00367,4,seasonal_naive,-0.02304
MED00368,4,seasonal_naive,-0.02672
MED00369,4,seasonal_naive,-0.03456
MED00370,4,seasonal_naive,-0.03498
MED00371,4,seasonal_naive,-0.01052
MED00372,4,seasonal_naive,-0.04724
MED00373,4,seasonal_naive,-0.02236
MED00374,4,seasonal_naive,-0.02276
MED00375,4,seasonal_naive,-0.01443
MED00376,4,seasonal_naive,-0.02554
MED00377,4,seasonal_naive,-0.03264
MED00378,4,seasonal_naive,-0.02779
MED00379,4,seasonal_naive,-0.03232
MED00380,4,seasonal_naive,-0.0318
MED00381,4,seasonal_naive,-0.03185
MED00382,4,seasonal_naive,-0.02649
MED00383,4,seasonal_naive,-0.01762
MED00384,4,seasonal_naive,-0.02704
MED00385,4,seasonal_naive,-0.00012
MED00386,4,seasonal_naive,0.00122
MED00387,4,seasonal_naive,0.03702
MED00388,4,seasonal_naive,0.06016
MED00389,4,seasonal_naive,0.01276
MED00390,4,seasonal_naive,0.05508
MED00391,4,seasonal_naive,0.04195
MED00392,4,seasonal_naive,0.03638
MED00393,4,seasonal_naive,-0.00142
MED00394,4,seasonal_naive,-0.01288
MED00395,4,seasonal_naive,-0.00286
MED00396,4,seasonal_naive,0.0693
MED00397,4,seasonal_naive,0.06337
MED00398,4,seasonal_naive,0.05966
MED00399,4,seasonal_naive,0.06037
MED00400,4,seasonal_naive,0.05864
MED00401,4,seasonal_naive,-0.00292
MED00402,4,seasonal_naive,0.04474
MED00403,4,seasonal_naive,-0.00462
MED00404,4,seasonal_naive,-0.01659
MED00405,4,seasonal_naive,-0.0145
MED00406,4,seasonal_naive,0.04394
MED00407,4,seasonal_naive,0.04428
MED00408,4,seasonal_naive,0.00399
MED00409,4,seasonal_naive,-0.00513
MED00410,4,seasonal_naive,-0.00424
MED00411,4,seasonal_naive,0.04263
MED00412,4,seasonal_naive,0.00631
MED00413,4,seasonal_naive,-0.0023
MED00414,4,seasonal_naive,0.03714
MED00415,4,seasonal_naive,-0.00253
MED00416,4,seasonal_naive,0.039
MED00417,4,seasonal_naive,-0.01666
MED00418,4,seasonal_naive,-0.00053
MED00419,4,seasonal_naive,-0.00191
MED00420,4,seasonal_naive,0.0513
MED00421,4,seasonal_naive,0.05362
MED00422,4,seasonal_naive,0.03816
MED00423,4,seasonal_naive,0.00704
MED00424,4,seasonal_naive,0.06073
MED00001,5,seasonal_naive,-0.00127
MED00002,5,seasonal_naive,-0.04152
MED00003,5,seasonal_naive,-0.0485
MED00004,5,seasonal_naive,-0.0255
MED00005,5,seasonal_naive,-0.02926
MED00006,5,seasonal_naive,-0.02969
MED00007,5,seasonal_naive,-0.03062
MED00008,5,seasonal_naive,-0.01803
MED00009,5,seasonal_naive,-0.02527
MED00010,5,seasonal_naive,-0.02009
MED00011,5,seasonal_naive,0.03373
MED00012,5,seasonal_naive,-0.0297
MED00013,5,seasonal_naive,-0.01097
MED00014,5,seasonal_naive,0.03103
MED00015,5,seasonal_naive,-0.00235
MED00016,5,seasonal_naive,-0.02714
MED00017,5,seasonal_naive,-0.02807
MED00018,5,seasonal_naive,0.06152
MED00019,5,seasonal_naive,0.06709
MED00020,5,seasonal_naive,-0.00044
MED00021,5,seasonal_naive,-0.02626
MED00022,5,seasonal_naive,-0.02645
MED00023,5,seasonal_naive,-0.02859
MED00024,5,seasonal_naive,-0.02986
MED00025,5,seasonal_naive,-0.05322
MED00026,5,seasonal_naive,-0.03885
MED00027,5,seasonal_naive,-0.04975
MED00028,5,seasonal_naive,-0.01048
MED00029,5,seasonal_naive,-0.00727
MED00030,5,seasonal_naive,-0.02434
MED00031,5,seasonal_naive,-0.02532
MED00032,5,seasonal_naive,-0.02811
MED00033,5,seasonal_naive,-0.03005
MED00034,5,seasonal_naive,0.03338
MED00035,5,seasonal_naive,-0.02855
MED00036,5,seasonal_naive,-0.02488
MED00037,5,seasonal_naive,-0.026
MED00038,5,seasonal_naive,-0.01248
MED00039,5,seasonal_naive,-0.03133
MED00040,5,seasonal_naive,-0.02276
MED00041,5,seasonal_naive,-0.03266
MED00042,5,seasonal_naive,-0.0257
MED00043,5,seasonal_naive,-0.0101
MED00044,5,seasonal_naive,-0.02722
MED00045,5,seasonal_naive,-0.03055
MED00046,5,seasonal_naive,-0.02845
MED00047,5,seasonal_naive,-0.01412
MED00048,5,seasonal_naive,-0.00485
MED00049,5,seasonal_naive,-0.05046
MED00050,5,seasonal_naive,-0.02874
MED00051,5,seasonal_naive,-0.05281
MED00052,5,seasonal_naive,-0.0074
MED00053,5,seasonal_naive,-0.01357
MED00054,5,seasonal_naive,-0.00893
MED00055,5,seasonal_naive,-0.02425
MED00056,5,seasonal_naive,-0.02085
MED00057,5,seasonal_naive,-0.03228
MED00058,5,seasonal_naive,-0.02961
MED00059,5,seasonal_naive,-0.00117
MED00060,5,seasonal_naive,-0.01771
MED00061,5,seasonal_naive,-0.02287
MED00062,5,seasonal_naive,-0.01206
MED00063,5,seasonal_naive,-0.05416
MED00064,5,seasonal_naive,0.02624
MED00065,5,seasonal_naive,0.06457
MED00066,5,seasonal_naive,-0.00446
MED00067,5,seasonal_naive,-0.02926
MED00068,5,seasonal_naive,-0.0283
MED00069,5,seasonal_naive,-0.02794
MED00070,5,seasonal_naive,0.0003
MED00071,5,seasonal_naive,-0.02501
MED00072,5,seasonal_naive,-0.02982
MED00073,5,seasonal_naive,-0.02478
MED00074,5,seasonal_naive,-0.02712
MED00075,5,seasonal_naive,-0.02781
MED00076,5,seasonal_naive,-0.03915
MED00077,5,seasonal_naive,-0.03434
MED00078,5,seasonal_naive,-0.02807
MED00079,5,seasonal_naive,-0.00908
MED00080,5,seasonal_naive,-0.02759
MED00081,5,seasonal_naive,-0.03901
MED00082,5,seasonal_naive,-0.02921
MED00083,5,seasonal_naive,-0.0276
MED00084,5,seasonal_naive,0.05938
MED00085,5,seasonal_naive,-0.02404
MED00086,5,seasonal_naive,-0.03592
MED00087,5,seasonal_naive,-0.02421
MED00088,5,seasonal_naive,0.05086
MED00089,5,seasonal_naive,-0.01284
MED00090,5,seasonal_naive,-0.02349
MED00091,5,seasonal_naive,-0.021
MED00092,5,seasonal_naive,-0.02807
MED00093,5,seasonal_naive,-0.03799
MED00094,5,seasonal_naive,-0.02176
MED00095,5,seasonal_naive,-0.02406
MED00096,5,seasonal_naive,-0.01084
MED00097,5,seasonal_naive,-0.0354
MED00098,5,seasonal_naive,-0.01056
MED00099,5,seasonal_naive,-0.04791
MED00100,5,seasonal_naive,-0.04532
MED00101,5,seasonal_naive,-0.01109
MED00102,5,seasonal_naive,-0.01907
MED00103,5,seasonal_naive,-0.02789
MED00104,5,seasonal_naive,-0.01356
MED00105,5,seasonal_naive,-0.00067
MED00106,5,seasonal_naive,-0.05413
MED00107,5,seasonal_naive,-0.0108
MED00108,5,seasonal_naive,-0.02467
MED00109,5,seasonal_naive,-0.03862
MED00110,5,seasonal_naive,-0.0385
MED00111,5,seasonal_naive,-0.02341
MED00112,5,seasonal_naive,-0.02427
MED00113,5,seasonal_naive,-0.02156
MED00114,5,seasonal_naive,-0.018
MED00115,5,seasonal_naive,-0.0245
MED00116,5,seasonal_naive,-0.00506
MED00117,5,seasonal_naive,-0.03224
MED00118,5,seasonal_naive,-0.02148
MED00119,5,seasonal_naive,-0.02672
MED00120,5,seasonal_naive,-0.02375
MED00121,5,seasonal_naive,-0.02447
MED00122,5,seasonal_naive,-0.02444
MED00123,5,seasonal_naive,-0.0328
MED00124,5,seasonal_naive,-0.01045
MED00125,5,seasonal_naive,-0.0342
MED00126,5,seasonal_naive,-0.03379
MED00127,5,seasonal_naive,-0.02603
MED00128,5,seasonal_naive,-0.02621
MED00129,5,seasonal_naive,-0.02958
MED00130,5,seasonal_naive,-0.05046
MED00131,5,seasonal_naive,-0.0229
MED00132,5,seasonal_naive,-0.03598
MED00133,5,seasonal_naive,-0.01718
MED00134,5,seasonal_naive,-0.03781
MED00135,5,seasonal_naive,-0.01355
MED00136,5,seasonal_naive,-0.02597
MED00137,5,seasonal_naive,-0.02446
MED00138,5,seasonal_naive,-0.02549
MED00139,5,seasonal_naive,-0.02983
MED00140,5,seasonal_naive,-0.0231
MED00141,5,seasonal_naive,-0.02817
MED00142,5,seasonal_naive,-0.03553
MED00143,5,seasonal_naive,-0.02216
MED00144,5,seasonal_naive,-0.02885
MED00145,5,seasonal_naive,-0.0209
MED00146,5,seasonal_naive,-0.02946
MED00147,5,seasonal_naive,-0.02678
MED00148,5,seasonal_naive,-0.02287
MED00149,5,seasonal_naive,-0.02335
MED00150,5,seasonal_naive,-0.02252
MED00151,5,seasonal_naive,-0.02642
MED00152,5,seasonal_naive,-0.02709
MED00153,5,seasonal_naive,-0.02735
MED00154,5,seasonal_naive,-0.00988
MED00155,5,seasonal_naive,-0.02871
MED00156,5,seasonal_naive,-0.02623
MED00157,5,seasonal_naive,-0.01885
MED00158,5,seasonal_naive,-0.04261
MED00159,5,seasonal_naive,-0.00121
MED00160,5,seasonal_naive,-0.02244
MED00161,5,seasonal_naive,-0.01872
MED00162,5,seasonal_naive,-0.02822
MED00163,5,seasonal_naive,-0.03957
MED00164,5,seasonal_naive,-0.02869
MED00165,5,seasonal_naive,-0.00539
MED00166,5,seasonal_naive,-0.02775
MED00167,5,seasonal_naive,-0.02329
MED00168,5,seasonal_naive,-0.02515
MED00169,5,seasonal_naive,-0.02668
MED00170,5,seasonal_naive,-0.01808
MED00171,5,seasonal_naive,-0.02609
MED00172,5,seasonal_naive,-0.025
MED00173,5,seasonal_naive,-0.0259
MED00174,5,seasonal_naive,-0.02829
MED00175,5,seasonal_naive,-0.02685
MED00176,5,seasonal_naive,-0.0092
MED00177,5,seasonal_naive,-0.04224
MED00178,5,seasonal_naive,-0.02131
MED00179,5,seasonal_naive,-0.01801
MED00180,5,seasonal_naive,-0.02827
MED00181,5,seasonal_naive,-0.02306
MED00182,5,seasonal_naive,-0.0485
MED00183,5,seasonal_naive,-0.01808
MED00184,5,seasonal_naive,-0.02266
MED00185,5,seasonal_naive,-0.03326
MED00186,5,seasonal_naive,-0.02377
MED00187,5,seasonal_naive,-0.02219
MED00188,5,seasonal_naive,-0.02279
MED00189,5,seasonal_naive,-0.05133
MED00190,5,seasonal_naive,-0.02499
MED00191,5,seasonal_naive,0.00152
MED00192,5,seasonal_naive,-0.04084
MED00193,5,seasonal_naive,-0.05167
MED00194,5,seasonal_naive,-0.0051
MED00195,5,seasonal_naive,-0.00843
MED00196,5,seasonal_naive,-0.01927
MED00197,5,seasonal_naive,-0.00522
MED00198,5,seasonal_naive,-0.02814
MED00199,5,seasonal_naive,-0.02207
MED00200,5,seasonal_naive,-0.0264
MED00201,5,seasonal_naive,-0.02038
MED00202,5,seasonal_naive,-0.03085
MED00203,5,seasonal_naive,-0.03031
MED00204,5,seasonal_naive,-0.0288
MED00205,5,seasonal_naive,0.00068
MED00206,5,seasonal_naive,-0.02264
MED00207,5,seasonal_naive,-0.02903
MED00208,5,seasonal_naive,0.00182
MED00209,5,seasonal_naive,-0.029
MED00210,5,seasonal_naive,-0.02964
MED00211,5,seasonal_naive,-0.02753
MED00212,5,seasonal_naive,-0.03384
MED00213,5,seasonal_naive,-0.03235
MED00214,5,seasonal_naive,0.00378
MED00215,5,seasonal_naive,-0.02821
MED00216,5,seasonal_naive,-0.05313
MED00217,5,seasonal_naive,-0.03887
MED00218,5,seasonal_naive,-0.02424
MED00219,5,seasonal_naive,-0.00437
MED00220,5,seasonal_naive,-0.03097
MED00221,5,seasonal_naive,-0.02188
MED00222,5,seasonal_naive,-0.03556
MED00223,5,seasonal_naive,-0.01653
MED00224,5,seasonal_naive,-0.02815
MED00225,5,seasonal_naive,-0.02967
MED00226,5,seasonal_naive,-0.03041
MED00227,5,seasonal_naive,-0.02421
MED00228,5,seasonal_naive,-0.03166
MED00229,5,seasonal_naive,-0.03459
MED00230,5,seasonal_naive,-0.00214
MED00231,5,seasonal_naive,-0.02471
MED00232,5,seasonal_naive,-0.03067
MED00233,5,seasonal_naive,-0.01498
MED00234,5,seasonal_naive,-0.02897
MED00235,5,seasonal_naive,0.06634
MED00236,5,seasonal_naive,-0.02457
MED00237,5,seasonal_naive,-0.03226
MED00238,5,seasonal_naive,-0.02249
MED00239,5,seasonal_naive,-0.02461
MED00240,5,seasonal_naive,-0.02701
MED00241,5,seasonal_naive,-0.02766
MED00242,5,seasonal_naive,-0.01105
MED00243,5,seasonal_naive,-0.03964
MED00244,5,seasonal_naive,-0.02727
MED00245,5,seasonal_naive,0.06576
MED00246,5,seasonal_naive,-0.01484
MED00247,5,seasonal_naive,0.00192
MED00248,5,seasonal_naive,-0.02851
MED00249,5,seasonal_naive,0.04754
MED00250,5,seasonal_naive,-0.01305
MED00251,5,seasonal_naive,-0.02591
MED00252,5,seasonal_naive,-0.02024
MED00253,5,seasonal_naive,-0.02302
MED00254,5,seasonal_naive,-0.02011
MED00255,5,seasonal_naive,-0.02828
MED00256,5,seasonal_naive,-0.02832
MED00257,5,seasonal_naive,-0.01817
MED00258,5,seasonal_naive,-0.02527
MED00259,5,seasonal_naive,-0.02543
MED00260,5,seasonal_naive,-0.01585
MED00261,5,seasonal_naive,-0.03139
MED00262,5,seasonal_naive,-0.0253
MED00263,5,seasonal_naive,-0.02809
MED00264,5,seasonal_naive,-0.04041
MED00265,5,seasonal_naive,0.00097
MED00266,5,seasonal_naive,-0.01461
MED00267,5,seasonal_naive,-0.02524
MED00268,5,seasonal_naive,-0.02392
MED00269,5,seasonal_naive,-0.02744
MED00270,5,seasonal_naive,-0.02435
MED00271,5,seasonal_naive,-0.02319
MED00272,5,seasonal_naive,-0.02404
MED00273,5,seasonal_naive,-0.02956
MED00274,5,seasonal_naive,-0.03594
MED00275,5,seasonal_naive,0.00691
MED00276,5,seasonal_naive,-0.02707
MED00277,5,seasonal_naive,-0.05133
MED00278,5,seasonal_naive,0.00081
MED00279,5,seasonal_naive,0.03379
MED00280,5,seasonal_naive,-0.03912
MED00281,5,seasonal_naive,-0.00905
MED00282,5,seasonal_naive,-0.0262
MED00283,5,seasonal_naive,-0.02952
MED00284,5,seasonal_naive,-0.02834
MED00285,5,seasonal_naive,-0.0155
MED00286,5,seasonal_naive,-0.01655
MED00287,5,seasonal_naive,-0.02377
MED00288,5,seasonal_naive,0.06752
MED00289,5,seasonal_naive,-0.01711
MED00290,5,seasonal_naive,-0.02261
MED00291,5,seasonal_naive,-0.02841
MED00292,5,seasonal_naive,-0.03311
MED00293,5,seasonal_naive,-0.00904
MED00294,5,seasonal_naive,-0.03109
MED00295,5,seasonal_naive,-0.05095
MED00296,5,seasonal_naive,-0.02706
MED00297,5,seasonal_naive,-0.01465
MED00298,5,seasonal_naive,-0.02525
MED00299,5,seasonal_naive,-0.0365
MED00300,5,seasonal_naive,-0.02995
MED00301,5,seasonal_naive,-0.02802
MED00302,5,seasonal_naive,-0.01824
MED00303,5,seasonal_naive,-0.02727
MED00304,5,seasonal_naive,-0.02855
MED00305,5,seasonal_naive,-0.02977
MED00306,5,seasonal_naive,-0.04325
MED00307,5,seasonal_naive,0.06368
MED00308,5,seasonal_naive,-0.01892
MED00309,5,seasonal_naive,-0.02582
MED00310,5,seasonal_naive,-0.03134
MED00311,5,seasonal_naive,-0.02493
MED00312,5,seasonal_naive,-0.0361
MED00313,5,seasonal_naive,-0.02097
MED00314,5,seasonal_naive,-0.00467
MED00315,5,seasonal_naive,0.00082
MED00316,5,seasonal_naive,-0.02832
MED00317,5,seasonal_naive,-0.02498
MED00318,5,seasonal_naive,-0.02904
MED00319,5,seasonal_naive,0.00216
MED00320,5,seasonal_naive,-0.02669
MED00321,5,seasonal_naive,-0.02729
MED00322,5,seasonal_naive,-0.05044
MED00323,5,seasonal_naive,-0.02834
MED00324,5,seasonal_naive,-0.02566
MED00325,5,seasonal_naive,-0.02659
MED00326,5,seasonal_naive,-0.0103
MED00327,5,seasonal_naive,-0.03099
MED00328,5,seasonal_naive,-0.02878
MED00329,5,seasonal_naive,0.00158
MED00330,5,seasonal_naive,-0.01879
MED00331,5,seasonal_naive,-0.02575
MED00332,5,seasonal_naive,-0.02573
MED00333,5,seasonal_naive,-0.01914
MED00334,5,seasonal_naive,-0.02704
MED00335,5,seasonal_naive,-0.01139
MED00336,5,seasonal_naive,0.00147
MED00337,5,seasonal_naive,0.06102
MED00338,5,seasonal_naive,-0.02398
MED00339,5,seasonal_naive,-0.02826
MED00340,5,seasonal_naive,-0.02925
MED00341,5,seasonal_naive,-0.00978
MED00342,5,seasonal_naive,-0.02751
MED00343,5,seasonal_naive,0.00194
MED00344,5,seasonal_naive,-0.02788
MED00345,5,seasonal_naive,-0.05046
MED00346,5,seasonal_naive,-0.02303
MED00347,5,seasonal_naive,-0.05324
MED00348,5,seasonal_naive,-0.02597
MED00349,5,seasonal_naive,-0.01934
MED00350,5,seasonal_naive,-0.03073
MED00351,5,seasonal_naive,-0.0393
MED00352,5,seasonal_naive,-0.03652
MED00353,5,seasonal_naive,-0.03345
MED00354,5,seasonal_naive,-0.03294
MED00355,5,seasonal_naive,-0.00218
MED00356,5,seasonal_naive,-0.02157
MED00357,5,seasonal_naive,-0.03943
MED00358,5,seasonal_naive,-0.02559
MED00359,5,seasonal_naive,-0.02852
MED00360,5,seasonal_naive,-0.02858
MED00361,5,seasonal_naive,-0.01933
MED00362,5,seasonal_naive,-0.02601
MED00363,5,seasonal_naive,-0.02762
MED00364,5,seasonal_naive,-0.0522
MED00365,5,seasonal_naive,-0.02684
MED00366,5,seasonal_naive,0.00135
MED00367,5,seasonal_naive,-0.02437
MED00368,5,seasonal_naive,-0.02728
MED00369,5,seasonal_naive,-0.02934
MED00370,5,seasonal_naive,-0.03517
MED00371,5,seasonal_naive,-0.01055
MED00372,5,seasonal_naive,-0.04298
MED00373,5,seasonal_naive,-0.02211
MED00374,5,seasonal_naive,-0.03025
MED00375,5,seasonal_naive,-0.01471
MED00376,5,seasonal_naive,-0.02257
MED00377,5,seasonal_naive,-0.03119
MED00378,5,seasonal_naive,-0.02823
MED00379,5,seasonal_naive,-0.03028
MED00380,5,seasonal_naive,-0.03925
MED00381,5,seasonal_naive,-0.02981
MED00382,5,seasonal_naive,-0.03339
MED00383,5,seasonal_naive,-0.01871
MED00384,5,seasonal_naive,-0.0286
MED00385,5,seasonal_naive,-0.00664
MED00386,5,seasonal_naive,0.00153
MED00387,5,seasonal_naive,0.00779
MED00388,5,seasonal_naive,0.06059
MED00389,5,seasonal_naive,-0.02195
MED00390,5,seasonal_naive,0.03492
MED00391,5,seasonal_naive,0.00062
MED00392,5,seasonal_naive,-0.00028
MED00393,5,seasonal_naive,-0.01108
MED00394,5,seasonal_naive,-0.00927
MED00395,5,seasonal_naive,-0.00933
MED00396,5,seasonal_naive,0.06967
MED00397,5,seasonal_naive,0.06398
MED00398,5,seasonal_naive,0.05927
MED00399,5,seasonal_naive,0.06107
MED00400,5,seasonal_naive,0.05944
MED00401,5,seasonal_naive,-0.01347
MED00402,5,seasonal_naive,-0.00819
MED00403,5,seasonal_naive,-0.00215
MED00404,5,seasonal_naive,-0.0204
MED00405,5,seasonal_naive,-0.01594
MED00406,5,seasonal_naive,0.03571
MED00407,5,seasonal_naive,-0.00758
MED00408,5,seasonal_naive,-0.00906
MED00409,5,seasonal_naive,-0.0132
MED00410,5,seasonal_naive,-0.00643
MED00411,5,seasonal_naive,-0.00026
MED00412,5,seasonal_naive,0.00924
MED00413,5,seasonal_naive,-0.00286
MED00414,5,seasonal_naive,-0.007
MED00415,5,seasonal_naive,0.00065
MED00416,5,seasonal_naive,-0.0114
MED00417,5,seasonal_naive,-0.01897
MED00418,5,seasonal_naive,-0.01401
MED00419,5,seasonal_naive,-0.01818
MED00420,5,seasonal_naive,-0.00211
MED00421,5,seasonal_naive,0.03333
MED00422,5,seasonal_naive,-0.00213
MED00423,5,seasonal_naive,-0.00087
MED00424,5,seasonal_naive,0.0634
MED00001,6,seasonal_naive,-0.00117
MED00002,6,seasonal_naive,-0.04147
MED00003,6,seasonal_naive,-0.04848
MED00004,6,seasonal_naive,-0.0273
MED00005,6,seasonal_naive,-0.02908
MED00006,6,seasonal_naive,-0.02938
MED00007,6,seasonal_naive,-0.0302
MED00008,6,seasonal_naive,-0.01792
MED00009,6,seasonal_naive,-0.02508
MED00010,6,seasonal_naive,-0.02111
MED00011,6,seasonal_naive,0.03414
MED00012,6,seasonal_naive,-0.02923
MED00013,6,seasonal_naive,-0.01086
MED00014,6,seasonal_naive,0.03143
MED00015,6,seasonal_naive,-0.0023
MED00016,6,seasonal_naive,-0.02703
MED00017,6,seasonal_naive,-0.02764
MED00018,6,seasonal_naive,0.06092
MED00019,6,seasonal_naive,0.06681
MED00020,6,seasonal_naive,-0.00044
MED00021,6,seasonal_naive,-0.02619
MED00022,6,seasonal_naive,-0.0262
MED00023,6,seasonal_naive,-0.02804
MED00024,6,seasonal_naive,-0.02945
MED00025,6,seasonal_naive,-0.05315
MED00026,6,seasonal_naive,-0.03875
MED00027,6,seasonal_naive,-0.04968
MED00028,6,seasonal_naive,-0.01035
MED00029,6,seasonal_naive,-0.00992
MED00030,6,seasonal_naive,-0.02431
MED00031,6,seasonal_naive,-0.02502
MED00032,6,seasonal_naive,-0.02785
MED00033,6,seasonal_naive,-0.03166
MED00034,6,seasonal_naive,0.0338
MED00035,6,seasonal_naive,-0.02849
MED00036,6,seasonal_naive,-0.02488
MED00037,6,seasonal_naive,-0.02599
MED00038,6,seasonal_naive,-0.01238
MED00039,6,seasonal_naive,-0.03123
MED00040,6,seasonal_naive,-0.0227
MED00041,6,seasonal_naive,-0.03256
MED00042,6,seasonal_naive,-0.02546
MED00043,6,seasonal_naive,-0.01009
MED00044,6,seasonal_naive,-0.02678
MED00045,6,seasonal_naive,-0.03005
MED00046,6,seasonal_naive,-0.02805
MED00047,6,seasonal_naive,-0.01394
MED00048,6,seasonal_naive,-0.00511
MED00049,6,seasonal_naive,-0.05044
MED00050,6,seasonal_naive,-0.02834
MED00051,6,seasonal_naive,-0.05279
MED00052,6,seasonal_naive,-0.00726
MED00053,6,seasonal_naive,-0.01358
MED00054,6,seasonal_naive,-0.00749
MED00055,6,seasonal_naive,-0.02411
MED00056,6,seasonal_naive,-0.02071
MED00057,6,seasonal_naive,-0.03218
MED00058,6,seasonal_naive,-0.0292
MED00059,6,seasonal_naive,-0.00118
MED00060,6,seasonal_naive,-0.01759
MED00061,6,seasonal_naive,-0.02274
MED00062,6,seasonal_naive,-0.01195
MED00063,6,seasonal_naive,-0.05414
MED00064,6,seasonal_naive,0.02754
MED00065,6,seasonal_naive,0.06427
MED00066,6,seasonal_naive,-0.00433
MED00067,6,seasonal_naive,-0.02916
MED00068,6,seasonal_naive,-0.02812
MED00069,6,seasonal_naive,-0.02755
MED00070,6,seasonal_naive,0.00043
MED00071,6,seasonal_naive,-0.02457
MED00072,6,seasonal_naive,-0.02934
MED00073,6,seasonal_naive,-0.02467
MED00074,6,seasonal_naive,-0.02694
MED00075,6,seasonal_naive,-0.02769
MED00076,6,seasonal_naive,-0.0391
MED00077,6,seasonal_naive,-0.03419
MED00078,6,seasonal_naive,-0.0279
MED00079,6,seasonal_naive,-0.0092
MED00080,6,seasonal_naive,-0.02745
MED00081,6,seasonal_naive,-0.039
MED00082,6,seasonal_naive,-0.02877
MED00083,6,seasonal_naive,-0.02742
MED00084,6,seasonal_naive,0.06254
MED00085,6,seasonal_naive,-0.02373
MED00086,6,seasonal_naive,-0.03647
MED00087,6,seasonal_naive,-0.02389
MED00088,6,seasonal_naive,0.05393
MED00089,6,seasonal_naive,-0.01299
MED00090,6,seasonal_naive,-0.02355
MED00091,6,seasonal_naive,-0.02089
MED00092,6,seasonal_naive,-0.02778
MED00093,6,seasonal_naive,-0.03792
MED00094,6,seasonal_naive,-0.02162
MED00095,6,seasonal_naive,-0.02393
MED00096,6,seasonal_naive,-0.01085
MED00097,6,seasonal_naive,-0.03596
MED00098,6,seasonal_naive,-0.01046
MED00099,6,seasonal_naive,-0.04784
MED00100,6,seasonal_naive,-0.0453
MED00101,6,seasonal_naive,-0.01091
MED00102,6,seasonal_naive,-0.01908
MED00103,6,seasonal_naive,-0.02757
MED00104,6,seasonal_naive,-0.01343
MED00105,6,seasonal_naive,-0.00053
MED00106,6,seasonal_naive,-0.05411
MED00107,6,seasonal_naive,-0.01067
MED00108,6,seasonal_naive,-0.02504
MED00109,6,seasonal_naive,-0.04038
MED00110,6,seasonal_naive,-0.04027
MED00111,6,seasonal_naive,-0.02339
MED00112,6,seasonal_naive,-0.02413
MED00113,6,seasonal_naive,-0.02131
MED00114,6,seasonal_naive,-0.01987
MED00115,6,seasonal_naive,-0.02418
MED00116,6,seasonal_naive,-0.00578
MED00117,6,seasonal_naive,-0.03293
MED00118,6,seasonal_naive,-0.02105
MED00119,6,seasonal_naive,-0.0263
MED00120,6,seasonal_naive,-0.02376
MED00121,6,seasonal_naive,-0.02432
MED00122,6,seasonal_naive,-0.0243
MED00123,6,seasonal_naive,-0.03266
MED00124,6,seasonal_naive,-0.01033
MED00125,6,seasonal_naive,-0.03419
MED00126,6,seasonal_naive,-0.03573
MED00127,6,seasonal_naive,-0.02564
MED00128,6,seasonal_naive,-0.02578
MED00129,6,seasonal_naive,-0.02926
MED00130,6,seasonal_naive,-0.05043
MED00131,6,seasonal_naive,-0.0228
MED00132,6,seasonal_naive,-0.03587
MED00133,6,seasonal_naive,-0.01704
MED00134,6,seasonal_naive,-0.03957
MED00135,6,seasonal_naive,-0.01355
MED00136,6,seasonal_naive,-0.02584
MED00137,6,seasonal_naive,-0.02425
MED00138,6,seasonal_naive,-0.02505
MED00139,6,seasonal_naive,-0.02951
MED00140,6,seasonal_naive,-0.02267
MED00141,6,seasonal_naive,-0.02807
MED00142,6,seasonal_naive,-0.03615
MED00143,6,seasonal_naive,-0.02172
MED00144,6,seasonal_naive,-0.02884
MED00145,6,seasonal_naive,-0.02085
MED00146,6,seasonal_naive,-0.02922
MED00147,6,seasonal_naive,-0.02638
MED00148,6,seasonal_naive,-0.02273
MED00149,6,seasonal_naive,-0.02322
MED00150,6,seasonal_naive,-0.022
MED00151,6,seasonal_naive,-0.02583
MED00152,6,seasonal_naive,-0.02666
MED00153,6,seasonal_naive,-0.02688
MED00154,6,seasonal_naive,-0.01001
MED00155,6,seasonal_naive,-0.02828
MED00156,6,seasonal_naive,-0.02605
MED00157,6,seasonal_naive,-0.01882
MED00158,6,seasonal_naive,-0.04254
MED00159,6,seasonal_naive,-0.00119
MED00160,6,seasonal_naive,-0.0223
MED00161,6,seasonal_naive,-0.0187
MED00162,6,seasonal_naive,-0.0279
MED00163,6,seasonal_naive,-0.03955
MED00164,6,seasonal_naive,-0.02825
MED00165,6,seasonal_naive,-0.0055
MED00166,6,seasonal_naive,-0.02743
MED00167,6,seasonal_naive,-0.02316
MED00168,6,seasonal_naive,-0.02475
MED00169,6,seasonal_naive,-0.02608
MED00170,6,seasonal_naive,-0.01783
MED00171,6,seasonal_naive,-0.02637
MED00172,6,seasonal_naive,-0.02474
MED00173,6,seasonal_naive,-0.0255
MED00174,6,seasonal_naive,-0.02832
MED00175,6,seasonal_naive,-0.02676
MED00176,6,seasonal_naive,-0.00927
MED00177,6,seasonal_naive,-0.04217
MED00178,6,seasonal_naive,-0.02117
MED00179,6,seasonal_naive,-0.01791
MED00180,6,seasonal_naive,-0.02796
MED00181,6,seasonal_naive,-0.02304
MED00182,6,seasonal_naive,-0.04843
MED00183,6,seasonal_naive,-0.01818
MED00184,6,seasonal_naive,-0.02448
MED00185,6,seasonal_naive,-0.032
MED00186,6,seasonal_naive,-0.02346
MED00187,6,seasonal_naive,-0.02191
MED00188,6,seasonal_naive,-0.02268
MED00189,6,seasonal_naive,-0.0513
MED00190,6,seasonal_naive,-0.02467
MED00191,6,seasonal_naive,0.00161
MED00192,6,seasonal_naive,-0.0408
MED00193,6,seasonal_naive,-0.05164
MED00194,6,seasonal_naive,-0.00526
MED00195,6,seasonal_naive,-0.00855
MED00196,6,seasonal_naive,-0.01931
MED00197,6,seasonal_naive,-0.00527
MED00198,6,seasonal_naive,-0.02771
MED00199,6,seasonal_naive,-0.02173
MED00200,6,seasonal_naive,-0.026
MED00201,6,seasonal_naive,-0.02055
MED00202,6,seasonal_naive,-0.03019
MED00203,6,seasonal_naive,-0.02986
MED00204,6,seasonal_naive,-0.02851
MED00205,6,seasonal_naive,0.00083
MED00206,6,seasonal_naive,-0.02252
MED00207,6,seasonal_naive,-0.0286
MED00208,6,seasonal_naive,0.00195
MED00209,6,seasonal_naive,-0.02902
MED00210,6,seasonal_naive,-0.02951
MED00211,6,seasonal_naive,-0.0271
MED00212,6,seasonal_naive,-0.03293
MED00213,6,seasonal_naive,-0.03406
MED00214,6,seasonal_naive,0.00391
MED00215,6,seasonal_naive,-0.02791
MED00216,6,seasonal_naive,-0.05311
MED00217,6,seasonal_naive,-0.03882
MED00218,6,seasonal_naive,-0.02411
MED00219,6,seasonal_naive,-0.00429
MED00220,6,seasonal_naive,-0.03055
MED00221,6,seasonal_naive,-0.02152
MED00222,6,seasonal_naive,-0.03611
MED00223,6,seasonal_naive,-0.01835
MED00224,6,seasonal_naive,-0.02783
MED00225,6,seasonal_naive,-0.02952
MED00226,6,seasonal_naive,-0.03001
MED00227,6,seasonal_naive,-0.02429
MED00228,6,seasonal_naive,-0.03154
MED00229,6,seasonal_naive,-0.03634
MED00230,6,seasonal_naive,-0.00217
MED00231,6,seasonal_naive,-0.02429
MED00232,6,seasonal_naive,-0.03027
MED00233,6,seasonal_naive,-0.01484
MED00234,6,seasonal_naive,-0.02854
MED00235,6,seasonal_naive,0.0661
MED00236,6,seasonal_naive,-0.02508
MED00237,6,seasonal_naive,-0.03259
MED00238,6,seasonal_naive,-0.02206
MED00239,6,seasonal_naive,-0.02449
MED00240,6,seasonal_naive,-0.02683
MED00241,6,seasonal_naive,-0.02788
MED00242,6,seasonal_naive,-0.01111
MED00243,6,seasonal_naive,-0.03959
MED00244,6,seasonal_naive,-0.02695
MED00245,6,seasonal_naive,0.06507
MED00246,6,seasonal_naive,-0.0147
MED00247,6,seasonal_naive,0.00204
MED00248,6,seasonal_naive,-0.0281
MED00249,6,seasonal_naive,0.04725
MED00250,6,seasonal_naive,-0.01296
MED00251,6,seasonal_naive,-0.02548
MED00252,6,seasonal_naive,-0.02025
MED00253,6,seasonal_naive,-0.023
MED00254,6,seasonal_naive,-0.02012
MED00255,6,seasonal_naive,-0.02838
MED00256,6,seasonal_naive,-0.02781
MED00257,6,seasonal_naive,-0.01804
MED00258,6,seasonal_naive,-0.02708
MED00259,6,seasonal_naive,-0.025
MED00260,6,seasonal_naive,-0.0158
MED00261,6,seasonal_naive,-0.03137
MED00262,6,seasonal_naive,-0.0252
MED00263,6,seasonal_naive,-0.02801
MED00264,6,seasonal_naive,-0.04217
MED00265,6,seasonal_naive,0.0011
MED00266,6,seasonal_naive,-0.01461
MED00267,6,seasonal_naive,-0.02509
MED00268,6,seasonal_naive,-0.02377
MED00269,6,seasonal_naive,-0.02702
MED00270,6,seasonal_naive,-0.02435
MED00271,6,seasonal_naive,-0.02331
MED00272,6,seasonal_naive,-0.02393
MED00273,6,seasonal_naive,-0.02915
MED00274,6,seasonal_naive,-0.03584
MED00275,6,seasonal_naive,0.00704
MED00276,6,seasonal_naive,-0.02665
MED00277,6,seasonal_naive,-0.0513
MED00278,6,seasonal_naive,0.00094
MED00279,6,seasonal_naive,0.03665
MED00280,6,seasonal_naive,-0.03907
MED00281,6,seasonal_naive,-0.00897
MED00282,6,seasonal_naive,-0.02581
MED00283,6,seasonal_naive,-0.0294
MED00284,6,seasonal_naive,-0.02789
MED00285,6,seasonal_naive,-0.01536
MED00286,6,seasonal_naive,-0.01656
MED00287,6,seasonal_naive,-0.02364
MED00288,6,seasonal_naive,0.0681
MED00289,6,seasonal_naive,-0.01696
MED00290,6,seasonal_naive,-0.02218
MED00291,6,seasonal_naive,-0.02791
MED00292,6,seasonal_naive,-0.03204
MED00293,6,seasonal_naive,-0.00906
MED00294,6,seasonal_naive,-0.03066
MED00295,6,seasonal_naive,-0.05084
MED00296,6,seasonal_naive,-0.02694
MED00297,6,seasonal_naive,-0.01452
MED00298,6,seasonal_naive,-0.0251
MED00299,6,seasonal_naive,-0.03648
MED00300,6,seasonal_naive,-0.02963
MED00301,6,seasonal_naive,-0.02789
MED00302,6,seasonal_naive,-0.02006
MED00303,6,seasonal_naive,-0.02714
MED00304,6,seasonal_naive,-0.02843
MED00305,6,seasonal_naive,-0.02947
MED00306,6,seasonal_naive,-0.04314
MED00307,6,seasonal_naive,0.06336
MED00308,6,seasonal_naive,-0.01878
MED00309,6,seasonal_naive,-0.02543
MED00310,6,seasonal_naive,-0.03094
MED00311,6,seasonal_naive,-0.02503
MED00312,6,seasonal_naive,-0.03596
MED00313,6,seasonal_naive,-0.02103
MED00314,6,seasonal_naive,-0.00467
MED00315,6,seasonal_naive,0.00104
MED00316,6,seasonal_naive,-0.02789
MED00317,6,seasonal_naive,-0.02469
MED00318,6,seasonal_naive,-0.02889
MED00319,6,seasonal_naive,0.00229
MED00320,6,seasonal_naive,-0.02742
MED00321,6,seasonal_naive,-0.02674
MED00322,6,seasonal_naive,-0.05042
MED00323,6,seasonal_naive,-0.02805
MED00324,6,seasonal_naive,-0.02539
MED00325,6,seasonal_naive,-0.02721
MED00326,6,seasonal_naive,-0.01017
MED00327,6,seasonal_naive,-0.03065
MED00328,6,seasonal_naive,-0.02863
MED00329,6,seasonal_naive,0.00171
MED00330,6,seasonal_naive,-0.01878
MED00331,6,seasonal_naive,-0.0255
MED00332,6,seasonal_naive,-0.0253
MED00333,6,seasonal_naive,-0.01903
MED00334,6,seasonal_naive,-0.02781
MED00335,6,seasonal_naive,-0.01138
MED00336,6,seasonal_naive,0.00152
MED00337,6,seasonal_naive,0.06101
MED00338,6,seasonal_naive,-0.02369
MED00339,6,seasonal_naive,-0.02781
MED00340,6,seasonal_naive,-0.02915
MED00341,6,seasonal_naive,-0.00963
MED00342,6,seasonal_naive,-0.02719
MED00343,6,seasonal_naive,0.00207
MED00344,6,seasonal_naive,-0.02787
MED00345,6,seasonal_naive,-0.05044
MED00346,6,seasonal_naive,-0.02271
MED00347,6,seasonal_naive,-0.05322
MED00348,6,seasonal_naive,-0.02552
MED00349,6,seasonal_naive,-0.01892
MED00350,6,seasonal_naive,-0.03075
MED00351,6,seasonal_naive,-0.0411
MED00352,6,seasonal_naive,-0.03828
MED00353,6,seasonal_naive,-0.03524
MED00354,6,seasonal_naive,-0.0347
MED00355,6,seasonal_naive,-0.00253
MED00356,6,seasonal_naive,-0.02132
MED00357,6,seasonal_naive,-0.03938
MED00358,6,seasonal_naive,-0.02522
MED00359,6,seasonal_naive,-0.0282
MED00360,6,seasonal_naive,-0.02859
MED00361,6,seasonal_naive,-0.01921
MED00362,6,seasonal_naive,-0.02588
MED00363,6,seasonal_naive,-0.02719
MED00364,6,seasonal_naive,-0.05217
MED00365,6,seasonal_naive,-0.02712
MED00366,6,seasonal_naive,0.00153
MED00367,6,seasonal_naive,-0.02396
MED00368,6,seasonal_naive,-0.02728
MED00369,6,seasonal_naive,-0.02925
MED00370,6,seasonal_naive,-0.03506
MED00371,6,seasonal_naive,-0.0106
MED00372,6,seasonal_naive,-0.04297
MED00373,6,seasonal_naive,-0.02209
MED00374,6,seasonal_naive,-0.02994
MED00375,6,seasonal_naive,-0.01474
MED00376,6,seasonal_naive,-0.02295
MED00377,6,seasonal_naive,-0.03114
MED00378,6,seasonal_naive,-0.02779
MED00379,6,seasonal_naive,-0.03031
MED00380,6,seasonal_naive,-0.0412
MED00381,6,seasonal_naive,-0.02982
MED00382,6,seasonal_naive,-0.03218
MED00383,6,seasonal_naive,-0.01857
MED00384,6,seasonal_naive,-0.02817
MED00385,6,seasonal_naive,-0.00661
MED00386,6,seasonal_naive,0.00167
MED00387,6,seasonal_naive,0.00796
MED00388,6,seasonal_naive,0.06104
MED00389,6,seasonal_naive,-0.02181
MED00390,6,seasonal_naive,0.0353
MED00391,6,seasonal_naive,0.00069
MED00392,6,seasonal_naive,-0.00023
MED00393,6,seasonal_naive,-0.01099
MED00394,6,seasonal_naive,-0.00917
MED00395,6,seasonal_naive,-0.00928
MED00396,6,seasonal_naive,0.06953
MED00397,6,seasonal_naive,0.06364
MED00398,6,seasonal_naive,0.05934
MED00399,6,seasonal_naive,0.06047
MED00400,6,seasonal_naive,0.05911
MED00401,6,seasonal_naive,-0.01337
MED00402,6,seasonal_naive,-0.00813
MED00403,6,seasonal_naive,-0.00178
MED00404,6,seasonal_naive,-0.02033
MED00405,6,seasonal_naive,-0.01587
MED00406,6,seasonal_naive,0.03618
MED00407,6,seasonal_naive,-0.00752
MED00408,6,seasonal_naive,-0.00892
MED00409,6,seasonal_naive,-0.01326
MED00410,6,seasonal_naive,-0.00921
MED00411,6,seasonal_naive,-0.00022
MED00412,6,seasonal_naive,0.00938
MED00413,6,seasonal_naive,-0.00288
MED00414,6,seasonal_naive,-0.00696
MED00415,6,seasonal_naive,0.00079
MED00416,6,seasonal_naive,-0.01139
MED00417,6,seasonal_naive,-0.01885
MED00418,6,seasonal_naive,-0.01387
MED00419,6,seasonal_naive,-0.01806
MED00420,6,seasonal_naive,-0.00205
MED00421,6,seasonal_naive,0.03371
MED00422,6,seasonal_naive,-0.00212
MED00423,6,seasonal_naive,-0.0009
MED00424,6,seasonal_naive,0.06285
MED00001,7,seasonal_naive,-0.00163
MED00002,7,seasonal_naive,-0.04133
MED00003,7,seasonal_naive,-0.04832
MED00004,7,seasonal_naive,-0.02746
MED00005,7,seasonal_naive,-0.02924
MED00006,7,seasonal_naive,-0.02965
MED00007,7,seasonal_naive,-0.03031
MED00008,7,seasonal_naive,-0.01821
MED00009,7,seasonal_naive,-0.0252
MED00010,7,seasonal_naive,-0.02139
MED00011,7,seasonal_naive,0.03363
MED00012,7,seasonal_naive,-0.02947
MED00013,7,seasonal_naive,-0.01096
MED00014,7,seasonal_naive,0.03092
MED00015,7,seasonal_naive,-0.00291
MED00016,7,seasonal_naive,-0.02727
MED00017,7,seasonal_naive,-0.02788
MED00018,7,seasonal_naive,0.06242
MED00019,7,seasonal_naive,0.06734
MED00020,7,seasonal_naive,-0.00092
MED00021,7,seasonal_naive,-0.02631
MED00022,7,seasonal_naive,-0.02648
MED00023,7,seasonal_naive,-0.02824
MED00024,7,seasonal_naive,-0.02969
MED00025,7,seasonal_naive,-0.05367
MED00026,7,seasonal_naive,-0.03888
MED00027,7,seasonal_naive,-0.04978
MED00028,7,seasonal_naive,-0.01063
MED00029,7,seasonal_naive,-0.01065
MED00030,7,seasonal_naive,-0.02443
MED00031,7,seasonal_naive,-0.0253
MED00032,7,seasonal_naive,-0.02768
MED00033,7,seasonal_naive,-0.03182
MED00034,7,seasonal_naive,0.03329
MED00035,7,seasonal_naive,-0.02895
MED00036,7,seasonal_naive,-0.02504
MED00037,7,seasonal_naive,-0.02603
MED00038,7,seasonal_naive,-0.01276
MED00039,7,seasonal_naive,-0.0314
MED00040,7,seasonal_naive,-0.02293
MED00041,7,seasonal_naive,-0.03255
MED00042,7,seasonal_naive,-0.02574
MED00043,7,seasonal_naive,-0.01052
MED00044,7,seasonal_naive,-0.02706
MED00045,7,seasonal_naive,-0.03029
MED00046,7,seasonal_naive,-0.02832
MED00047,7,seasonal_naive,-0.01401
MED00048,7,seasonal_naive,-0.00546
MED00049,7,seasonal_naive,-0.05027
MED00050,7,seasonal_naive,-0.02858
MED00051,7,seasonal_naive,-0.05275
MED00052,7,seasonal_naive,-0.00742
MED00053,7,seasonal_naive,-0.0137
MED00054,7,seasonal_naive,-0.00762
MED00055,7,seasonal_naive,-0.02429
MED00056,7,seasonal_naive,-0.02087
MED00057,7,seasonal_naive,-0.03217
MED00058,7,seasonal_naive,-0.02944
MED00059,7,seasonal_naive,-0.00164
MED00060,7,seasonal_naive,-0.01652
MED00061,7,seasonal_naive,-0.0229
MED00062,7,seasonal_naive,-0.01212
MED00063,7,seasonal_naive,-0.05409
MED00064,7,seasonal_naive,0.02702
MED00065,7,seasonal_naive,0.06529
MED00066,7,seasonal_naive,-0.00489
MED00067,7,seasonal_naive,-0.02965
MED00068,7,seasonal_naive,-0.02824
MED00069,7,seasonal_naive,-0.02731
MED00071,7,seasonal_naive,-0.02485
MED00072,7,seasonal_naive,-0.02962
MED00073,7,seasonal_naive,-0.02495
MED00074,7,seasonal_naive,-0.02726
MED00075,7,seasonal_naive,-0.02662
MED00076,7,seasonal_naive,-0.03956
MED00077,7,seasonal_naive,-0.03312
MED00078,7,seasonal_naive,-0.02851
MED00079,7,seasonal_naive,-0.00965
MED00080,7,seasonal_naive,-0.0276
MED00081,7,seasonal_naive,-0.03943
MED00082,7,seasonal_naive,-0.02905
MED00083,7,seasonal_naive,-0.02732
MED00084,7,seasonal_naive,0.0629
MED00085,7,seasonal_naive,-0.02397
MED00086,7,seasonal_naive,-0.03646
MED00087,7,seasonal_naive,-0.02417
MED00088,7,seasonal_naive,0.05357
MED00089,7,seasonal_naive,-0.01226
MED00090,7,seasonal_naive,-0.02373
MED00091,7,seasonal_naive,-0.02113
MED00092,7,seasonal_naive,-0.02772
MED00093,7,seasonal_naive,-0.03898
MED00094,7,seasonal_naive,-0.02217
MED00095,7,seasonal_naive,-0.02435
MED00096,7,seasonal_naive,-0.01134
MED00097,7,seasonal_naive,-0.03611
MED00098,7,seasonal_naive,-0.01053
MED00099,7,seasonal_naive,-0.04794
MED00100,7,seasonal_naive,-0.0452
MED00101,7,seasonal_naive,-0.01087
MED00102,7,seasonal_naive,-0.01927
MED00103,7,seasonal_naive,-0.02781
MED00104,7,seasonal_naive,-0.01351
MED00105,7,seasonal_naive,-0.00087
MED00106,7,seasonal_naive,-0.05407
MED00107,7,seasonal_naive,-0.01054
MED00108,7,seasonal_naive,-0.0253
MED00109,7,seasonal_naive,-0.04062
MED00110,7,seasonal_naive,-0.04037
MED00111,7,seasonal_naive,-0.02367
MED00112,7,seasonal_naive,-0.02437
MED00113,7,seasonal_naive,-0.02154
MED00114,7,seasonal_naive,-0.02037
MED00115,7,seasonal_naive,-0.02441
MED00116,7,seasonal_naive,-0.00597
MED00117,7,seasonal_naive,-0.0331
MED00118,7,seasonal_naive,-0.02133
MED00119,7,seasonal_naive,-0.02638
MED00120,7,seasonal_naive,-0.02391
MED00121,7,seasonal_naive,-0.02456
MED00122,7,seasonal_naive,-0.02454
MED00123,7,seasonal_naive,-0.03282
MED00124,7,seasonal_naive,-0.01039
MED00125,7,seasonal_naive,-0.03462
MED00126,7,seasonal_naive,-0.03585
MED00127,7,seasonal_naive,-0.02575
MED00128,7,seasonal_naive,-0.02605
MED00129,7,seasonal_naive,-0.0295
MED00130,7,seasonal_naive,-0.05028
MED00131,7,seasonal_naive,-0.02304
MED00132,7,seasonal_naive,-0.03586
MED00133,7,seasonal_naive,-0.01746
MED00134,7,seasonal_naive,-0.03967
MED00135,7,seasonal_naive,-0.01281
MED00136,7,seasonal_naive,-0.026
MED00137,7,seasonal_naive,-0.02453
MED00138,7,seasonal_naive,-0.02528
MED00139,7,seasonal_naive,-0.02975
MED00140,7,seasonal_naive,-0.02292
MED00141,7,seasonal_naive,-0.02818
MED00142,7,seasonal_naive,-0.03658
MED00143,7,seasonal_naive,-0.02196
MED00144,7,seasonal_naive,-0.029
MED00145,7,seasonal_naive,-0.02105
MED00146,7,seasonal_naive,-0.02937
MED00147,7,seasonal_naive,-0.02621
MED00148,7,seasonal_naive,-0.02166
MED00149,7,seasonal_naive,-0.02396
MED00150,7,seasonal_naive,-0.02223
MED00151,7,seasonal_naive,-0.02573
MED00152,7,seasonal_naive,-0.0269
MED00153,7,seasonal_naive,-0.02712
MED00154,7,seasonal_naive,-0.01052
MED00155,7,seasonal_naive,-0.02852
MED00156,7,seasonal_naive,-0.02587
MED00157,7,seasonal_naive,-0.0189
MED00158,7,seasonal_naive,-0.04298
MED00159,7,seasonal_naive,-0.00138
MED00160,7,seasonal_naive,-0.02254
MED00161,7,seasonal_naive,-0.01878
MED00162,7,seasonal_naive,-0.02818
MED00163,7,seasonal_naive,-0.03999
MED00164,7,seasonal_naive,-0.02853
MED00165,7,seasonal_naive,-0.00623
MED00166,7,seasonal_naive,-0.02767
MED00167,7,seasonal_naive,-0.0234
MED00168,7,seasonal_naive,-0.02498
MED00169,7,seasonal_naive,-0.02619
MED00170,7,seasonal_naive,-0.01807
MED00171,7,seasonal_naive,-0.02661
MED00172,7,seasonal_naive,-0.02494
MED00173,7,seasonal_naive,-0.02573
MED00174,7,seasonal_naive,-0.02758
MED00175,7,seasonal_naive,-0.02703
MED00176,7,seasonal_naive,-0.00718
MED00177,7,seasonal_naive,-0.04239
MED00178,7,seasonal_naive,-0.02133
MED00179,7,seasonal_naive,-0.01812
MED00180,7,seasonal_naive,-0.02819
MED00181,7,seasonal_naive,-0.02324
MED00182,7,seasonal_naive,-0.04887
MED00183,7,seasonal_naive,-0.01863
MED00184,7,seasonal_naive,-0.02464
MED00185,7,seasonal_naive,-0.03183
MED00186,7,seasonal_naive,-0.0237
MED00187,7,seasonal_naive,-0.02219
MED00188,7,seasonal_naive,-0.02288
MED00189,7,seasonal_naive,-0.05115
MED00190,7,seasonal_naive,-0.02566
MED00191,7,seasonal_naive,0.00155
MED00192,7,seasonal_naive,-0.04124
MED00193,7,seasonal_naive,-0.05147
MED00194,7,seasonal_naive,-0.00565
MED00195,7,seasonal_naive,-0.00903
MED00196,7,seasonal_naive,-0.01943
MED00197,7,seasonal_naive,-0.00567
MED00198,7,seasonal_naive,-0.02794
MED00199,7,seasonal_naive,-0.022
MED00200,7,seasonal_naive,-0.02624
MED00201,7,seasonal_naive,-0.01948
MED00202,7,seasonal_naive,-0.03043
MED00203,7,seasonal_naive,-0.0301
MED00204,7,seasonal_naive,-0.02841
MED00205,7,seasonal_naive,0.00049
MED00206,7,seasonal_naive,-0.02271
MED00207,7,seasonal_naive,-0.02888
MED00208,7,seasonal_naive,0.00161
MED00209,7,seasonal_naive,-0.0293
MED00210,7,seasonal_naive,-0.02976
MED00211,7,seasonal_naive,-0.02733
MED00212,7,seasonal_naive,-0.03305
MED00213,7,seasonal_naive,-0.03422
MED00214,7,seasonal_naive,0.00357
MED00215,7,seasonal_naive,-0.02806
MED00216,7,seasonal_naive,-0.05301
MED00217,7,seasonal_naive,-0.03928
MED00218,7,seasonal_naive,-0.02419
MED00219,7,seasonal_naive,-0.00478
MED00220,7,seasonal_naive,-0.03082
MED00221,7,seasonal_naive,-0.0218
MED00222,7,seasonal_naive,-0.03634
MED00223,7,seasonal_naive,-0.01731
MED00224,7,seasonal_naive,-0.02811
MED00225,7,seasonal_naive,-0.02959
MED00226,7,seasonal_naive,-0.03029
MED00227,7,seasonal_naive,-0.02477
MED00228,7,seasonal_naive,-0.03166
MED00229,7,seasonal_naive,-0.03647
MED00230,7,seasonal_naive,-0.00267
MED00231,7,seasonal_naive,-0.02451
MED00232,7,seasonal_naive,-0.03051
MED00233,7,seasonal_naive,-0.01514
MED00234,7,seasonal_naive,-0.02877
MED00235,7,seasonal_naive,0.06652
MED00236,7,seasonal_naive,-0.02491
MED00237,7,seasonal_naive,-0.03267
MED00238,7,seasonal_naive,-0.02234
MED00239,7,seasonal_naive,-0.02473
MED00240,7,seasonal_naive,-0.02695
MED00241,7,seasonal_naive,-0.02812
MED00242,7,seasonal_naive,-0.01121
MED00243,7,seasonal_naive,-0.03946
MED00244,7,seasonal_naive,-0.0272
MED00245,7,seasonal_naive,0.06418
MED00246,7,seasonal_naive,-0.01477
MED00247,7,seasonal_naive,0.0017
MED00248,7,seasonal_naive,-0.02822
MED00249,7,seasonal_naive,0.04761
MED00250,7,seasonal_naive,-0.01334
MED00251,7,seasonal_naive,-0.02572
MED00252,7,seasonal_naive,-0.02067
MED00253,7,seasonal_naive,-0.02324
MED00254,7,seasonal_naive,-0.0205
MED00255,7,seasonal_naive,-0.02846
MED00256,7,seasonal_naive,-0.02792
MED00257,7,seasonal_naive,-0.01816
MED00258,7,seasonal_naive,-0.02736
MED00259,7,seasonal_naive,-0.02523
MED00260,7,seasonal_naive,-0.01827
MED00261,7,seasonal_naive,-0.03153
MED00262,7,seasonal_naive,-0.02548
MED00263,7,seasonal_naive,-0.02824
MED00264,7,seasonal_naive,-0.04235
MED00265,7,seasonal_naive,0.00079
MED00266,7,seasonal_naive,-0.01384
MED00267,7,seasonal_naive,-0.02533
MED00268,7,seasonal_naive,-0.02401
MED00269,7,seasonal_naive,-0.02725
MED00270,7,seasonal_naive,-0.02459
MED00271,7,seasonal_naive,-0.02536
MED00272,7,seasonal_naive,-0.02405
MED00273,7,seasonal_naive,-0.02958
MED00274,7,seasonal_naive,-0.03611
MED00275,7,seasonal_naive,0.00659
MED00276,7,seasonal_naive,-0.02697
MED00277,7,seasonal_naive,-0.05115
MED00278,7,seasonal_naive,0.00064
MED00279,7,seasonal_naive,0.03614
MED00280,7,seasonal_naive,-0.03954
MED00281,7,seasonal_naive,-0.00942
MED00282,7,seasonal_naive,-0.02593
MED00283,7,seasonal_naive,-0.02951
MED00284,7,seasonal_naive,-0.02817
MED00285,7,seasonal_naive,-0.01543
MED00286,7,seasonal_naive,-0.01578
MED00287,7,seasonal_naive,-0.02387
MED00288,7,seasonal_naive,0.07005
MED00289,7,seasonal_naive,-0.01708
MED00290,7,seasonal_naive,-0.02245
MED00291,7,seasonal_naive,-0.02804
MED00292,7,seasonal_naive,-0.03175
MED00293,7,seasonal_naive,-0.00913
MED00294,7,seasonal_naive,-0.03073
MED00295,7,seasonal_naive,-0.05098
MED00296,7,seasonal_naive,-0.02701
MED00297,7,seasonal_naive,-0.01459
MED00298,7,seasonal_naive,-0.02538
MED00299,7,seasonal_naive,-0.03678
MED00300,7,seasonal_naive,-0.02987
MED00301,7,seasonal_naive,-0.02796
MED00302,7,seasonal_naive,-0.01933
MED00303,7,seasonal_naive,-0.02737
MED00304,7,seasonal_naive,-0.02859
MED00305,7,seasonal_naive,-0.02971
MED00306,7,seasonal_naive,-0.04298
MED00307,7,seasonal_naive,0.06373
MED00308,7,seasonal_naive,-0.01897
MED00309,7,seasonal_naive,-0.02571
MED00310,7,seasonal_naive,-0.03077
MED00311,7,seasonal_naive,-0.02505
MED00312,7,seasonal_naive,-0.03626
MED00313,7,seasonal_naive,-0.02127
MED00314,7,seasonal_naive,-0.00484
MED00315,7,seasonal_naive,0.0006
MED00316,7,seasonal_naive,-0.02812
MED00317,7,seasonal_naive,-0.02493
MED00318,7,seasonal_naive,-0.02901
MED00319,7,seasonal_naive,0.00195
MED00320,7,seasonal_naive,-0.02639
MED00321,7,seasonal_naive,-0.02693
MED00322,7,seasonal_naive,-0.05026
MED00323,7,seasonal_naive,-0.02821
MED00324,7,seasonal_naive,-0.02563
MED00325,7,seasonal_naive,-0.02728
MED00326,7,seasonal_naive,-0.01026
MED00327,7,seasonal_naive,-0.03091
MED00328,7,seasonal_naive,-0.02871
MED00329,7,seasonal_naive,0.00136
MED00330,7,seasonal_naive,-0.01885
MED00331,7,seasonal_naive,-0.02584
MED00332,7,seasonal_naive,-0.02553
MED00333,7,seasonal_naive,-0.01876
MED00334,7,seasonal_naive,-0.02715
MED00335,7,seasonal_naive,-0.01135
MED00336,7,seasonal_naive,0.00129
MED00337,7,seasonal_naive,0.0612
MED00338,7,seasonal_naive,-0.02362
MED00339,7,seasonal_naive,-0.02809
MED00340,7,seasonal_naive,-0.02946
MED00341,7,seasonal_naive,-0.00971
MED00342,7,seasonal_naive,-0.02751
MED00343,7,seasonal_naive,0.00173
MED00344,7,seasonal_naive,-0.02787
MED00345,7,seasonal_naive,-0.05027
MED00346,7,seasonal_naive,-0.02295
MED00347,7,seasonal_naive,-0.05318
MED00348,7,seasonal_naive,-0.02549
MED00349,7,seasonal_naive,-0.01919
MED00350,7,seasonal_naive,-0.03091
MED00351,7,seasonal_naive,-0.04125
MED00352,7,seasonal_naive,-0.03838
MED00353,7,seasonal_naive,-0.0354
MED00354,7,seasonal_naive,-0.03485
MED00355,7,seasonal_naive,-0.00289
MED00356,7,seasonal_naive,-0.02156
MED00357,7,seasonal_naive,-0.03985
MED00358,7,seasonal_naive,-0.02505
MED00359,7,seasonal_naive,-0.02844
MED00360,7,seasonal_naive,-0.02883
MED00361,7,seasonal_naive,-0.01944
MED00362,7,seasonal_naive,-0.02599
MED00363,7,seasonal_naive,-0.02743
MED00364,7,seasonal_naive,-0.05209
MED00365,7,seasonal_naive,-0.02735
MED00366,7,seasonal_naive,0.00118
MED00367,7,seasonal_naive,-0.02424
MED00368,7,seasonal_naive,-0.02754
MED00369,7,seasonal_naive,-0.0294
MED00370,7,seasonal_naive,-0.03354
MED00371,7,seasonal_naive,-0.01106
MED00372,7,seasonal_naive,-0.04279
MED00373,7,seasonal_naive,-0.02225
MED00374,7,seasonal_naive,-0.02977
MED00375,7,seasonal_naive,-0.01523
MED00376,7,seasonal_naive,-0.02318
MED00377,7,seasonal_naive,-0.03165
MED00378,7,seasonal_naive,-0.0279
MED00379,7,seasonal_naive,-0.0305
MED00380,7,seasonal_naive,-0.04136
MED00381,7,seasonal_naive,-0.0301
MED00382,7,seasonal_naive,-0.032
MED00383,7,seasonal_naive,-0.0187
MED00384,7,seasonal_naive,-0.0284
MED00385,7,seasonal_naive,-0.0067
MED00386,7,seasonal_naive,0.00122
MED00387,7,seasonal_naive,0.00778
MED00388,7,seasonal_naive,0.06251
MED00389,7,seasonal_naive,-0.02193
MED00390,7,seasonal_naive,0.0349
MED00391,7,seasonal_naive,0.00023
MED00392,7,seasonal_naive,-0.00071
MED00393,7,seasonal_naive,-0.0102
MED00394,7,seasonal_naive,-0.00963
MED00395,7,seasonal_naive,-0.00974
MED00396,7,seasonal_naive,0.07056
MED00397,7,seasonal_naive,0.06412
MED00398,7,seasonal_naive,0.06084
MED00399,7,seasonal_naive,0.06197
MED00400,7,seasonal_naive,0.05959
MED00401,7,seasonal_naive,-0.01353
MED00402,7,seasonal_naive,-0.00833
MED00403,7,seasonal_naive,-0.00194
MED00404,7,seasonal_naive,-0.01926
MED00405,7,seasonal_naive,-0.0148
MED00406,7,seasonal_naive,0.036
MED00407,7,seasonal_naive,-0.00768
MED00408,7,seasonal_naive,-0.00784
MED00409,7,seasonal_naive,-0.01337
MED00410,7,seasonal_naive,-0.00959
MED00411,7,seasonal_naive,-0.00039
MED00412,7,seasonal_naive,0.00918
MED00413,7,seasonal_naive,-0.00305
MED00414,7,seasonal_naive,-0.00715
MED00415,7,seasonal_naive,0.00063
MED00416,7,seasonal_naive,-0.01156
MED00417,7,seasonal_naive,-0.01777
MED00418,7,seasonal_naive,-0.01309
MED00419,7,seasonal_naive,-0.01725
MED00420,7,seasonal_naive,-0.00222
MED00421,7,seasonal_naive,0.03353
MED00422,7,seasonal_naive,-0.00229
MED00423,7,seasonal_naive,-0.00169
MED00424,7,seasonal_naive,0.06435
MED00001,8,seasonal_naive,-0.00158
MED00002,8,seasonal_naive,-0.04114
MED00003,8,seasonal_naive,-0.04822
MED00004,8,seasonal_naive,-0.02728
MED00005,8,seasonal_naive,-0.0292
MED00006,8,seasonal_naive,-0.02961
MED00007,8,seasonal_naive,-0.03026
MED00008,8,seasonal_naive,-0.01801
MED00009,8,seasonal_naive,-0.02515
MED00010,8,seasonal_naive,-0.02115
MED00011,8,seasonal_naive,0.03362
MED00012,8,seasonal_naive,-0.02908
MED00013,8,seasonal_naive,-0.01133
MED00014,8,seasonal_naive,0.03092
MED00015,8,seasonal_naive,-0.00264
MED00016,8,seasonal_naive,-0.02722
MED00017,8,seasonal_naive,-0.02787
MED00018,8,seasonal_naive,0.0624
MED00019,8,seasonal_naive,0.06733
MED00020,8,seasonal_naive,-0.00093
MED00021,8,seasonal_naive,-0.02627
MED00022,8,seasonal_naive,-0.02643
MED00023,8,seasonal_naive,-0.0282
MED00024,8,seasonal_naive,-0.02965
MED00025,8,seasonal_naive,-0.05366
MED00026,8,seasonal_naive,-0.03906
MED00027,8,seasonal_naive,-0.0501
MED00028,8,seasonal_naive,-0.01045
MED00029,8,seasonal_naive,-0.01062
MED00030,8,seasonal_naive,-0.02439
MED00031,8,seasonal_naive,-0.02526
MED00032,8,seasonal_naive,-0.02766
MED00033,8,seasonal_naive,-0.03178
MED00034,8,seasonal_naive,0.03324
MED00035,8,seasonal_naive,-0.02868
MED00036,8,seasonal_naive,-0.02482
MED00037,8,seasonal_naive,-0.02584
MED00038,8,seasonal_naive,-0.01272
MED00039,8,seasonal_naive,-0.03135
MED00040,8,seasonal_naive,-0.02275
MED00041,8,seasonal_naive,-0.03242
MED00042,8,seasonal_naive,-0.02569
MED00043,8,seasonal_naive,-0.01025
MED00044,8,seasonal_naive,-0.02688
MED00045,8,seasonal_naive,-0.03027
MED00046,8,seasonal_naive,-0.02828
MED00047,8,seasonal_naive,-0.01394
MED00048,8,seasonal_naive,-0.00542
MED00049,8,seasonal_naive,-0.05019
MED00050,8,seasonal_naive,-0.02853
MED00051,8,seasonal_naive,-0.05209
MED00052,8,seasonal_naive,-0.00727
MED00053,8,seasonal_naive,-0.01374
MED00054,8,seasonal_naive,-0.00763
MED00055,8,seasonal_naive,-0.02411
MED00056,8,seasonal_naive,-0.02069
MED00057,8,seasonal_naive,-0.03218
MED00058,8,seasonal_naive,-0.02905
MED00059,8,seasonal_naive,-0.0016
MED00060,8,seasonal_naive,-0.01648
MED00061,8,seasonal_naive,-0.02272
MED00062,8,seasonal_naive,-0.01208
MED00063,8,seasonal_naive,-0.054
MED00064,8,seasonal_naive,0.02701
MED00065,8,seasonal_naive,0.06528
MED00066,8,seasonal_naive,-0.00462
MED00067,8,seasonal_naive,-0.02961
MED00068,8,seasonal_naive,-0.02806
MED00069,8,seasonal_naive,-0.02727
MED00071,8,seasonal_naive,-0.02467
MED00072,8,seasonal_naive,-0.02958
MED00073,8,seasonal_naive,-0.0249
MED00074,8,seasonal_naive,-0.02708
MED00075,8,seasonal_naive,-0.02657
MED00076,8,seasonal_naive,-0.03929
MED00077,8,seasonal_naive,-0.03308
MED00078,8,seasonal_naive,-0.02849
MED00079,8,seasonal_naive,-0.00964
MED00080,8,seasonal_naive,-0.02756
MED00081,8,seasonal_naive,-0.03859
MED00082,8,seasonal_naive,-0.02901
MED00083,8,seasonal_naive,-0.02728
MED00084,8,seasonal_naive,0.06289
MED00085,8,seasonal_naive,-0.02411
MED00086,8,seasonal_naive,-0.03646
MED00087,8,seasonal_naive,-0.02412
MED00088,8,seasonal_naive,0.05356
MED00089,8,seasonal_naive,-0.01226
MED00090,8,seasonal_naive,-0.02365
MED00091,8,seasonal_naive,-0.02108
MED00092,8,seasonal_naive,-0.02733
MED00093,8,seasonal_naive,-0.03877
MED00094,8,seasonal_naive,-0.02198
MED00095,8,seasonal_naive,-0.0243
MED00096,8,seasonal_naive,-0.01134
MED00097,8,seasonal_naive,-0.03607
MED00098,8,seasonal_naive,-0.01049
MED00099,8,seasonal_naive,-0.04841
MED00100,8,seasonal_naive,-0.04512
MED00101,8,seasonal_naive,-0.01077
MED00102,8,seasonal_naive,-0.01909
MED00103,8,seasonal_naive,-0.02761
MED00104,8,seasonal_naive,-0.01347
MED00105,8,seasonal_naive,-0.00084
MED00106,8,seasonal_naive,-0.05399
MED00107,8,seasonal_naive,-0.01051
MED00108,8,seasonal_naive,-0.02526
MED00109,8,seasonal_naive,-0.04057
MED00110,8,seasonal_naive,-0.04034
MED00111,8,seasonal_naive,-0.02349
MED00112,8,seasonal_naive,-0.02432
MED00113,8,seasonal_naive,-0.02149
MED00114,8,seasonal_naive,-0.02041
MED00115,8,seasonal_naive,-0.02436
MED00116,8,seasonal_naive,-0.00597
MED00117,8,seasonal_naive,-0.03309
MED00118,8,seasonal_naive,-0.02147
MED00119,8,seasonal_naive,-0.02634
MED00120,8,seasonal_naive,-0.02391
MED00121,8,seasonal_naive,-0.02451
MED00122,8,seasonal_naive,-0.02448
MED00123,8,seasonal_naive,-0.03264
MED00124,8,seasonal_naive,-0.01035
MED00125,8,seasonal_naive,-0.03435
MED00126,8,seasonal_naive,-0.03567
MED00127,8,seasonal_naive,-0.02571
MED00128,8,seasonal_naive,-0.026
MED00129,8,seasonal_naive,-0.02945
MED00130,8,seasonal_naive,-0.0502
MED00131,8,seasonal_naive,-0.02299
MED00132,8,seasonal_naive,-0.0357
MED00133,8,seasonal_naive,-0.01724
MED00134,8,seasonal_naive,-0.03951
MED00135,8,seasonal_naive,-0.01286
MED00136,8,seasonal_naive,-0.02596
MED00137,8,seasonal_naive,-0.02435
MED00138,8,seasonal_naive,-0.02524
MED00139,8,seasonal_naive,-0.02979
MED00140,8,seasonal_naive,-0.02287
MED00141,8,seasonal_naive,-0.028
MED00142,8,seasonal_naive,-0.03649
MED00143,8,seasonal_naive,-0.02191
MED00144,8,seasonal_naive,-0.02941
MED00145,8,seasonal_naive,-0.02086
MED00146,8,seasonal_naive,-0.02933
MED00147,8,seasonal_naive,-0.0262
MED00148,8,seasonal_naive,-0.02165
MED00149,8,seasonal_naive,-0.02395
MED00150,8,seasonal_naive,-0.02219
MED00151,8,seasonal_naive,-0.02568
MED00152,8,seasonal_naive,-0.02694
MED00153,8,seasonal_naive,-0.02673
MED00154,8,seasonal_naive,-0.01052
MED00155,8,seasonal_naive,-0.02857
MED00156,8,seasonal_naive,-0.02583
MED00157,8,seasonal_naive,-0.01888
MED00158,8,seasonal_naive,-0.04297
MED00159,8,seasonal_naive,-0.0014
MED00160,8,seasonal_naive,-0.02248
MED00161,8,seasonal_naive,-0.01862
MED00162,8,seasonal_naive,-0.02814
MED00163,8,seasonal_naive,-0.03972
MED00164,8,seasonal_naive,-0.02849
MED00165,8,seasonal_naive,-0.00624
MED00166,8,seasonal_naive,-0.02763
MED00167,8,seasonal_naive,-0.02335
MED00168,8,seasonal_naive,-0.02494
MED00169,8,seasonal_naive,-0.02615
MED00170,8,seasonal_naive,-0.01803
MED00171,8,seasonal_naive,-0.02655
MED00172,8,seasonal_naive,-0.02489
MED00173,8,seasonal_naive,-0.02569
MED00174,8,seasonal_naive,-0.02763
MED00175,8,seasonal_naive,-0.02737
MED00176,8,seasonal_naive,-0.00722
MED00177,8,seasonal_naive,-0.04272
MED00178,8,seasonal_naive,-0.02115
MED00179,8,seasonal_naive,-0.01796
MED00180,8,seasonal_naive,-0.02815
MED00181,8,seasonal_naive,-0.0232
MED00182,8,seasonal_naive,-0.04885
MED00183,8,seasonal_naive,-0.01867
MED00184,8,seasonal_naive,-0.02446
MED00185,8,seasonal_naive,-0.03178
MED00186,8,seasonal_naive,-0.02365
MED00187,8,seasonal_naive,-0.02214
MED00188,8,seasonal_naive,-0.02282
MED00189,8,seasonal_naive,-0.05106
MED00190,8,seasonal_naive,-0.02561
MED00191,8,seasonal_naive,0.00159
MED00192,8,seasonal_naive,-0.0404
MED00193,8,seasonal_naive,-0.05127
MED00194,8,seasonal_naive,-0.00569
MED00195,8,seasonal_naive,-0.00904
MED00196,8,seasonal_naive,-0.01944
MED00197,8,seasonal_naive,-0.0057
MED00198,8,seasonal_naive,-0.0279
MED00199,8,seasonal_naive,-0.02131
MED00200,8,seasonal_naive,-0.0262
MED00201,8,seasonal_naive,-0.01944
MED00202,8,seasonal_naive,-0.03038
MED00203,8,seasonal_naive,-0.03005
MED00204,8,seasonal_naive,-0.02836
MED00205,8,seasonal_naive,0.00053
MED00206,8,seasonal_naive,-0.02267
MED00207,8,seasonal_naive,-0.02883
MED00208,8,seasonal_naive,0.00164
MED00209,8,seasonal_naive,-0.02922
MED00210,8,seasonal_naive,-0.02971
MED00211,8,seasonal_naive,-0.02729
MED00212,8,seasonal_naive,-0.033
MED00213,8,seasonal_naive,-0.03404
MED00214,8,seasonal_naive,0.00361
MED00215,8,seasonal_naive,-0.02801
MED00216,8,seasonal_naive,-0.05293
MED00217,8,seasonal_naive,-0.03902
MED00218,8,seasonal_naive,-0.02409
MED00219,8,seasonal_naive,-0.00479
MED00220,8,seasonal_naive,-0.03077
MED00221,8,seasonal_naive,-0.02175
MED00222,8,seasonal_naive,-0.0363
MED00223,8,seasonal_naive,-0.01731
MED00224,8,seasonal_naive,-0.0281
MED00225,8,seasonal_naive,-0.02955
MED00226,8,seasonal_naive,-0.03024
MED00227,8,seasonal_naive,-0.02477
MED00228,8,seasonal_naive,-0.03161
MED00229,8,seasonal_naive,-0.03629
MED00230,8,seasonal_naive,-0.00266
MED00231,8,seasonal_naive,-0.02447
MED00232,8,seasonal_naive,-0.03046
MED00233,8,seasonal_naive,-0.01492
MED00234,8,seasonal_naive,-0.02873
MED00235,8,seasonal_naive,0.06651
MED00236,8,seasonal_naive,-0.02491
MED00237,8,seasonal_naive,-0.03263
MED00238,8,seasonal_naive,-0.02229
MED00239,8,seasonal_naive,-0.02468
MED00240,8,seasonal_naive,-0.02691
MED00241,8,seasonal_naive,-0.02879
MED00242,8,seasonal_naive,-0.01135
MED00243,8,seasonal_naive,-0.03926
MED00244,8,seasonal_naive,-0.02716
MED00245,8,seasonal_naive,0.06411
MED00246,8,seasonal_naive,-0.01473
MED00247,8,seasonal_naive,0.00173
MED00248,8,seasonal_naive,-0.02817
MED00249,8,seasonal_naive,0.04756
MED00250,8,seasonal_naive,-0.01335
MED00251,8,seasonal_naive,-0.02568
MED00252,8,seasonal_naive,-0.02067
MED00253,8,seasonal_naive,-0.0237
MED00254,8,seasonal_naive,-0.0205
MED00255,8,seasonal_naive,-0.02842
MED00256,8,seasonal_naive,-0.02796
MED00257,8,seasonal_naive,-0.01816
MED00258,8,seasonal_naive,-0.02731
MED00259,8,seasonal_naive,-0.02519
MED00260,8,seasonal_naive,-0.01821
MED00261,8,seasonal_naive,-0.03166
MED00262,8,seasonal_naive,-0.0253
MED00263,8,seasonal_naive,-0.02871
MED00264,8,seasonal_naive,-0.04218
MED00265,8,seasonal_naive,0.00074
MED00266,8,seasonal_naive,-0.01383
MED00267,8,seasonal_naive,-0.02528
MED00268,8,seasonal_naive,-0.02396
MED00269,8,seasonal_naive,-0.02721
MED00270,8,seasonal_naive,-0.02457
MED00271,8,seasonal_naive,-0.02532
MED00272,8,seasonal_naive,-0.024
MED00273,8,seasonal_naive,-0.02956
MED00274,8,seasonal_naive,-0.03588
MED00275,8,seasonal_naive,0.0066
MED00276,8,seasonal_naive,-0.02693
MED00277,8,seasonal_naive,-0.05106
MED00278,8,seasonal_naive,0.00058
MED00279,8,seasonal_naive,0.0361
MED00280,8,seasonal_naive,-0.03928
MED00281,8,seasonal_naive,-0.00937
MED00282,8,seasonal_naive,-0.02592
MED00283,8,seasonal_naive,-0.02947
MED00284,8,seasonal_naive,-0.02813
MED00285,8,seasonal_naive,-0.01538
MED00286,8,seasonal_naive,-0.01574
MED00287,8,seasonal_naive,-0.02382
MED00288,8,seasonal_naive,0.07004
MED00289,8,seasonal_naive,-0.01704
MED00290,8,seasonal_naive,-0.0224
MED00291,8,seasonal_naive,-0.02938
MED00292,8,seasonal_naive,-0.0317
MED00293,8,seasonal_naive,-0.0091
MED00294,8,seasonal_naive,-0.03068
MED00295,8,seasonal_naive,-0.05116
MED00296,8,seasonal_naive,-0.02697
MED00297,8,seasonal_naive,-0.01455
MED00298,8,seasonal_naive,-0.02534
MED00299,8,seasonal_naive,-0.03656
MED00300,8,seasonal_naive,-0.02982
MED00301,8,seasonal_naive,-0.02792
MED00302,8,seasonal_naive,-0.01932
MED00303,8,seasonal_naive,-0.02728
MED00304,8,seasonal_naive,-0.02854
MED00305,8,seasonal_naive,-0.02951
MED00306,8,seasonal_naive,-0.0429
MED00307,8,seasonal_naive,0.06372
MED00308,8,seasonal_naive,-0.01893
MED00309,8,seasonal_naive,-0.02553
MED00310,8,seasonal_naive,-0.03073
MED00311,8,seasonal_naive,-0.02497
MED00312,8,seasonal_naive,-0.03617
MED00313,8,seasonal_naive,-0.02121
MED00314,8,seasonal_naive,-0.00488
MED00315,8,seasonal_naive,0.00064
MED00316,8,seasonal_naive,-0.02807
MED00317,8,seasonal_naive,-0.02488
MED00318,8,seasonal_naive,-0.029
MED00319,8,seasonal_naive,0.00202
MED00320,8,seasonal_naive,-0.02638
MED00321,8,seasonal_naive,-0.02675
MED00322,8,seasonal_naive,-0.05018
MED00323,8,seasonal_naive,-0.02802
MED00324,8,seasonal_naive,-0.02558
MED00325,8,seasonal_naive,-0.02723
MED00326,8,seasonal_naive,-0.01007
MED00327,8,seasonal_naive,-0.03086
MED00328,8,seasonal_naive,-0.02866
MED00329,8,seasonal_naive,0.0014
MED00330,8,seasonal_naive,-0.01908
MED00331,8,seasonal_naive,-0.02581
MED00332,8,seasonal_naive,-0.02549
MED00333,8,seasonal_naive,-0.01872
MED00334,8,seasonal_naive,-0.02799
MED00335,8,seasonal_naive,-0.01152
MED00336,8,seasonal_naive,0.00133
MED00337,8,seasonal_naive,0.06119
MED00338,8,seasonal_naive,-0.02396
MED00339,8,seasonal_naive,-0.02804
MED00340,8,seasonal_naive,-0.02993
MED00341,8,seasonal_naive,-0.00967
MED00342,8,seasonal_naive,-0.02747
MED00343,8,seasonal_naive,0.00177
MED00344,8,seasonal_naive,-0.02769
MED00345,8,seasonal_naive,-0.05019
MED00346,8,seasonal_naive,-0.02299
MED00347,8,seasonal_naive,-0.0531
MED00348,8,seasonal_naive,-0.02511
MED00349,8,seasonal_naive,-0.01915
MED00350,8,seasonal_naive,-0.03073
MED00351,8,seasonal_naive,-0.04107
MED00352,8,seasonal_naive,-0.03822
MED00353,8,seasonal_naive,-0.03522
MED00354,8,seasonal_naive,-0.03481
MED00355,8,seasonal_naive,-0.00285
MED00356,8,seasonal_naive,-0.02151
MED00357,8,seasonal_naive,-0.03958
MED00358,8,seasonal_naive,-0.02501
MED00359,8,seasonal_naive,-0.02839
MED00360,8,seasonal_naive,-0.02878
MED00361,8,seasonal_naive,-0.0194
MED00362,8,seasonal_naive,-0.02595
MED00363,8,seasonal_naive,-0.02738
MED00364,8,seasonal_naive,-0.05199
MED00365,8,seasonal_naive,-0.0273
MED00366,8,seasonal_naive,0.00121
MED00367,8,seasonal_naive,-0.0242
MED00368,8,seasonal_naive,-0.02749
MED00369,8,seasonal_naive,-0.02941
MED00370,8,seasonal_naive,-0.03402
MED00371,8,seasonal_naive,-0.01106
MED00372,8,seasonal_naive,-0.04271
MED00373,8,seasonal_naive,-0.02207
MED00374,8,seasonal_naive,-0.02972
MED00375,8,seasonal_naive,-0.01518
MED00376,8,seasonal_naive,-0.02315
MED00377,8,seasonal_naive,-0.03149
MED00378,8,seasonal_naive,-0.02785
MED00379,8,seasonal_naive,-0.03032
MED00380,8,seasonal_naive,-0.04131
MED00381,8,seasonal_naive,-0.03006
MED00382,8,seasonal_naive,-0.03196
MED00383,8,seasonal_naive,-0.01866
MED00384,8,seasonal_naive,-0.02831
MED00385,8,seasonal_naive,-0.00659
MED00386,8,seasonal_naive,0.00126
MED00387,8,seasonal_naive,0.00778
MED00388,8,seasonal_naive,0.06255
MED00389,8,seasonal_naive,-0.02189
MED00390,8,seasonal_naive,0.03482
MED00391,8,seasonal_naive,0.00017
MED00392,8,seasonal_naive,-0.00067
MED00393,8,seasonal_naive,-0.01015
MED00394,8,seasonal_naive,-0.00959
MED00395,8,seasonal_naive,-0.00969
MED00396,8,seasonal_naive,0.07025
MED00397,8,seasonal_naive,0.0641
MED00398,8,seasonal_naive,0.06083
MED00399,8,seasonal_naive,0.06188
MED00400,8,seasonal_naive,0.05961
MED00401,8,seasonal_naive,-0.01349
MED00402,8,seasonal_naive,-0.00834
MED00403,8,seasonal_naive,-0.00194
MED00404,8,seasonal_naive,-0.01926
MED00405,8,seasonal_naive,-0.0148
MED00406,8,seasonal_naive,0.03596
MED00407,8,seasonal_naive,-0.00764
MED00408,8,seasonal_naive,-0.00781
MED00409,8,seasonal_naive,-0.01337
MED00410,8,seasonal_naive,-0.00955
MED00411,8,seasonal_naive,-0.00037
MED00412,8,seasonal_naive,0.00907
MED00413,8,seasonal_naive,-0.00313
MED00414,8,seasonal_naive,-0.00712
MED00415,8,seasonal_naive,0.00067
MED00416,8,seasonal_naive,-0.01151
MED00417,8,seasonal_naive,-0.01804
MED00418,8,seasonal_naive,-0.01305
MED00419,8,seasonal_naive,-0.01726
MED00420,8,seasonal_naive,-0.00218
MED00421,8,seasonal_naive,0.03345
MED00422,8,seasonal_naive,-0.00229
MED00423,8,seasonal_naive,-0.00166
MED00424,8,seasonal_naive,0.06433
MED00001,9,seasonal_naive,-0.00199
MED00002,9,seasonal_naive,-0.04162
MED00003,9,seasonal_naive,-0.04854
MED00004,9,seasonal_naive,-0.0257
MED00005,9,seasonal_naive,-0.02905
MED00006,9,seasonal_naive,-0.02961
MED00007,9,seasonal_naive,-0.03034
MED00008,9,seasonal_naive,-0.01634
MED00009,9,seasonal_naive,-0.02518
MED00010,9,seasonal_naive,-0.02054
MED00011,9,seasonal_naive,0.03576
MED00012,9,seasonal_naive,-0.02899
MED00013,9,seasonal_naive,-0.01164
MED00014,9,seasonal_naive,0.03038
MED00015,9,seasonal_naive,-0.00142
MED00016,9,seasonal_naive,-0.02592
MED00017,9,seasonal_naive,-0.02783
MED00018,9,seasonal_naive,0.06251
MED00019,9,seasonal_naive,0.06731
MED00020,9,seasonal_naive,-0.00155
MED00021,9,seasonal_naive,-0.02625
MED00022,9,seasonal_naive,-0.02665
MED00023,9,seasonal_naive,-0.02845
MED00024,9,seasonal_naive,-0.02963
MED00025,9,seasonal_naive,-0.05394
MED00026,9,seasonal_naive,-0.03949
MED00027,9,seasonal_naive,-0.05038
MED00028,9,seasonal_naive,-0.00914
MED00029,9,seasonal_naive,-0.01068
MED00030,9,seasonal_naive,-0.02441
MED00031,9,seasonal_naive,-0.02524
MED00032,9,seasonal_naive,-0.02779
MED00033,9,seasonal_naive,-0.02985
MED00034,9,seasonal_naive,0.03419
MED00035,9,seasonal_naive,-0.02914
MED00036,9,seasonal_naive,-0.02503
MED00037,9,seasonal_naive,-0.02627
MED00038,9,seasonal_naive,-0.01282
MED00039,9,seasonal_naive,-0.03132
MED00040,9,seasonal_naive,-0.02299
MED00041,9,seasonal_naive,-0.03276
MED00042,9,seasonal_naive,-0.02531
MED00043,9,seasonal_naive,-0.00887
MED00044,9,seasonal_naive,-0.0267
MED00045,9,seasonal_naive,-0.03025
MED00046,9,seasonal_naive,-0.02825
MED00047,9,seasonal_naive,-0.01393
MED00048,9,seasonal_naive,-0.00552
MED00049,9,seasonal_naive,-0.05047
MED00050,9,seasonal_naive,-0.02847
MED00051,9,seasonal_naive,-0.0524
MED00052,9,seasonal_naive,-0.00592
MED00053,9,seasonal_naive,-0.01357
MED00054,9,seasonal_naive,-0.00785
MED00055,9,seasonal_naive,-0.02445
MED00056,9,seasonal_naive,-0.02102
MED00057,9,seasonal_naive,-0.03216
MED00058,9,seasonal_naive,-0.02896
MED00059,9,seasonal_naive,-0.00168
MED00060,9,seasonal_naive,-0.01687
MED00061,9,seasonal_naive,-0.02141
MED00062,9,seasonal_naive,-0.01251
MED00063,9,seasonal_naive,-0.05428
MED00064,9,seasonal_naive,0.02589
MED00065,9,seasonal_naive,0.06616
MED00066,9,seasonal_naive,-0.00341
MED00067,9,seasonal_naive,-0.02958
MED00068,9,seasonal_naive,-0.02843
MED00069,9,seasonal_naive,-0.0272
MED00070,9,seasonal_naive,0.00011
MED00071,9,seasonal_naive,-0.025
MED00072,9,seasonal_naive,-0.02955
MED00073,9,seasonal_naive,-0.02488
MED00074,9,seasonal_naive,-0.02742
MED00075,9,seasonal_naive,-0.02694
MED00076,9,seasonal_naive,-0.03977
MED00077,9,seasonal_naive,-0.03344
MED00078,9,seasonal_naive,-0.02837
MED00079,9,seasonal_naive,-0.01017
MED00080,9,seasonal_naive,-0.02758
MED00081,9,seasonal_naive,-0.0389
MED00082,9,seasonal_naive,-0.02894
MED00083,9,seasonal_naive,-0.0273
MED00084,9,seasonal_naive,0.06139
MED00085,9,seasonal_naive,-0.02406
MED00086,9,seasonal_naive,-0.03572
MED00087,9,seasonal_naive,-0.024
MED00088,9,seasonal_naive,0.05207
MED00089,9,seasonal_naive,-0.01253
MED00090,9,seasonal_naive,-0.02364
MED00091,9,seasonal_naive,-0.02106
MED00092,9,seasonal_naive,-0.02594
MED00093,9,seasonal_naive,-0.03922
MED00094,9,seasonal_naive,-0.02063
MED00095,9,seasonal_naive,-0.02426
MED00096,9,seasonal_naive,-0.01175
MED00097,9,seasonal_naive,-0.03532
MED00098,9,seasonal_naive,-0.01052
MED00099,9,seasonal_naive,-0.04865
MED00100,9,seasonal_naive,-0.0454
MED00101,9,seasonal_naive,-0.01102
MED00102,9,seasonal_naive,-0.01956
MED00103,9,seasonal_naive,-0.02747
MED00104,9,seasonal_naive,-0.01352
MED00105,9,seasonal_naive,-0.0009
MED00106,9,seasonal_naive,-0.05427
MED00107,9,seasonal_naive,-0.01007
MED00108,9,seasonal_naive,-0.02545
MED00109,9,seasonal_naive,-0.03866
MED00110,9,seasonal_naive,-0.03843
MED00111,9,seasonal_naive,-0.02206
MED00112,9,seasonal_naive,-0.02428
MED00113,9,seasonal_naive,-0.02158
MED00114,9,seasonal_naive,-0.01893
MED00115,9,seasonal_naive,-0.02421
MED00116,9,seasonal_naive,-0.00517
MED00117,9,seasonal_naive,-0.03216
MED00118,9,seasonal_naive,-0.0211
MED00119,9,seasonal_naive,-0.02599
MED00120,9,seasonal_naive,-0.02394
MED00121,9,seasonal_naive,-0.02448
MED00122,9,seasonal_naive,-0.02446
MED00123,9,seasonal_naive,-0.03297
MED00124,9,seasonal_naive,-0.01037
MED00125,9,seasonal_naive,-0.03463
MED00126,9,seasonal_naive,-0.03415
MED00127,9,seasonal_naive,-0.0257
MED00128,9,seasonal_naive,-0.026
MED00129,9,seasonal_naive,-0.0294
MED00130,9,seasonal_naive,-0.05047
MED00131,9,seasonal_naive,-0.02297
MED00132,9,seasonal_naive,-0.03605
MED00133,9,seasonal_naive,-0.0176
MED00134,9,seasonal_naive,-0.03795
MED00135,9,seasonal_naive,-0.01309
MED00136,9,seasonal_naive,-0.02596
MED00137,9,seasonal_naive,-0.02461
MED00138,9,seasonal_naive,-0.02518
MED00139,9,seasonal_naive,-0.02973
MED00140,9,seasonal_naive,-0.02287
MED00141,9,seasonal_naive,-0.02834
MED00142,9,seasonal_naive,-0.03574
MED00143,9,seasonal_naive,-0.02188
MED00144,9,seasonal_naive,-0.02931
MED00145,9,seasonal_naive,-0.01964
MED00146,9,seasonal_naive,-0.02935
MED00147,9,seasonal_naive,-0.02619
MED00148,9,seasonal_naive,-0.02205
MED00149,9,seasonal_naive,-0.02393
MED00150,9,seasonal_naive,-0.02239
MED00151,9,seasonal_naive,-0.02565
MED00152,9,seasonal_naive,-0.02691
MED00153,9,seasonal_naive,-0.02664
MED00154,9,seasonal_naive,-0.01057
MED00155,9,seasonal_naive,-0.02853
MED00156,9,seasonal_naive,-0.02594
MED00157,9,seasonal_naive,-0.01892
MED00158,9,seasonal_naive,-0.04324
MED00159,9,seasonal_naive,-0.00178
MED00160,9,seasonal_naive,-0.02296
MED00161,9,seasonal_naive,-0.01857
MED00162,9,seasonal_naive,-0.02809
MED00163,9,seasonal_naive,-0.04
MED00164,9,seasonal_naive,-0.02842
MED00165,9,seasonal_naive,-0.00629
MED00166,9,seasonal_naive,-0.02748
MED00167,9,seasonal_naive,-0.02344
MED00168,9,seasonal_naive,-0.02488
MED00169,9,seasonal_naive,-0.02618
MED00170,9,seasonal_naive,-0.01826
MED00171,9,seasonal_naive,-0.02652
MED00172,9,seasonal_naive,-0.02488
MED00173,9,seasonal_naive,-0.02558
MED00174,9,seasonal_naive,-0.02722
MED00175,9,seasonal_naive,-0.02779
MED00176,9,seasonal_naive,-0.00764
MED00177,9,seasonal_naive,-0.043
MED00178,9,seasonal_naive,-0.02158
MED00179,9,seasonal_naive,-0.01829
MED00180,9,seasonal_naive,-0.02806
MED00181,9,seasonal_naive,-0.02298
MED00182,9,seasonal_naive,-0.04913
MED00183,9,seasonal_naive,-0.01891
MED00184,9,seasonal_naive,-0.02291
MED00185,9,seasonal_naive,-0.03182
MED00186,9,seasonal_naive,-0.02422
MED00187,9,seasonal_naive,-0.02208
MED00188,9,seasonal_naive,-0.02299
MED00189,9,seasonal_naive,-0.05138
MED00190,9,seasonal_naive,-0.02546
MED00191,9,seasonal_naive,0.00155
MED00192,9,seasonal_naive,-0.04068
MED00193,9,seasonal_naive,-0.05155
MED00194,9,seasonal_naive,-0.00599
MED00195,9,seasonal_naive,-0.00909
MED00196,9,seasonal_naive,-0.01948
MED00197,9,seasonal_naive,-0.00576
MED00198,9,seasonal_naive,-0.02786
MED00199,9,seasonal_naive,-0.02164
MED00200,9,seasonal_naive,-0.02613
MED00201,9,seasonal_naive,-0.01988
MED00202,9,seasonal_naive,-0.03029
MED00203,9,seasonal_naive,-0.03003
MED00204,9,seasonal_naive,-0.02825
MED00205,9,seasonal_naive,0.00046
MED00206,9,seasonal_naive,-0.02272
MED00207,9,seasonal_naive,-0.02879
MED00208,9,seasonal_naive,0.00159
MED00209,9,seasonal_naive,-0.02935
MED00210,9,seasonal_naive,-0.02971
MED00211,9,seasonal_naive,-0.02722
MED00212,9,seasonal_naive,-0.03305
MED00213,9,seasonal_naive,-0.03248
MED00214,9,seasonal_naive,0.00356
MED00215,9,seasonal_naive,-0.02795
MED00216,9,seasonal_naive,-0.05321
MED00217,9,seasonal_naive,-0.03951
MED00218,9,seasonal_naive,-0.02455
MED00219,9,seasonal_naive,-0.00511
MED00220,9,seasonal_naive,-0.03062
MED00221,9,seasonal_naive,-0.02169
MED00222,9,seasonal_naive,-0.03555
MED00223,9,seasonal_naive,-0.0157
MED00224,9,seasonal_naive,-0.02799
MED00225,9,seasonal_naive,-0.02956
MED00226,9,seasonal_naive,-0.03021
MED00227,9,seasonal_naive,-0.02482
MED00228,9,seasonal_naive,-0.03024
MED00229,9,seasonal_naive,-0.03481
MED00230,9,seasonal_naive,-0.0026
MED00231,9,seasonal_naive,-0.02443
MED00232,9,seasonal_naive,-0.03047
MED00233,9,seasonal_naive,-0.01507
MED00234,9,seasonal_naive,-0.02869
MED00235,9,seasonal_naive,0.06722
MED00236,9,seasonal_naive,-0.02393
MED00237,9,seasonal_naive,-0.03265
MED00238,9,seasonal_naive,-0.02231
MED00239,9,seasonal_naive,-0.02462
MED00240,9,seasonal_naive,-0.02693
MED00241,9,seasonal_naive,-0.02863
MED00242,9,seasonal_naive,-0.01129
MED00243,9,seasonal_naive,-0.03974
MED00244,9,seasonal_naive,-0.02775
MED00245,9,seasonal_naive,0.06403
MED00246,9,seasonal_naive,-0.0148
MED00247,9,seasonal_naive,0.00178
MED00248,9,seasonal_naive,-0.02821
MED00249,9,seasonal_naive,0.04851
MED00250,9,seasonal_naive,-0.01333
MED00251,9,seasonal_naive,-0.02636
MED00252,9,seasonal_naive,-0.0207
MED00253,9,seasonal_naive,-0.02358
MED00254,9,seasonal_naive,-0.02053
MED00255,9,seasonal_naive,-0.02847
MED00256,9,seasonal_naive,-0.02802
MED00257,9,seasonal_naive,-0.01811
MED00258,9,seasonal_naive,-0.02729
MED00259,9,seasonal_naive,-0.02515
MED00260,9,seasonal_naive,-0.0183
MED00261,9,seasonal_naive,-0.03207
MED00262,9,seasonal_naive,-0.02563
MED00263,9,seasonal_naive,-0.02741
MED00264,9,seasonal_naive,-0.04063
MED00265,9,seasonal_naive,0.00069
MED00266,9,seasonal_naive,-0.01418
MED00267,9,seasonal_naive,-0.02531
MED00268,9,seasonal_naive,-0.02391
MED00269,9,seasonal_naive,-0.02726
MED00270,9,seasonal_naive,-0.02349
MED00271,9,seasonal_naive,-0.02522
MED00272,9,seasonal_naive,-0.024
MED00273,9,seasonal_naive,-0.02961
MED00274,9,seasonal_naive,-0.03625
MED00275,9,seasonal_naive,0.00619
MED00276,9,seasonal_naive,-0.0276
MED00277,9,seasonal_naive,-0.05134
MED00278,9,seasonal_naive,0.00053
MED00279,9,seasonal_naive,0.0333
MED00280,9,seasonal_naive,-0.03975
MED00281,9,seasonal_naive,-0.01006
MED00282,9,seasonal_naive,-0.02591
MED00283,9,seasonal_naive,-0.0295
MED00284,9,seasonal_naive,-0.02816
MED00285,9,seasonal_naive,-0.01526
MED00286,9,seasonal_naive,-0.01581
MED00287,9,seasonal_naive,-0.02378
MED00288,9,seasonal_naive,0.0677
MED00289,9,seasonal_naive,-0.01734
MED00290,9,seasonal_naive,-0.02236
MED00291,9,seasonal_naive,-0.0275
MED00292,9,seasonal_naive,-0.03178
MED00293,9,seasonal_naive,-0.00916
MED00294,9,seasonal_naive,-0.03065
MED00295,9,seasonal_naive,-0.05159
MED00296,9,seasonal_naive,-0.02694
MED00297,9,seasonal_naive,-0.0146
MED00298,9,seasonal_naive,-0.0253
MED00299,9,seasonal_naive,-0.03684
MED00300,9,seasonal_naive,-0.02972
MED00301,9,seasonal_naive,-0.02793
MED00302,9,seasonal_naive,-0.01777
MED00303,9,seasonal_naive,-0.02722
MED00304,9,seasonal_naive,-0.02852
MED00305,9,seasonal_naive,-0.02903
MED00306,9,seasonal_naive,-0.04324
MED00307,9,seasonal_naive,0.06459
MED00308,9,seasonal_naive,-0.019
MED00309,9,seasonal_naive,-0.02586
MED00310,9,seasonal_naive,-0.03072
MED00311,9,seasonal_naive,-0.02499
MED00312,9,seasonal_naive,-0.03616
MED00313,9,seasonal_naive,-0.02114
MED00314,9,seasonal_naive,-0.00512
MED00315,9,seasonal_naive,0.00058
MED00316,9,seasonal_naive,-0.02806
MED00317,9,seasonal_naive,-0.02473
MED00318,9,seasonal_naive,-0.02902
MED00319,9,seasonal_naive,0.00197
MED00320,9,seasonal_naive,-0.02567
MED00321,9,seasonal_naive,-0.02704
MED00322,9,seasonal_naive,-0.05046
MED00323,9,seasonal_naive,-0.02668
MED00324,9,seasonal_naive,-0.02505
MED00325,9,seasonal_naive,-0.02724
MED00326,9,seasonal_naive,-0.01011
MED00327,9,seasonal_naive,-0.03086
MED00328,9,seasonal_naive,-0.02868
MED00329,9,seasonal_naive,0.00135
MED00330,9,seasonal_naive,-0.0191
MED00331,9,seasonal_naive,-0.02592
MED00332,9,seasonal_naive,-0.02551
MED00333,9,seasonal_naive,-0.01754
MED00334,9,seasonal_naive,-0.0261
MED00335,9,seasonal_naive,-0.01159
MED00336,9,seasonal_naive,0.00133
MED00337,9,seasonal_naive,0.06208
MED00338,9,seasonal_naive,-0.0239
MED00339,9,seasonal_naive,-0.02803
MED00340,9,seasonal_naive,-0.02992
MED00341,9,seasonal_naive,-0.00973
MED00342,9,seasonal_naive,-0.02734
MED00343,9,seasonal_naive,0.00171
MED00344,9,seasonal_naive,-0.02811
MED00345,9,seasonal_naive,-0.05047
MED00346,9,seasonal_naive,-0.02287
MED00347,9,seasonal_naive,-0.05338
MED00348,9,seasonal_naive,-0.02511
MED00349,9,seasonal_naive,-0.01911
MED00350,9,seasonal_naive,-0.03105
MED00351,9,seasonal_naive,-0.03952
MED00352,9,seasonal_naive,-0.0367
MED00353,9,seasonal_naive,-0.03366
MED00354,9,seasonal_naive,-0.03288
MED00355,9,seasonal_naive,-0.00292
MED00356,9,seasonal_naive,-0.02162
MED00357,9,seasonal_naive,-0.04006
MED00358,9,seasonal_naive,-0.025
MED00359,9,seasonal_naive,-0.02828
MED00360,9,seasonal_naive,-0.02736
MED00361,9,seasonal_naive,-0.01959
MED00362,9,seasonal_naive,-0.02597
MED00363,9,seasonal_naive,-0.02733
MED00364,9,seasonal_naive,-0.05227
MED00365,9,seasonal_naive,-0.02727
MED00366,9,seasonal_naive,0.00116
MED00367,9,seasonal_naive,-0.02413
MED00368,9,seasonal_naive,-0.02643
MED00369,9,seasonal_naive,-0.0294
MED00370,9,seasonal_naive,-0.03401
MED00371,9,seasonal_naive,-0.01142
MED00372,9,seasonal_naive,-0.04299
MED00373,9,seasonal_naive,-0.02065
MED00374,9,seasonal_naive,-0.02989
MED00375,9,seasonal_naive,-0.0156
MED00376,9,seasonal_naive,-0.02303
MED00377,9,seasonal_naive,-0.03152
MED00378,9,seasonal_naive,-0.02782
MED00379,9,seasonal_naive,-0.03061
MED00380,9,seasonal_naive,-0.0394
MED00381,9,seasonal_naive,-0.02991
MED00382,9,seasonal_naive,-0.03199
MED00383,9,seasonal_naive,-0.01855
MED00384,9,seasonal_naive,-0.02831
MED00385,9,seasonal_naive,-0.00716
MED00386,9,seasonal_naive,0.00086
MED00387,9,seasonal_naive,0.00749
MED00388,9,seasonal_naive,0.06541
MED00389,9,seasonal_naive,-0.02195
MED00390,9,seasonal_naive,0.0347
MED00391,9,seasonal_naive,-0.00032
MED00392,9,seasonal_naive,-0.00125
MED00393,9,seasonal_naive,-0.01052
MED00394,9,seasonal_naive,-0.01002
MED00395,9,seasonal_naive,-0.01031
MED00396,9,seasonal_naive,0.07119
MED00397,9,seasonal_naive,0.06502
MED00398,9,seasonal_naive,0.06097
MED00399,9,seasonal_naive,0.06284
MED00400,9,seasonal_naive,0.05972
MED00401,9,seasonal_naive,-0.01636
MED00402,9,seasonal_naive,-0.00881
MED00403,9,seasonal_naive,-0.00223
MED00404,9,seasonal_naive,-0.01914
MED00405,9,seasonal_naive,-0.01479
MED00406,9,seasonal_naive,0.03578
MED00407,9,seasonal_naive,-0.00823
MED00408,9,seasonal_naive,-0.00822
MED00409,9,seasonal_naive,-0.01328
MED00410,9,seasonal_naive,-0.00962
MED00411,9,seasonal_naive,-0.00098
MED00412,9,seasonal_naive,0.00866
MED00413,9,seasonal_naive,-0.00337
MED00414,9,seasonal_naive,-0.00769
MED00415,9,seasonal_naive,0.00027
MED00416,9,seasonal_naive,-0.01212
MED00417,9,seasonal_naive,-0.01844
MED00418,9,seasonal_naive,-0.01345
MED00419,9,seasonal_naive,-0.01767
MED00420,9,seasonal_naive,-0.00281
MED00421,9,seasonal_naive,0.03304
MED00422,9,seasonal_naive,-0.00278
MED00423,9,seasonal_naive,-0.00207
MED00424,9,seasonal_naive,0.06428
MED00001,10,seasonal_naive,-0.0021
MED00002,10,seasonal_naive,-0.04185
MED00003,10,seasonal_naive,-0.04861
MED00004,10,seasonal_naive,-0.0222
MED00005,10,seasonal_naive,-0.02533
MED00006,10,seasonal_naive,-0.02952
MED00007,10,seasonal_naive,-0.03034
MED00008,10,seasonal_naive,-0.01651
MED00009,10,seasonal_naive,-0.0252
MED00010,10,seasonal_naive,-0.02075
MED00011,10,seasonal_naive,0.03373
MED00012,10,seasonal_naive,-0.0289
MED00013,10,seasonal_naive,-0.01151
MED00014,10,seasonal_naive,0.02838
MED00015,10,seasonal_naive,-0.0016
MED00016,10,seasonal_naive,-0.02596
MED00017,10,seasonal_naive,-0.02783
MED00018,10,seasonal_naive,0.06075
MED00019,10,seasonal_naive,0.06561
MED00020,10,seasonal_naive,-0.00169
MED00021,10,seasonal_naive,-0.02611
MED00022,10,seasonal_naive,-0.02661
MED00023,10,seasonal_naive,-0.02845
MED00024,10,seasonal_naive,-0.02967
MED00025,10,seasonal_naive,-0.05404
MED00026,10,seasonal_naive,-0.03966
MED00027,10,seasonal_naive,-0.05052
MED00028,10,seasonal_naive,-0.00932
MED00029,10,seasonal_naive,-0.01142
MED00030,10,seasonal_naive,-0.02441
MED00031,10,seasonal_naive,-0.02538
MED00032,10,seasonal_naive,-0.02773
MED00033,10,seasonal_naive,-0.02609
MED00034,10,seasonal_naive,0.03237
MED00035,10,seasonal_naive,-0.02593
MED00036,10,seasonal_naive,-0.0259
MED00037,10,seasonal_naive,-0.02641
MED00038,10,seasonal_naive,-0.01298
MED00039,10,seasonal_naive,-0.02756
MED00040,10,seasonal_naive,-0.02318
MED00041,10,seasonal_naive,-0.02908
MED00042,10,seasonal_naive,-0.02494
MED00043,10,seasonal_naive,-0.00899
MED00044,10,seasonal_naive,-0.02681
MED00045,10,seasonal_naive,-0.03016
MED00046,10,seasonal_naive,-0.0282
MED00047,10,seasonal_naive,-0.01388
MED00048,10,seasonal_naive,-0.00564
MED00049,10,seasonal_naive,-0.05057
MED00050,10,seasonal_naive,-0.02847
MED00051,10,seasonal_naive,-0.05275
MED00052,10,seasonal_naive,-0.00575
MED00053,10,seasonal_naive,-0.01379
MED00054,10,seasonal_naive,-0.00873
MED00055,10,seasonal_naive,-0.02396
MED00056,10,seasonal_naive,-0.0204
MED00057,10,seasonal_naive,-0.02843
MED00058,10,seasonal_naive,-0.02886
MED00059,10,seasonal_naive,-0.00077
MED00060,10,seasonal_naive,-0.01683
MED00061,10,seasonal_naive,-0.02155
MED00062,10,seasonal_naive,-0.01264
MED00063,10,seasonal_naive,-0.05436
MED00064,10,seasonal_naive,0.02426
MED00065,10,seasonal_naive,0.06468
MED00066,10,seasonal_naive,-0.00358
MED00067,10,seasonal_naive,-0.02962
MED00068,10,seasonal_naive,-0.02847
MED00069,10,seasonal_naive,-0.02722
MED00071,10,seasonal_naive,-0.02511
MED00072,10,seasonal_naive,-0.02957
MED00073,10,seasonal_naive,-0.02497
MED00074,10,seasonal_naive,-0.02753
MED00075,10,seasonal_naive,-0.02681
MED00076,10,seasonal_naive,-0.03986
MED00077,10,seasonal_naive,-0.03335
MED00078,10,seasonal_naive,-0.02841
MED00079,10,seasonal_naive,-0.01224
MED00080,10,seasonal_naive,-0.02751
MED00081,10,seasonal_naive,-0.03927
MED00082,10,seasonal_naive,-0.02896
MED00083,10,seasonal_naive,-0.0272
MED00084,10,seasonal_naive,0.05956
MED00085,10,seasonal_naive,-0.02409
MED00086,10,seasonal_naive,-0.03568
MED00087,10,seasonal_naive,-0.02392
MED00088,10,seasonal_naive,0.05031
MED00089,10,seasonal_naive,-0.01246
MED00090,10,seasonal_naive,-0.02378
MED00091,10,seasonal_naive,-0.02107
MED00092,10,seasonal_naive,-0.02588
MED00093,10,seasonal_naive,-0.03935
MED00094,10,seasonal_naive,-0.0209
MED00095,10,seasonal_naive,-0.02434
MED00096,10,seasonal_naive,-0.01186
MED00097,10,seasonal_naive,-0.03528
MED00098,10,seasonal_naive,-0.01062
MED00099,10,seasonal_naive,-0.04879
MED00100,10,seasonal_naive,-0.04547
MED00101,10,seasonal_naive,-0.01065
MED00102,10,seasonal_naive,-0.01974
MED00103,10,seasonal_naive,-0.02713
MED00104,10,seasonal_naive,-0.01344
MED00105,10,seasonal_naive,-0.00101
MED00106,10,seasonal_naive,-0.0543
MED00107,10,seasonal_naive,-0.01002
MED00108,10,seasonal_naive,-0.02548
MED00109,10,seasonal_naive,-0.03489
MED00110,10,seasonal_naive,-0.03469
MED00111,10,seasonal_naive,-0.0222
MED00112,10,seasonal_naive,-0.02432
MED00113,10,seasonal_naive,-0.02159
MED00114,10,seasonal_naive,-0.02088
MED00115,10,seasonal_naive,-0.02422
MED00116,10,seasonal_naive,-0.00532
MED00117,10,seasonal_naive,-0.03207
MED00118,10,seasonal_naive,-0.02111
MED00119,10,seasonal_naive,-0.0259
MED00120,10,seasonal_naive,-0.02388
MED00121,10,seasonal_naive,-0.02449
MED00122,10,seasonal_naive,-0.02454
MED00123,10,seasonal_naive,-0.02941
MED00124,10,seasonal_naive,-0.01007
MED00125,10,seasonal_naive,-0.03474
MED00126,10,seasonal_naive,-0.0306
MED00127,10,seasonal_naive,-0.02571
MED00128,10,seasonal_naive,-0.02591
MED00129,10,seasonal_naive,-0.02931
MED00130,10,seasonal_naive,-0.05054
MED00131,10,seasonal_naive,-0.02301
MED00132,10,seasonal_naive,-0.03249
MED00133,10,seasonal_naive,-0.01391
MED00134,10,seasonal_naive,-0.03431
MED00135,10,seasonal_naive,-0.01303
MED00136,10,seasonal_naive,-0.02444
MED00137,10,seasonal_naive,-0.02479
MED00138,10,seasonal_naive,-0.02518
MED00139,10,seasonal_naive,-0.02964
MED00140,10,seasonal_naive,-0.02282
MED00141,10,seasonal_naive,-0.02849
MED00142,10,seasonal_naive,-0.03567
MED00143,10,seasonal_naive,-0.02188
MED00144,10,seasonal_naive,-0.02952
MED00145,10,seasonal_naive,-0.01981
MED00146,10,seasonal_naive,-0.02938
MED00147,10,seasonal_naive,-0.02621
MED00148,10,seasonal_naive,-0.02195
MED00149,10,seasonal_naive,-0.0247
MED00150,10,seasonal_naive,-0.02249
MED00151,10,seasonal_naive,-0.02565
MED00152,10,seasonal_naive,-0.02691
MED00153,10,seasonal_naive,-0.02654
MED00154,10,seasonal_naive,-0.01201
MED00155,10,seasonal_naive,-0.02872
MED00156,10,seasonal_naive,-0.02596
MED00157,10,seasonal_naive,-0.01887
MED00158,10,seasonal_naive,-0.04338
MED00159,10,seasonal_naive,-0.00176
MED00160,10,seasonal_naive,-0.02303
MED00161,10,seasonal_naive,-0.01848
MED00162,10,seasonal_naive,-0.02809
MED00163,10,seasonal_naive,-0.04007
MED00164,10,seasonal_naive,-0.02844
MED00165,10,seasonal_naive,-0.00653
MED00166,10,seasonal_naive,-0.02749
MED00167,10,seasonal_naive,-0.02344
MED00168,10,seasonal_naive,-0.02488
MED00169,10,seasonal_naive,-0.02619
MED00170,10,seasonal_naive,-0.01826
MED00171,10,seasonal_naive,-0.02652
MED00172,10,seasonal_naive,-0.02498
MED00173,10,seasonal_naive,-0.02562
MED00174,10,seasonal_naive,-0.02712
MED00175,10,seasonal_naive,-0.02424
MED00176,10,seasonal_naive,-0.00778
MED00177,10,seasonal_naive,-0.04307
MED00178,10,seasonal_naive,-0.02106
MED00179,10,seasonal_naive,-0.01619
MED00180,10,seasonal_naive,-0.02782
MED00181,10,seasonal_naive,-0.02303
MED00182,10,seasonal_naive,-0.04924
MED00183,10,seasonal_naive,-0.01902
MED00184,10,seasonal_naive,-0.02307
MED00185,10,seasonal_naive,-0.03183
MED00186,10,seasonal_naive,-0.02388
MED00187,10,seasonal_naive,-0.02219
MED00188,10,seasonal_naive,-0.02312
MED00189,10,seasonal_naive,-0.05148
MED00190,10,seasonal_naive,-0.02546
MED00191,10,seasonal_naive,0.00144
MED00192,10,seasonal_naive,-0.04104
MED00193,10,seasonal_naive,-0.05171
MED00194,10,seasonal_naive,-0.00607
MED00195,10,seasonal_naive,-0.00927
MED00196,10,seasonal_naive,-0.0207
MED00197,10,seasonal_naive,-0.0063
MED00198,10,seasonal_naive,-0.02786
MED00199,10,seasonal_naive,-0.02205
MED00200,10,seasonal_naive,-0.02614
MED00201,10,seasonal_naive,-0.01981
MED00202,10,seasonal_naive,-0.03025
MED00203,10,seasonal_naive,-0.03004
MED00204,10,seasonal_naive,-0.02816
MED00205,10,seasonal_naive,0.00034
MED00206,10,seasonal_naive,-0.02274
MED00207,10,seasonal_naive,-0.0288
MED00208,10,seasonal_naive,0.00113
MED00209,10,seasonal_naive,-0.02928
MED00210,10,seasonal_naive,-0.02897
MED00211,10,seasonal_naive,-0.02723
MED00212,10,seasonal_naive,-0.03296
MED00213,10,seasonal_naive,-0.02892
MED00214,10,seasonal_naive,0.00346
MED00215,10,seasonal_naive,-0.02795
MED00216,10,seasonal_naive,-0.05328
MED00217,10,seasonal_naive,-0.03959
MED00218,10,seasonal_naive,-0.02449
MED00219,10,seasonal_naive,-0.00517
MED00220,10,seasonal_naive,-0.03063
MED00221,10,seasonal_naive,-0.02173
MED00222,10,seasonal_naive,-0.03548
MED00223,10,seasonal_naive,-0.01551
MED00224,10,seasonal_naive,-0.0279
MED00225,10,seasonal_naive,-0.02946
MED00226,10,seasonal_naive,-0.03026
MED00227,10,seasonal_naive,-0.02694
MED00228,10,seasonal_naive,-0.03018
MED00229,10,seasonal_naive,-0.03125
MED00230,10,seasonal_naive,-0.00226
MED00231,10,seasonal_naive,-0.02444
MED00232,10,seasonal_naive,-0.03038
MED00233,10,seasonal_naive,-0.01152
MED00234,10,seasonal_naive,-0.02869
MED00235,10,seasonal_naive,0.06608
MED00236,10,seasonal_naive,-0.02426
MED00237,10,seasonal_naive,-0.03265
MED00238,10,seasonal_naive,-0.02231
MED00239,10,seasonal_naive,-0.02467
MED00240,10,seasonal_naive,-0.02687
MED00241,10,seasonal_naive,-0.02865
MED00242,10,seasonal_naive,-0.01152
MED00243,10,seasonal_naive,-0.03997
MED00244,10,seasonal_naive,-0.02765
MED00245,10,seasonal_naive,0.06277
MED00246,10,seasonal_naive,-0.01474
MED00247,10,seasonal_naive,0.00158
MED00248,10,seasonal_naive,-0.02822
MED00249,10,seasonal_naive,0.04685
MED00250,10,seasonal_naive,-0.01344
MED00251,10,seasonal_naive,-0.02635
MED00252,10,seasonal_naive,-0.02063
MED00253,10,seasonal_naive,-0.02438
MED00254,10,seasonal_naive,-0.02046
MED00255,10,seasonal_naive,-0.02856
MED00256,10,seasonal_naive,-0.02793
MED00257,10,seasonal_naive,-0.0181
MED00258,10,seasonal_naive,-0.0273
MED00259,10,seasonal_naive,-0.02515
MED00260,10,seasonal_naive,-0.01593
MED00261,10,seasonal_naive,-0.02979
MED00262,10,seasonal_naive,-0.02589
MED00263,10,seasonal_naive,-0.02745
MED00264,10,seasonal_naive,-0.03707
MED00265,10,seasonal_naive,0.00073
MED00266,10,seasonal_naive,-0.01416
MED00267,10,seasonal_naive,-0.02531
MED00268,10,seasonal_naive,-0.02392
MED00269,10,seasonal_naive,-0.02727
MED00270,10,seasonal_naive,-0.02352
MED00271,10,seasonal_naive,-0.02524
MED00272,10,seasonal_naive,-0.02405
MED00273,10,seasonal_naive,-0.02959
MED00274,10,seasonal_naive,-0.03269
MED00275,10,seasonal_naive,0.00608
MED00276,10,seasonal_naive,-0.0276
MED00277,10,seasonal_naive,-0.05145
MED00278,10,seasonal_naive,0.00059
MED00279,10,seasonal_naive,0.03139
MED00280,10,seasonal_naive,-0.03983
MED00281,10,seasonal_naive,-0.01018
MED00282,10,seasonal_naive,-0.02593
MED00283,10,seasonal_naive,-0.02953
MED00284,10,seasonal_naive,-0.0281
MED00285,10,seasonal_naive,-0.01523
MED00286,10,seasonal_naive,-0.01571
MED00287,10,seasonal_naive,-0.02379
MED00288,10,seasonal_naive,0.06695
MED00289,10,seasonal_naive,-0.01725
MED00290,10,seasonal_naive,-0.02237
MED00291,10,seasonal_naive,-0.0274
MED00292,10,seasonal_naive,-0.0317
MED00293,10,seasonal_naive,-0.00911
MED00294,10,seasonal_naive,-0.0306
MED00295,10,seasonal_naive,-0.05175
MED00296,10,seasonal_naive,-0.02684
MED00297,10,seasonal_naive,-0.01454
MED00298,10,seasonal_naive,-0.02534
MED00299,10,seasonal_naive,-0.03701
MED00300,10,seasonal_naive,-0.02963
MED00301,10,seasonal_naive,-0.02783
MED00302,10,seasonal_naive,-0.01758
MED00303,10,seasonal_naive,-0.02733
MED00304,10,seasonal_naive,-0.02838
MED00305,10,seasonal_naive,-0.02903
MED00306,10,seasonal_naive,-0.04006
MED00307,10,seasonal_naive,0.06289
MED00308,10,seasonal_naive,-0.01663
MED00309,10,seasonal_naive,-0.02599
MED00310,10,seasonal_naive,-0.03073
MED00311,10,seasonal_naive,-0.02495
MED00312,10,seasonal_naive,-0.0324
MED00313,10,seasonal_naive,-0.01746
MED00314,10,seasonal_naive,-0.00507
MED00315,10,seasonal_naive,0.00065
MED00316,10,seasonal_naive,-0.02807
MED00317,10,seasonal_naive,-0.02473
MED00318,10,seasonal_naive,-0.02888
MED00319,10,seasonal_naive,0.00223
MED00320,10,seasonal_naive,-0.02559
MED00321,10,seasonal_naive,-0.02805
MED00322,10,seasonal_naive,-0.0506
MED00323,10,seasonal_naive,-0.02616
MED00324,10,seasonal_naive,-0.02524
MED00325,10,seasonal_naive,-0.02714
MED00326,10,seasonal_naive,-0.01005
MED00327,10,seasonal_naive,-0.03104
MED00328,10,seasonal_naive,-0.02858
MED00329,10,seasonal_naive,0.00161
MED00330,10,seasonal_naive,-0.01899
MED00331,10,seasonal_naive,-0.02611
MED00332,10,seasonal_naive,-0.02552
MED00333,10,seasonal_naive,-0.01736
MED00334,10,seasonal_naive,-0.02594
MED00335,10,seasonal_naive,-0.01149
MED00336,10,seasonal_naive,0.0013
MED00337,10,seasonal_naive,0.06104
MED00338,10,seasonal_naive,-0.02399
MED00339,10,seasonal_naive,-0.02798
MED00340,10,seasonal_naive,-0.02663
MED00341,10,seasonal_naive,-0.00967
MED00342,10,seasonal_naive,-0.02685
MED00343,10,seasonal_naive,0.00161
MED00344,10,seasonal_naive,-0.02826
MED00345,10,seasonal_naive,-0.05057
MED00346,10,seasonal_naive,-0.02287
MED00347,10,seasonal_naive,-0.05342
MED00348,10,seasonal_naive,-0.02502
MED00349,10,seasonal_naive,-0.01912
MED00350,10,seasonal_naive,-0.0275
MED00351,10,seasonal_naive,-0.03596
MED00352,10,seasonal_naive,-0.03318
MED00353,10,seasonal_naive,-0.03015
MED00354,10,seasonal_naive,-0.02912
MED00355,10,seasonal_naive,-0.00347
MED00356,10,seasonal_naive,-0.02162
MED00357,10,seasonal_naive,-0.04014
MED00358,10,seasonal_naive,-0.02501
MED00359,10,seasonal_naive,-0.02819
MED00360,10,seasonal_naive,-0.02732
MED00361,10,seasonal_naive,-0.01967
MED00362,10,seasonal_naive,-0.02601
MED00363,10,seasonal_naive,-0.02734
MED00364,10,seasonal_naive,-0.05232
MED00365,10,seasonal_naive,-0.02726
MED00366,10,seasonal_naive,0.00123
MED00367,10,seasonal_naive,-0.02414
MED00368,10,seasonal_naive,-0.02646
MED00369,10,seasonal_naive,-0.02926
MED00370,10,seasonal_naive,-0.03024
MED00371,10,seasonal_naive,-0.01158
MED00372,10,seasonal_naive,-0.04309
MED00373,10,seasonal_naive,-0.02085
MED00374,10,seasonal_naive,-0.02983
MED00375,10,seasonal_naive,-0.01573
MED00376,10,seasonal_naive,-0.02297
MED00377,10,seasonal_naive,-0.03166
MED00378,10,seasonal_naive,-0.02832
MED00379,10,seasonal_naive,-0.0271
MED00380,10,seasonal_naive,-0.03547
MED00381,10,seasonal_naive,-0.02615
MED00382,10,seasonal_naive,-0.032
MED00383,10,seasonal_naive,-0.01896
MED00384,10,seasonal_naive,-0.02831
MED00385,10,seasonal_naive,-0.00866
MED00386,10,seasonal_naive,0.00073
MED00387,10,seasonal_naive,0.00606
MED00388,10,seasonal_naive,0.06407
MED00389,10,seasonal_naive,-0.02191
MED00390,10,seasonal_naive,0.0326
MED00391,10,seasonal_naive,-0.00236
MED00392,10,seasonal_naive,-0.00272
MED00393,10,seasonal_naive,-0.01065
MED00394,10,seasonal_naive,-0.01019
MED00395,10,seasonal_naive,-0.01239
MED00396,10,seasonal_naive,0.0738
MED00397,10,seasonal_naive,0.0639
MED00398,10,seasonal_naive,0.06111
MED00399,10,seasonal_naive,0.06304
MED00400,10,seasonal_naive,0.05816
MED00401,10,seasonal_naive,-0.01649
MED00402,10,seasonal_naive,-0.01097
MED00403,10,seasonal_naive,-0.00219
MED00404,10,seasonal_naive,-0.01904
MED00405,10,seasonal_naive,-0.01474
MED00406,10,seasonal_naive,0.0338
MED00407,10,seasonal_naive,-0.0103
MED00408,10,seasonal_naive,-0.00833
MED00409,10,seasonal_naive,-0.01439
MED00410,10,seasonal_naive,-0.01076
MED00411,10,seasonal_naive,-0.00305
MED00412,10,seasonal_naive,0.00856
MED00413,10,seasonal_naive,-0.0035
MED00414,10,seasonal_naive,-0.00912
MED00415,10,seasonal_naive,0.00016
MED00416,10,seasonal_naive,-0.01355
MED00417,10,seasonal_naive,-0.01837
MED00418,10,seasonal_naive,-0.01341
MED00419,10,seasonal_naive,-0.01762
MED00420,10,seasonal_naive,-0.0049
MED00421,10,seasonal_naive,0.03105
MED00422,10,seasonal_naive,-0.00482
MED00423,10,seasonal_naive,-0.00218
MED00424,10,seasonal_naive,0.06369
MED00001,11,seasonal_naive,-0.00218
MED00002,11,seasonal_naive,-0.04182
MED00003,11,seasonal_naive,-0.04861
MED00004,11,seasonal_naive,-0.02561
MED00005,11,seasonal_naive,-0.02798
MED00006,11,seasonal_naive,-0.02847
MED00007,11,seasonal_naive,-0.02928
MED00008,11,seasonal_naive,-0.0164
MED00009,11,seasonal_naive,-0.02535
MED00010,11,seasonal_naive,-0.02137
MED00011,11,seasonal_naive,0.03372
MED00012,11,seasonal_naive,-0.02799
MED00013,11,seasonal_naive,-0.01373
MED00014,11,seasonal_naive,0.02839
MED00015,11,seasonal_naive,-0.00141
MED00016,11,seasonal_naive,-0.0259
MED00017,11,seasonal_naive,-0.02686
MED00018,11,seasonal_naive,0.06088
MED00019,11,seasonal_naive,0.0657
MED00020,11,seasonal_naive,-0.00169
MED00021,11,seasonal_naive,-0.02627
MED00022,11,seasonal_naive,-0.02552
MED00023,11,seasonal_naive,-0.02778
MED00024,11,seasonal_naive,-0.02867
MED00025,11,seasonal_naive,-0.05412
MED00026,11,seasonal_naive,-0.03974
MED00027,11,seasonal_naive,-0.05059
MED00028,11,seasonal_naive,-0.00936
MED00029,11,seasonal_naive,-0.01521
MED00030,11,seasonal_naive,-0.02476
MED00031,11,seasonal_naive,-0.02465
MED00032,11,seasonal_naive,-0.027
MED00033,11,seasonal_naive,-0.02803
MED00034,11,seasonal_naive,0.03249
MED00035,11,seasonal_naive,-0.02863
MED00036,11,seasonal_naive,-0.02546
MED00037,11,seasonal_naive,-0.02726
MED00038,11,seasonal_naive,-0.01392
MED00039,11,seasonal_naive,-0.03015
MED00040,11,seasonal_naive,-0.02322
MED00041,11,seasonal_naive,-0.03152
MED00042,11,seasonal_naive,-0.02399
MED00043,11,seasonal_naive,-0.00855
MED00044,11,seasonal_naive,-0.02581
MED00045,11,seasonal_naive,-0.02927
MED00046,11,seasonal_naive,-0.02728
MED00047,11,seasonal_naive,-0.014
MED00048,11,seasonal_naive,-0.00755
MED00049,11,seasonal_naive,-0.0507
MED00050,11,seasonal_naive,-0.02752
MED00051,11,seasonal_naive,-0.05271
MED00052,11,seasonal_naive,-0.00566
MED00053,11,seasonal_naive,-0.01407
MED00054,11,seasonal_naive,-0.00899
MED00055,11,seasonal_naive,-0.02508
MED00056,11,seasonal_naive,-0.02083
MED00057,11,seasonal_naive,-0.03083
MED00058,11,seasonal_naive,-0.02795
MED00059,11,seasonal_naive,-0.00104
MED00060,11,seasonal_naive,-0.01688
MED00061,11,seasonal_naive,-0.02143
MED00062,11,seasonal_naive,-0.01288
MED00063,11,seasonal_naive,-0.05449
MED00064,11,seasonal_naive,0.02427
MED00065,11,seasonal_naive,0.06476
MED00066,11,seasonal_naive,-0.00348
MED00067,11,seasonal_naive,-0.02965
MED00068,11,seasonal_naive,-0.02862
MED00069,11,seasonal_naive,-0.02622
MED00070,11,seasonal_naive,-0.00098
MED00071,11,seasonal_naive,-0.02411
MED00072,11,seasonal_naive,-0.02856
MED00073,11,seasonal_naive,-0.02514
MED00074,11,seasonal_naive,-0.02768
MED00075,11,seasonal_naive,-0.02702
MED00076,11,seasonal_naive,-0.03967
MED00077,11,seasonal_naive,-0.03347
MED00078,11,seasonal_naive,-0.02766
MED00079,11,seasonal_naive,-0.01233
MED00080,11,seasonal_naive,-0.02767
MED00081,11,seasonal_naive,-0.03924
MED00082,11,seasonal_naive,-0.02796
MED00083,11,seasonal_naive,-0.02737
MED00084,11,seasonal_naive,0.05968
MED00085,11,seasonal_naive,-0.02311
MED00086,11,seasonal_naive,-0.0358
MED00087,11,seasonal_naive,-0.02301
MED00088,11,seasonal_naive,0.05046
MED00089,11,seasonal_naive,-0.01259
MED00090,11,seasonal_naive,-0.02428
MED00091,11,seasonal_naive,-0.02007
MED00092,11,seasonal_naive,-0.02308
MED00093,11,seasonal_naive,-0.03944
MED00094,11,seasonal_naive,-0.02094
MED00095,11,seasonal_naive,-0.02452
MED00096,11,seasonal_naive,-0.01205
MED00097,11,seasonal_naive,-0.03541
MED00098,11,seasonal_naive,-0.01076
MED00099,11,seasonal_naive,-0.04887
MED00100,11,seasonal_naive,-0.04544
MED00101,11,seasonal_naive,-0.01094
MED00102,11,seasonal_naive,-0.02054
MED00103,11,seasonal_naive,-0.02616
MED00104,11,seasonal_naive,-0.0135
MED00105,11,seasonal_naive,-0.00117
MED00106,11,seasonal_naive,-0.05443
MED00107,11,seasonal_naive,-0.01016
MED00108,11,seasonal_naive,-0.02567
MED00109,11,seasonal_naive,-0.03764
MED00110,11,seasonal_naive,-0.03728
MED00111,11,seasonal_naive,-0.02219
MED00112,11,seasonal_naive,-0.02453
MED00113,11,seasonal_naive,-0.02055
MED00114,11,seasonal_naive,-0.02107
MED00115,11,seasonal_naive,-0.02325
MED00116,11,seasonal_naive,-0.00545
MED00117,11,seasonal_naive,-0.03121
MED00118,11,seasonal_naive,-0.02014
MED00119,11,seasonal_naive,-0.02499
MED00120,11,seasonal_naive,-0.0219
MED00121,11,seasonal_naive,-0.02531
MED00122,11,seasonal_naive,-0.02472
MED00123,11,seasonal_naive,-0.03185
MED00124,11,seasonal_naive,-0.0102
MED00125,11,seasonal_naive,-0.03471
MED00126,11,seasonal_naive,-0.03314
MED00127,11,seasonal_naive,-0.02466
MED00128,11,seasonal_naive,-0.025
MED00129,11,seasonal_naive,-0.02842
MED00130,11,seasonal_naive,-0.05067
MED00131,11,seasonal_naive,-0.02201
MED00132,11,seasonal_naive,-0.03493
MED00133,11,seasonal_naive,-0.01635
MED00134,11,seasonal_naive,-0.0369
MED00135,11,seasonal_naive,-0.01315
MED00136,11,seasonal_naive,-0.02715
MED00137,11,seasonal_naive,-0.02483
MED00138,11,seasonal_naive,-0.02425
MED00139,11,seasonal_naive,-0.02875
MED00140,11,seasonal_naive,-0.0219
MED00141,11,seasonal_naive,-0.02866
MED00142,11,seasonal_naive,-0.03564
MED00143,11,seasonal_naive,-0.02091
MED00144,11,seasonal_naive,-0.02972
MED00145,11,seasonal_naive,-0.01962
MED00146,11,seasonal_naive,-0.02829
MED00147,11,seasonal_naive,-0.02515
MED00148,11,seasonal_naive,-0.02206
MED00149,11,seasonal_naive,-0.0249
MED00150,11,seasonal_naive,-0.02174
MED00151,11,seasonal_naive,-0.02467
MED00152,11,seasonal_naive,-0.02595
MED00153,11,seasonal_naive,-0.02567
MED00154,11,seasonal_naive,-0.01195
MED00155,11,seasonal_naive,-0.02775
MED00156,11,seasonal_naive,-0.02609
MED00157,11,seasonal_naive,-0.01903
MED00158,11,seasonal_naive,-0.04346
MED00159,11,seasonal_naive,-0.0019
MED00160,11,seasonal_naive,-0.02405
MED00161,11,seasonal_naive,-0.01867
MED00162,11,seasonal_naive,-0.02698
MED00163,11,seasonal_naive,-0.04021
MED00164,11,seasonal_naive,-0.02744
MED00165,11,seasonal_naive,-0.0087
MED00166,11,seasonal_naive,-0.02638
MED00167,11,seasonal_naive,-0.02367
MED00168,11,seasonal_naive,-0.02395
MED00169,11,seasonal_naive,-0.02539
MED00170,11,seasonal_naive,-0.01723
MED00171,11,seasonal_naive,-0.02555
MED00172,11,seasonal_naive,-0.02406
MED00173,11,seasonal_naive,-0.02465
MED00174,11,seasonal_naive,-0.02732
MED00175,11,seasonal_naive,-0.02733
MED00176,11,seasonal_naive,-0.00799
MED00177,11,seasonal_naive,-0.04318
MED00178,11,seasonal_naive,-0.02151
MED00179,11,seasonal_naive,-0.01858
MED00180,11,seasonal_naive,-0.02657
MED00181,11,seasonal_naive,-0.02375
MED00182,11,seasonal_naive,-0.04935
MED00183,11,seasonal_naive,-0.01923
MED00184,11,seasonal_naive,-0.02326
MED00185,11,seasonal_naive,-0.02737
MED00186,11,seasonal_naive,-0.02291
MED00187,11,seasonal_naive,-0.02144
MED00188,11,seasonal_naive,-0.02347
MED00189,11,seasonal_naive,-0.05145
MED00190,11,seasonal_naive,-0.0245
MED00191,11,seasonal_naive,0.0014
MED00192,11,seasonal_naive,-0.04099
MED00193,11,seasonal_naive,-0.05185
MED00194,11,seasonal_naive,-0.00807
MED00195,11,seasonal_naive,-0.01125
MED00196,11,seasonal_naive,-0.02147
MED00197,11,seasonal_naive,-0.0083
MED00198,11,seasonal_naive,-0.02689
MED00199,11,seasonal_naive,-0.0213
MED00200,11,seasonal_naive,-0.0252
MED00201,11,seasonal_naive,-0.01983
MED00202,11,seasonal_naive,-0.02937
MED00203,11,seasonal_naive,-0.02904
MED00204,11,seasonal_naive,-0.02727
MED00205,11,seasonal_naive,0.00018
MED00206,11,seasonal_naive,-0.02187
MED00207,11,seasonal_naive,-0.02783
MED00208,11,seasonal_naive,0.00097
MED00209,11,seasonal_naive,-0.02844
MED00210,11,seasonal_naive,-0.02888
MED00211,11,seasonal_naive,-0.02627
MED00212,11,seasonal_naive,-0.03197
MED00213,11,seasonal_naive,-0.03167
MED00214,11,seasonal_naive,0.0016
MED00215,11,seasonal_naive,-0.02689
MED00216,11,seasonal_naive,-0.05341
MED00217,11,seasonal_naive,-0.03939
MED00218,11,seasonal_naive,-0.02518
MED00219,11,seasonal_naive,-0.00537
MED00220,11,seasonal_naive,-0.02628
MED00221,11,seasonal_naive,-0.02073
MED00222,11,seasonal_naive,-0.03544
MED00223,11,seasonal_naive,-0.01595
MED00224,11,seasonal_naive,-0.02699
MED00225,11,seasonal_naive,-0.02967
MED00226,11,seasonal_naive,-0.02924
MED00227,11,seasonal_naive,-0.02698
MED00228,11,seasonal_naive,-0.02734
MED00229,11,seasonal_naive,-0.0338
MED00230,11,seasonal_naive,-0.0024
MED00231,11,seasonal_naive,-0.02346
MED00232,11,seasonal_naive,-0.02983
MED00233,11,seasonal_naive,-0.01396
MED00234,11,seasonal_naive,-0.02772
MED00235,11,seasonal_naive,0.06674
MED00236,11,seasonal_naive,-0.02319
MED00237,11,seasonal_naive,-0.033
MED00238,11,seasonal_naive,-0.02134
MED00239,11,seasonal_naive,-0.02488
MED00240,11,seasonal_naive,-0.02703
MED00241,11,seasonal_naive,-0.02762
MED00242,11,seasonal_naive,-0.01355
MED00243,11,seasonal_naive,-0.03995
MED00244,11,seasonal_naive,-0.02675
MED00245,11,seasonal_naive,0.06297
MED00246,11,seasonal_naive,-0.01488
MED00247,11,seasonal_naive,0.00144
MED00248,11,seasonal_naive,-0.02716
MED00249,11,seasonal_naive,0.04696
MED00250,11,seasonal_naive,-0.0144
MED00251,11,seasonal_naive,-0.02538
MED00252,11,seasonal_naive,-0.0205
MED00253,11,seasonal_naive,-0.02457
MED00254,11,seasonal_naive,-0.02033
MED00255,11,seasonal_naive,-0.02893
MED00256,11,seasonal_naive,-0.02693
MED00257,11,seasonal_naive,-0.01824
MED00258,11,seasonal_naive,-0.02758
MED00259,11,seasonal_naive,-0.02076
MED00260,11,seasonal_naive,-0.01857
MED00261,11,seasonal_naive,-0.03218
MED00262,11,seasonal_naive,-0.02604
MED00263,11,seasonal_naive,-0.0274
MED00264,11,seasonal_naive,-0.03966
MED00265,11,seasonal_naive,0.0006
MED00266,11,seasonal_naive,-0.01427
MED00267,11,seasonal_naive,-0.02554
MED00268,11,seasonal_naive,-0.02419
MED00269,11,seasonal_naive,-0.02701
MED00270,11,seasonal_naive,-0.02345
MED00271,11,seasonal_naive,-0.0255
MED00272,11,seasonal_naive,-0.02419
MED00273,11,seasonal_naive,-0.02845
MED00274,11,seasonal_naive,-0.03513
MED00275,11,seasonal_naive,0.00601
MED00276,11,seasonal_naive,-0.02662
MED00277,11,seasonal_naive,-0.05145
MED00278,11,seasonal_naive,0.00045
MED00279,11,seasonal_naive,0.03143
MED00280,11,seasonal_naive,-0.03971
MED00281,11,seasonal_naive,-0.01026
MED00282,11,seasonal_naive,-0.02478
MED00283,11,seasonal_naive,-0.02971
MED00284,11,seasonal_naive,-0.02716
MED00285,11,seasonal_naive,-0.01509
MED00286,11,seasonal_naive,-0.01604
MED00287,11,seasonal_naive,-0.02396
MED00288,11,seasonal_naive,0.06707
MED00289,11,seasonal_naive,-0.01749
MED00290,11,seasonal_naive,-0.0214
MED00291,11,seasonal_naive,-0.02298
MED00292,11,seasonal_naive,-0.03072
MED00293,11,seasonal_naive,-0.00937
MED00294,11,seasonal_naive,-0.02966
MED00295,11,seasonal_naive,-0.05183
MED00296,11,seasonal_naive,-0.02713
MED00297,11,seasonal_naive,-0.01466
MED00298,11,seasonal_naive,-0.02562
MED00299,11,seasonal_naive,-0.03697
MED00300,11,seasonal_naive,-0.02872
MED00301,11,seasonal_naive,-0.02802
MED00302,11,seasonal_naive,-0.01802
MED00303,11,seasonal_naive,-0.02658
MED00304,11,seasonal_naive,-0.02863
MED00305,11,seasonal_naive,-0.02806
MED00306,11,seasonal_naive,-0.04279
MED00307,11,seasonal_naive,0.06297
MED00308,11,seasonal_naive,-0.01935
MED00309,11,seasonal_naive,-0.0249
MED00310,11,seasonal_naive,-0.02968
MED00311,11,seasonal_naive,-0.0253
MED00312,11,seasonal_naive,-0.03484
MED00313,11,seasonal_naive,-0.02008
MED00314,11,seasonal_naive,-0.00516
MED00315,11,seasonal_naive,0.00051
MED00316,11,seasonal_naive,-0.0271
MED00317,11,seasonal_naive,-0.02376
MED00318,11,seasonal_naive,-0.02904
MED00319,11,seasonal_naive,0.00207
MED00320,11,seasonal_naive,-0.0255
MED00321,11,seasonal_naive,-0.03159
MED00322,11,seasonal_naive,-0.05073
MED00323,11,seasonal_naive,-0.02581
MED00324,11,seasonal_naive,-0.02449
MED00325,11,seasonal_naive,-0.02734
MED00326,11,seasonal_naive,-0.01019
MED00327,11,seasonal_naive,-0.03009
MED00328,11,seasonal_naive,-0.02878
MED00329,11,seasonal_naive,0.00146
MED00330,11,seasonal_naive,-0.01918
MED00331,11,seasonal_naive,-0.02502
MED00332,11,seasonal_naive,-0.02472
MED00333,11,seasonal_naive,-0.01568
MED00334,11,seasonal_naive,-0.0262
MED00335,11,seasonal_naive,-0.01205
MED00336,11,seasonal_naive,0.00135
MED00337,11,seasonal_naive,0.06116
MED00338,11,seasonal_naive,-0.023
MED00339,11,seasonal_naive,-0.02704
MED00340,11,seasonal_naive,-0.0292
MED00341,11,seasonal_naive,-0.00982
MED00342,11,seasonal_naive,-0.02588
MED00343,11,seasonal_naive,0.00147
MED00344,11,seasonal_naive,-0.02913
MED00345,11,seasonal_naive,-0.0507
MED00346,11,seasonal_naive,-0.02261
MED00347,11,seasonal_naive,-0.05341
MED00348,11,seasonal_naive,-0.02414
MED00349,11,seasonal_naive,-0.01806
MED00350,11,seasonal_naive,-0.02919
MED00351,11,seasonal_naive,-0.03874
MED00352,11,seasonal_naive,-0.03573
MED00353,11,seasonal_naive,-0.0327
MED00354,11,seasonal_naive,-0.03186
MED00355,11,seasonal_naive,-0.00545
MED00356,11,seasonal_naive,-0.02077
MED00357,11,seasonal_naive,-0.04021
MED00358,11,seasonal_naive,-0.02396
MED00359,11,seasonal_naive,-0.02737
MED00360,11,seasonal_naive,-0.02594
MED00361,11,seasonal_naive,-0.01979
MED00362,11,seasonal_naive,-0.0261
MED00363,11,seasonal_naive,-0.02637
MED00364,11,seasonal_naive,-0.05234
MED00365,11,seasonal_naive,-0.02629
MED00366,11,seasonal_naive,0.00074
MED00367,11,seasonal_naive,-0.02317
MED00368,11,seasonal_naive,-0.02641
MED00369,11,seasonal_naive,-0.02942
MED00370,11,seasonal_naive,-0.03264
MED00371,11,seasonal_naive,-0.01142
MED00372,11,seasonal_naive,-0.04306
MED00373,11,seasonal_naive,-0.02076
MED00374,11,seasonal_naive,-0.02877
MED00375,11,seasonal_naive,-0.01593
MED00376,11,seasonal_naive,-0.02206
MED00377,11,seasonal_naive,-0.03177
MED00378,11,seasonal_naive,-0.02727
MED00379,11,seasonal_naive,-0.02925
MED00380,11,seasonal_naive,-0.03783
MED00381,11,seasonal_naive,-0.02885
MED00382,11,seasonal_naive,-0.02754
MED00383,11,seasonal_naive,-0.01904
MED00384,11,seasonal_naive,-0.02752
MED00385,11,seasonal_naive,-0.00875
MED00386,11,seasonal_naive,0.00065
MED00387,11,seasonal_naive,0.00606
MED00388,11,seasonal_naive,0.06415
MED00389,11,seasonal_naive,-0.02199
MED00390,11,seasonal_naive,0.03268
MED00391,11,seasonal_naive,-0.00237
MED00392,11,seasonal_naive,-0.00272
MED00393,11,seasonal_naive,-0.01075
MED00394,11,seasonal_naive,-0.01028
MED00395,11,seasonal_naive,-0.01247
MED00396,11,seasonal_naive,0.07719
MED00397,11,seasonal_naive,0.06398
MED00398,11,seasonal_naive,0.06121
MED00399,11,seasonal_naive,0.06319
MED00400,11,seasonal_naive,0.05828
MED00401,11,seasonal_naive,-0.01658
MED00402,11,seasonal_naive,-0.011
MED00403,11,seasonal_naive,-0.00219
MED00404,11,seasonal_naive,-0.01912
MED00405,11,seasonal_naive,-0.01476
MED00406,11,seasonal_naive,0.03381
MED00407,11,seasonal_naive,-0.01033
MED00408,11,seasonal_naive,-0.00836
MED00409,11,seasonal_naive,-0.01721
MED00410,11,seasonal_naive,-0.01456
MED00411,11,seasonal_naive,-0.00305
MED00412,11,seasonal_naive,0.0085
MED00413,11,seasonal_naive,-0.00356
MED00414,11,seasonal_naive,-0.00916
MED00416,11,seasonal_naive,-0.01363
MED00417,11,seasonal_naive,-0.01844
MED00418,11,seasonal_naive,-0.01343
MED00419,11,seasonal_naive,-0.01766
MED00420,11,seasonal_naive,-0.00493
MED00421,11,seasonal_naive,0.03106
MED00422,11,seasonal_naive,-0.00483
MED00423,11,seasonal_naive,-0.00222
MED00424,11,seasonal_naive,0.06372
MED00001,12,seasonal_naive,-0.00043
MED00002,12,seasonal_naive,-0.04255
MED00003,12,seasonal_naive,-0.04931
MED00004,12,seasonal_naive,-0.02619
MED00005,12,seasonal_naive,-0.03049
MED00006,12,seasonal_naive,-0.02792
MED00007,12,seasonal_naive,-0.02837
MED00008,12,seasonal_naive,-0.01641
MED00009,12,seasonal_naive,-0.02591
MED00010,12,seasonal_naive,-0.02251
MED00011,12,seasonal_naive,0.02616
MED00012,12,seasonal_naive,-0.02781
MED00013,12,seasonal_naive,-0.01426
MED00014,12,seasonal_naive,0.02614
MED00015,12,seasonal_naive,-0.00182
MED00016,12,seasonal_naive,-0.02365
MED00017,12,seasonal_naive,-0.02546
MED00018,12,seasonal_naive,0.05886
MED00019,12,seasonal_naive,0.0653
MED00020,12,seasonal_naive,-0.00119
MED00021,12,seasonal_naive,-0.02686
MED00022,12,seasonal_naive,-0.02526
MED00023,12,seasonal_naive,-0.02759
MED00024,12,seasonal_naive,-0.02794
MED00025,12,seasonal_naive,-0.05378
MED00026,12,seasonal_naive,-0.03988
MED00027,12,seasonal_naive,-0.05063
MED00028,12,seasonal_naive,-0.00937
MED00029,12,seasonal_naive,-0.01642
MED00030,12,seasonal_naive,-0.02687
MED00031,12,seasonal_naive,-0.02537
MED00032,12,seasonal_naive,-0.02669
MED00033,12,seasonal_naive,-0.02941
MED00034,12,seasonal_naive,0.02822
MED00035,12,seasonal_naive,-0.02947
MED00036,12,seasonal_naive,-0.02582
MED00037,12,seasonal_naive,-0.02826
MED00038,12,seasonal_naive,-0.01359
MED00039,12,seasonal_naive,-0.02983
MED00040,12,seasonal_naive,-0.02352
MED00041,12,seasonal_naive,-0.03184
MED00042,12,seasonal_naive,-0.02584
MED00043,12,seasonal_naive,-0.00932
MED00044,12,seasonal_naive,-0.02565
MED00045,12,seasonal_naive,-0.02781
MED00046,12,seasonal_naive,-0.02582
MED00047,12,seasonal_naive,-0.01464
MED00048,12,seasonal_naive,-0.00603
MED00049,12,seasonal_naive,-0.05139
MED00050,12,seasonal_naive,-0.02809
MED00051,12,seasonal_naive,-0.053
MED00052,12,seasonal_naive,-0.00603
MED00053,12,seasonal_naive,-0.01469
MED00054,12,seasonal_naive,-0.00956
MED00055,12,seasonal_naive,-0.02542
MED00056,12,seasonal_naive,-0.02123
MED00057,12,seasonal_naive,-0.03351
MED00058,12,seasonal_naive,-0.02649
MED00059,12,seasonal_naive,-0.00077
MED00060,12,seasonal_naive,-0.01719
MED00061,12,seasonal_naive,-0.02181
MED00062,12,seasonal_naive,-0.01006
MED00063,12,seasonal_naive,-0.05479
MED00064,12,seasonal_naive,0.02224
MED00065,12,seasonal_naive,0.06214
MED00066,12,seasonal_naive,-0.00387
MED00067,12,seasonal_naive,-0.0282
MED00068,12,seasonal_naive,-0.02788
MED00069,12,seasonal_naive,-0.02603
MED00070,12,seasonal_naive,-0.00098
MED00071,12,seasonal_naive,-0.02396
MED00072,12,seasonal_naive,-0.02844
MED00073,12,seasonal_naive,-0.0257
MED00074,12,seasonal_naive,-0.02698
MED00075,12,seasonal_naive,-0.02593
MED00076,12,seasonal_naive,-0.04039
MED00077,12,seasonal_naive,-0.03387
MED00078,12,seasonal_naive,-0.02716
MED00079,12,seasonal_naive,-0.00871
MED00080,12,seasonal_naive,-0.02816
MED00081,12,seasonal_naive,-0.04001
MED00082,12,seasonal_naive,-0.02841
MED00083,12,seasonal_naive,-0.02703
MED00084,12,seasonal_naive,0.05849
MED00085,12,seasonal_naive,-0.02296
MED00086,12,seasonal_naive,-0.03637
MED00087,12,seasonal_naive,-0.0228
MED00088,12,seasonal_naive,0.04887
MED00089,12,seasonal_naive,-0.01208
MED00090,12,seasonal_naive,-0.02496
MED00091,12,seasonal_naive,-0.01994
MED00092,12,seasonal_naive,-0.02162
MED00093,12,seasonal_naive,-0.03952
MED00094,12,seasonal_naive,-0.02112
MED00095,12,seasonal_naive,-0.02506
MED00096,12,seasonal_naive,-0.01028
MED00097,12,seasonal_naive,-0.03653
MED00098,12,seasonal_naive,-0.0107
MED00099,12,seasonal_naive,-0.04898
MED00100,12,seasonal_naive,-0.04578
MED00101,12,seasonal_naive,-0.01145
MED00102,12,seasonal_naive,-0.02149
MED00103,12,seasonal_naive,-0.02675
MED00104,12,seasonal_naive,-0.01343
MED00105,12,seasonal_naive,-0.00113
MED00106,12,seasonal_naive,-0.05473
MED00107,12,seasonal_naive,-0.01013
MED00108,12,seasonal_naive,-0.02639
MED00109,12,seasonal_naive,-0.03736
MED00110,12,seasonal_naive,-0.03749
MED00111,12,seasonal_naive,-0.02217
MED00112,12,seasonal_naive,-0.02381
MED00113,12,seasonal_naive,-0.02034
MED00114,12,seasonal_naive,-0.01845
MED00115,12,seasonal_naive,-0.02303
MED00116,12,seasonal_naive,-0.00554
MED00117,12,seasonal_naive,-0.03092
MED00118,12,seasonal_naive,-0.01874
MED00119,12,seasonal_naive,-0.02484
MED00120,12,seasonal_naive,-0.02401
MED00121,12,seasonal_naive,-0.026
MED00122,12,seasonal_naive,-0.02337
MED00123,12,seasonal_naive,-0.03215
MED00124,12,seasonal_naive,-0.01013
MED00125,12,seasonal_naive,-0.03545
MED00126,12,seasonal_naive,-0.03338
MED00127,12,seasonal_naive,-0.0231
MED00128,12,seasonal_naive,-0.02481
MED00129,12,seasonal_naive,-0.02691
MED00130,12,seasonal_naive,-0.05135
MED00131,12,seasonal_naive,-0.02189
MED00132,12,seasonal_naive,-0.03526
MED00133,12,seasonal_naive,-0.01636
MED00134,12,seasonal_naive,-0.0372
MED00135,12,seasonal_naive,-0.01246
MED00136,12,seasonal_naive,-0.02617
MED00137,12,seasonal_naive,-0.02482
MED00138,12,seasonal_naive,-0.02425
MED00139,12,seasonal_naive,-0.02917
MED00140,12,seasonal_naive,-0.02051
MED00141,12,seasonal_naive,-0.02924
MED00142,12,seasonal_naive,-0.03573
MED00143,12,seasonal_naive,-0.02077
MED00144,12,seasonal_naive,-0.03027
MED00145,12,seasonal_naive,-0.01993
MED00146,12,seasonal_naive,-0.02666
MED00147,12,seasonal_naive,-0.02484
MED00148,12,seasonal_naive,-0.02237
MED00149,12,seasonal_naive,-0.02556
MED00150,12,seasonal_naive,-0.02032
MED00151,12,seasonal_naive,-0.02454
MED00152,12,seasonal_naive,-0.02652
MED00153,12,seasonal_naive,-0.02422
MED00154,12,seasonal_naive,-0.01313
MED00155,12,seasonal_naive,-0.02761
MED00156,12,seasonal_naive,-0.02463
MED00157,12,seasonal_naive,-0.01939
MED00158,12,seasonal_naive,-0.04357
MED00159,12,seasonal_naive,-0.00153
MED00160,12,seasonal_naive,-0.02473
MED00161,12,seasonal_naive,-0.01922
MED00162,12,seasonal_naive,-0.02643
MED00163,12,seasonal_naive,-0.04101
MED00164,12,seasonal_naive,-0.02725
MED00165,12,seasonal_naive,-0.01013
MED00166,12,seasonal_naive,-0.02583
MED00167,12,seasonal_naive,-0.02345
MED00168,12,seasonal_naive,-0.02374
MED00169,12,seasonal_naive,-0.02407
MED00170,12,seasonal_naive,-0.01701
MED00171,12,seasonal_naive,-0.02541
MED00172,12,seasonal_naive,-0.02273
MED00173,12,seasonal_naive,-0.0232
MED00174,12,seasonal_naive,-0.02738
MED00175,12,seasonal_naive,-0.0271
MED00176,12,seasonal_naive,-0.00599
MED00177,12,seasonal_naive,-0.04299
MED00178,12,seasonal_naive,-0.0218
MED00179,12,seasonal_naive,-0.01896
MED00180,12,seasonal_naive,-0.02636
MED00181,12,seasonal_naive,-0.023
MED00182,12,seasonal_naive,-0.04946
MED00183,12,seasonal_naive,-0.01444
MED00184,12,seasonal_naive,-0.02311
MED00185,12,seasonal_naive,-0.02719
MED00186,12,seasonal_naive,-0.02271
MED00187,12,seasonal_naive,-0.02029
MED00188,12,seasonal_naive,-0.02396
MED00189,12,seasonal_naive,-0.0521
MED00190,12,seasonal_naive,-0.02308
MED00191,12,seasonal_naive,0.00161
MED00192,12,seasonal_naive,-0.04171
MED00193,12,seasonal_naive,-0.05252
MED00194,12,seasonal_naive,-0.00953
MED00195,12,seasonal_naive,-0.01335
MED00196,12,seasonal_naive,-0.0229
MED00197,12,seasonal_naive,-0.00972
MED00198,12,seasonal_naive,-0.02675
MED00199,12,seasonal_naive,-0.0199
MED00200,12,seasonal_naive,-0.02376
MED00201,12,seasonal_naive,-0.01947
MED00202,12,seasonal_naive,-0.02916
MED00203,12,seasonal_naive,-0.02767
MED00204,12,seasonal_naive,-0.02706
MED00205,12,seasonal_naive,0.00021
MED00206,12,seasonal_naive,-0.02169
MED00207,12,seasonal_naive,-0.02643
MED00208,12,seasonal_naive,0.00149
MED00209,12,seasonal_naive,-0.02832
MED00210,12,seasonal_naive,-0.02907
MED00211,12,seasonal_naive,-0.02609
MED00212,12,seasonal_naive,-0.03041
MED00213,12,seasonal_naive,-0.03209
MED00214,12,seasonal_naive,0.00186
MED00215,12,seasonal_naive,-0.02547
MED00216,12,seasonal_naive,-0.05372
MED00217,12,seasonal_naive,-0.04013
MED00218,12,seasonal_naive,-0.02582
MED00219,12,seasonal_naive,-0.00435
MED00220,12,seasonal_naive,-0.02607
MED00221,12,seasonal_naive,-0.02119
MED00222,12,seasonal_naive,-0.03605
MED00223,12,seasonal_naive,-0.01603
MED00224,12,seasonal_naive,-0.02678
MED00225,12,seasonal_naive,-0.03033
MED00226,12,seasonal_naive,-0.02781
MED00227,12,seasonal_naive,-0.0271
MED00228,12,seasonal_naive,-0.02703
MED00229,12,seasonal_naive,-0.03404
MED00230,12,seasonal_naive,-0.00425
MED00231,12,seasonal_naive,-0.02332
MED00232,12,seasonal_naive,-0.03056
MED00233,12,seasonal_naive,-0.01435
MED00234,12,seasonal_naive,-0.02757
MED00235,12,seasonal_naive,0.06484
MED00236,12,seasonal_naive,-0.02307
MED00237,12,seasonal_naive,-0.03511
MED00238,12,seasonal_naive,-0.01988
MED00239,12,seasonal_naive,-0.02557
MED00240,12,seasonal_naive,-0.02768
MED00241,12,seasonal_naive,-0.02685
MED00242,12,seasonal_naive,-0.01498
MED00243,12,seasonal_naive,-0.04067
MED00244,12,seasonal_naive,-0.0253
MED00245,12,seasonal_naive,0.06168
MED00246,12,seasonal_naive,-0.01552
MED00247,12,seasonal_naive,0.00143
MED00248,12,seasonal_naive,-0.02692
MED00249,12,seasonal_naive,0.04191
MED00250,12,seasonal_naive,-0.01266
MED00251,12,seasonal_naive,-0.02399
MED00252,12,seasonal_naive,-0.02227
MED00253,12,seasonal_naive,-0.02518
MED00254,12,seasonal_naive,-0.02207
MED00255,12,seasonal_naive,-0.02958
MED00256,12,seasonal_naive,-0.02543
MED00257,12,seasonal_naive,-0.01887
MED00258,12,seasonal_naive,-0.02738
MED00259,12,seasonal_naive,-0.02062
MED00260,12,seasonal_naive,-0.01852
MED00261,12,seasonal_naive,-0.0325
MED00262,12,seasonal_naive,-0.02658
MED00263,12,seasonal_naive,-0.02578
MED00264,12,seasonal_naive,-0.03951
MED00265,12,seasonal_naive,-0.00108
MED00266,12,seasonal_naive,-0.01376
MED00267,12,seasonal_naive,-0.02621
MED00268,12,seasonal_naive,-0.02405
MED00269,12,seasonal_naive,-0.02562
MED00270,12,seasonal_naive,-0.02316
MED00271,12,seasonal_naive,-0.02408
MED00272,12,seasonal_naive,-0.02469
MED00273,12,seasonal_naive,-0.02763
MED00274,12,seasonal_naive,-0.03545
MED00275,12,seasonal_naive,0.00659
MED00276,12,seasonal_naive,-0.02647
MED00277,12,seasonal_naive,-0.05209
MED00278,12,seasonal_naive,0.00045
MED00279,12,seasonal_naive,0.03009
MED00280,12,seasonal_naive,-0.04034
MED00281,12,seasonal_naive,-0.00851
MED00282,12,seasonal_naive,-0.02391
MED00283,12,seasonal_naive,-0.02812
MED00284,12,seasonal_naive,-0.02579
MED00285,12,seasonal_naive,-0.01573
MED00286,12,seasonal_naive,-0.01672
MED00287,12,seasonal_naive,-0.02453
MED00288,12,seasonal_naive,0.06543
MED00289,12,seasonal_naive,-0.01796
MED00290,12,seasonal_naive,-0.02126
MED00291,12,seasonal_naive,-0.02328
MED00292,12,seasonal_naive,-0.03047
MED00293,12,seasonal_naive,-0.00996
MED00294,12,seasonal_naive,-0.02861
MED00295,12,seasonal_naive,-0.05191
MED00296,12,seasonal_naive,-0.02768
MED00297,12,seasonal_naive,-0.01527
MED00298,12,seasonal_naive,-0.02548
MED00299,12,seasonal_naive,-0.0373
MED00300,12,seasonal_naive,-0.02852
MED00301,12,seasonal_naive,-0.02867
MED00302,12,seasonal_naive,-0.01759
MED00303,12,seasonal_naive,-0.02543
MED00304,12,seasonal_naive,-0.02918
MED00305,12,seasonal_naive,-0.02785
MED00306,12,seasonal_naive,-0.04321
MED00307,12,seasonal_naive,0.06001
MED00308,12,seasonal_naive,-0.0199
MED00309,12,seasonal_naive,-0.02409
MED00310,12,seasonal_naive,-0.02877
MED00311,12,seasonal_naive,-0.02779
MED00312,12,seasonal_naive,-0.03517
MED00313,12,seasonal_naive,-0.02132
MED00314,12,seasonal_naive,-0.00388
MED00315,12,seasonal_naive,0.00051
MED00316,12,seasonal_naive,-0.02761
MED00317,12,seasonal_naive,-0.02231
MED00318,12,seasonal_naive,-0.02891
MED00319,12,seasonal_naive,0.00213
MED00320,12,seasonal_naive,-0.02667
MED00321,12,seasonal_naive,-0.03335
MED00322,12,seasonal_naive,-0.05139
MED00323,12,seasonal_naive,-0.0261
MED00324,12,seasonal_naive,-0.02437
MED00325,12,seasonal_naive,-0.02735
MED00326,12,seasonal_naive,-0.01018
MED00327,12,seasonal_naive,-0.03072
MED00328,12,seasonal_naive,-0.02943
MED00329,12,seasonal_naive,0.00146
MED00330,12,seasonal_naive,-0.01973
MED00331,12,seasonal_naive,-0.02481
MED00332,12,seasonal_naive,-0.02399
MED00333,12,seasonal_naive,-0.01593
MED00334,12,seasonal_naive,-0.02663
MED00335,12,seasonal_naive,-0.01263
MED00336,12,seasonal_naive,0.00185
MED00337,12,seasonal_naive,0.05758
MED00338,12,seasonal_naive,-0.02327
MED00339,12,seasonal_naive,-0.02685
MED00340,12,seasonal_naive,-0.03088
MED00341,12,seasonal_naive,-0.01045
MED00342,12,seasonal_naive,-0.02443
MED00343,12,seasonal_naive,0.00149
MED00344,12,seasonal_naive,-0.0302
MED00345,12,seasonal_naive,-0.05138
MED00346,12,seasonal_naive,-0.02323
MED00347,12,seasonal_naive,-0.05371
MED00348,12,seasonal_naive,-0.02412
MED00349,12,seasonal_naive,-0.01795
MED00350,12,seasonal_naive,-0.03142
MED00351,12,seasonal_naive,-0.03917
MED00352,12,seasonal_naive,-0.03603
MED00353,12,seasonal_naive,-0.03297
MED00354,12,seasonal_naive,-0.03234
MED00355,12,seasonal_naive,-0.00541
MED00356,12,seasonal_naive,-0.01897
MED00357,12,seasonal_naive,-0.04089
MED00358,12,seasonal_naive,-0.02442
MED00359,12,seasonal_naive,-0.02717
MED00360,12,seasonal_naive,-0.02577
MED00361,12,seasonal_naive,-0.0195
MED00362,12,seasonal_naive,-0.02589
MED00363,12,seasonal_naive,-0.02623
MED00364,12,seasonal_naive,-0.05261
MED00365,12,seasonal_naive,-0.02614
MED00366,12,seasonal_naive,0.00075
MED00367,12,seasonal_naive,-0.02296
MED00368,12,seasonal_naive,-0.02553
MED00369,12,seasonal_naive,-0.03009
MED00370,12,seasonal_naive,-0.03232
MED00371,12,seasonal_naive,-0.00951
MED00372,12,seasonal_naive,-0.04381
MED00373,12,seasonal_naive,-0.0211
MED00374,12,seasonal_naive,-0.02754
MED00375,12,seasonal_naive,-0.01309
MED00376,12,seasonal_naive,-0.02061
MED00377,12,seasonal_naive,-0.03191
MED00378,12,seasonal_naive,-0.02792
MED00379,12,seasonal_naive,-0.03101
MED00380,12,seasonal_naive,-0.03843
MED00381,12,seasonal_naive,-0.03042
MED00382,12,seasonal_naive,-0.02723
MED00383,12,seasonal_naive,-0.01907
MED00384,12,seasonal_naive,-0.02739
MED00385,12,seasonal_naive,-0.00647
MED00386,12,seasonal_naive,0.00132
MED00387,12,seasonal_naive,0.00665
MED00388,12,seasonal_naive,0.05777
MED00389,12,seasonal_naive,-0.02209
MED00390,12,seasonal_naive,0.03108
MED00391,12,seasonal_naive,0.0016
MED00393,12,seasonal_naive,-0.01011
MED00394,12,seasonal_naive,-0.00747
MED00395,12,seasonal_naive,-0.0089
MED00396,12,seasonal_naive,0.07678
MED00397,12,seasonal_naive,0.06186
MED00398,12,seasonal_naive,0.0587
MED00399,12,seasonal_naive,0.06059
MED00400,12,seasonal_naive,0.05623
MED00401,12,seasonal_naive,-0.01012
MED00402,12,seasonal_naive,-0.00702
MED00403,12,seasonal_naive,-0.00209
MED00404,12,seasonal_naive,-0.01969
MED00405,12,seasonal_naive,-0.01468
MED00406,12,seasonal_naive,0.03035
MED00407,12,seasonal_naive,-0.00772
MED00408,12,seasonal_naive,-0.00776
MED00409,12,seasonal_naive,-0.01707
MED00410,12,seasonal_naive,-0.01429
MED00411,12,seasonal_naive,-0.00037
MED00412,12,seasonal_naive,0.00908
MED00413,12,seasonal_naive,-0.00285
MED00414,12,seasonal_naive,-0.00653
MED00415,12,seasonal_naive,0.00052
MED00416,12,seasonal_naive,-0.01099
MED00417,12,seasonal_naive,-0.01809
MED00418,12,seasonal_naive,-0.01373
MED00419,12,seasonal_naive,-0.01739
MED00420,12,seasonal_naive,-0.00467
MED00421,12,seasonal_naive,0.03037
MED00422,12,seasonal_naive,-0.00218
MED00423,12,seasonal_naive,-0.00191
MED00424,12,seasonal_naive,0.06338
MED00001,1,recent_curve_mult,-0.01005
MED00002,1,recent_curve_mult,0.00094
MED00003,1,recent_curve_mult,0.00427
MED00005,1,recent_curve_mult,0.00208
MED00006,1,recent_curve_mult,-0.0059
MED00007,1,recent_curve_mult,-0.0115
MED00008,1,recent_curve_mult,0.00656
MED00009,1,recent_curve_mult,-0.0127
MED00010,1,recent_curve_mult,0.00308
MED00011,1,recent_curve_mult,0.00741
MED00012,1,recent_curve_mult,-0.00797
MED00013,1,recent_curve_mult,-0.00573
MED00014,1,recent_curve_mult,-0.01765
MED00015,1,recent_curve_mult,-0.00331
MED00016,1,recent_curve_mult,-0.00929
MED00017,1,recent_curve_mult,-0.00543
MED00018,1,recent_curve_mult,0.00996
MED00019,1,recent_curve_mult,0.006
MED00020,1,recent_curve_mult,-0.01067
MED00021,1,recent_curve_mult,-0.015
MED00022,1,recent_curve_mult,-0.01481
MED00023,1,recent_curve_mult,-0.00956
MED00024,1,recent_curve_mult,-0.01425
MED00025,1,recent_curve_mult,0.00386
MED00026,1,recent_curve_mult,0.00752
MED00027,1,recent_curve_mult,0.00476
MED00028,1,recent_curve_mult,-0.00307
MED00029,1,recent_curve_mult,-0.01726
MED00030,1,recent_curve_mult,-0.02439
MED00031,1,recent_curve_mult,-0.01792
MED00032,1,recent_curve_mult,-0.00904
MED00034,1,recent_curve_mult,0.01312
MED00035,1,recent_curve_mult,0.00974
MED00036,1,recent_curve_mult,-0.01253
MED00037,1,recent_curve_mult,0.00399
MED00038,1,recent_curve_mult,-0.01226
MED00039,1,recent_curve_mult,0.00115
MED00040,1,recent_curve_mult,0.00265
MED00041,1,recent_curve_mult,-0.00564
MED00042,1,recent_curve_mult,0.01174
MED00043,1,recent_curve_mult,0.00604
MED00044,1,recent_curve_mult,-0.01321
MED00045,1,recent_curve_mult,0.00334
MED00046,1,recent_curve_mult,-0.01815
MED00047,1,recent_curve_mult,-0.0121
MED00048,1,recent_curve_mult,-0.00881
MED00049,1,recent_curve_mult,0.00324
MED00050,1,recent_curve_mult,0.00406
MED00051,1,recent_curve_mult,0.00215
MED00052,1,recent_curve_mult,0.00406
MED00053,1,recent_curve_mult,-0.0132
MED00054,1,recent_curve_mult,-0.01129
MED00055,1,recent_curve_mult,0.00929
MED00056,1,recent_curve_mult,-0.00129
MED00057,1,recent_curve_mult,-0.00201
MED00058,1,recent_curve_mult,-0.00709
MED00059,1,recent_curve_mult,-0.01554
MED00060,1,recent_curve_mult,-0.01204
MED00061,1,recent_curve_mult,-0.00481
MED00062,1,recent_curve_mult,-0.00891
MED00063,1,recent_curve_mult,0.00233
MED00064,1,recent_curve_mult,-0.01479
MED00065,1,recent_curve_mult,-0.00635
MED00066,1,recent_curve_mult,-0.00596
MED00067,1,recent_curve_mult,-0.00867
MED00068,1,recent_curve_mult,-0.01621
MED00069,1,recent_curve_mult,-0.01393
MED00070,1,recent_curve_mult,-0.00895
MED00071,1,recent_curve_mult,-0.01259
MED00072,1,recent_curve_mult,-0.01201
MED00073,1,recent_curve_mult,-0.01715
MED00074,1,recent_curve_mult,-0.01344
MED00075,1,recent_curve_mult,-0.01175
MED00076,1,recent_curve_mult,0.00245
MED00077,1,recent_curve_mult,-0.0182
MED00078,1,recent_curve_mult,-0.01918
MED00079,1,recent_curve_mult,0.00964
MED00080,1,recent_curve_mult,-0.01825
MED00081,1,recent_curve_mult,0.00423
MED00082,1,recent_curve_mult,-0.01633
MED00083,1,recent_curve_mult,-0.01917
MED00084,1,recent_curve_mult,0.00283
MED00085,1,recent_curve_mult,-0.0058
MED00086,1,recent_curve_mult,0.00284
MED00087,1,recent_curve_mult,-0.00862
MED00088,1,recent_curve_mult,0.00602
MED00089,1,recent_curve_mult,0.01451
MED00090,1,recent_curve_mult,-0.00784
MED00091,1,recent_curve_mult,-0.01349
MED00092,1,recent_curve_mult,-0.00566
MED00093,1,recent_curve_mult,0.00497
MED00094,1,recent_curve_mult,0.00875
MED00095,1,recent_curve_mult,-0.00724
MED00096,1,recent_curve_mult,-0.01182
MED00097,1,recent_curve_mult,0.00659
MED00098,1,recent_curve_mult,-0.00767
MED00099,1,recent_curve_mult,0.0096
MED00100,1,recent_curve_mult,0.00256
MED00101,1,recent_curve_mult,-0.01295
MED00102,1,recent_curve_mult,0.00704
MED00103,1,recent_curve_mult,-0.01362
MED00104,1,recent_curve_mult,-0.01512
MED00105,1,recent_curve_mult,0.01025
MED00106,1,recent_curve_mult,0.0026
MED00107,1,recent_curve_mult,-0.01255
MED00108,1,recent_curve_mult,-0.00578
MED00109,1,recent_curve_mult,-0.00084
MED00110,1,recent_curve_mult,-0.003
MED00111,1,recent_curve_mult,-0.00454
MED00112,1,recent_curve_mult,-0.00907
MED00113,1,recent_curve_mult,-0.00664
MED00114,1,recent_curve_mult,-0.01612
MED00115,1,recent_curve_mult,-0.00815
MED00116,1,recent_curve_mult,-0.01687
MED00117,1,recent_curve_mult,-0.00918
MED00118,1,recent_curve_mult,-0.00522
MED00119,1,recent_curve_mult,-0.0072
MED00120,1,recent_curve_mult,0.01404
MED00121,1,recent_curve_mult,0.00703
MED00122,1,recent_curve_mult,-0.00781
MED00123,1,recent_curve_mult,-0.00405
MED00124,1,recent_curve_mult,-0.01464
MED00125,1,recent_curve_mult,0.00467
MED00126,1,recent_curve_mult,-0.00192
MED00127,1,recent_curve_mult,-0.01085
MED00128,1,recent_curve_mult,-0.01042
MED00129,1,recent_curve_mult,0.00301
MED00130,1,recent_curve_mult,0.00223
MED00131,1,recent_curve_mult,-0.01246
MED00132,1,recent_curve_mult,-0.00519
MED00133,1,recent_curve_mult,-0.00815
MED00134,1,recent_curve_mult,0.00148
MED00135,1,recent_curve_mult,0.0134
MED00136,1,recent_curve_mult,-0.00881
MED00137,1,recent_curve_mult,0.00631
MED00138,1,recent_curve_mult,0.00483
MED00139,1,recent_curve_mult,0.00688
MED00140,1,recent_curve_mult,-0.005
MED00141,1,recent_curve_mult,-0.01705
MED00142,1,recent_curve_mult,0.00505
MED00143,1,recent_curve_mult,-0.00665
MED00144,1,recent_curve_mult,0.01194
MED00145,1,recent_curve_mult,0.00199
MED00146,1,recent_curve_mult,-0.00862
MED00147,1,recent_curve_mult,-0.00836
MED00148,1,recent_curve_mult,-0.01337
MED00149,1,recent_curve_mult,-0.01042
MED00150,1,recent_curve_mult,-0.0106
MED00151,1,recent_curve_mult,-0.00777
MED00152,1,recent_curve_mult,-0.01023
MED00153,1,recent_curve_mult,-0.00905
MED00154,1,recent_curve_mult,-0.01519
MED00155,1,recent_curve_mult,-0.00624
MED00156,1,recent_curve_mult,-0.00901
MED00157,1,recent_curve_mult,-0.01513
MED00158,1,recent_curve_mult,0.00557
MED00159,1,recent_curve_mult,0.01125
MED00160,1,recent_curve_mult,-0.00741
MED00161,1,recent_curve_mult,-0.01276
MED00162,1,recent_curve_mult,-0.01084
MED00163,1,recent_curve_mult,-0.00376
MED00164,1,recent_curve_mult,-0.01283
MED00165,1,recent_curve_mult,-0.01043
MED00166,1,recent_curve_mult,-0.01038
MED00167,1,recent_curve_mult,-0.00711
MED00168,1,recent_curve_mult,0.00607
MED00169,1,recent_curve_mult,-0.00759
MED00170,1,recent_curve_mult,-0.0068
MED00171,1,recent_curve_mult,-0.00938
MED00172,1,recent_curve_mult,-0.00816
MED00173,1,recent_curve_mult,-0.01083
MED00174,1,recent_curve_mult,-0.0189
MED00175,1,recent_curve_mult,0.00967
MED00176,1,recent_curve_mult,-0.01115
MED00177,1,recent_curve_mult,0.00455
MED00178,1,recent_curve_mult,-0.00665
MED00179,1,recent_curve_mult,0.00165
MED00180,1,recent_curve_mult,-0.00845
MED00181,1,recent_curve_mult,-0.01093
MED00182,1,recent_curve_mult,0.00708
MED00183,1,recent_curve_mult,0.01328
MED00184,1,recent_curve_mult,-0.00686
MED00185,1,recent_curve_mult,-0.00789
MED00186,1,recent_curve_mult,-0.00875
MED00187,1,recent_curve_mult,-0.01846
MED00188,1,recent_curve_mult,-0.01208
MED00189,1,recent_curve_mult,0.00276
MED00190,1,recent_curve_mult,-0.01048
MED00191,1,recent_curve_mult,-0.01041
MED00192,1,recent_curve_mult,-0.00353
MED00193,1,recent_curve_mult,0.00208
MED00194,1,recent_curve_mult,-0.01119
MED00195,1,recent_curve_mult,-0.00929
MED00196,1,recent_curve_mult,-0.01358
MED00197,1,recent_curve_mult,-0.0106
MED00198,1,recent_curve_mult,-0.00703
MED00199,1,recent_curve_mult,-0.00864
MED00200,1,recent_curve_mult,0.00253
MED00201,1,recent_curve_mult,-0.01484
MED00202,1,recent_curve_mult,-0.01146
MED00203,1,recent_curve_mult,-0.01251
MED00204,1,recent_curve_mult,0.00418
MED00205,1,recent_curve_mult,0.00762
MED00206,1,recent_curve_mult,-0.00705
MED00207,1,recent_curve_mult,-0.01141
MED00208,1,recent_curve_mult,0.01017
MED00209,1,recent_curve_mult,-0.01306
MED00210,1,recent_curve_mult,0.00447
MED00211,1,recent_curve_mult,-0.00611
MED00212,1,recent_curve_mult,-0.01568
MED00213,1,recent_curve_mult,-0.00364
MED00214,1,recent_curve_mult,-0.00762
MED00215,1,recent_curve_mult,-0.00602
MED00216,1,recent_curve_mult,0.00304
MED00217,1,recent_curve_mult,0.00305
MED00218,1,recent_curve_mult,-0.00985
MED00219,1,recent_curve_mult,0.01167
MED00220,1,recent_curve_mult,-0.01044
MED00221,1,recent_curve_mult,-0.01698
MED00222,1,recent_curve_mult,0.00496
MED00223,1,recent_curve_mult,-0.01286
MED00224,1,recent_curve_mult,-0.00592
MED00225,1,recent_curve_mult,-0.01237
MED00226,1,recent_curve_mult,-0.01833
MED00227,1,recent_curve_mult,-0.01411
MED00228,1,recent_curve_mult,-0.00541
MED00229,1,recent_curve_mult,-0.00478
MED00230,1,recent_curve_mult,-0.0174
MED00231,1,recent_curve_mult,-0.00289
MED00232,1,recent_curve_mult,0.00806
MED00233,1,recent_curve_mult,-0.00422
MED00234,1,recent_curve_mult,-0.00727
MED00235,1,recent_curve_mult,0.00744
MED00236,1,recent_curve_mult,-0.00822
MED00237,1,recent_curve_mult,-0.02032
MED00238,1,recent_curve_mult,-0.00945
MED00239,1,recent_curve_mult,-0.00617
MED00240,1,recent_curve_mult,-0.01629
MED00241,1,recent_curve_mult,-0.00983
MED00242,1,recent_curve_mult,-0.00986
MED00243,1,recent_curve_mult,0.00022
MED00244,1,recent_curve_mult,-0.00884
MED00245,1,recent_curve_mult,-0.0089
MED00246,1,recent_curve_mult,-0.00872
MED00247,1,recent_curve_mult,-0.00769
MED00248,1,recent_curve_mult,-0.00767
MED00249,1,recent_curve_mult,0.00286
MED00250,1,recent_curve_mult,-0.01409
MED00251,1,recent_curve_mult,-0.00927
MED00252,1,recent_curve_mult,0.00219
MED00253,1,recent_curve_mult,-0.00924
MED00254,1,recent_curve_mult,0.00044
MED00255,1,recent_curve_mult,-0.01284
MED00256,1,recent_curve_mult,-0.00908
MED00257,1,recent_curve_mult,-0.014
MED00258,1,recent_curve_mult,-0.00829
MED00259,1,recent_curve_mult,-0.00688
MED00260,1,recent_curve_mult,-0.00288
MED00261,1,recent_curve_mult,-0.00637
MED00262,1,recent_curve_mult,-0.01346
MED00263,1,recent_curve_mult,-0.00868
MED00264,1,recent_curve_mult,-0.0013
MED00265,1,recent_curve_mult,-0.01229
MED00266,1,recent_curve_mult,0.01745
MED00267,1,recent_curve_mult,0.0059
MED00268,1,recent_curve_mult,-0.00831
MED00269,1,recent_curve_mult,-0.00766
MED00270,1,recent_curve_mult,-0.01011
MED00271,1,recent_curve_mult,-0.01064
MED00272,1,recent_curve_mult,-0.00935
MED00273,1,recent_curve_mult,-0.01971
MED00274,1,recent_curve_mult,-0.00464
MED00275,1,recent_curve_mult,-0.00634
MED00276,1,recent_curve_mult,-0.00733
MED00277,1,recent_curve_mult,0.00275
MED00278,1,recent_curve_mult,-0.01066
MED00279,1,recent_curve_mult,-0.00358
MED00280,1,recent_curve_mult,0.00146
MED00281,1,recent_curve_mult,-0.00857
MED00282,1,recent_curve_mult,-0.01201
MED00283,1,recent_curve_mult,-0.0113
MED00284,1,recent_curve_mult,-0.00914
MED00285,1,recent_curve_mult,-0.01286
MED00286,1,recent_curve_mult,-0.01831
MED00287,1,recent_curve_mult,-0.00734
MED00288,1,recent_curve_mult,-0.01119
MED00289,1,recent_curve_mult,-0.01549
MED00290,1,recent_curve_mult,-0.00569
MED00291,1,recent_curve_mult,-0.01949
MED00292,1,recent_curve_mult,-0.01014
MED00293,1,recent_curve_mult,-0.01675
MED00294,1,recent_curve_mult,-0.01129
MED00295,1,recent_curve_mult,0.00608
MED00296,1,recent_curve_mult,-0.01128
MED00297,1,recent_curve_mult,-0.01357
MED00298,1,recent_curve_mult,-0.00773
MED00299,1,recent_curve_mult,-0.00327
MED00300,1,recent_curve_mult,-0.01057
MED00301,1,recent_curve_mult,-0.01267
MED00302,1,recent_curve_mult,0.00621
MED00303,1,recent_curve_mult,-0.02106
MED00304,1,recent_curve_mult,-0.01652
MED00305,1,recent_curve_mult,-0.01139
MED00306,1,recent_curve_mult,0.01372
MED00307,1,recent_curve_mult,-0.00714
MED00308,1,recent_curve_mult,-0.00341
MED00309,1,recent_curve_mult,-0.01729
MED00310,1,recent_curve_mult,-0.00941
MED00311,1,recent_curve_mult,-0.02263
MED00312,1,recent_curve_mult,-0.00676
MED00313,1,recent_curve_mult,0.00022
MED00314,1,recent_curve_mult,0.01138
MED00315,1,recent_curve_mult,-0.00853
MED00316,1,recent_curve_mult,-0.00568
MED00317,1,recent_curve_mult,-0.0078
MED00318,1,recent_curve_mult,-0.01444
MED00319,1,recent_curve_mult,-0.01072
MED00320,1,recent_curve_mult,-0.01852
MED00321,1,recent_curve_mult,0.00336
MED00322,1,recent_curve_mult,0.00327
MED00323,1,recent_curve_mult,-0.00471
MED00324,1,recent_curve_mult,-0.0042
MED00325,1,recent_curve_mult,-0.01154
MED00326,1,recent_curve_mult,-0.01223
MED00327,1,recent_curve_mult,0.00641
MED00328,1,recent_curve_mult,-0.00953
MED00329,1,recent_curve_mult,-0.01245
MED00330,1,recent_curve_mult,-0.01464
MED00331,1,recent_curve_mult,-0.008
MED00332,1,recent_curve_mult,-0.00895
MED00333,1,recent_curve_mult,-0.01222
MED00334,1,recent_curve_mult,-0.02016
MED00335,1,recent_curve_mult,0.00988
MED00336,1,recent_curve_mult,-0.01379
MED00337,1,recent_curve_mult,-0.00269
MED00338,1,recent_curve_mult,0.01318
MED00339,1,recent_curve_mult,-0.00671
MED00340,1,recent_curve_mult,0.02128
MED00341,1,recent_curve_mult,0.01157
MED00342,1,recent_curve_mult,-0.00851
MED00343,1,recent_curve_mult,-0.00895
MED00344,1,recent_curve_mult,0.00921
MED00345,1,recent_curve_mult,0.00452
MED00346,1,recent_curve_mult,-0.00516
MED00347,1,recent_curve_mult,0.00247
MED00348,1,recent_curve_mult,-0.00754
MED00349,1,recent_curve_mult,-0.00633
MED00350,1,recent_curve_mult,0.00279
MED00351,1,recent_curve_mult,0.00255
MED00353,1,recent_curve_mult,0.00028
MED00354,1,recent_curve_mult,-0.00105
MED00355,1,recent_curve_mult,-0.01247
MED00356,1,recent_curve_mult,-0.00745
MED00357,1,recent_curve_mult,0.00094
MED00358,1,recent_curve_mult,-0.00678
MED00359,1,recent_curve_mult,-0.00984
MED00360,1,recent_curve_mult,-0.01178
MED00361,1,recent_curve_mult,-0.00953
MED00362,1,recent_curve_mult,-0.00762
MED00363,1,recent_curve_mult,-0.00887
MED00364,1,recent_curve_mult,0.00168
MED00365,1,recent_curve_mult,-0.00785
MED00366,1,recent_curve_mult,-0.00568
MED00367,1,recent_curve_mult,0.00725
MED00368,1,recent_curve_mult,-0.00811
MED00369,1,recent_curve_mult,-0.01288
MED00370,1,recent_curve_mult,-0.00136
MED00371,1,recent_curve_mult,0.01452
MED00372,1,recent_curve_mult,0.00367
MED00373,1,recent_curve_mult,0.00517
MED00374,1,recent_curve_mult,-0.0069
MED00375,1,recent_curve_mult,0.01184
MED00376,1,recent_curve_mult,-0.00904
MED00377,1,recent_curve_mult,-0.00411
MED00378,1,recent_curve_mult,-0.01363
MED00379,1,recent_curve_mult,0.00281
MED00380,1,recent_curve_mult,-0.00311
MED00381,1,recent_curve_mult,0.00296
MED00382,1,recent_curve_mult,-0.01177
MED00383,1,recent_curve_mult,0.01249
MED00384,1,recent_curve_mult,-0.00957
MED00385,1,recent_curve_mult,-0.00977
MED00386,1,recent_curve_mult,0.0076
MED00387,1,recent_curve_mult,-0.00935
MED00388,1,recent_curve_mult,0.00839
MED00389,1,recent_curve_mult,-0.01387
MED00390,1,recent_curve_mult,-0.01191
MED00391,1,recent_curve_mult,-0.0112
MED00392,1,recent_curve_mult,-0.01009
MED00393,1,recent_curve_mult,-0.01379
MED00394,1,recent_curve_mult,-0.01199
MED00395,1,recent_curve_mult,-0.00917
MED00396,1,recent_curve_mult,-0.01008
MED00397,1,recent_curve_mult,-0.00934
MED00398,1,recent_curve_mult,-0.00589
MED00399,1,recent_curve_mult,-0.0042
MED00400,1,recent_curve_mult,0.01224
MED00401,1,recent_curve_mult,-0.01258
MED00402,1,recent_curve_mult,-0.0114
MED00403,1,recent_curve_mult,0.01092
MED00404,1,recent_curve_mult,-0.00767
MED00405,1,recent_curve_mult,-0.01186
MED00406,1,recent_curve_mult,-0.00888
MED00407,1,recent_curve_mult,-0.01281
MED00408,1,recent_curve_mult,-0.01279
MED00409,1,recent_curve_mult,-0.01075
MED00410,1,recent_curve_mult,-0.00831
MED00411,1,recent_curve_mult,-0.00922
MED00412,1,recent_curve_mult,-0.00921
MED00413,1,recent_curve_mult,-0.01521
MED00414,1,recent_curve_mult,-0.00748
MED00415,1,recent_curve_mult,-0.00845
MED00416,1,recent_curve_mult,-0.01093
MED00417,1,recent_curve_mult,-0.01328
MED00418,1,recent_curve_mult,-0.01128
MED00419,1,recent_curve_mult,-0.01338
MED00420,1,recent_curve_mult,-0.00925
MED00421,1,recent_curve_mult,-0.01063
MED00422,1,recent_curve_mult,-0.01148
MED00423,1,recent_curve_mult,-0.0153
MED00424,1,recent_curve_mult,-0.00472
MED00001,2,recent_curve_mult,0.01375
MED00002,2,recent_curve_mult,0.00049
MED00003,2,recent_curve_mult,0.00366
MED00004,2,recent_curve_mult,-0.00139
MED00005,2,recent_curve_mult,-0.00062
MED00007,2,recent_curve_mult,-0.00556
MED00008,2,recent_curve_mult,0.00602
MED00009,2,recent_curve_mult,0.01065
MED00010,2,recent_curve_mult,0.00165
MED00011,2,recent_curve_mult,0.0081
MED00012,2,recent_curve_mult,-0.00095
MED00013,2,recent_curve_mult,0.00053
MED00014,2,recent_curve_mult,-0.01
MED00015,2,recent_curve_mult,0.003
MED00016,2,recent_curve_mult,-0.00367
MED00017,2,recent_curve_mult,0.0018
MED00018,2,recent_curve_mult,0.00896
MED00019,2,recent_curve_mult,0.00814
MED00020,2,recent_curve_mult,0.01844
MED00021,2,recent_curve_mult,0.00134
MED00022,2,recent_curve_mult,-0.00116
MED00023,2,recent_curve_mult,0.0076
MED00024,2,recent_curve_mult,0.00163
MED00025,2,recent_curve_mult,0.00215
MED00026,2,recent_curve_mult,0.00576
MED00027,2,recent_curve_mult,0.00301
MED00028,2,recent_curve_mult,0.00577
MED00029,2,recent_curve_mult,0.0003
MED00030,2,recent_curve_mult,-0.00717
MED00031,2,recent_curve_mult,0.00248
MED00032,2,recent_curve_mult,-0.00021
MED00033,2,recent_curve_mult,-0.00067
MED00034,2,recent_curve_mult,0.00939
MED00035,2,recent_curve_mult,0.0124
MED00036,2,recent_curve_mult,0.00965
MED00037,2,recent_curve_mult,0.0013
MED00038,2,recent_curve_mult,0.00342
MED00039,2,recent_curve_mult,-0.00226
MED00040,2,recent_curve_mult,0.00563
MED00041,2,recent_curve_mult,0.00879
MED00042,2,recent_curve_mult,0.00918
MED00043,2,recent_curve_mult,0.00492
MED00044,2,recent_curve_mult,0.0021
MED00045,2,recent_curve_mult,0.00273
MED00046,2,recent_curve_mult,-0.00295
MED00047,2,recent_curve_mult,-0.00512
MED00048,2,recent_curve_mult,-0.00135
MED00049,2,recent_curve_mult,0.00223
MED00050,2,recent_curve_mult,0.00282
MED00051,2,recent_curve_mult,0.00161
MED00052,2,recent_curve_mult,0.00452
MED00053,2,recent_curve_mult,0.00828
MED00054,2,recent_curve_mult,0.01096
MED00055,2,recent_curve_mult,0.01024
MED00056,2,recent_curve_mult,0.00575
MED00057,2,recent_curve_mult,0.01372
MED00058,2,recent_curve_mult,-0.00055
MED00059,2,recent_curve_mult,-0.00321
MED00060,2,recent_curve_mult,-0.00137
MED00061,2,recent_curve_mult,0.00231
MED00062,2,recent_curve_mult,0.00232
MED00063,2,recent_curve_mult,0.00179
MED00064,2,recent_curve_mult,-0.00651
MED00065,2,recent_curve_mult,0.0006
MED00066,2,recent_curve_mult,0.0016
MED00067,2,recent_curve_mult,-0.00277
MED00068,2,recent_curve_mult,-0.00067
MED00069,2,recent_curve_mult,0.00109
MED00070,2,recent_curve_mult,0.0068
MED00071,2,recent_curve_mult,0.0024
MED00072,2,recent_curve_mult,0.00313
MED00073,2,recent_curve_mult,-0.00139
MED00074,2,recent_curve_mult,0.00211
MED00075,2,recent_curve_mult,0.00315
MED00076,2,recent_curve_mult,0.00252
MED00077,2,recent_curve_mult,-0.00505
MED00078,2,recent_curve_mult,0.00076
MED00079,2,recent_curve_mult,0.00928
MED00080,2,recent_curve_mult,-0.0026
MED00081,2,recent_curve_mult,0.00379
MED00082,2,recent_curve_mult,-0.00043
MED00083,2,recent_curve_mult,-0.00371
MED00084,2,recent_curve_mult,0.00016
MED00085,2,recent_curve_mult,0.00017
MED00086,2,recent_curve_mult,0.00354
MED00087,2,recent_curve_mult,-0.00169
MED00088,2,recent_curve_mult,0.00754
MED00089,2,recent_curve_mult,0.01078
MED00090,2,recent_curve_mult,0.0103
MED00091,2,recent_curve_mult,0.00157
MED00093,2,recent_curve_mult,0.00353
MED00094,2,recent_curve_mult,0.00707
MED00096,2,recent_curve_mult,-0.00438
MED00097,2,recent_curve_mult,0.00724
MED00098,2,recent_curve_mult,-0.00027
MED00099,2,recent_curve_mult,0.00786
MED00100,2,recent_curve_mult,0.00235
MED00101,2,recent_curve_mult,-0.00628
MED00102,2,recent_curve_mult,0.00924
MED00103,2,recent_curve_mult,-0.00591
MED00104,2,recent_curve_mult,-0.00796
MED00105,2,recent_curve_mult,0.00887
MED00106,2,recent_curve_mult,0.0022
MED00107,2,recent_curve_mult,-0.00591
MED00108,2,recent_curve_mult,0.00139
MED00109,2,recent_curve_mult,-0.00243
MED00110,2,recent_curve_mult,-0.00464
MED00111,2,recent_curve_mult,0.00278
MED00112,2,recent_curve_mult,-0.00174
MED00113,2,recent_curve_mult,-0.00065
MED00114,2,recent_curve_mult,0.01882
MED00115,2,recent_curve_mult,-0.00117
MED00116,2,recent_curve_mult,-0.00942
MED00117,2,recent_curve_mult,0.0095
MED00118,2,recent_curve_mult,0.00036
MED00119,2,recent_curve_mult,-0.00017
MED00120,2,recent_curve_mult,0.00948
MED00121,2,recent_curve_mult,0.00552
MED00122,2,recent_curve_mult,-0.00138
MED00123,2,recent_curve_mult,0.01063
MED00124,2,recent_curve_mult,-0.00756
MED00125,2,recent_curve_mult,0.00352
MED00126,2,recent_curve_mult,-0.0035
MED00127,2,recent_curve_mult,0.00395
MED00128,2,recent_curve_mult,-0.00348
MED00129,2,recent_curve_mult,0.0034
MED00130,2,recent_curve_mult,0.00239
MED00131,2,recent_curve_mult,0.00252
MED00132,2,recent_curve_mult,0.00969
MED00133,2,recent_curve_mult,0.00634
MED00135,2,recent_curve_mult,0.00926
MED00136,2,recent_curve_mult,0.01382
MED00137,2,recent_curve_mult,0.00498
MED00138,2,recent_curve_mult,0.00457
MED00139,2,recent_curve_mult,0.00533
MED00140,2,recent_curve_mult,0.00145
MED00141,2,recent_curve_mult,-0.00066
MED00142,2,recent_curve_mult,0.00586
MED00143,2,recent_curve_mult,-0.00013
MED00144,2,recent_curve_mult,0.01082
MED00145,2,recent_curve_mult,0.00182
MED00146,2,recent_curve_mult,-0.00236
MED00147,2,recent_curve_mult,0.00163
MED00148,2,recent_curve_mult,-0.00336
MED00149,2,recent_curve_mult,-0.00206
MED00150,2,recent_curve_mult,0.00712
MED00151,2,recent_curve_mult,-0.00098
MED00152,2,recent_curve_mult,-0.0034
MED00153,2,recent_curve_mult,-0.00211
MED00154,2,recent_curve_mult,-0.00915
MED00155,2,recent_curve_mult,0.0005
MED00156,2,recent_curve_mult,-0.00028
MED00157,2,recent_curve_mult,-0.0087
MED00158,2,recent_curve_mult,0.00381
MED00159,2,recent_curve_mult,0.01097
MED00161,2,recent_curve_mult,-0.00554
MED00162,2,recent_curve_mult,-0.00387
MED00163,2,recent_curve_mult,0.00388
MED00164,2,recent_curve_mult,0.00196
MED00165,2,recent_curve_mult,0.02251
MED00166,2,recent_curve_mult,-0.00344
MED00167,2,recent_curve_mult,-0.00145
MED00168,2,recent_curve_mult,0.00525
MED00169,2,recent_curve_mult,-0.00023
MED00170,2,recent_curve_mult,-0.00087
MED00171,2,recent_curve_mult,-0.00253
MED00172,2,recent_curve_mult,0.0087
MED00173,2,recent_curve_mult,-0.00393
MED00174,2,recent_curve_mult,-0.01154
MED00175,2,recent_curve_mult,0.01188
MED00176,2,recent_curve_mult,0.03211
MED00177,2,recent_curve_mult,0.0028
MED00178,2,recent_curve_mult,0.00841
MED00179,2,recent_curve_mult,0.00141
MED00180,2,recent_curve_mult,-0.00144
MED00181,2,recent_curve_mult,-0.00367
MED00182,2,recent_curve_mult,0.00533
MED00183,2,recent_curve_mult,0.00902
MED00184,2,recent_curve_mult,0.02792
MED00185,2,recent_curve_mult,0.00889
MED00186,2,recent_curve_mult,-0.00177
MED00187,2,recent_curve_mult,0.00086
MED00188,2,recent_curve_mult,-0.0057
MED00189,2,recent_curve_mult,0.00229
MED00190,2,recent_curve_mult,-0.00281
MED00191,2,recent_curve_mult,0.00603
MED00192,2,recent_curve_mult,0.00311
MED00193,2,recent_curve_mult,0.00153
MED00194,2,recent_curve_mult,0.02271
MED00195,2,recent_curve_mult,0.02864
MED00196,2,recent_curve_mult,0.01924
MED00197,2,recent_curve_mult,0.01619
MED00198,2,recent_curve_mult,-0.0005
MED00199,2,recent_curve_mult,0.01485
MED00200,2,recent_curve_mult,0.00202
MED00201,2,recent_curve_mult,-0.00442
MED00202,2,recent_curve_mult,-0.00445
MED00203,2,recent_curve_mult,0.00148
MED00204,2,recent_curve_mult,0.00392
MED00205,2,recent_curve_mult,0.00629
MED00206,2,recent_curve_mult,0.00125
MED00207,2,recent_curve_mult,-0.00447
MED00208,2,recent_curve_mult,0.00867
MED00209,2,recent_curve_mult,-0.00156
MED00210,2,recent_curve_mult,0.00526
MED00211,2,recent_curve_mult,-0.00019
MED00212,2,recent_curve_mult,0.0098
MED00213,2,recent_curve_mult,-0.00551
MED00214,2,recent_curve_mult,0.00054
MED00215,2,recent_curve_mult,0.00087
MED00216,2,recent_curve_mult,0.00157
MED00217,2,recent_curve_mult,0.00287
MED00218,2,recent_curve_mult,-0.00269
MED00219,2,recent_curve_mult,0.01356
MED00220,2,recent_curve_mult,-0.00347
MED00221,2,recent_curve_mult,-0.0003
MED00222,2,recent_curve_mult,0.00577
MED00223,2,recent_curve_mult,0.02106
MED00224,2,recent_curve_mult,0.00068
MED00225,2,recent_curve_mult,-0.00524
MED00226,2,recent_curve_mult,-0.003
MED00227,2,recent_curve_mult,-0.00897
MED00228,2,recent_curve_mult,0.01916
MED00229,2,recent_curve_mult,-0.00633
MED00230,2,recent_curve_mult,-0.00966
MED00231,2,recent_curve_mult,0.00392
MED00232,2,recent_curve_mult,0.00652
MED00233,2,recent_curve_mult,0.01029
MED00234,2,recent_curve_mult,-0.00075
MED00235,2,recent_curve_mult,0.00602
MED00236,2,recent_curve_mult,0.00273
MED00237,2,recent_curve_mult,-0.00324
MED00238,2,recent_curve_mult,-0.00121
MED00239,2,recent_curve_mult,0.00108
MED00240,2,recent_curve_mult,-0.00093
MED00241,2,recent_curve_mult,-0.00252
MED00242,2,recent_curve_mult,0.02431
MED00243,2,recent_curve_mult,-0.00028
MED00244,2,recent_curve_mult,-0.00194
MED00245,2,recent_curve_mult,0.0184
MED00246,2,recent_curve_mult,-0.0013
MED00247,2,recent_curve_mult,-0.00038
MED00248,2,recent_curve_mult,0.00497
MED00249,2,recent_curve_mult,0.00227
MED00250,2,recent_curve_mult,0.00168
MED00251,2,recent_curve_mult,-0.00234
MED00252,2,recent_curve_mult,0.00363
MED00253,2,recent_curve_mult,-0.00202
MED00254,2,recent_curve_mult,0.00188
MED00255,2,recent_curve_mult,0.00793
MED00256,2,recent_curve_mult,-0.00382
MED00257,2,recent_curve_mult,0.00134
MED00258,2,recent_curve_mult,-0.00121
MED00260,2,recent_curve_mult,0.01377
MED00261,2,recent_curve_mult,0.01226
MED00262,2,recent_curve_mult,0.00209
MED00263,2,recent_curve_mult,-0.00231
MED00264,2,recent_curve_mult,-0.00274
MED00265,2,recent_curve_mult,-0.00603
MED00266,2,recent_curve_mult,0.01331
MED00267,2,recent_curve_mult,0.00436
MED00268,2,recent_curve_mult,-0.00144
MED00269,2,recent_curve_mult,-0.00133
MED00270,2,recent_curve_mult,-0.0045
MED00271,2,recent_curve_mult,-0.00189
MED00272,2,recent_curve_mult,0.01383
MED00273,2,recent_curve_mult,0.00361
MED00274,2,recent_curve_mult,0.01004
MED00275,2,recent_curve_mult,0.01726
MED00276,2,recent_curve_mult,-0.00048
MED00277,2,recent_curve_mult,0.00195
MED00278,2,recent_curve_mult,-0.00315
MED00279,2,recent_curve_mult,0.02768
MED00280,2,recent_curve_mult,0.0016
MED00281,2,recent_curve_mult,0.01508
MED00282,2,recent_curve_mult,0.01149
MED00283,2,recent_curve_mult,-0.00564
MED00284,2,recent_curve_mult,0.00531
MED00285,2,recent_curve_mult,-0.00587
MED00286,2,recent_curve_mult,-0.00587
MED00287,2,recent_curve_mult,-0.00013
MED00288,2,recent_curve_mult,-0.00589
MED00289,2,recent_curve_mult,-0.00075
MED00290,2,recent_curve_mult,-0.00048
MED00291,2,recent_curve_mult,-0.01025
MED00292,2,recent_curve_mult,0.00026
MED00293,2,recent_curve_mult,-0.0005
MED00294,2,recent_curve_mult,0.00334
MED00295,2,recent_curve_mult,0.00432
MED00296,2,recent_curve_mult,-0.00366
MED00297,2,recent_curve_mult,-0.00638
MED00298,2,recent_curve_mult,-0.00176
MED00299,2,recent_curve_mult,-0.00066
MED00300,2,recent_curve_mult,-0.00356
MED00301,2,recent_curve_mult,-0.00524
MED00302,2,recent_curve_mult,0.00279
MED00303,2,recent_curve_mult,-0.00174
MED00304,2,recent_curve_mult,-0.001
MED00305,2,recent_curve_mult,-0.00444
MED00306,2,recent_curve_mult,0.01592
MED00307,2,recent_curve_mult,0.03283
MED00308,2,recent_curve_mult,0.01426
MED00309,2,recent_curve_mult,-0.00143
MED00310,2,recent_curve_mult,0.00117
MED00311,2,recent_curve_mult,-0.00472
MED00312,2,recent_curve_mult,0.00658
MED00313,2,recent_curve_mult,-0.00129
MED00314,2,recent_curve_mult,0.00828
MED00315,2,recent_curve_mult,-0.0013
MED00316,2,recent_curve_mult,0.00187
MED00317,2,recent_curve_mult,-0.0009
MED00318,2,recent_curve_mult,0.00052
MED00319,2,recent_curve_mult,-0.00348
MED00320,2,recent_curve_mult,-0.01103
MED00321,2,recent_curve_mult,0.00312
MED00322,2,recent_curve_mult,0.00235
MED00323,2,recent_curve_mult,0.00998
MED00324,2,recent_curve_mult,0.01451
MED00325,2,recent_curve_mult,-0.00427
MED00326,2,recent_curve_mult,-0.00511
MED00327,2,recent_curve_mult,0.00497
MED00328,2,recent_curve_mult,-0.00253
MED00329,2,recent_curve_mult,-0.00584
MED00330,2,recent_curve_mult,-0.00743
MED00331,2,recent_curve_mult,-0.00239
MED00332,2,recent_curve_mult,-0.00172
MED00333,2,recent_curve_mult,-0.00575
MED00334,2,recent_curve_mult,-0.01261
MED00335,2,recent_curve_mult,0.00571
MED00336,2,recent_curve_mult,-0.00459
MED00337,2,recent_curve_mult,0.02968
MED00338,2,recent_curve_mult,0.00862
MED00339,2,recent_curve_mult,0.0085
MED00340,2,recent_curve_mult,0.02171
MED00341,2,recent_curve_mult,0.01029
MED00342,2,recent_curve_mult,-0.00221
MED00343,2,recent_curve_mult,-0.0014
MED00344,2,recent_curve_mult,0.01134
MED00345,2,recent_curve_mult,0.00321
MED00346,2,recent_curve_mult,0.0028
MED00347,2,recent_curve_mult,0.00148
MED00348,2,recent_curve_mult,-0.00023
MED00349,2,recent_curve_mult,0.00018
MED00350,2,recent_curve_mult,0.00143
MED00351,2,recent_curve_mult,0.00197
MED00352,2,recent_curve_mult,-0.0015
MED00353,2,recent_curve_mult,-0.00029
MED00354,2,recent_curve_mult,-0.0028
MED00355,2,recent_curve_mult,0.00533
MED00356,2,recent_curve_mult,-0.00184
MED00357,2,recent_curve_mult,0.00077
MED00358,2,recent_curve_mult,0.00356
MED00359,2,recent_curve_mult,-0.00293
MED00360,2,recent_curve_mult,-0.00419
MED00361,2,recent_curve_mult,-0.00399
MED00362,2,recent_curve_mult,-0.00267
MED00363,2,recent_curve_mult,-0.00209
MED00364,2,recent_curve_mult,0.00035
MED00365,2,recent_curve_mult,-0.00103
MED00366,2,recent_curve_mult,0.00113
MED00367,2,recent_curve_mult,0.00718
MED00368,2,recent_curve_mult,-0.00245
MED00369,2,recent_curve_mult,0.00256
MED00370,2,recent_curve_mult,0.0139
MED00371,2,recent_curve_mult,0.01078
MED00372,2,recent_curve_mult,0.00248
MED00373,2,recent_curve_mult,0.00492
MED00374,2,recent_curve_mult,0.00217
MED00375,2,recent_curve_mult,0.01136
MED00376,2,recent_curve_mult,-0.0021
MED00377,2,recent_curve_mult,0.01648
MED00378,2,recent_curve_mult,-0.00566
MED00379,2,recent_curve_mult,0.0025
MED00380,2,recent_curve_mult,-0.00488
MED00381,2,recent_curve_mult,0.00192
MED00382,2,recent_curve_mult,-0.00135
MED00383,2,recent_curve_mult,0.01104
MED00384,2,recent_curve_mult,-0.00276
MED00385,2,recent_curve_mult,-0.00368
MED00386,2,recent_curve_mult,0.00647
MED00387,2,recent_curve_mult,-0.00083
MED00388,2,recent_curve_mult,0.00691
MED00389,2,recent_curve_mult,0.00157
MED00390,2,recent_curve_mult,0.00376
MED00391,2,recent_curve_mult,0.01373
MED00392,2,recent_curve_mult,0.0133
MED00393,2,recent_curve_mult,-0.00251
MED00394,2,recent_curve_mult,-0.00076
MED00395,2,recent_curve_mult,0.00196
MED00396,2,recent_curve_mult,0.0189
MED00397,2,recent_curve_mult,0.02811
MED00398,2,recent_curve_mult,0.02757
MED00399,2,recent_curve_mult,0.03084
MED00400,2,recent_curve_mult,0.01047
MED00401,2,recent_curve_mult,-0.0014
MED00402,2,recent_curve_mult,0.00265
MED00403,2,recent_curve_mult,0.00865
MED00404,2,recent_curve_mult,0.00058
MED00405,2,recent_curve_mult,-0.00349
MED00407,2,recent_curve_mult,0.00102
MED00408,2,recent_curve_mult,0.00083
MED00409,2,recent_curve_mult,0.01126
MED00410,2,recent_curve_mult,0.00429
MED00411,2,recent_curve_mult,0.00236
MED00412,2,recent_curve_mult,0.00123
MED00413,2,recent_curve_mult,-0.00451
MED00414,2,recent_curve_mult,0.00499
MED00415,2,recent_curve_mult,0.00188
MED00416,2,recent_curve_mult,-0.00042
MED00417,2,recent_curve_mult,-0.00166
MED00418,2,recent_curve_mult,-0.00036
MED00419,2,recent_curve_mult,-0.00234
MED00420,2,recent_curve_mult,0.00898
MED00421,2,recent_curve_mult,0.00338
MED00422,2,recent_curve_mult,-0.00085
MED00423,2,recent_curve_mult,0.00815
MED00424,2,recent_curve_mult,-0.00018
MED00001,3,recent_curve_mult,0.01414
MED00002,3,recent_curve_mult,0.00089
MED00003,3,recent_curve_mult,0.00396
MED00004,3,recent_curve_mult,-0.00134
MED00005,3,recent_curve_mult,-0.00052
MED00006,3,recent_curve_mult,0.00032
MED00007,3,recent_curve_mult,-0.00541
MED00008,3,recent_curve_mult,0.00488
MED00009,3,recent_curve_mult,0.01122
MED00010,3,recent_curve_mult,0.00172
MED00011,3,recent_curve_mult,0.00814
MED00012,3,recent_curve_mult,-0.00112
MED00013,3,recent_curve_mult,0.00064
MED00014,3,recent_curve_mult,-0.00939
MED00015,3,recent_curve_mult,0.00323
MED00016,3,recent_curve_mult,-0.00359
MED00017,3,recent_curve_mult,0.00193
MED00018,3,recent_curve_mult,0.0086
MED00019,3,recent_curve_mult,0.00806
MED00020,3,recent_curve_mult,0.01883
MED00021,3,recent_curve_mult,0.00163
MED00022,3,recent_curve_mult,-0.00129
MED00023,3,recent_curve_mult,0.00803
MED00024,3,recent_curve_mult,0.00209
MED00025,3,recent_curve_mult,0.00244
MED00026,3,recent_curve_mult,0.00618
MED00027,3,recent_curve_mult,0.00343
MED00028,3,recent_curve_mult,0.0046
MED00029,3,recent_curve_mult,0.00237
MED00030,3,recent_curve_mult,-0.00704
MED00031,3,recent_curve_mult,0.0026
MED00032,3,recent_curve_mult,0.00031
MED00033,3,recent_curve_mult,-0.00041
MED00034,3,recent_curve_mult,0.00849
MED00035,3,recent_curve_mult,0.01252
MED00036,3,recent_curve_mult,0.00987
MED00037,3,recent_curve_mult,0.00175
MED00038,3,recent_curve_mult,0.00369
MED00039,3,recent_curve_mult,-0.0018
MED00040,3,recent_curve_mult,0.00586
MED00041,3,recent_curve_mult,0.00899
MED00042,3,recent_curve_mult,0.00881
MED00043,3,recent_curve_mult,0.00503
MED00044,3,recent_curve_mult,0.00282
MED00045,3,recent_curve_mult,0.00262
MED00046,3,recent_curve_mult,-0.00277
MED00047,3,recent_curve_mult,-0.00503
MED00048,3,recent_curve_mult,-0.00101
MED00049,3,recent_curve_mult,0.00263
MED00050,3,recent_curve_mult,0.00268
MED00051,3,recent_curve_mult,0.00172
MED00052,3,recent_curve_mult,0.00341
MED00053,3,recent_curve_mult,0.00923
MED00054,3,recent_curve_mult,0.01288
MED00055,3,recent_curve_mult,0.01039
MED00056,3,recent_curve_mult,0.00599
MED00057,3,recent_curve_mult,0.01414
MED00058,3,recent_curve_mult,-0.00024
MED00059,3,recent_curve_mult,-0.00303
MED00060,3,recent_curve_mult,-0.00091
MED00061,3,recent_curve_mult,0.00253
MED00062,3,recent_curve_mult,0.00288
MED00063,3,recent_curve_mult,0.00236
MED00064,3,recent_curve_mult,-0.00607
MED00065,3,recent_curve_mult,0.00108
MED00066,3,recent_curve_mult,0.00046
MED00067,3,recent_curve_mult,-0.00262
MED00068,3,recent_curve_mult,-0.00016
MED00069,3,recent_curve_mult,0.00171
MED00070,3,recent_curve_mult,0.00698
MED00071,3,recent_curve_mult,0.00235
MED00072,3,recent_curve_mult,0.00353
MED00073,3,recent_curve_mult,-0.00143
MED00074,3,recent_curve_mult,0.00258
MED00075,3,recent_curve_mult,0.00342
MED00076,3,recent_curve_mult,0.00282
MED00077,3,recent_curve_mult,-0.00477
MED00078,3,recent_curve_mult,0.00148
MED00079,3,recent_curve_mult,0.00822
MED00080,3,recent_curve_mult,-0.00234
MED00081,3,recent_curve_mult,0.00402
MED00083,3,recent_curve_mult,-0.00321
MED00085,3,recent_curve_mult,0.00025
MED00086,3,recent_curve_mult,0.0036
MED00087,3,recent_curve_mult,-0.00143
MED00088,3,recent_curve_mult,0.00739
MED00089,3,recent_curve_mult,0.01025
MED00090,3,recent_curve_mult,0.01034
MED00091,3,recent_curve_mult,0.00198
MED00093,3,recent_curve_mult,0.00398
MED00094,3,recent_curve_mult,0.00752
MED00096,3,recent_curve_mult,-0.00378
MED00097,3,recent_curve_mult,0.00731
MED00099,3,recent_curve_mult,0.00835
MED00100,3,recent_curve_mult,0.00226
MED00101,3,recent_curve_mult,-0.0062
MED00102,3,recent_curve_mult,0.0096
MED00103,3,recent_curve_mult,-0.00563
MED00104,3,recent_curve_mult,-0.00776
MED00105,3,recent_curve_mult,0.00877
MED00106,3,recent_curve_mult,0.00236
MED00107,3,recent_curve_mult,-0.00573
MED00108,3,recent_curve_mult,0.00149
MED00109,3,recent_curve_mult,-0.00232
MED00110,3,recent_curve_mult,-0.00452
MED00111,3,recent_curve_mult,0.00299
MED00112,3,recent_curve_mult,-0.00158
MED00113,3,recent_curve_mult,-0.00057
MED00114,3,recent_curve_mult,0.0195
MED00115,3,recent_curve_mult,-0.0009
MED00116,3,recent_curve_mult,-0.00896
MED00117,3,recent_curve_mult,0.00979
MED00118,3,recent_curve_mult,0.00049
MED00120,3,recent_curve_mult,0.00929
MED00121,3,recent_curve_mult,0.00595
MED00122,3,recent_curve_mult,-0.00124
MED00123,3,recent_curve_mult,0.01058
MED00124,3,recent_curve_mult,-0.00735
MED00125,3,recent_curve_mult,0.00356
MED00126,3,recent_curve_mult,-0.00355
MED00127,3,recent_curve_mult,0.00443
MED00128,3,recent_curve_mult,-0.00352
MED00129,3,recent_curve_mult,0.00322
MED00130,3,recent_curve_mult,0.0027
MED00131,3,recent_curve_mult,0.00264
MED00132,3,recent_curve_mult,0.00975
MED00133,3,recent_curve_mult,0.00627
MED00134,3,recent_curve_mult,0.00013
MED00135,3,recent_curve_mult,0.00825
MED00136,3,recent_curve_mult,0.01384
MED00137,3,recent_curve_mult,0.00497
MED00138,3,recent_curve_mult,0.00462
MED00139,3,recent_curve_mult,0.00527
MED00140,3,recent_curve_mult,0.00158
MED00141,3,recent_curve_mult,-0.00036
MED00142,3,recent_curve_mult,0.00522
MED00144,3,recent_curve_mult,0.01064
MED00145,3,recent_curve_mult,0.00197
MED00146,3,recent_curve_mult,-0.00228
MED00147,3,recent_curve_mult,0.00214
MED00148,3,recent_curve_mult,-0.00286
MED00149,3,recent_curve_mult,-0.00193
MED00150,3,recent_curve_mult,0.00758
MED00151,3,recent_curve_mult,-0.00088
MED00152,3,recent_curve_mult,-0.0033
MED00153,3,recent_curve_mult,-0.00179
MED00154,3,recent_curve_mult,-0.00889
MED00155,3,recent_curve_mult,0.0006
MED00157,3,recent_curve_mult,-0.00858
MED00158,3,recent_curve_mult,0.00423
MED00159,3,recent_curve_mult,0.01054
MED00160,3,recent_curve_mult,0.00018
MED00161,3,recent_curve_mult,-0.00546
MED00162,3,recent_curve_mult,-0.00388
MED00163,3,recent_curve_mult,0.00424
MED00164,3,recent_curve_mult,0.00247
MED00165,3,recent_curve_mult,0.02278
MED00166,3,recent_curve_mult,-0.0032
MED00167,3,recent_curve_mult,-0.00137
MED00168,3,recent_curve_mult,0.00518
MED00170,3,recent_curve_mult,-0.00081
MED00171,3,recent_curve_mult,-0.00241
MED00172,3,recent_curve_mult,0.00805
MED00173,3,recent_curve_mult,-0.0036
MED00174,3,recent_curve_mult,-0.0113
MED00175,3,recent_curve_mult,0.01175
MED00176,3,recent_curve_mult,0.03191
MED00177,3,recent_curve_mult,0.00309
MED00178,3,recent_curve_mult,0.00843
MED00179,3,recent_curve_mult,0.00157
MED00180,3,recent_curve_mult,-0.00119
MED00181,3,recent_curve_mult,-0.00333
MED00182,3,recent_curve_mult,0.00574
MED00183,3,recent_curve_mult,0.00834
MED00184,3,recent_curve_mult,0.02861
MED00185,3,recent_curve_mult,0.00856
MED00186,3,recent_curve_mult,-0.00152
MED00187,3,recent_curve_mult,0.00148
MED00188,3,recent_curve_mult,-0.00553
MED00189,3,recent_curve_mult,0.00252
MED00190,3,recent_curve_mult,-0.00248
MED00191,3,recent_curve_mult,0.00618
MED00192,3,recent_curve_mult,0.00352
MED00193,3,recent_curve_mult,0.00193
MED00194,3,recent_curve_mult,0.02316
MED00195,3,recent_curve_mult,0.02909
MED00196,3,recent_curve_mult,0.02117
MED00197,3,recent_curve_mult,0.01662
MED00198,3,recent_curve_mult,-0.00042
MED00199,3,recent_curve_mult,0.01543
MED00200,3,recent_curve_mult,0.00191
MED00201,3,recent_curve_mult,-0.0038
MED00202,3,recent_curve_mult,-0.0042
MED00203,3,recent_curve_mult,0.00165
MED00204,3,recent_curve_mult,0.00378
MED00205,3,recent_curve_mult,0.00623
MED00206,3,recent_curve_mult,0.00131
MED00207,3,recent_curve_mult,-0.00468
MED00208,3,recent_curve_mult,0.00848
MED00209,3,recent_curve_mult,-0.00142
MED00210,3,recent_curve_mult,0.00443
MED00212,3,recent_curve_mult,0.01024
MED00213,3,recent_curve_mult,-0.00535
MED00214,3,recent_curve_mult,0.00065
MED00215,3,recent_curve_mult,0.001
MED00216,3,recent_curve_mult,0.00188
MED00217,3,recent_curve_mult,0.00296
MED00218,3,recent_curve_mult,-0.00258
MED00219,3,recent_curve_mult,0.01336
MED00220,3,recent_curve_mult,-0.0032
MED00222,3,recent_curve_mult,0.00557
MED00223,3,recent_curve_mult,0.02143
MED00224,3,recent_curve_mult,0.00094
MED00225,3,recent_curve_mult,-0.00487
MED00226,3,recent_curve_mult,-0.00222
MED00227,3,recent_curve_mult,-0.0087
MED00228,3,recent_curve_mult,0.01917
MED00229,3,recent_curve_mult,-0.00621
MED00230,3,recent_curve_mult,-0.00957
MED00231,3,recent_curve_mult,0.004
MED00232,3,recent_curve_mult,0.00634
MED00233,3,recent_curve_mult,0.01031
MED00234,3,recent_curve_mult,-0.00067
MED00235,3,recent_curve_mult,0.00604
MED00236,3,recent_curve_mult,0.00284
MED00237,3,recent_curve_mult,-0.00269
MED00238,3,recent_curve_mult,-0.00058
MED00239,3,recent_curve_mult,0.00115
MED00240,3,recent_curve_mult,-0.00037
MED00241,3,recent_curve_mult,-0.00188
MED00242,3,recent_curve_mult,0.02469
MED00243,3,recent_curve_mult,0.00017
MED00244,3,recent_curve_mult,-0.00162
MED00245,3,recent_curve_mult,0.0186
MED00246,3,recent_curve_mult,-0.00119
MED00247,3,recent_curve_mult,-0.00013
MED00248,3,recent_curve_mult,0.00525
MED00249,3,recent_curve_mult,0.00277
MED00250,3,recent_curve_mult,0.0023
MED00251,3,recent_curve_mult,-0.0022
MED00252,3,recent_curve_mult,0.00363
MED00253,3,recent_curve_mult,-0.00191
MED00254,3,recent_curve_mult,0.00188
MED00255,3,recent_curve_mult,0.00809
MED00256,3,recent_curve_mult,-0.00369
MED00257,3,recent_curve_mult,0.00174
MED00258,3,recent_curve_mult,-0.00138
MED00260,3,recent_curve_mult,0.01318
MED00261,3,recent_curve_mult,0.0127
MED00262,3,recent_curve_mult,0.00209
MED00263,3,recent_curve_mult,-0.00221
MED00264,3,recent_curve_mult,-0.00262
MED00265,3,recent_curve_mult,-0.00583
MED00266,3,recent_curve_mult,0.01277
MED00267,3,recent_curve_mult,0.00442
MED00268,3,recent_curve_mult,-0.00162
MED00269,3,recent_curve_mult,-0.00118
MED00270,3,recent_curve_mult,-0.00441
MED00271,3,recent_curve_mult,-0.00181
MED00272,3,recent_curve_mult,0.01453
MED00273,3,recent_curve_mult,0.0041
MED00274,3,recent_curve_mult,0.0101
MED00275,3,recent_curve_mult,0.01764
MED00276,3,recent_curve_mult,-0.001
MED00277,3,recent_curve_mult,0.00258
MED00278,3,recent_curve_mult,-0.00296
MED00279,3,recent_curve_mult,0.02771
MED00280,3,recent_curve_mult,0.002
MED00281,3,recent_curve_mult,0.01547
MED00282,3,recent_curve_mult,0.01177
MED00283,3,recent_curve_mult,-0.00531
MED00284,3,recent_curve_mult,0.00545
MED00285,3,recent_curve_mult,-0.00579
MED00286,3,recent_curve_mult,-0.00596
MED00288,3,recent_curve_mult,-0.00556
MED00289,3,recent_curve_mult,-0.00105
MED00290,3,recent_curve_mult,-0.00052
MED00291,3,recent_curve_mult,-0.00984
MED00292,3,recent_curve_mult,0.00071
MED00293,3,recent_curve_mult,0.00025
MED00294,3,recent_curve_mult,0.00398
MED00295,3,recent_curve_mult,0.00474
MED00296,3,recent_curve_mult,-0.00339
MED00297,3,recent_curve_mult,-0.00615
MED00298,3,recent_curve_mult,-0.00164
MED00299,3,recent_curve_mult,-0.00063
MED00300,3,recent_curve_mult,-0.00331
MED00301,3,recent_curve_mult,-0.00515
MED00302,3,recent_curve_mult,0.00299
MED00303,3,recent_curve_mult,-0.00109
MED00304,3,recent_curve_mult,0.00012
MED00305,3,recent_curve_mult,-0.00419
MED00306,3,recent_curve_mult,0.01614
MED00307,3,recent_curve_mult,0.03342
MED00308,3,recent_curve_mult,0.01347
MED00309,3,recent_curve_mult,-0.00055
MED00310,3,recent_curve_mult,0.00186
MED00311,3,recent_curve_mult,-0.00438
MED00312,3,recent_curve_mult,0.00672
MED00313,3,recent_curve_mult,-0.00109
MED00314,3,recent_curve_mult,0.00846
MED00315,3,recent_curve_mult,-0.00112
MED00316,3,recent_curve_mult,0.00197
MED00317,3,recent_curve_mult,-0.00058
MED00318,3,recent_curve_mult,0.00079
MED00319,3,recent_curve_mult,-0.00322
MED00320,3,recent_curve_mult,-0.01059
MED00321,3,recent_curve_mult,0.00332
MED00322,3,recent_curve_mult,0.00261
MED00323,3,recent_curve_mult,0.00992
MED00324,3,recent_curve_mult,0.01473
MED00325,3,recent_curve_mult,-0.00408
MED00326,3,recent_curve_mult,-0.00488
MED00327,3,recent_curve_mult,0.00494
MED00328,3,recent_curve_mult,-0.00288
MED00329,3,recent_curve_mult,-0.00564
MED00330,3,recent_curve_mult,-0.00719
MED00331,3,recent_curve_mult,-0.00231
MED00332,3,recent_curve_mult,-0.00157
MED00333,3,recent_curve_mult,-0.00564
MED00334,3,recent_curve_mult,-0.01219
MED00335,3,recent_curve_mult,0.00604
MED00336,3,recent_curve_mult,-0.00429
MED00337,3,recent_curve_mult,0.02835
MED00338,3,recent_curve_mult,0.00866
MED00339,3,recent_curve_mult,0.00898
MED00340,3,recent_curve_mult,0.02014
MED00341,3,recent_curve_mult,0.01036
MED00342,3,recent_curve_mult,-0.00191
MED00343,3,recent_curve_mult,-0.00149
MED00344,3,recent_curve_mult,0.0117
MED00345,3,recent_curve_mult,0.00343
MED00346,3,recent_curve_mult,0.00264
MED00347,3,recent_curve_mult,0.00135
MED00348,3,recent_curve_mult,-0.00015
MED00349,3,recent_curve_mult,0.00028
MED00350,3,recent_curve_mult,0.00161
MED00351,3,recent_curve_mult,0.00196
MED00352,3,recent_curve_mult,-0.00125
MED00354,3,recent_curve_mult,-0.00281
MED00355,3,recent_curve_mult,0.00571
MED00356,3,recent_curve_mult,-0.00176
MED00357,3,recent_curve_mult,0.00092
MED00358,3,recent_curve_mult,0.00423
MED00359,3,recent_curve_mult,-0.00266
MED00360,3,recent_curve_mult,-0.00352
MED00361,3,recent_curve_mult,-0.00389
MED00362,3,recent_curve_mult,-0.00257
MED00363,3,recent_curve_mult,-0.00201
MED00364,3,recent_curve_mult,0.00044
MED00365,3,recent_curve_mult,-0.00093
MED00366,3,recent_curve_mult,0.00131
MED00367,3,recent_curve_mult,0.00693
MED00368,3,recent_curve_mult,-0.0023
MED00369,3,recent_curve_mult,0.00271
MED00370,3,recent_curve_mult,0.01442
MED00371,3,recent_curve_mult,0.01019
MED00372,3,recent_curve_mult,0.00261
MED00373,3,recent_curve_mult,0.00501
MED00374,3,recent_curve_mult,0.00249
MED00375,3,recent_curve_mult,0.01164
MED00376,3,recent_curve_mult,-0.00178
MED00377,3,recent_curve_mult,0.01566
MED00378,3,recent_curve_mult,-0.00554
MED00379,3,recent_curve_mult,0.00271
MED00380,3,recent_curve_mult,-0.0049
MED00381,3,recent_curve_mult,0.00223
MED00382,3,recent_curve_mult,-0.00069
MED00383,3,recent_curve_mult,0.01054
MED00384,3,recent_curve_mult,-0.00268
MED00385,3,recent_curve_mult,-0.00343
MED00386,3,recent_curve_mult,0.00627
MED00387,3,recent_curve_mult,-0.00057
MED00388,3,recent_curve_mult,0.00675
MED00389,3,recent_curve_mult,0.0017
MED00390,3,recent_curve_mult,0.00428
MED00391,3,recent_curve_mult,0.01425
MED00392,3,recent_curve_mult,0.01421
MED00393,3,recent_curve_mult,-0.00211
MED00394,3,recent_curve_mult,-0.00037
MED00395,3,recent_curve_mult,0.00234
MED00396,3,recent_curve_mult,0.0207
MED00397,3,recent_curve_mult,0.02861
MED00398,3,recent_curve_mult,0.028
MED00399,3,recent_curve_mult,0.03137
MED00400,3,recent_curve_mult,0.01032
MED00401,3,recent_curve_mult,-0.00112
MED00402,3,recent_curve_mult,0.00354
MED00403,3,recent_curve_mult,0.00849
MED00404,3,recent_curve_mult,0.00043
MED00405,3,recent_curve_mult,-0.00341
MED00406,3,recent_curve_mult,0.00011
MED00407,3,recent_curve_mult,0.00115
MED00408,3,recent_curve_mult,0.00114
MED00409,3,recent_curve_mult,0.01325
MED00410,3,recent_curve_mult,0.00641
MED00411,3,recent_curve_mult,0.00282
MED00412,3,recent_curve_mult,0.00188
MED00413,3,recent_curve_mult,-0.00377
MED00414,3,recent_curve_mult,0.00546
MED00415,3,recent_curve_mult,0.00249
MED00417,3,recent_curve_mult,-0.00107
MED00418,3,recent_curve_mult,0.00021
MED00419,3,recent_curve_mult,-0.00197
MED00420,3,recent_curve_mult,0.00847
MED00421,3,recent_curve_mult,0.00379
MED00422,3,recent_curve_mult,-0.00021
MED00423,3,recent_curve_mult,0.00868
MED00001,4,recent_curve_mult,0.00609
MED00002,4,recent_curve_mult,0.00125
MED00003,4,recent_curve_mult,0.00444
MED00004,4,recent_curve_mult,-0.00073
MED00005,4,recent_curve_mult,-0.00025
MED00006,4,recent_curve_mult,-0.00396
MED00007,4,recent_curve_mult,-0.00942
MED00008,4,recent_curve_mult,0.00525
MED00009,4,recent_curve_mult,0.00654
MED00010,4,recent_curve_mult,0.0034
MED00011,4,recent_curve_mult,0.01257
MED00012,4,recent_curve_mult,-0.00596
MED00013,4,recent_curve_mult,-0.00156
MED00014,4,recent_curve_mult,-0.01371
MED00015,4,recent_curve_mult,0.00088
MED00016,4,recent_curve_mult,-0.00594
MED00017,4,recent_curve_mult,-0.00132
MED00018,4,recent_curve_mult,0.00969
MED00019,4,recent_curve_mult,0.00844
MED00020,4,recent_curve_mult,0.0098
MED00021,4,recent_curve_mult,-0.0067
MED00022,4,recent_curve_mult,-0.00836
MED00023,4,recent_curve_mult,0.00394
MED00024,4,recent_curve_mult,-0.00723
MED00025,4,recent_curve_mult,0.00323
MED00026,4,recent_curve_mult,0.00691
MED00027,4,recent_curve_mult,0.00421
MED00028,4,recent_curve_mult,0.00115
MED00029,4,recent_curve_mult,-0.00601
MED00030,4,recent_curve_mult,-0.01502
MED00031,4,recent_curve_mult,-0.00813
MED00032,4,recent_curve_mult,-0.00248
MED00033,4,recent_curve_mult,0.0002
MED00034,4,recent_curve_mult,0.00977
MED00035,4,recent_curve_mult,0.01298
MED00036,4,recent_curve_mult,-0.00339
MED00037,4,recent_curve_mult,0.00212
MED00038,4,recent_curve_mult,-0.00494
MED00039,4,recent_curve_mult,-0.00052
MED00040,4,recent_curve_mult,0.00606
MED00041,4,recent_curve_mult,0.00125
MED00042,4,recent_curve_mult,0.01004
MED00043,4,recent_curve_mult,0.00558
MED00044,4,recent_curve_mult,-0.00642
MED00045,4,recent_curve_mult,0.00363
MED00046,4,recent_curve_mult,-0.01256
MED00047,4,recent_curve_mult,-0.00849
MED00048,4,recent_curve_mult,-0.00447
MED00049,4,recent_curve_mult,0.00318
MED00050,4,recent_curve_mult,0.00332
MED00051,4,recent_curve_mult,0.00227
MED00052,4,recent_curve_mult,0.0038
MED00053,4,recent_curve_mult,0.00134
MED00054,4,recent_curve_mult,0.00739
MED00055,4,recent_curve_mult,0.01117
MED00056,4,recent_curve_mult,0.00375
MED00057,4,recent_curve_mult,0.0098
MED00058,4,recent_curve_mult,-0.00506
MED00059,4,recent_curve_mult,-0.00728
MED00060,4,recent_curve_mult,-0.00389
MED00061,4,recent_curve_mult,-0.00092
MED00062,4,recent_curve_mult,-0.0003
MED00063,4,recent_curve_mult,0.00291
MED00064,4,recent_curve_mult,-0.00999
MED00065,4,recent_curve_mult,-0.00212
MED00066,4,recent_curve_mult,-0.00185
MED00067,4,recent_curve_mult,-0.00527
MED00068,4,recent_curve_mult,-0.0088
MED00069,4,recent_curve_mult,-0.00699
MED00070,4,recent_curve_mult,-0.00183
MED00071,4,recent_curve_mult,-0.00637
MED00072,4,recent_curve_mult,-0.00536
MED00073,4,recent_curve_mult,-0.01021
MED00074,4,recent_curve_mult,-0.00659
MED00075,4,recent_curve_mult,-0.0048
MED00076,4,recent_curve_mult,0.00318
MED00077,4,recent_curve_mult,-0.01297
MED00078,4,recent_curve_mult,-0.01975
MED00079,4,recent_curve_mult,0.01423
MED00080,4,recent_curve_mult,-0.01127
MED00081,4,recent_curve_mult,0.00454
MED00082,4,recent_curve_mult,-0.00831
MED00083,4,recent_curve_mult,-0.01111
MED00084,4,recent_curve_mult,0.00426
MED00085,4,recent_curve_mult,-0.00223
MED00086,4,recent_curve_mult,0.00432
MED00087,4,recent_curve_mult,-0.00666
MED00088,4,recent_curve_mult,0.00812
MED00089,4,recent_curve_mult,0.01703
MED00090,4,recent_curve_mult,0.00679
MED00091,4,recent_curve_mult,-0.00695
MED00092,4,recent_curve_mult,-0.00238
MED00093,4,recent_curve_mult,0.00334
MED00094,4,recent_curve_mult,0.00827
MED00095,4,recent_curve_mult,-0.0033
MED00096,4,recent_curve_mult,-0.00846
MED00097,4,recent_curve_mult,0.00802
MED00098,4,recent_curve_mult,-0.00337
MED00099,4,recent_curve_mult,0.0093
MED00100,4,recent_curve_mult,0.0028
MED00101,4,recent_curve_mult,-0.00855
MED00102,4,recent_curve_mult,0.00983
MED00103,4,recent_curve_mult,-0.01088
MED00104,4,recent_curve_mult,-0.01121
MED00105,4,recent_curve_mult,0.00907
MED00106,4,recent_curve_mult,0.00291
MED00107,4,recent_curve_mult,-0.00875
MED00108,4,recent_curve_mult,-0.00147
MED00109,4,recent_curve_mult,-0.00177
MED00110,4,recent_curve_mult,-0.00397
MED00111,4,recent_curve_mult,-0.00045
MED00112,4,recent_curve_mult,-0.00504
MED00113,4,recent_curve_mult,-0.00312
MED00114,4,recent_curve_mult,0.00258
MED00115,4,recent_curve_mult,-0.0042
MED00116,4,recent_curve_mult,-0.01332
MED00117,4,recent_curve_mult,-0.00543
MED00118,4,recent_curve_mult,-0.00216
MED00119,4,recent_curve_mult,-0.00339
MED00120,4,recent_curve_mult,0.01286
MED00121,4,recent_curve_mult,0.00624
MED00122,4,recent_curve_mult,-0.0042
MED00123,4,recent_curve_mult,-0.00469
MED00124,4,recent_curve_mult,-0.01081
MED00125,4,recent_curve_mult,0.00405
MED00126,4,recent_curve_mult,-0.00295
MED00127,4,recent_curve_mult,-0.01076
MED00128,4,recent_curve_mult,-0.00728
MED00129,4,recent_curve_mult,0.00358
MED00130,4,recent_curve_mult,0.00325
MED00131,4,recent_curve_mult,-0.00622
MED00132,4,recent_curve_mult,-0.00555
MED00133,4,recent_curve_mult,-0.00115
MED00134,4,recent_curve_mult,0.00068
MED00135,4,recent_curve_mult,0.01172
MED00136,4,recent_curve_mult,0.00606
MED00137,4,recent_curve_mult,0.00623
MED00138,4,recent_curve_mult,0.00491
MED00139,4,recent_curve_mult,0.00589
MED00140,4,recent_curve_mult,-0.00214
MED00141,4,recent_curve_mult,-0.00933
MED00142,4,recent_curve_mult,0.00593
MED00143,4,recent_curve_mult,-0.00394
MED00144,4,recent_curve_mult,0.01093
MED00145,4,recent_curve_mult,0.00228
MED00146,4,recent_curve_mult,-0.00485
MED00147,4,recent_curve_mult,-0.00293
MED00148,4,recent_curve_mult,-0.00593
MED00149,4,recent_curve_mult,-0.00534
MED00150,4,recent_curve_mult,0.00252
MED00151,4,recent_curve_mult,-0.00417
MED00152,4,recent_curve_mult,-0.00723
MED00153,4,recent_curve_mult,-0.00531
MED00154,4,recent_curve_mult,-0.01249
MED00155,4,recent_curve_mult,-0.0027
MED00156,4,recent_curve_mult,-0.0019
MED00157,4,recent_curve_mult,-0.01125
MED00158,4,recent_curve_mult,0.00502
MED00159,4,recent_curve_mult,0.01218
MED00160,4,recent_curve_mult,-0.00354
MED00161,4,recent_curve_mult,-0.00883
MED00162,4,recent_curve_mult,-0.00911
MED00163,4,recent_curve_mult,0.00018
MED00164,4,recent_curve_mult,-0.00623
MED00165,4,recent_curve_mult,0.00716
MED00166,4,recent_curve_mult,-0.00843
MED00167,4,recent_curve_mult,-0.00385
MED00168,4,recent_curve_mult,0.0058
MED00169,4,recent_curve_mult,-0.00369
MED00170,4,recent_curve_mult,-0.00341
MED00171,4,recent_curve_mult,-0.00613
MED00172,4,recent_curve_mult,0.00478
MED00173,4,recent_curve_mult,-0.00878
MED00174,4,recent_curve_mult,-0.01598
MED00175,4,recent_curve_mult,0.01442
MED00176,4,recent_curve_mult,0.01172
MED00177,4,recent_curve_mult,0.00379
MED00179,4,recent_curve_mult,0.00457
MED00180,4,recent_curve_mult,-0.00601
MED00181,4,recent_curve_mult,-0.00782
MED00182,4,recent_curve_mult,0.00653
MED00183,4,recent_curve_mult,0.015
MED00184,4,recent_curve_mult,0.0018
MED00185,4,recent_curve_mult,0.00127
MED00186,4,recent_curve_mult,-0.00482
MED00187,4,recent_curve_mult,-0.00905
MED00188,4,recent_curve_mult,-0.00788
MED00189,4,recent_curve_mult,0.00307
MED00190,4,recent_curve_mult,-0.00644
MED00191,4,recent_curve_mult,-0.00186
MED00192,4,recent_curve_mult,-0.00053
MED00193,4,recent_curve_mult,0.00248
MED00194,4,recent_curve_mult,0.00543
MED00195,4,recent_curve_mult,0.0126
MED00196,4,recent_curve_mult,0.00491
MED00197,4,recent_curve_mult,0.00543
MED00198,4,recent_curve_mult,-0.00371
MED00199,4,recent_curve_mult,0.00798
MED00200,4,recent_curve_mult,0.00251
MED00201,4,recent_curve_mult,-0.00748
MED00202,4,recent_curve_mult,-0.00878
MED00203,4,recent_curve_mult,-0.00601
MED00204,4,recent_curve_mult,0.00424
MED00205,4,recent_curve_mult,0.00653
MED00206,4,recent_curve_mult,-0.00179
MED00207,4,recent_curve_mult,-0.00846
MED00208,4,recent_curve_mult,0.00878
MED00209,4,recent_curve_mult,-0.00672
MED00210,4,recent_curve_mult,0.0052
MED00211,4,recent_curve_mult,-0.00436
MED00212,4,recent_curve_mult,-0.00494
MED00213,4,recent_curve_mult,-0.00475
MED00214,4,recent_curve_mult,-0.00281
MED00215,4,recent_curve_mult,-0.00232
MED00216,4,recent_curve_mult,0.00243
MED00217,4,recent_curve_mult,0.00332
MED00218,4,recent_curve_mult,-0.00597
MED00219,4,recent_curve_mult,0.01408
MED00220,4,recent_curve_mult,-0.00842
MED00221,4,recent_curve_mult,-0.01061
MED00222,4,recent_curve_mult,0.00629
MED00223,4,recent_curve_mult,-0.00543
MED00224,4,recent_curve_mult,-0.00388
MED00225,4,recent_curve_mult,-0.00785
MED00226,4,recent_curve_mult,-0.01253
MED00227,4,recent_curve_mult,-0.0112
MED00228,4,recent_curve_mult,0.01113
MED00229,4,recent_curve_mult,-0.00576
MED00230,4,recent_curve_mult,-0.01345
MED00232,4,recent_curve_mult,0.00696
MED00233,4,recent_curve_mult,0.00293
MED00234,4,recent_curve_mult,-0.00399
MED00235,4,recent_curve_mult,0.0071
MED00236,4,recent_curve_mult,-0.00818
MED00237,4,recent_curve_mult,-0.01173
MED00238,4,recent_curve_mult,-0.00427
MED00239,4,recent_curve_mult,-0.00173
MED00240,4,recent_curve_mult,-0.00894
MED00241,4,recent_curve_mult,-0.00559
MED00242,4,recent_curve_mult,0.00846
MED00243,4,recent_curve_mult,0.00046
MED00244,4,recent_curve_mult,-0.00589
MED00245,4,recent_curve_mult,0.00205
MED00246,4,recent_curve_mult,-0.00443
MED00247,4,recent_curve_mult,-0.00358
MED00248,4,recent_curve_mult,-0.00522
MED00249,4,recent_curve_mult,0.00405
MED00250,4,recent_curve_mult,-0.0069
MED00251,4,recent_curve_mult,-0.00595
MED00252,4,recent_curve_mult,0.00403
MED00253,4,recent_curve_mult,-0.0053
MED00254,4,recent_curve_mult,0.00228
MED00255,4,recent_curve_mult,0.00025
MED00256,4,recent_curve_mult,-0.00817
MED00257,4,recent_curve_mult,-0.00747
MED00258,4,recent_curve_mult,-0.0051
MED00259,4,recent_curve_mult,-0.00324
MED00260,4,recent_curve_mult,0.00451
MED00262,4,recent_curve_mult,-0.00604
MED00263,4,recent_curve_mult,-0.00457
MED00264,4,recent_curve_mult,-0.00207
MED00265,4,recent_curve_mult,-0.00816
MED00266,4,recent_curve_mult,0.01623
MED00267,4,recent_curve_mult,0.0047
MED00268,4,recent_curve_mult,-0.00534
MED00269,4,recent_curve_mult,-0.00478
MED00270,4,recent_curve_mult,-0.00677
MED00271,4,recent_curve_mult,-0.00442
MED00272,4,recent_curve_mult,0.0096
MED00273,4,recent_curve_mult,-0.00388
MED00274,4,recent_curve_mult,-0.00506
MED00275,4,recent_curve_mult,0.00959
MED00276,4,recent_curve_mult,-0.00475
MED00277,4,recent_curve_mult,0.00313
MED00278,4,recent_curve_mult,-0.00639
MED00279,4,recent_curve_mult,0.01121
MED00280,4,recent_curve_mult,0.00236
MED00281,4,recent_curve_mult,0.00745
MED00282,4,recent_curve_mult,0.00377
MED00283,4,recent_curve_mult,-0.0133
MED00284,4,recent_curve_mult,-0.00325
MED00285,4,recent_curve_mult,-0.00924
MED00286,4,recent_curve_mult,-0.01002
MED00287,4,recent_curve_mult,-0.00344
MED00288,4,recent_curve_mult,-0.00916
MED00289,4,recent_curve_mult,-0.00835
MED00290,4,recent_curve_mult,-0.00383
MED00291,4,recent_curve_mult,-0.01817
MED00292,4,recent_curve_mult,-0.00332
MED00293,4,recent_curve_mult,-0.00384
MED00294,4,recent_curve_mult,-0.00577
MED00295,4,recent_curve_mult,0.00553
MED00296,4,recent_curve_mult,-0.00691
MED00297,4,recent_curve_mult,-0.00958
MED00298,4,recent_curve_mult,-0.00419
MED00299,4,recent_curve_mult,-0.00025
MED00300,4,recent_curve_mult,-0.00813
MED00301,4,recent_curve_mult,-0.00864
MED00302,4,recent_curve_mult,0.00454
MED00303,4,recent_curve_mult,-0.01913
MED00304,4,recent_curve_mult,-0.00874
MED00305,4,recent_curve_mult,-0.00898
MED00306,4,recent_curve_mult,0.01706
MED00307,4,recent_curve_mult,0.01688
MED00308,4,recent_curve_mult,0.00434
MED00309,4,recent_curve_mult,-0.01053
MED00310,4,recent_curve_mult,-0.0016
MED00311,4,recent_curve_mult,-0.0127
MED00312,4,recent_curve_mult,-0.00858
MED00313,4,recent_curve_mult,-0.00084
MED00314,4,recent_curve_mult,0.01192
MED00315,4,recent_curve_mult,-0.00455
MED00316,4,recent_curve_mult,-0.00153
MED00317,4,recent_curve_mult,-0.00554
MED00318,4,recent_curve_mult,-0.00771
MED00319,4,recent_curve_mult,-0.00668
MED00320,4,recent_curve_mult,-0.01892
MED00321,4,recent_curve_mult,0.00359
MED00322,4,recent_curve_mult,0.0031
MED00323,4,recent_curve_mult,-0.00535
MED00324,4,recent_curve_mult,0.00769
MED00325,4,recent_curve_mult,-0.00751
MED00326,4,recent_curve_mult,-0.00828
MED00327,4,recent_curve_mult,0.00522
MED00328,4,recent_curve_mult,-0.0063
MED00329,4,recent_curve_mult,-0.00909
MED00330,4,recent_curve_mult,-0.01051
MED00331,4,recent_curve_mult,-0.00496
MED00332,4,recent_curve_mult,-0.00493
MED00333,4,recent_curve_mult,-0.007
MED00334,4,recent_curve_mult,-0.01687
MED00335,4,recent_curve_mult,0.00749
MED00336,4,recent_curve_mult,-0.00774
MED00337,4,recent_curve_mult,0.0115
MED00338,4,recent_curve_mult,0.01213
MED00339,4,recent_curve_mult,-0.00086
MED00340,4,recent_curve_mult,0.02283
MED00341,4,recent_curve_mult,0.01067
MED00342,4,recent_curve_mult,-0.00523
MED00343,4,recent_curve_mult,-0.00494
MED00344,4,recent_curve_mult,0.01199
MED00345,4,recent_curve_mult,0.00398
MED00346,4,recent_curve_mult,-0.00102
MED00347,4,recent_curve_mult,0.00184
MED00348,4,recent_curve_mult,-0.00347
MED00349,4,recent_curve_mult,-0.00291
MED00350,4,recent_curve_mult,0.00186
MED00351,4,recent_curve_mult,0.0028
MED00352,4,recent_curve_mult,-0.00086
MED00353,4,recent_curve_mult,0.00054
MED00354,4,recent_curve_mult,-0.00218
MED00355,4,recent_curve_mult,0.0018
MED00356,4,recent_curve_mult,-0.00438
MED00357,4,recent_curve_mult,0.00128
MED00358,4,recent_curve_mult,0.00049
MED00359,4,recent_curve_mult,-0.00721
MED00360,4,recent_curve_mult,-0.00669
MED00361,4,recent_curve_mult,-0.00631
MED00362,4,recent_curve_mult,-0.00666
MED00363,4,recent_curve_mult,-0.00552
MED00364,4,recent_curve_mult,0.00098
MED00365,4,recent_curve_mult,-0.00465
MED00366,4,recent_curve_mult,-0.00202
MED00367,4,recent_curve_mult,0.00759
MED00368,4,recent_curve_mult,-0.00463
MED00369,4,recent_curve_mult,-0.00612
MED00370,4,recent_curve_mult,0.00605
MED00371,4,recent_curve_mult,0.01708
MED00372,4,recent_curve_mult,0.00315
MED00373,4,recent_curve_mult,0.00542
MED00374,4,recent_curve_mult,-0.00041
MED00375,4,recent_curve_mult,0.01314
MED00376,4,recent_curve_mult,-0.00562
MED00377,4,recent_curve_mult,0.00338
MED00378,4,recent_curve_mult,-0.00817
MED00379,4,recent_curve_mult,0.00292
MED00380,4,recent_curve_mult,-0.00435
MED00381,4,recent_curve_mult,0.00252
MED00382,4,recent_curve_mult,-0.00578
MED00383,4,recent_curve_mult,0.01084
MED00384,4,recent_curve_mult,-0.0064
MED00385,4,recent_curve_mult,-0.00759
MED00386,4,recent_curve_mult,0.00704
MED00387,4,recent_curve_mult,-0.00862
MED00388,4,recent_curve_mult,0.00922
MED00389,4,recent_curve_mult,-0.0067
MED00390,4,recent_curve_mult,-0.00615
MED00391,4,recent_curve_mult,0.00623
MED00392,4,recent_curve_mult,0.00609
MED00393,4,recent_curve_mult,-0.01855
MED00394,4,recent_curve_mult,-0.00842
MED00395,4,recent_curve_mult,-0.00579
MED00396,4,recent_curve_mult,0.00396
MED00397,4,recent_curve_mult,0.01227
MED00398,4,recent_curve_mult,0.00902
MED00399,4,recent_curve_mult,0.0128
MED00400,4,recent_curve_mult,0.01136
MED00401,4,recent_curve_mult,-0.00506
MED00402,4,recent_curve_mult,-0.00562
MED00403,4,recent_curve_mult,0.00981
MED00404,4,recent_curve_mult,-0.0076
MED00405,4,recent_curve_mult,-0.01143
MED00406,4,recent_curve_mult,-0.00791
MED00407,4,recent_curve_mult,-0.00713
MED00408,4,recent_curve_mult,-0.00777
MED00409,4,recent_curve_mult,0.00549
MED00410,4,recent_curve_mult,-0.00133
MED00411,4,recent_curve_mult,-0.00061
MED00412,4,recent_curve_mult,-0.00128
MED00413,4,recent_curve_mult,-0.00945
MED00414,4,recent_curve_mult,0.00211
MED00415,4,recent_curve_mult,-0.00069
MED00416,4,recent_curve_mult,-0.00312
MED00417,4,recent_curve_mult,-0.00453
MED00418,4,recent_curve_mult,-0.00784
MED00419,4,recent_curve_mult,-0.00999
MED00420,4,recent_curve_mult,0.00125
MED00421,4,recent_curve_mult,-0.00448
MED00422,4,recent_curve_mult,-0.00361
MED00423,4,recent_curve_mult,0.00024
MED00424,4,recent_curve_mult,-0.00391
MED00001,5,recent_curve_mult,0.00669
MED00002,5,recent_curve_mult,0.0005
MED00003,5,recent_curve_mult,0.00471
MED00004,5,recent_curve_mult,-0.00139
MED00005,5,recent_curve_mult,-0.00066
MED00006,5,recent_curve_mult,-0.00258
MED00007,5,recent_curve_mult,-0.01058
MED00008,5,recent_curve_mult,0.0055
MED00009,5,recent_curve_mult,0.00845
MED00010,5,recent_curve_mult,0.00227
MED00011,5,recent_curve_mult,0.01292
MED00012,5,recent_curve_mult,-0.0057
MED00013,5,recent_curve_mult,-0.00136
MED00014,5,recent_curve_mult,-0.01472
MED00015,5,recent_curve_mult,0.00095
MED00016,5,recent_curve_mult,-0.00438
MED00017,5,recent_curve_mult,-0.00159
MED00018,5,recent_curve_mult,0.01022
MED00019,5,recent_curve_mult,0.00944
MED00020,5,recent_curve_mult,0.01018
MED00021,5,recent_curve_mult,-0.00833
MED00022,5,recent_curve_mult,-0.00586
MED00023,5,recent_curve_mult,0.00521
MED00024,5,recent_curve_mult,-0.00584
MED00025,5,recent_curve_mult,0.00416
MED00026,5,recent_curve_mult,0.00849
MED00027,5,recent_curve_mult,0.00512
MED00028,5,recent_curve_mult,0.00161
MED00029,5,recent_curve_mult,-0.00537
MED00030,5,recent_curve_mult,-0.00893
MED00031,5,recent_curve_mult,-0.00378
MED00032,5,recent_curve_mult,0.00065
MED00033,5,recent_curve_mult,-0.00012
MED00034,5,recent_curve_mult,0.00892
MED00035,5,recent_curve_mult,0.00899
MED00036,5,recent_curve_mult,-0.00192
MED00037,5,recent_curve_mult,0.00188
MED00038,5,recent_curve_mult,-0.00439
MED00040,5,recent_curve_mult,0.00582
MED00041,5,recent_curve_mult,0.00197
MED00042,5,recent_curve_mult,0.00656
MED00043,5,recent_curve_mult,0.00526
MED00044,5,recent_curve_mult,-0.00676
MED00045,5,recent_curve_mult,0.00396
MED00046,5,recent_curve_mult,-0.00865
MED00047,5,recent_curve_mult,-0.00744
MED00048,5,recent_curve_mult,-0.00355
MED00049,5,recent_curve_mult,0.00332
MED00050,5,recent_curve_mult,0.00339
MED00051,5,recent_curve_mult,0.00211
MED00052,5,recent_curve_mult,0.00591
MED00053,5,recent_curve_mult,0.00316
MED00054,5,recent_curve_mult,0.00659
MED00055,5,recent_curve_mult,0.00666
MED00056,5,recent_curve_mult,0.00402
MED00057,5,recent_curve_mult,0.01026
MED00058,5,recent_curve_mult,-0.00484
MED00059,5,recent_curve_mult,-0.00549
MED00060,5,recent_curve_mult,-0.00248
MED00061,5,recent_curve_mult,-0.00067
MED00062,5,recent_curve_mult,0.00094
MED00063,5,recent_curve_mult,0.00315
MED00064,5,recent_curve_mult,-0.0064
MED00065,5,recent_curve_mult,0.00039
MED00066,5,recent_curve_mult,-0.00127
MED00067,5,recent_curve_mult,-0.00424
MED00068,5,recent_curve_mult,-0.00495
MED00069,5,recent_curve_mult,-0.00806
MED00070,5,recent_curve_mult,-0.00376
MED00071,5,recent_curve_mult,-0.00653
MED00072,5,recent_curve_mult,-0.00506
MED00073,5,recent_curve_mult,-0.00674
MED00074,5,recent_curve_mult,-0.00536
MED00075,5,recent_curve_mult,-0.00264
MED00076,5,recent_curve_mult,0.00348
MED00077,5,recent_curve_mult,-0.00871
MED00078,5,recent_curve_mult,-0.0194
MED00079,5,recent_curve_mult,0.01414
MED00080,5,recent_curve_mult,-0.0066
MED00081,5,recent_curve_mult,0.00474
MED00082,5,recent_curve_mult,-0.00789
MED00083,5,recent_curve_mult,-0.00594
MED00084,5,recent_curve_mult,0.00713
MED00085,5,recent_curve_mult,-0.00159
MED00086,5,recent_curve_mult,0.00393
MED00087,5,recent_curve_mult,-0.00561
MED00088,5,recent_curve_mult,0.00793
MED00089,5,recent_curve_mult,0.01693
MED00090,5,recent_curve_mult,0.00698
MED00091,5,recent_curve_mult,-0.00618
MED00092,5,recent_curve_mult,-0.0016
MED00093,5,recent_curve_mult,0.00509
MED00094,5,recent_curve_mult,0.00835
MED00095,5,recent_curve_mult,-0.00243
MED00096,5,recent_curve_mult,-0.00798
MED00097,5,recent_curve_mult,0.0082
MED00098,5,recent_curve_mult,-0.00314
MED00099,5,recent_curve_mult,0.01022
MED00100,5,recent_curve_mult,0.00276
MED00101,5,recent_curve_mult,-0.00717
MED00102,5,recent_curve_mult,0.00844
MED00103,5,recent_curve_mult,-0.01063
MED00104,5,recent_curve_mult,-0.01057
MED00105,5,recent_curve_mult,0.00883
MED00106,5,recent_curve_mult,0.00266
MED00107,5,recent_curve_mult,-0.00743
MED00108,5,recent_curve_mult,-0.00118
MED00109,5,recent_curve_mult,-0.00077
MED00110,5,recent_curve_mult,-0.00296
MED00111,5,recent_curve_mult,-0.00041
MED00112,5,recent_curve_mult,-0.00566
MED00113,5,recent_curve_mult,-0.00298
MED00114,5,recent_curve_mult,0.00294
MED00115,5,recent_curve_mult,-0.00355
MED00116,5,recent_curve_mult,-0.01372
MED00117,5,recent_curve_mult,-0.0054
MED00118,5,recent_curve_mult,-0.00103
MED00119,5,recent_curve_mult,-0.00284
MED00120,5,recent_curve_mult,0.01203
MED00121,5,recent_curve_mult,0.00605
MED00122,5,recent_curve_mult,-0.00329
MED00123,5,recent_curve_mult,-0.00471
MED00124,5,recent_curve_mult,-0.01034
MED00125,5,recent_curve_mult,0.00375
MED00126,5,recent_curve_mult,-0.00362
MED00127,5,recent_curve_mult,-0.00943
MED00128,5,recent_curve_mult,-0.00646
MED00129,5,recent_curve_mult,0.00287
MED00130,5,recent_curve_mult,0.0035
MED00131,5,recent_curve_mult,-0.00507
MED00132,5,recent_curve_mult,-0.00507
MED00134,5,recent_curve_mult,0.00174
MED00135,5,recent_curve_mult,0.01097
MED00136,5,recent_curve_mult,0.00703
MED00137,5,recent_curve_mult,0.00578
MED00138,5,recent_curve_mult,0.00496
MED00139,5,recent_curve_mult,0.00617
MED00140,5,recent_curve_mult,-0.00184
MED00141,5,recent_curve_mult,-0.00694
MED00142,5,recent_curve_mult,0.00576
MED00143,5,recent_curve_mult,-0.00302
MED00144,5,recent_curve_mult,0.0105
MED00145,5,recent_curve_mult,0.00223
MED00146,5,recent_curve_mult,-0.00538
MED00147,5,recent_curve_mult,-0.00142
MED00148,5,recent_curve_mult,-0.00476
MED00149,5,recent_curve_mult,-0.00452
MED00150,5,recent_curve_mult,0.00324
MED00151,5,recent_curve_mult,-0.00353
MED00152,5,recent_curve_mult,-0.00585
MED00153,5,recent_curve_mult,-0.00553
MED00154,5,recent_curve_mult,-0.01272
MED00155,5,recent_curve_mult,-0.00198
MED00156,5,recent_curve_mult,0.00085
MED00157,5,recent_curve_mult,-0.01075
MED00158,5,recent_curve_mult,0.0064
MED00159,5,recent_curve_mult,0.01145
MED00160,5,recent_curve_mult,-0.00401
MED00161,5,recent_curve_mult,-0.00836
MED00162,5,recent_curve_mult,-0.00754
MED00163,5,recent_curve_mult,0.00072
MED00164,5,recent_curve_mult,-0.00632
MED00165,5,recent_curve_mult,0.00781
MED00166,5,recent_curve_mult,-0.00779
MED00167,5,recent_curve_mult,-0.00267
MED00168,5,recent_curve_mult,0.00574
MED00169,5,recent_curve_mult,-0.00473
MED00170,5,recent_curve_mult,-0.00265
MED00171,5,recent_curve_mult,-0.00593
MED00172,5,recent_curve_mult,0.00558
MED00173,5,recent_curve_mult,-0.00931
MED00174,5,recent_curve_mult,-0.01458
MED00175,5,recent_curve_mult,0.00989
MED00176,5,recent_curve_mult,0.01279
MED00177,5,recent_curve_mult,0.00498
MED00178,5,recent_curve_mult,0.00025
MED00179,5,recent_curve_mult,0.00573
MED00180,5,recent_curve_mult,-0.00545
MED00181,5,recent_curve_mult,-0.00767
MED00182,5,recent_curve_mult,0.00726
MED00183,5,recent_curve_mult,0.01419
MED00184,5,recent_curve_mult,0.00221
MED00185,5,recent_curve_mult,0.00164
MED00186,5,recent_curve_mult,-0.00406
MED00187,5,recent_curve_mult,-0.00767
MED00188,5,recent_curve_mult,-0.00692
MED00189,5,recent_curve_mult,0.00334
MED00190,5,recent_curve_mult,-0.00465
MED00191,5,recent_curve_mult,-0.00181
MED00193,5,recent_curve_mult,0.00175
MED00194,5,recent_curve_mult,0.00389
MED00195,5,recent_curve_mult,0.01304
MED00196,5,recent_curve_mult,0.00278
MED00197,5,recent_curve_mult,0.00368
MED00198,5,recent_curve_mult,-0.00261
MED00199,5,recent_curve_mult,0.00911
MED00200,5,recent_curve_mult,0.00284
MED00201,5,recent_curve_mult,-0.00688
MED00202,5,recent_curve_mult,-0.0083
MED00203,5,recent_curve_mult,-0.00559
MED00204,5,recent_curve_mult,0.00445
MED00205,5,recent_curve_mult,0.00644
MED00206,5,recent_curve_mult,-0.00043
MED00207,5,recent_curve_mult,-0.00759
MED00208,5,recent_curve_mult,0.00894
MED00209,5,recent_curve_mult,-0.00556
MED00210,5,recent_curve_mult,0.00565
MED00211,5,recent_curve_mult,-0.00453
MED00212,5,recent_curve_mult,-0.00396
MED00213,5,recent_curve_mult,-0.00492
MED00214,5,recent_curve_mult,-0.00169
MED00215,5,recent_curve_mult,-0.00251
MED00216,5,recent_curve_mult,0.0021
MED00217,5,recent_curve_mult,0.00314
MED00218,5,recent_curve_mult,-0.00571
MED00219,5,recent_curve_mult,0.0134
MED00220,5,recent_curve_mult,-0.00685
MED00221,5,recent_curve_mult,-0.00749
MED00222,5,recent_curve_mult,0.006
MED00223,5,recent_curve_mult,-0.00511
MED00224,5,recent_curve_mult,-0.00275
MED00225,5,recent_curve_mult,-0.00598
MED00226,5,recent_curve_mult,-0.0088
MED00227,5,recent_curve_mult,-0.01106
MED00228,5,recent_curve_mult,0.00849
MED00229,5,recent_curve_mult,-0.00648
MED00230,5,recent_curve_mult,-0.01392
MED00231,5,recent_curve_mult,0.00115
MED00232,5,recent_curve_mult,0.00721
MED00233,5,recent_curve_mult,0.00347
MED00234,5,recent_curve_mult,-0.00279
MED00235,5,recent_curve_mult,0.007
MED00236,5,recent_curve_mult,-0.00763
MED00237,5,recent_curve_mult,-0.00704
MED00238,5,recent_curve_mult,-0.00374
MED00239,5,recent_curve_mult,-0.00104
MED00240,5,recent_curve_mult,-0.00736
MED00241,5,recent_curve_mult,-0.00575
MED00242,5,recent_curve_mult,0.00823
MED00243,5,recent_curve_mult,0.00057
MED00244,5,recent_curve_mult,-0.00597
MED00245,5,recent_curve_mult,0.00313
MED00246,5,recent_curve_mult,-0.00367
MED00247,5,recent_curve_mult,-0.00321
MED00248,5,recent_curve_mult,-0.00313
MED00249,5,recent_curve_mult,0.00503
MED00250,5,recent_curve_mult,-0.00343
MED00251,5,recent_curve_mult,-0.00581
MED00252,5,recent_curve_mult,0.00388
MED00253,5,recent_curve_mult,-0.00475
MED00254,5,recent_curve_mult,0.00214
MED00255,5,recent_curve_mult,0.00264
MED00256,5,recent_curve_mult,-0.00789
MED00257,5,recent_curve_mult,-0.00718
MED00258,5,recent_curve_mult,-0.0044
MED00259,5,recent_curve_mult,-0.00248
MED00260,5,recent_curve_mult,0.00429
MED00262,5,recent_curve_mult,-0.00343
MED00263,5,recent_curve_mult,-0.00262
MED00264,5,recent_curve_mult,-0.00104
MED00265,5,recent_curve_mult,-0.00782
MED00266,5,recent_curve_mult,0.01642
MED00267,5,recent_curve_mult,0.00477
MED00268,5,recent_curve_mult,-0.00442
MED00269,5,recent_curve_mult,-0.0047
MED00270,5,recent_curve_mult,-0.00553
MED00271,5,recent_curve_mult,-0.00275
MED00272,5,recent_curve_mult,0.01053
MED00273,5,recent_curve_mult,-0.00047
MED00274,5,recent_curve_mult,-0.00444
MED00275,5,recent_curve_mult,0.00983
MED00276,5,recent_curve_mult,-0.00333
MED00277,5,recent_curve_mult,0.0034
MED00278,5,recent_curve_mult,-0.00587
MED00279,5,recent_curve_mult,0.01156
MED00280,5,recent_curve_mult,0.00265
MED00281,5,recent_curve_mult,0.00807
MED00282,5,recent_curve_mult,0.00672
MED00283,5,recent_curve_mult,-0.01365
MED00284,5,recent_curve_mult,-0.00569
MED00285,5,recent_curve_mult,-0.00832
MED00286,5,recent_curve_mult,-0.00768
MED00287,5,recent_curve_mult,-0.00264
MED00288,5,recent_curve_mult,-0.00885
MED00289,5,recent_curve_mult,-0.00646
MED00290,5,recent_curve_mult,-0.0028
MED00291,5,recent_curve_mult,-0.01843
MED00292,5,recent_curve_mult,-0.00299
MED00293,5,recent_curve_mult,-0.00301
MED00294,5,recent_curve_mult,-0.00799
MED00295,5,recent_curve_mult,0.00662
MED00296,5,recent_curve_mult,-0.00653
MED00297,5,recent_curve_mult,-0.0095
MED00298,5,recent_curve_mult,-0.00257
MED00299,5,recent_curve_mult,-0.0004
MED00300,5,recent_curve_mult,-0.00745
MED00301,5,recent_curve_mult,-0.00868
MED00302,5,recent_curve_mult,0.00404
MED00303,5,recent_curve_mult,-0.01734
MED00304,5,recent_curve_mult,-0.00875
MED00305,5,recent_curve_mult,-0.00831
MED00306,5,recent_curve_mult,0.01353
MED00307,5,recent_curve_mult,0.0177
MED00308,5,recent_curve_mult,0.00419
MED00309,5,recent_curve_mult,-0.0092
MED00310,5,recent_curve_mult,0.0007
MED00311,5,recent_curve_mult,-0.00998
MED00312,5,recent_curve_mult,-0.00956
MED00313,5,recent_curve_mult,0.00017
MED00314,5,recent_curve_mult,0.01073
MED00315,5,recent_curve_mult,-0.00375
MED00316,5,recent_curve_mult,-0.00157
MED00317,5,recent_curve_mult,-0.00589
MED00318,5,recent_curve_mult,-0.00663
MED00319,5,recent_curve_mult,-0.00691
MED00320,5,recent_curve_mult,-0.01911
MED00321,5,recent_curve_mult,0.00447
MED00322,5,recent_curve_mult,0.00323
MED00323,5,recent_curve_mult,-0.00507
MED00324,5,recent_curve_mult,0.00313
MED00325,5,recent_curve_mult,-0.00686
MED00326,5,recent_curve_mult,-0.00815
MED00327,5,recent_curve_mult,0.00533
MED00328,5,recent_curve_mult,-0.00477
MED00329,5,recent_curve_mult,-0.00881
MED00330,5,recent_curve_mult,-0.00976
MED00331,5,recent_curve_mult,-0.00282
MED00332,5,recent_curve_mult,-0.00445
MED00333,5,recent_curve_mult,-0.00697
MED00334,5,recent_curve_mult,-0.01559
MED00335,5,recent_curve_mult,0.00739
MED00336,5,recent_curve_mult,-0.00721
MED00337,5,recent_curve_mult,0.01163
MED00338,5,recent_curve_mult,0.0108
MED00339,5,recent_curve_mult,-0.00218
MED00340,5,recent_curve_mult,0.01653
MED00341,5,recent_curve_mult,0.01115
MED00342,5,recent_curve_mult,-0.00458
MED00343,5,recent_curve_mult,-0.00381
MED00344,5,recent_curve_mult,0.01156
MED00345,5,recent_curve_mult,0.00362
MED00346,5,recent_curve_mult,-0.00118
MED00347,5,recent_curve_mult,0.00216
MED00348,5,recent_curve_mult,-0.00387
MED00349,5,recent_curve_mult,-0.00258
MED00350,5,recent_curve_mult,0.00146
MED00351,5,recent_curve_mult,0.00388
MED00352,5,recent_curve_mult,0.00021
MED00353,5,recent_curve_mult,0.00015
MED00354,5,recent_curve_mult,-0.00136
MED00355,5,recent_curve_mult,0.00342
MED00356,5,recent_curve_mult,-0.00417
MED00357,5,recent_curve_mult,0.00116
MED00358,5,recent_curve_mult,0.00068
MED00359,5,recent_curve_mult,-0.00665
MED00360,5,recent_curve_mult,-0.00509
MED00361,5,recent_curve_mult,-0.00508
MED00362,5,recent_curve_mult,-0.00612
MED00363,5,recent_curve_mult,-0.00458
MED00364,5,recent_curve_mult,0.00131
MED00365,5,recent_curve_mult,-0.00388
MED00366,5,recent_curve_mult,-0.00058
MED00367,5,recent_curve_mult,0.00756
MED00368,5,recent_curve_mult,-0.00275
MED00369,5,recent_curve_mult,-0.0062
MED00370,5,recent_curve_mult,0.0071
MED00371,5,recent_curve_mult,0.01634
MED00372,5,recent_curve_mult,0.00285
MED00373,5,recent_curve_mult,0.00521
MED00374,5,recent_curve_mult,0.00061
MED00375,5,recent_curve_mult,0.01183
MED00376,5,recent_curve_mult,-0.00589
MED00377,5,recent_curve_mult,0.00446
MED00378,5,recent_curve_mult,-0.00813
MED00379,5,recent_curve_mult,0.00375
MED00380,5,recent_curve_mult,-0.00353
MED00381,5,recent_curve_mult,0.00194
MED00382,5,recent_curve_mult,-0.00359
MED00383,5,recent_curve_mult,0.01033
MED00384,5,recent_curve_mult,-0.00548
MED00385,5,recent_curve_mult,-0.00783
MED00386,5,recent_curve_mult,0.00777
MED00387,5,recent_curve_mult,-0.009
MED00388,5,recent_curve_mult,0.00889
MED00389,5,recent_curve_mult,-0.00659
MED00390,5,recent_curve_mult,-0.00166
MED00391,5,recent_curve_mult,0.0073
MED00392,5,recent_curve_mult,0.0066
MED00393,5,recent_curve_mult,-0.0186
MED00394,5,recent_curve_mult,-0.00807
MED00395,5,recent_curve_mult,-0.00571
MED00396,5,recent_curve_mult,0.00473
MED00397,5,recent_curve_mult,0.01243
MED00398,5,recent_curve_mult,0.00979
MED00399,5,recent_curve_mult,0.01289
MED00400,5,recent_curve_mult,0.01037
MED00401,5,recent_curve_mult,-0.00517
MED00402,5,recent_curve_mult,-0.0054
MED00403,5,recent_curve_mult,0.00999
MED00404,5,recent_curve_mult,-0.00798
MED00405,5,recent_curve_mult,-0.0107
MED00406,5,recent_curve_mult,-0.00756
MED00407,5,recent_curve_mult,-0.00563
MED00408,5,recent_curve_mult,-0.00827
MED00409,5,recent_curve_mult,0.00493
MED00410,5,recent_curve_mult,-0.00101
MED00411,5,recent_curve_mult,0.0013
MED00412,5,recent_curve_mult,-0.00049
MED00413,5,recent_curve_mult,-0.00903
MED00414,5,recent_curve_mult,0.00315
MED00416,5,recent_curve_mult,-0.00183
MED00417,5,recent_curve_mult,-0.00373
MED00418,5,recent_curve_mult,-0.0081
MED00419,5,recent_curve_mult,-0.00936
MED00420,5,recent_curve_mult,0.00457
MED00421,5,recent_curve_mult,-0.00303
MED00422,5,recent_curve_mult,-0.0033
MED00423,5,recent_curve_mult,0.00156
MED00424,5,recent_curve_mult,-0.00452
MED00001,6,recent_curve_mult,0.01487
MED00002,6,recent_curve_mult,0.00031
MED00003,6,recent_curve_mult,0.00449
MED00004,6,recent_curve_mult,-0.00174
MED00005,6,recent_curve_mult,-0.00087
MED00006,6,recent_curve_mult,0.00117
MED00007,6,recent_curve_mult,-0.00698
MED00008,6,recent_curve_mult,0.00527
MED00009,6,recent_curve_mult,0.01341
MED00010,6,recent_curve_mult,0.00058
MED00011,6,recent_curve_mult,0.00893
MED00012,6,recent_curve_mult,-0.00142
MED00013,6,recent_curve_mult,0.00119
MED00014,6,recent_curve_mult,-0.01046
MED00015,6,recent_curve_mult,0.00343
MED00016,6,recent_curve_mult,-0.00215
MED00017,6,recent_curve_mult,0.00123
MED00018,6,recent_curve_mult,0.00931
MED00019,6,recent_curve_mult,0.00915
MED00020,6,recent_curve_mult,0.01927
MED00022,6,recent_curve_mult,0.00203
MED00023,6,recent_curve_mult,0.00899
MED00024,6,recent_curve_mult,0.00322
MED00025,6,recent_curve_mult,0.00349
MED00026,6,recent_curve_mult,0.00779
MED00027,6,recent_curve_mult,0.00427
MED00028,6,recent_curve_mult,0.00528
MED00029,6,recent_curve_mult,0.00173
MED00030,6,recent_curve_mult,-0.00039
MED00031,6,recent_curve_mult,0.00722
MED00032,6,recent_curve_mult,0.00365
MED00033,6,recent_curve_mult,-0.00046
MED00034,6,recent_curve_mult,0.00789
MED00035,6,recent_curve_mult,0.00866
MED00036,6,recent_curve_mult,0.01152
MED00037,6,recent_curve_mult,0.00162
MED00038,6,recent_curve_mult,0.00449
MED00039,6,recent_curve_mult,-0.00133
MED00040,6,recent_curve_mult,0.00562
MED00041,6,recent_curve_mult,0.00976
MED00042,6,recent_curve_mult,0.00559
MED00043,6,recent_curve_mult,0.00504
MED00044,6,recent_curve_mult,0.00281
MED00045,6,recent_curve_mult,0.00367
MED00046,6,recent_curve_mult,0.00187
MED00047,6,recent_curve_mult,-0.00365
MED00048,6,recent_curve_mult,-0.0002
MED00049,6,recent_curve_mult,0.00297
MED00050,6,recent_curve_mult,0.00303
MED00051,6,recent_curve_mult,0.00191
MED00052,6,recent_curve_mult,0.00578
MED00053,6,recent_curve_mult,0.01128
MED00054,6,recent_curve_mult,0.0115
MED00055,6,recent_curve_mult,0.00605
MED00056,6,recent_curve_mult,0.00644
MED00057,6,recent_curve_mult,0.01456
MED00058,6,recent_curve_mult,-0.00035
MED00059,6,recent_curve_mult,-0.00122
MED00060,6,recent_curve_mult,0.00053
MED00061,6,recent_curve_mult,0.00291
MED00062,6,recent_curve_mult,0.00436
MED00063,6,recent_curve_mult,0.00282
MED00064,6,recent_curve_mult,-0.00282
MED00065,6,recent_curve_mult,0.00357
MED00066,6,recent_curve_mult,0.00117
MED00067,6,recent_curve_mult,-0.00168
MED00068,6,recent_curve_mult,0.00401
MED00069,6,recent_curve_mult,0.00094
MED00070,6,recent_curve_mult,0.00515
MED00071,6,recent_curve_mult,0.00276
MED00072,6,recent_curve_mult,0.00426
MED00073,6,recent_curve_mult,0.00212
MED00074,6,recent_curve_mult,0.0036
MED00075,6,recent_curve_mult,0.00555
MED00076,6,recent_curve_mult,0.00338
MED00077,6,recent_curve_mult,-0.00048
MED00078,6,recent_curve_mult,0.00165
MED00079,6,recent_curve_mult,0.0086
MED00080,6,recent_curve_mult,0.00275
MED00081,6,recent_curve_mult,0.0046
MED00082,6,recent_curve_mult,0.00098
MED00083,6,recent_curve_mult,0.00261
MED00084,6,recent_curve_mult,0.0023
MED00085,6,recent_curve_mult,0.00087
MED00086,6,recent_curve_mult,0.00353
MED00087,6,recent_curve_mult,-0.00094
MED00088,6,recent_curve_mult,0.00746
MED00089,6,recent_curve_mult,0.01058
MED00090,6,recent_curve_mult,0.01044
MED00091,6,recent_curve_mult,0.00295
MED00092,6,recent_curve_mult,0.00075
MED00093,6,recent_curve_mult,0.00473
MED00094,6,recent_curve_mult,0.00769
MED00095,6,recent_curve_mult,0.00098
MED00096,6,recent_curve_mult,-0.00355
MED00097,6,recent_curve_mult,0.0078
MED00099,6,recent_curve_mult,0.00934
MED00100,6,recent_curve_mult,0.00258
MED00101,6,recent_curve_mult,-0.00457
MED00102,6,recent_curve_mult,0.0083
MED00103,6,recent_curve_mult,-0.0059
MED00104,6,recent_curve_mult,-0.00723
MED00105,6,recent_curve_mult,0.00872
MED00106,6,recent_curve_mult,0.00234
MED00107,6,recent_curve_mult,-0.00487
MED00108,6,recent_curve_mult,0.00181
MED00109,6,recent_curve_mult,-0.00102
MED00110,6,recent_curve_mult,-0.00321
MED00111,6,recent_curve_mult,0.00314
MED00112,6,recent_curve_mult,-0.00269
MED00113,6,recent_curve_mult,-0.00069
MED00114,6,recent_curve_mult,0.01936
MED00115,6,recent_curve_mult,-0.0011
MED00116,6,recent_curve_mult,-0.00962
MED00117,6,recent_curve_mult,0.00926
MED00118,6,recent_curve_mult,0.00153
MED00119,6,recent_curve_mult,-0.00061
MED00120,6,recent_curve_mult,0.00813
MED00121,6,recent_curve_mult,0.00576
MED00122,6,recent_curve_mult,-0.00065
MED00123,6,recent_curve_mult,0.01076
MED00124,6,recent_curve_mult,-0.00703
MED00125,6,recent_curve_mult,0.00359
MED00126,6,recent_curve_mult,-0.00393
MED00127,6,recent_curve_mult,0.00582
MED00128,6,recent_curve_mult,-0.00263
MED00129,6,recent_curve_mult,0.0028
MED00130,6,recent_curve_mult,0.00332
MED00131,6,recent_curve_mult,0.00408
MED00132,6,recent_curve_mult,0.01043
MED00133,6,recent_curve_mult,0.00777
MED00134,6,recent_curve_mult,0.00149
MED00135,6,recent_curve_mult,0.00787
MED00136,6,recent_curve_mult,0.01519
MED00137,6,recent_curve_mult,0.00458
MED00138,6,recent_curve_mult,0.00466
MED00139,6,recent_curve_mult,0.00582
MED00140,6,recent_curve_mult,0.00184
MED00141,6,recent_curve_mult,0.00236
MED00142,6,recent_curve_mult,0.00548
MED00143,6,recent_curve_mult,0.00077
MED00144,6,recent_curve_mult,0.01032
MED00145,6,recent_curve_mult,0.00198
MED00146,6,recent_curve_mult,-0.00282
MED00147,6,recent_curve_mult,0.00346
MED00148,6,recent_curve_mult,-0.00127
MED00149,6,recent_curve_mult,-0.00061
MED00150,6,recent_curve_mult,0.00779
MED00151,6,recent_curve_mult,-0.00027
MED00152,6,recent_curve_mult,-0.00256
MED00153,6,recent_curve_mult,-0.00333
MED00154,6,recent_curve_mult,-0.00925
MED00155,6,recent_curve_mult,0.00138
MED00156,6,recent_curve_mult,0.0033
MED00157,6,recent_curve_mult,-0.00812
MED00158,6,recent_curve_mult,0.00556
MED00159,6,recent_curve_mult,0.01065
MED00160,6,recent_curve_mult,-0.00045
MED00161,6,recent_curve_mult,-0.00513
MED00162,6,recent_curve_mult,-0.00255
MED00163,6,recent_curve_mult,0.00489
MED00164,6,recent_curve_mult,0.00308
MED00165,6,recent_curve_mult,0.02368
MED00166,6,recent_curve_mult,-0.0031
MED00167,6,recent_curve_mult,-0.00023
MED00168,6,recent_curve_mult,0.00526
MED00169,6,recent_curve_mult,-0.00109
MED00171,6,recent_curve_mult,-0.00224
MED00172,6,recent_curve_mult,0.00906
MED00173,6,recent_curve_mult,-0.00431
MED00174,6,recent_curve_mult,-0.00985
MED00175,6,recent_curve_mult,0.00759
MED00176,6,recent_curve_mult,0.03315
MED00177,6,recent_curve_mult,0.00453
MED00178,6,recent_curve_mult,0.00888
MED00179,6,recent_curve_mult,0.00333
MED00180,6,recent_curve_mult,-0.00114
MED00181,6,recent_curve_mult,-0.0038
MED00182,6,recent_curve_mult,0.00659
MED00183,6,recent_curve_mult,0.00757
MED00184,6,recent_curve_mult,0.02856
MED00185,6,recent_curve_mult,0.00931
MED00186,6,recent_curve_mult,-0.00132
MED00187,6,recent_curve_mult,0.00296
MED00188,6,recent_curve_mult,-0.00473
MED00189,6,recent_curve_mult,0.00312
MED00190,6,recent_curve_mult,-0.0013
MED00191,6,recent_curve_mult,0.00608
MED00192,6,recent_curve_mult,0.00381
MED00193,6,recent_curve_mult,0.00141
MED00194,6,recent_curve_mult,0.01952
MED00195,6,recent_curve_mult,0.02868
MED00196,6,recent_curve_mult,0.01686
MED00197,6,recent_curve_mult,0.01395
MED00198,6,recent_curve_mult,0.00065
MED00199,6,recent_curve_mult,0.01632
MED00200,6,recent_curve_mult,0.00246
MED00201,6,recent_curve_mult,-0.00368
MED00202,6,recent_curve_mult,-0.00383
MED00203,6,recent_curve_mult,0.00243
MED00204,6,recent_curve_mult,0.00421
MED00205,6,recent_curve_mult,0.00629
MED00206,6,recent_curve_mult,0.00192
MED00207,6,recent_curve_mult,-0.00379
MED00208,6,recent_curve_mult,0.00892
MED00210,6,recent_curve_mult,0.00508
MED00211,6,recent_curve_mult,-0.00028
MED00212,6,recent_curve_mult,0.01129
MED00213,6,recent_curve_mult,-0.00536
MED00214,6,recent_curve_mult,0.00146
MED00215,6,recent_curve_mult,0.00074
MED00216,6,recent_curve_mult,0.00177
MED00217,6,recent_curve_mult,0.00311
MED00218,6,recent_curve_mult,-0.00277
MED00219,6,recent_curve_mult,0.01293
MED00220,6,recent_curve_mult,-0.00195
MED00221,6,recent_curve_mult,0.0031
MED00222,6,recent_curve_mult,0.00575
MED00223,6,recent_curve_mult,0.02188
MED00224,6,recent_curve_mult,0.00205
MED00225,6,recent_curve_mult,-0.00296
MED00226,6,recent_curve_mult,0.00139
MED00227,6,recent_curve_mult,-0.00868
MED00228,6,recent_curve_mult,0.0165
MED00229,6,recent_curve_mult,-0.0067
MED00230,6,recent_curve_mult,-0.01002
MED00231,6,recent_curve_mult,0.00476
MED00232,6,recent_curve_mult,0.00693
MED00233,6,recent_curve_mult,0.01094
MED00234,6,recent_curve_mult,0.0004
MED00235,6,recent_curve_mult,0.00634
MED00236,6,recent_curve_mult,0.00319
MED00237,6,recent_curve_mult,0.00173
MED00238,6,recent_curve_mult,-0.00092
MED00239,6,recent_curve_mult,0.00194
MED00240,6,recent_curve_mult,0.00159
MED00241,6,recent_curve_mult,-0.00295
MED00242,6,recent_curve_mult,0.02377
MED00244,6,recent_curve_mult,-0.00228
MED00245,6,recent_curve_mult,0.01971
MED00246,6,recent_curve_mult,-0.00035
MED00248,6,recent_curve_mult,0.00757
MED00249,6,recent_curve_mult,0.00418
MED00250,6,recent_curve_mult,0.00548
MED00251,6,recent_curve_mult,-0.0025
MED00252,6,recent_curve_mult,0.00376
MED00253,6,recent_curve_mult,-0.0017
MED00254,6,recent_curve_mult,0.00202
MED00255,6,recent_curve_mult,0.01112
MED00256,6,recent_curve_mult,-0.00353
MED00257,6,recent_curve_mult,0.0019
MED00258,6,recent_curve_mult,-0.00082
MED00259,6,recent_curve_mult,0.00072
MED00260,6,recent_curve_mult,0.01345
MED00261,6,recent_curve_mult,0.01284
MED00262,6,recent_curve_mult,0.00554
MED00263,6,recent_curve_mult,-0.0003
MED00264,6,recent_curve_mult,-0.00128
MED00265,6,recent_curve_mult,-0.0056
MED00266,6,recent_curve_mult,0.01332
MED00267,6,recent_curve_mult,0.00448
MED00268,6,recent_curve_mult,-0.00079
MED00269,6,recent_curve_mult,-0.00182
MED00270,6,recent_curve_mult,-0.00318
MED00271,6,recent_curve_mult,-0.00011
MED00272,6,recent_curve_mult,0.01544
MED00273,6,recent_curve_mult,0.0074
MED00274,6,recent_curve_mult,0.0108
MED00275,6,recent_curve_mult,0.01801
MED00276,6,recent_curve_mult,0.00038
MED00277,6,recent_curve_mult,0.00318
MED00278,6,recent_curve_mult,-0.00255
MED00279,6,recent_curve_mult,0.02771
MED00280,6,recent_curve_mult,0.00249
MED00281,6,recent_curve_mult,0.01622
MED00282,6,recent_curve_mult,0.01489
MED00283,6,recent_curve_mult,-0.00592
MED00284,6,recent_curve_mult,0.00391
MED00285,6,recent_curve_mult,-0.00482
MED00286,6,recent_curve_mult,-0.00348
MED00287,6,recent_curve_mult,0.00064
MED00288,6,recent_curve_mult,-0.00548
MED00289,6,recent_curve_mult,0.00146
MED00290,6,recent_curve_mult,0.0006
MED00291,6,recent_curve_mult,-0.01052
MED00292,6,recent_curve_mult,0.00083
MED00293,6,recent_curve_mult,0.00098
MED00294,6,recent_curve_mult,0.00244
MED00295,6,recent_curve_mult,0.00587
MED00296,6,recent_curve_mult,-0.00314
MED00297,6,recent_curve_mult,-0.00661
MED00299,6,recent_curve_mult,-0.00071
MED00300,6,recent_curve_mult,-0.00375
MED00301,6,recent_curve_mult,-0.00521
MED00302,6,recent_curve_mult,0.00269
MED00303,6,recent_curve_mult,0.00029
MED00305,6,recent_curve_mult,-0.00407
MED00306,6,recent_curve_mult,0.01284
MED00307,6,recent_curve_mult,0.03408
MED00308,6,recent_curve_mult,0.01403
MED00309,6,recent_curve_mult,0.00057
MED00310,6,recent_curve_mult,0.00425
MED00311,6,recent_curve_mult,-0.00088
MED00312,6,recent_curve_mult,0.00564
MED00314,6,recent_curve_mult,0.00714
MED00315,6,recent_curve_mult,-0.00043
MED00316,6,recent_curve_mult,0.0021
MED00317,6,recent_curve_mult,-0.00168
MED00318,6,recent_curve_mult,0.00192
MED00319,6,recent_curve_mult,-0.00365
MED00320,6,recent_curve_mult,-0.01102
MED00321,6,recent_curve_mult,0.00427
MED00322,6,recent_curve_mult,0.00295
MED00323,6,recent_curve_mult,0.01035
MED00324,6,recent_curve_mult,0.01089
MED00325,6,recent_curve_mult,-0.00367
MED00326,6,recent_curve_mult,-0.00488
MED00327,6,recent_curve_mult,0.00513
MED00328,6,recent_curve_mult,-0.0013
MED00329,6,recent_curve_mult,-0.00547
MED00330,6,recent_curve_mult,-0.00644
MED00331,6,recent_curve_mult,0.0004
MED00332,6,recent_curve_mult,-0.00124
MED00333,6,recent_curve_mult,-0.00554
MED00334,6,recent_curve_mult,-0.01123
MED00335,6,recent_curve_mult,0.00568
MED00336,6,recent_curve_mult,-0.00397
MED00337,6,recent_curve_mult,0.0301
MED00338,6,recent_curve_mult,0.00646
MED00339,6,recent_curve_mult,0.00768
MED00340,6,recent_curve_mult,0.014
MED00341,6,recent_curve_mult,0.01081
MED00342,6,recent_curve_mult,-0.00188
MED00343,6,recent_curve_mult,-0.00051
MED00344,6,recent_curve_mult,0.01137
MED00345,6,recent_curve_mult,0.00328
MED00346,6,recent_curve_mult,0.00192
MED00347,6,recent_curve_mult,0.00196
MED00348,6,recent_curve_mult,-0.00065
MED00349,6,recent_curve_mult,0.0008
MED00350,6,recent_curve_mult,0.00128
MED00351,6,recent_curve_mult,0.00358
MED00353,6,recent_curve_mult,-0.00028
MED00354,6,recent_curve_mult,-0.00172
MED00355,6,recent_curve_mult,0.00661
MED00356,6,recent_curve_mult,-0.00163
MED00357,6,recent_curve_mult,0.0011
MED00358,6,recent_curve_mult,0.00451
MED00359,6,recent_curve_mult,-0.00241
MED00360,6,recent_curve_mult,-0.00192
MED00361,6,recent_curve_mult,-0.003
MED00362,6,recent_curve_mult,-0.00199
MED00363,6,recent_curve_mult,-0.00116
MED00364,6,recent_curve_mult,0.00111
MED00365,6,recent_curve_mult,-0.00054
MED00366,6,recent_curve_mult,0.00263
MED00367,6,recent_curve_mult,0.00725
MED00368,6,recent_curve_mult,-0.0005
MED00369,6,recent_curve_mult,0.00237
MED00370,6,recent_curve_mult,0.01539
MED00371,6,recent_curve_mult,0.00985
MED00372,6,recent_curve_mult,0.00263
MED00373,6,recent_curve_mult,0.00515
MED00374,6,recent_curve_mult,0.00313
MED00375,6,recent_curve_mult,0.01045
MED00376,6,recent_curve_mult,-0.0026
MED00377,6,recent_curve_mult,0.01587
MED00378,6,recent_curve_mult,-0.0056
MED00379,6,recent_curve_mult,0.0036
MED00380,6,recent_curve_mult,-0.00379
MED00381,6,recent_curve_mult,0.00175
MED00382,6,recent_curve_mult,0.00115
MED00383,6,recent_curve_mult,0.01018
MED00384,6,recent_curve_mult,-0.00179
MED00385,6,recent_curve_mult,-0.00391
MED00386,6,recent_curve_mult,0.00724
MED00387,6,recent_curve_mult,-0.00113
MED00388,6,recent_curve_mult,0.00463
MED00389,6,recent_curve_mult,0.00228
MED00390,6,recent_curve_mult,0.00716
MED00391,6,recent_curve_mult,0.01574
MED00392,6,recent_curve_mult,0.01455
MED00393,6,recent_curve_mult,-0.00219
MED00395,6,recent_curve_mult,0.00243
MED00396,6,recent_curve_mult,0.02027
MED00397,6,recent_curve_mult,0.02895
MED00398,6,recent_curve_mult,0.02884
MED00399,6,recent_curve_mult,0.0315
MED00400,6,recent_curve_mult,0.00931
MED00401,6,recent_curve_mult,-0.00113
MED00402,6,recent_curve_mult,0.00387
MED00403,6,recent_curve_mult,0.00888
MED00404,6,recent_curve_mult,-0.00034
MED00405,6,recent_curve_mult,-0.00257
MED00406,6,recent_curve_mult,0.0005
MED00407,6,recent_curve_mult,0.00341
MED00408,6,recent_curve_mult,0.00077
MED00409,6,recent_curve_mult,0.01134
MED00410,6,recent_curve_mult,0.00571
MED00411,6,recent_curve_mult,0.00484
MED00412,6,recent_curve_mult,0.00294
MED00413,6,recent_curve_mult,-0.00376
MED00414,6,recent_curve_mult,0.00647
MED00415,6,recent_curve_mult,0.0034
MED00416,6,recent_curve_mult,0.00186
MED00417,6,recent_curve_mult,-0.00021
MED00418,6,recent_curve_mult,-1e-04
MED00419,6,recent_curve_mult,-0.00123
MED00420,6,recent_curve_mult,0.01277
MED00421,6,recent_curve_mult,0.00517
MED00423,6,recent_curve_mult,0.00944
MED00424,6,recent_curve_mult,-0.00069
MED00001,7,recent_curve_mult,-0.00867
MED00002,7,recent_curve_mult,0.00094
MED00003,7,recent_curve_mult,0.00558
MED00004,7,recent_curve_mult,-0.00019
MED00005,7,recent_curve_mult,0.00198
MED00006,7,recent_curve_mult,-0.00499
MED00007,7,recent_curve_mult,-0.01202
MED00008,7,recent_curve_mult,0.00629
MED00009,7,recent_curve_mult,-0.01009
MED00010,7,recent_curve_mult,0.00239
MED00011,7,recent_curve_mult,0.00825
MED00012,7,recent_curve_mult,-0.00868
MED00013,7,recent_curve_mult,-0.00536
MED00014,7,recent_curve_mult,-0.01809
MED00015,7,recent_curve_mult,-0.00298
MED00016,7,recent_curve_mult,-0.00797
MED00017,7,recent_curve_mult,-0.00584
MED00018,7,recent_curve_mult,0.01031
MED00019,7,recent_curve_mult,0.00699
MED00020,7,recent_curve_mult,-0.00969
MED00021,7,recent_curve_mult,-0.01551
MED00022,7,recent_curve_mult,-0.01192
MED00023,7,recent_curve_mult,-0.00813
MED00024,7,recent_curve_mult,-0.01291
MED00025,7,recent_curve_mult,0.00531
MED00026,7,recent_curve_mult,0.00912
MED00027,7,recent_curve_mult,0.00591
MED00028,7,recent_curve_mult,-0.00208
MED00029,7,recent_curve_mult,-0.01611
MED00030,7,recent_curve_mult,-0.01799
MED00031,7,recent_curve_mult,-0.01313
MED00032,7,recent_curve_mult,-0.00539
MED00033,7,recent_curve_mult,0.0003
MED00034,7,recent_curve_mult,0.01162
MED00035,7,recent_curve_mult,0.00571
MED00036,7,recent_curve_mult,-0.01094
MED00037,7,recent_curve_mult,0.00439
MED00038,7,recent_curve_mult,-0.01067
MED00039,7,recent_curve_mult,0.00197
MED00040,7,recent_curve_mult,0.00265
MED00041,7,recent_curve_mult,-0.00498
MED00042,7,recent_curve_mult,0.00816
MED00043,7,recent_curve_mult,0.00606
MED00044,7,recent_curve_mult,-0.01277
MED00045,7,recent_curve_mult,0.00436
MED00046,7,recent_curve_mult,-0.0136
MED00047,7,recent_curve_mult,-0.01022
MED00048,7,recent_curve_mult,-0.00752
MED00049,7,recent_curve_mult,0.0041
MED00050,7,recent_curve_mult,0.00436
MED00051,7,recent_curve_mult,0.00257
MED00052,7,recent_curve_mult,0.00672
MED00053,7,recent_curve_mult,-0.01055
MED00054,7,recent_curve_mult,-0.01054
MED00055,7,recent_curve_mult,0.00474
MED00056,7,recent_curve_mult,-0.00065
MED00057,7,recent_curve_mult,-0.00118
MED00058,7,recent_curve_mult,-0.00736
MED00059,7,recent_curve_mult,-0.0134
MED00060,7,recent_curve_mult,-0.01011
MED00061,7,recent_curve_mult,-0.00439
MED00062,7,recent_curve_mult,-0.00671
MED00063,7,recent_curve_mult,0.00315
MED00064,7,recent_curve_mult,-0.01094
MED00065,7,recent_curve_mult,-0.00577
MED00066,7,recent_curve_mult,-0.00523
MED00067,7,recent_curve_mult,-0.00777
MED00068,7,recent_curve_mult,-0.0118
MED00069,7,recent_curve_mult,-0.0144
MED00070,7,recent_curve_mult,-0.01073
MED00071,7,recent_curve_mult,-0.01251
MED00072,7,recent_curve_mult,-0.01116
MED00073,7,recent_curve_mult,-0.01315
MED00074,7,recent_curve_mult,-0.0122
MED00075,7,recent_curve_mult,-0.00894
MED00076,7,recent_curve_mult,0.00349
MED00077,7,recent_curve_mult,-0.01311
MED00078,7,recent_curve_mult,-0.01907
MED00079,7,recent_curve_mult,0.00897
MED00080,7,recent_curve_mult,-0.01286
MED00081,7,recent_curve_mult,0.00519
MED00082,7,recent_curve_mult,-0.01519
MED00083,7,recent_curve_mult,-0.01313
MED00084,7,recent_curve_mult,0.00525
MED00085,7,recent_curve_mult,-0.00524
MED00086,7,recent_curve_mult,0.00279
MED00087,7,recent_curve_mult,-0.00784
MED00088,7,recent_curve_mult,0.0056
MED00089,7,recent_curve_mult,0.01431
MED00090,7,recent_curve_mult,-0.00748
MED00091,7,recent_curve_mult,-0.01237
MED00092,7,recent_curve_mult,-0.00525
MED00093,7,recent_curve_mult,0.00614
MED00094,7,recent_curve_mult,0.00845
MED00095,7,recent_curve_mult,-0.00644
MED00096,7,recent_curve_mult,-0.01084
MED00097,7,recent_curve_mult,0.0071
MED00098,7,recent_curve_mult,-0.00722
MED00099,7,recent_curve_mult,0.01084
MED00100,7,recent_curve_mult,0.00304
MED00101,7,recent_curve_mult,-0.01103
MED00102,7,recent_curve_mult,0.00611
MED00103,7,recent_curve_mult,-0.01378
MED00104,7,recent_curve_mult,-0.01456
MED00105,7,recent_curve_mult,0.01018
MED00106,7,recent_curve_mult,0.00291
MED00107,7,recent_curve_mult,-0.01228
MED00108,7,recent_curve_mult,-0.00562
MED00109,7,recent_curve_mult,0.00063
MED00110,7,recent_curve_mult,-0.00149
MED00111,7,recent_curve_mult,-0.00435
MED00112,7,recent_curve_mult,-0.01022
MED00113,7,recent_curve_mult,-0.00674
MED00114,7,recent_curve_mult,-0.01576
MED00115,7,recent_curve_mult,-0.00827
MED00116,7,recent_curve_mult,-0.0171
MED00117,7,recent_curve_mult,-0.0096
MED00118,7,recent_curve_mult,-0.00425
MED00119,7,recent_curve_mult,-0.00778
MED00120,7,recent_curve_mult,0.01269
MED00121,7,recent_curve_mult,0.00744
MED00122,7,recent_curve_mult,-0.00736
MED00123,7,recent_curve_mult,-0.00397
MED00124,7,recent_curve_mult,-0.01436
MED00125,7,recent_curve_mult,0.00461
MED00126,7,recent_curve_mult,-0.00237
MED00127,7,recent_curve_mult,-0.00916
MED00128,7,recent_curve_mult,-0.00974
MED00129,7,recent_curve_mult,0.00373
MED00130,7,recent_curve_mult,0.00339
MED00131,7,recent_curve_mult,-0.01124
MED00132,7,recent_curve_mult,-0.0043
MED00133,7,recent_curve_mult,-0.00692
MED00134,7,recent_curve_mult,0.00305
MED00135,7,recent_curve_mult,0.01201
MED00136,7,recent_curve_mult,-0.00807
MED00137,7,recent_curve_mult,0.00598
MED00138,7,recent_curve_mult,0.00498
MED00139,7,recent_curve_mult,0.00742
MED00140,7,recent_curve_mult,-0.00495
MED00141,7,recent_curve_mult,-0.01353
MED00142,7,recent_curve_mult,0.00467
MED00143,7,recent_curve_mult,-0.00593
MED00144,7,recent_curve_mult,0.01153
MED00145,7,recent_curve_mult,0.00211
MED00146,7,recent_curve_mult,-0.0092
MED00147,7,recent_curve_mult,-0.00671
MED00148,7,recent_curve_mult,-0.01164
MED00149,7,recent_curve_mult,-0.00972
MED00150,7,recent_curve_mult,-0.00998
MED00151,7,recent_curve_mult,-0.00728
MED00152,7,recent_curve_mult,-0.00959
MED00153,7,recent_curve_mult,-0.01074
MED00154,7,recent_curve_mult,-0.01551
MED00155,7,recent_curve_mult,-0.00597
MED00156,7,recent_curve_mult,-0.00559
MED00157,7,recent_curve_mult,-0.01472
MED00158,7,recent_curve_mult,0.0072
MED00159,7,recent_curve_mult,0.01081
MED00160,7,recent_curve_mult,-0.008
MED00161,7,recent_curve_mult,-0.01325
MED00162,7,recent_curve_mult,-0.00971
MED00163,7,recent_curve_mult,-0.00253
MED00164,7,recent_curve_mult,-0.01237
MED00165,7,recent_curve_mult,-0.00935
MED00166,7,recent_curve_mult,-0.01023
MED00167,7,recent_curve_mult,-0.00617
MED00168,7,recent_curve_mult,0.00617
MED00169,7,recent_curve_mult,-0.00744
MED00170,7,recent_curve_mult,-0.00619
MED00171,7,recent_curve_mult,-0.00891
MED00172,7,recent_curve_mult,-0.00776
MED00173,7,recent_curve_mult,-0.01138
MED00174,7,recent_curve_mult,-0.01724
MED00175,7,recent_curve_mult,0.0053
MED00176,7,recent_curve_mult,-0.00986
MED00177,7,recent_curve_mult,0.00583
MED00178,7,recent_curve_mult,-0.00639
MED00179,7,recent_curve_mult,0.00347
MED00180,7,recent_curve_mult,-0.00834
MED00181,7,recent_curve_mult,-0.01134
MED00182,7,recent_curve_mult,0.00829
MED00183,7,recent_curve_mult,0.01184
MED00184,7,recent_curve_mult,-0.00638
MED00185,7,recent_curve_mult,-0.00729
MED00186,7,recent_curve_mult,-0.00849
MED00187,7,recent_curve_mult,-0.01668
MED00188,7,recent_curve_mult,-0.01122
MED00189,7,recent_curve_mult,0.00421
MED00190,7,recent_curve_mult,-0.00917
MED00191,7,recent_curve_mult,-0.01057
MED00192,7,recent_curve_mult,-0.00267
MED00193,7,recent_curve_mult,0.00204
MED00194,7,recent_curve_mult,-0.01443
MED00195,7,recent_curve_mult,-0.00934
MED00196,7,recent_curve_mult,-0.01573
MED00197,7,recent_curve_mult,-0.01286
MED00198,7,recent_curve_mult,-0.00607
MED00199,7,recent_curve_mult,-0.00722
MED00200,7,recent_curve_mult,0.00309
MED00201,7,recent_curve_mult,-0.01395
MED00202,7,recent_curve_mult,-0.01105
MED00203,7,recent_curve_mult,-0.01181
MED00204,7,recent_curve_mult,0.00463
MED00205,7,recent_curve_mult,0.00763
MED00206,7,recent_curve_mult,-0.00634
MED00207,7,recent_curve_mult,-0.0109
MED00208,7,recent_curve_mult,0.01051
MED00209,7,recent_curve_mult,-0.01184
MED00210,7,recent_curve_mult,0.00415
MED00211,7,recent_curve_mult,-0.00607
MED00212,7,recent_curve_mult,-0.01393
MED00213,7,recent_curve_mult,-0.0034
MED00214,7,recent_curve_mult,-0.0067
MED00215,7,recent_curve_mult,-0.00598
MED00216,7,recent_curve_mult,0.00285
MED00217,7,recent_curve_mult,0.00319
MED00218,7,recent_curve_mult,-0.01005
MED00219,7,recent_curve_mult,0.01103
MED00220,7,recent_curve_mult,-0.00925
MED00221,7,recent_curve_mult,-0.0131
MED00222,7,recent_curve_mult,0.00491
MED00223,7,recent_curve_mult,-0.0123
MED00224,7,recent_curve_mult,-0.00475
MED00225,7,recent_curve_mult,-0.01037
MED00226,7,recent_curve_mult,-0.01422
MED00227,7,recent_curve_mult,-0.01369
MED00228,7,recent_curve_mult,-0.00792
MED00229,7,recent_curve_mult,-0.00515
MED00230,7,recent_curve_mult,-0.01778
MED00231,7,recent_curve_mult,-0.00186
MED00232,7,recent_curve_mult,0.00853
MED00233,7,recent_curve_mult,-0.00374
MED00234,7,recent_curve_mult,-0.00625
MED00235,7,recent_curve_mult,0.0076
MED00236,7,recent_curve_mult,-0.0078
MED00237,7,recent_curve_mult,-0.01575
MED00238,7,recent_curve_mult,-0.00916
MED00239,7,recent_curve_mult,-0.00548
MED00240,7,recent_curve_mult,-0.01404
MED00241,7,recent_curve_mult,-0.01021
MED00242,7,recent_curve_mult,-0.0103
MED00243,7,recent_curve_mult,0.00068
MED00244,7,recent_curve_mult,-0.0094
MED00245,7,recent_curve_mult,-0.00716
MED00246,7,recent_curve_mult,-0.00764
MED00247,7,recent_curve_mult,-0.00728
MED00248,7,recent_curve_mult,-0.00524
MED00249,7,recent_curve_mult,0.00477
MED00250,7,recent_curve_mult,-0.01039
MED00251,7,recent_curve_mult,-0.00962
MED00252,7,recent_curve_mult,0.00251
MED00253,7,recent_curve_mult,-0.00917
MED00254,7,recent_curve_mult,0.00077
MED00255,7,recent_curve_mult,-0.00994
MED00256,7,recent_curve_mult,-0.0089
MED00257,7,recent_curve_mult,-0.01369
MED00258,7,recent_curve_mult,-0.008
MED00259,7,recent_curve_mult,-0.00634
MED00260,7,recent_curve_mult,-0.0033
MED00261,7,recent_curve_mult,-0.00604
MED00262,7,recent_curve_mult,-0.01029
MED00263,7,recent_curve_mult,-0.00686
MED00264,7,recent_curve_mult,0.0002
MED00265,7,recent_curve_mult,-0.01189
MED00266,7,recent_curve_mult,0.01746
MED00267,7,recent_curve_mult,0.00609
MED00268,7,recent_curve_mult,-0.0081
MED00269,7,recent_curve_mult,-0.00895
MED00270,7,recent_curve_mult,-0.00897
MED00271,7,recent_curve_mult,-0.00888
MED00272,7,recent_curve_mult,-0.00793
MED00273,7,recent_curve_mult,-0.01625
MED00274,7,recent_curve_mult,-0.00394
MED00275,7,recent_curve_mult,-0.0054
MED00276,7,recent_curve_mult,-0.00663
MED00277,7,recent_curve_mult,0.0042
MED00278,7,recent_curve_mult,-0.00991
MED00279,7,recent_curve_mult,-0.00366
MED00280,7,recent_curve_mult,0.00258
MED00281,7,recent_curve_mult,-0.00748
MED00282,7,recent_curve_mult,-0.00845
MED00283,7,recent_curve_mult,-0.01167
MED00284,7,recent_curve_mult,-0.01083
MED00285,7,recent_curve_mult,-0.01206
MED00286,7,recent_curve_mult,-0.01561
MED00287,7,recent_curve_mult,-0.00753
MED00288,7,recent_curve_mult,-0.01143
MED00289,7,recent_curve_mult,-0.01288
MED00290,7,recent_curve_mult,-0.00477
MED00291,7,recent_curve_mult,-0.01973
MED00292,7,recent_curve_mult,-0.00856
MED00293,7,recent_curve_mult,-0.01548
MED00294,7,recent_curve_mult,-0.01245
MED00295,7,recent_curve_mult,0.0072
MED00296,7,recent_curve_mult,-0.01095
MED00297,7,recent_curve_mult,-0.01399
MED00298,7,recent_curve_mult,-0.00615
MED00299,7,recent_curve_mult,-0.00331
MED00300,7,recent_curve_mult,-0.01095
MED00301,7,recent_curve_mult,-0.01191
MED00302,7,recent_curve_mult,0.00598
MED00303,7,recent_curve_mult,-0.01926
MED00304,7,recent_curve_mult,-0.01595
MED00305,7,recent_curve_mult,-0.0112
MED00306,7,recent_curve_mult,0.01042
MED00307,7,recent_curve_mult,-0.00592
MED00308,7,recent_curve_mult,-0.00374
MED00309,7,recent_curve_mult,-0.01539
MED00310,7,recent_curve_mult,-0.0065
MED00311,7,recent_curve_mult,-0.01886
MED00312,7,recent_curve_mult,-0.00789
MED00313,7,recent_curve_mult,0.00157
MED00314,7,recent_curve_mult,0.01026
MED00315,7,recent_curve_mult,-0.00798
MED00316,7,recent_curve_mult,-0.00554
MED00317,7,recent_curve_mult,-0.00832
MED00318,7,recent_curve_mult,-0.01298
MED00319,7,recent_curve_mult,-0.01092
MED00320,7,recent_curve_mult,-0.01854
MED00321,7,recent_curve_mult,0.0046
MED00322,7,recent_curve_mult,0.00422
MED00323,7,recent_curve_mult,-0.00438
MED00324,7,recent_curve_mult,-0.00783
MED00325,7,recent_curve_mult,-0.01125
MED00326,7,recent_curve_mult,-0.01222
MED00327,7,recent_curve_mult,0.00666
MED00328,7,recent_curve_mult,-0.00846
MED00329,7,recent_curve_mult,-0.01271
MED00330,7,recent_curve_mult,-0.01358
MED00331,7,recent_curve_mult,-0.00538
MED00332,7,recent_curve_mult,-0.00866
MED00333,7,recent_curve_mult,-0.01101
MED00334,7,recent_curve_mult,-0.01881
MED00335,7,recent_curve_mult,0.00869
MED00336,7,recent_curve_mult,-0.01329
MED00337,7,recent_curve_mult,-0.00255
MED00338,7,recent_curve_mult,0.01105
MED00339,7,recent_curve_mult,-0.00777
MED00340,7,recent_curve_mult,0.01343
MED00341,7,recent_curve_mult,0.01218
MED00342,7,recent_curve_mult,-0.00893
MED00343,7,recent_curve_mult,-0.00803
MED00344,7,recent_curve_mult,0.00933
MED00345,7,recent_curve_mult,0.00441
MED00346,7,recent_curve_mult,-0.00601
MED00347,7,recent_curve_mult,0.00331
MED00348,7,recent_curve_mult,-0.00703
MED00349,7,recent_curve_mult,-0.00616
MED00350,7,recent_curve_mult,0.00274
MED00351,7,recent_curve_mult,0.00431
MED00352,7,recent_curve_mult,0.00155
MED00353,7,recent_curve_mult,0.00038
MED00355,7,recent_curve_mult,-0.0111
MED00356,7,recent_curve_mult,-0.00744
MED00357,7,recent_curve_mult,0.00112
MED00358,7,recent_curve_mult,-0.00608
MED00359,7,recent_curve_mult,-0.00955
MED00360,7,recent_curve_mult,-0.00939
MED00361,7,recent_curve_mult,-0.0087
MED00362,7,recent_curve_mult,-0.0071
MED00363,7,recent_curve_mult,-0.00821
MED00364,7,recent_curve_mult,0.00243
MED00365,7,recent_curve_mult,-0.00783
MED00366,7,recent_curve_mult,-0.00476
MED00367,7,recent_curve_mult,0.00777
MED00368,7,recent_curve_mult,-0.00692
MED00369,7,recent_curve_mult,-0.01313
MED00371,7,recent_curve_mult,0.0136
MED00372,7,recent_curve_mult,0.00364
MED00373,7,recent_curve_mult,0.00528
MED00374,7,recent_curve_mult,-0.00608
MED00375,7,recent_curve_mult,0.01091
MED00376,7,recent_curve_mult,-0.01001
MED00377,7,recent_curve_mult,-0.00369
MED00378,7,recent_curve_mult,-0.01369
MED00379,7,recent_curve_mult,0.00422
MED00380,7,recent_curve_mult,-0.00207
MED00381,7,recent_curve_mult,0.00287
MED00382,7,recent_curve_mult,-0.00912
MED00383,7,recent_curve_mult,0.01173
MED00384,7,recent_curve_mult,-0.00864
MED00385,7,recent_curve_mult,-0.00996
MED00386,7,recent_curve_mult,0.00834
MED00387,7,recent_curve_mult,-0.00968
MED00388,7,recent_curve_mult,0.00613
MED00389,7,recent_curve_mult,-0.01298
MED00390,7,recent_curve_mult,-0.00835
MED00391,7,recent_curve_mult,-0.00901
MED00392,7,recent_curve_mult,-0.00884
MED00393,7,recent_curve_mult,-0.01341
MED00394,7,recent_curve_mult,-0.01107
MED00395,7,recent_curve_mult,-0.00871
MED00396,7,recent_curve_mult,-0.00909
MED00397,7,recent_curve_mult,-0.00855
MED00398,7,recent_curve_mult,-0.00466
MED00399,7,recent_curve_mult,-0.0035
MED00400,7,recent_curve_mult,0.00948
MED00401,7,recent_curve_mult,-0.01127
MED00402,7,recent_curve_mult,-0.01005
MED00403,7,recent_curve_mult,0.01125
MED00404,7,recent_curve_mult,-0.00878
MED00405,7,recent_curve_mult,-0.0111
MED00406,7,recent_curve_mult,-0.00841
MED00407,7,recent_curve_mult,-0.01039
MED00408,7,recent_curve_mult,-0.01279
MED00409,7,recent_curve_mult,-0.0108
MED00410,7,recent_curve_mult,-0.00719
MED00411,7,recent_curve_mult,-0.00647
MED00412,7,recent_curve_mult,-0.00743
MED00413,7,recent_curve_mult,-0.01432
MED00414,7,recent_curve_mult,-0.00544
MED00415,7,recent_curve_mult,-0.00706
MED00416,7,recent_curve_mult,-0.00863
MED00417,7,recent_curve_mult,-0.01233
MED00418,7,recent_curve_mult,-0.0107
MED00419,7,recent_curve_mult,-0.01217
MED00420,7,recent_curve_mult,-0.00502
MED00421,7,recent_curve_mult,-0.0084
MED00422,7,recent_curve_mult,-0.01032
MED00423,7,recent_curve_mult,-0.01394
MED00424,7,recent_curve_mult,-0.00515
MED00001,8,recent_curve_mult,-0.00834
MED00002,8,recent_curve_mult,0.00097
MED00003,8,recent_curve_mult,0.00559
MED00005,8,recent_curve_mult,0.00196
MED00006,8,recent_curve_mult,-0.00536
MED00007,8,recent_curve_mult,-0.01214
MED00008,8,recent_curve_mult,0.00619
MED00009,8,recent_curve_mult,-0.00976
MED00010,8,recent_curve_mult,0.00337
MED00011,8,recent_curve_mult,0.00923
MED00012,8,recent_curve_mult,-0.00899
MED00013,8,recent_curve_mult,-0.00541
MED00014,8,recent_curve_mult,-0.01782
MED00015,8,recent_curve_mult,-0.00307
MED00016,8,recent_curve_mult,-0.00833
MED00017,8,recent_curve_mult,-0.00619
MED00018,8,recent_curve_mult,0.01033
MED00019,8,recent_curve_mult,0.00701
MED00020,8,recent_curve_mult,-0.00978
MED00021,8,recent_curve_mult,-0.01545
MED00022,8,recent_curve_mult,-0.01186
MED00023,8,recent_curve_mult,-0.00806
MED00024,8,recent_curve_mult,-0.01285
MED00025,8,recent_curve_mult,0.00556
MED00026,8,recent_curve_mult,0.00917
MED00027,8,recent_curve_mult,0.00598
MED00028,8,recent_curve_mult,-0.0022
MED00029,8,recent_curve_mult,-0.01605
MED00030,8,recent_curve_mult,-0.01792
MED00031,8,recent_curve_mult,-0.01307
MED00032,8,recent_curve_mult,-0.00506
MED00033,8,recent_curve_mult,0.00048
MED00034,8,recent_curve_mult,0.01164
MED00035,8,recent_curve_mult,0.00571
MED00036,8,recent_curve_mult,-0.01058
MED00037,8,recent_curve_mult,0.00441
MED00038,8,recent_curve_mult,-0.01061
MED00039,8,recent_curve_mult,0.00295
MED00040,8,recent_curve_mult,0.00264
MED00041,8,recent_curve_mult,-0.00561
MED00042,8,recent_curve_mult,0.00913
MED00043,8,recent_curve_mult,0.0061
MED00044,8,recent_curve_mult,-0.01226
MED00045,8,recent_curve_mult,0.00436
MED00046,8,recent_curve_mult,-0.01379
MED00047,8,recent_curve_mult,-0.01032
MED00048,8,recent_curve_mult,-0.00764
MED00049,8,recent_curve_mult,0.00415
MED00050,8,recent_curve_mult,0.00442
MED00051,8,recent_curve_mult,0.0025
MED00052,8,recent_curve_mult,0.00667
MED00053,8,recent_curve_mult,-0.01048
MED00054,8,recent_curve_mult,-0.01003
MED00055,8,recent_curve_mult,0.00473
MED00056,8,recent_curve_mult,-0.00063
MED00057,8,recent_curve_mult,-0.00137
MED00058,8,recent_curve_mult,-0.00774
MED00059,8,recent_curve_mult,-0.01313
MED00060,8,recent_curve_mult,-0.00978
MED00061,8,recent_curve_mult,-0.00434
MED00062,8,recent_curve_mult,-0.00638
MED00063,8,recent_curve_mult,0.00338
MED00064,8,recent_curve_mult,-0.01105
MED00065,8,recent_curve_mult,-0.0061
MED00066,8,recent_curve_mult,-0.0053
MED00067,8,recent_curve_mult,-0.00817
MED00068,8,recent_curve_mult,-0.01174
MED00069,8,recent_curve_mult,-0.01354
MED00070,8,recent_curve_mult,-0.01039
MED00071,8,recent_curve_mult,-0.01201
MED00072,8,recent_curve_mult,-0.01065
MED00073,8,recent_curve_mult,-0.01309
MED00074,8,recent_curve_mult,-0.0117
MED00075,8,recent_curve_mult,-0.00866
MED00076,8,recent_curve_mult,0.00353
MED00077,8,recent_curve_mult,-0.01284
MED00078,8,recent_curve_mult,-0.01811
MED00079,8,recent_curve_mult,0.00989
MED00080,8,recent_curve_mult,-0.0128
MED00081,8,recent_curve_mult,0.00526
MED00082,8,recent_curve_mult,-0.01495
MED00083,8,recent_curve_mult,-0.01307
MED00084,8,recent_curve_mult,0.00631
MED00085,8,recent_curve_mult,-0.00621
MED00086,8,recent_curve_mult,0.0027
MED00087,8,recent_curve_mult,-0.00821
MED00088,8,recent_curve_mult,0.00568
MED00089,8,recent_curve_mult,0.01518
MED00090,8,recent_curve_mult,-0.00715
MED00091,8,recent_curve_mult,-0.01187
MED00092,8,recent_curve_mult,-0.00537
MED00093,8,recent_curve_mult,0.00619
MED00094,8,recent_curve_mult,0.0085
MED00095,8,recent_curve_mult,-0.00739
MED00096,8,recent_curve_mult,-0.01101
MED00097,8,recent_curve_mult,0.00708
MED00098,8,recent_curve_mult,-0.00729
MED00099,8,recent_curve_mult,0.01092
MED00100,8,recent_curve_mult,0.00306
MED00101,8,recent_curve_mult,-0.01113
MED00102,8,recent_curve_mult,0.00613
MED00103,8,recent_curve_mult,-0.01413
MED00104,8,recent_curve_mult,-0.01425
MED00105,8,recent_curve_mult,0.01011
MED00106,8,recent_curve_mult,0.0028
MED00107,8,recent_curve_mult,-0.01239
MED00108,8,recent_curve_mult,-0.0065
MED00109,8,recent_curve_mult,0.00045
MED00110,8,recent_curve_mult,-0.00159
MED00111,8,recent_curve_mult,-0.00447
MED00112,8,recent_curve_mult,-0.01045
MED00113,8,recent_curve_mult,-0.00679
MED00114,8,recent_curve_mult,-0.01607
MED00115,8,recent_curve_mult,-0.00914
MED00116,8,recent_curve_mult,-0.01905
MED00117,8,recent_curve_mult,-0.00969
MED00118,8,recent_curve_mult,-0.00437
MED00119,8,recent_curve_mult,-0.00799
MED00120,8,recent_curve_mult,0.01368
MED00121,8,recent_curve_mult,0.00736
MED00122,8,recent_curve_mult,-0.00733
MED00123,8,recent_curve_mult,-0.00592
MED00124,8,recent_curve_mult,-0.01437
MED00125,8,recent_curve_mult,0.00476
MED00126,8,recent_curve_mult,-0.0024
MED00127,8,recent_curve_mult,-0.00953
MED00128,8,recent_curve_mult,-0.00986
MED00129,8,recent_curve_mult,0.00383
MED00130,8,recent_curve_mult,0.00327
MED00131,8,recent_curve_mult,-0.01118
MED00132,8,recent_curve_mult,-0.00484
MED00133,8,recent_curve_mult,-0.00708
MED00134,8,recent_curve_mult,0.00295
MED00135,8,recent_curve_mult,0.01304
MED00136,8,recent_curve_mult,-0.00821
MED00137,8,recent_curve_mult,0.006
MED00138,8,recent_curve_mult,0.0049
MED00139,8,recent_curve_mult,0.00736
MED00140,8,recent_curve_mult,-0.00501
MED00141,8,recent_curve_mult,-0.01373
MED00142,8,recent_curve_mult,0.00464
MED00143,8,recent_curve_mult,-0.00605
MED00144,8,recent_curve_mult,0.01118
MED00145,8,recent_curve_mult,0.00222
MED00146,8,recent_curve_mult,-0.00926
MED00147,8,recent_curve_mult,-0.00663
MED00148,8,recent_curve_mult,-0.01131
MED00149,8,recent_curve_mult,-0.00981
MED00150,8,recent_curve_mult,-0.00991
MED00151,8,recent_curve_mult,-0.0074
MED00152,8,recent_curve_mult,-0.0097
MED00153,8,recent_curve_mult,-0.01109
MED00154,8,recent_curve_mult,-0.01589
MED00155,8,recent_curve_mult,-0.00607
MED00156,8,recent_curve_mult,-0.00526
MED00157,8,recent_curve_mult,-0.01439
MED00158,8,recent_curve_mult,0.00739
MED00159,8,recent_curve_mult,0.01075
MED00160,8,recent_curve_mult,-0.00778
MED00161,8,recent_curve_mult,-0.01334
MED00162,8,recent_curve_mult,-0.00939
MED00163,8,recent_curve_mult,-0.00247
MED00164,8,recent_curve_mult,-0.01187
MED00165,8,recent_curve_mult,-0.00949
MED00166,8,recent_curve_mult,-0.0106
MED00167,8,recent_curve_mult,-0.0063
MED00168,8,recent_curve_mult,0.00623
MED00169,8,recent_curve_mult,-0.00751
MED00170,8,recent_curve_mult,-0.0063
MED00171,8,recent_curve_mult,-0.00858
MED00172,8,recent_curve_mult,-0.00743
MED00173,8,recent_curve_mult,-0.01175
MED00174,8,recent_curve_mult,-0.01735
MED00175,8,recent_curve_mult,0.00542
MED00176,8,recent_curve_mult,-0.00997
MED00177,8,recent_curve_mult,0.00517
MED00178,8,recent_curve_mult,-0.0065
MED00179,8,recent_curve_mult,0.00351
MED00180,8,recent_curve_mult,-0.00848
MED00181,8,recent_curve_mult,-0.01172
MED00182,8,recent_curve_mult,0.0074
MED00183,8,recent_curve_mult,0.01282
MED00184,8,recent_curve_mult,-0.0068
MED00185,8,recent_curve_mult,-0.00678
MED00186,8,recent_curve_mult,-0.00861
MED00187,8,recent_curve_mult,-0.01687
MED00188,8,recent_curve_mult,-0.01083
MED00189,8,recent_curve_mult,0.00385
MED00190,8,recent_curve_mult,-0.00958
MED00191,8,recent_curve_mult,-0.01065
MED00192,8,recent_curve_mult,-0.00259
MED00193,8,recent_curve_mult,0.00213
MED00194,8,recent_curve_mult,-0.01377
MED00195,8,recent_curve_mult,-0.00948
MED00196,8,recent_curve_mult,-0.01564
MED00197,8,recent_curve_mult,-0.0126
MED00198,8,recent_curve_mult,-0.00595
MED00199,8,recent_curve_mult,-0.00716
MED00200,8,recent_curve_mult,0.00315
MED00201,8,recent_curve_mult,-0.01362
MED00202,8,recent_curve_mult,-0.01154
MED00203,8,recent_curve_mult,-0.01131
MED00204,8,recent_curve_mult,0.00469
MED00205,8,recent_curve_mult,0.00755
MED00206,8,recent_curve_mult,-0.00601
MED00207,8,recent_curve_mult,-0.01102
MED00208,8,recent_curve_mult,0.01043
MED00209,8,recent_curve_mult,-0.01195
MED00210,8,recent_curve_mult,0.00418
MED00211,8,recent_curve_mult,-0.00601
MED00212,8,recent_curve_mult,-0.0143
MED00213,8,recent_curve_mult,-0.00342
MED00214,8,recent_curve_mult,-0.00668
MED00215,8,recent_curve_mult,-0.00605
MED00216,8,recent_curve_mult,0.00311
MED00217,8,recent_curve_mult,0.00327
MED00218,8,recent_curve_mult,-0.01085
MED00219,8,recent_curve_mult,0.01102
MED00220,8,recent_curve_mult,-0.00964
MED00221,8,recent_curve_mult,-0.01329
MED00222,8,recent_curve_mult,0.0046
MED00223,8,recent_curve_mult,-0.0126
MED00224,8,recent_curve_mult,-0.00584
MED00225,8,recent_curve_mult,-0.01048
MED00226,8,recent_curve_mult,-0.01406
MED00227,8,recent_curve_mult,-0.0138
MED00228,8,recent_curve_mult,-0.00739
MED00229,8,recent_curve_mult,-0.00526
MED00230,8,recent_curve_mult,-0.01799
MED00231,8,recent_curve_mult,-0.00194
MED00232,8,recent_curve_mult,0.00855
MED00233,8,recent_curve_mult,-0.0038
MED00234,8,recent_curve_mult,-0.00651
MED00235,8,recent_curve_mult,0.00738
MED00236,8,recent_curve_mult,-0.00819
MED00237,8,recent_curve_mult,-0.01569
MED00238,8,recent_curve_mult,-0.00928
MED00239,8,recent_curve_mult,-0.00555
MED00240,8,recent_curve_mult,-0.01398
MED00241,8,recent_curve_mult,-0.01067
MED00242,8,recent_curve_mult,-0.01028
MED00243,8,recent_curve_mult,0.00074
MED00244,8,recent_curve_mult,-0.00977
MED00245,8,recent_curve_mult,-0.0073
MED00246,8,recent_curve_mult,-0.00771
MED00247,8,recent_curve_mult,-0.0074
MED00248,8,recent_curve_mult,-0.00536
MED00249,8,recent_curve_mult,0.0048
MED00250,8,recent_curve_mult,-0.01033
MED00251,8,recent_curve_mult,-0.00974
MED00252,8,recent_curve_mult,0.00226
MED00253,8,recent_curve_mult,-0.00868
MED00254,8,recent_curve_mult,0.00052
MED00255,8,recent_curve_mult,-0.00953
MED00256,8,recent_curve_mult,-0.00902
MED00257,8,recent_curve_mult,-0.01363
MED00258,8,recent_curve_mult,-0.00811
MED00259,8,recent_curve_mult,-0.00652
MED00260,8,recent_curve_mult,-0.00321
MED00261,8,recent_curve_mult,-0.00586
MED00262,8,recent_curve_mult,-0.01023
MED00263,8,recent_curve_mult,-0.00697
MED00265,8,recent_curve_mult,-0.01039
MED00266,8,recent_curve_mult,0.01844
MED00267,8,recent_curve_mult,0.00602
MED00268,8,recent_curve_mult,-0.00817
MED00269,8,recent_curve_mult,-0.00846
MED00270,8,recent_curve_mult,-0.00908
MED00271,8,recent_curve_mult,-0.00855
MED00272,8,recent_curve_mult,-0.0076
MED00273,8,recent_curve_mult,-0.01562
MED00274,8,recent_curve_mult,-0.00441
MED00275,8,recent_curve_mult,-0.00552
MED00276,8,recent_curve_mult,-0.00651
MED00277,8,recent_curve_mult,0.00416
MED00278,8,recent_curve_mult,-0.0092
MED00279,8,recent_curve_mult,-0.00367
MED00280,8,recent_curve_mult,0.00254
MED00281,8,recent_curve_mult,-0.00708
MED00282,8,recent_curve_mult,-0.00856
MED00283,8,recent_curve_mult,-0.01204
MED00284,8,recent_curve_mult,-0.01077
MED00285,8,recent_curve_mult,-0.01157
MED00286,8,recent_curve_mult,-0.01533
MED00287,8,recent_curve_mult,-0.00764
MED00288,8,recent_curve_mult,-0.01179
MED00289,8,recent_curve_mult,-0.01282
MED00290,8,recent_curve_mult,-0.00489
MED00291,8,recent_curve_mult,-0.02187
MED00292,8,recent_curve_mult,-0.00844
MED00293,8,recent_curve_mult,-0.01515
MED00294,8,recent_curve_mult,-0.01265
MED00295,8,recent_curve_mult,0.00719
MED00296,8,recent_curve_mult,-0.01132
MED00297,8,recent_curve_mult,-0.01369
MED00298,8,recent_curve_mult,-0.00627
MED00299,8,recent_curve_mult,-0.00327
MED00300,8,recent_curve_mult,-0.01131
MED00301,8,recent_curve_mult,-0.01202
MED00302,8,recent_curve_mult,0.0061
MED00303,8,recent_curve_mult,-0.01945
MED00304,8,recent_curve_mult,-0.01535
MED00305,8,recent_curve_mult,-0.01157
MED00306,8,recent_curve_mult,0.01041
MED00307,8,recent_curve_mult,-0.0059
MED00308,8,recent_curve_mult,-0.00376
MED00309,8,recent_curve_mult,-0.01558
MED00310,8,recent_curve_mult,-0.00599
MED00311,8,recent_curve_mult,-0.01879
MED00312,8,recent_curve_mult,-0.00837
MED00313,8,recent_curve_mult,0.00156
MED00314,8,recent_curve_mult,0.0106
MED00315,8,recent_curve_mult,-0.00818
MED00316,8,recent_curve_mult,-0.00565
MED00317,8,recent_curve_mult,-0.00869
MED00318,8,recent_curve_mult,-0.01213
MED00319,8,recent_curve_mult,-0.01098
MED00320,8,recent_curve_mult,-0.02033
MED00321,8,recent_curve_mult,0.00458
MED00322,8,recent_curve_mult,0.00418
MED00323,8,recent_curve_mult,-0.00633
MED00324,8,recent_curve_mult,-0.00777
MED00325,8,recent_curve_mult,-0.01142
MED00326,8,recent_curve_mult,-0.01234
MED00327,8,recent_curve_mult,0.00659
MED00328,8,recent_curve_mult,-0.00858
MED00329,8,recent_curve_mult,-0.01178
MED00330,8,recent_curve_mult,-0.01367
MED00331,8,recent_curve_mult,-0.00548
MED00332,8,recent_curve_mult,-0.00817
MED00333,8,recent_curve_mult,-0.01104
MED00334,8,recent_curve_mult,-0.0191
MED00335,8,recent_curve_mult,0.00871
MED00336,8,recent_curve_mult,-0.01348
MED00337,8,recent_curve_mult,-0.00253
MED00338,8,recent_curve_mult,0.01202
MED00339,8,recent_curve_mult,-0.00797
MED00340,8,recent_curve_mult,0.01356
MED00341,8,recent_curve_mult,0.0121
MED00342,8,recent_curve_mult,-0.00905
MED00343,8,recent_curve_mult,-0.00817
MED00344,8,recent_curve_mult,0.00935
MED00345,8,recent_curve_mult,0.00452
MED00346,8,recent_curve_mult,-0.00602
MED00347,8,recent_curve_mult,0.00357
MED00348,8,recent_curve_mult,-0.00721
MED00349,8,recent_curve_mult,-0.00627
MED00350,8,recent_curve_mult,0.00273
MED00351,8,recent_curve_mult,0.00423
MED00352,8,recent_curve_mult,0.00144
MED00353,8,recent_curve_mult,0.00035
MED00355,8,recent_curve_mult,-0.01077
MED00356,8,recent_curve_mult,-0.00695
MED00357,8,recent_curve_mult,0.00118
MED00358,8,recent_curve_mult,-0.0062
MED00359,8,recent_curve_mult,-0.01016
MED00360,8,recent_curve_mult,-0.00906
MED00361,8,recent_curve_mult,-0.00879
MED00362,8,recent_curve_mult,-0.00722
MED00363,8,recent_curve_mult,-0.00833
MED00364,8,recent_curve_mult,0.00244
MED00365,8,recent_curve_mult,-0.00771
MED00366,8,recent_curve_mult,-0.00481
MED00367,8,recent_curve_mult,0.00782
MED00368,8,recent_curve_mult,-0.00703
MED00369,8,recent_curve_mult,-0.01252
MED00370,8,recent_curve_mult,0.00018
MED00371,8,recent_curve_mult,0.01463
MED00372,8,recent_curve_mult,0.00376
MED00373,8,recent_curve_mult,0.00527
MED00374,8,recent_curve_mult,-0.00576
MED00375,8,recent_curve_mult,0.01082
MED00376,8,recent_curve_mult,-0.01038
MED00377,8,recent_curve_mult,-0.00366
MED00378,8,recent_curve_mult,-0.0137
MED00379,8,recent_curve_mult,0.00421
MED00380,8,recent_curve_mult,-0.00218
MED00381,8,recent_curve_mult,0.00267
MED00382,8,recent_curve_mult,-0.00905
MED00383,8,recent_curve_mult,0.01165
MED00384,8,recent_curve_mult,-0.00814
MED00385,8,recent_curve_mult,-0.01007
MED00386,8,recent_curve_mult,0.00827
MED00387,8,recent_curve_mult,-0.00935
MED00388,8,recent_curve_mult,0.0068
MED00389,8,recent_curve_mult,-0.01247
MED00390,8,recent_curve_mult,-0.00829
MED00391,8,recent_curve_mult,-0.00868
MED00392,8,recent_curve_mult,-0.00851
MED00393,8,recent_curve_mult,-0.01378
MED00394,8,recent_curve_mult,-0.01045
MED00395,8,recent_curve_mult,-0.00883
MED00396,8,recent_curve_mult,-0.00928
MED00397,8,recent_curve_mult,-0.00876
MED00398,8,recent_curve_mult,-0.00486
MED00399,8,recent_curve_mult,-0.00358
MED00400,8,recent_curve_mult,0.0095
MED00401,8,recent_curve_mult,-0.01099
MED00402,8,recent_curve_mult,-0.00978
MED00403,8,recent_curve_mult,0.01131
MED00404,8,recent_curve_mult,-0.00904
MED00405,8,recent_curve_mult,-0.01122
MED00406,8,recent_curve_mult,-0.00808
MED00407,8,recent_curve_mult,-0.01011
MED00408,8,recent_curve_mult,-0.01228
MED00409,8,recent_curve_mult,-0.01047
MED00410,8,recent_curve_mult,-0.00686
MED00411,8,recent_curve_mult,-0.00641
MED00412,8,recent_curve_mult,-0.0071
MED00413,8,recent_curve_mult,-0.01425
MED00414,8,recent_curve_mult,-0.00511
MED00415,8,recent_curve_mult,-0.00631
MED00416,8,recent_curve_mult,-0.0083
MED00417,8,recent_curve_mult,-0.0119
MED00418,8,recent_curve_mult,-0.01008
MED00419,8,recent_curve_mult,-0.01197
MED00420,8,recent_curve_mult,-0.00474
MED00421,8,recent_curve_mult,-0.00812
MED00422,8,recent_curve_mult,-0.00999
MED00423,8,recent_curve_mult,-0.01361
MED00424,8,recent_curve_mult,-0.00542
MED00001,9,recent_curve_mult,-0.0095
MED00002,9,recent_curve_mult,0.00135
MED00003,9,recent_curve_mult,0.00586
MED00004,9,recent_curve_mult,0.00416
MED00005,9,recent_curve_mult,0.00598
MED00006,9,recent_curve_mult,-0.00568
MED00007,9,recent_curve_mult,-0.01241
MED00008,9,recent_curve_mult,0.00679
MED00009,9,recent_curve_mult,-0.01083
MED00010,9,recent_curve_mult,0.00399
MED00011,9,recent_curve_mult,0.00702
MED00012,9,recent_curve_mult,-0.00938
MED00013,9,recent_curve_mult,-0.00589
MED00014,9,recent_curve_mult,-0.01938
MED00015,9,recent_curve_mult,-0.00334
MED00016,9,recent_curve_mult,-0.00854
MED00017,9,recent_curve_mult,-0.00652
MED00018,9,recent_curve_mult,0.01076
MED00019,9,recent_curve_mult,0.00892
MED00020,9,recent_curve_mult,-0.01183
MED00021,9,recent_curve_mult,-0.01572
MED00022,9,recent_curve_mult,-0.01212
MED00023,9,recent_curve_mult,-0.00839
MED00024,9,recent_curve_mult,-0.01321
MED00025,9,recent_curve_mult,0.00791
MED00026,9,recent_curve_mult,0.01079
MED00027,9,recent_curve_mult,0.0084
MED00028,9,recent_curve_mult,-0.00229
MED00029,9,recent_curve_mult,-0.01806
MED00030,9,recent_curve_mult,-0.01975
MED00031,9,recent_curve_mult,-0.01511
MED00032,9,recent_curve_mult,-0.00603
MED00033,9,recent_curve_mult,0.00112
MED00034,9,recent_curve_mult,0.01359
MED00035,9,recent_curve_mult,0.00842
MED00036,9,recent_curve_mult,-0.01229
MED00037,9,recent_curve_mult,0.00367
MED00038,9,recent_curve_mult,-0.01093
MED00039,9,recent_curve_mult,0.00742
MED00040,9,recent_curve_mult,0.00309
MED00041,9,recent_curve_mult,-0.00595
MED00042,9,recent_curve_mult,0.01452
MED00043,9,recent_curve_mult,0.00663
MED00044,9,recent_curve_mult,-0.01225
MED00045,9,recent_curve_mult,0.00483
MED00046,9,recent_curve_mult,-0.01408
MED00047,9,recent_curve_mult,-0.01056
MED00048,9,recent_curve_mult,-0.00789
MED00049,9,recent_curve_mult,0.00469
MED00050,9,recent_curve_mult,0.00428
MED00051,9,recent_curve_mult,0.00255
MED00052,9,recent_curve_mult,0.00705
MED00053,9,recent_curve_mult,-0.01191
MED00054,9,recent_curve_mult,-0.01146
MED00055,9,recent_curve_mult,0.00752
MED00056,9,recent_curve_mult,-0.00202
MED00057,9,recent_curve_mult,-0.00273
MED00058,9,recent_curve_mult,-0.00807
MED00059,9,recent_curve_mult,-0.01479
MED00060,9,recent_curve_mult,-0.01094
MED00061,9,recent_curve_mult,-0.00462
MED00062,9,recent_curve_mult,-0.00748
MED00063,9,recent_curve_mult,0.00353
MED00064,9,recent_curve_mult,-0.01245
MED00065,9,recent_curve_mult,-0.0054
MED00066,9,recent_curve_mult,-0.00545
MED00067,9,recent_curve_mult,-0.00848
MED00068,9,recent_curve_mult,-0.01206
MED00069,9,recent_curve_mult,-0.01378
MED00070,9,recent_curve_mult,-0.01072
MED00071,9,recent_curve_mult,-0.01233
MED00072,9,recent_curve_mult,-0.01097
MED00073,9,recent_curve_mult,-0.01347
MED00074,9,recent_curve_mult,-0.012
MED00075,9,recent_curve_mult,-0.00891
MED00076,9,recent_curve_mult,0.00369
MED00077,9,recent_curve_mult,-0.01315
MED00078,9,recent_curve_mult,-0.02028
MED00079,9,recent_curve_mult,0.00891
MED00080,9,recent_curve_mult,-0.01232
MED00081,9,recent_curve_mult,0.00538
MED00082,9,recent_curve_mult,-0.01534
MED00083,9,recent_curve_mult,-0.01344
MED00084,9,recent_curve_mult,0.00655
MED00085,9,recent_curve_mult,-0.00657
MED00086,9,recent_curve_mult,0.00693
MED00087,9,recent_curve_mult,-0.00863
MED00088,9,recent_curve_mult,0.00599
MED00089,9,recent_curve_mult,0.01854
MED00090,9,recent_curve_mult,-0.00746
MED00091,9,recent_curve_mult,-0.01226
MED00092,9,recent_curve_mult,-0.00588
MED00093,9,recent_curve_mult,0.00863
MED00094,9,recent_curve_mult,0.01095
MED00095,9,recent_curve_mult,-0.0078
MED00096,9,recent_curve_mult,-0.0126
MED00097,9,recent_curve_mult,0.01108
MED00098,9,recent_curve_mult,-0.0076
MED00099,9,recent_curve_mult,0.01261
MED00100,9,recent_curve_mult,0.00301
MED00101,9,recent_curve_mult,-0.01138
MED00102,9,recent_curve_mult,0.0074
MED00103,9,recent_curve_mult,-0.01461
MED00104,9,recent_curve_mult,-0.01458
MED00105,9,recent_curve_mult,0.01055
MED00106,9,recent_curve_mult,0.003
MED00107,9,recent_curve_mult,-0.0127
MED00108,9,recent_curve_mult,-0.00672
MED00109,9,recent_curve_mult,0.0046
MED00110,9,recent_curve_mult,0.0019
MED00111,9,recent_curve_mult,-0.00446
MED00112,9,recent_curve_mult,-0.01078
MED00113,9,recent_curve_mult,-0.00705
MED00114,9,recent_curve_mult,-0.01654
MED00115,9,recent_curve_mult,-0.00953
MED00116,9,recent_curve_mult,-0.02094
MED00117,9,recent_curve_mult,-0.01008
MED00118,9,recent_curve_mult,-0.00493
MED00119,9,recent_curve_mult,-0.00828
MED00120,9,recent_curve_mult,0.01732
MED00121,9,recent_curve_mult,0.00781
MED00122,9,recent_curve_mult,-0.00758
MED00123,9,recent_curve_mult,-0.00641
MED00124,9,recent_curve_mult,-0.01469
MED00125,9,recent_curve_mult,0.00528
MED00126,9,recent_curve_mult,0.00184
MED00127,9,recent_curve_mult,-0.01096
MED00128,9,recent_curve_mult,-0.01018
MED00129,9,recent_curve_mult,0.00378
MED00130,9,recent_curve_mult,0.00328
MED00131,9,recent_curve_mult,-0.01156
MED00132,9,recent_curve_mult,-0.00517
MED00133,9,recent_curve_mult,-0.00742
MED00134,9,recent_curve_mult,0.00644
MED00135,9,recent_curve_mult,0.01576
MED00136,9,recent_curve_mult,-0.00864
MED00137,9,recent_curve_mult,0.00663
MED00138,9,recent_curve_mult,0.00508
MED00139,9,recent_curve_mult,0.00778
MED00140,9,recent_curve_mult,-0.00527
MED00141,9,recent_curve_mult,-0.0142
MED00142,9,recent_curve_mult,0.00861
MED00143,9,recent_curve_mult,-0.00653
MED00144,9,recent_curve_mult,0.01123
MED00145,9,recent_curve_mult,0.00196
MED00146,9,recent_curve_mult,-0.00934
MED00147,9,recent_curve_mult,-0.00768
MED00148,9,recent_curve_mult,-0.01226
MED00149,9,recent_curve_mult,-0.00988
MED00150,9,recent_curve_mult,-0.0103
MED00151,9,recent_curve_mult,-0.00793
MED00152,9,recent_curve_mult,-0.00999
MED00153,9,recent_curve_mult,-0.01162
MED00154,9,recent_curve_mult,-0.01641
MED00155,9,recent_curve_mult,-0.00639
MED00156,9,recent_curve_mult,-0.00623
MED00157,9,recent_curve_mult,-0.01464
MED00158,9,recent_curve_mult,0.0098
MED00159,9,recent_curve_mult,0.01055
MED00160,9,recent_curve_mult,-0.00748
MED00161,9,recent_curve_mult,-0.01374
MED00162,9,recent_curve_mult,-0.00982
MED00163,9,recent_curve_mult,-0.00279
MED00164,9,recent_curve_mult,-0.01222
MED00165,9,recent_curve_mult,-0.01234
MED00166,9,recent_curve_mult,-0.01099
MED00167,9,recent_curve_mult,-0.00654
MED00168,9,recent_curve_mult,0.00665
MED00169,9,recent_curve_mult,-0.00777
MED00170,9,recent_curve_mult,-0.00678
MED00171,9,recent_curve_mult,-0.00888
MED00172,9,recent_curve_mult,-0.00768
MED00173,9,recent_curve_mult,-0.01214
MED00174,9,recent_curve_mult,-0.01834
MED00175,9,recent_curve_mult,0.00767
MED00176,9,recent_curve_mult,-0.01198
MED00177,9,recent_curve_mult,0.00758
MED00178,9,recent_curve_mult,-0.00677
MED00179,9,recent_curve_mult,0.00214
MED00180,9,recent_curve_mult,-0.00887
MED00181,9,recent_curve_mult,-0.01204
MED00182,9,recent_curve_mult,0.00982
MED00183,9,recent_curve_mult,0.01611
MED00184,9,recent_curve_mult,-0.00724
MED00185,9,recent_curve_mult,-0.00702
MED00186,9,recent_curve_mult,-0.00876
MED00187,9,recent_curve_mult,-0.01879
MED00188,9,recent_curve_mult,-0.01167
MED00189,9,recent_curve_mult,0.00437
MED00190,9,recent_curve_mult,-0.01039
MED00191,9,recent_curve_mult,-0.01091
MED00192,9,recent_curve_mult,-0.00279
MED00193,9,recent_curve_mult,0.00259
MED00194,9,recent_curve_mult,-0.01544
MED00195,9,recent_curve_mult,-0.01103
MED00196,9,recent_curve_mult,-0.01842
MED00197,9,recent_curve_mult,-0.01435
MED00198,9,recent_curve_mult,-0.00626
MED00199,9,recent_curve_mult,-0.00832
MED00200,9,recent_curve_mult,0.00301
MED00201,9,recent_curve_mult,-0.01456
MED00202,9,recent_curve_mult,-0.01194
MED00203,9,recent_curve_mult,-0.01162
MED00204,9,recent_curve_mult,0.00455
MED00205,9,recent_curve_mult,0.008
MED00206,9,recent_curve_mult,-0.00627
MED00207,9,recent_curve_mult,-0.01137
MED00208,9,recent_curve_mult,0.01089
MED00209,9,recent_curve_mult,-0.01228
MED00210,9,recent_curve_mult,0.00675
MED00211,9,recent_curve_mult,-0.0064
MED00212,9,recent_curve_mult,-0.01572
MED00213,9,recent_curve_mult,0.0009
MED00214,9,recent_curve_mult,-0.00693
MED00215,9,recent_curve_mult,-0.00644
MED00216,9,recent_curve_mult,0.00362
MED00217,9,recent_curve_mult,0.0032
MED00218,9,recent_curve_mult,-0.01055
MED00219,9,recent_curve_mult,0.01116
MED00220,9,recent_curve_mult,-0.01035
MED00221,9,recent_curve_mult,-0.01243
MED00222,9,recent_curve_mult,0.00875
MED00223,9,recent_curve_mult,-0.01289
MED00224,9,recent_curve_mult,-0.00626
MED00225,9,recent_curve_mult,-0.01073
MED00226,9,recent_curve_mult,-0.01435
MED00227,9,recent_curve_mult,-0.01469
MED00228,9,recent_curve_mult,-0.00877
MED00229,9,recent_curve_mult,-0.00104
MED00230,9,recent_curve_mult,-0.01976
MED00231,9,recent_curve_mult,-0.00218
MED00232,9,recent_curve_mult,0.00884
MED00233,9,recent_curve_mult,-0.00414
MED00234,9,recent_curve_mult,-0.00683
MED00235,9,recent_curve_mult,0.00717
MED00236,9,recent_curve_mult,-0.00858
MED00237,9,recent_curve_mult,-0.01772
MED00238,9,recent_curve_mult,-0.00963
MED00239,9,recent_curve_mult,-0.00586
MED00240,9,recent_curve_mult,-0.01436
MED00241,9,recent_curve_mult,-0.011
MED00242,9,recent_curve_mult,-0.01322
MED00243,9,recent_curve_mult,0.00112
MED00244,9,recent_curve_mult,-0.00993
MED00245,9,recent_curve_mult,-0.00664
MED00246,9,recent_curve_mult,-0.00796
MED00247,9,recent_curve_mult,-0.00788
MED00248,9,recent_curve_mult,-0.00673
MED00249,9,recent_curve_mult,0.00258
MED00250,9,recent_curve_mult,-0.01037
MED00251,9,recent_curve_mult,-0.01033
MED00252,9,recent_curve_mult,0.00508
MED00253,9,recent_curve_mult,-0.00903
MED00254,9,recent_curve_mult,0.0033
MED00255,9,recent_curve_mult,-0.01013
MED00256,9,recent_curve_mult,-0.0093
MED00257,9,recent_curve_mult,-0.01395
MED00258,9,recent_curve_mult,-0.00856
MED00259,9,recent_curve_mult,-0.0069
MED00260,9,recent_curve_mult,-0.00472
MED00261,9,recent_curve_mult,-0.00689
MED00262,9,recent_curve_mult,-0.01054
MED00263,9,recent_curve_mult,-0.00726
MED00264,9,recent_curve_mult,0.00424
MED00265,9,recent_curve_mult,-0.01078
MED00266,9,recent_curve_mult,0.02179
MED00267,9,recent_curve_mult,0.00647
MED00268,9,recent_curve_mult,-0.00833
MED00269,9,recent_curve_mult,-0.00851
MED00270,9,recent_curve_mult,-0.00933
MED00271,9,recent_curve_mult,-0.0088
MED00272,9,recent_curve_mult,-0.00874
MED00273,9,recent_curve_mult,-0.01709
MED00274,9,recent_curve_mult,-0.0049
MED00275,9,recent_curve_mult,-0.00688
MED00276,9,recent_curve_mult,-0.00687
MED00277,9,recent_curve_mult,0.00436
MED00278,9,recent_curve_mult,-0.00945
MED00279,9,recent_curve_mult,-0.00423
MED00280,9,recent_curve_mult,0.00252
MED00281,9,recent_curve_mult,-0.00857
MED00282,9,recent_curve_mult,-0.00998
MED00283,9,recent_curve_mult,-0.01239
MED00284,9,recent_curve_mult,-0.01105
MED00285,9,recent_curve_mult,-0.01186
MED00286,9,recent_curve_mult,-0.01699
MED00287,9,recent_curve_mult,-0.008
MED00288,9,recent_curve_mult,-0.01266
MED00289,9,recent_curve_mult,-0.01235
MED00290,9,recent_curve_mult,-0.0052
MED00291,9,recent_curve_mult,-0.02349
MED00292,9,recent_curve_mult,-0.00988
MED00293,9,recent_curve_mult,-0.01651
MED00294,9,recent_curve_mult,-0.01299
MED00295,9,recent_curve_mult,0.0097
MED00296,9,recent_curve_mult,-0.01172
MED00297,9,recent_curve_mult,-0.01472
MED00298,9,recent_curve_mult,-0.00658
MED00299,9,recent_curve_mult,-0.00273
MED00300,9,recent_curve_mult,-0.01158
MED00301,9,recent_curve_mult,-0.01233
MED00302,9,recent_curve_mult,0.00529
MED00303,9,recent_curve_mult,-0.02137
MED00304,9,recent_curve_mult,-0.01573
MED00305,9,recent_curve_mult,-0.01181
MED00306,9,recent_curve_mult,0.01248
MED00307,9,recent_curve_mult,-0.00792
MED00308,9,recent_curve_mult,-0.00524
MED00309,9,recent_curve_mult,-0.01587
MED00310,9,recent_curve_mult,-0.0074
MED00311,9,recent_curve_mult,-0.0208
MED00312,9,recent_curve_mult,-0.00871
MED00313,9,recent_curve_mult,-0.00359
MED00314,9,recent_curve_mult,0.01386
MED00315,9,recent_curve_mult,-0.0085
MED00316,9,recent_curve_mult,-0.00589
MED00317,9,recent_curve_mult,-0.00908
MED00318,9,recent_curve_mult,-0.01243
MED00319,9,recent_curve_mult,-0.01101
MED00320,9,recent_curve_mult,-0.02196
MED00321,9,recent_curve_mult,0.00515
MED00322,9,recent_curve_mult,0.00441
MED00323,9,recent_curve_mult,-0.00667
MED00324,9,recent_curve_mult,-0.00915
MED00325,9,recent_curve_mult,-0.01185
MED00326,9,recent_curve_mult,-0.0127
MED00327,9,recent_curve_mult,0.0071
MED00328,9,recent_curve_mult,-0.00883
MED00329,9,recent_curve_mult,-0.01208
MED00330,9,recent_curve_mult,-0.01407
MED00331,9,recent_curve_mult,-0.00573
MED00332,9,recent_curve_mult,-0.0084
MED00333,9,recent_curve_mult,-0.01129
MED00334,9,recent_curve_mult,-0.02088
MED00335,9,recent_curve_mult,0.00929
MED00336,9,recent_curve_mult,-0.01389
MED00337,9,recent_curve_mult,-0.00391
MED00338,9,recent_curve_mult,0.01567
MED00339,9,recent_curve_mult,-0.00821
MED00340,9,recent_curve_mult,0.01578
MED00341,9,recent_curve_mult,0.01255
MED00342,9,recent_curve_mult,-0.00944
MED00343,9,recent_curve_mult,-0.00842
MED00344,9,recent_curve_mult,0.0106
MED00345,9,recent_curve_mult,0.00509
MED00346,9,recent_curve_mult,-0.00639
MED00347,9,recent_curve_mult,0.00407
MED00348,9,recent_curve_mult,-0.00753
MED00349,9,recent_curve_mult,-0.00662
MED00350,9,recent_curve_mult,0.0056
MED00351,9,recent_curve_mult,0.00549
MED00352,9,recent_curve_mult,0.00493
MED00353,9,recent_curve_mult,0.0008
MED00354,9,recent_curve_mult,0.00427
MED00355,9,recent_curve_mult,-0.01108
MED00356,9,recent_curve_mult,-0.00718
MED00357,9,recent_curve_mult,0.00105
MED00358,9,recent_curve_mult,-0.00742
MED00359,9,recent_curve_mult,-0.01055
MED00360,9,recent_curve_mult,-0.01042
MED00361,9,recent_curve_mult,-0.00895
MED00362,9,recent_curve_mult,-0.00751
MED00363,9,recent_curve_mult,-0.00856
MED00364,9,recent_curve_mult,0.00325
MED00365,9,recent_curve_mult,-0.00825
MED00366,9,recent_curve_mult,-0.0053
MED00367,9,recent_curve_mult,0.00784
MED00368,9,recent_curve_mult,-0.00728
MED00369,9,recent_curve_mult,-0.01282
MED00370,9,recent_curve_mult,-0.00246
MED00371,9,recent_curve_mult,0.01795
MED00372,9,recent_curve_mult,0.00431
MED00373,9,recent_curve_mult,0.00533
MED00374,9,recent_curve_mult,-0.00674
MED00375,9,recent_curve_mult,0.00902
MED00376,9,recent_curve_mult,-0.011
MED00377,9,recent_curve_mult,-0.00505
MED00378,9,recent_curve_mult,-0.014
MED00379,9,recent_curve_mult,0.00452
MED00380,9,recent_curve_mult,0.00204
MED00381,9,recent_curve_mult,0.00473
MED00382,9,recent_curve_mult,-0.01008
MED00383,9,recent_curve_mult,0.01211
MED00384,9,recent_curve_mult,-0.00837
MED00385,9,recent_curve_mult,-0.01034
MED00386,9,recent_curve_mult,0.00864
MED00387,9,recent_curve_mult,-0.00962
MED00388,9,recent_curve_mult,0.00904
MED00389,9,recent_curve_mult,-0.01279
MED00390,9,recent_curve_mult,-0.00867
MED00391,9,recent_curve_mult,-0.01001
MED00392,9,recent_curve_mult,-0.00956
MED00393,9,recent_curve_mult,-0.01481
MED00394,9,recent_curve_mult,-0.0114
MED00395,9,recent_curve_mult,-0.00978
MED00396,9,recent_curve_mult,-0.01136
MED00397,9,recent_curve_mult,-0.01007
MED00398,9,recent_curve_mult,-0.00636
MED00399,9,recent_curve_mult,-0.00493
MED00400,9,recent_curve_mult,0.01181
MED00401,9,recent_curve_mult,-0.0112
MED00402,9,recent_curve_mult,-0.01009
MED00403,9,recent_curve_mult,0.01167
MED00404,9,recent_curve_mult,-0.00929
MED00405,9,recent_curve_mult,-0.01149
MED00406,9,recent_curve_mult,-0.00835
MED00407,9,recent_curve_mult,-0.01038
MED00408,9,recent_curve_mult,-0.01249
MED00409,9,recent_curve_mult,-0.01171
MED00410,9,recent_curve_mult,-0.00762
MED00411,9,recent_curve_mult,-0.00736
MED00412,9,recent_curve_mult,-0.00807
MED00413,9,recent_curve_mult,-0.01528
MED00414,9,recent_curve_mult,-0.00647
MED00415,9,recent_curve_mult,-0.00767
MED00416,9,recent_curve_mult,-0.00964
MED00417,9,recent_curve_mult,-0.01323
MED00418,9,recent_curve_mult,-0.01105
MED00419,9,recent_curve_mult,-0.01331
MED00420,9,recent_curve_mult,-0.00495
MED00421,9,recent_curve_mult,-0.00833
MED00422,9,recent_curve_mult,-0.01093
MED00423,9,recent_curve_mult,-0.01495
MED00424,9,recent_curve_mult,-0.00706
MED00001,10,recent_curve_mult,-0.00913
MED00002,10,recent_curve_mult,0.00115
MED00003,10,recent_curve_mult,0.00527
MED00004,10,recent_curve_mult,0.00267
MED00005,10,recent_curve_mult,0.00099
MED00006,10,recent_curve_mult,-0.00488
MED00007,10,recent_curve_mult,-0.01021
MED00008,10,recent_curve_mult,0.00622
MED00009,10,recent_curve_mult,-0.01005
MED00010,10,recent_curve_mult,-0.00177
MED00011,10,recent_curve_mult,0.00727
MED00012,10,recent_curve_mult,-0.009
MED00013,10,recent_curve_mult,-0.00599
MED00014,10,recent_curve_mult,-0.01923
MED00015,10,recent_curve_mult,-0.00383
MED00016,10,recent_curve_mult,-0.00833
MED00017,10,recent_curve_mult,-0.0053
MED00018,10,recent_curve_mult,0.01048
MED00019,10,recent_curve_mult,0.00897
MED00020,10,recent_curve_mult,-0.01091
MED00021,10,recent_curve_mult,-0.01434
MED00022,10,recent_curve_mult,-0.01141
MED00023,10,recent_curve_mult,-0.00672
MED00024,10,recent_curve_mult,-0.01286
MED00025,10,recent_curve_mult,0.00619
MED00026,10,recent_curve_mult,0.00911
MED00027,10,recent_curve_mult,0.00677
MED00028,10,recent_curve_mult,-0.00272
MED00029,10,recent_curve_mult,-0.0183
MED00030,10,recent_curve_mult,-0.01905
MED00031,10,recent_curve_mult,-0.01493
MED00032,10,recent_curve_mult,-0.00582
MED00033,10,recent_curve_mult,-0.0029
MED00034,10,recent_curve_mult,0.01344
MED00035,10,recent_curve_mult,0.00703
MED00036,10,recent_curve_mult,-0.0114
MED00037,10,recent_curve_mult,0.00398
MED00038,10,recent_curve_mult,-0.01051
MED00039,10,recent_curve_mult,0.00826
MED00040,10,recent_curve_mult,0.00277
MED00041,10,recent_curve_mult,-0.00486
MED00042,10,recent_curve_mult,0.01364
MED00043,10,recent_curve_mult,0.00593
MED00044,10,recent_curve_mult,-0.01143
MED00045,10,recent_curve_mult,0.00454
MED00046,10,recent_curve_mult,-0.01273
MED00047,10,recent_curve_mult,-0.01046
MED00048,10,recent_curve_mult,-0.0064
MED00049,10,recent_curve_mult,0.00421
MED00050,10,recent_curve_mult,0.00398
MED00051,10,recent_curve_mult,0.00189
MED00052,10,recent_curve_mult,0.00682
MED00053,10,recent_curve_mult,-0.01049
MED00054,10,recent_curve_mult,-0.01039
MED00055,10,recent_curve_mult,0.00601
MED00056,10,recent_curve_mult,-0.00141
MED00057,10,recent_curve_mult,-0.00155
MED00058,10,recent_curve_mult,-0.0073
MED00059,10,recent_curve_mult,-0.01436
MED00060,10,recent_curve_mult,-0.00994
MED00061,10,recent_curve_mult,-0.00418
MED00062,10,recent_curve_mult,-0.00722
MED00063,10,recent_curve_mult,0.00252
MED00064,10,recent_curve_mult,-0.0118
MED00065,10,recent_curve_mult,-0.00495
MED00066,10,recent_curve_mult,-0.00334
MED00067,10,recent_curve_mult,-0.0082
MED00068,10,recent_curve_mult,-0.01162
MED00069,10,recent_curve_mult,-0.01268
MED00070,10,recent_curve_mult,-0.0104
MED00071,10,recent_curve_mult,-0.01104
MED00072,10,recent_curve_mult,-0.00994
MED00073,10,recent_curve_mult,-0.01128
MED00074,10,recent_curve_mult,-0.01199
MED00075,10,recent_curve_mult,-0.00864
MED00076,10,recent_curve_mult,0.00349
MED00077,10,recent_curve_mult,-0.01173
MED00078,10,recent_curve_mult,-0.0195
MED00079,10,recent_curve_mult,0.0088
MED00080,10,recent_curve_mult,-0.0117
MED00081,10,recent_curve_mult,0.00475
MED00082,10,recent_curve_mult,-0.01402
MED00083,10,recent_curve_mult,-0.01238
MED00084,10,recent_curve_mult,0.00176
MED00085,10,recent_curve_mult,-0.00615
MED00086,10,recent_curve_mult,0.00568
MED00087,10,recent_curve_mult,-0.00732
MED00088,10,recent_curve_mult,0.00133
MED00089,10,recent_curve_mult,0.01749
MED00090,10,recent_curve_mult,-0.00679
MED00091,10,recent_curve_mult,-0.01117
MED00092,10,recent_curve_mult,-0.00484
MED00093,10,recent_curve_mult,0.00797
MED00094,10,recent_curve_mult,0.01032
MED00095,10,recent_curve_mult,-0.00656
MED00096,10,recent_curve_mult,-0.01246
MED00097,10,recent_curve_mult,0.01009
MED00098,10,recent_curve_mult,-0.00714
MED00099,10,recent_curve_mult,0.00677
MED00100,10,recent_curve_mult,0.00239
MED00101,10,recent_curve_mult,-0.01035
MED00102,10,recent_curve_mult,0.00699
MED00103,10,recent_curve_mult,-0.01373
MED00104,10,recent_curve_mult,-0.01265
MED00105,10,recent_curve_mult,0.0098
MED00106,10,recent_curve_mult,0.00231
MED00107,10,recent_curve_mult,-0.01114
MED00108,10,recent_curve_mult,-0.00551
MED00109,10,recent_curve_mult,0.00326
MED00110,10,recent_curve_mult,0.00076
MED00111,10,recent_curve_mult,-0.00416
MED00112,10,recent_curve_mult,-0.00997
MED00113,10,recent_curve_mult,-0.00599
MED00114,10,recent_curve_mult,-0.01468
MED00115,10,recent_curve_mult,-0.00804
MED00116,10,recent_curve_mult,-0.02143
MED00117,10,recent_curve_mult,-0.00848
MED00118,10,recent_curve_mult,-0.00497
MED00119,10,recent_curve_mult,-0.00667
MED00120,10,recent_curve_mult,0.01842
MED00121,10,recent_curve_mult,0.00709
MED00122,10,recent_curve_mult,-0.00651
MED00123,10,recent_curve_mult,-0.00539
MED00124,10,recent_curve_mult,-0.01252
MED00125,10,recent_curve_mult,0.00467
MED00126,10,recent_curve_mult,0.00053
MED00127,10,recent_curve_mult,-0.01031
MED00128,10,recent_curve_mult,-0.00856
MED00129,10,recent_curve_mult,0.00304
MED00130,10,recent_curve_mult,0.00294
MED00131,10,recent_curve_mult,-0.0112
MED00132,10,recent_curve_mult,-0.0042
MED00133,10,recent_curve_mult,-0.00664
MED00134,10,recent_curve_mult,0.0009
MED00135,10,recent_curve_mult,0.01429
MED00136,10,recent_curve_mult,-0.00807
MED00137,10,recent_curve_mult,0.00076
MED00138,10,recent_curve_mult,0.00475
MED00139,10,recent_curve_mult,0.00705
MED00140,10,recent_curve_mult,-0.00497
MED00141,10,recent_curve_mult,-0.01325
MED00142,10,recent_curve_mult,0.00806
MED00143,10,recent_curve_mult,-0.00488
MED00144,10,recent_curve_mult,0.0106
MED00145,10,recent_curve_mult,0.00201
MED00146,10,recent_curve_mult,-0.00608
MED00147,10,recent_curve_mult,-0.00677
MED00148,10,recent_curve_mult,-0.01131
MED00149,10,recent_curve_mult,-0.00828
MED00150,10,recent_curve_mult,-0.00864
MED00151,10,recent_curve_mult,-0.00633
MED00152,10,recent_curve_mult,-0.00918
MED00153,10,recent_curve_mult,-0.01067
MED00154,10,recent_curve_mult,-0.01515
MED00155,10,recent_curve_mult,-0.00605
MED00156,10,recent_curve_mult,-0.0056
MED00157,10,recent_curve_mult,-0.01355
MED00158,10,recent_curve_mult,0.00812
MED00159,10,recent_curve_mult,0.01039
MED00160,10,recent_curve_mult,-0.00564
MED00161,10,recent_curve_mult,-0.01209
MED00162,10,recent_curve_mult,-0.00794
MED00163,10,recent_curve_mult,-0.00231
MED00164,10,recent_curve_mult,-0.01151
MED00165,10,recent_curve_mult,-0.00955
MED00166,10,recent_curve_mult,-0.00934
MED00167,10,recent_curve_mult,-0.00629
MED00168,10,recent_curve_mult,0.00633
MED00169,10,recent_curve_mult,-0.00631
MED00170,10,recent_curve_mult,-0.0058
MED00171,10,recent_curve_mult,-0.00771
MED00172,10,recent_curve_mult,-0.00735
MED00173,10,recent_curve_mult,-0.01049
MED00174,10,recent_curve_mult,-0.01762
MED00175,10,recent_curve_mult,0.0064
MED00176,10,recent_curve_mult,-0.01153
MED00177,10,recent_curve_mult,0.0058
MED00178,10,recent_curve_mult,-0.00614
MED00179,10,recent_curve_mult,0.0017
MED00180,10,recent_curve_mult,-0.00807
MED00181,10,recent_curve_mult,-0.01026
MED00182,10,recent_curve_mult,0.0082
MED00183,10,recent_curve_mult,0.01472
MED00184,10,recent_curve_mult,-0.0062
MED00185,10,recent_curve_mult,-0.00645
MED00186,10,recent_curve_mult,-0.00743
MED00187,10,recent_curve_mult,-0.01866
MED00188,10,recent_curve_mult,-0.01058
MED00189,10,recent_curve_mult,0.00382
MED00190,10,recent_curve_mult,-0.00946
MED00191,10,recent_curve_mult,-0.0085
MED00192,10,recent_curve_mult,-0.00226
MED00193,10,recent_curve_mult,0.00208
MED00194,10,recent_curve_mult,-0.01363
MED00195,10,recent_curve_mult,-0.00776
MED00196,10,recent_curve_mult,-0.01595
MED00197,10,recent_curve_mult,-0.01119
MED00198,10,recent_curve_mult,-0.00468
MED00199,10,recent_curve_mult,-0.00666
MED00200,10,recent_curve_mult,0.0024
MED00201,10,recent_curve_mult,-0.01361
MED00202,10,recent_curve_mult,-0.0099
MED00203,10,recent_curve_mult,-0.01095
MED00204,10,recent_curve_mult,0.00399
MED00205,10,recent_curve_mult,0.00728
MED00206,10,recent_curve_mult,-0.00596
MED00207,10,recent_curve_mult,-0.00952
MED00208,10,recent_curve_mult,0.01012
MED00209,10,recent_curve_mult,-0.01125
MED00210,10,recent_curve_mult,0.00616
MED00211,10,recent_curve_mult,-0.0059
MED00212,10,recent_curve_mult,-0.01491
MED00213,10,recent_curve_mult,-0.00361
MED00214,10,recent_curve_mult,-0.00672
MED00215,10,recent_curve_mult,-0.00431
MED00216,10,recent_curve_mult,0.00288
MED00217,10,recent_curve_mult,0.0031
MED00218,10,recent_curve_mult,-0.00887
MED00219,10,recent_curve_mult,0.01033
MED00220,10,recent_curve_mult,-0.00825
MED00221,10,recent_curve_mult,-0.01108
MED00222,10,recent_curve_mult,0.00767
MED00223,10,recent_curve_mult,-0.01169
MED00224,10,recent_curve_mult,-0.00469
MED00225,10,recent_curve_mult,-0.01022
MED00226,10,recent_curve_mult,-0.01304
MED00227,10,recent_curve_mult,-0.01436
MED00228,10,recent_curve_mult,-0.00802
MED00229,10,recent_curve_mult,-0.00234
MED00230,10,recent_curve_mult,-0.02048
MED00231,10,recent_curve_mult,-0.00113
MED00232,10,recent_curve_mult,0.00811
MED00233,10,recent_curve_mult,-0.00306
MED00234,10,recent_curve_mult,-0.0064
MED00235,10,recent_curve_mult,0.00698
MED00236,10,recent_curve_mult,-0.00689
MED00237,10,recent_curve_mult,-0.01705
MED00238,10,recent_curve_mult,-0.00777
MED00239,10,recent_curve_mult,-0.00459
MED00240,10,recent_curve_mult,-0.01271
MED00241,10,recent_curve_mult,-0.01061
MED00242,10,recent_curve_mult,-0.00998
MED00243,10,recent_curve_mult,0.00093
MED00244,10,recent_curve_mult,-0.00852
MED00245,10,recent_curve_mult,-0.00471
MED00246,10,recent_curve_mult,-0.00837
MED00247,10,recent_curve_mult,-0.00657
MED00248,10,recent_curve_mult,-0.00615
MED00249,10,recent_curve_mult,0.00196
MED00250,10,recent_curve_mult,-0.01026
MED00251,10,recent_curve_mult,-0.00952
MED00252,10,recent_curve_mult,0.00452
MED00253,10,recent_curve_mult,-0.00724
MED00254,10,recent_curve_mult,0.00292
MED00255,10,recent_curve_mult,-0.00832
MED00256,10,recent_curve_mult,-0.00836
MED00257,10,recent_curve_mult,-0.01386
MED00258,10,recent_curve_mult,-0.00695
MED00259,10,recent_curve_mult,-0.00583
MED00260,10,recent_curve_mult,-0.00453
MED00261,10,recent_curve_mult,-0.0062
MED00262,10,recent_curve_mult,-0.01001
MED00263,10,recent_curve_mult,-0.00793
MED00264,10,recent_curve_mult,0.0029
MED00265,10,recent_curve_mult,-0.00972
MED00266,10,recent_curve_mult,0.02065
MED00267,10,recent_curve_mult,0.00578
MED00268,10,recent_curve_mult,-0.00704
MED00269,10,recent_curve_mult,-0.00766
MED00270,10,recent_curve_mult,-0.00916
MED00271,10,recent_curve_mult,-0.00753
MED00272,10,recent_curve_mult,-0.00813
MED00273,10,recent_curve_mult,-0.01619
MED00274,10,recent_curve_mult,-0.00384
MED00275,10,recent_curve_mult,-0.00658
MED00276,10,recent_curve_mult,-0.00536
MED00277,10,recent_curve_mult,0.00378
MED00278,10,recent_curve_mult,-0.00855
MED00279,10,recent_curve_mult,-0.00377
MED00280,10,recent_curve_mult,0.00246
MED00281,10,recent_curve_mult,-0.00854
MED00282,10,recent_curve_mult,-0.00853
MED00283,10,recent_curve_mult,-0.01015
MED00284,10,recent_curve_mult,-0.01027
MED00285,10,recent_curve_mult,-0.0105
MED00286,10,recent_curve_mult,-0.01654
MED00287,10,recent_curve_mult,-0.00676
MED00288,10,recent_curve_mult,-0.01217
MED00289,10,recent_curve_mult,-0.0116
MED00290,10,recent_curve_mult,-0.00362
MED00291,10,recent_curve_mult,-0.02301
MED00292,10,recent_curve_mult,-0.00785
MED00293,10,recent_curve_mult,-0.0154
MED00294,10,recent_curve_mult,-0.01178
MED00295,10,recent_curve_mult,0.00808
MED00296,10,recent_curve_mult,-0.01001
MED00297,10,recent_curve_mult,-0.01306
MED00298,10,recent_curve_mult,-0.00632
MED00299,10,recent_curve_mult,-0.00344
MED00300,10,recent_curve_mult,-0.00969
MED00301,10,recent_curve_mult,-0.01073
MED00302,10,recent_curve_mult,0.00411
MED00303,10,recent_curve_mult,-0.02061
MED00304,10,recent_curve_mult,-0.01439
MED00305,10,recent_curve_mult,-0.01021
MED00306,10,recent_curve_mult,0.00655
MED00307,10,recent_curve_mult,-0.00858
MED00308,10,recent_curve_mult,-0.00499
MED00309,10,recent_curve_mult,-0.01494
MED00310,10,recent_curve_mult,-0.00639
MED00311,10,recent_curve_mult,-0.0201
MED00312,10,recent_curve_mult,-0.00721
MED00313,10,recent_curve_mult,-0.00405
MED00314,10,recent_curve_mult,0.01297
MED00315,10,recent_curve_mult,-0.00805
MED00316,10,recent_curve_mult,-0.00458
MED00317,10,recent_curve_mult,-0.00739
MED00318,10,recent_curve_mult,-0.01152
MED00319,10,recent_curve_mult,-0.00984
MED00320,10,recent_curve_mult,-0.02125
MED00321,10,recent_curve_mult,0.00432
MED00322,10,recent_curve_mult,0.00387
MED00323,10,recent_curve_mult,-0.00564
MED00324,10,recent_curve_mult,-0.00792
MED00325,10,recent_curve_mult,-0.01079
MED00326,10,recent_curve_mult,-0.01106
MED00327,10,recent_curve_mult,0.00648
MED00328,10,recent_curve_mult,-0.00771
MED00329,10,recent_curve_mult,-0.01041
MED00330,10,recent_curve_mult,-0.01269
MED00331,10,recent_curve_mult,-0.00576
MED00332,10,recent_curve_mult,-0.00705
MED00333,10,recent_curve_mult,-0.00999
MED00334,10,recent_curve_mult,-0.02067
MED00335,10,recent_curve_mult,0.00432
MED00336,10,recent_curve_mult,-0.01075
MED00337,10,recent_curve_mult,-0.003
MED00338,10,recent_curve_mult,0.01458
MED00339,10,recent_curve_mult,-0.00759
MED00340,10,recent_curve_mult,0.01451
MED00341,10,recent_curve_mult,0.01216
MED00342,10,recent_curve_mult,-0.0081
MED00343,10,recent_curve_mult,-0.00776
MED00344,10,recent_curve_mult,0.00998
MED00345,10,recent_curve_mult,0.00449
MED00346,10,recent_curve_mult,-0.00586
MED00347,10,recent_curve_mult,0.00346
MED00348,10,recent_curve_mult,-0.00577
MED00349,10,recent_curve_mult,-0.005
MED00350,10,recent_curve_mult,0.00423
MED00351,10,recent_curve_mult,-0.0003
MED00352,10,recent_curve_mult,-0.00062
MED00353,10,recent_curve_mult,0.0002
MED00354,10,recent_curve_mult,0.00264
MED00355,10,recent_curve_mult,-0.01019
MED00356,10,recent_curve_mult,-0.00614
MED00357,10,recent_curve_mult,0.00089
MED00358,10,recent_curve_mult,-0.00693
MED00359,10,recent_curve_mult,-0.00988
MED00360,10,recent_curve_mult,-0.00951
MED00361,10,recent_curve_mult,-0.00788
MED00362,10,recent_curve_mult,-0.00685
MED00363,10,recent_curve_mult,-0.00689
MED00364,10,recent_curve_mult,0.0022
MED00365,10,recent_curve_mult,-0.00787
MED00366,10,recent_curve_mult,-0.00527
MED00367,10,recent_curve_mult,0.00635
MED00368,10,recent_curve_mult,-0.00652
MED00369,10,recent_curve_mult,-0.01239
MED00370,10,recent_curve_mult,-0.00125
MED00371,10,recent_curve_mult,0.01756
MED00372,10,recent_curve_mult,0.00366
MED00373,10,recent_curve_mult,0.00491
MED00374,10,recent_curve_mult,-0.00644
MED00375,10,recent_curve_mult,0.00879
MED00376,10,recent_curve_mult,-0.01014
MED00377,10,recent_curve_mult,-0.00395
MED00378,10,recent_curve_mult,-0.01149
MED00379,10,recent_curve_mult,0.00369
MED00380,10,recent_curve_mult,0.0007
MED00382,10,recent_curve_mult,-0.00916
MED00383,10,recent_curve_mult,0.01109
MED00384,10,recent_curve_mult,-0.0073
MED00385,10,recent_curve_mult,-0.00943
MED00386,10,recent_curve_mult,0.00827
MED00387,10,recent_curve_mult,-0.0086
MED00388,10,recent_curve_mult,0.00677
MED00389,10,recent_curve_mult,-0.0123
MED00390,10,recent_curve_mult,-0.00831
MED00391,10,recent_curve_mult,-0.00978
MED00392,10,recent_curve_mult,-0.00955
MED00393,10,recent_curve_mult,-0.0134
MED00394,10,recent_curve_mult,-0.01009
MED00395,10,recent_curve_mult,-0.00875
MED00396,10,recent_curve_mult,-0.01058
MED00397,10,recent_curve_mult,-0.00919
MED00398,10,recent_curve_mult,-0.00678
MED00399,10,recent_curve_mult,-0.00534
MED00400,10,recent_curve_mult,0.01067
MED00401,10,recent_curve_mult,-0.00962
MED00402,10,recent_curve_mult,-0.00957
MED00403,10,recent_curve_mult,0.00955
MED00404,10,recent_curve_mult,-0.00763
MED00405,10,recent_curve_mult,-0.00992
MED00406,10,recent_curve_mult,-0.00722
MED00407,10,recent_curve_mult,-0.00929
MED00408,10,recent_curve_mult,-0.01196
MED00409,10,recent_curve_mult,-0.0103
MED00410,10,recent_curve_mult,-0.00669
MED00411,10,recent_curve_mult,-0.00706
MED00412,10,recent_curve_mult,-0.00753
MED00413,10,recent_curve_mult,-0.01344
MED00414,10,recent_curve_mult,-0.00573
MED00415,10,recent_curve_mult,-0.00682
MED00416,10,recent_curve_mult,-0.00884
MED00417,10,recent_curve_mult,-0.01266
MED00418,10,recent_curve_mult,-0.01069
MED00419,10,recent_curve_mult,-0.01231
MED00420,10,recent_curve_mult,-0.00468
MED00421,10,recent_curve_mult,-0.00787
MED00422,10,recent_curve_mult,-0.01013
MED00423,10,recent_curve_mult,-0.01398
MED00424,10,recent_curve_mult,-0.00711
MED00001,11,recent_curve_mult,-0.00732
MED00002,11,recent_curve_mult,0.00048
MED00003,11,recent_curve_mult,0.00455
MED00004,11,recent_curve_mult,0.00177
MED00005,11,recent_curve_mult,0.005
MED00006,11,recent_curve_mult,-0.0046
MED00007,11,recent_curve_mult,-0.00976
MED00008,11,recent_curve_mult,0.00536
MED00009,11,recent_curve_mult,-0.00869
MED00010,11,recent_curve_mult,0.00059
MED00011,11,recent_curve_mult,0.00673
MED00012,11,recent_curve_mult,-0.00885
MED00013,11,recent_curve_mult,-0.00554
MED00014,11,recent_curve_mult,-0.01716
MED00015,11,recent_curve_mult,-0.00412
MED00016,11,recent_curve_mult,-0.00799
MED00017,11,recent_curve_mult,-0.00516
MED00018,11,recent_curve_mult,0.00784
MED00019,11,recent_curve_mult,0.00841
MED00020,11,recent_curve_mult,-0.01042
MED00021,11,recent_curve_mult,-0.01346
MED00022,11,recent_curve_mult,-0.0112
MED00023,11,recent_curve_mult,-0.00603
MED00024,11,recent_curve_mult,-0.01243
MED00025,11,recent_curve_mult,0.00464
MED00026,11,recent_curve_mult,0.00967
MED00027,11,recent_curve_mult,0.00765
MED00028,11,recent_curve_mult,-0.00315
MED00029,11,recent_curve_mult,-0.01825
MED00030,11,recent_curve_mult,-0.01834
MED00031,11,recent_curve_mult,-0.01478
MED00032,11,recent_curve_mult,-0.00524
MED00033,11,recent_curve_mult,0.00044
MED00034,11,recent_curve_mult,0.01104
MED00035,11,recent_curve_mult,0.00642
MED00036,11,recent_curve_mult,-0.01195
MED00037,11,recent_curve_mult,0.0027
MED00038,11,recent_curve_mult,-0.01011
MED00039,11,recent_curve_mult,0.00741
MED00040,11,recent_curve_mult,0.00208
MED00041,11,recent_curve_mult,-0.00461
MED00042,11,recent_curve_mult,0.01182
MED00043,11,recent_curve_mult,0.00559
MED00044,11,recent_curve_mult,-0.01123
MED00045,11,recent_curve_mult,0.00402
MED00046,11,recent_curve_mult,-0.01231
MED00047,11,recent_curve_mult,-0.00939
MED00048,11,recent_curve_mult,-0.00612
MED00049,11,recent_curve_mult,0.00316
MED00050,11,recent_curve_mult,0.00368
MED00051,11,recent_curve_mult,0.00103
MED00052,11,recent_curve_mult,0.00603
MED00053,11,recent_curve_mult,-0.01027
MED00054,11,recent_curve_mult,-0.01031
MED00055,11,recent_curve_mult,0.00524
MED00056,11,recent_curve_mult,-0.00215
MED00057,11,recent_curve_mult,-0.00231
MED00058,11,recent_curve_mult,-0.00699
MED00059,11,recent_curve_mult,-0.01399
MED00060,11,recent_curve_mult,-0.00765
MED00061,11,recent_curve_mult,-0.00375
MED00062,11,recent_curve_mult,-0.00574
MED00063,11,recent_curve_mult,0.00177
MED00064,11,recent_curve_mult,-0.01157
MED00065,11,recent_curve_mult,-0.00378
MED00066,11,recent_curve_mult,-0.00275
MED00067,11,recent_curve_mult,-0.00818
MED00068,11,recent_curve_mult,-0.01072
MED00069,11,recent_curve_mult,-0.01236
MED00070,11,recent_curve_mult,-0.01045
MED00071,11,recent_curve_mult,-0.01113
MED00072,11,recent_curve_mult,-0.00957
MED00073,11,recent_curve_mult,-0.01061
MED00074,11,recent_curve_mult,-0.01175
MED00075,11,recent_curve_mult,-0.00718
MED00076,11,recent_curve_mult,0.00289
MED00077,11,recent_curve_mult,-0.01028
MED00078,11,recent_curve_mult,-0.01956
MED00079,11,recent_curve_mult,0.00709
MED00080,11,recent_curve_mult,-0.01173
MED00081,11,recent_curve_mult,0.00403
MED00082,11,recent_curve_mult,-0.01378
MED00083,11,recent_curve_mult,-0.01235
MED00084,11,recent_curve_mult,0.00508
MED00085,11,recent_curve_mult,-0.00595
MED00086,11,recent_curve_mult,0.00292
MED00087,11,recent_curve_mult,-0.00701
MED00088,11,recent_curve_mult,0.00568
MED00089,11,recent_curve_mult,0.01455
MED00090,11,recent_curve_mult,-0.00695
MED00091,11,recent_curve_mult,-0.01081
MED00092,11,recent_curve_mult,-0.00457
MED00093,11,recent_curve_mult,0.00762
MED00094,11,recent_curve_mult,0.00991
MED00095,11,recent_curve_mult,-0.00625
MED00096,11,recent_curve_mult,-0.01173
MED00097,11,recent_curve_mult,0.00718
MED00098,11,recent_curve_mult,-0.0068
MED00099,11,recent_curve_mult,0.00777
MED00100,11,recent_curve_mult,0.0018
MED00101,11,recent_curve_mult,-0.00933
MED00102,11,recent_curve_mult,0.0049
MED00103,11,recent_curve_mult,-0.01346
MED00104,11,recent_curve_mult,-0.01213
MED00105,11,recent_curve_mult,0.00844
MED00106,11,recent_curve_mult,0.00159
MED00107,11,recent_curve_mult,-0.01041
MED00108,11,recent_curve_mult,-0.00503
MED00109,11,recent_curve_mult,0.00261
MED00110,11,recent_curve_mult,0.00012
MED00111,11,recent_curve_mult,-0.00416
MED00112,11,recent_curve_mult,-0.00923
MED00113,11,recent_curve_mult,-0.00564
MED00114,11,recent_curve_mult,-0.01356
MED00115,11,recent_curve_mult,-0.00771
MED00116,11,recent_curve_mult,-0.01981
MED00117,11,recent_curve_mult,-0.00803
MED00118,11,recent_curve_mult,-0.00465
MED00119,11,recent_curve_mult,-0.00645
MED00120,11,recent_curve_mult,0.01594
MED00121,11,recent_curve_mult,0.00653
MED00122,11,recent_curve_mult,-0.00619
MED00123,11,recent_curve_mult,-0.00528
MED00124,11,recent_curve_mult,-0.01133
MED00125,11,recent_curve_mult,0.00364
MED00127,11,recent_curve_mult,-0.0083
MED00128,11,recent_curve_mult,-0.00834
MED00129,11,recent_curve_mult,0.0024
MED00130,11,recent_curve_mult,0.0023
MED00131,11,recent_curve_mult,-0.01078
MED00132,11,recent_curve_mult,-0.00397
MED00133,11,recent_curve_mult,-0.0066
MED00134,11,recent_curve_mult,0.00027
MED00135,11,recent_curve_mult,0.01176
MED00136,11,recent_curve_mult,-0.00757
MED00137,11,recent_curve_mult,0.00422
MED00138,11,recent_curve_mult,0.00437
MED00139,11,recent_curve_mult,0.00656
MED00140,11,recent_curve_mult,-0.00469
MED00141,11,recent_curve_mult,-0.01237
MED00142,11,recent_curve_mult,0.00624
MED00143,11,recent_curve_mult,-0.00468
MED00144,11,recent_curve_mult,0.00932
MED00145,11,recent_curve_mult,0.00151
MED00146,11,recent_curve_mult,-0.00577
MED00147,11,recent_curve_mult,-0.00476
MED00148,11,recent_curve_mult,-0.00876
MED00149,11,recent_curve_mult,-0.00855
MED00150,11,recent_curve_mult,-0.00796
MED00151,11,recent_curve_mult,-0.00588
MED00152,11,recent_curve_mult,-0.00884
MED00153,11,recent_curve_mult,-0.01
MED00154,11,recent_curve_mult,-0.01439
MED00155,11,recent_curve_mult,-0.00591
MED00156,11,recent_curve_mult,-0.00502
MED00157,11,recent_curve_mult,-0.01146
MED00158,11,recent_curve_mult,0.009
MED00159,11,recent_curve_mult,0.00849
MED00160,11,recent_curve_mult,-0.0058
MED00161,11,recent_curve_mult,-0.01117
MED00162,11,recent_curve_mult,-0.00757
MED00163,11,recent_curve_mult,-0.00279
MED00164,11,recent_curve_mult,-0.01131
MED00165,11,recent_curve_mult,-0.00901
MED00166,11,recent_curve_mult,-0.00904
MED00167,11,recent_curve_mult,-0.00597
MED00168,11,recent_curve_mult,0.00592
MED00169,11,recent_curve_mult,-0.00583
MED00170,11,recent_curve_mult,-0.00566
MED00171,11,recent_curve_mult,-0.00743
MED00172,11,recent_curve_mult,-0.00665
MED00173,11,recent_curve_mult,-0.01028
MED00174,11,recent_curve_mult,-0.01663
MED00175,11,recent_curve_mult,0.00515
MED00176,11,recent_curve_mult,-0.01072
MED00177,11,recent_curve_mult,0.00658
MED00178,11,recent_curve_mult,-0.00736
MED00179,11,recent_curve_mult,0.00153
MED00180,11,recent_curve_mult,-0.00866
MED00181,11,recent_curve_mult,-0.00996
MED00182,11,recent_curve_mult,0.00908
MED00183,11,recent_curve_mult,0.0122
MED00184,11,recent_curve_mult,-0.00641
MED00185,11,recent_curve_mult,-0.00553
MED00186,11,recent_curve_mult,-0.00713
MED00187,11,recent_curve_mult,-0.01796
MED00188,11,recent_curve_mult,-0.01033
MED00189,11,recent_curve_mult,0.00307
MED00190,11,recent_curve_mult,-0.00865
MED00191,11,recent_curve_mult,-0.00774
MED00192,11,recent_curve_mult,-0.00278
MED00193,11,recent_curve_mult,0.0011
MED00194,11,recent_curve_mult,-0.01236
MED00195,11,recent_curve_mult,-0.00703
MED00196,11,recent_curve_mult,-0.01443
MED00197,11,recent_curve_mult,-0.01082
MED00198,11,recent_curve_mult,-0.0045
MED00199,11,recent_curve_mult,-0.00591
MED00200,11,recent_curve_mult,0.00196
MED00201,11,recent_curve_mult,-0.01113
MED00202,11,recent_curve_mult,-0.00933
MED00203,11,recent_curve_mult,-0.01066
MED00204,11,recent_curve_mult,0.00357
MED00205,11,recent_curve_mult,0.00673
MED00206,11,recent_curve_mult,-0.00531
MED00207,11,recent_curve_mult,-0.00893
MED00208,11,recent_curve_mult,0.00875
MED00209,11,recent_curve_mult,-0.01089
MED00210,11,recent_curve_mult,0.00492
MED00211,11,recent_curve_mult,-0.00608
MED00212,11,recent_curve_mult,-0.01289
MED00213,11,recent_curve_mult,-0.00089
MED00214,11,recent_curve_mult,-0.00716
MED00215,11,recent_curve_mult,-0.00415
MED00216,11,recent_curve_mult,0.00198
MED00217,11,recent_curve_mult,0.0022
MED00218,11,recent_curve_mult,-0.00682
MED00219,11,recent_curve_mult,0.00892
MED00220,11,recent_curve_mult,-0.0079
MED00221,11,recent_curve_mult,-0.01127
MED00222,11,recent_curve_mult,0.00488
MED00223,11,recent_curve_mult,-0.01268
MED00224,11,recent_curve_mult,-0.00445
MED00225,11,recent_curve_mult,-0.00924
MED00226,11,recent_curve_mult,-0.01276
MED00227,11,recent_curve_mult,-0.01353
MED00228,11,recent_curve_mult,-0.00709
MED00229,11,recent_curve_mult,-0.00307
MED00230,11,recent_curve_mult,-0.01984
MED00231,11,recent_curve_mult,-0.00084
MED00232,11,recent_curve_mult,0.00787
MED00233,11,recent_curve_mult,-0.00297
MED00234,11,recent_curve_mult,-0.00598
MED00235,11,recent_curve_mult,0.00368
MED00236,11,recent_curve_mult,-0.00632
MED00237,11,recent_curve_mult,-0.01641
MED00238,11,recent_curve_mult,-0.0073
MED00239,11,recent_curve_mult,-0.00443
MED00240,11,recent_curve_mult,-0.0117
MED00241,11,recent_curve_mult,-0.01
MED00242,11,recent_curve_mult,-0.00909
MED00243,11,recent_curve_mult,0.00025
MED00244,11,recent_curve_mult,-0.00844
MED00245,11,recent_curve_mult,-0.00403
MED00246,11,recent_curve_mult,-0.008
MED00247,11,recent_curve_mult,-0.00712
MED00248,11,recent_curve_mult,-0.0048
MED00249,11,recent_curve_mult,0.0016
MED00250,11,recent_curve_mult,-0.00994
MED00251,11,recent_curve_mult,-0.00915
MED00252,11,recent_curve_mult,0.00168
MED00253,11,recent_curve_mult,-0.00786
MED00254,11,recent_curve_mult,0.00011
MED00255,11,recent_curve_mult,-0.00829
MED00256,11,recent_curve_mult,-0.00803
MED00257,11,recent_curve_mult,-0.01296
MED00258,11,recent_curve_mult,-0.00673
MED00259,11,recent_curve_mult,-0.00544
MED00260,11,recent_curve_mult,-0.00455
MED00261,11,recent_curve_mult,-0.00626
MED00262,11,recent_curve_mult,-0.00998
MED00263,11,recent_curve_mult,-0.00771
MED00264,11,recent_curve_mult,-0.00022
MED00265,11,recent_curve_mult,-0.00865
MED00266,11,recent_curve_mult,0.01746
MED00267,11,recent_curve_mult,0.00531
MED00268,11,recent_curve_mult,-0.00665
MED00269,11,recent_curve_mult,-0.00769
MED00270,11,recent_curve_mult,-0.00898
MED00271,11,recent_curve_mult,-0.00702
MED00272,11,recent_curve_mult,-0.0061
MED00273,11,recent_curve_mult,-0.01415
MED00274,11,recent_curve_mult,-0.00373
MED00275,11,recent_curve_mult,-0.00527
MED00276,11,recent_curve_mult,-0.00536
MED00277,11,recent_curve_mult,0.00306
MED00278,11,recent_curve_mult,-0.00749
MED00279,11,recent_curve_mult,-0.00394
MED00280,11,recent_curve_mult,0.00196
MED00281,11,recent_curve_mult,-0.0069
MED00282,11,recent_curve_mult,-0.00653
MED00283,11,recent_curve_mult,-0.00959
MED00284,11,recent_curve_mult,-0.00991
MED00285,11,recent_curve_mult,-0.00952
MED00286,11,recent_curve_mult,-0.01617
MED00287,11,recent_curve_mult,-0.0063
MED00288,11,recent_curve_mult,-0.01099
MED00289,11,recent_curve_mult,-0.01067
MED00290,11,recent_curve_mult,-0.00322
MED00291,11,recent_curve_mult,-0.02252
MED00292,11,recent_curve_mult,-0.00585
MED00293,11,recent_curve_mult,-0.01528
MED00294,11,recent_curve_mult,-0.01145
MED00295,11,recent_curve_mult,0.00864
MED00296,11,recent_curve_mult,-0.00922
MED00297,11,recent_curve_mult,-0.01212
MED00298,11,recent_curve_mult,-0.00602
MED00299,11,recent_curve_mult,-0.00417
MED00300,11,recent_curve_mult,-0.00906
MED00301,11,recent_curve_mult,-0.00969
MED00302,11,recent_curve_mult,0.00405
MED00303,11,recent_curve_mult,-0.01988
MED00304,11,recent_curve_mult,-0.01357
MED00305,11,recent_curve_mult,-0.01001
MED00306,11,recent_curve_mult,0.00568
MED00307,11,recent_curve_mult,-0.0079
MED00308,11,recent_curve_mult,-0.00495
MED00309,11,recent_curve_mult,-0.01464
MED00310,11,recent_curve_mult,-0.00469
MED00311,11,recent_curve_mult,-0.02043
MED00312,11,recent_curve_mult,-0.00696
MED00313,11,recent_curve_mult,-0.00512
MED00314,11,recent_curve_mult,0.01044
MED00315,11,recent_curve_mult,-0.00768
MED00316,11,recent_curve_mult,-0.00441
MED00317,11,recent_curve_mult,-0.00724
MED00318,11,recent_curve_mult,-0.01055
MED00319,11,recent_curve_mult,-0.009
MED00320,11,recent_curve_mult,-0.0196
MED00321,11,recent_curve_mult,0.00368
MED00322,11,recent_curve_mult,0.00311
MED00323,11,recent_curve_mult,-0.00554
MED00324,11,recent_curve_mult,-0.00715
MED00325,11,recent_curve_mult,-0.00986
MED00326,11,recent_curve_mult,-0.01101
MED00327,11,recent_curve_mult,0.00593
MED00328,11,recent_curve_mult,-0.00695
MED00329,11,recent_curve_mult,-0.00947
MED00330,11,recent_curve_mult,-0.01184
MED00331,11,recent_curve_mult,-0.00539
MED00332,11,recent_curve_mult,-0.00709
MED00333,11,recent_curve_mult,-0.0088
MED00334,11,recent_curve_mult,-0.01958
MED00335,11,recent_curve_mult,0.00765
MED00336,11,recent_curve_mult,-0.0095
MED00337,11,recent_curve_mult,-0.00254
MED00338,11,recent_curve_mult,0.01162
MED00339,11,recent_curve_mult,-0.00727
MED00340,11,recent_curve_mult,0.01309
MED00341,11,recent_curve_mult,0.01079
MED00342,11,recent_curve_mult,-0.00758
MED00343,11,recent_curve_mult,-0.00748
MED00344,11,recent_curve_mult,0.00831
MED00345,11,recent_curve_mult,0.00382
MED00346,11,recent_curve_mult,-0.00641
MED00347,11,recent_curve_mult,0.00261
MED00348,11,recent_curve_mult,-0.0051
MED00349,11,recent_curve_mult,-0.00479
MED00350,11,recent_curve_mult,0.00343
MED00351,11,recent_curve_mult,-0.00052
MED00352,11,recent_curve_mult,-0.00134
MED00353,11,recent_curve_mult,-0.00017
MED00354,11,recent_curve_mult,0.00199
MED00355,11,recent_curve_mult,-0.00976
MED00356,11,recent_curve_mult,-0.00609
MED00357,11,recent_curve_mult,0.00045
MED00358,11,recent_curve_mult,-0.00528
MED00359,11,recent_curve_mult,-0.00955
MED00360,11,recent_curve_mult,-0.00976
MED00361,11,recent_curve_mult,-0.00759
MED00362,11,recent_curve_mult,-0.00646
MED00363,11,recent_curve_mult,-0.00663
MED00364,11,recent_curve_mult,0.00139
MED00365,11,recent_curve_mult,-0.00755
MED00366,11,recent_curve_mult,-0.00541
MED00367,11,recent_curve_mult,0.00573
MED00368,11,recent_curve_mult,-0.00634
MED00369,11,recent_curve_mult,-0.01145
MED00370,11,recent_curve_mult,-0.00135
MED00371,11,recent_curve_mult,0.0143
MED00372,11,recent_curve_mult,0.00267
MED00373,11,recent_curve_mult,0.00431
MED00374,11,recent_curve_mult,-0.00531
MED00375,11,recent_curve_mult,0.00902
MED00376,11,recent_curve_mult,-0.00953
MED00377,11,recent_curve_mult,-0.00524
MED00378,11,recent_curve_mult,-0.01087
MED00379,11,recent_curve_mult,0.00291
MED00381,11,recent_curve_mult,0.00378
MED00382,11,recent_curve_mult,-0.00744
MED00383,11,recent_curve_mult,0.00926
MED00384,11,recent_curve_mult,-0.00701
MED00385,11,recent_curve_mult,-0.00893
MED00386,11,recent_curve_mult,0.00785
MED00387,11,recent_curve_mult,-0.00819
MED00388,11,recent_curve_mult,0.00519
MED00389,11,recent_curve_mult,-0.01207
MED00390,11,recent_curve_mult,-0.00839
MED00391,11,recent_curve_mult,-0.00772
MED00392,11,recent_curve_mult,-0.00774
MED00393,11,recent_curve_mult,-0.01064
MED00394,11,recent_curve_mult,-0.0078
MED00395,11,recent_curve_mult,-0.00676
MED00396,11,recent_curve_mult,-0.00976
MED00397,11,recent_curve_mult,-0.0087
MED00398,11,recent_curve_mult,-0.0058
MED00399,11,recent_curve_mult,-0.0048
MED00400,11,recent_curve_mult,0.00836
MED00401,11,recent_curve_mult,-0.00841
MED00402,11,recent_curve_mult,-0.00888
MED00403,11,recent_curve_mult,0.00798
MED00404,11,recent_curve_mult,-0.00627
MED00405,11,recent_curve_mult,-0.00908
MED00406,11,recent_curve_mult,-0.00696
MED00407,11,recent_curve_mult,-0.00845
MED00408,11,recent_curve_mult,-0.01044
MED00409,11,recent_curve_mult,-0.00966
MED00410,11,recent_curve_mult,-0.00688
MED00411,11,recent_curve_mult,-0.00542
MED00412,11,recent_curve_mult,-0.00565
MED00413,11,recent_curve_mult,-0.01125
MED00414,11,recent_curve_mult,-0.00471
MED00415,11,recent_curve_mult,-0.00579
MED00416,11,recent_curve_mult,-0.00703
MED00417,11,recent_curve_mult,-0.01055
MED00418,11,recent_curve_mult,-0.00873
MED00419,11,recent_curve_mult,-0.0098
MED00420,11,recent_curve_mult,-0.00389
MED00421,11,recent_curve_mult,-0.00708
MED00422,11,recent_curve_mult,-0.00837
MED00423,11,recent_curve_mult,-0.01105
MED00424,11,recent_curve_mult,-0.00723
MED00001,12,recent_curve_mult,-0.0072
MED00002,12,recent_curve_mult,0.00049
MED00003,12,recent_curve_mult,0.00587
MED00004,12,recent_curve_mult,0.00268
MED00005,12,recent_curve_mult,0.00576
MED00006,12,recent_curve_mult,-0.00543
MED00007,12,recent_curve_mult,-0.00928
MED00008,12,recent_curve_mult,0.00567
MED00009,12,recent_curve_mult,-0.00846
MED00010,12,recent_curve_mult,0.00134
MED00011,12,recent_curve_mult,0.00666
MED00012,12,recent_curve_mult,-0.00967
MED00013,12,recent_curve_mult,-0.00508
MED00014,12,recent_curve_mult,-0.01662
MED00015,12,recent_curve_mult,-0.00402
MED00016,12,recent_curve_mult,-0.00799
MED00017,12,recent_curve_mult,-0.00601
MED00018,12,recent_curve_mult,0.00601
MED00019,12,recent_curve_mult,0.00835
MED00020,12,recent_curve_mult,-0.01008
MED00021,12,recent_curve_mult,-0.01411
MED00022,12,recent_curve_mult,-0.01137
MED00023,12,recent_curve_mult,-0.00709
MED00024,12,recent_curve_mult,-0.01289
MED00025,12,recent_curve_mult,0.005
MED00026,12,recent_curve_mult,0.01044
MED00027,12,recent_curve_mult,0.00812
MED00028,12,recent_curve_mult,-0.003
MED00029,12,recent_curve_mult,-0.01821
MED00030,12,recent_curve_mult,-0.01825
MED00031,12,recent_curve_mult,-0.01469
MED00032,12,recent_curve_mult,-0.00519
MED00033,12,recent_curve_mult,0.00131
MED00034,12,recent_curve_mult,0.01029
MED00035,12,recent_curve_mult,0.00723
MED00036,12,recent_curve_mult,-0.01287
MED00037,12,recent_curve_mult,0.00407
MED00038,12,recent_curve_mult,-0.01014
MED00039,12,recent_curve_mult,0.00755
MED00040,12,recent_curve_mult,0.0017
MED00041,12,recent_curve_mult,-0.00507
MED00042,12,recent_curve_mult,0.01175
MED00043,12,recent_curve_mult,0.00648
MED00044,12,recent_curve_mult,-0.01177
MED00045,12,recent_curve_mult,0.00493
MED00046,12,recent_curve_mult,-0.01285
MED00047,12,recent_curve_mult,-0.00985
MED00048,12,recent_curve_mult,-0.00595
MED00049,12,recent_curve_mult,0.00404
MED00050,12,recent_curve_mult,0.00483
MED00051,12,recent_curve_mult,0.00198
MED00052,12,recent_curve_mult,0.00649
MED00053,12,recent_curve_mult,-0.01034
MED00054,12,recent_curve_mult,-0.01037
MED00055,12,recent_curve_mult,0.00766
MED00056,12,recent_curve_mult,-0.00133
MED00057,12,recent_curve_mult,-0.00206
MED00058,12,recent_curve_mult,-0.00738
MED00059,12,recent_curve_mult,-0.01273
MED00060,12,recent_curve_mult,-0.00771
MED00061,12,recent_curve_mult,-0.00381
MED00062,12,recent_curve_mult,-0.00572
MED00063,12,recent_curve_mult,0.00241
MED00064,12,recent_curve_mult,-0.01284
MED00065,12,recent_curve_mult,-0.00335
MED00066,12,recent_curve_mult,-0.00281
MED00067,12,recent_curve_mult,-0.00821
MED00068,12,recent_curve_mult,-0.01086
MED00069,12,recent_curve_mult,-0.01291
MED00070,12,recent_curve_mult,-0.01062
MED00071,12,recent_curve_mult,-0.0113
MED00072,12,recent_curve_mult,-0.0101
MED00073,12,recent_curve_mult,-0.01127
MED00074,12,recent_curve_mult,-0.01188
MED00075,12,recent_curve_mult,-0.00728
MED00076,12,recent_curve_mult,0.00296
MED00077,12,recent_curve_mult,-0.01087
MED00078,12,recent_curve_mult,-0.01958
MED00079,12,recent_curve_mult,0.00736
MED00080,12,recent_curve_mult,-0.01185
MED00081,12,recent_curve_mult,0.00492
MED00082,12,recent_curve_mult,-0.01442
MED00083,12,recent_curve_mult,-0.01264
MED00084,12,recent_curve_mult,0.00714
MED00085,12,recent_curve_mult,-0.00596
MED00086,12,recent_curve_mult,0.00423
MED00087,12,recent_curve_mult,-0.0078
MED00088,12,recent_curve_mult,0.00775
MED00089,12,recent_curve_mult,0.01431
MED00090,12,recent_curve_mult,-0.00774
MED00091,12,recent_curve_mult,-0.01136
MED00092,12,recent_curve_mult,-0.00461
MED00093,12,recent_curve_mult,0.00773
MED00094,12,recent_curve_mult,0.01002
MED00095,12,recent_curve_mult,-0.00615
MED00096,12,recent_curve_mult,-0.01129
MED00097,12,recent_curve_mult,0.00787
MED00098,12,recent_curve_mult,-0.00743
MED00099,12,recent_curve_mult,0.0081
MED00100,12,recent_curve_mult,0.00241
MED00101,12,recent_curve_mult,-0.00926
MED00102,12,recent_curve_mult,0.00565
MED00103,12,recent_curve_mult,-0.01344
MED00104,12,recent_curve_mult,-0.01202
MED00105,12,recent_curve_mult,0.0097
MED00106,12,recent_curve_mult,0.00268
MED00107,12,recent_curve_mult,-0.01061
MED00108,12,recent_curve_mult,-0.00493
MED00109,12,recent_curve_mult,0.00298
MED00110,12,recent_curve_mult,0.00088
MED00111,12,recent_curve_mult,-0.00452
MED00112,12,recent_curve_mult,-0.00982
MED00113,12,recent_curve_mult,-0.00557
MED00114,12,recent_curve_mult,-0.0136
MED00115,12,recent_curve_mult,-0.00735
MED00116,12,recent_curve_mult,-0.01913
MED00117,12,recent_curve_mult,-0.00834
MED00118,12,recent_curve_mult,-0.00465
MED00119,12,recent_curve_mult,-0.00617
MED00120,12,recent_curve_mult,0.01552
MED00121,12,recent_curve_mult,0.00727
MED00122,12,recent_curve_mult,-0.00616
MED00123,12,recent_curve_mult,-0.00637
MED00124,12,recent_curve_mult,-0.01181
MED00125,12,recent_curve_mult,0.00455
MED00126,12,recent_curve_mult,0.00082
MED00127,12,recent_curve_mult,-0.00817
MED00128,12,recent_curve_mult,-0.00804
MED00129,12,recent_curve_mult,0.00379
MED00130,12,recent_curve_mult,0.00339
MED00131,12,recent_curve_mult,-0.01133
MED00132,12,recent_curve_mult,-0.00521
MED00133,12,recent_curve_mult,-0.00686
MED00134,12,recent_curve_mult,0.00104
MED00135,12,recent_curve_mult,0.01166
MED00136,12,recent_curve_mult,-0.00767
MED00137,12,recent_curve_mult,0.00462
MED00138,12,recent_curve_mult,0.00493
MED00139,12,recent_curve_mult,0.00688
MED00140,12,recent_curve_mult,-0.00473
MED00141,12,recent_curve_mult,-0.01312
MED00142,12,recent_curve_mult,0.00646
MED00143,12,recent_curve_mult,-0.00549
MED00144,12,recent_curve_mult,0.01129
MED00145,12,recent_curve_mult,0.00157
MED00146,12,recent_curve_mult,-0.00598
MED00147,12,recent_curve_mult,-0.00478
MED00148,12,recent_curve_mult,-0.00865
MED00149,12,recent_curve_mult,-0.00821
MED00150,12,recent_curve_mult,-0.0088
MED00151,12,recent_curve_mult,-0.00608
MED00152,12,recent_curve_mult,-0.00879
MED00153,12,recent_curve_mult,-0.01048
MED00154,12,recent_curve_mult,-0.01327
MED00155,12,recent_curve_mult,-0.00572
MED00156,12,recent_curve_mult,-0.00494
MED00157,12,recent_curve_mult,-0.01142
MED00158,12,recent_curve_mult,0.00947
MED00159,12,recent_curve_mult,0.00795
MED00160,12,recent_curve_mult,-0.00669
MED00161,12,recent_curve_mult,-0.01189
MED00162,12,recent_curve_mult,-0.00859
MED00163,12,recent_curve_mult,-0.00322
MED00164,12,recent_curve_mult,-0.01185
MED00165,12,recent_curve_mult,-0.00905
MED00166,12,recent_curve_mult,-0.01006
MED00167,12,recent_curve_mult,-0.00598
MED00168,12,recent_curve_mult,0.00631
MED00169,12,recent_curve_mult,-0.0055
MED00170,12,recent_curve_mult,-0.00555
MED00171,12,recent_curve_mult,-0.00773
MED00172,12,recent_curve_mult,-0.00666
MED00173,12,recent_curve_mult,-0.01055
MED00174,12,recent_curve_mult,-0.01542
MED00175,12,recent_curve_mult,0.00727
MED00176,12,recent_curve_mult,-0.01028
MED00177,12,recent_curve_mult,0.00705
MED00178,12,recent_curve_mult,-0.00733
MED00179,12,recent_curve_mult,0.00287
MED00180,12,recent_curve_mult,-0.00836
MED00181,12,recent_curve_mult,-0.01079
MED00182,12,recent_curve_mult,0.00948
MED00183,12,recent_curve_mult,0.01184
MED00184,12,recent_curve_mult,-0.00728
MED00185,12,recent_curve_mult,-0.00577
MED00186,12,recent_curve_mult,-0.00763
MED00187,12,recent_curve_mult,-0.01803
MED00188,12,recent_curve_mult,-0.0094
MED00189,12,recent_curve_mult,0.00396
MED00190,12,recent_curve_mult,-0.00934
MED00191,12,recent_curve_mult,-0.00779
MED00192,12,recent_curve_mult,-0.00316
MED00193,12,recent_curve_mult,0.00172
MED00194,12,recent_curve_mult,-0.0123
MED00195,12,recent_curve_mult,-0.00697
MED00196,12,recent_curve_mult,-0.01448
MED00197,12,recent_curve_mult,-0.01079
MED00198,12,recent_curve_mult,-0.00524
MED00199,12,recent_curve_mult,-0.00647
MED00200,12,recent_curve_mult,0.0035
MED00201,12,recent_curve_mult,-0.01095
MED00202,12,recent_curve_mult,-0.01008
MED00203,12,recent_curve_mult,-0.01083
MED00204,12,recent_curve_mult,0.00538
MED00205,12,recent_curve_mult,0.00799
MED00206,12,recent_curve_mult,-0.00535
MED00207,12,recent_curve_mult,-0.00968
MED00208,12,recent_curve_mult,0.01004
MED00209,12,recent_curve_mult,-0.01066
MED00210,12,recent_curve_mult,0.00651
MED00211,12,recent_curve_mult,-0.00594
MED00212,12,recent_curve_mult,-0.01275
MED00214,12,recent_curve_mult,-0.00697
MED00215,12,recent_curve_mult,-0.00499
MED00216,12,recent_curve_mult,0.00276
MED00217,12,recent_curve_mult,0.0026
MED00218,12,recent_curve_mult,-0.00737
MED00219,12,recent_curve_mult,0.01009
MED00220,12,recent_curve_mult,-0.00863
MED00221,12,recent_curve_mult,-0.01191
MED00222,12,recent_curve_mult,0.00643
MED00223,12,recent_curve_mult,-0.0123
MED00224,12,recent_curve_mult,-0.00527
MED00225,12,recent_curve_mult,-0.00921
MED00226,12,recent_curve_mult,-0.01329
MED00227,12,recent_curve_mult,-0.01253
MED00228,12,recent_curve_mult,-0.00698
MED00229,12,recent_curve_mult,-0.00205
MED00230,12,recent_curve_mult,-0.01881
MED00231,12,recent_curve_mult,-0.00091
MED00232,12,recent_curve_mult,0.0082
MED00233,12,recent_curve_mult,-0.00423
MED00234,12,recent_curve_mult,-0.00558
MED00235,12,recent_curve_mult,0.00303
MED00236,12,recent_curve_mult,-0.00654
MED00237,12,recent_curve_mult,-0.01632
MED00238,12,recent_curve_mult,-0.00819
MED00239,12,recent_curve_mult,-0.00402
MED00240,12,recent_curve_mult,-0.01236
MED00241,12,recent_curve_mult,-0.0108
MED00242,12,recent_curve_mult,-0.00904
MED00243,12,recent_curve_mult,0.00026
MED00244,12,recent_curve_mult,-0.00919
MED00245,12,recent_curve_mult,-0.00298
MED00246,12,recent_curve_mult,-0.00773
MED00247,12,recent_curve_mult,-0.00657
MED00248,12,recent_curve_mult,-0.0046
MED00249,12,recent_curve_mult,0.00175
MED00250,12,recent_curve_mult,-0.0099
MED00251,12,recent_curve_mult,-0.00992
MED00252,12,recent_curve_mult,0.00238
MED00253,12,recent_curve_mult,-0.00824
MED00254,12,recent_curve_mult,0.00099
MED00255,12,recent_curve_mult,-0.00887
MED00256,12,recent_curve_mult,-0.0086
MED00257,12,recent_curve_mult,-0.01311
MED00258,12,recent_curve_mult,-0.00753
MED00259,12,recent_curve_mult,-0.00542
MED00260,12,recent_curve_mult,-0.00434
MED00261,12,recent_curve_mult,-0.00709
MED00262,12,recent_curve_mult,-0.01013
MED00263,12,recent_curve_mult,-0.00759
MED00264,12,recent_curve_mult,0.00023
MED00265,12,recent_curve_mult,-0.00832
MED00266,12,recent_curve_mult,0.01689
MED00267,12,recent_curve_mult,0.00645
MED00268,12,recent_curve_mult,-0.00662
MED00269,12,recent_curve_mult,-0.00719
MED00270,12,recent_curve_mult,-0.00868
MED00271,12,recent_curve_mult,-0.00702
MED00272,12,recent_curve_mult,-0.00596
MED00273,12,recent_curve_mult,-0.01392
MED00274,12,recent_curve_mult,-0.00482
MED00275,12,recent_curve_mult,-0.00511
MED00276,12,recent_curve_mult,-0.00601
MED00277,12,recent_curve_mult,0.00397
MED00278,12,recent_curve_mult,-0.00719
MED00279,12,recent_curve_mult,-0.00513
MED00280,12,recent_curve_mult,0.00236
MED00281,12,recent_curve_mult,-0.00679
MED00282,12,recent_curve_mult,-0.00639
MED00283,12,recent_curve_mult,-0.01036
MED00284,12,recent_curve_mult,-0.01011
MED00285,12,recent_curve_mult,-0.01093
MED00286,12,recent_curve_mult,-0.01504
MED00287,12,recent_curve_mult,-0.00624
MED00288,12,recent_curve_mult,-0.01084
MED00289,12,recent_curve_mult,-0.0108
MED00290,12,recent_curve_mult,-0.00343
MED00291,12,recent_curve_mult,-0.02105
MED00292,12,recent_curve_mult,-0.00586
MED00293,12,recent_curve_mult,-0.0142
MED00294,12,recent_curve_mult,-0.01201
MED00295,12,recent_curve_mult,0.00942
MED00296,12,recent_curve_mult,-0.00982
MED00297,12,recent_curve_mult,-0.01264
MED00298,12,recent_curve_mult,-0.00602
MED00299,12,recent_curve_mult,-0.00405
MED00300,12,recent_curve_mult,-0.00872
MED00301,12,recent_curve_mult,-0.00917
MED00302,12,recent_curve_mult,0.00503
MED00303,12,recent_curve_mult,-0.01994
MED00304,12,recent_curve_mult,-0.01422
MED00305,12,recent_curve_mult,-0.01028
MED00306,12,recent_curve_mult,0.00822
MED00307,12,recent_curve_mult,-0.00777
MED00308,12,recent_curve_mult,-0.00476
MED00309,12,recent_curve_mult,-0.01528
MED00310,12,recent_curve_mult,-0.00464
MED00311,12,recent_curve_mult,-0.02046
MED00312,12,recent_curve_mult,-0.00757
MED00313,12,recent_curve_mult,-0.00424
MED00314,12,recent_curve_mult,0.01026
MED00315,12,recent_curve_mult,-0.00723
MED00316,12,recent_curve_mult,-0.00377
MED00317,12,recent_curve_mult,-0.00805
MED00318,12,recent_curve_mult,-0.01074
MED00319,12,recent_curve_mult,-0.00944
MED00320,12,recent_curve_mult,-0.01956
MED00321,12,recent_curve_mult,0.00472
MED00322,12,recent_curve_mult,0.00403
MED00323,12,recent_curve_mult,-0.00679
MED00324,12,recent_curve_mult,-0.0072
MED00325,12,recent_curve_mult,-0.01071
MED00326,12,recent_curve_mult,-0.01143
MED00327,12,recent_curve_mult,0.00671
MED00328,12,recent_curve_mult,-0.00696
MED00329,12,recent_curve_mult,-0.00988
MED00330,12,recent_curve_mult,-0.01269
MED00331,12,recent_curve_mult,-0.00526
MED00332,12,recent_curve_mult,-0.00725
MED00333,12,recent_curve_mult,-0.0086
MED00334,12,recent_curve_mult,-0.01832
MED00335,12,recent_curve_mult,0.00812
MED00336,12,recent_curve_mult,-0.01031
MED00337,12,recent_curve_mult,-0.00203
MED00338,12,recent_curve_mult,0.0112
MED00339,12,recent_curve_mult,-0.00781
MED00340,12,recent_curve_mult,0.0141
MED00341,12,recent_curve_mult,0.01152
MED00342,12,recent_curve_mult,-0.00855
MED00343,12,recent_curve_mult,-0.00733
MED00344,12,recent_curve_mult,0.00895
MED00345,12,recent_curve_mult,0.00441
MED00346,12,recent_curve_mult,-0.00711
MED00347,12,recent_curve_mult,0.00315
MED00348,12,recent_curve_mult,-0.00537
MED00349,12,recent_curve_mult,-0.00506
MED00350,12,recent_curve_mult,0.00439
MED00351,12,recent_curve_mult,0.00046
MED00352,12,recent_curve_mult,-0.00032
MED00353,12,recent_curve_mult,0.0009
MED00354,12,recent_curve_mult,0.00286
MED00355,12,recent_curve_mult,-0.01045
MED00356,12,recent_curve_mult,-0.00613
MED00357,12,recent_curve_mult,0.00085
MED00358,12,recent_curve_mult,-0.00498
MED00359,12,recent_curve_mult,-0.01029
MED00360,12,recent_curve_mult,-0.00953
MED00361,12,recent_curve_mult,-0.00729
MED00362,12,recent_curve_mult,-0.00611
MED00363,12,recent_curve_mult,-0.00738
MED00364,12,recent_curve_mult,0.0023
MED00365,12,recent_curve_mult,-0.00826
MED00366,12,recent_curve_mult,-0.00496
MED00367,12,recent_curve_mult,0.00746
MED00368,12,recent_curve_mult,-0.00608
MED00369,12,recent_curve_mult,-0.0116
MED00370,12,recent_curve_mult,-0.00141
MED00371,12,recent_curve_mult,0.01409
MED00372,12,recent_curve_mult,0.00356
MED00373,12,recent_curve_mult,0.00497
MED00374,12,recent_curve_mult,-0.00521
MED00375,12,recent_curve_mult,0.00823
MED00376,12,recent_curve_mult,-0.01034
MED00377,12,recent_curve_mult,-0.0053
MED00378,12,recent_curve_mult,-0.01132
MED00379,12,recent_curve_mult,0.00409
MED00380,12,recent_curve_mult,0.00085
MED00381,12,recent_curve_mult,0.00422
MED00382,12,recent_curve_mult,-0.00715
MED00383,12,recent_curve_mult,0.0107
MED00384,12,recent_curve_mult,-0.00686
MED00385,12,recent_curve_mult,-0.00953
MED00386,12,recent_curve_mult,0.00895
MED00387,12,recent_curve_mult,-0.00861
MED00388,12,recent_curve_mult,0.0049
MED00389,12,recent_curve_mult,-0.01221
MED00390,12,recent_curve_mult,-0.00909
MED00391,12,recent_curve_mult,-0.00767
MED00392,12,recent_curve_mult,-0.00762
MED00393,12,recent_curve_mult,-0.01059
MED00394,12,recent_curve_mult,-0.00776
MED00395,12,recent_curve_mult,-0.00672
MED00396,12,recent_curve_mult,-0.00956
MED00397,12,recent_curve_mult,-0.00745
MED00398,12,recent_curve_mult,-0.00554
MED00399,12,recent_curve_mult,-0.00496
MED00400,12,recent_curve_mult,0.00616
MED00401,12,recent_curve_mult,-0.00833
MED00402,12,recent_curve_mult,-0.00871
MED00403,12,recent_curve_mult,0.00902
MED00404,12,recent_curve_mult,-0.00673
MED00405,12,recent_curve_mult,-0.00947
MED00406,12,recent_curve_mult,-0.00745
MED00407,12,recent_curve_mult,-0.00912
MED00408,12,recent_curve_mult,-0.01048
MED00409,12,recent_curve_mult,-0.01014
MED00410,12,recent_curve_mult,-0.00681
MED00411,12,recent_curve_mult,-0.00554
MED00412,12,recent_curve_mult,-0.00562
MED00413,12,recent_curve_mult,-0.01106
MED00414,12,recent_curve_mult,-0.00469
MED00415,12,recent_curve_mult,-0.00576
MED00416,12,recent_curve_mult,-0.0069
MED00417,12,recent_curve_mult,-0.01056
MED00418,12,recent_curve_mult,-0.00862
MED00419,12,recent_curve_mult,-0.00978
MED00420,12,recent_curve_mult,-0.00389
MED00421,12,recent_curve_mult,-0.00701
MED00422,12,recent_curve_mult,-0.00819
MED00423,12,recent_curve_mult,-0.01104
MED00424,12,recent_curve_mult,-0.00675
MED00001,1,target_curve_mult,-0.00091
MED00002,1,target_curve_mult,0.00445
MED00003,1,target_curve_mult,0.00255
MED00004,1,target_curve_mult,-0.00356
MED00005,1,target_curve_mult,-0.00762
MED00006,1,target_curve_mult,0.00322
MED00007,1,target_curve_mult,0.00529
MED00008,1,target_curve_mult,-0.00122
MED00009,1,target_curve_mult,-0.00147
MED00010,1,target_curve_mult,0.00019
MED00011,1,target_curve_mult,-0.01559
MED00012,1,target_curve_mult,0.00058
MED00013,1,target_curve_mult,0.00251
MED00014,1,target_curve_mult,-0.00169
MED00015,1,target_curve_mult,0.00583
MED00016,1,target_curve_mult,0.0037
MED00017,1,target_curve_mult,-0.00073
MED00018,1,target_curve_mult,-0.04124
MED00019,1,target_curve_mult,-0.00378
MED00020,1,target_curve_mult,-0.00069
MED00021,1,target_curve_mult,-0.01017
MED00022,1,target_curve_mult,-0.00768
MED00023,1,target_curve_mult,-0.00501
MED00024,1,target_curve_mult,0.00229
MED00025,1,target_curve_mult,0.02363
MED00026,1,target_curve_mult,0.00361
MED00027,1,target_curve_mult,0.02417
MED00028,1,target_curve_mult,0.00768
MED00029,1,target_curve_mult,-0.00028
MED00030,1,target_curve_mult,0.00031
MED00031,1,target_curve_mult,-0.00537
MED00032,1,target_curve_mult,0.00171
MED00033,1,target_curve_mult,-0.00689
MED00034,1,target_curve_mult,-0.01052
MED00035,1,target_curve_mult,0.00411
MED00036,1,target_curve_mult,-0.0016
MED00037,1,target_curve_mult,0.0006
MED00038,1,target_curve_mult,0.00276
MED00039,1,target_curve_mult,0.00166
MED00040,1,target_curve_mult,-0.00216
MED00041,1,target_curve_mult,-0.00161
MED00042,1,target_curve_mult,-0.00509
MED00043,1,target_curve_mult,0.00264
MED00044,1,target_curve_mult,-0.0077
MED00045,1,target_curve_mult,-0.00138
MED00046,1,target_curve_mult,0.00197
MED00047,1,target_curve_mult,0.0068
MED00048,1,target_curve_mult,-0.00215
MED00049,1,target_curve_mult,-0.00204
MED00050,1,target_curve_mult,-0.00161
MED00051,1,target_curve_mult,-0.00408
MED00052,1,target_curve_mult,-0.00134
MED00053,1,target_curve_mult,0.00243
MED00054,1,target_curve_mult,0.00261
MED00055,1,target_curve_mult,-0.00116
MED00056,1,target_curve_mult,-0.00234
MED00057,1,target_curve_mult,0.00886
MED00058,1,target_curve_mult,0.00377
MED00059,1,target_curve_mult,-0.01265
MED00060,1,target_curve_mult,-0.00285
MED00061,1,target_curve_mult,-0.00209
MED00062,1,target_curve_mult,0.00063
MED00063,1,target_curve_mult,0.00042
MED00064,1,target_curve_mult,-0.00015
MED00065,1,target_curve_mult,-0.00189
MED00066,1,target_curve_mult,0.00568
MED00067,1,target_curve_mult,0.00318
MED00068,1,target_curve_mult,0.00087
MED00069,1,target_curve_mult,-0.00608
MED00070,1,target_curve_mult,0.00424
MED00071,1,target_curve_mult,-0.00818
MED00072,1,target_curve_mult,-0.00783
MED00073,1,target_curve_mult,-0.00642
MED00074,1,target_curve_mult,0.00056
MED00075,1,target_curve_mult,-0.00153
MED00076,1,target_curve_mult,-0.00197
MED00077,1,target_curve_mult,0.00187
MED00078,1,target_curve_mult,-0.00195
MED00079,1,target_curve_mult,-0.00476
MED00080,1,target_curve_mult,-0.00719
MED00081,1,target_curve_mult,-0.00399
MED00082,1,target_curve_mult,-0.00586
MED00083,1,target_curve_mult,-0.00414
MED00084,1,target_curve_mult,0.00407
MED00085,1,target_curve_mult,0.00304
MED00086,1,target_curve_mult,0.02481
MED00087,1,target_curve_mult,0.00325
MED00088,1,target_curve_mult,-0.00834
MED00089,1,target_curve_mult,-0.00682
MED00090,1,target_curve_mult,-0.00358
MED00091,1,target_curve_mult,0.00393
MED00092,1,target_curve_mult,0.00043
MED00093,1,target_curve_mult,0.00643
MED00094,1,target_curve_mult,-0.00255
MED00095,1,target_curve_mult,0.00416
MED00096,1,target_curve_mult,-0.00193
MED00097,1,target_curve_mult,-0.0046
MED00098,1,target_curve_mult,-0.00072
MED00099,1,target_curve_mult,0.01795
MED00100,1,target_curve_mult,-0.00056
MED00101,1,target_curve_mult,0.00382
MED00102,1,target_curve_mult,0.00564
MED00103,1,target_curve_mult,-0.00036
MED00104,1,target_curve_mult,0.00343
MED00105,1,target_curve_mult,-0.00232
MED00106,1,target_curve_mult,0.00232
MED00107,1,target_curve_mult,0.00644
MED00108,1,target_curve_mult,0.00249
MED00109,1,target_curve_mult,-0.00106
MED00110,1,target_curve_mult,-0.00485
MED00111,1,target_curve_mult,0.00553
MED00112,1,target_curve_mult,0.00224
MED00113,1,target_curve_mult,0.00269
MED00114,1,target_curve_mult,0.00023
MED00115,1,target_curve_mult,0.00457
MED00116,1,target_curve_mult,-0.00138
MED00117,1,target_curve_mult,0.00365
MED00118,1,target_curve_mult,0.00183
MED00119,1,target_curve_mult,0.0031
MED00120,1,target_curve_mult,-0.00961
MED00121,1,target_curve_mult,-0.00095
MED00122,1,target_curve_mult,0.00218
MED00123,1,target_curve_mult,-0.00289
MED00124,1,target_curve_mult,0.00659
MED00125,1,target_curve_mult,-0.00137
MED00126,1,target_curve_mult,-0.00058
MED00127,1,target_curve_mult,-0.00274
MED00128,1,target_curve_mult,-0.00128
MED00129,1,target_curve_mult,-0.00108
MED00130,1,target_curve_mult,0.00216
MED00131,1,target_curve_mult,0.004
MED00132,1,target_curve_mult,-0.00339
MED00133,1,target_curve_mult,-0.00095
MED00134,1,target_curve_mult,-0.00293
MED00135,1,target_curve_mult,-0.00501
MED00136,1,target_curve_mult,-0.00587
MED00137,1,target_curve_mult,-0.00238
MED00138,1,target_curve_mult,0.0004
MED00139,1,target_curve_mult,0.00048
MED00140,1,target_curve_mult,-0.00213
MED00141,1,target_curve_mult,-0.00636
MED00142,1,target_curve_mult,0.00621
MED00143,1,target_curve_mult,-0.00153
MED00144,1,target_curve_mult,-0.00188
MED00145,1,target_curve_mult,-0.00089
MED00146,1,target_curve_mult,-0.00076
MED00147,1,target_curve_mult,0.00513
MED00148,1,target_curve_mult,-0.00014
MED00149,1,target_curve_mult,0.00567
MED00150,1,target_curve_mult,0.00261
MED00151,1,target_curve_mult,0.00307
MED00152,1,target_curve_mult,0.00524
MED00153,1,target_curve_mult,0.004
MED00154,1,target_curve_mult,-0.00013
MED00155,1,target_curve_mult,0.00344
MED00156,1,target_curve_mult,0.00235
MED00157,1,target_curve_mult,0.00368
MED00158,1,target_curve_mult,0.02214
MED00159,1,target_curve_mult,-1e-04
MED00160,1,target_curve_mult,0.0068
MED00161,1,target_curve_mult,0.00872
MED00162,1,target_curve_mult,0.0034
MED00163,1,target_curve_mult,0.00423
MED00164,1,target_curve_mult,-0.00596
MED00165,1,target_curve_mult,0.00275
MED00166,1,target_curve_mult,0.00359
MED00167,1,target_curve_mult,0.00345
MED00168,1,target_curve_mult,-0.00267
MED00169,1,target_curve_mult,-0.0019
MED00170,1,target_curve_mult,0.00221
MED00171,1,target_curve_mult,0.00485
MED00172,1,target_curve_mult,0.0055
MED00173,1,target_curve_mult,-0.00024
MED00174,1,target_curve_mult,-0.00194
MED00175,1,target_curve_mult,0.01207
MED00176,1,target_curve_mult,0.0019
MED00177,1,target_curve_mult,0.00266
MED00178,1,target_curve_mult,0.00632
MED00179,1,target_curve_mult,0.00247
MED00180,1,target_curve_mult,-0.00301
MED00181,1,target_curve_mult,0.0065
MED00182,1,target_curve_mult,0.00396
MED00183,1,target_curve_mult,-0.01764
MED00184,1,target_curve_mult,0.00553
MED00186,1,target_curve_mult,0.00514
MED00187,1,target_curve_mult,0.00106
MED00188,1,target_curve_mult,0.00263
MED00189,1,target_curve_mult,-0.00089
MED00190,1,target_curve_mult,0.00336
MED00191,1,target_curve_mult,0.00194
MED00192,1,target_curve_mult,-0.00593
MED00193,1,target_curve_mult,0.00407
MED00194,1,target_curve_mult,0.00098
MED00195,1,target_curve_mult,0.0042
MED00196,1,target_curve_mult,0.00267
MED00197,1,target_curve_mult,0.00071
MED00198,1,target_curve_mult,0.00478
MED00199,1,target_curve_mult,-0.00234
MED00200,1,target_curve_mult,0.00011
MED00201,1,target_curve_mult,0.00544
MED00202,1,target_curve_mult,0.00406
MED00203,1,target_curve_mult,0.00104
MED00204,1,target_curve_mult,-0.00055
MED00205,1,target_curve_mult,-0.00214
MED00206,1,target_curve_mult,-0.00294
MED00207,1,target_curve_mult,0.00072
MED00208,1,target_curve_mult,0.00012
MED00209,1,target_curve_mult,-0.00118
MED00210,1,target_curve_mult,0.00072
MED00211,1,target_curve_mult,-0.00165
MED00212,1,target_curve_mult,-0.0019
MED00213,1,target_curve_mult,-0.00855
MED00214,1,target_curve_mult,0.00407
MED00215,1,target_curve_mult,0.00027
MED00216,1,target_curve_mult,0.00105
MED00217,1,target_curve_mult,-0.00165
MED00218,1,target_curve_mult,0.00612
MED00219,1,target_curve_mult,-0.00713
MED00220,1,target_curve_mult,0.00369
MED00221,1,target_curve_mult,-0.00938
MED00222,1,target_curve_mult,0.00069
MED00223,1,target_curve_mult,0.00411
MED00224,1,target_curve_mult,-0.00196
MED00225,1,target_curve_mult,0.00044
MED00226,1,target_curve_mult,0.00325
MED00227,1,target_curve_mult,-0.00354
MED00228,1,target_curve_mult,-0.00103
MED00229,1,target_curve_mult,-0.00935
MED00230,1,target_curve_mult,-0.00366
MED00231,1,target_curve_mult,-0.00074
MED00232,1,target_curve_mult,-0.00327
MED00233,1,target_curve_mult,-0.00385
MED00234,1,target_curve_mult,0.00327
MED00235,1,target_curve_mult,0.00409
MED00236,1,target_curve_mult,-0.00117
MED00237,1,target_curve_mult,0.00186
MED00238,1,target_curve_mult,-0.00152
MED00239,1,target_curve_mult,-0.00011
MED00240,1,target_curve_mult,-0.00376
MED00241,1,target_curve_mult,0.00402
MED00242,1,target_curve_mult,0.00045
MED00243,1,target_curve_mult,-0.00459
MED00244,1,target_curve_mult,0.00556
MED00245,1,target_curve_mult,-0.00048
MED00246,1,target_curve_mult,-0.00206
MED00247,1,target_curve_mult,0.00262
MED00248,1,target_curve_mult,-0.00199
MED00249,1,target_curve_mult,-0.01842
MED00250,1,target_curve_mult,0.00455
MED00251,1,target_curve_mult,0.00403
MED00252,1,target_curve_mult,0.02396
MED00253,1,target_curve_mult,0.00609
MED00254,1,target_curve_mult,0.02332
MED00255,1,target_curve_mult,0.00421
MED00256,1,target_curve_mult,0.0025
MED00257,1,target_curve_mult,-0.0063
MED00258,1,target_curve_mult,0.00018
MED00259,1,target_curve_mult,0.00204
MED00260,1,target_curve_mult,-0.00155
MED00261,1,target_curve_mult,-0.0028
MED00262,1,target_curve_mult,-0.00768
MED00263,1,target_curve_mult,0.00552
MED00264,1,target_curve_mult,-0.00133
MED00265,1,target_curve_mult,0.0072
MED00266,1,target_curve_mult,-0.0072
MED00267,1,target_curve_mult,-0.0045
MED00268,1,target_curve_mult,0.00114
MED00269,1,target_curve_mult,0.00455
MED00270,1,target_curve_mult,0.00385
MED00271,1,target_curve_mult,0.00429
MED00272,1,target_curve_mult,-0.00044
MED00273,1,target_curve_mult,0.00439
MED00274,1,target_curve_mult,-0.0017
MED00275,1,target_curve_mult,-0.00059
MED00276,1,target_curve_mult,0.00376
MED00277,1,target_curve_mult,-0.00063
MED00278,1,target_curve_mult,0.00529
MED00279,1,target_curve_mult,0.00145
MED00280,1,target_curve_mult,-0.00035
MED00281,1,target_curve_mult,0.00214
MED00282,1,target_curve_mult,-0.0006
MED00283,1,target_curve_mult,0.00019
MED00284,1,target_curve_mult,0.00165
MED00285,1,target_curve_mult,0.00756
MED00286,1,target_curve_mult,-0.01255
MED00287,1,target_curve_mult,0.00305
MED00288,1,target_curve_mult,0.00066
MED00289,1,target_curve_mult,0.00418
MED00290,1,target_curve_mult,-0.00146
MED00291,1,target_curve_mult,0.00059
MED00292,1,target_curve_mult,-0.00486
MED00293,1,target_curve_mult,-0.0028
MED00294,1,target_curve_mult,-0.00251
MED00295,1,target_curve_mult,0.01398
MED00296,1,target_curve_mult,0.00028
MED00297,1,target_curve_mult,0.00743
MED00298,1,target_curve_mult,0.00204
MED00299,1,target_curve_mult,-0.00304
MED00300,1,target_curve_mult,-0.00462
MED00301,1,target_curve_mult,-0.00135
MED00302,1,target_curve_mult,0.00122
MED00303,1,target_curve_mult,0.00113
MED00304,1,target_curve_mult,0.00691
MED00305,1,target_curve_mult,0.00382
MED00306,1,target_curve_mult,0.00308
MED00307,1,target_curve_mult,0.00069
MED00308,1,target_curve_mult,0.0004
MED00309,1,target_curve_mult,0.00397
MED00310,1,target_curve_mult,-0.00082
MED00311,1,target_curve_mult,-0.00879
MED00312,1,target_curve_mult,-0.00232
MED00313,1,target_curve_mult,-0.00028
MED00314,1,target_curve_mult,-0.00781
MED00315,1,target_curve_mult,0.00398
MED00316,1,target_curve_mult,-0.00039
MED00317,1,target_curve_mult,-0.00052
MED00318,1,target_curve_mult,-0.00558
MED00319,1,target_curve_mult,0.00364
MED00320,1,target_curve_mult,-0.00585
MED00321,1,target_curve_mult,-0.01621
MED00322,1,target_curve_mult,-0.00233
MED00323,1,target_curve_mult,-0.0057
MED00324,1,target_curve_mult,-0.00151
MED00325,1,target_curve_mult,0.00625
MED00326,1,target_curve_mult,0.0046
MED00327,1,target_curve_mult,-0.00131
MED00328,1,target_curve_mult,-0.00073
MED00329,1,target_curve_mult,0.0045
MED00330,1,target_curve_mult,-0.00152
MED00331,1,target_curve_mult,0.0026
MED00332,1,target_curve_mult,0.00272
MED00333,1,target_curve_mult,0.00817
MED00334,1,target_curve_mult,-0.00074
MED00335,1,target_curve_mult,-0.00111
MED00336,1,target_curve_mult,0.00485
MED00337,1,target_curve_mult,0.00092
MED00338,1,target_curve_mult,-0.00894
MED00339,1,target_curve_mult,-0.00564
MED00340,1,target_curve_mult,0.00638
MED00341,1,target_curve_mult,-0.00705
MED00342,1,target_curve_mult,0.00603
MED00343,1,target_curve_mult,0.00063
MED00344,1,target_curve_mult,-0.00141
MED00345,1,target_curve_mult,0.00028
MED00346,1,target_curve_mult,0.00025
MED00347,1,target_curve_mult,-0.00089
MED00348,1,target_curve_mult,-0.00013
MED00349,1,target_curve_mult,-0.00102
MED00350,1,target_curve_mult,-0.00505
MED00351,1,target_curve_mult,-0.00441
MED00352,1,target_curve_mult,-0.00506
MED00353,1,target_curve_mult,-0.01538
MED00354,1,target_curve_mult,-0.00397
MED00355,1,target_curve_mult,-0.00441
MED00356,1,target_curve_mult,0.00289
MED00357,1,target_curve_mult,0.00012
MED00358,1,target_curve_mult,-0.00124
MED00359,1,target_curve_mult,0.00447
MED00360,1,target_curve_mult,-0.0064
MED00361,1,target_curve_mult,0.00284
MED00362,1,target_curve_mult,-0.00066
MED00363,1,target_curve_mult,0.00306
MED00364,1,target_curve_mult,-0.00084
MED00365,1,target_curve_mult,0.00462
MED00366,1,target_curve_mult,0.00147
MED00367,1,target_curve_mult,-0.00057
MED00368,1,target_curve_mult,0.00401
MED00369,1,target_curve_mult,0.00335
MED00370,1,target_curve_mult,-0.00446
MED00371,1,target_curve_mult,-0.00451
MED00372,1,target_curve_mult,-0.00073
MED00373,1,target_curve_mult,-0.00061
MED00374,1,target_curve_mult,0.00235
MED00375,1,target_curve_mult,0.00073
MED00376,1,target_curve_mult,-0.00124
MED00377,1,target_curve_mult,-0.00396
MED00378,1,target_curve_mult,0.00286
MED00379,1,target_curve_mult,-0.02508
MED00380,1,target_curve_mult,0.00033
MED00381,1,target_curve_mult,-0.00459
MED00382,1,target_curve_mult,0.00421
MED00383,1,target_curve_mult,0.0067
MED00384,1,target_curve_mult,0.00263
MED00385,1,target_curve_mult,-0.00114
MED00386,1,target_curve_mult,-0.00243
MED00387,1,target_curve_mult,0.00344
MED00388,1,target_curve_mult,-0.05923
MED00389,1,target_curve_mult,0.00052
MED00390,1,target_curve_mult,0.00099
MED00391,1,target_curve_mult,-0.00159
MED00392,1,target_curve_mult,-0.00149
MED00393,1,target_curve_mult,-0.00025
MED00394,1,target_curve_mult,-0.00172
MED00395,1,target_curve_mult,-0.00522
MED00396,1,target_curve_mult,-0.00315
MED00397,1,target_curve_mult,-0.00494
MED00398,1,target_curve_mult,0.00837
MED00399,1,target_curve_mult,-0.00318
MED00400,1,target_curve_mult,-0.00929
MED00401,1,target_curve_mult,0.001
MED00402,1,target_curve_mult,0.00298
MED00403,1,target_curve_mult,-0.00152
MED00404,1,target_curve_mult,-0.00215
MED00405,1,target_curve_mult,-0.00153
MED00407,1,target_curve_mult,-0.00034
MED00408,1,target_curve_mult,0.00535
MED00409,1,target_curve_mult,0.00048
MED00410,1,target_curve_mult,0.0003
MED00411,1,target_curve_mult,-0.00272
MED00412,1,target_curve_mult,-0.0014
MED00413,1,target_curve_mult,0.0035
MED00414,1,target_curve_mult,-0.00183
MED00415,1,target_curve_mult,-0.00258
MED00416,1,target_curve_mult,0.00306
MED00417,1,target_curve_mult,0.00776
MED00418,1,target_curve_mult,-0.00396
MED00419,1,target_curve_mult,0.00486
MED00420,1,target_curve_mult,-0.00474
MED00421,1,target_curve_mult,0.0038
MED00422,1,target_curve_mult,0.0016
MED00423,1,target_curve_mult,0.00291
MED00424,1,target_curve_mult,-0.05862
MED00001,2,target_curve_mult,-0.00434
MED00002,2,target_curve_mult,0.00486
MED00003,2,target_curve_mult,0.00197
MED00004,2,target_curve_mult,-0.00952
MED00005,2,target_curve_mult,-0.00724
MED00006,2,target_curve_mult,0.00301
MED00007,2,target_curve_mult,0.00515
MED00008,2,target_curve_mult,-0.00143
MED00009,2,target_curve_mult,-0.00159
MED00010,2,target_curve_mult,-0.00104
MED00011,2,target_curve_mult,-0.01545
MED00012,2,target_curve_mult,0.00127
MED00013,2,target_curve_mult,0.0043
MED00014,2,target_curve_mult,-0.00171
MED00015,2,target_curve_mult,0.00319
MED00016,2,target_curve_mult,0.00365
MED00017,2,target_curve_mult,-0.0008
MED00018,2,target_curve_mult,-0.04143
MED00019,2,target_curve_mult,-0.00345
MED00020,2,target_curve_mult,0.00012
MED00021,2,target_curve_mult,-0.00841
MED00022,2,target_curve_mult,-0.00772
MED00023,2,target_curve_mult,-0.00525
MED00024,2,target_curve_mult,0.0013
MED00025,2,target_curve_mult,0.02321
MED00026,2,target_curve_mult,0.00363
MED00027,2,target_curve_mult,0.02375
MED00028,2,target_curve_mult,0.00502
MED00029,2,target_curve_mult,-0.00176
MED00030,2,target_curve_mult,-0.00036
MED00031,2,target_curve_mult,-0.00499
MED00032,2,target_curve_mult,-0.00156
MED00033,2,target_curve_mult,-0.00704
MED00034,2,target_curve_mult,-0.01049
MED00035,2,target_curve_mult,0.00932
MED00036,2,target_curve_mult,-0.0016
MED00037,2,target_curve_mult,0.00059
MED00038,2,target_curve_mult,0.00302
MED00039,2,target_curve_mult,0.0016
MED00040,2,target_curve_mult,-0.00213
MED00042,2,target_curve_mult,-0.00505
MED00043,2,target_curve_mult,0.00255
MED00044,2,target_curve_mult,-0.00797
MED00045,2,target_curve_mult,-0.00146
MED00046,2,target_curve_mult,0.00136
MED00047,2,target_curve_mult,0.00674
MED00048,2,target_curve_mult,-0.00222
MED00049,2,target_curve_mult,0.00015
MED00050,2,target_curve_mult,-0.00156
MED00051,2,target_curve_mult,-0.00417
MED00052,2,target_curve_mult,-0.00066
MED00053,2,target_curve_mult,0.00324
MED00054,2,target_curve_mult,0.00285
MED00055,2,target_curve_mult,-0.00113
MED00056,2,target_curve_mult,-0.00225
MED00057,2,target_curve_mult,0.0061
MED00058,2,target_curve_mult,0.00372
MED00059,2,target_curve_mult,-0.01193
MED00060,2,target_curve_mult,-0.00089
MED00061,2,target_curve_mult,-0.00214
MED00062,2,target_curve_mult,-0.00592
MED00063,2,target_curve_mult,0.00112
MED00064,2,target_curve_mult,0.00011
MED00065,2,target_curve_mult,-0.0021
MED00066,2,target_curve_mult,0.00303
MED00067,2,target_curve_mult,0.00302
MED00068,2,target_curve_mult,0.00201
MED00069,2,target_curve_mult,-0.01053
MED00070,2,target_curve_mult,0.00398
MED00071,2,target_curve_mult,-0.00441
MED00072,2,target_curve_mult,-0.00709
MED00073,2,target_curve_mult,-0.0087
MED00074,2,target_curve_mult,0.00088
MED00075,2,target_curve_mult,-0.00029
MED00076,2,target_curve_mult,-0.0016
MED00077,2,target_curve_mult,0.00569
MED00078,2,target_curve_mult,-0.00054
MED00079,2,target_curve_mult,-0.005
MED00080,2,target_curve_mult,-0.00698
MED00081,2,target_curve_mult,-0.00419
MED00082,2,target_curve_mult,-0.00512
MED00083,2,target_curve_mult,0.00042
MED00084,2,target_curve_mult,0.00114
MED00085,2,target_curve_mult,0.00294
MED00086,2,target_curve_mult,0.02485
MED00087,2,target_curve_mult,0.00318
MED00088,2,target_curve_mult,-0.00832
MED00089,2,target_curve_mult,-0.00641
MED00090,2,target_curve_mult,-0.00354
MED00091,2,target_curve_mult,-0.00731
MED00092,2,target_curve_mult,0.00105
MED00093,2,target_curve_mult,0.00583
MED00094,2,target_curve_mult,-0.00253
MED00095,2,target_curve_mult,0.00391
MED00096,2,target_curve_mult,-0.00205
MED00097,2,target_curve_mult,-0.00449
MED00098,2,target_curve_mult,-0.00204
MED00099,2,target_curve_mult,0.01269
MED00100,2,target_curve_mult,0.00081
MED00101,2,target_curve_mult,0.00362
MED00102,2,target_curve_mult,0.00577
MED00103,2,target_curve_mult,-0.00061
MED00104,2,target_curve_mult,0.00205
MED00105,2,target_curve_mult,-0.00227
MED00106,2,target_curve_mult,0.00234
MED00107,2,target_curve_mult,0.00629
MED00108,2,target_curve_mult,0.00305
MED00109,2,target_curve_mult,-0.00124
MED00110,2,target_curve_mult,-0.00581
MED00111,2,target_curve_mult,0.00289
MED00112,2,target_curve_mult,0.00209
MED00113,2,target_curve_mult,0.00256
MED00114,2,target_curve_mult,0.00016
MED00115,2,target_curve_mult,0.0045
MED00116,2,target_curve_mult,-0.00166
MED00117,2,target_curve_mult,0.00361
MED00118,2,target_curve_mult,0.00178
MED00119,2,target_curve_mult,0.0038
MED00120,2,target_curve_mult,-0.00959
MED00121,2,target_curve_mult,-0.00034
MED00122,2,target_curve_mult,0.00213
MED00123,2,target_curve_mult,-0.00316
MED00124,2,target_curve_mult,0.00654
MED00125,2,target_curve_mult,-0.0005
MED00126,2,target_curve_mult,-0.00698
MED00127,2,target_curve_mult,-0.00623
MED00128,2,target_curve_mult,-0.00134
MED00129,2,target_curve_mult,-0.00116
MED00130,2,target_curve_mult,0.00315
MED00131,2,target_curve_mult,-0.00623
MED00132,2,target_curve_mult,-0.00221
MED00133,2,target_curve_mult,-0.00182
MED00134,2,target_curve_mult,-0.0039
MED00135,2,target_curve_mult,-0.00498
MED00136,2,target_curve_mult,-0.00194
MED00137,2,target_curve_mult,-0.00215
MED00138,2,target_curve_mult,0.00044
MED00140,2,target_curve_mult,-0.00218
MED00141,2,target_curve_mult,-0.00514
MED00142,2,target_curve_mult,0.0064
MED00143,2,target_curve_mult,-0.00157
MED00144,2,target_curve_mult,-0.00206
MED00145,2,target_curve_mult,-0.00032
MED00146,2,target_curve_mult,-0.00079
MED00147,2,target_curve_mult,-0.00035
MED00148,2,target_curve_mult,-0.00259
MED00149,2,target_curve_mult,0.00553
MED00150,2,target_curve_mult,0.00046
MED00151,2,target_curve_mult,0.00302
MED00152,2,target_curve_mult,0.00519
MED00153,2,target_curve_mult,0.00392
MED00155,2,target_curve_mult,0.00338
MED00156,2,target_curve_mult,0.00141
MED00157,2,target_curve_mult,0.00357
MED00158,2,target_curve_mult,0.02171
MED00159,2,target_curve_mult,-0.00015
MED00160,2,target_curve_mult,0.00663
MED00161,2,target_curve_mult,0.00789
MED00162,2,target_curve_mult,0.0032
MED00163,2,target_curve_mult,0.00496
MED00164,2,target_curve_mult,-0.00523
MED00165,2,target_curve_mult,0.0026
MED00166,2,target_curve_mult,0.00339
MED00167,2,target_curve_mult,0.0034
MED00168,2,target_curve_mult,-0.00261
MED00169,2,target_curve_mult,-0.00181
MED00170,2,target_curve_mult,0.00288
MED00171,2,target_curve_mult,0.0048
MED00172,2,target_curve_mult,0.00554
MED00173,2,target_curve_mult,-0.00044
MED00174,2,target_curve_mult,-0.00186
MED00175,2,target_curve_mult,0.01208
MED00176,2,target_curve_mult,0.00195
MED00177,2,target_curve_mult,0.00137
MED00178,2,target_curve_mult,0.00335
MED00179,2,target_curve_mult,0.00326
MED00180,2,target_curve_mult,-0.00319
MED00181,2,target_curve_mult,0.00627
MED00182,2,target_curve_mult,0.00353
MED00183,2,target_curve_mult,-0.0176
MED00184,2,target_curve_mult,0.00547
MED00185,2,target_curve_mult,0.00105
MED00186,2,target_curve_mult,0.00498
MED00187,2,target_curve_mult,-0.00014
MED00188,2,target_curve_mult,0.00185
MED00189,2,target_curve_mult,-0.00158
MED00190,2,target_curve_mult,0.0045
MED00191,2,target_curve_mult,0.00189
MED00192,2,target_curve_mult,-0.00521
MED00193,2,target_curve_mult,0.00479
MED00194,2,target_curve_mult,0.00082
MED00195,2,target_curve_mult,0.00409
MED00196,2,target_curve_mult,0.00251
MED00197,2,target_curve_mult,0.00055
MED00198,2,target_curve_mult,0.00472
MED00199,2,target_curve_mult,-0.00254
MED00200,2,target_curve_mult,0.00018
MED00201,2,target_curve_mult,0.00487
MED00202,2,target_curve_mult,0.00398
MED00203,2,target_curve_mult,0.00019
MED00204,2,target_curve_mult,-0.00106
MED00205,2,target_curve_mult,-0.00206
MED00206,2,target_curve_mult,-0.00294
MED00207,2,target_curve_mult,0.00068
MED00209,2,target_curve_mult,-0.00171
MED00210,2,target_curve_mult,0.00417
MED00211,2,target_curve_mult,-0.00275
MED00212,2,target_curve_mult,-0.00543
MED00213,2,target_curve_mult,-0.00898
MED00214,2,target_curve_mult,0.00398
MED00215,2,target_curve_mult,0.00016
MED00216,2,target_curve_mult,0.00449
MED00217,2,target_curve_mult,-0.00173
MED00218,2,target_curve_mult,0.00604
MED00219,2,target_curve_mult,-0.00711
MED00220,2,target_curve_mult,0.00362
MED00221,2,target_curve_mult,-0.00753
MED00222,2,target_curve_mult,0.00089
MED00223,2,target_curve_mult,0.00504
MED00224,2,target_curve_mult,-0.00203
MED00225,2,target_curve_mult,-0.00042
MED00226,2,target_curve_mult,0.00206
MED00227,2,target_curve_mult,-0.00343
MED00228,2,target_curve_mult,-0.00082
MED00229,2,target_curve_mult,-0.01069
MED00230,2,target_curve_mult,-0.00684
MED00231,2,target_curve_mult,-0.0008
MED00232,2,target_curve_mult,-0.00321
MED00233,2,target_curve_mult,-0.00036
MED00234,2,target_curve_mult,0.00393
MED00235,2,target_curve_mult,0.00415
MED00236,2,target_curve_mult,-0.0012
MED00237,2,target_curve_mult,0.00113
MED00238,2,target_curve_mult,-0.00159
MED00239,2,target_curve_mult,-0.00013
MED00240,2,target_curve_mult,-0.00301
MED00241,2,target_curve_mult,0.00381
MED00242,2,target_curve_mult,0.0003
MED00243,2,target_curve_mult,-0.00418
MED00244,2,target_curve_mult,0.00549
MED00245,2,target_curve_mult,-0.00057
MED00246,2,target_curve_mult,-0.00206
MED00247,2,target_curve_mult,0.00243
MED00248,2,target_curve_mult,-0.0018
MED00249,2,target_curve_mult,-0.01867
MED00250,2,target_curve_mult,0.00196
MED00251,2,target_curve_mult,0.00398
MED00252,2,target_curve_mult,0.02402
MED00253,2,target_curve_mult,0.00591
MED00254,2,target_curve_mult,0.02295
MED00255,2,target_curve_mult,0.00416
MED00256,2,target_curve_mult,0.0027
MED00257,2,target_curve_mult,-0.00594
MED00258,2,target_curve_mult,-0.0002
MED00259,2,target_curve_mult,0.00199
MED00260,2,target_curve_mult,-0.00153
MED00261,2,target_curve_mult,-0.00239
MED00262,2,target_curve_mult,-0.00774
MED00263,2,target_curve_mult,0.00537
MED00264,2,target_curve_mult,-0.00232
MED00265,2,target_curve_mult,0.00705
MED00266,2,target_curve_mult,-0.00716
MED00267,2,target_curve_mult,-0.00416
MED00268,2,target_curve_mult,0.00102
MED00269,2,target_curve_mult,0.00451
MED00270,2,target_curve_mult,0.00318
MED00271,2,target_curve_mult,0.00446
MED00272,2,target_curve_mult,-0.00106
MED00273,2,target_curve_mult,0.00444
MED00274,2,target_curve_mult,-0.00159
MED00275,2,target_curve_mult,-0.00061
MED00276,2,target_curve_mult,0.00447
MED00277,2,target_curve_mult,-0.00094
MED00278,2,target_curve_mult,0.00521
MED00279,2,target_curve_mult,0.00315
MED00280,2,target_curve_mult,-0.00034
MED00281,2,target_curve_mult,0.0021
MED00282,2,target_curve_mult,-0.00243
MED00283,2,target_curve_mult,-0.00079
MED00284,2,target_curve_mult,0.00152
MED00285,2,target_curve_mult,0.00741
MED00286,2,target_curve_mult,-0.01133
MED00287,2,target_curve_mult,0.00354
MED00288,2,target_curve_mult,-0.00152
MED00289,2,target_curve_mult,0.0059
MED00290,2,target_curve_mult,-0.00151
MED00291,2,target_curve_mult,0.00072
MED00292,2,target_curve_mult,0.00101
MED00293,2,target_curve_mult,-0.00577
MED00294,2,target_curve_mult,-0.00185
MED00295,2,target_curve_mult,0.01399
MED00296,2,target_curve_mult,-0.00048
MED00297,2,target_curve_mult,0.00728
MED00298,2,target_curve_mult,0.00139
MED00299,2,target_curve_mult,-0.00505
MED00300,2,target_curve_mult,-0.00469
MED00301,2,target_curve_mult,-0.00146
MED00302,2,target_curve_mult,0.00116
MED00303,2,target_curve_mult,0.00091
MED00304,2,target_curve_mult,0.00121
MED00305,2,target_curve_mult,0.00506
MED00306,2,target_curve_mult,0.00827
MED00307,2,target_curve_mult,0.00426
MED00308,2,target_curve_mult,0.00043
MED00309,2,target_curve_mult,-0.00197
MED00310,2,target_curve_mult,-0.00169
MED00311,2,target_curve_mult,-0.00569
MED00312,2,target_curve_mult,-0.00237
MED00313,2,target_curve_mult,-0.00071
MED00314,2,target_curve_mult,-0.0078
MED00315,2,target_curve_mult,0.00383
MED00316,2,target_curve_mult,-0.00054
MED00317,2,target_curve_mult,-0.00059
MED00318,2,target_curve_mult,-0.0063
MED00319,2,target_curve_mult,0.00345
MED00320,2,target_curve_mult,-0.00586
MED00321,2,target_curve_mult,-0.01624
MED00322,2,target_curve_mult,-0.00235
MED00323,2,target_curve_mult,-0.00567
MED00324,2,target_curve_mult,-0.00214
MED00325,2,target_curve_mult,0.00617
MED00326,2,target_curve_mult,0.00445
MED00327,2,target_curve_mult,-0.00088
MED00328,2,target_curve_mult,-0.00083
MED00329,2,target_curve_mult,0.00434
MED00330,2,target_curve_mult,-0.00168
MED00331,2,target_curve_mult,0.00255
MED00332,2,target_curve_mult,0.00243
MED00333,2,target_curve_mult,0.00815
MED00334,2,target_curve_mult,-0.00074
MED00335,2,target_curve_mult,-0.00106
MED00336,2,target_curve_mult,0.00469
MED00337,2,target_curve_mult,0.00089
MED00338,2,target_curve_mult,-0.00853
MED00339,2,target_curve_mult,-0.00566
MED00340,2,target_curve_mult,0.00639
MED00341,2,target_curve_mult,-0.00694
MED00342,2,target_curve_mult,0.00595
MED00343,2,target_curve_mult,0.00048
MED00344,2,target_curve_mult,-0.00115
MED00345,2,target_curve_mult,0.00096
MED00346,2,target_curve_mult,0.00186
MED00347,2,target_curve_mult,-0.00057
MED00348,2,target_curve_mult,0.00162
MED00349,2,target_curve_mult,-0.00108
MED00350,2,target_curve_mult,-0.01255
MED00351,2,target_curve_mult,-0.00423
MED00352,2,target_curve_mult,-0.00604
MED00353,2,target_curve_mult,-0.01526
MED00354,2,target_curve_mult,-0.00402
MED00355,2,target_curve_mult,-0.00447
MED00356,2,target_curve_mult,0.00283
MED00357,2,target_curve_mult,0.00028
MED00358,2,target_curve_mult,-0.00274
MED00359,2,target_curve_mult,0.0044
MED00360,2,target_curve_mult,-0.00568
MED00361,2,target_curve_mult,0.00207
MED00362,2,target_curve_mult,-0.00073
MED00363,2,target_curve_mult,0.003
MED00364,2,target_curve_mult,-0.00088
MED00365,2,target_curve_mult,0.00456
MED00366,2,target_curve_mult,0.00203
MED00367,2,target_curve_mult,-0.0007
MED00368,2,target_curve_mult,0.00324
MED00369,2,target_curve_mult,0.00458
MED00370,2,target_curve_mult,-0.00447
MED00371,2,target_curve_mult,-0.00448
MED00372,2,target_curve_mult,-0.00071
MED00373,2,target_curve_mult,0.00043
MED00374,2,target_curve_mult,0.00253
MED00375,2,target_curve_mult,0.00254
MED00376,2,target_curve_mult,-0.00131
MED00377,2,target_curve_mult,-0.00329
MED00378,2,target_curve_mult,0.00278
MED00379,2,target_curve_mult,-0.02511
MED00380,2,target_curve_mult,-0.00407
MED00381,2,target_curve_mult,-0.00484
MED00382,2,target_curve_mult,0.0043
MED00383,2,target_curve_mult,0.00766
MED00384,2,target_curve_mult,0.00257
MED00385,2,target_curve_mult,-0.00192
MED00386,2,target_curve_mult,-0.00234
MED00387,2,target_curve_mult,0.00336
MED00388,2,target_curve_mult,-0.05915
MED00389,2,target_curve_mult,0.00036
MED00390,2,target_curve_mult,-0.00181
MED00391,2,target_curve_mult,-0.00347
MED00392,2,target_curve_mult,-0.00216
MED00393,2,target_curve_mult,0.00077
MED00394,2,target_curve_mult,0.00033
MED00395,2,target_curve_mult,-0.00477
MED00396,2,target_curve_mult,-0.0056
MED00397,2,target_curve_mult,-0.0049
MED00398,2,target_curve_mult,0.00069
MED00399,2,target_curve_mult,-0.00312
MED00400,2,target_curve_mult,-0.00918
MED00401,2,target_curve_mult,0.00604
MED00402,2,target_curve_mult,0.00011
MED00403,2,target_curve_mult,-0.00151
MED00404,2,target_curve_mult,-0.0022
MED00405,2,target_curve_mult,-0.00151
MED00406,2,target_curve_mult,-0.00203
MED00407,2,target_curve_mult,0.0029
MED00408,2,target_curve_mult,0.00612
MED00409,2,target_curve_mult,-0.00564
MED00410,2,target_curve_mult,-0.00631
MED00411,2,target_curve_mult,-0.00031
MED00412,2,target_curve_mult,-0.00067
MED00413,2,target_curve_mult,0.00356
MED00414,2,target_curve_mult,-0.00402
MED00415,2,target_curve_mult,-0.0008
MED00416,2,target_curve_mult,0.00235
MED00417,2,target_curve_mult,0.00775
MED00418,2,target_curve_mult,0.00019
MED00419,2,target_curve_mult,0.00481
MED00420,2,target_curve_mult,-0.0048
MED00421,2,target_curve_mult,0.00184
MED00422,2,target_curve_mult,0.00093
MED00423,2,target_curve_mult,0.00077
MED00424,2,target_curve_mult,-0.06371
MED00001,3,target_curve_mult,-0.0041
MED00002,3,target_curve_mult,0.00513
MED00003,3,target_curve_mult,0.00212
MED00004,3,target_curve_mult,-0.00954
MED00005,3,target_curve_mult,-0.00688
MED00006,3,target_curve_mult,0.00311
MED00007,3,target_curve_mult,0.00593
MED00008,3,target_curve_mult,-0.00136
MED00009,3,target_curve_mult,-0.00078
MED00010,3,target_curve_mult,-0.00075
MED00011,3,target_curve_mult,-0.01537
MED00012,3,target_curve_mult,0.00142
MED00013,3,target_curve_mult,0.00448
MED00014,3,target_curve_mult,-0.00166
MED00015,3,target_curve_mult,0.00313
MED00016,3,target_curve_mult,0.0037
MED00017,3,target_curve_mult,-0.00074
MED00018,3,target_curve_mult,-0.04118
MED00019,3,target_curve_mult,-0.00343
MED00020,3,target_curve_mult,0.00073
MED00021,3,target_curve_mult,-0.0098
MED00022,3,target_curve_mult,-0.01117
MED00023,3,target_curve_mult,-0.00587
MED00024,3,target_curve_mult,0.00148
MED00025,3,target_curve_mult,0.01738
MED00026,3,target_curve_mult,0.00313
MED00027,3,target_curve_mult,0.01786
MED00028,3,target_curve_mult,0.00509
MED00029,3,target_curve_mult,0.00017
MED00030,3,target_curve_mult,-0.00453
MED00031,3,target_curve_mult,-0.00429
MED00032,3,target_curve_mult,-0.00131
MED00033,3,target_curve_mult,-0.00712
MED00034,3,target_curve_mult,-0.0105
MED00035,3,target_curve_mult,0.01488
MED00036,3,target_curve_mult,-0.00042
MED00037,3,target_curve_mult,0.00052
MED00038,3,target_curve_mult,0.00136
MED00039,3,target_curve_mult,0.00095
MED00040,3,target_curve_mult,-0.00203
MED00041,3,target_curve_mult,-0.00135
MED00042,3,target_curve_mult,-0.00508
MED00043,3,target_curve_mult,0.00277
MED00044,3,target_curve_mult,-0.01035
MED00045,3,target_curve_mult,-0.00147
MED00046,3,target_curve_mult,-0.00285
MED00047,3,target_curve_mult,0.00675
MED00048,3,target_curve_mult,-0.00194
MED00049,3,target_curve_mult,0.00127
MED00050,3,target_curve_mult,-0.00166
MED00051,3,target_curve_mult,-0.00425
MED00052,3,target_curve_mult,-0.00191
MED00053,3,target_curve_mult,0.00261
MED00054,3,target_curve_mult,0.00358
MED00055,3,target_curve_mult,0.00455
MED00056,3,target_curve_mult,-0.00217
MED00057,3,target_curve_mult,0.00589
MED00058,3,target_curve_mult,0.00386
MED00059,3,target_curve_mult,-0.01235
MED00060,3,target_curve_mult,-0.00337
MED00061,3,target_curve_mult,-0.00221
MED00062,3,target_curve_mult,-0.00917
MED00063,3,target_curve_mult,0.00268
MED00064,3,target_curve_mult,0.00018
MED00065,3,target_curve_mult,-0.00211
MED00066,3,target_curve_mult,0.00306
MED00067,3,target_curve_mult,0.00307
MED00068,3,target_curve_mult,0.00138
MED00069,3,target_curve_mult,-0.00941
MED00070,3,target_curve_mult,0.00466
MED00071,3,target_curve_mult,-0.00729
MED00072,3,target_curve_mult,-0.01076
MED00073,3,target_curve_mult,-0.01025
MED00074,3,target_curve_mult,0.00182
MED00075,3,target_curve_mult,0.00596
MED00076,3,target_curve_mult,-0.00074
MED00077,3,target_curve_mult,0.00425
MED00078,3,target_curve_mult,-0.00078
MED00079,3,target_curve_mult,-0.00508
MED00080,3,target_curve_mult,-0.00907
MED00081,3,target_curve_mult,-0.00372
MED00082,3,target_curve_mult,-0.00773
MED00083,3,target_curve_mult,-0.0026
MED00084,3,target_curve_mult,0.00159
MED00085,3,target_curve_mult,0.003
MED00086,3,target_curve_mult,0.02515
MED00087,3,target_curve_mult,0.00332
MED00088,3,target_curve_mult,-0.00637
MED00089,3,target_curve_mult,-0.0024
MED00090,3,target_curve_mult,-0.00341
MED00091,3,target_curve_mult,-0.00339
MED00092,3,target_curve_mult,0.0011
MED00093,3,target_curve_mult,-0.00319
MED00094,3,target_curve_mult,-0.00324
MED00095,3,target_curve_mult,0.00397
MED00096,3,target_curve_mult,-0.00198
MED00097,3,target_curve_mult,-0.00446
MED00098,3,target_curve_mult,-0.00221
MED00099,3,target_curve_mult,0.00227
MED00100,3,target_curve_mult,0.00171
MED00101,3,target_curve_mult,0.00367
MED00102,3,target_curve_mult,0.00563
MED00103,3,target_curve_mult,-0.00048
MED00104,3,target_curve_mult,0.00198
MED00105,3,target_curve_mult,-0.00225
MED00106,3,target_curve_mult,0.00382
MED00107,3,target_curve_mult,0.0063
MED00108,3,target_curve_mult,0.00311
MED00109,3,target_curve_mult,-0.00119
MED00110,3,target_curve_mult,-0.00571
MED00111,3,target_curve_mult,0.00305
MED00112,3,target_curve_mult,0.00214
MED00113,3,target_curve_mult,0.00197
MED00114,3,target_curve_mult,0.00019
MED00115,3,target_curve_mult,0.00455
MED00116,3,target_curve_mult,-0.00153
MED00117,3,target_curve_mult,0.00376
MED00118,3,target_curve_mult,0.00183
MED00119,3,target_curve_mult,0.00385
MED00120,3,target_curve_mult,-0.00951
MED00121,3,target_curve_mult,-0.00037
MED00122,3,target_curve_mult,0.00152
MED00123,3,target_curve_mult,-0.00107
MED00124,3,target_curve_mult,0.00655
MED00125,3,target_curve_mult,-0.0003
MED00126,3,target_curve_mult,-0.00654
MED00127,3,target_curve_mult,-0.00624
MED00128,3,target_curve_mult,-0.00106
MED00129,3,target_curve_mult,-0.00102
MED00130,3,target_curve_mult,0.00073
MED00131,3,target_curve_mult,-0.00541
MED00132,3,target_curve_mult,-0.00211
MED00133,3,target_curve_mult,-0.00329
MED00134,3,target_curve_mult,-0.00388
MED00135,3,target_curve_mult,-0.00497
MED00136,3,target_curve_mult,-0.00144
MED00137,3,target_curve_mult,-0.00073
MED00138,3,target_curve_mult,-0.00018
MED00139,3,target_curve_mult,-0.00024
MED00140,3,target_curve_mult,-0.00212
MED00141,3,target_curve_mult,-0.00632
MED00142,3,target_curve_mult,0.00644
MED00143,3,target_curve_mult,-0.00151
MED00144,3,target_curve_mult,-0.00196
MED00145,3,target_curve_mult,0.00012
MED00146,3,target_curve_mult,-0.00073
MED00147,3,target_curve_mult,0.00023
MED00148,3,target_curve_mult,-0.00263
MED00149,3,target_curve_mult,0.00545
MED00150,3,target_curve_mult,-0.00056
MED00151,3,target_curve_mult,0.00308
MED00152,3,target_curve_mult,0.00524
MED00153,3,target_curve_mult,0.00406
MED00155,3,target_curve_mult,0.00345
MED00156,3,target_curve_mult,-0.00229
MED00157,3,target_curve_mult,0.00358
MED00158,3,target_curve_mult,0.01581
MED00159,3,target_curve_mult,0.00198
MED00160,3,target_curve_mult,0.00668
MED00161,3,target_curve_mult,0.0078
MED00162,3,target_curve_mult,0.00334
MED00163,3,target_curve_mult,0.00584
MED00164,3,target_curve_mult,-0.0076
MED00165,3,target_curve_mult,0.0026
MED00166,3,target_curve_mult,0.00353
MED00167,3,target_curve_mult,0.0035
MED00168,3,target_curve_mult,-0.00255
MED00169,3,target_curve_mult,-0.00233
MED00170,3,target_curve_mult,0.00293
MED00171,3,target_curve_mult,0.00485
MED00172,3,target_curve_mult,0.00084
MED00174,3,target_curve_mult,-0.00487
MED00175,3,target_curve_mult,0.01135
MED00176,3,target_curve_mult,0.00026
MED00177,3,target_curve_mult,-0.00404
MED00178,3,target_curve_mult,0.00265
MED00179,3,target_curve_mult,0.00278
MED00180,3,target_curve_mult,-0.0028
MED00181,3,target_curve_mult,0.00624
MED00182,3,target_curve_mult,-0.00323
MED00183,3,target_curve_mult,-0.01759
MED00184,3,target_curve_mult,0.00531
MED00185,3,target_curve_mult,-0.00086
MED00186,3,target_curve_mult,0.00509
MED00187,3,target_curve_mult,-0.00355
MED00188,3,target_curve_mult,0.00054
MED00189,3,target_curve_mult,-0.00132
MED00190,3,target_curve_mult,0.00464
MED00191,3,target_curve_mult,0.00178
MED00192,3,target_curve_mult,-0.00495
MED00193,3,target_curve_mult,0.0053
MED00194,3,target_curve_mult,0.00135
MED00195,3,target_curve_mult,0.00411
MED00196,3,target_curve_mult,0.00231
MED00197,3,target_curve_mult,0.00108
MED00198,3,target_curve_mult,0.00478
MED00199,3,target_curve_mult,-0.00234
MED00200,3,target_curve_mult,-0.00086
MED00201,3,target_curve_mult,0.00068
MED00202,3,target_curve_mult,0.00412
MED00203,3,target_curve_mult,0.0021
MED00204,3,target_curve_mult,-0.00092
MED00205,3,target_curve_mult,-0.00253
MED00206,3,target_curve_mult,-0.00346
MED00207,3,target_curve_mult,0.00045
MED00208,3,target_curve_mult,-0.00113
MED00210,3,target_curve_mult,0.00346
MED00211,3,target_curve_mult,-0.00224
MED00212,3,target_curve_mult,-0.00545
MED00213,3,target_curve_mult,-0.01253
MED00214,3,target_curve_mult,0.00394
MED00216,3,target_curve_mult,0.0058
MED00217,3,target_curve_mult,-0.00116
MED00218,3,target_curve_mult,0.00605
MED00219,3,target_curve_mult,-0.00715
MED00220,3,target_curve_mult,0.00375
MED00221,3,target_curve_mult,-0.00929
MED00222,3,target_curve_mult,0.00085
MED00223,3,target_curve_mult,0.00494
MED00224,3,target_curve_mult,-0.00189
MED00225,3,target_curve_mult,-0.00032
MED00226,3,target_curve_mult,-0.00122
MED00227,3,target_curve_mult,-0.00339
MED00228,3,target_curve_mult,-0.00106
MED00229,3,target_curve_mult,-0.00896
MED00230,3,target_curve_mult,-0.00712
MED00231,3,target_curve_mult,-0.00072
MED00232,3,target_curve_mult,-0.00319
MED00233,3,target_curve_mult,-0.00193
MED00234,3,target_curve_mult,0.00327
MED00235,3,target_curve_mult,0.0041
MED00236,3,target_curve_mult,-0.00105
MED00237,3,target_curve_mult,-0.00245
MED00238,3,target_curve_mult,-1e-04
MED00239,3,target_curve_mult,-0.00069
MED00240,3,target_curve_mult,-0.00901
MED00241,3,target_curve_mult,0.00395
MED00242,3,target_curve_mult,0.00032
MED00243,3,target_curve_mult,-0.00333
MED00244,3,target_curve_mult,0.00563
MED00245,3,target_curve_mult,-0.00057
MED00246,3,target_curve_mult,-0.00203
MED00247,3,target_curve_mult,0.00244
MED00248,3,target_curve_mult,-0.00525
MED00249,3,target_curve_mult,-0.01869
MED00250,3,target_curve_mult,0.00549
MED00251,3,target_curve_mult,0.00403
MED00252,3,target_curve_mult,0.024
MED00253,3,target_curve_mult,0.00597
MED00254,3,target_curve_mult,0.02295
MED00255,3,target_curve_mult,-0.00223
MED00256,3,target_curve_mult,0.00276
MED00257,3,target_curve_mult,-0.00812
MED00258,3,target_curve_mult,-0.00015
MED00259,3,target_curve_mult,0.00204
MED00260,3,target_curve_mult,-0.00165
MED00261,3,target_curve_mult,-0.00214
MED00262,3,target_curve_mult,-0.01061
MED00263,3,target_curve_mult,0.00543
MED00264,3,target_curve_mult,-0.00229
MED00265,3,target_curve_mult,0.00706
MED00266,3,target_curve_mult,-0.00708
MED00267,3,target_curve_mult,-0.00422
MED00268,3,target_curve_mult,0.00108
MED00269,3,target_curve_mult,0.00453
MED00270,3,target_curve_mult,0.00324
MED00271,3,target_curve_mult,0.00449
MED00272,3,target_curve_mult,-0.00077
MED00273,3,target_curve_mult,0.00452
MED00274,3,target_curve_mult,-0.00189
MED00275,3,target_curve_mult,-0.00038
MED00276,3,target_curve_mult,0.00453
MED00277,3,target_curve_mult,-0.0014
MED00278,3,target_curve_mult,0.00522
MED00279,3,target_curve_mult,0.00343
MED00281,3,target_curve_mult,0.00231
MED00282,3,target_curve_mult,-0.00158
MED00283,3,target_curve_mult,-0.0013
MED00284,3,target_curve_mult,-0.00255
MED00285,3,target_curve_mult,0.00745
MED00286,3,target_curve_mult,-0.01181
MED00287,3,target_curve_mult,0.00295
MED00288,3,target_curve_mult,-0.00147
MED00289,3,target_curve_mult,-0.00098
MED00290,3,target_curve_mult,-0.00132
MED00291,3,target_curve_mult,0.00083
MED00292,3,target_curve_mult,0.0008
MED00293,3,target_curve_mult,-0.00456
MED00294,3,target_curve_mult,-0.00464
MED00295,3,target_curve_mult,0.01356
MED00296,3,target_curve_mult,-0.00041
MED00297,3,target_curve_mult,0.00507
MED00298,3,target_curve_mult,0.00129
MED00299,3,target_curve_mult,-0.00221
MED00300,3,target_curve_mult,-0.00455
MED00301,3,target_curve_mult,-0.00166
MED00302,3,target_curve_mult,0.00128
MED00304,3,target_curve_mult,0.00302
MED00305,3,target_curve_mult,0.0052
MED00306,3,target_curve_mult,0.01361
MED00307,3,target_curve_mult,0.00198
MED00308,3,target_curve_mult,0.00042
MED00309,3,target_curve_mult,-0.00145
MED00310,3,target_curve_mult,-0.00512
MED00311,3,target_curve_mult,-0.00158
MED00312,3,target_curve_mult,0.00145
MED00313,3,target_curve_mult,-0.00067
MED00314,3,target_curve_mult,-0.00787
MED00315,3,target_curve_mult,0.00384
MED00316,3,target_curve_mult,-0.00047
MED00317,3,target_curve_mult,-0.00043
MED00318,3,target_curve_mult,-0.00797
MED00319,3,target_curve_mult,0.00345
MED00320,3,target_curve_mult,-0.0058
MED00321,3,target_curve_mult,-0.02724
MED00322,3,target_curve_mult,-0.00213
MED00323,3,target_curve_mult,-0.00629
MED00324,3,target_curve_mult,-0.00833
MED00325,3,target_curve_mult,0.00618
MED00326,3,target_curve_mult,0.00446
MED00327,3,target_curve_mult,-0.00087
MED00328,3,target_curve_mult,-0.00077
MED00329,3,target_curve_mult,0.00435
MED00330,3,target_curve_mult,-0.00155
MED00331,3,target_curve_mult,0.00262
MED00332,3,target_curve_mult,0.00247
MED00333,3,target_curve_mult,0.0107
MED00334,3,target_curve_mult,-0.00073
MED00335,3,target_curve_mult,-0.00116
MED00336,3,target_curve_mult,0.00472
MED00337,3,target_curve_mult,0.00114
MED00338,3,target_curve_mult,-0.00843
MED00339,3,target_curve_mult,-0.00636
MED00340,3,target_curve_mult,0.00573
MED00341,3,target_curve_mult,-0.00666
MED00342,3,target_curve_mult,0.00601
MED00343,3,target_curve_mult,0.0005
MED00344,3,target_curve_mult,-0.00117
MED00345,3,target_curve_mult,0.00181
MED00346,3,target_curve_mult,0.00202
MED00347,3,target_curve_mult,0.0003
MED00348,3,target_curve_mult,0.00168
MED00349,3,target_curve_mult,-0.00102
MED00350,3,target_curve_mult,-0.012
MED00351,3,target_curve_mult,-0.00443
MED00352,3,target_curve_mult,-0.00429
MED00353,3,target_curve_mult,-0.0136
MED00354,3,target_curve_mult,-0.0095
MED00355,3,target_curve_mult,-0.00555
MED00356,3,target_curve_mult,0.00288
MED00357,3,target_curve_mult,0.00087
MED00358,3,target_curve_mult,-0.00258
MED00359,3,target_curve_mult,0.00454
MED00360,3,target_curve_mult,-0.00434
MED00361,3,target_curve_mult,0.00216
MED00362,3,target_curve_mult,-0.00061
MED00363,3,target_curve_mult,0.00306
MED00364,3,target_curve_mult,0.00042
MED00365,3,target_curve_mult,0.00462
MED00366,3,target_curve_mult,0.00205
MED00367,3,target_curve_mult,-0.00049
MED00368,3,target_curve_mult,0.0033
MED00369,3,target_curve_mult,-0.00685
MED00370,3,target_curve_mult,-0.00502
MED00371,3,target_curve_mult,-0.00441
MED00372,3,target_curve_mult,0.00089
MED00373,3,target_curve_mult,0.00065
MED00374,3,target_curve_mult,0.0018
MED00375,3,target_curve_mult,0.00253
MED00376,3,target_curve_mult,-0.00118
MED00377,3,target_curve_mult,-0.00033
MED00378,3,target_curve_mult,0.00284
MED00379,3,target_curve_mult,-0.02433
MED00380,3,target_curve_mult,-0.00409
MED00381,3,target_curve_mult,-0.00493
MED00382,3,target_curve_mult,0.00146
MED00383,3,target_curve_mult,0.00753
MED00384,3,target_curve_mult,0.00262
MED00385,3,target_curve_mult,-0.00176
MED00386,3,target_curve_mult,-0.00235
MED00387,3,target_curve_mult,0.00337
MED00388,3,target_curve_mult,-0.05871
MED00389,3,target_curve_mult,-0.00322
MED00390,3,target_curve_mult,0.00279
MED00391,3,target_curve_mult,-0.00406
MED00392,3,target_curve_mult,-0.00198
MED00393,3,target_curve_mult,-0.00051
MED00394,3,target_curve_mult,-0.00122
MED00395,3,target_curve_mult,-0.00469
MED00396,3,target_curve_mult,-0.00449
MED00397,3,target_curve_mult,-0.00455
MED00398,3,target_curve_mult,0.00064
MED00399,3,target_curve_mult,-0.0029
MED00400,3,target_curve_mult,-0.00928
MED00401,3,target_curve_mult,0.00341
MED00402,3,target_curve_mult,0.00234
MED00403,3,target_curve_mult,-0.00144
MED00404,3,target_curve_mult,-0.00219
MED00405,3,target_curve_mult,-0.00102
MED00406,3,target_curve_mult,-0.00076
MED00407,3,target_curve_mult,-0.00096
MED00408,3,target_curve_mult,-0.00084
MED00409,3,target_curve_mult,-0.00117
MED00410,3,target_curve_mult,-0.00239
MED00411,3,target_curve_mult,-0.00479
MED00412,3,target_curve_mult,-0.00117
MED00413,3,target_curve_mult,0.00295
MED00414,3,target_curve_mult,-0.00601
MED00416,3,target_curve_mult,-0.00012
MED00417,3,target_curve_mult,0.00791
MED00418,3,target_curve_mult,-0.00123
MED00419,3,target_curve_mult,0.00495
MED00420,3,target_curve_mult,-0.0074
MED00421,3,target_curve_mult,0.00014
MED00422,3,target_curve_mult,-0.00117
MED00423,3,target_curve_mult,-0.00178
MED00424,3,target_curve_mult,-0.06369
MED00001,4,target_curve_mult,-0.0036
MED00002,4,target_curve_mult,0.00538
MED00003,4,target_curve_mult,0.0022
MED00004,4,target_curve_mult,-0.0096
MED00005,4,target_curve_mult,-0.00693
MED00006,4,target_curve_mult,0.00308
MED00007,4,target_curve_mult,0.00578
MED00008,4,target_curve_mult,-0.00139
MED00010,4,target_curve_mult,-0.00063
MED00011,4,target_curve_mult,-0.01537
MED00012,4,target_curve_mult,0.00057
MED00013,4,target_curve_mult,0.00447
MED00014,4,target_curve_mult,-0.00182
MED00015,4,target_curve_mult,0.00316
MED00016,4,target_curve_mult,0.00374
MED00017,4,target_curve_mult,-0.00074
MED00018,4,target_curve_mult,-0.04115
MED00019,4,target_curve_mult,-0.0034
MED00020,4,target_curve_mult,0.00086
MED00021,4,target_curve_mult,-0.01272
MED00022,4,target_curve_mult,-0.01074
MED00023,4,target_curve_mult,-0.00789
MED00024,4,target_curve_mult,-0.00277
MED00025,4,target_curve_mult,0.00454
MED00026,4,target_curve_mult,0.00289
MED00027,4,target_curve_mult,0.00506
MED00028,4,target_curve_mult,0.00509
MED00029,4,target_curve_mult,-0.00036
MED00030,4,target_curve_mult,-0.00435
MED00031,4,target_curve_mult,0.0007
MED00032,4,target_curve_mult,-0.00076
MED00033,4,target_curve_mult,-0.00709
MED00034,4,target_curve_mult,-0.01048
MED00035,4,target_curve_mult,0.01488
MED00036,4,target_curve_mult,-0.00379
MED00037,4,target_curve_mult,0.00052
MED00038,4,target_curve_mult,-0.00052
MED00039,4,target_curve_mult,0.00094
MED00040,4,target_curve_mult,-0.00197
MED00041,4,target_curve_mult,-0.00233
MED00042,4,target_curve_mult,-0.00506
MED00043,4,target_curve_mult,0.00274
MED00044,4,target_curve_mult,-0.00844
MED00046,4,target_curve_mult,-0.00183
MED00047,4,target_curve_mult,0.00673
MED00048,4,target_curve_mult,-0.00247
MED00049,4,target_curve_mult,0.00178
MED00050,4,target_curve_mult,-0.00264
MED00051,4,target_curve_mult,-0.00429
MED00052,4,target_curve_mult,-0.00191
MED00053,4,target_curve_mult,-0.00256
MED00054,4,target_curve_mult,0.00257
MED00055,4,target_curve_mult,-0.00115
MED00056,4,target_curve_mult,-0.00215
MED00057,4,target_curve_mult,0.00589
MED00058,4,target_curve_mult,0.00382
MED00059,4,target_curve_mult,-0.00247
MED00060,4,target_curve_mult,-0.00669
MED00061,4,target_curve_mult,-0.00221
MED00062,4,target_curve_mult,-0.00889
MED00063,4,target_curve_mult,0.00272
MED00064,4,target_curve_mult,0.00015
MED00065,4,target_curve_mult,-0.00215
MED00066,4,target_curve_mult,0.00306
MED00067,4,target_curve_mult,0.00317
MED00069,4,target_curve_mult,-0.00991
MED00070,4,target_curve_mult,0.00526
MED00071,4,target_curve_mult,-0.00607
MED00072,4,target_curve_mult,-0.01018
MED00073,4,target_curve_mult,-0.01317
MED00074,4,target_curve_mult,-0.00142
MED00075,4,target_curve_mult,0.00276
MED00076,4,target_curve_mult,-0.00068
MED00077,4,target_curve_mult,0.00154
MED00078,4,target_curve_mult,0.0024
MED00079,4,target_curve_mult,-0.00562
MED00080,4,target_curve_mult,-0.00926
MED00081,4,target_curve_mult,-0.00301
MED00082,4,target_curve_mult,-0.00879
MED00083,4,target_curve_mult,-0.0021
MED00084,4,target_curve_mult,0.00034
MED00085,4,target_curve_mult,0.00294
MED00086,4,target_curve_mult,0.02526
MED00087,4,target_curve_mult,0.003
MED00088,4,target_curve_mult,-0.00609
MED00089,4,target_curve_mult,0.00319
MED00090,4,target_curve_mult,-0.00683
MED00091,4,target_curve_mult,-0.00677
MED00092,4,target_curve_mult,0.00109
MED00093,4,target_curve_mult,-0.00208
MED00094,4,target_curve_mult,-0.00536
MED00095,4,target_curve_mult,0.00405
MED00096,4,target_curve_mult,-0.00178
MED00097,4,target_curve_mult,-0.00462
MED00098,4,target_curve_mult,-0.00239
MED00099,4,target_curve_mult,0.00158
MED00100,4,target_curve_mult,0.00176
MED00101,4,target_curve_mult,0.00207
MED00102,4,target_curve_mult,0.00559
MED00103,4,target_curve_mult,-0.00055
MED00104,4,target_curve_mult,0.00201
MED00105,4,target_curve_mult,-0.00225
MED00106,4,target_curve_mult,0.00126
MED00107,4,target_curve_mult,0.00629
MED00108,4,target_curve_mult,0.00309
MED00109,4,target_curve_mult,-0.00091
MED00110,4,target_curve_mult,-0.00549
MED00111,4,target_curve_mult,0.00309
MED00112,4,target_curve_mult,0.00193
MED00113,4,target_curve_mult,0.00184
MED00114,4,target_curve_mult,1e-04
MED00115,4,target_curve_mult,0.00449
MED00116,4,target_curve_mult,-0.00152
MED00117,4,target_curve_mult,0.00369
MED00118,4,target_curve_mult,0.00182
MED00119,4,target_curve_mult,0.00384
MED00120,4,target_curve_mult,-0.00943
MED00121,4,target_curve_mult,-0.00029
MED00122,4,target_curve_mult,0.00154
MED00123,4,target_curve_mult,-0.00225
MED00124,4,target_curve_mult,0.00653
MED00125,4,target_curve_mult,0.00049
MED00126,4,target_curve_mult,-0.00653
MED00127,4,target_curve_mult,-0.00597
MED00128,4,target_curve_mult,-0.00106
MED00129,4,target_curve_mult,-0.00113
MED00130,4,target_curve_mult,0.00076
MED00131,4,target_curve_mult,-0.00716
MED00132,4,target_curve_mult,-0.00146
MED00133,4,target_curve_mult,0.00066
MED00134,4,target_curve_mult,-0.00374
MED00135,4,target_curve_mult,-0.00498
MED00136,4,target_curve_mult,0.00034
MED00137,4,target_curve_mult,-0.00112
MED00138,4,target_curve_mult,-0.00022
MED00139,4,target_curve_mult,-0.00031
MED00140,4,target_curve_mult,-0.00214
MED00141,4,target_curve_mult,-0.00921
MED00142,4,target_curve_mult,0.00644
MED00143,4,target_curve_mult,-0.0013
MED00144,4,target_curve_mult,-0.00203
MED00145,4,target_curve_mult,0.00013
MED00146,4,target_curve_mult,-0.00074
MED00147,4,target_curve_mult,-0.00166
MED00148,4,target_curve_mult,-0.00431
MED00149,4,target_curve_mult,0.00543
MED00150,4,target_curve_mult,-0.00203
MED00151,4,target_curve_mult,0.00315
MED00152,4,target_curve_mult,0.00523
MED00153,4,target_curve_mult,0.004
MED00155,4,target_curve_mult,0.00343
MED00156,4,target_curve_mult,-0.00178
MED00157,4,target_curve_mult,0.00357
MED00158,4,target_curve_mult,0.00481
MED00159,4,target_curve_mult,0.00181
MED00160,4,target_curve_mult,0.00666
MED00161,4,target_curve_mult,0.00535
MED00162,4,target_curve_mult,0.00322
MED00163,4,target_curve_mult,0.00587
MED00164,4,target_curve_mult,-0.00897
MED00165,4,target_curve_mult,0.00519
MED00166,4,target_curve_mult,0.00346
MED00167,4,target_curve_mult,0.00277
MED00168,4,target_curve_mult,-0.00245
MED00170,4,target_curve_mult,0.00292
MED00171,4,target_curve_mult,0.00484
MED00172,4,target_curve_mult,0.00123
MED00173,4,target_curve_mult,-0.00013
MED00174,4,target_curve_mult,-0.00186
MED00175,4,target_curve_mult,0.01157
MED00176,4,target_curve_mult,0.00024
MED00177,4,target_curve_mult,-0.00468
MED00178,4,target_curve_mult,0.00267
MED00179,4,target_curve_mult,0.00283
MED00180,4,target_curve_mult,-0.00287
MED00181,4,target_curve_mult,0.00617
MED00182,4,target_curve_mult,-0.00383
MED00183,4,target_curve_mult,-0.0176
MED00184,4,target_curve_mult,0.00513
MED00185,4,target_curve_mult,0.00125
MED00186,4,target_curve_mult,0.00502
MED00187,4,target_curve_mult,-0.00259
MED00188,4,target_curve_mult,0.00058
MED00189,4,target_curve_mult,-0.00128
MED00190,4,target_curve_mult,0.00457
MED00191,4,target_curve_mult,0.00303
MED00192,4,target_curve_mult,-0.005
MED00193,4,target_curve_mult,0.00557
MED00194,4,target_curve_mult,0.00135
MED00195,4,target_curve_mult,0.00411
MED00196,4,target_curve_mult,0.00176
MED00197,4,target_curve_mult,0.00107
MED00198,4,target_curve_mult,0.00476
MED00199,4,target_curve_mult,0.00154
MED00200,4,target_curve_mult,-0.00106
MED00201,4,target_curve_mult,-0.00217
MED00202,4,target_curve_mult,0.00391
MED00203,4,target_curve_mult,0.00075
MED00204,4,target_curve_mult,-0.00052
MED00205,4,target_curve_mult,-0.00258
MED00206,4,target_curve_mult,-0.0064
MED00207,4,target_curve_mult,-0.00124
MED00208,4,target_curve_mult,-0.00107
MED00209,4,target_curve_mult,-0.00534
MED00210,4,target_curve_mult,0.00346
MED00211,4,target_curve_mult,-0.00231
MED00212,4,target_curve_mult,-0.00519
MED00213,4,target_curve_mult,-0.013
MED00214,4,target_curve_mult,0.0032
MED00216,4,target_curve_mult,0.00608
MED00217,4,target_curve_mult,-0.00067
MED00218,4,target_curve_mult,0.00604
MED00219,4,target_curve_mult,-0.00716
MED00220,4,target_curve_mult,0.00343
MED00221,4,target_curve_mult,-0.01219
MED00222,4,target_curve_mult,0.00085
MED00223,4,target_curve_mult,0.00478
MED00224,4,target_curve_mult,-0.00194
MED00225,4,target_curve_mult,-0.00162
MED00226,4,target_curve_mult,-0.00203
MED00227,4,target_curve_mult,-0.00337
MED00228,4,target_curve_mult,-0.0015
MED00229,4,target_curve_mult,-0.00847
MED00230,4,target_curve_mult,-0.00684
MED00231,4,target_curve_mult,-0.00053
MED00232,4,target_curve_mult,-0.00321
MED00233,4,target_curve_mult,0.00156
MED00234,4,target_curve_mult,0.00325
MED00235,4,target_curve_mult,0.00474
MED00236,4,target_curve_mult,-0.0012
MED00237,4,target_curve_mult,-0.00597
MED00238,4,target_curve_mult,-0.00037
MED00239,4,target_curve_mult,-0.00065
MED00240,4,target_curve_mult,-0.0091
MED00241,4,target_curve_mult,0.00383
MED00242,4,target_curve_mult,0.00045
MED00243,4,target_curve_mult,-0.00354
MED00244,4,target_curve_mult,0.00556
MED00245,4,target_curve_mult,-0.00061
MED00246,4,target_curve_mult,0.0002
MED00247,4,target_curve_mult,0.00243
MED00248,4,target_curve_mult,-0.00475
MED00249,4,target_curve_mult,-0.01867
MED00250,4,target_curve_mult,0.00192
MED00251,4,target_curve_mult,0.00402
MED00252,4,target_curve_mult,0.02402
MED00253,4,target_curve_mult,0.0059
MED00254,4,target_curve_mult,0.02296
MED00255,4,target_curve_mult,-0.00163
MED00256,4,target_curve_mult,0.00275
MED00257,4,target_curve_mult,-0.011
MED00258,4,target_curve_mult,-0.00023
MED00259,4,target_curve_mult,0.00203
MED00260,4,target_curve_mult,-0.00098
MED00261,4,target_curve_mult,-0.00154
MED00262,4,target_curve_mult,-0.00989
MED00263,4,target_curve_mult,0.00541
MED00264,4,target_curve_mult,-0.00207
MED00265,4,target_curve_mult,0.00705
MED00266,4,target_curve_mult,-0.00708
MED00267,4,target_curve_mult,-0.00423
MED00268,4,target_curve_mult,0.00042
MED00269,4,target_curve_mult,0.00452
MED00270,4,target_curve_mult,0.00323
MED00271,4,target_curve_mult,0.00306
MED00272,4,target_curve_mult,-0.00264
MED00273,4,target_curve_mult,0.00395
MED00274,4,target_curve_mult,-0.00078
MED00275,4,target_curve_mult,-0.00348
MED00276,4,target_curve_mult,0.00452
MED00277,4,target_curve_mult,-0.00128
MED00278,4,target_curve_mult,0.0052
MED00279,4,target_curve_mult,0.00359
MED00280,4,target_curve_mult,0.00011
MED00281,4,target_curve_mult,0.00234
MED00282,4,target_curve_mult,-0.00145
MED00283,4,target_curve_mult,-0.00184
MED00284,4,target_curve_mult,-0.00214
MED00285,4,target_curve_mult,0.00744
MED00286,4,target_curve_mult,-0.00288
MED00287,4,target_curve_mult,0.00294
MED00288,4,target_curve_mult,-0.00148
MED00289,4,target_curve_mult,-0.00217
MED00290,4,target_curve_mult,-0.00132
MED00291,4,target_curve_mult,-0.00022
MED00292,4,target_curve_mult,-0.00125
MED00293,4,target_curve_mult,-0.00472
MED00294,4,target_curve_mult,-0.00439
MED00295,4,target_curve_mult,0.01331
MED00296,4,target_curve_mult,-0.00037
MED00297,4,target_curve_mult,0.00505
MED00298,4,target_curve_mult,-0.00094
MED00299,4,target_curve_mult,-0.00167
MED00300,4,target_curve_mult,-0.00461
MED00301,4,target_curve_mult,-0.00172
MED00302,4,target_curve_mult,0.00112
MED00303,4,target_curve_mult,-0.0042
MED00304,4,target_curve_mult,0.00112
MED00305,4,target_curve_mult,0.00513
MED00306,4,target_curve_mult,0.01366
MED00307,4,target_curve_mult,0.00177
MED00308,4,target_curve_mult,0.00041
MED00309,4,target_curve_mult,-0.00203
MED00310,4,target_curve_mult,-0.00447
MED00311,4,target_curve_mult,-0.00296
MED00312,4,target_curve_mult,0.00034
MED00313,4,target_curve_mult,-0.0234
MED00314,4,target_curve_mult,-0.00794
MED00315,4,target_curve_mult,0.00383
MED00316,4,target_curve_mult,0.00036
MED00317,4,target_curve_mult,-0.0003
MED00318,4,target_curve_mult,-0.00964
MED00319,4,target_curve_mult,0.00344
MED00320,4,target_curve_mult,-0.00581
MED00321,4,target_curve_mult,-0.02472
MED00322,4,target_curve_mult,-0.0021
MED00323,4,target_curve_mult,-0.00794
MED00324,4,target_curve_mult,-0.00631
MED00325,4,target_curve_mult,0.00616
MED00326,4,target_curve_mult,0.00445
MED00327,4,target_curve_mult,-0.00088
MED00328,4,target_curve_mult,-0.00078
MED00329,4,target_curve_mult,0.00434
MED00330,4,target_curve_mult,-0.00109
MED00331,4,target_curve_mult,0.0026
MED00332,4,target_curve_mult,0.00246
MED00333,4,target_curve_mult,0.00998
MED00334,4,target_curve_mult,-0.00074
MED00335,4,target_curve_mult,-0.00133
MED00336,4,target_curve_mult,0.00308
MED00337,4,target_curve_mult,0.00144
MED00338,4,target_curve_mult,-0.00731
MED00339,4,target_curve_mult,-0.01003
MED00340,4,target_curve_mult,0.00595
MED00341,4,target_curve_mult,-0.00665
MED00342,4,target_curve_mult,0.00594
MED00343,4,target_curve_mult,0.00035
MED00344,4,target_curve_mult,-0.00116
MED00345,4,target_curve_mult,0.00208
MED00346,4,target_curve_mult,0.00195
MED00347,4,target_curve_mult,0.00031
MED00348,4,target_curve_mult,0.00111
MED00349,4,target_curve_mult,-0.00024
MED00350,4,target_curve_mult,-0.01212
MED00351,4,target_curve_mult,-0.00501
MED00352,4,target_curve_mult,-0.00337
MED00353,4,target_curve_mult,-0.01402
MED00354,4,target_curve_mult,-0.00935
MED00355,4,target_curve_mult,-0.00819
MED00356,4,target_curve_mult,0.00287
MED00357,4,target_curve_mult,0.00088
MED00358,4,target_curve_mult,-0.00605
MED00359,4,target_curve_mult,0.00447
MED00360,4,target_curve_mult,-0.00831
MED00361,4,target_curve_mult,0.00214
MED00362,4,target_curve_mult,-0.00069
MED00363,4,target_curve_mult,0.00108
MED00364,4,target_curve_mult,0.00052
MED00365,4,target_curve_mult,0.00389
MED00366,4,target_curve_mult,0.00204
MED00367,4,target_curve_mult,-0.00062
MED00368,4,target_curve_mult,0.00329
MED00369,4,target_curve_mult,-0.00292
MED00370,4,target_curve_mult,-0.00502
MED00371,4,target_curve_mult,-0.00445
MED00372,4,target_curve_mult,0.00118
MED00373,4,target_curve_mult,0.00148
MED00374,4,target_curve_mult,-0.002
MED00375,4,target_curve_mult,0.00246
MED00376,4,target_curve_mult,-0.00124
MED00377,4,target_curve_mult,0.00295
MED00378,4,target_curve_mult,0.00124
MED00379,4,target_curve_mult,-0.02332
MED00380,4,target_curve_mult,-0.00412
MED00381,4,target_curve_mult,-0.00493
MED00382,4,target_curve_mult,-0.00081
MED00383,4,target_curve_mult,0.00752
MED00384,4,target_curve_mult,0.00261
MED00385,4,target_curve_mult,-0.00178
MED00386,4,target_curve_mult,-0.00236
MED00387,4,target_curve_mult,0.00334
MED00388,4,target_curve_mult,-0.05845
MED00389,4,target_curve_mult,-0.00264
MED00390,4,target_curve_mult,-0.00242
MED00391,4,target_curve_mult,-0.0038
MED00392,4,target_curve_mult,-0.00359
MED00393,4,target_curve_mult,-0.00562
MED00394,4,target_curve_mult,-0.00147
MED00395,4,target_curve_mult,-0.00448
MED00396,4,target_curve_mult,-0.00376
MED00397,4,target_curve_mult,-0.00339
MED00398,4,target_curve_mult,0.00066
MED00399,4,target_curve_mult,-0.00288
MED00400,4,target_curve_mult,-0.00926
MED00401,4,target_curve_mult,0.00398
MED00402,4,target_curve_mult,0.00196
MED00403,4,target_curve_mult,-0.00145
MED00404,4,target_curve_mult,-0.0022
MED00405,4,target_curve_mult,-0.00116
MED00406,4,target_curve_mult,-0.00076
MED00408,4,target_curve_mult,0.00784
MED00409,4,target_curve_mult,-0.00485
MED00410,4,target_curve_mult,-0.00581
MED00411,4,target_curve_mult,-0.00453
MED00412,4,target_curve_mult,-0.00045
MED00413,4,target_curve_mult,-0.00121
MED00414,4,target_curve_mult,-0.00598
MED00415,4,target_curve_mult,-0.00336
MED00416,4,target_curve_mult,-0.00063
MED00417,4,target_curve_mult,0.00483
MED00418,4,target_curve_mult,-0.00133
MED00419,4,target_curve_mult,0.00508
MED00420,4,target_curve_mult,-0.00486
MED00421,4,target_curve_mult,-0.00485
MED00422,4,target_curve_mult,-0.00195
MED00423,4,target_curve_mult,-0.00235
MED00424,4,target_curve_mult,-0.0636
MED00001,5,target_curve_mult,-0.00242
MED00002,5,target_curve_mult,0.00587
MED00003,5,target_curve_mult,0.00224
MED00004,5,target_curve_mult,-0.00937
MED00005,5,target_curve_mult,-0.00772
MED00006,5,target_curve_mult,0.00336
MED00007,5,target_curve_mult,0.00665
MED00008,5,target_curve_mult,-0.0011
MED00009,5,target_curve_mult,0.0016
MED00010,5,target_curve_mult,-0.00027
MED00011,5,target_curve_mult,-0.01501
MED00012,5,target_curve_mult,-0.00095
MED00013,5,target_curve_mult,0.0045
MED00014,5,target_curve_mult,0.00129
MED00015,5,target_curve_mult,0.00422
MED00016,5,target_curve_mult,0.00286
MED00017,5,target_curve_mult,-0.00046
MED00018,5,target_curve_mult,-0.03948
MED00019,5,target_curve_mult,-0.002
MED00020,5,target_curve_mult,0.00091
MED00021,5,target_curve_mult,-0.00379
MED00022,5,target_curve_mult,0.00039
MED00023,5,target_curve_mult,-0.00071
MED00024,5,target_curve_mult,-0.00133
MED00025,5,target_curve_mult,-0.00339
MED00026,5,target_curve_mult,-0.00084
MED00027,5,target_curve_mult,-0.00125
MED00028,5,target_curve_mult,0.00559
MED00029,5,target_curve_mult,-0.00244
MED00030,5,target_curve_mult,0.00884
MED00031,5,target_curve_mult,0.00638
MED00032,5,target_curve_mult,0.00019
MED00033,5,target_curve_mult,-0.0076
MED00034,5,target_curve_mult,-0.00988
MED00035,5,target_curve_mult,0.01322
MED00036,5,target_curve_mult,-0.00395
MED00037,5,target_curve_mult,0.00199
MED00038,5,target_curve_mult,0.00056
MED00039,5,target_curve_mult,0.0086
MED00040,5,target_curve_mult,-0.0016
MED00041,5,target_curve_mult,-0.00105
MED00042,5,target_curve_mult,-0.00476
MED00043,5,target_curve_mult,0.00286
MED00044,5,target_curve_mult,0.00079
MED00045,5,target_curve_mult,-0.00958
MED00046,5,target_curve_mult,-0.00236
MED00047,5,target_curve_mult,0.0059
MED00048,5,target_curve_mult,-0.001
MED00049,5,target_curve_mult,0.00227
MED00050,5,target_curve_mult,-0.00253
MED00051,5,target_curve_mult,-0.00426
MED00052,5,target_curve_mult,-0.00052
MED00053,5,target_curve_mult,-0.00194
MED00054,5,target_curve_mult,-0.00093
MED00055,5,target_curve_mult,0.00223
MED00056,5,target_curve_mult,0.00086
MED00057,5,target_curve_mult,0.00802
MED00058,5,target_curve_mult,0.00411
MED00059,5,target_curve_mult,0.00017
MED00060,5,target_curve_mult,-0.00491
MED00061,5,target_curve_mult,-0.00121
MED00062,5,target_curve_mult,-0.00719
MED00063,5,target_curve_mult,0.00318
MED00064,5,target_curve_mult,-0.00291
MED00065,5,target_curve_mult,-0.00178
MED00066,5,target_curve_mult,0.00412
MED00067,5,target_curve_mult,0.00345
MED00068,5,target_curve_mult,0.00069
MED00069,5,target_curve_mult,-0.00404
MED00071,5,target_curve_mult,0.00029
MED00072,5,target_curve_mult,0.00029
MED00073,5,target_curve_mult,-0.00326
MED00074,5,target_curve_mult,-0.00023
MED00075,5,target_curve_mult,-0.00346
MED00076,5,target_curve_mult,0.00035
MED00077,5,target_curve_mult,-0.00212
MED00078,5,target_curve_mult,0.00743
MED00079,5,target_curve_mult,-0.00529
MED00080,5,target_curve_mult,-0.0024
MED00081,5,target_curve_mult,-0.00363
MED00082,5,target_curve_mult,-0.00184
MED00083,5,target_curve_mult,0.00012
MED00084,5,target_curve_mult,-0.00105
MED00085,5,target_curve_mult,0.00316
MED00086,5,target_curve_mult,0.02712
MED00087,5,target_curve_mult,0.00306
MED00088,5,target_curve_mult,0.00106
MED00089,5,target_curve_mult,0.00322
MED00090,5,target_curve_mult,0.0023
MED00092,5,target_curve_mult,0.00031
MED00093,5,target_curve_mult,0.00122
MED00094,5,target_curve_mult,-0.00098
MED00095,5,target_curve_mult,0.00389
MED00096,5,target_curve_mult,-0.00143
MED00097,5,target_curve_mult,-0.00247
MED00098,5,target_curve_mult,-0.00173
MED00099,5,target_curve_mult,-0.00129
MED00100,5,target_curve_mult,0.00278
MED00101,5,target_curve_mult,0.00121
MED00102,5,target_curve_mult,0.00684
MED00103,5,target_curve_mult,-0.00033
MED00104,5,target_curve_mult,0.00092
MED00105,5,target_curve_mult,-0.00208
MED00106,5,target_curve_mult,0.00171
MED00107,5,target_curve_mult,0.00554
MED00108,5,target_curve_mult,0.00324
MED00109,5,target_curve_mult,-0.00111
MED00110,5,target_curve_mult,-0.00604
MED00111,5,target_curve_mult,0.0036
MED00112,5,target_curve_mult,-0.00064
MED00113,5,target_curve_mult,-0.00127
MED00114,5,target_curve_mult,0.00018
MED00115,5,target_curve_mult,0.00274
MED00116,5,target_curve_mult,-0.0009
MED00117,5,target_curve_mult,0.00363
MED00118,5,target_curve_mult,0.00185
MED00119,5,target_curve_mult,0.00312
MED00120,5,target_curve_mult,-0.00881
MED00121,5,target_curve_mult,-0.00014
MED00122,5,target_curve_mult,0.00127
MED00123,5,target_curve_mult,-0.00315
MED00124,5,target_curve_mult,0.00547
MED00125,5,target_curve_mult,0.00155
MED00126,5,target_curve_mult,-0.00667
MED00127,5,target_curve_mult,-0.00504
MED00128,5,target_curve_mult,-0.00049
MED00129,5,target_curve_mult,-0.00099
MED00130,5,target_curve_mult,0.00123
MED00131,5,target_curve_mult,-0.00062
MED00132,5,target_curve_mult,-0.00148
MED00133,5,target_curve_mult,0.0022
MED00134,5,target_curve_mult,-0.00407
MED00135,5,target_curve_mult,-0.00494
MED00136,5,target_curve_mult,0.00081
MED00137,5,target_curve_mult,-0.00076
MED00138,5,target_curve_mult,-0.00139
MED00139,5,target_curve_mult,-0.00011
MED00140,5,target_curve_mult,-0.00202
MED00141,5,target_curve_mult,-0.00437
MED00142,5,target_curve_mult,0.0068
MED00143,5,target_curve_mult,-0.00071
MED00144,5,target_curve_mult,-0.00137
MED00145,5,target_curve_mult,0.00121
MED00146,5,target_curve_mult,0.00037
MED00147,5,target_curve_mult,-0.00295
MED00148,5,target_curve_mult,-0.00204
MED00149,5,target_curve_mult,0.00581
MED00150,5,target_curve_mult,-0.0013
MED00151,5,target_curve_mult,0.00313
MED00152,5,target_curve_mult,0.00535
MED00153,5,target_curve_mult,0.00249
MED00155,5,target_curve_mult,0.00357
MED00156,5,target_curve_mult,0.00154
MED00157,5,target_curve_mult,0.00248
MED00158,5,target_curve_mult,-0.0015
MED00159,5,target_curve_mult,0.00142
MED00160,5,target_curve_mult,0.00588
MED00161,5,target_curve_mult,0.00165
MED00162,5,target_curve_mult,0.00314
MED00163,5,target_curve_mult,0.00662
MED00164,5,target_curve_mult,-0.00055
MED00165,5,target_curve_mult,0.00287
MED00166,5,target_curve_mult,0.00343
MED00167,5,target_curve_mult,0.00268
MED00168,5,target_curve_mult,-0.00248
MED00169,5,target_curve_mult,-0.00065
MED00170,5,target_curve_mult,0.00227
MED00171,5,target_curve_mult,0.00452
MED00172,5,target_curve_mult,-0.00035
MED00173,5,target_curve_mult,-0.00148
MED00174,5,target_curve_mult,0.00018
MED00175,5,target_curve_mult,0.01592
MED00176,5,target_curve_mult,0.00037
MED00177,5,target_curve_mult,-0.00388
MED00178,5,target_curve_mult,0.00304
MED00179,5,target_curve_mult,0.00328
MED00180,5,target_curve_mult,-0.00271
MED00181,5,target_curve_mult,0.00635
MED00182,5,target_curve_mult,-0.00145
MED00183,5,target_curve_mult,-0.01715
MED00184,5,target_curve_mult,0.00521
MED00185,5,target_curve_mult,-0.00096
MED00186,5,target_curve_mult,0.00492
MED00187,5,target_curve_mult,0.00051
MED00188,5,target_curve_mult,0.0009
MED00189,5,target_curve_mult,-0.00124
MED00190,5,target_curve_mult,0.00321
MED00191,5,target_curve_mult,0.00288
MED00192,5,target_curve_mult,-0.00392
MED00193,5,target_curve_mult,0.00604
MED00194,5,target_curve_mult,0.00203
MED00195,5,target_curve_mult,0.00416
MED00196,5,target_curve_mult,0.00306
MED00197,5,target_curve_mult,0.0016
MED00198,5,target_curve_mult,0.00469
MED00199,5,target_curve_mult,-0.00191
MED00200,5,target_curve_mult,-0.00094
MED00201,5,target_curve_mult,-0.00202
MED00202,5,target_curve_mult,0.00143
MED00203,5,target_curve_mult,-0.0015
MED00204,5,target_curve_mult,-0.00049
MED00205,5,target_curve_mult,-0.00206
MED00206,5,target_curve_mult,-0.00173
MED00207,5,target_curve_mult,-0.00084
MED00208,5,target_curve_mult,-0.00102
MED00209,5,target_curve_mult,-0.00015
MED00210,5,target_curve_mult,0.00766
MED00211,5,target_curve_mult,-0.00228
MED00212,5,target_curve_mult,-0.00496
MED00213,5,target_curve_mult,-0.01327
MED00214,5,target_curve_mult,0.00301
MED00216,5,target_curve_mult,0.0044
MED00218,5,target_curve_mult,0.00528
MED00219,5,target_curve_mult,-0.00701
MED00220,5,target_curve_mult,0.00351
MED00221,5,target_curve_mult,-0.00428
MED00222,5,target_curve_mult,0.0012
MED00223,5,target_curve_mult,0.00484
MED00224,5,target_curve_mult,-0.00173
MED00225,5,target_curve_mult,-0.00273
MED00226,5,target_curve_mult,-0.00271
MED00227,5,target_curve_mult,-0.00171
MED00228,5,target_curve_mult,-0.00498
MED00229,5,target_curve_mult,-0.00816
MED00230,5,target_curve_mult,-0.00213
MED00231,5,target_curve_mult,-0.0006
MED00232,5,target_curve_mult,-0.00331
MED00233,5,target_curve_mult,0.00271
MED00234,5,target_curve_mult,0.003
MED00235,5,target_curve_mult,0.00412
MED00236,5,target_curve_mult,-0.0012
MED00237,5,target_curve_mult,-0.00231
MED00238,5,target_curve_mult,0.00046
MED00239,5,target_curve_mult,-0.00038
MED00240,5,target_curve_mult,-0.00129
MED00241,5,target_curve_mult,0.00398
MED00242,5,target_curve_mult,0.0004
MED00243,5,target_curve_mult,-0.00304
MED00244,5,target_curve_mult,0.00576
MED00245,5,target_curve_mult,-0.00087
MED00246,5,target_curve_mult,0.00033
MED00247,5,target_curve_mult,0.00242
MED00248,5,target_curve_mult,-0.00361
MED00249,5,target_curve_mult,-0.01957
MED00250,5,target_curve_mult,0.00277
MED00251,5,target_curve_mult,0.00416
MED00252,5,target_curve_mult,0.02438
MED00253,5,target_curve_mult,0.00599
MED00254,5,target_curve_mult,0.02332
MED00256,5,target_curve_mult,0.00239
MED00257,5,target_curve_mult,0.00076
MED00258,5,target_curve_mult,-0.00011
MED00259,5,target_curve_mult,0.00162
MED00260,5,target_curve_mult,-0.0012
MED00261,5,target_curve_mult,-0.00386
MED00262,5,target_curve_mult,0.00068
MED00263,5,target_curve_mult,0.00564
MED00264,5,target_curve_mult,-0.00262
MED00265,5,target_curve_mult,0.00592
MED00266,5,target_curve_mult,-0.00705
MED00267,5,target_curve_mult,-0.00364
MED00268,5,target_curve_mult,0.00048
MED00269,5,target_curve_mult,0.00473
MED00270,5,target_curve_mult,0.00403
MED00271,5,target_curve_mult,0.0023
MED00272,5,target_curve_mult,-0.0016
MED00273,5,target_curve_mult,0.00547
MED00274,5,target_curve_mult,-0.00143
MED00275,5,target_curve_mult,-0.00197
MED00276,5,target_curve_mult,0.0037
MED00277,5,target_curve_mult,-0.00124
MED00278,5,target_curve_mult,0.00414
MED00279,5,target_curve_mult,0.00369
MED00280,5,target_curve_mult,0.00119
MED00281,5,target_curve_mult,0.00251
MED00282,5,target_curve_mult,-0.00472
MED00283,5,target_curve_mult,-0.00057
MED00284,5,target_curve_mult,1e-04
MED00285,5,target_curve_mult,0.00632
MED00286,5,target_curve_mult,0.00147
MED00287,5,target_curve_mult,0.00287
MED00288,5,target_curve_mult,-0.00217
MED00289,5,target_curve_mult,-0.00306
MED00290,5,target_curve_mult,-0.00106
MED00291,5,target_curve_mult,0.00013
MED00292,5,target_curve_mult,-0.00119
MED00293,5,target_curve_mult,-0.00488
MED00294,5,target_curve_mult,-0.00157
MED00295,5,target_curve_mult,0.01041
MED00296,5,target_curve_mult,-0.00122
MED00297,5,target_curve_mult,0.00193
MED00298,5,target_curve_mult,-0.00049
MED00299,5,target_curve_mult,-0.00115
MED00300,5,target_curve_mult,-0.00437
MED00301,5,target_curve_mult,-0.00176
MED00302,5,target_curve_mult,0.00119
MED00303,5,target_curve_mult,-0.00186
MED00304,5,target_curve_mult,-0.00501
MED00305,5,target_curve_mult,0.00377
MED00306,5,target_curve_mult,0.00574
MED00307,5,target_curve_mult,0.00186
MED00308,5,target_curve_mult,0.00041
MED00309,5,target_curve_mult,-0.00118
MED00310,5,target_curve_mult,-0.00471
MED00311,5,target_curve_mult,-0.00548
MED00312,5,target_curve_mult,-0.0012
MED00313,5,target_curve_mult,-0.00942
MED00314,5,target_curve_mult,-0.0077
MED00315,5,target_curve_mult,0.00297
MED00316,5,target_curve_mult,0.00047
MED00317,5,target_curve_mult,0.00032
MED00318,5,target_curve_mult,-0.00055
MED00319,5,target_curve_mult,0.00362
MED00320,5,target_curve_mult,-0.00467
MED00321,5,target_curve_mult,-0.01651
MED00322,5,target_curve_mult,-0.00198
MED00323,5,target_curve_mult,-0.00264
MED00324,5,target_curve_mult,-0.0033
MED00325,5,target_curve_mult,0.00409
MED00326,5,target_curve_mult,0.00448
MED00327,5,target_curve_mult,-0.00063
MED00328,5,target_curve_mult,-0.0004
MED00329,5,target_curve_mult,0.00453
MED00330,5,target_curve_mult,-0.00075
MED00331,5,target_curve_mult,0.00277
MED00332,5,target_curve_mult,0.00264
MED00333,5,target_curve_mult,0.00708
MED00334,5,target_curve_mult,-0.00036
MED00335,5,target_curve_mult,-0.00126
MED00336,5,target_curve_mult,0.00291
MED00337,5,target_curve_mult,0.00282
MED00338,5,target_curve_mult,-0.00298
MED00339,5,target_curve_mult,-0.00046
MED00340,5,target_curve_mult,0.01647
MED00341,5,target_curve_mult,-0.00647
MED00342,5,target_curve_mult,0.00481
MED00343,5,target_curve_mult,0.00041
MED00345,5,target_curve_mult,0.00255
MED00346,5,target_curve_mult,0.00195
MED00347,5,target_curve_mult,0.00137
MED00348,5,target_curve_mult,0.0015
MED00350,5,target_curve_mult,-0.01129
MED00351,5,target_curve_mult,-0.00497
MED00352,5,target_curve_mult,-0.00368
MED00353,5,target_curve_mult,-0.0147
MED00354,5,target_curve_mult,-0.00968
MED00356,5,target_curve_mult,0.00299
MED00357,5,target_curve_mult,0.0014
MED00358,5,target_curve_mult,-0.00534
MED00359,5,target_curve_mult,0.0044
MED00360,5,target_curve_mult,-0.00671
MED00361,5,target_curve_mult,0.002
MED00362,5,target_curve_mult,-0.00053
MED00363,5,target_curve_mult,0.00115
MED00364,5,target_curve_mult,0.00154
MED00365,5,target_curve_mult,0.00351
MED00366,5,target_curve_mult,0.00223
MED00367,5,target_curve_mult,0.00077
MED00368,5,target_curve_mult,0.00404
MED00369,5,target_curve_mult,0.00216
MED00370,5,target_curve_mult,-0.00344
MED00371,5,target_curve_mult,-0.004
MED00372,5,target_curve_mult,0.0022
MED00373,5,target_curve_mult,0.00256
MED00374,5,target_curve_mult,-0.00047
MED00375,5,target_curve_mult,0.00284
MED00376,5,target_curve_mult,-0.00092
MED00377,5,target_curve_mult,0.00181
MED00378,5,target_curve_mult,0.00153
MED00379,5,target_curve_mult,-0.02289
MED00380,5,target_curve_mult,-0.00423
MED00381,5,target_curve_mult,-0.00519
MED00382,5,target_curve_mult,-0.00027
MED00383,5,target_curve_mult,0.00656
MED00384,5,target_curve_mult,0.0027
MED00385,5,target_curve_mult,-0.00023
MED00386,5,target_curve_mult,-0.00074
MED00387,5,target_curve_mult,0.00291
MED00388,5,target_curve_mult,-0.00315
MED00389,5,target_curve_mult,0.00043
MED00390,5,target_curve_mult,0.00182
MED00391,5,target_curve_mult,-0.00612
MED00392,5,target_curve_mult,-0.00273
MED00393,5,target_curve_mult,-0.00554
MED00394,5,target_curve_mult,0.00054
MED00395,5,target_curve_mult,-0.00609
MED00396,5,target_curve_mult,-0.00288
MED00397,5,target_curve_mult,-0.00154
MED00398,5,target_curve_mult,0.00018
MED00399,5,target_curve_mult,-0.00336
MED00400,5,target_curve_mult,-0.00917
MED00401,5,target_curve_mult,-0.00349
MED00402,5,target_curve_mult,-0.00858
MED00403,5,target_curve_mult,-0.00065
MED00404,5,target_curve_mult,-0.00187
MED00405,5,target_curve_mult,-0.00086
MED00407,5,target_curve_mult,-0.00627
MED00408,5,target_curve_mult,-0.00265
MED00409,5,target_curve_mult,-0.00676
MED00410,5,target_curve_mult,-0.00243
MED00411,5,target_curve_mult,-0.00985
MED00412,5,target_curve_mult,-0.00228
MED00413,5,target_curve_mult,-0.00131
MED00414,5,target_curve_mult,-0.00645
MED00415,5,target_curve_mult,-0.00117
MED00416,5,target_curve_mult,-0.00258
MED00417,5,target_curve_mult,-0.00047
MED00418,5,target_curve_mult,0.00057
MED00419,5,target_curve_mult,0.00235
MED00420,5,target_curve_mult,-0.01024
MED00421,5,target_curve_mult,-0.0055
MED00422,5,target_curve_mult,-0.00155
MED00423,5,target_curve_mult,-0.00104
MED00424,5,target_curve_mult,-0.06292
MED00001,6,target_curve_mult,-0.00242
MED00002,6,target_curve_mult,0.00569
MED00003,6,target_curve_mult,0.00231
MED00004,6,target_curve_mult,-0.00923
MED00005,6,target_curve_mult,-0.00767
MED00006,6,target_curve_mult,0.00335
MED00007,6,target_curve_mult,0.00668
MED00008,6,target_curve_mult,-0.00113
MED00009,6,target_curve_mult,0.00052
MED00011,6,target_curve_mult,-0.01559
MED00012,6,target_curve_mult,-0.00093
MED00013,6,target_curve_mult,0.00257
MED00014,6,target_curve_mult,0.00148
MED00015,6,target_curve_mult,0.00426
MED00016,6,target_curve_mult,0.00293
MED00017,6,target_curve_mult,-0.00058
MED00018,6,target_curve_mult,-0.03954
MED00019,6,target_curve_mult,-0.00219
MED00020,6,target_curve_mult,0.00094
MED00021,6,target_curve_mult,-0.00373
MED00022,6,target_curve_mult,0.0007
MED00023,6,target_curve_mult,-0.00214
MED00024,6,target_curve_mult,-0.00051
MED00025,6,target_curve_mult,-0.00291
MED00026,6,target_curve_mult,-0.00168
MED00027,6,target_curve_mult,-0.00107
MED00028,6,target_curve_mult,0.00561
MED00029,6,target_curve_mult,-0.00191
MED00030,6,target_curve_mult,0.00892
MED00031,6,target_curve_mult,0.00332
MED00032,6,target_curve_mult,-0.003
MED00033,6,target_curve_mult,-0.00745
MED00034,6,target_curve_mult,-0.01005
MED00035,6,target_curve_mult,0.00804
MED00036,6,target_curve_mult,-0.00387
MED00037,6,target_curve_mult,0.0015
MED00038,6,target_curve_mult,0.00075
MED00039,6,target_curve_mult,0.0085
MED00040,6,target_curve_mult,-0.00161
MED00041,6,target_curve_mult,-0.0011
MED00042,6,target_curve_mult,-0.0049
MED00043,6,target_curve_mult,0.00285
MED00044,6,target_curve_mult,-0.00238
MED00045,6,target_curve_mult,-0.00958
MED00046,6,target_curve_mult,-0.00195
MED00047,6,target_curve_mult,0.00591
MED00048,6,target_curve_mult,0.00113
MED00049,6,target_curve_mult,0.00179
MED00050,6,target_curve_mult,-0.00284
MED00051,6,target_curve_mult,-0.00419
MED00052,6,target_curve_mult,-0.00121
MED00053,6,target_curve_mult,-0.00211
MED00054,6,target_curve_mult,-0.00609
MED00055,6,target_curve_mult,0.00204
MED00056,6,target_curve_mult,0.00085
MED00057,6,target_curve_mult,0.00818
MED00058,6,target_curve_mult,0.00394
MED00059,6,target_curve_mult,-0.00018
MED00060,6,target_curve_mult,-0.00469
MED00061,6,target_curve_mult,-0.00119
MED00062,6,target_curve_mult,-0.00717
MED00063,6,target_curve_mult,0.00294
MED00064,6,target_curve_mult,-0.00463
MED00065,6,target_curve_mult,-0.0017
MED00066,6,target_curve_mult,0.00419
MED00067,6,target_curve_mult,0.00277
MED00068,6,target_curve_mult,0.0007
MED00069,6,target_curve_mult,-0.00409
MED00071,6,target_curve_mult,0.00055
MED00072,6,target_curve_mult,0.0007
MED00073,6,target_curve_mult,-0.00283
MED00074,6,target_curve_mult,-0.00035
MED00075,6,target_curve_mult,-0.00307
MED00076,6,target_curve_mult,0.00017
MED00077,6,target_curve_mult,-0.00549
MED00078,6,target_curve_mult,0.00414
MED00079,6,target_curve_mult,-0.00521
MED00080,6,target_curve_mult,-0.00208
MED00081,6,target_curve_mult,-0.00396
MED00082,6,target_curve_mult,-0.00163
MED00083,6,target_curve_mult,0.00048
MED00084,6,target_curve_mult,0.00111
MED00085,6,target_curve_mult,0.00304
MED00086,6,target_curve_mult,0.02657
MED00087,6,target_curve_mult,0.00308
MED00088,6,target_curve_mult,0.00582
MED00089,6,target_curve_mult,0.0035
MED00090,6,target_curve_mult,0.00194
MED00092,6,target_curve_mult,-0.00134
MED00093,6,target_curve_mult,0.00382
MED00094,6,target_curve_mult,0.00472
MED00095,6,target_curve_mult,0.0037
MED00096,6,target_curve_mult,-0.00146
MED00097,6,target_curve_mult,-0.00277
MED00098,6,target_curve_mult,-0.00175
MED00099,6,target_curve_mult,-0.00086
MED00100,6,target_curve_mult,0.00277
MED00101,6,target_curve_mult,0.00295
MED00102,6,target_curve_mult,0.0068
MED00103,6,target_curve_mult,-0.00031
MED00104,6,target_curve_mult,0.00097
MED00105,6,target_curve_mult,-0.0021
MED00106,6,target_curve_mult,0.00431
MED00107,6,target_curve_mult,0.00556
MED00108,6,target_curve_mult,0.00319
MED00109,6,target_curve_mult,-0.00109
MED00110,6,target_curve_mult,-0.00603
MED00111,6,target_curve_mult,0.00359
MED00112,6,target_curve_mult,-0.00063
MED00113,6,target_curve_mult,-0.00111
MED00114,6,target_curve_mult,0.00116
MED00115,6,target_curve_mult,0.00286
MED00116,6,target_curve_mult,-0.00121
MED00117,6,target_curve_mult,0.0051
MED00118,6,target_curve_mult,0.00188
MED00119,6,target_curve_mult,0.00028
MED00120,6,target_curve_mult,-0.00549
MED00121,6,target_curve_mult,-0.0002
MED00122,6,target_curve_mult,0.00118
MED00123,6,target_curve_mult,-0.00135
MED00124,6,target_curve_mult,0.00549
MED00125,6,target_curve_mult,0.00079
MED00126,6,target_curve_mult,-0.0063
MED00127,6,target_curve_mult,-0.00505
MED00128,6,target_curve_mult,-0.00046
MED00129,6,target_curve_mult,-0.00098
MED00130,6,target_curve_mult,0.00123
MED00131,6,target_curve_mult,0.00076
MED00132,6,target_curve_mult,-0.00182
MED00133,6,target_curve_mult,0.00222
MED00134,6,target_curve_mult,-0.00413
MED00135,6,target_curve_mult,-0.00502
MED00136,6,target_curve_mult,0.00085
MED00137,6,target_curve_mult,-0.00068
MED00138,6,target_curve_mult,-0.00158
MED00140,6,target_curve_mult,-0.00198
MED00141,6,target_curve_mult,-0.00446
MED00142,6,target_curve_mult,0.0065
MED00143,6,target_curve_mult,-0.00051
MED00144,6,target_curve_mult,-0.00103
MED00145,6,target_curve_mult,0.00127
MED00146,6,target_curve_mult,0.0004
MED00147,6,target_curve_mult,-0.00639
MED00148,6,target_curve_mult,-0.00548
MED00149,6,target_curve_mult,0.00582
MED00150,6,target_curve_mult,-0.00077
MED00151,6,target_curve_mult,0.00301
MED00152,6,target_curve_mult,0.00538
MED00153,6,target_curve_mult,-0.0011
MED00155,6,target_curve_mult,0.0036
MED00156,6,target_curve_mult,0.00212
MED00157,6,target_curve_mult,0.00247
MED00158,6,target_curve_mult,-0.00133
MED00159,6,target_curve_mult,0.00087
MED00160,6,target_curve_mult,0.00591
MED00161,6,target_curve_mult,0.00082
MED00162,6,target_curve_mult,0.00327
MED00163,6,target_curve_mult,0.00637
MED00164,6,target_curve_mult,-0.0014
MED00165,6,target_curve_mult,0.00097
MED00166,6,target_curve_mult,0.00345
MED00167,6,target_curve_mult,0.0027
MED00168,6,target_curve_mult,-0.0026
MED00169,6,target_curve_mult,0.00035
MED00170,6,target_curve_mult,0.00225
MED00171,6,target_curve_mult,0.00455
MED00172,6,target_curve_mult,-0.00254
MED00173,6,target_curve_mult,-0.00179
MED00175,6,target_curve_mult,0.01565
MED00176,6,target_curve_mult,0.00041
MED00177,6,target_curve_mult,-0.00228
MED00178,6,target_curve_mult,0.00308
MED00179,6,target_curve_mult,0.00167
MED00180,6,target_curve_mult,-0.00283
MED00181,6,target_curve_mult,0.00643
MED00183,6,target_curve_mult,-0.01717
MED00184,6,target_curve_mult,0.00545
MED00185,6,target_curve_mult,-0.00066
MED00186,6,target_curve_mult,0.00512
MED00187,6,target_curve_mult,-0.00068
MED00188,6,target_curve_mult,0.00224
MED00189,6,target_curve_mult,-0.00127
MED00190,6,target_curve_mult,0.00333
MED00191,6,target_curve_mult,0.00172
MED00192,6,target_curve_mult,-0.00383
MED00193,6,target_curve_mult,0.0058
MED00194,6,target_curve_mult,0.00457
MED00195,6,target_curve_mult,-0.00134
MED00196,6,target_curve_mult,0.00341
MED00197,6,target_curve_mult,0.00487
MED00198,6,target_curve_mult,0.00457
MED00199,6,target_curve_mult,0.00169
MED00200,6,target_curve_mult,-0.00066
MED00201,6,target_curve_mult,-0.00045
MED00202,6,target_curve_mult,0.00067
MED00203,6,target_curve_mult,0.00145
MED00204,6,target_curve_mult,-0.0004
MED00205,6,target_curve_mult,-0.00201
MED00206,6,target_curve_mult,-0.00322
MED00207,6,target_curve_mult,-0.0008
MED00208,6,target_curve_mult,-0.00099
MED00209,6,target_curve_mult,-0.00207
MED00210,6,target_curve_mult,0.00755
MED00211,6,target_curve_mult,-0.00229
MED00212,6,target_curve_mult,-0.00451
MED00213,6,target_curve_mult,-0.01235
MED00214,6,target_curve_mult,0.00323
MED00216,6,target_curve_mult,0.00416
MED00217,6,target_curve_mult,-0.00011
MED00218,6,target_curve_mult,0.00529
MED00219,6,target_curve_mult,-0.00708
MED00220,6,target_curve_mult,0.00158
MED00221,6,target_curve_mult,-0.00407
MED00222,6,target_curve_mult,0.00098
MED00223,6,target_curve_mult,0.00515
MED00224,6,target_curve_mult,-0.00025
MED00225,6,target_curve_mult,-0.00224
MED00226,6,target_curve_mult,-0.00598
MED00227,6,target_curve_mult,-0.00183
MED00228,6,target_curve_mult,-0.00413
MED00229,6,target_curve_mult,-0.00873
MED00230,6,target_curve_mult,-0.00217
MED00231,6,target_curve_mult,-0.00085
MED00232,6,target_curve_mult,-0.00329
MED00233,6,target_curve_mult,0.00349
MED00234,6,target_curve_mult,0.00303
MED00235,6,target_curve_mult,0.00433
MED00236,6,target_curve_mult,-0.00084
MED00237,6,target_curve_mult,0.00127
MED00238,6,target_curve_mult,0.00051
MED00240,6,target_curve_mult,-0.001
MED00241,6,target_curve_mult,0.00384
MED00242,6,target_curve_mult,0.00292
MED00243,6,target_curve_mult,-0.00277
MED00244,6,target_curve_mult,0.00448
MED00245,6,target_curve_mult,-0.00094
MED00246,6,target_curve_mult,0.00043
MED00247,6,target_curve_mult,0.00252
MED00248,6,target_curve_mult,-0.00346
MED00249,6,target_curve_mult,-0.01974
MED00250,6,target_curve_mult,-0.00394
MED00251,6,target_curve_mult,0.00432
MED00252,6,target_curve_mult,0.02418
MED00253,6,target_curve_mult,0.00609
MED00254,6,target_curve_mult,0.02314
MED00255,6,target_curve_mult,-0.00367
MED00256,6,target_curve_mult,0.00242
MED00257,6,target_curve_mult,0.00026
MED00258,6,target_curve_mult,0.00034
MED00259,6,target_curve_mult,0.00166
MED00260,6,target_curve_mult,-0.00096
MED00261,6,target_curve_mult,-0.00405
MED00262,6,target_curve_mult,0.00105
MED00263,6,target_curve_mult,0.0049
MED00264,6,target_curve_mult,-0.00253
MED00265,6,target_curve_mult,0.00598
MED00266,6,target_curve_mult,-0.00719
MED00267,6,target_curve_mult,-0.00363
MED00268,6,target_curve_mult,-0.00137
MED00269,6,target_curve_mult,0.0047
MED00270,6,target_curve_mult,0.00406
MED00271,6,target_curve_mult,-0.0012
MED00272,6,target_curve_mult,-0.00149
MED00273,6,target_curve_mult,0.00109
MED00274,6,target_curve_mult,-0.00311
MED00275,6,target_curve_mult,-0.0019
MED00276,6,target_curve_mult,0.00377
MED00277,6,target_curve_mult,-0.00125
MED00278,6,target_curve_mult,0.00421
MED00279,6,target_curve_mult,0.00508
MED00280,6,target_curve_mult,0.00124
MED00281,6,target_curve_mult,0.00174
MED00282,6,target_curve_mult,-0.00483
MED00283,6,target_curve_mult,-0.00059
MED00284,6,target_curve_mult,0.00082
MED00285,6,target_curve_mult,0.00631
MED00286,6,target_curve_mult,0.00157
MED00287,6,target_curve_mult,0.00278
MED00288,6,target_curve_mult,-0.00144
MED00289,6,target_curve_mult,-0.00366
MED00290,6,target_curve_mult,-0.00049
MED00291,6,target_curve_mult,0.00121
MED00292,6,target_curve_mult,-0.00136
MED00293,6,target_curve_mult,-0.00468
MED00294,6,target_curve_mult,-0.00157
MED00295,6,target_curve_mult,-0.00067
MED00296,6,target_curve_mult,-0.00115
MED00297,6,target_curve_mult,0.00194
MED00298,6,target_curve_mult,-0.0005
MED00299,6,target_curve_mult,-0.00167
MED00300,6,target_curve_mult,-0.00777
MED00301,6,target_curve_mult,-0.00168
MED00302,6,target_curve_mult,0.00142
MED00303,6,target_curve_mult,-0.00174
MED00304,6,target_curve_mult,-0.00494
MED00305,6,target_curve_mult,0.00382
MED00306,6,target_curve_mult,0.00565
MED00307,6,target_curve_mult,0.00191
MED00308,6,target_curve_mult,0.00031
MED00309,6,target_curve_mult,-0.00424
MED00310,6,target_curve_mult,-0.00478
MED00311,6,target_curve_mult,-0.00418
MED00312,6,target_curve_mult,0.00048
MED00313,6,target_curve_mult,-0.00948
MED00314,6,target_curve_mult,-0.00785
MED00315,6,target_curve_mult,0.00303
MED00316,6,target_curve_mult,0.00069
MED00317,6,target_curve_mult,0.00057
MED00318,6,target_curve_mult,-0.00382
MED00319,6,target_curve_mult,0.00365
MED00320,6,target_curve_mult,-0.00495
MED00321,6,target_curve_mult,-0.01651
MED00322,6,target_curve_mult,-0.00197
MED00323,6,target_curve_mult,-0.00253
MED00324,6,target_curve_mult,-0.00425
MED00325,6,target_curve_mult,0.00022
MED00326,6,target_curve_mult,0.00377
MED00327,6,target_curve_mult,-0.00063
MED00328,6,target_curve_mult,-0.00029
MED00329,6,target_curve_mult,0.00455
MED00330,6,target_curve_mult,-0.00128
MED00331,6,target_curve_mult,0.0028
MED00332,6,target_curve_mult,0.00269
MED00333,6,target_curve_mult,0.00377
MED00334,6,target_curve_mult,-0.00017
MED00335,6,target_curve_mult,-0.00081
MED00336,6,target_curve_mult,0.00463
MED00337,6,target_curve_mult,0.00303
MED00338,6,target_curve_mult,-0.00237
MED00339,6,target_curve_mult,-0.0016
MED00340,6,target_curve_mult,0.01613
MED00341,6,target_curve_mult,-0.00638
MED00342,6,target_curve_mult,0.00492
MED00343,6,target_curve_mult,-0.00125
MED00345,6,target_curve_mult,0.00232
MED00346,6,target_curve_mult,0.00206
MED00347,6,target_curve_mult,0.00137
MED00348,6,target_curve_mult,0.00021
MED00350,6,target_curve_mult,-0.01152
MED00351,6,target_curve_mult,-0.00481
MED00352,6,target_curve_mult,-0.00416
MED00353,6,target_curve_mult,-0.01415
MED00354,6,target_curve_mult,-0.00966
MED00355,6,target_curve_mult,0.00027
MED00356,6,target_curve_mult,0.00304
MED00357,6,target_curve_mult,0.00146
MED00358,6,target_curve_mult,-0.00521
MED00359,6,target_curve_mult,0.00442
MED00360,6,target_curve_mult,-0.00278
MED00361,6,target_curve_mult,0.00142
MED00362,6,target_curve_mult,-0.00052
MED00363,6,target_curve_mult,0.00167
MED00364,6,target_curve_mult,0.00156
MED00365,6,target_curve_mult,0.00364
MED00366,6,target_curve_mult,0.00161
MED00368,6,target_curve_mult,0.00406
MED00369,6,target_curve_mult,-0.00061
MED00370,6,target_curve_mult,-0.00353
MED00371,6,target_curve_mult,-0.00415
MED00372,6,target_curve_mult,0.00195
MED00373,6,target_curve_mult,0.00177
MED00374,6,target_curve_mult,0.00128
MED00375,6,target_curve_mult,0.00287
MED00376,6,target_curve_mult,-0.00093
MED00377,6,target_curve_mult,0.00207
MED00378,6,target_curve_mult,0.00319
MED00379,6,target_curve_mult,-0.02284
MED00380,6,target_curve_mult,-0.00374
MED00381,6,target_curve_mult,-0.00516
MED00382,6,target_curve_mult,-0.00294
MED00383,6,target_curve_mult,0.00672
MED00384,6,target_curve_mult,0.00273
MED00385,6,target_curve_mult,0.00268
MED00386,6,target_curve_mult,-0.00076
MED00387,6,target_curve_mult,0.00304
MED00388,6,target_curve_mult,-0.00329
MED00389,6,target_curve_mult,0.00074
MED00390,6,target_curve_mult,-0.00714
MED00391,6,target_curve_mult,-0.00601
MED00392,6,target_curve_mult,-0.00252
MED00393,6,target_curve_mult,-0.00554
MED00394,6,target_curve_mult,-0.00269
MED00395,6,target_curve_mult,-0.00599
MED00396,6,target_curve_mult,-0.00435
MED00397,6,target_curve_mult,-0.00131
MED00398,6,target_curve_mult,0.008
MED00399,6,target_curve_mult,-0.00344
MED00400,6,target_curve_mult,-0.00924
MED00401,6,target_curve_mult,-0.00349
MED00402,6,target_curve_mult,-0.00861
MED00403,6,target_curve_mult,-0.00094
MED00404,6,target_curve_mult,-0.0019
MED00405,6,target_curve_mult,-0.00077
MED00406,6,target_curve_mult,0.00018
MED00407,6,target_curve_mult,-0.00572
MED00408,6,target_curve_mult,-0.00585
MED00409,6,target_curve_mult,-0.00908
MED00410,6,target_curve_mult,-0.00515
MED00411,6,target_curve_mult,-0.00967
MED00412,6,target_curve_mult,-0.00208
MED00413,6,target_curve_mult,-0.00107
MED00414,6,target_curve_mult,-0.00628
MED00415,6,target_curve_mult,-0.00115
MED00416,6,target_curve_mult,-0.00749
MED00417,6,target_curve_mult,-0.00163
MED00418,6,target_curve_mult,0.00072
MED00419,6,target_curve_mult,-0.00102
MED00420,6,target_curve_mult,-0.01304
MED00421,6,target_curve_mult,-0.00879
MED00422,6,target_curve_mult,-0.00318
MED00423,6,target_curve_mult,-0.00175
MED00424,6,target_curve_mult,-0.06312
MED00001,7,target_curve_mult,-0.00249
MED00002,7,target_curve_mult,0.00515
MED00003,7,target_curve_mult,0.00223
MED00004,7,target_curve_mult,-0.00932
MED00005,7,target_curve_mult,-0.00754
MED00006,7,target_curve_mult,0.0035
MED00007,7,target_curve_mult,0.00681
MED00008,7,target_curve_mult,-0.00123
MED00009,7,target_curve_mult,0.00084
MED00011,7,target_curve_mult,-0.01559
MED00012,7,target_curve_mult,-0.00082
MED00013,7,target_curve_mult,0.0027
MED00014,7,target_curve_mult,0.0013
MED00015,7,target_curve_mult,0.00437
MED00016,7,target_curve_mult,0.0028
MED00018,7,target_curve_mult,-0.0395
MED00019,7,target_curve_mult,-0.00204
MED00020,7,target_curve_mult,0.00089
MED00021,7,target_curve_mult,-0.00375
MED00022,7,target_curve_mult,-0.00236
MED00023,7,target_curve_mult,-0.00333
MED00024,7,target_curve_mult,-0.00027
MED00025,7,target_curve_mult,-0.00118
MED00026,7,target_curve_mult,-0.0014
MED00027,7,target_curve_mult,0.00066
MED00028,7,target_curve_mult,0.00562
MED00029,7,target_curve_mult,0.01008
MED00030,7,target_curve_mult,0.00901
MED00031,7,target_curve_mult,0.00334
MED00032,7,target_curve_mult,-0.00269
MED00033,7,target_curve_mult,-0.00732
MED00034,7,target_curve_mult,-0.00997
MED00035,7,target_curve_mult,0.00551
MED00036,7,target_curve_mult,-0.0036
MED00037,7,target_curve_mult,0.00184
MED00038,7,target_curve_mult,-0.00238
MED00039,7,target_curve_mult,0.0085
MED00040,7,target_curve_mult,-0.00128
MED00041,7,target_curve_mult,0.00075
MED00042,7,target_curve_mult,-0.0049
MED00043,7,target_curve_mult,0.00287
MED00044,7,target_curve_mult,-0.00221
MED00045,7,target_curve_mult,-0.00958
MED00046,7,target_curve_mult,-0.00494
MED00047,7,target_curve_mult,0.00595
MED00048,7,target_curve_mult,-0.00021
MED00049,7,target_curve_mult,0.00088
MED00050,7,target_curve_mult,-0.00287
MED00051,7,target_curve_mult,-0.00423
MED00052,7,target_curve_mult,-0.00116
MED00053,7,target_curve_mult,-0.00495
MED00054,7,target_curve_mult,-0.00546
MED00055,7,target_curve_mult,0.00165
MED00056,7,target_curve_mult,0.00073
MED00057,7,target_curve_mult,0.01095
MED00058,7,target_curve_mult,0.00323
MED00059,7,target_curve_mult,-0.00024
MED00060,7,target_curve_mult,-0.00482
MED00061,7,target_curve_mult,-0.00116
MED00062,7,target_curve_mult,-0.00561
MED00063,7,target_curve_mult,0.00181
MED00064,7,target_curve_mult,-0.00478
MED00066,7,target_curve_mult,0.00423
MED00067,7,target_curve_mult,0.00288
MED00068,7,target_curve_mult,-0.00211
MED00069,7,target_curve_mult,-0.00291
MED00070,7,target_curve_mult,0.00259
MED00071,7,target_curve_mult,-0.00257
MED00072,7,target_curve_mult,-0.00262
MED00073,7,target_curve_mult,-0.00287
MED00075,7,target_curve_mult,-0.00311
MED00076,7,target_curve_mult,-0.00037
MED00077,7,target_curve_mult,-0.00543
MED00078,7,target_curve_mult,-0.00037
MED00079,7,target_curve_mult,-0.00519
MED00080,7,target_curve_mult,-0.00189
MED00081,7,target_curve_mult,-0.00371
MED00082,7,target_curve_mult,-0.00493
MED00083,7,target_curve_mult,-0.00278
MED00084,7,target_curve_mult,0.00372
MED00085,7,target_curve_mult,0.00234
MED00086,7,target_curve_mult,0.02654
MED00087,7,target_curve_mult,0.00298
MED00088,7,target_curve_mult,0.00285
MED00089,7,target_curve_mult,0.00289
MED00090,7,target_curve_mult,-0.00181
MED00091,7,target_curve_mult,0.00016
MED00092,7,target_curve_mult,-0.0015
MED00093,7,target_curve_mult,-0.00033
MED00094,7,target_curve_mult,0.00084
MED00095,7,target_curve_mult,0.00311
MED00096,7,target_curve_mult,-0.00487
MED00097,7,target_curve_mult,-0.00323
MED00098,7,target_curve_mult,-0.00175
MED00099,7,target_curve_mult,0.00086
MED00100,7,target_curve_mult,0.00205
MED00101,7,target_curve_mult,0.00307
MED00102,7,target_curve_mult,0.00675
MED00104,7,target_curve_mult,0.001
MED00105,7,target_curve_mult,-0.00215
MED00106,7,target_curve_mult,0.00433
MED00107,7,target_curve_mult,0.00562
MED00108,7,target_curve_mult,0.00269
MED00109,7,target_curve_mult,-0.00105
MED00110,7,target_curve_mult,-0.00599
MED00111,7,target_curve_mult,0.00363
MED00112,7,target_curve_mult,-0.0005
MED00113,7,target_curve_mult,-0.00103
MED00114,7,target_curve_mult,0.00116
MED00115,7,target_curve_mult,0.00278
MED00116,7,target_curve_mult,-0.00098
MED00117,7,target_curve_mult,0.00512
MED00118,7,target_curve_mult,0.00202
MED00119,7,target_curve_mult,0.0003
MED00120,7,target_curve_mult,-0.00538
MED00122,7,target_curve_mult,-0.00127
MED00123,7,target_curve_mult,-0.00126
MED00124,7,target_curve_mult,0.00552
MED00125,7,target_curve_mult,0.00083
MED00126,7,target_curve_mult,-0.0062
MED00127,7,target_curve_mult,-0.00499
MED00128,7,target_curve_mult,-0.00037
MED00129,7,target_curve_mult,-0.00111
MED00130,7,target_curve_mult,0.00384
MED00131,7,target_curve_mult,-0.00114
MED00132,7,target_curve_mult,-0.00295
MED00133,7,target_curve_mult,0.00224
MED00134,7,target_curve_mult,-0.00409
MED00135,7,target_curve_mult,-0.00497
MED00136,7,target_curve_mult,-0.00091
MED00137,7,target_curve_mult,-0.00071
MED00138,7,target_curve_mult,-0.00159
MED00140,7,target_curve_mult,-0.00191
MED00141,7,target_curve_mult,-0.00443
MED00142,7,target_curve_mult,0.00641
MED00143,7,target_curve_mult,-0.00076
MED00144,7,target_curve_mult,-0.00111
MED00145,7,target_curve_mult,0.00124
MED00146,7,target_curve_mult,0.00043
MED00147,7,target_curve_mult,-0.00601
MED00148,7,target_curve_mult,-0.0053
MED00149,7,target_curve_mult,0.00523
MED00150,7,target_curve_mult,-0.00355
MED00151,7,target_curve_mult,0.00107
MED00152,7,target_curve_mult,0.0054
MED00153,7,target_curve_mult,-0.00097
MED00154,7,target_curve_mult,-0.00171
MED00155,7,target_curve_mult,0.00361
MED00156,7,target_curve_mult,-0.00119
MED00157,7,target_curve_mult,0.00251
MED00158,7,target_curve_mult,0.00041
MED00159,7,target_curve_mult,0.00081
MED00160,7,target_curve_mult,0.00605
MED00161,7,target_curve_mult,-0.0016
MED00162,7,target_curve_mult,0.00345
MED00163,7,target_curve_mult,0.00583
MED00164,7,target_curve_mult,-0.00431
MED00165,7,target_curve_mult,0.0078
MED00166,7,target_curve_mult,0.00363
MED00167,7,target_curve_mult,0.00268
MED00168,7,target_curve_mult,-0.0026
MED00169,7,target_curve_mult,0.00034
MED00170,7,target_curve_mult,0.00235
MED00171,7,target_curve_mult,0.00457
MED00172,7,target_curve_mult,-0.00168
MED00173,7,target_curve_mult,-0.00178
MED00175,7,target_curve_mult,0.01403
MED00176,7,target_curve_mult,0.00036
MED00177,7,target_curve_mult,-0.00164
MED00178,7,target_curve_mult,0.00368
MED00179,7,target_curve_mult,0.00089
MED00180,7,target_curve_mult,-0.0027
MED00181,7,target_curve_mult,0.00668
MED00182,7,target_curve_mult,0.00126
MED00183,7,target_curve_mult,-0.01717
MED00184,7,target_curve_mult,0.00545
MED00185,7,target_curve_mult,-0.00392
MED00186,7,target_curve_mult,0.00516
MED00187,7,target_curve_mult,-0.00047
MED00188,7,target_curve_mult,0.0029
MED00189,7,target_curve_mult,-0.00129
MED00190,7,target_curve_mult,0.00333
MED00191,7,target_curve_mult,0.00177
MED00192,7,target_curve_mult,-0.00386
MED00193,7,target_curve_mult,0.00516
MED00194,7,target_curve_mult,-0.00029
MED00195,7,target_curve_mult,0.00864
MED00196,7,target_curve_mult,0.00401
MED00197,7,target_curve_mult,0.00037
MED00198,7,target_curve_mult,0.00457
MED00199,7,target_curve_mult,-0.00046
MED00200,7,target_curve_mult,-0.0019
MED00201,7,target_curve_mult,-0.00348
MED00202,7,target_curve_mult,-0.00098
MED00203,7,target_curve_mult,0.00054
MED00204,7,target_curve_mult,-0.00016
MED00205,7,target_curve_mult,-0.00209
MED00206,7,target_curve_mult,-0.0044
MED00207,7,target_curve_mult,-0.00078
MED00208,7,target_curve_mult,-0.00087
MED00209,7,target_curve_mult,-0.00308
MED00210,7,target_curve_mult,0.00301
MED00211,7,target_curve_mult,-0.00229
MED00212,7,target_curve_mult,-0.00482
MED00213,7,target_curve_mult,-0.01236
MED00214,7,target_curve_mult,0.0032
MED00215,7,target_curve_mult,0.00098
MED00216,7,target_curve_mult,0.00305
MED00217,7,target_curve_mult,-0.00063
MED00218,7,target_curve_mult,0.00544
MED00219,7,target_curve_mult,-0.00402
MED00220,7,target_curve_mult,0.00087
MED00221,7,target_curve_mult,-0.00413
MED00222,7,target_curve_mult,0.00053
MED00223,7,target_curve_mult,0.00515
MED00224,7,target_curve_mult,-0.00024
MED00225,7,target_curve_mult,-0.00228
MED00226,7,target_curve_mult,-0.00586
MED00227,7,target_curve_mult,-0.00168
MED00228,7,target_curve_mult,0.00142
MED00229,7,target_curve_mult,-0.00877
MED00230,7,target_curve_mult,-0.00246
MED00231,7,target_curve_mult,-0.00077
MED00232,7,target_curve_mult,-0.00213
MED00233,7,target_curve_mult,0.0035
MED00234,7,target_curve_mult,0.0028
MED00235,7,target_curve_mult,0.00435
MED00236,7,target_curve_mult,-0.00082
MED00237,7,target_curve_mult,0.00113
MED00238,7,target_curve_mult,0.00281
MED00239,7,target_curve_mult,-0.00132
MED00240,7,target_curve_mult,-0.00421
MED00241,7,target_curve_mult,0.00202
MED00243,7,target_curve_mult,-0.00347
MED00244,7,target_curve_mult,0.00455
MED00245,7,target_curve_mult,-0.00099
MED00246,7,target_curve_mult,-0.00094
MED00247,7,target_curve_mult,0.00265
MED00248,7,target_curve_mult,-0.00338
MED00249,7,target_curve_mult,-0.01965
MED00250,7,target_curve_mult,-0.00376
MED00251,7,target_curve_mult,0.00433
MED00252,7,target_curve_mult,0.02416
MED00253,7,target_curve_mult,0.00626
MED00254,7,target_curve_mult,0.02352
MED00255,7,target_curve_mult,-0.00646
MED00256,7,target_curve_mult,0.00243
MED00257,7,target_curve_mult,0.00066
MED00258,7,target_curve_mult,-0.00058
MED00259,7,target_curve_mult,0.00155
MED00260,7,target_curve_mult,-0.00901
MED00261,7,target_curve_mult,-0.00383
MED00262,7,target_curve_mult,-0.00186
MED00263,7,target_curve_mult,0.00521
MED00264,7,target_curve_mult,-0.00249
MED00265,7,target_curve_mult,0.00604
MED00266,7,target_curve_mult,-0.00719
MED00267,7,target_curve_mult,-0.00367
MED00268,7,target_curve_mult,-0.00075
MED00269,7,target_curve_mult,0.00482
MED00270,7,target_curve_mult,0.00421
MED00271,7,target_curve_mult,-0.00202
MED00272,7,target_curve_mult,-0.00499
MED00273,7,target_curve_mult,-0.00108
MED00274,7,target_curve_mult,-0.00345
MED00275,7,target_curve_mult,-0.00203
MED00276,7,target_curve_mult,0.00378
MED00277,7,target_curve_mult,-0.00129
MED00278,7,target_curve_mult,0.00431
MED00279,7,target_curve_mult,0.00506
MED00280,7,target_curve_mult,0.00086
MED00281,7,target_curve_mult,-0.00115
MED00282,7,target_curve_mult,-0.00469
MED00283,7,target_curve_mult,-0.00068
MED00284,7,target_curve_mult,-0.00226
MED00285,7,target_curve_mult,0.00636
MED00286,7,target_curve_mult,0.00153
MED00287,7,target_curve_mult,-0.00017
MED00288,7,target_curve_mult,0.0033
MED00289,7,target_curve_mult,-0.00365
MED00290,7,target_curve_mult,-0.00028
MED00291,7,target_curve_mult,0.00278
MED00292,7,target_curve_mult,-0.00134
MED00293,7,target_curve_mult,-0.00467
MED00294,7,target_curve_mult,-0.00444
MED00295,7,target_curve_mult,-0.00052
MED00296,7,target_curve_mult,-0.00108
MED00297,7,target_curve_mult,0.00139
MED00298,7,target_curve_mult,-0.00048
MED00299,7,target_curve_mult,-0.00165
MED00300,7,target_curve_mult,-0.00779
MED00301,7,target_curve_mult,-0.00169
MED00302,7,target_curve_mult,0.00142
MED00303,7,target_curve_mult,0.00842
MED00304,7,target_curve_mult,-0.00471
MED00305,7,target_curve_mult,0.00387
MED00306,7,target_curve_mult,0.00316
MED00307,7,target_curve_mult,0.00218
MED00308,7,target_curve_mult,-0.00173
MED00309,7,target_curve_mult,-0.00416
MED00310,7,target_curve_mult,-0.00296
MED00311,7,target_curve_mult,0.0085
MED00312,7,target_curve_mult,0.00044
MED00313,7,target_curve_mult,-0.00945
MED00314,7,target_curve_mult,-0.00713
MED00315,7,target_curve_mult,0.00293
MED00316,7,target_curve_mult,0.0003
MED00317,7,target_curve_mult,0.0006
MED00318,7,target_curve_mult,-0.00353
MED00319,7,target_curve_mult,0.00373
MED00320,7,target_curve_mult,-0.0017
MED00321,7,target_curve_mult,-0.0165
MED00322,7,target_curve_mult,-0.00199
MED00323,7,target_curve_mult,0.0022
MED00325,7,target_curve_mult,0.00018
MED00326,7,target_curve_mult,0.00395
MED00327,7,target_curve_mult,-0.00105
MED00328,7,target_curve_mult,-0.00158
MED00329,7,target_curve_mult,0.00458
MED00330,7,target_curve_mult,-0.00062
MED00331,7,target_curve_mult,0.00281
MED00332,7,target_curve_mult,0.00294
MED00333,7,target_curve_mult,0.00367
MED00334,7,target_curve_mult,0.00134
MED00335,7,target_curve_mult,-0.00064
MED00336,7,target_curve_mult,0.00478
MED00337,7,target_curve_mult,0.00314
MED00338,7,target_curve_mult,0.00147
MED00339,7,target_curve_mult,-0.00078
MED00340,7,target_curve_mult,0.01469
MED00341,7,target_curve_mult,-0.00643
MED00342,7,target_curve_mult,0.0051
MED00343,7,target_curve_mult,-0.00071
MED00345,7,target_curve_mult,0.00167
MED00346,7,target_curve_mult,0.00223
MED00347,7,target_curve_mult,0.00143
MED00348,7,target_curve_mult,-0.00218
MED00349,7,target_curve_mult,0.00011
MED00350,7,target_curve_mult,-0.01157
MED00351,7,target_curve_mult,-0.0048
MED00352,7,target_curve_mult,-0.00412
MED00353,7,target_curve_mult,-0.01406
MED00354,7,target_curve_mult,-0.00969
MED00355,7,target_curve_mult,-0.00123
MED00356,7,target_curve_mult,0.00305
MED00357,7,target_curve_mult,0.00095
MED00358,7,target_curve_mult,-0.00527
MED00359,7,target_curve_mult,0.00448
MED00360,7,target_curve_mult,-0.00589
MED00361,7,target_curve_mult,-0.00059
MED00362,7,target_curve_mult,-0.0004
MED00363,7,target_curve_mult,-0.00074
MED00364,7,target_curve_mult,-0.00012
MED00365,7,target_curve_mult,0.0035
MED00366,7,target_curve_mult,-0.00026
MED00368,7,target_curve_mult,0.00431
MED00370,7,target_curve_mult,-0.00351
MED00371,7,target_curve_mult,-0.0037
MED00372,7,target_curve_mult,0.00055
MED00373,7,target_curve_mult,0.0018
MED00374,7,target_curve_mult,-0.00173
MED00375,7,target_curve_mult,0.00307
MED00376,7,target_curve_mult,-0.00087
MED00378,7,target_curve_mult,0.00323
MED00379,7,target_curve_mult,-0.02349
MED00380,7,target_curve_mult,-0.0037
MED00381,7,target_curve_mult,-0.00519
MED00382,7,target_curve_mult,-0.0059
MED00383,7,target_curve_mult,0.00574
MED00384,7,target_curve_mult,0.00274
MED00385,7,target_curve_mult,-0.0011
MED00386,7,target_curve_mult,-0.0009
MED00387,7,target_curve_mult,0.00307
MED00388,7,target_curve_mult,-0.00368
MED00389,7,target_curve_mult,-0.00252
MED00390,7,target_curve_mult,-0.01036
MED00391,7,target_curve_mult,-0.00601
MED00392,7,target_curve_mult,-0.00615
MED00393,7,target_curve_mult,-0.00543
MED00394,7,target_curve_mult,-0.00305
MED00395,7,target_curve_mult,-0.00609
MED00396,7,target_curve_mult,-0.0014
MED00397,7,target_curve_mult,-0.0012
MED00398,7,target_curve_mult,0.00832
MED00399,7,target_curve_mult,-0.00352
MED00400,7,target_curve_mult,-0.00586
MED00401,7,target_curve_mult,-0.00364
MED00402,7,target_curve_mult,-0.00849
MED00403,7,target_curve_mult,-0.00105
MED00404,7,target_curve_mult,-0.00186
MED00405,7,target_curve_mult,-0.00156
MED00406,7,target_curve_mult,-0.00033
MED00407,7,target_curve_mult,-0.00934
MED00408,7,target_curve_mult,-0.0054
MED00409,7,target_curve_mult,-0.00878
MED00410,7,target_curve_mult,-0.00503
MED00411,7,target_curve_mult,-0.00975
MED00412,7,target_curve_mult,-0.00209
MED00413,7,target_curve_mult,-0.00121
MED00414,7,target_curve_mult,-0.00627
MED00415,7,target_curve_mult,-0.00071
MED00416,7,target_curve_mult,-0.01086
MED00417,7,target_curve_mult,-0.00221
MED00418,7,target_curve_mult,-0.00277
MED00419,7,target_curve_mult,-0.00059
MED00420,7,target_curve_mult,-0.01333
MED00421,7,target_curve_mult,-0.00874
MED00422,7,target_curve_mult,-0.00638
MED00423,7,target_curve_mult,0.00238
MED00424,7,target_curve_mult,-0.06318
MED00001,8,target_curve_mult,-0.00238
MED00002,8,target_curve_mult,0.00089
MED00003,8,target_curve_mult,0.00219
MED00004,8,target_curve_mult,-0.00918
MED00005,8,target_curve_mult,-0.00753
MED00006,8,target_curve_mult,0.00375
MED00007,8,target_curve_mult,0.00741
MED00008,8,target_curve_mult,-0.00109
MED00009,8,target_curve_mult,-0.00252
MED00011,8,target_curve_mult,-0.01769
MED00012,8,target_curve_mult,-0.00091
MED00013,8,target_curve_mult,0.0017
MED00014,8,target_curve_mult,0.00105
MED00015,8,target_curve_mult,0.00699
MED00016,8,target_curve_mult,0.00271
MED00017,8,target_curve_mult,0.00024
MED00018,8,target_curve_mult,-0.03993
MED00019,8,target_curve_mult,-0.0021
MED00020,8,target_curve_mult,0.00076
MED00021,8,target_curve_mult,-0.00374
MED00022,8,target_curve_mult,-0.00234
MED00023,8,target_curve_mult,-0.00059
MED00024,8,target_curve_mult,-0.00017
MED00025,8,target_curve_mult,0.00074
MED00026,8,target_curve_mult,0.00027
MED00028,8,target_curve_mult,0.00824
MED00029,8,target_curve_mult,0.00836
MED00030,8,target_curve_mult,0.00583
MED00031,8,target_curve_mult,0.00346
MED00032,8,target_curve_mult,-0.00214
MED00033,8,target_curve_mult,-0.00742
MED00034,8,target_curve_mult,-0.0067
MED00035,8,target_curve_mult,0.00555
MED00036,8,target_curve_mult,-0.00365
MED00037,8,target_curve_mult,0.00179
MED00038,8,target_curve_mult,-0.00204
MED00039,8,target_curve_mult,0.00845
MED00040,8,target_curve_mult,-0.00133
MED00041,8,target_curve_mult,0.0007
MED00042,8,target_curve_mult,-0.00491
MED00043,8,target_curve_mult,0.0027
MED00044,8,target_curve_mult,-0.00186
MED00045,8,target_curve_mult,-0.01094
MED00046,8,target_curve_mult,-0.00497
MED00047,8,target_curve_mult,0.0061
MED00048,8,target_curve_mult,-0.00051
MED00049,8,target_curve_mult,-0.00172
MED00050,8,target_curve_mult,-0.00272
MED00051,8,target_curve_mult,-0.00733
MED00052,8,target_curve_mult,-0.00229
MED00053,8,target_curve_mult,-0.00464
MED00054,8,target_curve_mult,-0.0037
MED00055,8,target_curve_mult,0.00194
MED00056,8,target_curve_mult,0.00062
MED00057,8,target_curve_mult,0.01089
MED00058,8,target_curve_mult,0.00326
MED00059,8,target_curve_mult,-0.00017
MED00060,8,target_curve_mult,-0.00281
MED00061,8,target_curve_mult,-0.00106
MED00062,8,target_curve_mult,-0.0054
MED00063,8,target_curve_mult,0.00106
MED00064,8,target_curve_mult,-0.00496
MED00065,8,target_curve_mult,0.0006
MED00066,8,target_curve_mult,0.00683
MED00067,8,target_curve_mult,0.00291
MED00068,8,target_curve_mult,-0.00209
MED00069,8,target_curve_mult,-0.00286
MED00070,8,target_curve_mult,0.0019
MED00071,8,target_curve_mult,-0.00257
MED00072,8,target_curve_mult,-0.0026
MED00073,8,target_curve_mult,-0.00291
MED00074,8,target_curve_mult,-0.00299
MED00075,8,target_curve_mult,-0.00307
MED00076,8,target_curve_mult,-0.00088
MED00077,8,target_curve_mult,-0.00532
MED00078,8,target_curve_mult,0.00046
MED00079,8,target_curve_mult,-0.00848
MED00080,8,target_curve_mult,-0.00167
MED00081,8,target_curve_mult,0.00051
MED00082,8,target_curve_mult,-0.00495
MED00083,8,target_curve_mult,-0.00276
MED00084,8,target_curve_mult,0.00388
MED00085,8,target_curve_mult,-0.00074
MED00086,8,target_curve_mult,0.02647
MED00087,8,target_curve_mult,0.00117
MED00088,8,target_curve_mult,0.00316
MED00089,8,target_curve_mult,0.00293
MED00090,8,target_curve_mult,-0.00253
MED00091,8,target_curve_mult,0.00025
MED00092,8,target_curve_mult,-0.00171
MED00093,8,target_curve_mult,-0.00177
MED00094,8,target_curve_mult,-0.00059
MED00096,8,target_curve_mult,-0.0048
MED00097,8,target_curve_mult,-0.00334
MED00098,8,target_curve_mult,-0.00162
MED00099,8,target_curve_mult,0.00041
MED00100,8,target_curve_mult,0.00064
MED00101,8,target_curve_mult,0.00311
MED00102,8,target_curve_mult,0.0067
MED00103,8,target_curve_mult,-0.00014
MED00104,8,target_curve_mult,0.00244
MED00105,8,target_curve_mult,-0.0022
MED00106,8,target_curve_mult,0.00288
MED00107,8,target_curve_mult,0.00575
MED00108,8,target_curve_mult,-0.00048
MED00109,8,target_curve_mult,-0.00103
MED00110,8,target_curve_mult,-0.00597
MED00111,8,target_curve_mult,0.00624
MED00112,8,target_curve_mult,-0.00027
MED00113,8,target_curve_mult,-0.0005
MED00114,8,target_curve_mult,0.00118
MED00115,8,target_curve_mult,-0.00082
MED00116,8,target_curve_mult,0.00056
MED00117,8,target_curve_mult,0.00513
MED00118,8,target_curve_mult,0.00139
MED00119,8,target_curve_mult,0.00042
MED00120,8,target_curve_mult,-0.00543
MED00122,8,target_curve_mult,-0.00131
MED00123,8,target_curve_mult,-0.00128
MED00124,8,target_curve_mult,0.00566
MED00125,8,target_curve_mult,-0.00116
MED00126,8,target_curve_mult,-0.00618
MED00127,8,target_curve_mult,-0.00502
MED00128,8,target_curve_mult,-0.00018
MED00129,8,target_curve_mult,-0.00285
MED00130,8,target_curve_mult,0.00287
MED00131,8,target_curve_mult,-0.00092
MED00132,8,target_curve_mult,-0.00107
MED00133,8,target_curve_mult,-0.00078
MED00134,8,target_curve_mult,-0.00407
MED00135,8,target_curve_mult,-0.00498
MED00136,8,target_curve_mult,-0.00087
MED00137,8,target_curve_mult,-0.00069
MED00138,8,target_curve_mult,-0.00164
MED00139,8,target_curve_mult,0.00052
MED00140,8,target_curve_mult,-0.00133
MED00141,8,target_curve_mult,-0.00433
MED00142,8,target_curve_mult,0.00599
MED00143,8,target_curve_mult,-0.00085
MED00144,8,target_curve_mult,-0.00161
MED00145,8,target_curve_mult,0.00101
MED00146,8,target_curve_mult,0.00104
MED00147,8,target_curve_mult,-0.00543
MED00148,8,target_curve_mult,-0.00494
MED00149,8,target_curve_mult,0.0053
MED00150,8,target_curve_mult,-0.00381
MED00151,8,target_curve_mult,0.00112
MED00152,8,target_curve_mult,0.00544
MED00153,8,target_curve_mult,-0.00101
MED00154,8,target_curve_mult,-0.00179
MED00155,8,target_curve_mult,0.00367
MED00156,8,target_curve_mult,-0.00094
MED00157,8,target_curve_mult,0.00264
MED00158,8,target_curve_mult,-0.00012
MED00159,8,target_curve_mult,0.00092
MED00160,8,target_curve_mult,0.00622
MED00161,8,target_curve_mult,-0.00165
MED00162,8,target_curve_mult,0.00216
MED00163,8,target_curve_mult,0.0057
MED00164,8,target_curve_mult,-0.00457
MED00165,8,target_curve_mult,0.0028
MED00166,8,target_curve_mult,0.00366
MED00167,8,target_curve_mult,0.00213
MED00168,8,target_curve_mult,-0.0026
MED00169,8,target_curve_mult,0.00031
MED00170,8,target_curve_mult,0.00229
MED00171,8,target_curve_mult,0.00462
MED00172,8,target_curve_mult,-0.00147
MED00173,8,target_curve_mult,-0.00182
MED00174,8,target_curve_mult,0.00026
MED00175,8,target_curve_mult,0.006
MED00176,8,target_curve_mult,0.00038
MED00177,8,target_curve_mult,0.00534
MED00178,8,target_curve_mult,0.00363
MED00179,8,target_curve_mult,-0.0028
MED00180,8,target_curve_mult,-0.00464
MED00181,8,target_curve_mult,0.0067
MED00182,8,target_curve_mult,0.00452
MED00183,8,target_curve_mult,-0.01733
MED00184,8,target_curve_mult,0.00557
MED00185,8,target_curve_mult,-0.00393
MED00186,8,target_curve_mult,0.00505
MED00187,8,target_curve_mult,-0.0035
MED00188,8,target_curve_mult,0.00294
MED00189,8,target_curve_mult,-0.00064
MED00190,8,target_curve_mult,0.00139
MED00191,8,target_curve_mult,0.00189
MED00192,8,target_curve_mult,-0.00238
MED00193,8,target_curve_mult,0.00067
MED00194,8,target_curve_mult,0.00057
MED00195,8,target_curve_mult,0.00722
MED00196,8,target_curve_mult,0.0017
MED00197,8,target_curve_mult,-0.00072
MED00198,8,target_curve_mult,0.00446
MED00199,8,target_curve_mult,0.00054
MED00200,8,target_curve_mult,-0.00191
MED00201,8,target_curve_mult,-0.00325
MED00202,8,target_curve_mult,-0.00078
MED00203,8,target_curve_mult,0.00085
MED00204,8,target_curve_mult,-0.00041
MED00205,8,target_curve_mult,-0.00211
MED00206,8,target_curve_mult,-0.001
MED00207,8,target_curve_mult,-0.00074
MED00208,8,target_curve_mult,-0.00078
MED00209,8,target_curve_mult,0.00067
MED00210,8,target_curve_mult,0.00244
MED00211,8,target_curve_mult,-0.00232
MED00212,8,target_curve_mult,-0.00486
MED00213,8,target_curve_mult,-0.01235
MED00214,8,target_curve_mult,0.00258
MED00215,8,target_curve_mult,0.00025
MED00216,8,target_curve_mult,0.0023
MED00217,8,target_curve_mult,-0.00233
MED00218,8,target_curve_mult,0.0054
MED00219,8,target_curve_mult,-0.00408
MED00220,8,target_curve_mult,-0.0007
MED00221,8,target_curve_mult,-0.00417
MED00222,8,target_curve_mult,0.00046
MED00223,8,target_curve_mult,0.00517
MED00224,8,target_curve_mult,-0.00037
MED00225,8,target_curve_mult,-0.00227
MED00226,8,target_curve_mult,-0.00589
MED00227,8,target_curve_mult,-0.00035
MED00228,8,target_curve_mult,-0.00215
MED00229,8,target_curve_mult,-0.00875
MED00230,8,target_curve_mult,-0.00218
MED00231,8,target_curve_mult,-0.0009
MED00232,8,target_curve_mult,-0.0024
MED00233,8,target_curve_mult,0.00345
MED00234,8,target_curve_mult,0.0024
MED00235,8,target_curve_mult,0.00168
MED00236,8,target_curve_mult,-0.00081
MED00237,8,target_curve_mult,0.00134
MED00238,8,target_curve_mult,0.00346
MED00239,8,target_curve_mult,-0.00154
MED00240,8,target_curve_mult,-0.00419
MED00241,8,target_curve_mult,-0.00048
MED00242,8,target_curve_mult,0.00926
MED00243,8,target_curve_mult,-0.00192
MED00244,8,target_curve_mult,0.00457
MED00245,8,target_curve_mult,-0.00138
MED00246,8,target_curve_mult,-0.00086
MED00247,8,target_curve_mult,0.00257
MED00248,8,target_curve_mult,-0.00338
MED00249,8,target_curve_mult,-0.0197
MED00250,8,target_curve_mult,-0.00654
MED00251,8,target_curve_mult,0.00365
MED00252,8,target_curve_mult,0.02725
MED00253,8,target_curve_mult,0.00642
MED00254,8,target_curve_mult,0.02668
MED00255,8,target_curve_mult,-0.0062
MED00256,8,target_curve_mult,0.00246
MED00257,8,target_curve_mult,-0.00205
MED00258,8,target_curve_mult,-0.00077
MED00259,8,target_curve_mult,-0.00028
MED00260,8,target_curve_mult,-0.00908
MED00261,8,target_curve_mult,-0.00413
MED00262,8,target_curve_mult,-0.00188
MED00263,8,target_curve_mult,0.00515
MED00264,8,target_curve_mult,-0.00247
MED00265,8,target_curve_mult,0.00618
MED00266,8,target_curve_mult,-0.00735
MED00267,8,target_curve_mult,-0.0036
MED00268,8,target_curve_mult,-0.00082
MED00269,8,target_curve_mult,0.00469
MED00270,8,target_curve_mult,0.00429
MED00271,8,target_curve_mult,-0.00268
MED00272,8,target_curve_mult,-0.00499
MED00273,8,target_curve_mult,-0.0007
MED00274,8,target_curve_mult,-0.00145
MED00275,8,target_curve_mult,-0.00174
MED00276,8,target_curve_mult,0.00172
MED00277,8,target_curve_mult,-0.00128
MED00278,8,target_curve_mult,0.00445
MED00279,8,target_curve_mult,0.00484
MED00280,8,target_curve_mult,0.00082
MED00281,8,target_curve_mult,-0.00046
MED00282,8,target_curve_mult,-0.00433
MED00283,8,target_curve_mult,-0.0008
MED00284,8,target_curve_mult,-0.00238
MED00285,8,target_curve_mult,0.00653
MED00286,8,target_curve_mult,0.0015
MED00287,8,target_curve_mult,-0.00013
MED00288,8,target_curve_mult,0.00284
MED00289,8,target_curve_mult,-0.0036
MED00291,8,target_curve_mult,-0.00286
MED00292,8,target_curve_mult,0.00044
MED00293,8,target_curve_mult,-0.00457
MED00294,8,target_curve_mult,-0.00483
MED00295,8,target_curve_mult,0.00113
MED00296,8,target_curve_mult,-0.00102
MED00297,8,target_curve_mult,0.00107
MED00298,8,target_curve_mult,-0.00044
MED00299,8,target_curve_mult,-0.00163
MED00300,8,target_curve_mult,-0.00776
MED00301,8,target_curve_mult,-0.00166
MED00302,8,target_curve_mult,0.00144
MED00303,8,target_curve_mult,0.00858
MED00304,8,target_curve_mult,-0.00477
MED00305,8,target_curve_mult,0.00375
MED00306,8,target_curve_mult,0.00327
MED00307,8,target_curve_mult,0.00219
MED00308,8,target_curve_mult,-0.00011
MED00309,8,target_curve_mult,-0.00407
MED00310,8,target_curve_mult,-0.00297
MED00311,8,target_curve_mult,0.00874
MED00312,8,target_curve_mult,0.00192
MED00313,8,target_curve_mult,-0.00944
MED00314,8,target_curve_mult,-0.00608
MED00315,8,target_curve_mult,0.00255
MED00316,8,target_curve_mult,0.00025
MED00317,8,target_curve_mult,0.00038
MED00318,8,target_curve_mult,-0.00333
MED00319,8,target_curve_mult,0.00382
MED00320,8,target_curve_mult,-0.0019
MED00321,8,target_curve_mult,-0.01648
MED00322,8,target_curve_mult,-0.00204
MED00323,8,target_curve_mult,0.00216
MED00324,8,target_curve_mult,0.00092
MED00325,8,target_curve_mult,-0.00157
MED00326,8,target_curve_mult,0.00382
MED00327,8,target_curve_mult,-0.00106
MED00328,8,target_curve_mult,-0.00178
MED00329,8,target_curve_mult,0.00472
MED00330,8,target_curve_mult,0.00022
MED00331,8,target_curve_mult,0.00286
MED00332,8,target_curve_mult,0.00225
MED00333,8,target_curve_mult,0.00588
MED00334,8,target_curve_mult,-0.00011
MED00335,8,target_curve_mult,0.0006
MED00336,8,target_curve_mult,0.00482
MED00337,8,target_curve_mult,0.00328
MED00338,8,target_curve_mult,0.00142
MED00339,8,target_curve_mult,-0.00392
MED00340,8,target_curve_mult,0.00868
MED00341,8,target_curve_mult,-0.00648
MED00342,8,target_curve_mult,0.00511
MED00343,8,target_curve_mult,-0.00057
MED00344,8,target_curve_mult,-0.00015
MED00345,8,target_curve_mult,0.00092
MED00346,8,target_curve_mult,0.00034
MED00347,8,target_curve_mult,-0.00076
MED00348,8,target_curve_mult,-0.00214
MED00349,8,target_curve_mult,0.00018
MED00350,8,target_curve_mult,-0.01155
MED00351,8,target_curve_mult,-0.00477
MED00352,8,target_curve_mult,-0.0041
MED00353,8,target_curve_mult,-0.01404
MED00354,8,target_curve_mult,-0.00967
MED00355,8,target_curve_mult,-0.00085
MED00356,8,target_curve_mult,0.00322
MED00357,8,target_curve_mult,0.001
MED00358,8,target_curve_mult,-0.0033
MED00359,8,target_curve_mult,0.00449
MED00360,8,target_curve_mult,-0.00617
MED00361,8,target_curve_mult,-0.00054
MED00362,8,target_curve_mult,-0.00043
MED00363,8,target_curve_mult,-0.0007
MED00364,8,target_curve_mult,-0.00061
MED00365,8,target_curve_mult,0.00159
MED00366,8,target_curve_mult,-0.00012
MED00367,8,target_curve_mult,-0.00136
MED00368,8,target_curve_mult,0.00434
MED00369,8,target_curve_mult,-0.00014
MED00370,8,target_curve_mult,-0.0036
MED00371,8,target_curve_mult,-0.00229
MED00372,8,target_curve_mult,0.00058
MED00373,8,target_curve_mult,0.00178
MED00374,8,target_curve_mult,-0.00134
MED00375,8,target_curve_mult,0.00276
MED00376,8,target_curve_mult,-0.00099
MED00377,8,target_curve_mult,-0.00038
MED00378,8,target_curve_mult,0.00323
MED00379,8,target_curve_mult,-0.02347
MED00380,8,target_curve_mult,-0.00369
MED00381,8,target_curve_mult,-0.00518
MED00382,8,target_curve_mult,-0.00601
MED00383,8,target_curve_mult,0.00497
MED00384,8,target_curve_mult,0.00278
MED00385,8,target_curve_mult,-0.00097
MED00386,8,target_curve_mult,-0.00083
MED00387,8,target_curve_mult,0.00308
MED00388,8,target_curve_mult,0.00038
MED00389,8,target_curve_mult,-0.00242
MED00390,8,target_curve_mult,-0.00976
MED00391,8,target_curve_mult,-0.00583
MED00392,8,target_curve_mult,-0.00606
MED00393,8,target_curve_mult,-0.00894
MED00394,8,target_curve_mult,-0.00289
MED00395,8,target_curve_mult,-0.00574
MED00396,8,target_curve_mult,-0.00037
MED00397,8,target_curve_mult,-0.00118
MED00398,8,target_curve_mult,0.00968
MED00399,8,target_curve_mult,-0.00255
MED00400,8,target_curve_mult,-0.00593
MED00401,8,target_curve_mult,-0.00552
MED00402,8,target_curve_mult,-0.00837
MED00403,8,target_curve_mult,-0.00117
MED00404,8,target_curve_mult,-0.00164
MED00405,8,target_curve_mult,-0.00132
MED00406,8,target_curve_mult,-0.00019
MED00407,8,target_curve_mult,-0.00916
MED00408,8,target_curve_mult,-0.00517
MED00409,8,target_curve_mult,-0.00882
MED00410,8,target_curve_mult,-0.00472
MED00411,8,target_curve_mult,-0.00781
MED00412,8,target_curve_mult,-0.00192
MED00413,8,target_curve_mult,-0.00446
MED00414,8,target_curve_mult,-0.00609
MED00415,8,target_curve_mult,-0.0006
MED00416,8,target_curve_mult,-0.01059
MED00417,8,target_curve_mult,-0.0005
MED00418,8,target_curve_mult,-0.00266
MED00419,8,target_curve_mult,0.00178
MED00420,8,target_curve_mult,-0.01296
MED00421,8,target_curve_mult,-0.00857
MED00422,8,target_curve_mult,-0.00607
MED00423,8,target_curve_mult,0.00026
MED00424,8,target_curve_mult,0.0007
MED00001,9,target_curve_mult,-0.0026
MED00002,9,target_curve_mult,-0.00335
MED00003,9,target_curve_mult,0.00301
MED00004,9,target_curve_mult,-0.00793
MED00005,9,target_curve_mult,-0.00688
MED00006,9,target_curve_mult,0.00237
MED00007,9,target_curve_mult,0.01162
MED00008,9,target_curve_mult,-0.00032
MED00009,9,target_curve_mult,-0.00321
MED00010,9,target_curve_mult,-0.00055
MED00011,9,target_curve_mult,-0.01591
MED00012,9,target_curve_mult,-0.00088
MED00013,9,target_curve_mult,0.00207
MED00014,9,target_curve_mult,0.00109
MED00015,9,target_curve_mult,0.00642
MED00016,9,target_curve_mult,0.0025
MED00017,9,target_curve_mult,-0.00011
MED00018,9,target_curve_mult,-0.04213
MED00019,9,target_curve_mult,-0.0022
MED00020,9,target_curve_mult,-0.00023
MED00021,9,target_curve_mult,-0.00373
MED00022,9,target_curve_mult,-0.00192
MED00023,9,target_curve_mult,0.00013
MED00024,9,target_curve_mult,-0.00348
MED00025,9,target_curve_mult,0.00013
MED00026,9,target_curve_mult,0.0041
MED00027,9,target_curve_mult,-0.00065
MED00028,9,target_curve_mult,0.00775
MED00029,9,target_curve_mult,0.00844
MED00030,9,target_curve_mult,0.00568
MED00031,9,target_curve_mult,0.00284
MED00032,9,target_curve_mult,-0.00215
MED00033,9,target_curve_mult,-0.00754
MED00034,9,target_curve_mult,-0.00663
MED00035,9,target_curve_mult,0.0044
MED00036,9,target_curve_mult,-0.00502
MED00037,9,target_curve_mult,0.00126
MED00038,9,target_curve_mult,-0.00219
MED00039,9,target_curve_mult,0.0084
MED00040,9,target_curve_mult,-0.00123
MED00041,9,target_curve_mult,0.00069
MED00042,9,target_curve_mult,-0.00502
MED00043,9,target_curve_mult,0.00289
MED00044,9,target_curve_mult,-0.00114
MED00045,9,target_curve_mult,-0.01092
MED00046,9,target_curve_mult,-0.00491
MED00047,9,target_curve_mult,0.00638
MED00048,9,target_curve_mult,-0.00046
MED00049,9,target_curve_mult,-0.00175
MED00050,9,target_curve_mult,-0.00152
MED00051,9,target_curve_mult,-0.00656
MED00052,9,target_curve_mult,-0.00244
MED00053,9,target_curve_mult,-0.00473
MED00054,9,target_curve_mult,-0.00322
MED00055,9,target_curve_mult,0.00396
MED00056,9,target_curve_mult,0.00278
MED00057,9,target_curve_mult,0.00138
MED00058,9,target_curve_mult,0.00319
MED00059,9,target_curve_mult,-0.00023
MED00060,9,target_curve_mult,-0.00396
MED00061,9,target_curve_mult,-0.00081
MED00062,9,target_curve_mult,-0.00657
MED00063,9,target_curve_mult,-0.00182
MED00064,9,target_curve_mult,-0.0019
MED00065,9,target_curve_mult,0.00065
MED00066,9,target_curve_mult,0.00614
MED00067,9,target_curve_mult,0.00271
MED00068,9,target_curve_mult,-0.00221
MED00069,9,target_curve_mult,-0.00283
MED00070,9,target_curve_mult,-0.00017
MED00071,9,target_curve_mult,-0.00257
MED00072,9,target_curve_mult,-0.00271
MED00073,9,target_curve_mult,-0.00309
MED00074,9,target_curve_mult,-0.0034
MED00075,9,target_curve_mult,-0.00347
MED00076,9,target_curve_mult,-0.00275
MED00077,9,target_curve_mult,-0.00548
MED00078,9,target_curve_mult,-0.00163
MED00079,9,target_curve_mult,-0.00881
MED00080,9,target_curve_mult,-0.00169
MED00081,9,target_curve_mult,0.00124
MED00082,9,target_curve_mult,-0.00482
MED00083,9,target_curve_mult,-0.00289
MED00084,9,target_curve_mult,-0.00534
MED00085,9,target_curve_mult,-0.00039
MED00086,9,target_curve_mult,0.02962
MED00087,9,target_curve_mult,0.00109
MED00088,9,target_curve_mult,0.0021
MED00089,9,target_curve_mult,0.0028
MED00090,9,target_curve_mult,-0.00171
MED00091,9,target_curve_mult,-0.00319
MED00092,9,target_curve_mult,-0.00067
MED00093,9,target_curve_mult,-0.00255
MED00094,9,target_curve_mult,0.00019
MED00095,9,target_curve_mult,0.00038
MED00096,9,target_curve_mult,-0.00548
MED00097,9,target_curve_mult,-0.0003
MED00098,9,target_curve_mult,-0.00162
MED00099,9,target_curve_mult,-0.00029
MED00100,9,target_curve_mult,-0.0009
MED00101,9,target_curve_mult,0.007
MED00102,9,target_curve_mult,0.00626
MED00104,9,target_curve_mult,0.00315
MED00105,9,target_curve_mult,-0.00221
MED00106,9,target_curve_mult,0.00315
MED00107,9,target_curve_mult,0.00592
MED00108,9,target_curve_mult,-0.0003
MED00109,9,target_curve_mult,-0.00112
MED00110,9,target_curve_mult,-0.00603
MED00111,9,target_curve_mult,0.00499
MED00112,9,target_curve_mult,-0.00037
MED00113,9,target_curve_mult,-0.00075
MED00114,9,target_curve_mult,0.00091
MED00115,9,target_curve_mult,-0.00089
MED00116,9,target_curve_mult,-0.00065
MED00117,9,target_curve_mult,0.00485
MED00118,9,target_curve_mult,0.00154
MED00119,9,target_curve_mult,0.00037
MED00120,9,target_curve_mult,-0.00548
MED00122,9,target_curve_mult,-0.00139
MED00123,9,target_curve_mult,-0.00088
MED00124,9,target_curve_mult,0.00578
MED00125,9,target_curve_mult,-0.00091
MED00126,9,target_curve_mult,-0.00626
MED00127,9,target_curve_mult,-0.00511
MED00128,9,target_curve_mult,-0.00032
MED00129,9,target_curve_mult,-0.00184
MED00130,9,target_curve_mult,0.00293
MED00131,9,target_curve_mult,-0.00428
MED00132,9,target_curve_mult,-0.00108
MED00133,9,target_curve_mult,-0.00094
MED00134,9,target_curve_mult,-0.00413
MED00135,9,target_curve_mult,-0.00433
MED00136,9,target_curve_mult,-0.00376
MED00137,9,target_curve_mult,-0.00065
MED00138,9,target_curve_mult,-0.00193
MED00139,9,target_curve_mult,0.00046
MED00140,9,target_curve_mult,-0.00133
MED00141,9,target_curve_mult,-0.00444
MED00142,9,target_curve_mult,0.006
MED00143,9,target_curve_mult,-0.00074
MED00144,9,target_curve_mult,-0.00175
MED00145,9,target_curve_mult,0.00094
MED00146,9,target_curve_mult,0.00515
MED00147,9,target_curve_mult,-0.00549
MED00148,9,target_curve_mult,-0.00464
MED00149,9,target_curve_mult,0.00492
MED00150,9,target_curve_mult,-0.00374
MED00151,9,target_curve_mult,-0.00115
MED00152,9,target_curve_mult,0.00554
MED00153,9,target_curve_mult,-0.00107
MED00154,9,target_curve_mult,0.00056
MED00155,9,target_curve_mult,0.00384
MED00156,9,target_curve_mult,-0.00116
MED00157,9,target_curve_mult,0.00276
MED00158,9,target_curve_mult,-0.00014
MED00159,9,target_curve_mult,0.00081
MED00160,9,target_curve_mult,0.00469
MED00161,9,target_curve_mult,-0.00177
MED00162,9,target_curve_mult,0.00212
MED00163,9,target_curve_mult,0.00506
MED00164,9,target_curve_mult,-0.00466
MED00166,9,target_curve_mult,0.00227
MED00167,9,target_curve_mult,0.00022
MED00168,9,target_curve_mult,-0.00276
MED00169,9,target_curve_mult,0.00033
MED00170,9,target_curve_mult,0.00157
MED00171,9,target_curve_mult,0.00492
MED00172,9,target_curve_mult,-0.00156
MED00173,9,target_curve_mult,-0.00211
MED00174,9,target_curve_mult,-0.00137
MED00175,9,target_curve_mult,0.00349
MED00176,9,target_curve_mult,0.00033
MED00177,9,target_curve_mult,0.00529
MED00178,9,target_curve_mult,0.00254
MED00179,9,target_curve_mult,-0.0019
MED00180,9,target_curve_mult,-0.00461
MED00181,9,target_curve_mult,0.00662
MED00182,9,target_curve_mult,0.00484
MED00183,9,target_curve_mult,-0.01746
MED00184,9,target_curve_mult,0.00549
MED00185,9,target_curve_mult,-0.00459
MED00186,9,target_curve_mult,0.00482
MED00187,9,target_curve_mult,-0.0036
MED00188,9,target_curve_mult,0.00294
MED00189,9,target_curve_mult,-0.00024
MED00190,9,target_curve_mult,-0.00069
MED00191,9,target_curve_mult,0.00188
MED00192,9,target_curve_mult,-0.00303
MED00193,9,target_curve_mult,-0.0035
MED00194,9,target_curve_mult,-0.00094
MED00195,9,target_curve_mult,0.00399
MED00196,9,target_curve_mult,-0.00036
MED00197,9,target_curve_mult,0.0076
MED00198,9,target_curve_mult,0.00463
MED00199,9,target_curve_mult,0.00077
MED00200,9,target_curve_mult,-0.00195
MED00201,9,target_curve_mult,-0.00266
MED00202,9,target_curve_mult,-0.00079
MED00203,9,target_curve_mult,0.00076
MED00204,9,target_curve_mult,-0.00061
MED00205,9,target_curve_mult,-0.0022
MED00206,9,target_curve_mult,-0.00116
MED00207,9,target_curve_mult,-0.00085
MED00208,9,target_curve_mult,-0.00091
MED00209,9,target_curve_mult,0.00133
MED00210,9,target_curve_mult,0.00536
MED00211,9,target_curve_mult,-0.00243
MED00212,9,target_curve_mult,-0.00491
MED00213,9,target_curve_mult,-0.01243
MED00214,9,target_curve_mult,0.00277
MED00215,9,target_curve_mult,0.00039
MED00216,9,target_curve_mult,-0.00101
MED00217,9,target_curve_mult,-0.00246
MED00218,9,target_curve_mult,0.00533
MED00219,9,target_curve_mult,-0.00456
MED00220,9,target_curve_mult,-0.00021
MED00221,9,target_curve_mult,-0.00427
MED00222,9,target_curve_mult,0.00353
MED00223,9,target_curve_mult,0.00491
MED00224,9,target_curve_mult,-0.00049
MED00225,9,target_curve_mult,-0.00253
MED00226,9,target_curve_mult,-0.00572
MED00227,9,target_curve_mult,0.00044
MED00228,9,target_curve_mult,-0.00257
MED00229,9,target_curve_mult,-0.00745
MED00230,9,target_curve_mult,-0.00012
MED00231,9,target_curve_mult,-0.00079
MED00232,9,target_curve_mult,-0.00235
MED00233,9,target_curve_mult,0.0007
MED00234,9,target_curve_mult,0.0023
MED00235,9,target_curve_mult,-0.00069
MED00236,9,target_curve_mult,-0.00093
MED00237,9,target_curve_mult,-0.00245
MED00238,9,target_curve_mult,0.00155
MED00239,9,target_curve_mult,-0.00187
MED00240,9,target_curve_mult,-0.00404
MED00241,9,target_curve_mult,-0.00063
MED00242,9,target_curve_mult,0.00778
MED00243,9,target_curve_mult,-0.00615
MED00244,9,target_curve_mult,0.00417
MED00245,9,target_curve_mult,-0.00101
MED00246,9,target_curve_mult,-0.00203
MED00247,9,target_curve_mult,0.00189
MED00248,9,target_curve_mult,-0.00418
MED00249,9,target_curve_mult,-0.0197
MED00250,9,target_curve_mult,-0.00689
MED00251,9,target_curve_mult,0.00358
MED00252,9,target_curve_mult,0.02707
MED00253,9,target_curve_mult,0.00574
MED00254,9,target_curve_mult,0.01986
MED00255,9,target_curve_mult,-0.00615
MED00256,9,target_curve_mult,0.0026
MED00257,9,target_curve_mult,-0.00239
MED00258,9,target_curve_mult,-0.00169
MED00259,9,target_curve_mult,0.00011
MED00260,9,target_curve_mult,-0.01147
MED00261,9,target_curve_mult,-0.00474
MED00262,9,target_curve_mult,-0.00193
MED00263,9,target_curve_mult,0.00453
MED00264,9,target_curve_mult,-0.00252
MED00265,9,target_curve_mult,0.00661
MED00266,9,target_curve_mult,-0.00751
MED00267,9,target_curve_mult,-0.00375
MED00268,9,target_curve_mult,-0.00067
MED00269,9,target_curve_mult,0.00264
MED00270,9,target_curve_mult,0.00369
MED00271,9,target_curve_mult,-0.00338
MED00272,9,target_curve_mult,-0.00499
MED00273,9,target_curve_mult,-0.00057
MED00274,9,target_curve_mult,-0.0014
MED00275,9,target_curve_mult,-0.0025
MED00276,9,target_curve_mult,0.00159
MED00277,9,target_curve_mult,-0.0005
MED00278,9,target_curve_mult,0.00476
MED00279,9,target_curve_mult,0.00342
MED00280,9,target_curve_mult,0.00018
MED00281,9,target_curve_mult,0.00241
MED00282,9,target_curve_mult,-0.0048
MED00283,9,target_curve_mult,-0.00083
MED00284,9,target_curve_mult,-0.00195
MED00285,9,target_curve_mult,0.00683
MED00286,9,target_curve_mult,0.00143
MED00287,9,target_curve_mult,0.00018
MED00288,9,target_curve_mult,-0.0017
MED00289,9,target_curve_mult,-0.00353
MED00290,9,target_curve_mult,-0.00065
MED00291,9,target_curve_mult,-0.00273
MED00292,9,target_curve_mult,-0.00055
MED00293,9,target_curve_mult,-0.00538
MED00294,9,target_curve_mult,-0.00452
MED00295,9,target_curve_mult,0.00085
MED00296,9,target_curve_mult,-0.00093
MED00297,9,target_curve_mult,-0.00191
MED00298,9,target_curve_mult,-0.00024
MED00299,9,target_curve_mult,-0.0014
MED00300,9,target_curve_mult,-0.00775
MED00301,9,target_curve_mult,-0.00172
MED00302,9,target_curve_mult,0.00109
MED00303,9,target_curve_mult,0.00855
MED00304,9,target_curve_mult,-0.00483
MED00305,9,target_curve_mult,0.00361
MED00306,9,target_curve_mult,0.00573
MED00307,9,target_curve_mult,0.0022
MED00308,9,target_curve_mult,-0.00299
MED00309,9,target_curve_mult,-0.00401
MED00310,9,target_curve_mult,-0.00401
MED00311,9,target_curve_mult,0.00856
MED00312,9,target_curve_mult,0.00212
MED00313,9,target_curve_mult,-0.00937
MED00314,9,target_curve_mult,-0.00204
MED00315,9,target_curve_mult,0.00235
MED00316,9,target_curve_mult,-0.00059
MED00317,9,target_curve_mult,0.00032
MED00318,9,target_curve_mult,-0.00331
MED00319,9,target_curve_mult,0.0039
MED00320,9,target_curve_mult,-0.00225
MED00321,9,target_curve_mult,-0.0151
MED00322,9,target_curve_mult,-0.00129
MED00323,9,target_curve_mult,0.00223
MED00324,9,target_curve_mult,0.00182
MED00325,9,target_curve_mult,-0.00141
MED00326,9,target_curve_mult,0.00371
MED00327,9,target_curve_mult,0.00096
MED00328,9,target_curve_mult,-0.00173
MED00329,9,target_curve_mult,0.00484
MED00330,9,target_curve_mult,0.00012
MED00331,9,target_curve_mult,0.00314
MED00332,9,target_curve_mult,0.00236
MED00333,9,target_curve_mult,-0.0005
MED00334,9,target_curve_mult,0.00022
MED00335,9,target_curve_mult,0.00075
MED00336,9,target_curve_mult,0.0049
MED00337,9,target_curve_mult,0.00323
MED00338,9,target_curve_mult,0.00335
MED00339,9,target_curve_mult,-0.00424
MED00340,9,target_curve_mult,0.00871
MED00341,9,target_curve_mult,-0.00678
MED00342,9,target_curve_mult,0.00431
MED00343,9,target_curve_mult,-0.00047
MED00344,9,target_curve_mult,-0.00094
MED00345,9,target_curve_mult,-0.00179
MED00346,9,target_curve_mult,0.00044
MED00347,9,target_curve_mult,-0.0005
MED00348,9,target_curve_mult,-0.00207
MED00349,9,target_curve_mult,0.00012
MED00350,9,target_curve_mult,-0.01119
MED00351,9,target_curve_mult,-0.00489
MED00352,9,target_curve_mult,-0.00281
MED00353,9,target_curve_mult,-0.01291
MED00354,9,target_curve_mult,-0.00975
MED00355,9,target_curve_mult,-0.00086
MED00356,9,target_curve_mult,0.00252
MED00357,9,target_curve_mult,-0.00019
MED00358,9,target_curve_mult,-0.00437
MED00359,9,target_curve_mult,0.00442
MED00360,9,target_curve_mult,-0.00659
MED00362,9,target_curve_mult,-0.0002
MED00363,9,target_curve_mult,-0.00058
MED00364,9,target_curve_mult,-0.00045
MED00365,9,target_curve_mult,0.00142
MED00366,9,target_curve_mult,0.00029
MED00367,9,target_curve_mult,-0.0024
MED00368,9,target_curve_mult,0.00365
MED00369,9,target_curve_mult,-0.00023
MED00370,9,target_curve_mult,-0.00346
MED00371,9,target_curve_mult,0.00059
MED00372,9,target_curve_mult,-0.00128
MED00373,9,target_curve_mult,-0.0002
MED00374,9,target_curve_mult,-0.00141
MED00375,9,target_curve_mult,0.00263
MED00377,9,target_curve_mult,-0.0024
MED00378,9,target_curve_mult,0.00332
MED00379,9,target_curve_mult,-0.02149
MED00380,9,target_curve_mult,-0.00384
MED00381,9,target_curve_mult,-0.00514
MED00382,9,target_curve_mult,-0.00538
MED00383,9,target_curve_mult,-0.00114
MED00384,9,target_curve_mult,0.00299
MED00385,9,target_curve_mult,-0.0009
MED00386,9,target_curve_mult,-0.00094
MED00387,9,target_curve_mult,0.003
MED00388,9,target_curve_mult,0.00286
MED00389,9,target_curve_mult,-0.00259
MED00390,9,target_curve_mult,-0.0096
MED00391,9,target_curve_mult,-0.00588
MED00392,9,target_curve_mult,-0.00609
MED00393,9,target_curve_mult,-0.00911
MED00394,9,target_curve_mult,-0.00299
MED00395,9,target_curve_mult,-0.00559
MED00396,9,target_curve_mult,0.00334
MED00397,9,target_curve_mult,-0.00148
MED00398,9,target_curve_mult,0.02131
MED00399,9,target_curve_mult,0.00451
MED00400,9,target_curve_mult,-0.00735
MED00401,9,target_curve_mult,-0.00646
MED00402,9,target_curve_mult,-0.00792
MED00403,9,target_curve_mult,-0.00116
MED00404,9,target_curve_mult,-0.00123
MED00405,9,target_curve_mult,-0.00127
MED00406,9,target_curve_mult,-0.00037
MED00407,9,target_curve_mult,-0.00869
MED00408,9,target_curve_mult,-0.00527
MED00409,9,target_curve_mult,-0.00897
MED00410,9,target_curve_mult,-0.00501
MED00411,9,target_curve_mult,-0.00878
MED00412,9,target_curve_mult,-0.00173
MED00413,9,target_curve_mult,-0.00396
MED00414,9,target_curve_mult,-0.00591
MED00415,9,target_curve_mult,-0.00153
MED00416,9,target_curve_mult,-0.01011
MED00417,9,target_curve_mult,-0.00053
MED00418,9,target_curve_mult,-0.00338
MED00419,9,target_curve_mult,-0.00104
MED00420,9,target_curve_mult,-0.01318
MED00421,9,target_curve_mult,-0.00915
MED00422,9,target_curve_mult,-0.00548
MED00423,9,target_curve_mult,0.0005
MED00424,9,target_curve_mult,0.00212
MED00001,10,target_curve_mult,0.00015
MED00002,10,target_curve_mult,-0.00332
MED00003,10,target_curve_mult,0.00251
MED00004,10,target_curve_mult,-0.0095
MED00005,10,target_curve_mult,-0.00712
MED00006,10,target_curve_mult,0.00083
MED00007,10,target_curve_mult,0.01024
MED00008,10,target_curve_mult,-0.00083
MED00009,10,target_curve_mult,-0.00065
MED00010,10,target_curve_mult,-0.00084
MED00011,10,target_curve_mult,-0.0126
MED00012,10,target_curve_mult,-0.00043
MED00013,10,target_curve_mult,-0.00059
MED00014,10,target_curve_mult,-0.00088
MED00015,10,target_curve_mult,0.0055
MED00016,10,target_curve_mult,0.00036
MED00017,10,target_curve_mult,-0.00026
MED00018,10,target_curve_mult,-0.00748
MED00019,10,target_curve_mult,0.0024
MED00020,10,target_curve_mult,-0.00174
MED00021,10,target_curve_mult,-0.00112
MED00022,10,target_curve_mult,0.00057
MED00023,10,target_curve_mult,0.00105
MED00024,10,target_curve_mult,-0.00069
MED00025,10,target_curve_mult,-0.00033
MED00026,10,target_curve_mult,0.00446
MED00027,10,target_curve_mult,-0.00107
MED00028,10,target_curve_mult,0.00653
MED00029,10,target_curve_mult,0.00805
MED00030,10,target_curve_mult,0.0083
MED00031,10,target_curve_mult,0.00548
MED00032,10,target_curve_mult,0.00052
MED00033,10,target_curve_mult,-0.00776
MED00034,10,target_curve_mult,-0.00662
MED00035,10,target_curve_mult,-0.0017
MED00036,10,target_curve_mult,-0.00492
MED00037,10,target_curve_mult,0.00137
MED00038,10,target_curve_mult,0.00026
MED00039,10,target_curve_mult,0.00883
MED00040,10,target_curve_mult,-0.00011
MED00041,10,target_curve_mult,0.00127
MED00042,10,target_curve_mult,-0.00278
MED00043,10,target_curve_mult,0.00265
MED00044,10,target_curve_mult,0.00176
MED00045,10,target_curve_mult,-0.01014
MED00046,10,target_curve_mult,-0.0023
MED00047,10,target_curve_mult,0.00413
MED00048,10,target_curve_mult,-0.0002
MED00049,10,target_curve_mult,-0.0022
MED00050,10,target_curve_mult,-0.00091
MED00051,10,target_curve_mult,-0.00657
MED00052,10,target_curve_mult,-0.00236
MED00053,10,target_curve_mult,-0.00251
MED00054,10,target_curve_mult,-0.00025
MED00055,10,target_curve_mult,0.00558
MED00056,10,target_curve_mult,0.00264
MED00058,10,target_curve_mult,0.00196
MED00059,10,target_curve_mult,0.00023
MED00060,10,target_curve_mult,-0.00124
MED00061,10,target_curve_mult,-0.00169
MED00062,10,target_curve_mult,-0.00397
MED00063,10,target_curve_mult,-0.00212
MED00064,10,target_curve_mult,-0.00088
MED00065,10,target_curve_mult,0.00216
MED00066,10,target_curve_mult,0.00513
MED00067,10,target_curve_mult,0.00099
MED00068,10,target_curve_mult,0.00011
MED00069,10,target_curve_mult,0.00014
MED00070,10,target_curve_mult,-0.00013
MED00072,10,target_curve_mult,0.00023
MED00073,10,target_curve_mult,-0.00031
MED00074,10,target_curve_mult,-0.00082
MED00075,10,target_curve_mult,-0.0011
MED00076,10,target_curve_mult,-0.00335
MED00077,10,target_curve_mult,-0.00278
MED00078,10,target_curve_mult,-0.00124
MED00079,10,target_curve_mult,-0.00428
MED00080,10,target_curve_mult,0.00077
MED00081,10,target_curve_mult,0.00099
MED00082,10,target_curve_mult,-0.002
MED00083,10,target_curve_mult,-0.00027
MED00084,10,target_curve_mult,-0.00828
MED00085,10,target_curve_mult,-0.00039
MED00086,10,target_curve_mult,0.01466
MED00087,10,target_curve_mult,0.00087
MED00088,10,target_curve_mult,-0.00061
MED00089,10,target_curve_mult,0.00261
MED00090,10,target_curve_mult,-0.00138
MED00091,10,target_curve_mult,-0.00019
MED00092,10,target_curve_mult,-0.00085
MED00093,10,target_curve_mult,-0.00557
MED00094,10,target_curve_mult,-0.00245
MED00095,10,target_curve_mult,0.00089
MED00096,10,target_curve_mult,-0.00299
MED00097,10,target_curve_mult,-0.00114
MED00098,10,target_curve_mult,-0.00129
MED00099,10,target_curve_mult,-0.00067
MED00100,10,target_curve_mult,-0.00156
MED00101,10,target_curve_mult,0.0057
MED00102,10,target_curve_mult,0.00931
MED00103,10,target_curve_mult,-0.0002
MED00104,10,target_curve_mult,0.00165
MED00105,10,target_curve_mult,-0.0019
MED00106,10,target_curve_mult,0.00051
MED00107,10,target_curve_mult,0.00292
MED00108,10,target_curve_mult,-0.00062
MED00109,10,target_curve_mult,-0.00221
MED00110,10,target_curve_mult,-0.00704
MED00111,10,target_curve_mult,0.00343
MED00112,10,target_curve_mult,-0.00054
MED00113,10,target_curve_mult,-0.00136
MED00114,10,target_curve_mult,0.00054
MED00115,10,target_curve_mult,-0.00091
MED00116,10,target_curve_mult,-0.00176
MED00117,10,target_curve_mult,0.00215
MED00118,10,target_curve_mult,0.00067
MED00119,10,target_curve_mult,0.00018
MED00120,10,target_curve_mult,-0.00502
MED00121,10,target_curve_mult,-0.00053
MED00122,10,target_curve_mult,-0.00086
MED00123,10,target_curve_mult,0.00034
MED00124,10,target_curve_mult,0.0034
MED00125,10,target_curve_mult,-0.00136
MED00126,10,target_curve_mult,-0.00783
MED00127,10,target_curve_mult,-0.00246
MED00128,10,target_curve_mult,-0.00055
MED00129,10,target_curve_mult,-0.00123
MED00130,10,target_curve_mult,0.00085
MED00131,10,target_curve_mult,-0.0015
MED00132,10,target_curve_mult,-0.00042
MED00133,10,target_curve_mult,0.00175
MED00134,10,target_curve_mult,-0.00512
MED00135,10,target_curve_mult,0.00016
MED00136,10,target_curve_mult,-0.00449
MED00137,10,target_curve_mult,-0.00111
MED00138,10,target_curve_mult,-0.00192
MED00139,10,target_curve_mult,0.00056
MED00140,10,target_curve_mult,-0.00168
MED00141,10,target_curve_mult,-0.00191
MED00142,10,target_curve_mult,0.0097
MED00143,10,target_curve_mult,-0.00027
MED00144,10,target_curve_mult,0.00017
MED00145,10,target_curve_mult,-0.00027
MED00146,10,target_curve_mult,0.0048
MED00147,10,target_curve_mult,-0.00223
MED00148,10,target_curve_mult,-0.00152
MED00149,10,target_curve_mult,0.00158
MED00150,10,target_curve_mult,-0.00128
MED00151,10,target_curve_mult,-0.00133
MED00152,10,target_curve_mult,0.00326
MED00153,10,target_curve_mult,-0.00074
MED00154,10,target_curve_mult,-0.0033
MED00155,10,target_curve_mult,0.00256
MED00156,10,target_curve_mult,0.00136
MED00157,10,target_curve_mult,0.00128
MED00158,10,target_curve_mult,-0.00037
MED00159,10,target_curve_mult,0.00096
MED00160,10,target_curve_mult,0.00103
MED00161,10,target_curve_mult,-0.00211
MED00162,10,target_curve_mult,-0.00034
MED00163,10,target_curve_mult,0.00466
MED00164,10,target_curve_mult,-0.00171
MED00165,10,target_curve_mult,0.00303
MED00167,10,target_curve_mult,-0.00014
MED00168,10,target_curve_mult,-0.00235
MED00169,10,target_curve_mult,0.00053
MED00170,10,target_curve_mult,0.00018
MED00171,10,target_curve_mult,0.00284
MED00172,10,target_curve_mult,-0.00139
MED00173,10,target_curve_mult,-0.00116
MED00174,10,target_curve_mult,-0.00119
MED00175,10,target_curve_mult,0.01109
MED00176,10,target_curve_mult,-0.00017
MED00177,10,target_curve_mult,0.005
MED00178,10,target_curve_mult,0.00478
MED00179,10,target_curve_mult,-0.00303
MED00180,10,target_curve_mult,-0.00622
MED00181,10,target_curve_mult,0.00397
MED00182,10,target_curve_mult,0.00435
MED00183,10,target_curve_mult,-0.013
MED00184,10,target_curve_mult,0.00284
MED00185,10,target_curve_mult,-0.00134
MED00186,10,target_curve_mult,0.00209
MED00187,10,target_curve_mult,-0.00093
MED00188,10,target_curve_mult,0.00154
MED00189,10,target_curve_mult,-0.00075
MED00190,10,target_curve_mult,-0.00089
MED00191,10,target_curve_mult,0.00036
MED00192,10,target_curve_mult,-0.00523
MED00193,10,target_curve_mult,-0.00317
MED00194,10,target_curve_mult,-0.0009
MED00195,10,target_curve_mult,0.00678
MED00196,10,target_curve_mult,-0.00097
MED00197,10,target_curve_mult,0.00821
MED00198,10,target_curve_mult,0.00184
MED00199,10,target_curve_mult,0.00347
MED00200,10,target_curve_mult,-0.00127
MED00201,10,target_curve_mult,0.00014
MED00202,10,target_curve_mult,-0.0007
MED00203,10,target_curve_mult,0.00107
MED00204,10,target_curve_mult,-0.00079
MED00205,10,target_curve_mult,-0.00186
MED00207,10,target_curve_mult,-0.00107
MED00208,10,target_curve_mult,0.00071
MED00209,10,target_curve_mult,0.00142
MED00210,10,target_curve_mult,0.00955
MED00211,10,target_curve_mult,-0.00205
MED00212,10,target_curve_mult,-0.00238
MED00213,10,target_curve_mult,-0.01264
MED00214,10,target_curve_mult,0.00132
MED00215,10,target_curve_mult,0.00047
MED00216,10,target_curve_mult,-0.00124
MED00217,10,target_curve_mult,-0.00307
MED00218,10,target_curve_mult,0.00307
MED00219,10,target_curve_mult,-0.00379
MED00221,10,target_curve_mult,-0.00167
MED00222,10,target_curve_mult,0.00351
MED00223,10,target_curve_mult,0.00271
MED00224,10,target_curve_mult,-0.0007
MED00225,10,target_curve_mult,-0.00241
MED00226,10,target_curve_mult,-0.00298
MED00228,10,target_curve_mult,0.00107
MED00229,10,target_curve_mult,-0.00856
MED00231,10,target_curve_mult,-0.00194
MED00232,10,target_curve_mult,-0.00183
MED00233,10,target_curve_mult,0.00313
MED00234,10,target_curve_mult,-0.00101
MED00235,10,target_curve_mult,-0.00091
MED00236,10,target_curve_mult,-0.00106
MED00238,10,target_curve_mult,0.00131
MED00239,10,target_curve_mult,-0.00185
MED00240,10,target_curve_mult,-0.00129
MED00241,10,target_curve_mult,0.00021
MED00242,10,target_curve_mult,0.00773
MED00243,10,target_curve_mult,-0.00611
MED00244,10,target_curve_mult,0.00141
MED00245,10,target_curve_mult,-0.00227
MED00246,10,target_curve_mult,-0.00172
MED00247,10,target_curve_mult,0.00012
MED00248,10,target_curve_mult,-0.00161
MED00249,10,target_curve_mult,-0.01513
MED00250,10,target_curve_mult,-0.00443
MED00251,10,target_curve_mult,0.00114
MED00252,10,target_curve_mult,-0.00331
MED00253,10,target_curve_mult,0.00325
MED00254,10,target_curve_mult,-0.00402
MED00255,10,target_curve_mult,-0.00335
MED00256,10,target_curve_mult,0.00035
MED00258,10,target_curve_mult,-0.00143
MED00259,10,target_curve_mult,-0.00032
MED00260,10,target_curve_mult,-0.01141
MED00261,10,target_curve_mult,-0.00503
MED00262,10,target_curve_mult,0.00039
MED00263,10,target_curve_mult,0.0011
MED00264,10,target_curve_mult,-0.00354
MED00265,10,target_curve_mult,0.00419
MED00266,10,target_curve_mult,-0.0046
MED00267,10,target_curve_mult,-0.00344
MED00268,10,target_curve_mult,-0.00105
MED00269,10,target_curve_mult,-0.00184
MED00270,10,target_curve_mult,0.00217
MED00271,10,target_curve_mult,-0.00259
MED00272,10,target_curve_mult,-0.0021
MED00273,10,target_curve_mult,-0.00047
MED00274,10,target_curve_mult,-0.0008
MED00276,10,target_curve_mult,-0.00029
MED00277,10,target_curve_mult,-0.00072
MED00278,10,target_curve_mult,0.0035
MED00279,10,target_curve_mult,0.00103
MED00280,10,target_curve_mult,-0.00107
MED00281,10,target_curve_mult,0.00017
MED00282,10,target_curve_mult,-0.00235
MED00283,10,target_curve_mult,0.00025
MED00284,10,target_curve_mult,0.00076
MED00285,10,target_curve_mult,0.00446
MED00286,10,target_curve_mult,0.00134
MED00287,10,target_curve_mult,-0.00013
MED00288,10,target_curve_mult,-0.00101
MED00289,10,target_curve_mult,-0.00107
MED00290,10,target_curve_mult,-0.0009
MED00291,10,target_curve_mult,-0.00371
MED00292,10,target_curve_mult,0.00226
MED00293,10,target_curve_mult,-0.00317
MED00294,10,target_curve_mult,-0.00171
MED00295,10,target_curve_mult,0.00039
MED00296,10,target_curve_mult,-0.0006
MED00297,10,target_curve_mult,-0.00208
MED00298,10,target_curve_mult,-0.0006
MED00299,10,target_curve_mult,-0.00579
MED00300,10,target_curve_mult,-0.0079
MED00301,10,target_curve_mult,-0.00191
MED00302,10,target_curve_mult,0.00099
MED00303,10,target_curve_mult,0.00915
MED00304,10,target_curve_mult,-0.002
MED00305,10,target_curve_mult,0.00095
MED00306,10,target_curve_mult,0.00537
MED00307,10,target_curve_mult,0.00013
MED00308,10,target_curve_mult,-0.00377
MED00309,10,target_curve_mult,-0.00134
MED00310,10,target_curve_mult,-0.00124
MED00311,10,target_curve_mult,0.00807
MED00312,10,target_curve_mult,0.00272
MED00313,10,target_curve_mult,-0.00975
MED00314,10,target_curve_mult,-0.001
MED00315,10,target_curve_mult,-0.00091
MED00316,10,target_curve_mult,-0.00077
MED00318,10,target_curve_mult,-0.00063
MED00319,10,target_curve_mult,0.0017
MED00320,10,target_curve_mult,-0.00021
MED00321,10,target_curve_mult,-0.02297
MED00322,10,target_curve_mult,-0.0016
MED00323,10,target_curve_mult,0.00284
MED00324,10,target_curve_mult,0.00439
MED00325,10,target_curve_mult,-0.00157
MED00326,10,target_curve_mult,0.00097
MED00327,10,target_curve_mult,1e-04
MED00328,10,target_curve_mult,-0.00144
MED00329,10,target_curve_mult,0.00244
MED00330,10,target_curve_mult,0.00051
MED00331,10,target_curve_mult,0.00178
MED00332,10,target_curve_mult,0.00052
MED00333,10,target_curve_mult,-0.00069
MED00334,10,target_curve_mult,-0.00122
MED00335,10,target_curve_mult,0.00139
MED00336,10,target_curve_mult,0.00217
MED00337,10,target_curve_mult,0.00089
MED00338,10,target_curve_mult,0.00317
MED00339,10,target_curve_mult,-0.00104
MED00340,10,target_curve_mult,0.01245
MED00341,10,target_curve_mult,-0.00393
MED00342,10,target_curve_mult,0.0019
MED00343,10,target_curve_mult,-0.00022
MED00344,10,target_curve_mult,0.00115
MED00345,10,target_curve_mult,-0.00211
MED00346,10,target_curve_mult,0.00017
MED00347,10,target_curve_mult,-0.00087
MED00348,10,target_curve_mult,-0.00193
MED00349,10,target_curve_mult,-0.00032
MED00350,10,target_curve_mult,-0.01274
MED00351,10,target_curve_mult,-0.00558
MED00352,10,target_curve_mult,-0.00351
MED00353,10,target_curve_mult,-0.01415
MED00354,10,target_curve_mult,-0.01095
MED00355,10,target_curve_mult,-0.00052
MED00356,10,target_curve_mult,0.00097
MED00357,10,target_curve_mult,-0.00341
MED00358,10,target_curve_mult,-0.00169
MED00359,10,target_curve_mult,0.00176
MED00360,10,target_curve_mult,-0.00193
MED00362,10,target_curve_mult,0.00062
MED00363,10,target_curve_mult,-0.00093
MED00365,10,target_curve_mult,-0.00178
MED00366,10,target_curve_mult,-0.00078
MED00367,10,target_curve_mult,-0.00189
MED00368,10,target_curve_mult,0.00204
MED00369,10,target_curve_mult,0.00024
MED00370,10,target_curve_mult,-0.00341
MED00371,10,target_curve_mult,0.0013
MED00372,10,target_curve_mult,-0.00158
MED00373,10,target_curve_mult,-0.00072
MED00374,10,target_curve_mult,0.00151
MED00375,10,target_curve_mult,0.00196
MED00376,10,target_curve_mult,0.00017
MED00377,10,target_curve_mult,-0.00753
MED00378,10,target_curve_mult,0.00103
MED00379,10,target_curve_mult,-0.02941
MED00380,10,target_curve_mult,-0.00537
MED00381,10,target_curve_mult,-0.00563
MED00382,10,target_curve_mult,-0.00256
MED00383,10,target_curve_mult,-0.00132
MED00384,10,target_curve_mult,0.00159
MED00385,10,target_curve_mult,-0.00176
MED00386,10,target_curve_mult,-0.00083
MED00387,10,target_curve_mult,0.00064
MED00388,10,target_curve_mult,0.00439
MED00390,10,target_curve_mult,-0.00451
MED00391,10,target_curve_mult,-0.00318
MED00392,10,target_curve_mult,-0.00325
MED00393,10,target_curve_mult,-0.0066
MED00395,10,target_curve_mult,-0.00289
MED00396,10,target_curve_mult,0.00286
MED00397,10,target_curve_mult,-0.00512
MED00398,10,target_curve_mult,0.00509
MED00399,10,target_curve_mult,0.00369
MED00400,10,target_curve_mult,-0.00702
MED00401,10,target_curve_mult,-0.00412
MED00402,10,target_curve_mult,-0.00568
MED00403,10,target_curve_mult,0.00156
MED00404,10,target_curve_mult,-0.00139
MED00405,10,target_curve_mult,-0.00154
MED00406,10,target_curve_mult,-0.00142
MED00407,10,target_curve_mult,-0.00603
MED00408,10,target_curve_mult,-0.0029
MED00409,10,target_curve_mult,-0.00625
MED00410,10,target_curve_mult,-0.00203
MED00411,10,target_curve_mult,-0.00378
MED00412,10,target_curve_mult,0.00074
MED00413,10,target_curve_mult,-0.00116
MED00414,10,target_curve_mult,-0.00342
MED00415,10,target_curve_mult,0.00095
MED00416,10,target_curve_mult,-0.00739
MED00417,10,target_curve_mult,-0.00133
MED00418,10,target_curve_mult,-0.00061
MED00419,10,target_curve_mult,-0.00141
MED00420,10,target_curve_mult,-0.00869
MED00421,10,target_curve_mult,-0.00689
MED00422,10,target_curve_mult,-0.00277
MED00423,10,target_curve_mult,0.001
MED00424,10,target_curve_mult,0.00446
MED00001,11,target_curve_mult,0.00104
MED00002,11,target_curve_mult,-0.00172
MED00003,11,target_curve_mult,0.00254
MED00004,11,target_curve_mult,-0.0102
MED00005,11,target_curve_mult,-0.00652
MED00007,11,target_curve_mult,0.00959
MED00008,11,target_curve_mult,-0.00155
MED00009,11,target_curve_mult,0.00045
MED00010,11,target_curve_mult,-0.0006
MED00011,11,target_curve_mult,-0.00906
MED00012,11,target_curve_mult,-0.00043
MED00013,11,target_curve_mult,-0.00317
MED00014,11,target_curve_mult,-0.00191
MED00015,11,target_curve_mult,0.00356
MED00017,11,target_curve_mult,-0.00057
MED00018,11,target_curve_mult,-0.0055
MED00019,11,target_curve_mult,0.00632
MED00020,11,target_curve_mult,-0.00282
MED00021,11,target_curve_mult,-0.00059
MED00022,11,target_curve_mult,0.00141
MED00023,11,target_curve_mult,-0.00132
MED00024,11,target_curve_mult,-0.00019
MED00025,11,target_curve_mult,-0.00274
MED00026,11,target_curve_mult,0.00449
MED00027,11,target_curve_mult,-0.00334
MED00028,11,target_curve_mult,0.00524
MED00029,11,target_curve_mult,0.00924
MED00030,11,target_curve_mult,0.00948
MED00031,11,target_curve_mult,0.00743
MED00032,11,target_curve_mult,0.00218
MED00033,11,target_curve_mult,-0.00796
MED00034,11,target_curve_mult,-0.00614
MED00035,11,target_curve_mult,-0.00557
MED00036,11,target_curve_mult,-0.00648
MED00037,11,target_curve_mult,0.00073
MED00038,11,target_curve_mult,0.00096
MED00039,11,target_curve_mult,0.0101
MED00040,11,target_curve_mult,-0.00063
MED00041,11,target_curve_mult,0.00279
MED00042,11,target_curve_mult,-0.002
MED00043,11,target_curve_mult,-0.00106
MED00044,11,target_curve_mult,0.00231
MED00045,11,target_curve_mult,-0.01002
MED00046,11,target_curve_mult,-0.00067
MED00047,11,target_curve_mult,0.00035
MED00049,11,target_curve_mult,-0.00171
MED00050,11,target_curve_mult,-0.00018
MED00051,11,target_curve_mult,-0.00732
MED00052,11,target_curve_mult,-0.00285
MED00053,11,target_curve_mult,-0.00125
MED00054,11,target_curve_mult,0.00077
MED00055,11,target_curve_mult,-0.00376
MED00056,11,target_curve_mult,0.0017
MED00057,11,target_curve_mult,-0.00055
MED00058,11,target_curve_mult,0.00077
MED00059,11,target_curve_mult,0.00337
MED00060,11,target_curve_mult,0.00037
MED00061,11,target_curve_mult,0.00225
MED00062,11,target_curve_mult,0.00148
MED00063,11,target_curve_mult,-0.00245
MED00064,11,target_curve_mult,-0.00337
MED00065,11,target_curve_mult,0.00119
MED00066,11,target_curve_mult,0.00343
MED00067,11,target_curve_mult,0.00136
MED00068,11,target_curve_mult,0.00076
MED00069,11,target_curve_mult,0.00069
MED00070,11,target_curve_mult,-0.0015
MED00071,11,target_curve_mult,0.00053
MED00072,11,target_curve_mult,0.0008
MED00073,11,target_curve_mult,0.00106
MED00074,11,target_curve_mult,-0.00027
MED00075,11,target_curve_mult,-0.0008
MED00076,11,target_curve_mult,-0.0017
MED00077,11,target_curve_mult,-0.00222
MED00078,11,target_curve_mult,-0.00077
MED00079,11,target_curve_mult,-0.00139
MED00080,11,target_curve_mult,0.00148
MED00081,11,target_curve_mult,0.00054
MED00082,11,target_curve_mult,-0.00132
MED00083,11,target_curve_mult,0.00046
MED00084,11,target_curve_mult,-0.01331
MED00085,11,target_curve_mult,-0.00078
MED00086,11,target_curve_mult,-0.00238
MED00087,11,target_curve_mult,0.00039
MED00088,11,target_curve_mult,-0.00388
MED00089,11,target_curve_mult,0.00283
MED00090,11,target_curve_mult,-0.00178
MED00091,11,target_curve_mult,0.00037
MED00092,11,target_curve_mult,-0.00179
MED00093,11,target_curve_mult,-0.00413
MED00094,11,target_curve_mult,-0.00127
MED00096,11,target_curve_mult,-0.00199
MED00097,11,target_curve_mult,0.0002
MED00098,11,target_curve_mult,-0.00113
MED00099,11,target_curve_mult,-0.00294
MED00100,11,target_curve_mult,-0.00218
MED00101,11,target_curve_mult,0.00659
MED00102,11,target_curve_mult,0.00901
MED00103,11,target_curve_mult,-0.00049
MED00104,11,target_curve_mult,0.00127
MED00105,11,target_curve_mult,-0.0014
MED00106,11,target_curve_mult,-0.00294
MED00107,11,target_curve_mult,0.00175
MED00108,11,target_curve_mult,-0.00023
MED00109,11,target_curve_mult,-0.00285
MED00110,11,target_curve_mult,-0.0081
MED00111,11,target_curve_mult,-0.00035
MED00112,11,target_curve_mult,-0.00091
MED00113,11,target_curve_mult,-0.00177
MED00114,11,target_curve_mult,0.00024
MED00115,11,target_curve_mult,-0.00135
MED00116,11,target_curve_mult,-0.00217
MED00117,11,target_curve_mult,0.00172
MED00120,11,target_curve_mult,-0.00401
MED00121,11,target_curve_mult,-0.00064
MED00122,11,target_curve_mult,-0.00144
MED00123,11,target_curve_mult,0.00137
MED00124,11,target_curve_mult,0.003
MED00125,11,target_curve_mult,-0.00078
MED00126,11,target_curve_mult,-0.00852
MED00127,11,target_curve_mult,-0.00155
MED00128,11,target_curve_mult,-0.00101
MED00129,11,target_curve_mult,-0.00134
MED00130,11,target_curve_mult,-0.00224
MED00131,11,target_curve_mult,-0.00019
MED00132,11,target_curve_mult,0.00122
MED00133,11,target_curve_mult,0.00392
MED00134,11,target_curve_mult,-0.00618
MED00135,11,target_curve_mult,0.00057
MED00136,11,target_curve_mult,-0.00309
MED00137,11,target_curve_mult,-0.00131
MED00138,11,target_curve_mult,-0.00176
MED00139,11,target_curve_mult,-0.00028
MED00140,11,target_curve_mult,-0.00169
MED00141,11,target_curve_mult,-0.00068
MED00142,11,target_curve_mult,-0.00048
MED00143,11,target_curve_mult,-0.00023
MED00144,11,target_curve_mult,-0.00133
MED00145,11,target_curve_mult,-0.00043
MED00146,11,target_curve_mult,0.0035
MED00147,11,target_curve_mult,-0.00058
MED00148,11,target_curve_mult,0.00016
MED00149,11,target_curve_mult,-0.00105
MED00150,11,target_curve_mult,0.00065
MED00151,11,target_curve_mult,-0.00182
MED00152,11,target_curve_mult,0.00297
MED00153,11,target_curve_mult,-0.00076
MED00154,11,target_curve_mult,-0.00344
MED00155,11,target_curve_mult,0.00144
MED00156,11,target_curve_mult,0.00238
MED00157,11,target_curve_mult,0.00096
MED00158,11,target_curve_mult,-0.00284
MED00159,11,target_curve_mult,0.0026
MED00160,11,target_curve_mult,-0.00023
MED00161,11,target_curve_mult,-0.00239
MED00162,11,target_curve_mult,-0.00125
MED00163,11,target_curve_mult,0.0016
MED00164,11,target_curve_mult,-0.00037
MED00165,11,target_curve_mult,0.00893
MED00166,11,target_curve_mult,-0.00032
MED00167,11,target_curve_mult,-0.0007
MED00168,11,target_curve_mult,-0.00108
MED00169,11,target_curve_mult,-0.00204
MED00170,11,target_curve_mult,-0.00107
MED00171,11,target_curve_mult,0.00168
MED00172,11,target_curve_mult,-0.0013
MED00173,11,target_curve_mult,-0.00101
MED00174,11,target_curve_mult,-0.00336
MED00175,11,target_curve_mult,0.00455
MED00176,11,target_curve_mult,0.00116
MED00177,11,target_curve_mult,0.00252
MED00178,11,target_curve_mult,0.00587
MED00179,11,target_curve_mult,-0.00388
MED00180,11,target_curve_mult,-0.00893
MED00181,11,target_curve_mult,0.00363
MED00182,11,target_curve_mult,0.002
MED00183,11,target_curve_mult,-0.0037
MED00184,11,target_curve_mult,0.00241
MED00185,11,target_curve_mult,-0.00079
MED00186,11,target_curve_mult,0.00077
MED00188,11,target_curve_mult,0.00123
MED00189,11,target_curve_mult,-0.00072
MED00190,11,target_curve_mult,-0.00132
MED00192,11,target_curve_mult,-0.00547
MED00193,11,target_curve_mult,-0.00331
MED00194,11,target_curve_mult,0.00051
MED00195,11,target_curve_mult,0.00841
MED00196,11,target_curve_mult,1e-04
MED00197,11,target_curve_mult,0.00876
MED00198,11,target_curve_mult,0.00161
MED00199,11,target_curve_mult,0.00495
MED00200,11,target_curve_mult,-0.00097
MED00201,11,target_curve_mult,0.00131
MED00202,11,target_curve_mult,-0.00079
MED00203,11,target_curve_mult,0.00065
MED00204,11,target_curve_mult,-0.00111
MED00205,11,target_curve_mult,-0.00181
MED00206,11,target_curve_mult,-0.00113
MED00207,11,target_curve_mult,-0.00157
MED00208,11,target_curve_mult,0.00046
MED00209,11,target_curve_mult,0.00295
MED00210,11,target_curve_mult,-0.00322
MED00211,11,target_curve_mult,-0.00096
MED00212,11,target_curve_mult,-0.00075
MED00213,11,target_curve_mult,-0.0136
MED00214,11,target_curve_mult,-0.00146
MED00215,11,target_curve_mult,-0.00047
MED00216,11,target_curve_mult,-0.00111
MED00217,11,target_curve_mult,-0.00076
MED00218,11,target_curve_mult,0.00278
MED00219,11,target_curve_mult,0.0002
MED00220,11,target_curve_mult,-0.00015
MED00222,11,target_curve_mult,-0.00192
MED00223,11,target_curve_mult,0.00133
MED00224,11,target_curve_mult,-0.00094
MED00225,11,target_curve_mult,-0.0015
MED00226,11,target_curve_mult,-0.00146
MED00227,11,target_curve_mult,-0.00143
MED00228,11,target_curve_mult,0.00325
MED00229,11,target_curve_mult,-0.00963
MED00230,11,target_curve_mult,-0.00179
MED00231,11,target_curve_mult,0.00051
MED00232,11,target_curve_mult,-0.00054
MED00233,11,target_curve_mult,0.00425
MED00234,11,target_curve_mult,-0.00153
MED00236,11,target_curve_mult,-0.00146
MED00237,11,target_curve_mult,0.00107
MED00238,11,target_curve_mult,-0.00146
MED00239,11,target_curve_mult,-0.00121
MED00240,11,target_curve_mult,0.00013
MED00241,11,target_curve_mult,-0.00043
MED00242,11,target_curve_mult,0.00969
MED00243,11,target_curve_mult,-0.00452
MED00244,11,target_curve_mult,-0.00061
MED00245,11,target_curve_mult,-0.00629
MED00246,11,target_curve_mult,-0.00083
MED00247,11,target_curve_mult,-0.00255
MED00249,11,target_curve_mult,-0.00394
MED00250,11,target_curve_mult,0.00081
MED00251,11,target_curve_mult,0.00077
MED00252,11,target_curve_mult,-0.00303
MED00254,11,target_curve_mult,-0.0073
MED00255,11,target_curve_mult,-0.00107
MED00257,11,target_curve_mult,0.00051
MED00258,11,target_curve_mult,-0.00145
MED00259,11,target_curve_mult,-0.00054
MED00260,11,target_curve_mult,-0.01082
MED00261,11,target_curve_mult,-0.00637
MED00262,11,target_curve_mult,0.00105
MED00263,11,target_curve_mult,0.00075
MED00264,11,target_curve_mult,-0.00422
MED00265,11,target_curve_mult,0.00288
MED00266,11,target_curve_mult,-0.00316
MED00267,11,target_curve_mult,-0.00231
MED00268,11,target_curve_mult,-0.00063
MED00269,11,target_curve_mult,-0.00225
MED00270,11,target_curve_mult,0.00174
MED00271,11,target_curve_mult,-0.00322
MED00272,11,target_curve_mult,-0.00109
MED00273,11,target_curve_mult,0.00011
MED00274,11,target_curve_mult,0.00084
MED00275,11,target_curve_mult,0.001
MED00276,11,target_curve_mult,-0.00039
MED00277,11,target_curve_mult,-0.00058
MED00278,11,target_curve_mult,0.00222
MED00279,11,target_curve_mult,0.0002
MED00280,11,target_curve_mult,-0.00147
MED00281,11,target_curve_mult,0.00059
MED00282,11,target_curve_mult,-0.00147
MED00283,11,target_curve_mult,0.00063
MED00284,11,target_curve_mult,0.00139
MED00285,11,target_curve_mult,0.00296
MED00286,11,target_curve_mult,0.00174
MED00288,11,target_curve_mult,-0.01836
MED00289,11,target_curve_mult,0.00056
MED00290,11,target_curve_mult,-0.00114
MED00291,11,target_curve_mult,-0.00411
MED00292,11,target_curve_mult,0.00377
MED00293,11,target_curve_mult,-0.00306
MED00294,11,target_curve_mult,-0.00085
MED00295,11,target_curve_mult,0.00042
MED00296,11,target_curve_mult,-0.00067
MED00297,11,target_curve_mult,-0.00257
MED00298,11,target_curve_mult,-0.00093
MED00299,11,target_curve_mult,-0.0005
MED00300,11,target_curve_mult,-0.00821
MED00301,11,target_curve_mult,-0.00207
MED00302,11,target_curve_mult,0.00063
MED00303,11,target_curve_mult,0.00983
MED00304,11,target_curve_mult,-0.00144
MED00305,11,target_curve_mult,0.00064
MED00306,11,target_curve_mult,-0.00305
MED00307,11,target_curve_mult,-0.00197
MED00308,11,target_curve_mult,-0.00334
MED00309,11,target_curve_mult,-0.00088
MED00310,11,target_curve_mult,-0.0004
MED00311,11,target_curve_mult,0.00914
MED00312,11,target_curve_mult,0.00402
MED00313,11,target_curve_mult,-0.00642
MED00314,11,target_curve_mult,-0.00214
MED00315,11,target_curve_mult,-0.0015
MED00316,11,target_curve_mult,-0.00164
MED00317,11,target_curve_mult,-0.00021
MED00318,11,target_curve_mult,0.00063
MED00319,11,target_curve_mult,0.0006
MED00320,11,target_curve_mult,-0.00139
MED00321,11,target_curve_mult,-0.02246
MED00322,11,target_curve_mult,-0.00161
MED00323,11,target_curve_mult,0.00446
MED00324,11,target_curve_mult,0.00654
MED00325,11,target_curve_mult,-0.00128
MED00326,11,target_curve_mult,-0.00239
MED00327,11,target_curve_mult,-0.00074
MED00328,11,target_curve_mult,-0.00129
MED00329,11,target_curve_mult,0.00207
MED00330,11,target_curve_mult,0.00029
MED00331,11,target_curve_mult,0.00071
MED00332,11,target_curve_mult,-0.0018
MED00333,11,target_curve_mult,-0.00402
MED00334,11,target_curve_mult,-0.00143
MED00335,11,target_curve_mult,0.00062
MED00336,11,target_curve_mult,0.00177
MED00337,11,target_curve_mult,-0.00541
MED00338,11,target_curve_mult,0.00311
MED00339,11,target_curve_mult,0.00026
MED00340,11,target_curve_mult,0.01391
MED00341,11,target_curve_mult,-0.00257
MED00342,11,target_curve_mult,0.00087
MED00343,11,target_curve_mult,-0.00056
MED00344,11,target_curve_mult,0.0013
MED00345,11,target_curve_mult,-0.00225
MED00346,11,target_curve_mult,0.00033
MED00347,11,target_curve_mult,-0.00116
MED00348,11,target_curve_mult,-0.00192
MED00349,11,target_curve_mult,-0.0006
MED00350,11,target_curve_mult,-0.01226
MED00351,11,target_curve_mult,-0.00617
MED00352,11,target_curve_mult,-0.00457
MED00353,11,target_curve_mult,-0.01434
MED00354,11,target_curve_mult,-0.01167
MED00355,11,target_curve_mult,-0.00072
MED00356,11,target_curve_mult,0.00023
MED00357,11,target_curve_mult,-0.0022
MED00358,11,target_curve_mult,-0.00084
MED00359,11,target_curve_mult,0.00141
MED00360,11,target_curve_mult,-0.00081
MED00361,11,target_curve_mult,-0.00109
MED00362,11,target_curve_mult,0.00029
MED00363,11,target_curve_mult,-0.00139
MED00364,11,target_curve_mult,-0.00018
MED00365,11,target_curve_mult,-0.00203
MED00366,11,target_curve_mult,0.00052
MED00367,11,target_curve_mult,-0.00139
MED00368,11,target_curve_mult,0.00164
MED00369,11,target_curve_mult,0.00041
MED00370,11,target_curve_mult,-0.00252
MED00371,11,target_curve_mult,0.00173
MED00372,11,target_curve_mult,-0.00105
MED00373,11,target_curve_mult,-0.00079
MED00374,11,target_curve_mult,0.00276
MED00375,11,target_curve_mult,0.00177
MED00376,11,target_curve_mult,-0.0004
MED00377,11,target_curve_mult,-0.00741
MED00378,11,target_curve_mult,0.00052
MED00379,11,target_curve_mult,-0.02883
MED00380,11,target_curve_mult,-0.006
MED00381,11,target_curve_mult,-0.00667
MED00382,11,target_curve_mult,-0.00061
MED00383,11,target_curve_mult,-0.00184
MED00384,11,target_curve_mult,0.00123
MED00385,11,target_curve_mult,-0.00072
MED00386,11,target_curve_mult,-0.00047
MED00387,11,target_curve_mult,0.0004
MED00388,11,target_curve_mult,0.00286
MED00389,11,target_curve_mult,0.00102
MED00390,11,target_curve_mult,-0.00185
MED00391,11,target_curve_mult,-0.0022
MED00392,11,target_curve_mult,-0.00216
MED00393,11,target_curve_mult,-0.00113
MED00394,11,target_curve_mult,0.00107
MED00395,11,target_curve_mult,-0.00179
MED00396,11,target_curve_mult,0.00512
MED00397,11,target_curve_mult,-0.01121
MED00398,11,target_curve_mult,0.00302
MED00399,11,target_curve_mult,0.00288
MED00400,11,target_curve_mult,-0.00575
MED00401,11,target_curve_mult,-0.00166
MED00402,11,target_curve_mult,-0.00464
MED00403,11,target_curve_mult,-0.00106
MED00404,11,target_curve_mult,-0.00152
MED00405,11,target_curve_mult,-0.00178
MED00406,11,target_curve_mult,-0.00246
MED00407,11,target_curve_mult,-0.005
MED00408,11,target_curve_mult,-0.00213
MED00409,11,target_curve_mult,-0.00057
MED00412,11,target_curve_mult,0.00159
MED00413,11,target_curve_mult,-0.00011
MED00414,11,target_curve_mult,-0.00242
MED00415,11,target_curve_mult,0.00196
MED00416,11,target_curve_mult,-0.00183
MED00418,11,target_curve_mult,0.00029
MED00419,11,target_curve_mult,0.00024
MED00420,11,target_curve_mult,-0.00603
MED00421,11,target_curve_mult,-0.00627
MED00422,11,target_curve_mult,-0.00147
MED00423,11,target_curve_mult,0.00108
MED00424,11,target_curve_mult,0.00074
MED00001,12,target_curve_mult,0.00172
MED00002,12,target_curve_mult,-0.00173
MED00003,12,target_curve_mult,-0.00206
MED00004,12,target_curve_mult,-0.01029
MED00005,12,target_curve_mult,-0.00671
MED00006,12,target_curve_mult,-0.00211
MED00007,12,target_curve_mult,0.00875
MED00008,12,target_curve_mult,-0.00128
MED00009,12,target_curve_mult,0.00103
MED00010,12,target_curve_mult,-0.0003
MED00011,12,target_curve_mult,-0.00287
MED00012,12,target_curve_mult,-0.00048
MED00013,12,target_curve_mult,-0.00143
MED00014,12,target_curve_mult,-0.00425
MED00015,12,target_curve_mult,0.00174
MED00016,12,target_curve_mult,-0.0006
MED00017,12,target_curve_mult,-0.00069
MED00018,12,target_curve_mult,-0.00225
MED00019,12,target_curve_mult,0.00658
MED00020,12,target_curve_mult,0.00134
MED00022,12,target_curve_mult,0.00186
MED00023,12,target_curve_mult,-0.00063
MED00024,12,target_curve_mult,0.00037
MED00025,12,target_curve_mult,-0.00307
MED00026,12,target_curve_mult,0.00219
MED00027,12,target_curve_mult,-0.00358
MED00028,12,target_curve_mult,0.0022
MED00029,12,target_curve_mult,0.00993
MED00030,12,target_curve_mult,0.01
MED00031,12,target_curve_mult,0.00781
MED00032,12,target_curve_mult,0.00266
MED00033,12,target_curve_mult,-0.00786
MED00034,12,target_curve_mult,-0.00083
MED00035,12,target_curve_mult,-0.00699
MED00036,12,target_curve_mult,-0.00639
MED00037,12,target_curve_mult,0.00147
MED00038,12,target_curve_mult,0.00162
MED00039,12,target_curve_mult,0.00928
MED00040,12,target_curve_mult,-0.00043
MED00041,12,target_curve_mult,0.00183
MED00042,12,target_curve_mult,-0.00142
MED00043,12,target_curve_mult,-0.00171
MED00044,12,target_curve_mult,0.00287
MED00045,12,target_curve_mult,-0.00977
MED00046,12,target_curve_mult,-0.00013
MED00047,12,target_curve_mult,-0.00218
MED00048,12,target_curve_mult,0.00046
MED00049,12,target_curve_mult,-0.00133
MED00051,12,target_curve_mult,-0.00736
MED00052,12,target_curve_mult,-0.00226
MED00053,12,target_curve_mult,-0.00083
MED00054,12,target_curve_mult,0.00133
MED00055,12,target_curve_mult,-0.00674
MED00056,12,target_curve_mult,-0.00166
MED00057,12,target_curve_mult,-0.00116
MED00058,12,target_curve_mult,-0.00157
MED00059,12,target_curve_mult,-0.00238
MED00060,12,target_curve_mult,0.00088
MED00061,12,target_curve_mult,0.0023
MED00062,12,target_curve_mult,0.00216
MED00063,12,target_curve_mult,-0.00163
MED00064,12,target_curve_mult,-0.00714
MED00065,12,target_curve_mult,0.00097
MED00066,12,target_curve_mult,0.00155
MED00067,12,target_curve_mult,0.00056
MED00068,12,target_curve_mult,0.00122
MED00069,12,target_curve_mult,0.00126
MED00070,12,target_curve_mult,0.002
MED00071,12,target_curve_mult,0.00111
MED00072,12,target_curve_mult,0.00099
MED00073,12,target_curve_mult,0.0016
MED00074,12,target_curve_mult,0.0003
MED00075,12,target_curve_mult,-0.00033
MED00076,12,target_curve_mult,-0.00091
MED00077,12,target_curve_mult,-0.00154
MED00078,12,target_curve_mult,-0.00015
MED00079,12,target_curve_mult,0.00369
MED00080,12,target_curve_mult,0.00162
MED00081,12,target_curve_mult,0.00068
MED00082,12,target_curve_mult,-0.00076
MED00083,12,target_curve_mult,0.00104
MED00084,12,target_curve_mult,-0.01344
MED00085,12,target_curve_mult,-0.00097
MED00086,12,target_curve_mult,-0.00113
MED00087,12,target_curve_mult,-0.00053
MED00088,12,target_curve_mult,-0.00471
MED00089,12,target_curve_mult,0.00178
MED00090,12,target_curve_mult,-0.00139
MED00091,12,target_curve_mult,0.00093
MED00092,12,target_curve_mult,-0.00187
MED00093,12,target_curve_mult,-0.00431
MED00094,12,target_curve_mult,-0.00125
MED00095,12,target_curve_mult,-0.00024
MED00096,12,target_curve_mult,0.00041
MED00097,12,target_curve_mult,0.00126
MED00098,12,target_curve_mult,-0.00049
MED00099,12,target_curve_mult,-0.00362
MED00100,12,target_curve_mult,-0.00118
MED00101,12,target_curve_mult,0.00525
MED00102,12,target_curve_mult,0.00967
MED00104,12,target_curve_mult,0.00117
MED00105,12,target_curve_mult,-0.00074
MED00106,12,target_curve_mult,-0.00279
MED00107,12,target_curve_mult,0.00073
MED00108,12,target_curve_mult,-0.00015
MED00109,12,target_curve_mult,-0.00295
MED00110,12,target_curve_mult,-0.00815
MED00111,12,target_curve_mult,-0.00095
MED00112,12,target_curve_mult,-0.00052
MED00113,12,target_curve_mult,-0.00182
MED00114,12,target_curve_mult,1e-04
MED00115,12,target_curve_mult,-0.00123
MED00116,12,target_curve_mult,-0.00037
MED00117,12,target_curve_mult,0.00161
MED00118,12,target_curve_mult,-0.00211
MED00119,12,target_curve_mult,-0.00023
MED00120,12,target_curve_mult,-0.00139
MED00121,12,target_curve_mult,-0.00046
MED00122,12,target_curve_mult,-0.00167
MED00123,12,target_curve_mult,0.00161
MED00124,12,target_curve_mult,0.00287
MED00125,12,target_curve_mult,-0.00037
MED00126,12,target_curve_mult,-0.00866
MED00127,12,target_curve_mult,-0.00104
MED00128,12,target_curve_mult,-0.00122
MED00129,12,target_curve_mult,-0.00203
MED00130,12,target_curve_mult,-0.0021
MED00131,12,target_curve_mult,0.0004
MED00132,12,target_curve_mult,0.00192
MED00133,12,target_curve_mult,0.00327
MED00134,12,target_curve_mult,-0.00623
MED00135,12,target_curve_mult,0.00173
MED00136,12,target_curve_mult,-0.00208
MED00138,12,target_curve_mult,-0.00121
MED00139,12,target_curve_mult,-0.00052
MED00140,12,target_curve_mult,-0.00184
MED00141,12,target_curve_mult,-0.00022
MED00142,12,target_curve_mult,-0.00369
MED00144,12,target_curve_mult,-0.00125
MED00145,12,target_curve_mult,-0.00079
MED00146,12,target_curve_mult,0.00316
MED00148,12,target_curve_mult,0.00063
MED00149,12,target_curve_mult,-0.00107
MED00150,12,target_curve_mult,0.00037
MED00151,12,target_curve_mult,-0.00177
MED00152,12,target_curve_mult,0.00215
MED00153,12,target_curve_mult,-0.00116
MED00154,12,target_curve_mult,-0.0036
MED00155,12,target_curve_mult,0.00125
MED00156,12,target_curve_mult,0.00287
MED00157,12,target_curve_mult,0.00091
MED00158,12,target_curve_mult,-0.00307
MED00159,12,target_curve_mult,0.00178
MED00160,12,target_curve_mult,1e-04
MED00161,12,target_curve_mult,-0.00257
MED00162,12,target_curve_mult,-0.00319
MED00163,12,target_curve_mult,0.00184
MED00164,12,target_curve_mult,0.00016
MED00165,12,target_curve_mult,0.00967
MED00166,12,target_curve_mult,-0.00062
MED00167,12,target_curve_mult,-0.00064
MED00168,12,target_curve_mult,-0.00058
MED00169,12,target_curve_mult,-0.00224
MED00170,12,target_curve_mult,-0.00122
MED00171,12,target_curve_mult,0.00151
MED00172,12,target_curve_mult,-0.00035
MED00173,12,target_curve_mult,-0.00086
MED00174,12,target_curve_mult,-0.00203
MED00175,12,target_curve_mult,-0.00333
MED00176,12,target_curve_mult,0.00157
MED00177,12,target_curve_mult,0.00173
MED00178,12,target_curve_mult,0.0062
MED00179,12,target_curve_mult,-0.00374
MED00180,12,target_curve_mult,-0.00907
MED00181,12,target_curve_mult,0.00352
MED00182,12,target_curve_mult,0.00148
MED00183,12,target_curve_mult,0.00211
MED00184,12,target_curve_mult,0.0023
MED00186,12,target_curve_mult,-0.00137
MED00187,12,target_curve_mult,0.0005
MED00188,12,target_curve_mult,0.00173
MED00189,12,target_curve_mult,-0.00094
MED00190,12,target_curve_mult,-0.00065
MED00192,12,target_curve_mult,-0.0054
MED00193,12,target_curve_mult,-0.00316
MED00194,12,target_curve_mult,0.0013
MED00195,12,target_curve_mult,0.00906
MED00196,12,target_curve_mult,0.00077
MED00197,12,target_curve_mult,0.00952
MED00198,12,target_curve_mult,0.00148
MED00199,12,target_curve_mult,0.00554
MED00200,12,target_curve_mult,-0.00043
MED00201,12,target_curve_mult,0.00211
MED00202,12,target_curve_mult,-0.00122
MED00203,12,target_curve_mult,0.00171
MED00204,12,target_curve_mult,-0.00125
MED00205,12,target_curve_mult,-0.00075
MED00206,12,target_curve_mult,-0.00233
MED00207,12,target_curve_mult,-0.0017
MED00208,12,target_curve_mult,0.00034
MED00209,12,target_curve_mult,0.00358
MED00210,12,target_curve_mult,-0.00605
MED00211,12,target_curve_mult,-0.00052
MED00212,12,target_curve_mult,-0.00024
MED00213,12,target_curve_mult,-0.01372
MED00214,12,target_curve_mult,-0.0016
MED00215,12,target_curve_mult,-0.00021
MED00216,12,target_curve_mult,-0.00073
MED00217,12,target_curve_mult,-0.0006
MED00218,12,target_curve_mult,0.00203
MED00219,12,target_curve_mult,0.00081
MED00220,12,target_curve_mult,-0.00057
MED00221,12,target_curve_mult,0.00052
MED00222,12,target_curve_mult,-0.00117
MED00223,12,target_curve_mult,0.00098
MED00224,12,target_curve_mult,-0.00107
MED00225,12,target_curve_mult,-0.00088
MED00226,12,target_curve_mult,-0.00101
MED00227,12,target_curve_mult,-0.00126
MED00228,12,target_curve_mult,0.00377
MED00229,12,target_curve_mult,-0.00968
MED00230,12,target_curve_mult,-0.00242
MED00231,12,target_curve_mult,0.00041
MED00233,12,target_curve_mult,0.00404
MED00234,12,target_curve_mult,-0.0014
MED00235,12,target_curve_mult,-0.00149
MED00236,12,target_curve_mult,-0.00108
MED00237,12,target_curve_mult,0.00149
MED00238,12,target_curve_mult,-0.00137
MED00239,12,target_curve_mult,-0.00107
MED00240,12,target_curve_mult,0.00069
MED00241,12,target_curve_mult,-0.00063
MED00242,12,target_curve_mult,0.0104
MED00243,12,target_curve_mult,-0.00371
MED00244,12,target_curve_mult,-0.00075
MED00245,12,target_curve_mult,-0.00435
MED00246,12,target_curve_mult,-0.0006
MED00247,12,target_curve_mult,-0.00277
MED00248,12,target_curve_mult,0.00048
MED00249,12,target_curve_mult,0.00163
MED00250,12,target_curve_mult,0.00149
MED00251,12,target_curve_mult,0.00023
MED00252,12,target_curve_mult,-0.00311
MED00253,12,target_curve_mult,-0.00022
MED00254,12,target_curve_mult,-0.00395
MED00255,12,target_curve_mult,-0.00054
MED00256,12,target_curve_mult,-0.00039
MED00257,12,target_curve_mult,0.00102
MED00258,12,target_curve_mult,-0.00123
MED00259,12,target_curve_mult,-0.00072
MED00260,12,target_curve_mult,-0.01146
MED00261,12,target_curve_mult,-0.00631
MED00262,12,target_curve_mult,0.00152
MED00263,12,target_curve_mult,0.00022
MED00264,12,target_curve_mult,-0.00427
MED00265,12,target_curve_mult,0.00042
MED00266,12,target_curve_mult,-0.00079
MED00267,12,target_curve_mult,-0.00174
MED00268,12,target_curve_mult,-0.00081
MED00269,12,target_curve_mult,-0.0015
MED00270,12,target_curve_mult,0.00025
MED00271,12,target_curve_mult,-0.00207
MED00272,12,target_curve_mult,-0.00058
MED00273,12,target_curve_mult,0.00018
MED00274,12,target_curve_mult,0.00147
MED00275,12,target_curve_mult,0.00157
MED00276,12,target_curve_mult,-0.0003
MED00277,12,target_curve_mult,-0.00066
MED00278,12,target_curve_mult,0.00214
MED00279,12,target_curve_mult,-0.00019
MED00280,12,target_curve_mult,-0.00122
MED00281,12,target_curve_mult,0.00128
MED00282,12,target_curve_mult,-0.00083
MED00283,12,target_curve_mult,-0.00074
MED00284,12,target_curve_mult,0.00185
MED00285,12,target_curve_mult,-0.0017
MED00286,12,target_curve_mult,0.00272
MED00287,12,target_curve_mult,-0.00018
MED00288,12,target_curve_mult,-0.01799
MED00289,12,target_curve_mult,0.00095
MED00290,12,target_curve_mult,-0.0013
MED00291,12,target_curve_mult,-0.00197
MED00292,12,target_curve_mult,0.00437
MED00293,12,target_curve_mult,-0.00292
MED00294,12,target_curve_mult,-0.00048
MED00295,12,target_curve_mult,-0.00206
MED00296,12,target_curve_mult,-0.00058
MED00297,12,target_curve_mult,-0.00274
MED00298,12,target_curve_mult,-0.00129
MED00299,12,target_curve_mult,-0.00062
MED00300,12,target_curve_mult,-0.0084
MED00301,12,target_curve_mult,-0.00221
MED00302,12,target_curve_mult,0.00052
MED00303,12,target_curve_mult,0.01039
MED00304,12,target_curve_mult,-0.00087
MED00305,12,target_curve_mult,-0.0013
MED00306,12,target_curve_mult,-0.00538
MED00307,12,target_curve_mult,-0.00277
MED00308,12,target_curve_mult,-0.004
MED00309,12,target_curve_mult,-0.00044
MED00310,12,target_curve_mult,0.00016
MED00311,12,target_curve_mult,0.00974
MED00312,12,target_curve_mult,0.00316
MED00313,12,target_curve_mult,-0.00736
MED00314,12,target_curve_mult,0.00058
MED00315,12,target_curve_mult,-0.00143
MED00316,12,target_curve_mult,-0.00136
MED00317,12,target_curve_mult,-0.00039
MED00318,12,target_curve_mult,0.00102
MED00319,12,target_curve_mult,-0.00025
MED00320,12,target_curve_mult,-0.00259
MED00321,12,target_curve_mult,-0.02201
MED00322,12,target_curve_mult,-0.00082
MED00323,12,target_curve_mult,0.00032
MED00324,12,target_curve_mult,0.00698
MED00325,12,target_curve_mult,-0.00159
MED00326,12,target_curve_mult,-0.00252
MED00327,12,target_curve_mult,-0.00083
MED00328,12,target_curve_mult,-0.00114
MED00329,12,target_curve_mult,0.00193
MED00330,12,target_curve_mult,0.00048
MED00331,12,target_curve_mult,0.00089
MED00332,12,target_curve_mult,-0.00142
MED00333,12,target_curve_mult,-0.00547
MED00334,12,target_curve_mult,-0.00032
MED00335,12,target_curve_mult,0.00043
MED00336,12,target_curve_mult,0.00152
MED00337,12,target_curve_mult,-0.00579
MED00338,12,target_curve_mult,0.00246
MED00339,12,target_curve_mult,0.00081
MED00340,12,target_curve_mult,0.00923
MED00341,12,target_curve_mult,-0.00199
MED00342,12,target_curve_mult,-0.00152
MED00343,12,target_curve_mult,-0.00087
MED00344,12,target_curve_mult,0.00183
MED00345,12,target_curve_mult,-0.00129
MED00346,12,target_curve_mult,0.00043
MED00347,12,target_curve_mult,-0.00033
MED00348,12,target_curve_mult,-0.00229
MED00349,12,target_curve_mult,-0.00072
MED00350,12,target_curve_mult,-0.01186
MED00351,12,target_curve_mult,-0.00649
MED00352,12,target_curve_mult,-0.00463
MED00353,12,target_curve_mult,-0.01427
MED00354,12,target_curve_mult,-0.01179
MED00356,12,target_curve_mult,-0.00177
MED00357,12,target_curve_mult,-0.00181
MED00358,12,target_curve_mult,-0.00029
MED00359,12,target_curve_mult,0.00127
MED00360,12,target_curve_mult,-0.00032
MED00361,12,target_curve_mult,-0.00121
MED00362,12,target_curve_mult,0.00018
MED00363,12,target_curve_mult,-0.00154
MED00364,12,target_curve_mult,-0.00019
MED00365,12,target_curve_mult,-0.00199
MED00366,12,target_curve_mult,-0.00026
MED00367,12,target_curve_mult,-0.00107
MED00368,12,target_curve_mult,-0.00031
MED00369,12,target_curve_mult,0.00051
MED00370,12,target_curve_mult,-0.00238
MED00371,12,target_curve_mult,0.00111
MED00372,12,target_curve_mult,-0.00066
MED00373,12,target_curve_mult,-0.00034
MED00374,12,target_curve_mult,0.00326
MED00375,12,target_curve_mult,0.00089
MED00376,12,target_curve_mult,-0.00053
MED00377,12,target_curve_mult,-0.00776
MED00378,12,target_curve_mult,0.00046
MED00379,12,target_curve_mult,-0.03032
MED00380,12,target_curve_mult,-0.00619
MED00381,12,target_curve_mult,-0.00597
MED00383,12,target_curve_mult,-0.00062
MED00384,12,target_curve_mult,0.00068
MED00385,12,target_curve_mult,-0.00093
MED00386,12,target_curve_mult,0.00167
MED00388,12,target_curve_mult,0.00273
MED00389,12,target_curve_mult,0.0014
MED00390,12,target_curve_mult,0.00145
MED00391,12,target_curve_mult,0.00121
MED00392,12,target_curve_mult,0.00118
MED00393,12,target_curve_mult,-0.00052
MED00394,12,target_curve_mult,0.00166
MED00395,12,target_curve_mult,0.00158
MED00396,12,target_curve_mult,0.00394
MED00397,12,target_curve_mult,-0.01146
MED00398,12,target_curve_mult,-0.00278
MED00399,12,target_curve_mult,0.00245
MED00400,12,target_curve_mult,-0.00225
MED00401,12,target_curve_mult,-0.00081
MED00402,12,target_curve_mult,-0.00152
MED00403,12,target_curve_mult,-0.00133
MED00404,12,target_curve_mult,-0.00185
MED00405,12,target_curve_mult,-0.00194
MED00406,12,target_curve_mult,-0.00318
MED00407,12,target_curve_mult,-0.00167
MED00408,12,target_curve_mult,-0.00144
MED00410,12,target_curve_mult,0.00073
MED00411,12,target_curve_mult,0.00348
MED00412,12,target_curve_mult,0.00228
MED00413,12,target_curve_mult,0.00093
MED00414,12,target_curve_mult,0.00093
MED00415,12,target_curve_mult,0.00252
MED00416,12,target_curve_mult,0.00149
MED00417,12,target_curve_mult,0.00081
MED00418,12,target_curve_mult,0.00101
MED00419,12,target_curve_mult,0.0012
MED00420,12,target_curve_mult,-0.00112
MED00421,12,target_curve_mult,-0.00123
MED00422,12,target_curve_mult,0.00192
MED00423,12,target_curve_mult,0.00185
MED00424,12,target_curve_mult,-0.00197
MED00001,1,curve_shift,-0.00338
MED00002,1,curve_shift,0.00553
MED00003,1,curve_shift,0.01039
MED00004,1,curve_shift,-0.00501
MED00005,1,curve_shift,0.00249
MED00006,1,curve_shift,0.00308
MED00007,1,curve_shift,0.01247
MED00008,1,curve_shift,0.00647
MED00009,1,curve_shift,-0.01069
MED00010,1,curve_shift,0.01259
MED00011,1,curve_shift,-0.01153
MED00012,1,curve_shift,0.00572
MED00013,1,curve_shift,0.01033
MED00014,1,curve_shift,-0.00133
MED00015,1,curve_shift,0.01345
MED00016,1,curve_shift,0.00331
MED00017,1,curve_shift,0.00087
MED00018,1,curve_shift,0.00357
MED00019,1,curve_shift,-0.00152
MED00020,1,curve_shift,0.01193
MED00021,1,curve_shift,-0.01985
MED00022,1,curve_shift,-0.00916
MED00023,1,curve_shift,-0.0007
MED00024,1,curve_shift,-0.01088
MED00025,1,curve_shift,-0.00885
MED00026,1,curve_shift,-0.01231
MED00027,1,curve_shift,-0.00644
MED00028,1,curve_shift,0.01311
MED00029,1,curve_shift,-0.00646
MED00030,1,curve_shift,-0.01739
MED00031,1,curve_shift,-0.01329
MED00032,1,curve_shift,-0.00701
MED00033,1,curve_shift,-0.00203
MED00034,1,curve_shift,-0.00639
MED00035,1,curve_shift,-0.00724
MED00036,1,curve_shift,-0.01207
MED00037,1,curve_shift,-0.01864
MED00038,1,curve_shift,-0.00472
MED00039,1,curve_shift,-0.00313
MED00040,1,curve_shift,-0.00603
MED00041,1,curve_shift,-0.00467
MED00042,1,curve_shift,-0.01901
MED00043,1,curve_shift,0.01046
MED00044,1,curve_shift,-0.00647
MED00045,1,curve_shift,-0.00276
MED00046,1,curve_shift,-0.00944
MED00047,1,curve_shift,0.01586
MED00048,1,curve_shift,-0.00375
MED00049,1,curve_shift,-0.00204
MED00050,1,curve_shift,-0.00864
MED00051,1,curve_shift,0.00061
MED00052,1,curve_shift,0.01097
MED00053,1,curve_shift,-0.01441
MED00054,1,curve_shift,-0.01346
MED00055,1,curve_shift,0.00077
MED00056,1,curve_shift,-0.00524
MED00057,1,curve_shift,-0.00917
MED00058,1,curve_shift,-0.00138
MED00059,1,curve_shift,-0.00518
MED00060,1,curve_shift,-0.02249
MED00061,1,curve_shift,0.01431
MED00062,1,curve_shift,-0.00364
MED00063,1,curve_shift,-0.00629
MED00064,1,curve_shift,-0.01045
MED00065,1,curve_shift,0.00368
MED00066,1,curve_shift,0.01231
MED00067,1,curve_shift,0.00532
MED00068,1,curve_shift,-0.01518
MED00069,1,curve_shift,-0.00614
MED00070,1,curve_shift,-0.00524
MED00071,1,curve_shift,-0.00679
MED00072,1,curve_shift,-0.00858
MED00073,1,curve_shift,-0.01285
MED00074,1,curve_shift,-0.01241
MED00075,1,curve_shift,-0.01344
MED00076,1,curve_shift,0.00287
MED00077,1,curve_shift,-0.01771
MED00078,1,curve_shift,-0.01202
MED00079,1,curve_shift,-0.0037
MED00080,1,curve_shift,-0.01382
MED00081,1,curve_shift,0.01277
MED00082,1,curve_shift,-0.01348
MED00083,1,curve_shift,-0.01978
MED00084,1,curve_shift,0.00091
MED00085,1,curve_shift,0.00658
MED00086,1,curve_shift,-0.00857
MED00087,1,curve_shift,0.00233
MED00088,1,curve_shift,-0.00068
MED00089,1,curve_shift,0.01318
MED00090,1,curve_shift,-0.01781
MED00091,1,curve_shift,-0.00912
MED00092,1,curve_shift,0.00061
MED00093,1,curve_shift,-0.01087
MED00094,1,curve_shift,-0.01086
MED00095,1,curve_shift,0.01126
MED00096,1,curve_shift,-0.00597
MED00097,1,curve_shift,-0.01773
MED00098,1,curve_shift,-0.00436
MED00099,1,curve_shift,-0.00588
MED00100,1,curve_shift,0.00132
MED00101,1,curve_shift,0.02462
MED00102,1,curve_shift,-0.00277
MED00103,1,curve_shift,0.00302
MED00104,1,curve_shift,0.01732
MED00105,1,curve_shift,-0.00465
MED00106,1,curve_shift,-0.00374
MED00107,1,curve_shift,0.00838
MED00108,1,curve_shift,0.01001
MED00109,1,curve_shift,-0.00215
MED00110,1,curve_shift,-0.00335
MED00111,1,curve_shift,0.01399
MED00112,1,curve_shift,-0.00227
MED00113,1,curve_shift,-0.00227
MED00114,1,curve_shift,0.00208
MED00115,1,curve_shift,0.00586
MED00116,1,curve_shift,-0.0098
MED00117,1,curve_shift,-0.00083
MED00118,1,curve_shift,0.00125
MED00119,1,curve_shift,0.00179
MED00120,1,curve_shift,-0.00725
MED00121,1,curve_shift,0.01167
MED00122,1,curve_shift,0.00508
MED00123,1,curve_shift,-0.00534
MED00124,1,curve_shift,0.01039
MED00125,1,curve_shift,0.00608
MED00126,1,curve_shift,-0.00836
MED00127,1,curve_shift,-0.00761
MED00128,1,curve_shift,0.00114
MED00129,1,curve_shift,0.00052
MED00130,1,curve_shift,0.00038
MED00131,1,curve_shift,-0.00511
MED00132,1,curve_shift,-0.00398
MED00133,1,curve_shift,-0.00466
MED00134,1,curve_shift,-0.00255
MED00135,1,curve_shift,-0.0231
MED00136,1,curve_shift,0.00944
MED00137,1,curve_shift,-0.00047
MED00138,1,curve_shift,-0.00067
MED00139,1,curve_shift,0.00785
MED00140,1,curve_shift,-0.00111
MED00141,1,curve_shift,-0.01704
MED00142,1,curve_shift,-0.01823
MED00143,1,curve_shift,-0.00246
MED00144,1,curve_shift,0.0137
MED00145,1,curve_shift,0.00886
MED00147,1,curve_shift,-0.00606
MED00148,1,curve_shift,-0.01708
MED00149,1,curve_shift,0.01265
MED00150,1,curve_shift,-0.00455
MED00151,1,curve_shift,0.00501
MED00152,1,curve_shift,0.00644
MED00153,1,curve_shift,0.00449
MED00154,1,curve_shift,-0.00474
MED00155,1,curve_shift,0.00629
MED00156,1,curve_shift,-0.00669
MED00157,1,curve_shift,0.01768
MED00158,1,curve_shift,-0.00927
MED00159,1,curve_shift,0.00587
MED00160,1,curve_shift,0.02333
MED00161,1,curve_shift,0.00033
MED00162,1,curve_shift,0.00995
MED00163,1,curve_shift,0.01473
MED00164,1,curve_shift,-0.00714
MED00165,1,curve_shift,0.01728
MED00166,1,curve_shift,0.00826
MED00168,1,curve_shift,-0.00601
MED00169,1,curve_shift,-0.0023
MED00170,1,curve_shift,0.00516
MED00171,1,curve_shift,0.00652
MED00172,1,curve_shift,-0.00518
MED00173,1,curve_shift,-0.00659
MED00174,1,curve_shift,-0.01947
MED00175,1,curve_shift,-0.00187
MED00176,1,curve_shift,0.00694
MED00177,1,curve_shift,-0.01184
MED00178,1,curve_shift,-0.00674
MED00179,1,curve_shift,-0.00828
MED00180,1,curve_shift,0.00481
MED00181,1,curve_shift,0.01746
MED00182,1,curve_shift,-0.00989
MED00183,1,curve_shift,-0.00236
MED00184,1,curve_shift,0.01456
MED00185,1,curve_shift,-0.00797
MED00186,1,curve_shift,0.00619
MED00187,1,curve_shift,-0.00824
MED00188,1,curve_shift,0.01821
MED00189,1,curve_shift,0.00493
MED00190,1,curve_shift,0.00902
MED00191,1,curve_shift,0.00526
MED00192,1,curve_shift,0.00509
MED00193,1,curve_shift,-0.00113
MED00194,1,curve_shift,0.00812
MED00195,1,curve_shift,0.02682
MED00196,1,curve_shift,0.01131
MED00197,1,curve_shift,0.01051
MED00198,1,curve_shift,-0.00114
MED00199,1,curve_shift,-0.00563
MED00200,1,curve_shift,-0.00403
MED00201,1,curve_shift,-0.0068
MED00202,1,curve_shift,0.00294
MED00203,1,curve_shift,-0.00851
MED00204,1,curve_shift,0.0046
MED00205,1,curve_shift,0.0011
MED00206,1,curve_shift,0.0006
MED00208,1,curve_shift,0.00413
MED00209,1,curve_shift,-0.00666
MED00210,1,curve_shift,-0.00248
MED00211,1,curve_shift,-0.00833
MED00212,1,curve_shift,-0.0092
MED00213,1,curve_shift,-0.00346
MED00214,1,curve_shift,0.00251
MED00215,1,curve_shift,0.00048
MED00216,1,curve_shift,-0.00691
MED00217,1,curve_shift,0.00421
MED00218,1,curve_shift,0.02763
MED00219,1,curve_shift,-0.00595
MED00220,1,curve_shift,0.00747
MED00221,1,curve_shift,-0.01617
MED00222,1,curve_shift,-0.01311
MED00223,1,curve_shift,0.01414
MED00224,1,curve_shift,-0.0005
MED00225,1,curve_shift,-0.01578
MED00226,1,curve_shift,-0.01049
MED00227,1,curve_shift,0.00095
MED00228,1,curve_shift,-0.00139
MED00229,1,curve_shift,-0.02446
MED00230,1,curve_shift,-0.00543
MED00231,1,curve_shift,-0.0006
MED00232,1,curve_shift,-0.00892
MED00233,1,curve_shift,-0.00608
MED00235,1,curve_shift,0.00835
MED00236,1,curve_shift,0.00345
MED00237,1,curve_shift,-0.01742
MED00238,1,curve_shift,0.00126
MED00239,1,curve_shift,-0.00032
MED00240,1,curve_shift,-0.01878
MED00241,1,curve_shift,0.00907
MED00242,1,curve_shift,0.01316
MED00243,1,curve_shift,0.00395
MED00244,1,curve_shift,0.00812
MED00245,1,curve_shift,0.00879
MED00246,1,curve_shift,0.00127
MED00247,1,curve_shift,0.00483
MED00248,1,curve_shift,-0.00654
MED00249,1,curve_shift,-0.00207
MED00250,1,curve_shift,-0.00712
MED00251,1,curve_shift,0.00625
MED00252,1,curve_shift,-0.00669
MED00253,1,curve_shift,0.02235
MED00254,1,curve_shift,-0.01098
MED00255,1,curve_shift,-0.02593
MED00256,1,curve_shift,0.00414
MED00257,1,curve_shift,-0.01949
MED00258,1,curve_shift,-0.00232
MED00259,1,curve_shift,-0.00068
MED00260,1,curve_shift,-0.00828
MED00261,1,curve_shift,-0.00584
MED00262,1,curve_shift,-0.01111
MED00263,1,curve_shift,0.00887
MED00264,1,curve_shift,-0.00769
MED00265,1,curve_shift,0.00644
MED00266,1,curve_shift,-0.01887
MED00267,1,curve_shift,-0.00536
MED00268,1,curve_shift,0.00157
MED00269,1,curve_shift,0.00726
MED00270,1,curve_shift,0.00802
MED00271,1,curve_shift,-0.00656
MED00272,1,curve_shift,-0.01332
MED00273,1,curve_shift,-0.0123
MED00274,1,curve_shift,-0.00666
MED00275,1,curve_shift,-0.00309
MED00276,1,curve_shift,0.00608
MED00277,1,curve_shift,0.00455
MED00278,1,curve_shift,0.00759
MED00279,1,curve_shift,0.00383
MED00280,1,curve_shift,0.00472
MED00281,1,curve_shift,-0.00319
MED00282,1,curve_shift,-0.01456
MED00283,1,curve_shift,-0.01174
MED00284,1,curve_shift,-0.00133
MED00285,1,curve_shift,0.02248
MED00286,1,curve_shift,-0.01932
MED00287,1,curve_shift,0.00301
MED00288,1,curve_shift,-0.0043
MED00289,1,curve_shift,-0.0209
MED00290,1,curve_shift,-0.00189
MED00291,1,curve_shift,-0.00297
MED00292,1,curve_shift,-0.00639
MED00293,1,curve_shift,-0.01971
MED00294,1,curve_shift,-0.00555
MED00295,1,curve_shift,-0.00967
MED00296,1,curve_shift,-0.01649
MED00297,1,curve_shift,0.00141
MED00298,1,curve_shift,-0.00446
MED00299,1,curve_shift,-0.00254
MED00300,1,curve_shift,0.00169
MED00301,1,curve_shift,-0.00397
MED00302,1,curve_shift,0.0181
MED00303,1,curve_shift,-0.01107
MED00304,1,curve_shift,-0.02118
MED00305,1,curve_shift,0.00633
MED00306,1,curve_shift,0.00336
MED00307,1,curve_shift,-0.00178
MED00308,1,curve_shift,-0.00556
MED00309,1,curve_shift,-0.01537
MED00310,1,curve_shift,-0.01649
MED00311,1,curve_shift,-0.02605
MED00312,1,curve_shift,-0.00568
MED00313,1,curve_shift,-0.0126
MED00314,1,curve_shift,-0.02681
MED00315,1,curve_shift,0.00608
MED00316,1,curve_shift,0.00026
MED00317,1,curve_shift,0.00038
MED00318,1,curve_shift,-0.01342
MED00319,1,curve_shift,0.00936
MED00320,1,curve_shift,-0.02055
MED00321,1,curve_shift,-0.02268
MED00322,1,curve_shift,0.00582
MED00323,1,curve_shift,-0.00259
MED00324,1,curve_shift,-0.0027
MED00325,1,curve_shift,0.0075
MED00326,1,curve_shift,0.00774
MED00327,1,curve_shift,0.0086
MED00328,1,curve_shift,-0.002
MED00329,1,curve_shift,0.00698
MED00330,1,curve_shift,-0.0015
MED00331,1,curve_shift,0.00473
MED00332,1,curve_shift,0.0135
MED00333,1,curve_shift,-0.00295
MED00334,1,curve_shift,-0.01485
MED00335,1,curve_shift,-0.00243
MED00336,1,curve_shift,0.00853
MED00337,1,curve_shift,0.00954
MED00338,1,curve_shift,-0.00812
MED00339,1,curve_shift,-0.00568
MED00340,1,curve_shift,-0.00882
MED00341,1,curve_shift,-0.01681
MED00342,1,curve_shift,0.00764
MED00343,1,curve_shift,0.00217
MED00344,1,curve_shift,-0.02216
MED00345,1,curve_shift,-0.00166
MED00346,1,curve_shift,0.01377
MED00347,1,curve_shift,0.00085
MED00348,1,curve_shift,0.00274
MED00350,1,curve_shift,-0.00674
MED00351,1,curve_shift,-0.00394
MED00352,1,curve_shift,-0.00451
MED00353,1,curve_shift,-0.00773
MED00354,1,curve_shift,-0.00451
MED00355,1,curve_shift,-0.0055
MED00356,1,curve_shift,0.00635
MED00357,1,curve_shift,0.00537
MED00358,1,curve_shift,-0.01877
MED00359,1,curve_shift,0.0074
MED00360,1,curve_shift,-0.00854
MED00361,1,curve_shift,0.00128
MED00362,1,curve_shift,-0.00547
MED00363,1,curve_shift,-0.00033
MED00364,1,curve_shift,0.00174
MED00365,1,curve_shift,0.00735
MED00366,1,curve_shift,0.00771
MED00367,1,curve_shift,0.00308
MED00368,1,curve_shift,0.01647
MED00369,1,curve_shift,-0.01669
MED00370,1,curve_shift,-0.00383
MED00371,1,curve_shift,-0.00797
MED00372,1,curve_shift,0.00583
MED00373,1,curve_shift,0.00862
MED00374,1,curve_shift,-0.0052
MED00375,1,curve_shift,-0.00364
MED00376,1,curve_shift,0.00533
MED00377,1,curve_shift,-0.01486
MED00378,1,curve_shift,0.01187
MED00379,1,curve_shift,-0.01134
MED00380,1,curve_shift,0.0003
MED00381,1,curve_shift,0.00029
MED00382,1,curve_shift,-0.00913
MED00383,1,curve_shift,0.01868
MED00384,1,curve_shift,0.00786
MED00385,1,curve_shift,-0.00517
MED00386,1,curve_shift,-0.00377
MED00387,1,curve_shift,-0.00038
MED00388,1,curve_shift,-0.00679
MED00389,1,curve_shift,-0.00736
MED00390,1,curve_shift,-0.00565
MED00391,1,curve_shift,-0.00129
MED00392,1,curve_shift,-0.00211
MED00393,1,curve_shift,-0.005
MED00394,1,curve_shift,-0.00251
MED00395,1,curve_shift,-0.00279
MED00396,1,curve_shift,0.01075
MED00397,1,curve_shift,0.00185
MED00398,1,curve_shift,-0.00217
MED00399,1,curve_shift,-0.00391
MED00400,1,curve_shift,-0.00489
MED00401,1,curve_shift,-0.00469
MED00402,1,curve_shift,-0.00324
MED00403,1,curve_shift,-0.00695
MED00404,1,curve_shift,0.00409
MED00405,1,curve_shift,0.00471
MED00406,1,curve_shift,-0.00488
MED00407,1,curve_shift,-0.00326
MED00408,1,curve_shift,-0.00933
MED00409,1,curve_shift,-0.00402
MED00410,1,curve_shift,-0.00388
MED00411,1,curve_shift,-0.00436
MED00412,1,curve_shift,-0.00378
MED00413,1,curve_shift,-0.00542
MED00414,1,curve_shift,-0.00329
MED00415,1,curve_shift,-0.00394
MED00416,1,curve_shift,-0.00252
MED00417,1,curve_shift,-0.0094
MED00418,1,curve_shift,-0.01203
MED00419,1,curve_shift,-0.00484
MED00420,1,curve_shift,-0.00342
MED00421,1,curve_shift,-0.00238
MED00422,1,curve_shift,-0.00419
MED00423,1,curve_shift,-0.00532
MED00424,1,curve_shift,-0.00563
MED00001,2,curve_shift,-0.0004
MED00002,2,curve_shift,0.0231
MED00003,2,curve_shift,0.01119
MED00004,2,curve_shift,-0.00486
MED00005,2,curve_shift,0.00774
MED00006,2,curve_shift,0.00401
MED00007,2,curve_shift,0.01268
MED00008,2,curve_shift,0.00576
MED00009,2,curve_shift,-0.00792
MED00010,2,curve_shift,0.01624
MED00011,2,curve_shift,-0.0088
MED00012,2,curve_shift,0.00628
MED00013,2,curve_shift,0.01232
MED00014,2,curve_shift,-0.00071
MED00015,2,curve_shift,0.01027
MED00016,2,curve_shift,0.00357
MED00017,2,curve_shift,0.00153
MED00018,2,curve_shift,0.00684
MED00019,2,curve_shift,0.00883
MED00020,2,curve_shift,0.01242
MED00021,2,curve_shift,-0.01705
MED00022,2,curve_shift,-0.00778
MED00023,2,curve_shift,0.00058
MED00024,2,curve_shift,-0.00952
MED00025,2,curve_shift,-0.00843
MED00026,2,curve_shift,-0.01176
MED00027,2,curve_shift,-0.00615
MED00028,2,curve_shift,0.01097
MED00029,2,curve_shift,-0.00478
MED00030,2,curve_shift,-0.01691
MED00031,2,curve_shift,-0.01176
MED00032,2,curve_shift,-0.00682
MED00033,2,curve_shift,0.00047
MED00034,2,curve_shift,0.00066
MED00035,2,curve_shift,0.00459
MED00036,2,curve_shift,-0.01138
MED00037,2,curve_shift,-0.01735
MED00038,2,curve_shift,-0.00174
MED00039,2,curve_shift,-0.00314
MED00040,2,curve_shift,-0.00509
MED00041,2,curve_shift,-0.00346
MED00042,2,curve_shift,-0.01824
MED00043,2,curve_shift,0.00969
MED00044,2,curve_shift,-0.00508
MED00045,2,curve_shift,-0.00256
MED00046,2,curve_shift,-0.00798
MED00047,2,curve_shift,0.01556
MED00048,2,curve_shift,-0.00315
MED00049,2,curve_shift,-0.00122
MED00050,2,curve_shift,-0.00721
MED00051,2,curve_shift,-0.00121
MED00052,2,curve_shift,0.00779
MED00053,2,curve_shift,-0.01353
MED00054,2,curve_shift,-0.01297
MED00055,2,curve_shift,0.01163
MED00056,2,curve_shift,-0.00349
MED00057,2,curve_shift,-0.00591
MED00058,2,curve_shift,-0.00065
MED00059,2,curve_shift,-0.00491
MED00060,2,curve_shift,-0.02306
MED00061,2,curve_shift,0.01273
MED00062,2,curve_shift,-0.0021
MED00063,2,curve_shift,-0.00555
MED00064,2,curve_shift,-0.00923
MED00065,2,curve_shift,0.00455
MED00066,2,curve_shift,0.00914
MED00067,2,curve_shift,0.0062
MED00068,2,curve_shift,-0.01391
MED00069,2,curve_shift,-0.00329
MED00070,2,curve_shift,-0.00417
MED00071,2,curve_shift,-0.00527
MED00072,2,curve_shift,-0.00703
MED00073,2,curve_shift,-0.00996
MED00074,2,curve_shift,-0.01097
MED00075,2,curve_shift,-0.01073
MED00076,2,curve_shift,0.00089
MED00077,2,curve_shift,-0.01512
MED00078,2,curve_shift,-0.0125
MED00079,2,curve_shift,-0.00321
MED00080,2,curve_shift,-0.01094
MED00081,2,curve_shift,0.00987
MED00082,2,curve_shift,-0.01212
MED00083,2,curve_shift,-0.01552
MED00084,2,curve_shift,0.00275
MED00085,2,curve_shift,0.00684
MED00086,2,curve_shift,-0.00644
MED00087,2,curve_shift,0.00243
MED00088,2,curve_shift,0.00016
MED00089,2,curve_shift,0.0143
MED00090,2,curve_shift,-0.01495
MED00091,2,curve_shift,-0.00776
MED00092,2,curve_shift,0.00083
MED00093,2,curve_shift,-0.01063
MED00094,2,curve_shift,-0.0093
MED00095,2,curve_shift,0.01102
MED00096,2,curve_shift,-0.00389
MED00097,2,curve_shift,-0.01601
MED00098,2,curve_shift,-0.00477
MED00099,2,curve_shift,-0.00537
MED00100,2,curve_shift,0.00198
MED00101,2,curve_shift,0.03207
MED00102,2,curve_shift,-0.00112
MED00103,2,curve_shift,0.0037
MED00104,2,curve_shift,0.01798
MED00105,2,curve_shift,-0.00317
MED00106,2,curve_shift,-0.00475
MED00107,2,curve_shift,0.0085
MED00108,2,curve_shift,0.01084
MED00109,2,curve_shift,-0.00133
MED00110,2,curve_shift,-0.00278
MED00111,2,curve_shift,0.01081
MED00112,2,curve_shift,-0.00184
MED00113,2,curve_shift,-0.00277
MED00114,2,curve_shift,0.00258
MED00115,2,curve_shift,0.00642
MED00116,2,curve_shift,-0.00915
MED00117,2,curve_shift,-0.00086
MED00118,2,curve_shift,0.00106
MED00119,2,curve_shift,0.00235
MED00120,2,curve_shift,-0.00647
MED00121,2,curve_shift,0.01383
MED00122,2,curve_shift,0.0065
MED00123,2,curve_shift,-0.00414
MED00124,2,curve_shift,0.01065
MED00125,2,curve_shift,0.00309
MED00126,2,curve_shift,-0.00679
MED00127,2,curve_shift,-0.00629
MED00128,2,curve_shift,0.00122
MED00129,2,curve_shift,0.00071
MED00130,2,curve_shift,-0.00064
MED00131,2,curve_shift,-0.00582
MED00132,2,curve_shift,-0.00208
MED00133,2,curve_shift,-0.00283
MED00134,2,curve_shift,-0.00197
MED00135,2,curve_shift,-0.02243
MED00136,2,curve_shift,0.01039
MED00137,2,curve_shift,0.00198
MED00138,2,curve_shift,-0.00058
MED00139,2,curve_shift,0.01074
MED00140,2,curve_shift,-0.00091
MED00141,2,curve_shift,-0.01444
MED00142,2,curve_shift,-0.01543
MED00143,2,curve_shift,-0.00227
MED00144,2,curve_shift,0.0146
MED00145,2,curve_shift,0.00705
MED00146,2,curve_shift,0.00015
MED00147,2,curve_shift,-0.0036
MED00148,2,curve_shift,-0.0155
MED00149,2,curve_shift,0.01993
MED00150,2,curve_shift,-0.00426
MED00151,2,curve_shift,0.00512
MED00152,2,curve_shift,0.00664
MED00153,2,curve_shift,0.00667
MED00154,2,curve_shift,-0.00289
MED00155,2,curve_shift,0.0072
MED00156,2,curve_shift,-0.0051
MED00157,2,curve_shift,0.02057
MED00158,2,curve_shift,-0.00923
MED00159,2,curve_shift,0.00683
MED00160,2,curve_shift,0.02283
MED00161,2,curve_shift,0.00787
MED00162,2,curve_shift,0.0098
MED00163,2,curve_shift,0.01192
MED00164,2,curve_shift,-0.00579
MED00165,2,curve_shift,0.01562
MED00166,2,curve_shift,0.00817
MED00167,2,curve_shift,0.00023
MED00168,2,curve_shift,-0.00467
MED00169,2,curve_shift,-0.00095
MED00170,2,curve_shift,0.00514
MED00171,2,curve_shift,0.00616
MED00172,2,curve_shift,-0.00068
MED00173,2,curve_shift,-0.0053
MED00174,2,curve_shift,-0.01804
MED00175,2,curve_shift,0.00869
MED00176,2,curve_shift,0.00767
MED00177,2,curve_shift,-0.01121
MED00178,2,curve_shift,-0.00692
MED00179,2,curve_shift,-0.00743
MED00180,2,curve_shift,0.00569
MED00181,2,curve_shift,0.01726
MED00182,2,curve_shift,-0.00956
MED00183,2,curve_shift,-0.00161
MED00184,2,curve_shift,0.01505
MED00185,2,curve_shift,-0.00572
MED00186,2,curve_shift,0.00712
MED00187,2,curve_shift,-0.00773
MED00188,2,curve_shift,0.01781
MED00189,2,curve_shift,0.00395
MED00190,2,curve_shift,0.00891
MED00191,2,curve_shift,0.0053
MED00192,2,curve_shift,0.00222
MED00193,2,curve_shift,0.0184
MED00194,2,curve_shift,0.00657
MED00195,2,curve_shift,0.02527
MED00196,2,curve_shift,0.01082
MED00197,2,curve_shift,0.00905
MED00198,2,curve_shift,-0.00095
MED00199,2,curve_shift,-0.00181
MED00200,2,curve_shift,-0.00259
MED00201,2,curve_shift,-0.00617
MED00202,2,curve_shift,0.00304
MED00203,2,curve_shift,-0.00724
MED00204,2,curve_shift,0.0046
MED00205,2,curve_shift,0.00119
MED00206,2,curve_shift,0.00118
MED00208,2,curve_shift,0.00546
MED00209,2,curve_shift,-0.00578
MED00210,2,curve_shift,0.00839
MED00211,2,curve_shift,-0.00698
MED00212,2,curve_shift,-0.00763
MED00213,2,curve_shift,-0.00311
MED00214,2,curve_shift,0.0094
MED00215,2,curve_shift,-0.0006
MED00216,2,curve_shift,-0.00619
MED00217,2,curve_shift,0.00102
MED00218,2,curve_shift,0.03464
MED00219,2,curve_shift,-0.0051
MED00220,2,curve_shift,0.0084
MED00221,2,curve_shift,-0.01336
MED00222,2,curve_shift,-0.0103
MED00223,2,curve_shift,0.01504
MED00224,2,curve_shift,-0.00029
MED00225,2,curve_shift,-0.01491
MED00226,2,curve_shift,-0.00891
MED00227,2,curve_shift,0.00226
MED00228,2,curve_shift,-0.00226
MED00229,2,curve_shift,-0.02425
MED00230,2,curve_shift,-0.00363
MED00231,2,curve_shift,-0.00041
MED00232,2,curve_shift,-0.00756
MED00233,2,curve_shift,-0.00438
MED00234,2,curve_shift,0.00035
MED00235,2,curve_shift,0.00709
MED00236,2,curve_shift,0.00192
MED00237,2,curve_shift,-0.01729
MED00238,2,curve_shift,0.00134
MED00239,2,curve_shift,-0.00168
MED00240,2,curve_shift,-0.01741
MED00241,2,curve_shift,0.0094
MED00242,2,curve_shift,0.01126
MED00243,2,curve_shift,0.02166
MED00244,2,curve_shift,0.00783
MED00245,2,curve_shift,0.01035
MED00246,2,curve_shift,-0.00998
MED00247,2,curve_shift,0.00457
MED00248,2,curve_shift,-0.0052
MED00249,2,curve_shift,0.0005
MED00250,2,curve_shift,-0.00537
MED00251,2,curve_shift,0.00614
MED00252,2,curve_shift,-0.00716
MED00253,2,curve_shift,0.02351
MED00254,2,curve_shift,0.01854
MED00255,2,curve_shift,-0.02388
MED00256,2,curve_shift,0.005
MED00257,2,curve_shift,-0.01818
MED00258,2,curve_shift,-0.00632
MED00259,2,curve_shift,0.00157
MED00260,2,curve_shift,-0.00771
MED00261,2,curve_shift,0.00046
MED00262,2,curve_shift,-0.00976
MED00263,2,curve_shift,0.01018
MED00264,2,curve_shift,-0.00714
MED00265,2,curve_shift,0.00672
MED00266,2,curve_shift,-0.0182
MED00267,2,curve_shift,-0.01283
MED00268,2,curve_shift,0.00122
MED00269,2,curve_shift,0.00799
MED00270,2,curve_shift,0.00776
MED00271,2,curve_shift,-0.00467
MED00272,2,curve_shift,-0.01123
MED00273,2,curve_shift,-0.01117
MED00274,2,curve_shift,-0.00544
MED00275,2,curve_shift,-0.0027
MED00276,2,curve_shift,0.00645
MED00277,2,curve_shift,0.00399
MED00278,2,curve_shift,0.01456
MED00279,2,curve_shift,0.00394
MED00280,2,curve_shift,0.00154
MED00281,2,curve_shift,-0.00197
MED00282,2,curve_shift,-0.01562
MED00283,2,curve_shift,-0.01055
MED00285,2,curve_shift,0.02269
MED00286,2,curve_shift,-0.01797
MED00287,2,curve_shift,0.0031
MED00288,2,curve_shift,0.00397
MED00289,2,curve_shift,-0.00912
MED00290,2,curve_shift,-0.00173
MED00291,2,curve_shift,-0.00162
MED00292,2,curve_shift,-0.00608
MED00293,2,curve_shift,-0.0183
MED00294,2,curve_shift,-0.00293
MED00295,2,curve_shift,-0.0094
MED00296,2,curve_shift,-0.01518
MED00298,2,curve_shift,-0.00422
MED00300,2,curve_shift,0.0018
MED00301,2,curve_shift,-0.00466
MED00302,2,curve_shift,0.01856
MED00303,2,curve_shift,-0.0098
MED00304,2,curve_shift,-0.01952
MED00305,2,curve_shift,0.00598
MED00306,2,curve_shift,0.00614
MED00307,2,curve_shift,-0.00103
MED00308,2,curve_shift,-0.00497
MED00309,2,curve_shift,-0.0139
MED00310,2,curve_shift,-0.01498
MED00311,2,curve_shift,-0.02388
MED00312,2,curve_shift,-0.00388
MED00313,2,curve_shift,-0.01217
MED00314,2,curve_shift,-0.02605
MED00315,2,curve_shift,0.00627
MED00316,2,curve_shift,0.00035
MED00317,2,curve_shift,0.00048
MED00318,2,curve_shift,-0.01047
MED00319,2,curve_shift,0.00903
MED00320,2,curve_shift,-0.01923
MED00321,2,curve_shift,-0.02237
MED00322,2,curve_shift,0.00155
MED00323,2,curve_shift,1e-04
MED00324,2,curve_shift,0.00118
MED00325,2,curve_shift,0.01323
MED00326,2,curve_shift,0.00752
MED00327,2,curve_shift,0.01043
MED00328,2,curve_shift,-0.01522
MED00329,2,curve_shift,0.00704
MED00330,2,curve_shift,0.00199
MED00331,2,curve_shift,0.00449
MED00332,2,curve_shift,0.01339
MED00333,2,curve_shift,0.00417
MED00334,2,curve_shift,-0.01352
MED00335,2,curve_shift,-0.00181
MED00336,2,curve_shift,0.01888
MED00337,2,curve_shift,0.01085
MED00338,2,curve_shift,-0.00746
MED00339,2,curve_shift,-0.00432
MED00340,2,curve_shift,0.0018
MED00341,2,curve_shift,-0.0141
MED00342,2,curve_shift,0.00837
MED00343,2,curve_shift,0.00218
MED00344,2,curve_shift,-0.02011
MED00345,2,curve_shift,-0.00085
MED00346,2,curve_shift,0.01402
MED00347,2,curve_shift,-0.00201
MED00348,2,curve_shift,0.00153
MED00350,2,curve_shift,-0.0062
MED00351,2,curve_shift,-0.00256
MED00352,2,curve_shift,-0.00472
MED00353,2,curve_shift,-0.00729
MED00354,2,curve_shift,-0.00369
MED00355,2,curve_shift,-0.0044
MED00356,2,curve_shift,0.00687
MED00357,2,curve_shift,0.00243
MED00358,2,curve_shift,-0.01838
MED00359,2,curve_shift,0.00765
MED00360,2,curve_shift,-0.00562
MED00361,2,curve_shift,0.00091
MED00362,2,curve_shift,-0.00652
MED00363,2,curve_shift,-0.00023
MED00364,2,curve_shift,0.00257
MED00365,2,curve_shift,0.00746
MED00366,2,curve_shift,0.00827
MED00367,2,curve_shift,0.00179
MED00368,2,curve_shift,0.02023
MED00369,2,curve_shift,-0.01636
MED00370,2,curve_shift,-0.0036
MED00371,2,curve_shift,-0.0072
MED00372,2,curve_shift,0.00657
MED00373,2,curve_shift,0.00577
MED00374,2,curve_shift,-0.00262
MED00375,2,curve_shift,0.00067
MED00376,2,curve_shift,0.00543
MED00377,2,curve_shift,-0.01296
MED00378,2,curve_shift,0.01156
MED00379,2,curve_shift,-0.01112
MED00380,2,curve_shift,0.0015
MED00381,2,curve_shift,0.00244
MED00382,2,curve_shift,-0.0069
MED00383,2,curve_shift,0.02165
MED00384,2,curve_shift,0.00758
MED00385,2,curve_shift,-0.00385
MED00386,2,curve_shift,-0.00244
MED00387,2,curve_shift,-0.00013
MED00388,2,curve_shift,-0.00287
MED00389,2,curve_shift,-0.00571
MED00390,2,curve_shift,-0.00407
MED00391,2,curve_shift,-0.0007
MED00392,2,curve_shift,0.00012
MED00393,2,curve_shift,-0.00231
MED00394,2,curve_shift,-0.00224
MED00395,2,curve_shift,-0.00059
MED00396,2,curve_shift,0.01114
MED00397,2,curve_shift,0.00294
MED00398,2,curve_shift,0.00691
MED00399,2,curve_shift,-0.00079
MED00400,2,curve_shift,-0.00209
MED00401,2,curve_shift,-0.00415
MED00402,2,curve_shift,-0.00021
MED00403,2,curve_shift,-0.00577
MED00404,2,curve_shift,0.00407
MED00405,2,curve_shift,-0.00495
MED00406,2,curve_shift,-0.00358
MED00407,2,curve_shift,-0.00179
MED00408,2,curve_shift,-0.00765
MED00409,2,curve_shift,-0.00323
MED00410,2,curve_shift,-0.00219
MED00411,2,curve_shift,-0.00109
MED00412,2,curve_shift,-0.00233
MED00413,2,curve_shift,-0.00265
MED00414,2,curve_shift,-0.00099
MED00415,2,curve_shift,-0.00269
MED00416,2,curve_shift,-0.00058
MED00417,2,curve_shift,-0.00813
MED00418,2,curve_shift,-0.01057
MED00419,2,curve_shift,-0.00345
MED00420,2,curve_shift,-0.00059
MED00421,2,curve_shift,-1e-04
MED00422,2,curve_shift,-0.00165
MED00423,2,curve_shift,-0.00392
MED00424,2,curve_shift,0.00541
MED00001,3,curve_shift,-0.00043
MED00002,3,curve_shift,0.02371
MED00003,3,curve_shift,0.01134
MED00004,3,curve_shift,-0.00394
MED00005,3,curve_shift,0.01036
MED00006,3,curve_shift,0.00415
MED00007,3,curve_shift,0.01256
MED00008,3,curve_shift,0.0084
MED00009,3,curve_shift,-0.00645
MED00010,3,curve_shift,0.02078
MED00011,3,curve_shift,-0.00842
MED00012,3,curve_shift,0.00673
MED00013,3,curve_shift,0.0158
MED00014,3,curve_shift,-0.00074
MED00015,3,curve_shift,0.01349
MED00016,3,curve_shift,0.00253
MED00017,3,curve_shift,0.00166
MED00018,3,curve_shift,0.00674
MED00019,3,curve_shift,0.0088
MED00020,3,curve_shift,0.01306
MED00021,3,curve_shift,-0.01642
MED00022,3,curve_shift,-0.0038
MED00023,3,curve_shift,-0.00177
MED00024,3,curve_shift,-0.00731
MED00025,3,curve_shift,-0.00785
MED00026,3,curve_shift,-0.01168
MED00027,3,curve_shift,-0.00452
MED00028,3,curve_shift,0.0137
MED00029,3,curve_shift,-0.00546
MED00030,3,curve_shift,-0.0169
MED00031,3,curve_shift,-0.01316
MED00032,3,curve_shift,-0.00742
MED00033,3,curve_shift,0.00391
MED00034,3,curve_shift,0.00068
MED00035,3,curve_shift,-0.00427
MED00036,3,curve_shift,-0.01124
MED00037,3,curve_shift,-0.01669
MED00038,3,curve_shift,-0.00078
MED00039,3,curve_shift,-0.00349
MED00040,3,curve_shift,-0.00525
MED00041,3,curve_shift,-0.00283
MED00042,3,curve_shift,-0.01105
MED00043,3,curve_shift,0.01187
MED00044,3,curve_shift,-0.00376
MED00045,3,curve_shift,-0.00207
MED00046,3,curve_shift,-0.00627
MED00047,3,curve_shift,0.01532
MED00048,3,curve_shift,-0.00313
MED00049,3,curve_shift,-0.00086
MED00050,3,curve_shift,-0.00687
MED00052,3,curve_shift,0.00997
MED00053,3,curve_shift,-0.01185
MED00054,3,curve_shift,-0.01281
MED00055,3,curve_shift,0.00344
MED00056,3,curve_shift,-0.00258
MED00057,3,curve_shift,-0.0027
MED00058,3,curve_shift,-0.00018
MED00059,3,curve_shift,-0.00466
MED00060,3,curve_shift,-0.02296
MED00061,3,curve_shift,0.01532
MED00062,3,curve_shift,-0.00208
MED00063,3,curve_shift,-0.00447
MED00064,3,curve_shift,-0.00899
MED00065,3,curve_shift,0.00463
MED00066,3,curve_shift,0.01113
MED00067,3,curve_shift,0.00625
MED00068,3,curve_shift,-0.01169
MED00069,3,curve_shift,-0.00337
MED00070,3,curve_shift,-0.00368
MED00071,3,curve_shift,-0.00378
MED00072,3,curve_shift,-0.00499
MED00073,3,curve_shift,-0.00937
MED00074,3,curve_shift,-0.00884
MED00075,3,curve_shift,-0.01067
MED00076,3,curve_shift,0.00321
MED00077,3,curve_shift,-0.01502
MED00078,3,curve_shift,-0.01093
MED00079,3,curve_shift,-0.00348
MED00080,3,curve_shift,-0.01019
MED00081,3,curve_shift,0.01213
MED00082,3,curve_shift,-0.0118
MED00083,3,curve_shift,-0.01404
MED00084,3,curve_shift,0.00446
MED00085,3,curve_shift,0.00678
MED00086,3,curve_shift,-0.00203
MED00087,3,curve_shift,0.0029
MED00088,3,curve_shift,0.001
MED00089,3,curve_shift,0.0152
MED00090,3,curve_shift,-0.0153
MED00091,3,curve_shift,-0.00558
MED00092,3,curve_shift,0.00096
MED00093,3,curve_shift,-0.00977
MED00094,3,curve_shift,-0.00606
MED00095,3,curve_shift,0.01106
MED00096,3,curve_shift,-0.00325
MED00097,3,curve_shift,-0.0148
MED00098,3,curve_shift,-0.0047
MED00099,3,curve_shift,-0.00389
MED00100,3,curve_shift,0.00305
MED00101,3,curve_shift,0.03058
MED00102,3,curve_shift,-0.00102
MED00103,3,curve_shift,0.00418
MED00104,3,curve_shift,0.01792
MED00105,3,curve_shift,0.00325
MED00106,3,curve_shift,-0.00352
MED00107,3,curve_shift,0.00842
MED00108,3,curve_shift,0.01082
MED00109,3,curve_shift,-0.00021
MED00110,3,curve_shift,-0.0024
MED00111,3,curve_shift,0.01428
MED00112,3,curve_shift,-0.00151
MED00113,3,curve_shift,-0.00317
MED00114,3,curve_shift,0.00273
MED00115,3,curve_shift,0.00651
MED00116,3,curve_shift,-0.00879
MED00117,3,curve_shift,1e-04
MED00118,3,curve_shift,0.00116
MED00119,3,curve_shift,0.00249
MED00120,3,curve_shift,-0.00607
MED00121,3,curve_shift,0.01579
MED00122,3,curve_shift,0.007
MED00123,3,curve_shift,-0.00058
MED00124,3,curve_shift,0.01042
MED00125,3,curve_shift,0.00624
MED00126,3,curve_shift,-0.00579
MED00127,3,curve_shift,-0.00585
MED00129,3,curve_shift,0.00118
MED00130,3,curve_shift,0.00178
MED00131,3,curve_shift,-0.00579
MED00132,3,curve_shift,-0.0012
MED00133,3,curve_shift,-0.0017
MED00134,3,curve_shift,-0.00186
MED00135,3,curve_shift,-0.02229
MED00136,3,curve_shift,0.01072
MED00137,3,curve_shift,0.00375
MED00138,3,curve_shift,-0.00077
MED00139,3,curve_shift,0.01107
MED00140,3,curve_shift,-0.00076
MED00141,3,curve_shift,-0.01427
MED00142,3,curve_shift,-0.01327
MED00143,3,curve_shift,-0.00242
MED00144,3,curve_shift,0.01553
MED00145,3,curve_shift,0.01024
MED00146,3,curve_shift,0.00029
MED00147,3,curve_shift,-0.00415
MED00148,3,curve_shift,-0.01541
MED00149,3,curve_shift,0.01851
MED00150,3,curve_shift,-0.00587
MED00151,3,curve_shift,0.00523
MED00152,3,curve_shift,0.00739
MED00153,3,curve_shift,0.00708
MED00154,3,curve_shift,-0.00288
MED00155,3,curve_shift,0.00689
MED00156,3,curve_shift,-0.00572
MED00157,3,curve_shift,0.02055
MED00158,3,curve_shift,-0.00791
MED00159,3,curve_shift,0.01041
MED00160,3,curve_shift,0.0215
MED00161,3,curve_shift,0.00604
MED00162,3,curve_shift,0.01027
MED00163,3,curve_shift,0.01043
MED00164,3,curve_shift,-0.0052
MED00165,3,curve_shift,0.01522
MED00166,3,curve_shift,0.00861
MED00167,3,curve_shift,0.00017
MED00168,3,curve_shift,-0.00441
MED00169,3,curve_shift,-0.00082
MED00170,3,curve_shift,0.00528
MED00171,3,curve_shift,0.00621
MED00172,3,curve_shift,-0.00357
MED00173,3,curve_shift,-0.00618
MED00174,3,curve_shift,-0.01805
MED00175,3,curve_shift,0.00055
MED00176,3,curve_shift,0.00737
MED00177,3,curve_shift,-0.01069
MED00178,3,curve_shift,-0.00682
MED00179,3,curve_shift,-0.0073
MED00180,3,curve_shift,0.00631
MED00181,3,curve_shift,0.01547
MED00182,3,curve_shift,-0.00808
MED00183,3,curve_shift,-0.00151
MED00184,3,curve_shift,0.01333
MED00185,3,curve_shift,-0.00439
MED00186,3,curve_shift,0.00722
MED00187,3,curve_shift,-0.00869
MED00188,3,curve_shift,0.01655
MED00189,3,curve_shift,0.0048
MED00190,3,curve_shift,0.00928
MED00191,3,curve_shift,0.00521
MED00192,3,curve_shift,0.00753
MED00193,3,curve_shift,0.01877
MED00194,3,curve_shift,0.0065
MED00195,3,curve_shift,0.02499
MED00196,3,curve_shift,0.00991
MED00197,3,curve_shift,0.00902
MED00198,3,curve_shift,-0.00078
MED00199,3,curve_shift,-0.00374
MED00200,3,curve_shift,-0.0022
MED00201,3,curve_shift,-0.00499
MED00202,3,curve_shift,0.00351
MED00203,3,curve_shift,-0.00642
MED00204,3,curve_shift,0.00547
MED00205,3,curve_shift,0.00119
MED00206,3,curve_shift,-0.00145
MED00207,3,curve_shift,-0.00166
MED00208,3,curve_shift,0.00581
MED00209,3,curve_shift,-0.00524
MED00210,3,curve_shift,0.00215
MED00211,3,curve_shift,-0.00646
MED00212,3,curve_shift,-0.00733
MED00213,3,curve_shift,-0.00173
MED00214,3,curve_shift,0.00895
MED00215,3,curve_shift,-0.00036
MED00216,3,curve_shift,-0.00582
MED00217,3,curve_shift,0.00383
MED00218,3,curve_shift,0.03352
MED00219,3,curve_shift,-0.00508
MED00220,3,curve_shift,0.00878
MED00221,3,curve_shift,-0.01273
MED00222,3,curve_shift,-0.01036
MED00223,3,curve_shift,0.0134
MED00224,3,curve_shift,0.00017
MED00225,3,curve_shift,-0.0135
MED00226,3,curve_shift,-0.0071
MED00227,3,curve_shift,0.00227
MED00228,3,curve_shift,-0.00336
MED00229,3,curve_shift,-0.02346
MED00230,3,curve_shift,-0.00486
MED00231,3,curve_shift,-0.00029
MED00232,3,curve_shift,-0.00715
MED00233,3,curve_shift,-0.00057
MED00234,3,curve_shift,0.00049
MED00235,3,curve_shift,0.00678
MED00236,3,curve_shift,0.00235
MED00237,3,curve_shift,-0.0173
MED00238,3,curve_shift,0.00231
MED00239,3,curve_shift,-0.00143
MED00240,3,curve_shift,-0.01526
MED00241,3,curve_shift,0.00965
MED00242,3,curve_shift,0.00998
MED00243,3,curve_shift,0.02214
MED00244,3,curve_shift,0.00868
MED00245,3,curve_shift,0.0106
MED00246,3,curve_shift,-0.00989
MED00247,3,curve_shift,0.00484
MED00248,3,curve_shift,-0.00513
MED00249,3,curve_shift,-0.00646
MED00250,3,curve_shift,-0.00396
MED00251,3,curve_shift,0.00623
MED00252,3,curve_shift,-0.00683
MED00253,3,curve_shift,0.022
MED00254,3,curve_shift,0.01887
MED00255,3,curve_shift,-0.02489
MED00256,3,curve_shift,0.00533
MED00257,3,curve_shift,-0.01592
MED00258,3,curve_shift,-0.00597
MED00259,3,curve_shift,0.00222
MED00260,3,curve_shift,-0.00764
MED00261,3,curve_shift,0.00112
MED00262,3,curve_shift,-0.0076
MED00263,3,curve_shift,0.00976
MED00264,3,curve_shift,-0.00616
MED00265,3,curve_shift,0.00676
MED00266,3,curve_shift,-0.01783
MED00267,3,curve_shift,-0.0122
MED00268,3,curve_shift,0.00147
MED00269,3,curve_shift,0.00831
MED00270,3,curve_shift,0.00994
MED00271,3,curve_shift,-0.00595
MED00272,3,curve_shift,-0.01165
MED00273,3,curve_shift,-0.01045
MED00274,3,curve_shift,-0.00453
MED00275,3,curve_shift,-0.00245
MED00276,3,curve_shift,0.00677
MED00277,3,curve_shift,0.00454
MED00278,3,curve_shift,0.01461
MED00279,3,curve_shift,0.00399
MED00280,3,curve_shift,0.0037
MED00281,3,curve_shift,-0.00188
MED00282,3,curve_shift,-0.01455
MED00283,3,curve_shift,-0.00881
MED00285,3,curve_shift,0.02248
MED00286,3,curve_shift,-0.01832
MED00287,3,curve_shift,0.00376
MED00288,3,curve_shift,0.00448
MED00289,3,curve_shift,-0.00925
MED00290,3,curve_shift,-0.00223
MED00291,3,curve_shift,-0.00132
MED00292,3,curve_shift,-0.00589
MED00293,3,curve_shift,-0.01902
MED00294,3,curve_shift,-0.0006
MED00295,3,curve_shift,-0.0095
MED00296,3,curve_shift,-0.01548
MED00297,3,curve_shift,0.00018
MED00298,3,curve_shift,-0.00543
MED00299,3,curve_shift,0.00255
MED00300,3,curve_shift,0.00227
MED00301,3,curve_shift,-0.00426
MED00302,3,curve_shift,0.01761
MED00303,3,curve_shift,-0.0104
MED00304,3,curve_shift,-0.01754
MED00305,3,curve_shift,0.0064
MED00306,3,curve_shift,0.00548
MED00307,3,curve_shift,-0.0006
MED00308,3,curve_shift,-0.00487
MED00309,3,curve_shift,-0.01165
MED00310,3,curve_shift,-0.01477
MED00311,3,curve_shift,-0.02435
MED00312,3,curve_shift,-0.0035
MED00313,3,curve_shift,-0.01137
MED00314,3,curve_shift,-0.02592
MED00315,3,curve_shift,0.00635
MED00316,3,curve_shift,0.00011
MED00317,3,curve_shift,0.00088
MED00318,3,curve_shift,-0.00893
MED00319,3,curve_shift,0.0087
MED00320,3,curve_shift,-0.0189
MED00321,3,curve_shift,-0.02101
MED00322,3,curve_shift,0.0033
MED00323,3,curve_shift,0.001
MED00324,3,curve_shift,-0.00082
MED00325,3,curve_shift,0.0132
MED00326,3,curve_shift,0.00756
MED00327,3,curve_shift,0.01095
MED00328,3,curve_shift,-0.01452
MED00329,3,curve_shift,0.00693
MED00330,3,curve_shift,-0.01417
MED00331,3,curve_shift,0.00442
MED00332,3,curve_shift,0.01429
MED00333,3,curve_shift,-0.01507
MED00334,3,curve_shift,-0.01353
MED00336,3,curve_shift,0.01725
MED00337,3,curve_shift,0.00949
MED00338,3,curve_shift,-0.00648
MED00339,3,curve_shift,-0.00265
MED00340,3,curve_shift,-0.00394
MED00341,3,curve_shift,-0.01399
MED00342,3,curve_shift,0.00834
MED00343,3,curve_shift,0.00243
MED00344,3,curve_shift,-0.02012
MED00345,3,curve_shift,-0.00048
MED00346,3,curve_shift,0.01467
MED00347,3,curve_shift,0.00107
MED00348,3,curve_shift,0.00162
MED00349,3,curve_shift,0.00014
MED00350,3,curve_shift,-0.00392
MED00351,3,curve_shift,-0.00138
MED00352,3,curve_shift,-0.00461
MED00353,3,curve_shift,-0.00641
MED00354,3,curve_shift,-0.00236
MED00355,3,curve_shift,-0.00505
MED00356,3,curve_shift,0.00796
MED00357,3,curve_shift,0.00451
MED00358,3,curve_shift,-0.01779
MED00359,3,curve_shift,0.00857
MED00360,3,curve_shift,-0.00828
MED00361,3,curve_shift,-0.00107
MED00362,3,curve_shift,-0.00584
MED00363,3,curve_shift,-0.00011
MED00364,3,curve_shift,0.00285
MED00365,3,curve_shift,0.00757
MED00366,3,curve_shift,0.0082
MED00367,3,curve_shift,0.00223
MED00368,3,curve_shift,0.01874
MED00369,3,curve_shift,-0.01577
MED00370,3,curve_shift,-0.00397
MED00371,3,curve_shift,-0.00681
MED00372,3,curve_shift,0.00691
MED00373,3,curve_shift,0.00828
MED00374,3,curve_shift,-0.0028
MED00375,3,curve_shift,0.00081
MED00376,3,curve_shift,0.006
MED00377,3,curve_shift,-0.01253
MED00378,3,curve_shift,0.01125
MED00379,3,curve_shift,-0.01024
MED00380,3,curve_shift,0.00202
MED00381,3,curve_shift,0.00583
MED00382,3,curve_shift,-0.00603
MED00383,3,curve_shift,0.02152
MED00384,3,curve_shift,0.00732
MED00385,3,curve_shift,-0.00372
MED00386,3,curve_shift,-0.00253
MED00387,3,curve_shift,0.00026
MED00388,3,curve_shift,0.00628
MED00389,3,curve_shift,-0.00426
MED00390,3,curve_shift,-0.00251
MED00391,3,curve_shift,-0.00069
MED00393,3,curve_shift,-0.00131
MED00394,3,curve_shift,-0.00198
MED00395,3,curve_shift,-0.00059
MED00396,3,curve_shift,0.01099
MED00397,3,curve_shift,0.00359
MED00398,3,curve_shift,0.007
MED00399,3,curve_shift,-0.00066
MED00400,3,curve_shift,-0.00091
MED00401,3,curve_shift,-0.0041
MED00402,3,curve_shift,-0.00028
MED00403,3,curve_shift,-0.00532
MED00404,3,curve_shift,0.00454
MED00405,3,curve_shift,-0.00485
MED00406,3,curve_shift,-0.00325
MED00407,3,curve_shift,-0.00024
MED00408,3,curve_shift,-0.00627
MED00409,3,curve_shift,-0.00303
MED00410,3,curve_shift,-0.00049
MED00411,3,curve_shift,-0.00218
MED00412,3,curve_shift,-0.00224
MED00413,3,curve_shift,-0.002
MED00414,3,curve_shift,-0.00106
MED00415,3,curve_shift,-0.0024
MED00416,3,curve_shift,-0.00123
MED00417,3,curve_shift,-0.00881
MED00418,3,curve_shift,-0.0106
MED00419,3,curve_shift,-0.00417
MED00420,3,curve_shift,-0.00051
MED00422,3,curve_shift,-0.00102
MED00423,3,curve_shift,-0.0025
MED00424,3,curve_shift,0.00555
MED00002,4,curve_shift,0.02402
MED00003,4,curve_shift,0.01211
MED00004,4,curve_shift,-0.0021
MED00005,4,curve_shift,0.01229
MED00006,4,curve_shift,0.00453
MED00007,4,curve_shift,0.01385
MED00008,4,curve_shift,0.00875
MED00009,4,curve_shift,-0.00569
MED00010,4,curve_shift,0.02041
MED00011,4,curve_shift,-0.00594
MED00012,4,curve_shift,0.00615
MED00013,4,curve_shift,0.01575
MED00014,4,curve_shift,-0.00146
MED00015,4,curve_shift,0.01358
MED00016,4,curve_shift,0.00011
MED00017,4,curve_shift,0.00117
MED00018,4,curve_shift,0.00694
MED00019,4,curve_shift,0.00903
MED00020,4,curve_shift,0.01326
MED00021,4,curve_shift,-0.00714
MED00022,4,curve_shift,-0.00279
MED00023,4,curve_shift,0.00317
MED00024,4,curve_shift,-0.00621
MED00025,4,curve_shift,-0.0025
MED00026,4,curve_shift,-0.00339
MED00027,4,curve_shift,0.00112
MED00028,4,curve_shift,0.01398
MED00029,4,curve_shift,-0.00496
MED00030,4,curve_shift,-0.01569
MED00031,4,curve_shift,-0.01301
MED00032,4,curve_shift,-0.00673
MED00033,4,curve_shift,0.00475
MED00034,4,curve_shift,0.00351
MED00035,4,curve_shift,-0.00354
MED00036,4,curve_shift,-0.00589
MED00037,4,curve_shift,-0.01566
MED00038,4,curve_shift,-0.00026
MED00039,4,curve_shift,0.00224
MED00040,4,curve_shift,-0.00449
MED00041,4,curve_shift,0.00509
MED00042,4,curve_shift,-0.00566
MED00043,4,curve_shift,0.0118
MED00044,4,curve_shift,-0.00338
MED00045,4,curve_shift,-0.00313
MED00046,4,curve_shift,-0.00071
MED00047,4,curve_shift,0.01524
MED00048,4,curve_shift,-0.00289
MED00049,4,curve_shift,-0.00021
MED00050,4,curve_shift,0.00178
MED00051,4,curve_shift,0.00083
MED00052,4,curve_shift,0.01034
MED00053,4,curve_shift,-0.0114
MED00054,4,curve_shift,0.0008
MED00055,4,curve_shift,0.00406
MED00056,4,curve_shift,-0.00179
MED00057,4,curve_shift,0.00235
MED00059,4,curve_shift,-0.00434
MED00060,4,curve_shift,-0.02193
MED00061,4,curve_shift,0.01445
MED00062,4,curve_shift,-0.00025
MED00063,4,curve_shift,-0.0038
MED00065,4,curve_shift,0.00467
MED00066,4,curve_shift,0.01158
MED00067,4,curve_shift,0.00558
MED00068,4,curve_shift,-0.01135
MED00069,4,curve_shift,0.00243
MED00070,4,curve_shift,-0.00308
MED00071,4,curve_shift,-0.00312
MED00072,4,curve_shift,-0.00394
MED00073,4,curve_shift,-0.00878
MED00074,4,curve_shift,-0.00698
MED00075,4,curve_shift,-0.00953
MED00076,4,curve_shift,0.00352
MED00077,4,curve_shift,-0.01415
MED00078,4,curve_shift,-0.00204
MED00079,4,curve_shift,-0.0007
MED00080,4,curve_shift,-0.00974
MED00081,4,curve_shift,0.01532
MED00082,4,curve_shift,-0.00112
MED00083,4,curve_shift,-0.01298
MED00084,4,curve_shift,0.00448
MED00085,4,curve_shift,0.00673
MED00086,4,curve_shift,0.00307
MED00087,4,curve_shift,0.00231
MED00088,4,curve_shift,0.00223
MED00089,4,curve_shift,0.01252
MED00090,4,curve_shift,-0.01427
MED00091,4,curve_shift,-0.00483
MED00092,4,curve_shift,0.0009
MED00093,4,curve_shift,-0.0013
MED00094,4,curve_shift,-0.0073
MED00095,4,curve_shift,0.01096
MED00096,4,curve_shift,-0.00257
MED00097,4,curve_shift,-0.00968
MED00098,4,curve_shift,-0.00463
MED00099,4,curve_shift,0.00176
MED00100,4,curve_shift,0.00284
MED00101,4,curve_shift,0.03053
MED00103,4,curve_shift,0.00383
MED00104,4,curve_shift,0.01786
MED00105,4,curve_shift,0.00214
MED00106,4,curve_shift,-0.00106
MED00107,4,curve_shift,0.00844
MED00108,4,curve_shift,0.01076
MED00109,4,curve_shift,0.00038
MED00110,4,curve_shift,-0.00086
MED00111,4,curve_shift,0.01456
MED00112,4,curve_shift,-0.00152
MED00113,4,curve_shift,-0.0035
MED00114,4,curve_shift,0.00204
MED00115,4,curve_shift,0.00546
MED00116,4,curve_shift,0.00035
MED00117,4,curve_shift,-0.00049
MED00118,4,curve_shift,0.00112
MED00119,4,curve_shift,0.00246
MED00120,4,curve_shift,0.00359
MED00121,4,curve_shift,0.01568
MED00122,4,curve_shift,0.00393
MED00123,4,curve_shift,0.00494
MED00124,4,curve_shift,0.01024
MED00125,4,curve_shift,0.00614
MED00126,4,curve_shift,-0.00566
MED00127,4,curve_shift,-0.0005
MED00128,4,curve_shift,-0.00047
MED00129,4,curve_shift,0.00094
MED00130,4,curve_shift,0.00309
MED00131,4,curve_shift,-0.00491
MED00132,4,curve_shift,0.00428
MED00133,4,curve_shift,-0.00113
MED00134,4,curve_shift,-0.00075
MED00135,4,curve_shift,-0.01328
MED00136,4,curve_shift,0.01141
MED00137,4,curve_shift,0.00619
MED00138,4,curve_shift,-0.00322
MED00139,4,curve_shift,0.01117
MED00140,4,curve_shift,-0.0011
MED00141,4,curve_shift,-0.00517
MED00142,4,curve_shift,-0.00812
MED00143,4,curve_shift,-0.00307
MED00144,4,curve_shift,0.01472
MED00145,4,curve_shift,0.01032
MED00146,4,curve_shift,0.00022
MED00147,4,curve_shift,0.00053
MED00148,4,curve_shift,-0.01451
MED00149,4,curve_shift,0.01853
MED00150,4,curve_shift,-0.00088
MED00151,4,curve_shift,0.00395
MED00152,4,curve_shift,0.00774
MED00153,4,curve_shift,0.00455
MED00154,4,curve_shift,-0.00216
MED00155,4,curve_shift,0.00677
MED00156,4,curve_shift,-0.00484
MED00157,4,curve_shift,0.02049
MED00158,4,curve_shift,-0.00149
MED00159,4,curve_shift,0.02484
MED00160,4,curve_shift,0.02284
MED00161,4,curve_shift,-0.00669
MED00162,4,curve_shift,0.00946
MED00163,4,curve_shift,0.01097
MED00164,4,curve_shift,0.0017
MED00165,4,curve_shift,0.01425
MED00166,4,curve_shift,0.00803
MED00167,4,curve_shift,-0.00207
MED00168,4,curve_shift,0.0007
MED00169,4,curve_shift,-0.00078
MED00170,4,curve_shift,0.0052
MED00171,4,curve_shift,0.00536
MED00172,4,curve_shift,-0.00336
MED00173,4,curve_shift,0.00239
MED00174,4,curve_shift,-0.01692
MED00175,4,curve_shift,0.00533
MED00176,4,curve_shift,0.0079
MED00177,4,curve_shift,-0.00185
MED00178,4,curve_shift,-0.00578
MED00179,4,curve_shift,-0.0021
MED00180,4,curve_shift,0.00595
MED00181,4,curve_shift,0.01482
MED00182,4,curve_shift,-0.00214
MED00183,4,curve_shift,0.00172
MED00184,4,curve_shift,0.01254
MED00185,4,curve_shift,-0.00562
MED00186,4,curve_shift,0.00655
MED00187,4,curve_shift,-0.00309
MED00188,4,curve_shift,0.01649
MED00189,4,curve_shift,0.00641
MED00190,4,curve_shift,0.00869
MED00191,4,curve_shift,0.00517
MED00192,4,curve_shift,0.00773
MED00193,4,curve_shift,0.01942
MED00194,4,curve_shift,0.00413
MED00195,4,curve_shift,0.02395
MED00196,4,curve_shift,0.00812
MED00197,4,curve_shift,0.00801
MED00198,4,curve_shift,-0.00138
MED00199,4,curve_shift,-0.0016
MED00200,4,curve_shift,0.00177
MED00201,4,curve_shift,-0.00368
MED00202,4,curve_shift,0.00299
MED00203,4,curve_shift,-0.00404
MED00204,4,curve_shift,0.00454
MED00205,4,curve_shift,0.00115
MED00206,4,curve_shift,-0.00123
MED00207,4,curve_shift,-0.00183
MED00208,4,curve_shift,0.00645
MED00209,4,curve_shift,-0.00416
MED00210,4,curve_shift,0.00285
MED00211,4,curve_shift,0.00218
MED00212,4,curve_shift,-0.00175
MED00213,4,curve_shift,-0.00136
MED00214,4,curve_shift,0.00822
MED00215,4,curve_shift,-0.0011
MED00216,4,curve_shift,-0.00552
MED00217,4,curve_shift,0.00384
MED00218,4,curve_shift,0.03334
MED00219,4,curve_shift,-0.00404
MED00220,4,curve_shift,0.0073
MED00221,4,curve_shift,-0.00672
MED00222,4,curve_shift,-0.00527
MED00223,4,curve_shift,0.01238
MED00224,4,curve_shift,-0.0002
MED00225,4,curve_shift,-0.01246
MED00226,4,curve_shift,0.00172
MED00227,4,curve_shift,0.00303
MED00228,4,curve_shift,-0.00259
MED00229,4,curve_shift,-0.0229
MED00230,4,curve_shift,-0.00268
MED00231,4,curve_shift,-0.00175
MED00232,4,curve_shift,-0.00212
MED00233,4,curve_shift,0.00137
MED00234,4,curve_shift,0.00025
MED00235,4,curve_shift,0.00652
MED00236,4,curve_shift,0.00163
MED00237,4,curve_shift,-0.01681
MED00238,4,curve_shift,-0.00012
MED00239,4,curve_shift,-0.00972
MED00240,4,curve_shift,-0.01462
MED00241,4,curve_shift,0.00893
MED00242,4,curve_shift,0.00959
MED00243,4,curve_shift,0.02249
MED00244,4,curve_shift,0.00832
MED00245,4,curve_shift,0.01046
MED00246,4,curve_shift,-0.00892
MED00247,4,curve_shift,0.00482
MED00248,4,curve_shift,-0.00431
MED00249,4,curve_shift,-0.00341
MED00250,4,curve_shift,-0.00339
MED00251,4,curve_shift,0.00622
MED00252,4,curve_shift,-0.0022
MED00253,4,curve_shift,0.02146
MED00254,4,curve_shift,0.0235
MED00255,4,curve_shift,-0.02419
MED00256,4,curve_shift,0.00535
MED00257,4,curve_shift,-0.0155
MED00258,4,curve_shift,0.00538
MED00260,4,curve_shift,-0.00224
MED00261,4,curve_shift,0.00636
MED00262,4,curve_shift,-0.00715
MED00263,4,curve_shift,0.00974
MED00264,4,curve_shift,-0.00557
MED00265,4,curve_shift,0.00616
MED00266,4,curve_shift,-0.00899
MED00267,4,curve_shift,-0.01133
MED00268,4,curve_shift,0.00108
MED00269,4,curve_shift,0.00851
MED00270,4,curve_shift,0.00734
MED00271,4,curve_shift,-0.00486
MED00272,4,curve_shift,-0.00843
MED00273,4,curve_shift,-0.00859
MED00274,4,curve_shift,0.00114
MED00275,4,curve_shift,-0.00205
MED00276,4,curve_shift,0.00676
MED00277,4,curve_shift,0.00529
MED00278,4,curve_shift,0.01456
MED00279,4,curve_shift,0.00344
MED00280,4,curve_shift,0.00641
MED00281,4,curve_shift,-0.00174
MED00282,4,curve_shift,-0.0142
MED00284,4,curve_shift,0.00203
MED00285,4,curve_shift,0.02239
MED00286,4,curve_shift,-0.01799
MED00287,4,curve_shift,0.00371
MED00288,4,curve_shift,0.00486
MED00289,4,curve_shift,-0.00885
MED00290,4,curve_shift,-0.00281
MED00291,4,curve_shift,0.00081
MED00292,4,curve_shift,-0.00437
MED00293,4,curve_shift,-0.01884
MED00294,4,curve_shift,0.00458
MED00295,4,curve_shift,-0.00421
MED00296,4,curve_shift,-0.00474
MED00297,4,curve_shift,0.00016
MED00298,4,curve_shift,-0.0045
MED00299,4,curve_shift,0.00308
MED00300,4,curve_shift,0.00156
MED00301,4,curve_shift,-0.00447
MED00302,4,curve_shift,0.01573
MED00303,4,curve_shift,-0.00171
MED00304,4,curve_shift,-0.0062
MED00305,4,curve_shift,0.00583
MED00306,4,curve_shift,0.01066
MED00307,4,curve_shift,0.00015
MED00308,4,curve_shift,-0.00421
MED00309,4,curve_shift,-0.00642
MED00310,4,curve_shift,-0.00215
MED00311,4,curve_shift,-0.02394
MED00312,4,curve_shift,0.00272
MED00313,4,curve_shift,-0.01201
MED00314,4,curve_shift,-0.014
MED00315,4,curve_shift,0.0063
MED00317,4,curve_shift,-0.00092
MED00318,4,curve_shift,-0.00783
MED00319,4,curve_shift,0.00854
MED00320,4,curve_shift,-0.01019
MED00321,4,curve_shift,-0.02101
MED00322,4,curve_shift,0.00409
MED00323,4,curve_shift,0.00612
MED00324,4,curve_shift,0.00129
MED00325,4,curve_shift,0.01514
MED00326,4,curve_shift,0.00751
MED00327,4,curve_shift,0.01092
MED00328,4,curve_shift,-0.01438
MED00329,4,curve_shift,0.00695
MED00330,4,curve_shift,-0.01132
MED00331,4,curve_shift,0.0044
MED00332,4,curve_shift,0.01437
MED00333,4,curve_shift,-0.01468
MED00334,4,curve_shift,-0.0023
MED00335,4,curve_shift,0.01036
MED00336,4,curve_shift,0.01738
MED00337,4,curve_shift,0.00936
MED00338,4,curve_shift,-0.00528
MED00339,4,curve_shift,0.00278
MED00340,4,curve_shift,0.00129
MED00341,4,curve_shift,-0.01302
MED00342,4,curve_shift,0.0079
MED00343,4,curve_shift,0.00197
MED00344,4,curve_shift,-0.0192
MED00345,4,curve_shift,-0.0002
MED00346,4,curve_shift,0.0141
MED00347,4,curve_shift,0.00194
MED00348,4,curve_shift,0.00161
MED00349,4,curve_shift,0.00017
MED00350,4,curve_shift,-0.0014
MED00351,4,curve_shift,0.00016
MED00352,4,curve_shift,-0.00299
MED00353,4,curve_shift,-0.00535
MED00354,4,curve_shift,-0.00269
MED00355,4,curve_shift,-0.00462
MED00356,4,curve_shift,0.00787
MED00357,4,curve_shift,0.00443
MED00358,4,curve_shift,-0.00656
MED00359,4,curve_shift,0.00812
MED00360,4,curve_shift,-0.00838
MED00361,4,curve_shift,-0.0013
MED00362,4,curve_shift,-0.00477
MED00363,4,curve_shift,-0.0004
MED00364,4,curve_shift,0.00359
MED00365,4,curve_shift,0.00753
MED00366,4,curve_shift,0.00817
MED00367,4,curve_shift,0.00035
MED00368,4,curve_shift,0.0187
MED00369,4,curve_shift,-0.01469
MED00370,4,curve_shift,0.00123
MED00371,4,curve_shift,-0.004
MED00372,4,curve_shift,0.00669
MED00373,4,curve_shift,0.00867
MED00374,4,curve_shift,-0.0025
MED00375,4,curve_shift,0.00092
MED00376,4,curve_shift,0.00549
MED00377,4,curve_shift,-0.00412
MED00378,4,curve_shift,0.01109
MED00379,4,curve_shift,-0.00996
MED00380,4,curve_shift,0.00214
MED00381,4,curve_shift,0.00406
MED00382,4,curve_shift,0.00202
MED00383,4,curve_shift,0.02134
MED00384,4,curve_shift,0.00721
MED00385,4,curve_shift,-0.0033
MED00386,4,curve_shift,-0.00213
MED00387,4,curve_shift,0.00026
MED00388,4,curve_shift,0.01009
MED00389,4,curve_shift,0.003
MED00390,4,curve_shift,-0.00185
MED00391,4,curve_shift,-0.00016
MED00392,4,curve_shift,-0.00051
MED00393,4,curve_shift,-0.0012
MED00394,4,curve_shift,-0.00161
MED00395,4,curve_shift,-0.00117
MED00396,4,curve_shift,0.01069
MED00397,4,curve_shift,0.00479
MED00398,4,curve_shift,0.0072
MED00399,4,curve_shift,-0.00046
MED00400,4,curve_shift,-0.00049
MED00401,4,curve_shift,-0.00333
MED00402,4,curve_shift,0.00018
MED00403,4,curve_shift,-0.00268
MED00404,4,curve_shift,0.00452
MED00405,4,curve_shift,-0.00434
MED00406,4,curve_shift,-0.00151
MED00408,4,curve_shift,-0.006
MED00409,4,curve_shift,-0.00116
MED00410,4,curve_shift,0.00028
MED00411,4,curve_shift,-0.00187
MED00412,4,curve_shift,-0.00027
MED00414,4,curve_shift,-0.00036
MED00415,4,curve_shift,-0.00064
MED00416,4,curve_shift,-0.00087
MED00417,4,curve_shift,-0.0086
MED00418,4,curve_shift,-0.01016
MED00419,4,curve_shift,-0.00412
MED00420,4,curve_shift,-0.00025
MED00421,4,curve_shift,0.00039
MED00422,4,curve_shift,-0.00093
MED00423,4,curve_shift,-0.00141
MED00424,4,curve_shift,0.00583
MED00001,5,curve_shift,0.00073
MED00002,5,curve_shift,0.02354
MED00003,5,curve_shift,0.01017
MED00004,5,curve_shift,-0.00015
MED00005,5,curve_shift,0.00987
MED00006,5,curve_shift,0.00457
MED00007,5,curve_shift,0.0147
MED00008,5,curve_shift,0.00555
MED00009,5,curve_shift,-0.0069
MED00010,5,curve_shift,0.01781
MED00011,5,curve_shift,-0.00577
MED00012,5,curve_shift,0.00533
MED00013,5,curve_shift,0.01259
MED00014,5,curve_shift,-0.00088
MED00015,5,curve_shift,0.01184
MED00016,5,curve_shift,-0.00143
MED00017,5,curve_shift,0.00136
MED00018,5,curve_shift,0.00683
MED00019,5,curve_shift,0.00954
MED00020,5,curve_shift,0.01056
MED00021,5,curve_shift,-0.00342
MED00022,5,curve_shift,-0.00348
MED00023,5,curve_shift,0.00515
MED00024,5,curve_shift,-0.00424
MED00025,5,curve_shift,-0.01179
MED00026,5,curve_shift,-0.00091
MED00027,5,curve_shift,-0.0092
MED00028,5,curve_shift,0.01061
MED00029,5,curve_shift,-0.00503
MED00030,5,curve_shift,-0.01605
MED00031,5,curve_shift,-0.01323
MED00032,5,curve_shift,-0.00803
MED00033,5,curve_shift,0.00529
MED00034,5,curve_shift,0.00459
MED00035,5,curve_shift,0.00143
MED00036,5,curve_shift,0.0021
MED00037,5,curve_shift,-0.01506
MED00038,5,curve_shift,0.00147
MED00039,5,curve_shift,0.00413
MED00040,5,curve_shift,-0.00352
MED00041,5,curve_shift,0.00524
MED00042,5,curve_shift,-0.00419
MED00043,5,curve_shift,0.00926
MED00044,5,curve_shift,-0.00142
MED00045,5,curve_shift,-0.00377
MED00046,5,curve_shift,0.00123
MED00047,5,curve_shift,0.01364
MED00048,5,curve_shift,-0.00105
MED00049,5,curve_shift,-0.00112
MED00050,5,curve_shift,0.00293
MED00051,5,curve_shift,0.00158
MED00052,5,curve_shift,0.00723
MED00053,5,curve_shift,-0.00827
MED00054,5,curve_shift,0.00265
MED00055,5,curve_shift,0.00508
MED00056,5,curve_shift,-0.00153
MED00057,5,curve_shift,0.00425
MED00058,5,curve_shift,0.00047
MED00059,5,curve_shift,-0.0038
MED00060,5,curve_shift,-0.02133
MED00061,5,curve_shift,0.01275
MED00062,5,curve_shift,-0.00162
MED00063,5,curve_shift,-0.00433
MED00064,5,curve_shift,0.00206
MED00065,5,curve_shift,0.00466
MED00066,5,curve_shift,0.0092
MED00067,5,curve_shift,0.00492
MED00068,5,curve_shift,-0.00982
MED00069,5,curve_shift,0.00324
MED00070,5,curve_shift,-0.00266
MED00071,5,curve_shift,-0.00137
MED00072,5,curve_shift,-0.00319
MED00073,5,curve_shift,-0.0078
MED00074,5,curve_shift,-0.00723
MED00075,5,curve_shift,-0.01177
MED00076,5,curve_shift,0.00326
MED00077,5,curve_shift,-0.01417
MED00078,5,curve_shift,-0.00532
MED00079,5,curve_shift,0.00146
MED00080,5,curve_shift,-0.00873
MED00081,5,curve_shift,0.01225
MED00082,5,curve_shift,0.00132
MED00083,5,curve_shift,-0.01055
MED00084,5,curve_shift,0.00515
MED00085,5,curve_shift,0.00626
MED00086,5,curve_shift,0.00285
MED00087,5,curve_shift,0.00226
MED00088,5,curve_shift,0.00317
MED00089,5,curve_shift,0.01183
MED00090,5,curve_shift,-0.01065
MED00091,5,curve_shift,-0.00397
MED00092,5,curve_shift,-0.00114
MED00093,5,curve_shift,-0.00354
MED00094,5,curve_shift,-0.00396
MED00095,5,curve_shift,0.00849
MED00096,5,curve_shift,-0.00179
MED00097,5,curve_shift,-0.00864
MED00098,5,curve_shift,-0.00433
MED00099,5,curve_shift,-0.00828
MED00100,5,curve_shift,0.00429
MED00101,5,curve_shift,0.02906
MED00102,5,curve_shift,0.00019
MED00103,5,curve_shift,0.00352
MED00104,5,curve_shift,0.01763
MED00105,5,curve_shift,0.00182
MED00106,5,curve_shift,0.00104
MED00107,5,curve_shift,0.00803
MED00108,5,curve_shift,0.00992
MED00109,5,curve_shift,-0.00108
MED00110,5,curve_shift,-0.00219
MED00111,5,curve_shift,0.01123
MED00112,5,curve_shift,-0.00166
MED00113,5,curve_shift,-0.00325
MED00114,5,curve_shift,0.00204
MED00115,5,curve_shift,0.00242
MED00116,5,curve_shift,0.00102
MED00117,5,curve_shift,-0.0004
MED00118,5,curve_shift,0.00115
MED00119,5,curve_shift,0.00207
MED00120,5,curve_shift,0.00619
MED00121,5,curve_shift,0.01429
MED00122,5,curve_shift,0.00329
MED00123,5,curve_shift,0.00593
MED00124,5,curve_shift,0.00876
MED00125,5,curve_shift,0.00578
MED00126,5,curve_shift,-0.00666
MED00127,5,curve_shift,0.0016
MED00128,5,curve_shift,-0.00089
MED00129,5,curve_shift,0.00139
MED00130,5,curve_shift,0.00433
MED00131,5,curve_shift,-0.00157
MED00132,5,curve_shift,0.00423
MED00133,5,curve_shift,-0.00183
MED00134,5,curve_shift,-0.00166
MED00135,5,curve_shift,-0.01238
MED00136,5,curve_shift,0.00963
MED00137,5,curve_shift,0.0071
MED00138,5,curve_shift,-0.00265
MED00139,5,curve_shift,0.01283
MED00140,5,curve_shift,-0.00095
MED00141,5,curve_shift,-0.0026
MED00142,5,curve_shift,-0.00689
MED00143,5,curve_shift,-0.00331
MED00144,5,curve_shift,0.01606
MED00145,5,curve_shift,0.00761
MED00146,5,curve_shift,0.00011
MED00147,5,curve_shift,0.0007
MED00148,5,curve_shift,-0.01556
MED00149,5,curve_shift,0.01814
MED00150,5,curve_shift,0.00254
MED00151,5,curve_shift,0.00208
MED00152,5,curve_shift,0.00715
MED00153,5,curve_shift,0.00397
MED00154,5,curve_shift,-0.00217
MED00155,5,curve_shift,0.00495
MED00156,5,curve_shift,-0.00776
MED00157,5,curve_shift,0.01978
MED00158,5,curve_shift,-0.00345
MED00159,5,curve_shift,0.02625
MED00160,5,curve_shift,0.01956
MED00161,5,curve_shift,-0.00385
MED00162,5,curve_shift,0.00673
MED00163,5,curve_shift,0.00741
MED00164,5,curve_shift,0.0035
MED00165,5,curve_shift,0.00893
MED00166,5,curve_shift,0.00667
MED00167,5,curve_shift,-0.00191
MED00168,5,curve_shift,0.00111
MED00169,5,curve_shift,-0.00075
MED00170,5,curve_shift,0.00513
MED00171,5,curve_shift,0.00233
MED00172,5,curve_shift,-0.00166
MED00173,5,curve_shift,0.00307
MED00174,5,curve_shift,-0.016
MED00175,5,curve_shift,0.00676
MED00176,5,curve_shift,0.00578
MED00177,5,curve_shift,0.00107
MED00178,5,curve_shift,-0.00526
MED00179,5,curve_shift,-0.00121
MED00180,5,curve_shift,0.00604
MED00181,5,curve_shift,0.01282
MED00182,5,curve_shift,-0.00581
MED00183,5,curve_shift,0.00043
MED00184,5,curve_shift,0.0122
MED00185,5,curve_shift,-0.00338
MED00186,5,curve_shift,0.00548
MED00187,5,curve_shift,-0.00327
MED00188,5,curve_shift,0.0152
MED00189,5,curve_shift,0.00677
MED00190,5,curve_shift,0.00821
MED00191,5,curve_shift,0.00511
MED00192,5,curve_shift,0.00706
MED00193,5,curve_shift,0.01836
MED00194,5,curve_shift,0.00583
MED00195,5,curve_shift,-0.00157
MED00196,5,curve_shift,0.00683
MED00197,5,curve_shift,0.005
MED00198,5,curve_shift,-0.00138
MED00200,5,curve_shift,0.0021
MED00201,5,curve_shift,-0.00666
MED00202,5,curve_shift,0.00269
MED00203,5,curve_shift,-0.00444
MED00204,5,curve_shift,0.00309
MED00205,5,curve_shift,0.00069
MED00206,5,curve_shift,-0.00154
MED00207,5,curve_shift,-0.0017
MED00208,5,curve_shift,0.00587
MED00209,5,curve_shift,-0.00628
MED00210,5,curve_shift,0.00439
MED00211,5,curve_shift,0.0042
MED00212,5,curve_shift,0.00011
MED00213,5,curve_shift,-0.00065
MED00214,5,curve_shift,0.00893
MED00215,5,curve_shift,-0.00141
MED00216,5,curve_shift,-0.00553
MED00217,5,curve_shift,0.00395
MED00218,5,curve_shift,0.03072
MED00219,5,curve_shift,-0.00356
MED00220,5,curve_shift,0.00495
MED00221,5,curve_shift,-0.00409
MED00222,5,curve_shift,-0.00412
MED00223,5,curve_shift,0.0106
MED00225,5,curve_shift,-0.01093
MED00226,5,curve_shift,0.0037
MED00227,5,curve_shift,0.00346
MED00228,5,curve_shift,-0.00343
MED00229,5,curve_shift,-0.02662
MED00230,5,curve_shift,-0.00254
MED00231,5,curve_shift,-0.00181
MED00232,5,curve_shift,-0.00255
MED00233,5,curve_shift,0.0015
MED00234,5,curve_shift,-0.00078
MED00235,5,curve_shift,0.00645
MED00236,5,curve_shift,0.00283
MED00237,5,curve_shift,-0.01642
MED00238,5,curve_shift,-0.00033
MED00239,5,curve_shift,-0.00776
MED00240,5,curve_shift,-0.01285
MED00241,5,curve_shift,0.00708
MED00242,5,curve_shift,0.00679
MED00243,5,curve_shift,0.02335
MED00244,5,curve_shift,0.00739
MED00245,5,curve_shift,0.00894
MED00246,5,curve_shift,-0.00683
MED00247,5,curve_shift,0.00457
MED00248,5,curve_shift,-0.00161
MED00249,5,curve_shift,-0.00304
MED00250,5,curve_shift,-0.00182
MED00251,5,curve_shift,0.00592
MED00252,5,curve_shift,-0.00559
MED00253,5,curve_shift,0.01902
MED00254,5,curve_shift,0.02011
MED00255,5,curve_shift,-0.02078
MED00256,5,curve_shift,0.0062
MED00257,5,curve_shift,-0.01273
MED00258,5,curve_shift,0.00454
MED00259,5,curve_shift,-0.00088
MED00260,5,curve_shift,-0.00132
MED00261,5,curve_shift,-0.00288
MED00262,5,curve_shift,-0.00551
MED00263,5,curve_shift,0.01012
MED00264,5,curve_shift,-0.00635
MED00265,5,curve_shift,0.00635
MED00266,5,curve_shift,-0.00672
MED00267,5,curve_shift,-0.0094
MED00268,5,curve_shift,0.00038
MED00269,5,curve_shift,0.0079
MED00270,5,curve_shift,0.00745
MED00271,5,curve_shift,-0.00355
MED00272,5,curve_shift,-0.00599
MED00273,5,curve_shift,-0.00615
MED00274,5,curve_shift,0.00195
MED00275,5,curve_shift,-0.00144
MED00276,5,curve_shift,0.00596
MED00277,5,curve_shift,0.00596
MED00278,5,curve_shift,0.01372
MED00279,5,curve_shift,0.00317
MED00280,5,curve_shift,0.00504
MED00281,5,curve_shift,-0.00123
MED00282,5,curve_shift,-0.01132
MED00284,5,curve_shift,0.00207
MED00285,5,curve_shift,0.02062
MED00286,5,curve_shift,-0.0176
MED00287,5,curve_shift,0.00207
MED00288,5,curve_shift,0.00832
MED00289,5,curve_shift,-0.00698
MED00290,5,curve_shift,-0.0027
MED00291,5,curve_shift,0.001
MED00292,5,curve_shift,-0.00262
MED00293,5,curve_shift,-0.01683
MED00294,5,curve_shift,0.0052
MED00295,5,curve_shift,-0.00341
MED00296,5,curve_shift,-0.00327
MED00297,5,curve_shift,0.00122
MED00298,5,curve_shift,-0.00464
MED00299,5,curve_shift,0.00255
MED00300,5,curve_shift,0.0021
MED00301,5,curve_shift,-0.0125
MED00302,5,curve_shift,0.0152
MED00303,5,curve_shift,-0.00225
MED00304,5,curve_shift,-0.00322
MED00305,5,curve_shift,0.00496
MED00306,5,curve_shift,0.01168
MED00307,5,curve_shift,0.00121
MED00308,5,curve_shift,-0.00014
MED00309,5,curve_shift,-0.00356
MED00310,5,curve_shift,-0.00233
MED00311,5,curve_shift,-0.02095
MED00312,5,curve_shift,0.00282
MED00313,5,curve_shift,-0.0113
MED00314,5,curve_shift,-0.0056
MED00315,5,curve_shift,0.0054
MED00316,5,curve_shift,-0.00153
MED00317,5,curve_shift,-0.00099
MED00318,5,curve_shift,-0.00588
MED00319,5,curve_shift,0.00835
MED00320,5,curve_shift,-0.00895
MED00321,5,curve_shift,-0.02141
MED00322,5,curve_shift,0.00318
MED00323,5,curve_shift,0.00441
MED00324,5,curve_shift,0.00549
MED00325,5,curve_shift,0.01531
MED00326,5,curve_shift,0.00655
MED00327,5,curve_shift,0.01012
MED00328,5,curve_shift,-0.01315
MED00329,5,curve_shift,0.00681
MED00330,5,curve_shift,-0.01048
MED00331,5,curve_shift,0.00456
MED00332,5,curve_shift,0.0133
MED00333,5,curve_shift,-0.01342
MED00334,5,curve_shift,-0.00223
MED00335,5,curve_shift,0.01667
MED00336,5,curve_shift,0.01482
MED00337,5,curve_shift,0.00838
MED00338,5,curve_shift,0.00491
MED00339,5,curve_shift,0.0042
MED00340,5,curve_shift,-0.00146
MED00341,5,curve_shift,-0.01128
MED00342,5,curve_shift,0.00658
MED00343,5,curve_shift,0.00214
MED00344,5,curve_shift,-0.01816
MED00345,5,curve_shift,-0.00073
MED00346,5,curve_shift,0.0126
MED00347,5,curve_shift,0.00141
MED00348,5,curve_shift,0.00292
MED00349,5,curve_shift,0.00038
MED00350,5,curve_shift,0.00758
MED00351,5,curve_shift,-0.00159
MED00352,5,curve_shift,-0.00462
MED00353,5,curve_shift,-0.00714
MED00354,5,curve_shift,-0.00269
MED00355,5,curve_shift,-0.00297
MED00356,5,curve_shift,0.00689
MED00357,5,curve_shift,0.00403
MED00358,5,curve_shift,-0.00554
MED00359,5,curve_shift,0.00679
MED00360,5,curve_shift,-0.01021
MED00361,5,curve_shift,-0.00168
MED00362,5,curve_shift,-0.00623
MED00363,5,curve_shift,-0.00013
MED00364,5,curve_shift,0.00433
MED00365,5,curve_shift,0.00472
MED00366,5,curve_shift,0.00779
MED00367,5,curve_shift,0.00085
MED00368,5,curve_shift,0.01546
MED00369,5,curve_shift,-0.01115
MED00370,5,curve_shift,0.00935
MED00371,5,curve_shift,-0.00289
MED00372,5,curve_shift,0.00776
MED00373,5,curve_shift,0.00578
MED00374,5,curve_shift,-0.00435
MED00375,5,curve_shift,0.00166
MED00376,5,curve_shift,0.00482
MED00377,5,curve_shift,-0.00698
MED00378,5,curve_shift,0.01079
MED00379,5,curve_shift,-0.01059
MED00380,5,curve_shift,0.0009
MED00381,5,curve_shift,0.00365
MED00382,5,curve_shift,0.00089
MED00383,5,curve_shift,0.02007
MED00384,5,curve_shift,0.0067
MED00385,5,curve_shift,-0.00469
MED00386,5,curve_shift,-0.00396
MED00387,5,curve_shift,0.00169
MED00388,5,curve_shift,0.01186
MED00389,5,curve_shift,0.00547
MED00390,5,curve_shift,-0.00025
MED00391,5,curve_shift,0.00103
MED00392,5,curve_shift,0.00075
MED00394,5,curve_shift,-0.00094
MED00395,5,curve_shift,-0.00098
MED00396,5,curve_shift,0.00892
MED00397,5,curve_shift,0.00452
MED00398,5,curve_shift,0.00658
MED00399,5,curve_shift,-0.0003
MED00400,5,curve_shift,0.00168
MED00401,5,curve_shift,-0.00385
MED00402,5,curve_shift,-0.00181
MED00403,5,curve_shift,-0.00215
MED00404,5,curve_shift,0.00259
MED00405,5,curve_shift,-0.00301
MED00406,5,curve_shift,0.00062
MED00407,5,curve_shift,-0.00133
MED00408,5,curve_shift,-0.00629
MED00409,5,curve_shift,-0.00088
MED00410,5,curve_shift,0.00043
MED00411,5,curve_shift,-0.00216
MED00412,5,curve_shift,-0.00163
MED00413,5,curve_shift,-0.00162
MED00414,5,curve_shift,-0.00101
MED00415,5,curve_shift,-0.00202
MED00416,5,curve_shift,-0.00142
MED00417,5,curve_shift,-0.00764
MED00418,5,curve_shift,-0.00796
MED00419,5,curve_shift,-0.00215
MED00420,5,curve_shift,-0.00284
MED00421,5,curve_shift,-0.00157
MED00422,5,curve_shift,-0.00225
MED00423,5,curve_shift,-0.00133
MED00424,5,curve_shift,0.00797
MED00001,6,curve_shift,0.00041
MED00002,6,curve_shift,0.02362
MED00003,6,curve_shift,0.00974
MED00004,6,curve_shift,0.00022
MED00005,6,curve_shift,0.00987
MED00006,6,curve_shift,0.00402
MED00007,6,curve_shift,0.01486
MED00008,6,curve_shift,0.00375
MED00009,6,curve_shift,-0.00782
MED00010,6,curve_shift,0.01867
MED00011,6,curve_shift,-0.00872
MED00012,6,curve_shift,0.00388
MED00013,6,curve_shift,0.01258
MED00014,6,curve_shift,-0.00112
MED00015,6,curve_shift,0.01148
MED00016,6,curve_shift,-0.00218
MED00017,6,curve_shift,0.00083
MED00018,6,curve_shift,0.00658
MED00019,6,curve_shift,0.00934
MED00020,6,curve_shift,0.01062
MED00021,6,curve_shift,-0.0125
MED00022,6,curve_shift,-0.00434
MED00023,6,curve_shift,-0.00023
MED00024,6,curve_shift,-0.0049
MED00025,6,curve_shift,-0.00797
MED00026,6,curve_shift,0.00208
MED00027,6,curve_shift,-0.00477
MED00028,6,curve_shift,0.01066
MED00029,6,curve_shift,-0.00551
MED00030,6,curve_shift,-0.01688
MED00031,6,curve_shift,-0.014
MED00032,6,curve_shift,-0.00759
MED00033,6,curve_shift,0.00546
MED00034,6,curve_shift,-0.00421
MED00036,6,curve_shift,-0.00326
MED00037,6,curve_shift,-0.01604
MED00038,6,curve_shift,0.00105
MED00039,6,curve_shift,-0.00196
MED00040,6,curve_shift,-0.00423
MED00041,6,curve_shift,-0.00251
MED00042,6,curve_shift,-0.01079
MED00043,6,curve_shift,0.00905
MED00044,6,curve_shift,-0.00189
MED00045,6,curve_shift,-0.00376
MED00046,6,curve_shift,-0.00435
MED00047,6,curve_shift,0.01332
MED00048,6,curve_shift,-0.00149
MED00049,6,curve_shift,-0.00119
MED00050,6,curve_shift,-0.00731
MED00051,6,curve_shift,0.00117
MED00052,6,curve_shift,0.00728
MED00053,6,curve_shift,-0.00803
MED00054,6,curve_shift,0.00231
MED00055,6,curve_shift,0.00438
MED00056,6,curve_shift,-0.00222
MED00057,6,curve_shift,-0.00081
MED00058,6,curve_shift,-0.00047
MED00059,6,curve_shift,-0.00425
MED00060,6,curve_shift,-0.02209
MED00061,6,curve_shift,0.01276
MED00062,6,curve_shift,-0.00192
MED00063,6,curve_shift,-0.00433
MED00064,6,curve_shift,-0.00677
MED00065,6,curve_shift,0.00443
MED00066,6,curve_shift,0.00899
MED00067,6,curve_shift,0.00249
MED00068,6,curve_shift,-0.01
MED00069,6,curve_shift,-0.00243
MED00070,6,curve_shift,-0.00307
MED00071,6,curve_shift,-0.00199
MED00072,6,curve_shift,-0.00415
MED00073,6,curve_shift,-0.00819
MED00074,6,curve_shift,-0.00482
MED00075,6,curve_shift,-0.01276
MED00076,6,curve_shift,0.00329
MED00077,6,curve_shift,-0.01513
MED00078,6,curve_shift,-0.01409
MED00079,6,curve_shift,-0.00156
MED00080,6,curve_shift,-0.00847
MED00081,6,curve_shift,0.00906
MED00082,6,curve_shift,-0.00775
MED00083,6,curve_shift,-0.01149
MED00084,6,curve_shift,0.00548
MED00085,6,curve_shift,0.00556
MED00086,6,curve_shift,-0.00649
MED00087,6,curve_shift,0.00195
MED00088,6,curve_shift,0.00332
MED00089,6,curve_shift,0.01259
MED00090,6,curve_shift,-0.0113
MED00091,6,curve_shift,-0.00455
MED00092,6,curve_shift,-0.00183
MED00093,6,curve_shift,-0.0025
MED00094,6,curve_shift,0.00036
MED00095,6,curve_shift,0.00572
MED00096,6,curve_shift,-0.00372
MED00097,6,curve_shift,-0.01414
MED00098,6,curve_shift,-0.00315
MED00099,6,curve_shift,-0.00464
MED00100,6,curve_shift,0.00482
MED00101,6,curve_shift,0.02899
MED00102,6,curve_shift,-0.00107
MED00103,6,curve_shift,0.00334
MED00104,6,curve_shift,0.01769
MED00105,6,curve_shift,0.00187
MED00106,6,curve_shift,0.00105
MED00107,6,curve_shift,0.0073
MED00108,6,curve_shift,0.00888
MED00109,6,curve_shift,-0.00181
MED00110,6,curve_shift,-0.00297
MED00111,6,curve_shift,0.01124
MED00112,6,curve_shift,-0.00199
MED00113,6,curve_shift,-0.00455
MED00114,6,curve_shift,0.00217
MED00115,6,curve_shift,0.00253
MED00116,6,curve_shift,-0.00799
MED00117,6,curve_shift,-0.00036
MED00118,6,curve_shift,0.00044
MED00119,6,curve_shift,0.00165
MED00120,6,curve_shift,0.00751
MED00121,6,curve_shift,0.01435
MED00122,6,curve_shift,0.00209
MED00123,6,curve_shift,0.00123
MED00124,6,curve_shift,0.00894
MED00125,6,curve_shift,0.00584
MED00126,6,curve_shift,-0.00652
MED00127,6,curve_shift,-0.00269
MED00128,6,curve_shift,-0.00343
MED00129,6,curve_shift,-0.00015
MED00130,6,curve_shift,0.00389
MED00131,6,curve_shift,-0.00252
MED00132,6,curve_shift,0.00023
MED00133,6,curve_shift,-0.00244
MED00134,6,curve_shift,-0.00218
MED00135,6,curve_shift,-0.01188
MED00136,6,curve_shift,0.00964
MED00137,6,curve_shift,0.00892
MED00138,6,curve_shift,-0.00341
MED00139,6,curve_shift,0.01292
MED00140,6,curve_shift,-0.00097
MED00141,6,curve_shift,-0.01061
MED00142,6,curve_shift,-0.01241
MED00143,6,curve_shift,-0.00105
MED00144,6,curve_shift,0.01543
MED00145,6,curve_shift,0.00762
MED00147,6,curve_shift,-0.0033
MED00148,6,curve_shift,-0.01581
MED00149,6,curve_shift,0.01147
MED00150,6,curve_shift,-0.00287
MED00151,6,curve_shift,0.00065
MED00152,6,curve_shift,0.00714
MED00153,6,curve_shift,0.00276
MED00154,6,curve_shift,-0.00285
MED00155,6,curve_shift,0.00429
MED00156,6,curve_shift,-0.0073
MED00157,6,curve_shift,0.01803
MED00158,6,curve_shift,0.00146
MED00159,6,curve_shift,0.02694
MED00160,6,curve_shift,0.01959
MED00161,6,curve_shift,-0.00831
MED00162,6,curve_shift,0.00821
MED00163,6,curve_shift,0.00746
MED00164,6,curve_shift,-0.00216
MED00165,6,curve_shift,-0.0102
MED00166,6,curve_shift,0.00665
MED00167,6,curve_shift,-0.00234
MED00168,6,curve_shift,-0.00431
MED00169,6,curve_shift,-0.00116
MED00170,6,curve_shift,0.00515
MED00171,6,curve_shift,0.0003
MED00172,6,curve_shift,-0.00169
MED00173,6,curve_shift,-0.00591
MED00174,6,curve_shift,-0.01574
MED00175,6,curve_shift,0.00186
MED00176,6,curve_shift,0.00582
MED00177,6,curve_shift,0.01005
MED00178,6,curve_shift,-0.00493
MED00179,6,curve_shift,-0.00667
MED00180,6,curve_shift,0.00567
MED00181,6,curve_shift,0.01475
MED00182,6,curve_shift,0.00571
MED00183,6,curve_shift,-0.00841
MED00184,6,curve_shift,0.01305
MED00185,6,curve_shift,-0.00429
MED00186,6,curve_shift,0.00515
MED00187,6,curve_shift,-0.00908
MED00188,6,curve_shift,0.01537
MED00189,6,curve_shift,0.00529
MED00190,6,curve_shift,0.00546
MED00191,6,curve_shift,0.00526
MED00192,6,curve_shift,0.00695
MED00193,6,curve_shift,0.01828
MED00194,6,curve_shift,-0.0039
MED00195,6,curve_shift,-0.01988
MED00196,6,curve_shift,0.00313
MED00197,6,curve_shift,-0.0053
MED00198,6,curve_shift,-0.0017
MED00199,6,curve_shift,-0.00067
MED00200,6,curve_shift,-0.0035
MED00201,6,curve_shift,-0.00697
MED00202,6,curve_shift,0.00214
MED00203,6,curve_shift,-0.00539
MED00204,6,curve_shift,0.00283
MED00205,6,curve_shift,0.00045
MED00206,6,curve_shift,0.00175
MED00207,6,curve_shift,-0.00327
MED00208,6,curve_shift,0.00594
MED00209,6,curve_shift,-0.00682
MED00210,6,curve_shift,0.00357
MED00211,6,curve_shift,-0.00458
MED00212,6,curve_shift,-0.00549
MED00213,6,curve_shift,0.00131
MED00214,6,curve_shift,0.00799
MED00215,6,curve_shift,-0.00355
MED00216,6,curve_shift,-0.00553
MED00217,6,curve_shift,0.00379
MED00218,6,curve_shift,0.03079
MED00219,6,curve_shift,-0.00388
MED00220,6,curve_shift,0.00293
MED00221,6,curve_shift,-0.00922
MED00222,6,curve_shift,-0.00832
MED00223,6,curve_shift,0.01301
MED00224,6,curve_shift,0.00059
MED00225,6,curve_shift,-0.01135
MED00226,6,curve_shift,-0.00559
MED00227,6,curve_shift,0.00278
MED00228,6,curve_shift,-0.00425
MED00229,6,curve_shift,-0.02664
MED00230,6,curve_shift,-0.00324
MED00231,6,curve_shift,-0.00194
MED00232,6,curve_shift,-0.00491
MED00233,6,curve_shift,-0.00051
MED00234,6,curve_shift,-0.00153
MED00235,6,curve_shift,0.00648
MED00236,6,curve_shift,0.00189
MED00237,6,curve_shift,-0.0172
MED00238,6,curve_shift,-0.00049
MED00239,6,curve_shift,-0.00917
MED00240,6,curve_shift,-0.01293
MED00241,6,curve_shift,0.00583
MED00242,6,curve_shift,0.00296
MED00243,6,curve_shift,0.02204
MED00244,6,curve_shift,0.00715
MED00245,6,curve_shift,0.00688
MED00246,6,curve_shift,-0.00808
MED00247,6,curve_shift,0.00456
MED00248,6,curve_shift,-0.00226
MED00249,6,curve_shift,-0.00604
MED00250,6,curve_shift,-0.00217
MED00251,6,curve_shift,0.00503
MED00252,6,curve_shift,-0.00508
MED00253,6,curve_shift,0.01828
MED00254,6,curve_shift,0.02062
MED00255,6,curve_shift,-0.02061
MED00256,6,curve_shift,0.00661
MED00257,6,curve_shift,-0.01305
MED00258,6,curve_shift,-0.00675
MED00259,6,curve_shift,-0.00077
MED00260,6,curve_shift,-0.00154
MED00261,6,curve_shift,-0.00337
MED00262,6,curve_shift,-0.00587
MED00263,6,curve_shift,0.00833
MED00264,6,curve_shift,-0.0068
MED00265,6,curve_shift,0.00599
MED00266,6,curve_shift,-0.01557
MED00267,6,curve_shift,-0.01039
MED00268,6,curve_shift,0.00038
MED00269,6,curve_shift,0.00715
MED00270,6,curve_shift,0.00692
MED00271,6,curve_shift,-0.0033
MED00272,6,curve_shift,-0.00882
MED00273,6,curve_shift,-0.00889
MED00274,6,curve_shift,-0.0027
MED00275,6,curve_shift,-0.00173
MED00276,6,curve_shift,0.00531
MED00277,6,curve_shift,0.00489
MED00278,6,curve_shift,0.01338
MED00279,6,curve_shift,0.00307
MED00280,6,curve_shift,0.00362
MED00281,6,curve_shift,-0.0018
MED00282,6,curve_shift,-0.01164
MED00283,6,curve_shift,-0.00847
MED00284,6,curve_shift,0.00158
MED00285,6,curve_shift,0.02067
MED00286,6,curve_shift,-0.01805
MED00287,6,curve_shift,0.00023
MED00288,6,curve_shift,0.00796
MED00289,6,curve_shift,-0.01382
MED00290,6,curve_shift,-0.0014
MED00291,6,curve_shift,-0.00087
MED00292,6,curve_shift,-0.00427
MED00293,6,curve_shift,-0.01714
MED00295,6,curve_shift,-0.00343
MED00296,6,curve_shift,-0.01467
MED00297,6,curve_shift,0.00089
MED00298,6,curve_shift,-0.00586
MED00299,6,curve_shift,0.00254
MED00300,6,curve_shift,0.00071
MED00301,6,curve_shift,-0.01331
MED00302,6,curve_shift,0.01587
MED00303,6,curve_shift,-0.01127
MED00304,6,curve_shift,-0.01445
MED00305,6,curve_shift,0.00373
MED00306,6,curve_shift,0.00661
MED00307,6,curve_shift,0.0011
MED00308,6,curve_shift,-0.00069
MED00309,6,curve_shift,-0.00849
MED00310,6,curve_shift,-0.01328
MED00311,6,curve_shift,-0.01986
MED00312,6,curve_shift,-0.00385
MED00313,6,curve_shift,-0.01112
MED00314,6,curve_shift,-0.0083
MED00315,6,curve_shift,0.00407
MED00316,6,curve_shift,-0.00189
MED00317,6,curve_shift,-0.00128
MED00318,6,curve_shift,-0.00677
MED00319,6,curve_shift,0.0086
MED00320,6,curve_shift,-0.01758
MED00321,6,curve_shift,-0.01245
MED00322,6,curve_shift,0.00297
MED00323,6,curve_shift,-0.00079
MED00324,6,curve_shift,0.00462
MED00325,6,curve_shift,0.01301
MED00326,6,curve_shift,0.00591
MED00327,6,curve_shift,0.00974
MED00328,6,curve_shift,-0.01386
MED00329,6,curve_shift,0.00679
MED00330,6,curve_shift,-0.01398
MED00331,6,curve_shift,0.00376
MED00332,6,curve_shift,0.01252
MED00333,6,curve_shift,-0.01428
MED00334,6,curve_shift,-0.01324
MED00335,6,curve_shift,0.01822
MED00336,6,curve_shift,0.01653
MED00337,6,curve_shift,0.00852
MED00338,6,curve_shift,0.01034
MED00339,6,curve_shift,-0.00138
MED00340,6,curve_shift,-0.00707
MED00341,6,curve_shift,-0.01173
MED00342,6,curve_shift,0.00618
MED00343,6,curve_shift,0.00212
MED00344,6,curve_shift,-0.01906
MED00345,6,curve_shift,-0.00081
MED00346,6,curve_shift,0.01298
MED00347,6,curve_shift,0.00136
MED00348,6,curve_shift,0.00139
MED00349,6,curve_shift,0.00035
MED00350,6,curve_shift,0.00933
MED00351,6,curve_shift,-0.00222
MED00352,6,curve_shift,-0.00511
MED00353,6,curve_shift,-0.00764
MED00354,6,curve_shift,-0.00059
MED00355,6,curve_shift,-0.00303
MED00356,6,curve_shift,0.0061
MED00357,6,curve_shift,0.00411
MED00358,6,curve_shift,-0.01555
MED00359,6,curve_shift,0.00684
MED00360,6,curve_shift,-0.01116
MED00361,6,curve_shift,-0.00192
MED00362,6,curve_shift,-0.00715
MED00363,6,curve_shift,-0.00215
MED00364,6,curve_shift,0.00429
MED00365,6,curve_shift,0.00096
MED00366,6,curve_shift,0.00713
MED00367,6,curve_shift,-0.00258
MED00368,6,curve_shift,0.01501
MED00369,6,curve_shift,-0.012
MED00370,6,curve_shift,0.00355
MED00371,6,curve_shift,-0.00442
MED00372,6,curve_shift,0.00794
MED00373,6,curve_shift,0.00573
MED00374,6,curve_shift,-0.00352
MED00375,6,curve_shift,0.00173
MED00376,6,curve_shift,0.00225
MED00377,6,curve_shift,0.00427
MED00378,6,curve_shift,0.01088
MED00379,6,curve_shift,-0.00168
MED00380,6,curve_shift,0.00053
MED00381,6,curve_shift,0.00372
MED00382,6,curve_shift,-0.00801
MED00383,6,curve_shift,0.0202
MED00384,6,curve_shift,0.00685
MED00385,6,curve_shift,-0.00496
MED00386,6,curve_shift,-0.00441
MED00387,6,curve_shift,0.00168
MED00388,6,curve_shift,0.0095
MED00389,6,curve_shift,0.00506
MED00390,6,curve_shift,-0.0002
MED00391,6,curve_shift,0.00199
MED00392,6,curve_shift,0.00032
MED00393,6,curve_shift,-0.00109
MED00394,6,curve_shift,-0.00137
MED00395,6,curve_shift,-0.00128
MED00396,6,curve_shift,0.00671
MED00397,6,curve_shift,0.00459
MED00398,6,curve_shift,1e-04
MED00399,6,curve_shift,-0.00082
MED00400,6,curve_shift,0.00249
MED00401,6,curve_shift,-0.00402
MED00402,6,curve_shift,-0.00177
MED00403,6,curve_shift,-0.00511
MED00404,6,curve_shift,0.00175
MED00405,6,curve_shift,-0.00375
MED00406,6,curve_shift,0.00089
MED00407,6,curve_shift,-0.00184
MED00408,6,curve_shift,-0.00673
MED00409,6,curve_shift,-0.00097
MED00410,6,curve_shift,0.00043
MED00411,6,curve_shift,-0.00112
MED00412,6,curve_shift,-0.002
MED00413,6,curve_shift,-0.00402
MED00414,6,curve_shift,-0.00139
MED00415,6,curve_shift,-0.00234
MED00416,6,curve_shift,-0.00051
MED00417,6,curve_shift,-0.00747
MED00418,6,curve_shift,-0.00823
MED00419,6,curve_shift,-0.00161
MED00420,6,curve_shift,-0.00315
MED00421,6,curve_shift,-0.00202
MED00422,6,curve_shift,-0.00236
MED00423,6,curve_shift,-0.00279
MED00424,6,curve_shift,0.00772
MED00001,7,curve_shift,-0.00085
MED00002,7,curve_shift,0.02389
MED00003,7,curve_shift,0.01022
MED00004,7,curve_shift,-0.00012
MED00005,7,curve_shift,0.00998
MED00006,7,curve_shift,0.00393
MED00007,7,curve_shift,0.01722
MED00008,7,curve_shift,0.00102
MED00009,7,curve_shift,-0.00918
MED00010,7,curve_shift,0.01883
MED00011,7,curve_shift,-0.013
MED00012,7,curve_shift,0.00372
MED00013,7,curve_shift,0.00977
MED00014,7,curve_shift,-0.00321
MED00015,7,curve_shift,0.01063
MED00016,7,curve_shift,-0.00254
MED00017,7,curve_shift,0.00086
MED00018,7,curve_shift,0.00352
MED00019,7,curve_shift,-0.00116
MED00020,7,curve_shift,0.00957
MED00021,7,curve_shift,-0.01319
MED00022,7,curve_shift,-0.004
MED00024,7,curve_shift,-0.00628
MED00025,7,curve_shift,-0.00755
MED00026,7,curve_shift,0.01322
MED00027,7,curve_shift,-0.00431
MED00028,7,curve_shift,0.01047
MED00029,7,curve_shift,-0.00684
MED00030,7,curve_shift,-0.01815
MED00031,7,curve_shift,-0.01596
MED00032,7,curve_shift,-0.00871
MED00033,7,curve_shift,0.00556
MED00034,7,curve_shift,-0.0051
MED00035,7,curve_shift,0.00041
MED00036,7,curve_shift,0.00099
MED00037,7,curve_shift,-0.01757
MED00038,7,curve_shift,0.00043
MED00039,7,curve_shift,-0.00257
MED00040,7,curve_shift,-0.00698
MED00041,7,curve_shift,-0.00324
MED00042,7,curve_shift,-0.0115
MED00043,7,curve_shift,0.00732
MED00044,7,curve_shift,-0.00327
MED00045,7,curve_shift,-0.00407
MED00046,7,curve_shift,-0.00591
MED00047,7,curve_shift,0.01293
MED00048,7,curve_shift,-0.00214
MED00049,7,curve_shift,-0.00089
MED00050,7,curve_shift,-0.00745
MED00051,7,curve_shift,0.00157
MED00052,7,curve_shift,0.00555
MED00053,7,curve_shift,-0.00932
MED00054,7,curve_shift,0.0026
MED00055,7,curve_shift,-0.00187
MED00056,7,curve_shift,-0.00378
MED00057,7,curve_shift,-0.00291
MED00058,7,curve_shift,-0.00051
MED00059,7,curve_shift,-0.00544
MED00060,7,curve_shift,-0.02322
MED00061,7,curve_shift,0.01326
MED00062,7,curve_shift,-0.0031
MED00063,7,curve_shift,-0.00413
MED00064,7,curve_shift,-0.00783
MED00065,7,curve_shift,0.00375
MED00066,7,curve_shift,0.00942
MED00067,7,curve_shift,-0.00011
MED00068,7,curve_shift,-0.01138
MED00069,7,curve_shift,-0.00401
MED00070,7,curve_shift,-0.00431
MED00071,7,curve_shift,-0.00337
MED00072,7,curve_shift,-0.00553
MED00073,7,curve_shift,-0.00877
MED00074,7,curve_shift,-0.00619
MED00075,7,curve_shift,-0.01354
MED00076,7,curve_shift,0.00357
MED00077,7,curve_shift,-0.01559
MED00078,7,curve_shift,-0.01524
MED00079,7,curve_shift,-0.00208
MED00080,7,curve_shift,-0.00984
MED00081,7,curve_shift,0.00959
MED00082,7,curve_shift,-0.00913
MED00083,7,curve_shift,-0.01304
MED00084,7,curve_shift,0.00532
MED00085,7,curve_shift,0.00259
MED00086,7,curve_shift,-0.00911
MED00087,7,curve_shift,0.00186
MED00088,7,curve_shift,0.00545
MED00089,7,curve_shift,0.0131
MED00090,7,curve_shift,-0.01099
MED00091,7,curve_shift,-0.00593
MED00092,7,curve_shift,-0.00237
MED00093,7,curve_shift,-0.00167
MED00094,7,curve_shift,0.00139
MED00095,7,curve_shift,0.00028
MED00096,7,curve_shift,-0.0053
MED00097,7,curve_shift,-0.0147
MED00098,7,curve_shift,-0.00455
MED00099,7,curve_shift,-0.0037
MED00100,7,curve_shift,0.00504
MED00101,7,curve_shift,0.02159
MED00102,7,curve_shift,-0.0026
MED00103,7,curve_shift,0.0029
MED00104,7,curve_shift,0.01785
MED00105,7,curve_shift,0.00172
MED00106,7,curve_shift,-0.00069
MED00107,7,curve_shift,0.00697
MED00108,7,curve_shift,0.00743
MED00109,7,curve_shift,-0.00352
MED00110,7,curve_shift,-0.00341
MED00111,7,curve_shift,0.01037
MED00112,7,curve_shift,-0.00209
MED00113,7,curve_shift,-0.00719
MED00114,7,curve_shift,0.00169
MED00115,7,curve_shift,0.00211
MED00116,7,curve_shift,-0.00804
MED00117,7,curve_shift,-0.0003
MED00118,7,curve_shift,-0.0008
MED00119,7,curve_shift,0.0005
MED00120,7,curve_shift,0.00775
MED00121,7,curve_shift,0.0146
MED00122,7,curve_shift,-0.00475
MED00123,7,curve_shift,0.00047
MED00124,7,curve_shift,0.00925
MED00125,7,curve_shift,0.00523
MED00126,7,curve_shift,-0.00486
MED00127,7,curve_shift,-0.004
MED00128,7,curve_shift,-0.00487
MED00129,7,curve_shift,0.00167
MED00130,7,curve_shift,0.00218
MED00131,7,curve_shift,-0.00378
MED00132,7,curve_shift,-0.00062
MED00133,7,curve_shift,-0.00287
MED00134,7,curve_shift,-0.0026
MED00135,7,curve_shift,-0.00497
MED00136,7,curve_shift,0.00943
MED00137,7,curve_shift,0.00946
MED00138,7,curve_shift,-0.00482
MED00139,7,curve_shift,0.01329
MED00140,7,curve_shift,-0.00174
MED00141,7,curve_shift,-0.01189
MED00142,7,curve_shift,-0.01281
MED00143,7,curve_shift,-0.0023
MED00144,7,curve_shift,0.01416
MED00145,7,curve_shift,0.00793
MED00146,7,curve_shift,0.002
MED00147,7,curve_shift,-0.00461
MED00148,7,curve_shift,-0.01706
MED00149,7,curve_shift,0.00945
MED00150,7,curve_shift,-0.00392
MED00151,7,curve_shift,0.00073
MED00152,7,curve_shift,0.00676
MED00153,7,curve_shift,0.00227
MED00154,7,curve_shift,-0.00445
MED00155,7,curve_shift,0.00465
MED00156,7,curve_shift,-0.00856
MED00157,7,curve_shift,0.01818
MED00158,7,curve_shift,0.00189
MED00159,7,curve_shift,0.02687
MED00160,7,curve_shift,0.02002
MED00161,7,curve_shift,-0.00916
MED00162,7,curve_shift,0.00837
MED00163,7,curve_shift,0.00795
MED00164,7,curve_shift,-0.00353
MED00165,7,curve_shift,-0.00864
MED00166,7,curve_shift,0.00678
MED00167,7,curve_shift,-0.0031
MED00168,7,curve_shift,-0.00497
MED00169,7,curve_shift,-0.00254
MED00170,7,curve_shift,0.00133
MED00171,7,curve_shift,0.00027
MED00172,7,curve_shift,-0.00149
MED00173,7,curve_shift,-0.00728
MED00174,7,curve_shift,-0.01768
MED00175,7,curve_shift,0.00106
MED00176,7,curve_shift,0.00629
MED00177,7,curve_shift,0.01421
MED00178,7,curve_shift,-0.00562
MED00179,7,curve_shift,-0.00659
MED00180,7,curve_shift,0.00485
MED00181,7,curve_shift,0.01512
MED00182,7,curve_shift,0.00716
MED00183,7,curve_shift,-0.00868
MED00184,7,curve_shift,0.01338
MED00185,7,curve_shift,-0.00503
MED00186,7,curve_shift,0.00504
MED00187,7,curve_shift,-0.01047
MED00188,7,curve_shift,0.01646
MED00189,7,curve_shift,0.00565
MED00190,7,curve_shift,0.00212
MED00191,7,curve_shift,0.00574
MED00192,7,curve_shift,0.00404
MED00193,7,curve_shift,0.01871
MED00194,7,curve_shift,-0.00645
MED00195,7,curve_shift,-0.02218
MED00196,7,curve_shift,-0.00611
MED00197,7,curve_shift,-0.00813
MED00198,7,curve_shift,-0.00188
MED00199,7,curve_shift,-0.0014
MED00200,7,curve_shift,-0.00504
MED00201,7,curve_shift,-0.00698
MED00202,7,curve_shift,0.00194
MED00203,7,curve_shift,-0.00664
MED00204,7,curve_shift,0.00283
MED00205,7,curve_shift,-0.00373
MED00206,7,curve_shift,0.00223
MED00207,7,curve_shift,-0.00471
MED00208,7,curve_shift,0.0063
MED00209,7,curve_shift,-0.00831
MED00210,7,curve_shift,0.00289
MED00211,7,curve_shift,-0.00593
MED00212,7,curve_shift,-0.00444
MED00213,7,curve_shift,0.00155
MED00214,7,curve_shift,0.00057
MED00215,7,curve_shift,-0.00496
MED00216,7,curve_shift,-0.00532
MED00217,7,curve_shift,0.00368
MED00218,7,curve_shift,0.02376
MED00219,7,curve_shift,-0.00424
MED00220,7,curve_shift,0.00201
MED00221,7,curve_shift,-0.01055
MED00222,7,curve_shift,-0.00977
MED00223,7,curve_shift,0.01347
MED00224,7,curve_shift,0.0004
MED00225,7,curve_shift,-0.01349
MED00226,7,curve_shift,-0.00537
MED00227,7,curve_shift,0.00261
MED00228,7,curve_shift,-0.00475
MED00229,7,curve_shift,-0.02693
MED00230,7,curve_shift,-0.00568
MED00231,7,curve_shift,-0.00146
MED00232,7,curve_shift,0.0031
MED00233,7,curve_shift,-0.00119
MED00234,7,curve_shift,-0.00189
MED00235,7,curve_shift,0.0078
MED00236,7,curve_shift,0.00149
MED00237,7,curve_shift,-0.01848
MED00238,7,curve_shift,-0.00921
MED00239,7,curve_shift,-0.01062
MED00240,7,curve_shift,-0.01429
MED00241,7,curve_shift,0.00562
MED00242,7,curve_shift,-0.00821
MED00243,7,curve_shift,0.02244
MED00244,7,curve_shift,0.00617
MED00245,7,curve_shift,0.00645
MED00246,7,curve_shift,-0.00947
MED00247,7,curve_shift,0.00375
MED00248,7,curve_shift,-0.00361
MED00249,7,curve_shift,-0.00799
MED00250,7,curve_shift,-0.00366
MED00251,7,curve_shift,0.00492
MED00252,7,curve_shift,-0.00651
MED00253,7,curve_shift,0.01859
MED00254,7,curve_shift,-0.0108
MED00255,7,curve_shift,-0.02195
MED00256,7,curve_shift,0.00698
MED00257,7,curve_shift,-0.01433
MED00258,7,curve_shift,-0.00814
MED00259,7,curve_shift,-0.00119
MED00260,7,curve_shift,0.00114
MED00261,7,curve_shift,-0.00242
MED00262,7,curve_shift,-0.00724
MED00263,7,curve_shift,0.00363
MED00264,7,curve_shift,-0.00699
MED00265,7,curve_shift,0.00153
MED00266,7,curve_shift,-0.02251
MED00267,7,curve_shift,-0.01176
MED00268,7,curve_shift,-0.00161
MED00269,7,curve_shift,0.00767
MED00270,7,curve_shift,0.00578
MED00271,7,curve_shift,-0.00166
MED00272,7,curve_shift,-0.01015
MED00273,7,curve_shift,-0.01
MED00274,7,curve_shift,-0.00352
MED00275,7,curve_shift,-0.00154
MED00276,7,curve_shift,0.005
MED00277,7,curve_shift,0.00539
MED00278,7,curve_shift,0.00428
MED00279,7,curve_shift,0.0045
MED00280,7,curve_shift,0.00407
MED00281,7,curve_shift,-0.00134
MED00282,7,curve_shift,-0.01165
MED00283,7,curve_shift,-0.00989
MED00284,7,curve_shift,0.0003
MED00285,7,curve_shift,0.02073
MED00286,7,curve_shift,-0.0194
MED00287,7,curve_shift,-0.00019
MED00288,7,curve_shift,-0.00263
MED00289,7,curve_shift,-0.01435
MED00290,7,curve_shift,-0.00271
MED00291,7,curve_shift,-0.00294
MED00292,7,curve_shift,-0.00543
MED00293,7,curve_shift,-0.01823
MED00294,7,curve_shift,-0.00144
MED00295,7,curve_shift,0.00098
MED00296,7,curve_shift,-0.01627
MED00297,7,curve_shift,0.00072
MED00298,7,curve_shift,-0.00724
MED00299,7,curve_shift,0.00271
MED00300,7,curve_shift,-0.00056
MED00301,7,curve_shift,-0.01463
MED00302,7,curve_shift,0.01627
MED00303,7,curve_shift,-0.01268
MED00304,7,curve_shift,-0.01584
MED00305,7,curve_shift,0.00325
MED00306,7,curve_shift,-0.00034
MED00307,7,curve_shift,0.00129
MED00308,7,curve_shift,-0.00066
MED00309,7,curve_shift,-0.00987
MED00310,7,curve_shift,-0.01455
MED00311,7,curve_shift,-0.02186
MED00312,7,curve_shift,-0.00453
MED00313,7,curve_shift,-0.0136
MED00314,7,curve_shift,0.00746
MED00315,7,curve_shift,0.00352
MED00316,7,curve_shift,-0.00596
MED00317,7,curve_shift,-0.00521
MED00318,7,curve_shift,-0.00817
MED00319,7,curve_shift,0.00895
MED00320,7,curve_shift,-0.01828
MED00321,7,curve_shift,-0.01578
MED00322,7,curve_shift,0.00208
MED00323,7,curve_shift,-0.00186
MED00324,7,curve_shift,0.00397
MED00325,7,curve_shift,0.00405
MED00326,7,curve_shift,0.00539
MED00327,7,curve_shift,0.00821
MED00328,7,curve_shift,-0.01524
MED00329,7,curve_shift,0.00712
MED00330,7,curve_shift,-0.01536
MED00331,7,curve_shift,0.0035
MED00332,7,curve_shift,0.01264
MED00333,7,curve_shift,-0.01759
MED00334,7,curve_shift,-0.01533
MED00335,7,curve_shift,0.01934
MED00336,7,curve_shift,0.00571
MED00337,7,curve_shift,0.00858
MED00338,7,curve_shift,0.01023
MED00339,7,curve_shift,-0.00276
MED00340,7,curve_shift,-0.00898
MED00341,7,curve_shift,-0.0131
MED00342,7,curve_shift,0.00606
MED00343,7,curve_shift,0.00103
MED00344,7,curve_shift,-0.02069
MED00345,7,curve_shift,-0.00052
MED00346,7,curve_shift,0.01269
MED00347,7,curve_shift,0.00163
MED00348,7,curve_shift,0.0005
MED00349,7,curve_shift,-0.00128
MED00350,7,curve_shift,0.00379
MED00351,7,curve_shift,-0.00221
MED00352,7,curve_shift,-0.00477
MED00353,7,curve_shift,-0.00794
MED00354,7,curve_shift,-0.00076
MED00355,7,curve_shift,-0.00231
MED00356,7,curve_shift,0.0056
MED00357,7,curve_shift,0.00463
MED00358,7,curve_shift,-0.01682
MED00359,7,curve_shift,0.0072
MED00360,7,curve_shift,-0.01226
MED00361,7,curve_shift,-0.0061
MED00362,7,curve_shift,-0.00836
MED00363,7,curve_shift,-0.00232
MED00364,7,curve_shift,0.0047
MED00365,7,curve_shift,0.00071
MED00366,7,curve_shift,0.00613
MED00367,7,curve_shift,-0.0039
MED00368,7,curve_shift,0.0133
MED00369,7,curve_shift,-0.01338
MED00370,7,curve_shift,0.00294
MED00371,7,curve_shift,-0.00516
MED00372,7,curve_shift,0.00825
MED00373,7,curve_shift,0.00608
MED00374,7,curve_shift,-0.00481
MED00375,7,curve_shift,0.00189
MED00376,7,curve_shift,0.002
MED00377,7,curve_shift,0.00561
MED00378,7,curve_shift,0.0112
MED00379,7,curve_shift,-0.00787
MED00380,7,curve_shift,0.00011
MED00381,7,curve_shift,0.00409
MED00382,7,curve_shift,-0.00798
MED00383,7,curve_shift,0.01792
MED00384,7,curve_shift,0.00591
MED00385,7,curve_shift,-0.00613
MED00386,7,curve_shift,-0.00576
MED00387,7,curve_shift,0.00217
MED00388,7,curve_shift,0.01234
MED00389,7,curve_shift,0.00379
MED00390,7,curve_shift,-0.00139
MED00391,7,curve_shift,0.00074
MED00392,7,curve_shift,-0.0009
MED00393,7,curve_shift,-0.00216
MED00394,7,curve_shift,-0.0024
MED00395,7,curve_shift,-0.00255
MED00396,7,curve_shift,0.00235
MED00397,7,curve_shift,0.00465
MED00398,7,curve_shift,-0.00264
MED00399,7,curve_shift,-0.00377
MED00400,7,curve_shift,0.00395
MED00401,7,curve_shift,-0.00732
MED00402,7,curve_shift,-0.00296
MED00403,7,curve_shift,-0.00629
MED00404,7,curve_shift,0.00179
MED00405,7,curve_shift,-0.00534
MED00406,7,curve_shift,-0.00018
MED00407,7,curve_shift,-0.00304
MED00408,7,curve_shift,-0.00792
MED00409,7,curve_shift,-0.00176
MED00410,7,curve_shift,-0.00077
MED00411,7,curve_shift,-0.00219
MED00412,7,curve_shift,-0.00331
MED00413,7,curve_shift,-0.00674
MED00414,7,curve_shift,-0.00239
MED00415,7,curve_shift,-0.00352
MED00416,7,curve_shift,-0.00161
MED00417,7,curve_shift,-0.00963
MED00418,7,curve_shift,-0.00954
MED00419,7,curve_shift,-0.00369
MED00420,7,curve_shift,-0.0038
MED00421,7,curve_shift,-0.00227
MED00422,7,curve_shift,-0.00219
MED00423,7,curve_shift,-0.00393
MED00424,7,curve_shift,-0.00288
MED00001,8,curve_shift,-0.00079
MED00002,8,curve_shift,0.00559
MED00003,8,curve_shift,0.0099
MED00004,8,curve_shift,-0.00016
MED00005,8,curve_shift,0.00993
MED00006,8,curve_shift,0.00315
MED00007,8,curve_shift,0.01745
MED00008,8,curve_shift,0.00013
MED00009,8,curve_shift,-0.009
MED00010,8,curve_shift,0.01871
MED00011,8,curve_shift,-0.01035
MED00012,8,curve_shift,0.00367
MED00013,8,curve_shift,0.0082
MED00014,8,curve_shift,-0.00382
MED00015,8,curve_shift,0.01036
MED00016,8,curve_shift,-0.00401
MED00017,8,curve_shift,-0.00076
MED00018,8,curve_shift,0.00371
MED00019,8,curve_shift,-0.00171
MED00020,8,curve_shift,0.00959
MED00021,8,curve_shift,-0.01315
MED00022,8,curve_shift,-0.00396
MED00023,8,curve_shift,0.00013
MED00024,8,curve_shift,-0.00622
MED00025,8,curve_shift,-0.00644
MED00026,8,curve_shift,0.01489
MED00027,8,curve_shift,-0.00312
MED00028,8,curve_shift,0.00941
MED00029,8,curve_shift,-0.00671
MED00030,8,curve_shift,-0.01807
MED00031,8,curve_shift,-0.01592
MED00032,8,curve_shift,-0.00863
MED00033,8,curve_shift,0.00552
MED00034,8,curve_shift,-0.00532
MED00036,8,curve_shift,0.00518
MED00037,8,curve_shift,-0.01739
MED00038,8,curve_shift,0.00048
MED00039,8,curve_shift,-0.00252
MED00040,8,curve_shift,-0.00701
MED00041,8,curve_shift,-0.00438
MED00042,8,curve_shift,-0.01156
MED00043,8,curve_shift,0.00691
MED00044,8,curve_shift,-0.00323
MED00045,8,curve_shift,-0.00011
MED00046,8,curve_shift,-0.00586
MED00047,8,curve_shift,0.01102
MED00048,8,curve_shift,-0.00212
MED00049,8,curve_shift,-0.0025
MED00050,8,curve_shift,-0.0074
MED00051,8,curve_shift,0.00235
MED00052,8,curve_shift,0.00413
MED00053,8,curve_shift,-0.0092
MED00054,8,curve_shift,0.00224
MED00055,8,curve_shift,-0.00218
MED00056,8,curve_shift,-0.0028
MED00057,8,curve_shift,-0.00845
MED00058,8,curve_shift,-0.00055
MED00059,8,curve_shift,-0.00539
MED00060,8,curve_shift,-0.02316
MED00061,8,curve_shift,0.0132
MED00062,8,curve_shift,-0.003
MED00063,8,curve_shift,-0.00578
MED00064,8,curve_shift,-0.00801
MED00065,8,curve_shift,0.00272
MED00066,8,curve_shift,0.00932
MED00067,8,curve_shift,-0.00042
MED00068,8,curve_shift,-0.01132
MED00069,8,curve_shift,-0.00324
MED00070,8,curve_shift,-0.00263
MED00071,8,curve_shift,-0.00333
MED00072,8,curve_shift,-0.00549
MED00073,8,curve_shift,-0.0087
MED00074,8,curve_shift,-0.00615
MED00075,8,curve_shift,-0.01349
MED00076,8,curve_shift,0.00302
MED00077,8,curve_shift,-0.01554
MED00078,8,curve_shift,-0.01555
MED00079,8,curve_shift,-0.00143
MED00080,8,curve_shift,-0.0098
MED00081,8,curve_shift,0.00891
MED00082,8,curve_shift,-0.00907
MED00083,8,curve_shift,-0.01301
MED00084,8,curve_shift,0.00605
MED00086,8,curve_shift,-0.00793
MED00087,8,curve_shift,0.00168
MED00088,8,curve_shift,0.00566
MED00089,8,curve_shift,0.01407
MED00090,8,curve_shift,-0.01094
MED00091,8,curve_shift,-0.00587
MED00092,8,curve_shift,-0.00253
MED00093,8,curve_shift,-0.00011
MED00094,8,curve_shift,0.00628
MED00095,8,curve_shift,-0.00018
MED00096,8,curve_shift,-0.00522
MED00097,8,curve_shift,-0.0158
MED00098,8,curve_shift,-0.00446
MED00099,8,curve_shift,-0.00281
MED00100,8,curve_shift,0.00373
MED00101,8,curve_shift,0.01661
MED00102,8,curve_shift,-0.00249
MED00103,8,curve_shift,0.00139
MED00104,8,curve_shift,0.017
MED00105,8,curve_shift,0.00163
MED00106,8,curve_shift,-0.00337
MED00107,8,curve_shift,0.00581
MED00108,8,curve_shift,0.00412
MED00109,8,curve_shift,-0.00357
MED00110,8,curve_shift,-0.00345
MED00111,8,curve_shift,0.01038
MED00112,8,curve_shift,-0.0035
MED00113,8,curve_shift,-0.00708
MED00114,8,curve_shift,0.00164
MED00115,8,curve_shift,0.00191
MED00116,8,curve_shift,-0.00801
MED00117,8,curve_shift,-0.00048
MED00118,8,curve_shift,-0.00191
MED00119,8,curve_shift,0.00041
MED00120,8,curve_shift,0.00803
MED00121,8,curve_shift,0.01452
MED00122,8,curve_shift,-0.00546
MED00123,8,curve_shift,0.0005
MED00124,8,curve_shift,0.00832
MED00125,8,curve_shift,0.00494
MED00126,8,curve_shift,-0.00491
MED00127,8,curve_shift,-0.00394
MED00128,8,curve_shift,-0.00482
MED00130,8,curve_shift,-0.0005
MED00131,8,curve_shift,-0.00371
MED00132,8,curve_shift,-0.00057
MED00133,8,curve_shift,-0.00282
MED00134,8,curve_shift,-0.00264
MED00135,8,curve_shift,0.00876
MED00136,8,curve_shift,0.00938
MED00137,8,curve_shift,0.00942
MED00138,8,curve_shift,-0.00505
MED00139,8,curve_shift,0.01286
MED00140,8,curve_shift,-0.00226
MED00141,8,curve_shift,-0.01185
MED00142,8,curve_shift,-0.01328
MED00143,8,curve_shift,-0.00261
MED00144,8,curve_shift,0.00048
MED00145,8,curve_shift,0.00729
MED00146,8,curve_shift,-0.00049
MED00147,8,curve_shift,-0.00441
MED00148,8,curve_shift,-0.017
MED00149,8,curve_shift,0.00642
MED00150,8,curve_shift,-0.00388
MED00151,8,curve_shift,0.00056
MED00152,8,curve_shift,0.00629
MED00153,8,curve_shift,0.00209
MED00154,8,curve_shift,-0.00388
MED00155,8,curve_shift,0.00349
MED00156,8,curve_shift,-0.00841
MED00157,8,curve_shift,0.01631
MED00158,8,curve_shift,0.00309
MED00159,8,curve_shift,0.02728
MED00160,8,curve_shift,0.01864
MED00161,8,curve_shift,-0.00929
MED00162,8,curve_shift,0.00725
MED00163,8,curve_shift,0.01152
MED00164,8,curve_shift,-0.00347
MED00165,8,curve_shift,-0.0095
MED00166,8,curve_shift,0.00674
MED00167,8,curve_shift,-0.00354
MED00168,8,curve_shift,-0.0048
MED00169,8,curve_shift,-0.00247
MED00170,8,curve_shift,0.00085
MED00171,8,curve_shift,-0.00022
MED00172,8,curve_shift,-0.00143
MED00173,8,curve_shift,-0.00723
MED00174,8,curve_shift,-0.01797
MED00175,8,curve_shift,-0.00503
MED00176,8,curve_shift,0.00567
MED00177,8,curve_shift,0.01528
MED00178,8,curve_shift,-0.00557
MED00179,8,curve_shift,-0.00679
MED00180,8,curve_shift,0.0048
MED00181,8,curve_shift,0.01512
MED00182,8,curve_shift,0.00841
MED00183,8,curve_shift,-0.00894
MED00184,8,curve_shift,0.01334
MED00185,8,curve_shift,-0.00451
MED00186,8,curve_shift,0.00359
MED00187,8,curve_shift,-0.01046
MED00188,8,curve_shift,0.01531
MED00189,8,curve_shift,0.00558
MED00190,8,curve_shift,0.00147
MED00191,8,curve_shift,0.00563
MED00192,8,curve_shift,0.00357
MED00193,8,curve_shift,-0.00153
MED00194,8,curve_shift,-0.00686
MED00195,8,curve_shift,-0.02251
MED00196,8,curve_shift,-0.0067
MED00197,8,curve_shift,-0.00715
MED00198,8,curve_shift,-0.00204
MED00199,8,curve_shift,-0.00136
MED00200,8,curve_shift,-0.00499
MED00201,8,curve_shift,-0.00692
MED00202,8,curve_shift,-0.00088
MED00203,8,curve_shift,-0.00659
MED00204,8,curve_shift,0.00267
MED00205,8,curve_shift,-0.00367
MED00206,8,curve_shift,0.00229
MED00207,8,curve_shift,-0.00465
MED00208,8,curve_shift,0.00628
MED00209,8,curve_shift,-0.00825
MED00210,8,curve_shift,0.00393
MED00211,8,curve_shift,-0.00588
MED00212,8,curve_shift,-0.00444
MED00213,8,curve_shift,0.0015
MED00214,8,curve_shift,-0.00362
MED00215,8,curve_shift,-0.00615
MED00216,8,curve_shift,-0.00667
MED00217,8,curve_shift,0.00326
MED00218,8,curve_shift,0.0217
MED00219,8,curve_shift,0.00051
MED00220,8,curve_shift,0.00171
MED00221,8,curve_shift,-0.0105
MED00222,8,curve_shift,-0.00964
MED00223,8,curve_shift,0.01349
MED00224,8,curve_shift,-0.00139
MED00225,8,curve_shift,-0.01345
MED00226,8,curve_shift,-0.00466
MED00227,8,curve_shift,0.00275
MED00228,8,curve_shift,-0.00031
MED00229,8,curve_shift,-0.02697
MED00230,8,curve_shift,-0.0059
MED00231,8,curve_shift,-0.00144
MED00232,8,curve_shift,0.00432
MED00233,8,curve_shift,-0.00113
MED00234,8,curve_shift,-0.00252
MED00235,8,curve_shift,0.00726
MED00236,8,curve_shift,0.0013
MED00237,8,curve_shift,-0.01839
MED00238,8,curve_shift,-0.00662
MED00239,8,curve_shift,-0.01061
MED00240,8,curve_shift,-0.01425
MED00241,8,curve_shift,0.00313
MED00242,8,curve_shift,-0.00705
MED00243,8,curve_shift,0.004
MED00244,8,curve_shift,0.00475
MED00245,8,curve_shift,0.00593
MED00246,8,curve_shift,-0.00989
MED00247,8,curve_shift,0.00309
MED00248,8,curve_shift,-0.00351
MED00249,8,curve_shift,-0.00794
MED00250,8,curve_shift,-0.00361
MED00251,8,curve_shift,0.00238
MED00252,8,curve_shift,-0.00214
MED00253,8,curve_shift,0.01267
MED00254,8,curve_shift,-0.00949
MED00255,8,curve_shift,-0.02124
MED00256,8,curve_shift,0.00655
MED00257,8,curve_shift,-0.01427
MED00258,8,curve_shift,-0.00813
MED00259,8,curve_shift,-0.00134
MED00260,8,curve_shift,-0.00037
MED00261,8,curve_shift,-0.00193
MED00262,8,curve_shift,-0.00718
MED00263,8,curve_shift,0.00061
MED00264,8,curve_shift,-0.00703
MED00265,8,curve_shift,0.0023
MED00266,8,curve_shift,-0.02281
MED00267,8,curve_shift,-0.01174
MED00268,8,curve_shift,-0.00185
MED00269,8,curve_shift,0.00663
MED00270,8,curve_shift,0.00168
MED00271,8,curve_shift,-0.00157
MED00272,8,curve_shift,-0.00995
MED00273,8,curve_shift,-0.00996
MED00274,8,curve_shift,-0.00349
MED00275,8,curve_shift,-0.00156
MED00276,8,curve_shift,0.00243
MED00277,8,curve_shift,0.0055
MED00278,8,curve_shift,0.00433
MED00279,8,curve_shift,0.00454
MED00280,8,curve_shift,0.00409
MED00281,8,curve_shift,-0.00222
MED00282,8,curve_shift,-0.01167
MED00283,8,curve_shift,-0.01043
MED00284,8,curve_shift,0.0005
MED00285,8,curve_shift,0.01986
MED00286,8,curve_shift,-0.01935
MED00287,8,curve_shift,-0.00038
MED00288,8,curve_shift,-0.00386
MED00289,8,curve_shift,-0.01431
MED00290,8,curve_shift,-0.00265
MED00291,8,curve_shift,-0.00352
MED00292,8,curve_shift,-0.00537
MED00293,8,curve_shift,-0.0181
MED00294,8,curve_shift,-0.00124
MED00295,8,curve_shift,0.00139
MED00296,8,curve_shift,-0.01622
MED00297,8,curve_shift,-0.00785
MED00298,8,curve_shift,-0.00719
MED00299,8,curve_shift,0.00266
MED00300,8,curve_shift,-0.0008
MED00301,8,curve_shift,-0.01456
MED00302,8,curve_shift,0.01623
MED00303,8,curve_shift,-0.01268
MED00304,8,curve_shift,-0.01509
MED00305,8,curve_shift,0.00213
MED00306,8,curve_shift,-0.00207
MED00307,8,curve_shift,0.00124
MED00308,8,curve_shift,0.00304
MED00309,8,curve_shift,-0.00982
MED00310,8,curve_shift,-0.01444
MED00311,8,curve_shift,-0.02177
MED00312,8,curve_shift,-0.00447
MED00313,8,curve_shift,-0.01365
MED00314,8,curve_shift,0.00785
MED00315,8,curve_shift,0.00292
MED00316,8,curve_shift,-0.00593
MED00317,8,curve_shift,-0.00505
MED00318,8,curve_shift,-0.00746
MED00319,8,curve_shift,0.00876
MED00320,8,curve_shift,-0.01723
MED00321,8,curve_shift,-0.01582
MED00322,8,curve_shift,0.00536
MED00323,8,curve_shift,-0.00174
MED00324,8,curve_shift,0.00401
MED00325,8,curve_shift,0.0039
MED00326,8,curve_shift,0.00458
MED00327,8,curve_shift,0.00707
MED00328,8,curve_shift,-0.01523
MED00329,8,curve_shift,0.00673
MED00330,8,curve_shift,-0.01535
MED00331,8,curve_shift,0.00321
MED00332,8,curve_shift,0.01169
MED00333,8,curve_shift,-0.01501
MED00334,8,curve_shift,-0.01552
MED00335,8,curve_shift,0.02005
MED00336,8,curve_shift,0.00559
MED00337,8,curve_shift,0.00823
MED00338,8,curve_shift,0.01037
MED00339,8,curve_shift,-0.00256
MED00340,8,curve_shift,-0.00746
MED00341,8,curve_shift,-0.01305
MED00342,8,curve_shift,0.00467
MED00343,8,curve_shift,0.00061
MED00344,8,curve_shift,-0.02064
MED00345,8,curve_shift,-0.00183
MED00346,8,curve_shift,0.01216
MED00347,8,curve_shift,0.00029
MED00349,8,curve_shift,-0.00163
MED00350,8,curve_shift,0.00374
MED00351,8,curve_shift,-0.00244
MED00352,8,curve_shift,-0.00482
MED00353,8,curve_shift,-0.00799
MED00354,8,curve_shift,-0.00081
MED00355,8,curve_shift,-0.00226
MED00356,8,curve_shift,0.00475
MED00357,8,curve_shift,0.0044
MED00358,8,curve_shift,-0.01673
MED00359,8,curve_shift,0.00702
MED00360,8,curve_shift,-0.01223
MED00361,8,curve_shift,-0.00636
MED00362,8,curve_shift,-0.0085
MED00363,8,curve_shift,-0.00261
MED00364,8,curve_shift,0.00331
MED00365,8,curve_shift,0.00053
MED00366,8,curve_shift,0.00544
MED00367,8,curve_shift,-0.00393
MED00368,8,curve_shift,0.00041
MED00369,8,curve_shift,-0.01335
MED00370,8,curve_shift,0.00299
MED00371,8,curve_shift,0.00137
MED00372,8,curve_shift,0.00697
MED00373,8,curve_shift,0.00603
MED00374,8,curve_shift,-0.00467
MED00375,8,curve_shift,0.00243
MED00376,8,curve_shift,0.0018
MED00377,8,curve_shift,0.00876
MED00378,8,curve_shift,0.00943
MED00379,8,curve_shift,-0.00868
MED00381,8,curve_shift,0.00404
MED00382,8,curve_shift,-0.00792
MED00383,8,curve_shift,0.01793
MED00384,8,curve_shift,0.005
MED00385,8,curve_shift,-0.00601
MED00386,8,curve_shift,-0.00571
MED00387,8,curve_shift,0.00212
MED00388,8,curve_shift,0.01087
MED00389,8,curve_shift,0.00384
MED00390,8,curve_shift,-0.00134
MED00391,8,curve_shift,0.00084
MED00392,8,curve_shift,-0.00061
MED00393,8,curve_shift,-0.00215
MED00394,8,curve_shift,-0.00102
MED00395,8,curve_shift,-0.00249
MED00396,8,curve_shift,-0.00518
MED00397,8,curve_shift,0.0046
MED00398,8,curve_shift,-0.00294
MED00399,8,curve_shift,-0.0037
MED00400,8,curve_shift,0.00457
MED00401,8,curve_shift,-0.00473
MED00402,8,curve_shift,-0.0029
MED00403,8,curve_shift,-0.00577
MED00404,8,curve_shift,0.00094
MED00405,8,curve_shift,-0.00575
MED00406,8,curve_shift,-0.00013
MED00407,8,curve_shift,-0.003
MED00408,8,curve_shift,-0.00742
MED00409,8,curve_shift,-0.00177
MED00410,8,curve_shift,-0.00068
MED00411,8,curve_shift,-0.00205
MED00412,8,curve_shift,-0.00319
MED00413,8,curve_shift,-0.00687
MED00414,8,curve_shift,-0.00227
MED00415,8,curve_shift,-0.00295
MED00416,8,curve_shift,-0.00152
MED00417,8,curve_shift,-0.00964
MED00418,8,curve_shift,-0.00813
MED00419,8,curve_shift,-0.00369
MED00420,8,curve_shift,-0.0038
MED00421,8,curve_shift,-0.00226
MED00422,8,curve_shift,-0.00202
MED00423,8,curve_shift,-0.00383
MED00424,8,curve_shift,-0.00314
MED00001,9,curve_shift,-0.00106
MED00002,9,curve_shift,0.0064
MED00003,9,curve_shift,0.00924
MED00004,9,curve_shift,-0.00079
MED00005,9,curve_shift,0.01158
MED00006,9,curve_shift,0.00243
MED00007,9,curve_shift,0.01814
MED00008,9,curve_shift,0.00156
MED00009,9,curve_shift,-0.00803
MED00010,9,curve_shift,0.01686
MED00011,9,curve_shift,-0.0111
MED00012,9,curve_shift,0.00347
MED00013,9,curve_shift,0.003
MED00014,9,curve_shift,-0.0038
MED00015,9,curve_shift,0.01279
MED00016,9,curve_shift,-0.00657
MED00017,9,curve_shift,-0.00111
MED00018,9,curve_shift,-0.00214
MED00019,9,curve_shift,-0.0013
MED00020,9,curve_shift,0.00909
MED00021,9,curve_shift,-0.01338
MED00022,9,curve_shift,-0.00426
MED00023,9,curve_shift,-0.00011
MED00024,9,curve_shift,-0.00648
MED00025,9,curve_shift,-0.00327
MED00026,9,curve_shift,0.0169
MED00027,9,curve_shift,0.00011
MED00028,9,curve_shift,0.0118
MED00029,9,curve_shift,-0.00694
MED00030,9,curve_shift,-0.01834
MED00031,9,curve_shift,-0.01608
MED00032,9,curve_shift,-0.00846
MED00033,9,curve_shift,0.00523
MED00034,9,curve_shift,-0.00475
MED00035,9,curve_shift,-0.00014
MED00036,9,curve_shift,0.00549
MED00037,9,curve_shift,-0.01714
MED00038,9,curve_shift,0.00021
MED00039,9,curve_shift,-0.00252
MED00040,9,curve_shift,-0.00596
MED00041,9,curve_shift,-0.00479
MED00042,9,curve_shift,-0.01756
MED00043,9,curve_shift,0.00842
MED00044,9,curve_shift,-0.00283
MED00046,9,curve_shift,-0.00611
MED00047,9,curve_shift,0.00457
MED00048,9,curve_shift,-0.00248
MED00049,9,curve_shift,0.0009
MED00050,9,curve_shift,-0.00734
MED00051,9,curve_shift,-0.00054
MED00052,9,curve_shift,0.00563
MED00053,9,curve_shift,-0.01074
MED00054,9,curve_shift,0.0007
MED00055,9,curve_shift,-0.00143
MED00056,9,curve_shift,-0.00385
MED00057,9,curve_shift,-0.00711
MED00058,9,curve_shift,-0.00077
MED00059,9,curve_shift,-0.00573
MED00060,9,curve_shift,-0.02363
MED00061,9,curve_shift,0.01523
MED00062,9,curve_shift,-0.0028
MED00063,9,curve_shift,-0.00218
MED00064,9,curve_shift,-0.00075
MED00065,9,curve_shift,0.00114
MED00066,9,curve_shift,0.01107
MED00067,9,curve_shift,-0.0008
MED00068,9,curve_shift,-0.01162
MED00069,9,curve_shift,-0.00345
MED00070,9,curve_shift,-0.00291
MED00071,9,curve_shift,-0.00359
MED00072,9,curve_shift,-0.00576
MED00073,9,curve_shift,-0.00898
MED00074,9,curve_shift,-0.00642
MED00075,9,curve_shift,-0.0137
MED00076,9,curve_shift,0.00471
MED00077,9,curve_shift,-0.01581
MED00078,9,curve_shift,-0.01655
MED00079,9,curve_shift,-0.00232
MED00080,9,curve_shift,-0.01008
MED00081,9,curve_shift,0.01074
MED00082,9,curve_shift,-0.0093
MED00083,9,curve_shift,-0.01328
MED00084,9,curve_shift,0.00689
MED00085,9,curve_shift,-0.00132
MED00086,9,curve_shift,-0.00813
MED00087,9,curve_shift,0.0016
MED00088,9,curve_shift,0.00625
MED00089,9,curve_shift,0.01428
MED00090,9,curve_shift,-0.01124
MED00091,9,curve_shift,-0.00615
MED00092,9,curve_shift,-0.00379
MED00093,9,curve_shift,0.00504
MED00094,9,curve_shift,0.00906
MED00095,9,curve_shift,-0.00133
MED00096,9,curve_shift,-0.0057
MED00097,9,curve_shift,-0.00921
MED00098,9,curve_shift,-0.00446
MED00099,9,curve_shift,0.00077
MED00100,9,curve_shift,0.00414
MED00101,9,curve_shift,0.0148
MED00102,9,curve_shift,-0.00215
MED00103,9,curve_shift,0.0014
MED00104,9,curve_shift,0.01727
MED00105,9,curve_shift,0.00162
MED00106,9,curve_shift,-0.00317
MED00107,9,curve_shift,0.00456
MED00108,9,curve_shift,0.00142
MED00109,9,curve_shift,-0.00215
MED00110,9,curve_shift,-0.00382
MED00111,9,curve_shift,0.011
MED00112,9,curve_shift,-0.00396
MED00113,9,curve_shift,-0.00737
MED00114,9,curve_shift,0.00163
MED00115,9,curve_shift,0.00182
MED00116,9,curve_shift,-0.00879
MED00117,9,curve_shift,-0.00017
MED00118,9,curve_shift,-0.0022
MED00119,9,curve_shift,0.00041
MED00120,9,curve_shift,0.00866
MED00121,9,curve_shift,0.01464
MED00122,9,curve_shift,-0.0058
MED00123,9,curve_shift,-0.00122
MED00124,9,curve_shift,0.00842
MED00125,9,curve_shift,0.00677
MED00126,9,curve_shift,-0.00715
MED00127,9,curve_shift,-0.00445
MED00128,9,curve_shift,-0.00479
MED00129,9,curve_shift,-0.00039
MED00130,9,curve_shift,-0.00037
MED00131,9,curve_shift,-0.00397
MED00132,9,curve_shift,-0.00097
MED00133,9,curve_shift,-0.00329
MED00134,9,curve_shift,-0.00301
MED00135,9,curve_shift,0.01453
MED00136,9,curve_shift,0.00733
MED00137,9,curve_shift,0.00952
MED00138,9,curve_shift,-0.00502
MED00139,9,curve_shift,0.01104
MED00140,9,curve_shift,-0.00225
MED00141,9,curve_shift,-0.01209
MED00142,9,curve_shift,-0.00852
MED00143,9,curve_shift,-0.00266
MED00144,9,curve_shift,-0.0003
MED00145,9,curve_shift,0.00866
MED00146,9,curve_shift,-0.0007
MED00147,9,curve_shift,-0.00485
MED00148,9,curve_shift,-0.01723
MED00149,9,curve_shift,0.0042
MED00150,9,curve_shift,-0.00411
MED00151,9,curve_shift,-0.00098
MED00152,9,curve_shift,0.00606
MED00153,9,curve_shift,0.00073
MED00154,9,curve_shift,-0.00214
MED00155,9,curve_shift,0.00472
MED00156,9,curve_shift,-0.00858
MED00157,9,curve_shift,0.01512
MED00158,9,curve_shift,0.00846
MED00159,9,curve_shift,0.02756
MED00160,9,curve_shift,0.01089
MED00161,9,curve_shift,-0.00924
MED00162,9,curve_shift,0.00651
MED00163,9,curve_shift,0.0136
MED00164,9,curve_shift,-0.00369
MED00165,9,curve_shift,-0.00995
MED00166,9,curve_shift,0.00546
MED00167,9,curve_shift,-0.00417
MED00168,9,curve_shift,-0.00485
MED00169,9,curve_shift,-0.00236
MED00170,9,curve_shift,-0.00045
MED00171,9,curve_shift,-0.00025
MED00172,9,curve_shift,-0.00302
MED00173,9,curve_shift,-0.00716
MED00174,9,curve_shift,-0.01762
MED00175,9,curve_shift,-0.0043
MED00176,9,curve_shift,0.00588
MED00177,9,curve_shift,0.01876
MED00178,9,curve_shift,-0.00605
MED00179,9,curve_shift,-0.00237
MED00180,9,curve_shift,0.00333
MED00181,9,curve_shift,0.01467
MED00182,9,curve_shift,0.01271
MED00183,9,curve_shift,-0.00838
MED00184,9,curve_shift,0.01315
MED00185,9,curve_shift,-0.0047
MED00186,9,curve_shift,0.00146
MED00187,9,curve_shift,-0.01058
MED00188,9,curve_shift,0.01086
MED00189,9,curve_shift,0.00564
MED00190,9,curve_shift,-0.00035
MED00191,9,curve_shift,0.00539
MED00192,9,curve_shift,0.00582
MED00193,9,curve_shift,0.00195
MED00194,9,curve_shift,-0.00732
MED00195,9,curve_shift,-0.0229
MED00196,9,curve_shift,-0.00747
MED00197,9,curve_shift,-0.00865
MED00198,9,curve_shift,-0.00206
MED00199,9,curve_shift,-0.00156
MED00200,9,curve_shift,-0.00492
MED00201,9,curve_shift,-0.00742
MED00202,9,curve_shift,-0.00106
MED00203,9,curve_shift,-0.00686
MED00204,9,curve_shift,0.00258
MED00205,9,curve_shift,-0.00367
MED00206,9,curve_shift,0.00087
MED00207,9,curve_shift,-0.00462
MED00208,9,curve_shift,0.00516
MED00209,9,curve_shift,-0.00868
MED00210,9,curve_shift,-0.00311
MED00211,9,curve_shift,-0.00583
MED00212,9,curve_shift,-0.00491
MED00213,9,curve_shift,0.00146
MED00214,9,curve_shift,-0.00362
MED00215,9,curve_shift,-0.00616
MED00216,9,curve_shift,-0.0032
MED00217,9,curve_shift,0.00543
MED00218,9,curve_shift,0.01486
MED00219,9,curve_shift,0.00164
MED00220,9,curve_shift,-0.00132
MED00221,9,curve_shift,-0.01006
MED00222,9,curve_shift,-0.00442
MED00223,9,curve_shift,0.01333
MED00224,9,curve_shift,-0.00283
MED00225,9,curve_shift,-0.01399
MED00226,9,curve_shift,-0.00488
MED00227,9,curve_shift,0.00194
MED00228,9,curve_shift,-0.00047
MED00229,9,curve_shift,-0.03676
MED00230,9,curve_shift,-0.00513
MED00231,9,curve_shift,-0.00131
MED00232,9,curve_shift,0.00539
MED00233,9,curve_shift,-0.00132
MED00234,9,curve_shift,-0.00294
MED00235,9,curve_shift,0.00539
MED00236,9,curve_shift,0.00127
MED00237,9,curve_shift,-0.01859
MED00238,9,curve_shift,-0.00786
MED00239,9,curve_shift,-0.01076
MED00240,9,curve_shift,-0.01453
MED00241,9,curve_shift,0.00245
MED00242,9,curve_shift,-0.0085
MED00243,9,curve_shift,0.00481
MED00244,9,curve_shift,0.00202
MED00245,9,curve_shift,0.00479
MED00246,9,curve_shift,-0.00988
MED00247,9,curve_shift,0.00219
MED00248,9,curve_shift,-0.00397
MED00249,9,curve_shift,-0.01404
MED00250,9,curve_shift,-0.00322
MED00251,9,curve_shift,-0.00032
MED00252,9,curve_shift,-0.00176
MED00253,9,curve_shift,0.00951
MED00254,9,curve_shift,-0.0111
MED00255,9,curve_shift,-0.02152
MED00256,9,curve_shift,0.00658
MED00257,9,curve_shift,-0.01455
MED00258,9,curve_shift,-0.00822
MED00259,9,curve_shift,-0.00216
MED00260,9,curve_shift,0.00136
MED00261,9,curve_shift,-0.00039
MED00262,9,curve_shift,-0.00748
MED00263,9,curve_shift,-0.00154
MED00264,9,curve_shift,-0.00737
MED00265,9,curve_shift,0.00162
MED00266,9,curve_shift,-0.02248
MED00267,9,curve_shift,-0.01189
MED00268,9,curve_shift,-0.00549
MED00269,9,curve_shift,0.00598
MED00270,9,curve_shift,-0.00127
MED00271,9,curve_shift,-0.003
MED00272,9,curve_shift,-0.00906
MED00273,9,curve_shift,-0.01014
MED00274,9,curve_shift,-0.00521
MED00275,9,curve_shift,-0.00193
MED00276,9,curve_shift,0.00065
MED00277,9,curve_shift,0.00577
MED00278,9,curve_shift,0.0042
MED00279,9,curve_shift,0.0045
MED00280,9,curve_shift,0.00598
MED00281,9,curve_shift,-0.00237
MED00282,9,curve_shift,-0.01107
MED00283,9,curve_shift,-0.01043
MED00284,9,curve_shift,0.00022
MED00285,9,curve_shift,0.01799
MED00286,9,curve_shift,-0.01962
MED00287,9,curve_shift,-0.00189
MED00288,9,curve_shift,-0.00256
MED00289,9,curve_shift,-0.01461
MED00290,9,curve_shift,-0.0029
MED00291,9,curve_shift,-0.00333
MED00292,9,curve_shift,-0.0061
MED00293,9,curve_shift,-0.01832
MED00294,9,curve_shift,-0.00165
MED00295,9,curve_shift,0.00533
MED00296,9,curve_shift,-0.01615
MED00297,9,curve_shift,-0.00785
MED00298,9,curve_shift,-0.00717
MED00299,9,curve_shift,0.00489
MED00300,9,curve_shift,-0.00345
MED00301,9,curve_shift,-0.01455
MED00302,9,curve_shift,0.01616
MED00303,9,curve_shift,-0.01289
MED00304,9,curve_shift,-0.01528
MED00305,9,curve_shift,0.00211
MED00306,9,curve_shift,-0.00852
MED00307,9,curve_shift,0.00146
MED00308,9,curve_shift,-0.00431
MED00309,9,curve_shift,-0.01007
MED00310,9,curve_shift,-0.01492
MED00311,9,curve_shift,-0.02204
MED00312,9,curve_shift,-0.00465
MED00313,9,curve_shift,-0.01389
MED00314,9,curve_shift,0.01251
MED00315,9,curve_shift,0.00258
MED00316,9,curve_shift,-0.00627
MED00317,9,curve_shift,-0.00503
MED00318,9,curve_shift,-0.00773
MED00319,9,curve_shift,0.00845
MED00320,9,curve_shift,-0.01777
MED00321,9,curve_shift,-0.0177
MED00322,9,curve_shift,0.00525
MED00323,9,curve_shift,-0.00224
MED00324,9,curve_shift,0.00249
MED00325,9,curve_shift,0.00288
MED00326,9,curve_shift,0.00382
MED00327,9,curve_shift,0.00474
MED00328,9,curve_shift,-0.01539
MED00329,9,curve_shift,0.00627
MED00330,9,curve_shift,-0.01525
MED00331,9,curve_shift,-0.00019
MED00332,9,curve_shift,0.00951
MED00333,9,curve_shift,-0.01635
MED00334,9,curve_shift,-0.0147
MED00335,9,curve_shift,0.02103
MED00336,9,curve_shift,0.00877
MED00337,9,curve_shift,0.00838
MED00338,9,curve_shift,0.01097
MED00339,9,curve_shift,-0.00278
MED00340,9,curve_shift,0.00587
MED00341,9,curve_shift,-0.01351
MED00342,9,curve_shift,0.00211
MED00343,9,curve_shift,-0.00377
MED00344,9,curve_shift,-0.02104
MED00345,9,curve_shift,0.00164
MED00346,9,curve_shift,0.00895
MED00347,9,curve_shift,0.0023
MED00348,9,curve_shift,-0.00022
MED00349,9,curve_shift,-0.00178
MED00350,9,curve_shift,0.00397
MED00351,9,curve_shift,-0.00295
MED00352,9,curve_shift,-0.00517
MED00353,9,curve_shift,-0.00807
MED00354,9,curve_shift,-0.00091
MED00355,9,curve_shift,-0.00256
MED00356,9,curve_shift,0.00421
MED00357,9,curve_shift,0.00561
MED00358,9,curve_shift,-0.01715
MED00359,9,curve_shift,0.00634
MED00360,9,curve_shift,-0.01092
MED00361,9,curve_shift,-0.00642
MED00362,9,curve_shift,-0.00242
MED00363,9,curve_shift,-0.00465
MED00364,9,curve_shift,0.00308
MED00365,9,curve_shift,-0.00118
MED00366,9,curve_shift,0.00395
MED00367,9,curve_shift,-0.00508
MED00368,9,curve_shift,-0.0022
MED00369,9,curve_shift,-0.01361
MED00370,9,curve_shift,0.00299
MED00371,9,curve_shift,0.00545
MED00372,9,curve_shift,0.00732
MED00373,9,curve_shift,0.00802
MED00374,9,curve_shift,-0.00485
MED00375,9,curve_shift,0.00258
MED00376,9,curve_shift,0.00015
MED00377,9,curve_shift,0.01358
MED00378,9,curve_shift,0.01318
MED00379,9,curve_shift,-0.00839
MED00381,9,curve_shift,0.00404
MED00382,9,curve_shift,-0.00838
MED00383,9,curve_shift,0.01749
MED00384,9,curve_shift,0.00401
MED00385,9,curve_shift,-0.00573
MED00386,9,curve_shift,-0.00551
MED00387,9,curve_shift,0.00225
MED00388,9,curve_shift,0.01296
MED00389,9,curve_shift,0.00357
MED00390,9,curve_shift,-0.00162
MED00391,9,curve_shift,0.00069
MED00392,9,curve_shift,0.00029
MED00393,9,curve_shift,-0.00262
MED00394,9,curve_shift,-0.00162
MED00395,9,curve_shift,-0.00276
MED00396,9,curve_shift,-0.00368
MED00397,9,curve_shift,0.00458
MED00398,9,curve_shift,-0.00256
MED00399,9,curve_shift,-0.00309
MED00400,9,curve_shift,0.00514
MED00401,9,curve_shift,-0.00619
MED00402,9,curve_shift,-0.00317
MED00403,9,curve_shift,-0.00431
MED00404,9,curve_shift,0.00079
MED00405,9,curve_shift,-0.00576
MED00406,9,curve_shift,-0.00071
MED00407,9,curve_shift,-0.00327
MED00408,9,curve_shift,-0.00763
MED00409,9,curve_shift,-0.00201
MED00410,9,curve_shift,-0.00082
MED00411,9,curve_shift,-0.00224
MED00412,9,curve_shift,-0.00364
MED00413,9,curve_shift,-0.00707
MED00414,9,curve_shift,-0.00246
MED00415,9,curve_shift,-0.00334
MED00416,9,curve_shift,-0.00178
MED00417,9,curve_shift,-0.00994
MED00418,9,curve_shift,-0.00859
MED00419,9,curve_shift,-0.00396
MED00420,9,curve_shift,-0.00402
MED00421,9,curve_shift,-0.00246
MED00422,9,curve_shift,-0.00226
MED00423,9,curve_shift,-0.00429
MED00424,9,curve_shift,-0.00363
MED00001,10,curve_shift,-0.00066
MED00002,10,curve_shift,0.00034
MED00003,10,curve_shift,0.00714
MED00004,10,curve_shift,-0.00299
MED00005,10,curve_shift,0.00958
MED00006,10,curve_shift,0.00107
MED00007,10,curve_shift,0.01799
MED00008,10,curve_shift,-0.00361
MED00009,10,curve_shift,-0.00768
MED00010,10,curve_shift,0.01533
MED00011,10,curve_shift,-0.01032
MED00012,10,curve_shift,0.0014
MED00013,10,curve_shift,0.00293
MED00014,10,curve_shift,-0.00371
MED00015,10,curve_shift,0.00954
MED00016,10,curve_shift,-0.00611
MED00017,10,curve_shift,-0.00306
MED00018,10,curve_shift,-0.00273
MED00019,10,curve_shift,-0.00101
MED00020,10,curve_shift,0.00874
MED00021,10,curve_shift,-0.01381
MED00022,10,curve_shift,-0.00385
MED00023,10,curve_shift,0.00027
MED00024,10,curve_shift,-0.00691
MED00025,10,curve_shift,0.00019
MED00026,10,curve_shift,0.01957
MED00027,10,curve_shift,0.00538
MED00028,10,curve_shift,0.00819
MED00029,10,curve_shift,-0.00739
MED00030,10,curve_shift,-0.01802
MED00031,10,curve_shift,-0.01654
MED00032,10,curve_shift,-0.008
MED00033,10,curve_shift,0.00479
MED00034,10,curve_shift,-0.00324
MED00035,10,curve_shift,-0.00334
MED00036,10,curve_shift,0.00874
MED00037,10,curve_shift,-0.01782
MED00038,10,curve_shift,0.00054
MED00039,10,curve_shift,-0.00385
MED00040,10,curve_shift,-0.002
MED00041,10,curve_shift,-0.00548
MED00042,10,curve_shift,-0.01713
MED00043,10,curve_shift,0.00751
MED00044,10,curve_shift,-0.00326
MED00045,10,curve_shift,0.00057
MED00046,10,curve_shift,-0.00655
MED00047,10,curve_shift,0.00375
MED00048,10,curve_shift,-0.00211
MED00049,10,curve_shift,0.00095
MED00050,10,curve_shift,-0.00692
MED00051,10,curve_shift,-0.0016
MED00052,10,curve_shift,0.0054
MED00053,10,curve_shift,-0.01015
MED00054,10,curve_shift,0.00171
MED00055,10,curve_shift,-0.00185
MED00056,10,curve_shift,-0.00235
MED00057,10,curve_shift,-0.0073
MED00058,10,curve_shift,-0.00061
MED00059,10,curve_shift,-0.00544
MED00060,10,curve_shift,-0.02278
MED00061,10,curve_shift,0.01149
MED00062,10,curve_shift,-0.00257
MED00063,10,curve_shift,0.00097
MED00065,10,curve_shift,-0.00314
MED00066,10,curve_shift,0.00862
MED00067,10,curve_shift,-0.00051
MED00068,10,curve_shift,-0.01138
MED00069,10,curve_shift,-0.00312
MED00070,10,curve_shift,-0.00229
MED00071,10,curve_shift,-0.00336
MED00072,10,curve_shift,-0.00478
MED00073,10,curve_shift,-0.00865
MED00074,10,curve_shift,-0.00684
MED00075,10,curve_shift,-0.01337
MED00076,10,curve_shift,0.00327
MED00077,10,curve_shift,-0.01542
MED00078,10,curve_shift,-0.01628
MED00079,10,curve_shift,-0.00202
MED00080,10,curve_shift,-0.00975
MED00081,10,curve_shift,0.00892
MED00082,10,curve_shift,-0.00974
MED00083,10,curve_shift,-0.01294
MED00084,10,curve_shift,0.00602
MED00085,10,curve_shift,-0.00401
MED00086,10,curve_shift,-0.0104
MED00087,10,curve_shift,0.00035
MED00088,10,curve_shift,0.00563
MED00089,10,curve_shift,0.01445
MED00090,10,curve_shift,-0.01172
MED00091,10,curve_shift,-0.00582
MED00092,10,curve_shift,-0.00346
MED00093,10,curve_shift,0.00562
MED00094,10,curve_shift,0.00881
MED00095,10,curve_shift,-0.00803
MED00096,10,curve_shift,-0.00538
MED00097,10,curve_shift,-0.01138
MED00098,10,curve_shift,-0.00409
MED00099,10,curve_shift,0.00605
MED00100,10,curve_shift,0.00382
MED00101,10,curve_shift,0.00197
MED00102,10,curve_shift,-0.00332
MED00103,10,curve_shift,0.00175
MED00104,10,curve_shift,0.01622
MED00105,10,curve_shift,0.00239
MED00106,10,curve_shift,-0.00307
MED00107,10,curve_shift,0.00399
MED00108,10,curve_shift,-0.00084
MED00109,10,curve_shift,-0.00342
MED00110,10,curve_shift,-0.00034
MED00111,10,curve_shift,0.00841
MED00112,10,curve_shift,-0.00363
MED00113,10,curve_shift,-0.00463
MED00114,10,curve_shift,0.00178
MED00115,10,curve_shift,-0.00036
MED00116,10,curve_shift,-0.00939
MED00117,10,curve_shift,0.00018
MED00118,10,curve_shift,-0.00305
MED00119,10,curve_shift,0.0007
MED00120,10,curve_shift,0.00822
MED00121,10,curve_shift,0.0124
MED00122,10,curve_shift,-0.00544
MED00123,10,curve_shift,-0.00088
MED00124,10,curve_shift,0.00637
MED00125,10,curve_shift,0.00482
MED00126,10,curve_shift,-0.00722
MED00127,10,curve_shift,-0.00494
MED00128,10,curve_shift,-0.00442
MED00131,10,curve_shift,-0.00441
MED00132,10,curve_shift,-0.00317
MED00133,10,curve_shift,-0.00373
MED00134,10,curve_shift,-0.0004
MED00135,10,curve_shift,0.01476
MED00136,10,curve_shift,0.0064
MED00137,10,curve_shift,0.00615
MED00138,10,curve_shift,-0.00436
MED00139,10,curve_shift,0.01036
MED00140,10,curve_shift,-0.00288
MED00141,10,curve_shift,-0.01149
MED00142,10,curve_shift,-0.00757
MED00143,10,curve_shift,-0.00229
MED00144,10,curve_shift,-0.00134
MED00145,10,curve_shift,0.00628
MED00146,10,curve_shift,-0.00068
MED00147,10,curve_shift,-0.00451
MED00148,10,curve_shift,-0.01685
MED00149,10,curve_shift,-0.0007
MED00150,10,curve_shift,-0.00381
MED00151,10,curve_shift,-0.00077
MED00152,10,curve_shift,0.00515
MED00153,10,curve_shift,-0.00021
MED00154,10,curve_shift,0.00089
MED00155,10,curve_shift,0.00152
MED00156,10,curve_shift,-0.00818
MED00157,10,curve_shift,0.01333
MED00158,10,curve_shift,0.00953
MED00159,10,curve_shift,0.02957
MED00160,10,curve_shift,0.0061
MED00161,10,curve_shift,-0.00891
MED00162,10,curve_shift,0.00437
MED00163,10,curve_shift,0.01173
MED00164,10,curve_shift,-0.00415
MED00165,10,curve_shift,-0.00758
MED00166,10,curve_shift,0.00438
MED00167,10,curve_shift,-0.00371
MED00168,10,curve_shift,-0.00511
MED00169,10,curve_shift,-0.00199
MED00170,10,curve_shift,-0.00029
MED00171,10,curve_shift,-0.00143
MED00172,10,curve_shift,-0.00264
MED00173,10,curve_shift,-0.00687
MED00174,10,curve_shift,-0.01644
MED00175,10,curve_shift,-0.00392
MED00176,10,curve_shift,0.00787
MED00177,10,curve_shift,0.01876
MED00178,10,curve_shift,-0.00702
MED00179,10,curve_shift,0.00036
MED00180,10,curve_shift,0.00295
MED00181,10,curve_shift,0.01349
MED00182,10,curve_shift,0.01291
MED00183,10,curve_shift,-0.00821
MED00184,10,curve_shift,0.011
MED00185,10,curve_shift,-0.00432
MED00186,10,curve_shift,0.00203
MED00187,10,curve_shift,-0.01103
MED00188,10,curve_shift,0.00763
MED00189,10,curve_shift,0.00114
MED00190,10,curve_shift,-0.00146
MED00191,10,curve_shift,0.00495
MED00192,10,curve_shift,0.00421
MED00193,10,curve_shift,-0.0011
MED00194,10,curve_shift,-0.00747
MED00195,10,curve_shift,-0.02148
MED00196,10,curve_shift,-0.00793
MED00197,10,curve_shift,-0.00798
MED00198,10,curve_shift,-0.00171
MED00199,10,curve_shift,-0.00099
MED00200,10,curve_shift,-0.00441
MED00201,10,curve_shift,-0.00702
MED00202,10,curve_shift,-0.00366
MED00203,10,curve_shift,-0.00654
MED00204,10,curve_shift,0.00195
MED00205,10,curve_shift,0.00129
MED00206,10,curve_shift,0.0013
MED00207,10,curve_shift,-0.00429
MED00208,10,curve_shift,0.00593
MED00209,10,curve_shift,-0.00821
MED00210,10,curve_shift,-0.00244
MED00211,10,curve_shift,-0.0055
MED00212,10,curve_shift,-0.0046
MED00213,10,curve_shift,-0.00038
MED00214,10,curve_shift,-0.00321
MED00215,10,curve_shift,-0.0058
MED00216,10,curve_shift,-0.00056
MED00217,10,curve_shift,0.00381
MED00218,10,curve_shift,0.01067
MED00219,10,curve_shift,0.00446
MED00220,10,curve_shift,-0.00554
MED00221,10,curve_shift,-0.01049
MED00222,10,curve_shift,-0.00453
MED00223,10,curve_shift,0.0133
MED00224,10,curve_shift,-0.00265
MED00225,10,curve_shift,-0.01362
MED00226,10,curve_shift,-0.00458
MED00227,10,curve_shift,0.00156
MED00229,10,curve_shift,-0.0094
MED00230,10,curve_shift,0.00184
MED00231,10,curve_shift,-0.00098
MED00232,10,curve_shift,0.00599
MED00233,10,curve_shift,-0.00096
MED00234,10,curve_shift,-0.00268
MED00235,10,curve_shift,0.00411
MED00236,10,curve_shift,0.0016
MED00237,10,curve_shift,-0.01827
MED00238,10,curve_shift,-0.00784
MED00239,10,curve_shift,-0.01043
MED00240,10,curve_shift,-0.01354
MED00241,10,curve_shift,-0.00095
MED00242,10,curve_shift,-0.00768
MED00243,10,curve_shift,0.00081
MED00244,10,curve_shift,0.00207
MED00245,10,curve_shift,0.00386
MED00246,10,curve_shift,-0.01037
MED00247,10,curve_shift,0.00201
MED00248,10,curve_shift,-0.00435
MED00249,10,curve_shift,-0.00745
MED00250,10,curve_shift,-0.00364
MED00251,10,curve_shift,-0.00041
MED00252,10,curve_shift,-0.00191
MED00253,10,curve_shift,0.00055
MED00254,10,curve_shift,-0.01035
MED00255,10,curve_shift,-0.02112
MED00256,10,curve_shift,0.00578
MED00257,10,curve_shift,-0.01394
MED00258,10,curve_shift,-0.00788
MED00259,10,curve_shift,-0.00219
MED00260,10,curve_shift,0.00314
MED00261,10,curve_shift,0.00128
MED00262,10,curve_shift,-0.00688
MED00263,10,curve_shift,-0.00206
MED00264,10,curve_shift,-0.00403
MED00265,10,curve_shift,0.0017
MED00266,10,curve_shift,-0.01229
MED00267,10,curve_shift,-0.01119
MED00268,10,curve_shift,-0.00501
MED00269,10,curve_shift,0.00366
MED00270,10,curve_shift,-0.00133
MED00271,10,curve_shift,-0.00337
MED00272,10,curve_shift,-0.00954
MED00273,10,curve_shift,-0.00918
MED00274,10,curve_shift,-0.00483
MED00275,10,curve_shift,-0.00145
MED00277,10,curve_shift,0.00464
MED00278,10,curve_shift,0.00366
MED00279,10,curve_shift,0.00543
MED00280,10,curve_shift,0.00406
MED00281,10,curve_shift,-0.00274
MED00282,10,curve_shift,-0.01065
MED00283,10,curve_shift,-0.01088
MED00284,10,curve_shift,0.0004
MED00285,10,curve_shift,0.0158
MED00286,10,curve_shift,-0.0193
MED00287,10,curve_shift,-0.00165
MED00288,10,curve_shift,-0.00014
MED00289,10,curve_shift,-0.01421
MED00290,10,curve_shift,-0.00261
MED00291,10,curve_shift,-0.00196
MED00292,10,curve_shift,-0.00551
MED00293,10,curve_shift,-0.01884
MED00294,10,curve_shift,0.00083
MED00295,10,curve_shift,0.00828
MED00296,10,curve_shift,-0.01582
MED00297,10,curve_shift,-0.00737
MED00298,10,curve_shift,-0.00684
MED00299,10,curve_shift,0.00708
MED00300,10,curve_shift,-0.0038
MED00301,10,curve_shift,-0.01421
MED00302,10,curve_shift,0.01696
MED00303,10,curve_shift,-0.01262
MED00304,10,curve_shift,-0.01571
MED00305,10,curve_shift,0.00236
MED00306,10,curve_shift,-0.00101
MED00307,10,curve_shift,0.00094
MED00308,10,curve_shift,-0.00112
MED00309,10,curve_shift,-0.01049
MED00310,10,curve_shift,-0.01406
MED00311,10,curve_shift,-0.02199
MED00312,10,curve_shift,-0.00561
MED00313,10,curve_shift,-0.01372
MED00314,10,curve_shift,0.0172
MED00315,10,curve_shift,-0.00537
MED00316,10,curve_shift,-0.00591
MED00317,10,curve_shift,-0.00596
MED00318,10,curve_shift,-0.0074
MED00319,10,curve_shift,0.00623
MED00320,10,curve_shift,-0.01829
MED00321,10,curve_shift,-0.02134
MED00322,10,curve_shift,0.00263
MED00323,10,curve_shift,-0.00189
MED00324,10,curve_shift,0.00207
MED00325,10,curve_shift,-0.00623
MED00326,10,curve_shift,0.00411
MED00327,10,curve_shift,0.0023
MED00328,10,curve_shift,-0.01504
MED00329,10,curve_shift,0.00521
MED00330,10,curve_shift,-0.01492
MED00331,10,curve_shift,-0.00111
MED00332,10,curve_shift,0.0065
MED00333,10,curve_shift,-0.01615
MED00334,10,curve_shift,-0.01307
MED00335,10,curve_shift,0.02099
MED00336,10,curve_shift,0.00874
MED00337,10,curve_shift,0.00932
MED00338,10,curve_shift,0.01308
MED00339,10,curve_shift,-0.00336
MED00340,10,curve_shift,0.01319
MED00341,10,curve_shift,-0.01277
MED00342,10,curve_shift,0.00166
MED00343,10,curve_shift,-0.00409
MED00344,10,curve_shift,-0.02233
MED00345,10,curve_shift,0.00263
MED00346,10,curve_shift,0.00727
MED00347,10,curve_shift,0.00258
MED00348,10,curve_shift,-0.00125
MED00349,10,curve_shift,-0.00141
MED00350,10,curve_shift,0.00325
MED00351,10,curve_shift,-0.00169
MED00352,10,curve_shift,-0.00184
MED00353,10,curve_shift,-0.01013
MED00354,10,curve_shift,-0.00186
MED00355,10,curve_shift,-0.00218
MED00356,10,curve_shift,0.00114
MED00357,10,curve_shift,0.00442
MED00358,10,curve_shift,-0.01675
MED00359,10,curve_shift,0.00737
MED00360,10,curve_shift,-0.01191
MED00361,10,curve_shift,-0.00621
MED00362,10,curve_shift,-0.00132
MED00363,10,curve_shift,-0.00431
MED00364,10,curve_shift,0.00371
MED00365,10,curve_shift,-0.00553
MED00366,10,curve_shift,0.00354
MED00367,10,curve_shift,-0.00603
MED00368,10,curve_shift,-0.00194
MED00369,10,curve_shift,-0.01327
MED00370,10,curve_shift,-0.0049
MED00371,10,curve_shift,0.0065
MED00372,10,curve_shift,0.00546
MED00373,10,curve_shift,0.00522
MED00374,10,curve_shift,-0.00393
MED00375,10,curve_shift,0.00298
MED00376,10,curve_shift,-0.0008
MED00377,10,curve_shift,0.01408
MED00378,10,curve_shift,0.01097
MED00379,10,curve_shift,-0.01118
MED00380,10,curve_shift,-0.00194
MED00381,10,curve_shift,0.00453
MED00382,10,curve_shift,-0.00797
MED00383,10,curve_shift,0.01394
MED00384,10,curve_shift,0.00163
MED00385,10,curve_shift,0.00033
MED00386,10,curve_shift,-0.00522
MED00387,10,curve_shift,0.00159
MED00388,10,curve_shift,0.01195
MED00389,10,curve_shift,0.00314
MED00390,10,curve_shift,-0.00102
MED00391,10,curve_shift,0.0003
MED00392,10,curve_shift,-0.00019
MED00393,10,curve_shift,-0.00294
MED00394,10,curve_shift,-0.00123
MED00395,10,curve_shift,-0.0006
MED00396,10,curve_shift,-0.00426
MED00397,10,curve_shift,0.00395
MED00398,10,curve_shift,-0.00274
MED00399,10,curve_shift,-0.00144
MED00400,10,curve_shift,0.00537
MED00401,10,curve_shift,-0.0061
MED00402,10,curve_shift,-0.00258
MED00403,10,curve_shift,0.00438
MED00404,10,curve_shift,0.00128
MED00405,10,curve_shift,-0.00622
MED00406,10,curve_shift,-0.00146
MED00407,10,curve_shift,-0.00294
MED00408,10,curve_shift,-0.0073
MED00409,10,curve_shift,-0.00228
MED00410,10,curve_shift,-0.00127
MED00411,10,curve_shift,-0.00229
MED00412,10,curve_shift,-0.00322
MED00413,10,curve_shift,-0.00746
MED00414,10,curve_shift,-0.00157
MED00415,10,curve_shift,-0.00304
MED00416,10,curve_shift,-0.00216
MED00417,10,curve_shift,-0.00825
MED00418,10,curve_shift,-0.00821
MED00419,10,curve_shift,-0.00295
MED00420,10,curve_shift,-0.00448
MED00421,10,curve_shift,-0.00291
MED00422,10,curve_shift,-0.00263
MED00423,10,curve_shift,-0.00368
MED00424,10,curve_shift,-0.00205
MED00001,11,curve_shift,-0.00026
MED00002,11,curve_shift,-0.0016
MED00003,11,curve_shift,0.00317
MED00004,11,curve_shift,-0.00583
MED00005,11,curve_shift,0.00608
MED00007,11,curve_shift,0.01742
MED00008,11,curve_shift,-0.00378
MED00009,11,curve_shift,-0.00726
MED00010,11,curve_shift,0.00863
MED00011,11,curve_shift,-0.0058
MED00012,11,curve_shift,0.0002
MED00013,11,curve_shift,0.00136
MED00014,11,curve_shift,-0.00358
MED00015,11,curve_shift,0.00855
MED00016,11,curve_shift,-0.00624
MED00017,11,curve_shift,-0.00334
MED00018,11,curve_shift,-0.00287
MED00019,11,curve_shift,-0.00306
MED00020,11,curve_shift,0.00683
MED00021,11,curve_shift,-0.0129
MED00022,11,curve_shift,-0.00417
MED00023,11,curve_shift,0.0006
MED00024,11,curve_shift,-0.00658
MED00025,11,curve_shift,0.00077
MED00026,11,curve_shift,0.02119
MED00027,11,curve_shift,0.00546
MED00028,11,curve_shift,0.00833
MED00029,11,curve_shift,-0.00704
MED00030,11,curve_shift,-0.01757
MED00031,11,curve_shift,-0.01695
MED00032,11,curve_shift,-0.00715
MED00033,11,curve_shift,0.0007
MED00034,11,curve_shift,-0.00131
MED00035,11,curve_shift,-0.00109
MED00036,11,curve_shift,0.01003
MED00037,11,curve_shift,-0.01611
MED00038,11,curve_shift,0.00089
MED00039,11,curve_shift,-0.00306
MED00040,11,curve_shift,-0.00395
MED00041,11,curve_shift,-0.00532
MED00042,11,curve_shift,-0.0166
MED00043,11,curve_shift,0.00694
MED00044,11,curve_shift,-0.0029
MED00045,11,curve_shift,0.00066
MED00046,11,curve_shift,-0.00757
MED00047,11,curve_shift,-0.00945
MED00048,11,curve_shift,-0.00201
MED00049,11,curve_shift,0.00239
MED00050,11,curve_shift,-0.0067
MED00051,11,curve_shift,-0.00212
MED00052,11,curve_shift,0.00362
MED00053,11,curve_shift,-0.00971
MED00054,11,curve_shift,0.00199
MED00055,11,curve_shift,0.00175
MED00056,11,curve_shift,-0.00183
MED00057,11,curve_shift,-0.00674
MED00058,11,curve_shift,-0.00067
MED00059,11,curve_shift,-0.00529
MED00060,11,curve_shift,-0.02233
MED00061,11,curve_shift,0.00896
MED00062,11,curve_shift,-0.00223
MED00063,11,curve_shift,0.00123
MED00064,11,curve_shift,-0.00014
MED00065,11,curve_shift,-0.00337
MED00066,11,curve_shift,0.00805
MED00067,11,curve_shift,-0.0019
MED00068,11,curve_shift,-0.01048
MED00069,11,curve_shift,-0.00277
MED00070,11,curve_shift,-0.0019
MED00071,11,curve_shift,-0.00364
MED00072,11,curve_shift,-0.00441
MED00073,11,curve_shift,-0.00827
MED00074,11,curve_shift,-0.00649
MED00075,11,curve_shift,-0.01297
MED00076,11,curve_shift,0.00238
MED00077,11,curve_shift,-0.01498
MED00078,11,curve_shift,-0.01594
MED00079,11,curve_shift,-0.0089
MED00080,11,curve_shift,-0.00883
MED00081,11,curve_shift,0.00783
MED00082,11,curve_shift,-0.00938
MED00083,11,curve_shift,-0.0057
MED00084,11,curve_shift,0.00532
MED00085,11,curve_shift,-0.00395
MED00086,11,curve_shift,0.00148
MED00087,11,curve_shift,0.00032
MED00088,11,curve_shift,0.00533
MED00089,11,curve_shift,0.01418
MED00090,11,curve_shift,-0.01141
MED00091,11,curve_shift,-0.00546
MED00092,11,curve_shift,-0.00123
MED00093,11,curve_shift,0.00274
MED00094,11,curve_shift,0.00683
MED00095,11,curve_shift,-0.00834
MED00096,11,curve_shift,-0.00512
MED00097,11,curve_shift,0.0082
MED00098,11,curve_shift,-0.00402
MED00099,11,curve_shift,0.00612
MED00100,11,curve_shift,0.00063
MED00101,11,curve_shift,-0.00047
MED00102,11,curve_shift,-0.00118
MED00103,11,curve_shift,0.00156
MED00104,11,curve_shift,0.01465
MED00105,11,curve_shift,0.00235
MED00106,11,curve_shift,0.00214
MED00107,11,curve_shift,0.00232
MED00108,11,curve_shift,-0.00075
MED00109,11,curve_shift,-0.00415
MED00110,11,curve_shift,-0.00229
MED00111,11,curve_shift,0.00999
MED00112,11,curve_shift,-0.00738
MED00113,11,curve_shift,-0.00458
MED00114,11,curve_shift,0.0017
MED00115,11,curve_shift,-0.00053
MED00116,11,curve_shift,-0.00537
MED00117,11,curve_shift,0.00067
MED00118,11,curve_shift,-0.00361
MED00119,11,curve_shift,0.00064
MED00120,11,curve_shift,0.01391
MED00121,11,curve_shift,0.01111
MED00122,11,curve_shift,-0.00559
MED00123,11,curve_shift,-0.00075
MED00124,11,curve_shift,0.00515
MED00125,11,curve_shift,0.00426
MED00126,11,curve_shift,-0.00847
MED00127,11,curve_shift,-0.00448
MED00128,11,curve_shift,-0.00437
MED00129,11,curve_shift,-0.0013
MED00130,11,curve_shift,0.00478
MED00131,11,curve_shift,-0.00402
MED00132,11,curve_shift,-0.003
MED00133,11,curve_shift,-0.00357
MED00134,11,curve_shift,-0.00236
MED00135,11,curve_shift,0.01442
MED00136,11,curve_shift,0.00331
MED00137,11,curve_shift,0.00504
MED00138,11,curve_shift,-0.00416
MED00139,11,curve_shift,0.009
MED00140,11,curve_shift,-0.0015
MED00141,11,curve_shift,-0.01058
MED00142,11,curve_shift,-0.00452
MED00143,11,curve_shift,-0.00218
MED00144,11,curve_shift,-0.00992
MED00145,11,curve_shift,0.00546
MED00146,11,curve_shift,-0.00103
MED00147,11,curve_shift,-0.00362
MED00148,11,curve_shift,-0.01592
MED00149,11,curve_shift,-0.00154
MED00150,11,curve_shift,-0.00349
MED00151,11,curve_shift,-0.00437
MED00152,11,curve_shift,0.00272
MED00153,11,curve_shift,-0.00408
MED00154,11,curve_shift,0.00293
MED00155,11,curve_shift,0.00052
MED00156,11,curve_shift,-0.00743
MED00157,11,curve_shift,0.0065
MED00158,11,curve_shift,0.0096
MED00159,11,curve_shift,0.02753
MED00160,11,curve_shift,-0.00075
MED00161,11,curve_shift,-0.00829
MED00162,11,curve_shift,0.00254
MED00163,11,curve_shift,0.01278
MED00164,11,curve_shift,-0.00379
MED00165,11,curve_shift,-0.00842
MED00166,11,curve_shift,0.00265
MED00167,11,curve_shift,-0.00387
MED00168,11,curve_shift,-0.00518
MED00169,11,curve_shift,-0.00195
MED00170,11,curve_shift,-0.00135
MED00171,11,curve_shift,-0.00168
MED00172,11,curve_shift,-0.00268
MED00173,11,curve_shift,-0.00679
MED00174,11,curve_shift,-0.00923
MED00175,11,curve_shift,0.00481
MED00176,11,curve_shift,0.00445
MED00177,11,curve_shift,0.0192
MED00178,11,curve_shift,-0.00615
MED00179,11,curve_shift,-0.00018
MED00180,11,curve_shift,0.00245
MED00181,11,curve_shift,0.01007
MED00182,11,curve_shift,0.00647
MED00183,11,curve_shift,-0.00573
MED00184,11,curve_shift,0.00934
MED00185,11,curve_shift,-0.00397
MED00186,11,curve_shift,0.00184
MED00187,11,curve_shift,-0.0107
MED00188,11,curve_shift,-0.00014
MED00189,11,curve_shift,0.00051
MED00190,11,curve_shift,-0.00513
MED00191,11,curve_shift,0.00409
MED00192,11,curve_shift,0.00325
MED00193,11,curve_shift,-0.00119
MED00194,11,curve_shift,-0.0054
MED00195,11,curve_shift,-0.02102
MED00196,11,curve_shift,-0.00575
MED00197,11,curve_shift,-0.00567
MED00198,11,curve_shift,-0.00239
MED00199,11,curve_shift,-0.00055
MED00200,11,curve_shift,-0.00433
MED00201,11,curve_shift,-0.00658
MED00202,11,curve_shift,-0.00355
MED00203,11,curve_shift,-0.00621
MED00204,11,curve_shift,0.00072
MED00205,11,curve_shift,0.00123
MED00206,11,curve_shift,0.00255
MED00207,11,curve_shift,-0.00426
MED00208,11,curve_shift,0.00553
MED00209,11,curve_shift,-0.00877
MED00210,11,curve_shift,0.00166
MED00211,11,curve_shift,-0.0054
MED00212,11,curve_shift,-0.00422
MED00213,11,curve_shift,-0.00463
MED00214,11,curve_shift,-0.00339
MED00215,11,curve_shift,-0.00571
MED00217,11,curve_shift,0.00246
MED00218,11,curve_shift,0.0007
MED00219,11,curve_shift,0.00441
MED00220,11,curve_shift,-0.00541
MED00221,11,curve_shift,-0.01079
MED00222,11,curve_shift,-0.00232
MED00223,11,curve_shift,0.01658
MED00224,11,curve_shift,-0.00269
MED00225,11,curve_shift,-0.01196
MED00226,11,curve_shift,-0.00561
MED00227,11,curve_shift,0.00192
MED00228,11,curve_shift,0.0004
MED00229,11,curve_shift,-0.01139
MED00230,11,curve_shift,0.0022
MED00231,11,curve_shift,-0.00089
MED00232,11,curve_shift,0.00585
MED00234,11,curve_shift,-0.00256
MED00235,11,curve_shift,0.0034
MED00236,11,curve_shift,-0.00537
MED00237,11,curve_shift,-0.01781
MED00238,11,curve_shift,-0.00724
MED00239,11,curve_shift,-0.0103
MED00240,11,curve_shift,-0.01263
MED00241,11,curve_shift,-0.00546
MED00242,11,curve_shift,-0.00557
MED00243,11,curve_shift,-0.00133
MED00244,11,curve_shift,0.00075
MED00245,11,curve_shift,0.00236
MED00246,11,curve_shift,-0.0097
MED00247,11,curve_shift,0.00134
MED00248,11,curve_shift,-0.00394
MED00249,11,curve_shift,-0.00518
MED00250,11,curve_shift,-0.00407
MED00251,11,curve_shift,-0.00173
MED00252,11,curve_shift,0.00397
MED00253,11,curve_shift,-0.00121
MED00254,11,curve_shift,-0.00432
MED00255,11,curve_shift,-0.02067
MED00256,11,curve_shift,0.0055
MED00257,11,curve_shift,-0.01302
MED00258,11,curve_shift,-0.00776
MED00259,11,curve_shift,-0.00518
MED00260,11,curve_shift,-0.00013
MED00261,11,curve_shift,-0.00189
MED00262,11,curve_shift,-0.00651
MED00263,11,curve_shift,-0.0025
MED00264,11,curve_shift,-0.00523
MED00265,11,curve_shift,-0.00673
MED00266,11,curve_shift,0.0038
MED00267,11,curve_shift,-0.01102
MED00268,11,curve_shift,-0.00499
MED00269,11,curve_shift,0.00117
MED00270,11,curve_shift,-0.00255
MED00271,11,curve_shift,-0.00341
MED00272,11,curve_shift,-0.00914
MED00273,11,curve_shift,-0.00882
MED00274,11,curve_shift,-0.00466
MED00275,11,curve_shift,-0.00103
MED00276,11,curve_shift,-0.00154
MED00277,11,curve_shift,0.00057
MED00278,11,curve_shift,-0.00423
MED00279,11,curve_shift,0.00486
MED00280,11,curve_shift,0.00268
MED00281,11,curve_shift,-0.00071
MED00282,11,curve_shift,-0.01023
MED00283,11,curve_shift,-0.01083
MED00284,11,curve_shift,0.00075
MED00285,11,curve_shift,-0.0003
MED00286,11,curve_shift,-0.01904
MED00287,11,curve_shift,-0.00876
MED00288,11,curve_shift,0.00224
MED00289,11,curve_shift,-0.01343
MED00290,11,curve_shift,-0.00249
MED00291,11,curve_shift,0.00056
MED00292,11,curve_shift,-0.0052
MED00293,11,curve_shift,-0.01818
MED00294,11,curve_shift,0.0079
MED00295,11,curve_shift,0.0086
MED00296,11,curve_shift,-0.01516
MED00297,11,curve_shift,-0.0068
MED00298,11,curve_shift,-0.00675
MED00299,11,curve_shift,0.00474
MED00300,11,curve_shift,-0.00375
MED00301,11,curve_shift,-0.01369
MED00302,11,curve_shift,0.0189
MED00303,11,curve_shift,-0.01219
MED00304,11,curve_shift,-0.01483
MED00305,11,curve_shift,0.00104
MED00306,11,curve_shift,0.00283
MED00307,11,curve_shift,0.00083
MED00308,11,curve_shift,-0.00359
MED00309,11,curve_shift,-0.01016
MED00310,11,curve_shift,-0.01373
MED00311,11,curve_shift,-0.01489
MED00312,11,curve_shift,-0.00535
MED00313,11,curve_shift,-0.01322
MED00314,11,curve_shift,0.01599
MED00315,11,curve_shift,-0.00488
MED00316,11,curve_shift,-0.006
MED00317,11,curve_shift,-0.00588
MED00318,11,curve_shift,-0.00648
MED00319,11,curve_shift,0.00476
MED00320,11,curve_shift,-0.01414
MED00321,11,curve_shift,-0.0217
MED00322,11,curve_shift,0.00391
MED00323,11,curve_shift,-0.0017
MED00324,11,curve_shift,0.00256
MED00325,11,curve_shift,-0.00565
MED00326,11,curve_shift,0.00238
MED00327,11,curve_shift,0.00209
MED00328,11,curve_shift,-0.0142
MED00329,11,curve_shift,0.0042
MED00330,11,curve_shift,-0.01303
MED00331,11,curve_shift,-0.00162
MED00332,11,curve_shift,0.00109
MED00333,11,curve_shift,-0.01494
MED00334,11,curve_shift,-0.00307
MED00335,11,curve_shift,0.01843
MED00336,11,curve_shift,0.00778
MED00337,11,curve_shift,0.00922
MED00338,11,curve_shift,0.01225
MED00339,11,curve_shift,-0.003
MED00340,11,curve_shift,0.01097
MED00341,11,curve_shift,-0.0121
MED00342,11,curve_shift,0.00146
MED00343,11,curve_shift,-0.00391
MED00344,11,curve_shift,-0.01965
MED00345,11,curve_shift,0.00254
MED00346,11,curve_shift,0.00339
MED00347,11,curve_shift,0.00201
MED00348,11,curve_shift,-0.00223
MED00349,11,curve_shift,-0.00154
MED00350,11,curve_shift,-0.00344
MED00351,11,curve_shift,-0.00304
MED00352,11,curve_shift,-0.00382
MED00353,11,curve_shift,-0.01174
MED00354,11,curve_shift,-0.00522
MED00355,11,curve_shift,-0.00188
MED00356,11,curve_shift,-0.00029
MED00357,11,curve_shift,0.00371
MED00358,11,curve_shift,-0.01643
MED00359,11,curve_shift,0.00686
MED00360,11,curve_shift,-0.01164
MED00361,11,curve_shift,-0.00615
MED00362,11,curve_shift,-0.00099
MED00363,11,curve_shift,-0.00413
MED00364,11,curve_shift,0.00021
MED00365,11,curve_shift,-0.00531
MED00366,11,curve_shift,-0.00404
MED00367,11,curve_shift,-0.00599
MED00368,11,curve_shift,-0.00283
MED00369,11,curve_shift,-0.01235
MED00370,11,curve_shift,-0.00379
MED00371,11,curve_shift,0.00647
MED00372,11,curve_shift,0.00166
MED00373,11,curve_shift,0.00455
MED00374,11,curve_shift,-0.00332
MED00375,11,curve_shift,0.00287
MED00376,11,curve_shift,-0.00465
MED00377,11,curve_shift,0.0141
MED00378,11,curve_shift,0.0003
MED00379,11,curve_shift,-0.01169
MED00380,11,curve_shift,-0.00268
MED00381,11,curve_shift,0.00419
MED00382,11,curve_shift,-0.00762
MED00383,11,curve_shift,0.00873
MED00384,11,curve_shift,-0.00016
MED00385,11,curve_shift,0.00195
MED00386,11,curve_shift,-0.00479
MED00387,11,curve_shift,0.00143
MED00388,11,curve_shift,0.01213
MED00389,11,curve_shift,0.00403
MED00390,11,curve_shift,-0.00069
MED00391,11,curve_shift,0.0007
MED00392,11,curve_shift,0.0003
MED00393,11,curve_shift,-0.0011
MED00394,11,curve_shift,-0.00079
MED00395,11,curve_shift,-0.00154
MED00396,11,curve_shift,-0.00343
MED00397,11,curve_shift,0.00289
MED00398,11,curve_shift,-0.00162
MED00399,11,curve_shift,-0.00133
MED00400,11,curve_shift,0.00555
MED00401,11,curve_shift,-0.0036
MED00402,11,curve_shift,-0.00226
MED00403,11,curve_shift,0.00494
MED00404,11,curve_shift,-0.01419
MED00405,11,curve_shift,-0.00559
MED00406,11,curve_shift,-0.0014
MED00407,11,curve_shift,-0.00262
MED00408,11,curve_shift,-0.00698
MED00409,11,curve_shift,-0.00192
MED00410,11,curve_shift,-0.0009
MED00411,11,curve_shift,-0.00197
MED00412,11,curve_shift,-0.00237
MED00413,11,curve_shift,-0.00706
MED00414,11,curve_shift,-0.00119
MED00415,11,curve_shift,-0.00268
MED00416,11,curve_shift,-0.00131
MED00417,11,curve_shift,-0.00776
MED00418,11,curve_shift,-0.00729
MED00419,11,curve_shift,-0.00199
MED00420,11,curve_shift,-0.00415
MED00421,11,curve_shift,-0.00257
MED00422,11,curve_shift,-0.00231
MED00423,11,curve_shift,-0.00162
MED00424,11,curve_shift,-0.00203
MED00002,12,curve_shift,-0.00214
MED00003,12,curve_shift,0.00293
MED00004,12,curve_shift,-0.00644
MED00005,12,curve_shift,0.00084
MED00006,12,curve_shift,-0.00096
MED00007,12,curve_shift,0.01251
MED00008,12,curve_shift,-0.0024
MED00009,12,curve_shift,-0.00704
MED00010,12,curve_shift,0.00544
MED00011,12,curve_shift,-0.00508
MED00012,12,curve_shift,0.00011
MED00013,12,curve_shift,-0.01057
MED00014,12,curve_shift,-0.00321
MED00015,12,curve_shift,0.00824
MED00016,12,curve_shift,-0.00629
MED00017,12,curve_shift,-0.00319
MED00018,12,curve_shift,-0.00363
MED00019,12,curve_shift,-0.00258
MED00020,12,curve_shift,0.0048
MED00021,12,curve_shift,-0.0126
MED00022,12,curve_shift,-0.00403
MED00023,12,curve_shift,-0.00049
MED00024,12,curve_shift,-0.00646
MED00025,12,curve_shift,-0.00354
MED00026,12,curve_shift,0.02565
MED00027,12,curve_shift,0.0035
MED00028,12,curve_shift,0.0076
MED00029,12,curve_shift,-0.0069
MED00030,12,curve_shift,-0.01742
MED00031,12,curve_shift,-0.01671
MED00032,12,curve_shift,-0.00709
MED00033,12,curve_shift,-0.00202
MED00034,12,curve_shift,0.00503
MED00035,12,curve_shift,-0.00016
MED00036,12,curve_shift,0.00963
MED00037,12,curve_shift,-0.01595
MED00038,12,curve_shift,0.00101
MED00039,12,curve_shift,-0.00293
MED00040,12,curve_shift,-0.00377
MED00041,12,curve_shift,-0.00381
MED00042,12,curve_shift,-0.01633
MED00043,12,curve_shift,0.00625
MED00044,12,curve_shift,-0.00276
MED00045,12,curve_shift,0.00092
MED00046,12,curve_shift,-0.00727
MED00047,12,curve_shift,-0.01013
MED00048,12,curve_shift,-0.00184
MED00049,12,curve_shift,0.00149
MED00050,12,curve_shift,-0.00147
MED00051,12,curve_shift,-0.00297
MED00052,12,curve_shift,0.0012
MED00053,12,curve_shift,-0.00956
MED00054,12,curve_shift,0.00212
MED00055,12,curve_shift,0.0005
MED00056,12,curve_shift,-0.00165
MED00057,12,curve_shift,-0.00206
MED00058,12,curve_shift,-0.00142
MED00059,12,curve_shift,-0.0051
MED00060,12,curve_shift,-0.02218
MED00061,12,curve_shift,0.00857
MED00062,12,curve_shift,-0.00208
MED00063,12,curve_shift,0.00081
MED00064,12,curve_shift,-0.00018
MED00065,12,curve_shift,-0.00339
MED00066,12,curve_shift,0.00741
MED00067,12,curve_shift,-0.00215
MED00068,12,curve_shift,-0.01034
MED00069,12,curve_shift,-0.00249
MED00070,12,curve_shift,-0.00181
MED00071,12,curve_shift,-0.00348
MED00072,12,curve_shift,-0.0049
MED00073,12,curve_shift,-0.00812
MED00074,12,curve_shift,-0.00635
MED00075,12,curve_shift,-0.01282
MED00076,12,curve_shift,0.00189
MED00077,12,curve_shift,-0.01484
MED00078,12,curve_shift,-0.01564
MED00079,12,curve_shift,-0.00824
MED00080,12,curve_shift,-0.00868
MED00081,12,curve_shift,0.00626
MED00082,12,curve_shift,-0.00909
MED00083,12,curve_shift,-0.0063
MED00084,12,curve_shift,0.00502
MED00085,12,curve_shift,-0.00413
MED00086,12,curve_shift,0.0038
MED00087,12,curve_shift,-0.00102
MED00088,12,curve_shift,0.00496
MED00089,12,curve_shift,0.01309
MED00090,12,curve_shift,-0.01129
MED00091,12,curve_shift,-0.00532
MED00092,12,curve_shift,-0.0011
MED00093,12,curve_shift,0.00779
MED00094,12,curve_shift,0.00716
MED00095,12,curve_shift,-0.00828
MED00096,12,curve_shift,-0.00497
MED00097,12,curve_shift,0.01327
MED00098,12,curve_shift,-0.00374
MED00099,12,curve_shift,0.00416
MED00101,12,curve_shift,-0.01479
MED00102,12,curve_shift,-0.00095
MED00103,12,curve_shift,0.00126
MED00104,12,curve_shift,0.01336
MED00105,12,curve_shift,0.00232
MED00106,12,curve_shift,0.00151
MED00107,12,curve_shift,-0.00461
MED00108,12,curve_shift,-0.00277
MED00109,12,curve_shift,-0.00547
MED00110,12,curve_shift,0.00127
MED00111,12,curve_shift,0.0064
MED00112,12,curve_shift,-0.00727
MED00113,12,curve_shift,-0.00471
MED00114,12,curve_shift,0.00185
MED00115,12,curve_shift,-0.00052
MED00116,12,curve_shift,0.00076
MED00118,12,curve_shift,-0.0004
MED00119,12,curve_shift,0.00045
MED00120,12,curve_shift,0.01009
MED00121,12,curve_shift,0.00898
MED00122,12,curve_shift,-0.00539
MED00123,12,curve_shift,0.00084
MED00124,12,curve_shift,0.00373
MED00125,12,curve_shift,0.00368
MED00126,12,curve_shift,-0.00938
MED00127,12,curve_shift,-0.00418
MED00128,12,curve_shift,-0.00421
MED00129,12,curve_shift,-0.00191
MED00130,12,curve_shift,0.00252
MED00131,12,curve_shift,-0.00388
MED00132,12,curve_shift,-0.00151
MED00133,12,curve_shift,-0.00432
MED00134,12,curve_shift,0.00123
MED00135,12,curve_shift,0.0145
MED00136,12,curve_shift,0.00158
MED00137,12,curve_shift,0.0047
MED00138,12,curve_shift,-0.00404
MED00139,12,curve_shift,0.00713
MED00140,12,curve_shift,-0.00143
MED00141,12,curve_shift,-0.01027
MED00142,12,curve_shift,0.00931
MED00143,12,curve_shift,-0.00207
MED00144,12,curve_shift,-0.01095
MED00145,12,curve_shift,0.00485
MED00146,12,curve_shift,0.0015
MED00147,12,curve_shift,-0.00331
MED00148,12,curve_shift,-0.01578
MED00149,12,curve_shift,-0.01097
MED00150,12,curve_shift,-0.00332
MED00151,12,curve_shift,-0.00423
MED00152,12,curve_shift,0.00043
MED00153,12,curve_shift,-0.00372
MED00154,12,curve_shift,0.00282
MED00155,12,curve_shift,-0.00114
MED00156,12,curve_shift,-0.00721
MED00158,12,curve_shift,0.00763
MED00159,12,curve_shift,0.02736
MED00160,12,curve_shift,-0.01104
MED00161,12,curve_shift,-0.00805
MED00162,12,curve_shift,0.00181
MED00163,12,curve_shift,0.01256
MED00164,12,curve_shift,-0.0035
MED00165,12,curve_shift,-0.00847
MED00166,12,curve_shift,0.0022
MED00167,12,curve_shift,-0.00392
MED00168,12,curve_shift,-0.00493
MED00169,12,curve_shift,-0.00188
MED00170,12,curve_shift,-0.00388
MED00171,12,curve_shift,-0.00509
MED00172,12,curve_shift,-0.00254
MED00173,12,curve_shift,-0.00653
MED00174,12,curve_shift,0.0121
MED00175,12,curve_shift,0.00313
MED00176,12,curve_shift,0.00186
MED00177,12,curve_shift,0.01118
MED00178,12,curve_shift,-0.00608
MED00179,12,curve_shift,0.00446
MED00180,12,curve_shift,0.00161
MED00181,12,curve_shift,0.00689
MED00182,12,curve_shift,0.012
MED00183,12,curve_shift,0.01214
MED00184,12,curve_shift,0.00785
MED00185,12,curve_shift,-0.00429
MED00187,12,curve_shift,-0.01041
MED00188,12,curve_shift,-0.00019
MED00190,12,curve_shift,-0.00611
MED00191,12,curve_shift,0.00336
MED00192,12,curve_shift,0.00302
MED00193,12,curve_shift,-0.00166
MED00194,12,curve_shift,-0.00526
MED00195,12,curve_shift,-0.0209
MED00196,12,curve_shift,-0.00583
MED00197,12,curve_shift,-0.00555
MED00198,12,curve_shift,-0.00258
MED00199,12,curve_shift,-0.00039
MED00200,12,curve_shift,-0.00407
MED00201,12,curve_shift,-0.00592
MED00202,12,curve_shift,-0.00447
MED00203,12,curve_shift,-0.00607
MED00204,12,curve_shift,0.00062
MED00205,12,curve_shift,0.00116
MED00206,12,curve_shift,0.00265
MED00207,12,curve_shift,-0.00415
MED00208,12,curve_shift,0.00422
MED00209,12,curve_shift,-0.00868
MED00210,12,curve_shift,0.00679
MED00211,12,curve_shift,-0.00586
MED00212,12,curve_shift,-0.00381
MED00213,12,curve_shift,-0.00651
MED00214,12,curve_shift,-0.00328
MED00215,12,curve_shift,-0.00544
MED00216,12,curve_shift,-0.00095
MED00217,12,curve_shift,0.00157
MED00218,12,curve_shift,-0.01284
MED00219,12,curve_shift,0.00602
MED00220,12,curve_shift,-0.00635
MED00221,12,curve_shift,-0.01052
MED00222,12,curve_shift,0.00716
MED00223,12,curve_shift,0.01563
MED00224,12,curve_shift,-0.00265
MED00225,12,curve_shift,-0.01153
MED00226,12,curve_shift,-0.00531
MED00227,12,curve_shift,0.00225
MED00228,12,curve_shift,0.00065
MED00229,12,curve_shift,-0.01167
MED00230,12,curve_shift,0.00427
MED00231,12,curve_shift,-0.00074
MED00232,12,curve_shift,0.00842
MED00233,12,curve_shift,-0.00021
MED00234,12,curve_shift,-0.00243
MED00235,12,curve_shift,0.00045
MED00236,12,curve_shift,-0.00521
MED00237,12,curve_shift,-0.01768
MED00238,12,curve_shift,-0.00481
MED00239,12,curve_shift,-0.01017
MED00240,12,curve_shift,-0.01248
MED00241,12,curve_shift,-0.00639
MED00242,12,curve_shift,-0.00584
MED00243,12,curve_shift,-0.00174
MED00244,12,curve_shift,-0.00069
MED00245,12,curve_shift,-0.00191
MED00246,12,curve_shift,-0.00954
MED00247,12,curve_shift,0.00079
MED00248,12,curve_shift,-0.00378
MED00249,12,curve_shift,-0.00445
MED00250,12,curve_shift,-0.00395
MED00251,12,curve_shift,-0.00242
MED00252,12,curve_shift,-0.00938
MED00253,12,curve_shift,-0.01053
MED00254,12,curve_shift,-0.00347
MED00255,12,curve_shift,-0.02041
MED00256,12,curve_shift,0.00517
MED00257,12,curve_shift,-0.01287
MED00258,12,curve_shift,-0.00749
MED00259,12,curve_shift,-0.00554
MED00260,12,curve_shift,0.00498
MED00261,12,curve_shift,-0.00234
MED00262,12,curve_shift,-0.00635
MED00263,12,curve_shift,-0.0095
MED00264,12,curve_shift,-0.0039
MED00265,12,curve_shift,-0.00694
MED00266,12,curve_shift,0.00845
MED00267,12,curve_shift,-0.0109
MED00268,12,curve_shift,-0.00486
MED00269,12,curve_shift,0.00081
MED00270,12,curve_shift,-0.00591
MED00271,12,curve_shift,-0.00335
MED00272,12,curve_shift,-0.00876
MED00273,12,curve_shift,-0.00864
MED00274,12,curve_shift,-0.0031
MED00275,12,curve_shift,-0.00086
MED00276,12,curve_shift,-0.00376
MED00277,12,curve_shift,0.0005
MED00278,12,curve_shift,-0.004
MED00279,12,curve_shift,0.0038
MED00280,12,curve_shift,0.00269
MED00281,12,curve_shift,-0.0006
MED00282,12,curve_shift,-0.00991
MED00283,12,curve_shift,-0.01031
MED00284,12,curve_shift,0.00088
MED00285,12,curve_shift,-0.00192
MED00286,12,curve_shift,-0.01888
MED00287,12,curve_shift,-0.00853
MED00288,12,curve_shift,0.00413
MED00289,12,curve_shift,-0.01339
MED00290,12,curve_shift,-0.00238
MED00291,12,curve_shift,0.00186
MED00292,12,curve_shift,-0.00335
MED00293,12,curve_shift,-0.01824
MED00294,12,curve_shift,0.00742
MED00295,12,curve_shift,0.00653
MED00296,12,curve_shift,-0.01472
MED00297,12,curve_shift,-0.00684
MED00298,12,curve_shift,-0.00663
MED00299,12,curve_shift,0.00354
MED00300,12,curve_shift,-0.00338
MED00301,12,curve_shift,-0.01302
MED00302,12,curve_shift,0.01871
MED00303,12,curve_shift,-0.0119
MED00304,12,curve_shift,-0.01455
MED00305,12,curve_shift,-0.00038
MED00306,12,curve_shift,-0.0011
MED00307,12,curve_shift,-0.00127
MED00308,12,curve_shift,-0.00254
MED00309,12,curve_shift,-0.00984
MED00310,12,curve_shift,-0.01343
MED00311,12,curve_shift,-0.01549
MED00312,12,curve_shift,-0.00506
MED00313,12,curve_shift,-0.00983
MED00314,12,curve_shift,0.02282
MED00315,12,curve_shift,-0.00547
MED00316,12,curve_shift,-0.00589
MED00317,12,curve_shift,-0.00563
MED00318,12,curve_shift,-0.00633
MED00319,12,curve_shift,0.00314
MED00320,12,curve_shift,-0.00362
MED00321,12,curve_shift,-0.02297
MED00322,12,curve_shift,0.003
MED00323,12,curve_shift,-0.001
MED00324,12,curve_shift,0.00273
MED00325,12,curve_shift,-0.00565
MED00326,12,curve_shift,0.00206
MED00327,12,curve_shift,0.00056
MED00328,12,curve_shift,-0.01404
MED00329,12,curve_shift,0.00359
MED00330,12,curve_shift,-0.01273
MED00331,12,curve_shift,-0.0028
MED00332,12,curve_shift,-0.001
MED00333,12,curve_shift,-0.01171
MED00334,12,curve_shift,0.0087
MED00335,12,curve_shift,0.01803
MED00336,12,curve_shift,0.00445
MED00337,12,curve_shift,0.0065
MED00338,12,curve_shift,0.01184
MED00339,12,curve_shift,-0.00271
MED00340,12,curve_shift,0.01212
MED00341,12,curve_shift,-0.01323
MED00342,12,curve_shift,-0.0011
MED00343,12,curve_shift,-0.00393
MED00344,12,curve_shift,-0.01965
MED00345,12,curve_shift,0.00185
MED00346,12,curve_shift,0.00252
MED00347,12,curve_shift,0.002
MED00348,12,curve_shift,-0.00203
MED00349,12,curve_shift,-0.00165
MED00350,12,curve_shift,-0.0057
MED00351,12,curve_shift,-0.00486
MED00352,12,curve_shift,-0.00022
MED00353,12,curve_shift,-0.01263
MED00354,12,curve_shift,-0.00667
MED00355,12,curve_shift,-0.00177
MED00356,12,curve_shift,-0.0006
MED00357,12,curve_shift,0.00298
MED00358,12,curve_shift,-0.01566
MED00359,12,curve_shift,0.00594
MED00360,12,curve_shift,-0.01176
MED00361,12,curve_shift,-0.00597
MED00362,12,curve_shift,-0.00024
MED00363,12,curve_shift,-0.0041
MED00364,12,curve_shift,-0.00019
MED00365,12,curve_shift,-0.00527
MED00366,12,curve_shift,-0.00459
MED00367,12,curve_shift,-0.00571
MED00368,12,curve_shift,-0.00338
MED00369,12,curve_shift,-0.01218
MED00370,12,curve_shift,-0.00375
MED00371,12,curve_shift,0.00634
MED00372,12,curve_shift,0.00108
MED00373,12,curve_shift,0.00178
MED00374,12,curve_shift,-0.00314
MED00375,12,curve_shift,0.0028
MED00376,12,curve_shift,-0.00429
MED00377,12,curve_shift,0.00759
MED00378,12,curve_shift,-0.00026
MED00379,12,curve_shift,-0.0125
MED00380,12,curve_shift,-0.00312
MED00381,12,curve_shift,0.00032
MED00382,12,curve_shift,-0.00678
MED00383,12,curve_shift,-0.00117
MED00384,12,curve_shift,-0.00148
MED00385,12,curve_shift,0.00427
MED00386,12,curve_shift,-0.00462
MED00387,12,curve_shift,0.0009
MED00388,12,curve_shift,0.01104
MED00389,12,curve_shift,0.00413
MED00390,12,curve_shift,-0.00056
MED00391,12,curve_shift,0.00091
MED00392,12,curve_shift,0.00049
MED00393,12,curve_shift,-0.00076
MED00394,12,curve_shift,-0.00051
MED00395,12,curve_shift,-0.00135
MED00396,12,curve_shift,-0.00067
MED00397,12,curve_shift,0.00132
MED00398,12,curve_shift,-0.00141
MED00399,12,curve_shift,-0.00011
MED00400,12,curve_shift,0.00375
MED00401,12,curve_shift,-0.00119
MED00402,12,curve_shift,-0.00259
MED00403,12,curve_shift,0.00662
MED00404,12,curve_shift,-0.01409
MED00405,12,curve_shift,-0.00549
MED00406,12,curve_shift,-0.00132
MED00407,12,curve_shift,-0.00247
MED00408,12,curve_shift,-0.00683
MED00409,12,curve_shift,-0.00163
MED00410,12,curve_shift,-0.00075
MED00411,12,curve_shift,-0.00181
MED00412,12,curve_shift,-0.0022
MED00413,12,curve_shift,-0.0063
MED00414,12,curve_shift,-0.00102
MED00415,12,curve_shift,-0.00253
MED00416,12,curve_shift,-0.00112
MED00417,12,curve_shift,-0.00755
MED00418,12,curve_shift,-0.0071
MED00419,12,curve_shift,-0.00184
MED00420,12,curve_shift,-0.00402
MED00421,12,curve_shift,-0.00243
MED00422,12,curve_shift,-0.00165
MED00423,12,curve_shift,-0.00148
MED00424,12,curve_shift,-0.00221
MED00001,1,curve_naive,0.00241
MED00002,1,curve_naive,-0.00334
MED00003,1,curve_naive,-0.01325
MED00004,1,curve_naive,-0.00053
MED00006,1,curve_naive,0.0014
MED00007,1,curve_naive,0.00151
MED00008,1,curve_naive,0.01006
MED00009,1,curve_naive,0.00247
MED00010,1,curve_naive,0.00057
MED00011,1,curve_naive,0.00362
MED00012,1,curve_naive,-0.00097
MED00013,1,curve_naive,0.00383
MED00014,1,curve_naive,0.00152
MED00015,1,curve_naive,0.01107
MED00016,1,curve_naive,-0.00396
MED00017,1,curve_naive,-0.00043
MED00018,1,curve_naive,0.00125
MED00019,1,curve_naive,0.00104
MED00020,1,curve_naive,0.00208
MED00021,1,curve_naive,0.00234
MED00022,1,curve_naive,0.00228
MED00023,1,curve_naive,0.01399
MED00024,1,curve_naive,0.00512
MED00025,1,curve_naive,-0.01333
MED00026,1,curve_naive,-0.01177
MED00027,1,curve_naive,-0.01335
MED00028,1,curve_naive,0.01011
MED00029,1,curve_naive,0.0025
MED00030,1,curve_naive,0.00073
MED00031,1,curve_naive,0.00046
MED00032,1,curve_naive,0.00185
MED00033,1,curve_naive,0.00014
MED00034,1,curve_naive,0.00049
MED00035,1,curve_naive,0.00232
MED00036,1,curve_naive,0.00025
MED00037,1,curve_naive,0.00402
MED00038,1,curve_naive,0.00168
MED00039,1,curve_naive,-0.00355
MED00040,1,curve_naive,0.00575
MED00041,1,curve_naive,-0.00297
MED00042,1,curve_naive,-0.00316
MED00043,1,curve_naive,0.00938
MED00044,1,curve_naive,0.00652
MED00045,1,curve_naive,0.00015
MED00046,1,curve_naive,0.00179
MED00047,1,curve_naive,0.00496
MED00048,1,curve_naive,0.00218
MED00049,1,curve_naive,-0.01373
MED00050,1,curve_naive,-0.00058
MED00051,1,curve_naive,-0.00937
MED00052,1,curve_naive,0.0085
MED00053,1,curve_naive,0.00455
MED00054,1,curve_naive,0.00587
MED00055,1,curve_naive,0.00299
MED00056,1,curve_naive,0.00107
MED00057,1,curve_naive,-0.00371
MED00058,1,curve_naive,0.00028
MED00059,1,curve_naive,0.00406
MED00060,1,curve_naive,0.00363
MED00061,1,curve_naive,0.00762
MED00062,1,curve_naive,0.00155
MED00063,1,curve_naive,-0.01212
MED00064,1,curve_naive,0.00131
MED00065,1,curve_naive,0.00161
MED00066,1,curve_naive,0.00903
MED00067,1,curve_naive,-0.00029
MED00068,1,curve_naive,0.00439
MED00069,1,curve_naive,0.00424
MED00070,1,curve_naive,0.00364
MED00071,1,curve_naive,0.00315
MED00072,1,curve_naive,0.00282
MED00073,1,curve_naive,0.00141
MED00074,1,curve_naive,0.00263
MED00075,1,curve_naive,0.00175
MED00076,1,curve_naive,0.00141
MED00077,1,curve_naive,0.00357
MED00078,1,curve_naive,0.00188
MED00079,1,curve_naive,0.0037
MED00080,1,curve_naive,0.00165
MED00081,1,curve_naive,-0.00125
MED00082,1,curve_naive,0.00439
MED00083,1,curve_naive,0.00132
MED00084,1,curve_naive,0.00093
MED00085,1,curve_naive,-0.00268
MED00086,1,curve_naive,-0.00739
MED00087,1,curve_naive,-0.00061
MED00088,1,curve_naive,0.00149
MED00089,1,curve_naive,0.00248
MED00090,1,curve_naive,0.00279
MED00091,1,curve_naive,0.00371
MED00092,1,curve_naive,0.00044
MED00093,1,curve_naive,0.00316
MED00094,1,curve_naive,0.01121
MED00095,1,curve_naive,0.00117
MED00096,1,curve_naive,0.00174
MED00097,1,curve_naive,-0.01074
MED00098,1,curve_naive,0.00406
MED00099,1,curve_naive,-0.0134
MED00100,1,curve_naive,-0.00036
MED00101,1,curve_naive,0.00615
MED00102,1,curve_naive,0.00077
MED00103,1,curve_naive,-0.00113
MED00104,1,curve_naive,0.00223
MED00105,1,curve_naive,0.00125
MED00106,1,curve_naive,-0.01432
MED00107,1,curve_naive,0.00203
MED00108,1,curve_naive,-0.00079
MED00109,1,curve_naive,-0.00394
MED00110,1,curve_naive,-0.00276
MED00111,1,curve_naive,0.01026
MED00113,1,curve_naive,-0.00021
MED00114,1,curve_naive,0.00156
MED00115,1,curve_naive,-0.00064
MED00116,1,curve_naive,0.00188
MED00117,1,curve_naive,-0.00033
MED00118,1,curve_naive,-0.00057
MED00119,1,curve_naive,-0.00063
MED00120,1,curve_naive,0.00246
MED00121,1,curve_naive,0.00034
MED00122,1,curve_naive,-0.00144
MED00123,1,curve_naive,0.00204
MED00124,1,curve_naive,0.00515
MED00125,1,curve_naive,0.00367
MED00126,1,curve_naive,-0.00337
MED00127,1,curve_naive,0.00148
MED00128,1,curve_naive,-0.00122
MED00129,1,curve_naive,-0.00264
MED00130,1,curve_naive,-0.01368
MED00131,1,curve_naive,0.00263
MED00132,1,curve_naive,-0.00748
MED00133,1,curve_naive,0.00253
MED00134,1,curve_naive,-0.00303
MED00135,1,curve_naive,-0.00047
MED00136,1,curve_naive,0.00527
MED00137,1,curve_naive,0.00084
MED00138,1,curve_naive,-0.00148
MED00139,1,curve_naive,-0.00165
MED00141,1,curve_naive,-0.00082
MED00142,1,curve_naive,-0.00035
MED00143,1,curve_naive,-0.00029
MED00144,1,curve_naive,-0.00057
MED00145,1,curve_naive,0.00907
MED00146,1,curve_naive,-0.00195
MED00147,1,curve_naive,0.00349
MED00148,1,curve_naive,0.00218
MED00149,1,curve_naive,0.00165
MED00150,1,curve_naive,0.00472
MED00151,1,curve_naive,-0.00028
MED00152,1,curve_naive,-0.00031
MED00153,1,curve_naive,-0.00031
MED00154,1,curve_naive,0.00179
MED00155,1,curve_naive,-0.00052
MED00156,1,curve_naive,0.00235
MED00157,1,curve_naive,0.00205
MED00158,1,curve_naive,-0.00816
MED00159,1,curve_naive,0.00163
MED00160,1,curve_naive,0.00035
MED00161,1,curve_naive,0.00379
MED00162,1,curve_naive,-0.00027
MED00163,1,curve_naive,0.00136
MED00164,1,curve_naive,0.00247
MED00165,1,curve_naive,0.0041
MED00166,1,curve_naive,-0.00059
MED00167,1,curve_naive,-0.00257
MED00168,1,curve_naive,-0.00021
MED00169,1,curve_naive,-0.00035
MED00170,1,curve_naive,0.00022
MED00171,1,curve_naive,-0.0004
MED00172,1,curve_naive,-0.00134
MED00174,1,curve_naive,-0.00146
MED00175,1,curve_naive,0.00252
MED00176,1,curve_naive,0.00103
MED00177,1,curve_naive,-0.01185
MED00178,1,curve_naive,0.0042
MED00179,1,curve_naive,0.00162
MED00180,1,curve_naive,0.00064
MED00181,1,curve_naive,0.00044
MED00182,1,curve_naive,-0.01741
MED00183,1,curve_naive,0.00091
MED00184,1,curve_naive,0.00099
MED00185,1,curve_naive,0.00024
MED00186,1,curve_naive,-0.00162
MED00187,1,curve_naive,0.00373
MED00188,1,curve_naive,0.00423
MED00189,1,curve_naive,-0.01101
MED00190,1,curve_naive,0.00159
MED00191,1,curve_naive,0.00266
MED00192,1,curve_naive,0.00101
MED00193,1,curve_naive,-0.01
MED00194,1,curve_naive,0.00483
MED00195,1,curve_naive,0.00486
MED00196,1,curve_naive,0.0002
MED00197,1,curve_naive,0.00488
MED00198,1,curve_naive,-0.00111
MED00199,1,curve_naive,0.00587
MED00200,1,curve_naive,-0.00064
MED00201,1,curve_naive,0.00394
MED00202,1,curve_naive,-0.00088
MED00203,1,curve_naive,0.00275
MED00204,1,curve_naive,-0.00125
MED00205,1,curve_naive,0.00129
MED00206,1,curve_naive,0.00464
MED00207,1,curve_naive,-0.0005
MED00208,1,curve_naive,0.00252
MED00209,1,curve_naive,0.00231
MED00210,1,curve_naive,0.00023
MED00211,1,curve_naive,-0.00047
MED00212,1,curve_naive,0.00159
MED00213,1,curve_naive,-0.00259
MED00214,1,curve_naive,0.00376
MED00216,1,curve_naive,-0.01466
MED00217,1,curve_naive,0.00186
MED00218,1,curve_naive,0.00218
MED00219,1,curve_naive,0.00074
MED00220,1,curve_naive,0.00028
MED00221,1,curve_naive,0.00203
MED00222,1,curve_naive,-0.00784
MED00223,1,curve_naive,-0.00031
MED00225,1,curve_naive,0.00253
MED00226,1,curve_naive,0.00096
MED00227,1,curve_naive,0.00388
MED00228,1,curve_naive,0.00045
MED00229,1,curve_naive,-0.00348
MED00230,1,curve_naive,0.0016
MED00231,1,curve_naive,0.00095
MED00232,1,curve_naive,-0.00107
MED00233,1,curve_naive,0.00313
MED00235,1,curve_naive,0.00108
MED00236,1,curve_naive,-0.00024
MED00237,1,curve_naive,0.00275
MED00238,1,curve_naive,-0.00235
MED00239,1,curve_naive,-0.00056
MED00240,1,curve_naive,0.00049
MED00241,1,curve_naive,-0.00028
MED00242,1,curve_naive,0.00127
MED00243,1,curve_naive,-0.0033
MED00244,1,curve_naive,-0.00049
MED00245,1,curve_naive,0.00088
MED00246,1,curve_naive,0.00117
MED00247,1,curve_naive,0.00292
MED00248,1,curve_naive,0.00053
MED00249,1,curve_naive,0.0035
MED00250,1,curve_naive,0.00264
MED00251,1,curve_naive,0.00059
MED00252,1,curve_naive,0.00485
MED00253,1,curve_naive,0.0004
MED00254,1,curve_naive,0.00432
MED00255,1,curve_naive,0.00174
MED00256,1,curve_naive,0.00065
MED00257,1,curve_naive,0.00339
MED00258,1,curve_naive,0.00018
MED00259,1,curve_naive,0.00093
MED00260,1,curve_naive,0.00356
MED00261,1,curve_naive,-0.00266
MED00262,1,curve_naive,0.0008
MED00263,1,curve_naive,0.00146
MED00264,1,curve_naive,-0.0038
MED00265,1,curve_naive,0.00485
MED00266,1,curve_naive,-0.00183
MED00267,1,curve_naive,0.00016
MED00268,1,curve_naive,0.00024
MED00269,1,curve_naive,-0.00115
MED00270,1,curve_naive,-0.00189
MED00271,1,curve_naive,0.00108
MED00272,1,curve_naive,0.00249
MED00273,1,curve_naive,0.00292
MED00274,1,curve_naive,0.00141
MED00275,1,curve_naive,0.00425
MED00276,1,curve_naive,-0.00035
MED00277,1,curve_naive,-0.00912
MED00278,1,curve_naive,0.00481
MED00279,1,curve_naive,0.00091
MED00280,1,curve_naive,0.00138
MED00281,1,curve_naive,0.00225
MED00282,1,curve_naive,0.0029
MED00283,1,curve_naive,0.00272
MED00284,1,curve_naive,0.00668
MED00285,1,curve_naive,0.00347
MED00286,1,curve_naive,0.00148
MED00287,1,curve_naive,0.0002
MED00288,1,curve_naive,0.00142
MED00289,1,curve_naive,0.0046
MED00290,1,curve_naive,0.00145
MED00291,1,curve_naive,-0.00401
MED00292,1,curve_naive,0.00014
MED00293,1,curve_naive,0.00049
MED00294,1,curve_naive,-0.0047
MED00295,1,curve_naive,-0.01472
MED00296,1,curve_naive,-0.00071
MED00297,1,curve_naive,0.0008
MED00298,1,curve_naive,0.00172
MED00299,1,curve_naive,0.00277
MED00300,1,curve_naive,0.00013
MED00301,1,curve_naive,-0.00048
MED00302,1,curve_naive,-0.00031
MED00303,1,curve_naive,0.00022
MED00304,1,curve_naive,0.00101
MED00305,1,curve_naive,-0.00118
MED00306,1,curve_naive,-0.00542
MED00307,1,curve_naive,0.00121
MED00308,1,curve_naive,0.00383
MED00309,1,curve_naive,0.00446
MED00310,1,curve_naive,0.00353
MED00311,1,curve_naive,0.00038
MED00312,1,curve_naive,0.00051
MED00313,1,curve_naive,0.0009
MED00314,1,curve_naive,0.00259
MED00315,1,curve_naive,0.0048
MED00316,1,curve_naive,-0.00035
MED00317,1,curve_naive,0.00027
MED00318,1,curve_naive,0.00032
MED00319,1,curve_naive,0.00277
MED00320,1,curve_naive,-0.00028
MED00321,1,curve_naive,-0.00972
MED00322,1,curve_naive,-0.01168
MED00323,1,curve_naive,0.00104
MED00324,1,curve_naive,0.00313
MED00325,1,curve_naive,0.00298
MED00326,1,curve_naive,0.00241
MED00327,1,curve_naive,-0.00118
MED00329,1,curve_naive,0.00275
MED00330,1,curve_naive,0.00327
MED00331,1,curve_naive,-0.00027
MED00332,1,curve_naive,0.00063
MED00333,1,curve_naive,0.00559
MED00334,1,curve_naive,-0.00145
MED00335,1,curve_naive,-0.00111
MED00336,1,curve_naive,0.00469
MED00337,1,curve_naive,0.00307
MED00338,1,curve_naive,-0.00552
MED00339,1,curve_naive,0.00352
MED00340,1,curve_naive,0.00136
MED00341,1,curve_naive,0.00209
MED00342,1,curve_naive,-0.00037
MED00343,1,curve_naive,0.00286
MED00344,1,curve_naive,0.00066
MED00345,1,curve_naive,-0.01405
MED00346,1,curve_naive,-0.00124
MED00347,1,curve_naive,-0.01132
MED00348,1,curve_naive,-0.00021
MED00349,1,curve_naive,-0.00054
MED00350,1,curve_naive,-0.00017
MED00351,1,curve_naive,-0.00304
MED00352,1,curve_naive,-0.0027
MED00353,1,curve_naive,-0.00279
MED00354,1,curve_naive,0.00027
MED00355,1,curve_naive,0.0045
MED00356,1,curve_naive,-0.0007
MED00357,1,curve_naive,0.00315
MED00358,1,curve_naive,0.00303
MED00359,1,curve_naive,-0.00166
MED00360,1,curve_naive,-0.00494
MED00361,1,curve_naive,0.00187
MED00362,1,curve_naive,0.00315
MED00363,1,curve_naive,-0.00032
MED00364,1,curve_naive,-0.01135
MED00365,1,curve_naive,0.00101
MED00366,1,curve_naive,0.0046
MED00367,1,curve_naive,-0.00023
MED00368,1,curve_naive,0.00024
MED00369,1,curve_naive,0.00184
MED00370,1,curve_naive,-0.00246
MED00371,1,curve_naive,0.00084
MED00372,1,curve_naive,0.00024
MED00373,1,curve_naive,0.01052
MED00374,1,curve_naive,0.00201
MED00375,1,curve_naive,0.00124
MED00376,1,curve_naive,-0.00058
MED00377,1,curve_naive,0.00041
MED00378,1,curve_naive,-0.00159
MED00379,1,curve_naive,0.00498
MED00380,1,curve_naive,-0.00332
MED00381,1,curve_naive,0.00037
MED00382,1,curve_naive,0.00149
MED00383,1,curve_naive,0.00136
MED00384,1,curve_naive,0.00071
MED00385,1,curve_naive,0.00136
MED00386,1,curve_naive,0.00171
MED00387,1,curve_naive,0.00148
MED00388,1,curve_naive,0.00179
MED00389,1,curve_naive,0.00513
MED00390,1,curve_naive,0.00134
MED00391,1,curve_naive,0.00164
MED00392,1,curve_naive,0.00184
MED00393,1,curve_naive,0.0045
MED00394,1,curve_naive,0.00218
MED00395,1,curve_naive,0.00145
MED00396,1,curve_naive,0.00107
MED00397,1,curve_naive,0.00143
MED00398,1,curve_naive,0.00131
MED00399,1,curve_naive,0.00141
MED00400,1,curve_naive,0.00163
MED00401,1,curve_naive,0.00228
MED00402,1,curve_naive,0.00151
MED00403,1,curve_naive,0.00171
MED00404,1,curve_naive,0.00153
MED00405,1,curve_naive,0.00286
MED00406,1,curve_naive,0.00136
MED00407,1,curve_naive,0.00166
MED00408,1,curve_naive,0.00454
MED00409,1,curve_naive,0.0026
MED00410,1,curve_naive,0.00333
MED00411,1,curve_naive,0.00101
MED00412,1,curve_naive,0.0016
MED00413,1,curve_naive,0.00298
MED00414,1,curve_naive,0.00137
MED00415,1,curve_naive,0.00276
MED00416,1,curve_naive,0.00113
MED00417,1,curve_naive,0.0028
MED00418,1,curve_naive,0.00434
MED00419,1,curve_naive,0.00522
MED00420,1,curve_naive,0.00278
MED00421,1,curve_naive,0.00149
MED00422,1,curve_naive,0.00108
MED00423,1,curve_naive,0.00259
MED00424,1,curve_naive,0.001
MED00001,2,curve_naive,0.00358
MED00002,2,curve_naive,-0.00353
MED00003,2,curve_naive,-0.0131
MED00004,2,curve_naive,-0.00045
MED00005,2,curve_naive,0.00019
MED00006,2,curve_naive,0.00105
MED00007,2,curve_naive,0.00117
MED00008,2,curve_naive,0.00993
MED00009,2,curve_naive,0.00498
MED00010,2,curve_naive,0.00079
MED00011,2,curve_naive,0.00204
MED00012,2,curve_naive,-0.00133
MED00013,2,curve_naive,0.00385
MED00014,2,curve_naive,0.00215
MED00015,2,curve_naive,0.01132
MED00016,2,curve_naive,-0.00394
MED00018,2,curve_naive,-0.00017
MED00019,2,curve_naive,0.00109
MED00020,2,curve_naive,0.00143
MED00021,2,curve_naive,0.00228
MED00022,2,curve_naive,0.00445
MED00023,2,curve_naive,0.01363
MED00024,2,curve_naive,0.00559
MED00025,2,curve_naive,-0.01321
MED00026,2,curve_naive,-0.01184
MED00027,2,curve_naive,-0.01327
MED00028,2,curve_naive,0.00995
MED00029,2,curve_naive,0.005
MED00030,2,curve_naive,0.00324
MED00031,2,curve_naive,-0.00019
MED00032,2,curve_naive,0.00191
MED00033,2,curve_naive,0.00049
MED00034,2,curve_naive,0.00084
MED00035,2,curve_naive,0.00226
MED00036,2,curve_naive,-0.00047
MED00037,2,curve_naive,0.00426
MED00038,2,curve_naive,0.00214
MED00039,2,curve_naive,-0.00376
MED00040,2,curve_naive,0.00557
MED00041,2,curve_naive,-0.00411
MED00042,2,curve_naive,-0.00276
MED00043,2,curve_naive,0.00931
MED00044,2,curve_naive,0.00613
MED00045,2,curve_naive,-0.00012
MED00046,2,curve_naive,0.00139
MED00047,2,curve_naive,0.00497
MED00048,2,curve_naive,0.00258
MED00049,2,curve_naive,-0.01376
MED00050,2,curve_naive,-0.00064
MED00051,2,curve_naive,-0.00924
MED00052,2,curve_naive,0.00844
MED00053,2,curve_naive,0.00684
MED00054,2,curve_naive,0.00624
MED00055,2,curve_naive,0.00287
MED00056,2,curve_naive,0.00113
MED00057,2,curve_naive,-0.00367
MED00058,2,curve_naive,0.00033
MED00059,2,curve_naive,0.00407
MED00060,2,curve_naive,0.00328
MED00061,2,curve_naive,0.00699
MED00062,2,curve_naive,0.00186
MED00063,2,curve_naive,-0.0121
MED00064,2,curve_naive,0.00194
MED00065,2,curve_naive,0.0021
MED00066,2,curve_naive,0.00929
MED00067,2,curve_naive,0.00013
MED00068,2,curve_naive,0.00461
MED00069,2,curve_naive,0.00397
MED00070,2,curve_naive,0.00368
MED00071,2,curve_naive,0.00282
MED00072,2,curve_naive,0.00302
MED00073,2,curve_naive,0.00139
MED00074,2,curve_naive,0.00291
MED00075,2,curve_naive,0.00209
MED00076,2,curve_naive,0.00136
MED00077,2,curve_naive,0.00147
MED00078,2,curve_naive,0.00451
MED00079,2,curve_naive,0.004
MED00080,2,curve_naive,0.00161
MED00081,2,curve_naive,-0.00135
MED00082,2,curve_naive,0.00436
MED00083,2,curve_naive,0.0011
MED00084,2,curve_naive,0.00118
MED00085,2,curve_naive,-0.00266
MED00086,2,curve_naive,-0.00762
MED00087,2,curve_naive,-0.00054
MED00088,2,curve_naive,0.00159
MED00089,2,curve_naive,0.00283
MED00090,2,curve_naive,0.0027
MED00091,2,curve_naive,0.00335
MED00092,2,curve_naive,0.00048
MED00093,2,curve_naive,0.00309
MED00094,2,curve_naive,0.01114
MED00095,2,curve_naive,0.00119
MED00096,2,curve_naive,0.00203
MED00097,2,curve_naive,-0.01097
MED00098,2,curve_naive,0.00413
MED00099,2,curve_naive,-0.01337
MED00100,2,curve_naive,-0.00034
MED00101,2,curve_naive,0.0067
MED00102,2,curve_naive,0.00083
MED00103,2,curve_naive,-0.00149
MED00104,2,curve_naive,0.00224
MED00105,2,curve_naive,0.00123
MED00106,2,curve_naive,-0.01431
MED00107,2,curve_naive,0.00205
MED00108,2,curve_naive,-0.00077
MED00109,2,curve_naive,-0.00403
MED00110,2,curve_naive,-0.00287
MED00111,2,curve_naive,0.01011
MED00112,2,curve_naive,0.00049
MED00113,2,curve_naive,-0.00014
MED00114,2,curve_naive,0.00395
MED00115,2,curve_naive,-0.00057
MED00116,2,curve_naive,0.0023
MED00117,2,curve_naive,0.0018
MED00119,2,curve_naive,-0.00099
MED00120,2,curve_naive,0.00233
MED00121,2,curve_naive,0.00031
MED00122,2,curve_naive,-0.00102
MED00123,2,curve_naive,0.00114
MED00124,2,curve_naive,0.00516
MED00125,2,curve_naive,0.0036
MED00126,2,curve_naive,-0.00351
MED00127,2,curve_naive,0.00361
MED00128,2,curve_naive,-0.00158
MED00129,2,curve_naive,-0.00037
MED00130,2,curve_naive,-0.01386
MED00131,2,curve_naive,0.00269
MED00132,2,curve_naive,-0.00846
MED00133,2,curve_naive,0.00138
MED00134,2,curve_naive,-0.00318
MED00135,2,curve_naive,-0.00012
MED00136,2,curve_naive,0.00467
MED00137,2,curve_naive,0.00111
MED00138,2,curve_naive,-0.00145
MED00139,2,curve_naive,-0.00192
MED00140,2,curve_naive,0.00013
MED00141,2,curve_naive,-0.00063
MED00142,2,curve_naive,-0.00062
MED00143,2,curve_naive,-0.00023
MED00144,2,curve_naive,-0.00048
MED00145,2,curve_naive,0.00911
MED00146,2,curve_naive,0.00047
MED00147,2,curve_naive,0.00323
MED00148,2,curve_naive,0.00216
MED00149,2,curve_naive,0.00208
MED00150,2,curve_naive,0.0052
MED00151,2,curve_naive,-0.00064
MED00152,2,curve_naive,-0.00024
MED00153,2,curve_naive,-0.00026
MED00154,2,curve_naive,0.0022
MED00155,2,curve_naive,-0.00045
MED00156,2,curve_naive,0.00272
MED00157,2,curve_naive,0.00206
MED00158,2,curve_naive,-0.00823
MED00159,2,curve_naive,0.00058
MED00160,2,curve_naive,0.00077
MED00161,2,curve_naive,0.00421
MED00162,2,curve_naive,-0.00063
MED00163,2,curve_naive,0.00124
MED00164,2,curve_naive,0.00233
MED00165,2,curve_naive,0.00351
MED00166,2,curve_naive,-0.00095
MED00167,2,curve_naive,-0.00255
MED00168,2,curve_naive,-0.00059
MED00169,2,curve_naive,-0.00031
MED00170,2,curve_naive,0.00029
MED00171,2,curve_naive,-0.00033
MED00172,2,curve_naive,0.00025
MED00173,2,curve_naive,-0.00071
MED00174,2,curve_naive,-0.00105
MED00175,2,curve_naive,0.0024
MED00176,2,curve_naive,0.00231
MED00177,2,curve_naive,-0.01192
MED00178,2,curve_naive,0.00349
MED00179,2,curve_naive,0.00272
MED00180,2,curve_naive,0.00028
MED00181,2,curve_naive,0.00085
MED00182,2,curve_naive,-0.01732
MED00183,2,curve_naive,0.00079
MED00184,2,curve_naive,0.00337
MED00185,2,curve_naive,0.0007
MED00186,2,curve_naive,-0.00155
MED00187,2,curve_naive,0.00582
MED00188,2,curve_naive,0.00462
MED00189,2,curve_naive,-0.01089
MED00190,2,curve_naive,0.002
MED00191,2,curve_naive,0.00516
MED00192,2,curve_naive,0.00126
MED00193,2,curve_naive,-0.01001
MED00194,2,curve_naive,0.00722
MED00195,2,curve_naive,0.00936
MED00196,2,curve_naive,0.00277
MED00197,2,curve_naive,0.00726
MED00198,2,curve_naive,-0.00104
MED00199,2,curve_naive,0.00789
MED00200,2,curve_naive,-0.00072
MED00201,2,curve_naive,0.00436
MED00202,2,curve_naive,-0.00123
MED00203,2,curve_naive,0.00411
MED00204,2,curve_naive,-0.00173
MED00205,2,curve_naive,0.00127
MED00206,2,curve_naive,0.00446
MED00208,2,curve_naive,0.00262
MED00209,2,curve_naive,0.00166
MED00210,2,curve_naive,0.00026
MED00211,2,curve_naive,-0.00041
MED00212,2,curve_naive,0.00057
MED00213,2,curve_naive,-0.00274
MED00214,2,curve_naive,0.00399
MED00215,2,curve_naive,0.00042
MED00216,2,curve_naive,-0.01466
MED00217,2,curve_naive,0.00191
MED00218,2,curve_naive,0.0032
MED00219,2,curve_naive,0.00084
MED00220,2,curve_naive,0.00029
MED00221,2,curve_naive,0.00178
MED00222,2,curve_naive,-0.00793
MED00223,2,curve_naive,-0.00096
MED00224,2,curve_naive,-0.0003
MED00225,2,curve_naive,0.00255
MED00226,2,curve_naive,0.00092
MED00227,2,curve_naive,0.0043
MED00228,2,curve_naive,-0.00015
MED00229,2,curve_naive,-0.00338
MED00230,2,curve_naive,0.00201
MED00231,2,curve_naive,0.00059
MED00232,2,curve_naive,-0.00135
MED00233,2,curve_naive,0.00227
MED00236,2,curve_naive,-0.00083
MED00237,2,curve_naive,0.00404
MED00239,2,curve_naive,-0.00055
MED00240,2,curve_naive,0.0004
MED00241,2,curve_naive,0.00019
MED00242,2,curve_naive,0.00366
MED00243,2,curve_naive,-0.00349
MED00245,2,curve_naive,-0.00406
MED00246,2,curve_naive,0.00118
MED00247,2,curve_naive,0.00333
MED00248,2,curve_naive,-0.00015
MED00249,2,curve_naive,0.00161
MED00250,2,curve_naive,0.00272
MED00251,2,curve_naive,0.00101
MED00252,2,curve_naive,0.00457
MED00253,2,curve_naive,0.00042
MED00254,2,curve_naive,0.00404
MED00255,2,curve_naive,-0.0023
MED00256,2,curve_naive,0.0009
MED00257,2,curve_naive,0.00323
MED00258,2,curve_naive,0.00019
MED00259,2,curve_naive,0.00095
MED00260,2,curve_naive,0.00599
MED00261,2,curve_naive,-0.00033
MED00262,2,curve_naive,0.00068
MED00263,2,curve_naive,0.00147
MED00264,2,curve_naive,-0.00392
MED00265,2,curve_naive,0.00486
MED00266,2,curve_naive,-0.00147
MED00267,2,curve_naive,0.00014
MED00268,2,curve_naive,0.00026
MED00269,2,curve_naive,-0.00067
MED00270,2,curve_naive,-0.00187
MED00271,2,curve_naive,0.00147
MED00272,2,curve_naive,0.00499
MED00273,2,curve_naive,0.00538
MED00274,2,curve_naive,0.0005
MED00275,2,curve_naive,0.00347
MED00276,2,curve_naive,-0.00028
MED00277,2,curve_naive,-0.00902
MED00278,2,curve_naive,0.00482
MED00279,2,curve_naive,0.00343
MED00280,2,curve_naive,0.00144
MED00281,2,curve_naive,0.0016
MED00282,2,curve_naive,0.00226
MED00283,2,curve_naive,0.00334
MED00284,2,curve_naive,0.00668
MED00285,2,curve_naive,0.00348
MED00286,2,curve_naive,0.0015
MED00287,2,curve_naive,0.00021
MED00288,2,curve_naive,0.00205
MED00289,2,curve_naive,0.00786
MED00290,2,curve_naive,0.00109
MED00291,2,curve_naive,-0.00354
MED00293,2,curve_naive,0.0005
MED00294,2,curve_naive,-0.00472
MED00295,2,curve_naive,-0.01463
MED00296,2,curve_naive,-0.0007
MED00297,2,curve_naive,0.00121
MED00298,2,curve_naive,0.00174
MED00299,2,curve_naive,0.00257
MED00300,2,curve_naive,-0.00023
MED00301,2,curve_naive,-0.00047
MED00302,2,curve_naive,-0.00044
MED00303,2,curve_naive,0.00269
MED00304,2,curve_naive,0.00139
MED00305,2,curve_naive,-0.00154
MED00306,2,curve_naive,-0.00533
MED00307,2,curve_naive,0.00564
MED00308,2,curve_naive,0.00311
MED00309,2,curve_naive,0.0049
MED00310,2,curve_naive,0.00427
MED00311,2,curve_naive,-0.00026
MED00312,2,curve_naive,-0.00051
MED00313,2,curve_naive,0.00105
MED00314,2,curve_naive,0.00235
MED00315,2,curve_naive,0.00481
MED00316,2,curve_naive,-0.00028
MED00317,2,curve_naive,0.00069
MED00318,2,curve_naive,0.0003
MED00319,2,curve_naive,0.00279
MED00320,2,curve_naive,0.00014
MED00321,2,curve_naive,-0.0096
MED00322,2,curve_naive,-0.01168
MED00323,2,curve_naive,0.00032
MED00324,2,curve_naive,0.0022
MED00325,2,curve_naive,0.003
MED00326,2,curve_naive,0.00282
MED00327,2,curve_naive,-0.00103
MED00329,2,curve_naive,0.00277
MED00330,2,curve_naive,0.00255
MED00331,2,curve_naive,-0.0002
MED00332,2,curve_naive,0.00105
MED00333,2,curve_naive,0.00521
MED00334,2,curve_naive,-0.00104
MED00335,2,curve_naive,-0.00125
MED00336,2,curve_naive,0.0047
MED00337,2,curve_naive,0.00165
MED00338,2,curve_naive,-0.00572
MED00339,2,curve_naive,0.00489
MED00340,2,curve_naive,0.00127
MED00341,2,curve_naive,0.00196
MED00342,2,curve_naive,-0.00032
MED00343,2,curve_naive,0.00287
MED00344,2,curve_naive,0.00078
MED00345,2,curve_naive,-0.01406
MED00346,2,curve_naive,-0.00118
MED00347,2,curve_naive,-0.0112
MED00348,2,curve_naive,-0.00057
MED00349,2,curve_naive,-0.00048
MED00351,2,curve_naive,-0.00318
MED00352,2,curve_naive,-0.0026
MED00353,2,curve_naive,-0.00281
MED00355,2,curve_naive,0.00436
MED00356,2,curve_naive,-0.00024
MED00357,2,curve_naive,0.00279
MED00358,2,curve_naive,0.00345
MED00359,2,curve_naive,-0.00202
MED00360,2,curve_naive,-0.00496
MED00361,2,curve_naive,0.00188
MED00362,2,curve_naive,0.0032
MED00363,2,curve_naive,-0.00026
MED00364,2,curve_naive,-0.01122
MED00365,2,curve_naive,0.00108
MED00366,2,curve_naive,0.00462
MED00367,2,curve_naive,-0.00071
MED00368,2,curve_naive,0.00066
MED00369,2,curve_naive,0.00188
MED00370,2,curve_naive,0.00013
MED00371,2,curve_naive,0.00119
MED00372,2,curve_naive,0.00015
MED00373,2,curve_naive,0.01061
MED00374,2,curve_naive,0.00244
MED00375,2,curve_naive,0.00322
MED00376,2,curve_naive,-0.00011
MED00377,2,curve_naive,0.00037
MED00378,2,curve_naive,-0.00152
MED00379,2,curve_naive,0.0051
MED00380,2,curve_naive,-0.00342
MED00382,2,curve_naive,0.00124
MED00383,2,curve_naive,0.00134
MED00384,2,curve_naive,0.00078
MED00385,2,curve_naive,0.00177
MED00386,2,curve_naive,0.0018
MED00387,2,curve_naive,0.00399
MED00388,2,curve_naive,0.00083
MED00389,2,curve_naive,0.00442
MED00390,2,curve_naive,0.00172
MED00391,2,curve_naive,0.00084
MED00392,2,curve_naive,0.00435
MED00393,2,curve_naive,0.00299
MED00394,2,curve_naive,0.0016
MED00395,2,curve_naive,0.00081
MED00396,2,curve_naive,0.00359
MED00397,2,curve_naive,0.005
MED00398,2,curve_naive,-0.00365
MED00399,2,curve_naive,-0.00337
MED00400,2,curve_naive,0.00133
MED00401,2,curve_naive,0.0021
MED00402,2,curve_naive,0.00194
MED00403,2,curve_naive,0.00206
MED00404,2,curve_naive,0.00403
MED00405,2,curve_naive,0.00221
MED00406,2,curve_naive,0.00071
MED00407,2,curve_naive,0.00189
MED00408,2,curve_naive,0.00401
MED00409,2,curve_naive,0.00156
MED00410,2,curve_naive,0.00451
MED00411,2,curve_naive,0.00164
MED00412,2,curve_naive,0.00338
MED00413,2,curve_naive,0.00336
MED00414,2,curve_naive,0.00151
MED00415,2,curve_naive,0.00317
MED00416,2,curve_naive,0.00113
MED00417,2,curve_naive,0.00322
MED00418,2,curve_naive,0.00684
MED00419,2,curve_naive,0.00457
MED00420,2,curve_naive,0.0041
MED00421,2,curve_naive,0.00073
MED00422,2,curve_naive,0.00149
MED00423,2,curve_naive,0.00509
MED00424,2,curve_naive,0.00025
MED00001,3,curve_naive,0.00594
MED00002,3,curve_naive,-0.00345
MED00003,3,curve_naive,-0.01304
MED00004,3,curve_naive,-0.00044
MED00005,3,curve_naive,0.00021
MED00006,3,curve_naive,0.00138
MED00007,3,curve_naive,0.00119
MED00008,3,curve_naive,0.01003
MED00009,3,curve_naive,0.00506
MED00010,3,curve_naive,0.00085
MED00011,3,curve_naive,0.0044
MED00012,3,curve_naive,-0.00099
MED00013,3,curve_naive,0.00418
MED00014,3,curve_naive,0.00218
MED00015,3,curve_naive,0.01134
MED00016,3,curve_naive,-0.00361
MED00019,3,curve_naive,0.00111
MED00020,3,curve_naive,0.00379
MED00021,3,curve_naive,0.00286
MED00022,3,curve_naive,-0.00193
MED00023,3,curve_naive,0.01396
MED00024,3,curve_naive,0.00549
MED00025,3,curve_naive,-0.01311
MED00026,3,curve_naive,-0.01174
MED00027,3,curve_naive,-0.01316
MED00028,3,curve_naive,0.01028
MED00029,3,curve_naive,0.00499
MED00030,3,curve_naive,0.00339
MED00031,3,curve_naive,0.00213
MED00032,3,curve_naive,0.0022
MED00033,3,curve_naive,0.00052
MED00034,3,curve_naive,0.00088
MED00035,3,curve_naive,0.00237
MED00036,3,curve_naive,0.00188
MED00037,3,curve_naive,0.00429
MED00038,3,curve_naive,0.00207
MED00039,3,curve_naive,-0.00336
MED00040,3,curve_naive,0.00567
MED00041,3,curve_naive,-0.00175
MED00042,3,curve_naive,-0.00306
MED00043,3,curve_naive,0.00933
MED00044,3,curve_naive,0.00654
MED00045,3,curve_naive,-0.00011
MED00046,3,curve_naive,0.00168
MED00047,3,curve_naive,0.00531
MED00048,3,curve_naive,0.00261
MED00049,3,curve_naive,-0.01364
MED00050,3,curve_naive,-0.0003
MED00051,3,curve_naive,-0.00923
MED00052,3,curve_naive,0.0084
MED00053,3,curve_naive,0.00688
MED00054,3,curve_naive,0.00818
MED00055,3,curve_naive,0.00298
MED00056,3,curve_naive,0.00116
MED00057,3,curve_naive,-0.00364
MED00058,3,curve_naive,0.00035
MED00059,3,curve_naive,0.00424
MED00060,3,curve_naive,0.0036
MED00061,3,curve_naive,0.00702
MED00062,3,curve_naive,0.00222
MED00063,3,curve_naive,-0.01198
MED00064,3,curve_naive,0.00197
MED00065,3,curve_naive,0.00213
MED00066,3,curve_naive,0.00932
MED00067,3,curve_naive,0.00016
MED00068,3,curve_naive,0.0046
MED00069,3,curve_naive,0.00435
MED00070,3,curve_naive,0.00401
MED00071,3,curve_naive,0.00315
MED00072,3,curve_naive,0.00334
MED00073,3,curve_naive,0.00178
MED00074,3,curve_naive,0.0029
MED00075,3,curve_naive,0.0029
MED00076,3,curve_naive,0.00135
MED00077,3,curve_naive,0.00383
MED00078,3,curve_naive,0.0046
MED00079,3,curve_naive,0.00403
MED00080,3,curve_naive,0.00172
MED00081,3,curve_naive,-0.00133
MED00082,3,curve_naive,0.00464
MED00083,3,curve_naive,0.00139
MED00084,3,curve_naive,0.0012
MED00085,3,curve_naive,-0.00233
MED00086,3,curve_naive,-0.00752
MED00087,3,curve_naive,-0.00021
MED00088,3,curve_naive,0.0016
MED00089,3,curve_naive,0.00286
MED00090,3,curve_naive,0.00303
MED00091,3,curve_naive,0.00364
MED00092,3,curve_naive,0.00051
MED00093,3,curve_naive,0.00307
MED00094,3,curve_naive,0.01112
MED00095,3,curve_naive,0.00152
MED00096,3,curve_naive,0.00206
MED00097,3,curve_naive,-0.01087
MED00098,3,curve_naive,0.00446
MED00099,3,curve_naive,-0.01327
MED00100,3,curve_naive,-0.00033
MED00101,3,curve_naive,0.00673
MED00102,3,curve_naive,0.00084
MED00103,3,curve_naive,-0.00116
MED00104,3,curve_naive,0.00257
MED00105,3,curve_naive,0.00134
MED00106,3,curve_naive,-0.01419
MED00107,3,curve_naive,0.00238
MED00108,3,curve_naive,-0.00044
MED00109,3,curve_naive,-0.00402
MED00110,3,curve_naive,-0.00286
MED00111,3,curve_naive,0.01043
MED00112,3,curve_naive,0.00052
MED00113,3,curve_naive,0.0002
MED00114,3,curve_naive,0.00405
MED00115,3,curve_naive,-0.00024
MED00116,3,curve_naive,0.00233
MED00117,3,curve_naive,0.0019
MED00119,3,curve_naive,-0.00065
MED00120,3,curve_naive,0.00273
MED00121,3,curve_naive,0.00042
MED00122,3,curve_naive,-0.00099
MED00123,3,curve_naive,0.00361
MED00124,3,curve_naive,0.00549
MED00125,3,curve_naive,0.00361
MED00126,3,curve_naive,-0.0035
MED00127,3,curve_naive,0.00371
MED00128,3,curve_naive,-0.00125
MED00129,3,curve_naive,-0.00035
MED00130,3,curve_naive,-0.01351
MED00131,3,curve_naive,0.00301
MED00132,3,curve_naive,-0.00607
MED00133,3,curve_naive,0.00374
MED00134,3,curve_naive,-0.00317
MED00136,3,curve_naive,0.00703
MED00137,3,curve_naive,0.00114
MED00138,3,curve_naive,-0.00134
MED00139,3,curve_naive,-0.00191
MED00140,3,curve_naive,0.00016
MED00141,3,curve_naive,-0.00048
MED00142,3,curve_naive,-0.00061
MED00143,3,curve_naive,0.00011
MED00144,3,curve_naive,-0.00047
MED00145,3,curve_naive,0.00914
MED00146,3,curve_naive,0.0008
MED00147,3,curve_naive,0.00375
MED00148,3,curve_naive,0.00249
MED00149,3,curve_naive,0.00211
MED00150,3,curve_naive,0.00523
MED00151,3,curve_naive,-0.00031
MED00153,3,curve_naive,-0.00023
MED00154,3,curve_naive,0.00223
MED00155,3,curve_naive,-0.00012
MED00156,3,curve_naive,0.00275
MED00157,3,curve_naive,0.0024
MED00158,3,curve_naive,-0.00186
MED00159,3,curve_naive,0.00293
MED00160,3,curve_naive,0.0008
MED00161,3,curve_naive,0.00423
MED00162,3,curve_naive,-0.0003
MED00163,3,curve_naive,0.00158
MED00164,3,curve_naive,0.00274
MED00165,3,curve_naive,0.00587
MED00166,3,curve_naive,-0.00062
MED00167,3,curve_naive,-0.00222
MED00168,3,curve_naive,-0.00049
MED00169,3,curve_naive,-0.00028
MED00170,3,curve_naive,0.00062
MED00172,3,curve_naive,0.00028
MED00173,3,curve_naive,-0.00062
MED00174,3,curve_naive,-0.00094
MED00175,3,curve_naive,0.0025
MED00176,3,curve_naive,0.00467
MED00177,3,curve_naive,-0.00567
MED00178,3,curve_naive,0.00584
MED00179,3,curve_naive,0.00282
MED00180,3,curve_naive,0.00061
MED00181,3,curve_naive,0.00088
MED00182,3,curve_naive,-0.01722
MED00183,3,curve_naive,0.00118
MED00184,3,curve_naive,0.0034
MED00185,3,curve_naive,0.00306
MED00186,3,curve_naive,-0.00122
MED00187,3,curve_naive,0.00592
MED00188,3,curve_naive,0.00465
MED00189,3,curve_naive,-0.01087
MED00190,3,curve_naive,0.00203
MED00191,3,curve_naive,0.00525
MED00192,3,curve_naive,0.0013
MED00193,3,curve_naive,-0.00989
MED00194,3,curve_naive,0.00731
MED00195,3,curve_naive,0.00905
MED00196,3,curve_naive,0.00286
MED00197,3,curve_naive,0.00735
MED00198,3,curve_naive,-0.00071
MED00199,3,curve_naive,0.00803
MED00200,3,curve_naive,-0.00069
MED00201,3,curve_naive,0.00419
MED00202,3,curve_naive,-0.0009
MED00203,3,curve_naive,0.00412
MED00204,3,curve_naive,-0.0014
MED00205,3,curve_naive,0.00137
MED00206,3,curve_naive,0.00479
MED00208,3,curve_naive,0.00263
MED00209,3,curve_naive,0.004
MED00210,3,curve_naive,0.00036
MED00212,3,curve_naive,0.00292
MED00213,3,curve_naive,-0.00272
MED00214,3,curve_naive,0.00441
MED00215,3,curve_naive,0.00045
MED00216,3,curve_naive,-0.01454
MED00217,3,curve_naive,0.00195
MED00218,3,curve_naive,0.00353
MED00219,3,curve_naive,0.00085
MED00220,3,curve_naive,0.00063
MED00221,3,curve_naive,0.00211
MED00222,3,curve_naive,-0.00792
MED00223,3,curve_naive,0.0014
MED00225,3,curve_naive,0.00294
MED00226,3,curve_naive,0.00363
MED00227,3,curve_naive,0.00433
MED00228,3,curve_naive,0.00217
MED00229,3,curve_naive,-0.00337
MED00230,3,curve_naive,0.00204
MED00231,3,curve_naive,0.00092
MED00232,3,curve_naive,-0.00134
MED00233,3,curve_naive,0.00462
MED00234,3,curve_naive,0.00036
MED00235,3,curve_naive,-0.00019
MED00236,3,curve_naive,0.00152
MED00237,3,curve_naive,0.00313
MED00239,3,curve_naive,-0.00021
MED00240,3,curve_naive,0.0007
MED00241,3,curve_naive,0.00023
MED00242,3,curve_naive,0.00375
MED00243,3,curve_naive,-0.00341
MED00245,3,curve_naive,-0.00392
MED00246,3,curve_naive,0.00152
MED00247,3,curve_naive,0.00336
MED00248,3,curve_naive,0.0022
MED00249,3,curve_naive,0.00396
MED00250,3,curve_naive,0.00315
MED00251,3,curve_naive,0.00104
MED00252,3,curve_naive,0.00458
MED00253,3,curve_naive,0.00075
MED00254,3,curve_naive,0.00405
MED00255,3,curve_naive,-0.00091
MED00256,3,curve_naive,0.00093
MED00257,3,curve_naive,0.00358
MED00258,3,curve_naive,0.00052
MED00259,3,curve_naive,0.00128
MED00260,3,curve_naive,0.00609
MED00261,3,curve_naive,-0.00023
MED00262,3,curve_naive,0.00098
MED00263,3,curve_naive,0.00181
MED00264,3,curve_naive,-0.00391
MED00265,3,curve_naive,0.00519
MED00266,3,curve_naive,-0.00144
MED00267,3,curve_naive,0.00024
MED00268,3,curve_naive,0.00059
MED00269,3,curve_naive,-0.00064
MED00270,3,curve_naive,-0.00154
MED00271,3,curve_naive,0.0015
MED00272,3,curve_naive,0.00515
MED00273,3,curve_naive,0.00547
MED00274,3,curve_naive,0.00285
MED00275,3,curve_naive,0.00583
MED00277,3,curve_naive,-0.00898
MED00278,3,curve_naive,0.00515
MED00279,3,curve_naive,0.00355
MED00280,3,curve_naive,0.00146
MED00281,3,curve_naive,0.00395
MED00282,3,curve_naive,0.00494
MED00283,3,curve_naive,0.00337
MED00284,3,curve_naive,0.00672
MED00285,3,curve_naive,0.00402
MED00286,3,curve_naive,0.00183
MED00287,3,curve_naive,0.00054
MED00288,3,curve_naive,0.00208
MED00289,3,curve_naive,0.00779
MED00290,3,curve_naive,0.00142
MED00291,3,curve_naive,-0.00351
MED00292,3,curve_naive,0.00027
MED00293,3,curve_naive,0.00078
MED00294,3,curve_naive,-0.00397
MED00295,3,curve_naive,-0.01453
MED00296,3,curve_naive,-0.00036
MED00297,3,curve_naive,0.00124
MED00298,3,curve_naive,0.00207
MED00299,3,curve_naive,0.00267
MED00300,3,curve_naive,0.00011
MED00301,3,curve_naive,-0.00014
MED00303,3,curve_naive,0.00293
MED00304,3,curve_naive,0.00138
MED00305,3,curve_naive,-0.00121
MED00306,3,curve_naive,-0.00522
MED00307,3,curve_naive,0.00574
MED00308,3,curve_naive,0.00547
MED00309,3,curve_naive,0.00456
MED00310,3,curve_naive,0.00304
MED00311,3,curve_naive,0.00199
MED00312,3,curve_naive,0.00262
MED00313,3,curve_naive,0.00106
MED00314,3,curve_naive,0.00274
MED00315,3,curve_naive,0.00514
MED00317,3,curve_naive,0.00111
MED00318,3,curve_naive,0.00063
MED00319,3,curve_naive,0.00312
MED00320,3,curve_naive,0.00017
MED00321,3,curve_naive,-0.00957
MED00322,3,curve_naive,-0.01158
MED00323,3,curve_naive,0.00272
MED00324,3,curve_naive,0.00479
MED00325,3,curve_naive,0.00333
MED00326,3,curve_naive,0.00285
MED00327,3,curve_naive,-0.00101
MED00328,3,curve_naive,0.00027
MED00329,3,curve_naive,0.0031
MED00330,3,curve_naive,0.00257
MED00331,3,curve_naive,0.00013
MED00332,3,curve_naive,0.00107
MED00333,3,curve_naive,0.00557
MED00334,3,curve_naive,-0.00101
MED00335,3,curve_naive,-0.00086
MED00336,3,curve_naive,0.00504
MED00337,3,curve_naive,-0.00176
MED00338,3,curve_naive,-0.00532
MED00339,3,curve_naive,0.00519
MED00340,3,curve_naive,0.00137
MED00341,3,curve_naive,0.00207
MED00342,3,curve_naive,-0.00029
MED00343,3,curve_naive,0.0032
MED00344,3,curve_naive,0.0008
MED00345,3,curve_naive,-0.01394
MED00346,3,curve_naive,-0.00084
MED00347,3,curve_naive,-0.0112
MED00348,3,curve_naive,-0.00024
MED00349,3,curve_naive,-0.00014
MED00351,3,curve_naive,-0.00315
MED00352,3,curve_naive,-0.00259
MED00353,3,curve_naive,-0.00278
MED00355,3,curve_naive,0.00469
MED00356,3,curve_naive,-0.00021
MED00357,3,curve_naive,0.00312
MED00358,3,curve_naive,0.00348
MED00359,3,curve_naive,-0.0017
MED00360,3,curve_naive,-0.00485
MED00361,3,curve_naive,0.00222
MED00362,3,curve_naive,0.00353
MED00364,3,curve_naive,-0.01115
MED00365,3,curve_naive,0.00141
MED00366,3,curve_naive,0.00495
MED00367,3,curve_naive,-0.00038
MED00368,3,curve_naive,0.00069
MED00369,3,curve_naive,0.00221
MED00370,3,curve_naive,0.00022
MED00371,3,curve_naive,0.00123
MED00372,3,curve_naive,0.00014
MED00373,3,curve_naive,0.01064
MED00374,3,curve_naive,0.00246
MED00375,3,curve_naive,0.00332
MED00377,3,curve_naive,0.00066
MED00378,3,curve_naive,-0.00119
MED00379,3,curve_naive,0.00511
MED00380,3,curve_naive,-0.00341
MED00381,3,curve_naive,0.00013
MED00382,3,curve_naive,0.00159
MED00383,3,curve_naive,0.00144
MED00384,3,curve_naive,0.00111
MED00385,3,curve_naive,0.00179
MED00386,3,curve_naive,0.00181
MED00387,3,curve_naive,0.00408
MED00388,3,curve_naive,0.00107
MED00389,3,curve_naive,0.00444
MED00390,3,curve_naive,0.00181
MED00391,3,curve_naive,0.00319
MED00392,3,curve_naive,0.00461
MED00393,3,curve_naive,0.00534
MED00394,3,curve_naive,0.00395
MED00395,3,curve_naive,0.00316
MED00396,3,curve_naive,0.00368
MED00397,3,curve_naive,0.00509
MED00398,3,curve_naive,-0.00351
MED00399,3,curve_naive,-0.00323
MED00400,3,curve_naive,0.00127
MED00401,3,curve_naive,0.00222
MED00402,3,curve_naive,0.00187
MED00403,3,curve_naive,0.00209
MED00404,3,curve_naive,0.00413
MED00405,3,curve_naive,0.00457
MED00406,3,curve_naive,0.00306
MED00407,3,curve_naive,0.00197
MED00408,3,curve_naive,0.00395
MED00409,3,curve_naive,0.00292
MED00410,3,curve_naive,0.00689
MED00411,3,curve_naive,0.00166
MED00412,3,curve_naive,0.0037
MED00413,3,curve_naive,0.00338
MED00414,3,curve_naive,0.00202
MED00415,3,curve_naive,0.00325
MED00416,3,curve_naive,0.00174
MED00417,3,curve_naive,0.00325
MED00418,3,curve_naive,0.00694
MED00419,3,curve_naive,0.00682
MED00420,3,curve_naive,0.00644
MED00421,3,curve_naive,0.00302
MED00422,3,curve_naive,0.00187
MED00423,3,curve_naive,0.00514
MED00424,3,curve_naive,0.0005
MED00001,4,curve_naive,0.00592
MED00002,4,curve_naive,-0.00487
MED00003,4,curve_naive,-0.00951
MED00004,4,curve_naive,-0.00041
MED00005,4,curve_naive,0.00022
MED00006,4,curve_naive,0.00137
MED00007,4,curve_naive,0.0012
MED00008,4,curve_naive,0.00865
MED00009,4,curve_naive,0.00506
MED00010,4,curve_naive,0.00091
MED00011,4,curve_naive,0.00448
MED00012,4,curve_naive,-0.00098
MED00013,4,curve_naive,0.00419
MED00014,4,curve_naive,0.00219
MED00015,4,curve_naive,0.00993
MED00016,4,curve_naive,-0.00361
MED00019,4,curve_naive,0.00112
MED00020,4,curve_naive,0.00378
MED00021,4,curve_naive,0.00289
MED00022,4,curve_naive,-0.00178
MED00023,4,curve_naive,0.01382
MED00024,4,curve_naive,0.00548
MED00025,4,curve_naive,-0.01182
MED00026,4,curve_naive,-0.00812
MED00027,4,curve_naive,-0.01199
MED00028,4,curve_naive,0.00887
MED00029,4,curve_naive,0.00499
MED00030,4,curve_naive,0.00333
MED00031,4,curve_naive,0.00504
MED00032,4,curve_naive,0.0023
MED00033,4,curve_naive,0.00056
MED00034,4,curve_naive,0.0009
MED00035,4,curve_naive,0.00233
MED00036,4,curve_naive,0.00197
MED00037,4,curve_naive,0.00429
MED00038,4,curve_naive,0.00211
MED00039,4,curve_naive,-0.00332
MED00040,4,curve_naive,0.00567
MED00041,4,curve_naive,-0.00176
MED00042,4,curve_naive,-0.00302
MED00043,4,curve_naive,0.00792
MED00044,4,curve_naive,0.00659
MED00046,4,curve_naive,0.0017
MED00047,4,curve_naive,0.0053
MED00048,4,curve_naive,0.0026
MED00049,4,curve_naive,-0.01012
MED00050,4,curve_naive,-0.00021
MED00051,4,curve_naive,-0.00558
MED00052,4,curve_naive,0.00699
MED00053,4,curve_naive,0.00571
MED00054,4,curve_naive,0.01134
MED00055,4,curve_naive,0.0031
MED00056,4,curve_naive,0.00116
MED00057,4,curve_naive,-0.00374
MED00058,4,curve_naive,0.00037
MED00059,4,curve_naive,0.00413
MED00060,4,curve_naive,0.00364
MED00061,4,curve_naive,0.00536
MED00062,4,curve_naive,0.00211
MED00063,4,curve_naive,-0.00834
MED00064,4,curve_naive,0.00198
MED00065,4,curve_naive,0.00214
MED00066,4,curve_naive,0.00792
MED00067,4,curve_naive,0.00016
MED00068,4,curve_naive,0.00455
MED00069,4,curve_naive,0.00436
MED00070,4,curve_naive,0.004
MED00071,4,curve_naive,0.00354
MED00072,4,curve_naive,0.0033
MED00073,4,curve_naive,0.00182
MED00074,4,curve_naive,0.00291
MED00075,4,curve_naive,0.00282
MED00077,4,curve_naive,0.00387
MED00078,4,curve_naive,0.00684
MED00079,4,curve_naive,0.00363
MED00080,4,curve_naive,0.00174
MED00081,4,curve_naive,-0.00274
MED00082,4,curve_naive,0.00468
MED00083,4,curve_naive,0.00168
MED00084,4,curve_naive,0.00122
MED00085,4,curve_naive,-0.00233
MED00086,4,curve_naive,-0.00752
MED00087,4,curve_naive,-0.00018
MED00088,4,curve_naive,0.00178
MED00089,4,curve_naive,0.00289
MED00090,4,curve_naive,0.00306
MED00091,4,curve_naive,0.00365
MED00092,4,curve_naive,0.00051
MED00093,4,curve_naive,0.00163
MED00094,4,curve_naive,0.00972
MED00095,4,curve_naive,0.00152
MED00096,4,curve_naive,0.00205
MED00097,4,curve_naive,-0.01087
MED00098,4,curve_naive,0.00446
MED00099,4,curve_naive,-0.01209
MED00100,4,curve_naive,-0.00178
MED00101,4,curve_naive,0.00652
MED00102,4,curve_naive,0.00084
MED00103,4,curve_naive,-0.00114
MED00104,4,curve_naive,0.00257
MED00105,4,curve_naive,0.00133
MED00106,4,curve_naive,-0.01055
MED00107,4,curve_naive,0.00238
MED00108,4,curve_naive,-0.00044
MED00109,4,curve_naive,-0.00414
MED00110,4,curve_naive,-0.00297
MED00111,4,curve_naive,0.00897
MED00112,4,curve_naive,0.00052
MED00113,4,curve_naive,0.00019
MED00114,4,curve_naive,0.00403
MED00115,4,curve_naive,-0.00024
MED00116,4,curve_naive,0.00234
MED00117,4,curve_naive,0.00194
MED00119,4,curve_naive,-0.00065
MED00120,4,curve_naive,0.00275
MED00121,4,curve_naive,0.00045
MED00122,4,curve_naive,-0.00099
MED00123,4,curve_naive,0.00361
MED00124,4,curve_naive,0.00549
MED00125,4,curve_naive,0.00221
MED00126,4,curve_naive,-0.00362
MED00127,4,curve_naive,0.00371
MED00128,4,curve_naive,-0.00125
MED00129,4,curve_naive,-0.00036
MED00130,4,curve_naive,-0.00998
MED00131,4,curve_naive,0.00297
MED00132,4,curve_naive,-0.00607
MED00133,4,curve_naive,0.00374
MED00134,4,curve_naive,-0.00329
MED00136,4,curve_naive,0.00562
MED00137,4,curve_naive,0.00111
MED00138,4,curve_naive,-0.00135
MED00139,4,curve_naive,-0.00182
MED00140,4,curve_naive,0.00016
MED00141,4,curve_naive,-0.00049
MED00142,4,curve_naive,-0.00059
MED00143,4,curve_naive,0.00011
MED00144,4,curve_naive,-0.00044
MED00145,4,curve_naive,0.00774
MED00146,4,curve_naive,0.0008
MED00147,4,curve_naive,0.00383
MED00148,4,curve_naive,0.00225
MED00149,4,curve_naive,0.00212
MED00150,4,curve_naive,0.00531
MED00151,4,curve_naive,-0.00031
MED00153,4,curve_naive,-0.00023
MED00154,4,curve_naive,0.00223
MED00155,4,curve_naive,-0.00012
MED00156,4,curve_naive,0.00271
MED00157,4,curve_naive,0.0024
MED00158,4,curve_naive,-0.00316
MED00159,4,curve_naive,0.00293
MED00160,4,curve_naive,0.00081
MED00161,4,curve_naive,0.00426
MED00162,4,curve_naive,-0.00029
MED00163,4,curve_naive,0.00014
MED00164,4,curve_naive,0.00275
MED00165,4,curve_naive,0.00597
MED00166,4,curve_naive,-0.00061
MED00167,4,curve_naive,-0.00222
MED00168,4,curve_naive,-0.00046
MED00169,4,curve_naive,-0.00027
MED00170,4,curve_naive,0.00062
MED00172,4,curve_naive,0.00029
MED00173,4,curve_naive,-0.00059
MED00174,4,curve_naive,-0.00094
MED00175,4,curve_naive,0.00249
MED00176,4,curve_naive,0.00466
MED00177,4,curve_naive,-0.00703
MED00178,4,curve_naive,0.00598
MED00179,4,curve_naive,0.00295
MED00180,4,curve_naive,0.00062
MED00181,4,curve_naive,0.0009
MED00182,4,curve_naive,-0.01603
MED00183,4,curve_naive,0.0012
MED00184,4,curve_naive,0.00341
MED00185,4,curve_naive,0.00544
MED00186,4,curve_naive,-0.00121
MED00187,4,curve_naive,0.00593
MED00188,4,curve_naive,0.00466
MED00189,4,curve_naive,-0.00735
MED00190,4,curve_naive,0.00205
MED00191,4,curve_naive,0.00505
MED00192,4,curve_naive,-0.00012
MED00193,4,curve_naive,-0.00637
MED00194,4,curve_naive,0.00744
MED00195,4,curve_naive,0.00902
MED00196,4,curve_naive,0.00303
MED00197,4,curve_naive,0.00745
MED00198,4,curve_naive,-0.00071
MED00199,4,curve_naive,0.0082
MED00200,4,curve_naive,-0.00066
MED00201,4,curve_naive,0.00416
MED00202,4,curve_naive,-0.00089
MED00203,4,curve_naive,0.00414
MED00204,4,curve_naive,-0.0014
MED00205,4,curve_naive,0.00137
MED00206,4,curve_naive,0.00498
MED00208,4,curve_naive,0.00263
MED00209,4,curve_naive,0.004
MED00210,4,curve_naive,0.00049
MED00212,4,curve_naive,0.00293
MED00213,4,curve_naive,-0.00284
MED00214,4,curve_naive,0.0044
MED00215,4,curve_naive,0.00046
MED00216,4,curve_naive,-0.0109
MED00217,4,curve_naive,0.00053
MED00218,4,curve_naive,0.00354
MED00219,4,curve_naive,0.00085
MED00220,4,curve_naive,0.00065
MED00221,4,curve_naive,0.00214
MED00222,4,curve_naive,-0.00792
MED00223,4,curve_naive,0.00181
MED00225,4,curve_naive,0.00293
MED00226,4,curve_naive,0.00254
MED00227,4,curve_naive,0.00432
MED00228,4,curve_naive,0.00222
MED00229,4,curve_naive,-0.0035
MED00230,4,curve_naive,0.00206
MED00231,4,curve_naive,0.00087
MED00232,4,curve_naive,-0.00124
MED00233,4,curve_naive,0.00462
MED00234,4,curve_naive,0.00036
MED00235,4,curve_naive,-0.00017
MED00236,4,curve_naive,0.00154
MED00237,4,curve_naive,0.00314
MED00239,4,curve_naive,-0.00033
MED00240,4,curve_naive,0.00082
MED00241,4,curve_naive,0.00024
MED00242,4,curve_naive,0.00371
MED00243,4,curve_naive,-0.00482
MED00245,4,curve_naive,-0.00391
MED00246,4,curve_naive,0.00158
MED00247,4,curve_naive,0.00335
MED00248,4,curve_naive,0.00216
MED00249,4,curve_naive,0.00394
MED00250,4,curve_naive,0.00492
MED00251,4,curve_naive,0.00104
MED00252,4,curve_naive,0.00458
MED00253,4,curve_naive,0.00077
MED00254,4,curve_naive,0.00405
MED00255,4,curve_naive,-0.00104
MED00256,4,curve_naive,0.00093
MED00257,4,curve_naive,0.00246
MED00258,4,curve_naive,0.00052
MED00259,4,curve_naive,0.00128
MED00260,4,curve_naive,0.00611
MED00261,4,curve_naive,-0.00012
MED00262,4,curve_naive,0.00093
MED00263,4,curve_naive,0.00181
MED00264,4,curve_naive,-0.00403
MED00265,4,curve_naive,0.00519
MED00266,4,curve_naive,-0.00104
MED00267,4,curve_naive,0.00025
MED00268,4,curve_naive,0.00059
MED00269,4,curve_naive,-0.00064
MED00270,4,curve_naive,-0.00154
MED00271,4,curve_naive,0.0015
MED00272,4,curve_naive,0.00517
MED00273,4,curve_naive,0.00548
MED00274,4,curve_naive,0.0029
MED00275,4,curve_naive,0.00674
MED00277,4,curve_naive,-0.00546
MED00278,4,curve_naive,0.00515
MED00279,4,curve_naive,0.00355
MED00281,4,curve_naive,0.00395
MED00282,4,curve_naive,0.00371
MED00283,4,curve_naive,0.0034
MED00284,4,curve_naive,0.00661
MED00285,4,curve_naive,0.00401
MED00286,4,curve_naive,0.00262
MED00287,4,curve_naive,0.00055
MED00288,4,curve_naive,0.00209
MED00289,4,curve_naive,0.00779
MED00290,4,curve_naive,0.00142
MED00291,4,curve_naive,-0.00366
MED00292,4,curve_naive,0.00033
MED00293,4,curve_naive,0.00068
MED00294,4,curve_naive,-0.00394
MED00295,4,curve_naive,-0.01336
MED00296,4,curve_naive,-0.00034
MED00297,4,curve_naive,0.00124
MED00298,4,curve_naive,0.00207
MED00299,4,curve_naive,0.00254
MED00300,4,curve_naive,0.00012
MED00301,4,curve_naive,-0.00013
MED00303,4,curve_naive,0.00296
MED00304,4,curve_naive,0.00141
MED00305,4,curve_naive,-0.00118
MED00306,4,curve_naive,-0.00769
MED00307,4,curve_naive,0.00575
MED00308,4,curve_naive,0.00548
MED00309,4,curve_naive,0.00459
MED00310,4,curve_naive,0.00303
MED00311,4,curve_naive,0.002
MED00312,4,curve_naive,0.00263
MED00313,4,curve_naive,0.00107
MED00314,4,curve_naive,0.0023
MED00315,4,curve_naive,0.00514
MED00317,4,curve_naive,0.00111
MED00318,4,curve_naive,0.00069
MED00319,4,curve_naive,0.00312
MED00320,4,curve_naive,0.00056
MED00321,4,curve_naive,-0.00957
MED00322,4,curve_naive,-0.00806
MED00323,4,curve_naive,0.00275
MED00324,4,curve_naive,0.00512
MED00325,4,curve_naive,0.00333
MED00326,4,curve_naive,0.00285
MED00327,4,curve_naive,-0.00101
MED00328,4,curve_naive,0.00028
MED00329,4,curve_naive,0.00309
MED00330,4,curve_naive,0.00262
MED00331,4,curve_naive,0.00013
MED00332,4,curve_naive,0.00108
MED00333,4,curve_naive,0.00558
MED00334,4,curve_naive,-0.00098
MED00335,4,curve_naive,-0.00088
MED00336,4,curve_naive,0.00312
MED00337,4,curve_naive,-0.00174
MED00338,4,curve_naive,-0.00523
MED00339,4,curve_naive,0.00518
MED00340,4,curve_naive,0.00135
MED00341,4,curve_naive,0.00204
MED00342,4,curve_naive,-0.00029
MED00343,4,curve_naive,0.00319
MED00344,4,curve_naive,0.0008
MED00345,4,curve_naive,-0.01042
MED00346,4,curve_naive,-0.00083
MED00347,4,curve_naive,-0.00756
MED00348,4,curve_naive,-0.00029
MED00349,4,curve_naive,-0.00015
MED00351,4,curve_naive,-0.00328
MED00352,4,curve_naive,-0.00271
MED00353,4,curve_naive,-0.00291
MED00355,4,curve_naive,0.00327
MED00356,4,curve_naive,-0.00021
MED00357,4,curve_naive,0.0017
MED00358,4,curve_naive,0.00379
MED00359,4,curve_naive,-0.00166
MED00360,4,curve_naive,-0.00459
MED00361,4,curve_naive,0.00222
MED00362,4,curve_naive,0.00353
MED00364,4,curve_naive,-0.00753
MED00365,4,curve_naive,0.00141
MED00366,4,curve_naive,0.00495
MED00367,4,curve_naive,-0.00038
MED00368,4,curve_naive,0.00069
MED00369,4,curve_naive,0.00209
MED00370,4,curve_naive,-0.00013
MED00371,4,curve_naive,0.00124
MED00372,4,curve_naive,-0.00126
MED00373,4,curve_naive,0.00919
MED00374,4,curve_naive,0.00247
MED00375,4,curve_naive,0.00331
MED00377,4,curve_naive,-0.00074
MED00378,4,curve_naive,-0.0014
MED00379,4,curve_naive,0.00511
MED00380,4,curve_naive,-0.00352
MED00381,4,curve_naive,0.00015
MED00382,4,curve_naive,0.0016
MED00383,4,curve_naive,0.00145
MED00384,4,curve_naive,0.00111
MED00385,4,curve_naive,0.00179
MED00386,4,curve_naive,0.00181
MED00387,4,curve_naive,0.0041
MED00388,4,curve_naive,0.00115
MED00389,4,curve_naive,0.00441
MED00390,4,curve_naive,0.00181
MED00391,4,curve_naive,0.00354
MED00392,4,curve_naive,0.00461
MED00393,4,curve_naive,0.00535
MED00394,4,curve_naive,0.00395
MED00395,4,curve_naive,0.00317
MED00396,4,curve_naive,0.00369
MED00397,4,curve_naive,0.00512
MED00398,4,curve_naive,-0.0035
MED00399,4,curve_naive,-0.00323
MED00400,4,curve_naive,0.00128
MED00401,4,curve_naive,0.00234
MED00402,4,curve_naive,0.00182
MED00403,4,curve_naive,0.00212
MED00404,4,curve_naive,0.00415
MED00405,4,curve_naive,0.00459
MED00406,4,curve_naive,0.00308
MED00407,4,curve_naive,0.00197
MED00408,4,curve_naive,0.00373
MED00409,4,curve_naive,0.00281
MED00410,4,curve_naive,0.00532
MED00411,4,curve_naive,0.00167
MED00412,4,curve_naive,0.00374
MED00413,4,curve_naive,0.00334
MED00414,4,curve_naive,0.00211
MED00415,4,curve_naive,0.00312
MED00416,4,curve_naive,0.00191
MED00417,4,curve_naive,0.00325
MED00418,4,curve_naive,0.00694
MED00419,4,curve_naive,0.00682
MED00420,4,curve_naive,0.00655
MED00421,4,curve_naive,0.00303
MED00422,4,curve_naive,0.00204
MED00423,4,curve_naive,0.00513
MED00424,4,curve_naive,0.0005
MED00001,5,curve_naive,0.00426
MED00002,5,curve_naive,-0.00278
MED00003,5,curve_naive,-0.01035
MED00004,5,curve_naive,-0.00055
MED00005,5,curve_naive,0.00027
MED00006,5,curve_naive,0.0006
MED00007,5,curve_naive,0.00101
MED00008,5,curve_naive,0.00904
MED00009,5,curve_naive,0.00245
MED00010,5,curve_naive,0.00143
MED00011,5,curve_naive,0.0024
MED00012,5,curve_naive,-0.00176
MED00013,5,curve_naive,0.00471
MED00014,5,curve_naive,0.00227
MED00015,5,curve_naive,0.00992
MED00016,5,curve_naive,0.00294
MED00017,5,curve_naive,-0.00145
MED00019,5,curve_naive,0.00144
MED00020,5,curve_naive,0.00475
MED00021,5,curve_naive,0.00049
MED00022,5,curve_naive,-0.0062
MED00023,5,curve_naive,0.00017
MED00025,5,curve_naive,-0.01382
MED00026,5,curve_naive,-0.01099
MED00027,5,curve_naive,-0.01442
MED00028,5,curve_naive,0.00889
MED00029,5,curve_naive,0.00499
MED00030,5,curve_naive,0.00126
MED00031,5,curve_naive,-0.00029
MED00032,5,curve_naive,-0.00242
MED00033,5,curve_naive,0.00053
MED00034,5,curve_naive,0.00088
MED00035,5,curve_naive,0.00222
MED00036,5,curve_naive,0.00208
MED00037,5,curve_naive,0.00381
MED00038,5,curve_naive,0.00219
MED00039,5,curve_naive,-0.00443
MED00040,5,curve_naive,0.00567
MED00041,5,curve_naive,-0.00029
MED00042,5,curve_naive,-0.00308
MED00043,5,curve_naive,0.00818
MED00044,5,curve_naive,-0.0007
MED00046,5,curve_naive,-0.00234
MED00047,5,curve_naive,0.00185
MED00048,5,curve_naive,0.00238
MED00049,5,curve_naive,-0.01058
MED00050,5,curve_naive,-0.00031
MED00051,5,curve_naive,-0.00362
MED00052,5,curve_naive,0.00731
MED00053,5,curve_naive,0.0043
MED00054,5,curve_naive,0.00956
MED00055,5,curve_naive,0.00352
MED00056,5,curve_naive,0.00225
MED00057,5,curve_naive,-0.00278
MED00058,5,curve_naive,0.00043
MED00059,5,curve_naive,0.00106
MED00060,5,curve_naive,0.00166
MED00061,5,curve_naive,0.00536
MED00062,5,curve_naive,0.00174
MED00063,5,curve_naive,-0.00881
MED00064,5,curve_naive,0.00219
MED00065,5,curve_naive,0.00228
MED00066,5,curve_naive,0.0079
MED00067,5,curve_naive,-0.00048
MED00068,5,curve_naive,0.00357
MED00069,5,curve_naive,-0.00055
MED00070,5,curve_naive,0.00197
MED00071,5,curve_naive,-0.00065
MED00072,5,curve_naive,0.00025
MED00073,5,curve_naive,0.00056
MED00074,5,curve_naive,0.00055
MED00075,5,curve_naive,0.00172
MED00076,5,curve_naive,0.0006
MED00077,5,curve_naive,0.0019
MED00078,5,curve_naive,0.00068
MED00079,5,curve_naive,0.00384
MED00080,5,curve_naive,-0.00059
MED00081,5,curve_naive,-0.00543
MED00082,5,curve_naive,-0.0003
MED00083,5,curve_naive,-0.00176
MED00084,5,curve_naive,0.00125
MED00085,5,curve_naive,-0.00067
MED00086,5,curve_naive,-0.00783
MED00087,5,curve_naive,-0.00028
MED00088,5,curve_naive,0.00213
MED00089,5,curve_naive,0.00286
MED00090,5,curve_naive,0.00051
MED00091,5,curve_naive,-0.00078
MED00092,5,curve_naive,0.00034
MED00093,5,curve_naive,0.00209
MED00094,5,curve_naive,0.01025
MED00095,5,curve_naive,0.00178
MED00096,5,curve_naive,0.00213
MED00097,5,curve_naive,-0.0109
MED00098,5,curve_naive,0.0021
MED00099,5,curve_naive,-0.01531
MED00100,5,curve_naive,-0.00017
MED00101,5,curve_naive,0.00411
MED00102,5,curve_naive,-0.00022
MED00103,5,curve_naive,-0.00125
MED00104,5,curve_naive,0.00228
MED00105,5,curve_naive,0.00103
MED00106,5,curve_naive,-0.01073
MED00107,5,curve_naive,0.00207
MED00108,5,curve_naive,-0.00042
MED00109,5,curve_naive,-0.00429
MED00110,5,curve_naive,-0.00314
MED00111,5,curve_naive,0.00906
MED00112,5,curve_naive,0.00049
MED00113,5,curve_naive,0.00025
MED00114,5,curve_naive,0.00397
MED00115,5,curve_naive,-0.00038
MED00116,5,curve_naive,0.0008
MED00117,5,curve_naive,0.00171
MED00118,5,curve_naive,-0.00297
MED00119,5,curve_naive,-0.00151
MED00120,5,curve_naive,0.00277
MED00121,5,curve_naive,0.00049
MED00122,5,curve_naive,-0.0029
MED00123,5,curve_naive,0.00023
MED00124,5,curve_naive,0.00225
MED00125,5,curve_naive,0.00215
MED00126,5,curve_naive,-0.00379
MED00127,5,curve_naive,0.00209
MED00128,5,curve_naive,-0.00138
MED00129,5,curve_naive,-0.00081
MED00130,5,curve_naive,-0.01016
MED00131,5,curve_naive,-0.00043
MED00132,5,curve_naive,-0.00361
MED00133,5,curve_naive,0.00223
MED00134,5,curve_naive,-0.00346
MED00135,5,curve_naive,0.00117
MED00136,5,curve_naive,0.00185
MED00137,5,curve_naive,0.00042
MED00138,5,curve_naive,-0.00153
MED00139,5,curve_naive,-0.00188
MED00140,5,curve_naive,-0.00011
MED00141,5,curve_naive,-0.0006
MED00142,5,curve_naive,-0.00054
MED00143,5,curve_naive,-0.00014
MED00144,5,curve_naive,-0.00015
MED00145,5,curve_naive,0.00794
MED00146,5,curve_naive,-0.00081
MED00147,5,curve_naive,0.00186
MED00148,5,curve_naive,0.00038
MED00149,5,curve_naive,0.00201
MED00150,5,curve_naive,-0.00064
MED00151,5,curve_naive,-0.00083
MED00153,5,curve_naive,0.00023
MED00154,5,curve_naive,0.0022
MED00155,5,curve_naive,-0.00051
MED00156,5,curve_naive,0.00117
MED00157,5,curve_naive,0.00291
MED00158,5,curve_naive,-0.00526
MED00159,5,curve_naive,0.00377
MED00160,5,curve_naive,0.00078
MED00161,5,curve_naive,0.00168
MED00162,5,curve_naive,-0.00042
MED00163,5,curve_naive,0.00023
MED00164,5,curve_naive,-0.00058
MED00165,5,curve_naive,0.00561
MED00166,5,curve_naive,-0.00074
MED00167,5,curve_naive,-0.00077
MED00168,5,curve_naive,-0.00065
MED00170,5,curve_naive,0.00068
MED00171,5,curve_naive,-0.00023
MED00172,5,curve_naive,0.00047
MED00173,5,curve_naive,-0.00204
MED00174,5,curve_naive,-0.0008
MED00175,5,curve_naive,0.00186
MED00176,5,curve_naive,0.00566
MED00177,5,curve_naive,-0.0023
MED00178,5,curve_naive,0.00454
MED00179,5,curve_naive,0.00268
MED00180,5,curve_naive,-0.00028
MED00181,5,curve_naive,0.00086
MED00182,5,curve_naive,-0.01963
MED00183,5,curve_naive,0.00239
MED00184,5,curve_naive,0.00344
MED00185,5,curve_naive,0.00213
MED00186,5,curve_naive,-0.00145
MED00187,5,curve_naive,0.00156
MED00188,5,curve_naive,0.00473
MED00189,5,curve_naive,-0.00785
MED00190,5,curve_naive,-0.00081
MED00191,5,curve_naive,0.00458
MED00192,5,curve_naive,-0.00222
MED00193,5,curve_naive,-0.00643
MED00194,5,curve_naive,0.00706
MED00195,5,curve_naive,0.00865
MED00196,5,curve_naive,0.0034
MED00197,5,curve_naive,0.00707
MED00198,5,curve_naive,-0.00091
MED00199,5,curve_naive,-0.00074
MED00200,5,curve_naive,-0.00076
MED00201,5,curve_naive,0.00094
MED00202,5,curve_naive,-0.00168
MED00203,5,curve_naive,-0.00113
MED00204,5,curve_naive,-0.00216
MED00205,5,curve_naive,0.00107
MED00206,5,curve_naive,-0.0015
MED00207,5,curve_naive,-0.00157
MED00208,5,curve_naive,0.00225
MED00209,5,curve_naive,0.00317
MED00210,5,curve_naive,0.00147
MED00211,5,curve_naive,-0.00047
MED00212,5,curve_naive,0.00126
MED00213,5,curve_naive,-0.00232
MED00214,5,curve_naive,0.00437
MED00215,5,curve_naive,0.0009
MED00216,5,curve_naive,-0.01136
MED00217,5,curve_naive,0.0012
MED00218,5,curve_naive,0.00118
MED00219,5,curve_naive,0.0008
MED00220,5,curve_naive,0.00026
MED00221,5,curve_naive,-0.00129
MED00222,5,curve_naive,-0.00826
MED00223,5,curve_naive,0.00185
MED00224,5,curve_naive,-0.00085
MED00225,5,curve_naive,0.0015
MED00226,5,curve_naive,-0.00384
MED00227,5,curve_naive,0.00409
MED00228,5,curve_naive,0.00112
MED00229,5,curve_naive,-0.00311
MED00230,5,curve_naive,0.00161
MED00231,5,curve_naive,0.00095
MED00232,5,curve_naive,-0.00131
MED00233,5,curve_naive,0.002
MED00234,5,curve_naive,0.00033
MED00236,5,curve_naive,0.00134
MED00237,5,curve_naive,0.00193
MED00238,5,curve_naive,0.00032
MED00239,5,curve_naive,-0.00022
MED00240,5,curve_naive,-0.00017
MED00241,5,curve_naive,0.00011
MED00242,5,curve_naive,0.00353
MED00243,5,curve_naive,-0.00273
MED00244,5,curve_naive,0.00046
MED00245,5,curve_naive,-0.00385
MED00246,5,curve_naive,0.00211
MED00247,5,curve_naive,0.00289
MED00248,5,curve_naive,0.00109
MED00249,5,curve_naive,0.00167
MED00250,5,curve_naive,0.00144
MED00251,5,curve_naive,0.00084
MED00252,5,curve_naive,0.00464
MED00253,5,curve_naive,0.00086
MED00254,5,curve_naive,0.00411
MED00255,5,curve_naive,-0.00279
MED00256,5,curve_naive,0.00022
MED00257,5,curve_naive,-0.00047
MED00258,5,curve_naive,0.00365
MED00259,5,curve_naive,0.00126
MED00260,5,curve_naive,0.00615
MED00261,5,curve_naive,-0.00041
MED00262,5,curve_naive,-0.00054
MED00263,5,curve_naive,0.00209
MED00264,5,curve_naive,-0.00405
MED00265,5,curve_naive,0.00418
MED00266,5,curve_naive,-0.00092
MED00267,5,curve_naive,0.00038
MED00268,5,curve_naive,0.00368
MED00269,5,curve_naive,-0.00019
MED00270,5,curve_naive,0.00167
MED00271,5,curve_naive,-0.00042
MED00272,5,curve_naive,0.00249
MED00273,5,curve_naive,0.00171
MED00274,5,curve_naive,0.00018
MED00275,5,curve_naive,0.00607
MED00276,5,curve_naive,-0.00016
MED00277,5,curve_naive,-0.00596
MED00278,5,curve_naive,0.00427
MED00279,5,curve_naive,0.00355
MED00280,5,curve_naive,0.00063
MED00281,5,curve_naive,0.00364
MED00282,5,curve_naive,0.00089
MED00283,5,curve_naive,-0.00131
MED00284,5,curve_naive,0.00057
MED00285,5,curve_naive,0.00217
MED00286,5,curve_naive,-0.00042
MED00287,5,curve_naive,0.00065
MED00288,5,curve_naive,0.00433
MED00289,5,curve_naive,0.00682
MED00290,5,curve_naive,-0.00039
MED00291,5,curve_naive,-0.00375
MED00292,5,curve_naive,-0.00163
MED00293,5,curve_naive,0.00106
MED00294,5,curve_naive,-0.0053
MED00295,5,curve_naive,-0.01563
MED00296,5,curve_naive,0.00017
MED00297,5,curve_naive,0.00143
MED00298,5,curve_naive,0.00454
MED00299,5,curve_naive,0.00256
MED00300,5,curve_naive,-0.00078
MED00301,5,curve_naive,0.0003
MED00303,5,curve_naive,-0.00042
MED00304,5,curve_naive,-0.00077
MED00305,5,curve_naive,-0.00139
MED00306,5,curve_naive,-0.01101
MED00307,5,curve_naive,0.00576
MED00308,5,curve_naive,0.00617
MED00309,5,curve_naive,-0.00059
MED00310,5,curve_naive,0.00059
MED00311,5,curve_naive,-0.00082
MED00312,5,curve_naive,0.00016
MED00313,5,curve_naive,0.0008
MED00314,5,curve_naive,0.00334
MED00315,5,curve_naive,0.00408
MED00317,5,curve_naive,-0.00034
MED00318,5,curve_naive,0.00267
MED00319,5,curve_naive,0.00273
MED00320,5,curve_naive,-0.00187
MED00321,5,curve_naive,-0.00515
MED00322,5,curve_naive,-0.00853
MED00323,5,curve_naive,-0.00034
MED00324,5,curve_naive,0.00218
MED00325,5,curve_naive,0.00104
MED00326,5,curve_naive,0.0024
MED00327,5,curve_naive,-0.00107
MED00328,5,curve_naive,0.00097
MED00329,5,curve_naive,0.00271
MED00330,5,curve_naive,0.00013
MED00332,5,curve_naive,0.00096
MED00333,5,curve_naive,0.00187
MED00334,5,curve_naive,-0.00083
MED00335,5,curve_naive,-0.00034
MED00336,5,curve_naive,0.00274
MED00337,5,curve_naive,-0.00378
MED00338,5,curve_naive,-0.00419
MED00340,5,curve_naive,0.00186
MED00341,5,curve_naive,0.00175
MED00343,5,curve_naive,0.00275
MED00345,5,curve_naive,-0.01088
MED00346,5,curve_naive,-0.00094
MED00347,5,curve_naive,-0.00789
MED00348,5,curve_naive,-0.00051
MED00349,5,curve_naive,-0.00029
MED00350,5,curve_naive,0.00041
MED00351,5,curve_naive,-0.00345
MED00352,5,curve_naive,-0.00268
MED00353,5,curve_naive,-0.00252
MED00355,5,curve_naive,0.00106
MED00356,5,curve_naive,0.00032
MED00357,5,curve_naive,0.00241
MED00359,5,curve_naive,-0.0022
MED00360,5,curve_naive,-0.00568
MED00361,5,curve_naive,0.0047
MED00362,5,curve_naive,0.00544
MED00364,5,curve_naive,-0.00803
MED00365,5,curve_naive,-0.00012
MED00366,5,curve_naive,0.00466
MED00367,5,curve_naive,-0.00044
MED00368,5,curve_naive,0.00081
MED00369,5,curve_naive,-0.0002
MED00370,5,curve_naive,-0.00113
MED00371,5,curve_naive,0.00121
MED00372,5,curve_naive,0.00035
MED00373,5,curve_naive,0.00918
MED00374,5,curve_naive,0.0015
MED00375,5,curve_naive,0.00336
MED00376,5,curve_naive,0.00038
MED00377,5,curve_naive,0.00155
MED00378,5,curve_naive,-0.00158
MED00379,5,curve_naive,0.00499
MED00380,5,curve_naive,-0.0037
MED00381,5,curve_naive,0.0002
MED00382,5,curve_naive,-0.00016
MED00383,5,curve_naive,0.00177
MED00384,5,curve_naive,0.00106
MED00385,5,curve_naive,0.00148
MED00386,5,curve_naive,0.00175
MED00387,5,curve_naive,0.00386
MED00388,5,curve_naive,0.00172
MED00389,5,curve_naive,0.00171
MED00390,5,curve_naive,0.00132
MED00391,5,curve_naive,0.00314
MED00392,5,curve_naive,0.00418
MED00393,5,curve_naive,0.00279
MED00394,5,curve_naive,0.00393
MED00395,5,curve_naive,0.00308
MED00396,5,curve_naive,0.00374
MED00397,5,curve_naive,0.00511
MED00398,5,curve_naive,-0.00351
MED00399,5,curve_naive,-0.00325
MED00400,5,curve_naive,0.00135
MED00401,5,curve_naive,0.00251
MED00402,5,curve_naive,-0.0082
MED00403,5,curve_naive,0.00173
MED00404,5,curve_naive,0.00444
MED00405,5,curve_naive,0.00213
MED00406,5,curve_naive,0.00321
MED00407,5,curve_naive,0.00062
MED00408,5,curve_naive,0.0019
MED00409,5,curve_naive,0.00212
MED00410,5,curve_naive,0.00335
MED00411,5,curve_naive,0.00056
MED00412,5,curve_naive,0.00153
MED00413,5,curve_naive,0.00274
MED00414,5,curve_naive,0.0007
MED00415,5,curve_naive,0.00286
MED00416,5,curve_naive,0.00053
MED00417,5,curve_naive,0.00073
MED00418,5,curve_naive,0.00387
MED00419,5,curve_naive,0.0029
MED00420,5,curve_naive,0.00656
MED00421,5,curve_naive,0.00243
MED00422,5,curve_naive,0.00041
MED00423,5,curve_naive,0.00479
MED00424,5,curve_naive,0.00068
MED00001,6,curve_naive,0.00194
MED00002,6,curve_naive,-0.00293
MED00003,6,curve_naive,-0.01043
MED00004,6,curve_naive,-0.00058
MED00005,6,curve_naive,0.00025
MED00006,6,curve_naive,0.00022
MED00007,6,curve_naive,0.00098
MED00008,6,curve_naive,0.00894
MED00009,6,curve_naive,0.00235
MED00010,6,curve_naive,0.00135
MED00012,6,curve_naive,-0.00216
MED00013,6,curve_naive,0.00438
MED00014,6,curve_naive,0.00223
MED00015,6,curve_naive,0.00984
MED00016,6,curve_naive,0.00264
MED00017,6,curve_naive,0.00056
MED00018,6,curve_naive,-0.00017
MED00019,6,curve_naive,0.00142
MED00020,6,curve_naive,0.0024
MED00021,6,curve_naive,0.00014
MED00022,6,curve_naive,-0.00649
MED00023,6,curve_naive,-0.00018
MED00024,6,curve_naive,-0.00025
MED00025,6,curve_naive,-0.01398
MED00026,6,curve_naive,-0.0013
MED00027,6,curve_naive,-0.01458
MED00028,6,curve_naive,0.00852
MED00029,6,curve_naive,0.00495
MED00030,6,curve_naive,0.00116
MED00031,6,curve_naive,-0.00269
MED00032,6,curve_naive,-0.00284
MED00033,6,curve_naive,0.00047
MED00034,6,curve_naive,0.00083
MED00035,6,curve_naive,0.00205
MED00036,6,curve_naive,-0.00029
MED00037,6,curve_naive,0.00377
MED00038,6,curve_naive,0.0023
MED00039,6,curve_naive,-0.00485
MED00040,6,curve_naive,0.00551
MED00041,6,curve_naive,-0.00268
MED00042,6,curve_naive,-0.00312
MED00043,6,curve_naive,0.00809
MED00044,6,curve_naive,-0.00117
MED00045,6,curve_naive,-0.00065
MED00046,6,curve_naive,-0.00283
MED00047,6,curve_naive,0.00153
MED00048,6,curve_naive,0.00235
MED00049,6,curve_naive,-0.01075
MED00050,6,curve_naive,-0.00073
MED00051,6,curve_naive,-0.0037
MED00052,6,curve_naive,0.00725
MED00053,6,curve_naive,0.00399
MED00054,6,curve_naive,0.007
MED00055,6,curve_naive,0.00342
MED00056,6,curve_naive,0.00217
MED00057,6,curve_naive,-0.00288
MED00058,6,curve_naive,0.00033
MED00059,6,curve_naive,0.00074
MED00060,6,curve_naive,-0.00111
MED00061,6,curve_naive,0.00529
MED00062,6,curve_naive,0.00144
MED00063,6,curve_naive,-0.00897
MED00064,6,curve_naive,0.00215
MED00065,6,curve_naive,0.00224
MED00066,6,curve_naive,0.00792
MED00067,6,curve_naive,-0.0005
MED00069,6,curve_naive,-0.00102
MED00070,6,curve_naive,0.00165
MED00071,6,curve_naive,-0.00098
MED00073,6,curve_naive,0.00022
MED00074,6,curve_naive,0.00052
MED00075,6,curve_naive,0.00169
MED00076,6,curve_naive,0.00053
MED00077,6,curve_naive,-0.00046
MED00078,6,curve_naive,0.0005
MED00079,6,curve_naive,0.0042
MED00080,6,curve_naive,-0.00092
MED00081,6,curve_naive,-0.00551
MED00082,6,curve_naive,-0.00061
MED00083,6,curve_naive,-0.002
MED00084,6,curve_naive,0.00121
MED00085,6,curve_naive,-0.001
MED00086,6,curve_naive,-0.00801
MED00087,6,curve_naive,-0.00065
MED00088,6,curve_naive,0.0021
MED00089,6,curve_naive,0.00283
MED00090,6,curve_naive,0.00014
MED00091,6,curve_naive,-0.00138
MED00092,6,curve_naive,0.00031
MED00093,6,curve_naive,0.00194
MED00094,6,curve_naive,0.0101
MED00095,6,curve_naive,0.00145
MED00096,6,curve_naive,0.00229
MED00097,6,curve_naive,-0.01108
MED00098,6,curve_naive,0.00178
MED00099,6,curve_naive,-0.01468
MED00100,6,curve_naive,-0.00026
MED00101,6,curve_naive,0.00415
MED00102,6,curve_naive,-0.00018
MED00103,6,curve_naive,-0.00164
MED00104,6,curve_naive,0.00196
MED00105,6,curve_naive,0.00093
MED00106,6,curve_naive,-0.0109
MED00107,6,curve_naive,0.00175
MED00108,6,curve_naive,-0.00075
MED00109,6,curve_naive,-0.00441
MED00110,6,curve_naive,-0.00324
MED00111,6,curve_naive,0.00869
MED00112,6,curve_naive,0.00046
MED00114,6,curve_naive,0.00392
MED00115,6,curve_naive,-0.00071
MED00116,6,curve_naive,0.00077
MED00117,6,curve_naive,0.00154
MED00118,6,curve_naive,-0.003
MED00119,6,curve_naive,-0.00189
MED00120,6,curve_naive,0.00236
MED00121,6,curve_naive,0.00039
MED00122,6,curve_naive,-0.00293
MED00123,6,curve_naive,-0.00219
MED00124,6,curve_naive,0.00192
MED00125,6,curve_naive,0.00207
MED00126,6,curve_naive,-0.00387
MED00127,6,curve_naive,0.00195
MED00128,6,curve_naive,-0.00176
MED00129,6,curve_naive,-0.00089
MED00130,6,curve_naive,-0.01056
MED00131,6,curve_naive,-0.00103
MED00132,6,curve_naive,-0.00603
MED00133,6,curve_naive,-0.00017
MED00134,6,curve_naive,-0.00355
MED00135,6,curve_naive,0.00113
MED00136,6,curve_naive,-0.0005
MED00137,6,curve_naive,0.00039
MED00138,6,curve_naive,-0.00163
MED00139,6,curve_naive,-0.00198
MED00140,6,curve_naive,-0.00018
MED00141,6,curve_naive,-0.00091
MED00142,6,curve_naive,-0.00064
MED00143,6,curve_naive,-0.00044
MED00144,6,curve_naive,-0.00017
MED00145,6,curve_naive,0.0079
MED00146,6,curve_naive,-0.00114
MED00147,6,curve_naive,0.00152
MED00148,6,curve_naive,-0.00011
MED00149,6,curve_naive,0.00197
MED00150,6,curve_naive,-0.0007
MED00151,6,curve_naive,-0.00116
MED00152,6,curve_naive,-0.00038
MED00153,6,curve_naive,0.00015
MED00154,6,curve_naive,0.00218
MED00155,6,curve_naive,-0.00084
MED00156,6,curve_naive,0.00113
MED00157,6,curve_naive,0.00257
MED00158,6,curve_naive,-0.00429
MED00159,6,curve_naive,0.00142
MED00160,6,curve_naive,0.00074
MED00161,6,curve_naive,0.00163
MED00162,6,curve_naive,-0.0008
MED00163,6,curve_naive,-0.00017
MED00164,6,curve_naive,-0.00104
MED00165,6,curve_naive,0.00325
MED00166,6,curve_naive,-0.00108
MED00167,6,curve_naive,-0.00111
MED00168,6,curve_naive,-0.00078
MED00170,6,curve_naive,0.00039
MED00171,6,curve_naive,-0.00057
MED00172,6,curve_naive,0.00046
MED00173,6,curve_naive,-0.0021
MED00174,6,curve_naive,-0.00084
MED00175,6,curve_naive,0.00169
MED00176,6,curve_naive,0.00331
MED00177,6,curve_naive,0.0019
MED00178,6,curve_naive,0.00219
MED00179,6,curve_naive,0.00257
MED00180,6,curve_naive,-0.00068
MED00181,6,curve_naive,0.00082
MED00182,6,curve_naive,-0.0198
MED00183,6,curve_naive,0.00199
MED00184,6,curve_naive,0.00336
MED00185,6,curve_naive,-0.00023
MED00186,6,curve_naive,-0.00178
MED00187,6,curve_naive,0.00146
MED00188,6,curve_naive,0.0047
MED00189,6,curve_naive,-0.00793
MED00190,6,curve_naive,-0.00085
MED00191,6,curve_naive,0.0047
MED00192,6,curve_naive,-0.00229
MED00193,6,curve_naive,-0.0066
MED00194,6,curve_naive,0.00698
MED00195,6,curve_naive,0.00855
MED00196,6,curve_naive,0.00323
MED00197,6,curve_naive,0.00699
MED00198,6,curve_naive,-0.00122
MED00199,6,curve_naive,-0.0002
MED00200,6,curve_naive,-0.00082
MED00201,6,curve_naive,0.00104
MED00202,6,curve_naive,-0.00208
MED00203,6,curve_naive,-0.00112
MED00204,6,curve_naive,-0.00253
MED00205,6,curve_naive,0.00097
MED00206,6,curve_naive,-0.00279
MED00207,6,curve_naive,-0.0016
MED00208,6,curve_naive,0.00224
MED00209,6,curve_naive,0.00051
MED00210,6,curve_naive,0.00137
MED00211,6,curve_naive,-0.0008
MED00212,6,curve_naive,-0.00119
MED00213,6,curve_naive,-0.00243
MED00214,6,curve_naive,0.00405
MED00215,6,curve_naive,0.00087
MED00216,6,curve_naive,-0.01153
MED00217,6,curve_naive,0.00112
MED00218,6,curve_naive,-0.00017
MED00219,6,curve_naive,0.00105
MED00221,6,curve_naive,-0.00164
MED00222,6,curve_naive,-0.00835
MED00223,6,curve_naive,-0.0009
MED00224,6,curve_naive,-0.00123
MED00225,6,curve_naive,0.00117
MED00226,6,curve_naive,-0.00418
MED00227,6,curve_naive,0.00406
MED00228,6,curve_naive,-0.00122
MED00229,6,curve_naive,-0.00319
MED00230,6,curve_naive,0.00159
MED00231,6,curve_naive,0.00054
MED00232,6,curve_naive,-0.00152
MED00233,6,curve_naive,-0.00039
MED00236,6,curve_naive,-0.00102
MED00237,6,curve_naive,0.00259
MED00238,6,curve_naive,0.00035
MED00239,6,curve_naive,-0.0005
MED00240,6,curve_naive,-0.0005
MED00242,6,curve_naive,0.00333
MED00243,6,curve_naive,-0.00289
MED00244,6,curve_naive,0.00043
MED00245,6,curve_naive,-0.00399
MED00246,6,curve_naive,0.00177
MED00247,6,curve_naive,0.00287
MED00248,6,curve_naive,-0.00127
MED00249,6,curve_naive,-0.00067
MED00250,6,curve_naive,0.00112
MED00251,6,curve_naive,0.00081
MED00252,6,curve_naive,0.00427
MED00253,6,curve_naive,0.00051
MED00254,6,curve_naive,0.00374
MED00255,6,curve_naive,-0.00438
MED00256,6,curve_naive,0.00019
MED00257,6,curve_naive,-0.0008
MED00258,6,curve_naive,0.00337
MED00259,6,curve_naive,0.00093
MED00260,6,curve_naive,0.00591
MED00261,6,curve_naive,0.00195
MED00262,6,curve_naive,-0.00096
MED00263,6,curve_naive,0.00177
MED00264,6,curve_naive,-0.00416
MED00265,6,curve_naive,0.00386
MED00266,6,curve_naive,-0.00134
MED00267,6,curve_naive,0.00028
MED00268,6,curve_naive,0.00334
MED00269,6,curve_naive,-0.00022
MED00270,6,curve_naive,0.00133
MED00271,6,curve_naive,-0.00445
MED00272,6,curve_naive,0.00238
MED00273,6,curve_naive,0.00162
MED00274,6,curve_naive,-0.00224
MED00275,6,curve_naive,0.00374
MED00276,6,curve_naive,-0.00049
MED00277,6,curve_naive,-0.00609
MED00278,6,curve_naive,0.00395
MED00279,6,curve_naive,0.00347
MED00280,6,curve_naive,0.00064
MED00281,6,curve_naive,0.00143
MED00282,6,curve_naive,-0.00151
MED00283,6,curve_naive,-0.00137
MED00284,6,curve_naive,0.0004
MED00285,6,curve_naive,0.00164
MED00286,6,curve_naive,-0.00076
MED00287,6,curve_naive,0.00035
MED00288,6,curve_naive,0.0043
MED00289,6,curve_naive,-0.005
MED00290,6,curve_naive,-0.00066
MED00291,6,curve_naive,-0.00363
MED00292,6,curve_naive,-0.00199
MED00293,6,curve_naive,0.00073
MED00294,6,curve_naive,-0.00548
MED00295,6,curve_naive,-0.01574
MED00296,6,curve_naive,-0.00018
MED00297,6,curve_naive,0.0014
MED00298,6,curve_naive,0.00421
MED00299,6,curve_naive,0.00239
MED00300,6,curve_naive,-0.00118
MED00302,6,curve_naive,-0.0004
MED00303,6,curve_naive,-0.00056
MED00304,6,curve_naive,-0.00082
MED00305,6,curve_naive,-0.00175
MED00306,6,curve_naive,-0.01118
MED00307,6,curve_naive,0.00566
MED00308,6,curve_naive,0.00368
MED00309,6,curve_naive,-0.0005
MED00310,6,curve_naive,0.00053
MED00311,6,curve_naive,-0.00335
MED00312,6,curve_naive,-0.00226
MED00313,6,curve_naive,0.00087
MED00314,6,curve_naive,0.00339
MED00315,6,curve_naive,0.00376
MED00316,6,curve_naive,-0.00032
MED00317,6,curve_naive,-0.00038
MED00318,6,curve_naive,-0.00133
MED00319,6,curve_naive,0.00241
MED00320,6,curve_naive,-0.00229
MED00321,6,curve_naive,-0.00474
MED00322,6,curve_naive,-0.0087
MED00323,6,curve_naive,-0.00272
MED00324,6,curve_naive,0.00063
MED00325,6,curve_naive,0.0007
MED00326,6,curve_naive,0.00237
MED00327,6,curve_naive,-0.00108
MED00328,6,curve_naive,0.00061
MED00329,6,curve_naive,0.00238
MED00331,6,curve_naive,-0.00025
MED00332,6,curve_naive,0.00093
MED00333,6,curve_naive,0.00153
MED00334,6,curve_naive,-0.00088
MED00335,6,curve_naive,-0.00054
MED00336,6,curve_naive,0.00255
MED00337,6,curve_naive,-0.00038
MED00338,6,curve_naive,-0.00467
MED00339,6,curve_naive,-0.00042
MED00340,6,curve_naive,0.00169
MED00341,6,curve_naive,0.00165
MED00343,6,curve_naive,0.00242
MED00345,6,curve_naive,-0.01105
MED00346,6,curve_naive,-0.00129
MED00347,6,curve_naive,-0.00797
MED00348,6,curve_naive,-0.00079
MED00349,6,curve_naive,-0.00062
MED00350,6,curve_naive,0.00077
MED00351,6,curve_naive,-0.00356
MED00352,6,curve_naive,-0.00281
MED00353,6,curve_naive,-0.00266
MED00356,6,curve_naive,0.0003
MED00357,6,curve_naive,0.00203
MED00359,6,curve_naive,-0.00256
MED00360,6,curve_naive,-0.00601
MED00361,6,curve_naive,0.00437
MED00362,6,curve_naive,0.00511
MED00363,6,curve_naive,-0.00037
MED00364,6,curve_naive,-0.00812
MED00365,6,curve_naive,-0.00045
MED00366,6,curve_naive,0.00433
MED00367,6,curve_naive,-0.00078
MED00368,6,curve_naive,0.00078
MED00369,6,curve_naive,-0.00053
MED00370,6,curve_naive,-0.00131
MED00371,6,curve_naive,0.00116
MED00372,6,curve_naive,0.00027
MED00373,6,curve_naive,0.00911
MED00374,6,curve_naive,-0.0022
MED00375,6,curve_naive,0.00327
MED00376,6,curve_naive,0.00035
MED00377,6,curve_naive,0.00119
MED00378,6,curve_naive,-0.0017
MED00379,6,curve_naive,0.00556
MED00380,6,curve_naive,-0.00379
MED00381,6,curve_naive,0.00015
MED00382,6,curve_naive,-0.00039
MED00383,6,curve_naive,0.00167
MED00384,6,curve_naive,0.00073
MED00385,6,curve_naive,0.00146
MED00386,6,curve_naive,0.00174
MED00387,6,curve_naive,0.00376
MED00388,6,curve_naive,0.00141
MED00389,6,curve_naive,0.00169
MED00390,6,curve_naive,0.0013
MED00391,6,curve_naive,0.00078
MED00392,6,curve_naive,0.00409
MED00393,6,curve_naive,0.00042
MED00394,6,curve_naive,0.00158
MED00395,6,curve_naive,0.00073
MED00396,6,curve_naive,0.00365
MED00397,6,curve_naive,0.00501
MED00398,6,curve_naive,-0.00365
MED00399,6,curve_naive,-0.00339
MED00400,6,curve_naive,0.00139
MED00401,6,curve_naive,0.00245
MED00402,6,curve_naive,-0.00823
MED00403,6,curve_naive,0.00169
MED00404,6,curve_naive,0.00434
MED00405,6,curve_naive,-0.00023
MED00406,6,curve_naive,0.00086
MED00407,6,curve_naive,0.00058
MED00408,6,curve_naive,0.00187
MED00409,6,curve_naive,-0.00049
MED00410,6,curve_naive,0.00013
MED00411,6,curve_naive,0.00074
MED00412,6,curve_naive,0.0013
MED00413,6,curve_naive,0.00296
MED00414,6,curve_naive,0.00056
MED00415,6,curve_naive,0.00286
MED00417,6,curve_naive,0.00023
MED00418,6,curve_naive,0.00367
MED00419,6,curve_naive,0.00054
MED00420,6,curve_naive,0.0031
MED00422,6,curve_naive,0.00027
MED00423,6,curve_naive,0.00445
MED00424,6,curve_naive,0.00043
MED00001,7,curve_naive,0.00259
MED00002,7,curve_naive,-0.00282
MED00003,7,curve_naive,-0.0107
MED00004,7,curve_naive,-0.0009
MED00005,7,curve_naive,0.00011
MED00006,7,curve_naive,0.00016
MED00007,7,curve_naive,0.00097
MED00008,7,curve_naive,0.00932
MED00009,7,curve_naive,-0.00015
MED00010,7,curve_naive,0.00113
MED00011,7,curve_naive,0.00154
MED00012,7,curve_naive,-0.00222
MED00013,7,curve_naive,0.00437
MED00014,7,curve_naive,0.0016
MED00015,7,curve_naive,0.0095
MED00016,7,curve_naive,0.00264
MED00017,7,curve_naive,1e-04
MED00018,7,curve_naive,0.00125
MED00019,7,curve_naive,0.00136
MED00020,7,curve_naive,0.00103
MED00021,7,curve_naive,0.00012
MED00022,7,curve_naive,-0.00589
MED00023,7,curve_naive,-0.00024
MED00024,7,curve_naive,-0.00072
MED00025,7,curve_naive,-0.01416
MED00026,7,curve_naive,0.00304
MED00027,7,curve_naive,-0.01474
MED00028,7,curve_naive,0.00886
MED00029,7,curve_naive,0.00248
MED00030,7,curve_naive,0.00056
MED00031,7,curve_naive,-0.00208
MED00032,7,curve_naive,-0.00304
MED00033,7,curve_naive,0.00013
MED00034,7,curve_naive,0.00048
MED00035,7,curve_naive,0.00207
MED00036,7,curve_naive,0.00044
MED00037,7,curve_naive,0.0036
MED00038,7,curve_naive,0.00189
MED00039,7,curve_naive,-0.00477
MED00040,7,curve_naive,0.00553
MED00041,7,curve_naive,-0.00194
MED00042,7,curve_naive,-0.00352
MED00043,7,curve_naive,0.00798
MED00044,7,curve_naive,-0.0012
MED00045,7,curve_naive,-0.00079
MED00046,7,curve_naive,-0.00289
MED00047,7,curve_naive,0.00151
MED00048,7,curve_naive,0.00193
MED00049,7,curve_naive,-0.01093
MED00050,7,curve_naive,-0.00067
MED00051,7,curve_naive,-0.004
MED00052,7,curve_naive,0.00714
MED00053,7,curve_naive,0.0016
MED00054,7,curve_naive,0.00784
MED00055,7,curve_naive,0.00342
MED00056,7,curve_naive,0.00171
MED00057,7,curve_naive,-0.00334
MED00058,7,curve_naive,-0.00013
MED00059,7,curve_naive,0.00073
MED00060,7,curve_naive,-0.00128
MED00061,7,curve_naive,0.00484
MED00062,7,curve_naive,0.00122
MED00063,7,curve_naive,-0.00917
MED00064,7,curve_naive,0.00152
MED00065,7,curve_naive,0.00174
MED00066,7,curve_naive,0.00758
MED00067,7,curve_naive,-0.00091
MED00068,7,curve_naive,-0.00037
MED00069,7,curve_naive,-0.00353
MED00070,7,curve_naive,0.00167
MED00071,7,curve_naive,-0.00105
MED00072,7,curve_naive,-0.00014
MED00073,7,curve_naive,0.00021
MED00075,7,curve_naive,0.00127
MED00076,7,curve_naive,0.00054
MED00077,7,curve_naive,0.0002
MED00078,7,curve_naive,-0.00208
MED00079,7,curve_naive,0.00391
MED00080,7,curve_naive,-0.00056
MED00081,7,curve_naive,-0.00538
MED00082,7,curve_naive,-0.0007
MED00083,7,curve_naive,-0.00201
MED00084,7,curve_naive,0.00114
MED00085,7,curve_naive,-0.001
MED00086,7,curve_naive,-0.0082
MED00087,7,curve_naive,-0.00071
MED00088,7,curve_naive,0.002
MED00089,7,curve_naive,0.00249
MED00090,7,curve_naive,0.00019
MED00091,7,curve_naive,-0.00144
MED00092,7,curve_naive,-0.00015
MED00093,7,curve_naive,0.00192
MED00094,7,curve_naive,0.01006
MED00095,7,curve_naive,0.00148
MED00096,7,curve_naive,0.00188
MED00097,7,curve_naive,-0.01128
MED00098,7,curve_naive,0.00177
MED00099,7,curve_naive,-0.01484
MED00100,7,curve_naive,-0.00047
MED00101,7,curve_naive,0.00374
MED00102,7,curve_naive,-0.00023
MED00103,7,curve_naive,-0.0017
MED00104,7,curve_naive,0.00195
MED00105,7,curve_naive,0.00096
MED00106,7,curve_naive,-0.01108
MED00107,7,curve_naive,0.00174
MED00108,7,curve_naive,-0.00076
MED00109,7,curve_naive,-0.00472
MED00110,7,curve_naive,-0.00353
MED00111,7,curve_naive,0.00875
MED00113,7,curve_naive,-0.00014
MED00114,7,curve_naive,0.00154
MED00115,7,curve_naive,-0.00077
MED00116,7,curve_naive,0.00035
MED00117,7,curve_naive,-0.00101
MED00118,7,curve_naive,-0.00327
MED00119,7,curve_naive,-0.00194
MED00120,7,curve_naive,0.00249
MED00121,7,curve_naive,0.00041
MED00122,7,curve_naive,-0.00334
MED00123,7,curve_naive,-0.00146
MED00124,7,curve_naive,0.00191
MED00125,7,curve_naive,0.00196
MED00126,7,curve_naive,-0.00414
MED00127,7,curve_naive,-0.0006
MED00128,7,curve_naive,-0.00182
MED00129,7,curve_naive,-0.00357
MED00130,7,curve_naive,-0.01055
MED00131,7,curve_naive,-0.0011
MED00132,7,curve_naive,-0.00546
MED00133,7,curve_naive,0.00056
MED00134,7,curve_naive,-0.0038
MED00135,7,curve_naive,0.00079
MED00137,7,curve_naive,0.00014
MED00138,7,curve_naive,-0.00166
MED00139,7,curve_naive,-0.00212
MED00140,7,curve_naive,-0.00105
MED00141,7,curve_naive,-0.00089
MED00142,7,curve_naive,-0.00078
MED00143,7,curve_naive,-0.0005
MED00144,7,curve_naive,-0.00026
MED00145,7,curve_naive,0.00775
MED00146,7,curve_naive,-0.00318
MED00147,7,curve_naive,0.0015
MED00148,7,curve_naive,-1e-04
MED00149,7,curve_naive,0.00165
MED00150,7,curve_naive,-0.00115
MED00151,7,curve_naive,-0.00122
MED00152,7,curve_naive,-0.00044
MED00153,7,curve_naive,-0.0003
MED00154,7,curve_naive,0.00182
MED00155,7,curve_naive,-0.0009
MED00156,7,curve_naive,0.00072
MED00157,7,curve_naive,0.00256
MED00158,7,curve_naive,-0.00429
MED00159,7,curve_naive,0.0026
MED00160,7,curve_naive,0.00033
MED00161,7,curve_naive,0.00122
MED00162,7,curve_naive,-0.00086
MED00164,7,curve_naive,-0.0011
MED00165,7,curve_naive,0.00391
MED00166,7,curve_naive,-0.00113
MED00167,7,curve_naive,-0.00111
MED00168,7,curve_naive,-0.00081
MED00169,7,curve_naive,-0.00037
MED00170,7,curve_naive,0.00033
MED00171,7,curve_naive,-0.00062
MED00173,7,curve_naive,-0.00256
MED00174,7,curve_naive,-0.00125
MED00175,7,curve_naive,0.00169
MED00176,7,curve_naive,0.00203
MED00177,7,curve_naive,0.0019
MED00178,7,curve_naive,0.00291
MED00179,7,curve_naive,0.00134
MED00180,7,curve_naive,-0.00074
MED00181,7,curve_naive,0.00041
MED00182,7,curve_naive,-0.01996
MED00183,7,curve_naive,0.00213
MED00184,7,curve_naive,0.00099
MED00185,7,curve_naive,0.00092
MED00186,7,curve_naive,-0.00184
MED00187,7,curve_naive,-0.00109
MED00188,7,curve_naive,0.00235
MED00189,7,curve_naive,-0.00821
MED00190,7,curve_naive,-0.00126
MED00191,7,curve_naive,0.0022
MED00192,7,curve_naive,-0.00273
MED00193,7,curve_naive,-0.00677
MED00194,7,curve_naive,0.0046
MED00195,7,curve_naive,0.00585
MED00196,7,curve_naive,0.00073
MED00197,7,curve_naive,0.00456
MED00198,7,curve_naive,-0.00128
MED00199,7,curve_naive,-0.00225
MED00200,7,curve_naive,-0.00116
MED00201,7,curve_naive,0.00019
MED00202,7,curve_naive,-0.00214
MED00203,7,curve_naive,0.00046
MED00204,7,curve_naive,-0.00247
MED00205,7,curve_naive,0.001
MED00206,7,curve_naive,-0.0027
MED00207,7,curve_naive,-0.00206
MED00208,7,curve_naive,0.00215
MED00209,7,curve_naive,0.00116
MED00210,7,curve_naive,0.00135
MED00211,7,curve_naive,-0.00086
MED00212,7,curve_naive,-0.00059
MED00213,7,curve_naive,-0.00266
MED00214,7,curve_naive,0.00383
MED00215,7,curve_naive,0.00047
MED00216,7,curve_naive,-0.01173
MED00217,7,curve_naive,0.00093
MED00218,7,curve_naive,-0.00017
MED00219,7,curve_naive,0.00095
MED00220,7,curve_naive,-1e-04
MED00221,7,curve_naive,-0.00133
MED00222,7,curve_naive,-0.00869
MED00223,7,curve_naive,-0.00024
MED00224,7,curve_naive,-0.00129
MED00225,7,curve_naive,0.00116
MED00226,7,curve_naive,-0.00425
MED00227,7,curve_naive,0.00373
MED00228,7,curve_naive,-0.0013
MED00229,7,curve_naive,-0.00345
MED00230,7,curve_naive,0.00118
MED00231,7,curve_naive,0.00048
MED00232,7,curve_naive,-0.00165
MED00233,7,curve_naive,0.00034
MED00235,7,curve_naive,0.00117
MED00236,7,curve_naive,-0.00042
MED00238,7,curve_naive,-0.00247
MED00239,7,curve_naive,-0.00051
MED00240,7,curve_naive,-0.00051
MED00241,7,curve_naive,-0.00039
MED00242,7,curve_naive,0.00093
MED00243,7,curve_naive,-0.00277
MED00245,7,curve_naive,0.00095
MED00246,7,curve_naive,0.00176
MED00247,7,curve_naive,0.00246
MED00248,7,curve_naive,-0.00067
MED00249,7,curve_naive,0.00129
MED00250,7,curve_naive,0.00113
MED00251,7,curve_naive,0.0004
MED00252,7,curve_naive,0.00429
MED00253,7,curve_naive,0.0005
MED00254,7,curve_naive,0.00375
MED00255,7,curve_naive,-0.00333
MED00256,7,curve_naive,-0.00028
MED00257,7,curve_naive,-0.00073
MED00258,7,curve_naive,0.00336
MED00259,7,curve_naive,0.00093
MED00260,7,curve_naive,0.00317
MED00261,7,curve_naive,-0.00048
MED00262,7,curve_naive,1e-04
MED00263,7,curve_naive,0.00177
MED00264,7,curve_naive,-0.00444
MED00265,7,curve_naive,0.00381
MED00266,7,curve_naive,-0.00169
MED00267,7,curve_naive,0.0003
MED00268,7,curve_naive,0.00334
MED00269,7,curve_naive,-0.00068
MED00270,7,curve_naive,0.00132
MED00271,7,curve_naive,-0.00538
MED00272,7,curve_naive,-0.00012
MED00273,7,curve_naive,-0.00094
MED00274,7,curve_naive,-0.00151
MED00275,7,curve_naive,0.00441
MED00276,7,curve_naive,-0.00055
MED00277,7,curve_naive,-0.00636
MED00278,7,curve_naive,0.00394
MED00279,7,curve_naive,0.00096
MED00280,7,curve_naive,0.0005
MED00281,7,curve_naive,0.00208
MED00282,7,curve_naive,-0.00091
MED00283,7,curve_naive,-0.00178
MED00285,7,curve_naive,0.00163
MED00286,7,curve_naive,-0.00075
MED00287,7,curve_naive,0.00035
MED00288,7,curve_naive,0.00337
MED00289,7,curve_naive,-0.00499
MED00290,7,curve_naive,-0.00072
MED00291,7,curve_naive,-0.0041
MED00292,7,curve_naive,-0.00205
MED00293,7,curve_naive,0.00076
MED00294,7,curve_naive,-0.00594
MED00295,7,curve_naive,-0.01589
MED00296,7,curve_naive,-0.00019
MED00297,7,curve_naive,0.00099
MED00298,7,curve_naive,0.0042
MED00299,7,curve_naive,0.0024
MED00300,7,curve_naive,-0.00124
MED00302,7,curve_naive,0.00164
MED00303,7,curve_naive,-0.00228
MED00304,7,curve_naive,-0.00115
MED00305,7,curve_naive,-0.00181
MED00306,7,curve_naive,-0.01133
MED00307,7,curve_naive,0.00122
MED00308,7,curve_naive,0.00429
MED00309,7,curve_naive,-0.00093
MED00310,7,curve_naive,0.00013
MED00311,7,curve_naive,-0.00193
MED00312,7,curve_naive,-0.00166
MED00313,7,curve_naive,0.00056
MED00314,7,curve_naive,0.00365
MED00315,7,curve_naive,0.00375
MED00316,7,curve_naive,-0.00039
MED00317,7,curve_naive,-0.00082
MED00318,7,curve_naive,-0.00133
MED00319,7,curve_naive,0.0024
MED00320,7,curve_naive,-0.0027
MED00321,7,curve_naive,-0.00497
MED00322,7,curve_naive,-0.00886
MED00323,7,curve_naive,-0.00199
MED00324,7,curve_naive,0.00124
MED00325,7,curve_naive,-0.00031
MED00326,7,curve_naive,0.00192
MED00327,7,curve_naive,-0.00123
MED00328,7,curve_naive,0.0006
MED00329,7,curve_naive,0.00238
MED00330,7,curve_naive,-0.00057
MED00331,7,curve_naive,-0.00031
MED00332,7,curve_naive,0.00052
MED00333,7,curve_naive,0.00202
MED00334,7,curve_naive,-0.00129
MED00335,7,curve_naive,-0.00041
MED00336,7,curve_naive,0.00272
MED00337,7,curve_naive,0.00119
MED00338,7,curve_naive,-0.0046
MED00339,7,curve_naive,-0.00048
MED00340,7,curve_naive,0.00203
MED00341,7,curve_naive,0.00168
MED00342,7,curve_naive,-0.00039
MED00343,7,curve_naive,0.00242
MED00345,7,curve_naive,-0.01123
MED00346,7,curve_naive,-0.00135
MED00347,7,curve_naive,-0.00827
MED00348,7,curve_naive,-0.00083
MED00349,7,curve_naive,-0.00068
MED00350,7,curve_naive,0.00016
MED00351,7,curve_naive,-0.00382
MED00352,7,curve_naive,-0.00304
MED00353,7,curve_naive,-0.00301
MED00354,7,curve_naive,-0.00015
MED00356,7,curve_naive,-0.00017
MED00357,7,curve_naive,0.00229
MED00358,7,curve_naive,-0.00045
MED00359,7,curve_naive,-0.00262
MED00360,7,curve_naive,-0.00602
MED00361,7,curve_naive,0.0044
MED00362,7,curve_naive,0.0051
MED00363,7,curve_naive,-0.00043
MED00364,7,curve_naive,-0.0084
MED00365,7,curve_naive,-0.00051
MED00366,7,curve_naive,0.00432
MED00367,7,curve_naive,-0.00072
MED00368,7,curve_naive,0.00037
MED00369,7,curve_naive,-0.00054
MED00370,7,curve_naive,-0.00402
MED00371,7,curve_naive,0.00082
MED00372,7,curve_naive,0.00018
MED00373,7,curve_naive,0.00912
MED00374,7,curve_naive,-0.00274
MED00375,7,curve_naive,0.00129
MED00376,7,curve_naive,-0.00012
MED00377,7,curve_naive,0.00115
MED00378,7,curve_naive,-0.00176
MED00379,7,curve_naive,0.00494
MED00380,7,curve_naive,-0.00409
MED00382,7,curve_naive,-0.0004
MED00383,7,curve_naive,0.0017
MED00384,7,curve_naive,0.00067
MED00385,7,curve_naive,0.00105
MED00386,7,curve_naive,0.00165
MED00387,7,curve_naive,0.00125
MED00388,7,curve_naive,0.00235
MED00389,7,curve_naive,0.00128
MED00390,7,curve_naive,0.00091
MED00391,7,curve_naive,0.00159
MED00392,7,curve_naive,0.00142
MED00393,7,curve_naive,0.00107
MED00394,7,curve_naive,0.00228
MED00395,7,curve_naive,0.00122
MED00396,7,curve_naive,0.00056
MED00397,7,curve_naive,0.00159
MED00398,7,curve_naive,0.00131
MED00399,7,curve_naive,0.00139
MED00400,7,curve_naive,0.0017
MED00401,7,curve_naive,0.00257
MED00402,7,curve_naive,-0.00859
MED00403,7,curve_naive,0.00139
MED00404,7,curve_naive,0.00184
MED00405,7,curve_naive,0.00042
MED00406,7,curve_naive,0.0015
MED00407,7,curve_naive,0.00017
MED00408,7,curve_naive,0.00118
MED00409,7,curve_naive,0.00017
MED00410,7,curve_naive,0.00078
MED00411,7,curve_naive,-0.00035
MED00412,7,curve_naive,0.00227
MED00413,7,curve_naive,0.00119
MED00414,7,curve_naive,0.00045
MED00415,7,curve_naive,0.00245
MED00416,7,curve_naive,0.00012
MED00417,7,curve_naive,-0.00019
MED00418,7,curve_naive,0.00119
MED00419,7,curve_naive,0.00119
MED00420,7,curve_naive,0.00129
MED00421,7,curve_naive,0.00084
MED00422,7,curve_naive,0.00012
MED00423,7,curve_naive,0.00194
MED00424,7,curve_naive,0.00117
MED00001,8,curve_naive,0.00264
MED00002,8,curve_naive,-0.00286
MED00003,8,curve_naive,-0.01066
MED00004,8,curve_naive,-0.00065
MED00005,8,curve_naive,0.00016
MED00006,8,curve_naive,0.0002
MED00007,8,curve_naive,0.00056
MED00008,8,curve_naive,0.00943
MED00009,8,curve_naive,-0.00018
MED00010,8,curve_naive,0.00113
MED00011,8,curve_naive,0.00114
MED00012,8,curve_naive,-0.00218
MED00013,8,curve_naive,0.00436
MED00014,8,curve_naive,0.00159
MED00015,8,curve_naive,0.00964
MED00016,8,curve_naive,0.00263
MED00017,8,curve_naive,0.00014
MED00018,8,curve_naive,0.00124
MED00019,8,curve_naive,0.00135
MED00020,8,curve_naive,0.00102
MED00021,8,curve_naive,0.00011
MED00022,8,curve_naive,-0.00584
MED00023,8,curve_naive,-0.0002
MED00024,8,curve_naive,-0.00064
MED00025,8,curve_naive,-0.01407
MED00026,8,curve_naive,0.00309
MED00027,8,curve_naive,-0.01465
MED00028,8,curve_naive,0.009
MED00029,8,curve_naive,0.00247
MED00030,8,curve_naive,0.00055
MED00031,8,curve_naive,-0.00204
MED00032,8,curve_naive,-0.00296
MED00033,8,curve_naive,0.00017
MED00034,8,curve_naive,0.00047
MED00035,8,curve_naive,0.00214
MED00036,8,curve_naive,0.00049
MED00037,8,curve_naive,0.00359
MED00038,8,curve_naive,0.00188
MED00039,8,curve_naive,-0.00473
MED00040,8,curve_naive,0.00557
MED00041,8,curve_naive,-0.00189
MED00042,8,curve_naive,-0.00347
MED00043,8,curve_naive,0.00803
MED00044,8,curve_naive,-0.00359
MED00045,8,curve_naive,-0.00077
MED00046,8,curve_naive,-0.00284
MED00047,8,curve_naive,0.00148
MED00048,8,curve_naive,0.00192
MED00049,8,curve_naive,-0.01087
MED00050,8,curve_naive,-0.00063
MED00051,8,curve_naive,-0.00391
MED00052,8,curve_naive,0.00719
MED00053,8,curve_naive,0.00158
MED00054,8,curve_naive,0.00694
MED00055,8,curve_naive,0.00347
MED00056,8,curve_naive,0.00175
MED00057,8,curve_naive,-0.0033
MED00059,8,curve_naive,0.00072
MED00060,8,curve_naive,-0.00128
MED00061,8,curve_naive,0.00513
MED00062,8,curve_naive,0.00126
MED00063,8,curve_naive,-0.00913
MED00064,8,curve_naive,0.00151
MED00065,8,curve_naive,0.00159
MED00066,8,curve_naive,0.00764
MED00067,8,curve_naive,-0.00092
MED00068,8,curve_naive,-0.00038
MED00069,8,curve_naive,-0.00345
MED00070,8,curve_naive,0.00166
MED00071,8,curve_naive,-0.00099
MED00072,8,curve_naive,-0.00018
MED00073,8,curve_naive,0.00019
MED00075,8,curve_naive,0.00126
MED00076,8,curve_naive,0.0005
MED00077,8,curve_naive,0.00022
MED00078,8,curve_naive,-0.00205
MED00079,8,curve_naive,0.0039
MED00080,8,curve_naive,-0.00057
MED00081,8,curve_naive,-0.00536
MED00082,8,curve_naive,-0.00065
MED00083,8,curve_naive,-0.00202
MED00084,8,curve_naive,0.00113
MED00085,8,curve_naive,-0.00101
MED00086,8,curve_naive,-0.0081
MED00087,8,curve_naive,-0.00067
MED00088,8,curve_naive,0.00202
MED00089,8,curve_naive,0.00248
MED00090,8,curve_naive,0.00018
MED00091,8,curve_naive,-0.00139
MED00092,8,curve_naive,-1e-04
MED00093,8,curve_naive,0.00195
MED00094,8,curve_naive,0.0101
MED00095,8,curve_naive,0.00147
MED00096,8,curve_naive,0.00188
MED00097,8,curve_naive,-0.01119
MED00098,8,curve_naive,0.00176
MED00099,8,curve_naive,-0.01475
MED00100,8,curve_naive,-0.00017
MED00101,8,curve_naive,0.00336
MED00102,8,curve_naive,-0.00024
MED00103,8,curve_naive,-0.00165
MED00104,8,curve_naive,0.00194
MED00105,8,curve_naive,0.00095
MED00106,8,curve_naive,-0.01129
MED00107,8,curve_naive,0.00173
MED00108,8,curve_naive,-0.00077
MED00109,8,curve_naive,-0.00463
MED00110,8,curve_naive,-0.00343
MED00111,8,curve_naive,0.0088
MED00114,8,curve_naive,0.00155
MED00115,8,curve_naive,-0.00073
MED00116,8,curve_naive,0.00035
MED00117,8,curve_naive,-0.00097
MED00118,8,curve_naive,-0.00322
MED00119,8,curve_naive,-0.0019
MED00120,8,curve_naive,0.00248
MED00121,8,curve_naive,0.00041
MED00122,8,curve_naive,-0.00334
MED00123,8,curve_naive,-0.00141
MED00124,8,curve_naive,0.0019
MED00125,8,curve_naive,0.00203
MED00126,8,curve_naive,-0.00405
MED00127,8,curve_naive,-0.00057
MED00128,8,curve_naive,-0.00178
MED00129,8,curve_naive,-0.00112
MED00130,8,curve_naive,-0.01077
MED00131,8,curve_naive,-0.00105
MED00132,8,curve_naive,-0.00537
MED00133,8,curve_naive,0.00061
MED00134,8,curve_naive,-0.00371
MED00135,8,curve_naive,0.00078
MED00136,8,curve_naive,0.00014
MED00137,8,curve_naive,0.00019
MED00138,8,curve_naive,-0.00162
MED00139,8,curve_naive,-0.00208
MED00140,8,curve_naive,-0.001
MED00141,8,curve_naive,-0.0009
MED00142,8,curve_naive,-0.00073
MED00143,8,curve_naive,-0.00045
MED00144,8,curve_naive,-0.00025
MED00145,8,curve_naive,0.0078
MED00146,8,curve_naive,-0.00079
MED00147,8,curve_naive,0.00153
MED00148,8,curve_naive,-0.00013
MED00149,8,curve_naive,0.00164
MED00150,8,curve_naive,-0.00111
MED00151,8,curve_naive,-0.00117
MED00152,8,curve_naive,-0.0004
MED00153,8,curve_naive,-0.00026
MED00154,8,curve_naive,0.00181
MED00155,8,curve_naive,-0.00086
MED00156,8,curve_naive,0.00072
MED00157,8,curve_naive,0.00255
MED00158,8,curve_naive,-0.00427
MED00159,8,curve_naive,0.00259
MED00160,8,curve_naive,0.00032
MED00161,8,curve_naive,0.00033
MED00162,8,curve_naive,-0.00082
MED00164,8,curve_naive,-0.00106
MED00165,8,curve_naive,0.00409
MED00166,8,curve_naive,-0.00109
MED00167,8,curve_naive,-0.00112
MED00168,8,curve_naive,-0.00076
MED00169,8,curve_naive,-0.00033
MED00170,8,curve_naive,0.00038
MED00171,8,curve_naive,-0.00059
MED00173,8,curve_naive,-0.00252
MED00174,8,curve_naive,-0.00126
MED00175,8,curve_naive,0.00173
MED00176,8,curve_naive,0.00202
MED00177,8,curve_naive,0.00192
MED00178,8,curve_naive,0.00296
MED00179,8,curve_naive,0.00139
MED00180,8,curve_naive,-0.0007
MED00181,8,curve_naive,0.0004
MED00182,8,curve_naive,-0.01987
MED00183,8,curve_naive,0.00199
MED00184,8,curve_naive,0.00098
MED00185,8,curve_naive,-0.00028
MED00186,8,curve_naive,-0.0018
MED00187,8,curve_naive,-0.00104
MED00188,8,curve_naive,0.00243
MED00189,8,curve_naive,-0.00816
MED00190,8,curve_naive,-0.00126
MED00191,8,curve_naive,0.00219
MED00192,8,curve_naive,-0.00266
MED00193,8,curve_naive,-0.00668
MED00194,8,curve_naive,0.00464
MED00195,8,curve_naive,0.00584
MED00196,8,curve_naive,0.00069
MED00197,8,curve_naive,0.0046
MED00198,8,curve_naive,-0.00124
MED00199,8,curve_naive,-0.0022
MED00200,8,curve_naive,-0.00112
MED00201,8,curve_naive,0.00017
MED00202,8,curve_naive,-0.0021
MED00203,8,curve_naive,0.0005
MED00204,8,curve_naive,-0.00243
MED00205,8,curve_naive,0.00099
MED00206,8,curve_naive,-0.00262
MED00207,8,curve_naive,-0.00202
MED00208,8,curve_naive,0.00214
MED00209,8,curve_naive,0.00115
MED00210,8,curve_naive,0.00087
MED00211,8,curve_naive,-0.00082
MED00212,8,curve_naive,-0.00055
MED00213,8,curve_naive,-0.00257
MED00214,8,curve_naive,0.00382
MED00215,8,curve_naive,0.00043
MED00216,8,curve_naive,-0.01164
MED00217,8,curve_naive,0.00095
MED00218,8,curve_naive,-0.00018
MED00219,8,curve_naive,0.00095
MED00220,8,curve_naive,0.00028
MED00221,8,curve_naive,-0.00129
MED00222,8,curve_naive,-0.00859
MED00223,8,curve_naive,-0.00025
MED00224,8,curve_naive,-0.00124
MED00225,8,curve_naive,0.00115
MED00226,8,curve_naive,-0.0042
MED00227,8,curve_naive,0.00372
MED00228,8,curve_naive,-0.0013
MED00229,8,curve_naive,-0.00336
MED00230,8,curve_naive,0.0012
MED00231,8,curve_naive,0.00052
MED00232,8,curve_naive,-0.0016
MED00233,8,curve_naive,0.00038
MED00235,8,curve_naive,0.00117
MED00236,8,curve_naive,-0.00037
MED00239,8,curve_naive,-0.00052
MED00240,8,curve_naive,-0.00052
MED00241,8,curve_naive,-0.00035
MED00242,8,curve_naive,0.00085
MED00243,8,curve_naive,-0.00281
MED00245,8,curve_naive,0.00094
MED00246,8,curve_naive,0.00176
MED00247,8,curve_naive,0.00246
MED00248,8,curve_naive,-0.00063
MED00249,8,curve_naive,0.00128
MED00250,8,curve_naive,0.00112
MED00251,8,curve_naive,0.0004
MED00252,8,curve_naive,0.00433
MED00253,8,curve_naive,0.00048
MED00254,8,curve_naive,0.0038
MED00255,8,curve_naive,-0.00334
MED00256,8,curve_naive,-0.00023
MED00257,8,curve_naive,-0.00081
MED00258,8,curve_naive,0.00335
MED00259,8,curve_naive,0.00092
MED00260,8,curve_naive,0.00329
MED00261,8,curve_naive,-0.00043
MED00263,8,curve_naive,0.00176
MED00264,8,curve_naive,-0.00435
MED00265,8,curve_naive,0.0038
MED00266,8,curve_naive,-0.00167
MED00267,8,curve_naive,0.00029
MED00268,8,curve_naive,0.00337
MED00269,8,curve_naive,-0.00064
MED00270,8,curve_naive,0.00132
MED00271,8,curve_naive,-0.00539
MED00272,8,curve_naive,-0.00016
MED00273,8,curve_naive,-0.00089
MED00274,8,curve_naive,-0.00146
MED00275,8,curve_naive,0.0044
MED00276,8,curve_naive,-0.00051
MED00277,8,curve_naive,-0.00627
MED00278,8,curve_naive,0.00393
MED00279,8,curve_naive,0.00095
MED00280,8,curve_naive,0.00055
MED00281,8,curve_naive,0.00207
MED00282,8,curve_naive,-0.00086
MED00283,8,curve_naive,-0.00179
MED00285,8,curve_naive,0.00161
MED00286,8,curve_naive,-0.00076
MED00287,8,curve_naive,0.00034
MED00288,8,curve_naive,0.00337
MED00289,8,curve_naive,-0.00515
MED00290,8,curve_naive,-0.00067
MED00291,8,curve_naive,0.00228
MED00292,8,curve_naive,-0.002
MED00293,8,curve_naive,0.00077
MED00294,8,curve_naive,-0.0059
MED00295,8,curve_naive,-0.01579
MED00296,8,curve_naive,-0.0002
MED00297,8,curve_naive,0.00098
MED00298,8,curve_naive,0.0042
MED00299,8,curve_naive,0.00244
MED00300,8,curve_naive,-0.00121
MED00302,8,curve_naive,0.00163
MED00303,8,curve_naive,-0.00193
MED00304,8,curve_naive,-0.00116
MED00305,8,curve_naive,-0.00176
MED00306,8,curve_naive,-0.01214
MED00307,8,curve_naive,0.00121
MED00308,8,curve_naive,0.00433
MED00309,8,curve_naive,-0.00089
MED00310,8,curve_naive,0.00017
MED00311,8,curve_naive,-0.00193
MED00312,8,curve_naive,-0.00161
MED00313,8,curve_naive,0.0006
MED00314,8,curve_naive,0.00364
MED00315,8,curve_naive,0.00374
MED00316,8,curve_naive,-0.00034
MED00317,8,curve_naive,-0.00203
MED00318,8,curve_naive,-0.00133
MED00319,8,curve_naive,0.00239
MED00320,8,curve_naive,-0.00272
MED00321,8,curve_naive,-0.00498
MED00322,8,curve_naive,-0.00881
MED00323,8,curve_naive,-0.00194
MED00324,8,curve_naive,0.00129
MED00325,8,curve_naive,-0.00032
MED00326,8,curve_naive,0.00192
MED00327,8,curve_naive,-0.00118
MED00328,8,curve_naive,0.00059
MED00329,8,curve_naive,0.00236
MED00330,8,curve_naive,-0.00052
MED00331,8,curve_naive,-0.00027
MED00332,8,curve_naive,0.00051
MED00333,8,curve_naive,0.00161
MED00334,8,curve_naive,-0.00207
MED00335,8,curve_naive,-0.00042
MED00336,8,curve_naive,0.00271
MED00337,8,curve_naive,0.00118
MED00338,8,curve_naive,-0.00455
MED00339,8,curve_naive,-0.00044
MED00340,8,curve_naive,0.00208
MED00341,8,curve_naive,0.00167
MED00342,8,curve_naive,-0.00035
MED00343,8,curve_naive,0.00241
MED00345,8,curve_naive,-0.01114
MED00346,8,curve_naive,-0.00131
MED00347,8,curve_naive,-0.00816
MED00348,8,curve_naive,-0.00078
MED00349,8,curve_naive,-0.00064
MED00350,8,curve_naive,0.0002
MED00351,8,curve_naive,-0.00372
MED00352,8,curve_naive,-0.00294
MED00353,8,curve_naive,-0.00291
MED00354,8,curve_naive,-1e-04
MED00356,8,curve_naive,-0.00013
MED00357,8,curve_naive,0.00235
MED00358,8,curve_naive,-0.00041
MED00359,8,curve_naive,-0.00258
MED00360,8,curve_naive,-0.00603
MED00361,8,curve_naive,0.00439
MED00362,8,curve_naive,0.00509
MED00363,8,curve_naive,-0.00039
MED00364,8,curve_naive,-0.00835
MED00365,8,curve_naive,-0.00047
MED00366,8,curve_naive,0.00431
MED00367,8,curve_naive,-0.00067
MED00368,8,curve_naive,0.00037
MED00369,8,curve_naive,-0.00061
MED00370,8,curve_naive,-0.00392
MED00371,8,curve_naive,0.00081
MED00372,8,curve_naive,0.00022
MED00373,8,curve_naive,0.00916
MED00374,8,curve_naive,-0.00296
MED00375,8,curve_naive,0.00128
MED00377,8,curve_naive,0.0012
MED00378,8,curve_naive,-0.00172
MED00379,8,curve_naive,0.00499
MED00380,8,curve_naive,-0.004
MED00382,8,curve_naive,-0.00012
MED00383,8,curve_naive,0.00169
MED00384,8,curve_naive,0.00071
MED00385,8,curve_naive,0.00171
MED00386,8,curve_naive,0.00165
MED00387,8,curve_naive,0.00124
MED00388,8,curve_naive,0.002
MED00389,8,curve_naive,0.00118
MED00390,8,curve_naive,0.0009
MED00391,8,curve_naive,0.00141
MED00392,8,curve_naive,0.00139
MED00393,8,curve_naive,0.00106
MED00394,8,curve_naive,0.00227
MED00395,8,curve_naive,0.00121
MED00396,8,curve_naive,0.00055
MED00397,8,curve_naive,0.00158
MED00398,8,curve_naive,0.00131
MED00399,8,curve_naive,0.00133
MED00400,8,curve_naive,0.00169
MED00401,8,curve_naive,0.00216
MED00402,8,curve_naive,-0.0086
MED00403,8,curve_naive,0.00138
MED00404,8,curve_naive,0.00183
MED00405,8,curve_naive,0.00041
MED00406,8,curve_naive,0.00149
MED00407,8,curve_naive,0.00036
MED00408,8,curve_naive,0.00113
MED00410,8,curve_naive,0.00069
MED00411,8,curve_naive,-0.00053
MED00412,8,curve_naive,0.00203
MED00413,8,curve_naive,0.00105
MED00414,8,curve_naive,0.00047
MED00415,8,curve_naive,0.00255
MED00416,8,curve_naive,0.00012
MED00417,8,curve_naive,-0.00013
MED00418,8,curve_naive,0.00114
MED00419,8,curve_naive,0.00106
MED00420,8,curve_naive,0.00131
MED00421,8,curve_naive,0.00084
MED00423,8,curve_naive,0.00194
MED00424,8,curve_naive,0.00117
MED00001,9,curve_naive,0.00193
MED00002,9,curve_naive,-0.00214
MED00003,9,curve_naive,-0.01106
MED00004,9,curve_naive,0.00081
MED00005,9,curve_naive,0.00162
MED00006,9,curve_naive,0.00115
MED00007,9,curve_naive,0.00047
MED00008,9,curve_naive,0.01077
MED00009,9,curve_naive,0.00057
MED00010,9,curve_naive,0.00118
MED00011,9,curve_naive,0.00117
MED00012,9,curve_naive,-0.00123
MED00013,9,curve_naive,0.00381
MED00014,9,curve_naive,0.00165
MED00015,9,curve_naive,0.01008
MED00016,9,curve_naive,0.00225
MED00017,9,curve_naive,0.00123
MED00018,9,curve_naive,0.00104
MED00019,9,curve_naive,0.00114
MED00020,9,curve_naive,0.00104
MED00022,9,curve_naive,-0.00481
MED00023,9,curve_naive,0.00076
MED00024,9,curve_naive,0.00038
MED00025,9,curve_naive,-0.01261
MED00026,9,curve_naive,0.00453
MED00027,9,curve_naive,-0.01318
MED00028,9,curve_naive,0.00942
MED00029,9,curve_naive,0.00191
MED00030,9,curve_naive,0.00163
MED00032,9,curve_naive,-0.00247
MED00033,9,curve_naive,0.00068
MED00034,9,curve_naive,0.0015
MED00035,9,curve_naive,0.00359
MED00036,9,curve_naive,0.00104
MED00037,9,curve_naive,0.00393
MED00038,9,curve_naive,0.00169
MED00039,9,curve_naive,-0.00321
MED00040,9,curve_naive,0.00613
MED00041,9,curve_naive,-0.00147
MED00042,9,curve_naive,-0.00082
MED00043,9,curve_naive,0.00852
MED00044,9,curve_naive,-0.00256
MED00045,9,curve_naive,0.0003
MED00046,9,curve_naive,-0.00154
MED00047,9,curve_naive,0.00097
MED00048,9,curve_naive,0.00174
MED00049,9,curve_naive,-0.01036
MED00050,9,curve_naive,0.00041
MED00051,9,curve_naive,-0.0035
MED00052,9,curve_naive,0.00768
MED00053,9,curve_naive,0.00164
MED00054,9,curve_naive,0.00623
MED00055,9,curve_naive,0.00505
MED00056,9,curve_naive,0.00225
MED00057,9,curve_naive,-0.00287
MED00058,9,curve_naive,0.00086
MED00059,9,curve_naive,0.00063
MED00060,9,curve_naive,-0.00016
MED00061,9,curve_naive,0.00554
MED00062,9,curve_naive,0.00051
MED00063,9,curve_naive,-0.0087
MED00064,9,curve_naive,0.00148
MED00065,9,curve_naive,0.00138
MED00066,9,curve_naive,0.00827
MED00067,9,curve_naive,-0.00098
MED00068,9,curve_naive,-0.00044
MED00069,9,curve_naive,-0.00245
MED00070,9,curve_naive,0.00147
MED00072,9,curve_naive,0.00072
MED00073,9,curve_naive,0.00013
MED00075,9,curve_naive,0.0011
MED00076,9,curve_naive,0.00088
MED00077,9,curve_naive,0.00036
MED00078,9,curve_naive,0.0005
MED00079,9,curve_naive,0.00396
MED00080,9,curve_naive,-0.00023
MED00081,9,curve_naive,-0.00495
MED00082,9,curve_naive,0.00038
MED00083,9,curve_naive,-0.00129
MED00084,9,curve_naive,0.00091
MED00085,9,curve_naive,-0.00107
MED00086,9,curve_naive,-0.00669
MED00087,9,curve_naive,0.00037
MED00088,9,curve_naive,0.00209
MED00089,9,curve_naive,0.00349
MED00090,9,curve_naive,0.00013
MED00091,9,curve_naive,-0.00036
MED00092,9,curve_naive,0.00093
MED00093,9,curve_naive,0.00342
MED00094,9,curve_naive,0.01158
MED00095,9,curve_naive,0.00141
MED00096,9,curve_naive,0.00193
MED00097,9,curve_naive,-0.00977
MED00098,9,curve_naive,0.00158
MED00099,9,curve_naive,-0.01328
MED00100,9,curve_naive,0.00021
MED00101,9,curve_naive,0.00317
MED00102,9,curve_naive,0.00021
MED00103,9,curve_naive,-0.00062
MED00104,9,curve_naive,0.00176
MED00105,9,curve_naive,0.00088
MED00106,9,curve_naive,-0.01087
MED00107,9,curve_naive,0.00153
MED00108,9,curve_naive,-0.00083
MED00109,9,curve_naive,-0.00325
MED00110,9,curve_naive,-0.00205
MED00111,9,curve_naive,0.00927
MED00113,9,curve_naive,0.00091
MED00114,9,curve_naive,0.00151
MED00115,9,curve_naive,0.0003
MED00116,9,curve_naive,0.00041
MED00118,9,curve_naive,-0.00219
MED00119,9,curve_naive,-0.00096
MED00120,9,curve_naive,0.00118
MED00121,9,curve_naive,0.00035
MED00122,9,curve_naive,-0.00339
MED00123,9,curve_naive,-0.00098
MED00124,9,curve_naive,0.00171
MED00125,9,curve_naive,0.0025
MED00126,9,curve_naive,-0.00261
MED00127,9,curve_naive,0.0012
MED00128,9,curve_naive,-0.00075
MED00129,9,curve_naive,-0.00019
MED00130,9,curve_naive,-0.01037
MED00132,9,curve_naive,-0.00494
MED00133,9,curve_naive,0.00103
MED00134,9,curve_naive,-0.00227
MED00135,9,curve_naive,0.00179
MED00136,9,curve_naive,0.0006
MED00137,9,curve_naive,0.0013
MED00138,9,curve_naive,-0.00059
MED00139,9,curve_naive,-0.00094
MED00141,9,curve_naive,-0.00057
MED00142,9,curve_naive,0.00065
MED00143,9,curve_naive,0.00064
MED00145,9,curve_naive,0.00845
MED00146,9,curve_naive,0.00062
MED00147,9,curve_naive,0.00332
MED00148,9,curve_naive,0.001
MED00149,9,curve_naive,0.00159
MED00151,9,curve_naive,-0.00014
MED00152,9,curve_naive,0.00064
MED00153,9,curve_naive,0.00037
MED00154,9,curve_naive,0.00187
MED00155,9,curve_naive,0.00017
MED00156,9,curve_naive,0.00132
MED00157,9,curve_naive,0.00236
MED00158,9,curve_naive,-0.0028
MED00159,9,curve_naive,0.00261
MED00160,9,curve_naive,0.00026
MED00161,9,curve_naive,0.00067
MED00162,9,curve_naive,0.00021
MED00163,9,curve_naive,0.00048
MED00165,9,curve_naive,0.0028
MED00167,9,curve_naive,-0.00128
MED00168,9,curve_naive,0.00038
MED00169,9,curve_naive,0.0007
MED00170,9,curve_naive,0.00141
MED00171,9,curve_naive,0.00044
MED00173,9,curve_naive,-0.00148
MED00174,9,curve_naive,-0.00189
MED00175,9,curve_naive,0.00321
MED00176,9,curve_naive,0.00204
MED00177,9,curve_naive,0.00339
MED00178,9,curve_naive,0.00341
MED00179,9,curve_naive,0.00187
MED00180,9,curve_naive,0.00024
MED00181,9,curve_naive,0.00034
MED00182,9,curve_naive,-0.0184
MED00183,9,curve_naive,0.00297
MED00184,9,curve_naive,0.00078
MED00185,9,curve_naive,0.00055
MED00186,9,curve_naive,-0.00076
MED00187,9,curve_naive,0.00072
MED00188,9,curve_naive,0.00237
MED00189,9,curve_naive,-0.0077
MED00190,9,curve_naive,-0.00132
MED00191,9,curve_naive,0.002
MED00192,9,curve_naive,-0.00232
MED00193,9,curve_naive,-0.00626
MED00194,9,curve_naive,0.00367
MED00195,9,curve_naive,0.00543
MED00196,9,curve_naive,0.00156
MED00197,9,curve_naive,0.00405
MED00198,9,curve_naive,-0.00021
MED00199,9,curve_naive,-0.00085
MED00201,9,curve_naive,-0.00032
MED00202,9,curve_naive,-0.00116
MED00203,9,curve_naive,0.00154
MED00204,9,curve_naive,-0.00149
MED00205,9,curve_naive,0.00091
MED00206,9,curve_naive,-0.0016
MED00207,9,curve_naive,-0.00099
MED00208,9,curve_naive,0.00206
MED00209,9,curve_naive,0.00119
MED00210,9,curve_naive,0.00254
MED00211,9,curve_naive,0.00022
MED00212,9,curve_naive,0.00134
MED00213,9,curve_naive,-0.00113
MED00214,9,curve_naive,0.00364
MED00215,9,curve_naive,0.00147
MED00216,9,curve_naive,-0.01114
MED00217,9,curve_naive,0.00133
MED00218,9,curve_naive,-0.00024
MED00219,9,curve_naive,0.00106
MED00220,9,curve_naive,0.00021
MED00221,9,curve_naive,-0.00029
MED00222,9,curve_naive,-0.00721
MED00224,9,curve_naive,-0.0003
MED00225,9,curve_naive,0.00149
MED00226,9,curve_naive,-0.00278
MED00227,9,curve_naive,0.00387
MED00228,9,curve_naive,0.00049
MED00229,9,curve_naive,-0.00192
MED00230,9,curve_naive,0.00116
MED00231,9,curve_naive,0.00155
MED00232,9,curve_naive,-0.00047
MED00233,9,curve_naive,0.0008
MED00234,9,curve_naive,0.00089
MED00235,9,curve_naive,0.0011
MED00236,9,curve_naive,0.00067
MED00237,9,curve_naive,0.00116
MED00238,9,curve_naive,0.00096
MED00239,9,curve_naive,-0.00057
MED00240,9,curve_naive,-0.00018
MED00241,9,curve_naive,0.00073
MED00242,9,curve_naive,0.00033
MED00243,9,curve_naive,-0.0021
MED00244,9,curve_naive,0.00096
MED00245,9,curve_naive,0.00084
MED00246,9,curve_naive,0.00157
MED00247,9,curve_naive,0.00227
MED00248,9,curve_naive,0.00112
MED00249,9,curve_naive,0.00131
MED00250,9,curve_naive,0.00071
MED00251,9,curve_naive,0.00034
MED00252,9,curve_naive,0.00571
MED00253,9,curve_naive,0.00042
MED00254,9,curve_naive,0.00524
MED00255,9,curve_naive,-0.00226
MED00256,9,curve_naive,0.0006
MED00257,9,curve_naive,-0.00047
MED00258,9,curve_naive,0.00319
MED00259,9,curve_naive,0.00086
MED00260,9,curve_naive,0.0038
MED00263,9,curve_naive,0.00172
MED00264,9,curve_naive,-0.00292
MED00265,9,curve_naive,0.00361
MED00266,9,curve_naive,-0.00048
MED00267,9,curve_naive,0.00023
MED00268,9,curve_naive,0.00331
MED00269,9,curve_naive,0.00039
MED00270,9,curve_naive,0.00126
MED00271,9,curve_naive,-0.00545
MED00272,9,curve_naive,0.00052
MED00273,9,curve_naive,0.00091
MED00274,9,curve_naive,-0.00103
MED00275,9,curve_naive,0.00369
MED00276,9,curve_naive,0.00053
MED00277,9,curve_naive,-0.0058
MED00278,9,curve_naive,0.00375
MED00279,9,curve_naive,0.00092
MED00280,9,curve_naive,0.00094
MED00281,9,curve_naive,0.00156
MED00282,9,curve_naive,0.00112
MED00283,9,curve_naive,-0.00205
MED00284,9,curve_naive,0.001
MED00285,9,curve_naive,0.00141
MED00286,9,curve_naive,-0.00032
MED00287,9,curve_naive,0.00028
MED00288,9,curve_naive,0.00274
MED00289,9,curve_naive,-0.00442
MED00290,9,curve_naive,0.00036
MED00291,9,curve_naive,-0.00111
MED00292,9,curve_naive,-0.00262
MED00293,9,curve_naive,-0.00024
MED00294,9,curve_naive,-0.00489
MED00295,9,curve_naive,-0.01433
MED00296,9,curve_naive,0.00014
MED00297,9,curve_naive,0.00079
MED00298,9,curve_naive,0.00413
MED00299,9,curve_naive,0.00293
MED00300,9,curve_naive,-0.00025
MED00301,9,curve_naive,0.0003
MED00302,9,curve_naive,0.00192
MED00303,9,curve_naive,-0.00141
MED00304,9,curve_naive,-0.00083
MED00305,9,curve_naive,-0.00074
MED00306,9,curve_naive,-0.01066
MED00307,9,curve_naive,0.00127
MED00308,9,curve_naive,0.00476
MED00309,9,curve_naive,0.00015
MED00310,9,curve_naive,0.002
MED00311,9,curve_naive,-0.00065
MED00312,9,curve_naive,-0.00125
MED00313,9,curve_naive,0.0023
MED00314,9,curve_naive,0.00472
MED00315,9,curve_naive,0.00355
MED00316,9,curve_naive,0.00076
MED00317,9,curve_naive,-0.00099
MED00318,9,curve_naive,-0.001
MED00319,9,curve_naive,0.0022
MED00320,9,curve_naive,-0.00258
MED00321,9,curve_naive,-0.00514
MED00322,9,curve_naive,-0.0083
MED00323,9,curve_naive,-0.00149
MED00324,9,curve_naive,0.00306
MED00326,9,curve_naive,0.00173
MED00328,9,curve_naive,0.00093
MED00329,9,curve_naive,0.00218
MED00330,9,curve_naive,-0.00018
MED00331,9,curve_naive,0.00077
MED00332,9,curve_naive,0.00045
MED00333,9,curve_naive,0.00191
MED00334,9,curve_naive,-0.00192
MED00335,9,curve_naive,-0.00049
MED00336,9,curve_naive,0.00252
MED00337,9,curve_naive,0.00095
MED00338,9,curve_naive,0.00108
MED00339,9,curve_naive,0.00055
MED00340,9,curve_naive,0.00345
MED00341,9,curve_naive,0.00159
MED00342,9,curve_naive,0.00068
MED00343,9,curve_naive,0.00222
MED00344,9,curve_naive,0.00083
MED00345,9,curve_naive,-0.01063
MED00346,9,curve_naive,-0.00024
MED00347,9,curve_naive,-0.00767
MED00348,9,curve_naive,0.00024
MED00349,9,curve_naive,0.0004
MED00350,9,curve_naive,0.00161
MED00351,9,curve_naive,-0.00324
MED00352,9,curve_naive,-0.00151
MED00353,9,curve_naive,-0.00243
MED00354,9,curve_naive,0.00136
MED00355,9,curve_naive,-0.00028
MED00356,9,curve_naive,0.0009
MED00357,9,curve_naive,0.00272
MED00358,9,curve_naive,0.00143
MED00359,9,curve_naive,-0.00155
MED00360,9,curve_naive,-0.00813
MED00361,9,curve_naive,0.004
MED00362,9,curve_naive,0.00499
MED00363,9,curve_naive,0.00064
MED00364,9,curve_naive,-0.00791
MED00365,9,curve_naive,0.00057
MED00366,9,curve_naive,0.00413
MED00367,9,curve_naive,0.00036
MED00368,9,curve_naive,0.00031
MED00369,9,curve_naive,-0.00026
MED00370,9,curve_naive,-0.00349
MED00371,9,curve_naive,0.00183
MED00372,9,curve_naive,0.00095
MED00373,9,curve_naive,0.00955
MED00374,9,curve_naive,-0.00114
MED00375,9,curve_naive,0.00135
MED00376,9,curve_naive,0.00096
MED00377,9,curve_naive,0.00164
MED00378,9,curve_naive,-0.00069
MED00379,9,curve_naive,0.0055
MED00380,9,curve_naive,-0.00261
MED00381,9,curve_naive,0.00058
MED00382,9,curve_naive,0.00318
MED00383,9,curve_naive,0.001
MED00384,9,curve_naive,0.00174
MED00385,9,curve_naive,0.00152
MED00386,9,curve_naive,0.00157
MED00387,9,curve_naive,0.00106
MED00388,9,curve_naive,0.00089
MED00389,9,curve_naive,0.00099
MED00390,9,curve_naive,0.0007
MED00391,9,curve_naive,0.00083
MED00392,9,curve_naive,0.00074
MED00393,9,curve_naive,0.00038
MED00394,9,curve_naive,0.00156
MED00395,9,curve_naive,0.00055
MED00396,9,curve_naive,-0.00011
MED00397,9,curve_naive,0.00138
MED00398,9,curve_naive,0.00112
MED00399,9,curve_naive,0.00112
MED00400,9,curve_naive,0.00073
MED00401,9,curve_naive,0.00202
MED00402,9,curve_naive,-0.01122
MED00403,9,curve_naive,0.0013
MED00404,9,curve_naive,0.0009
MED00405,9,curve_naive,0.00023
MED00406,9,curve_naive,0.00131
MED00407,9,curve_naive,0.00013
MED00408,9,curve_naive,0.00104
MED00409,9,curve_naive,-0.00064
MED00410,9,curve_naive,0.00014
MED00411,9,curve_naive,-0.0011
MED00412,9,curve_naive,0.00154
MED00413,9,curve_naive,0.00134
MED00414,9,curve_naive,-0.00053
MED00415,9,curve_naive,0.00297
MED00416,9,curve_naive,-0.00075
MED00417,9,curve_naive,-0.00067
MED00418,9,curve_naive,0.00059
MED00419,9,curve_naive,0.00052
MED00420,9,curve_naive,0.0012
MED00421,9,curve_naive,0.0008
MED00422,9,curve_naive,-0.00086
MED00423,9,curve_naive,0.00132
MED00424,9,curve_naive,0.00107
MED00001,10,curve_naive,0.00202
MED00002,10,curve_naive,-0.00078
MED00003,10,curve_naive,-0.01117
MED00004,10,curve_naive,0.00103
MED00005,10,curve_naive,0.00185
MED00006,10,curve_naive,0.00114
MED00007,10,curve_naive,0.00045
MED00008,10,curve_naive,0.01217
MED00009,10,curve_naive,0.00056
MED00010,10,curve_naive,-0.00102
MED00011,10,curve_naive,0.00132
MED00012,10,curve_naive,-0.00125
MED00013,10,curve_naive,0.00363
MED00014,10,curve_naive,0.00177
MED00015,10,curve_naive,0.0117
MED00016,10,curve_naive,0.00218
MED00017,10,curve_naive,0.00112
MED00018,10,curve_naive,0.00119
MED00019,10,curve_naive,0.00122
MED00020,10,curve_naive,0.00094
MED00022,10,curve_naive,-0.0048
MED00023,10,curve_naive,0.00077
MED00024,10,curve_naive,0.00037
MED00025,10,curve_naive,-0.01268
MED00026,10,curve_naive,0.00453
MED00027,10,curve_naive,-0.01325
MED00028,10,curve_naive,0.01107
MED00029,10,curve_naive,0.00193
MED00030,10,curve_naive,0.00153
MED00032,10,curve_naive,-0.00458
MED00033,10,curve_naive,0.00091
MED00034,10,curve_naive,0.0016
MED00035,10,curve_naive,0.00604
MED00036,10,curve_naive,0.00107
MED00037,10,curve_naive,-0.0003
MED00038,10,curve_naive,0.00178
MED00039,10,curve_naive,-0.00299
MED00040,10,curve_naive,0.00651
MED00041,10,curve_naive,-0.00122
MED00042,10,curve_naive,-0.00293
MED00043,10,curve_naive,0.00852
MED00044,10,curve_naive,-0.00257
MED00045,10,curve_naive,0.00028
MED00046,10,curve_naive,-0.00151
MED00047,10,curve_naive,0.00103
MED00048,10,curve_naive,0.00182
MED00049,10,curve_naive,-0.01044
MED00050,10,curve_naive,0.00038
MED00051,10,curve_naive,-0.00358
MED00052,10,curve_naive,0.00764
MED00053,10,curve_naive,0.00101
MED00054,10,curve_naive,0.00458
MED00055,10,curve_naive,0.005
MED00056,10,curve_naive,0.00372
MED00057,10,curve_naive,-0.00265
MED00058,10,curve_naive,0.00084
MED00059,10,curve_naive,0.00362
MED00060,10,curve_naive,-0.00235
MED00061,10,curve_naive,0.00637
MED00062,10,curve_naive,0.00332
MED00063,10,curve_naive,-0.00877
MED00064,10,curve_naive,0.00176
MED00065,10,curve_naive,0.00137
MED00066,10,curve_naive,0.00964
MED00067,10,curve_naive,-0.001
MED00068,10,curve_naive,0.00091
MED00069,10,curve_naive,-0.00247
MED00070,10,curve_naive,0.00166
MED00072,10,curve_naive,0.00081
MED00074,10,curve_naive,-1e-04
MED00075,10,curve_naive,0.00106
MED00076,10,curve_naive,0.00227
MED00077,10,curve_naive,0.00025
MED00078,10,curve_naive,0.00041
MED00079,10,curve_naive,0.00404
MED00080,10,curve_naive,-0.00022
MED00081,10,curve_naive,-0.00495
MED00082,10,curve_naive,0.0004
MED00083,10,curve_naive,-0.0013
MED00084,10,curve_naive,0.00098
MED00085,10,curve_naive,-0.00098
MED00086,10,curve_naive,-0.00679
MED00087,10,curve_naive,0.00035
MED00088,10,curve_naive,0.00216
MED00089,10,curve_naive,0.0035
MED00091,10,curve_naive,-0.00034
MED00092,10,curve_naive,0.00098
MED00093,10,curve_naive,0.00486
MED00094,10,curve_naive,0.01162
MED00095,10,curve_naive,0.0014
MED00096,10,curve_naive,0.00202
MED00097,10,curve_naive,-0.00987
MED00098,10,curve_naive,0.00164
MED00099,10,curve_naive,-0.01336
MED00100,10,curve_naive,0.00021
MED00101,10,curve_naive,0.00307
MED00102,10,curve_naive,-0.00045
MED00103,10,curve_naive,-0.00065
MED00104,10,curve_naive,0.00183
MED00105,10,curve_naive,0.00093
MED00106,10,curve_naive,-0.01097
MED00107,10,curve_naive,0.00159
MED00108,10,curve_naive,-0.00089
MED00109,10,curve_naive,-0.0031
MED00110,10,curve_naive,-0.0019
MED00111,10,curve_naive,0.00949
MED00112,10,curve_naive,-0.00011
MED00113,10,curve_naive,0.00097
MED00114,10,curve_naive,0.00146
MED00115,10,curve_naive,0.00029
MED00116,10,curve_naive,0.00059
MED00118,10,curve_naive,-0.0021
MED00119,10,curve_naive,-0.00097
MED00120,10,curve_naive,0.00117
MED00121,10,curve_naive,0.00033
MED00122,10,curve_naive,-0.00368
MED00123,10,curve_naive,-0.00074
MED00124,10,curve_naive,0.00176
MED00125,10,curve_naive,0.0025
MED00126,10,curve_naive,-0.00248
MED00127,10,curve_naive,0.00078
MED00128,10,curve_naive,-0.00076
MED00129,10,curve_naive,-0.00021
MED00130,10,curve_naive,-0.01049
MED00132,10,curve_naive,-0.00477
MED00133,10,curve_naive,0.00125
MED00134,10,curve_naive,-0.00214
MED00135,10,curve_naive,0.00177
MED00136,10,curve_naive,0.00087
MED00137,10,curve_naive,-0.00084
MED00138,10,curve_naive,-0.00061
MED00139,10,curve_naive,-0.00097
MED00141,10,curve_naive,-0.00066
MED00142,10,curve_naive,0.00062
MED00143,10,curve_naive,0.00063
MED00145,10,curve_naive,0.00972
MED00146,10,curve_naive,0.00068
MED00147,10,curve_naive,0.0012
MED00148,10,curve_naive,-0.00125
MED00149,10,curve_naive,0.0005
MED00151,10,curve_naive,-0.00016
MED00152,10,curve_naive,0.00054
MED00153,10,curve_naive,0.00034
MED00154,10,curve_naive,0.0018
MED00155,10,curve_naive,0.00016
MED00156,10,curve_naive,-0.00134
MED00157,10,curve_naive,0.00224
MED00158,10,curve_naive,-0.0028
MED00159,10,curve_naive,0.00266
MED00160,10,curve_naive,0.00016
MED00161,10,curve_naive,0.00056
MED00162,10,curve_naive,0.00022
MED00163,10,curve_naive,0.00048
MED00164,10,curve_naive,-0.00251
MED00165,10,curve_naive,0.00455
MED00167,10,curve_naive,-0.00122
MED00168,10,curve_naive,0.00036
MED00169,10,curve_naive,0.00069
MED00170,10,curve_naive,0.00146
MED00171,10,curve_naive,0.00043
MED00173,10,curve_naive,-0.0015
MED00174,10,curve_naive,-0.00201
MED00175,10,curve_naive,0.00339
MED00176,10,curve_naive,0.0021
MED00177,10,curve_naive,0.00339
MED00178,10,curve_naive,0.00484
MED00179,10,curve_naive,0.00207
MED00180,10,curve_naive,0.00023
MED00181,10,curve_naive,0.00023
MED00182,10,curve_naive,-0.01847
MED00183,10,curve_naive,0.003
MED00184,10,curve_naive,0.00055
MED00185,10,curve_naive,0.00054
MED00186,10,curve_naive,-0.00077
MED00187,10,curve_naive,0.00064
MED00188,10,curve_naive,0.00109
MED00189,10,curve_naive,-0.00777
MED00190,10,curve_naive,-0.00135
MED00191,10,curve_naive,0.00206
MED00192,10,curve_naive,-0.00232
MED00193,10,curve_naive,-0.00636
MED00194,10,curve_naive,0.00339
MED00195,10,curve_naive,0.00677
MED00196,10,curve_naive,-0.00063
MED00197,10,curve_naive,0.00331
MED00198,10,curve_naive,-0.00022
MED00199,10,curve_naive,-0.00091
MED00200,10,curve_naive,-0.00012
MED00201,10,curve_naive,-0.00121
MED00202,10,curve_naive,-0.00157
MED00203,10,curve_naive,0.00163
MED00204,10,curve_naive,-0.0015
MED00205,10,curve_naive,0.00097
MED00206,10,curve_naive,-0.0013
MED00207,10,curve_naive,-0.001
MED00208,10,curve_naive,0.00212
MED00209,10,curve_naive,0.00017
MED00210,10,curve_naive,0.00265
MED00211,10,curve_naive,0.00019
MED00212,10,curve_naive,0.00137
MED00213,10,curve_naive,-0.00099
MED00214,10,curve_naive,0.00359
MED00215,10,curve_naive,0.00145
MED00216,10,curve_naive,-0.01123
MED00217,10,curve_naive,0.00272
MED00218,10,curve_naive,-0.00036
MED00219,10,curve_naive,0.00112
MED00220,10,curve_naive,0.00045
MED00221,10,curve_naive,-0.00028
MED00222,10,curve_naive,-0.00731
MED00223,10,curve_naive,-0.00036
MED00224,10,curve_naive,-0.00031
MED00225,10,curve_naive,0.00125
MED00226,10,curve_naive,-0.0028
MED00227,10,curve_naive,0.00212
MED00228,10,curve_naive,0.0005
MED00229,10,curve_naive,-0.00179
MED00230,10,curve_naive,0.00122
MED00231,10,curve_naive,0.00163
MED00232,10,curve_naive,-0.00049
MED00233,10,curve_naive,0.00101
MED00234,10,curve_naive,0.00098
MED00235,10,curve_naive,0.00117
MED00236,10,curve_naive,0.00032
MED00237,10,curve_naive,0.00091
MED00238,10,curve_naive,0.00094
MED00239,10,curve_naive,-0.00067
MED00240,10,curve_naive,-0.00028
MED00241,10,curve_naive,0.00071
MED00242,10,curve_naive,0.00148
MED00243,10,curve_naive,-0.00074
MED00244,10,curve_naive,0.00094
MED00245,10,curve_naive,0.00123
MED00246,10,curve_naive,0.0015
MED00247,10,curve_naive,0.00236
MED00248,10,curve_naive,0.00121
MED00249,10,curve_naive,0.00141
MED00250,10,curve_naive,0.00071
MED00251,10,curve_naive,0.00033
MED00252,10,curve_naive,0.0057
MED00253,10,curve_naive,0.00037
MED00254,10,curve_naive,0.00522
MED00255,10,curve_naive,-0.00237
MED00256,10,curve_naive,0.00059
MED00257,10,curve_naive,-0.00067
MED00258,10,curve_naive,0.00318
MED00259,10,curve_naive,0.00095
MED00260,10,curve_naive,0.00415
MED00261,10,curve_naive,0.00029
MED00262,10,curve_naive,0.00136
MED00263,10,curve_naive,0.00144
MED00264,10,curve_naive,-0.00279
MED00265,10,curve_naive,0.00355
MED00266,10,curve_naive,-0.00061
MED00267,10,curve_naive,0.00021
MED00268,10,curve_naive,-0.00038
MED00269,10,curve_naive,0.00029
MED00270,10,curve_naive,0.00099
MED00271,10,curve_naive,-0.00524
MED00272,10,curve_naive,0.00042
MED00273,10,curve_naive,0.0008
MED00274,10,curve_naive,-0.00079
MED00275,10,curve_naive,0.00374
MED00276,10,curve_naive,0.00051
MED00277,10,curve_naive,-0.00588
MED00278,10,curve_naive,0.0037
MED00279,10,curve_naive,0.00089
MED00280,10,curve_naive,0.00225
MED00281,10,curve_naive,0.00164
MED00282,10,curve_naive,0.00109
MED00283,10,curve_naive,-0.00205
MED00284,10,curve_naive,0.00109
MED00285,10,curve_naive,0.00147
MED00286,10,curve_naive,-0.00253
MED00287,10,curve_naive,0.00027
MED00288,10,curve_naive,0.00287
MED00289,10,curve_naive,-0.00469
MED00290,10,curve_naive,0.00034
MED00291,10,curve_naive,-0.00111
MED00292,10,curve_naive,-0.00474
MED00293,10,curve_naive,-0.00033
MED00294,10,curve_naive,-0.00491
MED00295,10,curve_naive,-0.01441
MED00297,10,curve_naive,0.00085
MED00298,10,curve_naive,0.00414
MED00299,10,curve_naive,0.00291
MED00300,10,curve_naive,-0.00027
MED00301,10,curve_naive,0.00018
MED00302,10,curve_naive,0.00164
MED00303,10,curve_naive,-0.0015
MED00304,10,curve_naive,-0.00081
MED00305,10,curve_naive,-0.00076
MED00306,10,curve_naive,-0.0097
MED00307,10,curve_naive,0.00135
MED00308,10,curve_naive,0.00541
MED00309,10,curve_naive,0.00013
MED00310,10,curve_naive,-0.00023
MED00311,10,curve_naive,-0.00067
MED00312,10,curve_naive,-0.00097
MED00313,10,curve_naive,0.00253
MED00314,10,curve_naive,0.00469
MED00315,10,curve_naive,0.00351
MED00316,10,curve_naive,0.00074
MED00317,10,curve_naive,-0.00102
MED00318,10,curve_naive,-0.00101
MED00319,10,curve_naive,0.00228
MED00320,10,curve_naive,-0.0026
MED00321,10,curve_naive,-0.01036
MED00322,10,curve_naive,-0.00838
MED00323,10,curve_naive,-0.00145
MED00324,10,curve_naive,0.00308
MED00326,10,curve_naive,0.00179
MED00328,10,curve_naive,0.00069
MED00329,10,curve_naive,0.00227
MED00330,10,curve_naive,-0.0003
MED00331,10,curve_naive,0.00083
MED00332,10,curve_naive,0.00043
MED00333,10,curve_naive,0.00157
MED00334,10,curve_naive,-0.00214
MED00335,10,curve_naive,0.00111
MED00336,10,curve_naive,0.0026
MED00337,10,curve_naive,0.00108
MED00338,10,curve_naive,0.00107
MED00339,10,curve_naive,0.00054
MED00340,10,curve_naive,0.00369
MED00341,10,curve_naive,0.00166
MED00342,10,curve_naive,0.00069
MED00343,10,curve_naive,0.0023
MED00344,10,curve_naive,-0.00157
MED00345,10,curve_naive,-0.01074
MED00346,10,curve_naive,-0.00026
MED00347,10,curve_naive,-0.00776
MED00348,10,curve_naive,0.00023
MED00349,10,curve_naive,0.00038
MED00350,10,curve_naive,0.0021
MED00351,10,curve_naive,-0.0031
MED00352,10,curve_naive,-0.00137
MED00353,10,curve_naive,-0.00229
MED00354,10,curve_naive,0.00159
MED00355,10,curve_naive,-0.00022
MED00356,10,curve_naive,0.00096
MED00357,10,curve_naive,0.00408
MED00358,10,curve_naive,-0.00067
MED00359,10,curve_naive,-0.00153
MED00360,10,curve_naive,-0.00474
MED00361,10,curve_naive,0.00396
MED00362,10,curve_naive,0.00474
MED00363,10,curve_naive,0.00063
MED00364,10,curve_naive,-0.00799
MED00365,10,curve_naive,0.00054
MED00366,10,curve_naive,0.00406
MED00367,10,curve_naive,0.00033
MED00369,10,curve_naive,-0.00038
MED00370,10,curve_naive,-0.00335
MED00371,10,curve_naive,0.00189
MED00372,10,curve_naive,0.00095
MED00373,10,curve_naive,0.00953
MED00374,10,curve_naive,-0.00454
MED00375,10,curve_naive,0.00141
MED00376,10,curve_naive,0.00094
MED00377,10,curve_naive,0.00164
MED00378,10,curve_naive,-0.00071
MED00379,10,curve_naive,0.0059
MED00380,10,curve_naive,-0.00245
MED00381,10,curve_naive,0.0008
MED00382,10,curve_naive,0.00103
MED00383,10,curve_naive,0.00088
MED00384,10,curve_naive,0.00174
MED00385,10,curve_naive,0.00158
MED00386,10,curve_naive,0.00166
MED00387,10,curve_naive,0.00113
MED00388,10,curve_naive,0.00145
MED00389,10,curve_naive,0.00109
MED00390,10,curve_naive,0.00081
MED00391,10,curve_naive,0.00073
MED00392,10,curve_naive,0.00083
MED00393,10,curve_naive,0.00046
MED00394,10,curve_naive,0.00161
MED00395,10,curve_naive,0.00079
MED00396,10,curve_naive,0.0017
MED00397,10,curve_naive,0.00146
MED00398,10,curve_naive,0.00127
MED00399,10,curve_naive,0.0013
MED00400,10,curve_naive,0.00093
MED00401,10,curve_naive,0.00212
MED00402,10,curve_naive,-0.0092
MED00403,10,curve_naive,0.00135
MED00404,10,curve_naive,0.00079
MED00405,10,curve_naive,0.00028
MED00406,10,curve_naive,0.0014
MED00407,10,curve_naive,0.00037
MED00408,10,curve_naive,0.00105
MED00409,10,curve_naive,-0.00063
MED00411,10,curve_naive,0.00065
MED00412,10,curve_naive,0.00309
MED00413,10,curve_naive,0.00329
MED00414,10,curve_naive,0.00122
MED00415,10,curve_naive,0.00439
MED00416,10,curve_naive,0.00098
MED00417,10,curve_naive,-0.00149
MED00418,10,curve_naive,0.00028
MED00419,10,curve_naive,0.00055
MED00420,10,curve_naive,0.00128
MED00421,10,curve_naive,0.00093
MED00422,10,curve_naive,0.00087
MED00423,10,curve_naive,0.00146
MED00424,10,curve_naive,0.0013
MED00001,11,curve_naive,0.00202
MED00002,11,curve_naive,-0.00083
MED00003,11,curve_naive,-0.01109
MED00004,11,curve_naive,0.0007
MED00005,11,curve_naive,0.00153
MED00006,11,curve_naive,0.00124
MED00007,11,curve_naive,0.00053
MED00008,11,curve_naive,0.01218
MED00009,11,curve_naive,0.00065
MED00010,11,curve_naive,0.00068
MED00011,11,curve_naive,0.00103
MED00012,11,curve_naive,-0.00114
MED00013,11,curve_naive,0.00356
MED00014,11,curve_naive,0.00169
MED00015,11,curve_naive,0.01148
MED00016,11,curve_naive,0.00219
MED00017,11,curve_naive,0.00122
MED00018,11,curve_naive,0.00109
MED00019,11,curve_naive,0.00112
MED00020,11,curve_naive,0.00101
MED00021,11,curve_naive,0.0003
MED00022,11,curve_naive,-0.00346
MED00023,11,curve_naive,0.00096
MED00024,11,curve_naive,0.00057
MED00025,11,curve_naive,-0.01306
MED00026,11,curve_naive,0.00421
MED00027,11,curve_naive,-0.01355
MED00028,11,curve_naive,0.01113
MED00029,11,curve_naive,0.00192
MED00030,11,curve_naive,0.00291
MED00031,11,curve_naive,0.00136
MED00032,11,curve_naive,-0.00332
MED00033,11,curve_naive,0.00102
MED00034,11,curve_naive,0.00106
MED00035,11,curve_naive,0.00572
MED00036,11,curve_naive,0.00131
MED00037,11,curve_naive,0.00229
MED00038,11,curve_naive,0.00182
MED00039,11,curve_naive,-0.00234
MED00040,11,curve_naive,0.0065
MED00041,11,curve_naive,-0.00012
MED00042,11,curve_naive,-0.0006
MED00043,11,curve_naive,0.00859
MED00044,11,curve_naive,-0.00238
MED00045,11,curve_naive,0.00032
MED00047,11,curve_naive,0.00105
MED00048,11,curve_naive,0.00185
MED00049,11,curve_naive,-0.01035
MED00050,11,curve_naive,0.00046
MED00051,11,curve_naive,-0.00354
MED00052,11,curve_naive,0.00771
MED00053,11,curve_naive,0.0011
MED00054,11,curve_naive,0.00425
MED00055,11,curve_naive,0.00467
MED00056,11,curve_naive,0.00379
MED00057,11,curve_naive,-0.00241
MED00058,11,curve_naive,0.00095
MED00059,11,curve_naive,0.00245
MED00060,11,curve_naive,-0.00052
MED00061,11,curve_naive,0.00649
MED00062,11,curve_naive,0.00189
MED00063,11,curve_naive,-0.00872
MED00064,11,curve_naive,0.00173
MED00065,11,curve_naive,0.00101
MED00066,11,curve_naive,0.00945
MED00067,11,curve_naive,-0.00101
MED00068,11,curve_naive,0.00103
MED00069,11,curve_naive,-0.00226
MED00070,11,curve_naive,0.00167
MED00072,11,curve_naive,0.0009
MED00073,11,curve_naive,0.00027
MED00075,11,curve_naive,0.00114
MED00076,11,curve_naive,0.00222
MED00077,11,curve_naive,0.00038
MED00078,11,curve_naive,0.00053
MED00079,11,curve_naive,0.00406
MED00080,11,curve_naive,0.00121
MED00081,11,curve_naive,-0.00485
MED00082,11,curve_naive,0.0006
MED00083,11,curve_naive,0.00013
MED00084,11,curve_naive,0.00097
MED00085,11,curve_naive,0.00084
MED00086,11,curve_naive,-0.0058
MED00087,11,curve_naive,0.00045
MED00088,11,curve_naive,0.00205
MED00089,11,curve_naive,0.00313
MED00090,11,curve_naive,0.00025
MED00091,11,curve_naive,-0.00014
MED00092,11,curve_naive,0.00097
MED00093,11,curve_naive,0.0046
MED00094,11,curve_naive,0.01105
MED00095,11,curve_naive,0.00152
MED00096,11,curve_naive,0.00199
MED00097,11,curve_naive,-0.00888
MED00098,11,curve_naive,0.00168
MED00099,11,curve_naive,-0.01365
MED00100,11,curve_naive,0.00025
MED00101,11,curve_naive,0.00299
MED00102,11,curve_naive,0.002
MED00103,11,curve_naive,-0.00055
MED00104,11,curve_naive,0.00185
MED00105,11,curve_naive,0.00092
MED00106,11,curve_naive,-0.01095
MED00107,11,curve_naive,0.00165
MED00108,11,curve_naive,-0.00077
MED00109,11,curve_naive,-0.0036
MED00110,11,curve_naive,-0.0023
MED00111,11,curve_naive,0.00941
MED00113,11,curve_naive,0.00096
MED00114,11,curve_naive,0.00139
MED00115,11,curve_naive,0.00039
MED00116,11,curve_naive,0.00201
MED00118,11,curve_naive,-0.00201
MED00119,11,curve_naive,-0.00086
MED00120,11,curve_naive,0.00078
MED00121,11,curve_naive,0.00037
MED00122,11,curve_naive,-0.00356
MED00123,11,curve_naive,0.00036
MED00124,11,curve_naive,0.00179
MED00125,11,curve_naive,0.00258
MED00126,11,curve_naive,-0.0029
MED00127,11,curve_naive,0.00095
MED00128,11,curve_naive,-0.00065
MED00129,11,curve_naive,-0.00012
MED00130,11,curve_naive,-0.01038
MED00131,11,curve_naive,0.00017
MED00132,11,curve_naive,-0.00367
MED00133,11,curve_naive,0.00134
MED00134,11,curve_naive,-0.00257
MED00135,11,curve_naive,0.00181
MED00136,11,curve_naive,0.00114
MED00137,11,curve_naive,0.00078
MED00138,11,curve_naive,-0.00053
MED00139,11,curve_naive,-0.00093
MED00141,11,curve_naive,-0.00044
MED00142,11,curve_naive,0.00026
MED00143,11,curve_naive,0.00073
MED00144,11,curve_naive,0.00015
MED00145,11,curve_naive,0.00968
MED00146,11,curve_naive,0.00197
MED00147,11,curve_naive,0.00298
MED00148,11,curve_naive,0.00057
MED00149,11,curve_naive,0.00064
MED00150,11,curve_naive,0.00012
MED00152,11,curve_naive,0.00064
MED00153,11,curve_naive,0.00044
MED00154,11,curve_naive,0.00196
MED00155,11,curve_naive,0.00025
MED00156,11,curve_naive,0.00041
MED00157,11,curve_naive,0.00084
MED00158,11,curve_naive,-0.00309
MED00159,11,curve_naive,0.00269
MED00160,11,curve_naive,0.0003
MED00161,11,curve_naive,0.00069
MED00162,11,curve_naive,0.00033
MED00163,11,curve_naive,0.00071
MED00164,11,curve_naive,-0.0023
MED00165,11,curve_naive,0.00351
MED00167,11,curve_naive,-0.00123
MED00168,11,curve_naive,0.0004
MED00169,11,curve_naive,0.00071
MED00170,11,curve_naive,0.00145
MED00171,11,curve_naive,0.0005
MED00172,11,curve_naive,0.00017
MED00173,11,curve_naive,-0.0014
MED00174,11,curve_naive,-0.0018
MED00175,11,curve_naive,0.00304
MED00176,11,curve_naive,0.00235
MED00177,11,curve_naive,0.00301
MED00178,11,curve_naive,0.00575
MED00179,11,curve_naive,0.00212
MED00180,11,curve_naive,0.00034
MED00181,11,curve_naive,0.00036
MED00182,11,curve_naive,-0.01787
MED00183,11,curve_naive,0.00259
MED00184,11,curve_naive,0.0006
MED00185,11,curve_naive,0.00063
MED00186,11,curve_naive,-0.00067
MED00187,11,curve_naive,0.0007
MED00188,11,curve_naive,0.00114
MED00189,11,curve_naive,-0.00769
MED00190,11,curve_naive,-0.00116
MED00191,11,curve_naive,0.00209
MED00192,11,curve_naive,-0.00209
MED00193,11,curve_naive,-0.00625
MED00194,11,curve_naive,0.0021
MED00195,11,curve_naive,0.00524
MED00196,11,curve_naive,0.00103
MED00197,11,curve_naive,0.00208
MED00198,11,curve_naive,-0.00012
MED00199,11,curve_naive,0.00015
MED00201,11,curve_naive,0.00062
MED00202,11,curve_naive,-0.00146
MED00203,11,curve_naive,0.00172
MED00204,11,curve_naive,-0.00142
MED00205,11,curve_naive,0.00095
MED00206,11,curve_naive,-0.00165
MED00207,11,curve_naive,-0.0009
MED00208,11,curve_naive,0.0021
MED00209,11,curve_naive,0.00151
MED00210,11,curve_naive,0.00218
MED00211,11,curve_naive,0.0003
MED00212,11,curve_naive,0.00153
MED00213,11,curve_naive,-0.00142
MED00214,11,curve_naive,0.00361
MED00215,11,curve_naive,0.00158
MED00216,11,curve_naive,-0.01122
MED00217,11,curve_naive,0.00268
MED00218,11,curve_naive,-0.0002
MED00219,11,curve_naive,0.00102
MED00220,11,curve_naive,0.00039
MED00221,11,curve_naive,0.00126
MED00222,11,curve_naive,-0.00767
MED00223,11,curve_naive,-0.0002
MED00224,11,curve_naive,-0.00021
MED00225,11,curve_naive,0.00136
MED00226,11,curve_naive,-0.0013
MED00227,11,curve_naive,0.00255
MED00228,11,curve_naive,0.00046
MED00229,11,curve_naive,-0.00222
MED00230,11,curve_naive,0.00146
MED00231,11,curve_naive,0.00177
MED00232,11,curve_naive,-0.00044
MED00233,11,curve_naive,0.00212
MED00234,11,curve_naive,0.00106
MED00235,11,curve_naive,0.00106
MED00236,11,curve_naive,0.00042
MED00237,11,curve_naive,0.00099
MED00238,11,curve_naive,0.00104
MED00239,11,curve_naive,-0.00055
MED00241,11,curve_naive,0.00084
MED00242,11,curve_naive,0.00022
MED00243,11,curve_naive,-0.00079
MED00244,11,curve_naive,0.00104
MED00245,11,curve_naive,0.00097
MED00246,11,curve_naive,0.00153
MED00247,11,curve_naive,0.00256
MED00248,11,curve_naive,0.00128
MED00249,11,curve_naive,0.00112
MED00250,11,curve_naive,0.00164
MED00251,11,curve_naive,0.00082
MED00252,11,curve_naive,0.00491
MED00253,11,curve_naive,0.00051
MED00254,11,curve_naive,0.00447
MED00255,11,curve_naive,-0.00086
MED00256,11,curve_naive,0.00069
MED00257,11,curve_naive,-0.00055
MED00258,11,curve_naive,0.00328
MED00259,11,curve_naive,0.00104
MED00260,11,curve_naive,0.00431
MED00261,11,curve_naive,0.00049
MED00262,11,curve_naive,0.00148
MED00263,11,curve_naive,0.00147
MED00264,11,curve_naive,-0.00329
MED00265,11,curve_naive,0.00358
MED00266,11,curve_naive,0.00134
MED00267,11,curve_naive,0.00029
MED00268,11,curve_naive,-0.0003
MED00269,11,curve_naive,0.00039
MED00270,11,curve_naive,0.00101
MED00271,11,curve_naive,-0.00521
MED00272,11,curve_naive,0.00062
MED00273,11,curve_naive,0.00099
MED00274,11,curve_naive,0.00031
MED00275,11,curve_naive,0.00375
MED00276,11,curve_naive,0.00062
MED00277,11,curve_naive,-0.0058
MED00278,11,curve_naive,0.00373
MED00279,11,curve_naive,0.00079
MED00280,11,curve_naive,0.0022
MED00281,11,curve_naive,0.00163
MED00282,11,curve_naive,0.00129
MED00283,11,curve_naive,-0.00195
MED00284,11,curve_naive,0.00119
MED00285,11,curve_naive,0.00117
MED00286,11,curve_naive,-0.00081
MED00287,11,curve_naive,0.00039
MED00288,11,curve_naive,0.00024
MED00289,11,curve_naive,-0.00466
MED00290,11,curve_naive,0.00045
MED00291,11,curve_naive,-0.0009
MED00292,11,curve_naive,-0.00295
MED00293,11,curve_naive,-0.00034
MED00294,11,curve_naive,-0.0034
MED00295,11,curve_naive,-0.01473
MED00296,11,curve_naive,0.00014
MED00297,11,curve_naive,0.0009
MED00298,11,curve_naive,0.00424
MED00299,11,curve_naive,0.00297
MED00300,11,curve_naive,-0.00017
MED00301,11,curve_naive,0.0003
MED00302,11,curve_naive,0.00174
MED00303,11,curve_naive,-0.00143
MED00304,11,curve_naive,-0.00061
MED00305,11,curve_naive,-0.00065
MED00306,11,curve_naive,-0.00998
MED00307,11,curve_naive,0.00127
MED00308,11,curve_naive,0.00552
MED00309,11,curve_naive,0.00035
MED00310,11,curve_naive,0.00155
MED00311,11,curve_naive,0.00073
MED00312,11,curve_naive,0.00055
MED00313,11,curve_naive,0.00236
MED00314,11,curve_naive,0.00428
MED00315,11,curve_naive,0.00365
MED00316,11,curve_naive,0.00082
MED00317,11,curve_naive,-0.00092
MED00318,11,curve_naive,-0.00088
MED00319,11,curve_naive,0.0023
MED00320,11,curve_naive,-0.00185
MED00321,11,curve_naive,-0.01019
MED00322,11,curve_naive,-0.0083
MED00323,11,curve_naive,-0.00035
MED00324,11,curve_naive,0.00314
MED00326,11,curve_naive,0.00183
MED00328,11,curve_naive,0.00081
MED00329,11,curve_naive,0.00231
MED00330,11,curve_naive,-0.00017
MED00331,11,curve_naive,0.00083
MED00332,11,curve_naive,0.00055
MED00333,11,curve_naive,0.00159
MED00334,11,curve_naive,-0.00193
MED00336,11,curve_naive,0.00263
MED00337,11,curve_naive,0.00067
MED00338,11,curve_naive,0.00077
MED00339,11,curve_naive,0.00075
MED00340,11,curve_naive,0.00342
MED00341,11,curve_naive,0.00164
MED00342,11,curve_naive,0.00079
MED00343,11,curve_naive,0.00233
MED00344,11,curve_naive,0.00097
MED00345,11,curve_naive,-0.01065
MED00346,11,curve_naive,-0.00011
MED00347,11,curve_naive,-0.00775
MED00348,11,curve_naive,0.00032
MED00349,11,curve_naive,0.00052
MED00350,11,curve_naive,0.00163
MED00351,11,curve_naive,-0.00313
MED00352,11,curve_naive,-0.0018
MED00353,11,curve_naive,-0.00231
MED00354,11,curve_naive,0.00119
MED00356,11,curve_naive,0.00095
MED00357,11,curve_naive,0.00404
MED00358,11,curve_naive,0.00111
MED00359,11,curve_naive,-0.00142
MED00360,11,curve_naive,-0.00477
MED00361,11,curve_naive,0.00392
MED00362,11,curve_naive,0.00487
MED00363,11,curve_naive,0.00073
MED00364,11,curve_naive,-0.00799
MED00365,11,curve_naive,0.00064
MED00366,11,curve_naive,0.00408
MED00367,11,curve_naive,0.00042
MED00369,11,curve_naive,-0.00025
MED00370,11,curve_naive,0.00134
MED00371,11,curve_naive,0.00139
MED00372,11,curve_naive,0.00103
MED00373,11,curve_naive,0.00966
MED00374,11,curve_naive,-0.00296
MED00375,11,curve_naive,0.00143
MED00376,11,curve_naive,0.00103
MED00377,11,curve_naive,0.00188
MED00378,11,curve_naive,-0.00066
MED00379,11,curve_naive,0.00607
MED00380,11,curve_naive,-0.00285
MED00381,11,curve_naive,0.00071
MED00382,11,curve_naive,0.00282
MED00384,11,curve_naive,0.00183
MED00385,11,curve_naive,0.00139
MED00386,11,curve_naive,0.00165
MED00387,11,curve_naive,0.00094
MED00388,11,curve_naive,0.00174
MED00389,11,curve_naive,0.00113
MED00390,11,curve_naive,0.0008
MED00391,11,curve_naive,0.0007
MED00392,11,curve_naive,0.0007
MED00393,11,curve_naive,0.00059
MED00394,11,curve_naive,0.00172
MED00395,11,curve_naive,0.00094
MED00396,11,curve_naive,0.00055
MED00397,11,curve_naive,0.00119
MED00398,11,curve_naive,0.00097
MED00399,11,curve_naive,0.00101
MED00400,11,curve_naive,0.00122
MED00401,11,curve_naive,0.00216
MED00402,11,curve_naive,-0.00934
MED00403,11,curve_naive,0.00135
MED00404,11,curve_naive,0.00093
MED00405,11,curve_naive,0.00032
MED00406,11,curve_naive,0.00123
MED00407,11,curve_naive,0.00022
MED00408,11,curve_naive,0.00118
MED00409,11,curve_naive,-0.00053
MED00411,11,curve_naive,-0.00051
MED00412,11,curve_naive,0.00105
MED00413,11,curve_naive,0.00224
MED00415,11,curve_naive,0.00295
MED00416,11,curve_naive,-0.00025
MED00418,11,curve_naive,0.00028
MED00419,11,curve_naive,0.00053
MED00420,11,curve_naive,0.00113
MED00421,11,curve_naive,0.00081
MED00422,11,curve_naive,-0.00036
MED00423,11,curve_naive,0.00146
MED00424,11,curve_naive,0.00086
MED00001,12,curve_naive,0.00204
MED00002,12,curve_naive,-0.00027
MED00003,12,curve_naive,-0.00791
MED00004,12,curve_naive,0.00071
MED00005,12,curve_naive,0.0016
MED00006,12,curve_naive,0.00126
MED00007,12,curve_naive,0.00055
MED00008,12,curve_naive,0.01194
MED00009,12,curve_naive,0.00066
MED00010,12,curve_naive,0.00034
MED00011,12,curve_naive,0.00096
MED00012,12,curve_naive,-0.00112
MED00013,12,curve_naive,0.00383
MED00014,12,curve_naive,0.00167
MED00015,12,curve_naive,0.00877
MED00016,12,curve_naive,0.00241
MED00017,12,curve_naive,0.00123
MED00018,12,curve_naive,0.0011
MED00019,12,curve_naive,0.00112
MED00020,12,curve_naive,0.00602
MED00021,12,curve_naive,0.00031
MED00022,12,curve_naive,-0.00289
MED00023,12,curve_naive,0.00112
MED00024,12,curve_naive,0.00059
MED00025,12,curve_naive,-0.01283
MED00026,12,curve_naive,0.00437
MED00027,12,curve_naive,-0.01328
MED00028,12,curve_naive,0.01083
MED00029,12,curve_naive,0.00194
MED00030,12,curve_naive,0.00337
MED00031,12,curve_naive,0.00181
MED00032,12,curve_naive,-0.00317
MED00033,12,curve_naive,0.00104
MED00034,12,curve_naive,0.00105
MED00035,12,curve_naive,0.00564
MED00036,12,curve_naive,0.00135
MED00037,12,curve_naive,0.00276
MED00038,12,curve_naive,0.00184
MED00039,12,curve_naive,-0.0019
MED00040,12,curve_naive,0.00659
MED00041,12,curve_naive,0.00033
MED00042,12,curve_naive,-0.00015
MED00043,12,curve_naive,0.00583
MED00044,12,curve_naive,-0.00237
MED00045,12,curve_naive,0.00037
MED00046,12,curve_naive,0.00044
MED00047,12,curve_naive,0.00113
MED00048,12,curve_naive,0.00187
MED00049,12,curve_naive,-0.00985
MED00050,12,curve_naive,0.00047
MED00051,12,curve_naive,-0.00041
MED00052,12,curve_naive,0.0049
MED00053,12,curve_naive,0.00113
MED00054,12,curve_naive,0.00442
MED00055,12,curve_naive,0.00447
MED00056,12,curve_naive,0.00382
MED00057,12,curve_naive,-0.00195
MED00058,12,curve_naive,0.00099
MED00059,12,curve_naive,0.00263
MED00060,12,curve_naive,-0.00049
MED00061,12,curve_naive,0.00379
MED00062,12,curve_naive,0.00192
MED00063,12,curve_naive,-0.00826
MED00064,12,curve_naive,0.00171
MED00065,12,curve_naive,0.00097
MED00066,12,curve_naive,0.00675
MED00067,12,curve_naive,-0.00086
MED00068,12,curve_naive,0.00104
MED00069,12,curve_naive,-0.00225
MED00070,12,curve_naive,0.00172
MED00071,12,curve_naive,1e-04
MED00072,12,curve_naive,0.00105
MED00073,12,curve_naive,0.00031
MED00075,12,curve_naive,0.00115
MED00076,12,curve_naive,-0.00045
MED00077,12,curve_naive,0.00041
MED00078,12,curve_naive,0.00054
MED00079,12,curve_naive,0.00408
MED00080,12,curve_naive,0.00165
MED00081,12,curve_naive,-0.00765
MED00082,12,curve_naive,0.00061
MED00083,12,curve_naive,0.00057
MED00084,12,curve_naive,0.00082
MED00085,12,curve_naive,0.00085
MED00086,12,curve_naive,-0.00521
MED00087,12,curve_naive,0.00046
MED00088,12,curve_naive,0.00189
MED00089,12,curve_naive,0.00318
MED00090,12,curve_naive,0.00025
MED00091,12,curve_naive,-0.00012
MED00092,12,curve_naive,0.00112
MED00093,12,curve_naive,0.00466
MED00094,12,curve_naive,0.01099
MED00095,12,curve_naive,0.00153
MED00096,12,curve_naive,0.00201
MED00097,12,curve_naive,-0.00834
MED00098,12,curve_naive,0.00171
MED00099,12,curve_naive,-0.01347
MED00100,12,curve_naive,0.00331
MED00101,12,curve_naive,0.00314
MED00102,12,curve_naive,0.00221
MED00103,12,curve_naive,-0.00053
MED00104,12,curve_naive,0.00187
MED00105,12,curve_naive,0.00095
MED00106,12,curve_naive,-0.01049
MED00107,12,curve_naive,0.00172
MED00108,12,curve_naive,-0.00076
MED00109,12,curve_naive,-0.00336
MED00110,12,curve_naive,-0.00205
MED00111,12,curve_naive,0.00906
MED00113,12,curve_naive,0.00111
MED00114,12,curve_naive,0.00143
MED00115,12,curve_naive,0.0004
MED00116,12,curve_naive,0.00256
MED00118,12,curve_naive,-0.002
MED00119,12,curve_naive,-0.00085
MED00120,12,curve_naive,0.00077
MED00121,12,curve_naive,0.00039
MED00122,12,curve_naive,-0.00355
MED00123,12,curve_naive,0.00048
MED00124,12,curve_naive,0.00187
MED00125,12,curve_naive,-0.00023
MED00126,12,curve_naive,-0.00263
MED00127,12,curve_naive,0.00096
MED00128,12,curve_naive,-0.00064
MED00130,12,curve_naive,-0.00988
MED00131,12,curve_naive,0.00019
MED00132,12,curve_naive,-0.00312
MED00133,12,curve_naive,0.00136
MED00134,12,curve_naive,-0.00229
MED00135,12,curve_naive,0.0019
MED00136,12,curve_naive,0.00118
MED00137,12,curve_naive,0.00078
MED00138,12,curve_naive,-0.00051
MED00139,12,curve_naive,-0.00092
MED00141,12,curve_naive,-0.00041
MED00142,12,curve_naive,0.00217
MED00143,12,curve_naive,0.00074
MED00144,12,curve_naive,0.00016
MED00145,12,curve_naive,0.007
MED00146,12,curve_naive,0.00256
MED00147,12,curve_naive,0.00299
MED00148,12,curve_naive,0.00058
MED00149,12,curve_naive,0.00065
MED00150,12,curve_naive,0.00011
MED00152,12,curve_naive,0.00065
MED00153,12,curve_naive,0.00046
MED00154,12,curve_naive,0.00197
MED00155,12,curve_naive,0.00026
MED00156,12,curve_naive,0.00042
MED00157,12,curve_naive,0.00092
MED00158,12,curve_naive,-0.00298
MED00159,12,curve_naive,0.00279
MED00160,12,curve_naive,0.00031
MED00161,12,curve_naive,0.0007
MED00162,12,curve_naive,0.00034
MED00163,12,curve_naive,0.00042
MED00164,12,curve_naive,-0.00228
MED00165,12,curve_naive,0.00326
MED00167,12,curve_naive,-0.00109
MED00168,12,curve_naive,0.00042
MED00169,12,curve_naive,0.00072
MED00170,12,curve_naive,0.00158
MED00171,12,curve_naive,0.00051
MED00172,12,curve_naive,0.00017
MED00173,12,curve_naive,-0.00138
MED00174,12,curve_naive,-0.00174
MED00175,12,curve_naive,0.00275
MED00176,12,curve_naive,0.00245
MED00177,12,curve_naive,-0.00182
MED00178,12,curve_naive,0.00585
MED00179,12,curve_naive,0.00214
MED00180,12,curve_naive,0.00037
MED00181,12,curve_naive,0.00036
MED00182,12,curve_naive,-0.01765
MED00183,12,curve_naive,0.0017
MED00184,12,curve_naive,0.00065
MED00185,12,curve_naive,0.00083
MED00186,12,curve_naive,-0.00066
MED00187,12,curve_naive,0.00071
MED00188,12,curve_naive,0.00129
MED00189,12,curve_naive,-0.00452
MED00190,12,curve_naive,-0.00115
MED00191,12,curve_naive,0.00216
MED00192,12,curve_naive,-0.00489
MED00193,12,curve_naive,-0.00575
MED00194,12,curve_naive,0.00211
MED00195,12,curve_naive,0.00529
MED00196,12,curve_naive,0.00105
MED00197,12,curve_naive,0.00209
MED00198,12,curve_naive,-0.00011
MED00199,12,curve_naive,0.00059
MED00201,12,curve_naive,0.00048
MED00202,12,curve_naive,-0.00143
MED00203,12,curve_naive,0.00173
MED00204,12,curve_naive,-0.0014
MED00205,12,curve_naive,0.00098
MED00206,12,curve_naive,-0.00151
MED00207,12,curve_naive,-0.00089
MED00208,12,curve_naive,0.00213
MED00209,12,curve_naive,0.00209
MED00210,12,curve_naive,0.0022
MED00211,12,curve_naive,0.00031
MED00212,12,curve_naive,0.00156
MED00213,12,curve_naive,-0.00113
MED00214,12,curve_naive,0.00367
MED00215,12,curve_naive,0.00159
MED00216,12,curve_naive,-0.01075
MED00218,12,curve_naive,-0.00019
MED00219,12,curve_naive,0.00174
MED00220,12,curve_naive,0.0004
MED00221,12,curve_naive,0.0017
MED00222,12,curve_naive,-0.00751
MED00223,12,curve_naive,-0.00014
MED00224,12,curve_naive,-0.00021
MED00225,12,curve_naive,0.00138
MED00226,12,curve_naive,-0.00085
MED00227,12,curve_naive,0.00252
MED00228,12,curve_naive,0.0006
MED00229,12,curve_naive,-0.00156
MED00230,12,curve_naive,0.00153
MED00231,12,curve_naive,0.00177
MED00232,12,curve_naive,-0.00047
MED00233,12,curve_naive,0.00222
MED00234,12,curve_naive,0.00106
MED00235,12,curve_naive,0.00095
MED00236,12,curve_naive,0.00042
MED00237,12,curve_naive,0.00102
MED00238,12,curve_naive,0.00106
MED00239,12,curve_naive,-0.00054
MED00241,12,curve_naive,0.00085
MED00242,12,curve_naive,-0.00017
MED00243,12,curve_naive,-0.00023
MED00244,12,curve_naive,0.00104
MED00245,12,curve_naive,0.00101
MED00246,12,curve_naive,0.00156
MED00247,12,curve_naive,0.00262
MED00248,12,curve_naive,0.00129
MED00249,12,curve_naive,0.00105
MED00250,12,curve_naive,0.00203
MED00251,12,curve_naive,0.00083
MED00252,12,curve_naive,0.00574
MED00253,12,curve_naive,0.00052
MED00254,12,curve_naive,0.00533
MED00255,12,curve_naive,-0.00042
MED00256,12,curve_naive,0.0007
MED00257,12,curve_naive,-0.00052
MED00258,12,curve_naive,0.00328
MED00259,12,curve_naive,0.00105
MED00260,12,curve_naive,0.00447
MED00261,12,curve_naive,0.00055
MED00262,12,curve_naive,0.00149
MED00263,12,curve_naive,0.00168
MED00264,12,curve_naive,-0.00305
MED00265,12,curve_naive,0.00217
MED00266,12,curve_naive,0.00136
MED00267,12,curve_naive,0.0003
MED00268,12,curve_naive,-0.00029
MED00269,12,curve_naive,0.00039
MED00270,12,curve_naive,0.00119
MED00271,12,curve_naive,-0.00508
MED00272,12,curve_naive,0.00063
MED00273,12,curve_naive,0.00103
MED00274,12,curve_naive,0.00043
MED00275,12,curve_naive,0.00376
MED00276,12,curve_naive,0.00062
MED00277,12,curve_naive,-0.00263
MED00278,12,curve_naive,0.00373
MED00279,12,curve_naive,0.00079
MED00280,12,curve_naive,-0.00048
MED00281,12,curve_naive,0.00165
MED00282,12,curve_naive,0.0013
MED00283,12,curve_naive,-0.00197
MED00284,12,curve_naive,0.00121
MED00285,12,curve_naive,0.00118
MED00286,12,curve_naive,0.00153
MED00287,12,curve_naive,0.0003
MED00288,12,curve_naive,-0.00047
MED00289,12,curve_naive,-0.00433
MED00290,12,curve_naive,0.00045
MED00291,12,curve_naive,-0.00086
MED00292,12,curve_naive,-0.00294
MED00293,12,curve_naive,-0.00031
MED00294,12,curve_naive,-0.00297
MED00295,12,curve_naive,-0.01447
MED00296,12,curve_naive,0.00022
MED00297,12,curve_naive,0.00091
MED00298,12,curve_naive,0.00425
MED00299,12,curve_naive,0.00279
MED00300,12,curve_naive,-0.00014
MED00301,12,curve_naive,0.0003
MED00302,12,curve_naive,0.00183
MED00303,12,curve_naive,-0.00142
MED00304,12,curve_naive,-0.0006
MED00305,12,curve_naive,-0.00064
MED00306,12,curve_naive,-0.00928
MED00307,12,curve_naive,0.0013
MED00308,12,curve_naive,0.00556
MED00309,12,curve_naive,0.00036
MED00310,12,curve_naive,0.00156
MED00311,12,curve_naive,0.00118
MED00312,12,curve_naive,0.00101
MED00313,12,curve_naive,0.00253
MED00314,12,curve_naive,0.00438
MED00315,12,curve_naive,0.00371
MED00316,12,curve_naive,0.00083
MED00317,12,curve_naive,-0.0009
MED00318,12,curve_naive,-0.00087
MED00319,12,curve_naive,0.00237
MED00320,12,curve_naive,-0.00141
MED00321,12,curve_naive,-0.00347
MED00322,12,curve_naive,-0.0078
MED00323,12,curve_naive,-0.00025
MED00324,12,curve_naive,0.00315
MED00326,12,curve_naive,0.0019
MED00328,12,curve_naive,0.00084
MED00329,12,curve_naive,0.00236
MED00330,12,curve_naive,-0.00014
MED00331,12,curve_naive,0.00097
MED00332,12,curve_naive,0.00095
MED00333,12,curve_naive,0.0018
MED00334,12,curve_naive,-0.00183
MED00336,12,curve_naive,0.00269
MED00337,12,curve_naive,0.00069
MED00338,12,curve_naive,0.00081
MED00339,12,curve_naive,0.00077
MED00340,12,curve_naive,0.00337
MED00341,12,curve_naive,0.00177
MED00342,12,curve_naive,0.00079
MED00343,12,curve_naive,0.00239
MED00344,12,curve_naive,0.00144
MED00345,12,curve_naive,-0.01016
MED00346,12,curve_naive,-0.00012
MED00347,12,curve_naive,-0.00461
MED00348,12,curve_naive,0.00032
MED00349,12,curve_naive,0.00053
MED00350,12,curve_naive,0.00176
MED00351,12,curve_naive,-0.00285
MED00352,12,curve_naive,-0.00116
MED00353,12,curve_naive,-0.00204
MED00354,12,curve_naive,0.00121
MED00356,12,curve_naive,0.0011
MED00357,12,curve_naive,0.00388
MED00358,12,curve_naive,0.00113
MED00359,12,curve_naive,-0.00142
MED00360,12,curve_naive,-0.00464
MED00361,12,curve_naive,0.00407
MED00362,12,curve_naive,0.00488
MED00363,12,curve_naive,0.00074
MED00364,12,curve_naive,-0.00485
MED00365,12,curve_naive,0.00065
MED00366,12,curve_naive,0.00415
MED00367,12,curve_naive,0.00043
MED00368,12,curve_naive,0.00031
MED00369,12,curve_naive,-0.00024
MED00370,12,curve_naive,0.0019
MED00371,12,curve_naive,0.00146
MED00372,12,curve_naive,0.00412
MED00373,12,curve_naive,0.00684
MED00374,12,curve_naive,-0.00314
MED00375,12,curve_naive,0.0015
MED00376,12,curve_naive,0.00104
MED00377,12,curve_naive,0.00158
MED00378,12,curve_naive,-0.00065
MED00379,12,curve_naive,0.00246
MED00380,12,curve_naive,-0.00257
MED00381,12,curve_naive,0.0007
MED00382,12,curve_naive,0.00283
MED00384,12,curve_naive,0.00183
MED00385,12,curve_naive,0.00151
MED00386,12,curve_naive,0.00166
MED00387,12,curve_naive,0.00091
MED00388,12,curve_naive,0.00178
MED00389,12,curve_naive,0.00116
MED00390,12,curve_naive,0.00074
MED00391,12,curve_naive,0.00066
MED00392,12,curve_naive,0.0008
MED00393,12,curve_naive,0.00063
MED00394,12,curve_naive,0.00175
MED00395,12,curve_naive,0.00097
MED00396,12,curve_naive,0.00057
MED00397,12,curve_naive,0.00108
MED00398,12,curve_naive,0.001
MED00399,12,curve_naive,0.001
MED00400,12,curve_naive,0.00123
MED00401,12,curve_naive,0.00205
MED00402,12,curve_naive,-0.00943
MED00403,12,curve_naive,0.00134
MED00404,12,curve_naive,0.00092
MED00405,12,curve_naive,0.00032
MED00406,12,curve_naive,0.0012
MED00408,12,curve_naive,0.00122
MED00409,12,curve_naive,-0.00049
MED00411,12,curve_naive,-0.00049
MED00412,12,curve_naive,0.00107
MED00413,12,curve_naive,0.00225
MED00415,12,curve_naive,0.00297
MED00416,12,curve_naive,-0.00023
MED00418,12,curve_naive,0.0003
MED00419,12,curve_naive,0.00052
MED00420,12,curve_naive,-0.00084
MED00421,12,curve_naive,0.00057
MED00422,12,curve_naive,-0.00033
MED00423,12,curve_naive,0.00147
MED00424,12,curve_naive,0.00086
